1.0 0.0 1.0842021724855044e-19 -8.673617379884035e-19 0.0 0.9999999999999999 -1.0105103060743803e-18 0.0 0.0 -3.5660087079406044e-19 1.0 0.0
0.9999979531022999 -0.0013827495437318555 -0.0014770906109454114 -0.017174100715909815 0.0013813604720185925 0.9999986032559434 -0.0009409196796681315 -0.023140621340731325 0.001478389405895369 0.00093887733104365 0.9999984664347858 0.6587281363015515
0.9999769100263991 -0.0012515454189270456 -0.006679301151233401 -0.01747960116712386 0.0012349543654035077 0.9999961436632675 -0.002487477854146396 -0.02380459155712965 0.0066823876898274934 0.0024791717150660472 0.9999745993708311 1.3647498830024083
0.9999430586033714 -0.0009395190266666895 -0.010629999354201305 -0.02379208937443353 0.000911887326695884 0.9999961939537606 -0.002603946820729228 -0.014292483595407544 0.010632403928754967 0.0025941051138887645 0.9999401094937972 2.0940241063377747
0.9998844346901566 0.0006223102432290576 -0.015189800847430882 -0.047078850404344216 -0.0006721899192118153 0.9999943985331569 -0.00327888108484863 -0.019257208956073732 0.015187673246127837 0.0032887125007622768 0.9998792521588956 2.829156136588662
0.9998044805475599 9.144334237785878e-05 -0.019773527730430906 -0.06146266968064602 -0.00016270626682323916 0.999993498177354 -0.0036023781288304583 -0.04099821561200746 0.019773067103323678 0.003604890972579559 0.9997979948450297 3.570916886156295
0.999708197069265 0.00126963327453235 -0.02412278717666497 -0.09500312342564336 -0.0013693150579933595 0.999990590876524 -0.004116203580876367 -0.043702144233202546 0.02411733090175778 0.004148034044845859 0.9997005291832193 4.330274589260529
0.9995708923804817 0.004071747462432146 -0.029007794500719632 -0.12846286507960186 -0.004207527775332738 0.9999804697831665 -0.00462133698159931 -0.05589390308263807 0.02898840717130928 0.004741404906921077 0.9995685024911662 5.111238210508454
0.9994158116145255 0.005766915745549723 -0.0336864719272214 -0.15192207402593955 -0.0059102115677091786 0.9999738990117512 -0.004155801328461753 -0.07521814051121546 0.033661622010826196 0.0043524676233467645 0.9994238095151257 5.904218130817291
0.9992624641772035 0.006525282355159477 -0.0378410972074891 -0.1920761729815398 -0.006603578102602082 0.9999763056210825 -0.0019444644847629528 -0.09294465464887969 0.03782750733711495 0.0021929169686851955 0.9992818774265712 6.70587897298649
0.9991250672770068 0.003929795731913971 -0.04163720628284365 -0.21962474762639733 -0.003914315947431411 0.9999922362980581 0.00045328785166702914 -0.08646688463130558 0.041638658770778304 -0.0002899100472591121 0.9991326927638357 7.511892390671314
0.9990063545060732 0.004339285716032549 -0.04435622385948217 -0.2644905258147969 -0.004321827629432225 0.9999905410660959 0.0004894683193634106 -0.09945044783317532 0.0443579222934179 -0.00029728197852470103 0.999015658545534 8.33108944588123
0.9989148702066644 0.0043839515704157655 -0.046366619624868634 -0.3157847946652963 -0.004383582070092849 0.9999903860447061 0.00010964056246561763 -0.10196149063736934 0.046366648301660776 9.373031256324852e-05 0.9989244840219074 9.159853354554574
0.998834282680061 0.003435688443094282 -0.04814843900517957 -0.34861336050373465 -0.0034478633840413653 0.9999940416800269 -0.00016981914054682904 -0.13189091834620398 0.04814756222129134 0.0003356304304449116 0.9988401770141431 9.99032875091233
0.998735025752939 0.002939682417172733 -0.05019668337448897 -0.4017782835338917 -0.0029326660474117226 0.9999956769494154 0.0002134227653406214 -0.1362331866300155 0.05019708703734478 -6.594265868918761e-05 0.998739329198241 10.845231563701093
0.9986588440633879 0.0005862135102572387 -0.05177035801790992 -0.4435583489924679 -0.0005801867424670244 0.9999998230531038 0.00013144080912786462 -0.15013587737180645 0.05177041896866159 -0.00010122802804666143 0.998659007385158 11.703256214638625
0.9985771656666613 0.0012914296166345327 -0.05331019494496797 -0.5049821799360834 -0.0013982618453142028 0.9999970884178992 -0.0019667275870763924 -0.15319094151019264 0.05330749269162538 0.0020384708325258726 0.9985760639006646 12.560794264158023
0.9984774073719671 0.0037518680931486565 -0.05503445239888456 -0.5462273023494949 -0.00401024481625283 0.999981447029419 -0.0045851419862756385 -0.1763611570759606 0.055016221124914284 0.00479886219334441 0.9984739284748168 13.420723540252009
0.9983945648580099 0.00676240437305344 -0.05623667194754301 -0.6177740252097801 -0.007106306609433507 0.9999572405727852 -0.005917551836257898 -0.18540391403472892 0.05619424289116069 0.006307686465693645 0.998399929711227 14.293000554195395
0.9982958398437533 0.0076306919145016396 -0.05785489818040331 -0.6631146530521143 -0.007981135915878375 0.9999511629131449 -0.005828657082953504 -0.19876262392272576 0.05780758828304255 0.006280471767207304 0.9983079874838858 15.184261019577947
0.9982235683728065 0.007585785700625524 -0.05909453421042494 -0.7271601699853174 -0.007849437724314868 0.9999602430129376 -0.004230686329311021 -0.21489272216224348 0.05906008379515252 0.004687029561274323 0.9982434260724791 16.080277189465683
0.9981667426703481 0.007299087826963286 -0.06008225806023776 -0.7964367621110285 -0.007497597379790973 0.9999671517459217 -0.003079196282361434 -0.2305518211503044 0.06005780108977304 0.0035240238289146273 0.9981886801639224 16.986796278427693
0.9980899473684386 0.007250444010434995 -0.061350539004183094 -0.8504092663276037 -0.007433588419334764 0.9999685684596 -0.0027575067346197277 -0.249333860293648 0.06132860929444345 0.0032082943426871343 0.9981124725849859 17.905958418407963
0.9980019990176242 0.006563264089868658 -0.06284054550481817 -0.9116739345663819 -0.006795492328910623 0.9999708462701851 -0.003482510909707039 -0.2591469050303051 0.06281584841084628 0.003902585208844526 0.9980175040501765 18.795613808295176
0.9979395859024964 0.0062837293430105245 -0.06385215963862328 -0.9735669154271356 -0.006547818175400159 0.9999708498503792 -0.00392753301767666 -0.279210878041964 0.06382561022998309 0.004337532906521574 0.9979516404324833 19.732173372120982
0.9978845700002116 0.006031709789412556 -0.06473024103718258 -1.0229590672083064 -0.006201663205940313 0.9999778292073442 -0.002424965442790768 -0.2952280337508959 0.06471417055465951 0.002821270698743124 0.9978998526398792 20.64349381129116
0.9979152708794335 0.006368914637649451 -0.06422265749175066 -1.1020292218783478 -0.006328990157771618 0.9999796313578033 0.0008250723880727409 -0.30582839351448177 0.06422659556920801 -0.0004168877269104572 0.9979352533964937 21.563817027430943
0.9979571621977146 0.006510283387529332 -0.06355406579934962 -1.1696257808139998 -0.006209448501984641 0.9999685689713952 0.0049298897490116875 -0.317238088801506 0.06358415468373352 -0.00452518292320936 0.9979662205441631 22.51862374695952
0.9980509119382333 0.006175480173692093 -0.062098641269511444 -1.2167992861292813 -0.005712479002265413 0.9999545692038389 0.007630669019645841 -0.32605397685697535 0.0621429347908194 -0.0072610587479609925 0.9980408468896124 23.459886521391017
0.9981716194783057 0.005065033069600679 -0.06023092308773416 -1.281436732207129 -0.004561378335866785 0.9999534996365843 0.0084966106683587 -0.33046009046715463 0.06027114985903971 -0.008206339335551443 0.9981483075679756 24.39410679133305
0.9982262087871123 0.006875088239524449 -0.0591368736451637 -1.3379997401595265 -0.006528891660382848 0.9999604127135124 0.006045376257085261 -0.3465603916642889 0.059176087137381456 -0.005648554587030109 0.9982315783300432 25.337289735064722
0.9982770215557729 0.010316689273841734 -0.057762918152868686 -1.408892326365142 -0.010239556089962944 0.9999462439637411 0.0016311517108205948 -0.3680960537050284 0.057776633388352976 -0.0010368745707490115 0.9983289963664495 26.289387750220005
0.9983319361324655 0.00961819361086653 -0.05692834259769904 -1.46686327943428 -0.00974631525102747 0.9999505563417609 -0.0019733708423258496 -0.3798039494305201 0.05690653996292195 0.0025249206624918872 0.9983763168075407 27.26073604502767
0.9983958304867114 0.007499575840942812 -0.05612060718959749 -1.5180429035089535 -0.007578009883143633 0.9999705844142074 -0.001184930422212359 -0.3959905341352695 0.05611006237297891 0.0016083120888955053 0.9984232938602573 28.24301065814206
0.9984059893679963 0.003284066734323723 -0.05634443910454493 -1.57617680486892 -0.0030929010499592775 0.9999891628793509 0.003479667459816205 -0.3998571114647451 0.056355248396857176 -0.0032998529372311024 0.998405326724488 29.22302350974382
0.9983572471809896 -0.00032403250123219825 -0.05729487354485909 -1.625676189262466 0.0007814375006163447 0.9999680043961089 0.007961127166976409 -0.408309548099468 0.05729045301235794 -0.007992821109661026 0.9983255572545902 30.189155350795232
0.9982805052693593 -0.007837710368358421 -0.058091338770424814 -1.6796693481175948 0.008253378836844849 0.9999420031096274 0.0069189709355187545 -0.4188660852668079 0.05803373297743081 -0.007386523394916179 0.9982872956018771 31.177350638548155
0.9981780621404125 -0.009520667513129485 -0.05958115242412986 -1.7381825997907423 0.009718233609627184 0.9999481951499986 0.0030270366824092 -0.4300596857604616 0.0595492384337995 -0.0036005450469784317 0.9982188756507959 32.15641854384891
0.9980994785659791 -0.006459656088103572 -0.06128380152569422 -1.7980334127977762 0.00641359571436661 0.9999789830737832 -0.0009482620682807113 -0.45595599170352213 0.06128863075675483 0.0005534103509177303 0.9981199311088994 33.138400209676455
0.9979966686428443 -0.006550164789193354 -0.06292650752201381 -1.8719218727156215 0.006436780834501096 0.9999772748731739 -0.002004392551003661 -0.45585013072024433 0.06293819817124528 0.0015953329227673908 0.9980161509184782 34.12568005645037
0.9979267918054852 -0.008142148927100707 -0.06384218241756785 -1.9367673307924647 0.008133376494800788 0.9999668446240818 -0.0003972889576295904 -0.477351100775208 0.06384329193001667 -0.00012278718963467105 0.9979599282293368 35.150557880762776
0.9978536407458121 -0.007198154909510743 -0.0650868564847207 -2.0095285406699697 0.007382427067971081 0.9999693924631843 0.0025911211504423956 -0.47866966444719194 0.0650662043181742 -0.0030660585357864104 0.9978762386530832 36.1368284684909
0.9977820426054463 -0.004215990611674859 -0.06643208240434954 -2.0804126425335356 0.004473679661577927 0.9999830338652002 0.003730707117118315 -0.5020231233831157 0.06641521777523228 -0.004019628283895593 0.9977839749852954 37.16318555616709
0.9977179523526786 -0.0036377916500534985 -0.06742147090998368 -2.1538294061467687 0.004085621904250127 0.999970492253973 0.006505560758331136 -0.5126877055806952 0.06739580654004151 -0.006766173175944165 0.9977033744761092 38.15043635380755
0.9977303338815601 -0.004722647986903299 -0.0671705155435415 -2.223749524749513 0.0053919114376739675 0.9999375802109027 0.00978585620316319 -0.5239809459866316 0.0671200986157016 -0.010125822729172057 0.9976935197531638 39.155171606529805
0.9976942197810319 0.0012059618237599086 -0.06785860444429063 -2.3064354186450715 -0.0004290837104791818 0.9999342182725608 0.011461894429613121 -0.5249930152733022 0.0678679540915299 -0.01140634843708189 0.9976291070774397 40.18660563881195
0.9976928174933314 0.0014942895508203765 -0.06787348338691303 -2.3856507752800225 -0.000735196177820318 0.9999369231923622 0.011207547979553914 -0.5343145615606871 0.0678859403602115 -0.01113178944187293 0.9976309846985371 41.17231055655062
0.9977132927955729 0.0008419610018677547 -0.06758311327864445 -2.450801612174236 -0.0001820988187744097 0.9999522628589746 0.009769280969493374 -0.543382724673646 0.06758810334207062 -0.009734634367368395 0.9976658180238426 42.157096152766776
0.9976988681838405 0.004008490829727036 -0.067682354802387 -2.5287409715668376 -0.0035146131727346345 0.9999663358686633 0.0074144875015548 -0.5537485958409859 0.06770978815977546 -0.007159548253875901 0.9976793697021349 43.169104751394144
0.9976455635449392 0.00417484382152869 -0.06845364095038393 -2.5985419535357357 -0.0036602153771250557 0.999964103671168 0.007641609370298013 -0.5647719533159847 0.06848307705783246 -0.0073730623718732255 0.9976250324473103 44.14176470763743
0.9975730860915561 0.002215427412182158 -0.06959188565089308 -2.6718016677490164 -0.0016068534900010858 0.9999599912147628 0.008799658897368142 -0.5789018306330459 0.06960858703392232 -0.008666478636126176 0.9975367341571021 45.12731683858541
0.997509107536425 0.0026506874526694814 -0.07048797782592414 -2.744237124206104 -0.001983790351146952 0.9999526258092418 0.009529465800633161 -0.5817950131339709 0.07050988869372661 -0.009365895252263777 0.9974671096417403 46.14267130331672
0.9974918762186309 0.0038461112234123886 -0.07067648188699258 -2.811175732387943 -0.0033370216045072237 0.999967642215061 0.0073197548526488 -0.6016025936018194 0.07070233806256186 -0.0070655468173861395 0.997472434031933 47.10064990649125
0.997412531911685 0.0050708517046197405 -0.07171142487473962 -2.898793709831484 -0.004928524047865727 0.9999855186199014 0.0021615263257813294 -0.6048583660194832 0.0717213375582443 -0.0018025018794324617 0.9974230797018468 48.101291997387186
0.9973826599810157 0.006178374945916296 -0.07203928143884401 -2.9766834446324233 -0.006105137532664937 0.9999805986534565 0.0012367717762510077 -0.6231481626395375 0.0720455153611942 -0.0007937249476968148 0.9974010291287044 49.059787424057276
0.997356565732168 0.0057607536893761035 -0.07243407577450511 -3.0445108481562912 -0.005506202245178999 0.9999779458279223 0.0037134336438873553 -0.6357870600607857 0.07245386076329868 -0.0033047806266270226 0.9973662896174296 50.03667351305674
0.9973677744655665 0.0029134357128859706 -0.07245022547275622 -3.115503048491338 -0.0023350056080156936 0.9999647330670087 0.008067240825600558 -0.6544902343482742 0.07247116404400814 -0.007876834084750275 0.9973394031333079 51.02576301873593
0.9973424923455538 0.003267544859437207 -0.07278239444489105 -3.1894229631786413 -0.0026803744108072044 0.9999630842222222 0.00816368721535798 -0.6684802773950443 0.07280637307647304 -0.007946907823231405 0.99731443279628 51.965697080620714
0.9973419934697847 0.002385243192684819 -0.07282348182355862 -3.258330232747576 -0.0018602047732249492 0.9999717941622143 0.007276710900595149 -0.6891241074302292 0.07283877473324157 -0.007121902528672267 0.9973182995253458 52.93249626255663
0.9973057044569804 -0.0031545059997336606 -0.0732897113105681 -3.326964002501572 0.0035879880524163094 0.999976837097142 0.005783737210663197 -0.7009719431754999 0.07326975904752842 -0.006031116519714049 0.9972939221728613 53.918584346042664
0.9972313628582764 -0.0022339114182742623 -0.07432778369125682 -3.402611799586284 0.002767747553860502 0.999971106418833 0.007079965197668026 -0.7112143025016904 0.07430981011375265 -0.007266083645096941 0.9972087320547482 54.86351185612219
0.9971513494120913 -0.003438897622353422 -0.07534826625448113 -3.469265859754861 0.004322176636081159 0.9999238085179147 0.011562696874784758 -0.7244929139793822 0.07530275232580635 -0.0118554269339639 0.9970902383710015 55.823799062039555
0.9970599992528967 -0.007517194969781276 -0.07625516749647963 -3.5403522104866574 0.008818487379763087 0.9998209430693741 0.016742643011747934 -0.7297091566914559 0.07611564555443749 -0.017365874328667 0.9969477589099127 56.775204310215436
0.9970289794348789 -0.006208175455009504 -0.07677677797016334 -3.6142952505238624 0.007623473487782457 0.9998061274818214 0.018154617040529654 -0.7211443532857323 0.07664917572927302 -0.018685984458988177 0.9968830106465867 57.724366053023864
0.9969533600662495 -0.005956642152701782 -0.07777221354603409 -3.6982161317865145 0.0071523908007290575 0.9998603233479256 0.015105532578156802 -0.7335894947356568 0.07767136191003696 -0.015615768241329262 0.9968567130607332 58.67226450206325
0.9968231771495528 -0.0036745986244928943 -0.07956162262871383 -3.7761224437625835 0.0043149590181206145 0.9999596568455272 0.007878186151500915 -0.7425111936175488 0.07952945302276991 -0.008196463423235285 0.9967988177708509 59.59949898386274
0.9967844615264538 -0.003915056717422684 -0.08003380894391063 -3.852762078914786 0.004088737757892957 0.9999896283698182 0.0020063346751486824 -0.7523678204090807 0.0800251132175192 -0.002327120390053574 0.9967901307592143 60.504856764575365
0.996690361220727 0.001702223005910288 -0.08127377991608238 -3.9473741647558347 -0.0015002079140689515 0.9999956320656225 0.002546610676032966 -0.7567779761145877 0.08127774891893677 -0.0024162546439382565 0.9966885613012763 61.43203287015959
0.9966198400390661 0.005034038524970983 -0.08199728003840807 -4.024639279110838 -0.0046171435192048325 0.9999754380433857 0.00527307247175204 -0.7762239888906981 0.08202179987690451 -0.004876655255270164 0.9966186038519358 62.31446241924601
0.9965086301322844 0.005955091328774523 -0.08327717591451923 -4.107881026707452 -0.005422467171585673 0.9999633821740124 0.00662051041771896 -0.7857710034197966 0.08331354105824565 -0.006145827798232842 0.9965044313050236 63.195694252159186
0.9964229706548633 0.006523963956656628 -0.08425379836780537 -4.1831561654082625 -0.0060001200579445505 0.9999610734535012 0.006469167879718154 -0.798705853070391 0.08429271197409859 -0.00594049435968006 0.9964233277804154 64.0783623687745
0.9962784184854385 0.008293031176210183 -0.08579358734413829 -4.269374093412685 -0.0076995204237746825 0.9999441014492635 0.007246471905842205 -0.8111118173867284 0.08584887531351913 -0.00655893386069882 0.9962865801895001 64.91529877541747
0.9961528175580302 0.009523319430512555 -0.08711412990666413 -4.341178841611756 -0.008878338691722684 0.9999302561913316 0.007788314695403878 -0.8256695919503638 0.08718221315461869 -0.006984922632478657 0.9961678931804252 65.77117904378517
0.9960175551588406 0.009824032520668022 -0.08861444244661923 -4.423597706845906 -0.009111567750237276 0.9999228616490964 0.008440975963621469 -0.840153529733412 0.08869051940512397 -0.007599943482372577 0.9960302362009019 66.58585378555159
0.9959046095415979 0.00956821145199509 -0.08990249865951705 -4.50240232008307 -0.00877338626268332 0.9999188957567241 0.00923198756711422 -0.8497408083550881 0.08998352872890138 -0.008405429338628414 0.9959077829201916 67.40149687037504
0.9957747466673702 0.010929716466666102 -0.09117673209836204 -4.580665600569562 -0.009918672784357077 0.999884279805429 0.01153459665220562 -0.8509997615489111 0.09129223873847371 -0.010581507534645391 0.995767923551474 68.2203359021564
0.9956568902758208 0.013428296706603237 -0.09212512689513917 -4.6537123892183025 -0.012035140648333631 0.9998049194880685 0.015661364809936913 -0.8525041125683017 0.09231744815162078 -0.014484606454431389 0.9956242683062478 69.00702506040416
0.995472428110764 0.015527580428413063 -0.09377387952109627 -4.741757396791816 -0.013884467491241921 0.9997388801369141 0.018149189874107078 -0.861991874575032 0.09403119369370505 -0.016765017190996687 0.9954280825152421 69.77509459743354
0.995319263724022 0.01897476020673406 -0.09476034581779008 -4.814312296509245 -0.01763962170348079 0.9997332691676746 0.01490752271445798 -0.8810787763228516 0.0950179242402904 -0.01316620744240891 0.9953884888233844 70.53118238135986
0.9951339810499168 0.019918757566285868 -0.0964966544136905 -4.9039002827721845 -0.019323356362969682 0.9997880706223164 0.00710082328462928 -0.8863486557669715 0.09661763056384863 -0.005201631098306816 0.9953079800196143 71.25420538960901
0.9950241305364885 0.01874467766844934 -0.09785508774403003 -4.976893250467729 -0.01871605622840697 0.9998241065006459 0.0012104746923851217 -0.9011127474742923 0.09786055251215543 0.0006270098291885885 0.9951999385465057 71.97180911638517
0.9949531924079505 0.019842187212573685 -0.0983587008417618 -5.052396568341057 -0.019952665390678866 0.9998009159786767 -0.0001396239390087287 -0.9018585142371741 0.0983363355727952 0.0021014375208517613 0.9951510174924166 72.65235203207155
0.9948522770789303 0.02219016493768444 -0.09887641227737003 -5.124613577591431 -0.021993826150579477 0.9997533763956735 0.0030753749302848054 -0.9179401716693881 0.0989202568392265 -0.0008848730496891862 0.9950949694970603 73.32959830715659
0.9947334392657621 0.02179026662715164 -0.10015273663094848 -5.196443707088687 -0.021324558572637722 0.9997562524869155 0.005718282509931946 -0.9338645494614385 0.1002529141132412 -0.003552453770303205 0.9949556431199877 73.99650986362798
0.994649704882082 0.02060188948761231 -0.10123007616315172 -5.261130199061914 -0.020447305447189507 0.9997876429030499 0.0025645156023987375 -0.9524102919516584 0.10126139953308604 -0.0004809123310593779 0.9948597369245065 74.62062727407326
0.9947904986899191 0.012927752757163815 -0.10111744894781269 -5.313772648507005 -0.013238827895430611 0.999909468410952 -0.0024059069923772873 -0.9750173611522236 0.10107717810639623 0.0037320498590781583 0.9948715868606975 75.24109446378623
0.9949413100028475 0.008258922187760623 -0.10011783741515695 -5.373428158039799 -0.009028448278706322 0.9999330647123583 -0.007235551052114377 -0.9816810853265427 0.10005136473671156 0.008102857165409443 0.9949492784173001 75.82858936007544
0.9952389985582316 0.009876875677599359 -0.09696279959962811 -5.434148716788888 -0.01068416260706717 0.9999124219339903 -0.007810064605050548 -0.99281932309515 0.0968771557652017 0.008808846979529862 0.9952573634480423 76.4052884914766
0.9955415764314881 0.015801108444133273 -0.09299083778337168 -5.498845021534917 -0.016364290698957885 0.9998520654921569 -0.005296893279714291 -1.0048159167141975 0.09289337199625708 0.006795006435624139 0.9956528752662078 76.97648376192204
0.9959870088759128 0.014090183819263274 -0.08838181989486214 -5.549792529649269 -0.014323155000919498 0.9998954135112615 -0.0020023077983270595 -1.018090622812354 0.08834435162560571 0.003260179009158967 0.9960846578401594 77.53690987773622
0.9964988057476539 0.01112487773216731 -0.0828635523692205 -5.584720559583165 -0.010966775525995008 0.9999370712923038 0.0023628944603108215 -1.0348688136202104 0.08288461367422621 -0.0014458754472987281 0.9965581012703998 78.07099008639162
0.9972025429552701 0.005590712536204093 -0.0745374612308183 -5.608294914913355 -0.005167777584576755 0.9999694428895286 0.005865778650428913 -1.0559563397485818 0.07456796746506149 -0.005464176172392318 0.997200962765228 78.61388062727664
0.9979075492144331 0.008497029569357406 -0.06409621186302099 -5.652164029526323 -0.008133566449355098 0.999949342472783 0.0059293824179065735 -1.0597961919086456 0.06414333844501895 -0.005395644489353491 0.9979261087360275 79.1126054097765
0.9986986266445276 0.014280343280030142 -0.04896044694351319 -5.676063688351115 -0.014033285978520618 0.9998870221003474 0.005386083186143298 -1.0695444252713324 0.049031824039480275 -0.004691997759765523 0.9987861958324566 79.61757790592968
0.9993340508983736 0.019793363725286714 -0.030654162815750723 -5.6966532874574245 -0.019633107309516576 0.9997920134600675 0.005520042307467944 -1.0743495332139126 0.030757043246658285 -0.004914529600533233 0.999514808049806 80.11459781872433
0.9997909676711704 0.018390038325296048 -0.00893462522447866 -5.675293966170944 -0.018339345785695113 0.9998154425319529 0.005722693887560099 -1.0826458031237105 0.009038215622993517 -0.0055576422969182806 0.9999437100364931 80.58446364548641
0.9997577066541546 0.013802713193615122 0.017146811281965147 -5.652962882129652 -0.013916647127181785 0.999881749482536 0.006543237581626199 -1.0914906722708808 -0.017054466943662163 -0.006780278117376025 0.9998315723007201 81.0539937898384
0.9988440319801672 0.012317663201159595 0.04646369757739852 -5.609457864708055 -0.012721840770640473 0.9998836801330404 0.008413141541470171 -1.0994518822167925 -0.04635465646770058 -0.008994519725541307 0.9988845499943362 81.50008529701743
0.9967492910045249 0.012002533848493735 0.07966674847957612 -5.547149228785722 -0.012837104522392725 0.9998678763252669 0.00997189155082234 -1.1047562697571973 -0.07953652398738922 -0.010962165910717029 0.9967716747277755 81.94437532242344
0.9930107794491609 0.011887682404187841 0.11742349251161235 -5.4764259826548525 -0.013098180005472509 0.9998686805257037 0.009542503014480773 -1.1094458661552549 -0.11729461854991496 -0.011013842112419564 0.9930360849802519 82.40976604604172
0.9872073153335105 0.011604498744418082 0.15901904076796328 -5.39008674937005 -0.013313372107087926 0.9998644661565972 0.009685216536816811 -1.1142174586027682 -0.1588850749217946 -0.011678395990104173 0.9872280105879699 82.80395501850712
0.9788351506970608 0.011241326905167291 0.20434134587514166 -5.289030619205852 -0.013443604943425575 0.9998655169281087 0.009392418340276988 -1.118506880215008 -0.20420825480034066 -0.011940713273703692 0.9788546382150194 83.21497074653375
0.9674288512485069 0.011725624348139754 0.25287138176656854 -5.132768393310859 -0.014093870462889749 0.9998721267307032 0.007555989428641198 -1.1177274304945397 -0.25275041369590345 -0.010873818448457142 0.9674704027845805 83.66320872779298
0.9520202088498061 0.011762250565005466 0.3058090638063854 -4.999860801717948 -0.01417939999590306 0.9998833119276979 0.0056839349137087734 -1.129697765119632 -0.30570648268230366 -0.009747409776010626 0.952075901582382 84.00562128829894
0.932563687390145 0.011852940418407863 0.3608108835834558 -4.780741539339857 -0.013949150847426196 0.9998975662315297 0.003205964081569132 -1.1360229057122055 -0.3607358758977493 -0.00802277103885576 0.9326335003991711 84.4355205472918
0.9083864592738703 0.011684714922378148 0.4179683371882376 -4.612970440386661 -0.013535928777928447 0.9999073122431144 0.0014647614289506616 -1.143166297485055 -0.41791242528868705 -0.006988159060999474 0.9084604270986484 84.73448049953987
0.8797666952131309 0.011478937835939826 0.47526710976824205 -4.388000829093099 -0.0127898068162249 0.9999180940419707 -0.000475417541842979 -1.1342759700146328 -0.4752335761308354 -0.005660318037904046 0.879841451227046 85.05942724969049
0.846967491523343 0.010755205894182815 0.5315359169791627 -4.074617808073125 -0.010581918477253479 0.9999383265430524 -0.003371363279024605 -1.1695722162457503 -0.5315393237602237 -0.002769234794400208 0.8470290676632027 85.42773278665412
0.8103352147035926 0.010275830648292848 0.5858765163467525 -3.8662163321278586 -0.008996047543638197 0.9999465509125374 -0.005095726591753388 -1.1712155703055058 -0.5858974860490899 -0.0011413265246679573 0.8103843458146913 85.65916369787385
0.7706452313282384 0.009717900121649447 0.6371903510931342 -3.5234908413786012 -0.008702782523693872 0.9999509672052767 -0.004724906900024303 -1.1971620568980403 -0.6372049386081144 -0.0019041023190363377 0.7706920182188463 85.98404507114049
0.7279857033762144 0.00950265215519269 0.6855264965838225 -3.284183920519154 -0.009192876914629593 0.9999493438288148 -0.004098874582562915 -1.1933996231894255 -0.685530628702129 -0.0033180388347555396 0.7280361842040827 86.17781664118633
0.6829493881405814 0.008711633657656133 0.7304137946627088 -2.97538900807965 -0.008494551692467756 0.9999559845611459 -0.003983907158709304 -1.1955962825844153 -0.7304162535873521 -0.003483731029258482 0.6829933304015708 86.3952554673425
0.6364726983107305 0.0045918340108491145 0.7712856139938574 -2.5929785504479956 -0.0036536708232896517 0.9999890082760445 -0.0029383687979364997 -1.198366869663422 -0.7712905253257006 -0.0009478325816721716 0.6364824806490911 86.67867123878894
0.5898615016737543 0.0027069588442511843 0.8074999491585486 -2.311407493532344 0.0009638266193699721 0.9999913087081123 -0.004056297035614628 -1.2433347337954348 -0.807503802902771 0.0031709429042419907 0.5898537672554582 86.78999764093274
0.5431111582145711 0.0038573941758561683 0.8396520018087069 -1.9547105566957061 0.00048628874559265584 0.9999878348584268 -0.004908529013697321 -1.23790974729374 -0.8396606088757992 0.0030741896738310966 0.5431026767132969 87.00701131073053
0.49616499502011635 0.006414547765962145 0.8682046139503614 -1.6573129225281822 -0.002253115208564643 0.9999788533688266 -0.006100514965745232 -1.2276529419774331 -0.8682252699838936 0.0010706964734862661 0.4961689568923036 87.12224142836715
0.45039956416908433 0.009306859703827918 0.8927786518527733 -1.3007894183733353 -0.0036748358367252438 0.9999565224956509 -0.008570221330415987 -1.2426965876150982 -0.8928194782066294 0.0005792084797496089 0.4504141845162249 87.25943152089616
0.4079903896378887 0.006637445386076064 0.9129621555430799 -0.9047947935904321 0.0039920496075687845 0.9999510443095366 -0.009053867883678532 -1.2320235033410807 -0.9129774329945547 0.007338480593543388 0.4079439206236719 87.41484507334658
0.3685176404696557 -0.0016177426447716026 0.9296194097022753 -0.5682712141058667 0.01816148663817059 0.9998201602432222 -0.0054596293049291944 -1.2782958912581244 -0.9294432702804878 0.018895239128763366 0.36848074843465295 87.46602922882913
0.33283223361223396 -0.006037640005703674 0.9429667915110247 -0.20718470153188723 0.023996324011396647 0.9997099060357763 -0.0020688560325121666 -1.28210526067583 -0.9426806251352813 0.023316317419991444 0.33288056365368457 87.54762771205596
0.29929568199682377 -0.002030064743072881 0.95415831767419 0.18546897469098966 0.021327571927771183 0.9997621292880536 -0.004562837323468834 -1.2962878920275687 -0.953921960600285 0.02171551648142417 0.2992677861873317 87.65821830759265
0.2683090203665416 0.006145250323918718 0.9633133599746545 0.5296171532778924 0.010731120280298344 0.9998985409042945 -0.009367547671512492 -1.2846915334364037 -0.9632730598442764 0.012850828150050108 0.26821585408487564 87.74150369239237
0.23991050499293057 0.011307074505968271 0.9707292236528051 0.9160147592618787 0.005478694258948219 0.9999004754022152 -0.013000892256156017 -1.291545762537255 -0.9707794841152941 0.008437378452489592 0.23982468153313685 87.82606830134027
0.2139377247336276 0.012112597252557929 0.9767722674887258 1.3246010177851713 0.007206882686555462 0.9998763362373483 -0.013977591842513707 -1.3140520671801603 -0.9768206501258846 0.01002981648589102 0.21382397587327145 87.89643666785666
0.1905847167788045 0.013096185050093209 0.9815834577761907 1.7199288021817067 0.014316005198392791 0.9997675975894202 -0.016118399273752148 -1.3236519390109662 -0.9815662933471105 0.017124273376333737 0.1903529409388472 87.94901584303184
0.16994030554399087 0.0191230032348638 0.985268863426653 2.112802194152623 0.021584156941714925 0.9994996218625872 -0.02312206821897742 -1.342652824508868 -0.9852178877152206 0.025195567809036385 0.16944251879779162 88.00239264850786
0.15025816428959643 0.025773219279538226 0.9883108600239696 2.557307930421345 0.023324838172337357 0.9992894741718065 -0.02960572085020221 -1.3337089644148223 -0.9883715418455333 0.027500690766151147 0.149550247391519 88.0461289612609
0.1325119250874977 0.026845669255413943 0.9908178597802607 2.9842465864035472 0.020632400669761533 0.9993418420006123 -0.029835999284528125 -1.3415736381162937 -0.9909665795797655 0.02439657548716289 0.13187082228041874 88.10634864690877
0.11704615395265966 0.023574500360219512 0.992846701575509 3.4261384237898986 0.019918375095777065 0.9994614079657433 -0.026079729725521042 -1.36604916572445 -0.9929266457174898 0.022828423825300606 0.11651354966824366 88.14712457339151
0.10205118673372683 0.019998809045711694 0.9945781695979266 3.9083017879217987 0.02038553735997468 0.9995459046815811 -0.022190409581006314 -1.3886523215550322 -0.9945701847199757 0.022539566817175463 0.10159716088289968 88.18611886523134
0.08880482570644511 0.017105948226289268 0.9959022152527174 4.385949089426524 0.022620914055530874 0.9995600011484516 -0.019185888496298976 -1.4002582529150924 -0.9957920787219419 0.02423201659880194 0.08837880108641481 88.22654051206045
0.0772963619273793 0.015943567495380784 0.996880739226969 4.888757773213715 0.02675016061463022 0.9994790098489374 -0.01805928364307359 -1.4169817052297016 -0.996649169957209 0.028062635392040285 0.07682959988089977 88.24905220148403
0.06713320431130348 0.016681001714750718 0.9976046363296491 5.394292923021561 0.02986889807982024 0.999378499499001 -0.0187206730185323 -1.4353262920852758 -0.9972967704092958 0.0310541284626237 0.06659323944114821 88.27456382825393
0.05926920407193355 0.016978245639824863 0.9980977077094215 5.936915448742273 0.031664718596154405 0.9993202265599744 -0.018879361905585063 -1.4493745560738374 -0.9977396320637146 0.032723446238319534 0.05869130466198378 88.2924170142233
0.05319700642722125 0.017358493853947735 0.998433220005372 6.480743306807304 0.033655191738132285 0.9992497175265513 -0.01916585510650668 -1.4618190345325628 -0.9980166696227254 0.0346220259559944 0.05257289179896787 88.33093717548638
0.04765781056321566 0.018098141509072352 0.9986998167925164 7.030368309934486 0.034623463858046793 0.9992050724546004 -0.019759525184751124 -1.478627414843879 -0.9982633996334458 0.03552014107432094 0.04699330730142695 88.35474487463988
0.04157712049328873 0.018851226506246082 0.9989575106518277 7.614379424500161 0.03466779953569068 0.9991927302254014 -0.020298557688537028 -1.4915292581693766 -0.9985336012718274 0.03547561265761216 0.04089002759263599 88.36616862117333
0.03737230207055993 0.01906491031983615 0.9991195994776602 8.217825569258347 0.03770646592346958 0.9990790833640673 -0.020474557277083336 -1.5107265661475069 -0.9985897053232845 0.03843844873748972 0.03661901649904611 88.3880052964522
0.03430396675516214 0.0190674378024069 0.9992296055175474 8.837695222387623 0.03861981002927808 0.9990459286327085 -0.02038976784550941 -1.532377454101654 -0.9986649158893146 0.03928950570028512 0.033534859091850854 88.41266822411363
0.031206926855221175 0.018752601435752646 0.9993370810442902 9.480782721567005 0.03975946538863225 0.9990093406946623 -0.019988046056637062 -1.5524270309002448 -0.9987217724167434 0.040356871785533516 0.030430419610130145 88.4252290415535
0.02875429525316263 0.018489599344010454 0.9994155587836221 10.135882015476012 0.04170662999142065 0.9989360479504584 -0.019680675113777794 -1.5640505714213886 -0.9987159824394644 0.042248157013476506 0.027952564778829198 88.43417947106086
0.02805998801856164 0.018224954740606952 0.9994401542973019 10.81349278499217 0.04642813143183468 0.9987309811245916 -0.019515526300712537 -1.5893250316143652 -0.9985273815750683 0.04694974229051469 0.027178230366627552 88.44453278943598
0.02871446353715662 0.018070569061945763 0.9994243683422689 11.50675302906207 0.049337573478756655 0.998592311310016 -0.019473043470390774 -1.6084512047806068 -0.9983692450749242 0.049868329135081366 0.02778248607980502 88.4657652818159
0.03131939201886864 0.017833873603339503 0.9993503802619693 12.217843872162264 0.05127875645962012 0.9984954340500783 -0.019425681054088095 -1.6325678327116078 -0.9981930930072519 0.05185384315856313 0.030357772664207715 88.48749385018752
0.0349453547587448 0.01771953458786567 0.999232192301078 12.937557097197203 0.05291358545185683 0.998407601063439 -0.01955541777248264 -1.6547756255818973 -0.9979873951084643 0.053556326827126244 0.03395210530297799 88.51774338441867
0.039260433707143175 0.017697791833247295 0.999072339881214 13.67866449525772 0.05303211605186809 0.9983970894902855 -0.019769828380811948 -1.6741278567461357 -0.997820664843399 0.05375909012653059 0.03825895299238986 88.55163348065018
0.04340226144367604 0.015244730723731857 0.9989414275330732 14.458417532178563 0.055238054277495875 0.9983174628233871 -0.017635206451678098 -1.696831521427579 -0.9975293816649026 0.05594498638740995 0.04248714785917761 88.58306760515846
0.047355691485184044 0.013851420024310657 0.9987821135505537 15.233656285760583 0.05515367703052802 0.9983421901676864 -0.016460345272321018 -1.7188693370717063 -0.9973541881693387 0.05586599490162052 0.0465132296043114 88.62199861489029
0.05129668807379354 0.012130656807851749 0.9986098490408643 16.015953622369572 0.0524524859120527 0.9985133896659147 -0.014823870353928657 -1.7352348920863048 -0.9973049948813358 0.05313998232617826 0.05058414837716417 88.66960542579567
0.05551467471183946 0.01107591886240247 0.998396503644463 16.823146610401228 0.050598740421252585 0.9986224422014076 -0.013891910248432147 -1.7548826446734702 -0.9971748867212492 0.051288808292652886 0.054877774089641035 88.71775733716841
0.059410739524274565 0.011773950435519069 0.9981642508277825 17.625422720600056 0.048333940306372294 0.998723681020132 -0.014657386429038114 -1.7802657032573417 -0.9970627165017875 0.049116015436679525 0.05876583264600823 88.77652121339409
0.06278996425541178 0.015557456212015533 0.9979055663706997 18.421087299821572 0.045392693628495684 0.998799242879612 -0.018427577425365195 -1.8085457779598515 -0.9969938767057577 0.046454686608148964 0.06200837550900089 88.84073652676193
0.06437391161080298 0.020748959954424103 0.9977101851645751 19.23078381014035 0.04099307501911834 0.9988849530004944 -0.02341833323462825 -1.8290668648247561 -0.9970834637835456 0.04240673634055894 0.06345156959570926 88.91075154292346
0.06437541301233199 0.023609426763103857 0.9976464978045052 20.063080045803186 0.03786468496141575 0.998942401606824 -0.026083400710354355 -1.871139122365037 -0.9972070689028754 0.0394546982835924 0.0634133677663177 88.95957879709728
0.06449884629698757 0.023725732840048266 0.9976357661187383 20.889410689005008 0.03619782625677363 0.9990037960693106 -0.026098519361025828 -1.8919193068029412 -0.9972609902306521 0.03779556881500793 0.06357577393110818 89.0247826124394
0.06452849424465897 0.02229920823195225 0.9976667540592431 21.7158744732831 0.03358469277316084 0.9991354306944666 -0.024504274261088473 -1.9306023366788527 -0.9973504941949916 0.035087553720663134 0.06372379442417912 89.0861720735938
0.06425678270260937 0.020624292422935293 0.997720320459319 22.53028623252 0.03373899980430813 0.999169955510842 -0.02282717259869641 -1.9650723482212527 -0.9973628287610151 0.035128884738477674 0.06350760530839898 89.12593203205616
0.06443735633837602 0.02006313575483813 0.9977201166196151 23.358504445293466 0.03140332745846467 0.9992619447516391 -0.022122312748025903 -1.9989022142447692 -0.9974274532793113 0.03275723332520034 0.06375975037887205 89.19719577070336
0.06477084111266612 0.020156206297850796 0.9976966467311268 24.178952074173033 0.0298667108130337 0.9993089325788216 -0.0221277379690384 -2.033106673671272 -0.997453048594855 0.03123114791367487 0.06412408210106073 89.25247051187084
0.06477481174257742 0.020551295466623043 0.9976883288017963 24.996321634171366 0.02742574319675433 0.999373585136345 -0.022366624442656663 -2.0686929893025523 -0.9975228913629545 0.028811136341451018 0.06417060287651549 89.31682388883333
0.06342368153743701 0.021831612171096304 0.9977479394935552 25.809494308689708 0.02404140709671379 0.9994371415756577 -0.02339681062551587 -2.102135590335996 -0.997697004985314 0.025471174915742557 0.06286312189845174 89.38094733496894
0.06079711175592119 0.021666518418894363 0.9979150297811349 26.629087862839853 0.020512146658688522 0.9995261352069308 -0.022951184163748882 -2.1361992991999323 -0.9979392914338375 0.021864743913646092 0.06032387693133744 89.43444260439446
0.05713303979573193 0.02042587665594299 0.9981576693450733 27.44554312646039 0.018421669836349026 0.9995989048669297 -0.02150979896839895 -2.1676106308632 -0.9981965358257825 0.019616650055082393 0.056733846844743245 89.48882236392441
0.0521000532994775 0.018221540167753403 0.9984756850063262 28.25831655259891 0.016488853725708116 0.9996815280908823 -0.01910392846587465 -2.2009370287657464 -0.9985056676708943 0.017459034095599717 0.0517830101740225 89.54413821352351
0.04583383355041642 0.016489344066918824 0.9988130430445867 29.074195420498974 0.015689611239706212 0.9997285407331941 -0.01722442828320595 -2.2258317976432407 -0.998825791592146 0.0164604488372849 0.045562681721843835 89.58727314939316
0.03837001787450679 0.016292505841443358 0.999130837177705 29.888457129339184 0.014665210427185913 0.9997502069881948 -0.01686580029207208 -2.2625393809076066 -0.9991559134620156 0.015299603973971563 0.038121501874055476 89.62174134972213
