1.0 -1.3552527156068808e-20 1.3010426069826055e-18 0.0 1.3552527156068808e-20 1.0 8.673617379884037e-19 0.0 -1.3010426069826055e-18 -8.673617379884037e-19 1.0 -3.903127820947816e-18
0.9999984817285935 -0.0014607568609287071 -0.0009501209928813013 0.6588008436465486 0.0014594318514098872 0.9999979637288303 -0.0013937707358428453 0.01680236497510254 0.0009521550183422599 0.0013923819828808854 0.9999985773356054 0.018268655621473923
0.9999746617580408 -0.006653055400017186 -0.00253233010012843 1.3646676090697651 0.006649776885042754 0.9999770438143664 -0.0013008887961165126 0.01593599843527569 0.002540926852718391 0.0012840164037163026 0.9999959474880905 0.013381809186446167
0.9999401844947965 -0.01060424169409155 -0.002679083911617024 2.0938082951609402 0.010601547952682115 0.9999432841460135 -0.0010176798572010303 0.021541936274028863 0.002689723688258044 0.0009892165476079692 0.9999958934101193 -0.001381324569094834
0.9998791865131911 -0.015165049481358979 -0.003410813971361289 2.828871650224861 0.015166876659091428 0.9998848460043293 0.0005104736101723915 0.043898141219858286 0.003402679844946805 -0.0005621433328863651 0.9999940528646889 -0.0017525186061254612
0.9997979869302964 -0.019743952037279 -0.0037632018383880724 3.5707153496170347 0.019743887874462553 0.9998050689777569 -5.420316763952442e-05 0.05709799317820166 0.003763538458348952 -2.0108017254863545e-05 0.9999929176618904 0.014658496366910561
0.9997003127468128 -0.024092272462868273 -0.004341324855322981 4.3300048241957425 0.024097222841953675 0.9997090237876068 0.001091608416688633 0.08977752616771162 0.004313762305662189 -0.0011958951480287097 0.9999899805945883 0.01198664915529864
0.9995676503186243 -0.02897872635862695 -0.004974520593605404 5.110969076785309 0.028998048949089913 0.9995720262289063 0.0038571411414332116 0.12224104064010582 0.00486061659160338 -0.003999724899361317 0.9999801881072838 0.018627740109481445
0.9994224099054406 -0.03366708681411302 -0.004623185509198177 5.904066321284967 0.03369242833532647 0.9994170188483196 0.005517491205831149 0.14465043256756135 0.00443473242376277 -0.005670070704013422 0.9999740913876424 0.032530427118564235
0.9992801165379479 -0.037855187485975016 -0.0024966922732073313 6.7059302805413035 0.03787014921197557 0.9992631510525245 0.006245538186768536 0.18386964127371577 0.0022584265691227086 -0.006335592236039014 0.9999773796343848 0.045430661002803664
0.999131560036268 -0.0416668207430904 -4.2292512883998856e-05 7.512002127715621 0.041666700457005115 0.9991249987206937 0.0036225687571328847 0.210604400927797 -0.00010868541615185539 -0.003621184963118735 0.999993437581939 0.03408969766398726
0.9990143241937236 -0.04438892756535776 -5.6261488530805906e-05 8.331254658770497 0.04438879594867535 0.999006277597023 0.004011497970426918 0.2549880722443838 -0.00012186051260863217 -0.004010041313664705 0.9999919523269566 0.04153064311194401
0.9989230730971643 -0.046394825088442664 -0.0004628597305893123 9.15997403640569 0.046396319586981885 0.9989149382073641 0.004040761680759818 0.30607790331303897 0.00027488706777736664 -0.004057885063782226 0.9999917289687495 0.03836704845895745
0.9988390411374524 -0.04816694200025169 -0.0007180515016824528 9.990619533115392 0.04816893435455834 0.9988344578427796 0.003078894130503201 0.3384948258999504 0.0005689136673773233 -0.003109907436723282 0.9999950023939991 0.06250014004601162
0.9987383313164715 -0.05021588678896192 -0.0003320740704671796 10.845536381532488 0.05021657556660329 0.9987350517242225 0.002567488223585185 0.39141094805101145 0.00020272531597676513 -0.002580924526751483 0.9999966488599016 0.06122371790811454
0.9986588593025365 -0.051772463933382265 -0.00030775773437801757 11.703627871311209 0.05177252744425771 0.9986588829800567 0.00020210655305091221 0.4329063191342656 0.0002968814410138956 -0.0002177688954766601 0.9999999322190567 0.06927929917333704
0.998575619702376 -0.05329805079444853 -0.002459576696999981 12.561025221211114 0.0533003880253464 0.9985781232494527 0.0008946529765245521 0.49431235780596605 0.0024083962222921185 -0.0010244750427797788 0.9999965750333965 0.06602500435647717
0.9984724588842221 -0.05500319423251631 -0.00523425963392654 13.42093614394964 0.055021100821552704 0.9984796031718584 0.0033407355706147088 0.5354210972105771 0.005042550354711452 -0.0036236271867181088 0.9999807208201225 0.08253065861524549
0.9983971805980262 -0.05619126205988205 -0.006753653976180041 14.293148013732546 0.05623417461997878 0.9983974680669515 0.006341400658392474 0.6071301183307445 0.006386499723796013 -0.006711022695400935 0.9999570864770446 0.0854361477278641
0.998304796027768 -0.0578110401321146 -0.006739277913799411 15.18447149530086 0.05785927985092207 0.9982988045812698 0.007197256889965612 0.6523672066724505 0.006311732178179967 -0.007574985838304227 0.9999513896317462 0.0927490177809974
0.9982402110247215 -0.05907539600545376 -0.005155451495103509 16.080646747971738 0.05911143752942159 0.9982258308324683 0.007143431390685902 0.7163464465304689 0.004724303813773633 -0.007435606607867689 0.9999611956010335 0.10340377626427287
0.9981855554289085 -0.060079923905563055 -0.003999959572691001 16.987294989525306 0.06010634394500663 0.9981684779783643 0.00684959764661035 0.7856272475464638 0.0035811102532558913 -0.007077592377188583 0.9999685411729193 0.11342688529777321
0.9981093099458099 -0.06135275310427312 -0.0036939255576082467 17.906570483359754 0.061376796302271136 0.9980915624137884 0.006791311660666316 0.8395179876193168 0.003270210263662408 -0.007005192711759665 0.9999701160534262 0.1261114586977298
0.9980145668936352 -0.0628297021178957 -0.004399181729158035 18.796218399938386 0.06285589283062981 0.9980040178193557 0.006092384827598067 0.9006617601821605 0.0040076183169116455 -0.006356803300375061 0.9999717646249949 0.12979984246510576
0.9979487786488652 -0.06383410886741013 -0.004841666897047034 19.732854634431565 0.063861829809442 0.9979418671024788 0.005804875313768917 0.9625352757207929 0.004461153060386516 -0.006102165936957866 0.9999714304340148 0.14348383100488066
0.997897096848115 -0.06473238229843355 -0.00333208404351477 20.644335445123847 0.06475018918669025 0.9978860894008073 0.005546672935366924 1.01196484089963 0.0029659909628012367 -0.0057507618915722 0.9999790655985129 0.15377226413412934
0.9979324181121129 -0.06427192772439849 -9.048480965548279e-05 21.564854563836885 0.06427134521730048 0.9979150827088599 0.005889132884224218 1.0915532890223065 -0.0002882097667829908 -0.0058827722001757255 0.9999826548127578 0.15932682263652745
0.9979634185338395 -0.0636618777300679 0.004022510675521245 22.51991900464717 0.06363699567586184 0.9979548494460272 0.006037486936417987 1.1597133182189092 -0.004398641790727965 -0.005769210607956839 0.999973683733406 0.16560133749774614
0.9980382989111694 -0.06223928113719036 0.00676947487070391 23.461349522936747 0.06220107580037221 0.9980472746510638 0.005715219231176907 1.2076733780087692 -0.007111967082014796 -0.005282939059826833 0.9999607544694514 0.1688110434924723
0.9981463241518915 -0.06036695099213571 0.0077296060688855925 24.395593421100468 0.06033246614314381 0.9981676473821959 0.004619658924497013 1.273212110009423 -0.007994317428866169 -0.0041447493778712955 0.999959455148778 0.16727697787842297
0.9982288227141495 -0.05926543797517068 0.00517932083717778 25.338688768833936 0.059231724703342536 0.9982235069057918 0.006436850889221517 1.3305255291119509 -0.005551602596608425 -0.006118669979156121 0.9999658702107265 0.17630121216387226
0.9983248011214876 -0.05785550083023059 0.0005766189603728268 26.29061617726758 0.05784699132459248 0.9982765028939814 0.009886827825700927 1.402303129018797 -0.001147632534741536 -0.009836909750816986 0.9999509578704945 0.19021868788113033
0.9983724128512874 -0.056953109627665574 -0.0029780129679809818 27.26179529365763 0.05697828872182738 0.9983330899068878 0.009193269891492637 1.4608647250763518 0.0024494635801403384 -0.009347989126269564 0.9999533065235919 0.19435017820220085
0.9984203173156061 -0.05614846722025622 -0.0020541665512314733 28.244186309180645 0.05616170110263199 0.9983965738960585 0.007081282501845362 1.5125094309259675 0.0016532696885291469 -0.007185461810359181 0.9999728175495116 0.2041284815570376
0.9984041166144519 -0.056401007384311766 0.002854171219551553 29.224454546854886 0.056392837512200415 0.9984045433676257 0.0028662972988584626 1.5707820119946367 -0.0030112795682679366 -0.0027007682088050038 0.9999918189897575 0.2028152830639048
0.9983258679348925 -0.057346190398046705 0.007541608507096872 30.190876677820455 0.05735342810803818 0.9983536580799204 -0.0007467815593783346 1.6201968759429686 -0.00748636736337695 0.001178068449754898 0.9999712828168759 0.20605348948637497
0.9982907270269017 -0.05803065830434451 0.006933038934284341 31.179067481136492 0.05808728779806533 0.9982772808899048 -0.008266647163323166 1.6739452400687282 -0.006441376278763829 0.008655238634639725 0.9999417960640574 0.20970274553583512
0.9982230865971397 -0.059504900326451116 0.003136275118436976 32.15795497373288 0.059533430528383516 0.9981765944317258 -0.009962779642457077 1.7323233636280737 -0.0025377222073235737 0.010131789862662017 0.9999454519123417 0.21319060313759974
0.9981228770762581 -0.06123444216553968 -0.0010321577825517885 33.13984728419107 0.061225884164186076 0.9980999695712931 -0.006916780327410669 1.7921166995747362 0.0014537418362882844 0.006840601907665921 0.9999755461011105 0.23129160358728887
0.9980192077812764 -0.06287532897739155 -0.0020866014517037903 34.1270212917506 0.0628592965915137 0.9979977068964329 -0.0070203889836572145 1.8659997294287838 0.0025238327309038532 0.006875320752265042 0.9999731797567873 0.22435584348803556
0.9979637831020101 -0.0637820286673053 -0.00037474765797051285 35.15210183476109 0.06377644093045433 0.997926993289933 -0.00861868003573708 1.9308090257798363 0.0009236877006746721 0.008577230461937561 0.9999627882669607 0.23947932489499896
0.99787976264147 -0.0650340853367207 0.0025587213642007628 36.138500341702965 0.06505199596332616 0.9978522979420991 -0.00768305361556621 2.003716025916794 -0.0020535656285799405 0.007833213650118161 0.9999672112785103 0.23513860047623297
0.9977861646203401 -0.06641170744812157 0.0035006865122011364 37.165033354524695 0.0664278327212383 0.9977801109766538 -0.00471096374171559 2.0746726866765615 -0.0031800522308250007 0.004933077461553879 0.9999827758589483 0.251963375909041
0.9977053591866349 -0.06741725036360519 0.006239439372131444 38.15247007886876 0.0674437529832868 0.9977144919545575 -0.0041391698912292725 2.148215572794893 -0.005946127630392888 0.004550483190831634 0.9999719679415684 0.2569080005855744
0.9976960641793764 -0.06715931243628778 0.009601576644827211 39.15742543377162 0.06721150625700799 0.9977250928493865 -0.0052203951332548265 2.2185374703344434 -0.009229135801665594 0.005853704106650458 0.9999402768168638 0.2624958652368882
0.9976288280940997 -0.06795944469104037 0.010873602571305742 40.18888657263531 0.06795581510869612 0.997688083766849 0.0007033509405230501 2.301829231929631 -0.010896263052349175 3.724135136820236e-05 0.9999406332700836 0.25716302694312776
0.9976305613999438 -0.06797741514562927 0.010598773087096704 41.17458298973427 0.06797071609768568 0.9976868240350023 0.0009914131923604388 2.381457502346318 -0.010641649966091108 -0.00026865790318701324 0.9999433399492844 0.25994289780981544
0.9976656872559196 -0.06766430707469383 0.009204239255637755 42.15929535780509 0.0676640411693139 0.9977081043528693 0.00034064826649386 2.447064610476942 -0.009206193828661113 0.00028294293702155383 0.9999575820696013 0.2620281747449766
0.9976776606587802 -0.06778917311962386 0.006626720922264816 43.17116913758955 0.0677670711225824 0.9976950128793343 0.003505045958600866 2.525557180375771 -0.006849050583166582 -0.0030478325844297987 0.9999719002165244 0.2650050491284513
0.9976232287886797 -0.06856519566728558 0.0068342757009540196 44.14387210266358 0.06854134358849988 0.9976415429694203 0.0036655096068189444 2.595521933236745 -0.007069483738790039 -0.0031883670901130135 0.9999699279053175 0.2696447788355685
0.9975359051975393 -0.06968630875057835 0.008120111726135616 45.12955413137051 0.06967475143502147 0.9975683164644802 0.0016979395426724676 2.668701763366884 -0.00821868932335508 -0.001127988892527374 0.9999655898014015 0.2776218849688228
0.9974660668421271 -0.07059593454196934 0.00881246416408704 46.14492097935185 0.07057982205481377 0.9975038678867296 0.0021265628899643074 2.741364141666056 -0.008940593783869317 -0.0014991921691794381 0.9999589082585503 0.27398895409450824
0.9974707403691665 -0.07077951991728512 0.006510120403296721 47.102855892203 0.0707590742175591 0.9974879123512511 0.003319356717293226 2.8086206084021974 -0.006728708885123961 -0.002850311109565722 0.9999732997452072 0.2867724096607504
0.9974206280678565 -0.07176737325474752 0.0012388869344609177 48.10316483377811 0.07176108867475897 0.9974115463384549 0.004533583896420564 2.8964706875041037 -0.001561043540715299 -0.004432986222204269 0.999988955827122 0.28199965606678545
0.9973979711853534 -0.07209185458042516 0.00022710899473745908 49.061679877738285 0.07208943347704584 0.997382236470662 0.00563808067864804 2.974641814395613 -0.0006329741694916502 -0.005607038071494732 0.9999840801071612 0.2937257857295996
0.9973634865761067 -0.07251616499923703 0.0027352255036055375 50.038748931619445 0.07250121259687244 0.9973546718433957 0.0052184982644168584 3.0426955029981224 -0.0031064154157568725 -0.005006432457952867 0.9999826427580174 0.30060046940063156
0.9973381739578392 -0.0725475905942168 0.007308479008454009 51.02818140481756 0.0725320240266927 0.9973632603118892 0.0023732826696672414 3.113845972580066 -0.007461384391276062 -0.0018368666290119464 0.9999704763961549 0.314054446576761
0.9973130159484402 -0.07288583683682336 0.007375839506262304 51.968167524203814 0.07286750396849372 0.997337907731376 0.0027248242884608835 3.1880287541237293 -0.007554805439435845 -0.002180043714560945 0.9999690856842399 0.32189049954533167
0.9973173262433818 -0.0729056543524612 0.00655105626531712 52.9350130450284 0.07289506107781557 0.9973379155197336 0.0018418298549303783 3.2571790524377713 -0.006667896610883464 -0.0013593491797299028 0.9999768453942292 0.33587353388842905
0.9972958355767622 -0.07328852573340025 0.005459701188932083 53.92107205361903 0.07330927311488505 0.9973023846143645 -0.003701907328564227 3.325760965008195 -0.0051736656844917055 0.004092143488053285 0.9999782435358572 0.34079510396635226
0.9972102084125154 -0.07434442050755598 0.0066863575482568605 54.866098387193915 0.0743643894130395 0.9972272358176631 -0.002788858312760671 3.401525302238763 -0.006460481800396884 0.0032783048757744344 0.9999737571016792 0.34520437057432446
0.9970924743011137 -0.07536322341941051 0.011268640020821107 55.82670826678896 0.07541234937541803 0.9971444136367407 -0.003999489307456085 3.4681616911671 -0.010935047039803815 0.004837655307748215 0.9999285083631532 0.3534212804530594
0.9969523384778017 -0.07618823516807424 0.016774612532538105 56.77843708460611 0.07633166098510448 0.9970497291558728 -0.008081777122384809 3.5391669673464476 -0.01610938654628561 0.009337580638208118 0.999826633598509 0.35391069024384103
0.9968869351849972 -0.07674103615253908 0.01809010303171842 57.72756749090237 0.07687407268024994 0.9970177836849318 -0.006776132048469734 3.6135528272219664 -0.017516147036809968 0.008145697405461361 0.999813398693358 0.33949979517583967
0.9968605015229247 -0.0777417207973769 0.015012173424456982 58.675318300651455 0.07784662786826578 0.9969439340529602 -0.006534132271902481 3.6975599870741878 -0.014458320545728069 0.007682265451653405 0.9998659608990234 0.3448966048287105
0.9968012613745727 -0.079560151754331 0.0075780983688804125 59.60213810657112 0.07959396817215347 0.9968182215763692 -0.004270054324551647 3.775458249875534 -0.0072142603689375915 0.004859566457229148 0.9999621688149891 0.34562446080279413
0.9967926059303414 -0.08000995362582698 0.0017053103507298317 60.507177719168496 0.0800169318533698 0.9967832702339796 -0.0045169456966251366 3.852317970167603 -0.0013384242124469805 0.004638911773908005 0.9999883444911654 0.34785960668692617
0.9966877944671788 -0.08130352665557697 0.0017823898329486529 61.43434118173823 0.08130167029408286 0.9966889431172219 0.0010904472785662255 3.947281262781903 -0.0018651454482038852 -0.0009419242225229918 0.9999978170032252 0.3464428771470306
0.996615929315402 -0.08208989150752963 0.0042354630301317305 62.31700488553323 0.08207117932091586 0.9966166798513516 0.004417574780650512 4.024777257666125 -0.00458377133719303 -0.0040550159494852425 0.9999812727676342 0.3609096581836456
0.9965012024611939 -0.08339762863257227 0.005494454646118526 63.19833637656603 0.0833685242717829 0.9965045357702125 0.005329104065276416 4.108038771850784 -0.005919683618221082 -0.004852394033563642 0.9999707053799142 0.36515823680927595
0.996419714852202 -0.08437924813644716 0.005281509044224429 64.08104318875095 0.08434796281753798 0.9964189516629081 0.0058901558147946955 4.183380617438128 -0.005759602624103171 -0.005423582848930038 0.9999687053736698 0.37228621850786725
0.9962818347940852 -0.08595257149967295 0.005887368845650844 64.91806674431234 0.08590669108433446 0.9962738375203108 0.0076472936058502895 4.269544492959615 -0.0065227361031899266 -0.007113095328122741 0.9999534278098062 0.3795592947787516
0.9961623231912977 -0.08729777417482804 0.006302735774038055 65.77404187701912 0.08724039985872299 0.9961478222040061 0.0088672966966245 4.341323149299685 -0.007052551779798413 -0.008283413688605022 0.999940821534483 0.3886689934222728
0.9960244047931638 -0.08881265357172194 0.0069063464996399655 66.58882150698321 0.08874805944525621 0.9960120190830093 0.009156406876524133 4.423592923336674 -0.007692008913479745 -0.008507079859534398 0.9999342291326657 0.3981307640498845
0.995902063906197 -0.09010967247185991 0.007702339540113781 67.40454445123363 0.09004058063275412 0.99589841256647 0.008890764134846898 4.502320437919674 -0.008471891565262884 -0.008160807227174756 0.9999308117458463 0.4027076202076733
0.9957613117479419 -0.0914441624000895 0.00986788675269299 68.22348540632827 0.0913431568542231 0.9957667924057885 0.010243184943760695 4.580663352806127 -0.010762793407044077 -0.009298403348604973 0.999898845870543 0.39935162245974015
0.9956160787725585 -0.0925161337962763 0.01376185586845066 69.01038283268578 0.09234285166034203 0.9956458142491704 0.012736181348529666 4.65392498949604 -0.01488023644941749 -0.011409537917727955 0.9998241850484082 0.39695002600926493
0.9954184312293007 -0.09426155532658136 0.016028286134575128 69.77862835562073 0.09402673722697238 0.9954593091618397 0.014823511374939934 4.741887577672922 -0.017352793880175556 -0.013248508989577981 0.9997616503717799 0.40231061668217544
0.9953762651909206 -0.09524615239352655 0.012420191174185257 70.53460120559052 0.09501182624099781 0.9953086444339349 0.01826075544531003 4.814557410139493 -0.01410119033715357 -0.016996257508995798 0.9997561120902254 0.4155420041475256
0.9952945688999619 -0.09679347622569762 0.004443430924898664 71.25716265260297 0.09669175680150478 0.995129422230312 0.019186901214218264 4.904011054455246 -0.006278955715537951 -0.018666975430176935 0.9998060405615738 0.4140262560514612
0.9951869322025676 -0.09798483637364948 -0.001393489889219598 71.97451248862859 0.09799401898984651 0.9950242172412127 0.017999426261129558 4.97678304709679 -0.0003771146507620746 -0.018049347476886198 0.9998370261398598 0.4224944721071564
0.9951371045419249 -0.09845757672873508 -0.0028720634775374317 72.65493676230419 0.09849460432871379 0.99495442030277 0.019092261209941373 5.052523163011334 0.0009777944793631585 -0.019282300295446166 0.9998136010343489 0.4185352240672758
0.9950794354094169 -0.09908029813706964 0.00010838055883674461 73.33242781819783 0.09905521768150058 0.9948509978275742 0.02143725662369604 5.124904064481926 -0.0022318322846205207 -0.021321037557986224 0.9997701897346731 0.431229796990801
0.9949403175972605 -0.10042963602533193 0.0027663382442657185 73.99958079922038 0.10034993559519449 0.9947299637306899 0.02102830669313637 5.196525051429285 -0.004863624728805995 -0.02064430827515511 0.999775053544715 0.4437035248623923
0.9948449824164112 -0.10140692163052349 -0.00031177926717853373 74.62363157946828 0.1013931372864176 0.9946487841692192 0.01982997382529133 5.26099010929324 -0.001700785732608351 -0.019759362239579935 0.9998033181240082 0.457361915762037
0.994862270530984 -0.10113676083547773 -0.004518659274905231 75.24398455254983 0.10118496582611287 0.9947933714809613 0.01215527656248681 5.313380430008847 0.003265786996067374 -0.012550046424198815 0.9999159119496233 0.47456086949368054
0.9949432579076734 -0.10004535597645936 -0.008879205573039669 75.83123026685558 0.10011269171884973 0.9949478901098243 0.007492991579832712 5.373318078114279 0.008084707840814238 -0.008344022624155538 0.9999325051150083 0.47611517139657844
0.9952503697579982 -0.09687753501263181 -0.009562672557609784 76.40787680112669 0.0969648780016155 0.9952458728573097 0.009135917831481084 5.435241224794974 0.008632145196855156 -0.010019768977778268 0.9999125413249562 0.48340743788978596
0.9956422516522734 -0.0929511364187672 -0.007522829471076154 76.97916117973082 0.09305622807765147 0.9955464621687593 0.015092384809135544 5.501595012282186 0.0060864719461502575 -0.01572666212922002 0.9998578033688201 0.4924844690938086
0.9960757709209509 -0.08841623070934765 -0.0039533190340329365 77.53977259815905 0.08846180414197563 0.9959891698425575 0.013419491953122305 5.553957554345543 0.0027509620462997496 -0.013716548526673162 0.9999021394638253 0.5031300647165211
0.9965516734247628 -0.08297065814894207 0.0007950349905721129 78.07413522549209 0.08295779163032609 0.9964977459875483 0.010499859501681568 5.590456085997386 -0.001663430829412285 -0.010397698210038964 0.9999445588980465 0.5176689457281077
0.9971982227858681 -0.07464517982328214 0.004878688538546557 78.61728955322513 0.07462063632183231 0.9971992926317159 0.005033031862642341 5.616256444736463 -0.005240716328052333 -0.004654879585489215 0.9999754331924428 0.5361443506862766
0.9979223845332876 -0.06424193034928488 0.0048876203202524735 79.11591811693077 0.06420151125817344 0.9979047245827439 0.00802038699842766 5.663551848006353 -0.005392624552473867 -0.007689931107334341 0.9999558913072119 0.5367529725711168
0.9987812781995062 -0.04916804920105848 0.00429665636545643 79.62082559297475 0.04910400504837001 0.9986966758262742 0.013919280935431938 5.692363643316222 -0.00497544031922581 -0.013691334168448246 0.9998938905515513 0.5428608750828099
0.9995104999505435 -0.03093640775948835 0.004658236098910308 80.11787389059859 0.03083969866109053 0.9993327381947571 0.019570165013670652 5.718809930593325 -0.00526055844066509 -0.019416926819345978 0.9997976342629465 0.5442626499206685
0.9999425574015482 -0.009214714888662694 0.005474570921265449 80.58796401838333 0.009112973874670513 0.9997905099734126 0.018327298607897526 5.703887880818589 -0.005642304884608759 -0.018276356218462367 0.9998170528646554 0.5491249582590817
0.9998333238949836 0.01689838547695504 0.006911511946084577 81.05796578385893 -0.016993401340471566 0.9997585896818479 0.013927909686808482 5.689084400199498 -0.006674484249010857 -0.014043038333440144 0.9998791148605791 0.5547578686952924
0.9988888417709084 0.046187498996334474 0.009369990503553475 81.50486961065259 -0.046304220986277386 0.9988473107926494 0.012647878918872407 5.6542039049082975 -0.008775015921755872 -0.013067695235047009 0.999876109543986 0.5597758440109166
0.9967790342210046 0.07935055446352686 0.011620948488493254 81.95033344804757 -0.0794951216833874 0.9967561716864224 0.01255626670513276 5.601726607618393 -0.01058690540171145 -0.013439632113932736 0.9998536361501403 0.5618974296854048
0.9930471079769967 0.11710392158494576 0.012004702743084402 82.41731728617152 -0.11725416390772578 0.9930209409707559 0.012683526317808284 5.542176760953692 -0.010435630542670672 -0.014002940511950786 0.9998474960073639 0.56261003631984
0.9872431017235713 0.1586846779014471 0.013047264024927861 82.81379384416967 -0.15884849692615008 0.9872218784320368 0.01265376502957561 5.468062962276211 -0.010872585871129218 -0.014564880515637906 0.9998348119224696 0.5639628291675691
0.9788741684982872 0.2040016550202802 0.013736338514085043 83.2278707282969 -0.20417361352751479 0.9788542460690038 0.012549919991742766 5.380300020770936 -0.010885668831265708 -0.015089390367695146 0.999826891272898 0.5644702383308983
0.9674960692730135 0.2525442568030058 0.01314360289592802 83.67999874759083 -0.2527128083103173 0.9674500360423951 0.013291511482198563 5.2383426408441185 -0.009359084206332035 -0.01618104191286982 0.999825275448382 0.55873910549532
0.9521077377332199 0.3055048242303269 0.01255619849027852 84.02760694128281 -0.30566314179980364 0.9520428018873073 0.013584812094339808 5.120800993006446 -0.007803812760654636 -0.016772171790273245 0.9998288827393585 0.5667061283621065
0.932671767184912 0.3605454718475017 0.01141654178970001 84.46386950695543 -0.36068223547398065 0.9325849689858433 0.013914044529387236 4.917698131077096 -0.005630249520717897 -0.01709498031400427 0.9998380178500907 0.5675237504137604
0.9085050370813714 0.4177286099265544 0.01101844120574168 84.77062671410339 -0.417853026073043 0.9084073471718307 0.013962098905176697 4.7664297369058275 -0.0041768647783600584 -0.0172887261840084 0.9998418143624308 0.5707296937754315
0.879891953699293 0.47506085090572225 0.010360393427492919 85.10456344007628 -0.4751672664788004 0.8797850948786217 0.013937564223323647 4.558093989659592 -0.002493728595101421 -0.017186470438856353 0.9998491919042333 0.5571896866059016
0.8470812918448617 0.5314006712863203 0.008161590708218685 85.48334115222671 -0.5314633114937987 0.8469760590939274 0.013353046759662961 4.26063536188261 0.0001831460778178454 -0.015648702124087064 0.9998775347908091 0.5865339757972452
0.8104391602130185 0.5857781021787779 0.007237582541603017 85.7261275987542 -0.5858202524543705 0.810337241790866 0.012968669209645763 4.0677620136768695 0.0017318797634143324 -0.014750239815026966 0.9998897094269369 0.5843835103837657
0.7707517262534258 0.6370761821299137 0.008701415984607063 86.06358256503557 -0.6371344109160568 0.770651984835981 0.012460364963045492 3.739488455060343 0.0012324382391814023 -0.0151478193525032 0.9998845056629544 0.6053572279542532
0.728103797704883 0.6853815944909023 0.010813403758075294 86.27053889766209 -0.6854666918973564 0.7280009343837228 0.012249646350861966 3.513919229778156 0.0005235141081561622 -0.016331242130802674 0.9998664993205061 0.5984561981407505
0.6830636528791959 0.7302656550418412 0.011667012541350545 86.50182282470789 -0.7303587536348632 0.6829683087855865 0.01141841422811218 3.2177617034048414 0.0003702759218850091 -0.016320608471085195 0.9998667414385155 0.5966340619746394
0.6365293960573832 0.771190184756093 0.009799331134622918 86.79935538586555 -0.771252148325629 0.6364888445799624 0.007216261384290809 2.846645558790071 -0.000672055001333104 -0.012151117690466994 0.9999259465985206 0.5946253754287922
0.5898814617283578 0.8074651912437993 0.006310787496870651 86.92495318615636 -0.8074897048758426 0.5898586212298552 0.005213777933393928 2.5747042699967535 0.0004874717843118969 -0.008171406881859708 0.999966494679112 0.6362212382435631
0.5431396402055375 0.8396131708762942 0.007003893806589853 87.15611976705402 -0.8396411870426777 0.5431058915821062 0.006218323758756805 2.2270735385946767 0.0014171305382508245 -0.009258175838698679 0.999956137998651 0.6260645965644114
0.49623139633746627 0.8681375001768052 0.009575075756149224 87.28555809996331 -0.8681860484314813 0.49616425974439105 0.00860306115461979 1.9377527882504213 0.002717829630093558 -0.012582056233696865 0.9999171491993893 0.6121539744684327
0.45050034005968154 0.8927134030511218 0.010593564980527515 87.43668768969853 -0.8927604098491472 0.4503899306281116 0.011303140925764772 1.5879867579281823 0.005319230404321696 -0.01454958424457885 0.999880000493167 0.622542076015393
0.4079870295397222 0.9129775716418819 0.004305508825492692 87.60447266530369 -0.9129683820119695 0.4079431533002379 0.008433096815827086 1.1974181379007056 0.005942825405501205 -0.0073713875458585 0.9999551717311373 0.6074522773933775
0.36841672063340986 0.92963567259117 -0.006829070484855496 87.66724365980696 -0.9296574155157834 0.36842514722296954 -2.5889135354296208e-05 0.8645000175452386 0.002491933835021027 0.006358234007673142 0.9999766812911517 0.6517972393420658
0.3327620968743914 0.9429479913801064 -0.010884504397579698 87.75934986134045 -0.9430105088500836 0.33273060683281025 -0.004639339928930794 0.5066641375808626 -0.0007530485140337332 0.011807998513406704 0.9999299995944931 0.6531055427380198
0.2991805695060856 0.9541545177866633 -0.008952263250945862 87.88024350492472 -0.9541946334180759 0.29918543793358093 -0.0008217570414030622 0.1170581451412785 0.0018943036076532066 0.008788055290641002 0.9999595900325425 0.6625106284499371
0.2682287449660461 0.9633552289848976 0.00020775320850412561 87.97324227016009 -0.9633308686206966 0.2682204154507329 0.007172607470826844 -0.2241821402038739 0.00685404526058098 -0.002124034578840986 0.9999742549389329 0.645961545001504
0.2398970311183168 0.9707860556333477 0.004883507803220909 88.06663439639217 -0.9707400931464514 0.2398244993545747 0.012160635976236287 -0.6084626712283884 0.010634191019361796 -0.0076579172869897655 0.9999141314553912 0.6479125300343367
0.21389322930631022 0.9768506777100137 0.0035270262836013112 88.14491887339489 -0.9767863919265216 0.2138329404431469 0.0127991456201314 -1.015679413020097 0.011748659671891778 -0.006182801866840555 0.9999118670947902 0.6662986528157384
0.19038769415734247 0.9817032317884934 -0.0033601502165788166 88.2042620151732 -0.9816089195797042 0.19041604139429402 0.01362571764320041 -1.4098596210236154 0.014016237548498452 0.0007041844603934968 0.9999015197554356 0.671739280741179
0.16947062073645885 0.9854709712456053 -0.011254934004368966 88.2636451385359 -0.985308569444826 0.1696655127903502 0.019509914099710268 -1.8016739128405819 0.021136028146032618 0.007783225670047822 0.9997463126775608 0.6851726103853295
0.14960942810198483 0.9886544282113511 -0.013395544075670288 88.3132174395036 -0.9883560699222542 0.14991687468784692 0.026023253671752213 -2.245041204168218 0.027736223081612926 0.009346243197916097 0.9995715830630902 0.6704024991504368
0.1319549346942036 0.9912038159018381 -0.01014349799049578 88.3790384937849 -0.9908580536798917 0.13218491855435027 0.026971554728578533 -2.6714189718459336 0.028075125423502212 0.006491736933557824 0.999584736119975 0.6742504197866648
0.11658273116442254 0.9931450666972179 -0.008446495677046344 88.42478209126072 -0.9928808607826265 0.11675234452347512 0.023589962692264294 -3.1132502259198844 0.024414403244696264 0.0056361816196915035 0.9996860358987492 0.6959223273324908
0.10164120857994936 0.9947886771147922 -0.008034463430050936 88.46854648738547 -0.9946074175771732 0.10178345332836657 0.019905113137558654 -3.595435634677641 0.020619156599483303 0.005967957167559109 0.9997695903898919 0.7154610371556879
0.0883897152694884 0.99603951454707 -0.009619963379134929 88.51304699468996 -0.9959287219142373 0.08854324018398227 0.01691376610916209 -4.07307510047537 0.017698562112572352 0.008085794862520057 0.9998106724878408 0.7237921450623933
0.07680540936559153 0.9969565906153091 -0.013359847337564144 88.53907421136353 -0.9969071503764354 0.07701150808776823 0.015664008119978083 -4.575907803275214 0.016645198121952035 0.012115446782794413 0.9997880542038569 0.7366394889108479
0.06655279560090878 0.997650197617806 -0.01627294044898947 88.56776949811234 -0.9976316540789498 0.06681781821100558 0.016323662249003872 -5.081429976761208 0.01737262724524413 0.015148015139737389 0.9997343294395387 0.7505314443374903
0.058640391366188066 0.9981189999482031 -0.017882014506743482 88.58817931489138 -0.9981243085343612 0.0589373953405237 0.016560439102816488 -5.624072365278435 0.01758320827447523 0.01687736273455967 0.9997029485871802 0.7600199014690305
0.0525106868065443 0.998425345917106 -0.019734649766646094 88.62870876915017 -0.9984597464797915 0.05284640990351102 0.016893537812445767 -6.167917092995847 0.017909841725025286 0.01881716212974908 0.9996625190426853 0.7677140038158012
0.046929198141899046 0.9986859655951889 -0.020591077799947243 88.6544556228103 -0.9987261314980973 0.04729376281117735 0.017590175155614767 -6.717594755497699 0.018540890609770846 0.019739354659289107 0.9996332293661667 0.7797311073066608
0.04083043504567563 0.9989557511541264 -0.020500800230135802 88.66800967382656 -0.9989831003805505 0.04120702891709505 0.018296063016087223 -7.30164016929952 0.019121734441305438 0.019732916761613428 0.9996224143485556 0.7876582564859627
0.0365395811012779 0.9990574353503558 -0.023432880405804976 88.69133063930059 -0.9991453316133178 0.0369761550714663 0.01847620825397558 -7.905201836059387 0.019325251052872087 0.022737740153772987 0.9995546657609292 0.8017895825616478
0.03344884652157436 0.9991459196279298 -0.02426120271615983 88.7172704624635 -0.9992548121556246 0.03390060363626321 0.018454524023238928 -8.5252184937243 0.019261231793514348 0.023625841021123792 0.999535304321884 0.818277847655473
0.03033399288497994 0.9992194311422383 -0.025305677296518978 88.73110158490381 -0.9993614868763888 0.030797079463619495 0.018115144071322174 -9.168464181407598 0.01888034490858784 0.024740014638093406 0.9995156148114144 0.8331594335855235
0.027840440648479927 0.9992428119040928 -0.027179270087704186 88.741038294057 -0.9994395232765888 0.028330961319846436 0.01783244075718436 -9.82365283132681 0.018588953094878454 0.026667573730942792 0.999471506014124 0.8395261763995928
0.02703112199424669 0.9991261905671216 -0.03187748055546013 88.75183399598325 -0.999464758479572 0.027600585963460197 0.017561441052619857 -10.501456805137037 0.01842593284214265 0.031385712948812074 0.9993374915520741 0.859340246629045
0.027614040860907386 0.9990126477706325 -0.0348022174816832 88.77316446130435 -0.999449721657496 0.028232688700018216 0.017411753717576483 -11.19484415735228 0.018377122355956926 0.034302257696514696 0.9992425313660522 0.8727497880364121
0.030174569021624298 0.9988666896939317 -0.0368080372234913 88.79450883370913 -0.9993769190485895 0.030823625218299167 0.017195284276528593 -11.906099882318214 0.018310353828040332 0.03626624254438997 0.9991744044932314 0.8909976500591096
0.033757402759699455 0.9986867504636333 -0.03853845102372777 88.82408066129781 -0.9992604101197163 0.03443702209145957 0.01710918691372465 -12.625951900027518 0.018413867771217333 0.03793238666181122 0.999110636274003 0.9071528301703033
0.038064112602777596 0.9985227718780918 -0.03877366854781005 88.85715455607532 -0.9991022087541854 0.03875103302764974 0.017121153635143323 -13.367171203850377 0.018598381496013307 0.03808715636776216 0.9991013305593914 0.9202156064874142
0.042260999993717324 0.9982653476724894 -0.04099150541093804 88.88773271653535 -0.9989714538142186 0.042894521119038305 0.01470015381807491 -14.147193920875594 0.016432965156590276 0.04032810055398487 0.9990513510134852 0.9370421166332812
0.04627898333010944 0.9980891730209807 -0.04094213477856766 88.92598147329291 -0.9988124372414724 0.046859632295789364 0.013337543733880273 -14.922644236766716 0.015230591376608054 0.04027626545992516 0.9990724956312832 0.9528821122052844
0.05035751636882061 0.9979987481917963 -0.03824420417228594 88.97300018633985 -0.9986390828950998 0.05083617177124041 0.011647564298118376 -15.705125314102661 0.013568443521562315 0.0376056145708652 0.9992005379768115 0.9630408958506699
0.054657525806000785 0.9978405913669599 -0.036424018081505694 89.02048353550637 -0.9984255476922574 0.055077430189835075 0.010625554060823507 -16.51249862520963 0.012608750460771152 0.0357859037068975 0.9992799350070523 0.9760784774719787
0.05856652715997215 0.9976947616181258 -0.034280089500633736 89.0787502711678 -0.9981942442396328 0.05898595494297258 0.011353760889423184 -17.314906959659584 0.01334963157876771 0.033553237686053825 0.9993477710874701 0.9943127038987035
0.06185519567678432 0.9975833644864603 -0.0316443623361387 89.1426954309297 -0.9979386360777847 0.06235822464995489 0.01516345744600179 -18.110564649491074 0.017100099151691243 0.030641193161818445 0.9993841623172856 1.0145702107120507
0.06336336792952861 0.9976085661866865 -0.027608554391176772 89.2129900513701 -0.9977461459871164 0.06393577793953494 0.02036773102537793 -18.920111911314336 0.022084197347489218 0.02625576070522161 0.9994112883379431 1.0265366403561174
0.06336559360175084 0.9976857483987428 -0.024656621616481397 89.26264160314648 -0.9976833967224689 0.06393951700973563 0.023228819790910633 -19.752554483375 0.024751594934763827 0.02312759405131266 0.9994260717739872 1.0607126386804642
0.06354004370255274 0.9977142634547945 -0.022998072639561558 89.32838965895145 -0.9976719266356977 0.06407550100770049 0.023346455268994752 -20.578989453318272 0.0247667044495768 0.021461096651127484 0.9994628715871532 1.0743198754407222
0.06369608152519292 0.997763078075006 -0.020289140657643416 89.39051728481682 -0.997700263456887 0.06413782391423455 0.02192085403457001 -21.405780105029493 0.023173120126436558 0.01884620847375685 0.9995538139238774 1.1063169741404884
0.06346753710471101 0.9977768560068708 -0.020327748298967555 89.43093774163309 -0.9977523413376378 0.06387840703508771 0.020243874874183235 -22.22050647070863 0.0214973740053073 0.018997229579696708 0.9995883993820517 1.13440697069665
0.06373167334212941 0.9978055058609032 -0.0179567894312738 89.50285436280558 -0.9977504475394303 0.06408240894300198 0.01968474787566044 -23.048965951119065 0.020792264135455967 0.016661852769990975 0.999644969183756 1.1612078369342171
0.06410701489057205 0.9978077198072991 -0.01643304399003428 89.55870138207214 -0.9977263200848907 0.06442755804348729 0.01978079812382034 -23.869633930699408 0.020796173967396792 0.015127592588098883 0.9996692828584893 1.1883617552769297
0.06417268130458216 0.9978404213962775 -0.014012865584168935 89.62377657559298 -0.9977170671677521 0.0644480927943482 0.020176650300539913 -24.68721319887614 0.02103617969973932 0.012686085403722411 0.9996982256565077 1.2167779231389413
0.06289673980324337 0.9979630790321165 -0.010662692477083159 89.68904940769953 -0.9977758289391586 0.0631140959081088 0.02144775238752738 -25.50052488571789 0.022077031206612547 0.00928998312376228 0.9997131093001944 1.2428407199511664
0.060380401491801905 0.9981506424638837 -0.007035770364698378 89.7440798226515 -0.9979406140833543 0.06051758144907664 0.021263891894287703 -26.32033271346618 0.021650355161668477 0.005737358668441202 0.9997491409533109 1.2699769108148726
0.056796382582557155 0.9983744407019198 -0.004758894689374471 89.80021027888601 -0.9981807182141001 0.05688067602153152 0.019996061635149297 -27.137031338962938 0.020234245998280193 0.0036145329521707435 0.9997887329033163 1.2947851060407833
0.05184403413647697 0.9986519081925459 -0.0025617158004938123 89.85768445003633 -0.9984954248062735 0.05188145233755544 0.017753916308390582 -27.950111832335494 0.0178628879354707 0.0016374268632986556 0.99983910509035 1.3218122891099686
0.04561769492914878 0.9989578228096713 -0.0015146473888130465 89.90322595490181 -0.998830409462387 0.04563609636206502 0.015973723486797466 -28.766217762874557 0.016026198630725328 0.0007841914266559651 0.9998712647142406 1.3403267937195529
0.038182685923410495 0.9992707311134814 -0.00029738124098885153 89.9405477832288 -0.9991471308060049 0.03818264112894037 0.015719316732822855 -29.580739559669766 0.01571920792541543 -0.0003030781200504462 0.9998763996844063 1.370278392368556
0.029457099834965184 0.9995660321119609 0.00016345416201258233 89.96965482351443 -0.9994317914963614 0.0294504629423219 0.016394034855899037 -30.385698305281096 0.016382106570475067 -0.0006462820074158888 0.9998655954196447 1.3894383303792206
