1.0 0.0 1.0842021724855044e-19 -8.673617379884035e-19 0.0 0.9999999999999999 -1.0105103060743803e-18 0.0 0.0 -3.5660087079406044e-19 1.0 0.0
0.9990567391750356 -0.0010401181970172216 0.04341140686999416 0.021312098978940992 0.0011249416200211707 0.9999975056447531 -0.0019295622639171229 -0.012159027356976243 -0.04340928579310652 0.0019765774059895065 0.9990554173144913 0.97850212196807
0.9959458882608325 -0.00494700733441006 0.08981823708709426 0.08466970964163162 0.005569862049847789 0.999962140992626 -0.00668529859823611 -0.04052759194662238 -0.08978175239768571 0.007158470591238361 0.9959357370319519 2.0273799237640056
0.9909208643717173 -0.005468046346587489 0.1343351898404973 0.2287120043665133 0.006998716556939358 0.9999158295026883 -0.010924828377219845 -0.1063487330834196 -0.13426412730852022 0.011765813892374253 0.9908757275942549 2.9945359262989277
0.9833862558501898 -0.003327096228477629 0.18149492105322249 0.3950035929580289 0.005901255835714162 0.9998894893905825 -0.013644932599447776 -0.07780654742800244 -0.18142944160570665 0.01448928664043785 0.9832972155757217 3.9920735118122357
0.9740861904500585 -0.005816332703264662 0.2261023448633781 0.6286261063711472 0.009005557203863397 0.9998739467366152 -0.013076336416351905 -0.1257642162914571 -0.22599775729757754 0.014773655793790896 0.9740157833882005 4.9513039925668565
0.9622941826903366 -0.006822787484485931 0.27192529310491936 0.8985926724194397 0.010967097355287402 0.9998456785270575 -0.01372377139509969 -0.1403055008078371 -0.2717896583735841 0.016188535946415037 0.9622205066465943 5.888561193395738
0.948442496962744 -0.010005681917315722 0.3167913023839051 1.2080478935984895 0.016232497354723797 0.9997233266891258 -0.017022810837917717 -0.18080717440909516 -0.31653328741126585 0.021287470427109968 0.9483425059524752 6.894281261335188
0.9334368468094838 -0.011623741879573978 0.3585534246861179 1.581753992272418 0.01933666894961 0.9996521936940619 -0.01793278711138431 -0.28324861669904244 -0.35822022342251897 0.023672352271391663 0.9333369566137433 7.778603579724212
0.9158595182836774 -0.011830210089310024 0.4013245692893519 1.9791455760248742 0.021147536679736335 0.9995996938163251 -0.018794514784779382 -0.25149721892902915 -0.4009415197630444 0.025700160367986606 0.915743074502344 8.668433346910184
0.8959065062223927 -0.012505787872849944 0.4440666202189558 2.4108589749663105 0.022737282881105887 0.9995843812441726 -0.017722322209531505 -0.3073338729022851 -0.44366036671222986 0.025974411166237717 0.8958184990242775 9.602528347738064
0.874260069381658 -0.012772359037094746 0.4852898400329448 2.8756035640696562 0.023583267309904073 0.999590975327338 -0.01617750003774121 -0.35893540153700154 -0.48488465466104474 0.025588061347013365 0.8742036901778725 10.426081189833074
0.8496688104499849 -0.012904240798282871 0.5271588277492941 3.402773918590656 0.02492005304913798 0.9995661933547273 -0.015697643541283213 -0.3737247925092251 -0.5267275059492568 0.026474623040485024 0.8496217936828607 11.29421541600579
0.8241729944885734 -0.013193443363554502 0.5661844668089374 3.9409753742013516 0.02633658324952131 0.9995399027415971 -0.015045502905086949 -0.3992284959046485 -0.5657253890437197 0.02731146045458923 0.8241412658784885 12.059977455613726
0.7967652016717112 -0.01466365551674 0.6041111146059147 4.517845098099524 0.02944134188334059 0.9994603107850257 -0.014570328937351846 -0.4536851291006969 -0.6035713471403577 0.029394971778283097 0.7967669147467927 12.839755169396755
0.7672240428188459 -0.014746699340125667 0.641209682814777 5.147447286388741 0.031512191120296344 0.999394956460625 -0.014720826474282755 -0.4473779752638611 -0.6406045535431559 0.03150009283440861 0.7672245407016337 13.615258731186879
0.7368414430398943 -0.017586682870016173 0.6758368566990542 5.789458169937586 0.036238307022933076 0.9992518964442653 -0.01350675559150138 -0.5196439206948215 -0.6750936311986336 0.034443519442148914 0.7369275220299414 14.308372053053029
0.7046141713362689 -0.01679184770395486 0.7093919721128747 6.486990751790171 0.03648950447477839 0.9992547182716747 -0.012590629965031602 -0.5395031348294193 -0.7086517602799636 0.03475689646166418 0.7047017626039631 14.970966014019552
0.6695305842953466 -0.016142680350712355 0.7426091056060052 7.217244298527034 0.038574327749443735 0.9991704034259419 -0.013058561546539426 -0.5361607866517385 -0.7417821399917565 0.03738875189510085 0.6695978382454028 15.648211869638175
0.6346079425455688 -0.01727747486400786 0.7726411375279073 7.943263202907021 0.043101100415964544 0.9989853227304049 -0.01306215718657652 -0.6043095959976985 -0.7716313715736249 0.04159103033070083 0.6347086997050129 16.225773935373933
0.5972839224493568 -0.0158708846227395 0.8018728804930961 8.728270002288106 0.04384190461607525 0.9989553923469182 -0.012884538510690132 -0.6199366352295366 -0.8008306415439725 0.042851360364392604 0.5973558061839895 16.821552986805344
0.5602369481328958 -0.014952742804888916 0.8281974816852871 9.49254382183876 0.04694424585944614 0.998803247257556 -0.01372264018675909 -0.6694984100537275 -0.8270010320817295 0.04656703445452765 0.5602684295872206 17.312061435007603
0.5207507701690752 -0.013355925417090093 0.8536043296643051 10.327726494725953 0.05128289476437674 0.9985613528804461 -0.015661704986598787 -0.698585044708677 -0.8521670034285227 0.0519311439626329 0.5206865254569102 17.812622178971765
0.481798267937996 -0.012115395661967161 0.8761984640881346 11.184324118346755 0.0540607789901253 0.9984107085272051 -0.015921338191443254 -0.7129688709748427 -0.8746129187570628 0.055038842594206425 0.48168751918855957 18.309718602407322
0.4432045618766964 -0.014034290834064328 0.8963106950751111 12.024504421026656 0.058830239241069546 0.9981772425530568 -0.013460872292692598 -0.7367559528435863 -0.8944879043474016 0.058696090418482505 0.44322234958242895 18.710263482269475
0.4059243430992059 -0.01481486093993874 0.9137866594305689 12.904245382367753 0.06307909815615832 0.9979382720988874 -0.01184196299137091 -0.7872244756388111 -0.9117271206956347 0.06244777709183094 0.40602194708474226 19.112596393012584
0.36973320576868607 -0.012939730407983465 0.9290479186338032 13.841630135461019 0.06430436571038955 0.9978618245349815 -0.011693045038412146 -0.7982485249839635 -0.9269100220333408 0.06406514174843876 0.3697747339423407 19.45680127296308
0.33687268392082076 -0.013176178783591553 0.9414580720797909 14.71797140850991 0.06545994478606595 0.9978103731821756 -0.0094580335849624 -0.8214880752848999 -0.9392718835539245 0.06481394413909011 0.33699757189929486 19.79589879750831
0.3027272595182988 -0.014521856665003413 0.9529666538440872 15.686518437768932 0.06757328998848051 0.9976946586233992 -0.006262444176347361 -0.8277917006309741 -0.9506786705985364 0.06629090211985246 0.3030106609961223 20.078007803497965
0.2699896088949167 -0.01458019103722825 0.962752903393468 16.620507357583456 0.06884093641863165 0.9976188192586067 -0.004197200219252722 -0.8677806480542176 -0.9603990899656193 0.06741000931732923 0.27035043038062406 20.354764336265166
0.23786302131205544 -0.011775758128300066 0.9712273887843338 17.6037686369133 0.06605364273953536 0.9978077352081967 -0.00407914603523457 -0.8941349128719135 -0.9690500362036797 0.06512338247831612 0.23811939585713304 20.595818769614446
0.20575950658150005 -0.01008035860734595 0.9785507344499563 18.60754368494141 0.06601171122731582 0.9978123485427952 -0.0036014816152993645 -0.88260866299872 -0.9763735713672528 0.0653368450887137 0.205974799781648 20.802827187861425
0.17526628450091256 -0.009847095822352119 0.9844718857823231 19.57135280485238 0.06781353310093552 0.9976958160841135 -0.0020935296879004486 -0.8959114799205785 -0.982182734614605 0.06712743942612996 0.17553020667811153 20.988940169835896
0.14440863416359662 -0.010270897432662816 0.9894648988664646 20.589299817496872 0.06956341395722088 0.9975775107439045 0.00020259183162761596 -0.918156426671034 -0.9870698792288041 0.06880129773027502 0.14477328606877748 21.11748747392186
0.11359863362723667 -0.010580322804771607 0.9934704521848733 21.643785175572116 0.06879471612619419 0.9976270238457455 0.00275823936107911 -0.9361772789549838 -0.9911420206581096 0.06803218291241937 0.11405693866804847 21.26142804034801
0.08432955658959466 -0.010406393569544052 0.9963836439033319 22.700986297262087 0.06926658224458576 0.9975877795986265 0.004556548344206653 -0.9355094043990264 -0.9940274309017849 0.06863183528769093 0.08484695201878631 21.34480315678068
0.05622528650309309 -0.010168455506189222 0.998366392275049 23.77896170580773 0.07185171938705072 0.9973965973330265 0.006112083738232308 -0.9319660959085001 -0.9958292594728473 0.07139068548718501 0.056809532047158474 21.400903933453996
0.031168093162762884 -0.009847951957834689 0.9994657081153571 24.833504105215674 0.07586661437422729 0.9970900784979322 0.00745866236851845 -0.9440234330985742 -0.9966306602758959 0.07559360432815933 0.031824528827319634 21.440609942069543
0.008229711503190481 -0.00917419062357958 0.9999241171813913 25.947302963382935 0.08065790012630136 0.9967057631062539 0.008480820942009425 -0.9430682967985901 -0.9967078012870262 0.08058198187034452 0.008942573431847714 21.460041679996024
-0.01227090275301761 -0.009426158883427236 0.9998803461122463 27.038547623025387 0.08575812568957145 0.9962612386710713 0.01044449627129171 -0.9566849268598172 -0.9962403500393768 0.0858760246367561 -0.011416653460771193 21.44305974134575
-0.029870922363789708 -0.009565748908572062 0.9995080582169086 28.184272264841713 0.09054160052022148 0.9958174984590829 0.01223632124244522 -0.9525392862784348 -0.9954445303232978 0.09086256621766495 -0.02887988737149499 21.41007405082148
-0.04579785060324376 -0.009654549780925965 0.9989041397490638 29.30754765911399 0.09341347406661712 0.9955303005740662 0.013904771482340955 -0.9465692102692953 -0.9945734494373952 0.09394791119844186 -0.044691281344806266 21.36939131292467
-0.06056253915692063 -0.010233790325081062 0.9981120087734856 30.437405320289503 0.09585429975064173 0.9952664402497163 0.016020775768251075 -0.9521566766366216 -0.99355120597914 0.09664358304874758 -0.059294908358778854 21.296639861647897
-0.07343833552321699 -0.010840178661208724 0.9972409111453143 31.567776737566835 0.09619600600753171 0.9952014091991114 0.017902029952540456 -0.9435280169684874 -0.9926494881833584 0.09724528445607997 -0.07204315151703265 21.203600999074787
-0.08602463477401429 -0.010458668226467745 0.996238180196796 32.72491051977873 0.09606885408457728 0.9951982039451789 0.01874324579514498 -0.9331454149343607 -0.9916503440540939 0.09731983773064114 -0.08460680815884815 21.126576083858456
-0.09762323744729984 -0.008149817124515544 0.9951901410971067 33.9094223078377 0.09603445759112411 0.9952229179176504 0.017570592746265712 -0.9239233145616299 -0.9905791003980601 0.09728784003817909 -0.09637421837172444 21.00334448216227
-0.1078647041134671 -0.004567153898612756 0.994155158611645 35.03706641170974 0.09675441192105745 0.9951941960540795 0.015069672181261276 -0.9264945698270279 -0.9894461366660999 0.09781437993605786 -0.1069044336140509 20.89519538734625
-0.11702815634167398 -0.0020666045946598783 0.9931265136882157 36.28113913703241 0.09725869574751467 0.9951671417836775 0.013531633659325033 -0.9172354868897186 -0.9883547060656622 0.0981737680379947 -0.1162615789993198 20.73827014995051
-0.12416392413566808 -0.0009622984629576847 0.992261319475629 37.49535852608283 0.09709715884731182 0.9951884918263705 0.013115127781722996 -0.9078043689756313 -0.9874995342812153 0.0979741771563449 -0.12347307036647612 20.59035439605671
-0.130377259199614 0.00015463140679706014 0.9914645119081883 38.722961361110826 0.09690234989109248 0.9952142938740283 0.012587412531644514 -0.8873723924421287 -0.9867175754027004 0.09771634986128565 -0.1297682945128166 20.44511559762904
-0.13555344362477353 0.0014663948158098634 0.9907690171943079 40.00569083219632 0.09759786173319565 0.9951550229153512 0.01188010256265502 -0.8899006649721082 -0.9859512108837712 0.09830732282283389 -0.1350398057105415 20.266747133571318
-0.13996319469798613 0.003043935164886387 0.990152094507388 41.258644139305595 0.0969761607954895 0.995229738204197 0.010648545806947216 -0.8808568977303618 -0.9853962641850957 0.09751154970283928 -0.13959072117971702 20.081449491544824
-0.14385495290900122 0.003861880408621272 0.9895913145991047 42.58043709018273 0.09734411745685731 0.9951978252105205 0.010266965552235314 -0.886867033089273 -0.9847993422922962 0.09780784348375517 -0.14354006603786754 19.908287729345194
-0.1469045974916806 0.0034566668283343453 0.9891446921975987 43.93621419199305 0.0972178878209741 0.995202766004722 0.01096065309066307 -0.8838197059856934 -0.9843615143358811 0.09777272453055395 -0.14653591002832628 19.70361095842246
-0.14926783908237734 0.0014129647723882845 0.9887958571252077 45.265136558113845 0.09775515472556554 0.9951211511902568 0.01333503889224339 -0.874021327726543 -0.9839526977570765 0.09865038089232743 -0.14867770687209214 19.512580334805644
-0.15152002182266194 0.0007647022449849463 0.9884539591966324 46.64156583512899 0.09824982965264778 0.9950591642218077 0.014290897334395996 -0.860494603479558 -0.9835591103440533 0.0992807866146834 -0.15084651656250223 19.30176421075449
-0.15377594947812187 0.0009203965481926896 0.9881053796926755 48.0649581791989 0.09941430356807641 0.9949398193852557 0.014544796318904131 -0.8622179528460872 -0.9830918692025754 0.10046844443101202 -0.15308931440129073 19.087848630752504
-0.1544722386312448 0.0014515499632826627 0.9879961293510751 49.46901072665171 0.10048900040777467 0.9948361192434118 0.014249760557620816 -0.8313773625172962 -0.9828734191187244 0.10148393222217637 -0.1538204256354285 18.876598637101424
-0.1554664359161041 0.0019328670317278586 0.9878393505052624 50.90224153737358 0.10119708469489301 0.9947681682562777 0.01398000317431527 -0.8343983639498438 -0.9826439879840086 0.1021398800302635 -0.1548486606102147 18.644417049314427
-0.1553584879661165 0.002875071395334188 0.9878540404654793 52.36439657329229 0.10170083641467151 0.9947287810354247 0.013099276944398065 -0.8078599628015923 -0.982609052398955 0.10250066236529606 -0.15483195494331853 18.42331307290233
-0.1546726646541158 0.0038072764371398 0.9879585024509703 53.829851872525886 0.10091914146028953 0.994822668504397 0.011965957364529534 -0.816981722113288 -0.9827978242893904 0.10155472673980813 -0.15425609848457303 18.196743168294937
-0.15329370948339682 0.003857095478337521 0.9881732098232449 55.34219634896999 0.10104167144569762 0.9948123149586608 0.011791422912923464 -0.8137023278570208 -0.9830012659901284 0.10165422011754126 -0.15288819579277937 17.961115738431324
-0.1519611050869772 0.0032686101387051202 0.9883811359723579 56.84715057642709 0.10137920198090045 0.9947718526809328 0.012297053685252544 -0.7931626792003375 -0.9831734076783792 0.10206996103352649 -0.1514979975489282 17.73476203714982
-0.15055170883079094 0.003389671665557435 0.9885963910346162 58.38938403552664 0.10162004965550399 0.9947501221954135 0.012064779522094938 -0.798939451670541 -0.9833653532831856 0.10227758386252987 -0.1501057877773635 17.503059592215855
-0.14983907159250448 0.00421195058490261 0.9887014935746977 59.95916041894318 0.10167016926835369 0.9947554449630354 0.011170514764464134 -0.7781843052190149 -0.9834690126472496 0.10219522411493154 -0.1494814604816398 17.281328445301664
-0.14866737119412995 0.005020303751556031 0.9888745828657569 61.5324981347605 0.10212101290064049 0.9947186275519199 0.01030289852527509 -0.783403374569931 -0.9836001123183559 0.10251657521061495 -0.1483948803574968 17.040272712642587
-0.14748017191343352 0.00488981346414709 0.9890529915062406 63.153193783556404 0.10187001052028481 0.99474468234954 0.01027214153460658 -0.7768774220725083 -0.9838048430886156 0.10226977219388034 -0.1472032405290108 16.800784790148594
-0.14681928206327935 0.003181789620213658 0.9891582815934236 64.75745662433299 0.10310537975791634 0.9945967830395209 0.01210449529715589 -0.7685119603211669 -0.9837749989179593 0.10376470987325694 -0.14635404367252614 16.553486307016286
-0.1465979957960758 0.00207518036014184 0.9891940419749783 66.38722089361357 0.10578690931804681 0.9942959292965191 0.013591678343885858 -0.7553221768276338 -0.9835232721552806 0.10663628943580977 -0.14598131579659096 16.317860935140434
-0.14547479458105655 0.0026949292345380864 0.9893583541690938 68.05227356198054 0.1080571157418059 0.9940573028722977 0.013180941282350304 -0.7478140316935703 -0.9834432435450591 0.10882470106336295 -0.1449014866336061 16.085451802130915
-0.1449105314909626 0.0037520397369085927 0.989437714840239 69.6989939508607 0.10735350884875577 0.9941490598309493 0.011952818012371219 -0.7651469185267133 -0.9836035946296757 0.10795169586421399 -0.1444654616884115 15.841162504099321
-0.1438433399370995 0.004262878158984284 0.9895913565471104 71.39224278537012 0.10823978771442956 0.9940588598848561 0.011451214059410289 -0.7444445650283905 -0.9836631086108245 0.10876033538808731 -0.1434501579423664 15.602258564780904
-0.14391437346959068 0.0036706766704256216 0.9895834026327097 73.09501985354675 0.10770704782860055 0.9941105367382828 0.01197628780675818 -0.7553848599647752 -0.9837111945518959 0.10830866300145692 -0.14346215121760247 15.350207725592526
-0.1435536359350474 0.0035927828072213463 0.9896360831433758 74.79151519633587 0.10844229246777537 0.9940288402530257 0.012121584437040908 -0.7317723502023534 -0.9836831258767079 0.10905849922969076 -0.14308606226209636 15.104699485166377
-0.14363425750910236 0.0032502727607926626 0.9896255692591945 76.51906887419486 0.10898547167196729 0.9939640698484886 0.012553631460805513 -0.7403521853008236 -0.9836113238274866 0.1096579371060038 -0.14312152208885723 14.863124494824488
-0.1432817828380229 0.0033853992456899197 0.9896762103468709 78.24575288627001 0.11018171000708336 0.9938321962916211 0.0125521000512333 -0.7255468768596167 -0.9835294559942398 0.11084270057627502 -0.14277105641972 14.615890538675409
-0.14351315412622662 0.004053089046466832 0.9896401763273972 80.01106950518309 0.11064296110240154 0.9937880742417617 0.011974868017253908 -0.7276216970168777 -0.9834439379473549 0.11121526669695828 -0.143070105256323 14.385982941718572
-0.1443229445931842 0.004905705782887064 0.9895185461749573 81.80365682159388 0.11023641923597712 0.9938428373443027 0.011151024725732263 -0.7218709934003532 -0.9833710840277098 0.11069032612022993 -0.14397511060293264 14.107876841472375
-0.14528734590031858 0.005527743005102876 0.9893741267347012 83.58280606878674 0.10992130222766248 0.9938838887858342 0.010588756017587152 -0.7134679791277746 -0.9832643407743636 0.11029170076984902 -0.14500636745966797 13.857660508887351
-0.14660471437150663 0.0055902422986973035 0.989179426767 85.365367405242 0.10872572906016162 0.9940163672449643 0.010496491858936384 -0.7298566511665218 -0.9832017305773684 0.1090880856831072 -0.14633528718595998 13.602868070437255
-0.14738375663427736 0.005667792008975782 0.9890632112299974 87.17843727412162 0.10888225859508527 0.9939988913029703 0.010528850847137075 -0.7113836415157626 -0.9830679282341511 0.10924321406396775 -0.14711641110175133 13.325831658410694
-0.1483359993049281 0.004926238131879548 0.9889248175904047 89.0005810219146 0.10760079892952082 0.9941312304685371 0.01118765185526193 -0.730490183482694 -0.9830658008950038 0.10806862814646458 -0.14799551508708225 13.074449872929588
-0.1489712566670762 0.004408824341259629 0.9888317644011531 90.8368369809625 0.10535947789059162 0.9943684034785427 0.011439296653469757 -0.7026735763242936 -0.9832124971877231 0.10588692105482511 -0.14859682050407702 12.78143104117556
-0.15030532348102216 0.0050862274559974364 0.9886266086373716 92.71269512224887 0.10535519615826228 0.9943748950158149 0.010901822328370801 -0.7112385516446004 -0.9830098992135377 0.10579554845285108 -0.1499956991654432 12.505213739836007
-0.1527993552741526 0.005499219922933583 0.9882419980919689 94.57168581323336 0.10387599587978805 0.9945345458985458 0.010526796789862403 -0.7056637954805018 -0.982782785858238 0.10426310577033805 -0.15253547277534432 12.23983911262525
-0.15707785511575992 0.0062899565827569705 0.9875662584818996 96.46914089717936 0.10405526290478118 0.9945190435191626 0.010216324769079166 -0.7030838604976266 -0.9820890588695558 0.1043662213266417 -0.15687141973274565 11.94615433582224
-0.16166921827246822 0.005901278944233444 0.9868274264501637 98.34639597164124 0.10287436882002939 0.9946345709831825 0.010905660116914398 -0.6963496243752583 -0.9814681849942636 0.10328235448932822 -0.1614088823248499 11.640339609681567
-0.1666225976271213 0.005723504634074304 0.9860041998229104 100.26004966318465 0.10190116906988096 0.9947286776412384 0.01144589964081429 -0.6877773740587992 -0.9807410116715373 0.1023821225385604 -0.16632750643834926 11.329136814390987
-0.17123819263890225 0.006158786187534713 0.9852104755563976 102.17930623998083 0.10076988228296516 0.9948456350993776 0.011295670396278427 -0.6887386092046279 -0.9800626422263715 0.10121379020125565 -0.1709761870918405 11.015149184422423
-0.175780957827326 0.007595634081815678 0.9844000667488775 104.08322234112187 0.10091950088828999 0.994840812098732 0.010344657584449126 -0.7013574712384374 -0.9792426562944081 0.10116355360326665 -0.17564061686156518 10.682255256995555
-0.1804378573978202 0.009160461372174074 0.9835437944272999 106.02482338647016 0.10018090502144256 0.994927509745165 0.00911239006061168 -0.7024481831903828 -0.9784711732148521 0.10017652399554887 -0.18044028986114077 10.32310600822856
-0.18558486788796888 0.009679827636629912 0.982580626459851 107.9634161392053 0.09904209198579732 0.9950434073030175 0.008903968320845227 -0.7076164059351908 -0.9776240545347994 0.09896927901196169 -0.18562370809389014 9.980229233172414
-0.19064643712328383 0.009409675264178454 0.9816137343793623 109.90217434832542 0.09751713125618786 0.9951894561434989 0.009399711540046894 -0.7125610363954757 -0.976803059247995 0.09751617337308925 -0.19064692704369252 9.614797489202083
-0.1962142134443128 0.008781584781636802 0.980521797528912 111.87843833648377 0.09508439579909327 0.9954178486183218 0.010112539748355522 -0.7197929783336335 -0.975939963231684 0.09521654326408999 -0.19615012032993664 9.246772293289673
-0.2019262598581116 0.008263848180732784 0.9793659292188813 113.82477470569754 0.09435611790883995 0.9954771307088827 0.011054609724468457 -0.7214400032246324 -0.9748449008005524 0.09464137965019542 -0.20179271684554384 8.858631751726442
-0.20774879392054169 0.008208504478593073 0.9781478352934998 115.81686972330647 0.09409516659351588 0.9954952654329587 0.011630790051066677 -0.7183475433404802 -0.9736459369808982 0.09445526268600915 -0.20758531977969397 8.465954177900421
-0.21313199928426468 0.009483851406596128 0.9769774489506011 117.79811454728546 0.09499702497628329 0.9954161012048015 0.011061186330508682 -0.7231362312487839 -0.9723940501645492 0.095167440421109 -0.2130559598760647 8.03690153019568
-0.21869647388306038 0.010454520646615957 0.9757369949475553 119.7646251601325 0.09433239538540389 0.9954856251489529 0.010477043949507677 -0.7277849457831339 -0.9712224896938872 0.09433489713709825 -0.21869539443611358 7.601536399301382
-0.2246187195727302 0.01049898014628361 0.9743902349110986 121.75789179016122 0.09478218371463006 0.9954358848271923 0.011123667916356142 -0.7315381140134716 -0.9698260884440977 0.0948534148524067 -0.22458864857343608 7.150298321334067
-0.230490417701198 0.010873378228446463 0.9730139075576595 123.77450969215268 0.09408509182194297 0.9955015789383178 0.011162480943048707 -0.7270696089448037 -0.9685153775581654 0.0941189443056349 -0.23047659598481018 6.701497695445239
-0.23574969295090545 0.011412981259343702 0.9717468565000549 125.7612388839489 0.09360955305606061 0.9955480222799871 0.011017534775672407 -0.7326815053156681 -0.9672947885240635 0.09356216595087709 -0.23576850309125766 6.232740255072152
-0.24116567422448126 0.011562965815127104 0.9704151390225799 127.79627859350714 0.09214902947673682 0.9956840603778432 0.011036641917527446 -0.7396756711711725 -0.9660991400179997 0.09208446907209979 -0.24119033226183761 5.745802061898736
-0.24544754344620218 0.011155317438085479 0.9693457529090397 129.78994441422458 0.09373195533253012 0.99552176689276 0.012277269758169168 -0.7418310164890181 -0.9648677104465108 0.09387209509494775 -0.24539398029707327 5.248894633439802
-0.24928133398148342 0.011309976963840573 0.9683651310710745 131.82065278380847 0.09589727047662455 0.9953055329721223 0.013061725388157964 -0.7279664782318517 -0.9636713158610962 0.09611961373620151 -0.24919568534998873 4.729162791082214
-0.25280251632121375 0.011841581531873337 0.9674454974731328 133.8692203944734 0.09750903937667532 0.9951457745472871 0.013299388302800082 -0.7336078621959038 -0.9625916840508296 0.09769679640299417 -0.2527300156046664 4.194408184766461
-0.255808150853287 0.012213079600371103 0.9666504830265038 135.88689906016637 0.09793488970107006 0.995103354556529 0.013344295033485751 -0.7274071240814757 -0.9617540344447137 0.09808238432683723 -0.255751634094605 3.6722716532821207
-0.2590945959520554 0.01220863470423655 0.9657748521557842 137.92828119355366 0.09714138583689579 0.9951792949499847 0.013480398980548126 -0.7216977870487916 -0.9609544303281206 0.09730940254933705 -0.25903153947483415 3.140214527990435
-0.2633587595731907 0.012888359060345288 0.964611931884111 139.98206912312406 0.09606392413367228 0.9952911929605918 0.012929145820713441 -0.7250980681816014 -0.959902996242538 0.09606940776224644 -0.26335675879669324 2.5884407076668383
-0.2677151054112321 0.012922717871676783 0.9634115167309035 142.03057437672996 0.09377873752277416 0.9955119792799852 0.012706166168927276 -0.730850254332204 -0.9589233791002141 0.09374914495019813 -0.26772546909818057 2.026617873242803
-0.27233940421553043 0.013006606243535328 0.9621134037364775 144.12328524358486 0.09347304773823005 0.9955369298166161 0.01300038014648188 -0.7195311514240188 -0.9576502048553186 0.09347218448925856 -0.272339699929029 1.453839383171602
-0.27705590700245464 0.013591903389671763 0.9607577263597363 146.1410407985213 0.09376475794342556 0.9955100810146441 0.012955613709696641 -0.7249622305534478 -0.9562677823289206 0.09367464154395357 -0.277086388420927 0.886631479422294
-0.28134202109194995 0.013945693761900156 0.9595062838151972 148.22357583979766 0.09305375925321208 0.9955786143910077 0.012814820713698109 -0.7152782526949958 -0.9550850969085818 0.09289101090071394 -0.28139579722471486 0.29104530634872217
-0.2859838951982999 0.014086458590717214 0.9581309445541544 150.35289450833602 0.09257346971377946 0.9956210691776219 0.012993786889751942 -0.7209444324296074 -0.9537521911006608 0.09241351638423007 -0.28603562232102353 -0.33585430993324666
-0.29001784174993017 0.013755938390823685 0.9569224361778349 152.40942879837104 0.09254966613388418 0.9956133019597241 0.01373722838187043 -0.709475561437375 -0.9525356102106197 0.09254688992514548 -0.2900187270277656 -0.9560972672842754
-0.29403255369427245 0.013869073973622983 0.9556948409827131 154.50939927465956 0.09325483471544127 0.995540380303121 0.014243811279043127 -0.7092132965404702 -0.9512351294231635 0.09331130523008965 -0.29401463699975294 -1.5753886485078432
-0.29805251258391413 0.014662666735083024 0.9544369170135351 156.67082980383552 0.09418062776348336 0.9954550167047772 0.014118010673282118 -0.7085157603739891 -0.9498918821136815 0.09409737312707556 -0.29807880652514557 -2.2410780503231185
-0.30173257728354635 0.01548375194044083 0.9532669235590946 158.70702868103487 0.09438783260583918 0.9954411313124819 0.013707308156199645 -0.7036048345178141 -0.9487087370595818 0.09411273679515425 -0.301818494347214 -2.872778269713119
-0.3057267935347534 0.017070476540253517 0.9519663064125041 160.81479979776407 0.0945891609053282 0.9954375666490728 0.012527597034172989 -0.7063147747727196 -0.9474090444985915 0.09387571278134779 -0.3059466159456669 -3.553133435964711
-0.3090558935228651 0.018564207685234098 0.9508627380435145 162.98414440505283 0.09569318719854726 0.995342462872615 0.011670246305670255 -0.7044496306105941 -0.9462172837842573 0.09459784094667643 -0.30939292090480314 -4.244825641196633
-0.31243631213181466 0.018747735604218677 0.9497537547815388 165.04231105991863 0.0946764938211712 0.9954417156067626 0.011495716128505147 -0.7103973784735106 -0.9452088616748896 0.09351103123561189 -0.31278710692157685 -4.907820465290719
-0.31623858653581266 0.018883153558230874 0.9484918049368563 167.23181478218314 0.09447175504479391 0.9954590240150353 0.011679818131843558 -0.7052133564110001 -0.9439640480540676 0.09329929122776776 -0.3165864778494796 -5.630378978830914
-0.3201305488601781 0.01918147632305488 0.947179298475303 169.3124096826071 0.09470188200774116 0.9954351589916196 0.011848921010333798 -0.7061024325345083 -0.9426281693772853 0.09349286033771721 -0.32048572419549354 -6.31814396883239
-0.32354189271221295 0.01949107162974668 0.9460131406615384 171.46446446578196 0.09570287939808882 0.9953348883381549 0.012223667802532052 -0.7042362548988039 -0.9413615051155138 0.09449104668398403 -0.3238978838200268 -7.031833377019073
-0.32684841422077227 0.01997589754369733 0.9448657036169621 173.66199472623154 0.09819347937637216 0.9950833462617135 0.012929565937590873 -0.7142112562248986 -0.9399617203994071 0.0970056555887347 -0.3272029151152757 -7.775879742698526
-0.32949821718626005 0.019503043717791966 0.9439548062065309 175.76105273684894 0.09846749808090374 0.9950444024566647 0.013812604087200742 -0.7034727229920132 -0.9390074323551463 0.09750009295881486 -0.32978577104071544 -8.499422549035591
-0.33242511317021 0.018821146211564277 0.9429419008280971 177.92050410752236 0.09841784000667413 0.9950345924733002 0.014835350431359338 -0.7098386693904982 -0.9379804659432135 0.09773394463843832 -0.332626822059832 -9.252209326155535
-0.3352973909863595 0.0192480615928661 0.9419157559023333 180.1024720271855 0.09721578512405582 0.995161018604772 0.01427015304075938 -0.6996800153099055 -0.937083044645803 0.09635382131583246 -0.3355461070631244 -10.019099078111152
-0.33841272863921945 0.020887795415753342 0.9407659880719513 182.24317810397693 0.09628017451151848 0.9952753281080196 0.012535883192497346 -0.700849563158844 -0.9360592049720233 0.09481941249056171 -0.3388249186155391 -10.779988694670806
-0.34198054152266516 0.022073553790786234 0.9394478092667357 184.41825214898864 0.09534514011026848 0.9953799070817878 0.011320069077998334 -0.7099386361381029 -0.9348574735880678 0.09344302294247572 -0.34250516422097654 -11.564658835294829
-0.3452709419439041 0.023289053552625193 0.9382141094795601 186.60204794103126 0.09436472408161406 0.9954873035498653 0.010016310011300728 -0.700030017636766 -0.9337468384127945 0.09199265299430039 -0.3459105026018172 -12.351438211051835
-0.34818380813846045 0.024139664262233976 0.9371154841768672 188.77078926891238 0.09294235475839643 0.9956318418266693 0.00888557284897886 -0.7145286891942506 -0.9328073956909936 0.09019152905650575 -0.3489064819318462 -13.13347656995973
-0.35165086276225244 0.024664420194697296 0.9358063128115361 191.0091535302814 0.09345358607910685 0.9955840587556346 0.00887740745168222 -0.7237869544000928 -0.9314547661127736 0.090576200470492 -0.3524029702326481 -13.948218114932226
-0.3553876500787397 0.024051543057145353 0.9344095778095232 193.16148285666839 0.09315567626252384 0.9956032886777357 0.009803607653301447 -0.7220942582650957 -0.9300653320361868 0.09052963388705752 -0.35606564943805996 -14.768193520864026
-0.3592085085251076 0.023422865319770288 0.9329634151867353 195.3576290659007 0.0928165635159873 0.995625298647967 0.010740084046845571 -0.7340027136454468 -0.9286302908118181 0.09045238433090945 -0.35981110695197493 -15.601560917807468
-0.3630827315756658 0.023030349731176864 0.931472302296953 197.5704422311661 0.09272064991496895 0.9956254534241218 0.011525482724515038 -0.7384247483079995 -0.9271319731103673 0.09055141766877675 -0.36362979676096163 -16.462510026866262
-0.3664238983845492 0.023554027489802915 0.9301499078545962 199.7553663236785 0.0917989192337714 0.9957173685663562 0.010948952371321163 -0.7395510865179674 -0.9259084025422318 0.08939871078309998 -0.36701687265923694 -17.305238201897033
-0.37020822987323887 0.02412445815549258 0.9286355546085873 201.94739329547158 0.09102086600826431 0.9957944996459642 0.010417083803974967 -0.7346225099872589 -0.9244787469905803 0.08838169927747298 -0.3708471466199613 -18.17460504738093
-0.3736416093555775 0.024400933799907522 0.9272522084522735 204.17976841538888 0.09114927089795523 0.9957816215372693 0.01052481972085652 -0.7480711147701936 -0.9230837685023846 0.08845087005093612 -0.37428957348041786 -19.04737445099641
-0.376012024627494 0.024948280260351376 0.9262789300762612 206.33623950791164 0.09183465829399325 0.9957193229512106 0.010460622911723855 -0.7651695611549674 -0.9220527309306034 0.0889978257459048 -0.3766935538952059 -19.916164939691882
-0.3786142612968646 0.02512731116523404 0.925213475243128 208.58167510375918 0.0931122661382659 0.9955941350415661 0.011064507956338652 -0.7704658176878574 -0.9208589648022276 0.09033790052625013 -0.3792857973952885 -20.831460523561407
-0.3814970360963723 0.024822303626343863 0.9240367848725747 210.76023457845614 0.09405166756496196 0.9954939262998513 0.012088245636294254 -0.7683075585575954 -0.9195728256101063 0.0915188270336182 -0.3821125599065839 -21.70874597255971
-0.38393121345574227 0.02504163256016571 0.9230221312791973 212.96184603085283 0.09492476249110793 0.9954062357536656 0.01247855867926492 -0.7741916705453218 -0.918469378575751 0.09240856137867648 -0.3845445935214229 -22.633974909107145
-0.3864845337781035 0.02574647462975524 0.9219365155968423 215.20231677277448 0.09440773218530772 0.9954639554874337 0.011776781226681802 -0.7760344981329934 -0.9174512369050346 0.0915894760995108 -0.3871620875366641 -23.559329376179786
-0.3890449809329522 0.02623606976254511 0.9208451475610707 217.38757005300246 0.0944868807275329 0.9954590154502284 0.011557554872616614 -0.7758655739612137 -0.916360256283412 0.09150419098524565 -0.3897572966071105 -24.47973431970462
-0.3919416992913034 0.027229964626854213 0.9195870526568842 219.60185512122194 0.09416355258224994 0.9954997097981517 0.010656092507755056 -0.7874542759996443 -0.9151583563193705 0.09076814745828546 -0.39274191663747415 -25.411458650405297
-0.39526451583869776 0.02824286361249574 0.9181331149983103 221.8203273713792 0.09352544110181366 0.9955702325815952 0.009638621577145264 -0.8055116471771895 -0.9137936540356338 0.08967860636007045 -0.3961550107736017 -26.36665330296902
-0.3976212997589225 0.028781374416545522 0.9170981669912959 224.00994023542646 0.09209153789642296 0.9957127202081144 0.008679092772880308 -0.8084678990877734 -0.9129163919225125 0.0879079695000291 -0.3985671055616262 -27.29868244636179
-0.4005353152422277 0.029323281240553042 0.9158120547065401 226.20203457867402 0.09220980249787536 0.9957037699473795 0.008447130946096185 -0.8290090667549455 -0.911629695599119 0.08783021969926876 -0.4015184158907176 -28.250693705494292
-0.40305726775935463 0.029311982692912623 0.9147052855608006 228.44268078348762 0.09411613234531421 0.9955152279761383 0.00956993471842179 -0.8538644287785166 -0.9103224050611189 0.08994575214411334 -0.40400837678017865 -29.211480326302596
-0.4055177212360964 0.02864229463672386 0.9136383908934846 230.62858359717254 0.09477592243423529 0.9954393979721968 0.010859494954801593 -0.8534297874726036 -0.9091604870327225 0.0909946355757571 -0.4063829147278228 -30.186358609120983
-0.4087258629627006 0.02813658238043238 0.9122234451736757 232.84046722506596 0.09364097552964776 0.995542469662438 0.01124979828214804 -0.8550322782670652 -0.9078405288846908 0.09001957350568471 -0.40953869059214565 -31.170570191099596
-0.4117063545518157 0.02788326833200417 0.9108899565215585 235.02644248666513 0.09222260255796229 0.9956753751943863 0.011204373993369841 -0.8779421422881921 -0.9066381630839124 0.0886175511344029 -0.41249734515520187 -32.133537347569444
-0.4152806768440143 0.02775699910172449 0.9092698279233584 237.21625672551912 0.09117382368124495 0.995771521762318 0.011243199256915018 -0.8762562310944919 -0.9051128014068638 0.08757068712561183 -0.4160553818277336 -33.141088340938744
-0.4186395495445154 0.027455711412197718 0.9077374194267701 239.43978331620588 0.09058886535835571 0.9958201287906834 0.011658807252268897 -0.8925472935887067 -0.9036229719089081 0.0871117374570394 -0.4193768704375974 -34.131116640029866
-0.4217803586883448 0.027251782459976413 0.9062884641144333 241.60598865026245 0.08989107048616968 0.9958806398508477 0.011888896003347051 -0.9017192435738157 -0.9022310209454183 0.08648173981883181 -0.42249258393637623 -35.14322131992701
-0.4255537091630661 0.02692011163890627 0.9045327294201446 243.78432693435298 0.08918312001993918 0.9959390814432113 0.01231732121145444 -0.9063767172030868 -0.9005277912616216 0.08591072950417215 -0.4262263883101619 -36.15582436788874
-0.4303279202745089 0.026339697704597563 0.9022883193306699 245.98731420159453 0.0882201980241238 0.9960161754245757 0.012999008245536042 -0.9215774662338025 -0.8983512505439732 0.08519388721623185 -0.43093726123576465 -37.182314732721856
-0.43371167324068505 0.02656345220669748 0.9006601339886485 248.13972353943663 0.08755496835055526 0.9960776511788039 0.012784350313918664 -0.9170417608431705 -0.8967877140466229 0.08440198834119586 -0.4343362655484561 -38.22120398780793
-0.43778639293754124 0.026959252320627073 0.8986747920440943 250.31041923542523 0.08741498325114201 0.9960909957774986 0.012702287599626567 -0.9207411351892554 -0.8948193043262451 0.08411852742271056 -0.43843172523304885 -39.25572920333501
-0.4416538886212311 0.026994722247328344 0.896779368722863 252.49041407188113 0.08749095633159854 0.996079115277511 0.013104500880684464 -0.9341786614404448 -0.8929093281065454 0.08424773521409865 -0.44228400726909267 -40.321214399853325
-0.4447487232769722 0.027105778676872846 0.8952451943861646 254.62856189689185 0.08707207077542209 0.9961159229495411 0.013096633910311987 -0.9301498673272135 -0.8914128790840606 0.08377556100523606 -0.44538143981661693 -41.37395330759218
-0.4488058855214712 0.0272878018129983 0.8932126066491982 256.82879792983687 0.0863535502206129 0.9961803085332482 0.012955946502528605 -0.9434746320910343 -0.8894471515129466 0.082946781620468 -0.4494479826474861 -42.450520953240044
-0.45190050544138566 0.027788823274232606 0.8916354758504653 258.9475220956095 0.08651091486202998 0.9961686847353106 0.01279892395587585 -0.936805903667743 -0.8878635531535584 0.08292003783672978 -0.45257316723652913 -43.529618891617744
-0.4557224010889296 0.028206247141549706 0.8896750011202376 261.09911076152025 0.08673155352843231 0.9961489057152733 0.012845020552403986 -0.9303391157711143 -0.8858863501971832 0.0830166554807706 -0.4564137413669387 -44.61468567255986
-0.45963705933138344 0.029266058407201728 0.8876245703486557 263.3019697278801 0.08760111988665306 0.9960769452356492 0.012520472723518937 -0.9437883174091604 -0.8837758271591803 0.08351177654172215 -0.4603976160486026 -45.71681907567717
-0.4629639098683842 0.031035254926377577 0.88583369605807 265.41203992584116 0.09004003163025134 0.9958638176556169 0.012167523045447187 -0.9563245406343228 -0.8817919859467932 0.08539361487709247 -0.4638434206375268 -46.8238451515843
-0.4662056961909517 0.03214733381590736 0.8840921350887708 267.539910806844 0.0911868654318563 0.9957629648401946 0.011877400086572436 -0.9438988780415691 -0.8799642608893786 0.08615489892880897 -0.4671617794537227 -47.93890452576113
-0.4690951395241268 0.0340998642601643 0.8824891243110117 269.74699747798104 0.09283815004282447 0.9956217931262287 0.010877597371353737 -0.9524944346943895 -0.8782543620032154 0.08703128256713506 -0.470207110863167 -49.097671205028135
