1.0 -1.3552527156068808e-20 1.3010426069826055e-18 0.0 1.3552527156068808e-20 1.0 8.673617379884037e-19 0.0 -1.3010426069826055e-18 -8.673617379884037e-19 1.0 -3.903127820947816e-18
0.9990551279047648 0.043430774369775264 -0.0016184081177373765 0.9792534792390581 -0.04343200875507233 0.9990561143504356 -0.0007355232888677896 -0.008312622834876437 0.001584936179537374 0.0008051190289755928 0.9999984198790796 0.004480618381523013
0.9959325482045857 0.08987426838016864 -0.006401195970270312 2.0295075326477248 -0.0899029015748121 0.9959411014989765 -0.004334816424579656 -0.05806523091372978 0.00598562571082039 0.004892670859007004 0.9999701165818483 0.02353699909248975
0.9908701593027955 0.13440127776331684 -0.010612442642498507 2.9989228088109483 -0.13445557516527257 0.9909090514230807 -0.0045771295356482914 -0.18923506727583686 0.0099007934140807 0.005962243151542955 0.9999332107427844 0.080087202100632
0.9832920100178146 0.18157748223603862 -0.012901200717254892 3.9989204194109873 -0.1816195534677944 0.9833665036232588 -0.0021580894157083833 -0.34099310473475797 0.012294748199324251 0.0044651423928362905 0.9999144471754206 0.04229642068076664
0.9740049241260939 0.2261673255938028 -0.012757296416905855 4.961798319279448 -0.22623823377594407 0.974062058644483 -0.004400850737375828 -0.5617416872412067 0.011431069768979401 0.0071726384976649685 0.9999089378042975 0.0817320436580774
0.9622047358656377 0.27198143281989684 -0.013716649699335498 5.903163353889228 -0.27207166546103806 0.9622630891080745 -0.005172638924474461 -0.8181650185371182 0.011792163965757383 0.00870904939829612 0.9998925428902762 0.08724641446451596
0.9483145182191832 0.316800798391604 -0.018352892773639953 6.913585300692382 -0.3169854621407316 0.9483954190257562 -0.008145303087497073 -1.1146679560271038 0.014825360911130365 0.013541909370640566 0.9997983923594056 0.1171604920234897
0.9332991381872741 0.3585260741198333 -0.020292186553235572 7.803531475509604 -0.3587650204016165 0.9333787043043227 -0.009584074676856888 -1.4768206306521467 0.015504154124595807 0.01622493535899798 0.9997481546256922 0.21003115319667304
0.9156977764929813 0.4012732845181826 -0.021847957748948196 8.698815297440342 -0.40154313594777097 0.9157895355934291 -0.009624784195058274 -1.8612302285617515 0.0161459623138444 0.017586290955206713 0.9997149745159362 0.16848234099579523
0.8957645347758627 0.4440021536804038 -0.021632978642460908 9.639789274132582 -0.44428002736859645 0.8958304322994013 -0.010153514053116732 -2.2807133276506457 0.0148712985021914 0.018706258135467092 0.9997144194155789 0.21447827238627
0.8741424947162901 0.4852257516312035 -0.020757381460924283 10.470720343327196 -0.4854915071090388 0.8741807324373396 -0.01029774539939178 -2.7336888072368977 0.013148971677465395 0.019079229262478882 0.9997315077332388 0.2568920589887715
0.849552029972918 0.5270815255504209 -0.021128506628139428 11.346796190961872 -0.5273565349905421 0.8495813337924127 -0.010326774630744986 -3.248605310191306 0.012507332715788076 0.019915388395562544 0.9997234337222421 0.26135840806722066
0.8240620977873152 0.5660926202246693 -0.02146635314946682 12.12081638802956 -0.5663781725814518 0.8240780636745179 -0.010540900993385928 -3.7755393182743853 0.011722824474691345 0.020844430853961114 0.999714001646826 0.27722972325210943
0.7966707459818414 0.6039740015937626 -0.023046212173672108 12.909549308891778 -0.6043109270527399 0.7966588177627482 -0.011959578818609318 -4.341774827297632 0.011136693467735602 0.023454924422776045 0.9996628634589401 0.3215975925701418
0.7671158326379793 0.6410352636212658 -0.024639198650806184 13.69421384198105 -0.6414108502133431 0.7671034964716896 -0.012014446699909725 -4.960442791585769 0.011199131427753679 0.02502032163907492 0.9996242108714359 0.3046092519600257
0.7367904575825963 0.6755784491733458 -0.027084693606637986 14.397210308780238 -0.676048371786634 0.7367075790677966 -0.014850654824196605 -5.593078595315858 0.00992071670139989 0.029252383776428473 0.9995228248637082 0.3671010215509249
0.7045575040250687 0.7091370781156172 -0.02689475717701006 15.070027695711827 -0.7095902601924978 0.7044739655770331 -0.014074603515280244 -6.280963117808256 0.008965833029258023 0.029000625265916923 0.999539182609805 0.37682129189654434
0.669439826251435 0.742299771888316 -0.029006338669379506 15.758051116304085 -0.7428065951409076 0.6693705373581527 -0.013470186785261101 -7.001510298057507 0.009417071923922797 0.030563579165605405 0.9994884623571038 0.3625778444457616
0.6345222854248301 0.7722118413730341 -0.03271607162417883 16.346721672870377 -0.7728470819394387 0.6344226815129684 -0.014671370746773141 -7.719475649353675 0.009426411668549713 0.03459383218382577 0.999356998043188 0.4207265613350411
0.597160971446605 0.8014227439984851 -0.0334717729271295 16.954126494149875 -0.8020677200957264 0.597083733869473 -0.013356164454349707 -8.496118656968157 0.009281517192261652 0.03482240873958471 0.9993504156641868 0.42575708061272355
0.5600548202059727 0.8276418334050396 -0.03670958951010292 17.45625110368576 -0.8283930998617313 0.5600066161179554 -0.012548386573127195 -9.253225155381378 0.010172043330973752 0.03743775503501365 0.9992471886537441 0.46536628668532615
0.5204503501175833 0.852878640145281 -0.04158675566116055 17.968936056617057 -0.8538049489299546 0.5204749333215374 -0.011088415876889001 -10.081325722529643 0.012187790825355168 0.04127794771881593 0.9990733650673108 0.4835374993203639
0.4814328788818763 0.8753661050310149 -0.044233079186724485 18.477982736112175 -0.8763931949155763 0.4814924317066041 -0.010000305741817943 -10.93156199559038 0.012543964173152284 0.04358004557238952 0.9989711850652806 0.48732936157831724
0.4429256782942477 0.895301682095257 -0.047452518847621444 18.890330931707066 -0.8965003670287628 0.44287810434804115 -0.012086215552401029 -11.766402689671567 0.010194872479543787 0.04789449578488963 0.9988003713698934 0.5021609956754597
0.4056885637095079 0.9125987138182866 -0.05079740950605274 19.304268654483845 -0.913969969094709 0.40557218364534753 -0.0130422178390571 -12.641708681304971 0.008699705071635321 0.051718385419051896 0.9986238149279802 0.5430846954275153
0.36943051947355315 0.9278005045455735 -0.0520318656832514 19.65962918884921 -0.929217741444253 0.3693583195606205 -0.01134992319780256 -13.574853009399584 0.00868793800289493 0.052541940736270734 0.9985809252118348 0.5440595718599837
0.3366335621296452 0.9401741451645231 -0.05244446216774806 20.0089484781185 -0.9416126798873055 0.33649250118103674 -0.011762556030763571 -14.44796972108866 0.006588317186746856 0.05334204170340714 0.9985545656916094 0.5583894547950109
0.30261476230927026 0.9516055155483633 -0.0535840313007296 20.301502956577814 -0.953106368983853 0.3023430645765524 -0.013301154268480778 -15.413520949151026 0.0035433084707825317 0.055096407145950765 0.9984747522519978 0.5557334276951124
0.26993328969221836 0.9613416761471435 -0.05438934471509578 20.58854243892004 -0.9628776404308642 0.26959775512971457 -0.013553596840311728 -16.34520428196903 0.0016336077338781237 0.056028850886119724 0.9984278137122147 0.5867398939588055
0.23771950163615266 0.9699516153437784 -0.05180060263987554 20.839845071740804 -0.9713323886186035 0.2374732166507397 -0.010948159390014357 -17.326281885424812 0.0016820708479524627 0.05291819408810082 0.998597434090493 0.6033661016598635
0.20557158859121524 0.9772742573766066 -0.0517237646840032 21.056663034199598 -0.97864111159119 0.20535844000399583 -0.009459694640160974 -18.32798013169765 0.0013771955721678872 0.05256364702079973 0.9986166263107323 0.5823196198376641
0.17510482997763388 0.9831087910210942 -0.05324850735510224 21.252150431675904 -0.9845497940459755 0.17485071486329282 -0.009430299879777039 -19.29039682957461 3.952886266895757e-05 0.05407709800680798 0.998536762422211 0.5868915536411439
0.1443209182353304 0.988020041342168 -0.05466141661109377 21.390249588084572 -0.9895287568393774 0.14398432019693164 -0.010067518330943243 -20.30736275938678 -0.002076522965801974 0.055541997116127666 0.9984541925440168 0.6006087183356271
0.11359326359122424 0.9920784236610658 -0.053637410199128065 21.543837681530153 -0.9935174065465664 0.11318508660584539 -0.010597125035215428 -21.361106380395256 -0.004442224181574174 0.054493462692346444 0.9985042459439611 0.6097473445299741
0.0843675131441665 0.9949702327707826 -0.0540033205083142 21.63619857003696 -0.9964163159852467 0.08391269574884176 -0.010638831258715937 -22.41771721809905 -0.006053756210652316 0.05470736140792323 0.9984840793139993 0.6004032544921014
0.05630050102745985 0.9968112912516718 -0.05654646953817578 21.700801423814227 -0.9983862567648975 0.05578736450920779 -0.010613777088905735 -23.495345918513785 -0.0074253543372145075 0.05705277902338879 0.9983435503466106 0.5881600420073257
0.031276880633750025 0.9976741470998133 -0.06056445282905169 21.748130228312874 -0.9994737233582273 0.030696630505976968 -0.010487763919029454 -24.54989363827727 -0.008604246292611832 0.06086060371241645 0.9981091893482877 0.5917793305671714
0.008352902551703803 0.997824853661438 -0.06538952847736038 21.7744506064098 -0.9999202750324955 0.007715397419392044 -0.009995810202254308 -25.663742951370615 -0.009469561653022426 0.06546780932787213 0.9978097480701965 0.581967919541409
-0.012057454026021314 0.9974358778767461 -0.07054280492477713 21.763695582001183 -0.9998635556955427 -0.012823262851135903 -0.010413160985831303 -26.75534439489493 -0.01129104929918135 0.07040762355097248 0.9974543993344398 0.5874518558683586
-0.029568511250049473 0.9967139517787498 -0.07541221036439637 21.73599858337687 -0.9994787505319797 -0.030459868141588423 -0.010696899916791902 -27.901343394024043 -0.012958795371812677 0.07505661038433137 0.9970950681154361 0.5748010542598884
-0.04541326936621327 0.9958877005997888 -0.07839210903871047 21.700200822342584 -0.9988628811111846 -0.046408375970882404 -0.010918213132597878 -29.02492753975246 -0.014511364640700204 0.07780713613680007 0.996862813963112 0.5605147717374424
-0.060050752463389104 0.9949041239536348 -0.08099192100840233 21.632088628191394 -0.9980586414611675 -0.061187253769924066 -0.01162188370203501 -30.15527147370302 -0.016518333247318925 0.08013678378962702 0.9966469989673301 0.5580919770122141
-0.07281622549103714 0.9940090919732525 -0.08150903250406286 21.543159141973113 -0.9971774503153308 -0.07406007974051582 -0.012338442828996526 -31.286025562394173 -0.01830108979963792 0.08038053037482634 0.9965962273904148 0.5415160112240411
-0.08538583449398159 0.9930089681768876 -0.08150121709544862 21.470213153685012 -0.9961659524735048 -0.08664760735311597 -0.012065955102485124 -32.44349832923968 -0.0190434870840749 0.08015847591024486 0.9966002028594141 0.5225486187939729
-0.09714394259591337 0.9919365334609885 -0.08139390642007019 21.350849730173632 -0.9951115627185215 -0.09826384672048623 -0.00985871044279403 -33.62827266495835 -0.017777293405464134 0.08003830341211662 0.9966332514150258 0.5042700120489061
-0.10765934699429332 0.9908123679679846 -0.081855460944506 21.246233927654075 -0.9940717532653255 -0.10853947103699739 -0.006366520793230275 -34.756177346833354 -0.01519257597526418 0.0806847861042217 0.9966238763578523 0.49775672406950794
-0.11700749107154272 0.9897269291420032 -0.08215748757284992 21.09247654410428 -0.9930381936846527 -0.11772664364747082 -0.003947563682016372 -36.00048105159927 -0.01357913534305498 0.08112362853473432 0.9966115411616973 0.47910494004442045
-0.1242141712318849 0.9888685812497242 -0.08191317770867748 20.947122827751603 -0.9921689072822636 -0.1248695600635772 -0.002907299751971156 -37.21493291605436 -0.01310339984489157 0.08091058019002265 0.9966352286196886 0.46078412789561474
-0.1305034118004337 0.988082782389446 -0.08161663221413332 20.804108449849274 -0.9913687605857255 -0.1310899351629516 -0.0018464651893670032 -38.442645732411705 -0.012523579487064207 0.0806712095143232 0.996662087124983 0.43130511664800636
-0.13577378902015863 0.9873259158637447 -0.08217672467875183 20.627809247408788 -0.9906699082872956 -0.13628204100021035 -0.0005814764470197121 -39.72563225519033 -0.011773318527539586 0.08133105904041156 0.9966176036004052 0.42453460951767785
-0.14030987547750282 0.986759768182258 -0.08135292705480283 20.444350606032785 -0.9900519286206242 -0.14069920116538726 0.0009557332286584241 -40.97870569446658 -0.01050321274992171 0.08067772113984327 0.9966848989693842 0.4063230198786705
-0.14425838989267395 0.9861676799903158 -0.08162612258395664 20.272932071410747 -0.9894886201388854 -0.1446003084124172 0.0017382240012160603 -42.30075288210258 -0.010088982169567178 0.081018872798575 0.9966615045687429 0.40277644511515115
-0.14725882856272812 0.9857285280412754 -0.08157270631720989 20.0696920328927 -0.9890394921935483 -0.14764545208364546 0.0013051285546773882 -43.656750508565395 -0.010757336652784114 0.08087081973491227 0.9966665391310888 0.3904372434781058
-0.1494239366832381 0.9853306609330915 -0.082437708430309 19.879742687956117 -0.9886862526607303 -0.14999638759305198 -0.0007599399433345175 -44.98588897474144 -0.013114150592630896 0.08139147580792422 0.9965959295120775 0.3719622196428486
-0.15160405192879212 0.9849456649896376 -0.08305569490945612 19.670020209809156 -0.9883414123517473 -0.15224720503888162 -0.0014287016491073886 -46.36243015893348 -0.01405219090837863 0.08187078585166566 0.9965438828043174 0.34910415950457235
-0.15385708694485573 0.9844963265350078 -0.08423170327090809 19.45731756580274 -0.987989797176374 -0.15451371335304007 -0.0012934686860713203 -47.786014554956424 -0.014288368424364699 0.08302105410635169 0.9964453558037389 0.3409381758036498
-0.1545933185776476 0.984293795817998 -0.08524452689379539 19.246606743079166 -0.9878791588797524 -0.15522299081913407 -0.0007684869522854142 -49.18988533909922 -0.013988327354718645 0.0840924885787076 0.9963597643735204 0.30019066022121943
-0.1556242608172031 0.9840747165058197 -0.085895528283431 19.01532767141845 -0.9877211690110081 -0.15622677288408526 -0.0002961785810251319 -50.62323738236215 -0.0137106430420515 0.08479473903618666 0.9963041054312475 0.29322170913817097
-0.15560379226266088 0.9840463012919932 -0.08625738662298021 18.79463678035824 -0.9877362168507462 -0.15613054540917792 0.0006470792906221254 -52.08517891848229 -0.012830656836436883 0.08530023272993008 0.9962726757978286 0.25620477892667987
-0.15501300502210205 0.9842217699340283 -0.08531398397652237 18.568647957828976 -0.9878431278308638 -0.15544594423785757 0.0015853130089606721 -53.550678208457896 -0.01170141322034526 0.0845225769124997 0.9963528546256679 0.2547775377901488
-0.15364462862286507 0.9844269635811717 -0.08542178568548156 18.33324679508691 -0.9880587981297759 -0.15406847830957132 0.0016478560967949259 -55.062978932762974 -0.011538610561261915 0.0846549311365122 0.9963435166149213 0.2409234286367947
-0.15226113219032172 0.9846049927070208 -0.08584611791181182 18.10696897810504 -0.9882667615692827 -0.15273394939021978 0.0010717653793545466 -56.56778431531781 -0.012056351084966485 0.08500205315210398 0.9963078316255689 0.21000254161962129
-0.15086880933149177 0.9848004177483451 -0.08606241673101495 17.87555758070212 -0.9884829329452283 -0.15132758258668555 0.0012058293698239061 -58.11003982137271 -0.011836116208336606 0.08525315214791042 0.9962890175054364 0.20491820640930394
-0.15023747438607163 0.9849037711517901 -0.08598408492899721 17.65417526902603 -0.9885893281397344 -0.15062204589194478 0.002034595673224577 -59.679619050198745 -0.010947217834824293 0.0853086212660093 0.9962944331669076 0.17281298675575907
-0.14914699977001056 0.9850407456361597 -0.08631281420602059 17.413501199792485 -0.9887635604227825 -0.14946062247185293 0.00285375373655471 -61.25295433377211 -0.0100893032300114 0.08576859429234462 0.9962639982421567 0.16680257835685505
-0.14795342929619476 0.9852417296446278 -0.08607274206366326 17.174333100202244 -0.9889430782100352 -0.14827040450159143 0.0027340829165062846 -62.873601250089905 -0.010068307700690015 0.08552555942989477 0.9962851037048821 0.14889277004182963
-0.14712821629632583 0.9852330016285712 -0.08757408561565005 16.92734151176432 -0.9890457327119356 -0.14760580053543895 0.0010325950815847796 -64.47792221176566 -0.01190909626176043 0.08676669954681833 0.9961574741354804 0.1298845417852703
-0.14678683396725595 0.9850239247289361 -0.09045160631781292 16.69206035425102 -0.9890773488886925 -0.14739739774115984 -7.109465484221936e-05 -66.10769141958205 -0.013402361328693409 0.08945319922024983 0.9959008494122682 0.10566980259526644
-0.14571979557600312 0.9849780163205756 -0.09265014054210399 16.459879709100633 -0.9892404434574711 -0.1462977507613631 0.000559598277396817 -67.77264614907494 -0.013003315167827262 0.09173481066285491 0.9956985679950013 0.08627415365186213
-0.1452686741766951 0.985126203143792 -0.0917789528292919 16.216345067972213 -0.9893221359103751 -0.14573634409296818 0.0016215449883180307 -69.41948135766191 -0.011778102592453394 0.09103450933526347 0.9957780849212385 0.09169266594688265
-0.14425560581426244 0.9851986844318106 -0.09259520713832833 15.977681543669075 -0.9894760962298101 -0.1446805626819066 0.0021423752851254287 -71.11253720416838 -0.011286061357956241 0.09192979373346105 0.9957015305015594 0.05888656068864863
-0.14426814554303227 0.9852392939751498 -0.09214247548727435 15.726473981008319 -0.9894681484026306 -0.14474247009021787 0.001549402740537097 -72.8155057041383 -0.011810397040085508 0.0913955740697047 0.9957446276843399 0.0580259754318419
-0.14389850218588304 0.9852226202420482 -0.09289569221472117 15.481377014788341 -0.9895201801537308 -0.14438710917722988 0.0014750498198036945 -74.51185884891476 -0.011959688005446736 0.09213441955553572 0.9956747534189951 0.022516970082166236
-0.14394137541110347 0.9851596013209387 -0.09349567032718066 15.240587069964143 -0.9895086243396611 -0.14446937703110033 0.0011320148749792407 -76.23956620873278 -0.012392045924349001 0.09267771590525335 0.9956190426927329 0.019000151472661184
-0.14359941387800015 0.9850959654357733 -0.09468446132315793 14.99382389509397 -0.9895582732569234 -0.14412775240618947 0.0012707537591219575 -77.96616791205116 -0.012394844197124144 0.09387827154619928 0.995506523318068 -0.007973671307281058
-0.14389695603566732 0.9850167494442847 -0.09505613792851271 14.76475725342235 -0.9895221351533343 -0.1443682592281207 0.0019364320356054822 -79.73153098512425 -0.011815671172455626 0.09433879923794532 0.9954700301230003 -0.018679536607717304
-0.14479220837602214 0.9849366356056501 -0.09452534176302853 14.487673758749974 -0.989401118133021 -0.14518157955322927 0.002781437678089648 -81.52414525990227 -0.010983798556160903 0.09392620933611726 0.9955185700774374 -0.037162488294149594
-0.1458164980596835 0.9848243182388402 -0.09412019495843617 14.238484653406653 -0.9892568565041098 -0.14614838088145296 0.0033944992763132627 -83.30330849706293 -0.010412528665864692 0.09360402219527465 0.9955550543669842 -0.05831355674225656
-0.14713605093965113 0.9847432751765753 -0.09290675168358947 13.985031758254836 -0.9890625529486398 -0.14745643927915716 0.003444542035107502 -85.08613644042443 -0.010307709183119795 0.09239740531867768 0.995668855906306 -0.054538624111493364
-0.14791848021721227 0.9846118176716133 -0.09305746456696358 13.708863112540962 -0.9889455689666969 -0.14823733119647087 0.003515005104384312 -86.89917127781906 -0.010333674630363996 0.09254870145577031 0.995654534980625 -0.08566321892220775
-0.14879386463014826 0.9845909262595659 -0.09187542530924644 13.458726617130202 -0.988807234583258 -0.14917309099122392 0.0027643733347193396 -88.72162509193653 -0.010983564277355055 0.09125840701795007 0.995766671697899 -0.07929598003922236
-0.1493813038880627 0.9847037857508931 -0.08968656742545919 13.166595974548748 -0.9887159185647031 -0.1497858892941802 0.002240478767375556 -90.55780153747224 -0.011227574335435654 0.08900922253458214 0.9959675194896325 -0.11978753943650321
-0.15077557837548386 0.9845003250064429 -0.08958702488500508 12.891660024565553 -0.9885103431344946 -0.15112530925311984 0.002905584153396132 -92.4338394689966 -0.010678318297461275 0.08899579184072183 0.9959747599979534 -0.12455776729217384
-0.1533015220112354 0.9842500015433736 -0.08803736599256055 12.627868541764235 -0.9881259845470852 -0.15361048275907896 0.003295185787831466 -94.29297170019619 -0.010280175674196123 0.08749716594491533 0.9961117226193634 -0.14337422375960812
-0.15763574449183673 0.9835581685588418 -0.08811527177329428 12.33623678695259 -0.9874473680766497 -0.15789655230680089 0.004046485898066681 -96.19069108635941 -0.009933143359578294 0.08764706401701561 0.9961020654692948 -0.15927749959841922
-0.16217016603092688 0.9829198057704511 -0.087002831411857 12.032562777692574 -0.9867060598235695 -0.16247486868860248 0.0036150452373248532 -98.06827159186363 -0.010582474046655348 0.08643247346223398 0.9962015051053938 -0.17880279021321036
-0.16708597134851297 0.9821781033765123 -0.0860723615700236 11.723603030331542 -0.9858800751478424 -0.16741857219872558 0.0033910336808496058 -99.98225449657015 -0.01107951285068307 0.08542362044924741 0.9962831171230065 -0.20046451570123888
-0.17172494399469154 0.98148188553493 -0.08487550869843799 11.41186437837646 -0.9850847646240478 -0.17202818290679445 0.0037829606620781546 -101.90187109669921 -0.010888072171161178 0.08425919921637659 0.996384382270121 -0.21282011154343564
-0.17638191282337454 0.980662305239307 -0.08479896173595458 11.081238258311569 -0.9842720511454006 -0.17658348048695152 0.005177234120684673 -103.80619920673101 -0.009896977457460456 0.08437841846018916 0.9963846307201671 -0.21348287082683792
-0.1811653684426327 0.9798772295352929 -0.08378379506374839 10.724380582923976 -0.9834148489282348 -0.18124671454181496 0.006698012784034165 -105.74813772122825 -0.00862230737693776 0.08360767611910333 0.9964614454706517 -0.22587714071153644
-0.18633835128218967 0.9790118716009871 -0.08254558804544045 10.383948366194065 -0.9824500010304152 -0.18638832480161177 0.007168532136069973 -107.68718901894155 -0.00836745581238791 0.08243268551964789 0.9965615074049602 -0.23399280835096173
-0.19135445532814696 0.9781678988038988 -0.08106191569185812 10.020928497195007 -0.9814813925572513 -0.19143498061440523 0.006850128541952787 -109.62645930420786 -0.008817510416618837 0.08087156451267657 0.9966855279190748 -0.24196820226213836
-0.19684599751299608 0.9772684180165877 -0.07872796460260861 9.655533698363127 -0.9803885950049904 -0.19697753909596352 0.0061686202540686234 -111.60331619892236 -0.009479242968417248 0.07839826681154509 0.9968770514530322 -0.2478857819801122
-0.20249096529947394 0.9761632130273795 -0.07812035908871683 9.269916342796249 -0.9792292178569904 -0.20267910864428423 0.005596232156133909 -113.55022620326669 -0.010370528784693717 0.07763092458048693 0.9969282279489856 -0.25892248281767927
-0.20828608585325306 0.9749606058698278 -0.07790201179603536 8.879768281205255 -0.9780072644474167 -0.20849869448444913 0.005484987361968481 -115.54285093121815 -0.010894821155572386 0.07733118000016989 0.9969459320704255 -0.2751392676258482
-0.21375744549326872 0.9737207051089157 -0.07858589528909322 8.453152639356004 -0.9768327049576423 -0.21389918638094294 0.006708546094829728 -117.52461350858563 -0.010277208829641749 0.07819927434296761 0.9968847739186838 -0.28344982409909514
-0.21938639869437532 0.9725373339274916 -0.07772221165869606 8.020351033447351 -0.9755904094511099 -0.21946573823735346 0.00762513783148706 -119.49168321770368 -0.009641631341651491 0.07749789582395131 0.9969458937615078 -0.2917519995891183
-0.22528773048983386 0.9711481175620339 -0.07820979635862706 7.571683018419781 -0.9742385109213392 -0.2253916139436414 0.007612108883365479 -121.48559690526713 -0.010235347014716857 0.0779099102784649 0.9969078611145014 -0.30068574631570094
-0.23117037941962074 0.9698261691838503 -0.07744325177293541 7.125468942409093 -0.9728596048998707 -0.23126028751026356 0.007928970597606942 -123.50278214925423 -0.010219825490490247 0.07717435446343497 0.996965232182194 -0.31823253558102343
-0.23645696928776333 0.9685974008567473 -0.07685815980622748 6.659175399970827 -0.9715902335272198 -0.2365197141518267 0.00841682434535827 -125.49012229488092 -0.010025955803222526 0.07666485421033581 0.9970065096774142 -0.32536442147077543
-0.24186804656424424 0.967379024262953 -0.0753503249313075 6.174820545682367 -0.97025768465301 -0.24192468207717402 0.008513141232146179 -127.52583349468483 -0.009993669144852044 0.07516828864564712 0.9971207825329427 -0.3313336594613949
-0.24609325385195885 0.966173318370208 -0.07711828108857195 5.679914003522663 -0.9691814779362733 -0.2462158464393661 0.008063484817845364 -129.52008110330576 -0.011197018970086254 0.07672597885753654 0.9969893434408096 -0.34135351865727237
-0.24991654922948447 0.9650105714389494 -0.07934932534243108 5.161941137151206 -0.9681936548991935 -0.25006824122705196 0.008180546592388396 -131.55118901070057 -0.011948432289131209 0.07886996729225429 0.9968133040971868 -0.36765499695313747
-0.2534637280427003 0.9639551683323889 -0.0809108893287661 4.629052489359286 -0.9672685238567474 -0.25360659513095174 0.008677422547876821 -133.60027726893856 -0.012154888838855758 0.08046196835375889 0.9966835657950591 -0.37465052396080134
-0.2564882799116306 0.9631235749780903 -0.08128186507084861 4.108599993757164 -0.9664706948608633 -0.2566184984992692 0.009018991248495008 -135.61834134742796 -0.012172027075754746 0.08086980616647454 0.9966503480195369 -0.3933920167970578
-0.2597634486962705 0.9623118565182576 -0.08049125123766292 3.5783795284859172 -0.9655942404005382 -0.25989824139996315 0.00898148220029715 -137.66016422559352 -0.012276547834297562 0.08005494938847335 0.9967148496193288 -0.41174522191360663
-0.26407556807563354 0.9612424143204751 -0.07922824784680858 3.028840087911007 -0.9644312260722039 -0.264158858024351 0.009618102938533137 -139.71453258530843 -0.011683514984664757 0.07895010220775311 0.9968101006906924 -0.42115266807512614
-0.26842578934493483 0.9602273555982205 -0.0768831657477576 2.469339188395974 -0.9632327080943748 -0.2684966188567309 0.009608106976933567 -141.76368993715448 -0.011416902895508806 0.07663544364947521 0.9969938129722383 -0.42800678913356444
-0.2730399133577532 0.9589495469163382 -0.07658310637823756 1.8987377300642938 -0.9619319550284242 -0.2731188094880287 0.009645195645266481 -143.8569492488342 -0.011667030846971571 0.07630126062386998 0.9970165485178387 -0.45204529950104466
-0.2777874847287427 0.9575706590239961 -0.07676292271942538 1.3338062352358127 -0.9605727864234134 -0.2778421054370845 0.010182653340248092 -145.87537841964328 -0.011577361998235097 0.07656498822985582 0.9969973757570898 -0.45886347269268024
-0.2820900287080315 0.9563763204367238 -0.0759575500619573 0.7403435761457663 -0.9593202689342235 -0.28212501879143675 0.01049263474540223 -147.95845324425008 -0.011394617829086897 0.07582748498957502 0.9970558435738115 -0.48114921863912197
-0.2867274749371735 0.9550358989013701 -0.07545718604483223 0.11577788834267227 -0.9579428211960591 -0.28676382386045834 0.010585870009738797 -150.0885021304733 -0.01152850532756216 0.07531892945720806 0.9970928504559304 -0.4881444557815071
-0.29071669063761885 0.953820081793258 -0.07557153797967722 -0.5025083035292168 -0.9567309696689306 -0.2907946446808838 0.010214024733984046 -152.1455982180854 -0.012233456627581128 0.07527101827942362 0.9970880685005311 -0.5115637457981391
-0.294721532450575 0.9525307170427075 -0.0763180935302371 -1.1197753944719473 -0.9554987578940274 -0.2948157422883076 0.01028599834556823 -154.24620003821036 -0.012702046014541127 0.0759533487681717 0.9970304643479782 -0.5241987175081692
-0.2987902247252743 0.9512003284078707 -0.07708655424507593 -1.7833992190848607 -0.9542364525590172 -0.29884937734903255 0.011038218410498925 -156.40824959321185 -0.01253771176101898 0.07685691182225915 0.9969632996700245 -0.5376141252768627
-0.3025268657994724 0.9500186325252621 -0.07708497469921675 -2.413170578156622 -0.9530641682799078 -0.30253752012796964 0.011821169812915854 -158.44498909911033 -0.012090765504113093 0.07704314875217154 0.9969544456091638 -0.5545625689400531
-0.30664456355179537 0.9487182643838777 -0.07682946354473279 -3.0913859342711625 -0.9517620159113013 -0.30654593005026537 0.01336629485211294 -160.5533824118873 -0.010870911304243325 0.0772220667559495 0.9969546507707133 -0.5643436775537491
-0.31008968952940336 0.9475401322420096 -0.07753761821434403 -3.7811937511002642 -0.9506549142952018 -0.30989585456058155 0.014825425880879452 -162.723256142362 -0.009980900457413627 0.0783087295067544 0.9968791925349316 -0.5790133396047864
-0.3134746395315173 0.9465154477302472 -0.07643400799771591 -4.442210063676804 -0.9495462923978926 -0.3132692692633199 0.014973427417983833 -164.7820792068556 -0.009771845475721887 0.07727141866974582 0.9969622053482085 -0.5849951770648572
-0.3172736198503845 0.9452672983820031 -0.07620488669778921 -5.162743524930507 -0.9482821736377519 -0.3170707258313425 0.01506897414047074 -166.97222722568796 -0.0099181302620122 0.07704472357257716 0.9969783053114701 -0.6026314815757879
-0.32117527135887564 0.9439344930092874 -0.07638139809437955 -5.848480974084859 -0.9469664555161021 -0.32096671584979536 0.015326429586398132 -169.05350919346947 -0.010048740957089557 0.07725309200217308 0.996960873144619 -0.6135668235578577
-0.3245971192950392 0.9426829933114761 -0.07736591152877118 -6.560315994677779 -0.9457952989014647 -0.32438847773157153 0.015600259321008435 -171.20619051950666 -0.010390511115970037 0.07823611465499333 0.996880708832526 -0.6275812144016222
-0.3279251143519224 0.9413213912871756 -0.07986962928707447 -7.302516432625514 -0.9446389065362987 -0.3277189539299171 0.01605065397380933 -173.40444099513059 -0.011065967431035086 0.08071137181498612 0.9966760852075053 -0.6297965945447809
-0.3305177510552951 0.9403730061498959 -0.08035313025612413 -8.024501569576897 -0.9437244566329841 -0.3303669952784956 0.01554986763408115 -175.50402020648693 -0.011923346431643443 0.08097072146934417 0.9966451605634801 -0.6520383836862267
-0.3333677072372796 0.9393474973979725 -0.08057450529494685 -8.775491803531056 -0.9427083919301885 -0.3332877909864985 0.014836986342858958 -177.66418792397425 -0.012917412889490306 0.08090443443659952 0.9966381554670364 -0.6574166688606453
-0.3362728599201727 0.9384301144806872 -0.0791800727258585 -9.540585956021756 -0.9416839933082036 -0.33615355421891124 0.015233014577185731 -179.84668420663758 -0.012321543256554825 0.07968505645199633 0.9967439346943723 -0.6798697410171642
-0.33952798244315546 0.9373869332172612 -0.07763044874028543 -10.299506676842165 -0.9405367499968398 -0.3392743226127139 0.016839118773450033 -181.98797933031554 -0.010553248005355812 0.07873164198225448 0.9968399859091306 -0.691044569823686
-0.3431893908910169 0.9361671473919636 -0.07623722269237179 -11.082027753080277 -0.9392201908511479 -0.34284387537279787 0.017986389768226745 -184.16379718090684 -0.009299197674310918 0.07777627699597706 0.996927467601961 -0.6942572457027862
-0.3465747414896375 0.9350375425775467 -0.07477126809098222 -11.86686670088651 -0.9379885871136852 -0.3461359046364395 0.019166271572384 -186.3481542036957 -0.00795983705007005 0.07677714172887816 0.9970165051302211 -0.7165471148820134
-0.3495494838281006 0.9340731325175549 -0.07295575004309761 -12.646893475988092 -0.9368932477401801 -0.349043885002855 0.019985211556833783 -188.5176283485445 -0.006797109265422221 0.07533756998308513 0.9971349205873183 -0.7142954141430341
-0.35304849219605705 0.9327271651902814 -0.07332664914062391 -13.459604927206012 -0.9355806486540958 -0.3525191077201137 0.020472629440211835 -190.75678519887586 -0.0067536673053986964 0.07583082492177161 0.997097825676905 -0.7172710769340557
-0.35671732283738244 0.9313350999440083 -0.07326447433793938 -14.27759247676033 -0.9341811138580587 -0.35624828271964976 0.019819373608095187 -192.9099163974613 -0.00764186486712578 0.07551220213703495 0.9971155947179685 -0.7301981078693197
-0.3604687816552191 0.929896880659811 -0.07317136592380322 -15.10882953160527 -0.9327321896985762 -0.3600610607588122 0.019149277410338485 -195.10699577618507 -0.008539306300932649 0.07515200505902728 0.997135525584916 -0.7297801617868851
-0.3642936454743798 0.9283985565652161 -0.07325476117366077 -15.967683626034916 -0.9312378472112659 -0.36393108384232814 0.018714650268580997 -197.32069513202177 -0.009285030334567835 0.07503523426345475 0.9971376544042024 -0.7368266584801795
-0.36766811295695556 0.927158878083393 -0.07208726313167481 -16.80841108084193 -0.9299166349545974 -0.36726876859248764 0.01920165751376174 -199.50636241801612 -0.008672413123771955 0.07409498233822419 0.9972134790720134 -0.7474761245328808
-0.37148705122742437 0.9257152342445287 -0.07105403477600888 -17.67569731327342 -0.9284028021018722 -0.37105113505817167 0.019730489640008432 -201.69915529166778 -0.008099865415241242 0.07329638640233048 0.9972773094383603 -0.7640329568315697
-0.37493057162065374 0.9243216191672108 -0.07110985026222144 -18.546406473452908 -0.9270168765703013 -0.3744875679358982 0.019969276784572207 -203.93242019594268 -0.008171720629871227 0.07340712364315705 0.997268578257826 -0.7623210269197379
-0.37733789028022074 0.923299855174151 -0.07164840538535194 -19.41346824367461 -0.9260403778769516 -0.37686782029515187 0.020490597050688467 -206.08966371491766 -0.008083013075868457 0.07408119505902122 0.9972194550038835 -0.756417199141052
-0.37994397193147694 0.9221260592079191 -0.07298019678383011 -20.32706929607893 -0.9249689544714796 -0.37948172091564797 0.02064114228515603 -208.33584725974887 -0.008660915475329612 0.0753468939012871 0.997119769196538 -0.7625005188634333
-0.38278644443401166 0.9208561723255845 -0.07415151952212787 -21.202666648053324 -0.9237863953976957 -0.3823694850075796 0.02030449736315811 -210.5151411167247 -0.009655756609372818 0.07627245128427143 0.9970402597384866 -0.7756522744705254
-0.38522755125637087 0.9197661389433217 -0.07503321535369736 -22.12623717030504 -0.922767201591868 -0.3848123750540253 0.02049701616316477 -212.71749198097282 -0.010021248391943526 0.07713420550296952 0.9969703550868966 -0.7807868029874862
-0.3878339695146955 0.9187375314609052 -0.0742035064912465 -23.049800553042004 -0.9216824207852896 -0.3873670157552446 0.021173339846238343 -214.95866146733854 -0.009291248884973248 0.07660380793405933 0.9970183194426064 -0.790604550766013
-0.3904268501600562 0.9176463329148107 -0.07410858494194465 -23.96849865071577 -0.9205895234566904 -0.38993189301729275 0.021634419560834523 -217.14461123047647 -0.009044555040505066 0.0766702451799322 0.9970154810875147 -0.8018782171946937
-0.3933995318429465 0.9164360167849028 -0.07336099430332006 -24.89827246977604 -0.919331833191176 -0.39283381749594576 0.022595847249298393 -219.3597161382476 -0.008111031198444432 0.07633229310706738 0.9970494432082666 -0.801751038661214
-0.39679729167546657 0.9150577542961907 -0.07225797963842463 -25.851325452435447 -0.9178791396852163 -0.396159406005757 0.0235713801864246 -221.57913271233988 -0.0070565040736829685 0.07567715200493512 0.9971074036505195 -0.7950578497162271
-0.39918963261605706 0.9141557287585346 -0.07047652651635149 -26.781584559558524 -0.9168482948113936 -0.398508725212629 0.024083193950248653 -223.7694494012805 -0.006069721023022582 0.07423004450596783 0.9972226727162519 -0.8033845754039836
-0.4021385585841809 0.9128691475372033 -0.07038820337625673 -27.73163459506947 -0.9155604118871209 -0.4014278872898076 0.024592346189966134 -225.9624809594899 -0.005806193669081868 0.07433418312419621 0.9972164846884228 -0.793781556339955
-0.40465166973211913 0.9115926502060051 -0.07249735356135441 -28.69065853347555 -0.9144448370383319 -0.4039650857608563 0.02455299371079903 -228.20407812620607 -0.006904071041528991 0.07623024056512011 0.9970663389295806 -0.7797842635095584
-0.40704290871267146 0.9104439295890786 -0.07353857179144033 -29.663953581972113 -0.9133725113881308 -0.40642534049589163 0.023855775890494098 -230.39075967126368 -0.00816859273477986 0.07687843440910855 0.9970070112168409 -0.7904918587226367
-0.4101943343441154 0.909107815259474 -0.07255059135619675 -30.646222076444882 -0.9119583091230258 -0.4096199640506801 0.0233136756559598 -232.60354158989722 -0.008523525881923295 0.07572625228588384 0.9970922145023873 -0.7995830465434195
-0.41314244236665826 0.9078837915977556 -0.0711360897814572 -31.60713820289076 -0.9106272631616843 -0.4125866854879433 0.023026388008836322 -234.7905366619576 -0.008444519049240764 0.07429164093056519 0.9972008033419703 -0.7874402931552288
-0.4166930575519333 0.9063422909234086 -0.0700752985846572 -32.612660413332996 -0.9090080323410016 -0.4161512304970239 0.022859363406569702 -236.98127763619215 -0.008443513934490337 0.07322434731372171 0.9972797511395273 -0.7995763128703395
-0.42001407390950113 0.9048444392653489 -0.06960401172720176 -33.60061599604504 -0.9074747085151449 -0.41950269844623056 0.022519755808705334 -239.205848824781 -0.00882219492512366 0.07262249463428863 0.9973204811643024 -0.794021291385549
-0.423126760349352 0.90344227160061 -0.06896235611833328 -34.61077335194064 -0.9060256239095383 -0.4226359856202775 0.022279867102576702 -241.3730211554348 -0.009017399602656764 0.07190886971651204 0.9973704431957565 -0.7950167437079858
-0.4268593587054896 0.9017292160501662 -0.0683776923206025 -35.62128228391006 -0.904269126206568 -0.4264006597842442 0.02190490185258314 -243.55239430057358 -0.009404003144843335 0.07118214844407313 0.9974190024597174 -0.8005652819506314
-0.4315697534804687 0.8995398106872189 -0.06764374967142187 -36.645303317666134 -0.9020237769513136 -0.43116204962707355 0.02126952693098044 -245.75667623394736 -0.010032631523890093 0.07019555506001456 0.9974827970218445 -0.7956018355011728
-0.4349613464385572 0.8979649632428742 -0.06683974784947212 -37.682260745301306 -0.9003960162083943 -0.43454198261089716 0.02145412185673818 -247.90998634139163 -0.00977962680322802 0.069513956417502 0.9975330414391171 -0.81012997983462
-0.43905396493260357 0.8959931222086555 -0.06654277445181854 -38.71461552657107 -0.898408847900088 -0.4386184957717141 0.02180268749020174 -250.08175023601558 -0.009651833597647643 0.06935517372009325 0.9975453383112264 -0.816562448276744
-0.4429098731940454 0.89408463124594 -0.06665970594779172 -39.7779469157555 -0.8965102473051672 -0.44248664520790676 0.021793239536148763 -252.26289862060185 -0.010011029121051904 0.06941355042398759 0.9975377377891395 -0.8129659245133627
-0.44600369665795536 0.8925812505878038 -0.06617713854912956 -40.82886023230006 -0.8949756094110193 -0.4455787713575303 0.021868174932724978 -254.40193422047025 -0.009968005157153683 0.06898021176124286 0.9975682278714378 -0.8267090827256303
-0.45006306136416 0.8906035163921627 -0.06533465684791714 -41.90315340171867 -0.8929432097755439 -0.44963130036240523 0.02200267824973962 -256.60336066246754 -0.009780844097997045 0.06824273092665128 0.9976208020908562 -0.8234742055352988
-0.45318675829106503 0.8890207371337999 -0.06529847667220659 -42.98046969807754 -0.8913640217814629 -0.45273104319228935 0.022467380879783123 -258.7229558818718 -0.009588679951464826 0.06838663229094068 0.9976128135407504 -0.8395492451949935
-0.4570281576070724 0.8870457923239776 -0.06538367896204408 -44.06354104035656 -0.8894005100721989 -0.45655785425512313 0.02283984240904493 -260.87554468385673 -0.00959144606393064 0.06859072851548059 0.9975987751216008 -0.8555878040059505
-0.46101303903991503 0.8849454111714726 -0.06586802776563999 -45.1634950360258 -0.8873454369803311 -0.4604878812689704 0.023853441567202982 -263.0795631817136 -0.009222434893622134 0.06944444146919168 0.9975431901645487 -0.8521064507349777
-0.46446962993783825 0.882994246949222 -0.06774306399908377 -46.2686185112883 -0.885545000798494 -0.4638486217006453 0.02558334824074028 -265.1906698715168 -0.008832577551481442 0.07187221995310855 0.9973747387881895 -0.8487470886922077
