1.0 0.0 0.0 0.0 0.0 1.0 0.0 0.0 0.0 0.0 1.0 0.0
0.9999968080650684 -0.0009739423456541999 0.002331372124333243 0.21621951813573864 0.0009718982649162359 0.9999991424892812 0.0008777439631479159 -0.01891577401653785 -0.002332224997171009 -0.0008754753049237853 0.9999968971299626 0.22513328970102364
0.9999985407075992 -0.0016968066954934139 0.00019856915715463748 0.36284404820326666 0.0016963596691057228 0.9999960743691675 0.0022301592157131537 -0.032542135037421954 -0.0002023525267346702 -0.002229819116549032 0.9999974934769398 0.6701736458733849
0.9999980862049369 -0.0011655828186177626 -0.0015713061943808408 0.4440268007791961 0.0011694326303976746 0.9999963115681682 0.0024513827489910426 -0.017198381524895917 0.0015684431091109762 -0.002453215594282895 0.9999957608507455 1.349910838678955
0.9999972086086198 -0.0010736051731776773 -0.0021047914149801834 0.5291411829491208 0.0010798023342116039 0.9999950793428296 0.002945389116408328 -0.03218518609843202 0.0021016188730308178 -0.002947653653357461 0.9999934472465569 2.325158254761471
0.9999951722516537 -0.000724518146754023 -0.00302167947347491 0.5362897112593368 0.0007351800246585647 0.9999935033639679 0.00352884403018075 -0.03805138450694012 0.0030191031311862346 -0.0035310484721996385 0.9999892082982547 3.5332013597899867
0.99999088117202 -0.0005759574245101977 -0.004231529965902173 0.5150435374036197 0.0005924461764829563 0.99999223342479 0.0038964211307736156 -0.03513356631379683 0.004229252928727152 -0.0038988925537285575 0.9999834558914059 4.932227570772501
0.9999835300133402 -0.00022383507144383482 -0.005734945502783171 0.5119706687006111 0.00024730536992700365 0.9999915966465863 0.004092123686414786 -0.04799140112214495 0.005733981349211598 -0.004093474572011337 0.9999751821539449 6.4002732652332455
0.9999688206487267 -0.0011024626052950194 -0.007819354615211601 0.5112686816255643 0.001137123251590595 0.9999895426819099 0.0044296137004757345 -0.050548476367022754 0.007814389362272453 -0.004438367157939552 0.9999596172925516 7.919155063048618
0.9999613773141305 -0.0008856847339006661 -0.008744109021467808 0.4878984142262457 0.0009227285773109401 0.9999906137879574 0.004233309338678768 -0.06161962092019024 0.008740277569951261 -0.004241214276179224 0.999952808711223 9.424627649463188
0.9999551649349266 -0.0008037487210208114 -0.009435152778680109 0.46985862102063614 0.000843277968580689 0.9999908816736066 0.004186341112537168 -0.07112423454556804 0.009431701979562543 -0.004194109874129422 0.9999467248009428 10.897005547107824
0.9999401971137541 -0.00020381681087573654 -0.010934379489215789 0.4250011292154312 0.0002554555279359025 0.9999888214396965 0.004721412725039942 -0.09087138493265101 0.010933294955310839 -0.004723923618616895 0.9999290712880918 12.414679740078206
0.9999373282250901 0.0007091317970248294 -0.011173036926591254 0.39373409848908203 -0.0006480546069073857 0.999984834079467 0.005469153159959984 -0.09282557600702113 0.011176745827609642 -0.0054615696603707705 0.9999226228111604 13.884350767430556
0.999935735302906 0.0015480122907255934 -0.01123071334263562 0.3784216037908159 -0.0014810552613994418 0.9999810955845655 0.005967826137278519 -0.11558873807177772 0.011239739300774383 -0.005950809309654117 0.9999191247941058 15.385425792127396
0.9999255504189656 0.0019417882061132528 -0.01204670402605175 0.33833605279442835 -0.0018627604289807483 0.9999766963200529 0.0065678718331607655 -0.12080961147929159 0.012059176709581605 -0.006544942734295127 0.9999058655601996 16.874090430532828
0.9999223007115979 0.002347964414373942 -0.012242532529409543 0.30992953497058906 -0.0022674855570239605 0.999975758043441 0.006583451579097125 -0.12671321158074988 0.012257693456499266 -0.006555180283902367 0.9999033846140196 18.32674063536262
0.9999122609759171 0.002209214226692377 -0.01306100005856957 0.2561846363269993 -0.0021168687643633665 0.9999726964056651 0.007079923009325047 -0.14911362681305818 0.013076284512958452 -0.007051653400734294 0.9998896363937633 19.780355708965658
0.9999153445916253 0.003084082592339165 -0.01264088939808631 0.21946271946090334 -0.002986800775840589 0.9999658363641991 0.007707472061125209 -0.1393315179877952 0.01266422801975937 -0.007669063763668819 0.9998903953882406 21.239814800012585
0.9999178077642006 0.004064000113201942 -0.012159836311198704 0.21966510676940487 -0.003967422686262361 0.9999604805182003 0.007955938601979505 -0.14662411185864244 0.012191688696147989 -0.007907041475155639 0.9998944151368414 22.689551489342023
0.9999108563355557 0.004107142567782793 -0.012704753528648001 0.1712350532584601 -0.00402189967014731 0.9999692799309667 0.006727816687994538 -0.15308077796174402 0.012731995340050052 -0.006676119701735089 0.9998966575203605 24.114976737412164
0.9999199292384029 0.00258271341293509 -0.012388087152343245 0.16160084757233406 -0.0025038917466026988 0.9999765510884547 0.0063739939881030105 -0.17280628037111612 0.012404258864950436 -0.0063424651883730206 0.9999029490392283 25.55189465425184
0.9999276197597488 0.0017870139465057564 -0.011897975573948647 0.15168145506571662 -0.0016863017149587815 0.9999627128847809 0.008469310871334734 -0.17234893318074818 0.011912666709406916 -0.008448634283964218 0.9998933487880628 26.989301861165448
0.9999262322627889 0.00036220508485322866 -0.012140792404929024 0.11487726033680445 -0.000245681842406387 0.9999539100539345 0.009597781424900786 -0.16172239077864958 0.012143709201697297 -0.009594090646036509 0.999880234703887 28.406069822733127
0.9999353999047885 -0.0003023764883796497 -0.011362419887943261 0.09005393394205186 0.0004080942102146078 0.9999566429859845 0.009302989160251973 -0.17723688281778927 0.01135911424215122 -0.009307025124036765 0.9998921690897346 29.808780845351336
0.9999398532017977 -3.0402576661935093e-05 -0.01096763668483472 0.06634793589585541 0.0001252243356811073 0.9999626233346185 0.008645013164446144 -0.1822815113639642 0.01096696392047285 -0.008645866609601737 0.9999024825916455 31.19189417549883
0.9999457451581243 0.00017103884172995742 -0.010415252559504061 0.03254643951323999 -8.730625060454096e-05 0.9999676801391673 0.00803934417166578 -0.1801393155782769 0.010416290980106192 -0.00803799868166889 0.9999134419835605 32.569074641023825
0.9999551871559209 0.0005515771289792493 -0.009450896393358792 0.01709256001537085 -0.0004813908861291316 0.9999723030090388 0.0074270773264859796 -0.19771101241522615 0.009454731237955262 -0.007422194922638271 0.9999277569303436 33.92214420140937
0.9999627297630703 0.0013255549301997153 -0.008531236071979083 0.0017116182433127847 -0.001257445972460739 0.9999673375597318 0.00798389900536014 -0.19806773558251223 0.00854154051767924 -0.007972873875113765 0.9999317353538473 35.250361382027876
0.9999744925780467 0.0016526891287172308 -0.006948583447147407 -0.030796260608440207 -0.0015848075749869252 0.9999510819446359 0.009763303882518363 -0.21678261105757102 0.006964379242144637 -0.009752042678124104 0.9999281949647063 36.5765030283373
0.9999839195412561 0.0017198317231377801 -0.00540396500273805 -0.028238281965606404 -0.0016619956356077523 0.9999414913830608 0.010688853124978337 -0.229466553620437 0.0054220318529080505 -0.010679699877067112 0.99992827021798 37.90398104606709
0.9999936277600228 0.001969533797997533 -0.002977478122096259 -0.043964362373657195 -0.0019364577831542122 0.9999368384523422 0.011071099186101581 -0.23035306158424262 0.0029990949639979603 -0.01106526287771705 0.9999342805338978 39.1609040978537
0.9999982440789332 0.0017637284860645217 0.0006333252542978473 -0.056421778503441544 -0.0017704842295513208 0.9999397877957945 0.010829873890963041 -0.2256619549269807 -0.0006141861633063293 -0.010830976166934238 0.9999411546339254 40.461008457739936
0.9999927700245849 0.0009397338920221165 0.0036846707817738563 -0.07810387989588463 -0.000977609980379759 0.9999465675739465 0.010291077485343091 -0.24070266807321872 -0.0036748030265763743 -0.010294605252036553 0.9999402566780782 41.71434236313095
0.9999702738753132 0.0005253243777579273 0.0076925548440828885 -0.048269510065033217 -0.0005958490645244283 0.999957790944075 0.009168494649499306 -0.2600238604750196 -0.007687413714858544 -0.009172805707291815 0.9999283790881389 42.93277228101805
0.9999291835768339 0.0006052909626597979 0.011885346196767291 -0.06426768521750148 -0.000714012698801506 0.9999579247332583 0.009145433233115131 -0.25051987937882814 -0.01187931046957013 -0.0091532718743594 0.9998875434751459 44.13083087981687
0.9998505783176843 0.0011986616034319014 0.0172448325057908 -0.054755590369907736 -0.0013531989533877267 0.9999590099981458 0.008952495524743842 -0.2537672781978948 -0.017233394627434007 -0.008974493517099794 0.9998112164682524 45.352856312893245
0.9997135343390965 0.002357654081016349 0.023817865699225785 -0.03148264037540116 -0.002558461314399037 0.999961412801596 0.008403998068712809 -0.25846510862448113 -0.023797132914172934 -0.008462527699834844 0.9996809901613587 46.56924360748142
0.9994978297169764 0.0036793700427834326 0.03147301426845522 -0.01655661954506371 -0.00393613425173666 0.9999594462124936 0.00810017145222739 -0.26279751160656417 -0.031441934390339654 -0.00821998579630415 0.9994717787888271 47.76025447955991
0.9992159816737557 0.004739525659052014 0.03930596474175458 0.023129282132927642 -0.005097852346704487 0.999946314092067 0.009021132697187595 -0.28174907702660335 -0.03926109867545821 -0.009214435968427756 0.9991864992585617 48.936932234012524
0.9987190021603229 0.007118623090568451 0.05009670577177052 0.06304348834505191 -0.00762883762437764 0.9999208896818299 0.010000760690996523 -0.2896398598055683 -0.05002155095945947 -0.010370129372005288 0.9986943000019666 50.12617910792689
0.9980117458314186 0.009260723172982564 0.06234415921990982 0.10770315971011968 -0.009913053798400307 0.9998992253871198 0.010162206188998048 -0.2963587765104805 -0.06224376713305602 -0.01076002214454379 0.9980029736311085 51.284910108866015
0.9969086606576587 0.011432388870034834 0.07773302252246178 0.1685655814724356 -0.01230727482130821 0.9998660956146105 0.01078525970328991 -0.3137475936042229 -0.0775993124468641 -0.011708600476526639 0.9969158717678515 52.39561678161606
0.995486117749423 0.012807272262038892 0.09403915751104987 0.2422565513224555 -0.013930745693209484 0.9998391080423843 0.011300104134065701 -0.3051446888034377 -0.09387930385667098 -0.012559132383075376 0.995504366892065 53.568151502354176
0.9936637770513226 0.013949034836184458 0.11152453812161034 0.37759112047375254 -0.015342291420556556 0.9998144942641172 0.01164436144038487 -0.2918247077061089 -0.11134142207672004 -0.013281622134608324 0.9936934568786328 54.650005018664686
0.9913504059972855 0.013148982419641483 0.1305813033720566 0.49953163736332584 -0.014760422026120162 0.9998262944797541 0.011380281564825661 -0.31000381258180454 -0.13040898155659353 -0.013209281896145727 0.9913722874889938 55.753513060421746
0.9884105622468464 0.012699836744356818 0.15127218708520018 0.6573276646304151 -0.014416320688170215 0.9998434834202286 0.010255650146086967 -0.3095248998454849 -0.15111826539730053 -0.012317581287321896 0.9884389445254276 56.8614205207376
0.9851122726871034 0.009826723336704821 0.17163113269367497 0.8201704098673162 -0.011772355221899553 0.9998774266999061 0.010321977935616766 -0.2985795402358349 -0.17150866407788098 -0.012188809803988489 0.9851072079026643 57.91676361598944
0.9810072927127557 0.004875055462675526 0.19390958067776212 1.010220617444439 -0.007499225833977023 0.9998899393226722 0.01280120514616087 -0.31427137326470955 -0.19382583227289574 -0.014012247340770194 0.9809358815275239 58.96966830416549
0.9762982265746293 -0.0005084477105882844 0.21642900514524213 1.2649721826819444 -0.002830096520117007 0.9998817509888712 0.015115376049430945 -0.30358505770907485 -0.21641109800775116 -0.015369629805381996 0.9761813413186737 59.99151026383847
0.9706347077457955 -0.006075143262546002 0.2404815102114374 1.4820846160442969 0.002181394645235596 0.9998622383123968 0.01645435852062872 -0.3020091438815129 -0.24054834365805947 -0.015446586395161601 0.9705142437553922 60.97946279949228
0.9639179173881453 -0.012096101486714958 0.2659246751749899 1.7781119804609347 0.00791735861167667 0.9998278511717458 0.01678044856085166 -0.32739541816035 -0.26608187456253934 -0.014069554012561002 0.9638477492214071 62.038704104216706
0.9564030320629344 -0.016209269501994653 0.29159989685018334 2.053189697101857 0.01115836932392664 0.9997576689098518 0.018976149503259935 -0.3224764299250751 -0.291836822650701 -0.014895067577924087 0.9563521348891278 62.96332953096185
0.9476034910464141 -0.01877872634309895 0.31889650859421403 2.38742325011566 0.012508273410611021 0.9996862843226743 0.02169967818679476 -0.2951353094237348 -0.3192039580784268 -0.016573846085204742 0.9475411024187869 63.97495779503869
0.9378403284072222 -0.02410221132712204 0.3462291175250522 2.7051973990255362 0.015755582361399685 0.9995139023850639 0.026902055003924286 -0.2917757491310624 -0.3467092153916403 -0.01977479072262881 0.9377641908360489 64.84530535880658
0.9266999769352691 -0.028303109192227623 0.3747346884907036 3.0752560971150587 0.018768871368188864 0.9994011909328088 0.029068695011089687 -0.3027280399868353 -0.37533302841041877 -0.01990461183083484 0.926676278002263 65.79160292317434
0.9144845265102538 -0.027548950151008507 0.40368193682513737 3.470678799854923 0.018856657389535333 0.9994971458359819 0.025492782072964494 -0.28025927079495716 -0.4041812430648045 -0.01570066276636836 0.9145441552726069 66.74862544491451
0.9013017670033792 -0.029052627061539413 0.4322164615761521 3.866014379186467 0.021279322296744944 0.9995133002930386 0.022811246785505307 -0.2908826298390039 -0.4326688285966272 -0.011362543647488467 0.9014813239123045 67.57532712415433
0.8868458857319947 -0.03163553516720442 0.4609810927520979 4.309309548600822 0.02401317134111476 0.9994608275449114 0.022392449740550095 -0.2874707746099183 -0.46144094157581644 -0.008789033958596882 0.8871273923849374 68.41551568605826
0.8705642185760661 -0.033126185665692344 0.4909384861245708 4.823048069688667 0.02323455499859473 0.9993858104664379 0.026232752283322832 -0.29851608999689816 -0.4915059478674298 -0.01143055823584228 0.8707991993274663 69.29262699446515
0.8532472744740782 -0.03215579504688072 0.5205142586399147 5.259302472309017 0.019007676087379903 0.9993516126281046 0.030578793098551847 -0.27942302050405843 -0.521160049171379 -0.016197505440955936 0.8533052466527884 70.09883563734334
0.8332598588596061 -0.032525819182022325 0.5519239790947732 5.804954338531729 0.01688828499963696 0.9992995826345629 0.03339356189686235 -0.24986298725562506 -0.552623554911515 -0.018504465215912837 0.8332255344887317 70.88492420506826
0.8118036257258167 -0.026891205375223395 0.5833110116669199 6.330662781239795 0.012885034802367194 0.9995207586039716 0.028146562807609965 -0.27264415238752804 -0.583788359884436 -0.015333499053004913 0.8117610699400604 71.66278419702041
0.7898494313621165 -0.019402040181164534 0.6129938308121458 6.860276172076354 0.009544535868008125 0.999767296284092 0.019345674344952424 -0.2655981698243721 -0.6132265304208596 -0.009429428275623129 0.7898508139328523 72.4140766710973
0.7669050771084961 -0.016086940114030935 0.6415588929030439 7.458314727008002 0.007712635572011909 0.9998446127453119 0.015851360090247624 -0.23403955976322877 -0.6417142027084526 -0.007208378593341298 0.7669099825405261 73.1565526167713
0.7437212333446128 -0.0199637745521892 0.6681917200759055 8.034188391146785 0.008531634215382273 0.9997560256566769 0.02037401238786209 -0.2540197898534018 -0.668435440629821 -0.009451818279844487 0.7437101080671298 73.83887221098647
0.7189989262603704 -0.020643823705245812 0.694704524657254 8.677527774187624 0.008104066737212801 0.999739840520917 0.021320773380213112 -0.23142692154751643 -0.694963932976923 -0.009699681336947836 0.7189791707992719 74.49984016228169
0.6929982115297458 -0.01978322096388077 0.7206678173644693 9.36056193432458 0.008275319732482802 0.9997758533426497 0.01948748717258192 -0.269566705015194 -0.7208918073469132 -0.007541037148206629 0.6930065907758962 75.11936742567136
0.6668658460057171 -0.01710187485606137 0.7449815227960268 10.001238398892127 0.006989419620585777 0.9998361855950975 0.016695807498092418 -0.2592555695255214 -0.7451450137016598 -0.005926875319559573 0.6668761359536715 75.72347615124981
0.6394383031506402 -0.0152565789254878 0.7686910258766655 10.710149895349687 0.005739594593655679 0.999869961650327 0.01507039625471262 -0.23486182112598897 -0.7688209892541504 -0.005224613752607857 0.6394427182268992 76.34278529463856
0.6113312264898371 -0.014356863592307423 0.7912445968132885 11.39770839348347 0.00544330655634705 0.9998880586531518 0.013937021796827221 -0.24507109180260045 -0.7913561157482547 -0.004213149727162026 0.6113409420586939 76.8854248325966
0.5820035528630355 -0.007785986972713021 0.8131489672019908 12.132028636456127 0.004021333471815182 0.9999694918652068 0.006696582408099928 -0.2594813110945893 -0.8131762990470838 -0.0006274915941729487 0.5820171070702191 77.42339205581368
0.5518052520248581 0.002173463609311705 0.8339701672684232 12.928225653290568 0.0027474389703544383 0.9999864398023441 -0.004424001642959739 -0.26167668218515416 -0.8339684738746945 0.00473246947921806 0.5517917979779522 77.94249866907597
0.5207692405091925 0.00990021635498255 0.8536400786371288 13.69622526549955 0.0021101601919632238 0.9999147715490341 -0.012883976948410165 -0.27673538738264725 -0.853694878374846 0.008510896202365928 0.5207039651110691 78.43271901242761
0.489159170619235 0.016641070329594894 0.8720357679461248 14.469042274179216 0.0005485978581661827 0.9998119009570854 -0.019387154122491645 -0.28760803323005746 -0.8721943618480299 0.009961801185764842 0.4890580309918682 78.8806563151665
0.4563488524938059 0.017625410370618322 0.8896263652437768 15.303953248266453 -0.0007666577595650755 0.9998112144863157 -0.019415139022888165 -0.3019869219160114 -0.8898006164661082 0.008178037458074912 0.4562762130988948 79.34746686308706
0.42309834280600994 0.01837392498071811 0.9058974507059897 16.123181775900605 -0.0025620986996219212 0.9998146358234835 -0.019082181306346976 -0.32300031843023547 -0.9060801443388226 0.005752640607394598 0.4230669913394103 79.76491749880333
0.38933342684717615 0.022728476212790342 0.9208164307333354 16.984216466884874 -0.0042992112575214615 0.9997294658302696 -0.022858519927750558 -0.34227187387760694 -0.92108685775121 0.004940801531006103 0.389325813372596 80.13111084604662
0.353983018533906 0.029762968070389827 0.9347781492532147 17.8222169793451 -0.0064688117419037985 0.9995475124868188 -0.029375580948477812 -0.3695079855656793 -0.9352294782909016 0.004351552947364982 0.3540153766754689 80.47327226620831
0.3181555907717129 0.03623442063913459 0.9473458116346155 18.717725074151275 -0.007745937659863011 0.9993353320257776 -0.03562154705649581 -0.3708722820058483 -0.9480068673329702 0.0039951127487077385 0.3182247925031192 80.83349508349944
0.2826010275502574 0.037942062400450935 0.9584868591317979 19.61700770850456 -0.00752629566462872 0.9992743662691237 -0.0373375921962035 -0.39543265587660414 -0.959208013989201 0.003337786428412333 0.2826815258920382 81.09908871629248
0.2449602933480925 0.0395922495244791 0.9687243717696008 20.541621408671162 -0.0069138208760120695 0.9992117750573147 -0.03908999447051086 -0.39743857732879917 -0.9695084598721719 0.002877909727829311 0.24504094325619863 81.37492857142291
0.20911639055413264 0.03939793091828675 0.9770967906205451 21.47113115054654 -0.005802942133280052 0.999220483806545 -0.039048055060553644 -0.4166615808200902 -0.9778735404254526 0.002495552197837333 0.20918200485466862 81.57810842690238
0.17425517554141373 0.037351344372858676 0.9839918754088224 22.41690979679538 -0.00451277616272909 0.9993001329196955 -0.03713326268972559 -0.41813183637741247 -0.9846901891703482 0.002030128128759535 0.17430177833701133 81.74469660766128
0.13908563178771102 0.030759207642067906 0.989802534940907 23.338569809981664 -0.002647828324484172 0.9995254656685145 -0.03068928942323804 -0.4595286184508929 -0.990276817882443 0.0016476120208842127 0.13910107598164476 81.87377344745023
0.10536922826091279 0.03167778794437667 0.9939284901272579 24.34413988197666 -0.0017943317674983079 0.9994969263001111 -0.031665038925261346 -0.4966585640741705 -0.9944315492326296 0.001553083249949584 0.10537306023462979 81.96266263836222
0.07311301729969219 0.037754024417983624 0.996608810086275 25.297850000019395 -0.0012644203205349157 0.9992859356592357 -0.03776268045172014 -0.48237344931814796 -0.9973228604331638 0.0015008110780521536 0.07310854685684887 82.0536941028799
0.042831581557674865 0.03555478831965466 0.9984494542283112 26.27281172012451 -0.0004785947512978058 0.9993671817120086 -0.03556693779426584 -0.5376981964966241 -0.9990821920984941 0.0010455355286620176 0.042821493284634866 82.10084094586084
0.01757018335696853 0.031782132350610254 0.9993403748073278 27.264648303656585 -0.00014483177510147776 0.9994947348017347 -0.03178449507805223 -0.5595367446402264 -0.9998456219239845 0.0004137231660161201 0.017565908817435968 82.10513061359406
-0.004988686751056507 0.027369351205746566 0.9996129409021657 28.216179308399575 3.554491405585036e-05 0.9996253840375441 -0.027369514507054278 -0.5810055182905085 -0.9999875557931003 -0.00010100677833070722 -0.00498779075060424 82.05713530034068
-0.024144238164937843 0.02331687751662251 0.9994365307443538 29.194277834045863 0.00011477412110849026 0.9997280241144252 -0.023320905367684396 -0.5955485656642736 -0.9997084788028637 -0.0004483560439994475 -0.024140347688505367 82.10447116391808
-0.040841891291061236 0.02488805356005424 0.9988556075358246 30.159261859591766 0.00019066145598563929 0.9996899027120271 -0.02490104543643112 -0.6276469307052235 -0.9991656036733743 -0.0008265625262962957 -0.0408339715238646 82.08880710637284
-0.05558284315252369 0.027054603969448497 0.998087469088325 31.16286200258574 9.562005032621591e-05 0.9996329622758946 -0.02709117177838111 -0.6378420747143974 -0.9984540742587452 -0.0014103671777516424 -0.05556502911486679 82.05795993264478
-0.06726199947174925 0.02663081227725646 0.9973798791155335 32.15681022983689 -0.00015061525913494592 0.9996434424839523 -0.02670140846241798 -0.6821405453805376 -0.997735336019581 -0.0019462107508430864 -0.06723400569360109 81.96990952322201
-0.07720740006340297 0.025161832258935236 0.9966974965217997 33.17396956593889 -0.0005747219436740048 0.9996802027709774 -0.02528165110243258 -0.7029859106936875 -0.9970148880885065 -0.0025247544733849082 -0.07716824829366038 81.90321974376651
-0.08282328516551883 0.026040592712118865 0.9962239662674215 34.17537339193714 -0.0008304926067306842 0.9996563929081642 -0.02619935876826337 -0.7702881392200176 -0.9965639034785583 -0.0029972736010506255 -0.08277319997764451 81.79029197619192
-0.0866583566166126 0.030072246894778693 0.9957841077237612 35.18815849887421 -0.0009988507331045776 0.9995411797039659 -0.03027263406472705 -0.7933989911642954 -0.9962375878904193 -0.003618016404519098 -0.08658855831791899 81.6695934972837
-0.09071627466363902 0.03182318316740318 0.9953681944507997 36.18366292520406 -0.0011749839034992293 0.9994851946370992 -0.03206189504796024 -0.8414909738928564 -0.9958760851250409 -0.004078077283942309 -0.09063218171095999 81.62284342372132
-0.09357065471924574 0.03317727620708013 0.9950596971633866 37.18456028501605 -0.0013681462980295665 0.999439390204245 -0.033451957848147786 -0.8965263236982999 -0.9956117017949914 -0.004491508838484308 -0.09347280672599349 81.53308418333947
-0.09582277639335587 0.03522373094605605 0.9947749917958878 38.15129173117961 -0.001482111317360133 0.9993675427234422 -0.03552911337131511 -0.9427636992116959 -0.995397307043932 -0.004878865559601237 -0.09570996709089113 81.44188319879213
-0.0978699082404435 0.037372827984901616 0.9944972361899346 39.1983208448093 -0.001722575365266102 0.9992867746242468 -0.03772233814573436 -1.0017406878415045 -0.9951977259796759 -0.005404978212824009 -0.09773572742554665 81.36367243853817
-0.1001526016316039 0.03658044740848154 0.9942994152939125 40.20533359401942 -0.0019097720238406767 0.9993150193856404 -0.03695733758124639 -1.0620137550805993 -0.9949702554133154 -0.00560025871478873 -0.10001413872592828 81.23230419426318
-0.10269058571466111 0.03567402709127792 0.9940734416514057 41.211839824721736 -0.002030171649258054 0.9993470952639176 -0.03607300362660061 -1.0950304086439502 -0.9947112757019769 -0.005722497589423776 -0.10255111414648137 81.13805546264732
-0.10456174915719385 0.03575990068588321 0.9938752789541169 42.22783724987771 -0.0020025751328818335 0.9993437412467364 -0.03616734056870989 -1.1616138718441817 -0.9945163801094606 -0.0057720303110477544 -0.10442151770618503 81.03360851447054
-0.10643920798646896 0.036045936446292746 0.9936656306167195 43.243528965462716 -0.002025848541419717 0.9993327488979843 -0.03646851954337414 -1.2455430199393476 -0.9943171480674063 -0.005894696405079593 -0.10629516269986848 80.93545456856545
-0.10936394470280164 0.038394719170266656 0.9932599725846596 44.26385569596938 -0.0020011271580110497 0.9992431923665438 -0.038846338298684904 -1.2914241553511197 -0.9939997601051722 -0.006236028299708175 -0.10920434451936985 80.84633617512804
-0.11168191626185553 0.04413502456255876 0.9927634406982069 45.31191300419264 -0.0017344785371793568 0.9990030825313572 -0.04460754058509177 -1.3403879128559062 -0.9937424923813432 -0.006703782492658911 -0.11149402735576093 80.72013147982888
-0.11468885457687863 0.04828592968080164 0.9922272600723608 46.357777427642006 -0.0016954863916063237 0.9988070283265115 -0.04880210539986277 -1.4319465662710051 -0.9934000160870441 -0.0072793653860838805 -0.1144701658854237 80.62797036119619
-0.11658585848918042 0.05594621316992544 0.991603629900721 47.378520046400595 -0.0013272190242264047 0.9984025175792146 -0.05648585115892268 -1.4907725980768625 -0.9931797300035893 -0.007901526651951263 -0.11632536175127922 80.52209342261214
-0.11803159389295353 0.06149151869269239 0.9911040994627937 48.429251734153894 -0.0009786349217278199 0.9980731560771687 -0.06204044964254822 -1.5616407960677101 -0.9930093580207484 -0.008292662239947377 -0.11774398768597605 80.36956419173175
-0.12021589762400274 0.06204274381669109 0.9908071638306576 49.45484897338552 -0.0007781474378770019 0.9980390201844991 -0.06259000459921543 -1.6521475616652168 -0.9927474666021667 -0.008295307641150149 -0.11993187827311994 80.24323386723084
-0.12363729404090266 0.061249839214588736 0.9904353975491941 50.51002401496255 -0.000473739276311162 0.9980895353945897 -0.06178231872396994 -1.7003746761018483 -0.9923273628663786 -0.00810780685507215 -0.12337207291222511 80.15359338872632
-0.12661111472636358 0.058742415936450826 0.990211570422047 51.56954782889896 -0.0005461642650046145 0.9982407363811173 -0.05928856495041958 -1.790485313021282 -0.9919522807737997 -0.008047409473457653 -0.12635628939005478 80.03441574529084
-0.1283339194914794 0.0598433645467831 0.9899238237499264 52.61169025485411 -0.000464339896144805 0.9981740057970082 -0.06040230574750438 -1.8523550444075028 -0.9917309057886697 -0.00821132576841126 -0.12807179483676215 79.8992012989696
-0.1290547542343452 0.060801580173302665 0.9897717101725743 53.686089038748314 -0.0006365765395418434 0.9981132215768322 -0.061397000609366335 -1.9347933166612137 -0.9916372649209095 -0.008553640274565786 -0.12877255164914325 79.72606282735836
-0.12989634472052755 0.0631982517671575 0.9895114555182374 54.75502924070722 -0.0006072274288874152 0.9979613916967348 -0.06381764612993485 -2.0027295412664436 -0.9915273929161491 -0.008890537457935641 -0.12959316124168574 79.62230372020434
-0.13133369850103913 0.06528578244522829 0.9891861433767419 55.829462253926465 -0.00047852369366352794 0.9978248319082019 -0.06591946482218355 -2.090308479628362 -0.9913381010801071 -0.009130796125355929 -0.13101678483692245 79.4742110679155
-0.12955718586145237 0.06647194082383959 0.9893414055192338 56.906200754305594 -0.00015584467129063227 0.9977491174263012 -0.06705724709138682 -2.1639515731426258 -0.9915719395505802 -0.008841931810913495 -0.12925520855173164 79.32986747560844
-0.1294002621989373 0.06968411693348708 0.9891408878365338 57.98136374937954 0.00027486917860873556 0.9975301413448022 -0.07023917393843337 -2.2506097604598345 -0.9915924044635381 -0.008817083180902099 -0.12909981585734398 79.20421884399545
-0.12965769998045715 0.07516121889877632 0.9887060594582335 59.04752134581568 0.0007925806960495759 0.9971304976307582 -0.07569770479001914 -2.3270803489982548 -0.9915584968379919 -0.009031160960079675 -0.1293452182343635 79.0883621884638
-0.1298808354079776 0.07851754316127454 0.9884158861580702 60.127293384712935 0.0012397652690478995 0.9968717565676861 -0.07902634965461636 -2.4204803127111525 -0.9915288354736858 -0.009038604625350537 -0.12957187986065147 78.96610631590883
-0.1303592249286583 0.0816815412986619 0.9880964519150316 61.22364234163152 0.0016679511508494674 0.9966172726603918 -0.08216586745066815 -2.516001377341073 -0.9914654257284808 -0.00906298218233802 -0.13005449603533425 78.851130174937
-0.13023011110448401 0.07837367902036363 0.988381345735808 62.320598076085986 0.001806420094283935 0.996888002466381 -0.07881019848364548 -2.5657223979448247 -0.9914821506250916 -0.008478028980939026 -0.12996641110856927 78.70604421865066
-0.13068223316506436 0.06568917317577962 0.9892457159181809 63.42857284607561 0.0013191286893164292 0.9978132031570753 -0.06608382180926162 -2.643219581363468 -0.9914234281246801 -0.007331039005465449 -0.1304831101430663 78.54791823341193
-0.13088666633649387 0.05503990381862929 0.989868319304621 64.56741568929712 0.000649555263113133 0.9984622607978397 -0.055431866651111945 -2.6718641360615294 -0.9913971245940143 -0.0066123180581798445 -0.13072114823783482 78.39910232698213
-0.13092022660833358 0.04880426324533642 0.9901909099531779 65.64097654517758 -0.0002618100318692841 0.9987858315141614 -0.049262503205504675 -2.7577631105701244 -0.9913928715299146 -0.006708699996649949 -0.13074848994931126 78.24791484063057
-0.12996149877830768 0.04830510314918481 0.99034167126555 66.76435892644916 -0.0008967684640988175 0.9988064245708225 -0.048835663631935734 -2.8352063379758903 -0.9915186355493364 -0.007234863218913524 -0.12976306143346758 78.07939316433563
-0.12957395878578137 0.05026151001984955 0.9902950922907299 67.85767275862128 -0.001335917092880878 0.9987047397993578 -0.05086313033836928 -2.8822445568831796 -0.9915688602059373 -0.00791348929496692 -0.12933898158357698 77.9461347789741
-0.12865581103930773 0.056423848892388336 0.9900828407572707 68.97128780614922 -0.0010396332035805778 0.9983718480757916 -0.05703132588788719 -3.0025294037240684 -0.9916887623889967 -0.008366734482299833 -0.12838767972622114 77.77778106717011
-0.12865792510773666 0.055501262496460466 0.9901347121317741 70.11241483333562 -0.00101994553728404 0.9984247191363411 -0.0560984841918141 -3.0373846739355628 -0.991688508564092 -0.008227398058756788 -0.12839864447535948 77.65803485425373
-0.1279346921756887 0.04907014957224545 0.990567935559631 71.23777333784172 -0.0011508383239144104 0.9987672597945176 -0.04962495676272927 -3.105680826709502 -0.9917819266900683 -0.007488737110354435 -0.12772051012827976 77.52230653197262
-0.1274328744386678 0.047198848605238486 0.990723539239196 72.38263777494694 -0.0012134891316306566 0.9988589389961856 -0.04774251178500976 -3.1579447965306855 -0.9918464548287835 -0.007286197757003189 -0.12723019046523393 77.39120562943174
-0.12736213800796936 0.052787884107117725 0.9904505667086735 73.52328063741706 -0.0005700686547927902 0.9985786813224777 -0.05329439210639697 -3.2358643285244852 -0.9918561190131197 -0.0073523125447081325 -0.12715102310432713 77.23875833360472
-0.1272718049830877 0.05797705209458273 0.9901719795504057 74.62990344627744 -0.00044307871478587997 0.9982867742558581 -0.058509144815884005 -3.3253498196389444 -0.9918677791609118 -0.00788528859685061 -0.1270280712525581 77.10032611195223
-0.12691662331642498 0.0605015152383999 0.9900665317946135 75.7893397207296 -0.0004571896208156221 0.9981344124054389 -0.061053138737496196 -3.4065655792940817 -0.991913283358786 -0.008201306353685654 -0.12665218857361163 76.96141430939474
-0.12672490280568932 0.06040918695288343 0.9900967271638567 76.9121135558975 -0.00034403175511441247 0.998141125311449 -0.06094403665778771 -3.485397423796698 -0.9919378411226382 -0.008063751836823733 -0.1264685544128423 76.82147581679679
-0.12714255232824473 0.050952903447771106 0.9905748699708176 78.06292661855414 -0.0007021164906190795 0.9986748269161054 -0.05145966494761433 -3.5411149153370474 -0.99188420615508 -0.007238212094795357 -0.12693829156632608 76.68739854102512
-0.12687058989461755 0.050214496466953515 0.9906474437277683 79.2556049401166 -0.0005935701068412736 0.9987137828320697 -0.05069938516181089 -3.620934105909029 -0.991919100075364 -0.007020279611788894 -0.12667760093975677 76.50677167516311
-0.12602014755948143 0.054852706026960615 0.9905100216810562 80.41269055341822 -0.0003674150041502756 0.9984674936549482 -0.05534012215943032 -3.6776500220152712 -0.9920276142402998 -0.007337898604217972 -0.1258068671765296 76.39767018329486
-0.1257091737496649 0.058706698124803246 0.9903285955835365 81.57193358586287 -0.0002521614550643606 0.998245633964817 -0.05920802888781876 -3.7615858714242023 -0.9920671046102563 -0.007692715090488177 -0.12547383027850642 76.24308993390335
-0.12548982379898366 0.05864731898387898 0.9903599325997106 82.77168980382989 -0.00026663984668262304 0.9982491715462407 -0.05914829169499504 -3.823308670215468 -0.9920948709806398 -0.007686578123404816 -0.12525447493267697 76.05982631622183
-0.12505448633571473 0.055541569790567895 0.9905940184921925 83.95322179251981 -0.0001978477296816698 0.9984304168082573 -0.05600592511838079 -3.890567965634588 -0.9921498557695739 -0.007199778975030533 -0.12484721414242413 75.91882568536137
-0.12368108490992277 0.0541233325239469 0.990844919304735 85.15400863554041 -0.00026374472738266967 0.9985096432791692 -0.054574927551258055 -3.969981606516839 -0.9923219838712751 -0.007011216371540561 -0.12348248123020605 75.79853787958554
-0.12325693339780744 0.053495111025504374 0.9909318853815017 86.3375473585927 -0.00033163660242504616 0.9985437299021838 -0.053947284363521086 -4.033063421436552 -0.9923747368743989 -0.006978006119489665 -0.12305969707448484 75.67628408949022
-0.1226369546572928 0.052377111827215335 0.9910685221058252 87.52437484044347 -0.0004565357500333923 0.9986033202459547 -0.05283181209143098 -4.108123239543133 -0.9924514944960756 -0.006931590754993503 -0.12244175808159255 75.54415673176098
-0.121599205586496 0.051902970899008014 0.9912213248374906 88.7572583976407 -0.0005424429737632529 0.9986282653349 -0.05235736270887667 -4.1666465712243905 -0.9925791348584522 -0.006904294755105833 -0.12140424933906277 75.40094227032702
-0.1204007729904676 0.0509798517084655 0.9914155075361091 89.92211853864114 -0.000619303773486179 0.9986764906338506 -0.05142843102888528 -4.245399567378996 -0.9927251736135908 -0.006806010214474565 -0.12020984942518827 75.24456775616962
-0.1184435126271423 0.04821011996469401 0.9917897552654664 91.15774032922062 -0.0007586568406880868 0.9988159764914885 -0.04864226089680112 -4.320881061599167 -0.99296050211292 -0.006513788325099524 -0.11826669778645948 75.1001846182379
-0.11828744822892728 0.04896268734550625 0.9917715134240321 92.36032992983417 -0.0005376831416752917 0.9987802733566654 -0.049372831095896276 -4.3919461975418415 -0.9929792497773193 -0.006373445025333294 -0.1181168434651936 74.96732403425662
-0.11624938503239829 0.04767350374842007 0.9920752579920228 93.58077936157073 -0.0006456641273424614 0.998843548565385 -0.048074406986915945 -4.4583271561992746 -0.9932198465583659 -0.0062291676537356774 -0.11608416719310939 74.81875330733533
-0.11483061602204482 0.04885523439267829 0.9921829950651413 94.80074364787195 -0.0005383148528728312 0.9987866971237611 -0.04924270368011276 -4.519036898183188 -0.9933849404138946 -0.006188676841189778 -0.11466499220703084 74.69003395787628
-0.11411377843352645 0.050246012784635405 0.9921962425704253 96.05282336800205 -0.0006057679689791278 0.9987164904386412 -0.05064587615089021 -4.610285280459536 -0.9934675025469085 -0.006380432992345116 -0.11393687488271038 74.53393559442831
-0.11176855407022399 0.05178243640518067 0.9923841844774607 97.24172669190182 -0.0003635331913586875 0.9986392090036221 -0.052149765907802105 -4.664900233582017 -0.993734198950942 -0.006189468520252683 -0.11159763579380436 74.41009268447252
-0.11190247279640547 0.05287333318042647 0.9923115676139433 98.54555875116009 -0.00012716900985930063 0.9985827065429507 -0.05322181903503762 -4.7429401361927574 -0.9937191858921175 -0.0060818444362689085 -0.11173715030445497 74.28822486748822
-0.11137858748623737 0.05648457217998852 0.9921715090422695 99.76628884856756 0.0001923433519664083 0.998384608425854 -0.056816693518624034 -4.8172963534027105 -0.9937780301725359 -0.0061373254759680435 -0.1112095318864193 74.1525248938783
-0.11206878541282558 0.061324498411195985 0.9918063789020058 101.00993451823953 0.0007599352876323052 0.9980989172104585 -0.061627704497806066 -4.885294494544233 -0.9937001609310792 -0.006152833325023204 -0.11190233602397147 74.02048556898765
-0.11267624132941448 0.05997357374091134 0.991820162676994 102.2678887144952 0.0007804115820006516 0.9981818306735708 -0.06026959325332544 -4.95317660956556 -0.9936314485751939 -0.006016923292022451 -0.11251818091517339 73.89023419878572
-0.11276047194466363 0.061377426252365086 0.9917247034905665 103.5520922845683 0.0011294085748377227 0.9980975966261836 -0.06164342661879742 -5.023754421819902 -0.9936215579399874 -0.005830879493821194 -0.11261527623391386 73.7611003563418
-0.11424310967982326 0.062161388873906945 0.9915061641885796 104.79637076940605 0.0013236288706867116 0.998049150115513 -0.06241908330242364 -5.0932436496783 -0.993451941413019 -0.005818563995448966 -0.11410251713145643 73.63200864280616
-0.11700079294202496 0.06258681025718972 0.991157760214169 106.05873373854033 0.001373694676454585 0.9980215310227233 -0.06285806692855989 -5.15793826503085 -0.9931308712419896 -0.0059928955347115275 -0.11685528567093895 73.47743865332427
-0.11905275377634182 0.06279898276702726 0.9908999594215837 107.31960809570819 0.0016231651972492469 0.998008765716041 -0.06305449142358338 -5.238282212560335 -0.9928866033707032 -0.005898416513855523 -0.11891762497467274 73.3459562676201
-0.12110493887591212 0.059877487102769314 0.9908321151023111 108.58733776977586 0.0017602977368256193 0.9981903872779064 -0.06010700539754897 -5.287527353243888 -0.9926381491418408 -0.005535095684895548 -0.12099118804284771 73.22248170763217
-0.12582312021025402 0.06006095615340049 0.99023291399877 109.8514310016727 0.001958009252155523 0.9981787351018222 -0.06029410410889929 -5.360510212125291 -0.9920507590946768 -0.005647507101865089 -0.12571156288587754 73.0620989483229
-0.13158497781430722 0.06953455635559075 0.9888631548834446 111.07040065560352 0.0025079883234111005 0.9975570022329265 -0.0698121571835913 -5.4264620431111155 -0.9913017217821111 -0.006706173908272647 -0.13143790786273984 72.91876558768205
-0.13837527873734037 0.07486743321983716 0.987546024080618 112.31537736633948 0.0029515186158769924 0.9971653756711751 -0.07518312377405105 -5.498616251827315 -0.9903754695933373 -0.007488725234469024 -0.13820400942859487 72.75811430474168
-0.14730203373071568 0.0686409923654974 0.9867069093838732 113.57812451512541 0.0027706964181517684 0.997613772980577 -0.06898610875253205 -5.57510395984518 -0.989087677660658 -0.0074279288188208 -0.14714072098949696 72.59182363482248
-0.15884481971048703 0.0659903802513411 0.9850957278180767 114.77403414607792 0.0029672587351581995 0.9977911762765258 -0.06636236825419786 -5.62618215152348 -0.9872991029200531 -0.007618284517563794 -0.1586897700365967 72.40164604189908
