1.0 0.0 1.0842021724855044e-19 -8.673617379884035e-19 0.0 0.9999999999999999 -1.0105103060743803e-18 0.0 0.0 -3.5660087079406044e-19 1.0 0.0
0.9999977634421474 -0.001136050906180526 -0.0017839567117686865 -0.012976001923210044 0.0011384694845176322 0.9999984334206891 0.001355376278349865 -0.0241145776716445 0.0017824139008311471 -0.0013574041876284232 0.9999974902221477 1.544620143061826
0.9999909540609154 -0.0016336432324305372 -0.0039272144621013425 -0.0316433020290536 0.001643486455621554 0.9999955131095496 0.0025045389643055414 -0.05386992665659023 0.003923104790631759 -0.0025109705582708063 0.9999891520741464 3.1282200443429877
0.9999882568730561 -0.0008393791840400656 -0.004773004148830474 -0.04846784250248374 0.0008506343186849823 0.9999968615182894 0.0023565603571904263 -0.06255211187701674 0.004771010480344233 -0.002360592694489148 0.9999858324242422 4.607605744041325
0.9999832124258516 -0.0005850113698851762 -0.005764775913434014 -0.05228064398038302 0.0005997191684006878 0.9999965690789797 0.002549935106166366 -0.08345705067473862 0.0057632636200742144 -0.0025533494688732158 0.9999801323945976 6.121252177226541
0.9999730495877995 -0.0005092571426037473 -0.007323986185988458 -0.07630272971834604 0.0005303411597828468 0.9999957204603687 0.0028771168252266664 -0.11440412043933795 0.007322488667404577 -0.0028809234101133114 0.9999690402305379 7.6349145104827185
0.9999586033223564 -0.0009330872113710326 -0.009051022844645356 -0.10251555224311634 0.000961028943122581 0.9999947848632683 0.00308328916240011 -0.13957695304342202 0.009048097450088484 -0.00309185972591685 0.999954285109509 9.150422296776119
0.9999431696409147 -0.0018913008968379757 -0.010491925451455953 -0.10344991443391817 0.001921579348093708 0.9999940164188409 0.002876571232817594 -0.1673541013512965 0.010486420802863416 -0.0028965687359732515 0.9999408206665478 10.640307490119909
0.9999267978361336 -0.002884843103507697 -0.01175060361028157 -0.13137164581611543 0.002916682219566107 0.9999921193475944 0.0026933641437089963 -0.18779682766866698 0.01174273949871031 -0.002727439677974348 0.9999273319112906 12.142180847548904
0.9999066007767028 -0.003023515552476458 -0.013328470295884598 -0.16717426286372614 0.0030618442234761206 0.9999912334173694 0.002856256528952695 -0.21452449691505937 0.01331971572700383 -0.002896799368860058 0.9999070925240123 13.630131811978645
0.9998954829656523 -0.002436571125772516 -0.014250835574198824 -0.1937927077652211 0.0024770320383388483 0.9999929495762806 0.002822253156548562 -0.22214743186358557 0.01424385656776619 -0.0028572578719172994 0.9998944687196412 15.11658263778613
0.99988211933073 -0.001633442385282258 -0.01526693692563488 -0.23346517699997185 0.001682984928648901 0.9999933582133578 0.0032328151475653926 -0.25683403637547886 0.015261552860752228 -0.0032581279857256565 0.9998782273602121 16.614531080580484
0.999878892089054 -0.00046317459890982474 -0.015555921084119528 -0.2680497190177208 0.0005241406319196305 0.9999921977882026 0.003915308678825263 -0.27717844426635185 0.015553984154963754 -0.003922987873551183 0.9998713335642745 18.095964092322284
0.9998709107215281 0.00011013717326215262 -0.016067041507874455 -0.2938763859686481 -3.492865679697969e-05 0.9999890428671983 0.004681124697459775 -0.2969626037037761 0.016067378868984426 -0.004679959070682268 0.9998599588224178 19.556822124872312
0.9998592413305005 0.00038896093666825407 -0.01677338069533868 -0.3251966813536172 -0.0003065776574987201 0.9999878800248565 0.00491383927236884 -0.32038401853684007 0.016775086442976338 -0.004908005112356674 0.9998472422791501 21.027786717872345
0.9998580517494646 0.0011495274639083172 -0.01680937250053976 -0.3580788565978864 -0.001063470277691974 0.999986288116208 0.005127632287776533 -0.3369471410595224 0.01681503411033723 -0.005109028004014785 0.9998455642712493 22.49535168899
0.9998550908181958 0.001293694756803604 -0.016974209420614308 -0.399136166827767 -0.0012019643201326233 0.9999846262147681 0.005413189292406154 -0.35769120480041594 0.016980949198870107 -0.005392002311719375 0.9998412742062127 23.95201013321574
0.9998516261501293 0.0017753821454106998 -0.01713399461091366 -0.4384816807316607 -0.0016705952612745866 0.9999798275673676 0.006128096958797276 -0.37429271687211474 0.01714452638990109 -0.006098563552308332 0.9998344226254622 25.40434314321282
0.9998504655138972 0.0022386030305495104 -0.01714745861325359 -0.4729448756602076 -0.002143952100508829 0.9999823767926381 0.005536205832490354 -0.40056834729200863 0.01715954748493208 -0.005498614479170019 0.9998376443696549 26.855267564653673
0.9998521479102105 0.0027135805888661964 -0.016979954890479505 -0.5042675804458188 -0.0026562051027811725 0.9999906900743036 0.0034006379391485213 -0.42502750997617306 0.016989022435012404 -0.0033550327977760965 0.9998500471590972 28.297969341161053
0.999862248349672 0.0014865227918293969 -0.016531020515426327 -0.5343040832273985 -0.0014301473022939638 0.9999931237272515 0.0034215753111436612 -0.4441525414096352 0.01653599087528118 -0.0033974620818811793 0.999857498942884 29.724631013594824
0.9998710223594871 7.836125629223298e-05 -0.016060279118170245 -0.5594636245344572 1.3002108210770011e-05 0.9999838197268419 0.005688595537941554 -0.4616918517184027 0.01606046286846633 -0.005688070480653672 0.9998548431261798 31.15636914728853
0.9998738336563778 -0.0009683554199417591 -0.015854939773426696 -0.5849523459574392 0.0010759169475829042 0.9999764571567725 0.00677698607513527 -0.4840885747297868 0.01584800184417984 -0.00679318944132122 0.9998513356250867 32.56325562239741
0.9998779635092223 -0.0020324091833689474 -0.015489591896162683 -0.6130655662341844 0.0021312987574201147 0.99997743725601 0.006370443466163819 -0.5092831349820518 0.015476292982701586 -0.006402678795337239 0.9998597351622692 33.96531075747977
0.9998824801482145 -0.0018041944876362216 -0.015224021447161375 -0.647068973925975 0.0018869460427166761 0.999983515160883 0.005422992318954151 -0.5231935026649851 0.015213984306398694 -0.00545108175234649 0.9998694016373145 35.35572482389332
0.9998943693570778 -0.0011895107791614623 -0.014485690953600106 -0.6637902218534779 0.0012511127713397165 0.9999902102700846 0.00424430020353161 -0.5404304949761288 0.014480498558338231 -0.004261974978636787 0.9998860688483995 36.735948625441466
0.9999099563580366 -0.0006202696720062646 -0.013405017212432693 -0.6986574610625944 0.0006666624246869299 0.999993803498555 0.003456664317770245 -0.5804241281170527 0.01340278828570597 -0.0034652895820553595 0.9999041739021383 38.08603162044754
0.9999239375506648 -0.0001345681764025105 -0.01233292521586751 -0.7261221077242472 0.0001897127438269669 0.9999899902964744 0.004470270555548762 -0.5976208977847648 0.012332198555580742 -0.004472270113030548 0.9999139541161094 39.42146869822591
0.999942729180631 0.00011954432600285413 -0.010701593354350072 -0.756575733098588 -5.62773925490128e-05 0.9999825222552334 0.005912023408519938 -0.6179871656563307 0.010702111626346229 -0.005911082386653939 0.9999252591446587 40.75539588093911
0.9999623530740722 -1.4608708748468924e-05 -0.008677110403819398 -0.7608558836173288 7.551890352727568e-05 0.9999753611663665 0.007019356239490616 -0.6464069328502084 0.008676792900159071 -0.007019747058847639 0.999937716254098 42.071734093397616
0.9999789802309935 -4.52427065518006e-05 -0.006483599705240015 -0.7866135489145621 9.420246164957603e-05 0.99997148470178 0.007551219414210932 -0.6603438883172881 0.006483072313723624 -0.007551671236311061 0.9999504697801928 43.346223206983595
0.9999957963447034 -0.00036319009175932344 -0.0028766979809597484 -0.7875276360479263 0.0003839513280891795 0.99997386325073 0.0072197923873155954 -0.6807655782661206 0.002874000248174798 -0.007220866337090274 0.9999697991445509 44.62040050824921
0.9999997525900234 -0.0006833196677232395 0.00016701312680150775 -0.8086225568982943 0.00068235746859714 0.9999835534790742 0.005694485389358971 -0.7022747589865299 -0.0001709015133183074 -0.005694369851337142 0.999983772338935 45.869131012934815
0.9999890654223886 -0.0006939059000823176 0.004624664887800136 -0.7904793409731763 0.000674492722325927 0.9999909610106579 0.004197970888639601 -0.7243558293898397 -0.004627535463610663 -0.004194805562031661 0.9999804945716347 47.118379489844244
0.9999691038390586 -0.0007137381093450974 0.007828278262423374 -0.8190946971041562 0.0006795673942033738 0.9999902344965821 0.004366818382825301 -0.7325330806358819 -0.007831317531898332 -0.004361363497851643 0.9999598236807619 48.30814650343334
0.9999091256444669 -0.00032620750765329116 0.013477167520339436 -0.8042669797284677 0.0002659338635982809 0.9999899570292113 0.004473826422903114 -0.7564413522470937 -0.013478489759958672 -0.0044698357058952 0.9998991703550891 49.528263975761604
0.9998038394766015 0.0010296891982268155 0.019779340992216274 -0.8007924107733408 -0.0011085280242822924 0.9999914837504931 0.003975373382743966 -0.7805229064434346 -0.019775076497302625 -0.003996519414798515 0.9997964663663212 50.73783848877443
0.9996156747863131 0.00218188280546022 0.027635885544626648 -0.76531089070522 -0.0022932916993034826 0.9999893692756131 0.004000268623253031 -0.800576669468297 -0.027626859934747363 -0.004062108255907133 0.9996100518830529 51.94234459922283
0.999359762684858 0.0031117667033936786 0.03564241506821294 -0.7367379399934124 -0.0032787621103913932 0.999983916378455 0.004627818350395147 -0.8236074915158681 -0.03562743634231887 -0.004741718320743015 0.9993538921574981 53.11188938803588
0.9989102476891347 0.004997577282121182 0.04640411086211749 -0.6972249176076811 -0.005240325455113322 0.9999732079112965 0.005111012140189942 -0.8473533349365268 -0.046377318703643824 -0.005348614903519998 0.9989096737994534 54.298019043596476
0.9982363055204929 0.007309976240497287 0.05891386060952502 -0.6424501319862088 -0.007634946001486657 0.9999568459050178 0.005292817653499757 -0.8645524041190994 -0.05887261997090335 -0.0057332867338258705 0.9982490389004945 55.42661382993705
0.997203705587191 0.00985432218198655 0.0740787589968787 -0.5625273384624695 -0.010319862521028414 0.9999293175428182 0.0059042646267147775 -0.8810685627429854 -0.07401533047874943 -0.006652236999318332 0.9972349161432005 56.55254699966505
0.9958124429017402 0.0115303289587572 0.09068975167746492 -0.47445779032716406 -0.012200490789144989 0.9999021852554335 0.006838707900486231 -0.8882720284437245 -0.09060201618346231 -0.007916529695204311 0.9958557135740559 57.68725583777224
0.9940641034446679 0.01187516701620174 0.1081459202818483 -0.36007353355477906 -0.012786799233002572 0.9998882881417516 0.007740089213389171 -0.9087881390996287 -0.10804190976268749 -0.009076984782347952 0.9941049002398449 58.79397191848414
0.9918153479226903 0.011715849908466525 0.12714187539057412 -0.22919351008080913 -0.012739979555767418 0.9998925971425034 0.007244796679557244 -0.9401392284551073 -0.1270433240063112 -0.00880528521584889 0.9918580840056647 59.87252078839494
0.9889645599657383 0.010439080648333848 0.14778405679956264 -0.07703405782147335 -0.011496765510011709 0.9999140348262171 0.006304547723952513 -0.9454673754653858 -0.14770551903194729 -0.007934012731324575 0.9889995593480799 60.9746499408609
0.9857025239685576 0.007359375460873995 0.16833412423935856 0.09846813314397801 -0.008452561535572025 0.9999475800627948 0.005778522295382113 -0.9582239820448691 -0.16828275129812095 -0.007118758408726593 0.9857130593412022 62.04828690630117
0.981591609437756 0.002536974791288394 0.19097507857441662 0.3067020105540861 -0.0040774196602340485 0.9999622438984208 0.007673684068438475 -0.9799541691920016 -0.19094837455768018 -0.00831110926732622 0.981564892974323 63.10510654043818
0.9769078128794264 -0.0029175042264653357 0.21364133282674316 0.5174820191245517 0.0009829534336280015 0.9999575558769502 0.009160799895073455 -0.9800856716387206 -0.21365896303736853 -0.008739257341990509 0.9768692169884207 64.1131010097076
0.9712746608631874 -0.008438172014400629 0.23781155908710577 0.7673227590461439 0.0064688657708691435 0.999938032012216 0.00906012795274298 -0.9978041590169536 -0.23787324141294972 -0.007261501542553786 0.9712690587012517 65.12268473537462
0.9648245665641205 -0.014596041432451036 0.26248908582194863 1.0624894421347868 0.013094097824626106 0.999886363092696 0.0074703079384274155 -1.0382496372162182 -0.26256825909906245 -0.0037704788619001336 0.9649060492912163 66.1461742595212
0.9572367808616927 -0.01856167300416684 0.28870957798276614 1.328059286769396 0.016946040640043826 0.9998236380146452 0.008094724358523733 -1.0439963064228759 -0.28880887349827333 -0.002856083697921288 0.9573825080017695 67.07351940744135
0.948475387751709 -0.020792898125283767 0.3161678465177793 1.6820805742849123 0.01847665055643785 0.9997760062914899 0.010322335705479507 -1.0421869618336825 -0.3163116157807169 -0.003948758578571133 0.9486471188416828 68.07371291794401
0.9387163597239018 -0.025865934862194604 0.3437187291623197 2.0077166081101065 0.02268958631967139 0.9996546100545994 0.013260589880096332 -1.0520837104071923 -0.3439429636166396 -0.004649096916575579 0.9389790244330153 68.97387564481977
0.9274704519692166 -0.029408947964416093 0.3727381019542955 2.387160573890075 0.026321676070924123 0.9995641097323243 0.013370110799727122 -1.0782827584808055 -0.3729687799379313 -0.00258929123606861 0.9278402700134903 69.91183955019282
0.9156254178224145 -0.02881565009544053 0.40099847080317014 2.804716436245572 0.027274970732937907 0.9995823394729639 0.009551048912340307 -1.0700914595745956 -0.4011061554817906 0.0021920381418239 0.9160289438734878 70.82827567056057
0.9023502656816365 -0.02979997147755621 0.4299720734695607 3.190476866662827 0.030790653072038904 0.9995150152311614 0.004655098064332766 -1.0905780872273387 -0.42990220771766074 0.00903859149145438 0.9028302008111484 71.6582716597462
0.8879787156058362 -0.031637472360844306 0.45879505078745575 3.6405809122060773 0.034364651041491195 0.999406466073867 0.002405458912537743 -1.1054264503964832 -0.4585987815164155 0.013630334875257605 0.8885388815383232 72.50484489287601
0.8719078677153009 -0.03269590688530108 0.4885771989175579 4.140438307141613 0.03439747698765424 0.999393126216198 0.00549479340647008 -1.1297776313206798 -0.48846028599160163 0.012014868756006433 0.872503387167568 73.37459064090957
0.8543031973953549 -0.03214313154146512 0.51878020536309 4.589480014973981 0.031009005307102742 0.999460089943992 0.010861405546756912 -1.121864298055021 -0.518849160741173 0.006807924193823548 0.8548386778645012 74.15739070791591
0.8346944371093699 -0.03228900300090147 0.5497660018779732 5.128663709538241 0.029436118260551567 0.9994684900822947 0.014009004899170808 -1.1118675109072602 -0.5499260588712382 0.0044897381785640594 0.8352012525161425 74.97650293741842
0.8135286398355721 -0.027301127027224252 0.5808836761145408 5.663848897025115 0.025886317262731766 0.9996073378146885 0.010727009068883051 -1.1427362861367019 -0.5809483666115469 0.006310209559086383 0.8139159244557927 75.72133628094466
0.7914433178695683 -0.02004784643256792 0.6109137482091417 6.231660447555993 0.022237385676709496 0.9997447203947573 0.003999085985776957 -1.148746895877753 -0.6108378855538144 0.010420074145001089 0.7916870911928525 76.47235656990826
0.7688598055555285 -0.017011463859804656 0.639191100934889 6.847616177258434 0.02086030067090506 0.9997812506688161 0.001516126082006272 -1.1389326896303844 -0.6390769841493353 0.012168029473638157 0.7690464832519249 77.2016343219475
0.7454157638391482 -0.020246615671030588 0.6662923324900332 7.4308316806371755 0.022997786048412665 0.9997247026738438 0.0046498027540450996 -1.1689484352253854 -0.6662029574417728 0.011857211553681983 0.7456761812636156 77.8716687561958
0.7207480436540842 -0.020737768234707923 0.692886907180637 8.064773431674764 0.023721466399307577 0.9997048455081992 0.00524536574823307 -1.1658339172338787 -0.6927910827919482 0.012655705662814862 0.7210272430017546 78.53478995913582
0.6949038625394932 -0.019526749746711154 0.7188375312855433 8.745679622288995 0.02459601230145875 0.9996917621503136 0.003378879272381107 -1.2074666448553386 -0.7186818405235489 0.015332539687826854 0.6951699481840914 79.18403619713287
0.6691050092081882 -0.016686167116318488 0.7429805729086666 9.400643073893166 0.02375499277940436 0.9997172493582943 0.0010590624510642887 -1.210895103556428 -0.742788066777976 0.016940873276055795 0.6693122002959006 79.76336306578257
0.6414915244161823 -0.014639957615569677 0.7669904652911518 10.119917820046384 0.02280017838458705 0.9997400420398314 1.3075985648388841e-05 -1.2094914448589174 -0.7667911686375397 0.017479130386202947 0.6416585584506406 80.3643120920754
0.6136338786448503 -0.013805711616856665 0.7894700425676774 10.801495161696872 0.023262984713461537 0.99972920061559 -0.0005991158046869073 -1.2350937969384246 -0.7892478775261874 0.01873306632763123 0.6137888702799931 80.9026326341705
0.5848995730566239 -0.007688297618497059 0.8110693354863119 11.534951121120283 0.021976121346147355 0.9997381942239505 -0.006371268719486183 -1.2585056833827537 -0.8108078999272808 0.021550709438089007 0.5849154032210626 81.43067206309294
0.5548687404260494 0.0016673332514222415 0.8319362914100196 12.31561075382836 0.020511959916226074 0.9996665776694401 -0.015684162805339404 -1.266143706621505 -0.8316849444856625 0.025767294338381232 0.5546495358506242 81.94805737979658
0.5240359471794249 0.00977361307586975 0.8516401230018847 13.059421844498226 0.019386902396321348 0.9995381830753832 -0.02340018313615592 -1.3053245223265402 -0.8514754113469016 0.02877319979407089 0.5236044597869852 82.41978759283712
0.4925586748782876 0.014680629255326014 0.8701554641561954 13.854516510941117 0.01735996416956463 0.9994930233733698 -0.02668947100344008 -1.3326884739328897 -0.870106017236529 0.028251996873376053 0.49205410533491445 82.86374159600844
0.4599502185124356 0.014593075442979869 0.8878248384167309 14.699710226512858 0.015034038917633875 0.9995936310226818 -0.024218804401104087 -1.364862723011219 -0.8878173617445559 0.024487036367838094 0.45954391756474094 83.30400693733694
0.4265497500320401 0.012902350039798947 0.9043721298153309 15.509182897336542 0.011347578159618364 0.9997432073032398 -0.01961509414426833 -1.3993832897821972 -0.904392853206759 0.018629245907210205 0.42629380618591217 83.70897248172842
0.39159458854068124 0.01408547067532907 0.920030103144192 16.394908459212427 0.00690089055102296 0.999809746731761 -0.01824412374382114 -1.427911934008869 -0.9201119181124154 0.013493326287910617 0.3914228855621323 84.09255750395596
0.35635725482924213 0.016722395926454133 0.9342001846131611 17.267125534499872 0.00016803415106969198 0.9998386662399705 -0.017961438050403608 -1.4679032500643876 -0.9343496995876686 0.006557665594640776 0.35629695392374816 84.4351096964182
0.32057446635438286 0.018814564310767674 0.9470365059017364 18.16004502022894 -0.004966652550340556 0.9998223574028078 -0.018182023930525724 -1.476574507557928 -0.9472102317368004 0.0011250907921417739 0.3206109655804025 84.74950047075023
0.2847472979371919 0.0181513555193082 0.9584308151272698 19.05498456996017 -0.0077020504161850745 0.9998317608601016 -0.01664717340657566 -1.510729252022282 -0.9585716097927943 -0.0026416452651495804 0.28483919647173506 85.0143988317859
0.24754843353090764 0.017844290465372066 0.9687112468823117 19.97765888238716 -0.008266972112416174 0.9998328881725853 -0.016304995757665496 -1.5360114551462682 -0.9688401849581905 -0.003972033131085531 0.24765458504700008 85.26170981817255
0.2116740671308821 0.017063814880897702 0.9771914056462501 20.912853639575015 -0.007705535445886144 0.9998456340793902 -0.015790273054381593 -1.570606581800268 -0.9773098718585105 -0.004187392128079403 0.21177287924782606 85.47480601454136
0.17728297967204779 0.016212111065128952 0.9840264438321559 21.827256430544814 -0.0051432757329492595 0.999865918238465 -0.015546454661086236 -1.5841829715503353 -0.9841464127329479 -0.0023049980234273503 0.17734259417525688 85.63267956915311
0.14138582180531012 0.014793570938079186 0.9898440942023323 22.802916298710965 0.00211653838435803 0.9998815343298726 -0.015245903449987892 -1.626818833706775 -0.9899522402834763 0.004250596903889069 0.1413377628491633 85.78269401861957
0.10830016778401912 0.017794778939779918 0.9939590292529795 23.772291655451067 0.004473473607558303 0.99982093439191 -0.018387147359211035 -1.6761340078330103 -0.994108107310955 0.006437779852487735 0.10820117205323283 85.86560264746332
0.07503042863496968 0.0237872128086552 0.9968975556615586 24.71955123814606 0.0056802045641072205 0.9996890276458532 -0.024281336192217163 -1.6583195945196203 -0.9971649996964792 0.007484420296755329 0.0748719815961701 85.92513913157107
0.04605857648515898 0.026085900462657467 0.9985981509299945 25.70218115215166 0.010743892300754064 0.9995882251999157 -0.026607307724832486 -1.736495919230041 -0.9988808950296251 0.011954324754949926 0.045759348208244434 85.97940785831746
0.020306498729173807 0.025062907981790703 0.9994796800009267 26.704164404990625 0.013708050398138294 0.9995847979874136 -0.025344052254499684 -1.7606666666801813 -0.9996997556385164 0.014215565768208828 0.019954505415231735 85.99648643179212
-0.002082426795369191 0.022339913121017352 0.9997483312586343 27.67306016437388 0.01579350699844359 0.9996264720406184 -0.022304293816593955 -1.783573250004738 -0.9998730392300635 0.015743084132746023 -0.002434472934041319 86.02321475538403
-0.021974080065391737 0.020223978580445025 0.999554032825785 28.65059668876875 0.016899479043993568 0.9996600432819182 -0.019854608008710285 -1.818828608490194 -0.9996156328582629 0.016455654583113724 -0.022308382941319402 85.98619533010755
-0.03781326883713285 0.02232813655182584 0.9990354072587909 29.61277261680203 0.01795606507585443 0.9996041073836509 -0.02166121447732689 -1.8649448463919938 -0.9991234171122005 0.01711966233604366 -0.03819922272620743 85.94508117246681
-0.05293238667223207 0.02760268924751335 0.9982166036289328 30.619126188729126 0.021129824188570737 0.9994250599667882 -0.026515656097325056 -1.8802031035562323 -0.9983744584970922 0.019688603177362655 -0.05348519210450191 85.89664514609811
-0.06465392759874639 0.03203045713144793 0.9973936299488568 31.604614565367395 0.025166356320298407 0.9992191857888653 -0.030457728537474214 -1.9432207989433763 -0.997590292041325 0.02313155040910049 -0.06540953319950299 85.82739032241936
-0.07387008183833972 0.03631115961412767 0.9966066647045455 32.58502357160794 0.03067268187701027 0.9989468519889939 -0.03412291652339092 -1.9668612121750186 -0.9967959993965423 0.028047935105912046 -0.07490604476412514 85.75198806693734
-0.07946692409356486 0.040831401379538015 0.9960009728702766 33.5875787522904 0.03389825515901853 0.9986935597512469 -0.03823718008256152 -2.023235756971758 -0.9962609011807041 0.030724102512768196 -0.08074721697531115 85.67548677840807
-0.08333880689518813 0.04615715103056714 0.9954518039092112 34.592923365173164 0.03655099093759854 0.9983961524182224 -0.04323364225356443 -2.069866854993712 -0.9958506591720845 0.032781708126361865 -0.08489223216670579 85.59028466229545
-0.08652164357588275 0.04976732640514624 0.9950062068003279 35.57552833281584 0.03804316717796727 0.9981880796097825 -0.04661839848833357 -2.134442509984913 -0.9955232743398501 0.03381968540809167 -0.08825817837005764 85.51425667085326
-0.088715106499406 0.05281737646685376 0.994655763428528 36.58243427150905 0.038505646526004224 0.9980285138915829 -0.04956208803432938 -2.1843134505740536 -0.9953124194186809 0.033902955720615455 -0.09057397153363861 85.427430249164
-0.09150422323322291 0.056378224184255823 0.9942075266234986 37.583254892213475 0.03932679006011787 0.9978217556346218 -0.052963643133280225 -2.248009482606588 -0.9950277624131197 0.034252592040478716 -0.09352207766631741 85.3344338946375
-0.09348555969526631 0.06035817010233509 0.9937894517445253 38.60442772380497 0.04089995234031805 0.9975509308565763 -0.05673917669973654 -2.3125518241558445 -0.9947801321612182 0.03534164588233213 -0.09572525178083938 85.24073851697122
-0.09518928099310105 0.061283895149632076 0.9935710432093756 39.61484979216304 0.04229315164193571 0.9974509202723494 -0.05747130492747432 -2.387283334181528 -0.9945602834790117 0.03655059692872504 -0.09753852340192104 85.14349772114404
-0.0975265085004858 0.0607460476670169 0.9933773858419798 40.620323616438036 0.043551317333803526 0.9974398559230386 -0.056718748931138 -2.446216176375792 -0.9942795031236475 0.03773131050273102 -0.09992239539091029 85.04841335200486
-0.09995294595431885 0.06032700660675632 0.9931617157741017 41.63765654376204 0.04346767873941846 0.9974720675213403 -0.05621419148696733 -2.526885266956009 -0.9940421706353871 0.037551658647906765 -0.10232254500370977 84.94374407714176
-0.10237067950606589 0.06129822196847999 0.9928559335101826 42.66493065495628 0.04273928191126565 0.9974489291009877 -0.057175060389752404 -2.6006862685384897 -0.9938276839210121 0.03658089817933278 -0.10472936503976328 84.83115586194958
-0.10460912237494399 0.06327030174230158 0.9924988328021331 43.69455660400725 0.04175089894049783 0.9973738144861674 -0.0591805419241968 -2.6631626267908457 -0.9936365842625251 0.03524689227743801 -0.10697598979312288 84.7356120115247
-0.10701758315354323 0.06560542774142558 0.9920903675343311 44.72008121577751 0.039689412490796085 0.9973072118170049 -0.061669082569550726 -2.7351547171333026 -0.9934645716528979 0.03277580609011253 -0.10933324675997118 84.62326282393116
-0.10955507137767836 0.06922206266509623 0.9915675089980444 45.75790807466179 0.03773687185088805 0.9971425646380018 -0.06544183881664299 -2.8147916900664196 -0.9932640548252354 0.030249169209213646 -0.11185424735740458 84.49347817301806
-0.111814320352971 0.0734172602136797 0.9910134187345008 46.79341309404086 0.03428465247732859 0.9969583971400919 -0.06998940629228957 -2.8925197192182686 -0.9931374467813697 0.02615073140165481 -0.11399130925581935 84.39261462458222
-0.11413845520627501 0.07573412682900678 0.9905740191653923 47.82548852778382 0.03153956610970874 0.9968637181545558 -0.07258087378700533 -2.973591139267471 -0.9929640158187284 0.022958004683991774 -0.11616910474900946 84.2745022595756
-0.11712037465571677 0.07412827324660412 0.9903473881589778 48.87943121617009 0.029521223416456275 0.997029585946832 -0.07113720660351132 -3.073328413243759 -0.9926787915529374 0.020904649006290354 -0.11896083437395451 84.15744576430927
-0.12012687548326739 0.07072489027454126 0.9902361616764092 49.93343320894172 0.02743879296400982 0.9973146224798217 -0.06790181496903916 -3.130786517211285 -0.9923792191060261 0.019014050995905335 -0.12174489350453437 84.05473670358457
-0.12248353905362878 0.06831175877927742 0.9901168710907374 50.98563763228294 0.027200816209973264 0.9974847037708459 -0.06545518605001173 -3.2274263328879806 -0.9920976597212692 0.018914803042690654 -0.12403359067680042 83.92261245273139
-0.12436297802632548 0.06900737024105758 0.989834311706769 52.04651500539764 0.027206655999880286 0.9974407356840178 -0.0661194125035485 -3.3146951373979903 -0.9918636578667916 0.01870727342004938 -0.125922158489887 83.7928294773181
-0.12570893680563677 0.07173383588257386 0.9894703896663906 53.08643819443093 0.02810434440051878 0.997239595775065 -0.06872651956369 -3.3929987695389374 -0.9916689353374859 0.01916887773783377 -0.12737796016572264 83.66501912296377
-0.1264356280583636 0.07415791431178763 0.9891990536283509 54.158544723998055 0.02800263468540562 0.9970711325192437 -0.07116887805818807 -3.4812340134590674 -0.9915794233010329 0.01870189678715505 -0.1281419302537848 83.52401734323882
-0.1263460969821543 0.07496293041479891 0.9891498141522796 55.23893449384895 0.027231478440905354 0.9970269274084653 -0.07208156954564354 -3.5765450816391446 -0.9916123126808566 0.017828785741509062 -0.1280118106989759 83.38219739540128
-0.1264758595821918 0.07391687367224321 0.9892119513663055 56.30116419090299 0.02436285801258281 0.9971505319528532 -0.07139515284519297 -3.6594873091873126 -0.9916703970533703 0.015070265948517125 -0.12791629537168195 83.24476369122094
-0.1264876676428191 0.07335741475723756 0.989252086999421 57.389152772675935 0.02109160352564657 0.9972352843206578 -0.07125259330686563 -3.7419763274612827 -0.991743859314869 0.01185233751814498 -0.12768518912539362 83.12113859319028
-0.12628143208408155 0.0741386051135438 0.9892201975012932 58.46167034865022 0.01680575316188644 0.9972200629302631 -0.07259278789682444 -3.8383061114361166 -0.9918520226579457 0.007457468430166279 -0.12717633116062507 82.98663109739488
-0.127029363710947 0.07422562497074452 0.9891179046656352 59.53273785703268 0.012384302521485107 0.9972371243006817 -0.07324443381078823 -3.920524280356766 -0.991821575741156 0.002945340853619697 -0.12759762837788952 82.8718047728453
-0.12687223048774238 0.07375247344624057 0.9891734639464743 60.65075243352298 0.00969922239047759 0.9972765272923088 -0.0731126070991826 -4.0258567310733735 -0.9918715796445715 0.00031825326208014746 -0.1272420374875928 82.72482358444523
-0.12727326193621985 0.06872011281330921 0.9894843075468146 61.7250415310614 0.008914910363042903 0.9976359678707968 -0.06813956329699752 -4.107702467379964 -0.9918275603517321 0.0001488188124877684 -0.12758501591787116 82.59742982010339
-0.12789990929004025 0.06053246189815495 0.9899381628455545 62.82290760885035 0.012139969352320845 0.9981564782873301 -0.05946651214788015 -4.182872457707869 -0.9917127117658289 0.004412056709055552 -0.12839898367947528 82.45866133545455
-0.12735653242375844 0.055817133319319284 0.9902852585528218 63.970963421363884 0.01921184164113645 0.9983667971173271 -0.05380189207609959 -4.235623768010858 -0.991670856237654 0.01217318018367446 -0.12822088171031243 82.30369236125355
-0.1269111945116725 0.05716370527816852 0.9902656166640664 65.0400415656898 0.026104988832774078 0.9981847152751169 -0.05427525919027357 -4.337143488719036 -0.9915704445899437 0.01896273371960293 -0.12817307086135152 82.1713547675257
-0.12581366619114434 0.06251108753739995 0.9900825305972064 66.15907008202552 0.030912371546935 0.9977751864533001 -0.059068626052058384 -4.430051267113432 -0.99157209267679 0.023174157359759945 -0.1274661186185147 82.00477827078686
-0.1249128617020341 0.0682832003573493 0.9898152926675913 67.26284113783868 0.034674819483343985 0.9973199456046596 -0.06442501833660963 -4.483229037825132 -0.9915615473299946 0.026274151815601002 -0.12694579449480145 81.85944851292122
-0.12452073588103868 0.07121264657161465 0.9896582629240253 68.35918639444705 0.033675222426500284 0.9971498150088226 -0.06751463422149226 -4.628769896163252 -0.9916453166238983 0.024919988862479314 -0.12656392887172402 81.71044943615844
-0.12443460475314033 0.07058499114972441 0.9897140598371522 69.49470372994288 0.033082729420683424 0.9972070479543295 -0.06695996219853767 -4.676301834315131 -0.9916760713062699 0.024410304697735547 -0.12642220744310667 81.59577983113127
-0.12371440604168803 0.0661223291022304 0.9901124761591492 70.62787404610664 0.03290638412312954 0.9975020788680653 -0.06250418015812713 -4.7358632248472405 -0.9917720422776553 0.024848352608679545 -0.12558122238415081 81.4583279270417
-0.12327076568459067 0.0640765617435131 0.9903022996529404 71.76844476962142 0.029331007017732377 0.9977125219295789 -0.06090497210216293 -4.827160428779495 -0.9919394530679759 0.021538759917793485 -0.12486821500553419 81.31346083503212
-0.12329929178560972 0.06464520651003043 0.9902617906659045 72.9301411045008 0.028648971278220012 0.9976919457914275 -0.06156312019188515 -4.897541575567154 -0.9919558403917172 0.020779291263698693 -0.12486672741291407 81.17961898463545
-0.12314562539913437 0.06930823295863278 0.9899654821810029 74.03759480502951 0.027920444111829083 0.9974053007879257 -0.06635597034516999 -4.994616036132815 -0.991995701571373 0.019468827277740675 -0.12476121459814905 81.05493714660801
-0.12239557804667822 0.07212688523195368 0.9898571447612746 75.20224059930787 0.028442701403035325 0.9972010685802881 -0.06914507651429422 -5.102922061578985 -0.9920736884814758 0.019691158413930706 -0.1241044830881196 80.88771557765975
-0.12234350359608329 0.07010574689798937 0.9900087795179459 76.32835167206294 0.0267860895668194 0.9973720112340859 -0.06731698642353565 -5.203743471813331 -0.9921262221581751 0.018282666732114903 -0.12389984346992304 80.75327247600268
-0.12124984767613159 0.06536612254343775 0.9904675040889619 77.50127323060377 0.03092955749181798 0.9975936773150533 -0.062050120578751075 -5.245493777370406 -0.9921399624267387 0.023111152660357036 -0.12297982507339437 80.59742996881391
-0.12142169063506042 0.06300187673333248 0.9905996511043964 78.68831975521572 0.03069753068867819 0.9977446257098529 -0.05969357988996464 -5.331211145705151 -0.99212615265928 0.023160866513606503 -0.12308183973171856 80.46012103698644
-0.1217158225025241 0.06606045120105558 0.9903642802104736 79.8127732893426 0.027477762207752665 0.9976245845888864 -0.0631677199136005 -5.419827794192062 -0.9921845086861936 0.019524482028813166 -0.12324188864311109 80.33444103132639
-0.12121286808716351 0.06851645432580748 0.99025909149107 80.98878010690692 0.026012483156995538 0.9974915498057686 -0.06583280970083893 -5.529269007704115 -0.9922855735372043 0.01777931313671103 -0.12269109317026933 80.20517142216278
-0.12146109846099445 0.0681558908017862 0.9902535575736565 82.17376765619807 0.025654885675465873 0.9975221012402722 -0.06550942241925828 -5.611802807597937 -0.9922645295128277 0.017447994288385067 -0.12290866015404814 80.06292549568305
-0.1208354897825931 0.0655328441601045 0.9905071241296596 83.35079853336147 0.025423513681634754 0.9976955261412009 -0.06290693212861583 -5.6830967978405065 -0.9923468634842281 0.017580780347405203 -0.1222231011272675 79.92423345044865
-0.1192178491282111 0.06405458627778965 0.9907998015174727 84.55504910148427 0.026125775845608754 0.9977736046090196 -0.06136185960173553 -5.779954260405295 -0.9925242648613081 0.018569983452017363 -0.12062589723312267 79.78669227072979
-0.11902627816107617 0.06439061328490436 0.9908010528323279 85.73708888921395 0.02771928780547989 0.9977214596795847 -0.06151040564860763 -5.868788780476256 -0.9925040323547601 0.020142943692973144 -0.12053993234006441 79.62788608090369
-0.11824048431593248 0.0644503399781783 0.9908912522748325 86.91240639323519 0.029871005432882163 0.9976706565153187 -0.061326863409844314 -5.952663017152864 -0.9925355303119255 0.02234759868852342 -0.11989025648056723 79.48610603566902
-0.11667858652683738 0.06467933985744359 0.9910614626637154 88.14291310650131 0.03039731193005777 0.9976422445468963 -0.061530117289048274 -6.025059333145448 -0.9927043763636396 0.0229463560308384 -0.11836956343256876 79.3426369053856
-0.11570931824586633 0.0644302246244101 0.9911913196709127 89.30486252080425 0.029570530206052045 0.9976751278658398 -0.061399698663930184 -6.130608972731968 -0.9928427898508199 0.022205534329637837 -0.11734554318995154 79.20297511774396
-0.11408122077732594 0.06342635667760509 0.9914447562828259 90.52162274779883 0.03250481756468205 0.9976639442027496 -0.06008403504308676 -6.2074541979766185 -0.9929394643177802 0.025372269512330375 -0.11587638124234008 79.06934034042055
-0.11358274368983692 0.0622574235042904 0.9915760717105784 91.75469592406806 0.0300213395938613 0.9977940763118098 -0.059208955839858635 -6.295790587503097 -0.9930747944548564 0.023043325045007137 -0.11520123848836404 78.92821441190864
-0.1115823864169562 0.06185840532749806 0.9918281308901336 92.95067998262512 0.031657686468984356 0.9977754666062126 -0.05866778605834273 -6.375276848691501 -0.9932507386083115 0.02485269108997851 -0.11329246008303562 78.79257607832486
-0.11050239100602827 0.06254110064793933 0.9919062278427261 94.15438272786459 0.030306476037580063 0.9977660965292462 -0.059534310544458416 -6.455978850402944 -0.9934136131904399 0.023482497369879347 -0.11215093810880936 78.66109708919987
-0.10879785439701453 0.06454008259932358 0.9919666008384819 95.42553736783836 0.029105790763728743 0.9976691040453821 -0.06171881233121645 -6.55954785118174 -0.9936376339224493 0.022157096718172883 -0.11042274646733007 78.53162596152492
-0.10756463851797507 0.06396072369326745 0.9921386026979253 96.63018149051511 0.02712077373064695 0.9977458249517707 -0.061381857667665504 -6.6345601584628415 -0.9938280434033949 0.020305048022886674 -0.10905683171792781 78.41169246527917
-0.10684408627465286 0.06310360675399726 0.9922713382253511 97.90480270093039 0.02595015300665029 0.997820962068633 -0.0606623214669989 -6.718549845987873 -0.993937019355356 0.0192681815737666 -0.10824881561793129 78.2717970921102
-0.10677422901989014 0.06321115836085578 0.9922720121509946 99.10837478745633 0.021803961344036612 0.9978859584476465 -0.06122255509231091 -6.817224528230494 -0.9940441232332716 0.015098468430712997 -0.10792675592670409 78.16258400434215
-0.1077478491299001 0.06256082353448551 0.9922079806998472 100.37415042801253 0.017407269554600906 0.9979838449589561 -0.061034680555789325 -6.908161506794244 -0.9940257821828429 0.010695275304175689 -0.10861962429099342 78.03206735635118
-0.10828334903110211 0.06068053085672928 0.9922664572012994 101.63740523069485 0.01715711493195676 0.998100763907506 -0.059165011217540954 -6.985734351756939 -0.9939719399537659 0.010617843172009716 -0.10911879464037404 77.89909378225191
-0.1096642630275962 0.059065195102351885 0.9922122679639525 102.88680672011179 0.014691643627403883 0.9982201291434637 -0.057799043593091244 -7.076041381354774 -0.9938600367992393 0.008238738675361937 -0.11033683801202838 77.78483742424291
-0.1116431394416983 0.058311926728767394 0.9920361188582665 104.11932049168631 0.01299366939375306 0.998277235446891 -0.05721648194276062 -7.164110965991988 -0.9936633442747088 0.006502360884204471 -0.11220848890992897 77.6439332411714
-0.11335568156022632 0.058054814851794485 0.99185697577061 105.37571421905814 0.01212678158510235 0.9982979053698883 -0.05704588824122722 -7.253309500942162 -0.9934803966176267 0.005561556595100415 -0.11386675593741102 77.50522283879211
-0.11578695309646822 0.05634195264434318 0.9916748954436563 106.64126866673882 0.01070681308073747 0.9984027197519928 -0.0554740786849872 -7.358525731035497 -0.9932162974700555 0.004194502461936915 -0.11620525005433655 77.36893322760483
-0.11815179826217066 0.053253955000135425 0.991566589377998 107.91041797776374 0.011937320976020169 0.9985649140037777 -0.052207403099139786 -7.415064774205355 -0.9929237236205736 0.005668249307866816 -0.1186179482413492 77.22219040927834
-0.12219242126660777 0.05309618162837686 0.9910852334104462 109.15200498434717 0.012104285809083064 0.9985734656385803 -0.0520050001116956 -7.492576344802238 -0.9924325501413063 0.005641761264722825 -0.12266079935380575 77.08717876629319
-0.12826015960979328 0.057280199133187576 0.9900850681836485 110.38163172722692 0.004735441547372756 0.9983546486181372 -0.057145176923624676 -7.593805027922191 -0.9917291844981643 -0.002640960080554245 -0.12832037203291136 76.95236894343329
-0.13591773182422817 0.05940869898475485 0.98893736322906 111.62587713771352 0.0016415437073544414 0.9982126045343294 -0.059740284229510755 -7.694221388456368 -0.9907187008055506 -0.006496380446716147 -0.13577231348380925 76.77806828915095
-0.1445919394739976 0.057182940364839174 0.9878377466940498 112.85890402989449 0.006599635341881779 0.9983622744339414 -0.05682617239127542 -7.7642104001612875 -0.9894692945271326 -0.0016972381394252925 -0.14473252253482516 76.6111940113584
-0.15509933460320519 0.054752354651723394 0.9863805082671685 114.08227410456536 0.008481665739069656 0.998499964639241 -0.054091422804038974 -7.84974356003063 -0.9878624029447213 -2.3394540645411154e-05 -0.1553310697127011 76.43012142510331
-0.16823298676613233 0.0551491289777101 0.9842034170887717 115.31275305180208 0.008278464170214505 0.998477601008152 -0.05453391033670122 -7.95744797170881 -0.9857124322963942 -0.0010267104826663408 -0.1684334175537519 76.2185445656048
