1.0 -1.3552527156068808e-20 1.3010426069826055e-18 0.0 1.3552527156068808e-20 1.0 8.673617379884037e-19 0.0 -1.3010426069826055e-18 -8.673617379884037e-19 1.0 -3.903127820947816e-18
0.9999975042282109 -0.0017850786847315244 0.001343514584520645 1.5448041777903203 0.001786621888459229 0.9999977446811414 -0.0011483095655188552 0.012945358312854111 -0.0013414617315379849 0.0011507070521644051 0.9999984381756318 0.013490573545037547
0.9999891969963597 -0.003931331466873716 0.0024800248937196204 3.1286112728000397 0.0039354571424521185 0.9999908767834167 -0.0016608813965658183 0.03148519151806016 -0.0024734727926183186 0.0016706234857394929 0.9999955454648352 0.03231828640364724
0.9999858611908351 -0.004783686328771279 0.0023224477457952776 4.607996245651639 0.004785724501336114 0.9999881674308744 -0.0008728340270408708 0.04875410083995389 -0.0023182449010693434 0.0008839362812872551 0.9999969221938783 0.030419953174312658
0.9999801571827556 -0.005779248593445 0.002507095220884425 6.121753062573726 0.005780833993790945 0.9999830951608754 -0.0006255803800974672 0.05285686583507655 -0.0025034374543112807 0.0006400610680988727 0.9999966615557981 0.04049698413067707
0.999969068367686 -0.007341531537511824 0.002822095417555058 7.635591984651686 0.00734314279489446 0.9999728813950491 -0.0005610065745211289 0.07691126378582003 -0.0028179002388046977 0.0005817122713039642 0.9999958605159711 0.06081863189174026
0.9999543476853646 -0.009065641498506659 0.0030193855926981213 9.151226333041384 0.009068689430996714 0.9999583812685853 -0.0009972977061064384 0.10312803543126207 -0.0030102187862292577 0.0010246340473703793 0.9999949443411841 0.07534086041003997
0.9999409651862492 -0.010495378986177648 0.0028130343632521465 10.641248611976934 0.010500930588535313 0.9999429308692526 -0.001966077664750638 0.10408930861022228 -0.0027922390956184565 0.0019955010763135555 0.9999941106708016 0.09233384797896754
0.9999275775290329 -0.011743084506269834 0.002634324049588293 12.143197947269083 0.011750893922660623 0.9999265484885274 -0.0029688583393517516 0.1321534293060614 -0.0025992670001389905 0.002999598989759491 0.9999921230774583 0.10213223619449352
0.9999073853807029 -0.013320292463729318 0.0027911413090973627 13.631284297318265 0.013328984356745056 0.9999063006544366 -0.0031189882296924496 0.16799278124580114 -0.002749333945572893 0.0031559024446313876 0.999991240682945 0.11846974269596235
0.9998947231434298 -0.014248275685964533 0.0027439515121246583 15.117730452820876 0.014255249153807083 0.999895165609082 -0.0025388310596593127 0.1950333030116656 -0.0027074898867810605 0.0025776794919772916 0.9999930125090624 0.11557596792230852
0.9998784134226836 -0.015274878037910774 0.003136315077326169 16.61588814875345 0.015280395919069604 0.9998817287473507 -0.0017429910400635193 0.23489755081975514 -0.0031093201658551296 0.0017907032518571558 0.9999935627342658 0.13989396547725325
0.9998713942187757 -0.015581020893316496 0.0037982641987774927 18.097450271014768 0.015583312840842625 0.9998784077217747 -0.0005745717299934382 0.27001373382078586 -0.0037888499450505248 0.0006336873760089551 0.9999926215009806 0.15002522911616362
0.9998599570593799 -0.016104536345343638 0.0045508436928218135 19.558441562638993 0.016104724394083617 0.999870310505475 -4.677145070288623e-06 0.2962693850999065 -0.004550178172950852 7.79665735025883e-05 0.9999896448462893 0.15970436948115094
0.9998472080186436 -0.01681600496417867 0.004773111602305549 21.029531443604228 0.016814911837639484 0.9998585831744645 0.0002690580698658748 0.3279222196346332 -0.0047769610858533415 -0.0001887575091662981 0.999988572441399 0.1728395483055573
0.9998454396177167 -0.01686303057979884 0.004973436972518151 22.497174810719024 0.016858111044815896 0.9998573620066198 0.0010294334189176063 0.3614127724893331 -0.004990086938671263 -0.0009454315565377392 0.9999871025125856 0.17914436902315667
0.9998411315110668 -0.017032222480138547 0.005255010566767237 23.95394250291383 0.01702628516247245 0.9998543548008564 0.0011725183705620086 0.4029679005292438 -0.0052742157934562005 -0.001082858785898646 0.9999855049272534 0.18980235497009024
0.9998342214382046 -0.01720488122073036 0.005960008661050447 25.406380268096385 0.017195310573095153 0.9998507827267807 0.0016533526359138622 0.4428614031851521 -0.005987565060526561 -0.0015505943455466403 0.9999808721779739 0.19645667671016426
0.99983738574222 -0.01721846075352374 0.00535972773958326 26.857406792431014 0.017207328898867957 0.9998497035170405 0.0021161779349450666 0.47783871501680786 -0.005395359518074705 -0.0020236072162174495 0.9999833974169298 0.21237460556635399
0.9998497293558578 -0.01703430303295632 0.0032173323110038037 28.30011198032647 0.01702599782870862 0.9998516890693321 0.0025913824767102526 0.5097434745567296 -0.0032609975398370655 -0.0025362147750548733 0.9999914667184215 0.2260598956339691
0.999857334095801 -0.016572805684077634 0.0032639801769684057 29.726867226040333 0.016568414988525 0.9998617989947681 0.0013676752955057605 0.5403825441994619 -0.0032861953085382223 -0.0013134011967867445 0.9999937379292385 0.23516620582647055
0.9998548458622382 -0.016105427556006354 0.005558993527449064 31.15881891155417 0.016105876112624113 0.9998702913196615 -3.593021134547259e-05 0.5661514040901244 -0.005557693806318711 0.00012545745699059908 0.9999845480306092 0.24326817506117945
0.9998514556857763 -0.015894255311030357 0.006666274157415048 32.56588501350213 0.015901801926511843 0.9998729744490178 -0.001080584084546992 0.5921428026923321 -0.006648252290942377 0.0011864293411642307 0.999977196303443 0.2560602273127239
0.999859967739749 -0.015511802794901516 0.006279242432040612 33.968053394115955 0.01552552252967904 0.9998771772025407 -0.002142115697012421 0.6207829748530374 -0.006245243121663264 0.0022393042515576125 0.9999779909852119 0.2712705253982471
0.9998696055776138 -0.015243574999123856 0.005329658836454503 35.35846385511056 0.01525395508396221 0.9998818227865895 -0.0019124108511735227 0.655440742100644 -0.00529987701398578 0.001993459859969338 0.9999839685822085 0.27515602459028043
0.9998861993110967 -0.014505098790269802 0.004146147162671931 36.73870587256084 0.014510571318306978 0.9998938802531965 -0.001292885231863998 0.6729447672808038 -0.00412695374657215 0.001352901064734086 0.9999905689112687 0.2822308073534773
0.999904239671928 -0.013425221114112358 0.0033578153821523316 38.088989893759965 0.013427697718681748 0.999909587973031 -0.0007161100329743176 0.708492342977332 -0.0033478978597227286 0.0007611291879893057 0.9999941061137712 0.3125401374497971
0.9999139720206863 -0.012366273371873593 0.0043730813742717594 39.424570784273776 0.012367362585743563 0.9999234965769084 -0.00022211727109166436 0.7368034246883876 -0.004370000055682236 0.00027618164576424234 0.9999904133656541 0.32062604457468125
0.999925255378308 -0.010749688930819332 0.005824761326969181 40.75869384598801 0.010749611633835953 0.9999422202619959 4.457838075416147e-05 0.768226968451472 -0.005824903977511918 1.803887336474928e-05 0.9999830349402193 0.3320449833294128
0.9999377207208193 -0.008732503925096963 0.006949680197749889 42.075283507414056 0.008733231022532081 0.9999618618517494 -7.42825017441961e-05 0.773498915360962 -0.006948766477578165 0.00013497103818319793 0.999975847921968 0.3513398018720853
0.9999504737682998 -0.006543078270197091 0.007499209111814303 43.34988106507764 0.006543927460318184 0.9999785843430813 -8.870513716502062e-05 0.8004006746871776 -0.007498468106669362 0.00013777502437131435 0.9999718766015853 0.3564592324697913
0.9999698058922349 -0.002929453081552724 0.007197611304391623 44.624190659672735 0.0029322686489374715 0.9999956284400447 -0.00038065912607356976 0.8028065599981488 -0.007196464716552374 0.0004017529623860008 0.9999740244077047 0.36761920834306017
0.9999837698398717 0.00012976629310928694 0.005695894797798337 45.87298108012778 -0.00012589776758354458 0.9999997611935633 -0.0006795311386614932 0.8252094151623309 -0.005695981617818914 0.0006788030093228671 0.9999835473745975 0.37986399825578815
0.9999804711241753 0.004598208162019244 0.004232475867748521 47.12233362840125 -0.004595460164290489 0.9999892238317242 -0.0006587611889262211 0.8088007115470188 -0.00423545937895209 0.0006392981498142054 0.9999908260487818 0.3923676150240479
0.9999597847323978 0.00780049105143834 0.004425071444989111 48.31216977530515 -0.007797664836365656 0.9999693828527761 -0.0006555761876107226 0.8388615852005408 -0.004430049778110197 0.0006210445994339068 0.9999899944312288 0.39225768191024774
0.9998991459133337 0.013443470580757705 0.004579421418717067 49.53252494558538 -0.01344256828021933 0.9999096186577836 -0.00022775793582337271 0.8261046500096141 -0.004582069381572445 0.0001661757803997712 0.9999894884576501 0.40729051422428914
0.9997966310313071 0.019733604358899107 0.004157094833501896 50.74232099387471 -0.01973863452535727 0.9998044866825756 0.0011724830343072166 0.8249381506956575 -0.00413314474978361 -0.0012542999632474644 0.9999906718795328 0.42247810922889967
0.9996105216787229 0.027575849080069603 0.004286898261525669 51.94710656474375 -0.027586222666784312 0.9996165948732998 0.002379826230550553 0.7922367852545862 -0.004219628913784105 -0.0024971586698176447 0.9999879793929565 0.43357395952750627
0.9993547530769844 0.03556334553482238 0.0050324901202556446 53.11700685137165 -0.03558052175233639 0.9993611452291898 0.003365691315864358 0.7664322996041646 -0.004909579846703629 -0.0035425782380911503 0.999981672914637 0.44813265366415356
0.9989114544858418 0.0462935319930377 0.005728437185629877 54.30358461936224 -0.04632411117210372 0.9989122648281822 0.005325776933592289 0.7305452215087835 -0.0054756571381604805 -0.005585344344031352 0.9999694100858606 0.46315049915348583
0.9982523222595441 0.05876770206289583 0.006217579728007397 55.43265957893871 -0.05881502267927089 0.9982390222278127 0.0077231864471423 0.6799537400871722 -0.00575275678820772 -0.008075375898816167 0.9999508458386485 0.47182343989320585
0.9972404779386121 0.07388269719369982 0.007264724093342329 56.559243246983705 -0.07395579943121516 0.9972076119021654 0.010369112540140115 0.6050024352567026 -0.006478340162279461 -0.010877767223298926 0.999919849432432 0.4797559912091363
0.9958637350373475 0.09044456327842897 0.00867192082747792 57.694681919282885 -0.0905462565499224 0.9958180787460106 0.012154401153494249 0.5223547024658511 -0.007536356033217954 -0.012889337297886458 0.9998885279478718 0.4783532942687518
0.9941148877374257 0.10786972578774207 0.009985601498302634 58.80234897879266 -0.10799172991719748 0.9940717949528414 0.012611611662553208 0.4134426772669708 -0.008565993713320378 -0.013615753292172551 0.9998706091359972 0.49025859354154067
0.991869798745172 0.12687243087786862 0.009883755377010651 59.88201793284485 -0.1269918519449136 0.9918240974446831 0.01257096924031082 0.28835411481593004 -0.008208037330158477 -0.013723921129915922 0.9998721328810033 0.512671114111406
0.9890119127041657 0.14754924798010252 0.009200866793632224 60.98525324812102 -0.14764979531230485 0.988973777687824 0.011419500431667883 0.14262299141008214 -0.0074144772898998654 -0.012652528062825477 0.9998924637480457 0.5086076428369755
0.9857234883282832 0.16815359997734228 0.008577375623168411 62.06018881249651 -0.16822530903368704 0.9857122581406275 0.00846106091606713 -0.026654348150644314 -0.00703206644176943 -0.00978319814604931 0.999927416903644 0.5121301268393883
0.9815704616424811 0.19083952468527707 0.00998522152304679 63.11877646495315 -0.19088462975142026 0.9816052420584959 0.0037692025609174385 -0.2282420555510965 -0.009082232964970034 -0.0056057632111564505 0.9999430426095232 0.5252059179421972
0.9768673761721682 0.2135815075933764 0.010633390082377734 64.12850399820286 -0.21357712408512447 0.9769249615331176 -0.0015593591773569162 -0.4322576598982457 -0.01072107448117296 -0.0007477617649748798 0.9999422480395115 0.5169023981882584
0.9712575599016711 0.23784553488097107 0.009394353146255188 65.14014007780477 -0.23778684811304499 0.9712924838159569 -0.006951672251529716 -0.6750457771999596 -0.010778088806252742 0.004518010603548021 0.9999317078590271 0.5254001107168693
0.9648811611733729 0.2626147410166219 0.006151635026260413 66.1659816229292 -0.2625204936437188 0.9648390466488789 -0.012984778732841385 -0.9632277737115087 -0.009345331978152228 0.010913838117513435 0.9998967711257811 0.5557336209935312
0.9573469039996444 0.28888855819212916 0.005505120159315412 67.09591947579165 -0.2887633911991236 0.9572526869445617 -0.016822521826373532 -1.2210292643736391 -0.010129625140034026 0.014515312021782566 0.9998433359339015 0.552916572199031
0.9486037662668739 0.3163913850074803 0.006883757502291595 68.09916780733826 -0.316218620147519 0.9484975506155575 -0.018925663747597292 -1.5667448487105275 -0.012517144095243214 0.015776183611266453 0.9997971960024505 0.5417453975680158
0.9389200000671235 0.3440452863238969 0.007878732909588085 69.00271485465636 -0.34378122003613676 0.9387461503317671 -0.023877562433228878 -1.8843595632719328 -0.01561109299242497 0.01971056050941295 0.999683843812626 0.5434628778641262
0.9277661752097721 0.37311162565154965 0.006135058295409713 69.94449371797894 -0.3728241429591358 0.9275002629657959 -0.027302392297476497 -2.2553930166855283 -0.0158771081565908 0.02304293822491605 0.9996083935394633 0.5599443227006604
0.9159485735537299 0.40129220484338257 0.001666414361424666 70.86454402061284 -0.4011101246236695 0.9156434496913195 -0.02660340131945934 -2.6642655888089783 -0.01220157896632923 0.023698931818050478 0.999644677923817 0.5407100676314291
0.9027365166208512 0.4301665277391567 -0.004851800911936398 71.698649185093 -0.43012943176976765 0.902348625762146 -0.0274887160592 -3.0415090429916343 -0.007446709653836323 0.0269019701509731 0.9996103393409492 0.550742198334727
0.8884290958192079 0.45892350555144046 -0.009108114746842443 72.54976352681933 -0.45898294089390806 0.8879639224410751 -0.02923580700852539 -3.4831496598003175 -0.005329321743328229 0.03015441087863399 0.9995310449577435 0.5552644032183294
0.872383776447046 0.48876950974241784 -0.0071353302759495614 73.42500944849576 -0.4887469198643025 0.8719024554568927 -0.030208549971790746 -3.9743174240671078 -0.008543706171645163 0.029840819599964968 0.9995181491951283 0.5702385336239141
0.8547187670384178 0.5190890188821181 -0.0015555540257670593 74.2137384619932 -0.5189018520073242 0.8543219452299925 -0.02957840228630815 -4.4142657806567005 -0.014024879881696636 0.026088395397987595 0.9995612529354377 0.5546128595461332
0.8350763490234288 0.5501328534519857 0.0011553590249555393 75.03922615651742 -0.5498625995346322 0.8347284027779205 -0.02965830792271308 -4.944146437311234 -0.017280420559615976 0.02413166278145402 0.9995594279064577 0.5352819059688072
0.8138027094500939 0.5811411887749547 -0.00026229929184676433 75.79097326045715 -0.5809703219774397 0.8135523237510209 -0.02461912875680433 -5.470082323847568 -0.01409379555393276 0.02018750179062676 0.9996968689049384 0.5554870785080931
0.7915939654199209 0.6110345422168817 -0.003972672723880081 76.54887306939939 -0.6110020916881476 0.7914392479641396 -0.017330918459956546 -6.028637784064872 -0.007445660714382351 0.016146361811969493 0.9998419160731177 0.5495164230049022
0.7689598474683492 0.6392748557107721 -0.005330275548644228 77.28517498185234 -0.6392773119859277 0.7688437827322027 -0.014274317289602734 -6.635974581544416 -0.005027062909855972 0.014383901070609339 0.9998839092757175 0.5287437476351796
0.7455703963537533 0.6664107911048909 -0.004630505356938841 77.96283183512303 -0.6663762742068603 0.7454101616715546 -0.017502915499140716 -7.211629162480396 -0.008212506017687641 0.01613531455349241 0.9998360897512998 0.5501606522211057
0.7209126888870314 0.6930075985522931 -0.005036203972639903 78.63366020496946 -0.6929694433882608 0.7207421744600838 -0.01800190225264934 -7.837752114549604 -0.008845650447216639 0.016467735221748964 0.9998252688169229 0.5373300861980667
0.6950509139805355 0.7189232759518909 -0.0073178049593844155 79.29119479688666 -0.7189264127652361 0.6948828010681003 -0.01681385762578949 -8.511310676886835 -0.0070028567978741825 0.016947450379109472 0.9998318578252626 0.5682446237746891
0.6691996515168183 0.7430335073464599 -0.008545956364710358 79.8785608541294 -0.7430678434050467 0.66906945520213 -0.014008719174072875 -9.159090905305872 -0.004691109372225036 0.015724855355245496 0.9998653521434346 0.561516024604488
0.6415511091324518 0.7670310489144634 -0.008691626550820142 80.4881252155561 -0.7670716596827873 0.6414489504451941 -0.012013029769921548 -9.871237053857902 -0.003639132096378439 0.014374072976614917 0.999890065329008 0.5496454886712323
0.6136782479367302 0.7894982887858165 -0.00956347288241376 81.035248495274 -0.7895504801626351 0.6135826332611658 -0.011242394551256894 -10.546452410188385 -0.0030078703857591184 0.014450057597160896 0.9998910683425376 0.5656732105427889
0.5848275877820507 0.8110688375306863 -0.012001389738236045 81.57228434658894 -0.811152797386136 0.5848111387188372 -0.00520301095742812 -11.273501758107804 0.00279854635012574 0.012777825206127701 0.9999144440007494 0.5776364624952169
0.5546000083009539 0.8319663810360112 -0.015835770218861702 82.09888839103134 -0.8320282074596388 0.5547184770104157 0.004058725753876136 -12.047676897343285 0.012161117715163844 0.010924838172151233 0.9998663686347442 0.5724781590021987
0.5235904431256543 0.8517700297904588 -0.018462508449336473 82.5803338324524 -0.8517366924573921 0.5238312977146036 0.012057290590191543 -12.785702408665719 0.01994127852528243 0.00941211375809133 0.9997568492015356 0.5999499142136617
0.4920691438571045 0.8703788787540255 -0.017566020682601498 83.03427435655506 -0.8702440178986862 0.492332845440012 0.016843948839046316 -13.575465929150019 0.023308946250042598 0.00699833693291616 0.9997038142894554 0.6166715637068596
0.45956997351287676 0.8880401230379193 -0.013423089069619107 83.48503954404383 -0.8878948735931488 0.4597460436799428 0.01662133471314783 -14.415911575041402 0.020931624217439104 0.004279625618829026 0.9997717499070389 0.6395045278011792
0.42633064563963774 0.9045388219879404 -0.007190278517449215 83.90082775071993 -0.904418055764727 0.42639122772459875 0.014781790360461261 -15.22110221775986 0.016436574924261302 0.00020108748907307974 0.9998648901569557 0.6658307326596593
0.3914886723688991 0.9201813998222788 -0.0016765523996051723 84.2956428523953 -0.9200574973110718 0.39146474095664086 0.015797412112024407 -16.102620451544187 0.015192795941623708 -0.004641983289709194 0.9998738075090348 0.6847407958189702
0.35641252305582505 0.9343117609349347 0.005625547763748561 84.64965473178287 -0.934207448928551 0.35626281609483473 0.01825508790958468 -16.971099895141084 0.015051769842437042 -0.011761770565658221 0.9998175358423012 0.7151663672545114
0.3207691500594293 0.9470885868989245 0.011417571368278586 84.97535409811958 -0.9470317495006816 0.32050693936642866 0.020153591631334674 -17.86046624857094 0.015427825764814008 -0.017277453046177813 0.9997316999117352 0.7141750510814417
0.2850153587453164 0.9583970681643309 0.015533995406634912 85.25166819449531 -0.9584198261022292 0.28470955045548113 0.01928493748008193 -18.75265778142568 0.01405995069164241 -0.02038459255056641 0.999693346068231 0.7395451137769368
0.247839813901552 0.9686480546055147 0.017215485883238322 85.51060913311727 -0.9687012611588725 0.2475201522603915 0.018752089328998807 -19.672839927583066 0.013902995161267754 -0.02132417721612007 0.9996759405885496 0.755618232975427
0.21195782097216187 0.9771174539551671 0.017758471356081558 85.73494686616124 -0.9771844820782348 0.21164989562705672 0.01774287650151665 -20.606170466544086 0.013578295703992174 -0.021114044075633366 0.9996848638588799 0.7812126344107443
0.177513990251502 0.983985252800405 0.016180405937821316 85.90334572871382 -0.9840253117024956 0.1772472416163075 0.016661370538365156 -21.519033284413922 0.013526610580483506 -0.018879555363761544 0.9997302602179603 0.7863010826371508
0.14146158297731817 0.9898939110696194 0.009933044288817656 86.06431727845205 -0.9898525628029178 0.14130524726995275 0.014991030867591454 -22.49373626488088 0.013435938897110726 -0.011952904302712371 0.9998382887370753 0.8200771229078052
0.10833355707938046 0.994082275884378 0.008016806288303596 86.15760084010346 -0.9939729493691307 0.10817846731028953 0.01775373574288764 -23.462458177241174 0.016781428215747397 -0.009891813935380474 0.9998102498394921 0.8600006834210275
0.07504097278703759 0.9971542295665488 0.007231518562357333 86.22711825046188 -0.9969176856819794 0.07485275475022801 0.023498788921739226 -24.40871151462027 0.022890617677583974 -0.008972600729156122 0.9996977103397277 0.8323215911631615
0.04591435989366776 0.9989409221364827 0.00298423133626945 86.2906503111923 -0.9986221517127353 0.04582330900083027 0.02557386284551211 -25.39163161664704 0.025410030778835965 -0.00415432706079411 0.9996684809988212 0.9014762930595334
0.02008546625579608 0.999797846595922 0.0009165082893870149 86.31576173298608 -0.999502320538203 0.02005720972518022 0.02434788649528672 -26.393875028443862 0.02432458188817449 -0.0014050908146358548 0.9997031261508429 0.9177720581206653
-0.0023352351700510992 0.9999971737393841 -0.0004463070069783005 86.34953700414191 -0.9997673308195673 -0.0023251274546829868 0.021444766453322696 -27.36325236074299 0.02144366812414871 0.0004962817379280966 0.9997699349359421 0.9335177472830855
-0.02223088127804914 0.9997523468968 -0.0010162637165823025 86.31896162543016 -0.999569655720891 -0.02220733629725701 0.01916605271306753 -28.34147232810022 0.019138737670516204 0.0014419046157388411 0.9998157978505132 0.9618209039588235
-0.038112680151408965 0.9992722130233876 -0.0015709522647192656 86.28319028063055 -0.9990514314487241 -0.03807102776029341 0.021138452297418533 -29.304230585967783 0.0210632602398505 0.0023751051801127253 0.9997753237320132 0.9998988248997751
-0.05338144050489532 0.9985660254888474 -0.004039127260829315 86.23960456711866 -0.9982348226885747 -0.05325741524509501 0.026284719768747213 -30.310820076206678 0.026031914672808264 0.005435113689553765 0.9996463369400447 1.0059471757678673
-0.06530161607150867 0.997838091897781 -0.007405490952312308 86.17450815583686 -0.9974125949292095 -0.0650465867302746 0.030611387281882327 -31.296950112246765 0.030063506366187615 0.009385303007168345 0.9995039277923994 1.060353726896028
-0.07480669671707232 0.9971226480321811 -0.012263070886639827 86.10218990684216 -0.9966250842889481 -0.07434124392581892 0.0348112168360853 -32.27765426762611 0.033799400768756524 0.014825796196248037 0.9993186660294204 1.0755715459145858
-0.08063726312688012 0.9966320648088701 -0.014905005542247437 86.0280730891284 -0.996020510969609 -0.08000030203587279 0.03928222755913984 -33.28065883744147 0.037957522617331284 0.018013302556090485 0.9991169838451238 1.1232006298649906
-0.08476097179489885 0.9962572964553197 -0.01694039314542837 85.94472397066899 -0.9954736889522471 -0.0839363691115743 0.04457376520073716 -34.28629558778095 0.04298502371977075 0.02064183131175306 0.9988624542628017 1.160863956844359
-0.08810989876288378 0.9959488398505822 -0.017959792322679947 85.8705002141517 -0.9950297002329483 -0.08716019510391028 0.04815595543416498 -35.269391995897394 0.04639548894368246 0.022113543129216456 0.9986783515306362 1.2170511354454743
-0.09040502544820735 0.9957418477115465 -0.0180306430751782 85.78512967057478 -0.9946812499894038 -0.08938185315040424 0.05118686596107363 -36.276666688808334 0.04935729219908978 0.022562292511955878 0.9985263144571498 1.2585368818271951
-0.09333106681970045 0.9954657500127854 -0.018364436222744005 85.69385496781601 -0.9942350784821864 -0.0922061443555423 0.05472326432702445 -37.27797794538545 0.052781821509086814 0.023365947328698643 0.9983326659103243 1.3138072542722379
-0.095514859747434 0.995238097491714 -0.01944327309127458 85.60163812688603 -0.9938190471143185 -0.09423217118788446 0.058685598795660876 -38.29960607031482 0.05657396185716577 0.0249284418745157 0.9980871503157892 1.3696628545008098
-0.0973314869078173 0.9950379358008485 -0.02064189849553497 85.50583126853883 -0.9936000389883232 -0.09595452568155953 0.05959606969951611 -39.3106785272978 0.05731966659634405 0.026310365227672376 0.9980091284667042 1.4367158165164375
-0.09972914020138926 0.9947756224023903 -0.021807330616763994 85.41223545023183 -0.9934043476704045 -0.09829745687629084 0.0590373780006516 -40.31675708125005 0.056585339304714995 0.027551243993528672 0.9980175491093227 1.4884306327342676
-0.1021314952498116 0.994536115282374 -0.021611873520875638 85.30929494739416 -0.9931877645409924 -0.10071968088982151 0.05859701568782054 -41.33487500802213 0.05610010734485159 0.027449249179114923 0.998047752702945 1.5617668478667226
-0.10452430325081227 0.9943084168777562 -0.02062624919811192 85.19843222621242 -0.9928828955258501 -0.10313918348049606 0.05954716284744961 -42.36282966825442 0.05708087071985106 0.026703575734851426 0.998012371286467 1.6277732641651188
-0.10674680995717643 0.994099305476124 -0.019279248321819147 85.10450361487467 -0.9925279314030028 -0.10538536671062891 0.06149983632614326 -43.39299254953452 0.05910519392441413 0.02570010379656424 0.997920878985906 1.6820032382847605
-0.10906828871780194 0.9938923751651338 -0.01679449269192204 84.9939298563841 -0.9921228729106082 -0.10779579037912192 0.06381436064195437 -44.419135433827975 0.061614230854334345 0.023622323449424526 0.9978204610004144 1.74574846212723
-0.11154388840448667 0.9936572691792568 -0.014254556002539925 84.86602922963536 -0.9916045835395119 -0.11034643917530229 0.06740929657519598 -45.457613045440525 0.06540879805529864 0.021653978123047854 0.9976235734827078 1.816785018226503
-0.11361869241050383 0.9934726260798739 -0.010145637726957993 84.76700605462246 -0.9910570848361681 -0.11261138278840385 0.07158583004002857 -46.49371196904272 0.06997604826627174 0.018188394553751444 0.9973828427302093 1.8854780658144994
-0.11575478547149638 0.9932535699790043 -0.006940847528305462 84.65072379770706 -0.9906220043272775 -0.11493180506636637 0.0738831829768726 -47.52649033273995 0.07258701111807213 0.01542808828565919 0.9972427487371341 1.9582509035465592
-0.1185419289991113 0.9929371146414602 -0.004868001300473757 84.5357665365634 -0.9903953899741439 -0.11788426287919646 0.07225145038953787 -48.58145291013359 0.07116728593344702 0.013386072348536757 0.9973745687954686 2.05070376435796
-0.12133542768182157 0.9926071599405308 -0.0029563531695103434 84.43484413719602 -0.9902826488226916 -0.12084630444618111 0.06882184349764828 -49.636194143435276 0.06795579026089926 0.011278153062196606 0.9976245856200229 2.1013047957876005
-0.12364084509939956 0.9923229680370145 -0.0028405156779481196 84.30454617182016 -0.9901611083317496 -0.12318144919363494 0.06638757505585771 -50.68940823610339 0.0655280166825419 0.011020784035916886 0.9977898683334514 2.191099415188923
-0.1255230541902921 0.9920872382857562 -0.002621926254131853 84.1764083965493 -0.9898790281673745 -0.12506641651049366 0.06706639289269893 -51.75108476099124 0.0662077975857461 0.011013768281784235 0.9977450698685912 2.2705208244293735
-0.12696340413474563 0.9919026285044933 -0.0030772676832647432 84.05000332977205 -0.9895166552503312 -0.1264415133066933 0.06978060400219022 -52.79163752613441 0.06882647014568187 0.01190459065195079 0.9975576162451446 2.3405692139247467
-0.12770645056309182 0.99180858093266 -0.002607925021882616 83.91034211858502 -0.9892476426582706 -0.12718685809073 0.07219836995433451 -53.864441492441955 0.07127526906039026 0.011800081243435932 0.9973868828609173 2.420422674814189
-0.12756349888840005 0.9918288859276054 -0.0017363153383370862 83.76968271337209 -0.9891999491483862 -0.12709757646140532 0.07300456603848378 -54.945602538595885 0.07218735593010227 0.011030280923086864 0.9973300950771407 2.507737715965557
-0.12745302756369054 0.9918440801452957 0.0010229592277048675 83.63342806460311 -0.9892639838070115 -0.1271956983214071 0.07195849269412442 -56.00857572606795 0.07150172100816807 0.008159351031914404 0.9974071028840772 2.5832496280172035
-0.12719975665167718 0.9918680570135742 0.004240210356954928 83.51097359792156 -0.9893068866015587 -0.12717654015962013 0.07140036243436725 -57.097273967935685 0.07135899404058735 0.004887239419718303 0.9974387243637425 2.6578350408641103
-0.12664962275454128 0.9919099638068173 0.008631150380499539 83.37770978688509 -0.9892800358667074 -0.1269419525310352 0.07218553402984884 -58.17056120041298 0.07269720552881274 0.0006036458952239296 0.9973538749711331 2.7460136804818496
-0.12703368152731356 0.9918112925548557 0.013145482809074191 83.26430219880115 -0.9891822728714033 -0.12765479323961382 0.07226814512574681 -59.242345820052975 0.07335444631773609 -0.0038227900305981694 0.9972986069787726 2.8201501593114924
-0.1266601030718565 0.9918208047908598 0.015770525477543845 83.11860123019684 -0.9892400719825085 -0.1274721586953779 0.0717978324295495 -60.36125387407952 0.07322088686889805 -0.006506914902744839 0.9972945210842082 2.917505269455901
-0.12703751141915276 0.9917697128355855 0.015947018356078296 82.99237986642021 -0.9895470136556951 -0.1278262898972511 0.06676187067630547 -61.43642875420736 0.06825084950038682 -0.007299062482564671 0.9976414913331098 2.993040004178732
-0.12794442755794008 0.9917123596461592 0.011696973194727178 82.85465152118721 -0.9899899531897225 -0.12841298555598177 0.05856618242646762 -62.53527208983115 0.05958285021952282 -0.004086669260701108 0.9982149984317364 3.0629282500672073
-0.12786297027072613 0.9917840209195653 0.003939122004582594 82.70009870316142 -0.9903254129166001 -0.1278888098833443 0.05385191582652864 -63.68395311715222 0.05391323923780789 0.002984653286631955 0.9985411631373269 3.1092652862546517
-0.127860704644575 0.9917880334555507 -0.0028525255764434007 82.56857122559336 -0.9903000447086578 -0.1275101121095058 0.05519957209844687 -64.7538082071467 0.054382549203058975 0.009882712390470927 0.9984712666561737 3.203027649014375
-0.12714972463648655 0.9918583102778412 -0.007073885611972691 82.40270350292332 -0.9901172479759951 -0.1264946548001106 0.06055524393017181 -65.87337234214344 0.059167413204460756 0.014703558745640008 0.9981397810802383 3.286723806128764
-0.1266133207323096 0.9918998780791869 -0.010183264684344655 82.25790211412247 -0.9898517952757955 -0.1256708712370356 0.06633442177187511 -66.97735061381759 0.06451736512305736 0.01847874424896189 0.9977454813771695 3.3304821551986628
-0.12619955114723 0.9919655406834929 -0.008833990420162752 82.11038113399677 -0.9896985904325936 -0.12529427755800499 0.06926791542232974 -68.07478390292874 0.06760453672628114 0.017484567701932414 0.997558978961295 3.4673022354189595
-0.12605814403106175 0.9919879272961067 -0.008324447262009912 81.9965305360598 -0.9897543989715485 -0.12519830035779286 0.06864120704058578 -69.21072170763316 0.06704904205067191 0.016891941460169067 0.9976066801469372 3.5066357425832995
-0.12525233038693837 0.9920862134818761 -0.008763489706419762 81.85973760927554 -0.9901488809270591 -0.12444076962357509 0.06418479924705629 -70.34452986159738 0.0625863190444513 0.016716455206938936 0.9978995504527399 3.5593398555033335
-0.12452698964336595 0.992201221634478 -0.0054556977015540195 81.71599608064236 -0.9903403771470144 -0.12395173794357356 0.06214421978814255 -71.48592467685657 0.06098332757951415 0.013141630333310192 0.9980522688263938 3.6428903973471902
-0.12451530554809585 0.9922065713781504 -0.004696636911622035 81.58320138214118 -0.9903010744608143 -0.1239793251323665 0.0627129082524463 -72.64819652303325 0.06164187380361759 0.012459801512794674 0.9980205572733662 3.7046385565772932
-0.12436596144602553 0.9922306225114264 -0.0033910741945541896 81.45972651293991 -0.9900098878351115 -0.12385734255092805 0.06737789463119223 -73.75628019783802 0.06643440089528664 0.011736713629008355 0.997721764787596 3.7922291671895367
-0.1236908570981741 0.99231419692387 -0.003620283642768153 81.29357941199903 -0.9899037606782527 -0.12313427474735725 0.07020324050565468 -74.92170813103621 0.06921789122309005 0.01226723138191184 0.9975261392910219 3.891501242819733
-0.12348919102375017 0.9923434545401317 -0.0022108667208314663 81.1603691628776 -0.9900551205130332 -0.12305251935135297 0.06818310514495628 -76.04873087857467 0.06738900538087057 0.010608756413569 0.9976703745431827 3.9847045034798265
-0.12264180867396841 0.9924260206538484 -0.007041327598201529 81.00481540357963 -0.9905054672839194 -0.12195427950726662 0.06345134348875617 -77.22214927156418 0.06211204428967345 0.014756261011210048 0.9979600927467626 4.0196964739174375
-0.12276108991502505 0.9924109391532795 -0.007088205117011218 80.86866779723618 -0.9906355963216519 -0.12210518253888743 0.06108551135572169 -78.41001309729916 0.059756423113504355 0.014520752254985628 0.9981073677969866 4.097494704215814
-0.12286999189167842 0.992416768088296 -0.003453043544471582 80.7443472356118 -0.9904062036508576 -0.12239788559781543 0.0641428824662547 -79.53510529332262 0.06323382688430741 0.011301151196458796 0.9979347509327451 4.176860138488359
-0.12228752334668798 0.9924932371863747 -0.0017134097710931918 80.61630182754108 -0.9903047876093368 -0.12190289577345773 0.06660414131322362 -80.71190631086915 0.06589529020923728 0.009841653385277142 0.9977780076684816 4.276917067883321
-0.12250501139750573 0.9924669348732849 -0.0013803498556463675 80.47524341569584 -0.990299241948008 -0.12214531209054579 0.06624148346394279 -81.89761587780885 0.06557387879100662 0.00948187310240764 0.9978026661132813 4.3509822374497364
-0.12183911951727017 0.9925487061131384 -0.0015149087072689514 80.33737150316665 -0.9905506218615165 -0.12149673902685361 0.06362395724570628 -83.07531815358315 0.06296581997416684 0.009252480693069982 0.9979727937754642 4.414523892036537
-0.120260216149174 0.9927392237012866 -0.0025127946037895223 80.20053266238126 -0.9908413764031313 -0.11987297421413505 0.06215976882683519 -84.2803577766786 0.06140722448785832 0.009965128098735059 0.998063048610995 4.503099182953445
-0.12018452583133395 0.9927431578665235 -0.004086839842744763 80.04276612944192 -0.9908414422736144 -0.11969701651071611 0.06249688401494254 -85.46313287947606 0.06155417145767824 0.011560568655398236 0.9980367915204943 4.583490650881558
-0.11955208803180915 0.9928079666733286 -0.006295995330806252 79.90178917051202 -0.9909297402365029 -0.1189291670141263 0.0625627936408125 -86.63912031519314 0.06136406246372049 0.0137184016305484 0.9980211707647546 4.658959133190426
-0.11803432901858887 0.9929855104088955 -0.00690458478963124 79.7588969705905 -0.9910998595780234 -0.11737347578165627 0.0628055373940505 -87.87016040922609 0.061554573490148 0.01425634248040672 0.9980018993877354 4.722386616338654
-0.11700595938581859 0.9931120476466195 -0.0061697882737305285 79.62023952547185 -0.9912303703608067 -0.11639557262607246 0.06256535421003043 -89.03295682826551 0.06141627099215688 0.01343620080927585 0.9980217984419131 4.819574953961928
-0.11556913334930437 0.9932554743992218 -0.00934547980938654 79.48708647793559 -0.9914803811428275 -0.11478324041493082 0.061574844934612565 -90.25032745902325 0.06008684736083342 0.016382011348584146 0.9980587159473189 4.8879654904993775
-0.11488352641126792 0.9933541697943112 -0.007019167441103369 79.34706043806226 -0.9916129389316399 -0.11425527620656281 0.06041118441412844 -91.48416338585977 0.05920772502526421 0.013900547155302293 0.9981488967514396 4.96757831868855
-0.11299176785836114 0.9935565936909115 -0.008840561608585991 79.21185813075064 -0.9918634147252573 -0.11226507733310347 0.06002931734531497 -92.68074217069086 0.05865003773054592 0.015551448315358833 0.9981574652976856 5.038550580884467
-0.11183421220992089 0.9936987422112 -0.007477881201598118 79.08121975384331 -0.9919434934766205 -0.11117971841008469 0.060722120875772445 -93.88504679648278 0.059508106412353795 0.014208446154773988 0.9981266980344142 5.110196651072441
-0.11008087998325926 0.9939035128626904 -0.006164980236366465 78.95260698353407 -0.9920069854879313 -0.10948168468911337 0.06273676323162185 -95.1569084349866 0.06167933693919136 0.01302182156370889 0.9980110678534104 5.203762419179932
-0.10870410775890467 0.9940647607430539 -0.004320694989838507 78.83343650977075 -0.992180300227042 -0.10822781875707352 0.062169052497707926 -96.3621445792431 0.06133244490249156 0.01104493983418729 0.9980562812318461 5.269976966904479
-0.1078938252745985 0.9941569854046093 -0.003287984007560033 78.69451821389191 -0.9923133138421413 -0.1074909354203612 0.06131872449818019 -97.63747131577641 0.06060700981934676 0.009878622053469756 0.9981128208710087 5.344866845905992
-0.1075377070661716 0.9942006170948035 0.0008800723050151208 78.58666520920536 -0.9923176163837596 -0.10738840929681763 0.06142863960037581 -98.84184581070289 0.06116690096288968 0.0057325837988606776 0.9981110898640416 5.434381803050743
-0.10820014404755358 0.9941150641775681 0.005288478355671257 78.45778927148031 -0.9922566854344964 -0.10832116902794163 0.060771659109876724 -100.1084436156032 0.060986875954057655 0.001327974265507046 0.998137684613558 5.516024714251352
-0.10871215058172887 0.9940587622726211 0.005370797419364515 78.32607217045602 -0.9923136283043996 -0.1088394578520079 0.058886632573433455 -101.37244380221644 0.05912132776970647 0.001072176993476528 0.9982502286697666 5.584886358501875
-0.10992278201807604 0.993909844513293 0.00775905747936584 78.21349018525652 -0.9922600595325684 -0.11018732912546311 0.0572601672772681 -102.62271210998439 0.05776639377553696 -0.0014048059504544567 0.9983291392473783 5.666282319263361
-0.11178599678741777 0.9936868176328273 0.009507859116934553 78.0743913319077 -0.9920847107683518 -0.11214627873758655 0.05649016573694134 -103.85608246055733 0.05719980403741767 -0.0031177921764598306 0.9983578826202683 5.745545393789202
-0.11343861788181278 0.9934899513591842 0.010459279200297187 77.93739855740367 -0.9919061278306481 -0.11384962956104483 0.0562182836879859 -105.11331005563945 0.05704308498910331 -0.003997298730213639 0.9983637153151087 5.825617100283854
-0.115778416617937 0.993204467902414 0.011842431512404716 77.80316971784589 -0.9917238096220347 -0.11625545830887714 0.054484436696650346 -106.37991765856638 0.05549093326122547 -0.005436299483611639 0.9984443915280022 5.922019078415291
-0.11822507690957201 0.9929325003801589 0.010386572029862245 77.65801016029467 -0.9916115489974451 -0.11860519913120776 0.05137453293154259 -107.64978802245115 0.05224334488347184 -0.004225686672280275 0.9986254435410377 5.970323597636839
-0.12226898162961182 0.9924421072253253 0.010438387682654166 77.52526929279817 -0.9911299596440689 -0.12264563605761304 0.05118057299376441 -108.89222383224879 0.05207397840768621 -0.0040880022234905805 0.9986348627053917 6.0388175668075315
-0.12783160362861212 0.9916186079039128 0.01875146854098937 77.39380011858673 -0.9901413614349369 -0.1286871644479531 0.05531453771039959 -110.12281870625861 0.057263998197009836 -0.01149565853058389 0.9982928850519978 6.129452781387721
-0.13523670962640702 0.9905543980028985 0.022649877848198927 77.22312815766095 -0.9889996828090425 -0.13633640314025727 0.05737606279965918 -111.36822395364003 0.05992211422368253 -0.014641372063188298 0.9980956719929563 6.220237716902792
-0.1442520052837731 0.9893789254859242 0.01790812039071108 77.05964085568047 -0.9878932833277578 -0.1450321569095153 0.05506845029666233 -112.60240891144096 0.057080817509146904 -0.00974757746784501 0.9983219746184072 6.282354529344294
-0.15488171642923063 0.9877985419856815 0.016300133953352232 76.88270628529435 -0.9864322203794581 -0.1555344794465743 0.0525404634594652 -113.82720637443039 0.05443462604985576 -0.007941420165498595 0.9984857561991396 6.3600993106641
-0.16797297152313884 0.9856383784713791 0.017380095569268117 76.67629399105351 -0.9842567178562721 -0.16866883210863629 0.05281608116764473 -115.05938729410269 0.05498903702089505 -0.008234801723099597 0.998453000320043 6.459207464469648
