1.0 0.0 8.673617379884035e-19 0.0 -1.0842021724855044e-19 1.0 1.173140631947206e-18 -1.3877787807814457e-17 0.0 -1.0698026123821813e-18 1.0 0.0
0.9999983258355197 0.0016328582566334637 0.0008258923204985408 0.018768648741372577 -0.0016302715078627187 0.9999937934999231 -0.0031233302576607123 -0.00024857410179814077 -0.000830987280257202 0.003121978707962573 0.9999947813341721 0.5033416340378236
0.999998683962701 -0.0006524820726725348 0.0014853743394516008 0.021344269158522916 0.0006571689991409101 0.9999948006262913 -0.0031570341514118197 -0.005663108405710937 -0.001483306931561049 0.0031580062457468904 0.9999939133738956 1.4593982244387467
0.9999963550843258 -0.001906384420444406 0.0019119393485754737 0.039043815860191594 0.0019071422550562115 0.9999981035846115 -0.0003945097683462664 -0.005244034508121817 -0.0019111839205605032 0.00039815468256518705 0.9999980944236564 2.413940676762278
0.9999884134194579 -0.004712393126236827 0.0009830429187130995 0.05456940106995869 0.004706834739013944 0.9999733403266027 0.005582500926548067 0.018642044529047302 -0.0010093237914696246 -0.005577809418483133 0.999983934540078 3.343684063401072
0.9999744861245093 -0.007137549252993387 -0.00028720248904060084 0.05237058832931936 0.007139106557073598 0.9999574468813449 0.005842735647929807 0.02004966518307641 0.00024548750914510364 -0.005844637152221071 0.999982889844678 4.294688300522573
0.9999460240315312 -0.010349086268893432 -0.0009194704723014934 0.06501124013337595 0.010352214230191314 0.9999404160300477 0.003463530720502986 0.012575940357576323 0.0008835714679720809 -0.0034728624564278956 0.9999935792513557 5.22433275258193
0.9999553425066344 -0.009188777846837925 -0.0022089245072172883 0.05700832383787437 0.009190497972850181 0.9999574705313872 0.0007693383340754254 0.014924254150393154 0.0022017616403888244 -0.0007896051289848461 0.9999972643812932 6.163209303190163
0.9999453146512308 -0.010032856489275583 -0.002951184491422636 0.05849942595914315 0.01003256285863219 0.9999496660042756 -0.00011468532328740767 0.024390355441206518 0.002952187040370282 8.507110138609643e-05 0.9999956386655403 7.090073857205283
0.9999476113571839 -0.009558374059825408 -0.003662242513191024 0.05608862579861374 0.009564339778866738 0.9999529570769138 0.0016146331694698217 0.02705673769192106 0.0036466375394211452 -0.0016495755778815177 0.9999919904372716 8.036139422137646
0.9999326444152012 -0.010699807120087987 -0.004496749043986804 0.056635621858745926 0.010717010906840982 0.9999352782810474 0.003819020834304761 0.03707408888409554 0.00445559592250101 -0.003866955452281899 0.9999825970160929 8.927615497521106
0.9999199666962125 -0.011367037294628698 -0.0055543366350614635 0.056815622344986765 0.011397278870175116 0.9999202322221904 0.0054434560848520795 0.056750236194000686 0.005492018470655012 -0.005506324948997294 0.9999697586134965 9.854747108716145
0.9999085030350152 -0.01209095179611384 -0.006065841326572822 0.05428411584523721 0.012128236745563051 0.9999075508983477 0.0061478057230342715 0.054646315687901084 0.005990948660821845 -0.006220811400539589 0.9999627043376695 10.78035248264714
0.999892641815165 -0.012969459780878748 -0.00681893996097824 0.055170894594607826 0.013012869589858405 0.9998950992474238 0.006360480545096351 0.06357572698989516 0.006735733706029197 -0.006448531903892799 0.9999565222326788 11.69046015625911
0.9999013480169278 -0.011933085793243165 -0.0074091622682171815 0.058082577740176354 0.011977694306831708 0.9999102295716625 0.006005632579191656 0.06476015242561042 0.0073368325579329504 -0.006093785011249831 0.9999545173149021 12.598173181388063
0.9998919535138682 -0.011640538952736852 -0.00897658837964601 0.04531001431028399 0.011675230807285672 0.9999245382747362 0.0038218762472233296 0.08407819279675327 0.008931423674704697 -0.003926267192783344 0.9999524059238268 13.513233909354478
0.9998520538734278 -0.01365591209451634 -0.010458795817609813 0.03776405790023403 0.013675466394317853 0.9999048658177772 0.001800262648308325 0.08721142798737318 0.01043321821602973 -0.001943025296035606 0.9999436847230868 14.402759052050051
0.9998419393224174 -0.013085791347733335 -0.012035714187402183 0.03859805199059542 0.01310605210756725 0.999912822411213 0.0016059227167636316 0.09906098670130861 0.012013652027399423 -0.0017634096530049627 0.9999262785626616 15.30400549255874
0.9998470288398265 -0.011561648935362207 -0.013124297144482558 0.016723968166254127 0.011578587560220401 0.9999322274189405 0.001215273077172176 0.078719356382213 0.013109359132828124 -0.0013670480562896035 0.9999131341730253 16.19469719409218
0.9998278124697371 -0.010658600696132729 -0.0151901159260606 0.009501666125451252 0.010677561581219984 0.9999423115381182 0.001167596644710895 0.0895716956701581 0.015176797013026724 -0.0013295890523626242 0.9998839417848803 17.09131085352534
0.9998073518547076 -0.010684486369697505 -0.016465142059199273 -0.007457478950650742 0.010712493005963594 0.999941317632717 0.0016136262923259945 0.09775883335114982 0.016446937598052054 -0.0017896982200492598 0.9998631382563927 17.96767284736038
0.9997833248213278 -0.009959959715961203 -0.018278473182340677 -0.020543067061684517 0.010000178226734128 0.9999477704433536 0.0021101710385683483 0.09699058727030575 0.01825650408039324 -0.0022925018935056984 0.9998307079314023 18.88569089464461
0.9997610780368806 -0.009831906756132798 -0.01952230564426242 -0.024600210362033748 0.009881830018780758 0.9999481417656788 0.00246235939250186 0.11087880952006701 0.01949708654498779 -0.0026546872859846767 0.9998063894010399 19.746761793586913
0.999734896686442 -0.009818058856583265 -0.020826474199927492 -0.046325586614378106 0.00988287615118884 0.9999466282166257 0.003011556621359127 0.10891301528295613 0.02079579819161582 -0.003216583831271536 0.9997785696892916 20.612311488040408
0.9996991350073337 -0.009173319806634942 -0.022748398218154765 -0.057539915848279 0.009244944132987003 0.9999526273766667 0.0030453251028674804 0.11707945096644726 0.022719388293805712 -0.0032547166607660356 0.9997365834400241 21.497593082830456
0.9996887426080353 -0.0089139569621189 -0.02330148544449376 -0.07520853448941775 0.008991413321276212 0.9999543875204324 0.0032213907204791865 0.12086105171958912 0.023271710818889173 -0.0034299014501126307 0.9997232933710587 22.32233943161678
0.9996549809710997 -0.008961718233901881 -0.024690211989789074 -0.10932860377157677 0.009067144275604686 0.9999502341314337 0.004161267052293846 0.14313678412174166 0.024651694917745708 -0.004383701207465644 0.9996864894410484 23.19890398821002
0.9996153824795201 -0.010634224105221147 -0.02561250321023105 -0.11859498927758289 0.010824538044197167 0.9999147419015036 0.007303306080902372 0.15055238536176646 0.025532658441914574 -0.007577740884486946 0.9996452677263834 24.06022198548416
0.9996059096870428 -0.010415418418481107 -0.026068070668968078 -0.15293810092023952 0.010637181116862784 0.9999082849132056 0.008382846112037799 0.15407266202360742 0.025978372949527102 -0.008656833606896454 0.9996250214311282 24.879342614308722
0.9995906446340104 -0.009698258526316778 -0.02691629373977406 -0.16206979746478473 0.009915536278470465 0.9999192317232523 0.007950606270886002 0.16520123573822942 0.026837016816192487 -0.008214241423016619 0.99960607284545 25.72245778881846
0.9995737555170489 -0.009142950976333093 -0.027725685780200786 -0.19047125655348587 0.009339692454585187 0.9999320589879072 0.00697477791028805 0.1773379663175752 0.027660036234049216 -0.007230754582255375 0.9995912357993479 26.51799076312313
0.9995685655285685 -0.00815379528182218 -0.02821698693165829 -0.21648282253816098 0.008276895823829717 0.999956720439582 0.004248556164793779 0.1708102682222713 0.0281811281495289 -0.004480272412015757 0.9995927927247404 27.31794053067439
0.9995538008589215 -0.006941635385489878 -0.029051898475797498 -0.23301170358296208 0.007052900335401815 0.9999681746231411 0.0037291184625223204 0.18484780561841274 0.029025092126327492 -0.00393235481720645 0.9995709483110614 28.12978659029305
0.9995182174149203 -0.007252792194232418 -0.030178302980959762 -0.2482148878757378 0.007367929160105405 0.9999659899698473 0.0037057402703210944 0.17260813598804275 0.03015040424210246 -0.003926306647371103 0.9995376617931861 28.900281965531022
0.9994558433004824 -0.006768892848859048 -0.03228311132058659 -0.2654708393539047 0.006865923000593578 0.9999722367247933 0.0028956643059162477 0.18138928877919636 0.03226261950356202 -0.0031157420787198157 0.9994745697859666 29.67468761609238
0.9993900447700715 -0.006379486026913497 -0.03433424603121765 -0.2932429822646828 0.006490210471894882 0.9999740885368472 0.0031143879055053826 0.17337627657569485 0.03431349340590124 -0.0033353248698094313 0.999405553272132 30.46838165860515
0.9993149144529462 -0.006619244497158425 -0.036412734217932716 -0.3187695540420192 0.006759335834196103 0.9999702154373391 0.0037255340039392105 0.19014037957251795 0.03638699499456939 -0.003969107733688171 0.9993298919444432 31.208426898489535
0.9992463326157344 -0.007164284030279817 -0.038150224505981226 -0.34372920760113446 0.00735343837535568 0.9999613459870725 0.0048201096808699615 0.21218653903992418 0.03811422300974824 -0.005097012425186563 0.9992603898111989 31.942936760334774
0.9991517143066585 -0.006471576778476981 -0.04066903378758332 -0.38007079439150576 0.006767563820540863 0.9999515771265718 0.007144469897805368 0.2201526257931956 0.04062083466715131 -0.0074136398848929815 0.999147129280441 32.7175785285958
0.9990894119721385 -0.006045620748105471 -0.04223502285911734 -0.41523772062431163 0.006369545520942319 0.999951293462225 0.007539201444550519 0.22098297662271885 0.042187392997806196 -0.007801354508343794 0.9990792576035037 33.42369347687794
0.9990201843793227 -0.003244666127297312 -0.04413777438347092 -0.44563586603058697 0.0035653480710116756 0.9999678050252468 0.0071886834796309335 0.2044589679531868 0.04411303518932233 -0.007339006675156675 0.9989995892693149 34.16282344805539
0.9989756345980317 -0.0020714993058587694 -0.04520387308238132 -0.47541911583584634 0.002352729339908071 0.9999782035194829 0.0061690452544573135 0.23100681685514482 0.04519011548256613 -0.006269078589858938 0.9989587340706286 34.83260630090498
0.9988850711715294 -0.0010739440047406266 -0.047195984816154175 -0.5115749774479804 0.0014064515023324334 0.9999744223190501 0.007012600491090266 0.23618356522179967 0.047187253671056244 -0.007071161044062647 0.9988610324068282 35.543022271744555
0.9988330643844759 0.00045338007740295674 -0.0482939299831693 -0.5402732563768957 -1.4155357911100025e-05 0.999958641566691 0.0090947736565005 0.23056458458643148 0.048296063334717663 -0.009083477330140576 0.9987917605884752 36.24527502456666
0.9988119114065441 0.002489959526079757 -0.048667909995275684 -0.5833211671614786 -0.0020255208126217688 0.9999519633141366 0.009590009361287314 0.2592061588091237 0.04868945826365954 -0.009480038034382958 0.9987689752157929 36.91250853972252
0.9988470158436966 0.006053219715379805 -0.04762349431874459 -0.6137779221039268 -0.005697262419878808 0.999954839308391 0.007606609557236052 0.2548878836792825 0.047667395301949335 -0.007326515954322173 0.9988363939529249 37.579061102321575
0.9989347093925608 0.00769868363085545 -0.045499191254639956 -0.6429692172107346 -0.007472346974650741 0.999958858357846 0.005142528823609743 0.26128348478543484 0.04553691693237865 -0.004797064946186243 0.9989511387551362 38.22884868296136
0.9990241637985771 0.008232026085039172 -0.043393014188384676 -0.6741118518822571 -0.008051767560442138 0.9999582210713784 0.004327255089799062 0.24844437654832646 0.04342682991680694 -0.003973642059646482 0.9990487079413088 38.86724414180175
0.9991542649436547 0.00913700825534214 -0.040090768841427434 -0.690634761249068 -0.008964099098570771 0.9999497383921383 0.004490612822984752 0.2535201295869012 0.040129790644422327 -0.0041274374602373745 0.9991859508394402 39.501648528714696
0.9992060926210825 0.01386939180513855 -0.037347346307878865 -0.7187434761214382 -0.013606083705858312 0.9998808197213537 0.007295260357059377 0.27338784512150316 0.03744408170923798 -0.006781317693341734 0.9992757150330348 40.14809289942788
0.9992639040686223 0.018389224646084605 -0.033667288204911994 -0.7453061993052168 -0.0180581858001875 0.9997858164170323 0.010110549056570195 0.3006063119430826 0.03384600747001253 -0.009495136883053526 0.9993819541676742 40.761434541714586
0.9993257736159257 0.022900856406836093 -0.028697540514473728 -0.7844107441624846 -0.022595074131936482 0.9996848963453773 0.010934836366757458 0.2856957556970343 0.028938919264250164 -0.010279041085759206 0.9995283289606633 41.342011919779104
0.999344600835878 0.02768182274395687 -0.023325637025093368 -0.7961127084739076 -0.027405375210386433 0.9995512961545776 0.012089325440241142 0.28106937084781786 0.023649828804158297 -0.011442154637207162 0.9996548218248136 41.94033733981527
0.9993564801772754 0.031131359061073414 -0.01781751620085254 -0.8227200071758789 -0.030878940806154637 0.9994212458236343 0.014271105304706743 0.2950721717518825 0.018251485833283204 -0.013711735977699679 0.9997394018707536 42.508846974427165
0.9992922151308804 0.03584297532095963 -0.011417081530807529 -0.811872477266822 -0.0356590252670629 0.9992370801858143 0.015927697953370637 0.31584324932400065 0.011979269025589538 -0.015509303068820266 0.9998079609189198 43.068131416373745
0.9992098166492787 0.03948229111874592 -0.00457064789521003 -0.8162337846937793 -0.03940633748206525 0.9991005246843041 0.01566148907229299 0.31488232907554187 0.005184888869290789 -0.015469001624510434 0.9998669046405813 43.61578579478929
0.9990955296325658 0.04243721050612218 0.002684327485706719 -0.8209787533256456 -0.042474398972906495 0.9989729792200712 0.015776956208223065 0.31764852133927096 -0.0020120410247545673 -0.01587670212055134 0.9998719328554985 44.09284558847892
0.9988221028029692 0.04724812406418991 0.011046330640363209 -0.8255628580816702 -0.0474130113217881 0.9987601102459431 0.01517394879357357 0.3145496275050523 -0.010315695475548833 -0.01567981573590502 0.9998238494486507 44.59037714392003
0.9984657796944353 0.05238731879561818 0.017934748379238283 -0.8204386923769109 -0.05263582663307543 0.9985201252616767 0.013675871288617842 0.32303966500009956 -0.017191767707555112 -0.014598900248761896 0.9997456253419338 45.09055802209296
0.9982623065195598 0.05319303156336715 0.02535484750376502 -0.826002276410532 -0.05345401877841109 0.9985229214144765 0.009728492807093292 0.318396343287992 -0.024799912270733773 -0.011066906494783675 0.9996311760491694 45.531161316589255
0.9979693368481836 0.05421278474634254 0.0334391401725084 -0.7922581262343857 -0.054551411324231525 0.9984676717191556 0.009297975938505678 0.34501851732342276 -0.03288383638702627 -0.011103247502713033 0.9993975042406508 45.949313542496675
0.9977149730173049 0.05356209783617966 0.04118171453103502 -0.7631001956175687 -0.05405786552484515 0.998476996351398 0.011019764898882976 0.32485769229052663 -0.040528759184718134 -0.01322078042840721 0.9990909022897381 46.37881431712896
0.9972886170104386 0.054569105611694896 0.04937232292319849 -0.7399334845486902 -0.05521087420042489 0.9984058319121166 0.011728361829394008 0.33889811892303046 -0.04865361644200701 -0.014422451301259326 0.9987115795021047 46.73006483678607
0.9965338821873028 0.05900873788717613 0.058636076358813335 -0.7259013644489548 -0.059850118270285205 0.9981266269478132 0.012696467049011959 0.3266090303474081 -0.05777703552821794 -0.0161618362007861 0.9981986825859801 47.09109307319825
0.9957409498760391 0.06316151418848198 0.06716087081713837 -0.6752609748487515 -0.06409108579373997 0.9978745786355063 0.011775332549384055 0.33029940678423014 -0.06627438804376443 -0.016029594439724473 0.9976726710029342 47.415685362849096
0.9948530069377294 0.06701070505478797 0.07600696301931563 -0.6486018988965543 -0.06807920670478783 0.9976130363897772 0.011552130747954907 0.35471880290183533 -0.07505143228942358 -0.01666716626318336 0.9970403648611517 47.70022908266425
0.9941101963793241 0.066642812027311 0.0854614020855248 -0.6117459265603056 -0.06790667194965692 0.9976199343527616 0.011964571318458123 0.3524675191779363 -0.08446065863851097 -0.017697502277923695 0.9962696406539152 47.98820663908762
0.9931890622651097 0.0659361989167261 0.09606197037869783 -0.5962837094650566 -0.06729392516803792 0.9976729983163195 0.01095976924907337 0.34609006087936933 -0.09511580307841502 -0.017349510514669764 0.9953150155252298 48.26215431369962
0.9920427276226426 0.06456750417406182 0.10808451083995818 -0.5654589013315247 -0.06569493809377325 0.9978159032691117 0.006899185828556085 0.3494142248485586 -0.10740299705444144 -0.013944892783373648 0.9941177687820674 48.507769611671876
0.9905076201967528 0.06495264157004704 0.12114373985265336 -0.5073655215611204 -0.06573216532781574 0.9978343066931358 0.002445265632168923 0.35040925564819025 -0.12072257167491823 -0.010385094860027462 0.9926319624998117 48.802868621022256
0.988333290743703 0.06725558549078792 0.1366528044796354 -0.475131057741214 -0.06799396338817155 0.9976854603054764 0.0007374132339172667 0.35781925293838035 -0.13628694181741086 -0.010020376095092537 0.9906187282039317 49.04526911196566
0.9858311794965048 0.06862504779769522 0.15306039302623578 -0.42449081858446164 -0.06932988467925123 0.9975935188616447 -0.000734019565919123 0.34902218306761856 -0.15274245154079946 -0.00988804027375752 0.9882165623089302 49.31903980737614
0.9830976953617345 0.06902114933028855 0.1695729843948026 -0.36029888761721507 -0.069684737403467 0.997566973627375 -0.0020423227032048486 0.35600875372638413 -0.16930139815948025 -0.009808846386531078 0.985515513736709 49.55618308178917
0.9798370980035939 0.06879205283503913 0.18758173831928826 -0.3217435858583539 -0.06945278701930808 0.9975805597831059 -0.0030557650560492163 0.35277435769329646 -0.18733813645084677 -0.010033922796125921 0.9822442408760639 49.80045721518879
0.9760684681192964 0.06809990004993204 0.2065254020829732 -0.2299892649659543 -0.06887627767249734 0.9976192892374252 -0.0034369593791560064 0.3401808404822911 -0.20626781287672227 -0.010869993524243431 0.9784351994324225 50.06130885463501
0.9714650965723712 0.06832534810346015 0.22712816667437027 -0.16791352436215273 -0.06901082775347459 0.9976037235680465 -0.004931222898651348 0.345926987798758 -0.22692086690587232 -0.010883792107874487 0.9738523869149924 50.302701030602606
0.9663022204373561 0.06962742517494587 0.24781450731576454 -0.10387534921315211 -0.0701278472550887 0.9975147093015629 -0.006818385168248822 0.3560826805529859 -0.24767340056188092 -0.010790077420944413 0.9687835004161846 50.525871515404454
0.9600175905794489 0.07102624288991165 0.27077940526845723 -0.009648940888917046 -0.07121816921135954 0.997418976543959 -0.009130073497431461 0.3556151708160071 -0.27072903332178755 -0.0105193825490233 0.9625981221418356 50.75817472975111
0.9528601558521305 0.07223553487777137 0.294685487410754 0.08520469728634128 -0.0724595438923031 0.997319460800116 -0.0101739014861415 0.35037331298299706 -0.2946305334852416 -0.01165847088063902 0.9555401313035612 50.98001751901547
0.9442458170440907 0.0756695090275336 0.32042775392153416 0.19886488100118657 -0.07645200398703063 0.997021525749585 -0.010157214739087657 0.34659405789657466 -0.32024200831309035 -0.014906436704712965 0.947218491393892 51.243906450834224
0.9343276174017447 0.07731541705081758 0.3479284550889382 0.2922188128885175 -0.0780091263689563 0.9968799729150899 -0.012037299228591633 0.35360720478851254 -0.347773630627677 -0.015894814034960188 0.9374437987122993 51.50720822632129
0.923196080368633 0.0781739537077683 0.3762948407612697 0.4172699613274462 -0.07888706295199313 0.9967916072827208 -0.013539709759002616 0.3485465739250133 -0.3761460490153735 -0.017184988151537507 0.9264010190903712 51.7232069290847
0.9104400361156927 0.0773621217856035 0.40634224020900306 0.5483164073373922 -0.07791836657053199 0.9968438053794634 -0.015203835269538623 0.3437350674384886 -0.406236007769307 -0.01781934362292098 0.913594441082907 51.94274052629733
0.8956177477742976 0.07508921459224278 0.4384409071143094 0.7018607393569787 -0.07473052064616026 0.997039439820883 -0.018102636781726706 0.33094621877686553 -0.4385022558837952 -0.016551874728126435 0.8985776744318601 52.19936564269467
0.8785037311054227 0.07346948355096213 0.4720523213236092 0.8583357999429945 -0.07149816198066306 0.997194946899914 -0.022141621483417948 0.31854780308353137 -0.47235499479890963 -0.014299376378843993 0.8812924153685037 52.3866193944379
0.8589170269023383 0.07568955957021466 0.5064904647784294 1.0244626452478638 -0.07186481272507135 0.997045398329769 -0.02712790213802543 0.32235540976311183 -0.50704736323915 -0.01309822538822874 0.8618186861334391 52.64469055194135
0.8370990430671432 0.07814817221625694 0.5414406791757168 1.2114415559181069 -0.07255855549317795 0.9968602282019908 -0.03170082319629962 0.3118870865237968 -0.542218122795637 -0.012749424777017423 0.8401410625314076 52.84333574975388
0.8126703530067795 0.08060436040690495 0.5771219819678756 1.4125602080138897 -0.07338104396321267 0.9966587580447817 -0.0358684145377304 0.3091329088207082 -0.5780849162462246 -0.013200616352964298 0.8158698578396305 53.065076005219765
0.7852435178106618 0.08464139422527839 0.6133745944286232 1.630217553817128 -0.07724389297212281 0.9962651294430644 -0.038589813299404765 0.2897377916124736 -0.6143501086703868 -0.01707704076563104 0.7888487667789458 53.320767871269375
0.75537753845522 0.08887023859814908 0.6492355420511972 1.8653618236980742 -0.0814875450487205 0.9958099399467898 -0.04150113764796437 0.28800476458926877 -0.6502035209482205 -0.021555583346241903 0.7594542799132198 53.534761299278365
0.7225844353503252 0.08995093590589695 0.6854053468725286 2.1109500947367845 -0.08180083280572044 0.995657886006384 -0.04442970535509094 0.27021165899569444 -0.6864258365989493 -0.02396251469306984 0.7268049540312246 53.75101378246255
0.6861203843958767 0.08762364279324426 0.722191687940669 2.418301057270294 -0.07910055181622586 0.9958197904418562 -0.0456732804860038 0.2532257512439708 -0.7231749444198726 -0.025788392308852378 0.6901833371730353 53.99675459544615
0.6472167244953999 0.08593848916626107 0.757446366767097 2.702721634264999 -0.07661305995990053 0.9959272622474578 -0.04753239103173759 0.24395121196918096 -0.7584464634290992 -0.0272665254767695 0.6511647924631603 54.225597156310215
0.6049207869426598 0.08557935536728838 0.7916734922615285 3.0503865173317397 -0.07603821185262999 0.9958728746011203 -0.04955208175239772 0.22424091917028383 -0.7926469120859697 -0.030222352425156293 0.6089315055492442 54.461315648348695
0.5594998190278109 0.08528596656416218 0.8244308044358566 3.403188941036961 -0.07341153110244691 0.9958816910680253 -0.053201553450259245 0.19887338505241467 -0.8255730149737162 -0.030756468010703857 0.5634566007619439 54.61553855861959
0.511446837604933 0.0838007933209189 0.8552189465014141 3.777971578116203 -0.07097188864640219 0.9959526760214791 -0.05514761011540291 0.17821257372406918 -0.8563791418699277 -0.032491432881884406 0.5153243486323069 54.796749129167075
0.46226854438180753 0.0819655996019378 0.8829435504308724 4.201149511423363 -0.06978953709595691 0.9959930670684969 -0.05592165589991851 0.15556159899542105 -0.8839894411225768 -0.035769399023095 0.46613660814370267 55.010120824811956
0.41313650894069903 0.07905584500738629 0.9072311016311873 4.590303109651229 -0.06942964368156591 0.9960596192880894 -0.05517934514375762 0.14277748155033124 -0.9080186533212438 -0.040192129965259435 0.4169974145777112 55.147630929308264
0.36303285518486855 0.07814524400273205 0.9284935834324898 5.050243606041553 -0.07304386890113436 0.9957971706743352 -0.05525023874800729 0.12523070577194967 -0.9289089678034006 -0.04776311165831735 0.3672151226885365 55.28036764214912
0.3132357926448605 0.07857363933355771 0.9464192432257953 5.530392844906016 -0.07173588984106455 0.9956818078527686 -0.05892113703652605 0.12314519296992978 -0.9469622150306539 -0.04943601744301527 0.31751973194377525 55.415503489154965
0.26660663543676294 0.0748729691025661 0.9608927093828223 5.994233993355554 -0.06248473721018203 0.9962233098150962 -0.06028909704839514 0.0704763769738748 -0.9617778850205947 -0.043967654744490665 0.27027816428508433 55.50222534892907
0.222337221389549 0.06864998522990444 0.9725498418100373 6.515708700541572 -0.048381001546825016 0.9970659034715783 -0.0593200073074911 0.06342314596960764 -0.9737687521049837 -0.03386388897930002 0.22500621927376185 55.56343227747393
0.179637154294241 0.06678919599723664 0.9814629635674564 7.081075022609129 -0.03953520460518006 0.9973766803395172 -0.06063600799492954 0.005923365655755047 -0.9829382518537083 -0.027909858019755707 0.18180643485531664 55.64412933755076
0.14146243515568174 0.06880762483023009 0.9875493613840346 7.5752257245695835 -0.03704510220399681 0.9972507069033147 -0.06417700769994142 0.0073709693913178165 -0.9892503163138274 -0.027505229990490872 0.14362250066557802 55.67798851320622
0.10854088330522564 0.06883533150947681 0.9917058150284686 8.111037956392204 -0.029362237710154955 0.9973864599527904 -0.06601597363515947 -0.04461961565585487 -0.993658334348124 -0.021953268273218203 0.11027836842815571 55.69996595645536
0.07882830915955022 0.0669575331627997 0.9946369364800729 8.626371629680733 -0.020690382102252266 0.9976367464981285 -0.06551969437059968 -0.06936012976559017 -0.9966735455529613 -0.015414609732445366 0.08002739651967486 55.7294557758268
0.05349476551320441 0.06467755196833655 0.9964712604258157 9.181966145116794 -0.015053917632264952 0.9978390311015293 -0.06395817208015882 -0.09051907749220962 -0.9984547264656582 -0.011579366853996052 0.05435281721838437 55.72322899701475
0.03333397655484233 0.06363825526876718 0.9974160951004166 9.781107221564866 -0.009164659204335197 0.9979482796204074 -0.06336592467127074 -0.12648139666784727 -0.9994023246328856 -0.007028738138520911 0.03384880915932981 55.71426697093021
0.017558175375819704 0.06511232226763235 0.9977233805842234 10.378918988283122 -0.007233125528099597 0.997859445755934 -0.06499391197036652 -0.16987047531642546 -0.9998197557397538 -0.006075481665813549 0.017991558425279146 55.71206892554517
0.003993209252825615 0.06511739243370569 0.9978695444099067 10.9376886351974 -0.006483483289103776 0.9978582883919337 -0.06509071295766723 -0.17932512773449277 -0.9999710847744299 -0.006209747366034609 0.004406846152143776 55.69047011660906
-0.007729416274329264 0.06600770530429159 0.9977890995448141 11.549672878958678 -0.006072860438511622 0.9977974831547379 -0.0660553037794965 -0.2027703588251651 -0.9999517629184329 -0.006570000558656145 -0.007311534847934686 55.70126132117188
-0.01720624143479535 0.06871427316746896 0.9974879158049638 12.171174905805966 -0.0017073487685189293 0.9976322061828207 -0.06875366408831114 -0.24333057342291942 -0.9998505797619894 -0.002886049426668448 -0.017048179714541083 55.6573553602557
-0.023970497507400674 0.07031802527824883 0.9972365009779276 12.798847404598728 0.0024108452673516894 0.9975243641239054 -0.07028037410237628 -0.29898987221690376 -0.9997098352314358 0.0007195299900007476 -0.024080679516825576 55.63790485718933
-0.028478273846212824 0.06994876880661163 0.9971439244250566 13.440567840513053 0.0024258048303218683 0.9975504929422682 -0.06990800870570343 -0.31944783991409365 -0.9995915440549065 0.00042801975678003065 -0.02857819652779954 55.61695355931381
-0.0323115479083688 0.06718394831124819 0.9972171926720427 14.109247220908758 0.0010787833447075557 0.9977400049294775 -0.06718421665898384 -0.34833312168735087 -0.9994773392294315 -0.0010950421571691476 -0.03231099923648483 55.581956254146164
-0.03452602211067718 0.06063100904867771 0.9975628716871765 14.772544275501009 -0.0009379001250773495 0.9981556448619194 -0.06069949874606223 -0.37883883695784837 -0.9994034348885502 -0.0030313240641706156 -0.03440547635496936 55.571167103398444
-0.03594023852717626 0.05497538025868432 0.9978405961240006 15.43784505447089 -0.0004318463904947666 0.9984848050766169 -0.05502642736542689 -0.4031138244654158 -0.999353923429908 -0.002408574250259107 -0.035862039449509824 55.5424084753348
-0.03612978541160883 0.05241724308595594 0.997971402241626 16.121167482399063 0.0024132757767010974 0.9986251376572518 -0.05236421206692952 -0.43048432006096715 -0.9993442681086341 0.0005164750985700591 -0.03620660750258187 55.50805129701003
-0.036434557453291966 0.054147229772059303 0.9978679516807828 16.816926526149405 0.006431542298615531 0.9985230365594058 -0.05394794617754033 -0.4727999933567499 -0.9993154205546858 0.004452263164978699 -0.036728993465745624 55.46451557471582
-0.035361827677840456 0.06079233756837002 0.9975237747925256 17.515515884161644 0.0071683757236296 0.9981378690280694 -0.06057564677835867 -0.5085135510888584 -0.9993489415664822 0.005008562419533797 -0.03573175998133238 55.44037416720521
-0.033355486360855564 0.06869633125517102 0.9970797731441644 18.214549514104853 0.0071048674220252775 0.9976260719065665 -0.06849628965361818 -0.5612450486971651 -0.99941837279661 0.00479939532741429 -0.033764379521325036 55.435795396999
-0.03127997233909369 0.07063043412202291 0.9970119124129115 18.954833347409235 0.008084309467200864 0.9974853524295604 -0.0704103388449751 -0.5815458658085757 -0.9994780431690264 0.005857722208912159 -0.03177231088792484 55.406240807973695
-0.02899583272762523 0.06591940774020902 0.9974034899331555 19.67914717044232 0.008131192506770267 0.9978056584007617 -0.06570960323974984 -0.6217878939084124 -0.9995465356427322 0.0062047779400004254 -0.029468207716765945 55.3728000215877
-0.026656810322315923 0.060009679961285575 0.99784172147556 20.40971672853795 0.008310352311275717 0.9981753217261804 -0.059807736321274986 -0.637370017515629 -0.9996101760411051 0.006698135600504635 -0.027106870145217784 55.34330144007689
-0.023472795327218826 0.057955644071582116 0.9980430950187141 21.17057417651032 0.0062069320072302295 0.9983074385178521 -0.05782501510532847 -0.6645321661290297 -0.9997052832917638 0.004837473640558486 -0.023792791253350817 55.326737056142605
-0.02049904170225921 0.06308179543757372 0.9977977373491449 21.8962368826002 0.01332589437374118 0.9979361070758921 -0.06281677269223113 -0.7298278951497107 -0.9997011360250251 0.012008866607315441 -0.02129735358158596 55.29607759442406
-0.017081124614003917 0.06810022384190109 0.997532176399366 22.608908530859566 0.015735213047654406 0.9975725607700714 -0.06783354095165099 -0.787796037154239 -0.999730358542987 0.014537711229644474 -0.018111231135210057 55.2730779340799
-0.014780063561856582 0.06965811337394456 0.9974613502307161 23.363472209978763 0.008849252858368947 0.9975404356820822 -0.06953251104247503 -0.8277069518611269 -0.999851685017317 0.007799095614591943 -0.015360131673701068 55.27301604633204
-0.011488830012909158 0.06641669956323432 0.9977257524127754 24.098041449032735 0.004138407667033156 0.9977862940208745 -0.06637307606437386 -0.8431490528945202 -0.9999255132190852 0.003366449595293619 -0.011738254850714537 55.276653246862864
-0.006599014280101722 0.06197605954796608 0.9980557445639481 24.84254967570332 0.0078118927127409634 0.998050291349182 -0.06192407006411443 -0.9065847071680857 -0.9999477881105167 0.00738806937771497 -0.0070702968022471014 55.252150062240105
-0.003543021474933656 0.06284363122887823 0.9980170204989532 25.584396246944927 0.013019283742417401 0.9979416713081816 -0.06279266768170465 -0.9544928241937287 -0.9999090442753485 0.012770993979475096 -0.0043539062035265665 55.24506804467277
6.531561782097649e-05 0.0677760360244476 0.9977004825380834 26.29936405452868 0.01298108583921655 0.9976164389256492 -0.06777117672859466 -1.0119370801985008 -0.9999158158134256 0.012955665103063632 -0.0008146449854640253 55.22918249700482
0.0032663726744448836 0.06900288073889375 0.9976110371466479 27.046661810118223 0.009227663943133482 0.9975718802530028 -0.06903038560088005 -1.0216583759670168 -0.9999521651615149 0.009431101215381939 0.0026217077634018765 55.24559945687139
0.006945261413790293 0.06804692552856696 0.9976578709391142 27.80944253187081 0.008864285978862303 0.9976386206018288 -0.0681073219726106 -1.0769023764793184 -0.9999366676700552 0.009316550671972736 0.006325675238818738 55.25217317777464
0.010390261231057902 0.0660587616959215 0.9977615600207252 28.519293731211867 0.012080371385527144 0.9977343868744304 -0.06618276264699076 -1.115671496084229 -0.9998731212700416 0.012740989338970122 0.009568708170715961 55.25493733232057
0.014017943293610767 0.06519139695068459 0.997774236597085 29.277623291670793 0.01656227053811486 0.997720322307698 -0.06542056144785674 -1.1813481840137592 -0.9997646422800686 0.017442471661203524 0.012906270964531556 55.26153895613512
0.01718986540504398 0.0665679070032933 0.9976337356368261 30.036324750030552 0.020358173833195096 0.9975510872993264 -0.06691317669143393 -1.2101507050296494 -0.9996450393685423 0.0214602327419574 0.015792569505557554 55.2591048018821
0.020376543570376802 0.06641971036251852 0.9975836139171721 30.752532315095802 0.02094969159616379 0.9975434142297817 -0.06684495029957598 -1.2473513762636423 -0.999572937966528 0.022261141343428655 0.01893501599618041 55.270237384729484
0.023883257361542353 0.06512847953477537 0.9975909579570112 31.497052183915965 0.02156141838159398 0.9976100030548198 -0.0656459235342767 -1.2882379231430439 -0.9994822893089363 0.023077317771144086 0.0224219156552591 55.29046548221657
0.02801490434872008 0.06395275567224008 0.9975595513192151 32.280818673676976 0.0242826045132631 0.9976132849230352 -0.06463813976184318 -1.3402138453225645 -0.9993125995311471 0.026034178722214592 0.02639510287725731 55.29973269606027
0.030233372319972925 0.0643754483434797 0.9974675900078287 33.0053848572643 0.023271286985560618 0.9976080175210342 -0.06508986728381726 -1.3693498200928498 -0.999272005868535 0.02518024405973838 0.028662956687401698 55.30626121382543
0.03358187352225255 0.0651877200996014 0.9973077093917337 33.74237283521344 0.01924086401802704 0.9976435091947108 -0.06585755793048201 -1.4296199935289498 -0.9992508184746162 0.021400685386483837 0.03224847169280774 55.3577753554984
0.03601286722579345 0.065995672667539 0.9971697412664916 34.4964064613964 0.021554209820191447 0.9975336676079815 -0.06679819056230521 -1.4700083878837886 -0.9991189322038143 0.02389880346239097 0.034501564544979345 55.37485296251742
0.03889484673819218 0.06534607757047366 0.9971042720725491 35.2451212178338 0.019473094168718928 0.9976203511875625 -0.06613950199519796 -1.5044208668348278 -0.9990536225502746 0.02198919437166961 0.03752980194255103 55.40409238558241
0.04052125506492373 0.06540732566631753 0.9970354848227473 36.02296595239702 0.017499365811774907 0.9976556174579342 -0.06615921225582828 -1.5607176197877044 -0.9990255008276696 0.020128346115398783 0.03928167263012843 55.41578316376462
0.04418835577472716 0.06560859867797188 0.9968664651759701 36.755026687697686 0.015549364803248585 0.9976751731162602 -0.06635108446330255 -1.596668863578707 -0.9989022763243893 0.01843258871091728 0.04306545507242382 55.48174774944769
0.04746809556032368 0.06683100408683852 0.9966344591849201 37.514987605954744 0.012322670132228396 0.9976441465622774 -0.06748561941741056 -1.6441687798698712 -0.9987968176010964 0.015484614463757936 0.04653273288065446 55.50350394919161
0.05055808524856286 0.07122329668987253 0.9961781821051598 38.27070365946397 0.012402108176487932 0.9973321962016061 -0.07193523705963145 -1.7010630667424782 -0.9986441903011154 0.015991620387600134 0.049539888768040705 55.54510280198662
0.05362613613267035 0.07258860314679526 0.99591916375646 39.035609720787654 0.011689839595177734 0.9972403691789546 -0.07331435007076381 -1.7468905637389212 -0.9984927321804523 0.015573703532998057 0.05262960026618385 55.59236105105886
0.056486560677552096 0.0753655493076645 0.9955546951343851 39.793373199753646 0.005962824475192115 0.9971036061569329 -0.07582112829791422 -1.8077428200074606 -0.9983856290078363 0.010219195419834256 0.05587356341443596 55.6448838905779
0.059152609618642556 0.07476784300678745 0.9954449191356627 40.5848915379753 0.0016156734019088356 0.9971826482155086 -0.07499437229807432 -1.8298572944326592 -0.9982477194404517 0.006044429309940575 0.05886515711071543 55.69837767449239
0.06292521409473237 0.07475252595682037 0.9952147134979918 41.36097624377816 0.004124441161668335 0.9971629842490937 -0.07515964348996328 -1.8857685404351774 -0.9980097982083987 0.008834143876075305 0.062438383486080766 55.740017549922854
0.06677560016519617 0.07616355081047729 0.9948567643075179 42.16710526491732 0.0037758379017372836 0.9970558800577904 -0.07658534631755297 -1.955201374972559 -0.9977609498740488 0.00887045302354054 0.0662914251729013 55.79399310481481
0.07040621735119766 0.07710013391467307 0.9945342541692174 42.940452070531514 -6.312442593400707e-07 0.997008506466453 -0.07729190262236807 -1.9989728313120654 -0.9975184786848752 0.005441205257421906 0.07019564788819932 55.84541027219104
0.07456102208018589 0.07593762274068755 0.9943208638712648 43.73245837811547 -0.0009438162512965425 0.9971013314611681 -0.07607919681145378 -2.027092316369337 -0.9972160818312682 0.004734089003513912 0.07441656716988225 55.910747144049495
0.0791245873948446 0.07453930532377012 0.9940739613430187 44.49933388253236 0.000847127071094996 0.9971951371802815 -0.07484077056294058 -2.099208196841026 -0.9968644504583087 0.006763854632209612 0.0788395111318253 55.96846071059194
0.08382778784572091 0.07800432391658757 0.9934224058943758 45.34031519205889 -0.0036489869067881913 0.9969487694015353 -0.07797330480353423 -2.143079083337422 -0.9964736510910462 0.0029113467371684083 0.08385664830561158 56.04631703885544
0.08958468918706276 0.08727811114678281 0.9921476523300495 46.1539386806514 -0.00568404336664698 0.9961816312280503 -0.08711974189975087 -2.205414313948748 -0.9959630642755535 0.0021651871212089078 0.08973871596823675 56.145430057260015
0.09757295454307187 0.09205788810755124 0.9909615094663289 46.92961865445775 -0.0071293375381105886 0.9957518582003695 -0.09180092377999577 -2.266260298096515 -0.9952029145557556 0.0018923906517473534 0.09781476413313044 56.207715999794836
0.10390010404134607 0.09450986881565866 0.9900871187564861 47.735669790831494 -0.011663130127716229 0.9955222947566412 -0.09380475582038147 -2.3226249313783236 -0.9945194264783493 -0.0018011887784896894 0.10453715248121055 56.29726356675218
0.11196581861658628 0.09357462829951263 0.9892963632297269 48.55282309399715 -0.014239292612246497 0.9956053056331504 -0.09255980837666421 -2.381385088998472 -0.9936101084461152 -0.003723343531037042 0.11280620116612872 56.39487731014091
0.11951781417758842 0.09156580610604809 0.9886005489553809 49.35933982510924 -0.014338281369903122 0.9957933629506999 -0.0904985755664532 -2.4615291756050195 -0.9927285908556226 -0.0033586387536958216 0.12032794399544808 56.497868954756626
0.12653577444219724 0.088299221302034 0.988024187810104 50.159300003038425 -0.0149629625979644 0.9960868905295996 -0.08710348133299846 -2.5269765372962945 -0.9918492610196628 -0.0037620603926609934 0.1273618456499531 56.592889108259676
0.13454243112798683 0.08238877897362011 0.9874767207468098 50.9824633191589 -0.017236190980075675 0.9965812933690447 -0.08079999774759782 -2.5988381109937158 -0.9907579909708965 -0.006149307212494488 0.1355025403748734 56.697843584889995
0.14163359252379937 0.07603393558199183 0.9869947401488146 51.79865570645903 -0.018582375460189936 0.9970744119945343 -0.07414386343359793 -2.63516277694224 -0.9897448000431299 -0.007839443174293555 0.1426321237616689 56.83978680380979
0.14875737347635784 0.0717824231757199 0.9862648624141584 52.58436406629927 -0.019010494322310896 0.9973851327329262 -0.06972444569703802 -2.6944209437405755 -0.9886910503481725 -0.008377355274589132 0.14973301368721895 56.96782577544859
