1.0 0.0 8.673617379884035e-19 0.0 -1.0842021724855044e-19 1.0 1.173140631947206e-18 -1.3877787807814457e-17 0.0 -1.0698026123821813e-18 1.0 0.0
0.9999977070222161 0.0019003512949458544 0.0009872248297549723 0.009684313036255145 -0.0018966014290090877 0.9999910354143529 -0.0037857644720756846 0.007050264809217485 -0.000994410417612888 0.0037838835501912468 0.9999923466491696 0.45392000276916616
0.9999982724798934 -0.0006862141914866737 0.0017274674139521632 0.017489826467522836 0.0006931840480940937 0.9999916097536156 -0.004037318137207752 0.005424765681204452 -0.0017246827149005033 0.004038508752663612 0.9999903579038851 1.404873749132527
0.9999964068302609 -0.001849518140980954 0.0019405166160567791 0.02742438492410221 0.001850943869191963 0.9999980183096329 -0.0007330672539029697 0.004074314087715414 -0.0019391572388438166 0.0007366564306539453 0.9999978485011773 2.363807261559621
0.9999862356724487 -0.005149547417782734 0.0010052969769209462 0.03967934912145518 0.005144927656263641 0.9999764327122532 0.004545736385661164 0.02178276166271606 -0.0010286819130933223 -0.0045405017960475115 0.9999891627823714 3.3117609605147575
0.999968137222579 -0.007968418790857612 -0.00047836702998524643 0.04958313159964694 0.007970741701148747 0.9999554006035137 0.005065970977949194 0.024075818339587093 0.00043797800293022843 -0.005069622682362761 0.9999870534793643 4.248844146517848
0.9999445833046074 -0.010496654810794249 -0.0008065643462870087 0.05249290750932973 0.010498742137115082 0.9999414353555897 0.00262721755741489 0.018597106106725436 0.0007789402584015264 -0.002635539976405712 0.9999962235894031 5.183165279165712
0.9999488761631344 -0.009875530181230965 -0.0021723157002521013 0.051628850321283365 0.009876018777739835 0.9999512080925005 0.00021377032052407544 0.020357647542492335 0.0021700989670583063 -0.0002352132395680765 0.9999976176687261 6.118529865960346
0.9999405849302986 -0.010520522348742532 -0.0028539813736335818 0.05190663220982126 0.010518298902008361 0.9999443664151774 -0.000793397489984671 0.027379061898289675 0.0028621700124537653 0.0007633313373717992 0.9999956126405508 7.040923521138649
0.9999483020413662 -0.009443604603636595 -0.003769823714330803 0.04988592940389697 0.00944700397602658 0.9999549847462498 0.0008846485037033077 0.028861821879126046 0.003761300337797098 -0.0009202163489150352 0.9999925028826521 7.98822875316378
0.9999287653863155 -0.011030417472240397 -0.004560047599893865 0.05291508606631949 0.01104537688040351 0.9999336571072718 0.0032681847039729 0.04118918330291807 0.004523696344772605 -0.0033183194638352334 0.999984262345652 8.883797467615642
0.9999222847610283 -0.011274106674350016 -0.0053215549672677095 0.0514258674277772 0.01129930650710835 0.9999249778158074 0.0047291017252479054 0.05287293196920806 0.005267840162035907 -0.004788864256438065 0.9999746580080213 9.808405033701176
0.9999072212274803 -0.012346965043087474 -0.005753379762615412 0.052983364932972565 0.01237892159301111 0.9999079643840845 0.005552031221553973 0.05073831684771331 0.005684300403945898 -0.005622736951131443 0.9999680362799364 10.725270088287646
0.9998909438435731 -0.013176586911297033 -0.006669179986177384 0.05059582165275267 0.013215543982328149 0.9998956680798007 0.005831152777771722 0.06261008607019816 0.006591650518700307 -0.005918653910206648 0.9999607590822763 11.630743677162465
0.9998835855430913 -0.013351824672251569 -0.007385399332828188 0.04996544158535819 0.013393089739172045 0.9998948156546236 0.005566216527876618 0.06372944200776995 0.007310304498923731 -0.005664482061424099 0.9999572356431177 12.543804201286237
0.9998645118241108 -0.013849384398776058 -0.008896770634157202 0.03789606313077437 0.013876342442101005 0.99989929212316 0.002975355342296702 0.07683901918754639 0.008854669196429615 -0.0030984069712869586 0.9999559963913777 13.459724168625389
0.9998405424067383 -0.014654397372009891 -0.010204821137547948 0.027873767673094366 0.014669451810300351 0.9998914152305378 0.0014017667263318684 0.08098936362350531 0.010183172583175259 -0.0015512424023636292 0.999946946916718 14.339136137111517
0.9998318499034765 -0.01417667942315167 -0.011631580095894895 0.025762089236997923 0.014190224185107903 0.9998987276071204 0.0010826288985502773 0.09315634907005915 0.011615055851473086 -0.0012475016392090126 0.9999317647833432 15.23931901121967
0.999828520806841 -0.013022345466681743 -0.013166148898862778 0.020082088045916033 0.013031563471569436 0.999914896784664 0.0006144577761927096 0.08741389150486105 0.013157028763144833 -0.0007859279532688356 0.999913133685894 16.1380274742622
0.99981522603459 -0.01198678500288091 -0.015027666159413769 0.012369832653055912 0.01199624452144056 0.999927896995948 0.0005393892311338505 0.09258057275844252 0.015020119384082688 -0.0007195651593338154 0.9998869327329301 17.031085824117323
0.9997929893768062 -0.012009099488377147 -0.01642436889831876 -0.009996574144588904 0.012029308283944763 0.9999270044059153 0.0011320835805243067 0.09602580984929365 0.0164095772054773 -0.0013294230802737381 0.9998644700296935 17.906384016129618
0.9997754273261574 -0.011420200565407641 -0.0178514397697489 -0.03170998701238978 0.011453374226082322 0.9999328641493658 0.0017571053873167218 0.09756169662192359 0.017830177534292096 -0.001961170086791946 0.9998391063598783 18.807951011876906
0.9997462386651346 -0.011371173711481447 -0.019446198735984892 -0.039289137526812234 0.011419212123798247 0.9999320113388138 0.0023609950583359665 0.10882667519236743 0.019418032302804193 -0.0025824562957012776 0.9998081170783463 19.690326312655603
0.9997146278933795 -0.011716749512899558 -0.020817793155686742 -0.052611593094102294 0.0117739661149206 0.9999272311919917 0.002627935598590277 0.11127800478722552 0.020785490587563297 -0.0028722937586809897 0.9997798324389781 20.56300812047726
0.9996866251026911 -0.010962924979623008 -0.022504795393024864 -0.060650013740125075 0.011027011776411653 0.9999354862137375 0.0027255131909136683 0.11143572093268152 0.022473467361959737 -0.0029728198383666008 0.9997430198093739 21.442553970612124
0.9996690788795989 -0.010543380648573089 -0.023464223865846137 -0.08275405488726659 0.010613174444268148 0.9999396118410466 0.002851876236585026 0.10999209805483615 0.023432742067422765 -0.003099962506531413 0.9997206094143857 22.27800633064349
0.9996362325846664 -0.010565236231741366 -0.024814879102288565 -0.09711027281920889 0.010665965281574345 0.9999353927974839 0.003930319166396897 0.1265960243446781 0.024771754914678742 -0.004193564235514695 0.9996843373018778 23.15662043783134
0.9995946400468121 -0.012176417196076428 -0.02573500304233561 -0.11615602455363727 0.012359848591321922 0.9998992473990164 0.006980628562153368 0.13518484342100867 0.025647415047941317 -0.007295879895469521 0.999644426948317 23.994389219997984
0.9995849210991218 -0.012057226307843606 -0.026165028767208727 -0.14270803351203507 0.012280303167760284 0.9998894634179358 0.008381829955943432 0.13813342846019086 0.026061078936017744 -0.008699665628065121 0.9996224967875502 24.82481341387442
0.9995745949050147 -0.01135692682865766 -0.026863532092358477 -0.16494383903540105 0.011560988865774276 0.999905392830482 0.00745311355053815 0.1494687091455672 0.026776350233374418 -0.007760512227969051 0.9996113252752362 25.66566136411714
0.9995598590505143 -0.010214949432280632 -0.027852161542503702 -0.1865055324169936 0.010383612090362374 0.9999285781644277 0.0059176981993406385 0.1531233597000181 0.02778972754187628 -0.006204299839644022 0.9995945367023144 26.47414089367237
0.999563590268062 -0.009386945611941684 -0.028009180335033905 -0.22728867939924036 0.00949785693147372 0.9999475619545405 0.003829366247295333 0.1522119573775346 0.027971769800806033 -0.00409372240967623 0.9996003309420857 27.25571310556387
0.9995524114212073 -0.008168518562858142 -0.028779368382375915 -0.24146596688573305 0.008273759509167035 0.9999595072458359 0.003539599158369885 0.1614110139611008 0.028749294125071722 -0.0037761285825006576 0.9995795211149213 28.06338905300711
0.9995083491032907 -0.008688612816142057 -0.03012586907234899 -0.25410550115917385 0.00879304986516682 0.9999557760199141 0.003335906252481621 0.15633044316235575 0.03009555697413842 -0.0035991645499891126 0.9995405462339659 28.844155229995277
0.9994477539258393 -0.00814601868612987 -0.03221536038129179 -0.2736125263661633 0.008235792995711805 0.9999625607828274 0.0026549464858081906 0.16284144832316688 0.032192531921779774 -0.002918799447373766 0.9994774242630268 29.617716778341222
0.999379945156005 -0.007949734092514916 -0.034300536777995105 -0.30404966584681137 0.008042595583323665 0.999964354895489 0.0025701340941252605 0.15742875413060625 0.03427888746708882 -0.002844405918701723 0.9994082586005771 30.407970958696577
0.9993122387010257 -0.008272227862107176 -0.036147194730071164 -0.3242235875018324 0.00839622468863434 0.9999593721809085 0.003279846045492453 0.17909585457896882 0.03611860001233665 -0.00358109039148763 0.9993410942590639 31.14581488000857
0.999227561495506 -0.008798265480546921 -0.038299748158054675 -0.35126917163008264 0.008991761006386951 0.9999476519537088 0.004882783080008593 0.1902992053266606 0.0382547890424537 -0.005223393797072562 0.9992543657405398 31.896470464316597
0.9991463162517319 -0.008095814659504251 -0.040510447063946464 -0.3894422601968574 0.008372755155187293 0.999942693985632 0.006671258454418927 0.19967097102195489 0.040454122454899835 -0.007004747608578967 0.999156843392527 32.65878119364121
0.9990835910053927 -0.007273761291849707 -0.04217902772541718 -0.4185439151229461 0.0075901125640333135 0.9999442198130034 0.007344890891507368 0.19365324771295234 0.04212325639469356 -0.007658303801663423 0.999083070563097 33.36565469474048
0.9990232990220564 -0.004843239870345086 -0.043920278031964514 -0.4524121536336078 0.0051527526793441305 0.9999626652024043 0.0069366640497828085 0.1882747306708913 0.0438850490169009 -0.007156199579924464 0.9990109566614302 34.09887246647774
0.9989524712660004 -0.0031842459032347488 -0.04564888273426222 -0.4892849028222593 0.0034596275994833873 0.9999762850238987 0.005954858294647207 0.21019985421668347 0.045628845366721335 -0.006106548752945382 0.9989397973836489 34.79073541636963
0.9988716032808079 -0.002276718055091669 -0.04743771135072099 -0.5182388030032492 0.002612669070523841 0.9999719384340272 0.007021130187652826 0.21218071865766153 0.04742040223772777 -0.007137146851606926 0.9988495216388061 35.49547446580978
0.9988216283582684 -0.0010125843397517905 -0.04852142957218405 -0.545682403649703 0.001450737386452839 0.9999584852904277 0.008995721739137185 0.20852882116515992 0.0485103136519309 -0.009055513594825653 0.9987816315186162 36.19459301736535
0.9988084166956501 0.0008075965086273209 -0.04879645738934092 -0.5873202705655921 -0.0003361123351870464 0.9999531909067951 0.009669693519601409 0.23059525335215278 0.048801989881720104 -0.00964177050846596 0.9987619347813362 36.857641162028706
0.9988532784622345 0.004907715102342411 -0.047623966433301614 -0.6246864551398661 -0.004546404229182708 0.9999600800042796 0.007692110818656929 0.22919629061197438 0.047659823189113555 -0.007466772554796288 0.9988357166509667 37.51603461844345
0.9989355839576184 0.006389910493106799 -0.04568224940291271 -0.650063245465765 -0.006171366817982237 0.9999688364633987 0.004923445238732225 0.23501110040097095 0.045712293073384785 -0.0046362828765190225 0.9989438880138914 38.17609674785449
0.9990168878728595 0.0067029912782010925 -0.04382154079346221 -0.686561716030899 -0.006551254542526111 0.9999720409744867 0.0036053183068275136 0.23823607929531448 0.04384448863539356 -0.0033146879113475324 0.999032869273446 38.82367920398312
0.9991446892871806 0.007801006890924664 -0.040608299385688613 -0.7074395456221075 -0.007638639509159767 0.9999622052084433 0.004152026849402062 0.23580826281937184 0.04063916073713385 -0.003838283538322764 0.9991665158470495 39.459469741916365
0.9992199150126635 0.012611434366582883 -0.03742342855292618 -0.7400855736500134 -0.012363688529333264 0.9999001432262691 0.006844177437044398 0.2522206778688433 0.03750601212139354 -0.006376146987293828 0.9992760599465194 40.09490824477645
0.9992784710652372 0.017558984537489723 -0.03367817072591143 -0.7590284166095462 -0.01722542111115863 0.9997999158890407 0.01016922009275483 0.2713466470829081 0.033849998527732475 -0.009581762343182164 0.9993809922110174 40.70670295961897
0.9993261487015384 0.021874089228938146 -0.02947494886308259 -0.7907234859448475 -0.021550010362567214 0.9997042669789475 0.011268346488133643 0.25908246624161824 0.029712721416110845 -0.010625568186948093 0.9995020018103559 41.30733727707485
0.9993839242845695 0.025898484157289854 -0.02368628890263605 -0.8093555911114687 -0.025633898559861253 0.9996063163989725 0.01140681712878194 0.26962721482536933 0.0239723868433172 -0.010792618083550535 0.999654362349696 41.889570461400446
0.9993862373046599 0.029904572282008112 -0.018244591602597802 -0.8208827902980198 -0.029653560038272853 0.9994639009516382 0.013877215164628507 0.27352021578149177 0.01864980563273325 -0.01332768118332023 0.9997372443571961 42.47771976620935
0.9993269916960547 0.03466393430980575 -0.011998966055899354 -0.834961705950303 -0.034477075780140004 0.9992861410546358 0.015444727198340833 0.2851157163508086 0.012525777309348729 -0.015020643988824842 0.9998087243267981 43.02260183166608
0.9992384802061621 0.03867905212062779 -0.005137161906844103 -0.8341004577209661 -0.03859488684794499 0.9991334542611644 0.015581250800755285 0.2770738032301763 0.005735379106557416 -0.015371117678254772 0.9998654080657698 43.572490160591414
0.999154938635923 0.041033663810815656 0.0023763059012578804 -0.8430662042607309 -0.04106539456041032 0.9990385527788501 0.015349382623183475 0.29874859809859783 -0.0017441801690467372 -0.015433995883538306 0.9998793675713086 44.064638958163165
0.998890962186051 0.04593189687620021 0.010349213811418111 -0.8339932911461474 -0.046087670724950874 0.9988194239800134 0.015352037480142699 0.2913551453381735 -0.009631849150858914 -0.01581198314840361 0.999828589703908 44.55580187356933
0.9985691025339182 0.0506004699474459 0.017301431242435494 -0.8153571633475065 -0.05082572548510429 0.9986250344681561 0.012836915462097339 0.30813889359834723 -0.0166280910641266 -0.01369790537098444 0.9997679101283868 45.05207624118707
0.9983279968292795 0.05203877617890623 0.025162989757359578 -0.8060889514531063 -0.05229965969901402 0.9985831280570134 0.009822536652907552 0.29189771268534775 -0.024616188100213494 -0.011122129476222875 0.9996351042832474 45.47715950808047
0.9980150069619967 0.053294176735035524 0.03355258603728998 -0.7844693977372769 -0.05363833572223531 0.9985157940027556 0.009441311236375774 0.31070449090536695 -0.032999625316300955 -0.011222275509737934 0.9993923581589422 45.90096537355533
0.9978043678897428 0.051979339866070784 0.04104376917948569 -0.7613623369545122 -0.05246705768907705 0.998563214879844 0.01089559605742557 0.3078774479815939 -0.040418458472217055 -0.01302511954021214 0.9990979405780533 46.3154899745557
0.9973475992342126 0.0535004619809521 0.049350441340237854 -0.7346772418438869 -0.05413342129500598 0.9984665790475834 0.01157857971326886 0.31019168328901614 -0.04865531448902957 -0.014219377348369566 0.9987144087298611 46.676679833217996
0.9966650562690705 0.05708420271003096 0.058310877128491485 -0.7280100554436095 -0.057881122523621244 0.9982505281564167 0.0120689279475337 0.3182767773459423 -0.05751992762830546 -0.01540377824851762 0.998225516720535 47.04365988389953
0.9958617979381004 0.06165106223680039 0.06677143601494542 -0.7037639876174493 -0.06254770343534137 0.9979766354429404 0.011420171004962197 0.3200223769478928 -0.06593227753893827 -0.015549312480765878 0.9977029390174941 47.359009950676736
0.9950031055597025 0.06546335110218753 0.07538811618298547 -0.6601099365507077 -0.06648755063354962 0.9977249067207483 0.011154218127019491 0.3424598687917647 -0.07448642015056016 -0.016110853356293777 0.99709187875666 47.66382305526834
0.9942354485518389 0.0653052992891999 0.08503580979537594 -0.6387206405428156 -0.06653582977732642 0.9977152634698617 0.011714813482273375 0.3323613560601112 -0.08407649888968292 -0.017305211529630098 0.9963090250061307 47.94492076962775
0.9933264097985146 0.06427438663602826 0.09576766019084702 -0.6145535853848128 -0.06557426938207289 0.9977926023511783 0.010485148543736928 0.33259113040556554 -0.09488235094353632 -0.016695069810960923 0.9953484896018314 48.203941417720706
0.9922060997796024 0.062925586925178 0.10755195777871263 -0.5686590663183676 -0.06397228729227034 0.9979317505088472 0.006306206052120361 0.3352018686867607 -0.10693270815504612 -0.013137401234177616 0.9941794639871865 48.46180670320275
0.9906456382091615 0.06369111830272418 0.12068412490631215 -0.5203975487097012 -0.06440586536723862 0.9979217284506383 0.002027034935502307 0.3272906331680592 -0.12030422480536788 -0.009780839080030797 0.9926888894032901 48.75026005115146
0.9885016262846897 0.06574076661787874 0.1361715198812299 -0.4975302815829664 -0.06640096138759678 0.9977929738817279 0.0003067840145426748 0.3370799152052436 -0.13585083833072759 -0.009345176571564811 0.9906852277552983 48.980809383050065
0.9860512021399493 0.06733869890213205 0.15221209550209727 -0.42739550838276597 -0.06798689100311736 0.9976857642996995 -0.0009481107049006457 0.3317268180887925 -0.15192370858600848 -0.009413541681745973 0.9883473963265221 49.26099370460537
0.9832517371232864 0.06789262939373428 0.16913487835907087 -0.3724317392092979 -0.06850725580820485 0.9976481797899096 -0.0022058617900348187 0.33807836997942864 -0.1688868910725944 -0.009418049169576287 0.9855904438718212 49.50241572528428
0.9800190588247129 0.06742415682048068 0.18712728602619064 -0.3217678658244259 -0.0680381985353421 0.9976777543581296 -0.0031468330974520776 0.3398501778948091 -0.18690493158272858 -0.009647847256264134 0.9823306323614575 49.74429290289767
0.9762205561455531 0.0665489818445554 0.2063120242819358 -0.24463685846508793 -0.06725468204302552 0.99772935050962 -0.0035988087077204254 0.327271132033972 -0.2060830904634074 -0.010362218800707184 0.9784796324443431 49.99990064045217
0.9717123849225455 0.06678923901102089 0.22652644383790138 -0.18110890523061796 -0.06750436943368457 0.9977083880133338 -0.004597080905562781 0.32539537570885335 -0.2263144031466806 -0.01082448454938424 0.9739941630664771 50.22346772050709
0.96646553840205 0.06856226160800231 0.2474743805003821 -0.11052008347815134 -0.06903121432960777 0.9975913798321354 -0.006791975019707148 0.33278385356694645 -0.24734401956485416 -0.010519247431119965 0.9688706266512038 50.45965133123704
0.9602700351384935 0.06980595454730955 0.27020099206665715 -0.008904637606440668 -0.07006013289998697 0.9975046897321531 -0.00871621232679297 0.3346327475212305 -0.2701352414172006 -0.010560400105769505 0.9627644784100625 50.721462219376306
0.953030714953477 0.07121090221563647 0.294383167669896 0.09273993805723785 -0.07155530379919305 0.9973902844640138 -0.009615591534665865 0.3247361109209908 -0.29429969109922477 -0.01190072315715837 0.9556390941747906 50.950931698126915
0.9444949517639216 0.07413519552476745 0.3200519364548577 0.18674012035455007 -0.0747975172972703 0.997146151445549 -0.01024132644581382 0.3250702157346618 -0.3198978481340917 -0.014266209419685351 0.9473446353743536 51.18723646158917
0.9345720096288438 0.07628767249496382 0.34749867643480237 0.28896070910787996 -0.07706973651952329 0.9969583078871757 -0.011592618230053846 0.32782763293473477 -0.347326119176311 -0.015947495243316515 0.937608800781637 51.44763330640335
0.9234778548331699 0.07699068052580008 0.37584712829866246 0.40849831576420775 -0.07777482651459004 0.9968847445864736 -0.013110421048993872 0.32526284385857646 -0.375685705900303 -0.017124262031128604 0.9265889229631109 51.66026124756718
0.9107922654196804 0.0755396425279617 0.4058955348092929 0.5461371548610381 -0.07614264005457952 0.9969887376058529 -0.014688641798423543 0.3164755437689935 -0.40578291332402644 -0.017527656588209053 0.9138014194800921 51.89167941231689
0.8959333565774784 0.07324803833304183 0.4381074238592977 0.6891123255062757 -0.07286149031424043 0.9971846588856489 -0.01771891676706514 0.30415200203983866 -0.43817194453812736 -0.01604619148070577 0.898747960593564 52.14102124060846
0.8787115746036575 0.07236922977720113 0.4718353822448613 0.8444407225921177 -0.07063843896531939 0.9972722357760788 -0.02140792762525979 0.29777346927636356 -0.472097673569007 -0.014518321197810461 0.8814267068717115 52.341844613477534
0.8592290535955657 0.07424396188119281 0.5061750952995115 1.0212101290868336 -0.07056895384710195 0.9971556651810874 -0.026468903256188992 0.2978087293743659 -0.5067005971090054 -0.01297739628203357 0.8620244380907706 52.59114592433264
0.8373390574296035 0.07641399659981343 0.5413170585469654 1.2013744578275227 -0.07091560854849402 0.9969991416244414 -0.031043337006060573 0.2890915574005909 -0.54206487054314 -0.012394030038632885 0.8402452675183107 52.778092051284034
0.8129999841793619 0.07923989012966165 0.5768466115509343 1.3858565384482073 -0.07257531841167596 0.9967613487533501 -0.034635784011322134 0.2850956018907996 -0.5777230300611279 -0.01370593459981862 0.8161178220252954 52.99649864881377
0.7855257253819786 0.08331429719394146 0.6131949149172794 1.6232757039500836 -0.07610229475132484 0.9963799389159315 -0.03788745008080655 0.2651314429920445 -0.6141317714630705 -0.01690397343155132 0.7890224845424199 53.27481549347121
0.7557932881629856 0.08737461667151193 0.6489546332326124 1.844758043047249 -0.08006189959138801 0.9959524355782401 -0.04085142827774929 0.26701050106133734 -0.6498974241860108 -0.021081305432281615 0.7597295450620178 53.47855097776397
0.7229878956663055 0.08867693324097539 0.6851458464577396 2.1137588284240767 -0.08058959960714818 0.9957827376907071 -0.043841266640738036 0.2596170431366397 -0.686144220028053 -0.0235189243792067 0.7270853058084291 53.701381728587734
0.6863068626531085 0.08649717282471742 0.7221502947413737 2.389168654181131 -0.07824588709221675 0.9959212773691822 -0.0449265100263465 0.23321241737891618 -0.7230909699400292 -0.025671918316172642 0.690275656609759 53.93956195158192
0.6478007493476958 0.08466986752319884 0.7570898980341852 2.6904923408054544 -0.07587584545774655 0.9960338534860117 -0.04646955575847454 0.2216992095463234 -0.758021854841688 -0.027341823057577205 0.6516558757814671 54.15500598856703
0.6053572766191606 0.08416692480236505 0.7914912503500212 3.0506207966805308 -0.07476052851365474 0.996009863683384 -0.04873618401270979 0.2072423926104131 -0.7924351874557746 -0.029669500536967295 0.609234183744137 54.40144365883716
0.5597171745082481 0.08400378432151545 0.824414909922352 3.3949565791259406 -0.07252781345248432 0.9959970192817603 -0.05224609683303479 0.18057285266633805 -0.8255037881461693 -0.030549972986407596 0.5635692497006209 54.56471281587266
0.5117538224040594 0.08260106240909276 0.8551520197611261 3.7660691932274193 -0.07007647605698887 0.9960639678468687 -0.054275779116865645 0.16486832192458642 -0.8562694809548774 -0.032150202438030184 0.5155279357828331 54.74189488376988
0.46272634498164006 0.08055309990797288 0.8828337372957425 4.187091565363456 -0.06891429497869425 0.9961180526295169 -0.05476902311521359 0.13613122373877387 -0.88381857197737 -0.03549679452629749 0.4664813273154797 54.94558797811116
0.4136301306817863 0.07795547485184384 0.9071013903690925 4.595240170062035 -0.06911141269790623 0.996141319233408 -0.05409330340346209 0.11592419013697457 -0.9078181826694726 -0.040316438259450194 0.41742167866770463 55.0869352498369
0.3635680805466633 0.07678288009409273 0.9283978176237468 5.051562909045115 -0.07260128545995709 0.9959016626054373 -0.05393452094099378 0.10352081499737514 -0.928734319001305 -0.047794004723968476 0.3676525933613626 55.223182354866175
0.31355444636116553 0.07746723403500357 0.9464049341519836 5.516434555190898 -0.07163930992466186 0.9957561011125734 -0.05777194074972658 0.11151527873144122 -0.9468640635227269 -0.049685147435583485 0.31777345388980754 55.35904329635855
0.2666832413688378 0.07368485755259993 0.9609632922501805 5.984740230737274 -0.062162049454919245 0.9963121132647316 -0.05914434199555617 0.05056578398759748 -0.9617775568871971 -0.04396264249503166 0.27028014725571065 55.444897333024834
0.2226736521234266 0.0675405854009423 0.9725505484487841 6.487346121158511 -0.04807469878867759 0.997144301812887 -0.05824143831819298 0.04550390076586243 -0.9737070462231598 -0.033786240072943556 0.2252847583923574 55.49915494083617
0.1803890176166385 0.06519303232103656 0.9814323836413249 7.041330003534304 -0.039199343550231656 0.9974848299614288 -0.059054430922466185 -0.011522184667449309 -0.9828140008713523 -0.02781873326412245 0.18249083434934762 55.572389105145575
0.14183689040089442 0.06731336318342772 0.9875986323598581 7.541180427964554 -0.03621385716914279 0.9973702553656674 -0.06277842453225249 -0.012636392147520895 -0.9892274771436905 -0.026860458029328137 0.14390157383326216 55.60686599643246
0.1087695971368188 0.06741195683938248 0.9917785300132373 8.083687390822396 -0.028660514434118815 0.9974958667891565 -0.06465733462778818 -0.058510862556001214 -0.9936538126594019 -0.021392129102171715 0.11042928664193191 55.64245911970015
0.07912778109006942 0.06582420675697925 0.9946888041263444 8.61172766730911 -0.020690963393474517 0.9977110439722027 -0.0643782338571095 -0.08262011792182718 -0.9966498025522801 -0.015486961030024624 0.08030862902605156 55.67360266571207
0.053897436931378474 0.06364714253706483 0.9965159085865212 9.177400350479333 -0.014773076711215588 0.9979081541376089 -0.0629370503771518 -0.1100168845503766 -0.9984372657625131 -0.0113294582460189 0.05472495761172143 55.667634539783045
0.0341558240087921 0.06250569336020755 0.9974599071057618 9.771297220741316 -0.008578056530835107 0.9980238929419932 -0.06224729910859399 -0.1332297998235799 -0.9993797817010724 -0.0064301574487414075 0.03462450749796749 55.67378023877065
0.0181116732799396 0.06368635788188212 0.9978055237928398 10.371563669297908 -0.006844362850966044 0.9979538106377559 -0.06357158730013361 -0.16648812663874438 -0.999812619232903 -0.005677952945724747 0.01851050758723822 55.65942257658309
0.004504601530292829 0.06376025239690444 0.9979550024716115 10.938253021310071 -0.006308812101845701 0.9979471547826048 -0.06373127436039873 -0.1937503351269094 -0.9999700291074646 -0.006008824283460896 0.004897607411723588 55.63922279610762
-0.007384514030023627 0.06457619774623101 0.9978853801125457 11.534368966785424 -0.0057218452422633116 0.9978935996081079 -0.06461907248124737 -0.2044040601374736 -0.9999564396070749 -0.006186923820651899 -0.006999462599572233 55.637744424815274
-0.016838781362620018 0.06747632071690879 0.9975786935578956 12.157095921822444 -0.0016479697779315076 0.9977170002677317 -0.06751349310034821 -0.24879019132449462 -0.9998569354029049 -0.0027808220038298926 -0.016689137830615076 55.61026418126294
-0.023765282085671285 0.06870004688791681 0.9973541814400215 12.791268733167698 0.002990027946987198 0.9976364461508225 -0.06864824268869155 -0.30057283375042954 -0.9997131702055954 0.001350674666716137 -0.023914524973856544 55.58095126122503
-0.02801211599987512 0.06856165015588525 0.9972534631863444 13.419602803670596 0.0029671249074942575 0.9976463391316357 -0.06850531633958798 -0.3241941715360292 -0.9996032558389172 0.0010399993649276597 -0.028149614309532892 55.561921692640276
-0.031776198138679115 0.06606954755907478 0.9973088471035739 14.089949969215144 0.0011457521953742362 0.9978145615024987 -0.06606654435754757 -0.36377316763169953 -0.999494428209849 -0.0009566722206453026 -0.03178245088124166 55.53418970305502
-0.03420504895949987 0.059187918437329456 0.9976605902629544 14.759252222115014 -0.0005929495770306378 0.9982434252992594 -0.05924282598544763 -0.38383029064902735 -0.9994147360150407 -0.002617963662307025 -0.03410986810351418 55.51410013831367
-0.035689798721108695 0.05341386610525331 0.997934389439888 15.417790085415934 -0.00103555346981058 0.9985681256576568 -0.05348482230053576 -0.42556677719274705 -0.9993624554749523 -0.00294227444800377 -0.03558338080324891 55.481817649459565
-0.035844757253042925 0.05084710148595788 0.9980629108955342 16.102045669083843 0.002523458207461667 0.9987062054000715 -0.05078924707292104 -0.4404124511946513 -0.999354260026753 0.0006980444488642388 -0.03592669034106687 55.45189242134774
-0.03641287094654379 0.05256621677700089 0.9979532775362541 16.791351863994716 0.006699622099576315 0.9986060029726528 -0.05235614636291937 -0.4787523863640015 -0.9993144496921131 0.004779475011447856 -0.03671428362024362 55.40156704806471
-0.034771752695928845 0.05952458620777537 0.9976209687476539 17.478760198032475 0.007478054363569252 0.9982122426094588 -0.059299220804629425 -0.5111055524468637 -0.9993673775935364 0.005398328799964498 -0.035154715668621425 55.378862113910074
-0.032852483636537276 0.06746578398533715 0.997180490541221 18.19952251629778 0.007581309222431885 0.9977072411643509 -0.06725165324597773 -0.554129186782329 -0.9994315332056513 0.005350552613630218 -0.033288638143576285 55.37958519928787
-0.031050958638966265 0.06910062156985103 0.9971262660520782 18.91518928434557 0.007597732778901491 0.9975948811788361 -0.06889649982787027 -0.5947782716061782 -0.999489001407579 0.005436599351539659 -0.03150128381459842 55.32998110539371
-0.028545443618527365 0.06453852008449422 0.9975067846551471 19.668190004583405 0.00811588968885482 0.9978955858572431 -0.06433142503126793 -0.6236852347215254 -0.9995596237888521 0.006259288782269842 -0.02900915804640069 55.309823583453976
-0.026195082787870656 0.05837142192119894 0.9979511225909167 20.392594534803045 0.008025600970445981 0.9982738700866387 -0.05817963743285165 -0.6484104574085446 -0.9996247090324715 0.006485139896152109 -0.026618330750613754 55.28363650321404
-0.022927082927568593 0.05626548512229211 0.998152489534567 21.136695503304843 0.00633580808265809 0.9984031361707382 -0.056134084082187244 -0.6728204919593386 -0.9997171389815247 0.00503711456810961 -0.02324695714293383 55.27644887198293
-0.020177461179253214 0.06154886369608664 0.9979000229090856 21.865097897181986 0.013379005025842251 0.9980305508981789 -0.06128639241780017 -0.7311213805381362 -0.9997069689800411 0.012114308615624582 -0.020961183613094417 55.248735426477324
-0.0164323667037695 0.06672920853044254 0.9976357242535093 22.598094769361555 0.015847782136663203 0.9976625637277199 -0.06646997026150453 -0.7922047105854289 -0.999739454391753 0.01471805776520133 -0.017451465432146658 55.225575560637644
-0.014323873758904714 0.06789436896254541 0.9975896097810278 23.34869151537687 0.00901311874776778 0.997660274343364 -0.06776976373210906 -0.8317296777368186 -0.9998568607147025 0.008020670922012696 -0.014902298199709597 55.22472198576598
-0.010890205331869584 0.06466937118320702 0.9978472448625783 24.07444553498303 0.004747182646388335 0.9978985945515972 -0.06462089003519482 -0.8380433974723267 -0.9999295071663937 0.004033231063629851 -0.011174316259689164 55.23124359087184
-0.006429024792138554 0.060444794025204855 0.9981507615183353 24.833028664908277 0.00849686124634433 0.9981387335181399 -0.06038933832404169 -0.8985515563061732 -0.9999433096879913 0.008092906795290181 -0.00693064803896735 55.21932314185323
-0.0029049655521617103 0.06147476805980929 0.9981043343554286 25.582081135223476 0.01394057693471544 0.9980141196030918 -0.06142863816455676 -0.9373025277019591 -0.9998986813962193 0.013735705194431881 -0.003756188735618436 55.20165779271923
0.000559685286013854 0.06629170207123966 0.9978000527012315 26.288769178634755 0.013892798221341537 0.9977034720373953 -0.06629307840171511 -0.9866494255387163 -0.9999034095717381 0.013899341069032027 -0.00036257566416353706 55.18771656406011
0.0038248591042156716 0.06751322396500571 0.9977109717850062 27.034457103682403 0.00966013833344942 0.9976692967145281 -0.06754743748419749 -1.0186725617798393 -0.9999461004272527 0.009896388302282415 0.003163759039816972 55.20076975184882
0.007271956736253255 0.06654374435199509 0.9977569327798259 27.792373503664432 0.008542848474538196 0.9977428450569816 -0.06660506786164538 -1.0726087517449712 -0.9999371430038816 0.00900803829014388 0.006687071312921209 55.20771242708086
0.010738445964833537 0.064320124945807 0.9978714624072373 28.515719133982902 0.012500541073600631 0.9978424605159397 -0.06445277853494702 -1.1068676390350327 -0.9998642776829774 0.013166058840731862 0.009911242609682222 55.21676866132193
0.014031388605806095 0.06351591492459856 0.9978821056985959 29.275394054211016 0.0168568307376821 0.9978235740269206 -0.06374921634975313 -1.1667035372816668 -0.9997595305283931 0.017715622885937615 0.012930174920323102 55.219520201713166
0.01798444973088922 0.06528750004330434 0.9977043400253593 30.01880275554676 0.020450641658751385 0.9976330264776511 -0.06565147344518112 -1.1974081832328314 -0.9996291723764128 0.02158440279328156 0.016606711351959444 55.217762582174714
0.020663961254684015 0.06489477691760089 0.997678062725936 30.749781412837795 0.020933639070536147 0.9976443631458933 -0.0653261637436694 -1.234139167790921 -0.9995673738569131 0.022234933035619516 0.019256802233137575 55.22958781606937
0.024190489748362635 0.06373041210126665 0.9976738460077252 31.479369062644675 0.022045730087111373 0.9976892678829293 -0.0642659378853637 -1.2728995129367027 -0.9994643352175215 0.023549076116326013 0.022729610147214883 55.25072774578548
0.027847202773967378 0.06225196721284065 0.9976718268687641 32.27436707413559 0.02462677765771083 0.9977133024707358 -0.06294194265238749 -1.3339416345497308 -0.9993088643900979 0.026322202660962208 0.026250460889115826 55.25075968545465
0.0305853311356698 0.06300692157299054 0.9975442414368877 32.99160512898462 0.023629971313416605 0.997686715470044 -0.06374043045670465 -1.3493885423556489 -0.9992528775445901 0.025521467312975755 0.0290257284130661 55.26208036778939
0.034122734693510265 0.06384785434980053 0.9973760267674682 33.734045662573536 0.01970652398583895 0.9977202575102794 -0.06454410035467566 -1.4091212607669916 -0.9992234200515867 0.021857239005078598 0.03278672597915093 55.30624953737479
0.03661510104659061 0.06444266164894658 0.9972493800726873 34.48691294057798 0.02161545861327007 0.9976340780354543 -0.0652611563313804 -1.4598117940915212 -0.9990957199242987 0.02394554979956166 0.03513551648878556 55.325356994091116
0.0395368128214255 0.06394004762964994 0.9971701755920037 35.236861141174685 0.019673968180579867 0.9977072640475382 -0.06475454012919475 -1.491735937527686 -0.9990244875016874 0.022178485633530684 0.03818821249198345 55.36627966025201
0.041078235081501664 0.06417393348151185 0.9970928408273628 36.007188782227104 0.01762819773487491 0.9977333615766455 -0.06494140479729357 -1.540607662260764 -0.9990004887177691 0.020244631176988857 0.03985385639618896 55.3757895503792
0.04466073231117226 0.06411213748564447 0.9969427773055421 36.771186097745264 0.016029103567854686 0.9977641310233549 -0.0648830246748637 -1.575885868353587 -0.9988736847049459 0.018877825495551476 0.04353321828640951 55.43774173024114
0.04773102574532501 0.06562961423408206 0.9967017364080256 37.522319197750036 0.013318129527847432 0.9977086083497634 -0.0663337052383202 -1.6189243656719867 -0.9987715092765229 0.01644038159911794 0.046747593183173196 55.46798300271842
0.050740000308354356 0.06964385998700248 0.9962805998387989 38.269424791458285 0.012463811525196397 0.9974437986578011 -0.07035994684323277 -1.6769103604193323 -0.9986341957197757 0.015987520307755076 0.04974227231227041 55.49947358301072
0.05423164743099016 0.07123635595981914 0.99598401520104 39.035391800781916 0.012515497980366488 0.9973251137289123 -0.07201374892774677 -1.7174387156007844 -0.9984500196579327 0.01637066313907024 0.05319502707276493 55.55796214181059
0.05690866051605816 0.07402274999783595 0.995631400374156 39.792617590517615 0.006629362097247976 0.9971976242430323 -0.07451811824533153 -1.7769964766517956 -0.9983574544856773 0.01084113013431395 0.056258459059471924 55.60220771295839
0.05964246344513844 0.07342133714762344 0.9955159126899844 40.57961133446184 0.0022687219362514327 0.9972788167619149 -0.07368727650235515 -1.8006652050331575 -0.9982173012101345 0.006653442105729732 0.059313594394526784 55.656220864909784
0.06324808630216536 0.07330808699919195 0.9953016892549165 41.35771316474101 0.004036312095058784 0.9972715742160279 -0.07370967118693277 -1.8645756707295136 -0.9979897487756151 0.00867934657306989 0.0627796258883853 55.70142848491858
0.06741867188445816 0.07456632919325673 0.994934386772024 42.1401631590209 0.0042221376632307905 0.9971730751667492 -0.0750202099248629 -1.9210783951678938 -0.9977159149984322 0.009258515556846848 0.06691325666841755 55.7537224232991
0.0709835967833736 0.07567369444827832 0.9946027698405127 42.91702339485506 0.00041842015826814704 0.9971157462045103 -0.07589475458792927 -1.9677835582303944 -0.9974774707514233 0.005803447071911361 0.07074720029022599 55.802776767980575
0.0749942721000826 0.07438205984677927 0.9944058614190976 43.69862665705176 -0.0004984166813068911 0.9972167988466142 -0.0745547306177191 -1.9924899807748844 -0.9971839155270549 0.005095551815702116 0.07482262283401785 55.87200358373321
0.07978995688001467 0.07295445446431718 0.9941383502100094 44.51422292055842 0.000877239791623428 0.9973126512588464 -0.07325780687652371 -2.0705103611019164 -0.996811388255708 0.006717337544360169 0.07951153650713996 55.94080626325185
0.08443992463773724 0.07662334752484587 0.9934780374286148 45.32917836066252 -0.002939206439561381 0.9970537817091345 -0.07664931587250697 -2.104393043954063 -0.9964243125355201 0.0035522278665985627 0.08441635963997593 56.00294836355946
0.09057049351704248 0.08520166315245899 0.9922386364022197 46.12408812083487 -0.005178711573466509 0.9963604186161829 -0.08508288509869161 -2.1720094277285686 -0.9958766574764119 0.002567483596224921 0.09068209127010601 56.08989092727813
0.09768243631061677 0.09081086860682618 0.9910657784655308 46.9202874556334 -0.006897060487154728 0.9958661245593805 -0.09057092625729928 -2.224061486795812 -0.9951938113959782 0.002011750494901125 0.09790495892208388 56.16708446237257
0.10441051429453986 0.09291382902169783 0.9901844851061409 47.71543870865754 -0.010903175100075492 0.9956734760412336 -0.09227919623349133 -2.284797221519303 -0.9944745924981141 -0.0011612342293600758 0.10497183703434584 56.2606167627416
0.11192627082164203 0.09178229586813882 0.9894687311687206 48.54283258892289 -0.013624843982158253 0.9957735768222353 -0.09082591874192984 -2.3401532776246827 -0.9936231796432067 -0.0033155485463827526 0.11270374408987875 56.3714432268446
0.11928277476754882 0.08996979668289445 0.9887754575568923 49.355332943744585 -0.013467303742952397 0.9959408330978157 -0.08899712852877516 -2.4147369367627687 -0.9927690570821324 -0.002700312819306023 0.12001023824933602 56.473900710270165
0.1270538360388926 0.08700826462012494 0.9880722316952333 50.13897197423544 -0.01415662567504273 0.9962028485704926 -0.08590386861544172 -2.4819249803721224 -0.9917948687717312 -0.0030733505559869946 0.1278031384171729 56.571540485440046
0.13498909145776578 0.08097145073798195 0.9875329969478027 50.96216417375823 -0.0166179160544104 0.9967002040703026 -0.07945154673941898 -2.5503687292221153 -0.9907077968594271 -0.005685646318531195 0.13588923339590808 56.6767700535715
0.14231955641597657 0.07429693601705775 0.987028348205163 51.778855244284316 -0.017497456045688788 0.9972119684944193 -0.0725405344342423 -2.59130961899188 -0.98966617163572 -0.006946546505267196 0.1432227740214623 56.809370896964126
0.14975231348452606 0.07037864375276771 0.9862154645037073 52.56423616332316 -0.01775517341501292 0.9974939706449355 -0.0684874627748728 -2.649709615588094 -0.9885641842936616 -0.007254268682877617 0.15062661646488665 56.919227145960235
