1.0 0.0 5.421010862427522e-20 2.168404344971009e-19 0.0 1.0 4.696797692525095e-19 0.0 0.0 -6.172752603115714e-19 1.0 0.0
0.9999982222907011 0.0008792352240909237 0.001668040114966782 -0.004050739330176171 -0.0008710304749961102 0.9999875509410794 -0.004913174860424701 -0.0017546023281574397 -0.0016723393107422612 0.004911713450443456 0.9999865390778059 0.9515618748290409
0.9999967486582131 0.0002769417170883793 0.0025349504117395676 -6.464641215827736e-05 -0.0002634471714621934 0.9999858023725701 -0.005322186338148752 -0.0028509738475271523 -0.0025363885423503813 0.005321501466703818 0.9999826240187663 1.9002398977974146
0.9999959086021015 -0.0007259419648950206 0.0027669091614428644 0.011878125838483945 0.000733666758926374 0.999995833640316 -0.0027918530584801152 -0.005717158088098626 -0.0027648711076386227 0.002793871761884077 0.9999922748506341 2.8717320338563144
0.9999896046546584 -0.0041660559472117015 0.001853258378083433 0.013971021800890895 0.00416027171780183 0.9999864970228347 0.003114143832028251 0.003109713055587715 -0.0018662071727929973 -0.0031064015499421642 0.9999934337551801 3.8079708286412357
0.9999672577057366 -0.008077812425650628 0.0004821582701948549 0.014698785271388843 0.0080758603408673 0.9999596974880409 0.003922225170614544 -0.0015162200987825364 -0.0005138218551894813 -0.00391820309572428 0.9999921918130065 4.749729256756618
0.9999477013450904 -0.010226897384560597 -7.184617115155344e-05 0.0196268010323163 0.010226963252029523 0.9999472212157683 0.000981827175266999 -0.007339716780972269 6.180135737386948e-05 -0.0009825106459982204 0.999999515428387 5.686150024724858
0.9999540981410409 -0.009520672496922771 -0.0010763005996862478 0.007487581812509048 0.009518361438939055 0.999952425413081 -0.0021325330835295043 -0.0061749332671376805 0.0010965526372642004 0.0021221906758377737 0.9999971469313672 6.62143094659531
0.9999487858702031 -0.009899457746001384 -0.002103898966096918 -0.0005341373806167517 0.009893142802316702 0.9999465879224693 -0.0029911572028290603 -0.00398857254373311 0.0021333975932797903 0.0029701899777001095 0.9999933132649838 7.546645993337983
0.9999465160384965 -0.009958265007270026 -0.0027924968435045945 -0.00757002182010518 0.009955153178679945 0.9999498121108309 -0.0011261313775811545 -0.011935162340493535 0.002803571224569056 0.0010982714604466392 0.9999954668811797 8.484539564051959
0.9999354061416841 -0.010792331951595159 -0.003564987342917027 -0.009035085764211682 0.010796947495897933 0.9999408946679752 0.001277917267114592 -0.00801603823930351 0.0035509851985569075 -0.00131632577308116 0.9999928288712744 9.37817658504006
0.9999441344284538 -0.009665571063004997 -0.004278408119091969 -0.02022945735817327 0.009677441557878806 0.9999493565468928 0.0027625060056456507 -0.008187412837993444 0.004251490569449132 -0.0028037558633728804 0.999987031810932 10.298340945213276
0.9999254145265218 -0.01119058964852263 -0.004892454121226672 -0.022975710053530864 0.011207535631805004 0.9999312417470158 0.003450056736544593 -0.008113250889506235 0.004853509923405422 -0.0035046319432945044 0.9999820803435265 11.230348659418878
0.9999169147641811 -0.011490006091229422 -0.0058432310275916355 -0.03153704643532103 0.011511324767928769 0.9999271610512129 0.0036279417256076148 -0.008840568775679333 0.005801120776179119 -0.00369490381439514 0.9999763470683648 12.131401376877465
0.9999049626854785 -0.012033365150934413 -0.006727833302116923 -0.04483248663724995 0.012049356835529509 0.9999246624756735 0.0023414406031237603 -0.005785241501653757 0.006699151533415213 -0.002422284270091037 0.9999746266358285 13.034581079521088
0.9999023486625308 -0.011591438643503043 -0.007805876577426595 -0.050771835594830665 0.011595936818763109 0.9999326237546393 0.0005312055010484875 -0.010732529975260571 0.007799193785616045 -0.0006216701210723361 0.9999693925835509 13.958120656188107
0.9998735360287252 -0.012979419908915425 -0.009189484702702441 -0.06210489360360881 0.012972121538493645 0.999915494301481 -0.000853405299210707 -0.011451302531498522 0.009199785519954443 0.0007340902837458344 0.9999574116206116 14.840449897770375
0.9998637340646164 -0.012362051013707978 -0.010940430327314812 -0.07524064994622659 0.012346293657015584 0.9999226464663791 -0.0015066856837947862 -0.006957910861459096 0.010958210569954736 0.0013714066595002683 0.999939016571054 15.732725115969236
0.9998582361587067 -0.011208876781623581 -0.012564580467068053 -0.08704487702784273 0.011184320583549115 0.9999354071545047 -0.00202298798489647 -0.01584141436125542 0.012586445219286167 0.0018821749770346727 0.9999190161258719 16.639806860348852
0.9998422744085864 -0.010477167435670882 -0.014340686180789791 -0.11433909723653501 0.010446975697066596 0.9999430554947814 -0.0021786364272101096 -0.019031884225527346 0.01436269653179801 0.0020284760807371834 0.9998947935812262 17.52770361858694
0.9998195437034909 -0.010587370652023993 -0.01577300292802724 -0.13035458323985197 0.010559588590299497 0.9999425464012026 -0.0018436307380473816 -0.021163595115458414 0.015791617051752638 0.0016767416834948484 0.9998738987338627 18.415521506178642
0.9998015559240092 -0.010415981820949057 -0.01698105127800736 -0.1499073774998403 0.010399388362443748 0.9999453575322446 -0.0010652031318302388 -0.02189304561872333 0.016991219750996253 0.0008883992245640849 0.9998552441248721 19.31387329142165
0.9997798151125223 -0.010340585042588675 -0.018259068977635115 -0.16736563770630192 0.01033696356117646 0.9999465293106223 -0.0002927244586220579 -0.022481710144065477 0.018261120908567543 0.00010391665860518678 0.9998332464343617 20.175259588858992
0.9997480066776926 -0.010199881325773154 -0.01999713895774991 -0.18639936744875418 0.010195314312484894 0.999947971860981 -0.00033033491500123976 -0.03182747656583939 0.01999946935753732 0.00012637453947066858 0.9997999826311972 21.061835464534557
0.9997180202304178 -0.009632061919805993 -0.021704916645009245 -0.2091741168514838 0.009623650479897692 0.9999535705734415 -0.0004919697807941658 -0.032400923055152527 0.02170864913837247 0.0002829505136177292 0.9997642994773193 21.936048550463607
0.9996953290622236 -0.00975722390619929 -0.022672574343944388 -0.23339988030592201 0.009753764482024509 0.9999523962673169 -0.00026317686000145655 -0.03242123936430341 0.022674064546065957 4.195370462760395e-05 0.9997429094811842 22.78572650003267
0.9996714203676688 -0.009862697574694353 -0.02365963838974755 -0.25998576932215145 0.009894757886466179 0.9999502788655202 0.0012383625300579912 -0.02576226586225419 0.023646250106962266 -0.0014720621192849397 0.9997193045641766 23.659389251914064
0.9996414298181765 -0.010801115459558922 -0.024501993529746594 -0.2800221320303589 0.010898584527694077 0.9999332048396904 0.0038479450771632295 -0.03165247470150652 0.024458796574491636 -0.0041136025908077856 0.999692375476488 24.491087150153977
0.9996241314679966 -0.010667244794728376 -0.025254814669955706 -0.3025191131497897 0.01079877363085422 0.9999288006298753 0.005077412834606156 -0.02827982178908095 0.025198856349310808 -0.00534822570601025 0.9996681520233048 25.322613611987887
0.9996190761009064 -0.010053140260392475 -0.025702860785883613 -0.32797411742850696 0.010173978679937178 0.9999377782475329 0.004574905059509695 -0.03187760383070755 0.025655271189221267 -0.004834662986402814 0.9996591584847391 26.158566417492786
0.9996063879856195 -0.008655876280617807 -0.026686042900379046 -0.3595863045551647 0.008714057642142028 0.9999599003238953 0.0020646842070928466 -0.03641019308804205 0.02666710305692664 -0.002296415377003581 0.9996417318880821 26.96626342151029
0.9995872411769725 -0.008076960176061403 -0.027570091918197513 -0.3881321905854784 0.008099449004412207 0.9999669510222333 0.0007041111110508636 -0.03642753982468118 0.027563495647854683 -0.000927123109659949 0.9996196247519464 27.768392344603548
0.9995749831952297 -0.00713964676941602 -0.028264436814418977 -0.4141632263650593 0.0071514939778181425 0.9999743771435325 0.0003180826044186098 -0.03821972695737171 0.028261443619169102 -0.0005200804175177837 0.9996004303522954 28.562475410332645
0.9995336046072477 -0.007534786975399645 -0.02959392194753543 -0.4407357500743535 0.007536122439415311 0.9999716008138276 -6.641882618559444e-05 -0.04385977855494824 0.02959358406856432 -0.00015663560827410976 0.9995620017237813 29.34692686019613
0.9994716543588242 -0.007064847948947255 -0.031725384446276324 -0.4699479260766524 0.00704319008977455 0.9999748809005686 -0.0007943750459705601 -0.04796057925679269 0.03173020193465629 0.0005705074234654545 0.999496307574187 30.116758457997566
0.9994151070580111 -0.006770246339801087 -0.03352025511105358 -0.4978263533740386 0.006747866303617995 0.9999769280967696 -0.0007807466830795154 -0.054861692366584794 0.033524769971644205 0.000554099823012505 0.9994377333415326 30.896331568059214
0.9993372868355723 -0.00684777521463273 -0.03575045537212862 -0.5343376868276141 0.006849929357820191 0.9999765370160754 -6.223552117250414e-05 -0.04820065407766491 0.03575004528263596 -0.00018269386126574288 0.9993607461535227 31.652844524005694
0.9992684813858386 -0.0070173894511353346 -0.037593327740069425 -0.561090486097407 0.007088344571781154 0.9999733382213296 0.001754479607098056 -0.05051611600424567 0.03758001624838655 -0.0020196707675500876 0.9992915807667705 32.39807332094393
0.9992032518017577 -0.006437426011909851 -0.039388082741900615 -0.5951593177769118 0.006557945728197803 0.9999741999019023 0.0029313573036454975 -0.04548187834738841 0.039368198936707496 -0.0031873268507911262 0.9992196885349152 33.13939797498836
0.9991311502142297 -0.005663371179512343 -0.041290081310333356 -0.6339136306573401 0.005815036584282658 0.9999767769895033 0.0035539846971796036 -0.049206302274258984 0.04126899783682895 -0.0037910003739954376 0.9991408800772537 33.85510992828049
0.999069906712662 -0.0041216040430841275 -0.04292241589591636 -0.6619924350399824 0.004258248021887796 0.9999861515810198 0.0030925637348045722 -0.04370499281870163 0.04290907821909766 -0.0032724618528832063 0.9990736219689936 34.581967731098764
0.9989763362979258 -0.0038101898923569057 -0.04507506918820179 -0.7099705232481468 0.003908487833306896 0.9999901718472481 0.00209282506645609 -0.039708638824042825 0.04506665532800363 -0.002266858228633149 0.998981410264357 35.280753295563144
0.9989084085025091 -0.0033001236292600506 -0.04659506937311831 -0.7455308602740811 0.003428511736172835 0.9999905427899245 0.0026757469166055494 -0.02945652208973057 0.04658580173092173 -0.002832578016290395 0.9989102761071311 35.980836780852464
0.9988606780724564 -0.0024190267897675893 -0.04766019287676035 -0.7823458724464998 0.0025910323441296745 0.9999903506789685 0.0035475459090240826 -0.023564600838981806 0.04765115476728691 -0.003666993434265189 0.998857307502848 36.67804219245944
0.998866325801708 0.0020282558493032506 -0.047559954010843064 -0.8157553178274486 -0.0017780122725194157 0.9999843564006126 0.005303358297196589 -0.03605821128190885 0.04756996994485238 -0.005212784128362673 0.9988543061880212 37.3377991622694
0.9989046796747992 0.004865167661731282 -0.046537844127447624 -0.860820900673544 -0.004696495766936999 0.9999820034345256 0.003733059047777199 -0.05188336046417229 0.04655517186070776 -0.0035104055742732287 0.9989095520425427 38.00699089652264
0.9989756902403051 0.0066320705791168486 -0.04476143232816642 -0.891577439281298 -0.0066241916717075825 0.9999780072055292 0.0003243493605699179 -0.042324897910355055 0.04476260216950298 -2.7508859448742997e-05 0.9989976520504918 38.667155988189606
0.9990637849124558 0.007096716210921131 -0.04267540487525738 -0.9259598657225518 -0.00715995514121118 0.9999734838051532 -0.0013291909762578053 -0.04604836388066942 0.04266484340587946 0.0016335005936521593 0.999088105678085 39.307183582045745
0.9991829747974016 0.007649228973580365 -0.03968465788169584 -0.9554350966226882 -0.007687595659972899 0.9999701184783099 -0.0008142742205111727 -0.04501673772344742 0.03967724627254658 0.0011186885612321864 0.9992119218389091 39.94986363526651
0.9992554373616365 0.013101181360867239 -0.03628952815613251 -0.9909155130251337 -0.013030730323647259 0.999912726105248 0.0021772139979131942 -0.05101192860528847 0.03631488765639767 -0.0017027139820393164 0.9993389463916482 40.589982163308285
0.9992997296977963 0.017984963473020275 -0.03281144953666909 -1.0140955760554073 -0.017813691582517333 0.999826169714577 0.005504794830570218 -0.04558470690054726 0.03290475175277198 -0.0049164472050107905 0.9994463997298761 41.20485266838579
0.9993450362475859 0.023108755121903697 -0.02784751108255248 -1.0341854757948632 -0.02292147986520495 0.9997125817824342 0.007025639820727842 -0.06282421245687585 0.028001862940893536 -0.006382732442439606 0.9995874931494189 41.79172121886214
0.9993851313637792 0.02688364576097161 -0.022508414267481798 -1.0586537465691135 -0.026738732353127702 0.9996199045275738 0.006714663480153355 -0.05095450023000533 0.022680375121033255 -0.006108688685952065 0.9997241042169843 42.39371877828449
0.9993883819186831 0.03053367577102683 -0.017045722121442293 -1.0877925123459649 -0.03038493932084812 0.9994984895751986 0.008917670252343884 -0.04559603002711542 0.017309463946343164 -0.008394283222055154 0.9998149421322621 42.96558959826715
0.9993089830293065 0.03572639375282773 -0.0102557851630406 -1.089757710634024 -0.035624242051867094 0.9993154605659922 0.009976157004539661 -0.046417147532650804 0.010605177483178466 -0.009603909198521724 0.9998976423510196 43.50818624599823
0.9992555445664203 0.03845970810164809 -0.003034369806304761 -1.1081295010540533 -0.038428075225278406 0.9992125935409026 0.009872994020672144 -0.04156977352091697 0.003411693173109744 -0.009749039485722167 0.9999466568860016 44.043655528300434
0.9991020836988479 0.042158235014698585 0.004208258871985682 -1.0968576679651234 -0.04219743832684984 0.9990621310283627 0.00970745207901804 -0.04380457964709143 -0.0037950633672517355 -0.0098763138022548 0.9999440264154301 44.545998476840666
0.9988544561526163 0.046365351589065226 0.011833403484606824 -1.1022482965296285 -0.046475499909645376 0.998876978243421 0.009209253213193713 -0.04551065826050631 -0.011393124935594513 -0.009748667396282832 0.9998875738026497 45.03492491332158
0.9984997083588267 0.05114786181372528 0.01955066334827938 -1.0948630967983424 -0.051284699166744545 0.9986625113704567 0.006562632663617936 -0.03909015289233155 -0.01918885137721875 -0.007555437018568792 0.9997873290971926 45.51075688104436
0.9982329581503053 0.05275971215377284 0.027338138094023204 -1.0863835044007795 -0.052889972391509305 0.9985920793671347 0.004063249399935919 -0.05894805177913794 -0.027085274309006074 -0.005501983059768302 0.9996179851270542 45.94475260078214
0.9979416858249452 0.053376707523472525 0.035543192019342515 -1.0675684023584366 -0.053518190061452045 0.9985622460702775 0.003040429646412212 -0.03469931533482676 -0.03532980413017344 -0.004936378979665641 0.999363516060989 46.37189268902679
0.9976717186517725 0.052840674012185625 0.04311617606080689 -1.059143163612387 -0.05308049106520572 0.9985803862249353 0.00443552302518789 -0.05319718496774804 -0.042820594844631014 -0.0067138239424584046 0.9990602191109904 46.764032873896056
0.9972423795067449 0.053914298681809504 0.05099886778039907 -1.035461516611222 -0.05422933015734527 0.9985169087726364 0.004812774531317591 -0.044692213402096885 -0.05066375812847777 -0.007565137461246409 0.9986871144423148 47.13695637605341
0.9965658289963871 0.05695402850713697 0.06010646072846982 -1.0223656519559836 -0.05736601147238362 0.9983399333371371 0.0051496016989511706 -0.04523395482163714 -0.059713393766476316 -0.008579985337374935 0.9981786888043856 47.49884518503943
0.9957403634815444 0.06167486259832468 0.06853713779890354 -0.9951749491734617 -0.06214243483660828 0.9980561817591397 0.004709143706157685 -0.045878503100551 -0.06811348320505932 -0.00894814942832048 0.997637451400776 47.82109977799288
0.9947705574633219 0.06604635339746581 0.07790645980706574 -0.9731119667025914 -0.06663967772498866 0.9977643873609608 0.005037943720352881 -0.04680453130224568 -0.07739955893096823 -0.010203259849715363 0.9969479436174471 48.11809587477736
0.9940279623204298 0.06558017122136925 0.08722184603265486 -0.9497918136670268 -0.0662909900150303 0.9977863896657966 0.005274983207529909 -0.05081465770892406 -0.086682842809355 -0.01102550375511745 0.9961749463143728 48.40084691436962
0.993094168333702 0.06503971839125072 0.09764121500580836 -0.9018381458947372 -0.06572401701309386 0.9978305850463373 0.003804910536542823 -0.05484299445945743 -0.09718192738680606 -0.01019600771109949 0.9952144066436464 48.657697631718115
0.9919890683954578 0.0631997742774262 0.10937767394101293 -0.8649513297275974 -0.06353902886784363 0.9979792804774941 -0.0003844004558079233 -0.06080221366421976 -0.1091809542151467 -0.006568430314233452 0.9940001890858818 48.93365939048393
0.9903533919861545 0.06408820815567735 0.12285299817300267 -0.8292713118416495 -0.06400122149913219 0.9979389477993549 -0.004658362785956445 -0.06637733494674043 -0.12289834668468015 -0.0032493165681366874 0.9924139456339376 49.19530684146781
0.9882764920394528 0.06573342921104104 0.1377994552652896 -0.7828256809154053 -0.06540365732353601 0.9978348616828199 -0.006924641863849083 -0.060952110692074415 -0.1379562907419257 -0.0021691275177508256 0.9904359435014828 49.46001934760641
0.9857311121676563 0.06726456137386526 0.1543037628455675 -0.7396712341294782 -0.06677023190635181 0.9977331039436271 -0.008389855952763252 -0.06236172860502738 -0.15451832331350707 -0.0020327558987545597 0.9879878326511488 49.715612111678176
0.9829399338961292 0.06787938709709962 0.1709428930910048 -0.6918858281675841 -0.06721015249918341 0.9976916312631503 -0.009705903924632303 -0.0636722640846494 -0.17120713693364803 -0.0019487772347637706 0.9852331301418266 49.957230469702296
0.9796994564454545 0.06739464356359366 0.18880395687010137 -0.6309300099474647 -0.0665332811111996 0.9977246264469584 -0.010903785952461893 -0.06992935565676425 -0.18910922763932184 -0.0018793134236459545 0.9819542610886127 50.20495014261847
0.9758196681760921 0.06631418477226837 0.20827481991434382 -0.5589763535111724 -0.06535521925641559 0.9977959066405382 -0.011490181254410772 -0.07305620078222498 -0.20857773967924803 -0.002399501518575629 0.9780028487346905 50.462543544086735
0.9713015713287005 0.06671222886063352 0.22830403397084661 -0.49878088499280915 -0.06543840051376713 0.9977699118812648 -0.013153666598652662 -0.07597838412740791 -0.22867242260884188 -0.002163673595390247 0.973501024919811 50.68645662239574
0.9660086454222819 0.0684991139676539 0.24926925901483662 -0.41412288466655617 -0.0668241101805656 0.9976491978369855 -0.015186066886270545 -0.08098862657634187 -0.2497235262587155 -0.0019873243058947444 0.9683151426919779 50.9310770618594
0.9597405905166049 0.06986220157315776 0.2720611438106665 -0.3233682810528082 -0.06765162413689516 0.997555365600755 -0.017508586329484946 -0.08259067176528186 -0.2726192616236474 -0.0016016769871974612 0.9621206672111124 51.1805196730081
0.952393943567042 0.07105057413209398 0.2964752695023691 -0.24460654268818496 -0.06857669951262302 0.9974696452966378 -0.01874948759687299 -0.0911332989275491 -0.29705726495861356 -0.002474396769149526 0.9548564631149344 51.40942662856729
0.9438916848053295 0.07404041980957478 0.32184856018420993 -0.15076664630869963 -0.07147536333523188 0.9972458912595629 -0.019796593342713626 -0.09776366820019602 -0.3224279253266721 -0.004318402714807345 0.9465841705620801 51.64560823946134
0.9338645702282525 0.07639303780165961 0.34937237870799015 -0.026507182077369344 -0.07383971084928646 0.9970564621908141 -0.020642398719440562 -0.1088111335068635 -0.34992094839277404 -0.006520350455347053 0.9367565445887941 51.90400253189185
0.9226279770986351 0.07712788726263162 0.37790064056555717 0.09000159576742794 -0.07411875539010157 0.9969950100942467 -0.022524659166290345 -0.108087468545635 -0.37850235930020276 -0.007227644245846333 0.9255721125770263 52.1275785585782
0.909872089857279 0.07561465196124031 0.40794018198805826 0.21321966165899886 -0.07178138280018825 0.9971139965466288 -0.02472066521637239 -0.11939622682692203 -0.40863213881566146 -0.006789866793997233 0.9126739203835618 52.36438812510583
0.8951429196972905 0.0731545436985219 0.43973577487892956 0.37004871820092 -0.06820933026274535 0.9973039281225242 -0.02706219716743495 -0.13756579166253852 -0.4405299696695826 -0.005769548158919714 0.8977193727338292 52.59881856209131
0.877876025650761 0.0723159012034634 0.4733963217871324 0.5142126602875837 -0.06514446134364484 0.9973768385834447 -0.031553784256548 -0.14756754697923952 -0.4744364009290312 -0.0031388371245809595 0.8802841958292871 52.81523872749211
0.8582641945649084 0.07441399822400548 0.507784511608802 0.7065390908740452 -0.06469393683039415 0.997226623514062 -0.03679342575613914 -0.15605288510021703 -0.5091142161266111 -0.0012720984934846743 0.8606980396067154 53.054474307098324
0.8364088439541503 0.07640000248564695 0.5427552521819832 0.8568323749984124 -0.06416247737147246 0.9970772394839874 -0.041474754777817625 -0.1598867540945034 -0.5443376186506612 -0.00013466905855426977 0.8388662349308065 53.268798340551506
0.8118745768813324 0.07925327360680158 0.5784276666603317 1.0474769926051555 -0.06483102242073085 0.9968543926339172 -0.04558792276914016 -0.1682535840926927 -0.5802211937149722 -0.0004883806235824854 0.8144588092976405 53.49089400871301
0.7842956252075749 0.08355892633469235 0.6147342926116517 1.3033424951061214 -0.06811457502067815 0.9964956063663665 -0.04854803250000806 -0.1945041487566619 -0.6166366869943292 -0.0037963547699323957 0.7872387257008412 53.77090786802729
0.7544799463287072 0.08792625126824535 0.6504067604831314 1.4908929519605534 -0.07156352827630441 0.9960981416570918 -0.051644495532798006 -0.19429902263580756 -0.6524099187217993 -0.007580665650584739 0.7578283855823771 53.95748053300723
0.7213572735927373 0.08948575027510788 0.6867575627688602 1.7493940693694436 -0.07126558005579892 0.9959444284267153 -0.054917327769774746 -0.21096252940043492 -0.6888867355753557 -0.009327161497299173 0.7248090118195178 54.18068270907462
0.6851285915944308 0.08746238627369655 0.7231522011487228 2.0757798835102896 -0.06796315027075979 0.9961101233371916 -0.05608594009212457 -0.24026135556802525 -0.7252446899829461 -0.010721619799724965 0.688407745580869 54.44475331291018
0.6462064672247938 0.08596358965633533 0.758305625290321 2.3442827818864242 -0.06495959729826387 0.9962253827611249 -0.057578101126653514 -0.2611070678047295 -0.7603929860973607 -0.012051885916563393 0.6493514457480223 54.62790011545376
0.6041678019667797 0.08563969218190559 0.7922417969541449 2.707132663003929 -0.06257146939403135 0.9962368967249051 -0.05997380322673944 -0.2747044245257702 -0.794396703740731 -0.013337491619439661 0.6072528579594954 54.875729721717526
0.5583424024327933 0.08551546277028613 0.8251913827440494 3.023368310808194 -0.05929804591669489 0.9962427861034925 -0.06311935611460115 -0.3042832451707919 -0.8274887019419924 -0.013690022612169513 0.5613154909031582 55.04486346308732
0.5105115881520427 0.08454278206593166 0.855704612369303 3.4109490431206377 -0.056076149780973875 0.9963097549867314 -0.06497951795646448 -0.33262249310168635 -0.8580404628562947 -0.014811822080751994 0.5133685095047287 55.22935951316926
0.4616143320073302 0.08304732693704477 0.8831847450467044 3.862582355197735 -0.05441985811652257 0.9963840508697107 -0.06524800699564492 -0.36671231790102193 -0.8854099293801859 -0.017943372366041908 0.4644645823225681 55.42984852663767
0.41211361728565454 0.0811720263544242 0.9075094541894656 4.230817315970015 -0.0546343970119181 0.9964329393840212 -0.06431547386851658 -0.3944399604066828 -0.9094929948753527 -0.023075948376980817 0.41507836828229017 55.568111369370584
0.3618941595537273 0.08036472340966827 0.9287486563315351 4.693307881245306 -0.05609712558609363 0.9963490758320978 -0.06435551103891082 -0.3990740577314569 -0.9305298443285998 -0.028810245744900497 0.36508114196284563 55.72166545128047
0.3126931100872313 0.0812049534548321 0.9463766217751689 5.171706828818132 -0.05456383127414438 0.996229254967595 -0.06745413300673649 -0.41482255382164146 -0.9482857538836069 -0.030545490963782927 0.3159448780447067 55.85916231224034
0.2655835940585807 0.0777100795059742 0.9609507958267545 5.63053435318616 -0.04418934797813154 0.9966797796832818 -0.06838653702777739 -0.4694146853927418 -0.9630746190589566 -0.02430144570604714 0.26813575632536735 55.94451404040367
0.22131246762105974 0.07248319467871586 0.9725054809815648 6.127177799060601 -0.030425418185020384 0.9972617185493678 -0.06740444161147117 -0.49310941790120844 -0.9747282456945137 -0.014671440977099659 0.22291178386458252 56.006308138019634
0.17884216438013018 0.07054864024760954 0.9813451486571525 6.694552858182089 -0.021000518693745748 0.997472390005758 -0.0678808475601748 -0.5562009583517479 -0.9836536621360334 -0.008468797389558474 0.1798716797291108 56.06800969674981
0.14047164747123367 0.07294296847461741 0.9873940297406392 7.191986554726712 -0.017159663429929833 0.9973119884731604 -0.07123442743868517 -0.5498364229761461 -0.9899360240322926 -0.00693692964148712 0.14134573540020795 56.11141669216884
0.1075013519393792 0.07326842468853342 0.9915014508722922 7.71563756959574 -0.009112604180989485 0.9973115123060675 -0.07270975103746434 -0.6059098699461511 -0.9941632108617321 -0.0012187611883668855 0.1078800025684218 56.14903713202832
0.07819655414561558 0.07186753984440951 0.9943441482081596 8.287710593038065 -0.001014019530377183 0.9974034733384352 -0.07200891022135789 -0.6450175389878081 -0.9969374810491023 0.004622567140957084 0.07806639032711973 56.17144004557049
0.053025214624755526 0.07005408979685342 0.9961328627929182 8.84580266396306 0.005587714383405775 0.9974998268615433 -0.07044766047920677 -0.6729474434673557 -0.9985775757169172 0.009301611394628711 0.05250120068797067 56.180302589867054
0.03311502642798848 0.06915478467768571 0.9970561367804641 9.410599727667911 0.0115792875904074 0.9975098093992092 -0.06957082903730004 -0.7041592895506716 -0.9993845035293735 0.013849043002447544 0.0322318010799451 56.18536772840556
0.01674627620258738 0.07053061843148115 0.9973690005043924 10.002082496474644 0.013193235404283384 0.9974064861593647 -0.0707547871361426 -0.7496436508344735 -0.9997727599833599 0.014343406679729023 0.015772317968026223 56.17875809512944
0.0035591456286955263 0.070859816581467 0.9974798985138507 10.577088081045773 0.014594652709390516 0.9973763298758919 -0.0709045323605011 -0.7765175543377207 -0.9998871933608648 0.014810235769677936 0.0025156337062623192 56.17263496208624
-0.008370831877569773 0.07198545996384448 0.9973705188181688 11.185056438640428 0.015374974187854176 0.9972968612802873 -0.07185110047101416 -0.7917514755680115 -0.9998467933610743 0.014733096028460888 -0.009454978432607206 56.16861399103921
-0.01747650404365277 0.07449689296872078 0.997068058789042 11.806525766143823 0.019513477014430042 0.9970558740308035 -0.0741539496784293 -0.8517836430599608 -0.9996568745525928 0.018160316555887582 -0.01887874391940327 56.15569928649316
-0.024135770969219966 0.0759920961457544 0.9968162293154215 12.434968090124887 0.024396690995561715 0.9968545494805897 -0.07540430105149144 -0.9066284822006978 -0.9994109949382672 0.022499080517254032 -0.025913808290578592 56.12916974831578
-0.028878990574872178 0.07591344396469779 0.9966960831134835 13.061527636020173 0.024590620349058366 0.9968641808062801 -0.07521373801082257 -0.9378495422786565 -0.9992804291356366 0.022337282084408303 -0.030655189468216985 56.11466890337506
-0.03303063827371429 0.07326135524435083 0.9967656093284957 13.727817214530832 0.022527516607458546 0.9971110400553047 -0.07254022867025614 -0.9859321453746385 -0.999200459711012 0.02005860759379581 -0.03458560997708427 56.09278073370517
-0.0352400569728183 0.06692029166091985 0.9971357691497555 14.39918270186078 0.02051490985210654 0.9975937325607022 -0.06622600116668058 -1.0152307075685627 -0.9991683279691175 0.018122346098815013 -0.03652812320405581 56.069775115807346
-0.036375743654065484 0.06078308872614562 0.9974879200063719 15.065625591944947 0.02141703780606979 0.9979667132478329 -0.060031239836566 -1.0542323221993835 -0.999108696045282 0.019179559292269523 -0.03760357451834014 56.03040475475446
-0.036799044308302414 0.05860767586435865 0.9976025760921373 15.760379663355303 0.0244542793106981 0.9980326314636206 -0.057730882330735804 -1.0820988474501014 -0.999023467837253 0.022271214678830715 -0.03815985497586055 56.00920768876335
-0.03707948730748834 0.06054959276129507 0.9974762090402273 16.46320335930001 0.028255855661696107 0.9978270959913503 -0.059520527027576334 -1.134161800933764 -0.9989128034743527 0.025977557280331753 -0.038709797178573244 55.97952457285997
-0.035915241749473754 0.0674646444596132 0.9970749953402981 17.151791754999103 0.02901246384145932 0.9973685753430649 -0.06643946006878204 -1.1715505562123572 -0.9989336529797628 0.02654141712454292 -0.037778048552756155 55.947977781952936
-0.033850357825904565 0.07560690665323545 0.9965629323486912 17.844430127291723 0.02817236112794829 0.9968103615884503 -0.07466874223680842 -1.2313247580012243 -0.9990298003870863 0.025547971269403332 -0.03587241201368655 55.935058775892806
-0.03205875536908396 0.0769889529589803 0.9965163654009291 18.572604953533737 0.028500178944271537 0.996693880924629 -0.07608579033622023 -1.2714124193956238 -0.9990795997954381 0.025961683108085814 -0.034146963757169926 55.90170951309299
-0.02947065884194918 0.07277255247854633 0.9969130177853064 19.30984643352421 0.029274833338103923 0.9969812597883819 -0.07191211122907022 -1.3090572862260221 -0.9991368950890592 0.027065169311729864 -0.03151209843337174 55.88643876947334
-0.026883842930746964 0.06632932404326596 0.9974355161539576 20.035728684439324 0.028998640163116884 0.9974280126206374 -0.06554722347278989 -1.3518727532306545 -0.9992178984567154 0.02716211651691678 -0.02873815772352236 55.868629569774654
-0.024039750530000886 0.06437036609384734 0.9976364445375935 20.788389966819064 0.027395212367349864 0.9975925370468932 -0.06370739650952745 -1.3898662638546673 -0.9993356110390845 0.025798956431734014 -0.02574531506186755 55.864041573882034
-0.020880983445794445 0.06951183361862986 0.9973625311919498 21.504559854722366 0.0343402025356456 0.9970413081682175 -0.06877048990164303 -1.4515138435321415 -0.9991920764993807 0.03281364028174804 -0.02320625300923612 55.84237423415917
-0.017343367420005643 0.07511763763295201 0.9970238097646977 22.229944158551724 0.03687407857415517 0.9965435192877647 -0.07444001921786209 -1.5085445260236736 -0.9991694454116888 0.0354732982409159 -0.020053313606230003 55.81859608712421
-0.015280991429397421 0.07604042567917986 0.9969875997599628 22.97093631809042 0.03020708330190428 0.9966840435147515 -0.07555428171887497 -1.557766658284136 -0.9994268828570017 0.02896154737213138 -0.01752727931847342 55.83216926595934
-0.011929735780636512 0.07302242305017319 0.9972589113303288 23.706726437615742 0.025065442946557756 0.9970383639956204 -0.07270642522145389 -1.5934557150978534 -0.9996146636424122 0.02412937188968794 -0.013724743129163601 55.83727215068121
-0.007302018255183595 0.06852283585460593 0.9976227897171525 24.437688418997855 0.029562637102221182 0.9972281491281867 -0.06827934579843004 -1.6479763778884864 -0.9995362933815729 0.028993787679597118 -0.009307493384556918 55.815958795066265
-0.0035533302094284056 0.06978510475327673 0.9975556836909499 25.187736437818288 0.035091158759124885 0.9969563279788071 -0.06961817767278315 -1.6963833967332413 -0.9993778340320618 0.03475801297616602 -0.005991354746082339 55.809878840696065
-0.000635751761220421 0.07384410397703027 0.9972695589472184 25.910377297407162 0.03468620370704673 0.9966713196680048 -0.07377769170115649 -1.7659244953147766 -0.9993980857632632 0.034544595243103264 -0.003195006705703924 55.80600010317554
0.0028558215616556436 0.07561392526143944 0.9971330441165002 26.651404058743463 0.03028693508950262 0.9966731608182308 -0.07566579168696637 -1.803447803629156 -0.9995372012128084 0.030416196045658296 0.0005562071346603737 55.8223355032284
0.006516739014625979 0.07444550812107203 0.9972037542587484 27.404616588197538 0.028844937124591474 0.9967960058721762 -0.07460356726222647 -1.8620768993854533 -0.9995626906211457 0.02925045576984528 0.004348483902550288 55.830941363502
0.009962261781990065 0.07212876645672689 0.9973455386461988 28.126759332362155 0.032909827549989175 0.9968311015765432 -0.07242028828047023 -1.9157147406735744 -0.9994087088497768 0.03354394395487008 0.007556947599421479 55.835270799949825
0.013716468634588738 0.0721047931755719 0.99730270548132 28.876285674647843 0.037955596913024144 0.9966401926552632 -0.07257891580577988 -1.9640699066154834 -0.9991853190680611 0.03884875056004917 0.01093360394578252 55.84170243167703
0.017360715465122196 0.07313984207826893 0.9971705461649518 29.622779349075785 0.04087707581205367 0.9964351376757797 -0.07379756802393027 -2.0230940189437376 -0.9990133837390598 0.04204259938913433 0.014309084495505902 55.853294250388146
0.020002952882352907 0.07298750006646468 0.9971322057751395 30.353237635399672 0.04136107571047698 0.9964175827184287 -0.07376491194254785 -2.0692486221362207 -0.9989440494532286 0.042717981537467815 0.016912452901271614 55.86564250067898
0.023566536601616717 0.07212894582588585 0.9971168249587944 31.098289080881674 0.041989938497582 0.9964422937834292 -0.0730725680076032 -2.123520241120931 -0.998840094332243 0.04359094636170093 0.020454004247526834 55.87840586025555
0.02723099767904788 0.07050898255646658 0.9971393509628461 31.85508715473879 0.04524941186155279 0.9963998639275538 -0.07169241150170672 -2.178304034129619 -0.9986045433899099 0.04707223008466293 0.023942472845282767 55.893018358702
0.0300959370792126 0.07135812304272647 0.9969965807130564 32.59274017822685 0.04388733049053382 0.9963921820188462 -0.07263967102345265 -2.220033243472205 -0.9985830998862922 0.045941682363239984 0.026855639342281527 55.91785452346037
0.03317226930348678 0.07248060771183526 0.9968179829719876 33.335120349743995 0.03982209632214572 0.996479071444849 -0.07378116822842137 -2.2748129559946935 -0.9986560327729538 0.042142875286510305 0.03016914283145882 55.95436863474226
0.03588209716558223 0.07303874883293576 0.996683372694776 34.09176678312008 0.041732891396401996 0.9963461546161314 -0.07451648088170232 -2.332208036493474 -0.9984843070622477 0.04426829142498129 0.032702871812390275 55.97536452619063
0.03858710750192772 0.07234829526340117 0.9966326747860872 34.82531720833544 0.04004671334786885 0.9964622702990695 -0.07388643033949355 -2.375977799778305 -0.9984524858260947 0.04276293146139658 0.035553285762562385 56.01357743150775
0.04072791150065936 0.07289898186891346 0.9965073531206745 35.61458339455505 0.03811745504895291 0.9964955411698553 -0.07445600053203197 -2.4364212822310933 -0.9984429715380991 0.04101676634176513 0.037806459007701194 56.05078015011111
0.0435356148135987 0.07306324868828958 0.9963766060608313 36.31711354749311 0.03670898330455885 0.9965317655075445 -0.07467858357417168 -2.4734721878633614 -0.9983772690459337 0.039827154886726786 0.040702545978709224 56.08565813905654
0.046918660900811024 0.07495876289993827 0.9960822015881278 37.11009410087909 0.03319726994279286 0.9965125674234558 -0.07655484436072832 -2.5405391842518155 -0.9983469592722858 0.03665906499648727 0.044266609412348105 56.12041570659191
0.05001547943527599 0.07883309070177012 0.9956323241323806 37.87614408857914 0.03305568293866697 0.9962032008570065 -0.08053883766112524 -2.6006061675556773 -0.9982013044374969 0.036939499499765736 0.04721969951111283 56.162350814864965
0.053361734037912216 0.08043085814968334 0.9953307649499763 38.63394716981119 0.03294750170571304 0.9960664133734084 -0.08225668494242586 -2.649121556163036 -0.9980315916765393 0.03718302591750187 0.05050183565132352 56.213476221179576
0.05625618568822054 0.08256919544508498 0.9949962305569253 39.404099611080234 0.02677543720874056 0.9960912742378548 -0.08417392280948502 -2.7186287346821443 -0.9980573070029178 0.031376767138364715 0.05382546983778124 56.27254860552947
0.05905226453462304 0.08286540056571397 0.9948095721048343 40.17803599363651 0.02245009913823171 0.9961864064572721 -0.08431273078639791 -2.7655758811353506 -0.9980024517157882 0.02731243521107004 0.05696672720900945 56.32718050792174
0.06253910113303289 0.08258284564481257 0.99461995946679 40.95693141055928 0.02459940492602558 0.9961404636891831 -0.08425583547251775 -2.8392369311254946 -0.9977393450149303 0.02973634746777652 0.06026624080386681 56.384047328525305
0.06622095668160252 0.08354902313486999 0.994300897615605 41.743338406281175 0.025390655020797015 0.996024466102757 -0.08538487857598213 -2.8994159916858457 -0.9974819146116343 0.030900223594655035 0.06383632905795546 56.43293345697419
0.06975224572254567 0.0845886546270739 0.9939714850691614 42.52630585522906 0.020237151475405425 0.9960733621001665 -0.08618767279751695 -2.9639281813075646 -0.997359088971188 0.026126939171518038 0.06776652095927813 56.50002944006113
0.07418831268935938 0.08367160812638294 0.9937278730603869 43.30953301378985 0.019204990881368882 0.9961692679182201 -0.08531094837820893 -3.006240855937486 -0.997059342757329 0.025413613946543664 0.07229720513663923 56.574014752329184
0.07896631440759472 0.08224137069688695 0.9934790423657968 44.106695126343254 0.021097193041464943 0.9962300730473052 -0.08414600369645224 -3.0948955937068785 -0.9966540522988152 0.02760432291131473 0.07693355556276708 56.62703887852212
0.08347269042407875 0.0862798512206315 0.9927678614751224 44.894910674866686 0.016367823327654372 0.9959916225313434 -0.0879362390040328 -3.1434403406095317 -0.9963756694199708 0.023589727204236386 0.08172588747689455 56.6997267726552
0.08976766979512003 0.09473934855996571 0.99144649424935 45.695863501158826 0.014109692908570632 0.9952446182285157 -0.09637980252512542 -3.2240574668783766 -0.9958628179898116 0.02264079958786841 0.08800404759156939 56.781955648392724
0.09728278951891135 0.10019871568305719 0.9902000838358255 46.48851372742781 0.013300319808732341 0.9946995100833383 -0.10196070803217243 -3.285809336978269 -0.9951679408445803 0.023089003627257503 0.09543446855095364 56.86272081791737
0.10428159584095455 0.10294685026920482 0.9892053501113646 47.28852481908896 0.0076936015166779136 0.9945150234294292 -0.10431048131011934 -3.371326923872023 -0.9945180879769778 0.018488218739982538 0.10291758213116657 56.961858036271224
0.11142262855624778 0.10120595981168362 0.9886062317917852 48.102492961068535 0.004854859740363069 0.9947334746423342 -0.10238039178398119 -3.4428933837208424 -0.9937612883026219 0.016207040338995088 0.11034447816849186 57.063299945130254
0.11914881017670571 0.09948407903222156 0.9878797544012797 48.91418202807659 0.004158706120156236 0.994908800188431 -0.10069351687930209 -3.5332520784547774 -0.9928677333938131 0.016105817669122467 0.1181284751818974 57.173641161090764
0.12639660140704037 0.09647917235488059 0.9872768601873194 49.70929145863201 0.0041949428027767644 0.9951981990556127 -0.09779032129535468 -3.6064766346932826 -0.9919709528480537 0.016501937585535337 0.12538494593485436 57.275896769649535
0.1336864725210855 0.09054807833446833 0.9868783627578682 50.544510684520006 0.0018182472216750727 0.9957930887664714 -0.09161232595978286 -3.690552321203308 -0.991022043447091 0.014041720768662337 0.132959427079 57.401837959116286
0.14085424172458927 0.0835820895355398 0.9864958425174698 51.35566297398856 2.0951177387007166e-05 0.9964296893740353 -0.08442673545135945 -3.7457419686073488 -0.99003037911335 0.011912535165159265 0.14034959767476965 57.53627816339273
0.14824206441520835 0.07935846277855745 0.9857618653911827 52.14698312364837 0.0007012417733781437 0.9967664780602988 -0.08034983793095839 -3.814924229827519 -0.9889508925408855 0.01260248637932599 0.14770707147323195 57.65748203226503
