1.0 0.0 8.673617379884035e-19 0.0 -1.0842021724855044e-19 1.0 1.173140631947206e-18 -1.3877787807814457e-17 0.0 -1.0698026123821813e-18 1.0 0.0
0.9999981741924016 0.0016136757728606678 0.0010235526401724676 0.018658374641490942 -0.0016095639220959652 0.9999906822063908 -0.004005599078391378 -0.0002654195783152735 -0.0010300070012983472 0.004003944429595278 0.9999914537121503 0.49167521168446315
0.999999028616709 2.6712921485868863e-06 0.001393827703030124 0.02076593152253684 3.11255653763433e-06 0.9999913903948714 -0.004149595932939841 -0.0008046643601170161 -0.0013938269988717361 0.004149596382023767 0.9999904189936208 1.4413539344262765
0.9999966034288295 -0.0017937763666237084 0.0018908973574390461 0.03578829361887048 0.0017964234778152502 0.9999974077673275 -0.0013990455822551187 -0.0004641218988077622 -0.0018883831628048742 0.001402437728918759 0.9999972335834505 2.3939148814258986
0.9999834500096124 -0.00565185517854062 0.0010752832693433322 0.055015283947300306 0.0056469840515618935 0.9999740156038928 0.004481034357748609 0.021044527776394678 -0.0011005816388885026 -0.0044748882470364544 0.9999893820037633 3.3345585504969613
0.9999645350171341 -0.008415909417604266 -0.0003180706732174264 0.05370869275689687 0.008417371649963264 0.9999525081698837 0.004912152510134181 0.021391699453809518 0.0002767153996960812 -0.004914655795212134 0.9999878847324463 4.269856679018577
0.9999363569618558 -0.011253090558532165 -0.0008062042488693856 0.06194278771114866 0.011254918501749957 0.9999340204285454 0.002298173685902241 0.019750534890324342 0.0007802896454007363 -0.002307101275387171 0.9999970342166276 5.20408626584532
0.9999510606642137 -0.009631846525800545 -0.002259159456464801 0.06409411930470715 0.009630843842503721 0.9999535189314309 -0.00045479290565341834 0.01998280914483279 0.0022634353108178388 0.00043301304231702336 0.9999973446738794 6.136373151913595
0.999939462902688 -0.010613702590055861 -0.002901695701436134 0.07062972359272457 0.01061035969078623 0.9999430293736673 -0.001165458329312728 0.024829221302182278 0.002913900686183176 0.0011345997696234726 0.999995110916324 7.071496784151872
0.9999444745305869 -0.009896250329916144 -0.0036210603673575504 0.062129003935197075 0.009898664392383828 0.9999507963921807 0.00064903471915911 0.03093443491354625 0.003614459760635521 -0.000684842375033064 0.9999932333122841 8.00937280019333
0.9999328460169347 -0.0106075811730773 -0.004667190801346069 0.06709754781477963 0.01062030377875229 0.9999399323230898 0.002709408195652011 0.03558684782973484 0.004638170916265406 -0.0027587933361229227 0.999985438113278 8.908091207643226
0.9999173577284336 -0.011544960697525827 -0.005656110454427142 0.06787625582859418 0.01157003761512051 0.9999232920973353 0.004420875905962312 0.047986925894543134 0.005604638625980182 -0.004485952129158178 0.9999742318064054 9.84515348604637
0.9999037304650101 -0.012516627605298694 -0.005988641112335712 0.059790112529517186 0.012548713405738614 0.9999069477701289 0.005350288185915448 0.049822421081691284 0.005921117220040715 -0.005424923053821056 0.9999677547816795 10.764371593179778
0.9998908495473554 -0.013103101448788236 -0.006826251444580583 0.05985749861919509 0.013141062307692188 0.9998982724065382 0.00554592745751113 0.05880451351736335 0.006752889232855493 -0.005635026516944555 0.9999613217453713 11.670887952059369
0.9998923937879896 -0.01252814710448142 -0.007631930381331139 0.05803566491970894 0.012566228203245353 0.9999087292727348 0.0049621593923102805 0.058627162882875936 0.007569068325524887 -0.005057530196049533 0.9999585644484479 12.581158131232458
0.9998726060710748 -0.01311147246509559 -0.00910279637294962 0.05156500293156664 0.013136615210170035 0.9999100449697237 0.0027076402810707876 0.0682656188569033 0.009066477786941633 -0.0028268753859711977 0.99995490286627 13.489775370971943
0.9998421275360422 -0.014259642277441578 -0.010601065234645525 0.03726789261681057 0.014271019051971853 0.9998976656414829 0.0009981376264617083 0.07671399307988555 0.010585748936409269 -0.0011492681043255397 0.9999433089459127 14.380281400631818
0.9998342735868989 -0.013430573569042082 -0.012290037924749723 0.039613501548021623 0.01344070254801985 0.9999093945265004 0.0007418018934491033 0.07880673449356572 0.012278963450323185 -0.0009068657446150723 0.9999241994551855 15.286520450975049
0.9998386732831704 -0.011970280771995443 -0.013391779766082499 0.02178318588274876 0.011972042184104555 0.9999283312292272 5.1259583954626406e-05 0.07654197767084311 0.01339020846214383 -0.00021157828485117718 0.9999103247570684 16.172427771759384
0.9998219744057502 -0.011041355881734051 -0.015300586035521193 0.008457770821385519 0.011042892942147331 0.9999390252796793 1.588506321503243e-05 0.08518408721491265 0.015299480041228698 -0.00018484498512290863 0.9998829390240178 17.067640649112107
0.9997974229949806 -0.011291995571075684 -0.01666144594876047 -0.007034590890299369 0.011308342145912125 0.9999356651351384 0.0008871297178702602 0.08453896276094226 0.016650359124846147 -0.0010753633841030558 0.99986079488679 17.948162119400873
0.9997717913467536 -0.010989728422296076 -0.018319144738335985 -0.017682101443294074 0.011023842043235057 0.9999376828979668 0.001762167005431908 0.08216014617208754 0.018298640207552955 -0.001963712298471932 0.9998306374720781 18.861656896036855
0.9997467162351394 -0.01109480765667969 -0.019580821797163778 -0.036255421569872937 0.01114227202128183 0.9999352396604064 0.0023165194292904074 0.10029696356161807 0.019553855391683434 -0.00253410763173251 0.999805593639543 19.722500955051313
0.9997212641210286 -0.011072804821244822 -0.02085154704796648 -0.04440447067776357 0.011131098386535932 0.9999344517046472 0.0026815935013332656 0.09831206857974353 0.02082049068788896 -0.0029129467758997754 0.9997789865520657 20.587102250099264
0.9996908798225971 -0.010321779632672497 -0.02261870055567068 -0.0641964166533667 0.010387428232594965 0.9999421659267345 0.002786778592211947 0.09929466693428561 0.022588631360595704 -0.003020867383531894 0.999740280345329 21.469331537455602
0.999676382609363 -0.010170328765533062 -0.023317255685495693 -0.07251846634298378 0.010240140531620135 0.9999434310513143 0.0028764938481326136 0.10201159932716651 0.02328668532124183 -0.0031143350548169467 0.9997239775355158 22.308714394967346
0.9996401216764954 -0.010166570940771561 -0.02482474387433834 -0.1019891094090386 0.010270690659018176 0.9999389711568482 0.004070241598157612 0.11721003406496698 0.024781852232310584 -0.004323744227714977 0.9996835324770403 23.18417217869143
0.9996124227375108 -0.011649157827687967 -0.02528440947732156 -0.11659265720808215 0.011831268152281398 0.9999050502932956 0.007064805118598818 0.12149320285001518 0.02519971355077966 -0.00736121385061029 0.9996553341308414 24.023809842889694
0.9995940383083732 -0.011854275968230747 -0.02590819652469414 -0.13185954099721411 0.012070069774811518 0.9998936239807025 0.00818865754275638 0.1432786409746915 0.025808373851029763 -0.008498047301459604 0.9996307874058846 24.85208388379244
0.9995853561809523 -0.010960767723722079 -0.026626625867519224 -0.15804314247218268 0.011175687540001769 0.9999060559490965 0.007936199171301414 0.13615868776759021 0.02653714167046928 -0.008230479616475968 0.9996139451901941 25.695152737807483
0.9995648881435898 -0.009690884781981324 -0.02785894943210174 -0.1805816249745614 0.009863398956828254 0.9999329827287954 0.0060616327888946666 0.14325261782181792 0.02779834405614532 -0.0063337794575635195 0.9995934850751776 26.49725891550789
0.9995579603564971 -0.008891959378619769 -0.02836929441485975 -0.206956567938052 0.009004785782074748 0.9999520377924497 0.003851744739892852 0.1448452341567379 0.028333688521908942 -0.00410550168241972 0.9995900895075216 27.292385334639874
0.9995516003995287 -0.007962694099356432 -0.028865092398827442 -0.2269607073118866 0.008061705323052575 0.9999620079574613 0.003315349104000896 0.1582874679936914 0.02883760103714173 -0.0035465644992666665 0.9995778182503794 28.100647730459716
0.9995065649944295 -0.00807348660120799 -0.030355316732944775 -0.24058039996042452 0.00817516331674123 0.9999613761576932 0.0032269008267499476 0.14839646406724255 0.03032809657256797 -0.003473468357691161 0.9995339622432264 28.881326830505103
0.999449552984517 -0.00767405237321787 -0.03227537531969136 -0.26698836937759957 0.007767482144109953 0.9999659951042105 0.0027703518511315818 0.15295837536759455 0.03225302288378227 -0.003019525429662129 0.9994751748268893 29.649741565442472
0.9993854347219064 -0.007372137454791605 -0.034269583187908056 -0.28846681252219386 0.0074740634289544175 0.9999680158018917 0.0028470583350113862 0.14797552101876513 0.03424750340916426 -0.0031014417815520266 0.9994085699553612 30.44193969905283
0.9993087943049919 -0.00760661488586517 -0.03638781241200908 -0.31381380422207794 0.007741971684201545 0.9999636208049142 0.0035803533225576265 0.1617592783590983 0.03635925981647782 -0.0038595921125089317 0.9993313304045488 31.18220527660367
0.9992355048184712 -0.008061835329341122 -0.03825457567435526 -0.33951777005922223 0.00826235555410124 0.9999529293553127 0.005086505305007691 0.18203200557036842 0.038211774253534156 -0.0053986897919826304 0.9992550798652002 31.921432920918196
0.9991566587218288 -0.00716026021568506 -0.04043144597819101 -0.3799942474386534 0.007457017175222903 0.9999463203603423 0.007193695964705702 0.17563152587294392 0.04037777303909482 -0.007489127471283703 0.9991564184984933 32.68123135462496
0.9990847121108051 -0.006773708004897622 -0.04223570416197704 -0.41062632722135745 0.007091999140182925 0.999947538648858 0.007390768942851339 0.18829058336283572 0.042183431923404666 -0.0076835401054940475 0.9990803378685852 33.406594578421775
0.9990193060962732 -0.004532567223567311 -0.044044087730622745 -0.4433543779043014 0.004848093702149269 0.9999633277066577 0.00705968804354707 0.1820330245534633 0.04401048070807154 -0.007266294764715917 0.9990046440330042 34.133892790392935
0.9989477091435672 -0.0029492237411871012 -0.045768725569178124 -0.47877284657953006 0.0032335712879799526 0.9999759225167036 0.006139900085524037 0.19661321526772063 0.04574952257984551 -0.006281435776304866 0.9989331934692901 34.829341395677055
0.9988786024564456 -0.002028996477764015 -0.0473013791967335 -0.5127089785075571 0.0023721978984698098 0.9999712614587927 0.007200617808151501 0.20291974132295565 0.04728541697220458 -0.007304751533860295 0.9988547092734026 35.521727658832724
0.9988263563815654 -0.0007655216422341685 -0.04842854020599552 -0.5365750725075522 0.0012022068706597278 0.9999588788852226 0.008988614471474525 0.2071430342606408 0.0484196751369252 -0.009036286471520133 0.9987862038000069 36.22753952588104
0.9988205819771013 0.0016378999848066268 -0.04852589034689742 -0.5668328522416577 -0.0011561025679252567 0.9999497787042981 0.009955071249723012 0.21774514256384697 0.04853976608264189 -0.009887229485942398 0.9987723134542882 36.88448593131025
0.9988508813000186 0.005234611215711959 -0.047639432324555156 -0.6146891908020309 -0.00485730496416275 0.9999559427951535 0.008032373127180404 0.21815970125258463 0.04767938703290069 -0.007791743984372889 0.998832300777426 37.55509613080199
0.9989385576146941 0.0067371938758547835 -0.04556718219990597 -0.640759179291408 -0.006519517928602356 0.999966624593026 0.00492397866731862 0.23067302065628703 0.045598842074039934 -0.004621676235570143 0.9989491408305465 38.19909678591271
0.9990225189582226 0.007206946812418065 -0.04361268529263988 -0.6736503927333992 -0.007068284991835158 0.9999694654823738 0.00333278251193091 0.23692149839735008 0.043635379385980465 -0.0030212579857159458 0.9990429549776623 38.85370300577213
0.9991640316510763 0.008298625968086094 -0.040029620098722796 -0.6807490310821358 -0.008141879971198288 0.9999585422091672 0.004077209907085238 0.23658467448094223 0.04006180185390937 -0.00374788524509397 0.9991901748805349 39.474995054540656
0.9992201017458043 0.012845226641043478 -0.03733883044685388 -0.718375375957752 -0.012596714030247067 0.999896966119293 0.00688330765727016 0.24258257588619697 0.037423406572808016 -0.006407593013803242 0.9992789558324192 40.13220446521577
0.9992754672552693 0.017664887775403457 -0.03371189903954743 -0.7334056403201399 -0.017327100755466805 0.9997969655378773 0.010285876817615525 0.2571022901119515 0.03388675831753848 -0.009694295205455982 0.999378661176406 40.753688988958416
0.999321866112373 0.022189983191207987 -0.029383880333066905 -0.783315071173827 -0.021863130425386436 0.9996959913761582 0.011398611776357722 0.25860441654189087 0.029627886822277037 -0.010748458729404083 0.9995032061447494 41.3427015228598
0.9993767396059757 0.026365901417118996 -0.023472781201460107 -0.7870805494817201 -0.02609381799754595 0.9995895755306887 0.01182341618298545 0.2671643252535192 0.023774885963590356 -0.01120355299380378 0.9996545579848303 41.922982045610794
0.9993936728822869 0.029891122826935287 -0.0178551746151509 -0.8133971813714477 -0.029643916961309965 0.9994631300730996 0.013953130125426209 0.27578165023661516 0.018262666130947482 -0.013415373081787746 0.9997432184719747 42.49852664603802
0.9993171255194963 0.03503721229234365 -0.011733552580093717 -0.808117190875669 -0.034852504505239926 0.9992708124691676 0.015593150276972471 0.28465991567614646 0.012271338910566393 -0.01517355890546535 0.9998095705857832 43.04810363060173
0.9992482997727663 0.03848583669592838 -0.004655706892978278 -0.8092960519210705 -0.03841140071513183 0.9991472787198141 0.015141988442551504 0.2923126442327122 0.005234489665232604 -0.014951774460088536 0.999874514444044 43.593651762377746
0.9991314713876941 0.04158339342291156 0.0026690942207748137 -0.8228656636517262 -0.0416195332584569 0.9990159836092513 0.015325764774088278 0.2963124502291541 -0.0020291708935718956 -0.015423540854904254 0.9998789911493275 44.08788612159712
0.9988816536638367 0.04617269798286252 0.010174657104663237 -0.8145772974109193 -0.046324181275936065 0.9988109289919579 0.015192054708559624 0.2974638389966501 -0.009461102111262436 -0.01564639788408348 0.9998328249746283 44.58878309359666
0.9985432745690391 0.05100976182454751 0.01758785438426537 -0.8132791191194627 -0.051244606747848614 0.9985992840652144 0.013170435946483474 0.30894720833254197 -0.016891400684952516 -0.014052533354593435 0.9997585743766337 45.074105246599906
0.9983173384043807 0.05216007965066296 0.025334116557557483 -0.8055251923103011 -0.052415900628292114 0.9985797693275702 0.009540331496902308 0.3084762712540732 -0.02480051570907276 -0.010852189208577832 0.9996335151475134 45.503574253772655
0.9980117612917537 0.05327456899851224 0.033680024421728676 -0.78898912197733 -0.0536093990459962 0.9985203613413621 0.009117050615244838 0.32715049581164046 -0.033144488373476826 -0.010904489936790813 0.9993910822469386 45.93031603438981
0.9977727197825325 0.05236730146374945 0.041319060099967525 -0.7606490000767636 -0.05284397112096179 0.9985472744232221 0.010528804870900839 0.3172585240260244 -0.040707676050714334 -0.012688817876993457 0.9990905261312281 46.35085335316446
0.9973253458723479 0.05377114945916351 0.049505728468631056 -0.7424800585705595 -0.0543997113814276 0.9984537373686494 0.01143704615097884 0.3270120676197506 -0.048814204030772315 -0.014099553781018835 0.9987083541228564 46.70231711159862
0.9966503409561759 0.05719475315342922 0.0584538883024171 -0.7230022992903895 -0.05799497103788936 0.9982437297540075 0.012084687565247278 0.32156922020955075 -0.05766005564390941 -0.01543424001538405 0.9982169618433895 47.076761331391076
0.9958072945818994 0.061988643826729535 0.06726989529296998 -0.6863985697733491 -0.06290275255611506 0.9979527726923063 0.011554548971053779 0.32528433038535587 -0.06641593793426473 -0.015737566208341398 0.9976679072086575 47.392699697241916
0.9949137234992327 0.06588202942370698 0.07619868396191316 -0.6574643902291091 -0.06694451916425109 0.9976907507070976 0.011471607340849803 0.33770095656470334 -0.07526696101355695 -0.016514344334021273 0.9970266606755169 47.68261806796568
0.9941770639847723 0.06547784726886026 0.0855839655862353 -0.6315133210648405 -0.06675851112034463 0.9976947527500704 0.012185318569225582 0.3337125595850785 -0.08458881795086678 -0.01782782290163052 0.9962564438666323 47.97385659400767
0.9932657164940097 0.06454451365473317 0.0962144484764131 -0.5903659757278372 -0.06588718178566579 0.9977681916734146 0.010840452743942413 0.32896964320558564 -0.09530003913519827 -0.017106749437104843 0.995301594145731 48.23671799589912
0.992115705170849 0.0631835960479252 0.10823242706281412 -0.5693720811825336 -0.06429820112669818 0.9979073159228676 0.0068359791869660545 0.3294215505379117 -0.10757402551197671 -0.013741233076484994 0.9941021122463349 48.49149765453498
0.9905834116227186 0.0639610018401574 0.121051608419466 -0.5173348182384161 -0.06473545994407702 0.9978993991068739 0.002471835149020052 0.3324528255966244 -0.12063924470601059 -0.010284890721777157 0.9926431363481686 48.775044770179676
0.9884209474911477 0.06607528144463701 0.13659459765550247 -0.4737212023747968 -0.06677314969516451 0.9977680431169235 0.0005283337378626478 0.33656532750237256 -0.13625483543159328 -0.009643067900890643 0.9906268894871 49.04028461016397
0.9859089296662029 0.06770278365007115 0.15297029475150456 -0.4284048323817346 -0.0683902498767473 0.9976583494747016 -0.0007694148962351355 0.3349407099547329 -0.1526642066320674 -0.00970310391009678 0.9882304860951979 49.286098147694474
0.9831251158282102 0.06825241606090107 0.16972509847250705 -0.36941394442363795 -0.0689232800306959 0.9976200713069078 -0.001943029498379059 0.3386496475629357 -0.16945380716714994 -0.009787769630354715 0.9854895288698491 49.529730149386
0.9799003219290591 0.06783849061787599 0.18759875265428988 -0.3193443526127953 -0.06850336237605739 0.9976465406478036 -0.002944459668117513 0.3360037282677921 -0.18735702289743447 -0.009965868596680062 0.9822413314173872 49.77749566880593
0.9761179886117406 0.0667619437713548 0.2067281009707534 -0.23263015884167831 -0.06753994447326746 0.9977111139817968 -0.00329992273724596 0.33134610224791805 -0.20647526464620808 -0.01074129077242412 0.9783928641660089 50.04452271288858
0.9715890709062677 0.06707857581315513 0.22696945420810882 -0.16676291268293097 -0.06783391014714014 0.9976865715209113 -0.004479531601407229 0.3302586694167683 -0.22674489176252635 -0.011043961871690667 0.9738915715942184 50.26267761137979
0.9663048894062635 0.06902566489030298 0.24797239340128213 -0.09861256015995551 -0.0696013357753685 0.9975540007011108 -0.00645525701910912 0.3371408060664931 -0.24781146926122508 -0.011021463636640647 0.9687455872668791 50.48855235547171
0.9600495507597006 0.07039273784622532 0.2708315163900906 -0.011675809924085845 -0.07066027476394275 0.9974618362542602 -0.008775614717070309 0.3386088821195721 -0.27076188243567273 -0.010712004609590074 0.9625867584921846 50.73711058392234
0.9528588721637726 0.0717863575855018 0.2947993795810493 0.08602568495036189 -0.07217515528992909 0.9973459985087756 -0.009576370568834723 0.329245824644794 -0.29470447922001974 -0.012152261584994802 0.9555111753465696 50.96693747319421
0.9441316032655188 0.0746694757956827 0.3209983927486931 0.1908315004421775 -0.07545651917903846 0.9970988869138547 -0.01000620522841334 0.32705691709589224 -0.320814347047558 -0.014774247104261062 0.9470268700458561 51.201148064241615
0.9342450314343782 0.07676602035316649 0.34827170362700105 0.2865857144393114 -0.07777681854049968 0.9969089911682186 -0.011100927278379929 0.3229464333901041 -0.3480474196977321 -0.016716479292590288 0.9373278892752089 51.465841920454636
0.9230809264816878 0.07771305347784481 0.37667261843700545 0.4068501057746038 -0.0787634685886534 0.9968132222963547 -0.012637905524965146 0.32396916862630654 -0.3764544340461713 -0.01800223277632399 0.9262602231131918 51.67927190667189
0.9104379988746046 0.07611625677415775 0.40658202011700895 0.5468187537875266 -0.07688663497703829 0.9969348634373574 -0.014468040048558612 0.3149380480225164 -0.40643710557786195 -0.018088470278492193 0.9134997056770976 51.90889704852046
0.8956391953668229 0.07355988396530316 0.4386562942694914 0.6890594574768361 -0.07351240754569562 0.9971473604849497 -0.017119232542466233 0.30635970428700454 -0.43866432145378703 -0.016914024880584935 0.8984918245755831 52.16727479717291
0.8784252363046151 0.0727812300137459 0.47230494535216294 0.854994925196412 -0.07124371535704566 0.9972343038428855 -0.021167828062167604 0.29538409717176656 -0.4725393857774619 -0.015054404878245917 0.8811809850852624 52.354913350940635
0.8588984451922589 0.0746881326689677 0.5066706061329288 1.0195510911261316 -0.07112257906627695 0.9971176508460574 -0.026419118392586975 0.29784642225567365 -0.5071834762472781 -0.01334438058381046 0.8617348134987699 52.60945951889651
0.8369980555482305 0.07684787949589084 0.5417828090543568 1.199561951016272 -0.0715140760611226 0.9969599279548799 -0.03092959254742654 0.2912823539177833 -0.542512706329116 -0.012857088171207355 0.839949227201284 52.80788121273957
0.8125494773649062 0.07967994932712663 0.5774204708182035 1.4066943813079265 -0.07317283019869611 0.9967199092370351 -0.03457108917144472 0.2820215571818597 -0.5782811897732567 -0.01416076958551215 0.8157146497355788 53.029390040247335
0.7850435127678639 0.08358614762644778 0.61377518677902 1.6378006209084697 -0.07656198021903805 0.996349536255984 -0.03776063571389973 0.27200156733377845 -0.6146909821882042 -0.017348101601898622 0.7885772619380227 53.29131558779218
0.7553467204148163 0.08793396328067873 0.6493988635838958 1.8531970020663049 -0.08088562440805458 0.9958892244828631 -0.04076970972590483 0.267899444823998 -0.6503144716099175 -0.02173176610928267 0.759354254274432 53.50369336918213
0.7222393670756253 0.08921888254180564 0.6858645742189751 2.110192249960364 -0.08149483696209747 0.9957149186306908 -0.04370804605594961 0.25977568879715585 -0.6868252760927499 -0.024326750212670153 0.7264153921101918 53.71936207646182
0.68572436139727 0.08672729016013728 0.7226758582057993 2.4149014831956173 -0.07885785029877515 0.9958837015710171 -0.04468884949245652 0.23684252568686764 -0.7235769614446171 -0.026344431918999142 0.6897408442235786 53.95300379198741
0.6471380987323258 0.08517537289093105 0.7575997280360224 2.702801815829893 -0.07660529686926636 0.9959747502997381 -0.04653951113382429 0.2223232017483545 -0.7585143353867889 -0.02791866133998854 0.6510580923572423 54.174510063719325
0.6044644274260953 0.08469838584128903 0.7921166847232355 3.057651849022641 -0.07550718632706947 0.9959467986574376 -0.04887371359574185 0.20829542921526575 -0.7930457214124743 -0.030268080792997313 0.6084097495982586 54.401502630675715
0.5589408394957192 0.08416805583036191 0.8249247063294233 3.407935931941321 -0.07278181270057239 0.9959753417981639 -0.052306089999830926 0.18956080823482452 -0.8260072936866344 -0.030803505510169443 0.5628171987889449 54.57056085130308
0.5112643024945424 0.08279023184377589 0.8554264887110724 3.786832704892854 -0.07041957692525487 0.9960378423436768 -0.054311145714708284 0.16811919727952504 -0.8565337165069818 -0.03247142123105969 0.5150686473312415 54.764388730197645
0.46230030992890253 0.08069676101830696 0.8830437905868774 4.207384813432526 -0.06944960554346084 0.9960864146882838 -0.0546681579318755 0.14843165126791735 -0.8839996008790193 -0.03605393641818245 0.4660954180131935 54.962338955338225
0.4131741661612519 0.0780394409545627 0.9073019494592917 4.607862582136649 -0.06940225518875191 0.9961221370235958 -0.05407416974134544 0.12454502510270443 -0.9080036126622426 -0.040626751311956005 0.41698804817768864 55.10889547030752
0.3625251102365912 0.07698026262813608 0.9287892393523762 5.059345760698583 -0.07276344327875515 0.9958786913631232 -0.054139765366296375 0.11021438739786762 -0.9291292466714379 -0.04795487873075798 0.3666323830211458 55.26419999235316
0.3132045091932238 0.07748964598129679 0.9465189658549303 5.526585579200648 -0.07228380127663402 0.9957195550642548 -0.05759878916876539 0.1069235385872246 -0.9469308970974842 -0.050377788304260505 0.31746510241807463 55.37641304752428
0.26660636621601547 0.07365100291047237 0.9609872183172391 6.0015597287685924 -0.0621010331788272 0.9963167679717396 -0.05913002753366955 0.06357722916238782 -0.9618028112502377 -0.04391385698211118 0.2701981982003591 55.46440412519185
0.22212541120803958 0.067687218410594 0.9726657172110532 6.504556572713946 -0.04881263656325597 0.9971084789820349 -0.058240948662440666 0.048056299475876973 -0.9737955494479814 -0.0345415826801981 0.22478712422167507 55.5163120454215
0.17920579023885133 0.06541685151417798 0.9816342358638565 7.065228218873868 -0.03970657274219911 0.9974548106213124 -0.05922237080514358 -0.003261941361001164 -0.9830100810336967 -0.028364338314713057 0.18134715825351969 55.58550590640562
0.14124998975161562 0.0674043759248485 0.9876765368570128 7.565322846348045 -0.036580964996335175 0.9973534059669454 -0.0628332470527723 -0.00020829009532725984 -0.9892979439420525 -0.02725496406876248 0.14334187720280378 55.631778729235954
0.10838166447906006 0.0675309546881637 0.9918129030885637 8.093346119189832 -0.0291845320630805 0.997476130049995 -0.06472737707126641 -0.0439475520774658 -0.9936809486296531 -0.021930333090532945 0.11007898427011854 55.66150039776522
0.07855796612325446 0.0657140429515958 0.9947412525348928 8.628370833210214 -0.02081376212794777 0.9977156734419803 -0.06426680713743115 -0.07155942304847762 -0.996692321588582 -0.015655636347174363 0.07974627222919688 55.681302059647265
0.05347905859329469 0.06360616798242713 0.9965410649880184 9.186858542071231 -0.01516652086404859 0.9979058879118525 -0.06287937433742118 -0.1042446454298932 -0.9984538637876982 -0.011751329110854643 0.05433175341687654 55.679705514330976
0.033384798663760366 0.06249274645909763 0.9974868220439205 9.777707903207592 -0.008712588245566841 0.9980235089684052 -0.06223476950995859 -0.1265945997701284 -0.9994046715292966 -0.006612994486959298 0.03386328916030191 55.678168687003165
0.017591446476159612 0.06385367315358023 0.9978041379120787 10.381532436561548 -0.00714676744723791 0.9979411753970171 -0.06373644439365306 -0.16026187943661405 -0.9998197919226457 -0.006009855596638342 0.018011577804948324 55.67662185576778
0.004120201466666186 0.06391937050912302 0.9979464846335578 10.944996155426672 -0.006333970063886405 0.9979366802099139 -0.06389259186637491 -0.17968911223841405 -0.9999715278060111 -0.006057710491699479 0.004516565231663478 55.65111586294
-0.007911633899055179 0.06458196108355406 0.9978809671293516 11.546626894911201 -0.006293687321927255 0.9978892937800998 -0.06463239930436504 -0.20690567742352262 -0.999948972309773 -0.006791696351138902 -0.0074884744156574895 55.65771016387285
-0.017208428777881413 0.06725798231295445 0.9975871300557099 12.169867503107886 -0.0018968817936531556 0.9977309547698753 -0.06730040053151715 -0.24292998721022524 -0.9998502005069965 -0.003050436538737983 -0.017041799969926004 55.62665366436918
-0.024302523390044843 0.0687460025206568 0.9973380684653033 12.802083207408096 0.002303372050117662 0.9976339974872019 -0.06871027371671033 -0.29584691107258154 -0.9997020723280107 0.0006274102172068854 -0.024403369529768952 55.597846732002516
-0.0287668922538939 0.06837772000982484 0.9972446047366117 13.439775039592226 0.002404131058876677 0.9976594110813654 -0.06833681155812744 -0.3211381379100289 -0.9995833320031112 0.0004316716564942648 -0.028863948134224635 55.592488629090965
-0.032287495794423055 0.06546724968609888 0.9973321438888331 14.1178426549176 0.000682067291451432 0.9978536879692381 -0.06547940415015341 -0.3618132074783547 -0.9994784659694264 -0.0014339157854396593 -0.03226284816090201 55.546823761966316
-0.034656263720130615 0.058954206282766826 0.9976588562125676 14.778941435148798 -0.0013485595272288414 0.9982549272113395 -0.05903627578481205 -0.3791529571599931 -0.9993984572228924 -0.003391376597642948 -0.03451628107724985 55.522626736349395
-0.03605047203822543 0.05307014685432918 0.9979397634304066 15.446435490965623 -0.0005188550028548893 0.9985878229485124 -0.05312335470275448 -0.40793410383789713 -0.9993499115756094 -0.0024329055198542755 -0.03597202498168657 55.49520379388418
-0.036338009287838514 0.05101724612170629 0.998036391191487 16.13267335364179 0.0025223080877816257 0.9986975504478193 -0.050959207763199045 -0.43028478156131605 -0.9993364491180561 0.0006656017338450664 -0.03641936038262783 55.471613944896845
-0.03666953078622727 0.05259015162710067 0.9979426185553989 16.832713691997565 0.006750377418154741 0.9986045679940019 -0.05237699263616304 -0.47030017353521164 -0.9993047229870763 0.004815852354542172 -0.03697336264139063 55.42357872692707
-0.03519543647787665 0.05954839554393391 0.9976046903850668 17.542621370177773 0.007421918673786142 0.9982112630353149 -0.059322758306266425 -0.5068886204411562 -0.9993529645984486 0.005316253309536487 -0.035574442787351085 55.392283094706194
-0.03344106286470468 0.0668680707484249 0.9972011857403364 18.24172303905194 0.007073103115180451 0.99775016456057 -0.06666768719670606 -0.5608038879528661 -0.9994157383297202 0.004823871279743593 -0.03383878909194461 55.37619187487643
-0.031362887105927245 0.06843506742343225 0.9971624036472208 18.95772105759912 0.007411517819427282 0.9976417562555496 -0.06823485740122401 -0.5879583849525853 -0.9994806602556774 0.005250447589796632 -0.03179613185628577 55.35288873447571
-0.029025522752427386 0.06434292106743365 0.9975055668525137 19.70624166841039 0.007892326327916234 0.9979097435948612 -0.06413934056713547 -0.6170316634813723 -0.9995475885307944 0.0060109643713434245 -0.02947266564990643 55.31504749173148
-0.026717949718839985 0.05817269744092549 0.9979488648124438 20.42337023376324 0.007878641020253117 0.9982865714158217 -0.057981449848596704 -0.6444428039189197 -0.9996120396021221 0.0063133382133545475 -0.027130490557804497 55.28342985045677
-0.02395352990401715 0.05631897281638355 0.9981253678906409 21.184116039041882 0.005640976138152491 0.9984036349606706 -0.05619929946121997 -0.6796709655979554 -0.9996972338466672 0.004284232517742183 -0.02423298363582266 55.265226135087104
-0.020743080792563436 0.061368163552365025 0.9978995547598924 21.889769615251225 0.013139452994733571 0.9980449183096637 -0.061103977018989876 -0.7303515594701888 -0.9996985700277554 0.011844372550862544 -0.021508868834275 55.25654594410317
-0.017106175921740577 0.06610728951968815 0.9976658023987812 22.622591742466533 0.015505598858728969 0.9977094278122398 -0.06584431840348455 -0.7868852825281062 -0.9997335178390727 0.014343064302958633 -0.018092024480773145 55.23491334626689
-0.014854892359593655 0.06752626698921285 0.9976068282055123 23.385312294974643 0.0092106946448073 0.9976839014962372 -0.06739433202038414 -0.8126564593401477 -0.9998473117741254 0.008187519177004547 -0.015442449156820741 55.228564740461394
-0.011572463810762965 0.06441409532376945 0.9978560771122805 24.115830711119376 0.004116144239467647 0.997917590849876 -0.06437033018553102 -0.8380926141174356 -0.9999246406892172 0.003362398905861089 -0.01181350125936064 55.23358365480232
-0.006692302862015777 0.06018340691427433 0.9981648254772203 24.868527792552296 0.008219237626447605 0.9981568462124067 -0.06012781947488216 -0.889821313808928 -0.9999439028352162 0.007801763128081424 -0.007174627987153076 55.21678370506936
-0.003600758035780074 0.06130348791016004 0.9981126014161211 25.612492581857367 0.0136616995848394 0.9980290124699064 -0.06124906881648689 -0.9332858623943339 -0.9999002670648094 0.013415374436550748 -0.0044311691845961496 55.20005320831802
0.0001090328488509559 0.0655393771355851 0.9978499017083241 26.33251921902407 0.013281068117096789 0.9977618809136602 -0.06553504730153573 -0.986875527011198 -0.999911872571376 0.013259660977823023 -0.0007616424848674377 55.18858503812183
0.003336617570030084 0.06683440482046132 0.997758426420729 27.078155958721815 0.009601657290192394 0.9977159207050799 -0.06686366680553488 -1.0110821238622574 -0.999948412040181 0.009803235818663204 0.0026872770527335598 55.20259135575008
0.0068639284447816265 0.06611402083150318 0.9977883898468636 27.828438495967458 0.008370072821583861 0.9977732179562601 -0.06617059465461946 -1.054553600546326 -0.9999414882599071 0.008805754531240986 0.006295266439581394 55.20898390140738
0.010606073383087368 0.06384711224272203 0.997903254653111 28.561399960131453 0.012326091795252368 0.9978752912666919 -0.06397632949917409 -1.097187760696596 -0.9998678563717823 0.01297878771778516 0.009796554831413878 55.209773039254465
0.013692595669140939 0.06319003705175327 0.9979075008381312 29.321268651539775 0.017178950956229233 0.9978389689359708 -0.06342141538585744 -1.1465852247473347 -0.9997587448775014 0.018011410930194646 0.012577468617370097 55.20440304112756
0.017241194885983076 0.06475564299504402 0.9977521215694317 30.06323902057212 0.020095108549372295 0.997676520587076 -0.06509798083185941 -1.187597277045414 -0.9996494781978312 0.021172307379934016 0.01589986525747318 55.22501092470138
0.020270484844652104 0.06455929301191304 0.9977078998078048 30.78638069101525 0.02074386077112577 0.9976710404272988 -0.06497836226673645 -1.2284818831488127 -0.9995793870961498 0.02201345990995847 0.01888406832534919 55.2330700725333
0.02381650777365987 0.06348507985298489 0.9976984849243451 31.505493910198915 0.021789930108497557 0.997711592602268 -0.06400607133351913 -1.2592068433941677 -0.9994789263859074 0.02326418462299843 0.02237867205350464 55.24791962596941
0.02756245335970451 0.062003936056812994 0.9976951795655868 32.28655398880169 0.02478559532768113 0.9977251985013734 -0.06269053190182967 -1.311739892355003 -0.9993128322800962 0.026456377213096793 0.025962951382218 55.252021807234
0.029900649442926464 0.06246302363929255 0.9975992031405765 33.02292835045231 0.023660905075189104 0.997721637521142 -0.06317986892560404 -1.3437375377677983 -0.9992728676629474 0.025493222493186644 0.028354594853702484 55.253828742023416
0.03324818759912024 0.06348834887183216 0.9974285116589823 33.763905919906584 0.01959687867229607 0.9977470708827471 -0.06416186651777689 -1.3935904175229064 -0.9992550583655043 0.021679754496021428 0.03192910992767493 55.30182715843399
0.03608571737444952 0.06416230690361129 0.997286752990361 34.509321247140925 0.02160877685636157 0.9976533706994551 -0.06496778377798591 -1.4335742736230714 -0.9991151250070986 0.023894559254374018 0.03461457020095934 55.31809628778913
0.039010163394424695 0.06338140654397285 0.997226580472357 35.26655496015687 0.019526446337313354 0.9977473912078981 -0.06417835659154536 -1.4748221932194523 -0.9990480850657729 0.021975902676568983 0.03768467673100799 55.35643141287484
0.040581531521777604 0.06369165009344409 0.9971441026089531 36.03424377564149 0.017506415843522284 0.997767759518854 -0.06444395769749063 -1.5228575946390388 -0.9990229306290189 0.020071656937875097 0.039375932883282574 55.378565416852055
0.04443539204545431 0.0637207137229735 0.9969779410695179 36.78055096254298 0.015799795422075134 0.9977941036662417 -0.06447707624684389 -1.5560372866770371 -0.9988873878325916 0.018617114731871755 0.04333059955057589 55.435353485568214
0.047235799409957466 0.06541334864823868 0.9967395454724215 37.534166569968214 0.013022202506247992 0.9977283322486667 -0.06609536647237788 -1.6047064408413967 -0.9987989550660696 0.016101814649705174 0.04627667111143874 55.459068875036735
0.05015818157538206 0.06943569118417779 0.9963245907250011 38.291595307891306 0.012827513288481305 0.9974532627901337 -0.07016012864630589 -1.651703151292355 -0.9986589822465132 0.01629947437175965 0.04913975622198253 55.49700316755147
0.05359023063736073 0.07099517230270255 0.9960359537738169 39.05158261127459 0.012527361477304134 0.9973430851240841 -0.07176235760015395 -1.6964010647430494 -0.998484503351922 0.01632346669829092 0.052558465370705486 55.55015950366453
0.056141108142292596 0.07359151422062327 0.9957069416095303 39.82072799901529 0.006697886342870678 0.9972296823336251 -0.0740817060824332 -1.7460935973088154 -0.9984004533852852 0.010828163771712224 0.05549267344894272 55.602807074613494
0.05883021654369453 0.0728021701559173 0.995609711805855 40.58779186821555 0.0018384862527377542 0.9973275797194983 -0.07303642158914368 -1.7839051836356261 -0.9982663855846523 0.0061271658709936725 0.05853915331330997 55.65374691348493
0.06289537366439053 0.0730628092985298 0.9953420751364528 41.36874406332414 0.00494567912672543 0.9972816494622581 -0.07351769913451632 -1.8351497986331946 -0.9980079474280935 0.009546568395343931 0.06236305839295627 55.696034160575664
0.06688880881365504 0.07407468069440452 0.9950068731797898 42.151109342593514 0.005085171708013516 0.9972020716975171 -0.07457995315862105 -1.8919315017711078 -0.997747552789619 0.010048347749340313 0.06632497785966801 55.745505266533264
0.07025105137613671 0.07531623069062768 0.9946819109538491 42.94403755923168 0.0006369091155216459 0.9971420016609639 -0.07554748869986949 -1.9398132788373865 -0.9975292150546989 0.005940815058291473 0.07000230600925383 55.79769805504906
0.07479445986669815 0.0737328907454362 0.9944692546734708 43.72265951210806 -0.0008181503709851416 0.9972668932212947 -0.07387878243033137 -1.9752127933734545 -0.9971987114224334 0.004712100755448866 0.07465036483516262 55.85803026946812
0.07907231214251412 0.07250918176522055 0.9942282620200991 44.517350768920814 0.00022988925302676495 0.9973498081742795 -0.07275511985068958 -2.05031386777111 -0.9968689317809093 0.005981480488900618 0.07884608788653678 55.927298885064666
0.08384291151837188 0.07635172181900264 0.9935495105231935 45.324716634358325 -0.0035091665239883264 0.997076691535015 -0.07632664755548133 -2.0967006928536804 -0.9964728809037577 0.002912920110562516 0.08386574535036881 55.9995564460201
0.08997812950191315 0.08482041779269872 0.9923251897389677 46.12575495454362 -0.005578235116387877 0.9963940785316214 -0.08466241040878933 -2.150670832845886 -0.9959281950920489 0.0020823445049490148 0.09012682526468911 56.090882686471524
0.09746098257894634 0.0899062317174706 0.9911700539422836 46.91384127739222 -0.006951650826016046 0.9959485200220045 -0.08965612187352735 -2.2103193548362263 -0.9952151433135097 0.0018477079821189865 0.09769111967439988 56.16821068444177
0.10419263219661885 0.0931781693516322 0.9901825961961458 47.70780279112845 -0.011351703033082727 0.9956481603722593 -0.09249799869816236 -2.2682682225708772 -0.9944924253558423 -0.0016026465820059386 0.10479693506352518 56.2505653225146
0.11187308813404527 0.09132285869182409 0.9895172547888443 48.53751134602349 -0.014966493868718376 0.9958101631418034 -0.0902115471326806 -2.3351004847869508 -0.9936098660025866 -0.0047173574497383144 0.11277114274756098 56.359959805401
0.11896426043564878 0.08926109753791132 0.9888780568562098 49.3529647333725 -0.015120361528872164 0.9959982156309858 -0.08808478484695967 -2.406317730661973 -0.9927834752608081 -0.004473250339306266 0.11983785278326348 56.45052894278135
0.12658415090163513 0.0862986270828689 0.9881947430024639 50.14547440696594 -0.015362162679538032 0.996259523778 -0.08503508357048407 -2.4652717678628324 -0.9918369854701781 -0.0044167124660190234 0.12743640104955897 56.555341649964014
0.1344614335319819 0.08052999148319027 0.9876410755184325 50.96740588124768 -0.017491598951369307 0.9967298832414861 -0.07888969533642154 -2.5375954586194442 -0.9907645106628853 -0.006667798091287638 0.13543032888489048 56.66338493514595
0.14160699375719973 0.07352177993435581 0.9871888665120239 51.789988167087856 -0.018590996805585448 0.9972597921487993 -0.07160504184924571 -2.573705464024393 -0.9897484440904167 -0.008213048441476436 0.14258580598304194 56.80827214895724
0.1487193422617079 0.06998120577458002 0.9864000402206613 52.59004249009178 -0.018965271621070957 0.9975111708968071 -0.06791010695544328 -2.639064024064307 -0.9886976402357497 -0.008607796375892115 0.1496764194648334 56.91937469950294
