1.0 0.0 0.0 0.0 0.0 1.0 0.0 0.0 0.0 0.0 1.0 0.0
0.9999913812828986 0.0010561451709060604 -0.004015210741496848 0.4914581927641575 -0.0010498559174542572 0.9999982193647707 0.0015681421621488714 -0.014558913912703678 0.004016859777642995 -0.0015639132540184145 0.9999907094632733 0.006434425337706109
0.9999904203605788 0.001396121553735362 -0.004148497520791051 1.441005061958031 -0.001396337750633043 0.9999990239087315 -4.921859698715836e-05 -0.009543974473362003 0.004148424756334746 5.501082918743454e-05 0.9999913937358909 0.021002060635758102
0.9999973030281872 0.0018624450246532193 -0.001387528335665797 2.3937513997411357 -0.0018649857598336053 0.9999965826402836 -0.0018320851153945023 -0.017399776438770165 0.0013841114361744498 0.0018346678948999696 0.9999973591111367 0.03551571411484444
0.9999892781482119 0.0010141272126924855 0.004518311035606805 3.3351559304973772 -0.0009886683496116947 0.9999836442550015 -0.005633272351025283 -0.030047300284080935 -0.004523949990051367 0.005628744840799449 0.9999739252140551 0.029544308941495897
0.9999875272420202 -0.0004041831034256107 0.004978151906963275 4.270351217519348 0.0004458565391188277 0.999964846394641 -0.008373003456868805 -0.022293074396742572 -0.004974592680453529 0.008375118564003569 0.9999525542828032 0.043174301380447304
0.9999966898251051 -0.0009478302215605153 0.002392061183088741 5.2042991212735155 0.0009746175377191886 0.9999365539874223 -0.011222215486003636 -0.023849496071767232 -0.0023812726613543327 0.011224509683288003 0.9999341677945015 0.057940417084881714
0.9999970421895154 -0.0024051827202016688 -0.0003615360331275392 6.1362749945627515 0.002401601178523214 0.9999510317279996 -0.0096003363424708 -0.019258427409887962 0.0003846088924117659 0.00959943968113207 0.9999538503520091 0.07075513160053679
0.9999947311908186 -0.0030695783550572535 -0.0010560678597393805 7.071339683064549 0.0030582374720065602 0.9999393764960399 -0.010577831359773691 -0.019004522943027305 0.0010884733193907107 0.010574545920897068 0.999943495505821 0.07956119771328654
0.9999926418235212 -0.0037606972263837697 0.000757268239371974 8.009242899518503 0.0037679649122529936 0.9999445250023099 -0.009836125168219727 -0.0035832804413859446 -0.0007202355412796566 0.009838906152429988 0.9999513374092205 0.08784226446576236
0.9999844770491253 -0.004796234265945774 0.002835806349789252 8.908094029781847 0.004825810149576304 0.9999330577999554 -0.01051624815374132 -0.0021244019279848063 -0.002785178124929134 0.01052976997360289 0.9999406816042217 0.09705923794981969
0.9999728693237661 -0.005777694709195416 0.004569339147154429 9.845342966549406 0.0058295861052858455 0.9999177295918965 -0.011425846735706747 0.00381648522853947 -0.004502948171525059 0.011452174100760852 0.9999242827165117 0.09900505594835814
0.9999661281231569 -0.0061091574574436945 0.005515505556368353 10.764470063180221 0.006177093177891245 0.9999042183456738 -0.012385380672333609 0.018655515101395927 -0.005439313031424054 0.012419030947989684 0.9999080865479881 0.11104238789024588
0.9999594368292997 -0.006949692199154685 0.005729439271609297 11.671010432072295 0.007023463096116645 0.9998913773639486 -0.012957794540869611 0.0251427294929428 -0.005638764241173587 0.012997509436923337 0.9998996295060169 0.11553948675817043
0.9999566689562668 -0.007756945987424147 0.005146843579836114 12.58109570481329 0.007820147622621482 0.9998928422453296 -0.012375351215907812 0.033637751347412294 -0.005050297124677257 0.012415064055607921 0.999910176307576 0.12903583419186493
0.9999528528524375 -0.00926114116876091 0.0029194753850463402 13.489518561213105 0.009298219979781534 0.999872865040146 -0.012953642793347393 0.04650627901055496 -0.002799138703101575 0.012980177990394859 0.9999118360144851 0.13224370711516778
0.9999409422942489 -0.010795868846384924 0.0012494556979280752 14.379798565383968 0.010812411727648867 0.9998422394195186 -0.01409212635460246 0.0670135281773246 -0.0010971218351809114 0.014104803735392262 0.9998999204096702 0.13652815732230428
0.9999216657926944 -0.012476538631801632 0.0009991306882679877 15.285945068764596 0.01248867873401116 0.9998343537623722 -0.013240012842078376 0.07109198362423119 -0.0008337756543188369 0.013251453518346747 0.9999118480135183 0.14778069423702378
0.9999079402041369 -0.01356562183428815 0.00029158355467522675 16.17151274550512 0.013568114208750067 0.9998386870521974 -0.011768863605142364 0.09539729262172603 -0.0001318845653858129 0.011771736404932563 0.9999307020131317 0.16298121487231576
0.9998804390071746 -0.015460989707620184 0.0002559063904181242 17.066630820602587 0.015462853029910354 0.9998219841999032 -0.010812034348080288 0.11501606504506363 -8.869608326317873e-05 0.01081469869342362 0.9999415155023694 0.16759129237519987
0.9998579400559522 -0.016816184365306047 0.001147018073053315 17.94697240890419 0.01682782786423788 0.9997974971408137 -0.01103580175321682 0.13674364401147715 -0.0009612057217129217 0.011053535830527747 0.9999384458201434 0.1815226245947232
0.9998275239685351 -0.018460654971562598 0.0020313869570446896 18.86029469402579 0.01848137276383564 0.9997719230979678 -0.010702366362409137 0.15383485607415676 -0.0018333509518050058 0.010738063280312403 0.999940664650296 0.1976719163214088
0.9998022004561535 -0.019717839167948364 0.0026013038231019123 19.7211941406142 0.019744807531571446 0.9997468868088992 -0.010784474556286538 0.17854688095887397 -0.002387998863978535 0.010833703635456968 0.9999384622700362 0.1924469306011925
0.9997753657605452 -0.020984413523263808 0.0029786586667155173 20.585617461586565 0.0210152824866861 0.9997214574542247 -0.01074082899992575 0.19285571904923762 -0.002752438986230389 0.01080101359528468 0.9999378791629716 0.20733861057944844
0.9997366379662578 -0.022741476884324374 0.0030789506399621974 21.46760480607548 0.02277112365650845 0.9996910599083948 -0.009962964752029896 0.21886251737976212 -0.0028514268960618135 0.010030452051125564 0.999945628220008 0.21945803606379488
0.9997202802596473 -0.02343734462547471 0.0031705069750845214 22.306859070263133 0.023467400983711705 0.9996765633204776 -0.009800501968218392 0.23332334699552118 -0.002939783774704319 0.009872164132858479 0.9999469476160683 0.2291996346845575
0.9996795225381315 -0.02493357869660003 0.0043782269600820415 23.182294477464453 0.024975370757827513 0.9996403698042409 -0.009765342449178042 0.2689819154592891 -0.00413316748300748 0.009871560718605616 0.9999427329680117 0.2273097998047568
0.9996503817288588 -0.02537638587158627 0.007426530107882651 24.02199709217105 0.02545877530465208 0.9996129283353276 -0.011218033020923857 0.2896684367724667 -0.0071389823738518925 0.011403181352923295 0.9999094970974615 0.23628999465092637
0.9996255359121444 -0.02598926471900702 0.008564232115214876 24.85045211479519 0.026086175756637582 0.9995946327739785 -0.011405330501513298 0.31099771167517354 -0.008264344302587733 0.011624467679008495 0.9998982810088375 0.22708781373053802
0.9996090019781533 -0.026704602747884897 0.008288990066221816 25.693085187518154 0.0267910810187911 0.9995858731326787 -0.010503342869060439 0.3433912679529825 -0.008005069773889345 0.010721307087203962 0.9999104822094111 0.24663526130971095
0.999589092645683 -0.027945060796972416 0.006381178639847538 26.494880973888588 0.028003314053105056 0.9995652188438456 -0.009229717205736768 0.3717303527263904 -0.006120479215167703 0.00940461879653928 0.9999370444580341 0.2509182520339831
0.9995861556346833 -0.028466228519827625 0.004146238938060854 27.289560766698465 0.028500440262774176 0.9995581467415923 -0.008440153277126144 0.4040094598875926 -0.0039041475769468906 0.008554830002419387 0.9999557852801928 0.26051078535663563
0.9995742827961243 -0.02895581770039053 0.0035796360032340985 28.09772122140512 0.028982051546068272 0.9995517355900493 -0.007507900312432271 0.4300399547774127 -0.003360633987053776 0.007608449265266176 0.999965408221196 0.258901254791092
0.9995302113145283 -0.030447776717208743 0.0035056472317495225 28.87804731765118 0.03047370602448146 0.9995066962104873 -0.007597201559145839 0.44911210162132476 -0.0032725999859369026 0.007700462542977976 0.9999649958703336 0.28033564237568975
0.9994714350694025 -0.03236618756225082 0.0030463721037314265 29.646203659036008 0.03238734497714064 0.9994496535003895 -0.007172865765015994 0.4808123526175661 -0.0028125372247982715 0.007267738343973011 0.9999696343458249 0.28704278636674285
0.9994047712681513 -0.03435617309621586 0.003123545523452276 30.438076758005643 0.03437689214171007 0.9993855268669313 -0.006840904588087005 0.5077278030921207 -0.002886598886485183 0.00694421047268378 0.9999717223440769 0.30378857685361277
0.9993271348107622 -0.03647213863531311 0.0038808161872577115 31.17832502278152 0.036498806393635855 0.9993089106780855 -0.007038335827312391 0.5380602098953653 -0.0036214310365747563 0.007175245134812034 0.9999677000256071 0.30118418556971727
0.9992503111246069 -0.03833312981427438 0.005420966336186941 31.917685732536558 0.038373008451842966 0.9992356806368489 -0.007454311810491817 0.5687983063729697 -0.005131075884341542 0.007656742182889438 0.9999575222775285 0.29228788544404327
0.9991518478396609 -0.040488400938906016 0.007501623024476248 32.677152668008944 0.04053744250725258 0.9991568452762855 -0.0065049436978494 0.6144633218486324 -0.007231923227064099 0.0068035231278649735 0.9999507044647183 0.31053452944895654
0.9990758367076366 -0.0422886060444098 0.007690663544630713 33.40240327378023 0.042335870476450176 0.9990848722686962 -0.006090326333142269 0.6501002570028758 -0.007426074194164747 0.006410288812810108 0.9999518796519156 0.30868889849857084
0.9990015790649407 -0.04408203589536522 0.0072539049535349 34.12924709560309 0.044110599737278204 0.9990193277706924 -0.003825928829914901 0.6879740821459995 -0.00707813651837951 0.004142083040412704 0.999966371000302 0.32563708296860505
0.9989312150145353 -0.04579636235392787 0.006254667435772561 34.824492321159575 0.04581104560917967 0.9989476455576665 -0.002224755040140325 0.7282861085308201 -0.006146199620744211 0.0025089101105275134 0.9999779645573593 0.3211215169903895
0.9988533320649408 -0.04732002927422996 0.007268827433027637 35.516712291540706 0.047330493573700456 0.9988784713481723 -0.0012743057749991763 0.7670891378980124 -0.007200375048219025 0.001616881759534776 0.9999727697755276 0.325374709771548
0.9987857393526439 -0.04843802043140534 0.008989162501536049 36.22245007842161 0.04843980970429303 0.9988261032263503 1.8694277159914466e-05 0.7960586324710196 -0.008979515666456706 0.00041676174354054454 0.9999595964878006 0.3321001599622708
0.9987737365012701 -0.04852374877931042 0.009821867423960903 36.87929811462243 0.04850210959890645 0.998820125057064 0.002429638954019933 0.8314232584388667 -0.009928174038923819 -0.001950278286192645 0.9999488125773536 0.33149909213358136
0.9988364524731206 -0.04760712325008647 0.007700845847231624 37.549292745403 0.04756154806052215 0.9988503068616336 0.005996968276323984 0.8848386730733229 -0.007977490645459257 -0.005623726368847512 0.9999523655378441 0.34050485678002124
0.99895410012494 -0.04550001489704318 0.004522663810220873 38.19293566373191 0.045465583240078856 0.9989381637496294 0.00744484688613719 0.916439184225816 -0.004856602126064389 -0.00723143477377865 0.9999620591636973 0.33669089301853256
0.9990479539259765 -0.04352758195344567 0.0029215348031939358 38.8471587856561 0.04350343714820319 0.9990222506390702 0.007873606818928718 0.9548257635204351 -0.003261397340487307 -0.007739013976781316 0.999964734853212 0.3397203545823216
0.9991954757874221 -0.039938903990605464 0.0036448750289234458 39.468325732314064 0.039905103032414554 0.9991636791233963 0.008917683139191576 0.9676561733202945 -0.0039979892345589595 -0.008765059533616535 0.99995359382996 0.3494595248759484
0.9992867934748458 -0.03723620890449648 0.006274482702283457 40.12542025622132 0.03714927950137251 0.9992192908043839 0.013443954660482281 1.0113098858722513 -0.006770186060180347 -0.013201273832660895 0.999889939418287 0.35396034942903265
0.9993888574532306 -0.033631580102185726 0.009530394438667412 40.747135316393496 0.03345382719667949 0.9992739151263215 0.018234143632421814 1.032381084192263 -0.010136717625593861 -0.01790417180277676 0.9997883213900008 0.3495562930343375
0.9995147351004225 -0.029306062524924376 0.010556941622333515 41.33576117329913 0.02906056069327095 0.9993198063748291 0.022702607761376954 1.0882438259315477 -0.011215084900474447 -0.02238480033995034 0.9996865221580291 0.3570850470259999
0.9996660082107854 -0.023390615770006524 0.010988681532087477 41.916061537768975 0.023089260786978587 0.9993742878448598 0.026794007368997355 1.0983067839496012 -0.011608534111790829 -0.026531337856936534 0.9995805770658494 0.3572124836572873
0.9997541933567828 -0.017827262567600918 0.013181106739357094 42.49160138497623 0.01742191876251956 0.9993904498810581 0.03025236243946348 1.130755874891328 -0.013712389002674874 -0.030015286036989667 0.9994553781895202 0.3576929766086721
0.9998197062781785 -0.011759483872964556 0.014908704734428731 43.041392683262764 0.011226846469167762 0.9993129751159092 0.03532047116542663 1.1316742577470165 -0.015313812594341964 -0.03514672536711614 0.9992648271803596 0.3573634748182804
0.9998815028774306 -0.004669590823940751 0.014668848799667879 43.586949692204904 0.004099415614479623 0.9992439274979052 0.038662231572697395 1.1391497730940907 -0.014838294888238002 -0.03859751650168812 0.9991446625612888 0.3576452935651366
0.9998821287904818 0.0026413682949414296 0.015124539627539199 44.081119995541655 -0.0032694523270721657 0.9991267249017994 0.041654510781967816 1.1586674834744746 -0.015001306839589935 -0.0416990498756812 0.9990175924539918 0.3610018879716166
0.9998311806747486 0.01014350593726936 0.01532055605513455 44.58207018146163 -0.010840733942378191 0.99887644677716 0.046133746449058675 1.1565383572287389 -0.014835384663988599 -0.046292044253154835 0.9988177801785145 0.36719380343058267
0.9997504159169704 0.01764876938514298 0.013697693712258192 45.06742463819861 -0.01832404994678964 0.9985382697103098 0.05084833446129749 1.1612823936548455 -0.01278026084993403 -0.051086640750106625 0.998612447383607 0.3623121929196724
0.9996177843910142 0.02557703638565999 0.010492870861986858 45.496705972964634 -0.02608802978507337 0.9983135775166982 0.051859576239539164 1.1589510527222127 -0.00914876118022722 -0.05211349302760346 0.9985992609717519 0.368143657423307
0.9993683549583232 0.03393815693485601 0.010540047996093845 45.923877816631496 -0.034449361142407965 0.9980080444649072 0.052850588456628156 1.1479926366602553 -0.008725401124007345 -0.053180303564355574 0.998546805456824 0.35565885986714746
0.9990629153516895 0.041487581192694925 0.012331738553928454 46.344651923223765 -0.04207375138382559 0.9977685301904422 0.051843607186389654 1.124817616040032 -0.01015335478917848 -0.052313867840030566 0.9985790747948511 0.3721531305498341
0.998673952476561 0.049615827128967546 0.013733402460869305 46.69657191655363 -0.050279306721074765 0.9973206650474081 0.05313645062519433 1.1116325304892658 -0.011060197127171325 -0.05375649512109246 0.9984928198398846 0.36783217745931024
0.9981731943760168 0.05851443518575811 0.01504443099855624 47.071279590779675 -0.05927546570619939 0.9966450222565791 0.056436856543362626 1.0976609289526726 -0.011691586483099132 -0.05722552303015348 0.998292815920977 0.37895803826736746
0.9976122841599867 0.06734396788959782 0.015314061576830887 47.38769506881865 -0.06815969025810774 0.9958016188147623 0.0611014941700931 1.0661980648789746 -0.011134950247439948 -0.06199940285828506 0.9980140715081142 0.37971758152859164
0.996958951402229 0.07625520072801002 0.016062178585078187 47.678225137014365 -0.07714338880037679 0.9949075805923393 0.06486758546679239 1.0421771931066448 -0.011033892484610626 -0.06590941087453758 0.997764602887279 0.3715241476966648
0.9961804827447945 0.08557216008259068 0.01737386592407096 47.969885556419506 -0.08652152420539824 0.9941705979451279 0.06433387933741819 1.0209344728212573 -0.01176739765295649 -0.06559136833628547 0.9977771799115526 0.3800103459407574
0.9952160133117224 0.09626935539570894 0.01665226890294891 48.23318258404257 -0.09713824027036039 0.9932598976774104 0.06323715634844684 0.9845788297940758 -0.01045223062791712 -0.06455220273201265 0.9978595913240228 0.38826879338688686
0.9940054676871987 0.10852009640875719 0.013286040922241357 48.488203093818555 -0.10913765984888546 0.9921116407864132 0.06167222566763806 0.9686620711843943 -0.00648855998372559 -0.06275253693298097 0.9980080248664398 0.3905092280177958
0.9925315543171054 0.12159294040145213 0.009811754654484018 48.77232482665501 -0.121969181894714 0.9905809506601165 0.06223261891672148 0.9223011098385642 -0.0021522901303154054 -0.06296456967079674 0.9980134421005392 0.3904614292344107
0.9904959083999448 0.13723835703616225 0.00913722063774695 49.03845510072197 -0.13754199774690248 0.9884189792093042 0.06411022067212152 0.8850686832029221 -0.000233020941304265 -0.06475766284272387 0.9979009924859223 0.3897146046247004
0.9880796511844947 0.1536705756163291 0.009162810970063351 49.28524568611972 -0.1539400545352044 0.9859072075371687 0.06549379921763944 0.8461720258809093 0.0010307884483888438 -0.06612361390613984 0.9978109065144389 0.39459689828146605
0.9853204003523833 0.1704663815483898 0.009215281396571231 49.53013327009844 -0.17070167177365714 0.9831236403930728 0.06579397353824276 0.7936090774476037 0.002155899602911085 -0.06640120828773485 0.9977906752595112 0.3941505317635848
0.9820552421894281 0.1883610278539118 0.009360794521913254 49.779139476398775 -0.18856812657311645 0.9798990584730648 0.06511449027909355 0.7502234735325055 0.00309239857857099 -0.06571117400730946 0.9978338933317571 0.400182997115496
0.9781909695363619 0.20746184246370228 0.010100051439392022 50.04785963724056 -0.20768023554764978 0.9761167160548399 0.06375795167026528 0.67062767179261 0.0033685130822206184 -0.06446503362196562 0.9979142811683446 0.40867357222553635
0.9736685074630241 0.22773349795649625 0.01034850149661884 50.26775663794685 -0.22792469334839827 0.9715879903947883 0.063773905969881 0.6119198822524082 0.004468974912172325 -0.06445332287101357 0.9979107161635851 0.41265005709140873
0.9684942458390914 0.2488248202618909 0.010252053365411497 50.49566214997541 -0.2489545022964611 0.9663041567271837 0.06540590552914735 0.5513225917310588 0.006368010905370262 -0.0658975379919772 0.9978060748079783 0.40854264509457905
0.9623063253861025 0.27178914720588426 0.009858782023897474 50.74656826990923 -0.2718322251887818 0.9600492782808661 0.06642758930823499 0.4725644361512725 0.008589381282256756 -0.06660362402667198 0.997742541839177 0.41008946102313965
0.9551992694995464 0.295751349476468 0.011202447517440038 50.97904476286273 -0.29581789443662626 0.9528584958593573 0.06747192156537485 0.38319518309440076 0.009280564563318707 -0.06776301462812266 0.9976582806602142 0.42259742005766715
0.9466722140874055 0.3219069020979254 0.013699104224950355 51.21653925711511 -0.32205540703695634 0.9441308477381641 0.06998040545378452 0.28747736431433063 0.009593428642028693 -0.07066037596087663 0.9974542983996599 0.42808371657213556
0.9369306361170398 0.34917132062281653 0.015503933689150134 51.48469979525293 -0.3493562657842081 0.9342441351935407 0.07168050930195119 0.2012683131781545 0.010544318974360312 -0.07257606155607797 0.9973071405672254 0.43578026312563506
0.9258235405270577 0.37758955984315135 0.01664019541347548 51.70219077371289 -0.37776850464282535 0.9230801008315488 0.07220861685935613 0.09038388818555149 0.011904986596679422 -0.07313857905560392 0.9972507305326279 0.4374673441561232
0.9130369685780728 0.4075401286116345 0.01656917562752712 51.93624838079045 -0.40765307059401235 0.910437510199686 0.0701606303896257 -0.03987702598589986 0.013508073328074298 -0.07081372460624336 0.997398089211301 0.44938909606475014
0.8980095169715703 0.43971298301794604 0.015211837296869491 52.19960138372481 -0.4396891853414424 0.8956392499448316 0.06711001603365974 -0.1716828286628908 0.015884826793691704 -0.06695391343094824 0.997629613510954 0.4610804460094778
0.8806685579326081 0.4735510864222005 0.013124771131492234 52.392949872306744 -0.4733259006268314 0.878425901181973 0.06580674683068365 -0.3271583295698885 0.01963371754659274 -0.064166226949949 0.9977460661181823 0.47372182116722883
0.8611723336629017 0.5081910466676247 0.011138753092512603 52.653982328691676 -0.5077188476050022 0.8588997237836935 0.06717764710782698 -0.48034625700197303 0.024572006841941087 -0.06350688601371739 0.9976788520904912 0.47357627003575353
0.8393304973273776 0.5435231388077949 0.010339914733660121 52.85960817914256 -0.5428613113250395 0.8369996755587426 0.06879781814140766 -0.649199388323512 0.028738700781967167 -0.06335724658697 0.9975770378182741 0.48182259147644363
0.8150271198240011 0.5793127684405676 0.011292044682808887 53.089281620515436 -0.5785379241098073 0.8125512252360261 0.07109413994238675 -0.8448119479113587 0.03201037828748889 -0.0644765282033554 0.997405691277493 0.4933272137670623
0.7878008382702337 0.6157691336470623 0.014078823397687425 53.36046718218088 -0.6149461033067385 0.7850452988805814 0.07446588973051267 -1.063822734182328 0.034801282283491025 -0.06732200793978829 0.9971241738110554 0.5062944777078782
0.7584746942991604 0.6514530835712121 0.01802825597096012 53.582736641919404 -0.6506290501866415 0.7553484893322464 0.07829750134405197 -1.2676615799916948 0.03738953277354402 -0.07111638045522535 0.9967670155407048 0.5126684985224151
0.7254608418047865 0.6879683035983993 0.020153914057354148 53.809426630595645 -0.6871105895816735 0.7222409799860952 0.07903799411327447 -1.5130884954329613 0.03981965209059071 -0.07118693751430484 0.9966678560256265 0.5231559290552658
0.6887504620922671 0.7246745237756542 0.021671076535723845 54.05519258177038 -0.7238826784463095 0.6857254140391789 0.07599029139432029 -1.8063048442732006 0.04020782029761829 -0.06802566523985887 0.99687303106042 0.549273474353382
0.6500254980746099 0.7595730451198176 0.022707729526813537 54.289334168560295 -0.7587815637172926 0.6471387391450435 0.07390528303513674 -2.083243643867875 0.041441409430612024 -0.0652705249340847 0.9970067041696528 0.5665720863560584
0.6073171334753237 0.7940830581512912 0.024453959687722716 54.530610562663455 -0.7932889772438915 0.6044647225642509 0.07290403115509889 -2.4271251404988425 0.043110300052961265 -0.06367492389014726 0.9970391196422171 0.5832907600191649
0.5616749457028791 0.8269998551567133 0.024341218959683015 54.71451966858048 -0.8260881280450355 0.5589406902773589 0.0718589552896418 -2.7673551010063813 0.045822047888728935 -0.06046936681531405 0.99711774410259 0.6035826260154913
0.5138824369482138 0.8574864833400024 0.025333217035361785 54.924032406669696 -0.8565678292210959 0.5112636230594872 0.07000758301460042 -3.136708053673804 0.047078603841071605 -0.05767528608756396 0.9972247321617596 0.6273286867800886
0.4648626580326179 0.8849327996331148 0.028224976534035304 55.13847297235827 -0.8841512985868205 0.4622993131312339 0.06749686130205027 -3.5485234485765487 0.04668179917364167 -0.05633192000887989 0.9973201714665281 0.6498037485068713
0.41570878999957106 0.9089308805641082 0.03210695055665495 55.301414909353184 -0.9083668523867858 0.4131731627858115 0.06447944663606109 -3.941610870426666 0.04534162990030063 -0.05596956235780568 0.9974023985771538 0.6759833524929854
0.3652568893549902 0.9301013683548315 0.03871497595487566 55.47417508475139 -0.9298342174621946 0.3625246069953699 0.0631208155787031 -4.386262552370535 0.04467362549854822 -0.05905382212289659 0.9972546882705002 0.692499259685579
0.3160128516817032 0.9478934955114384 0.040420276336321295 55.60344118156808 -0.9475706441606425 0.313203829529231 0.06335010255089832 -4.847887385004162 0.04738936480881351 -0.058320513846596866 0.9971724854646191 0.6964176139135608
0.26882714599253427 0.962613018015486 0.033288783766102406 55.70674743915993 -0.9619853729685961 0.26660411885411933 0.059214744823310614 -5.3186743788715685 0.04812595736169686 -0.04794185391843175 0.9976900675414604 0.7406260574397953
0.22357657084021396 0.9744081045953205 0.02328868116243733 55.77385729625717 -0.9735790768200483 0.22212022290278252 0.052975350455100025 -5.818652283547938 0.04644672377631445 -0.034517419900292015 0.9983242206687533 0.7571343075715492
0.1802220382403091 0.9834877479661945 0.01648837568990964 55.85786384310435 -0.9825164436524692 0.17919749802434215 0.050494501228550696 -6.376649511063113 0.046706047627826375 -0.025300322175793047 0.9985882228490321 0.8090922553357623
0.1421867623763698 0.9897290925399647 0.01480702485119102 55.91821377758596 -0.98858996706577 0.14123982597315254 0.052356361370644096 -6.874662173538706 0.04972727241489967 -0.022082457723080085 0.9985186845718426 0.8055925749474078
0.10898096113436562 0.9940031723200274 0.008991302906229822 55.959911886484406 -0.9927311249069365 0.10836789310030613 0.05235755328516593 -7.4014131145187925 0.05106920550819503 -0.014631922728141684 0.998587924564502 0.8490950158332474
0.07875476722500459 0.9968914088986548 0.002281557229256854 55.99110233070171 -0.9956346887848753 0.07854007184250739 0.050428400760070505 -7.935699476649884 0.05009244581351405 -0.006243074485284627 0.9987250727269198 0.8769601650859037
0.053424880907830256 0.9985699016435934 -0.0019833384704802176 55.99983731320647 -0.9974038772006291 0.05345832292331248 0.04824638282171285 -8.493931360697593 0.04828341169735811 -0.0005993677762254623 0.9988334960908811 0.9097864342639255
0.03304709619137644 0.9994262821161882 -0.0074159320878364075 56.007591324998565 -0.9983345701045923 0.03336023403042526 0.04706570853088655 -9.08466263045522 0.04728610332219207 0.005848196375699517 0.9988642665706658 0.9320339478702128
0.017185134355599426 0.9998181835554099 -0.00826262604386489 56.01436375900393 -0.9986732883363617 0.017565486959338666 0.0484057520478659 -9.688347882385656 0.048542088136154245 0.007419804568993805 0.998793578363187 0.9649575273585295
0.0036900870043083283 0.9999577856225607 -0.008414881503961516 55.99649081977332 -0.9988167406287007 0.0040936776753266995 0.04845988488378033 -10.251985035039615 0.04849228699246246 0.008226103325123664 0.9987896822286085 0.9836724088741755
-0.008334392114428633 0.9999343515595309 -0.007863235930802206 56.01053522182702 -0.9987613298066669 -0.007938346394742413 0.04912014596207589 -10.853559894997666 0.04905450021049557 0.008262882531997483 0.9987619239745582 1.0104572988483174
-0.017870440446922646 0.9997711075090472 -0.011763500684998844 55.98596525862756 -0.9985104794632529 -0.017238826872373176 0.05176529001299076 -11.476938174292698 0.05155065237509307 0.012671047241539331 0.9985899933413638 1.0449485332239654
-0.02519696197931572 0.9995614092436548 -0.015559635530816353 55.9628665637417 -0.9982860071479775 -0.024336302474517194 0.053223982511805795 -12.109360894108447 0.052821974968389036 0.016874049090474196 0.9984613690212212 1.0966952890440909
-0.02965376690129784 0.9994411659415114 -0.015427570451481866 55.96316462150093 -0.9981867733774588 -0.028800663169447592 0.05285534273181667 -12.747155774951647 0.052381481106029006 0.016966956782875606 0.9984830007639923 1.1216331539360367
-0.03303627442790227 0.9993617121881322 -0.013593115328318174 55.92306789836861 -0.9982283925586756 -0.03231932726529097 0.04995535381559952 -13.425782426152713 0.04948414757927073 0.015219372441846844 0.9986589457071064 1.1620094415052888
-0.03522063140583608 0.9993119471186486 -0.011624950292767099 55.90433638070555 -0.9984532806925109 -0.03468490237804517 0.04345116593818325 -14.087470464466948 0.04301805897220716 0.013137347257363248 0.9989879161978403 1.1803656503653892
-0.036572362216709814 0.9992520238314072 -0.01256404356593048 55.8818208102609 -0.9986430707216117 -0.036077874450898544 0.03755534948333361 -14.755549883556046 0.037073974990549645 0.013920482891840526 0.9992155625962089 1.209966149158088
-0.03694073736914372 0.9991948411559729 -0.0156541154305798 55.86295036119309 -0.9987085550979533 -0.03636693948619289 0.03547770689554235 -15.44209480275983 0.034879849437495836 0.016944471655898616 0.9992478576326896 1.2321490018596442
-0.03745400473038021 0.999101731745519 -0.019822390187913787 55.81944195095154 -0.9986402963216121 -0.03670221508648091 0.03702034535803867 -16.142413481467656 0.036259565528828655 0.021181997801221125 0.9991178943832452 1.2706394887137005
-0.03615292562191928 0.9991390492150848 -0.02035009342858847 55.79256415935655 -0.9984110060847475 -0.03523081083718084 0.04398014207113118 -16.852119582245855 0.0432253270411928 0.02190776805909467 0.9988251202291875 1.304402059568262
-0.03453648285619503 0.999205651803381 -0.019882071222692935 55.78053676310854 -0.9981214868433123 -0.03347804946139832 0.05131001564953858 -17.550907333783762 0.050603644667350525 0.02161678996615029 0.998484844921514 1.3556033268094676
-0.03251174491313946 0.9992654053117321 -0.020288819331898595 55.76164718799363 -0.9981072919309292 -0.03140049013489251 0.05287573180198378 -18.26696662072153 0.052199810698983884 0.021969500824278867 0.9983949723413686 1.3815268913242433
-0.03011517877277784 0.9993260853868587 -0.020986926236592752 55.72831559831474 -0.9983868876817782 -0.029062550094999272 0.048774898124629235 -19.015987272848662 0.048132094412937546 0.02242193674400613 0.9985892840603046 1.4107001311845224
-0.027675657361463185 0.9993918649987277 -0.021212217328131503 55.701017320754644 -0.9987340275756317 -0.02675328881026604 0.04259816545805376 -19.733700421839355 0.04200476344616309 0.022364295477378397 0.9988670773109064 1.4388900342100148
-0.024782190740515072 0.999509860940764 -0.01912801359983669 55.68738717144002 -0.9988810353994246 -0.02398657244053175 0.04075931135248308 -20.494674482211142 0.040280518138105695 0.020116715058128426 0.9989858846018776 1.473850410465761
-0.022019733540071508 0.9994014791660646 -0.02667985711180475 55.68197420392711 -0.9987363827915671 -0.020783564590250332 0.04575676049874324 -21.200082050876837 0.04517487159074951 0.02765369565907894 0.9985962668131472 1.5226127895855766
-0.018638107964869113 0.9994010028314068 -0.02915915758502677 55.66392656958542 -0.9985776780309358 -0.01714983798655293 0.05048270986565204 -21.932781720189457 0.04995239603697202 0.030058586071429368 0.9982991733611483 1.5770475740709344
-0.016105032277825615 0.9996062778377035 -0.02297644974277144 55.662699545939454 -0.9985386006351886 -0.014893725530974967 0.05195036074299499 -22.695447165818216 0.051587701798486096 0.023779534210322355 0.9983853177886235 1.6017991987694447
-0.012503125535937845 0.9997583989369928 -0.018078042116701717 55.67221620119621 -0.9987375358747368 -0.011606607377805049 0.048873521461382484 -23.42608714109638 0.04865188882963653 0.018666291011289398 0.9986413586934954 1.6276660701493977
-0.007734540575079987 0.9997187569853594 -0.022418381157888728 55.65870829727778 -0.9989818708192041 -0.0067285000647257535 0.04460884510320683 -24.179158793232784 0.04444545709805847 0.02274058527230389 0.9987529560030437 1.6798402463815802
-0.0049245350366371125 0.9995958804221314 -0.027996871214062496 55.64577121814959 -0.9989490469464345 -0.003641665301471802 0.04568960361660078 -24.923184628498873 0.04556918431882424 0.02819244787058981 0.9985632855876392 1.7222839088964594
-0.0013232439758879286 0.9996121900244428 -0.027815797308678874 55.63796618344095 -0.9987525768009031 6.735379052313808e-05 0.049932812829070396 -25.64305560775195 0.04991532188553282 0.027847172531589862 0.9983651614630087 1.7740528236073059
0.0020528462247321375 0.9997021538106592 -0.02431850095517127 55.65656132302943 -0.998680030455107 0.003297622178207218 0.05125741368969311 -26.388500998729217 0.051322340092440695 0.02418117768635057 0.9983893469249042 1.7976149482070718
0.005655607815073204 0.9997133794978977 -0.02326312432014172 55.66705504257477 -0.9986983691102382 0.006826077724788206 0.050546732826618375 -27.138785097472088 0.05069104099140668 0.022946971821733612 0.9984507273007617 1.8408879716397941
0.009252012179247841 0.9995826278066299 -0.027367324637739218 55.671456520002316 -0.9987794230068406 0.01056559404875787 0.048249688087273084 -27.871887307587155 0.0485187020514496 0.026887514009093713 0.9984603132531875 1.8836784794852286
0.012116345863119328 0.9994030915381371 -0.03235204455577796 55.66993834919099 -0.998775277833747 0.013648220381890825 0.04755702333545239 -28.63185581194402 0.04797018397970447 0.03173620494673412 0.9983444669774717 1.9326733305958559
0.01546011297644936 0.9992510503570401 -0.03547285253694212 55.694387708621846 -0.9986456865650547 0.017193896930375638 0.04910359063610603 -29.373596405281486 0.04967673108977766 0.03466566411739199 0.9981635708237073 1.973055499411752
0.0184581286818931 0.9991716182505853 -0.03626809573260283 55.70641270510137 -0.9985987493715511 0.020222663988630946 0.04890379959447981 -30.096707857071745 0.04959672609292664 0.03531460241471646 0.9981448009267763 2.013630814484186
0.021985562805641783 0.9990562780503106 -0.03745915530787623 55.72517404612033 -0.9985730015449239 0.023768029826280145 0.04782302106452981 -30.815789369016848 0.048668219750475625 0.03635428511795369 0.9981531797975107 2.0443849239019154
0.025637180511170254 0.998847075218029 -0.04058639308717989 55.733159342518746 -0.9985476901052629 0.02751166157090968 0.046320827529867305 -31.596942664214524 0.047384022210885106 0.039339913650097695 0.9981017611612161 2.096843966381029
0.028006302453166536 0.998823383258076 -0.039591616281636925 55.73946535976938 -0.9984586156609468 0.029850757484398305 0.04679022429988082 -32.333291484256954 0.047917009874649696 0.038220169210748646 0.9981198218802061 2.1282644493083005
0.03150756147110997 0.9988645150732616 -0.035734494506040736 55.791624932952836 -0.9983026186926062 0.03320164301348591 0.0478490586395383 -33.0738825085132 0.04898117068455141 0.03416623228661701 0.9982151639249465 2.178074198629081
0.03421355936252903 0.9986951674331592 -0.037912991195640525 55.81201944131078 -0.998172356215806 0.03603722863313873 0.04851046731406546 -33.819165423034995 0.04981344840836489 0.036183983999787804 0.9981028702791963 2.217603668418284
0.03726602485041379 0.9986587102067603 -0.035944734246035746 55.85475268725217 -0.9980992161317067 0.03896370812711879 0.04774708584047167 -34.57618851081711 0.0490835832954463 0.034097066987564935 0.9982124983557983 2.2591507917193066
0.03892417090744339 0.9986629269592993 -0.03401863072278835 55.88164288968989 -0.9980208741511721 0.04053674642433044 0.04807397370573602 -35.34371851211741 0.04938869989884733 0.03208006400266114 0.9982643065921404 2.3069518136952203
0.042855535339364835 0.9985523135206679 -0.032506618607574415 55.942590664478885 -0.9978546411602423 0.04439205418797175 0.04811923357594617 -36.089635798167876 0.049492607586797625 0.030374704730976906 0.9983125057349354 2.3404803474927984
0.045738509095655584 0.9985040589691231 -0.029960524159174877 55.97065708271741 -0.9976417432560725 0.04719436379833339 0.04983617299367334 -36.84301537532267 0.05117558889442709 0.027610437299261107 0.998307929876074 2.3885655752705643
0.04854203061574019 0.9983662004698314 -0.03014300952348927 56.01281819389728 -0.9972898072511949 0.05011600184327755 0.05386489313197821 -37.599970376283125 0.05528753581572771 0.027446604866125483 0.9980931681284806 2.43451379344465
0.05193588920829038 0.9981958861962013 -0.030127001064240093 56.070105731056984 -0.9970255958761247 0.05354798164590663 0.05543081119294589 -38.359520749046304 0.05694404780135107 0.027158542719192123 0.9980079102779533 2.479066503999836
0.054751541642778484 0.9981967303314855 -0.024608052407102662 56.12743555162825 -0.9967345423622639 0.056103033512002076 0.05807496614411097 -39.12816751999278 0.05935082770802407 0.021348001927177836 0.9980088887700799 2.5283907122787297
0.05774289650511584 0.9981339588777597 -0.0198584500455163 56.18311437373119 -0.9966227659963288 0.058795976172710256 0.05732447543349205 -39.89493321834763 0.05838510256072543 0.01648130216059619 0.9981580768986767 2.56674421597532
0.061609759193642456 0.997830133613266 -0.023222015964021563 56.229221715435855 -0.9963608288980176 0.06285875079964963 0.05756627559225106 -40.67562827995163 0.05890107138038188 0.019590862697682076 0.9980715715263128 2.617986896079966
0.06556206452450272 0.9975676701220302 -0.02367190787810225 56.28262798925991 -0.9960416433836045 0.06685190350073605 0.058582144412925224 -41.45764617309064 0.060022165413899334 0.019737439692946317 0.9980018903456015 2.6747018005956185
0.0691622818195156 0.9974144361142168 -0.01951976958052691 56.3393958526178 -0.9957339531440867 0.07021727113688324 0.05986175231430489 -42.250178779542026 0.06107760088254667 0.015296321945107758 0.9980158060899558 2.7225664720088565
0.07381640456528026 0.9971055356966406 -0.018212333737613957 56.403885454671695 -0.9954960672308043 0.07476201110031058 0.058294269222962 -43.02851963537268 0.05948712923865977 0.01382723325009006 0.9981333022575646 2.7588150156154208
0.07804729841615075 0.9967606636400066 -0.019411301601744042 56.47677785711738 -0.995236680502813 0.0790393295131902 0.057067803285626946 -43.822872750122414 0.058417197739039035 0.014864851497371162 0.9981815802739895 2.834741051175036
0.082965387797404 0.9964191947355222 -0.01629517690114871 56.55330371107301 -0.9946160400495825 0.08381195551754116 0.06094660768585017 -44.62958529043372 0.062094100393786156 0.011150985379735155 0.9980080050888106 2.8806716145168036
0.08908486740083443 0.9959045435529331 -0.015428108464745217 56.64824491160198 -0.993522545079931 0.08994758081966654 0.06944339509691493 -45.429625062983924 0.07054671372978628 0.009141817943590473 0.9974665850777228 2.93314438092127
0.0965671041513566 0.9952117026191698 -0.015114938493889184 56.728595879006185 -0.992445983416653 0.09743102889543158 0.07455309925502684 -46.21706022492817 0.07566878085428203 0.007801383097283475 0.9971024892285627 2.9920186644804514
0.10357602766331424 0.9945541075870074 -0.011581605039878784 56.81440422481425 -0.9915068187363283 0.10416547461415016 0.07787029149666021 -47.01042490544878 0.07865262165277363 0.0034177449027424163 0.996896225354939 3.0498532355182015
0.11153727452418113 0.9937252697410128 -0.00833814546938223 56.92710531363296 -0.9908106490531692 0.11184828692300881 0.0760540494334512 -47.839641525777175 0.07650943807501788 -0.00022133806591614208 0.9970688325762197 3.118376613118205
0.11863873164932043 0.9929014028250883 -0.00846496430070088 57.02080237694697 -0.990139676188343 0.11893967190303124 0.07400524363342366 -48.6547593153768 0.07448673029663504 -0.00039839122842647706 0.9972219252975465 3.1909870539357144
0.12628327225266875 0.9919587358291221 -0.008390563833751842 57.12861582052482 -0.9894105865121037 0.12655992712999392 0.07105825879252604 -49.44689769632215 0.07154876970943194 -0.000671756756977504 0.9974368763465316 3.2518147502412065
0.13433620960380974 0.9909177400609197 -0.005984582010527279 57.23974004247675 -0.9887665536964492 0.13443908069469349 0.06532102167918466 -50.26862043995255 0.06553232088464529 -0.0028576239299671242 0.9978463553598553 3.326890752169019
0.14157852333353899 0.9899177417352986 -0.004287928215507505 57.38841409289172 -0.9882054981322069 0.14158632995484058 0.058336991962183116 -51.09075932642653 0.058355935361978084 -0.004021910939565678 0.9982877386006616 3.366623082783346
0.14871802053823563 0.9888724755286704 -0.0037653033062206107 57.5026485748309 -0.9873619294027399 0.14869957087799954 0.05481658496109995 -51.89047317147949 0.05476651105637113 -0.004434496870864304 0.9984893412071131 3.4341196310998625
0.15636107140165428 0.9876924858995445 -0.0038429998314870152 57.59809304330914 -0.986051445602081 0.1563236212345688 0.057144309166857386 -52.694437034702965 0.057041756426087394 -0.00514574986655087 0.9983585324331825 3.4797722970988283
