1.0 0.0 0.0 0.0 0.0 1.0 0.0 0.0 0.0 0.0 1.0 0.0
0.9999947232313722 0.0008569341560439571 -0.00313355600929218 0.5031865122773524 -0.0008519333018706234 0.9999983620737412 0.0015968905672849375 -0.014633332260897755 0.00313491930682908 -0.0015942125601452973 0.9999938153645015 0.006831114284402068
0.9999939443289041 0.0014753244031914718 -0.003151939629200944 1.459050533386619 -0.0014775319661494441 0.9999986647290139 -0.0006981686602861937 -0.010014823922107917 0.0031509053952453437 0.0007028215239639351 0.9999947889049701 0.026400553682371382
0.9999981540494173 0.0018829928322873098 -0.00038240783397382834 2.4138006676562225 -0.0018837303206772028 0.999996348968164 -0.001937423655494396 -0.020510515512567468 0.00037875828293425234 0.0019381404323377909 0.9999980500750126 0.040864245282496096
0.9999838033125779 0.0009360420372788132 0.005613994817949872 3.344321805097773 -0.0009097486905332187 0.9999886149567827 -0.004684262389704767 -0.02948744848752355 -0.005618315568886655 0.004679079195736748 0.9999732700167783 0.032378668304417886
0.9999825415849957 -0.0003547165428961336 0.005898364297546014 4.295217442523513 0.00039652371485332207 0.9999747992935276 -0.007088268252011565 -0.020662806406415494 -0.005895701328589212 0.007090483343405581 0.9999574819720091 0.04513390892496508
0.9999931567145699 -0.0010385520194235377 0.0035507652319858806 5.224544272802239 0.0010751044474025095 0.9999462944821889 -0.010307875715533477 -0.026732064403357403 -0.0035398692711601366 0.010311622619290368 0.9999405681161758 0.06572698224129972
0.9999968995587785 -0.0023377825377269936 0.0008576978702530607 6.163067486026719 0.0023455324979009943 0.9999553974092775 -0.009148861642586477 -0.011926662397959694 -0.0008362715657178713 0.009150845035306767 0.9999577804512589 0.07654746083122073
0.9999951949508353 -0.003099992410683352 -1.1058679271804266e-05 7.089891662772451 0.0030997273076692334 0.9999453100127295 -0.00998842701150777 -0.006703826423083288 4.202212240311435e-05 0.009988344737734777 0.999950114357482 0.08056748006931402
0.999991345315829 -0.0037885491497186845 0.0017193570829441402 8.035972766141208 0.00380470145506576 0.9999477267444202 -0.00949041756215952 0.0026704590763634243 -0.0016833122931663158 0.009496877065988124 0.9999534868111203 0.09238191710384366
0.9999815662743808 -0.004615815034223417 0.003944789348720052 8.92764013637977 0.004657416522639404 0.9999329440771418 -0.010602632718055878 0.008524915531998132 -0.0038955850357274414 0.010620809799124574 0.9999360093608191 0.09617059343882445
0.999968348384112 -0.005663211640775298 0.005588404411195793 9.855056779469878 0.005725765691575325 0.9999204160108984 -0.011241763733370968 0.014997008639057008 -0.005524295176442365 0.01127340580763165 0.9999211931368891 0.0906697401393352
0.9999610486596149 -0.006173319890084652 0.0063080333779944615 10.78053722074524 0.006248399304438515 0.99990904202058 -0.011952622792427347 0.02429693576831692 -0.006233672248001115 0.011991572333119902 0.9999086675908375 0.10667503963771925
0.9999545800073119 -0.006931192000231525 0.006541903381770074 11.690675345225 0.007014625710741667 0.9998932393569828 -0.01281814785130349 0.02999244062760524 -0.006452359920113739 0.01286345465478076 0.9998964439309731 0.11128304240266111
0.9999526600201718 -0.007516757539327712 0.006178679039851332 12.598275698190164 0.007589138381428062 0.9999018622520822 -0.011775858501426017 0.03382971864659691 -0.006089556405032603 0.011822191882769962 0.9999115726312386 0.12343799152308772
0.9999505150003697 -0.009105303444364493 0.004007617706506175 13.513240406722204 0.009150768774678682 0.9998922709271381 -0.011476496460297527 0.053096153966331355 -0.003902688986817084 0.011512601328843975 0.9999261117849234 0.11708339516654234
0.9999413675714668 -0.010635097127880517 0.0020386584768532687 14.402489490010357 0.010661641269662032 0.9998522365085901 -0.013484604340034366 0.06677921782681817 -0.0018949471606716324 0.013505549150285666 0.9999070003342349 0.12658146960797365
0.9999237760157602 -0.012206870957569654 0.0018532295618588946 15.303781555215133 0.012229768551076343 0.9998420945110211 -0.012892587211316562 0.07234949126100179 -0.001695558778340985 0.012914269055565706 0.9999151697695108 0.1280229635304186
0.9999107776267488 -0.013279731231147462 0.0014441344462960437 16.193856312477156 0.013295286346348929 0.9998471318548576 -0.01135553973104567 0.10072985148714106 -0.0012931151685289992 0.01137372674382745 0.9999344809501859 0.16145334368074693
0.999881455609667 -0.01533365257542122 0.0013977934717711216 17.090453086382983 0.015347401301882255 0.9998279012262794 -0.010422341518691513 0.1142131718066388 -0.0012377403493587114 0.010442558505918761 0.9999447089567892 0.16386709613525427
0.9998604122642023 -0.016604458685464726 0.0018568625749567317 17.966723999625366 0.016622941659305484 0.9998074706963351 -0.010425898061481113 0.1374229608874659 -0.0016833886808774437 0.010455309252229907 0.9999439247832798 0.1687896773288751
0.9998278713035955 -0.01840365241468277 0.0023523057455178483 18.884546565172865 0.018425587738635174 0.9997834626021572 -0.009670864683508279 0.15697717413339526 -0.0021738171511680657 0.009712542666079337 0.9999504692903308 0.18329235678123
0.9998033869400659 -0.019642585997878208 0.0027122460229236423 19.74570392036945 0.0196675881106327 0.9997612330439659 -0.009521705746313718 0.1671946222669067 -0.002524567504228275 0.009573176992244707 0.9999509892195676 0.18225399736004183
0.9997753456840652 -0.020941530569525284 0.003272683870104645 20.610987011884266 0.020971733412629225 0.9997350817564228 -0.009484339889958072 0.1950769054125254 -0.003073200282704669 0.009550843045735646 0.9999496671518713 0.1971992271402104
0.9997333190167726 -0.02285553329558191 0.003303853126621301 21.496192797469472 0.022883873579860662 0.9996993022327832 -0.008810984352904287 0.21248430743595784 -0.0031014799191182592 0.008884239588209882 0.9999557245744686 0.20215629861397488
0.9997200403362694 -0.023404170548603703 0.0034764566702027867 22.32076322592951 0.023433146556423836 0.9996889111880858 -0.008542159565622801 0.23622990695212445 -0.0032754530241003595 0.008621232424153196 0.9999574719751714 0.21064556777672758
0.9996829749228646 -0.02478573694679554 0.004429096225606749 23.19735576674054 0.024822982983180846 0.9996551947297397 -0.008562193974837998 0.2765795029936405 -0.0042153487623378975 0.008669422924871783 0.9999535348909776 0.2016294065729153
0.9996406830736232 -0.025694615629663454 0.007634885182117653 24.0588363546096 0.025771856251506464 0.9996158449931596 -0.010196757522040056 0.2919542149344389 -0.007369950437550591 0.010389858817878518 0.9999188640406245 0.2078361273376344
0.9996203763171393 -0.026138253575623053 0.00871177086459615 24.87771984139007 0.026224718030530305 0.9996064228280257 -0.009963112223473795 0.3323550844631983 -0.008447923756756827 0.010187793724589387 0.9999124168862117 0.21675990269081308
0.9996016657076235 -0.026985870088741783 0.008262731394520051 25.720785586916467 0.027061936395467855 0.9995910825008426 -0.009236849209638619 0.34766203314271166 -0.008010088206261387 0.009456775367296248 0.9999232009942466 0.21800250635193447
0.9995870483182108 -0.02779964852816998 0.007274089372368001 26.516105391791584 0.02786243243011048 0.9995741059827673 -0.008677067928093512 0.3818789141042478 -0.00702977194256744 0.008876158541927796 0.9999358960033258 0.21739675927834548
0.9995891851863478 -0.028303194744526673 0.004515531612854253 27.315451204009484 0.028337406755038933 0.9995687460063618 -0.007701518400202783 0.41384452516826375 -0.004295606696703316 0.007826312958385054 0.9999601475001815 0.23503859869991806
0.9995678368561032 -0.02912865310347591 0.003957409656315425 28.127232359220304 0.02915390790147828 0.999553921616204 -0.006481314352790462 0.43635666271054224 -0.0037668523839749046 0.006593887324251818 0.9999711653208169 0.2328883177953256
0.9995342927335523 -0.03025848695009946 0.003952419148821308 28.89733226796678 0.03028479750562505 0.9995183436249324 -0.006775824474923903 0.4570175646926831 -0.0037454892444906897 0.006892367137809165 0.9999692328194689 0.2565397848361869
0.999471276967751 -0.032362541080943615 0.0031356739686490666 29.671585053874587 0.032381705692612416 0.999455926965524 -0.0062669920952685585 0.4795702877694448 -0.002931152143860739 0.006365217063805647 0.9999754458779676 0.2590144636703798
0.9994022630100333 -0.03440778511264435 0.003349778211506762 30.464872017043433 0.03442696047597816 0.9993901202765877 -0.005845672410686486 0.5127795603781112 -0.0031465986095518214 0.005957500918146228 0.9999773032924301 0.27885451252765925
0.9993262481186881 -0.03648544056372194 0.003982768873199724 31.204933387393712 0.03650914174505468 0.9993150059800855 -0.00604990843409249 0.5433024086042963 -0.003759307125750839 0.0061912397702326965 0.999973767735955 0.27323366361686546
0.9992561942049699 -0.03822198172464662 0.005112578218502614 31.939577560078785 0.03825517665503644 0.9992464654288516 -0.006560700194245705 0.5732901422731971 -0.004857962751141928 0.0067514028903332786 0.9999654087801843 0.2623819343275054
0.9991429918845282 -0.04072120953793794 0.007420570180315305 32.71414937211801 0.04076474682759861 0.9991518601422733 -0.005813414686470857 0.6148336956035283 -0.007177547221399616 0.00611093020762293 0.9999555686868702 0.2665407285837177
0.9990752465892471 -0.04228198134973179 0.007802929307381444 33.41995728973867 0.04232445979309222 0.999089532941123 -0.005361461620817569 0.6549197796212415 -0.007569131777025617 0.005686758358635704 0.9999551835074971 0.2762939877991226
0.9989974271213805 -0.04416566741648732 0.00731672238904005 34.158494041906 0.04418524718855318 0.9990201355567815 -0.0025362734466646618 0.6905623550376214 -0.007197536783407471 0.0028570218350640287 0.9999700159957224 0.30367371974847607
0.9989574055791088 -0.04522397931160804 0.006236468061254127 34.8282838169653 0.045233262832940005 0.9989755323915798 -0.0013555871222648698 0.7252026414220207 -0.006168773957762034 0.001636269593658108 0.9999796342174548 0.2867825339196069
0.9988603822945148 -0.04720742809674679 0.007028187173526359 35.53848579940593 0.04721085713462433 0.9988848936849547 -0.0003227020464207648 0.7662410532757428 -0.007005116063972758 0.0006541410300198195 0.9999752499179383 0.292374158480534
0.9987922508254038 -0.04829644150038411 0.009027371130264528 36.24050322954876 0.048287229231303366 0.9988327268869551 0.0012357963961231566 0.8000368336767306 -0.00907651829101444 -0.0007983971249226366 0.9999584888272832 0.3089700815510952
0.9987710785664603 -0.04866025421824108 0.009408096439013315 36.907776910319434 0.048631316908386 0.9988114099380102 0.003280608693527309 0.8481783605279751 -0.009556549322101274 -0.0028190489637584626 0.9999503614320033 0.2903647270191913
0.9988411554961026 -0.04758234386343977 0.0072295670459471785 37.57376964220709 0.047533292091140385 0.9988464279264541 0.006811722362300835 0.8842010773519702 -0.007545344935044428 -0.006460183513191718 0.999950665682456 0.30401530568167856
0.9989567810443046 -0.04542404650880563 0.004691013149315426 38.22313150369666 0.045383546340373594 0.9989342641506973 0.008406522900478438 0.918987188855179 -0.0050678720556413225 -0.008184858243791912 0.9999536613105413 0.3065808787750291
0.9990544142736878 -0.04330504336932187 0.003866592691207706 38.86093213342663 0.04326926074325035 0.9990237819765075 0.008902478311575566 0.9555357631276858 -0.004248340263110273 -0.008726755647811524 0.9999528965610691 0.32866607712556095
0.9991918047595031 -0.0399948983391594 0.004018134926492218 39.49517961185448 0.039954131531937054 0.9991538496863609 0.00975971467071601 0.9778019543707029 -0.004405073776438411 -0.009591285824404388 0.9999442997293693 0.33303549434647667
0.9992842082697011 -0.03724207990539741 0.006640676706224937 40.14178688401696 0.037142969071280243 0.9992051802442922 0.01447092331337236 1.0118958749739084 -0.007174325847529052 -0.014213910696623174 0.9998732388614777 0.32350104987205447
0.9993925274637787 -0.03357977075506416 0.00932604126077828 40.75541844088828 0.033398502093977225 0.9992623287834442 0.018956221463322827 1.0444385252236545 -0.009955707279696397 -0.018633230270816706 0.9997768184061059 0.3061274153933605
0.9995399101413311 -0.028605883151527525 0.010083227845323664 41.335424695701256 0.028363643744175385 0.9993237502124688 0.023399700315191622 1.0895945924549113 -0.010745778157632769 -0.023102937267984604 0.9996753385681666 0.3298568502365479
0.9996668327924454 -0.023246050522323772 0.011218045722615904 41.93356885984353 0.022923059153600107 0.9993419817045248 0.02810937498262567 1.107619762572184 -0.011864095994288004 -0.027842857934969288 0.999541904318299 0.3436358897547651
0.9997508864240788 -0.017797723595228538 0.013468709258742535 42.5021573514137 0.017366350648096173 0.9993530561761618 0.03149411018797987 1.1402749794813956 -0.014020519228475857 -0.031252362249805904 0.9994131852714226 0.33864174524275953
0.9998182542634927 -0.011455534076651452 0.015239067573859795 43.0618758803068 0.010898861493708424 0.9992878830025816 0.036123976834782884 1.1357503665200963 -0.01564203502243066 -0.03595132296922671 0.9992311189695402 0.32656799675074943
0.9998741836573987 -0.004605347393676601 0.015179184129390703 43.60940150469596 0.004000165660477447 0.9992051782526513 0.0396611954910076 1.1463694924275185 -0.015349772967022265 -0.039595486213339276 0.9990978840641142 0.33554435419756085
0.9998752754907788 0.002636838170378744 0.015571786882133292 44.08644301151429 -0.0032968298397087936 0.9990905420440592 0.04251140683529546 1.1569028168748976 -0.015445529296445314 -0.04255744215259222 0.9989746241732976 0.3398568682669657
0.9998215577003998 0.011014483392883037 0.015347114163052428 44.583840422676836 -0.011727871686375145 0.9988167797561494 0.04719637171715217 1.1678668356503206 -0.014809111494407112 -0.04736793887371061 0.998767725041014 0.3501273625550192
0.9997371918554978 0.01796985060935796 0.01423487583230241 45.084072880258766 -0.018690508916204315 0.9984604381623118 0.052224690532138435 1.1687751559378383 -0.013274490473724289 -0.052477022531787196 0.9985339002802366 0.34859578539100244
0.999615197447175 0.02559206720191237 0.010700613486054642 45.524297554104116 -0.026123543326622978 0.9982583917185881 0.052893703287631155 1.1797266701501958 -0.009328317999896071 -0.053152887595602105 0.9985428148174429 0.35868867278857786
0.9993746457830752 0.033691726395837396 0.01073242462917079 45.94312427062321 -0.03422191798822319 0.9979654767232644 0.05379375054515994 1.1514235135972934 -0.008898184936273474 -0.0541273945518866 0.9984943903016503 0.3381176228528593
0.9990629768878801 0.04132676557575143 0.01285560807484364 46.37274058365887 -0.04195337537769254 0.9977104876236617 0.053044294511038884 1.12753847424519 -0.010634025876662106 -0.05353392693238836 0.9985094071468992 0.3650940800918369
0.9986769002402123 0.04946736781925866 0.014050923373045567 46.72453279666136 -0.05015725357268056 0.9972837433772332 0.05393871623925181 1.1093280621833947 -0.011344551143471856 -0.05457210566330455 0.9984453848072143 0.3564293036923967
0.9981536603560667 0.058659152903730395 0.015759888908324127 47.085719449263905 -0.059483388072110975 0.9965281077802821 0.05825338571545153 1.100859231684233 -0.012288078012797042 -0.05908328176791895 0.9981774235847474 0.37428357227398024
0.9976162145679345 0.0672203784208861 0.015598370302617228 47.41085494154055 -0.06806738032382575 0.9957350442879149 0.0622780323452478 1.0552971027931728 -0.011345491042540122 -0.06319131508282562 0.9979369406586303 0.37508608465975707
0.9969717399488119 0.07605695633190517 0.016207687588462943 47.69615903357408 -0.07696779924227606 0.9948466930958362 0.06600011451565665 1.0334936735001203 -0.011104396572494747 -0.0670477190499854 0.9976879751440101 0.3547749423097868
0.9961923613739425 0.08546168921584424 0.01723597448892649 47.98464673700561 -0.0864157679891111 0.9941036800376208 0.06549952960526986 1.0013445312246827 -0.011536645225566813 -0.06673959103885756 0.9977037299744376 0.3613872034209961
0.9952278162887492 0.09610648570703638 0.01688600278842701 48.25883758780393 -0.09700564740334615 0.9931830198910266 0.06463275773165178 0.9907647829487569 -0.010559264036154896 -0.06596235597053765 0.9977662399268833 0.3715502397814629
0.9940191896306442 0.10837029559208226 0.013480715089419133 48.504808260215434 -0.10900956100835407 0.9920385029297306 0.06305968849990173 0.9649511772922668 -0.0065395913330506044 -0.06415206729500945 0.9979187071134468 0.37076199915001284
0.9925185544367349 0.12169142775930557 0.009905327289692515 48.80049624967779 -0.12207553078689551 0.9905050996501009 0.06322351105594612 0.9126550132187307 -0.0021175178657894264 -0.0639597058861697 0.9979502353028646 0.37289680968852335
0.9904854285270305 0.13728888510309162 0.009506729341614445 49.04377257393642 -0.13761696607735355 0.9883311591674563 0.0652923461546347 0.8866372122731767 -0.0004318834207541443 -0.06597940470982011 0.9978208915586246 0.3685837657909293
0.9880635866977718 0.15376307579276183 0.009341582557795257 49.31843821705644 -0.1540433133601585 0.9858293836351458 0.06641599182856786 0.8426109102188017 0.0010031206102594026 -0.06706223142945492 0.9977482903341621 0.38100352001528365
0.9853445863639466 0.17032563974128417 0.009231607118225816 49.55690248322511 -0.17056063054425252 0.9830962147605498 0.0665650346039567 0.7847231379851539 0.002262174089235298 -0.0671640452191589 0.9977393816013221 0.3771452026771716
0.9820554927613137 0.1883566378007873 0.009422639424101755 49.802332419613755 -0.18856482503059743 0.9798358202098363 0.06606869300128061 0.752875556280809 0.0032118372489573404 -0.06665990121580075 0.9977705856916137 0.3837166539173625
0.9782293731143865 0.20727478318902312 0.010220461348578359 50.06479198968354 -0.20749679402671742 0.9760671623435669 0.06509973166773471 0.6681664134007369 0.0035176760607443084 -0.06580318266254688 0.9978264213311907 0.4000370445237168
0.9736248715113767 0.22792758501745544 0.010179664167638554 50.307997882049364 -0.22810152332325745 0.9714640983045133 0.06501692674225913 0.6135208629946993 0.004929972825962189 -0.06562409384905417 0.9978322372395201 0.3974430318724748
0.9685300490427026 0.2486949952660376 0.010017156830440948 50.533189892389544 -0.248805478530139 0.9663015836269414 0.06600820656141031 0.5568826669050009 0.006736316109615047 -0.06642325503685288 0.9977687974854598 0.39005446024518853
0.9623151427774933 0.271764988618446 0.009662139636156562 50.76787984602918 -0.27178941190973843 0.9600174095313988 0.06706033828114234 0.47074248117872014 0.00894882980569011 -0.06715924625722525 0.9977021369563515 0.3932935896064319
0.9552263937983081 0.29568212239673425 0.010706030358740213 50.99238613542023 -0.2957108394636286 0.9528599610963303 0.06791902504612443 0.3841330477030005 0.009881093805629692 -0.06804393458981257 0.9976333930611694 0.4015002036503123
0.9468595939430208 0.3213498342812536 0.013827268908533658 51.25959849406198 -0.32149918316159626 0.9442450481448598 0.07098988857814818 0.2797015435014966 0.009756258733982283 -0.07166291273261498 0.9973811920996873 0.40912521993113715
0.9370443263420041 0.3489017427016709 0.014680068460222203 51.52646557580597 -0.3490215329991604 0.9343270140859805 0.07222880486407174 0.19591737770847953 0.011484771359316363 -0.07280525179486154 0.9972800486011495 0.4054728579186853
0.92596256284542 0.37728372267368065 0.015821656494528616 51.74646433001229 -0.3773979693632573 0.9231955321387807 0.07266899035684479 0.08024516752192816 0.012810344617984864 -0.07325982558321122 0.9972306117575241 0.4132880156385019
0.9131244836094615 0.40735513961477016 0.016293178400339052 51.97048054078932 -0.4074315755562086 0.9104396852097358 0.07140791857338055 -0.041069320350391625 0.014254426426188816 -0.07184267411941311 0.9973141137588659 0.4208836769061913
0.8980857564942558 0.43956993156609503 0.01484079664703784 52.23210027543125 -0.4394963381029879 0.8956179795633222 0.06863966402144482 -0.184166498219369 0.0168802481084961 -0.06816678036911505 0.9975311259694628 0.43668276442489046
0.880776249888015 0.4733711696349114 0.012366624102040095 52.4249350432842 -0.4730838754745729 0.8785045941086239 0.0664930439670265 -0.3302599793981664 0.02061175390800026 -0.06441594436564688 0.9977102493772017 0.45075809851376764
0.8612490185267235 0.5080665286507312 0.010887173717318298 52.68956893814901 -0.507553554149187 0.8589184491515967 0.06817981649685002 -0.48494738527430375 0.0252886883266754 -0.06424562375610872 0.9976136436872266 0.4493868785801621
0.8395121129063318 0.5432447262842075 0.010226419116337298 52.895394007059274 -0.5425383426223462 0.8371008359519596 0.07010233400628055 -0.6607905418974462 0.029522179258044914 -0.06439998301961708 0.9974873849422502 0.46151544427645624
0.8151765981873162 0.5791204085489035 0.010327931540538862 53.125297304491475 -0.5782537393220948 0.812672348473339 0.07201574124344459 -0.850400072150542 0.033312561110934155 -0.06467771199554836 0.9973500222305363 0.4663838549121151
0.7880635924810125 0.6154390335002352 0.013804718404111679 53.39002864236524 -0.6145612204993929 0.7852454822552393 0.07552508759368169 -1.0560334539772618 0.035640994153041616 -0.06800241644260126 0.9970483392964204 0.4887650118669811
0.7585661016375245 0.6513516231794674 0.017847476794266463 53.61415132737508 -0.650479605052438 0.7553794587787791 0.07923481978210767 -1.2795506359201978 0.038128111115988586 -0.07171426801238222 0.9966961978989259 0.4928100694761638
0.7258446104638617 0.6875739531637265 0.019790411601843656 53.84110237223108 -0.6866624080090946 0.7225861882346146 0.07977429410356308 -1.513668986006916 0.04055044867466233 -0.07149307311464338 0.9966164766894574 0.5129855685194346
0.6891859551196788 0.7242767834472069 0.02111540255699122 54.09904567386682 -0.7234121452673221 0.686121579271665 0.07688983377200949 -1.809425827005244 0.04120178813482168 -0.06826653218909182 0.9968159776194245 0.533261938945015
0.650126559909942 0.7595058688678297 0.02205201249291509 54.340658644404044 -0.7586399601905817 0.6472174578124236 0.07466574251191974 -2.0827468678189662 0.04243662217586494 -0.06527172020214321 0.9969647614836524 0.5454283450871596
0.6078290965423143 0.7936925992301006 0.024409984103252798 54.590452960280466 -0.7928588815170061 0.6049211611784079 0.07379148160979548 -2.419450711658981 0.04380163691183258 -0.0642062822933537 0.9969749093723023 0.5680428298245901
0.5623012307259165 0.8265754805346301 0.02429610880500888 54.759418244237175 -0.8256108832520198 0.5594997625183044 0.0729841434681591 -2.7623108680369652 0.04673323635208065 -0.061098205545713276 0.9970371176135592 0.5946842759812283
0.5141250352947233 0.8573405433854331 0.025350359973178596 54.956405735710646 -0.8563753378467274 0.5114462223536668 0.07102142189556054 -3.127575243920458 0.047924198596358186 -0.05822331412530348 0.997152604610329 0.6174840024790006
0.46488889853666177 0.8849282902315921 0.027932654101614263 55.186278513401696 -0.8840701904968336 0.4622675478070168 0.06876490761558465 -3.5418541679858 0.04793965260889788 -0.05666246899208073 0.9972417732503286 0.6430363706841685
0.4157076768025327 0.9089468724703883 0.03166560395351449 55.34025105251272 -0.9083114648888266 0.413135430673978 0.0654935010007915 -3.923689074936947 0.046447929974918846 -0.05598838226030955 0.997350435329989 0.6580315971306757
0.365825412805997 0.9298858404344837 0.03852390303143651 55.49032482081014 -0.9295560731560599 0.3630322739458876 0.06428899542195188 -4.377018546359626 0.04579600641985714 -0.05932867631366536 0.9971874617958555 0.6774179042629572
0.3160610218310376 0.9479174114964394 0.03947165389251349 55.64271336216969 -0.9474876651061918 0.31323490996227166 0.06442837614393691 -4.851333263306036 0.04870887958819621 -0.057762203583464476 0.9971414006480951 0.6804129800821443
0.2688886879136366 0.962594207175016 0.033335653963668374 55.74459693428064 -0.9619092193145969 0.2666042991044923 0.06043841077150385 -5.310991598927225 0.04929023543933999 -0.04831707785146887 0.9976151225188147 0.733968332446801
0.22378915226696372 0.9743753465679958 0.02260750601308772 55.82117519294364 -0.9734781257470769 0.2223316861509489 0.05393477565758549 -5.829396162732672 0.047526350791869454 -0.03407793030355633 0.9982885057169767 0.7421636579086429
0.18066642263256047 0.9834137698688769 0.016031249653000117 55.9165800724852 -0.9823662823714329 0.17962848239951412 0.0518661312474508 -6.391989085876425 0.04812619861243339 -0.025119027511653843 0.9985253644570004 0.8003745048333402
0.14244321119211545 0.9896885211702896 0.015051998174449716 55.96455162517154 -0.9884840801937842 0.1414521810992002 0.05376340452136186 -6.8841383474966245 0.051079886342149584 -0.02253689255519293 0.9984402504332589 0.7983165981297733
0.1091603577511006 0.9939833325638806 0.009008378369814107 55.998447712176095 -0.9926440029828261 0.10852692215282328 0.05366367961914505 -7.418744577525409 0.0523631515274142 -0.0148000592308625 0.998518431782248 0.8499672007295438
0.07902034410711431 0.9968709238860053 0.002036253386843584 56.039176646479994 -0.9955496024609557 0.07881005817458389 0.05167169215684511 -7.933269246704521 0.051349530251272105 -0.006110306144612686 0.9986620498956555 0.8751280278794689
0.053432103292477565 0.9985691437836164 -0.0021622721839227896 56.0435061976622 -0.997350669160907 0.05347369480060073 0.04931740756227218 -8.488638718988447 0.04936246612592469 -0.00047858920544113087 0.9987808157400399 0.8964118191647193
0.033009268268587424 0.9994304739698637 -0.007008274305843167 56.04375171254147 -0.9982814098002215 0.03330941509530261 0.04821524357805433 -9.087721685994616 0.048421225259742344 0.005404680044400503 0.9988123819706897 0.9321387857695562
0.0171450410099346 0.9998193393306423 -0.008205867973935627 56.049659063971376 -0.9986119990740722 0.01753196315788104 0.04966593976877926 -9.685400506397622 0.04980083206185383 0.007342953647457101 0.9987321753892173 0.9747434579944529
0.003559931565997397 0.9999594443300179 -0.008272640596993206 56.03583578297757 -0.9987583058737954 0.00396649123201197 0.04965997780318029 -10.244310812909355 0.049690777165902755 0.008085582385207447 0.9987319209988937 0.98356418619102
-0.00817581896680222 0.9999338358826123 -0.008091961524056867 56.05410472035972 -0.9986916342254274 -0.0077566224162996765 0.050545568913963675 -10.856190735849527 0.0504794583208593 0.008494625699564225 0.9986889734155759 1.0065717494835311
-0.017896482559021674 0.9997685758675858 -0.011937781188901707 56.016661141925916 -0.9984339419870488 -0.017237096075020268 0.05322166858623466 -11.477930446510621 0.05300357912648077 0.012871566594629548 0.9985113636675262 1.0454010885845888
-0.024896877195004507 0.9995674001002008 -0.01565752735466342 56.002759301388465 -0.9982089333248272 -0.02400468565650319 0.054796902257728125 -12.105732763766852 0.054397343100995324 0.016993755425380203 0.9983747499511869 1.0999971138901823
-0.029392052713692256 0.9994488552247787 -0.015430263353391926 55.98758556696601 -0.9981105349857756 -0.028512394087386754 0.05442796463045736 -12.747669813233218 0.053958013192521276 0.017000858016142803 0.9983984693693349 1.1198685338156849
-0.03310527671997395 0.9993545908882541 -0.013944257738022242 55.95832375989523 -0.9981402544959348 -0.0323440705831917 0.051671011727081426 -13.416813177480226 0.05118664872879083 0.015628908109012477 0.9985668050877895 1.1485858903361776
-0.035129686843911025 0.9993107772869124 -0.011994811398085106 55.952774947733424 -0.9983834496940488 -0.0345554293145418 0.04512659617009166 -14.08060574331017 0.044681008037639115 0.013560704373836658 0.9989092625547257 1.1803155967952739
-0.036490784598886467 0.9992545535418126 -0.0125999946551761 55.929000755318 -0.9985735079029594 -0.03596832553906462 0.03946173934704736 -14.746481987672894 0.038979122023669335 0.014022010692788247 0.999141637237882 1.2053256169570918
-0.0367514535350543 0.9992040427520894 -0.015511660483047012 55.899251708752836 -0.9986653092226586 -0.03615911612974157 0.03687978410901489 -15.430225300434232 0.036289541444780325 0.016846342884924332 0.9991993144078569 1.232506748925668
-0.03723884453074116 0.999116778887286 -0.019466139933463335 55.860184273386764 -0.998589809038456 -0.03646751124680562 0.0385812636911233 -16.126221069526103 0.03783730622752066 0.020875410639266283 0.9990658414179151 1.2733200054911873
-0.03633379097402191 0.9991384877867457 -0.020053375193992543 55.8404911431601 -0.9983493951087237 -0.03539735257844283 0.04522734478700883 -16.824581212341847 0.0444785444849722 0.021663555886611938 0.9987754249213614 1.3064095554979276
-0.034490269515682986 0.9992075110639188 -0.019868848536948785 55.83990915956559 -0.9980285766295925 -0.03339290477008347 0.05314013682449144 -17.523179357009262 0.05243454528691064 0.021662496265776942 0.9983893803101525 1.356437306752224
-0.0325119642794756 0.9992525861352448 -0.020910315174940648 55.81502017463215 -0.9979912810570238 -0.03131856305806779 0.055068598512568304 -18.263545899432877 0.05437255845415692 0.022658700536506544 0.9982635965400853 1.3753057810491145
-0.030131673789740843 0.9993212747762451 -0.021191319312611447 55.785775349170954 -0.9983094744238084 -0.029033430719736207 0.0503512976625404 -18.98836961061564 0.04970186626564553 0.022672663721378043 0.9985067224658477 1.415893848765409
-0.027673939092047763 0.9993834081563756 -0.021609178533131896 55.76085330122655 -0.9986556614725217 -0.026693019173154725 0.04443368695372722 -19.719480280841356 0.04382947528786838 0.02280978362827521 0.9987785995238492 1.4322095066716372
-0.02435842142511047 0.9995094465248613 -0.01968587344371686 55.74885570123255 -0.9988244327595329 -0.023506770420850708 0.04239321015184662 -20.4805555830703 0.041909662707708975 0.0206953630542384 0.9989070437832438 1.4591832914279461
-0.021831776579378098 0.9994009691672473 -0.026852865004591827 55.721493072415534 -0.9986614237649313 -0.020540134026159975 0.047470660180662205 -21.206147410964107 0.04689066234538217 0.027853289244792967 0.998511622397585 1.5221965912747324
-0.018684633319238277 0.9993940341247551 -0.029367482588286718 55.70196694805774 -0.9984753334901821 -0.017125435656389656 0.052475974171504 -21.918696217037354 0.05194124458843 0.030303201306571072 0.9981902739964853 1.577981636066288
-0.01606109088921276 0.9996155369743778 -0.022601318520713003 55.70677253881404 -0.9984262506500018 -0.014819071796089683 0.05408712530798798 -22.67316027539388 0.05373140024630013 0.023434447945889766 0.9982804031318271 1.6169264334630258
-0.0124582679473312 0.9997586598630205 -0.01809457345862724 55.7150575462009 -0.9986383983824463 -0.011523472255042745 0.05087788186756217 -23.40786002581647 0.05065709067736571 0.018703786143035785 0.9985409493596248 1.6328162667329629
-0.007663660840407775 0.9997282545179075 -0.02201557224106109 55.69363571462735 -0.9989006182587746 -0.006635381736638458 0.046406104678661686 -24.152819607881845 0.04624741230340376 0.022347009370098363 0.9986800228438796 1.696643698641943
-0.004880378286803051 0.9996136726061823 -0.027362153543857935 55.69028812217459 -0.9988773333982738 -0.0035838081442452893 0.04723588828781398 -24.894673535801154 0.04711957906148253 0.027561963971480644 0.9985089300607698 1.7437441459701721
-0.0014148004500121963 0.9996200354778372 -0.027527858815645703 55.67798309985159 -0.9986380241889635 2.336589681073832e-05 0.05217371079382547 -25.609483552428 0.052154529847842745 0.027564181927319083 0.9982585441112077 1.7991138643870175
0.0019487449202560143 0.9997109678849903 -0.023962117679614463 55.699223854207254 -0.9985663502821247 0.003227194254258779 0.05343060266815468 -26.356565936748662 0.05349248991655479 0.023823641780827607 0.9982840215163348 1.8082457435135462
0.005664202753273566 0.9997010182745317 -0.023786358864572126 55.70972423864341 -0.9985982183413656 0.006906578517115644 0.05247759044237088 -27.11936859915759 0.05262618295696646 0.023455771870721235 0.9983387759840487 1.8633503353858982
0.008987121769972555 0.999591024528174 -0.027148026171470614 55.71611191625057 -0.9986722130207224 0.010349442227479338 0.050464839104794545 -27.829325490601878 0.05072516715186278 0.026658445721670188 0.9983567922787525 1.902244833603196
0.012406147317330859 0.9994175039099966 -0.03179214347999492 55.72618440230465 -0.9986731612370531 0.013973592772579533 0.04956466210736489 -28.587689232229664 0.04998004135184188 0.031135053931830796 0.9982647964759301 1.9677499859065741
0.015329585250699163 0.999242307211317 -0.03577450621665657 55.727954068069835 -0.9985558550615437 0.017141902216771518 0.050915218851539434 -29.346336470735082 0.05148988384480062 0.03494233345663533 0.9980620347424574 1.9956262816033896
0.018484422608998227 0.9991616819508565 -0.036527516230199474 55.7430146204273 -0.9985037690413651 0.02032809281919603 0.05076408033760133 -30.062485787212296 0.051464058633188335 0.03553451791525645 0.9980424583681448 2.0325528962284323
0.022001062235409746 0.9990625284679597 -0.0372829380779026 55.767229221965984 -0.9984912128542769 0.02383457216345545 0.049469293734398345 -30.80695210137335 0.05031154055789563 0.0361383090499836 0.9980795416727561 2.073593803353796
0.026033281097620868 0.9988536077654757 -0.04017136454224143 55.78032087037937 -0.9984425573541076 0.0279640641490302 0.048274949823471434 -31.59075582186747 0.049342962410885066 0.03885204460723167 0.9980259469023617 2.125483766613459
0.028280857069506775 0.9988276631583128 -0.03928730625937807 55.79132638160655 -0.9983569477171612 0.03018334160295098 0.04870698958622926 -32.31526118390803 0.049835710773376216 0.03784527975036791 0.9980401478559512 2.154131014220961
0.03179687582364472 0.9988650436393711 -0.03546242071789326 55.8468105709079 -0.9982083704180955 0.03353521600813991 0.04955238152235957 -33.05185726556464 0.05068538167071255 0.03382327427385681 0.9981417625779865 2.214470483434166
0.0340728147736417 0.9986992817750431 -0.0379313574159156 55.868168762161154 -0.9980841366843735 0.03596398011440374 0.050345290080995996 -33.80574209508791 0.051643967628465244 0.03614328037607548 0.9980113044907089 2.2543759167871116
0.03708157942503133 0.9986645338840051 -0.03597367411855322 55.90185572822244 -0.9980077337806968 0.03884794887291221 0.049713179160917505 -34.5543014120002 0.05104429234755808 0.03405856178129623 0.9981154715703623 2.288922998413779
0.0388047141551104 0.9986651983670544 -0.03408835182041272 55.91823767894523 -0.9979391687286855 0.040476051492881325 0.04979060928172969 -35.33208688573958 0.05110391057874555 0.03208599111820734 0.9981777795049948 2.34489140743118
0.042559187442649415 0.9985704325760513 -0.032338935497312225 55.98827781583313 -0.997772650259166 0.044144764242888844 0.0500097808907407 -36.06367897645964 0.05136588322049532 0.030138529738818573 0.9982250322778731 2.3812921730060457
0.04596408836200125 0.9985118494356897 -0.029349431298893572 56.0143400224966 -0.9975585678384188 0.04742690184151728 0.05126004988173506 -36.823450684645216 0.052575719806893975 0.026921655191191673 0.998253984799737 2.4283060231657543
0.04891038065548902 0.9983572836709493 -0.029841394158093684 56.059944410220126 -0.9971712151607791 0.0505158923175428 0.05565709548779538 -37.578655395878506 0.057073131322105654 0.027034769548231082 0.9980038972451779 2.4840988468791583
0.051972059568420104 0.9982160577003132 -0.029387194038586847 56.11147739557072 -0.9969333662100057 0.053584266700448406 0.057031479898050845 -38.34317695142045 0.05850443027158844 0.026333030805818346 0.9979397793089403 2.5297528226349186
0.0550966419902797 0.9981924144289352 -0.024005495577631732 56.16833728434042 -0.9966096563732335 0.05644875241750645 0.059855920126019035 -39.10044647254351 0.061102805704977725 0.02062624849651069 0.9979183358411348 2.5901869962579385
0.0580376874609417 0.9981183392116948 -0.019784027989117298 56.22696181972803 -0.9964885093630712 0.05911818852599042 0.05929325840911119 -39.89162432421983 0.060351284506216026 0.01627331295998393 0.9980445389579345 2.6128087447226163
0.061649317021848005 0.9978437812297665 -0.022519990493373446 56.27243120944702 -0.9962594384313753 0.06288892067028716 0.05926309976137601 -40.66747156837286 0.060551573448921696 0.01878222345752167 0.9979883441377717 2.668798116796699
0.06548022384523677 0.9975999668247733 -0.022508808862063676 56.33039956830328 -0.9959234792106666 0.06673934451213823 0.06068182142133708 -41.47320358371841 0.06203840618599583 0.01844359198478851 0.997903337038513 2.7381129352997693
0.0693214338247018 0.9974128659588299 -0.01902928354617559 56.38619078431145 -0.9956137707301158 0.07037262234610939 0.061651549507631846 -42.24618060410266 0.06283118926972181 0.014672042936316803 0.9979163155350389 2.7819412559621672
0.07354936341803432 0.9971245359773858 -0.01825242155674173 56.45597094713261 -0.9953819387605926 0.07452829484387685 0.06050065501189395 -43.03783147883988 0.06168700941045823 0.013718346093726307 0.9980012624493252 2.8108532912781032
0.07802057016385489 0.9967469413671662 -0.020207065756951862 56.51702425512931 -0.9951143280159499 0.07909079394430854 0.0590941662994191 -43.80446909520827 0.06050012238559084 0.015497780113864929 0.9980478715987879 2.883673767883221
0.08293107528632652 0.9964218958710581 -0.01630466744769163 56.599497534743456 -0.9945145740896545 0.08379668378870432 0.06260094016298035 -44.64477348852059 0.06374322454290175 0.011023666120763546 0.997905446477837 2.927269985933494
0.08866031508050287 0.9959408052123887 -0.015532580040825824 56.702295126110975 -0.993383156309049 0.08955401365648119 0.07190259661156846 -45.45729848817933 0.07300173485128358 0.009054896515890538 0.9972907076463658 2.987989314667129
0.09665833640900712 0.9952019841523359 -0.01517157677688542 56.76735752979756 -0.9922707947925509 0.09754302969499043 0.07670741267753488 -46.23247251366286 0.07781925085994232 0.0076399016470066 0.9969382107725742 3.047929647267613
0.10329318464863678 0.9945856739328094 -0.01139540314170407 56.86059206432163 -0.9914317975940261 0.10387311881980588 0.0792045826081064 -47.03790393656441 0.07995941923638819 0.003116471444730942 0.9967932478107553 3.1045136100652284
0.11155090665755883 0.9937147729232438 -0.00934587063801951 56.96137164241792 -0.9906251569549591 0.11194050143588219 0.0783014849555607 -47.854611805313866 0.07885552378774259 0.0005236529282428223 0.9968859173224244 3.1645117242398766
0.11910811303984799 0.9928350050693517 -0.009586976427799928 57.06715728590554 -0.9898984401508977 0.11949264211416469 0.07630587570689443 -48.66071668877001 0.07690471763751988 0.00040148414234120194 0.9970383659697237 3.2462179217190474
0.12618666319459446 0.9919651495877965 -0.009059140967803973 57.1653269210003 -0.989271302248039 0.12651116974304566 0.07305624188743426 -49.46037900538903 0.07361532843289499 -0.0002567752068444937 0.9972866776841101 3.3134861910712936
0.13438682062827947 0.9909075378950482 -0.006514121905228043 57.27334872233453 -0.9886311398801902 0.1345197182862678 0.06717823048710704 -50.28336532372053 0.067443692815699 -0.002587805046111953 0.9977197259573577 3.3880973983280986
0.14159158932480592 0.9899141087378623 -0.004677515814946965 57.419048242409055 -0.9880502494498307 0.14161251571453928 0.06084899304940741 -51.099094988283575 0.06089767150394971 -0.003994084966915789 0.9981360232406573 3.427830394111179
0.14875035851002544 0.9888666619130423 -0.004006968941211542 57.5502044595412 -0.9872545929588853 0.14873728336461198 0.05661792312422601 -51.884369684766064 0.056583562319144805 -0.004466037871766983 0.9983878780218656 3.4896881366228087
0.15617347225742462 0.9877185101628222 -0.004689482358902113 57.65220495423854 -0.9859506137103048 0.15617525198770932 0.05925097459830507 -52.70035063088815 0.059255665445026556 -0.004629832427910582 0.9982321026516612 3.547272236189072
