1.0 6.776263578034404e-21 0.0 0.0 -6.776263578034404e-21 1.0 0.0 0.0 0.0 0.0 1.0 3.903127820947816e-18
0.9999865229356787 0.001733140162672354 -0.004893891313423513 0.9511439306208993 -0.0017289479824133599 0.9999981349519529 0.0008607156846601135 0.004684366719509482 0.004895373927002803 -0.0008522428012269752 0.9999876544219546 0.010403726442125394
0.9999826169121565 0.002595072389488366 -0.0052944756877813855 1.8997334070289478 -0.0025937887410669882 0.9999966050483377 0.0002493025582561918 0.0009967141152938987 0.005295104671477909 -0.0002355654731791018 0.9999859530890551 0.021264796390149346
0.9999922968327017 0.0027864105156272133 -0.0027644514276979983 2.8713259380186544 -0.0027885088294828156 0.9999958267325876 -0.000755470658971884 -0.010874346382172074 0.0027623348395145347 0.0007631735366698212 0.9999958935277621 0.03485175408225092
0.9999935108366171 0.0017897065186468558 0.003126537259261928 3.808029848002451 -0.0017766167774250351 0.9999896670348793 -0.004184430223746301 -0.01328145691824641 -0.003133993854909741 0.004178848411744866 0.9999863575611764 0.037403831338137614
0.999992222846106 0.0003879742601547593 0.00392475773486005 4.749743945291624 -0.00035624676410594134 0.9999672814227699 -0.008081409047802919 -0.014610296516762683 -0.003927764701067322 0.008079948015198131 0.999959642737908 0.05208654419458198
0.9999995002148391 -0.00017905195946522334 0.000983621099710165 5.685838149792292 0.00018910056223839277 0.9999477018373018 -0.010225352379067245 -0.019786948572875492 -0.0009817387887541644 0.010225533271890847 0.9999472359371049 0.06684350742525579
0.9999970387316363 -0.001173487937792237 -0.0021320070399338553 6.6208507897234465 0.0011531634322023275 0.9999541198314875 -0.009509387263840907 -0.007731112748041186 0.002143068374341506 0.009506900551437592 0.9999525119223652 0.07472818625244503
0.9999930959917815 -0.0022051774043954442 -0.002990846265983711 7.545973210944722 0.002175537218563737 0.9999488486377134 -0.009877608309803556 0.00012268664111908883 0.0030124751587770637 0.009871033417347956 0.9999467424281612 0.08205954432361816
0.9999951733843495 -0.002895697917054941 -0.0011261179236744683 8.48386371603117 0.00288437601675723 0.9999465478610957 -0.009928836571897795 0.006993709572697659 0.0011548086416428129 0.009925540501688717 0.9999500737850618 0.10038910325480349
0.9999924185968997 -0.0036773324280743682 0.0012806150617239002 9.377665705551141 0.003690894753320387 0.9999353596750524 -0.010754244159556108 0.008331447399825614 -0.0012409853515628127 0.010758889242708436 0.9999413514089814 0.10648039164761439
0.9999865903895113 -0.004381774387835217 0.0027602707066220365 10.29788253356412 0.0044081412603994815 0.9999440128880087 -0.009619739084523153 0.019524107325772148 -0.002717964640698637 0.009631777750760758 0.9999499195087581 0.11678838926710644
0.9999814954380131 -0.005007120639453973 0.003455072279575992 11.229889839400336 0.0050453226199916705 0.9999252409093152 -0.011138101818005858 0.022103217951580798 -0.0033990441620168435 0.0111553276666362 0.9999320002697357 0.12667151585672998
0.9999756321821804 -0.005959810926807245 0.003635339814305984 12.130896471044704 0.006001003783820731 0.999916695820767 -0.01142757071586656 0.030486702273641808 -0.003566930814487237 0.01144910793888636 0.9999280948808111 0.13695248036917734
0.9999737697591794 -0.0068499200602997 0.0023533781640564713 13.033961719459993 0.006877599586478802 0.9999047993870561 -0.011962056121704425 0.04364812059343162 -0.002271214992822271 0.011977927946779586 0.9999256826507448 0.14312460436498825
0.9999684417591264 -0.007926080435801303 0.0005410496741736833 13.957266075274562 0.007931783581893476 0.9999023052223617 -0.011509423105311778 0.04939474856561901 -0.0004497722031437024 0.011513351377087703 0.9999336180192329 0.1572888609680959
0.9999561627404655 -0.009326575537575795 -0.0008292081195359458 14.839438480517234 0.009315122211723308 0.9998736163693126 -0.012883314275961734 0.06035242428252695 0.0009492605249722892 0.012875025331797725 0.9999166628410395 0.16696841734618503
0.9999376054121287 -0.011071532614520705 -0.0014854118027226063 15.731663010833653 0.011052522106610833 0.9998639047136034 -0.012248012326468867 0.0732176522184296 0.0016208139131134492 0.012230830570000501 0.9999238869763174 0.17175570547037874
0.9999175516597583 -0.012682047620352837 -0.0020138398421468318 16.638563699860267 0.01265898703405538 0.9998585012884207 -0.011078242123417157 0.08468631057652222 0.0021540496805628156 0.011051835568290883 0.9999366064909041 0.19009618527610747
0.9998932349478847 -0.014448849529832879 -0.002179323913164573 17.526363394469385 0.014425606749770593 0.9998426016814406 -0.010328297671417259 0.11162778574622047 0.002328212910198675 0.010295756900426422 0.9999442868552688 0.20280584073444272
0.9998721667394476 -0.015882502049411565 -0.0018429075974867781 18.414133983943326 0.01586245865775687 0.9998198483990769 -0.010423682294557562 0.12733120831217223 0.002008129750138463 0.010393116755687687 0.9999439737000315 0.2144728715164596
0.9998534089197757 -0.01708862336086869 -0.001067531326968994 19.312483266024678 0.01707680755867899 0.9998017457733483 -0.010239716410562599 0.1466687912820637 0.0012423023414335499 0.010219985332439275 0.9999470028880016 0.22500661004183486
0.9998312864582218 -0.018366016186832007 -0.000296763748056116 20.173871487571894 0.01836205877293035 0.9997798714668755 -0.010151029863871888 0.1638826030240009 0.00048313240068045805 0.010143868054287375 0.999948432932409 0.23498937360364067
0.99979786818162 -0.020102451514832947 -0.0003379683148236125 21.06029951924257 0.020098072539843078 0.9997480766780688 -0.009992530144329466 0.18246441954809253 0.0005387575254599244 0.009983717824333684 0.9999500163101819 0.25378566387616974
0.9997621369965958 -0.021803810694195697 -0.0005130957139653305 21.934447243411203 0.021798023048328157 0.999718134637296 -0.009407309312979423 0.20491888350534604 0.0007180662814577592 0.00939388718993327 0.9999556186472869 0.2636866042756316
0.9997406211770732 -0.022773022563155956 -0.000282509854204725 22.784093500681585 0.022769301426939535 0.9996953938165208 -0.009522525639787095 0.22897531280701744 0.0004992804912093431 0.00951362314626889 0.9999546198171304 0.27290294065364457
0.9997168848346519 -0.023762565067002507 0.0012209332232255932 23.657885065909717 0.02377322285283245 0.9996711141302956 -0.009617559393261744 0.2554578354149456 -0.0009919937946724785 0.009643862033948045 0.9999530048324179 0.2760635708562745
0.999689616059133 -0.024613415009954193 0.003853744294958722 24.489667350993408 0.024652860901034 0.9996404376585862 -0.010546650991877649 0.2752270057651296 -0.003592769535808587 0.010638383302831612 0.9999369564166356 0.2915676701099637
0.9996653379892191 -0.025365391164226658 0.0050802513703567965 25.321272145335975 0.02541718791818506 0.999622782494265 -0.01040477182619342 0.29766341182895234 -0.004814413903260442 0.010530415448084326 0.9999329636376925 0.2974564618939885
0.9996564638636821 -0.02580979961643904 0.004561633404624916 26.157099764097996 0.02585345920317598 0.9996178406094139 -0.009786285434321057 0.32310858591330405 -0.004307308067533825 0.00990085749476036 0.9999417083600823 0.3099205388883213
0.999639341008372 -0.02677944579508724 0.002012260235582297 26.964516333260967 0.02679541603538672 0.9996058148115718 -0.008379777704923317 0.35461615421671333 -0.0017870612295782932 0.008430674812930085 0.9999628643776529 0.32253889983725503
0.9996173309736527 -0.027654848984120815 0.000633202002810537 27.76649914379552 0.02765894710694457 0.9995870464870129 -0.00779224873226493 0.3830667939481444 -0.00041744705788155246 0.007806780580733246 0.9999694394904868 0.33086655642142415
0.9995983598753597 -0.028338511404507927 0.00021841672903139626 28.56048783254935 0.02833934272175152 0.9995749027086462 -0.006848031038152377 0.40905874621452626 -2.4260874998393295e-05 0.006851470380652857 0.9999765281070516 0.3411240572014818
0.999559715720891 -0.029670680771454613 -0.0001594068067957857 29.344811860227928 0.029668753741050827 0.9995336391252877 -0.007229751614817763 0.4352772817851402 0.0003738441179180997 0.007221839067544424 0.9999738522986779 0.35513461709869126
0.9994940217614702 -0.03179422302636141 -0.000909860006579429 30.11451118685313 0.03178738642329835 0.9994719384348056 -0.006738423090595662 0.46399745447849505 0.001123622471068629 0.0067060915235295695 0.999976882637304 0.3673838780293644
0.9994354250361446 -0.0335856734449215 -0.0009130838254174473 30.893975276288007 0.03357913017514719 0.9994154053379435 -0.006425697617734455 0.49143188690880923 0.0011283614233321376 0.006391409269099663 0.9999789381222253 0.38272451398046936
0.9993582540843282 -0.0358195440803644 -0.00020063747911818063 31.650576091776806 0.0358174932127119 0.9993373351485354 -0.006480567736011673 0.5274906665063404 0.00043263550539874 0.006469222526589323 0.9999789807723064 0.38454646734326775
0.9992888813267407 -0.037671202196187956 0.0016162245651986512 32.395880314944876 0.037681133029394936 0.9992678117331882 -0.0066311874944360695 0.553790571905427 -0.0013652363796317459 0.006687373106029519 0.9999767073140097 0.3954238000016013
0.9992170919720977 -0.039465971926123715 0.002764085879783135 33.13730810311882 0.039482067078008554 0.9992020667175604 -0.006032930183876003 0.5875545214364303 -0.0025237848703950202 0.006137338778518247 0.9999779815489167 0.39881299400512227
0.9991384902417694 -0.04136516589352453 0.0033466950860428077 33.852992760823824 0.041382350446102334 0.9991296445932524 -0.005239691452484859 0.6258949354992762 -0.003127041565717016 0.0053736715160552975 0.9999806724459648 0.4105898321180033
0.9990718390961065 -0.042983310005151085 0.0028098729729994303 34.57983794184447 0.04299352425314485 0.9990685667846901 -0.0036818113856276298 0.6537934901815484 -0.00264899932381265 0.0037992004140568877 0.9999892743818787 0.41284941398514075
0.9989797002448142 -0.04512635983372431 0.0017804906453823253 35.27856233741994 0.04513213539149645 0.9989754117755235 -0.0033491824266411235 0.7013382556973541 -0.0016275299642998827 0.0034261226015018372 0.9999928063891933 0.4163842955382702
0.9989087535100664 -0.04664629080081768 0.0023293165287001927 35.978762393154206 0.04665280186312148 0.9989071738371685 -0.0028238510868840543 0.7367148366599934 -0.002195048811679115 0.002929438711787341 0.9999933000523294 0.4139796726242738
0.9988561814436868 -0.04771158299256895 0.0031517677706023864 36.67605433648848 0.04771781317124998 0.9988589879263862 -0.0019319795105487254 0.7734504828467659 -0.003055993764765414 0.0020801651421709145 0.9999931668841997 0.415997275258427
0.998855378947593 -0.04760107574652789 0.004697822392758729 37.33574905943213 0.047589651055914756 0.998863805699288 0.0025145131360607364 0.807164519783875 -0.004812178283985585 -0.002288067242994596 0.9999858037434606 0.43620788162308144
0.998912000105157 -0.04653790717973865 0.0030065330939035156 38.00459267279411 0.046521414315979476 0.9989030160809287 0.00534064363770082 0.8526395062255103 -0.0032517773533387306 -0.00519496484626842 0.9999812189657816 0.45906936491394895
0.9990008610404911 -0.04468860350408041 -0.00045646162213122877 38.66454342024097 0.04469071786496336 0.9989757191227169 0.007088888485852796 0.884203539020468 0.00013920155039154957 -0.0071022052987578166 0.999974769333118 0.45580680822940345
0.999091379413949 -0.04256794107561685 -0.0020942715476673503 39.30435014778462 0.042582587276262095 0.9990645562691709 0.007532308248077747 0.919231848666142 0.001771677620809875 -0.0076146437387018 0.9999694387125742 0.46613528163803875
0.9992151835806098 -0.03958061048953934 -0.0015466658474908746 39.94701062736678 0.03959182233807583 0.9991834693140886 0.00805495210488129 0.9496504656530486 0.0012265830255903459 -0.008109865765662205 0.999966362219922 0.4722795358500373
0.9993439731464947 -0.03619259140729397 0.001311359219619889 40.58720132507702 0.03617168080930664 0.9992547639033026 0.013473170524585142 0.9864703392579889 -0.0017980109031507981 -0.013416897695800725 0.9999083728087352 0.486149714381907
0.999452611064434 -0.032766798364710935 0.004562363577340031 41.202301605215915 0.03267808883797843 0.9992979681905193 0.018322480186843428 1.0110869531811126 -0.005159529666806031 -0.018163361341625547 0.9998217198872962 0.488295911998002
0.9995942611236177 -0.027826562623126196 0.006082396017188906 41.78903418069581 0.027677207885444515 0.9993430804179664 0.023396148922324243 1.0327981778279705 -0.006729434775266575 -0.023218312456139492 0.9997077696378549 0.5122895163603912
0.9997304652759335 -0.022462875253425923 0.005866518091238952 42.39107492287825 0.022295960061948644 0.9993836060236816 0.027116382059904416 1.059202920021252 -0.0064720139123614195 -0.02697827360028325 0.9996150688087222 0.5068868880848529
0.9998204386156695 -0.017078596473982938 0.00821048529925458 42.96311913433818 0.016818991754438562 0.9993867907564155 0.03071097487799456 1.0902223231793768 -0.008729950901038659 -0.030567368288283225 0.9994945842540589 0.5084140337980027
0.999901550570898 -0.010333062408026086 0.009492996744220461 43.50576095029259 0.009986723294183455 0.9993078616144214 0.03583382582781059 1.094480920756988 -0.009856699435376717 -0.03573549407639819 0.9993126737609987 0.5152108293528198
0.9999479605223415 -0.0031125952020347207 0.009715348594780866 44.04126494174622 0.0027364553561013984 0.9992551588548426 0.03849206819680051 1.1151401668919112 -0.009827922430193682 -0.03846347947197897 0.9992116756161402 0.5161338868344787
0.999942262557871 0.004131434180800888 0.009919818660424842 44.54359033854034 -0.004545758485745053 0.9991024418511008 0.04211468588221034 1.1061567300317396 -0.009736920993583116 -0.04215734738782411 0.999063536733669 0.5234566984604975
0.9998819302218265 0.011774746264905517 0.009873244971724555 45.032499118573305 -0.01221926399800929 0.9988555669494785 0.04624117171291057 1.1139817646807635 -0.009317467639951569 -0.04635635581485046 0.9988815110273818 0.5301935544800864
0.9997769171452143 0.01964308868366389 0.0077630542041899255 45.508265528938665 -0.02001356654961139 0.9985011259501674 0.050940736451413206 1.1091900952885427 -0.006750784959969561 -0.05108473884844453 0.998671505731094 0.5279438610141425
0.99960289896761 0.027577141486353682 0.005791860063192502 45.94195264896581 -0.027843396620718646 0.9982343411381234 0.052468518534049984 1.1028018436720108 -0.00433470185495231 -0.05260894828808332 0.9986057825387606 0.551578705195655
0.9993436677594196 0.0358333339550488 0.005310921465878056 46.36937944047483 -0.03606476500413423 0.9979432208692569 0.05299679845320841 1.0865783630885126 -0.003400946095919792 -0.05315355208035834 0.9985805593275353 0.5313403432355133
0.9990364298300238 0.04329997371276058 0.007164087447398722 46.761539394202835 -0.04361654693442731 0.9976743140151543 0.052379003311519325 1.0800226464385632 -0.004879416563138712 -0.05264100522278707 0.99860158014252 0.5542515558349715
0.9986584146621265 0.05114533133747399 0.00809480740401771 47.134722841906324 -0.05150555767719553 0.9972458047982107 0.053366490803968714 1.0587020334414208 -0.005343065869818919 -0.05371182267200577 0.9985421832613591 0.5495150290041348
0.9981429540432931 0.060216104469263405 0.009201307313379009 47.49682781021893 -0.06064028147260721 0.9965703262326605 0.056305782433526415 1.0483502189674325 -0.00577923495382024 -0.05675918987331828 0.9983711708619561 0.55380125207889
0.9975933026211725 0.06866139083647238 0.009654841986416543 47.81926386166372 -0.06912392565297848 0.9957455036192083 0.06093254405037277 1.023842341859581 -0.005430052274425005 -0.061453278435981765 0.9980951904010792 0.5574019951665973
0.9968941786137014 0.07798029283049211 0.011003207540726069 48.11654584745017 -0.07853431979752427 0.9947770902672629 0.06519893628992728 1.0046823645595195 -0.005861506636845157 -0.06586056945903601 0.9978116195607654 0.5612874240490068
0.9961151606578557 0.08725030095623815 0.011915187393420259 48.39954178501847 -0.08784122204524755 0.9940358170161885 0.06462750342196648 0.9838534281178942 -0.0062053539119026075 -0.06542308057562442 0.997838320626555 0.5681025117878962
0.9951480187647475 0.09775116654246574 0.011186160564944897 48.656579550365606 -0.09826921770545004 0.9931018610938683 0.06396760385893653 0.9386881138713146 -0.004856088977404235 -0.0647564894931936 0.9978892801650698 0.5739450487143866
0.9939280197745843 0.10976447690546051 0.00767144814517662 48.93257515637091 -0.1100292800911282 0.9919932877187678 0.06199092388033811 0.904839007048792 -0.0008056237344862657 -0.062458600133051656 0.9980472304654815 0.5813086742329249
0.9923319122800529 0.12352042827106458 0.004481034517429752 49.19439048220605 -0.12355736804609797 0.990353315108142 0.06272071472675014 0.8728760025413399 0.0033094821550648753 -0.06279343161546497 0.9980210580312519 0.5881152543720335
0.9903416959153489 0.13860300617054722 0.0035400581913160017 49.459660939027756 -0.13854308070114857 0.9882740827245157 0.06418841176452514 0.8307148554246654 0.0053981590700618734 -0.06405891113267881 0.9979315185838905 0.5843876211382909
0.9878799432491042 0.15517921306504634 0.003553809035348584 49.71594059787224 -0.15507676608224483 0.9857272425543377 0.0655209882991294 0.7921831209951848 0.0066644090225241575 -0.06527798341504489 0.9978448629589901 0.5876582716157974
0.9851126520664779 0.1718719751956104 0.0036175794268917573 49.958335964508215 -0.1717340805523524 0.9829345279576355 0.0659326878379645 0.748986682887915 0.007776137562345453 -0.06557238665063078 0.9978175152769927 0.5906831582633564
0.9818223448162322 0.18976610383891165 0.00370257388245869 50.20693034905783 -0.18960040481141416 0.9796923897522646 0.06522658933935516 0.6928173209453133 0.008750412270489841 -0.06474293239648947 0.9978636094125288 0.5986237298407402
0.9778598099811979 0.2092150844078628 0.004386397125914376 50.46566301591237 -0.20906359474888783 0.9758120096320023 0.06390097971569578 0.6260747859098883 0.00908874987048187 -0.0634032358335425 0.9979466039381205 0.6035986400866513
0.9733435429211714 0.2293114052786723 0.004315884936158547 50.690814440267 -0.22911183338843638 0.9712910940438794 0.06404200521870998 0.5713521737869225 0.010493581612157516 -0.06332369256577214 0.9979378711647255 0.6078409531110314
0.9681388009992568 0.2503771120808366 0.004308566557647145 50.93685038271622 -0.25011430589511247 0.9659945154206556 0.06555478749731959 0.4925069539406919 0.012251366712639815 -0.06454376750138487 0.9978396695313329 0.6140237554366105
0.9619247305134235 0.2732837305909762 0.004100661038944724 51.18800985318542 -0.27294176526930714 0.9597215018923902 0.06661404939717568 0.4080654187037085 0.014269043357984098 -0.06519694317752675 0.9977703909226584 0.6167170152411116
0.9546392203852798 0.2977202938133492 0.0051561181016505295 51.418946185223575 -0.29737791465417796 0.9523728839851896 0.06747048040191311 0.3359624329252337 0.015176784182348238 -0.06594328245868214 0.9977079476081449 0.6265653686470245
0.9463375987213055 0.32309990671990424 0.007183280864801283 51.657529695098866 -0.3227897744957146 0.9438705818984767 0.07010767509792855 0.2491959658147167 0.01587169579468988 -0.06866421851459574 0.99751356600719 0.6344630831779722
0.9364791868515239 0.3505924503862427 0.00957425329091597 51.91874097117027 -0.3503429706251243 0.933844681568443 0.07206881183907828 0.1325002307506656 0.016325915823376468 -0.07084521464787237 0.9973537085878936 0.6467574656207818
0.925268900161296 0.379167387379787 0.010466840110188051 52.14551981615587 -0.3788944089088796 0.9226045236283674 0.0723872908600952 0.023826077072676765 0.017790145921168697 -0.07094353619646956 0.9973216759802445 0.6467377013283307
0.9123537387099901 0.40927543839279856 0.010211316775309336 52.38579261453079 -0.4089366133070976 0.9098413756677961 0.07042384127448478 -0.09144358655302598 0.019532070008692528 -0.06842723618059605 0.9974648924096831 0.6587584994824301
0.8973870182769631 0.44114481174629633 0.009369871787082706 52.624143605078785 -0.4407260999072885 0.8951021344310107 0.06747350441143256 -0.239993538267189 0.02137859416548167 -0.06467939398582527 0.9976770678456701 0.6772382970715622
0.8799342568341402 0.4750451521360791 0.006914266538034435 52.845133450986744 -0.47441971675842864 0.8778136845511418 0.06609892257518926 -0.3751664978193296 0.025330534945041026 -0.06144297068630311 0.9977891186782106 0.6869139235813134
0.8603149181671619 0.5097363015700371 0.005210032699485948 53.08961175468901 -0.5088792338174517 0.8581771319124408 0.06763087794713611 -0.5580659050595161 0.030002782677492866 -0.060835130674942 0.9976968076060833 0.6945864646998587
0.8384483982237305 0.5449646753708091 0.004217358657886645 53.3098843672993 -0.5439139208723257 0.836297634631928 0.06902110539781087 -0.6987461610220168 0.034087097226867306 -0.060164515347761786 0.9976062855132856 0.6979524101822251
0.8139968953870781 0.5808502372413196 0.004696402548875159 53.53870342599392 -0.5796529682272333 0.8117430206511904 0.07124398114535048 -0.8795752816302821 0.037569811359075056 -0.06071466314477624 0.9974478627746214 0.705662656088959
0.786714227516235 0.6172641262909706 0.008106948734163746 53.82625153044356 -0.6160288112650536 0.7841563145498757 0.07488242813184902 -1.1255332542144496 0.03986512153372556 -0.06390518559398121 0.9971594152086717 0.7314804716047929
0.7572351378024742 0.6530327690007722 0.011964476104360952 54.021254404403386 -0.651772403746875 0.7543342206588581 0.07856600573411827 -1.3030857833475664 0.04228096251610717 -0.06729105552877643 0.9968371151068437 0.7305548541601081
0.724166881465995 0.6894876447305456 0.013751929018893688 54.25355638831687 -0.6881664142020808 0.7211956137359793 0.07939693377098693 -1.5517939177822802 0.04482537397575023 -0.06696024560819135 0.996748218636996 0.7461184513313517
0.6877428386204486 0.7257963347621949 0.015148213493727865 54.52749571481473 -0.7245442368125479 0.6849574733703849 0.0766088022082384 -1.8687835035025464 0.04522650581252237 -0.06366270587889297 0.9969461485216579 0.7746374869916922
0.6486613297473797 0.760899598642788 0.01644019694545938 54.721305720374005 -0.7596895856114299 0.6460238048798762 0.07433018930462632 -2.128118980834785 0.045937052625252425 -0.06070456583957969 0.997098161106685 0.794381599598033
0.6065288637838908 0.794865656355058 0.01764442530277567 54.980716920488945 -0.7936392979359714 0.6039680290081416 0.07320713563389163 -2.4819604615032245 0.047533169142408224 -0.05840555010667605 0.9971606638591476 0.8063081011003341
0.5605599366620936 0.8279211132413529 0.017865823759024454 55.16223276025198 -0.8266121272134909 0.5581144880977068 0.07225378411558965 -2.7896307532952975 0.04984925829916759 -0.055270683229300045 0.9972262546796435 0.8336896223052437
0.5125870363565114 0.8584292518514898 0.018808235561579553 55.35973376600525 -0.8571261975618777 0.5102652589372852 0.07045599317859463 -3.169363116323743 0.050884296323771824 -0.05223586016671518 0.9973375573497059 0.8595913221858147
0.46365295702270876 0.8857507066491845 0.021716839424018752 55.57357997065588 -0.8845851020331277 0.46137175190309776 0.06815646562805112 -3.6140753430835812 0.050350101341899337 -0.05081133944639519 0.9974382562738026 0.8911578048599023
0.41422830683082557 0.9097846104967302 0.026587070605473596 55.72551950812459 -0.9088722021420411 0.4118986113419103 0.0655046116550782 -3.976226598205207 0.048643910138311 -0.051298113785196525 0.9974980067792301 0.9169065575207974
0.3641762373952875 0.9307793992930735 0.03202152351523055 55.893218917149206 -0.9300954959219246 0.3617086996883394 0.06394673592545436 -4.433140760734169 0.047937840818713585 -0.05307095647711595 0.9974394402650438 0.9184444391038261
0.31499479308080797 0.9485044188706853 0.033431238606470376 56.044214611118036 -0.9477576030246069 0.3124880628377858 0.06408382395690707 -4.906929271715882 0.0503369272108537 -0.051870781434944925 0.9973843871809391 0.9299183266449366
0.267246407819126 0.9632543702449652 0.02683981579200702 56.141682218686405 -0.9622983041616043 0.26531120799444996 0.05993276833441151 -5.36272212339274 0.05060959706887506 -0.041844726268685545 0.9978415142536539 0.980528029097208
0.22213831877291854 0.974869453394995 0.01685574590710824 56.214953260630494 -0.9737818434877646 0.22095492271802222 0.05410955017594702 -5.856954903487823 0.049025387569214804 -0.028433623828428956 0.9983927285440692 1.0001182840319987
0.17916276798905367 0.9837655702381941 0.010295891434031522 56.28739689253628 -0.9826006821244779 0.17841026826016002 0.051630181753005495 -6.422813527959237 0.048955102441024 -0.019366956220805337 0.9986131978657854 1.0579072397389113
0.1406219385206368 0.990027490379759 0.008428445826736929 56.341380071964466 -0.9887051326359876 0.13997817001648236 0.05355625657279382 -6.918417355371888 0.05184236786598786 -0.015864432268214032 0.9985292628074827 1.04595532262868
0.10720418500712539 0.9942341163933114 0.00240510219519753 56.38722816206727 -0.9928274817953916 0.10692312160303434 0.05348866663587791 -7.441571884537864 0.052923096175293644 -0.008122060469735643 0.9985655602037088 1.0966071220821243
0.07746222873535263 0.9969883514321658 -0.0037189014404664855 56.417034933679204 -0.9956446136720714 0.07755084572816819 0.05174620365435087 -8.013438379028377 0.051878766226112275 -0.0003056720756817038 0.9986533433476495 1.1302082720226798
0.051965091550319926 0.9986114558152716 -0.008648096592365295 56.43234130912568 -0.9973949250647536 0.052331729374347664 0.04964628441046332 -8.571517087383302 0.050029918201426674 0.006045693938171986 0.9987294212496018 1.1528548890106467
0.03175462331219996 0.9994058856782551 -0.013398491331605668 56.4423863089024 -0.9982972616071678 0.03236995883870041 0.04852590269547716 -9.13648581690367 0.04893078137461492 0.011834755445029967 0.9987320547562425 1.178461554306088
0.015289710313496865 0.9997842445559084 -0.014060195457417178 56.43988686099376 -0.9986351858061235 0.01597144639961908 0.04972603513123829 -9.728270281201683 0.04993986812656195 0.013280709230892819 0.9986639236168623 1.2173462391758878
0.0020377868347488896 0.9998903986030031 -0.014664181066250226 56.437191286900365 -0.9987496453480341 0.002767501805702165 0.04991479591194729 -10.303509595322225 0.04994990832816451 0.014544129925268226 0.9986458205703986 1.2380775619387157
-0.009942234979355296 0.9998423394835059 -0.01471217658149112 56.43641990986253 -0.9986607345610414 -0.009181281704480182 0.05091602215672588 -10.911580900085111 0.0507729180726941 0.0151986921283599 0.9985945676539457 1.2466184989018312
-0.019353259511290674 0.9996463493414471 -0.018238080891537285 56.4253375566164 -0.998407924695282 -0.018356203873374374 0.05333540742339217 -11.533563590096055 0.05298176339032854 0.019241258474349748 0.9984100894524125 1.2993360102477574
-0.02635529311410399 0.9993959794382188 -0.02265115466357176 56.39997529637096 -0.9981842718332489 -0.025082131604071772 0.05476354753777993 -12.162524648027187 0.05416232998677513 0.024053335671366038 0.9982423949389669 1.346934163458861
-0.03109585224292901 0.9992622173631156 -0.02254038428766311 56.38659756022812 -0.9980607785914068 -0.02982603979886413 0.05463597338229976 -12.789433162545908 0.053923373510943486 0.02419562564733915 0.9982518928049839 1.3714477551351427
-0.0350216675569532 0.999180250103309 -0.020305432894159658 56.36559734137946 -0.9980738358508742 -0.03392739967818749 0.05193794124721278 -13.456395837087188 0.05120645458780226 0.022085274609238897 0.9984438590396467 1.413009132067535
-0.036918097398903206 0.9991490180050948 -0.018392767706351648 56.343100186024124 -0.9983106668348453 -0.036048307579605386 0.04556678619798265 -14.128436362472414 0.04486498153584367 0.020043935244878446 0.9987919573623366 1.4367238191683638
-0.03791753204672732 0.9990913026033786 -0.019463551211671933 56.303676128312496 -0.9985330283148066 -0.037128560200638414 0.03941143719644312 -14.795645416412464 0.03865297049318484 0.020929383166054815 0.9990334873227931 1.469984183894853
-0.03841735526167205 0.9990070459325362 -0.022561670856697413 56.28226442875433 -0.9986005894413085 -0.03756092903792976 0.03722954978614468 -15.490797910056695 0.03634514523522914 0.023960358656645253 0.9990520164790595 1.4909241983297468
-0.03894722217448905 0.9988958057236751 -0.026273240998036986 56.2520800012376 -0.9985134452837813 -0.03790203786237947 0.039170589903547076 -16.19402028753306 0.03813152858730029 0.027759770055400246 0.9988870715421574 1.534754963153272
-0.03808210871446071 0.998914504394684 -0.026824725642269252 56.22002998571134 -0.9982578324925275 -0.03681897859260797 0.046104909529440206 -16.882535580153448 0.04506720385358721 0.028533764653828946 0.9985763723479038 1.5626222930485942
-0.036273232830827305 0.9990086238195417 -0.025807404251223222 56.20622976856245 -0.9979181564182411 -0.03483146955317704 0.05427818917009982 -17.57526641762325 0.05332546925081516 0.02772252266572367 0.9981922941328634 1.6126551354479062
-0.034558487814054364 0.999059145891894 -0.0262017924914514 56.17213802265917 -0.9979012237024648 -0.03305813373610546 0.055680405233879925 -18.303728068075838 0.05476183573556654 0.02807103139617405 0.9981047833485348 1.6443001406388347
-0.03186866735893294 0.9991197455043422 -0.02727860304532086 56.15583605145018 -0.9982099267057365 -0.030433968062753843 0.051485102836486954 -19.041541888068956 0.05060958670937789 0.028870533962741075 0.9983011379347478 1.6751423495911784
-0.029027374955497304 0.9992044293503152 -0.027348123699876437 56.13697058938312 -0.9985980131563766 -0.027776448345466432 0.04506081487776971 -19.76819145228302 0.04426533207070704 0.0286177791595087 0.9986098352673318 1.7118523051139778
-0.026029849718199306 0.9993242015857743 -0.025953555606173132 56.13144554793694 -0.9987592962678166 -0.024895029009837727 0.0431289421295612 -20.521302679963384 0.042453681139138694 0.027043994815006515 0.998732350183062 1.742343112844739
-0.023470734161018546 0.9991817440120546 -0.0329388383367081 56.10809973968692 -0.9985930862211811 -0.02186434787114217 0.048309403260921306 -21.237751545708292 0.047549687582563886 0.03402635339260843 0.9982891537453475 1.7947831857371475
-0.020349697243303048 0.9991602512698443 -0.03556236921926896 56.082855827691446 -0.9983733571820621 -0.018413140758039476 0.05395920603978044 -21.963345647176684 0.05325907895490455 0.03660257545318812 0.9979096762628715 1.8423160084783607
-0.01790368944939272 0.9994183736547234 -0.029023650794606337 56.09589352966913 -0.9983587446839759 -0.01629026659390235 0.05490395365850524 -22.704746336094118 0.05439921706362515 0.029958998909294994 0.9980697288101756 1.8835344489820458
-0.014122264032286506 0.9996085284039061 -0.024152672746093402 56.100116463613226 -0.9985686985335002 -0.012853153764275673 0.051916767497828406 -23.44102369730381 0.05158600554136821 0.02485128528847919 0.9983593028823824 1.9122790039051916
-0.009608286748227996 0.9995340463580532 -0.028971900125140074 56.07682578562631 -0.9988392488881339 -0.008225949143871472 0.04746039023513297 -24.17276275885384 0.04719995451642396 0.029394283998418896 0.9984528733805456 1.960062073305676
-0.00624626153585332 0.9993782394530518 -0.03470041389586534 56.06908452435225 -0.9987999604118953 -0.004549458551024469 0.04876414162157292 -24.92319035771515 0.0485759539074842 0.03496336560760641 0.998207363110174 2.0000947942849208
-0.0034960049467436887 0.9994001015470143 -0.034455986087033444 56.06391614970553 -0.9986005932997789 -0.0016708093586666566 0.05285890140190903 -25.64627884857078 0.0527696220447152 0.034592563130021035 0.9980073755064907 2.060794424205245
0.00019186291334495978 0.9995412021373962 -0.030287760206913185 56.07932768436192 -0.998502902715155 0.0018481802863622076 0.05466751776913707 -26.387547669044793 0.05469841367016322 0.030231927814118854 0.9980451463148396 2.0901242658747115
0.003982661598828341 0.9995690643356321 -0.029083053996753084 56.086549885651934 -0.998550553665893 0.005536275459208137 0.05353635612906736 -27.14139803637961 0.053674297201992106 0.02882768248105642 0.998142291731316 2.141164029584408
0.007258527209579939 0.999417577098631 -0.033343970505171586 56.08928584440559 -0.9986454396454747 0.008962920475151254 0.0512537991943316 -27.86419900348912 0.051522807163862296 0.03292677698861641 0.9981288632732236 2.1878071093586033
0.010688620325277044 0.9991970509791722 -0.038613556040175766 56.094070375620014 -0.9986044996646969 0.01266361715514453 0.05127071337487372 -28.614196274288034 0.05171853289646372 0.03801165762070432 0.9979380277552128 2.228249355693992
0.014084367483053816 0.9990278935174332 -0.04177198303555305 56.10406469702655 -0.9984964917646589 0.016265632160467593 0.052346777781337145 -29.361215061673306 0.052975338849984024 0.04097190726022646 0.9977549379928864 2.2791521402519277
0.016694855977537632 0.9989603461082754 -0.042420616298254554 56.115342045303095 -0.9984565152078129 0.018904065861508564 0.05222282578503778 -30.092133366549145 0.0529704542453615 0.04148328816690175 0.997734066663007 2.317715354972406
0.020252399205543253 0.9988586596071354 -0.04325758262150099 56.12668095274205 -0.9984252414874188 0.022469672225056036 0.051401857854438425 -30.83777590735507 0.05231517454055428 0.04214845142985942 0.9977407632019734 2.364424663927004
0.023791343274594853 0.9986254226572869 -0.04670371727973623 56.13968251453484 -0.9984166757631768 0.026116372765648842 0.04982044391184413 -31.595218215145835 0.050971693548458055 0.045444474869018106 0.9976656184116407 2.411728408409448
0.02668245043320997 0.998605959411395 -0.04554321757327606 56.16354931454989 -0.9982931173745689 0.02898642296354565 0.050701470258204595 -32.333232254685555 0.051950925318462474 0.0441126411794386 0.9976748850435846 2.4456512114508335
0.029943914896057803 0.9986809283530032 -0.04171049393955519 56.19905044114524 -0.9981386432294275 0.03209353573558524 0.051858016314803516 -33.07609766332765 0.05312824910361118 0.040080023802048025 0.9977830329481515 2.4926429606814873
0.032491892450575405 0.9985113752842776 -0.04380993440854225 56.2187756357385 -0.998017976384208 0.03477695974975426 0.052446943519470254 -33.83329073906613 0.05389244602864832 0.04201900163574219 0.9976622713937742 2.5420448586362427
0.03533285160663083 0.9984810037156293 -0.042276173151942986 56.25603680532108 -0.9979536871749044 0.037506790849490844 0.051784929218698844 -34.56731794627561 0.05329191168795604 0.04035995365708204 0.9977630211074379 2.578628224579966
0.03756155514634993 0.9984729830328676 -0.04050718119586505 56.29231082803503 -0.9978403765117272 0.039661935237911915 0.05235946806565262 -35.357159219426926 0.053886107466787105 0.03845299788872918 0.9978064212939539 2.6309536792111827
0.04044255573247975 0.9984091418211443 -0.039288487038719115 56.32626642052856 -0.9977140118453652 0.04248248014691502 0.052554632983148525 -36.06005211291283 0.05414009838605523 0.037073230349314076 0.9978448904204577 2.660874602099005
0.04395345434255038 0.9983817076561574 -0.0360840639193025 56.3597808937944 -0.99745963398008 0.045882247435171095 0.05448942971460102 -36.853615549100745 0.05605686783688551 0.03359739852834896 0.9978621359588934 2.7193921327237787
0.04686742808410908 0.9982401215556912 -0.03633323411505857 56.400452370982265 -0.9970927722743742 0.04893928318657883 0.05840333928284098 -37.62006338226334 0.060078678938402574 0.03349039082576725 0.9976316685327073 2.77068417304726
0.05013375868190339 0.9980737399277261 -0.03654334285620803 56.4503390306005 -0.9968264823072699 0.05226942631976768 0.060040579969853486 -38.37827816634632 0.06183502576484197 0.03341731196377219 0.997526798060973 2.8112364592875214
0.053376236632068655 0.9981023407601817 -0.03070333421704652 56.508400013250366 -0.9965348694434001 0.055206207686171974 0.06221357260547582 -39.14903137677895 0.06379052709002316 0.02727621678234527 0.9975904854456159 2.8726767068572445
0.056473202629506176 0.9980494927500425 -0.02660803273730571 56.56217081644338 -0.996353064342775 0.058044562750396975 0.06254118570891679 -39.92343413668904 0.06396365029865576 0.022979093900718187 0.9976876328210014 2.911965499704748
0.05979829432977477 0.9977891515413365 -0.02899953554230659 56.617366866184234 -0.9961603240176046 0.06151127732930142 0.062297444686429344 -40.703120665876064 0.06394351295002942 0.025162905788832207 0.9976362339670065 2.9779909863086824
0.06336833391485465 0.9975353457696053 -0.030127864132216072 56.66474977754568 -0.9958637506079153 0.06517414983595575 0.06330655904640707 -41.49011429157727 0.06511408819903199 0.025991616599861198 0.9975392680915045 3.0300423029440995
0.06723977987137116 0.9974156197298261 -0.02531587489731405 56.730642872909954 -0.9955540725383856 0.06874853061046515 0.06438732943007443 -42.27371064964568 0.06596135728655486 0.020873932496509626 0.997603818300154 3.0867411172235295
0.0717716955362519 0.9971186868357609 -0.024559073329004 56.80318322745266 -0.9952921138430078 0.07320469924854855 0.06351913199853174 -43.05745742392395 0.0651339530641961 0.019884576205124207 0.9976783909594182 3.1217780047896446
0.07644264690472236 0.9967162737767021 -0.026705642154531424 56.85403454192087 -0.9950165897897301 0.07797727880169439 0.062141210431555634 -43.85567052662389 0.06401958901317625 0.021822318377495264 0.9977100173112502 3.2028665380199293
0.08115277479458166 0.9964444414863505 -0.02264292768382625 56.92540398449809 -0.9943882330027333 0.08249046782465377 0.06623718580806143 -44.64421245722747 0.06786950131570002 0.017140529426620185 0.9975469578130813 3.242767650818189
0.0873318526447707 0.9959444467447 -0.02162883519807708 57.00536003728092 -0.9932453941993785 0.08871923334920329 0.07478291606811457 -45.44564399529982 0.07639852364642336 0.01495181033598063 0.9969652496212311 3.3134004698098773
0.09470765393850779 0.9952619443971631 -0.02200277982987527 57.08362036046386 -0.9921160281955612 0.09618438908905735 0.08033896870777715 -46.2387842605268 0.08207464214316273 0.014220595287924492 0.9965247251256382 3.366034165139707
0.10211721704626583 0.9946214115784533 -0.017329789739365928 57.18036081035784 -0.9911756965931989 0.1032126275936082 0.08317386601697578 -47.03967976222307 0.08451516115888633 0.008683382688097145 0.9963843567616762 3.4434404479525864
0.10953968328688851 0.9938695263408577 -0.014980734174509631 57.2793831542765 -0.9905388018944506 0.11040125023399822 0.08151347059398421 -47.8546256716779 0.08266764619193157 0.005910038728237893 0.9965596478461871 3.5079722756939393
0.11733945101570693 0.9929814462044668 -0.014808805793106663 57.386846805640374 -0.989777419894298 0.11815211624735278 0.07987951235240773 -48.6675210279636 0.08106856544135302 0.005284403462782944 0.9966945182839743 3.5913448569423325
0.1246296967476366 0.9920878001848744 -0.015140522214535984 57.48650307340382 -0.989113289394482 0.12543046182118392 0.07695518170047147 -49.46372531623905 0.0782453796196312 0.0053847907722808785 0.9969195878286867 3.658017837149855
0.13224237105982312 0.9911371272095129 -0.01261548109863183 57.609858055944784 -0.9885883066628519 0.13280729187624857 0.07110121766870206 -50.30032246543728 0.07214648450168092 0.0030689234872839023 0.9973893254304851 3.7362714760313667
0.13968475926383409 0.99014115634475 -0.010423940794440447 57.742030055659086 -0.9880578286857065 0.14006684496011346 0.0642106386497339 -51.11262443617688 0.06503764450141072 0.0013302087057380646 0.9978819245494466 3.7862637277966367
0.1470913469119896 0.9890611825578878 -0.011050466995072714 57.86062147079645 -0.9872375087505253 0.14749127837282225 0.060070159979870384 -51.90512483750421 0.06104291096985207 0.002073634766087657 0.9981329886639273 3.849455786029847
0.15431333206131825 0.9879549643266183 -0.011505825069215636 57.999679583684944 -0.9859752689470872 0.15473240554015683 0.06253520368940603 -52.714281800083654 0.06356228892080892 0.0016944433146325391 0.9979764347363124 3.906440843870651
