1.0 -6.776263578034403e-21 8.673617379884035e-19 -8.673617379884035e-19 0.0 1.0 -1.828002979293187e-19 0.0 0.0 1.0683203047244863e-19 1.0000000000000002 5.551115123125783e-17
0.9999999011092698 -0.0004283629931872479 -0.00011952627966676285 -0.0015539238404770565 0.0004285463529723748 0.9999987255862399 0.001537912569669895 -0.0206050436577875 0.00011886735231138139 -0.0015379636177787067 0.9999988102679801 1.3138180926998047
0.9999993296675033 -0.0010157308543797246 0.0005558376242315068 0.02246941788859619 0.0010145141746583503 0.9999970982353276 0.0021850134205050843 -0.032142934825574974 -0.0005580554439689389 -0.0021844480188365893 0.9999974583763461 2.626330832873686
0.999997437859689 -0.002205430988593682 -0.0005102426064278109 0.016293165222497772 0.0022063426020468378 0.9999959593321482 0.001792588493167487 -0.05040776050850544 0.000506287156106915 -0.0017937096438976668 0.9999982631374501 3.940828708958121
0.9999964850462116 -0.0026507932642437417 -5.6476386472002586e-05 0.024598591881751466 0.0026508955780019045 0.9999946987249747 0.0018908402037744658 -0.06578193105697044 5.146386396201203e-05 -0.0018909832426593203 0.9999982107646305 5.257193804510145
0.9999949744371905 -0.0031490531876610757 -0.0003668286514644922 0.02558744695868451 0.0031499981204391536 0.9999916492542268 0.0026036391049216847 -0.07745406042484185 0.00035862661905789427 -0.002604781491395248 0.9999965432432845 6.5761199280051725
0.9999904593720762 -0.004365005695425353 -0.00016699751015225323 0.03392192528914156 0.004365679152649811 0.9999813627876286 0.004267895046346895 -0.09778370781200194 0.00014836502246485736 -0.00426858332282542 0.9999908785488884 7.902957968304762
0.9999907854055846 -0.004292599352315332 -5.189311939784221e-05 0.04103869913494228 0.00429281016475332 0.9999775135807477 0.005152098566715888 -0.11087413244243581 2.9776058496177975e-05 -0.005152273784071999 0.9999867265039977 9.236588203040942
0.9999938151689179 -0.0034647593972210646 -0.0006042059180709561 0.04542977817905862 0.003467074751743371 0.999986487633869 0.0038734928056689674 -0.12527599542264517 0.000590777081458836 -0.003875563619050465 0.9999923154636453 10.560324117663788
0.9999975280137834 7.885025460281072e-05 0.0022221047248223843 0.05328153139725732 -8.730672222775779e-05 0.9999927542269619 0.0038057685222074216 -0.13978305082016862 -0.0022217887241800923 -0.0038059530639744255 0.9999902891392287 11.857697457376972
0.9999969811526409 0.0024533995330047157 0.00013607275467936598 0.045858230575218095 -0.0024535462036640236 0.9999963997052883 0.0010865950832496508 -0.15360794673752287 -0.00013340642320145302 -0.0010869256485088548 0.9999994003970782 13.227310811188664
0.9999890344074652 0.004682624063793469 -6.398842743834347e-05 0.04281543668155837 -0.0046825814994779355 0.9999888209939822 0.0006567497231046276 -0.17037697228392457 6.706303146274128e-05 -0.0006564428818259268 0.9999997822923979 14.566815885049737
0.9999832802043637 0.00569380972266516 0.001009871122448559 0.045047595969920654 -0.005695685469563468 0.9999820425382017 0.0018638059795495737 -0.18659477526101592 -0.000999240912763026 -0.001869526699395631 0.9999977531903891 15.910041221939213
0.9999923441135776 0.0038393572063301056 0.0007556780203360697 0.05619580904574964 -0.0038425178035929562 0.999983688226183 0.004225913299957931 -0.2023550963430672 -0.0007394409637568019 -0.004228784592590145 0.9999907852597467 17.270689283823913
0.9999988540306584 -0.0006538116926509233 0.0013654552253182066 0.06422958001138951 0.0006449273770665643 0.999978687149025 0.006496870145876648 -0.21845817634257647 -0.001369673968182314 -0.006495981986998456 0.9999779628599882 18.617149998477046
0.9999970803387361 -0.002318097406137975 0.0006824500845270748 0.07585445293563824 0.002314402086961399 0.9999829192776357 0.005367001094073136 -0.23671051677151533 -0.0006948797181250323 -0.005365405882190943 0.9999853646716094 19.971681985377806
0.9999937876684263 -0.0033783900549986365 0.0010055368593005513 0.08483818543984256 0.003375596832159811 0.9999904744185166 0.002767023936902533 -0.24309251435549847 -0.0010148754533285814 -0.00276361241951275 0.9999956662265159 21.32528387709022
0.9999981034906111 -0.0015150624738425136 0.0012237650940139563 0.08682231018846039 0.001512529454924443 0.9999967172748448 0.0020682591588691377 -0.269112226329165 -0.0012268947218589416 -0.0020664042254236225 0.9999971123463449 22.670615663482018
0.9999974340837063 0.0011958091010276504 0.0019240236209792077 0.08819162093621716 -0.001202470102429875 0.9999932755222628 0.003464531527216254 -0.27070878502526163 -0.0019198679249505359 -0.0034668361684210836 0.99999214754469 24.03204858144715
0.9999948565205222 0.0014407818782516254 0.0028654982641069015 0.09123867397137762 -0.0014633450982930178 0.9999678216507888 0.007887603619067074 -0.2842407743104557 -0.002854041979248009 -0.007891756148163386 0.9999647866911638 25.396571810807597
0.9999955432687511 -0.0003103988058800094 0.0029693594630391205 0.11065822628355154 0.00028160801179641224 0.9999529968472347 0.009691480870583132 -0.2865786719340964 -0.002972228366898976 -0.00969060134243579 0.9999486277281698 26.780776518226645
0.9999871006035378 -0.0038367783467732333 0.0033283265103958505 0.10731907304599408 0.003803659153303556 0.9999437523918493 0.009900719140026815 -0.30066197283046686 -0.0033661264480788545 -0.009887931463177367 0.9999454475096464 28.163329235846387
0.999980542548953 -0.0054271497386277805 0.0030758034262318885 0.11938786832361847 0.0054080119175823945 0.9999661762209962 0.006196759550773589 -0.3047721772386517 -0.0031093303952492374 -0.006180004905480946 0.9999760695129106 29.54677813350189
0.9999808651422744 -0.004792080023023752 0.00391220095763691 0.13774848391390554 0.004774897212154583 0.999978964712878 0.004389817084790264 -0.32822088920622566 -0.00393315534922719 -0.004371052664580843 0.9999827119425453 30.91743456105847
0.9999883627257927 -0.0024411898628659205 0.0041611302089846584 0.13206305450378497 0.002427372921761053 0.999991534864226 0.0033223581542487007 -0.3329165855877742 -0.004169205841533816 -0.003312218827818946 0.9999858233627099 32.304030300928325
0.9999884695128205 -0.0003406812407259889 0.0047900707326960276 0.14248814049626085 0.0003328352958796929 0.9999986019916656 0.0016386691559211282 -0.3533555312092925 -0.004790622701306958 -0.0016370559328845828 0.9999871849083163 33.669945731490536
0.9999877767583576 0.0002824672754020695 0.004936248168727812 0.1578473129074483 -0.0002909146788293984 0.9999984945035862 0.0017106608329247512 -0.3681504039089688 -0.004935757944779614 -0.0017120759254160213 0.9999863534510826 35.07051118919375
0.9999898914639362 9.69824383795486e-06 0.004496318042682711 0.1625655272914489 -2.448724443657108e-05 0.9999945906223429 0.003289092418544807 -0.3889871794169172 -0.004496262198528476 -0.003289169225441625 0.999984482374345 36.453595034858886
0.9999903779046363 0.0012776115552220154 0.004196642330850629 0.1788084358415611 -0.0013011112164635357 0.9999834641499019 0.005601655201056999 -0.4107930929744154 -0.004189416546783373 -0.005607061518847624 0.9999755045227351 37.865513291714365
0.9999859119472911 0.0034890718681604093 0.004000285423216473 0.1780623227745536 -0.0035117823857846986 0.9999776781516958 0.005684240367930057 -0.41422136567152107 -0.003980363738387114 -0.0056982083380895 0.9999758432689666 39.256790701424904
0.9999754213508433 0.005455778146008974 0.0044035413247090795 0.17283996947868394 -0.005479708917802639 0.9999701855108183 0.00544066971061707 -0.4221683827863298 -0.004373727312799576 -0.005464666032883256 0.9999755036650172 40.66658908687489
0.9999568058047132 0.008000433600889475 0.004730706155250312 0.1870215687526416 -0.00802899995751705 0.9999494620938548 0.006050489986149499 -0.435535451354215 -0.004682060921119792 -0.006088211392991604 0.9999705055563846 42.06223962551435
0.9999517662404385 0.008959194608033962 0.0040246760045717055 0.19217215954444342 -0.008983889291267241 0.9999406702834721 0.006160004798233861 -0.44495375753691896 -0.003969248869111196 -0.006195864833693665 0.9999729277921316 43.47230671658675
0.9999550662682084 0.008642404057937822 0.0038954190484026983 0.20470658265008299 -0.008669300888119416 0.999938328617761 0.00694133965897066 -0.4643645942656339 -0.0038351892685755157 -0.006974798219142166 0.999968321251791 44.88719473092219
0.9999719557819107 0.006932239391026107 0.0028340258363259317 0.21594191955797737 -0.0069503339816913865 0.9999552030295344 0.006425325021731962 -0.4702649718034014 -0.002789357220454324 -0.006444842162588426 0.9999753414410539 46.2708546010057
0.9999671800065228 0.007807390453589184 0.002164153084441846 0.22329603047460847 -0.00782314684823165 0.9999422389805316 0.007370012757698599 -0.49043265496853383 -0.002106487687119684 -0.007386701255833527 0.9999704992386824 47.70595363741993
0.999973858335458 0.007136609853704121 0.0011625148721162298 0.2213503040399137 -0.007145427225688037 0.9999443201667607 0.007765271883614407 -0.4929982376808441 -0.001107032517794749 -0.007773375440694512 0.9999691740781307 49.11296604615145
0.9999709381590091 0.007622576651051101 0.00013840855713051405 0.22403109160947976 -0.0076234571366290095 0.9999372087407522 0.008213494358928477 -0.5079589302889878 -7.579187957643726e-05 -0.008214310693866609 0.9999662591050422 50.55725986222867
0.9999703313442777 0.007678869140991139 -0.0006094209228511751 0.2291488226134189 -0.007673368733440659 0.9999338603370107 0.008567051812709945 -0.5127277402322921 0.0006751659450426797 -0.008562121205820703 0.9999631164320592 51.9611113465464
0.9999613176608083 0.008492393315542359 -0.0022896352112133107 0.23286889301899466 -0.008468755318848416 0.9999126908136032 0.010143517585913689 -0.5243001980275234 0.002375578247952156 -0.01012373470556974 0.9999459318464503 53.39793172729084
0.9999752161712435 0.006547821281463755 -0.0025870975913082463 0.2296730152089233 -0.006518497638538587 0.9999161971482646 0.01118516352383842 -0.5300379077602275 0.002660119462021762 -0.011168022162642562 0.9999340973470456 54.84341828991719
0.9999840092041623 0.004417484994770219 -0.0035308862831250343 0.23776742193069747 -0.004377999613932539 0.9999286585639704 0.011113546393799618 -0.5363588706285196 0.003579728610420197 -0.011097910300692598 0.9999320086499743 56.27606596398307
0.9999886069077643 0.0014199731760586019 -0.0045573816096525005 0.24573412306839054 -0.001371765479401971 0.9999432614581593 0.010563717775667562 -0.5373583160644241 0.004572123609741815 -0.010557345610868983 0.9999338168767509 57.70115105959672
0.9999908194183311 0.0011573067677322958 -0.004125738350548176 0.2376017262330408 -0.0011102995694458788 0.9999346541844472 0.011377812005332099 -0.5504621166522576 0.004138636716643121 -0.011373126580399975 0.9999267591533612 59.13644381235485
0.9999934348012143 0.0007398648218397457 -0.003547245696060684 0.23887847592534123 -0.0006967799035197306 0.9999261626837416 0.012131928502539496 -0.5640004453807939 0.003555960062126936 -0.012129377028983281 0.99992011348535 60.5466322136744
0.999994108890816 -0.0012823396971460717 -0.0031839890580302524 0.24657436759235152 0.0013242477762619512 0.9999120645884731 0.013195054770035054 -0.571012557660606 0.0031667887948351476 -0.013199193235549186 0.9999078721246083 61.97061630717847
0.9999919769649512 -0.002938644986840329 -0.0027221992676491865 0.2462588779191394 0.002973274822009679 0.9999135832632442 0.012805688380941444 -0.5771612043736969 0.0026843328758449385 -0.012813679300850409 0.9999142983125535 63.40067616380186
0.9999905385008457 -0.0036180594724823743 -0.0024150676470198803 0.24435791001435206 0.003646690661949813 0.9999218524254377 0.011957871936256022 -0.5810251757010968 0.002371614820819463 -0.01196656562748537 0.999925585601739 64.82052293157112
0.9999904433787795 -0.0040532105005539765 -0.0016384850574126019 0.24565712639142226 0.004072720817066445 0.999918683281817 0.01208469203206373 -0.5930504984846018 0.001589370152188364 -0.012091249459537688 0.9999256350244686 66.26293474959826
0.9999969294029637 -0.0022744233617710084 -0.0009839624221004567 0.24873593724289939 0.0022861260512992026 0.9999246595757193 0.012060216055986478 -0.6013083391047299 0.0009564583320844956 -0.012062428310909997 0.9999267888202682 67.65754057564807
0.9999999156749657 0.00031892113055637095 -0.00025872622077822635 0.24153350879153038 -0.0003154340030901152 0.9999105936742121 0.01336806536621444 -0.6054703215014494 0.0002629664696618657 -0.013367982434360512 0.999910609945822 69.08957598598973
0.9999918321675028 0.004032241565256953 0.0002768117446279982 0.23845135668986234 -0.004035916410495811 0.9998810181881503 0.01488827932292766 -0.6092304736204859 -0.0002167456870658356 -0.014889274692159818 0.9998891251066316 70.47593073122053
0.999970130696717 0.007625835063512989 0.0012587091079266895 0.24335504159112437 -0.0076446051089912315 0.9998483217460202 0.015649074568088846 -0.6196785067807125 -0.001139181020255721 -0.015658229249905814 0.9998767534592822 71.90565836619172
0.999918621151102 0.01264554788531609 0.0016855796247127524 0.24197374965284385 -0.012670366144519022 0.9997975593691183 0.015630167361293284 -0.6197318783202719 -0.0014875864851396706 -0.015650252083041778 0.9998764207046041 73.29696310829617
0.9998706802431336 0.015898755210139243 0.0024191627753018252 0.23485064902254604 -0.015933411110588238 0.9997597514595484 0.01505210320290761 -0.6278304934331322 -0.0021792720475575234 -0.015088701968136652 0.9998837841627992 74.70140534704433
0.9998457018453718 0.017200640893795135 0.003565168363980058 0.23735720540493727 -0.017251587442764886 0.9997418057597917 0.014788664231545253 -0.6252890679650909 -0.0033098736263100785 -0.014847886969970773 0.999884285792572 76.114716280678
0.9998425771130576 0.017363041804669847 0.0036531824378797733 0.2425937311016369 -0.017418121496176837 0.9997261548869811 0.015627678102149108 -0.6297506626554984 -0.0033808382804225556 -0.015688849299594302 0.999871206668655 77.50277842324331
0.9998754791048241 0.015400025306139825 0.003444630972947436 0.25512491580983565 -0.015453166241703916 0.9997530115584915 0.01597233769144473 -0.6327207332931291 -0.003197806046544679 -0.01602357902760378 0.9998665005569836 78.8806198745998
0.9998794554449455 0.015131818950837029 0.0034788808871879526 0.26094153034379386 -0.0151833435022298 0.9997677476281885 0.015294342726955689 -0.6402495080075938 -0.003246641950199119 -0.015345319901383048 0.99987698266257 80.28978977970571
0.999883204209964 0.01489107397020811 0.0034400339263448267 0.2720307871064962 -0.014941173446094703 0.9997754344708996 0.015028040472864585 -0.6485442666579123 -0.0032154780149388582 -0.015077683189042226 0.9998811550160973 81.67491383235689
0.9998876596317532 0.014666490441545393 0.0030922732013898436 0.2793882380473739 -0.014712188073091048 0.9997745136379992 0.01531252551153807 -0.6462598118423131 -0.0028669951617441777 -0.015356299182101176 0.999877974754593 83.06695221866536
0.9998908738528453 0.01458311076075129 0.002360772310873718 0.283875716988216 -0.014617524432944711 0.9997763621156347 0.015282466080775265 -0.6525284970517958 -0.002137378630964361 -0.015315306792050894 0.9998804293392547 84.44640314172403
0.9998935278911676 0.014502060815346988 0.0016195966215872826 0.28899676498966187 -0.01452559599219857 0.9997726142526043 0.015611754767910392 -0.6506730232314519 -0.001392825842767973 -0.015633617934010927 0.9998768174187072 85.82964740611085
0.9999073788997658 0.013600460469645432 0.0005109587193935696 0.29269632001949014 -0.01360707328108684 0.9997694673526742 0.01660902586131469 -0.6552686970913598 -0.0002849505460589775 -0.016614439929786402 0.999861930054854 87.20239781373664
0.9999246720551302 0.012247824999838019 -0.0008006141991594891 0.2961750911233461 -0.012231462767015854 0.9997636422665604 0.017973618240015192 -0.6596157557619783 0.00102056278845774 -0.017962471383727172 0.9998381409289923 88.57683869633345
0.999950568665045 0.009835846626237215 -0.001454763669595069 0.30375363608636413 -0.009807305253429596 0.9997812386727404 0.018474078846109198 -0.6623248898778826 0.0016361537701744576 -0.018458898070906476 0.9998282812891258 89.96404282993605
0.9999656707667058 0.007815675077296797 -0.0027518182085866146 0.3051640800008944 -0.007763174695229496 0.9997968903522567 0.01859868771700914 -0.6578679462513147 0.0028966208331668167 -0.018576686125302805 0.9998232425303435 91.33068726737652
0.9999723337837835 0.006659483358701265 -0.0033140521759093128 0.3039126230575626 -0.0065975293027921425 0.99980954642784 0.018366913216849245 -0.6583049871247612 0.0034357354458317488 -0.018344540253123057 0.9998258216055296 92.68463983670445
0.9999772410500961 0.005828146124323111 -0.0033985421800148347 0.30438887081109983 -0.005765494847653627 0.9998184311327437 0.01816215453686929 -0.6589636686960072 0.0035037770966140167 -0.018142146646255138 0.9998292784499586 94.03389041420293
0.999977103241038 0.005768942521717994 -0.0035372715663603256 0.29918786966472044 -0.005705466655871842 0.9998270653584813 0.017699916588756182 -0.6564867249939699 0.003638769957774882 -0.01767932927812904 0.9998370870570944 95.39347210357919
0.9999770844186222 0.00584014811855906 -0.003423930768077764 0.2998025808102909 -0.0057796161114855495 0.9998313756981603 0.017430324932293136 -0.6576279430713987 0.0035251493867785597 -0.01741013624981533 0.9998422177839497 96.7482059872885
0.9999722115015279 0.00670554474921546 -0.003257589257143853 0.2940499447133541 -0.006650122794780533 0.9998378232889483 0.016736278199433813 -0.6611258945161964 0.003369287098971877 -0.016714149514046667 0.9998546319824303 98.10824083937797
0.999968514937381 0.007346875889655732 -0.002998756633986021 0.29548527901523025 -0.007294642303306985 0.9998276363445097 0.017072955720637998 -0.6586254533800656 0.003123672908278416 -0.017050543075037963 0.9998497495294126 99.46724932524702
0.9999583274917693 0.008718378964641805 -0.0027079769083584414 0.2933728032724648 -0.008666634070042353 0.9997900719701347 0.018566137709448774 -0.6672372289229207 0.002869275295943415 -0.018541894700129787 0.9998239671981084 100.81632239510245
0.9999554013408852 0.009057118112360651 -0.002676552066707985 0.2865383362794537 -0.009001992926204112 0.9997607263843965 0.019936251669182024 -0.6613797415357895 0.0028564768669289073 -0.019911267949693348 0.9997976704965611 102.14610753585397
0.9999648709671253 0.008018961104234315 -0.002439894818683285 0.29014722135033133 -0.007969731983294863 0.999776945193842 0.01955871306354159 -0.6627181125202121 0.0025961913679802247 -0.01953858039566863 0.9998057329544415 103.4991269063215
0.9999574563075262 0.00884176511527177 -0.002628451126764229 0.28410768545393206 -0.008795708807358875 0.9998160173740418 0.01704602395980321 -0.6597117580464696 0.0027786847132712806 -0.01702217942345212 0.9998512510890263 104.8401584027827
0.9999580964571053 0.008820226536513544 -0.0024513107937220915 0.28608696690511864 -0.008778755795838769 0.999826264370144 0.01644306983265468 -0.658493544998711 0.0025959167351117312 -0.01642086111481479 0.9998617987114373 106.16403369960156
0.9999739819566453 0.00676576611777477 -0.0025019617503686835 0.2833623054449163 -0.006722208754674223 0.9998324436522285 0.017026348717559262 -0.6623646614486243 0.002616739045596177 -0.01700908677106585 0.9998519108494077 107.50977879469733
0.999990250547281 0.004064296954905532 -0.0017263539897563636 0.2875215689535497 -0.004029133962943845 0.9997937422993219 0.019905751936850635 -0.6572123626039299 0.0018069009556733445 -0.01989860186777071 0.9998003704408441 108.84124536737532
0.9999976155551388 0.0019006318468923762 -0.0010753984132331725 0.2928793552323909 -0.0018785399335234988 0.9997945141465703 0.02018416683481222 -0.660738445706788 0.001113540198261197 -0.02018209823599119 0.9997957005904851 110.17889427299386
0.9999991469659281 0.0013060827385803914 -1.4667017292478539e-05 0.30007301570616074 -0.001305550215642102 0.9998098310063617 0.019457579017610818 -0.6550093664646259 4.007743996538651e-05 -0.019457542989558808 0.9998106832771997 111.52747328194239
0.9999953462589983 0.0029670280893619025 0.0007100732570117368 0.29972665851352415 -0.0029786694957321435 0.9998511057456361 0.016996878668231106 -0.6538391849417666 -0.0006595373689332407 -0.016998914397092436 0.9998552904811844 112.84495101517508
0.9999816266579621 0.005900455606824196 0.0013895924174554264 0.30083994582245144 -0.005920963059447553 0.999866223193318 0.015247227002583413 -0.6561732273906183 -0.0012994410428844852 -0.01525517436563888 0.9998827886774544 114.17122902371017
0.9999612067955831 0.008338269484486491 0.0028386897561799157 0.3024137776457788 -0.00837970605300267 0.999853695384016 0.014912021128541212 -0.650758087038914 -0.0027139342163368186 -0.01493522981449159 0.9998847800907391 115.4890903028385
0.999940688966519 0.00993865928675335 0.004454390096563407 0.3071040559268047 -0.010014401681891598 0.9997998984921147 0.017316892349237077 -0.6536140514136565 -0.004281392428415515 -0.01736047306861412 0.9998401290390363 116.84559713629687
0.9999435723106757 0.009265827790425878 0.005195827294187921 0.31356963997674236 -0.009367061340816918 0.9997598836904245 0.01980992563228096 -0.6463708340372651 -0.005011024748201323 -0.019857477151125947 0.9997902631114225 118.15123175595495
0.9999403029740397 0.0090490645049779 0.006124125324807064 0.32819581311311097 -0.009174094633543375 0.9997435285566498 0.02070538881490149 -0.6498227064447211 -0.005935190756367942 -0.020760335771122646 0.9997668637982107 119.50699525840034
0.9999319980349037 0.009365911849262047 0.006948308515872777 0.33702195523969103 -0.00950542037664426 0.9997482545979657 0.020324232854277046 -0.6385394013946616 -0.006756204900282502 -0.020388897066372588 0.999769296664164 120.84997499675318
0.999905303462759 0.010494793280022011 0.00890187660631534 0.3491917501501426 -0.010673561274688529 0.9997374048160979 0.020277981479089477 -0.6308702381940311 -0.008686726516338235 -0.020371075656874772 0.9997547499468951 122.16270220500623
0.9998679698299844 0.012864191361432756 0.009927510670061502 0.3575198453456615 -0.013060438784538527 0.9997154115419885 0.019962988275950246 -0.6236205289658524 -0.009667878518796804 -0.020090009916123024 0.9997514309118919 123.52782865698914
0.9998510494384595 0.013439395274223418 0.010828738070806074 0.37480723424425033 -0.013643282805245866 0.9997267790403197 0.01897967705083528 -0.6253552223792906 -0.010570704930949143 -0.019124589278818115 0.9997612266278674 124.84070225647982
0.9998125641169124 0.015138401454693718 0.012069192410867069 0.39223174700890806 -0.0153565618519783 0.9997165604563402 0.01819271278036555 -0.6188310278020202 -0.011790363916797915 -0.018374643849740867 0.9997616514805605 126.18620166439663
0.9998137939889178 0.014288017520740512 0.012970346017879986 0.4078668080993681 -0.01452300777540387 0.999728744028554 0.018207708441756093 -0.6149067146798035 -0.012706676735822804 -0.018392686229445475 0.999750093498436 127.53643976576903
0.9998145914819712 0.013378945327114809 0.01384869862198929 0.4271044680448034 -0.013646108941149095 0.9997190558162634 0.019380226678478885 -0.6116550963904479 -0.01358552205040326 -0.01956561398868666 0.9997162699138739 128.85955188244895
0.9998220541139297 0.01200186090104877 0.014553879764073702 0.4485155599488473 -0.012296253773269383 0.9997181168908473 0.020309823697656267 -0.6041967250253776 -0.014306022785984814 -0.020485167552698243 0.999687799071912 130.2225466950468
0.9998259986714625 0.010723630944983697 0.015263554474343848 0.4741238403688461 -0.011049067817764815 0.9997099601894743 0.021398916611995673 -0.599597453379793 -0.015029654606316398 -0.021563840910392613 0.999654495432564 131.55786079009258
0.9998462326552332 0.009205570423374035 0.014925431223877933 0.5004379401927461 -0.00952361309749011 0.9997260703025904 0.021379550548639204 -0.5912573270840948 -0.01472453297660824 -0.0215184067943653 0.9996600153492187 132.9004961960827
0.999864359218891 0.007611792875183832 0.014605606978335291 0.523110326345591 -0.007935192428710113 0.9997217598393314 0.022213411580169443 -0.5846158638069131 -0.014432460429801551 -0.022326296515733285 0.9996465578185574 134.23636693173424
0.9998857475296633 0.005591491076827882 0.014043756637615663 0.5477233732699017 -0.005903457192759801 0.9997345296519617 0.022271493915702194 -0.5788533948085341 -0.013915498740488755 -0.02235185573603057 0.9996533166190937 135.5626415884862
0.9999025527026565 0.004847266718345642 0.013091565702109814 0.5696420177008588 -0.00513878776972171 0.9997375201219884 0.02232674956950251 -0.5722006377949197 -0.012979906804676623 -0.0223918483424793 0.9996650074564702 136.9267623638977
0.9999215866895974 0.003275920653999552 0.012086720293517046 0.5920402139701737 -0.003553825037354548 0.9997281552018636 0.02304313454519767 -0.5618146569831856 -0.012007948105512143 -0.023084281412263877 0.9996614052353737 138.26253897400483
0.9999395873904391 0.0018408047570202383 0.010836650835726934 0.6149073293539513 -0.0020982435804390953 0.9997147032355373 0.023793056428133237 -0.5520285013289203 -0.010789761705774505 -0.023814356616028706 0.9996581702970337 139.60941653389997
0.9999536536273098 0.0008096804539257642 0.009593487942995305 0.6325345421357075 -0.0010392275734513788 0.9997126987486237 0.02394660711512953 -0.540661825988222 -0.009571343423449298 -0.02395546674717445 0.999667207112701 140.93714704472103
0.9999643362912707 0.00048807675059201687 0.008431365485007404 0.6508430599675572 -0.0006925139624363476 0.9997054104826781 0.02426134171872505 -0.5323552204419459 -0.008417041001005503 -0.024266314956280885 0.999670095259437 142.27303096563156
0.9999741653944249 -0.0003431373923389647 0.007179888502572112 0.6598630189276737 0.00017340407475704148 0.9997208192250592 0.023627390122362264 -0.5162134170342559 -0.007185992058696103 -0.02362553435391065 0.9996950513137383 143.64066812692417
0.9999793171684227 -0.001654476927283966 0.006215138001205203 0.6713689679504344 0.0015202906219075945 0.9997669759128006 0.021533290806484903 -0.5114105836669166 -0.006249316581106945 -0.02152339630900443 0.9997488131687551 144.97224810016476
0.9999692431014114 -0.005799187432925723 0.005280366720393053 0.6880807240469375 0.005687622451926367 0.9997653144502104 0.020903755586435084 -0.5081127044642951 -0.0054003527456632 -0.02087307961600192 0.999767548341449 146.3096483210253
0.999875202966801 -0.015260969463063354 0.004084272324960019 0.7087161497744209 0.015159961917202532 0.9996038290922138 0.023714140647766235 -0.4965920469357454 -0.0044445554090264 -0.023649263434953542 0.9997104371972483 147.6513161782669
0.9997283747963452 -0.023159592639738758 0.0026095676941324487 0.7374620499399673 0.02308787427600103 0.9994259761052131 0.024792507472096936 -0.4834194871313661 -0.0031822543882601 -0.02472552346868424 0.9996892125652258 149.01363124970925
0.9996595219944882 -0.026056727876658976 0.0013736636379732626 0.7530818176479557 0.02602014617291142 0.9994182665930764 0.02204723299519977 -0.47766200192136604 -0.0019473434549034541 -0.02200398314477261 0.9997559865067286 150.3585279981538
0.9997037466346179 -0.024276961068578545 0.0017458718452226562 0.761124075783068 0.024238212827095214 0.9995148064383048 0.019561718404885797 -0.47021015995406495 -0.002219924030153344 -0.019513606079194064 0.9998071269475742 151.69022374169555
0.9997715050980466 -0.021225283264642243 0.002534738742540386 0.7611649031237071 0.021178262325540546 0.9996255873579186 0.017325309957667602 -0.4628300619715531 -0.0029015245663647172 -0.017267669596367823 0.9998466926108264 153.02137714863147
0.9997928183532686 -0.020016296039795333 0.0036970559872171087 0.7686730098678918 0.019949199402576324 0.9996500519195196 0.017372483889929357 -0.46730049518143896 -0.004043495335817241 -0.017295131068581028 0.9998422518427018 154.37211819408006
0.9997084063116775 -0.023745247302936298 0.004389251067889385 0.7809186654434459 0.02365233838918679 0.9995175718862755 0.02012934312565832 -0.460274320733068 -0.004865110216226667 -0.020019657190072617 0.9997877494791303 155.721144186162
0.9995296319553447 -0.030342619994012065 0.0044542299747595765 0.8063986041381043 0.030226406326081954 0.9992506067971292 0.024178281409967674 -0.4490029687510282 -0.005184524854993307 -0.024032272999825865 0.9996977395849077 157.0777524848156
0.9993944887590077 -0.03450741880614152 0.004460243095649994 0.8275261137086507 0.03438371879886339 0.9990873616423701 0.02534174090128835 -0.4391127735640824 -0.005330651031948094 -0.025173036076448125 0.9996688963788947 158.42650242457879
0.999358197276671 -0.03556643692288167 0.004268720689421676 0.8466663462831778 0.03544267034655716 0.9990276419511638 0.026221897121161564 -0.4239146555190011 -0.005197189862331665 -0.026053772591524343 0.9996470327685982 159.77581429965616
0.9994137027304395 -0.03383594910276389 0.0052325166147911524 0.8569661431679361 0.03368693007688092 0.9990852880413432 0.026339667841653022 -0.4147074397972978 -0.006118958554197401 -0.02614795715952517 0.9996393562954354 161.11923374522453
0.9994815759882576 -0.03155602523670004 0.00638720849948739 0.8644001746145059 0.03138407153455794 0.9991836827508747 0.02543635789389632 -0.39199958445404653 -0.007184665475537168 -0.025222714095147546 0.9996560384702127 162.47435329356423
0.9995942846148997 -0.027468019516197963 0.007534851890605978 0.8726925725007796 0.027277819135983518 0.99933297234062 0.024280261021491598 -0.3823221164830642 -0.008196757315785423 -0.0240648754649689 0.999676795226941 163.81438182929804
0.9996702700983979 -0.024321240740174572 0.008235791980174054 0.8799597522054186 0.024124634628566195 0.9994400771069691 0.023184787214589508 -0.367767728160048 -0.008795064108251701 -0.022978456686976106 0.9996972728554373 165.16937106930365
0.9996917842493228 -0.023273700398720235 0.008641256732835702 0.8921699797654714 0.02305699649697153 0.9994367520185042 0.024383471978179798 -0.3546039010298651 -0.009203883962984077 -0.024176714827092816 0.9996653314774551 166.5302606089355
0.9997267883001678 -0.021838585450099746 0.008332160045749375 0.9153056694379056 0.02162646410458701 0.999459686839877 0.024751373799731444 -0.3446141472454204 -0.008868193812199533 -0.02456441591460482 0.999658914123272 167.9084463624973
0.9997892307348513 -0.019006596578547506 0.007761659326807677 0.9289374928443175 0.018818153702027433 0.9995426971938146 0.023670100078949038 -0.33276201081092666 -0.00820799863554481 -0.023519050706788565 0.999689693349828 169.2563814035305
0.9998483450190966 -0.015720096710881058 0.007494364271406788 0.9278729574970384 0.015567475575720783 0.9996786559028566 0.020005966122077775 -0.32222179795524647 -0.00780645238327853 -0.019886263493820843 0.9997717718597396 170.63970850946572
0.9999221559854933 -0.01011738246987946 0.007302090765674977 0.9337907021114 0.009979803166329907 0.999776490649876 0.018637926408024617 -0.3159641680970436 -0.0074890263408136535 -0.01856360185763903 0.9997996335036625 172.01408565974276
0.9999519748563781 -0.006566211468535853 0.0072754959904170816 0.9425480364611794 0.006421124884579925 0.99978355994683 0.019788947399552614 -0.3051169493758474 -0.00740386031743186 -0.01974127987697556 0.9997777076446395 173.36683044830284
0.9999676946137761 -0.002036896982083136 0.0077756528363289125 0.9539986209213859 0.0018561841610383678 0.9997296362970023 0.023177767678057303 -0.298866068836812 -0.007820761962756651 -0.023162585531836567 0.9997011204812924 174.77142153360737
0.9999634115345298 -0.002617412898265784 0.008144000175856715 0.9617386158715511 0.002416835143664493 0.9996958772440339 0.02454204465897501 -0.28148419267345454 -0.00820576075245512 -0.0245214636417463 0.9996656257407008 176.1365101333765
0.9999623388389418 -0.004640279994553829 0.007334078096909124 0.9817432205110975 0.004444591476944277 0.9996395444272465 0.026476911733887012 -0.2662350907271469 -0.007454295397358971 -0.02644331721777821 0.9996225209684753 177.52162117664685
0.9999540817764729 -0.007829386371703443 0.005525852075017468 0.9943394606066018 0.0076801569986836874 0.9996185368825422 0.02652915272518254 -0.2487321454225615 -0.005731451635859774 -0.026485494757019033 0.9996327670705104 178.90515877107492
0.9999592181258826 -0.008064724989498439 0.004064761949462144 1.0082867222665561 0.007964651783920544 0.9996787313908019 0.02406238472666938 -0.23979648361131842 -0.004257512943907537 -0.024029028654429612 0.9997021953260744 180.25072509011335
0.9999738905847055 -0.0069344729778397715 0.0020325425264338557 1.0092151994254188 0.006894188681786263 0.9997919195465488 0.01919864046317932 -0.22674405077133233 -0.0021652522313935574 -0.019184126187027136 0.9998136231146847 181.66692633089795
0.9999951463938633 -0.0026179952736658085 0.0016891681993125617 1.0121394876838494 0.0025872333644297077 0.9998352942582627 0.017963590877374033 -0.21706397556652052 -0.0017359187259564169 -0.01795913315624769 0.999837214802746 183.0775739009684
0.999998026842698 0.0013910759874679877 0.001418174354522502 1.0073317658549898 -0.0014175412051654185 0.9998216124259426 0.018834381373437802 -0.21148184321929753 -0.0013917214302466554 -0.01883635425829049 0.9998216115141364 184.42499230736996
0.9999917447696299 0.003784402183643833 0.0014794227551889055 1.008734062234983 -0.003816230399898879 0.9997476422611914 0.02213793583555845 -0.20153139431423978 -0.0013952706742140367 -0.02214339857992399 0.9997538312483509 185.8655932922491
0.9999940690647375 0.0030170508261157213 0.0016610957776036182 1.0155319550501225 -0.0030585526497599355 0.9996681975736728 0.025576161638379974 -0.18731189484946137 -0.0015833801739581366 -0.0255810901268109 0.9996714963961755 187.22354756856913
0.9999956511367544 0.0025078530663451026 0.0015518957309043216 1.0202525438759684 -0.002548082683203349 0.9996458883640766 0.02648783081259919 -0.17068762495277548 -0.0014849187223489602 -0.026491669596095075 0.9996479312382408 188.66211879014708
0.9999981614006703 0.001047232600867067 0.0016063933075142964 1.0298789847830025 -0.0010898047976177886 0.9996419938849306 0.02673380662836424 -0.1527199493429408 -0.0015778218268493365 -0.02673550774373644 0.9996412972031959 190.08362960095997
0.9999969689540501 -0.0019344345043269 0.001523169685135284 1.0410039173024255 0.001891464164291251 0.9996138110331292 0.027724559265590303 -0.13553763700320817 -0.001576212930614075 -0.027721593808439044 0.999614440050841 191.49661252184703
0.9999889635711475 -0.004329863280467347 0.0018234633147175055 1.049583181541095 0.0042772015755097245 0.9995999942198845 0.027956343384708968 -0.12022980464315108 -0.001943781227911349 -0.027948235120739153 0.9996074818829808 192.89431513449384
0.9999722188871416 -0.007060644292983403 0.002389299403644564 1.0602553559576595 0.0069883492104597 0.9995543321586132 0.029022406448941912 -0.10066513519889672 -0.0025931516779377746 -0.0290049024941407 0.9995759056531467 194.31469405986667
0.9999332494515455 -0.011217477573395949 0.0027685422558728382 1.0713065425638244 0.011127469475499046 0.9994689156684836 0.030627864491553528 -0.07868240077384207 -0.00311063957407429 -0.030595012750056452 0.9995270226864453 195.75284700033217
0.9998845083490012 -0.0149416736355893 0.0027778284914355437 1.0862330060356307 0.01484698114457924 0.9993949817534901 0.03145214866227828 -0.061632612241107186 -0.003246095872192243 -0.031407273376662326 0.9995013987001258 197.1625286693277
0.9999094776119863 -0.013108293783059255 0.003034666263716103 1.0917078237892088 0.013019853329976409 0.999536215147371 0.027528858958894682 -0.04094313244864551 -0.00339411549117273 -0.027486855670522874 0.9996164027838008 198.60600147695513
0.999977911356219 -0.0052567705184482765 0.004067328464486283 1.0962570887178955 0.005165118623136529 0.9997396434385637 0.022225366423440085 -0.025147588656338433 -0.004183103512023875 -0.02220386693864201 0.9997447123715121 200.0083435841202
0.9999808246477654 0.003082518590485492 0.005371072021343248 1.100722869358245 -0.0032019253632741013 0.9997447114450213 0.022366484656874942 -0.0034453334658392787 -0.005300756186195137 -0.022383253219813527 0.9997354109644115 201.43244088615643
0.9999241155922184 0.01066724592225834 0.006162216291654606 1.0904077630894924 -0.010823100085793434 0.9996075574170509 0.025837795935552205 0.013098698240381512 -0.005884180341207475 -0.025902529160296294 0.99964715543895 202.87936865964113
0.9999044078710811 0.011990115220945799 0.00688565476907793 1.0962545319557533 -0.012183915597260784 0.9995100920599375 0.028829292710122214 0.029108661011793366 -0.006536615433931619 -0.028910430676796973 0.999560633290953 204.3205368826223
0.9999221562107786 0.010386953775483609 0.006913226321883192 1.1182468746624974 -0.01058512358359107 0.999515373236339 0.029274115993227972 0.0525074131294585 -0.006605807647247463 -0.029345014117094715 0.9995475143380766 205.76829951545622
0.9999597168141963 0.007245983563847722 0.005297213006317507 1.128118353176596 -0.007398397657640789 0.9995420342749718 0.029342553881780562 0.07152868293062757 -0.0050821718242195025 -0.029380562334414873 0.9995553781822891 207.22742478981127
0.999979602744656 0.004991821411636049 0.003984446186464048 1.1435275446695694 -0.005106982452517028 0.9995536324689228 0.02943560063122132 0.09029320296789131 -0.0038357307170422995 -0.029455348296885567 0.9995587374400201 208.65169941763259
0.9999827617221126 0.004733672206513573 0.0034739896663109923 1.1509183448307367 -0.004832324291450405 0.9995688705757702 0.02896069151324952 0.11615519568071109 -0.0033354017843231698 -0.02897697930670148 0.9995745143469535 210.1212827638133
0.9999744395406605 0.006049378931983919 0.003811204082504653 1.1586749276341108 -0.0061581495039262696 0.9995544611779366 0.029205416807063993 0.1301196615263816 -0.003632831712104129 -0.029228139845588048 0.9995661650642929 211.57730709398786
0.9999647175179491 0.007672339112137342 0.0034203693329687137 1.165469197877621 -0.0077737222510980255 0.9994988852625102 0.030684648324431435 0.1590424609366225 -0.0031832325718904007 -0.030710154251778074 0.9995232630710587 213.04896270622626
0.9999758870249826 0.006206508271860668 0.0031152239552460076 1.172737048703844 -0.0062978623201152654 0.9995232516175969 0.030225923388041236 0.17936072086814703 -0.0029261415766121887 -0.03024481336584034 0.9995382378501795 214.51440664985384
0.9999775915382666 0.005992761569465014 0.0029838275739743564 1.1794922999556532 -0.006077699336474332 0.99955157482042 0.02932082675812636 0.2003237750669955 -0.002806777059735313 -0.029338304106624337 0.9995655985881096 215.97193867143278
0.9999795592597415 0.005916863047615475 0.0024231779512543846 1.1943340098895963 -0.00598447464511033 0.9995639273564857 0.02891610670798459 0.22061959705518877 -0.0022510288128237453 -0.028930016670522158 0.9995789048251595 217.44939478482004
0.9999809686438254 0.005828322916454026 0.0020231162218329957 1.1962609060150757 -0.005883792550569813 0.9995739117024273 0.028589789519276747 0.24719112987721759 -0.0018556238236197616 -0.028601148599864408 0.9995891810770353 218.90279247628402
0.9999781236120736 0.006386567826394376 0.0017216402326586536 1.2041200927528397 -0.006433762313280874 0.9995597646256283 0.028963488755991747 0.26540618701044943 -0.0015359051466908354 -0.028973931345130054 0.9995789875064945 220.40013212333324
0.999980004429637 0.005926265698863613 0.0022068331999477104 1.2138948147600206 -0.005987294968255809 0.99956844053872 0.02875908576366813 0.28321062593288726 -0.0020354470050979586 -0.02877172325510744 0.999583935877028 221.8629419854093
0.9999709898773311 0.00755550240824807 0.0009663238571583008 1.214988505318196 -0.007580670838036959 0.9995381463301818 0.02942834517304907 0.30393091901029723 -0.0007435316837366311 -0.029434816411386882 0.9995664253613267 223.33458148994848
0.9999739467578164 0.007186247944323488 0.0006809120561774434 1.2200593377847886 -0.0072029830181672815 0.9995528924898726 0.02901951393015383 0.3283884905349788 -0.0004720662299798244 -0.029023662056748067 0.9995786132972069 224.8304089519087
