1.0 -6.776263578034403e-21 8.673617379884035e-19 -8.673617379884035e-19 0.0 1.0 -1.828002979293187e-19 0.0 0.0 1.0683203047244863e-19 1.0000000000000002 5.551115123125783e-17
0.9999976883345046 -0.002036670281639909 0.0006894197791949943 0.011279401908303567 0.002036096094335088 0.9999975803546352 0.0008328256609889331 -0.019617925057743756 -0.0006911143609250499 -0.0008314199984173404 0.9999994155502758 0.49620181181235123
0.9999973244659988 -0.0020386490445173087 0.001093147214835265 0.04557555933324539 0.002037275894718737 0.9999971360167034 0.001255972391508491 -0.02395525550127594 -0.001095704663488059 -0.0012537419700871825 0.9999986137795985 1.7276121622018445
0.999996543091652 -0.0025759659366834317 0.0005274502533217781 0.031048607490300355 0.0025753977693692637 0.9999961052691099 0.0010755344614504566 -0.054534411962301535 -0.0005302187845071093 -0.0010741723331622707 0.9999992825101786 3.061585409220714
0.9999944761117129 -0.003111189287278799 0.001169720765087887 0.04087087138898363 0.003109823413153151 0.9999944824143061 0.0011679645059743467 -0.06730600841819778 -0.001173348169090276 -0.0011643204117784158 0.999998633804497 4.3775585330314
0.99999414878436 -0.0033131518659681824 0.0008517164719179489 0.04634199841780711 0.0033118172597663958 0.9999932928565661 0.0015640046517878079 -0.07677478503743118 -0.0008568926172111361 -0.0015611747478918834 0.9999984142322557 5.6975620515606185
0.999989502608198 -0.004529682380740479 0.0006903978219835877 0.06439180370171146 0.004527739988290686 0.9999858572517948 0.00279013818934758 -0.10738051148740946 -0.0007030265581523722 -0.002786982917101187 0.9999958692302385 7.042308321141011
0.9999891218988703 -0.004560657960531684 0.000977998543209969 0.0599939959876524 0.0045575076092851455 0.9999844942311212 0.003200066593058506 -0.10486820713462615 -0.0009925778725280087 -0.003195574499438073 0.9999944015293527 8.366254968247071
0.9999925158333957 -0.003848958613953085 0.00039216510603039875 0.07396335203084678 0.0038479226727868767 0.9999891908815725 0.002609906999012007 -0.1320760920740202 -0.00040220632615593603 -0.0026083784065039036 0.9999965172889616 9.698637695292438
0.9999994481476632 -0.000725081348741568 0.0007602378586469413 0.07079735915784147 0.0007248633205933808 0.9999996960677824 0.0002871197785548901 -0.14964532076215203 -0.000760445876728205 -0.00028656854727716945 0.9999996697999873 11.029157485144031
0.9999975866585921 0.002157413712655749 0.0004150213880096546 0.06633387605672339 -0.0021571640841214442 0.9999974924156819 -0.0006015026990396939 -0.18092583001849347 -0.00041631807157394615 0.000600605969059834 0.9999997329759699 12.365288502554199
0.9999892743734994 0.004600459121793694 0.0005356416091024498 0.07028322746605306 -0.004599908428866278 0.9999888943624179 -0.0010256683874528918 -0.18989311408905285 -0.0005403542495567848 0.00102319346845681 0.9999993305462472 13.701035267551363
0.9999869593031104 0.004989788469786951 0.0010877649668621535 0.07388711416152585 -0.004989322735875017 0.9999874604143021 -0.0004309001470455159 -0.20118938555702348 -0.0010899015168164324 0.0004254673102013139 0.9999993155458808 15.050358604277832
0.9999947589079857 0.0030210149369597015 0.0011643129955599399 0.08014930383173773 -0.0030243873141944425 0.9999912058228788 0.0029054021025230483 -0.22219445580183583 -0.0011555255889264138 -0.0029089081669520273 0.999995101493677 16.397665945529216
0.999998477825353 -0.0009692727186125902 0.0014508127612558094 0.09344137627728792 0.0009619911878738358 0.9999869805922215 0.005011309514287063 -0.24238391598212441 -0.0014556513203833003 -0.005009906144361206 0.999986390865057 17.753929603576935
0.999995881226592 -0.0027151464689228314 0.0009303273987914841 0.09291445050345698 0.002711909553965101 0.9999903252040299 0.0034633868229426157 -0.27280581623713274 -0.0009397220802365306 -0.0034608495436247184 0.9999935696992795 19.102549879611917
0.9999911957496689 -0.003860076229498771 0.001645671169118441 0.11354342727087355 0.003858846536044352 0.9999922733870659 0.0007499810558173189 -0.27094249523358926 -0.0016485535771440353 -0.0007436240487842215 0.9999983646453755 20.453668508641833
0.9999970383681877 -0.0019155452167522239 0.0015013132281441362 0.11178097673237333 0.001915656106688118 0.9999981625155353 -7.230173585237784e-05 -0.30750008276392693 -0.0015011720986668501 7.517752085864411e-05 0.9999988704145273 21.828467362837078
0.9999970803485028 0.0005388484536173558 0.002355618227872497 0.12240881457857036 -0.0005418967303872483 0.9999990165038372 0.0012935765423288212 -0.3066583980345016 -0.002354919066439396 -0.0012948492487033024 0.9999963888535867 23.189503825934423
0.9999938210423412 0.0007536494475829249 0.003433640915811269 0.13753689465772248 -0.0007717382314534914 0.9999858166689071 0.005269808853420235 -0.3242675667255809 -0.0034296209137656946 -0.0052724260872495455 0.9999802194138748 24.561792476786994
0.9999937969830777 -0.0011022598121539062 0.0033452980306739903 0.15070149097833024 0.001079150879203775 0.9999755994594308 0.006901878358564838 -0.3294260058385955 -0.0033528243479200503 -0.006898225364666403 0.999970586092274 25.94255707573367
0.9999822640617329 -0.004899909840074992 0.003385623061926085 0.13710444415908637 0.0048790709122015045 0.9999692694696101 0.006136349951722638 -0.37289317417330836 -0.003415586869240579 -0.006119722333212326 0.9999754410782464 27.307529544675916
0.999979934678086 -0.005536404507625155 0.0030787113734794622 0.16384599440201122 0.005526577790737224 0.9999796357370727 0.0031914032191803525 -0.3533819563088205 -0.003096317838247345 -0.0031743243976940574 0.9999901681904911 28.701507202795426
0.9999803988321735 -0.004982761967790823 0.00379131012169234 0.16020740414418097 0.004974850807780866 0.999985434242735 0.0020933623196291093 -0.39590635748760683 -0.003801685944704867 -0.0020744600540470903 0.9999906218548504 30.078753264563737
0.9999865168546306 -0.003431022693095441 0.003897972716738915 0.18533173131419642 0.0034275010544343094 0.9999937121750772 0.0009098618828098159 -0.37710263743557654 -0.003901070291672025 -0.0008964892957624531 0.9999919889462264 31.442874787342184
0.9999880719657335 -0.0009365211782832424 0.004793626412780021 0.19787884669930692 0.0009403379614226163 0.9999992426566505 -0.0007940089233766089 -0.4231508608756838 -0.004792879577922146 0.0007985070699150134 0.9999881952765427 32.82633102842487
0.999988538187703 -0.0006500875615069258 0.0047435091753728655 0.19080782698721163 0.0006543519715183967 0.9999993831684085 -0.0008974885574426791 -0.434457380534278 -0.004742923200728449 0.0009005821822594156 0.9999883467480615 34.23219575240669
0.9999889016194379 -0.00048626260863162974 0.004686169713188526 0.2051346082501024 0.00048154643099279697 0.9999993765388719 0.0010074897818209039 -0.4770151920654942 -0.004686657088828193 -0.0010052219773645512 0.999988512320714 35.62060965972254
0.9999894518717307 0.00033839631020292436 0.004580571276921669 0.19754004974030168 -0.00034875879669110145 0.9999973816444344 0.00226165277648419 -0.4820455277784401 -0.004579794331830854 -0.002263226402096864 0.9999869515590776 37.006577479546344
0.9999865353685164 0.002789260392304402 0.004375969317892126 0.20566672556595883 -0.0028007818635178853 0.9999926221791132 0.002628918227276428 -0.48807927743977686 -0.00436860466015143 -0.0026411389276524786 0.9999869697533067 38.40461806553803
0.9999786158121365 0.004901845292280601 0.00432895240617516 0.22317154455520072 -0.004913005624303056 0.9999846258040969 0.0025710961634190996 -0.5022237848705415 -0.004316283096112091 -0.002592309313539104 0.999987324734964 39.80811793581363
0.999965658382624 0.007048304229298349 0.004359295600538726 0.23471541968372245 -0.007062443429877586 0.9999698231706088 0.0032364561336595274 -0.5200519607017801 -0.004336352883997672 -0.0032671322211373886 0.9999852608354359 41.24184922138492
0.9999600880232276 0.00787116430112555 0.004226952471774728 0.2289118908777397 -0.007884382230091086 0.9999640523846173 0.003119369144708254 -0.530669075294008 -0.004202247804966081 -0.0031525715093349426 0.9999862011066518 42.627481963398246
0.9999655964867891 0.007354936824028212 0.003835458524240624 0.23499442868545256 -0.00736759739949497 0.9999674232137474 0.0032971241503367155 -0.5567574022640011 -0.0038110837540343894 -0.00332526878519085 0.9999872090308577 44.07186993317301
0.9999704311046705 0.007082777082433106 0.0029951929207002884 0.2645257459911855 -0.00709210930352266 0.9999699944429368 0.0031164413565558406 -0.5770862412600578 -0.002973030235294977 -0.0031375913983309727 0.999990658260684 45.44301917242139
0.9999718523444929 0.007231129621166332 0.0020013191734459344 0.2702268397089199 -0.0072386966953597275 0.9999665814989581 0.0037996267593693074 -0.6059059343930266 -0.0019737768614567705 -0.003814006697427641 0.9999907787347013 46.88120391747353
0.999973233726713 0.007232008305118127 0.0011090000922008882 0.27154377289181686 -0.007236748573754084 0.999964435395023 0.004330984149388379 -0.6113407075744517 -0.0010776390253699787 -0.004338893718473023 0.9999900062959292 48.275312831583015
0.9999705864581858 0.0076678986791075135 0.00017187961402704514 0.26637247180690404 -0.007668624549790753 0.9999594848665723 0.004713897788242096 -0.6218415910725297 -0.00013572696829546732 -0.0047150771492300275 0.9999888747490744 49.69181783480877
0.9999677354001021 0.008015315403191768 -0.000531856397679875 0.2740396444195408 -0.008012441429998681 0.9999543615741715 0.0052034182548041106 -0.641675575230615 0.0005735392139838928 -0.005198988826608743 0.999986320688483 51.13654169581601
0.9999591704764867 0.0087810653888668 -0.002133134268745185 0.29524139957987944 -0.0087670475610383 0.9999404774014422 0.006494655035645626 -0.6720887475787565 0.0021900374761528165 -0.006475688480292884 0.9999766343223078 52.57557121312691
0.9999697864445287 0.007323849210530248 -0.0026052684998515967 0.29050870473139373 -0.007304682611306769 0.9999467319988309 0.007292104498778791 -0.6769381280167718 0.0026585362214489507 -0.007272853414949124 0.9999700184425622 54.01986763823235
0.9999842645554061 0.004509894244288705 -0.0033363889534868294 0.2791385877255667 -0.004484402104123553 0.9999609943892087 0.0076091948432414685 -0.6854364257808583 0.0033705757635114865 -0.007594113290425405 0.9999654837334864 55.42050838770294
0.9999908041016925 0.002520051700084886 -0.003470021396422205 0.26018010621042265 -0.0024939144827085705 0.9999686430749628 0.007516200115238523 -0.6989296520658891 0.0034888540931787065 -0.007507476952173041 0.9999657322544182 56.839219721745906
0.9999934055425617 0.0010055841154182506 -0.0034896517733858136 0.26674271526801563 -0.0009803813423521319 0.9999734809778829 0.007216384095211486 -0.7099084359657138 0.0034968162056539867 -0.0072129152133192185 0.9999678725474215 58.298376937419185
0.9999952604229037 -0.00013643355864490148 -0.0030757951208914306 0.2663142114091236 0.00015902909293997154 0.9999729963976544 0.007347189346006475 -0.707313849716328 0.003074709917599551 -0.007347643557906351 0.9999682786413849 59.6848079260199
0.9999964566906873 -0.0003227186226012535 -0.0026424339427034635 0.27603269484572635 0.0003462856950792778 0.9999601284762877 0.008923090913706406 -0.7471770815431116 0.0026394491581503594 -0.00892397420420542 0.9999566970557344 61.13609462591319
0.9999923897751282 -0.0031628308593345004 -0.0022840513315375375 0.27503409507723053 0.003182201384342832 0.9999585777166694 0.008527394289123738 -0.7582767971227117 0.0022569862029882754 -0.008534597580826208 0.9999610325665467 62.537419545369715
0.9999905393082685 -0.003914927637776317 -0.0018959517439161118 0.28625435957548634 0.003929948414946016 0.9999604008031588 0.007984506196604619 -0.756562781396271 0.0018646180565193952 -0.007991881533697823 0.9999663259447421 63.959508031398144
0.9999903733376458 -0.004254419521254554 -0.0010738455608457547 0.28961571733474556 0.00426227842175491 0.999963350024029 0.007425065607857463 -0.770602468269405 0.0010422169461224411 -0.007429571049591003 0.9999718572301106 65.41651953080692
0.9999968876538643 -0.002447298895626067 -0.0004851905878823833 0.2939801992328044 0.0024509637407233477 0.9999673358391883 0.007701950297371518 -0.789797741837338 0.0004663258032576757 -0.007703115398736081 0.999970221830244 66.81101282258152
0.9999998222507435 -0.0005941316300007846 5.006068837202799e-05 0.28664318371019476 0.0005936952011665643 0.9999652995373668 0.0083094677407308 -0.8107061905416977 -5.499587367755344e-05 -0.00830943642247934 0.9999654745214098 68.25205922949054
0.9999940226840575 0.003358966944576143 0.0008197172527718401 0.2840475950938164 -0.003366943445513214 0.9999450164673206 0.009931150167138617 -0.8334290328756135 -0.0007863138413410527 -0.009933850603927387 0.9999503489243513 69.62309279397051
0.9999790450049683 0.006304873345097589 0.0014690539608017928 0.28758013836747176 -0.00632009056779822 0.9999239032227214 0.010594537845581087 -0.8448445242891518 -0.0014021450664330939 -0.010603600238820716 0.9999427971847157 71.07458805158808
0.999934923409903 0.011238979336033017 0.001958130933416729 0.2886741475915545 -0.01125941069977505 0.9998787685260173 0.010755182163721618 -0.8428835430743685 -0.0018370164260384557 -0.010776529499607666 0.9999402441010022 72.45434550996926
0.9998799899764387 0.015219867398734386 0.0028915841276164643 0.280840731403879 -0.015249054742201259 0.9998301086743996 0.01035471628594277 -0.8593417248005041 -0.002733495687187759 -0.010397567393177334 0.9999422076221168 73.82771473039094
0.9998526294961504 0.016792903552593105 0.003566181789110742 0.2905593544686599 -0.016829309982744015 0.9998039103355806 0.010436246451601364 -0.8663448380168887 -0.003390227895493557 -0.010494724686703136 0.9999391817001223 75.27330889247017
0.9998448537519016 0.017186014091422477 0.0038612584421076675 0.2844339054360679 -0.017227362743868355 0.9997917124468216 0.01094302216944105 -0.8805183487945704 -0.003672387558201463 -0.011007843544297227 0.9999326682033145 76.64376492189366
0.9998484170195996 0.016906447151815746 0.004161129681555108 0.2966068384637129 -0.01695211886515198 0.9997936118174927 0.011196404463491997 -0.9002157945621004 -0.003970979779690862 -0.01126524708418711 0.9999286602141191 78.06763260806785
0.9998691917397219 0.015780583602311923 0.0035457815517394194 0.3175832582090595 -0.01581618657657367 0.9998224035607601 0.010247419847705176 -0.8936457074314255 -0.0033834418456297807 -0.010302159996938851 0.9999412071774082 79.45225916266838
0.9998744616799393 0.015470231978840746 0.003425314530677295 0.31947569815520305 -0.015505193260662336 0.9998254234242614 0.010426489775880525 -0.9117575095724191 -0.003263416603181287 -0.010478290866851392 0.9999397759480926 80.82299109733901
0.9998859243988055 0.014784988313607077 0.003089059510406048 0.3232198871524527 -0.01481629705293833 0.9998364514010062 0.010370526600732661 -0.9114720285822435 -0.0029352264249593828 -0.01041511185198664 0.99994145322689 82.19774566650685
0.9998831651870311 0.015088414786910791 0.002448610397868288 0.3294580698448249 -0.015112846580113125 0.9998328875104093 0.010285861758878304 -0.9231637552266782 -0.0022930040424435395 -0.010321665338821515 0.9999441011115159 83.58160691890951
0.9998889091427413 0.014794659916963705 0.0018131161611052984 0.33565756100647176 -0.014812810829751253 0.9998357514725125 0.010442736388269964 -0.9174939794220064 -0.0016583217595468021 -0.010468433493658641 0.9999438293522495 84.9645176804906
0.9998968678985319 0.014336218694214772 0.0008522794931203181 0.33664127635924934 -0.014344795529948884 0.9998355893747183 0.011091487312098844 -0.936263680674412 -0.000693129434469579 -0.011102569040715856 0.9999381243468646 86.33335235690342
0.9999138998904438 0.013122176896912622 3.553108177293835e-05 0.3365876465261101 -0.013121625246733996 0.9998385197593583 0.012278329859101551 -0.9651149382953407 0.00012559308742465369 -0.01227773874379478 0.9999246178321636 87.72384709202521
0.9999510573445785 0.00977693517957658 -0.0015147421447619302 0.35692428588435865 -0.00975669553638034 0.9998699821001698 0.012838450377663162 -0.9619099576254537 0.0016400660391614804 -0.012823042968055389 0.999916436379427 89.1153148775893
0.9999615535558095 0.008380723929427345 -0.0025797031204439977 0.3675357454973172 -0.008346170368331952 0.9998790167116619 0.013126057999134268 -0.9691213890141356 0.0026893971160660618 -0.013104022518968287 0.9999105218602121 90.46464876610948
0.9999628590398449 0.008184194820016132 -0.0027017564184526888 0.36688929637732814 -0.008149165567379017 0.9998857425306917 0.012731575014477744 -0.9680702494267738 0.002805645650767602 -0.012709084908696397 0.9999153001647599 91.84324671681739
0.9999724677827111 0.006663439356646573 -0.0032653094725835097 0.36456487564940937 -0.006621340549532117 0.9998969394208953 0.012738461516101156 -0.9812687665539039 0.0033498551966178666 -0.012716489889111372 0.9999135309344813 93.17493371194323
0.9999726916234819 0.006612182476081445 -0.003300764105805382 0.34146889168814964 -0.006570172192836292 0.9998992802617057 0.012580229925814033 -0.9875113160838963 0.0033836147152883295 -0.012558199611016367 0.9999154178054219 94.55658291257134
0.9999747499311762 0.006434671607643077 -0.003015708103288178 0.3470935447878451 -0.006399162388567863 0.9999117733016626 0.011640289847722977 -0.9935026702303367 0.003090343741005512 -0.011620697756677796 0.9999277019619666 95.89511954050298
0.9999678596391104 0.007521974756100077 -0.002774811208653914 0.3443197074954857 -0.007490214509433101 0.9999082765284326 0.011284291379823693 -1.0077704868597017 0.0028594370903892276 -0.011263144605780737 0.999932480313053 97.22980160023762
0.999962062774636 0.008412238820475242 -0.002259920628032904 0.33582182370494856 -0.008386124623111281 0.9999006832290674 0.011326809289940048 -1.0074310343356945 0.002354980205061386 -0.011307427444056899 0.9999332958474119 98.56975555594767
0.9999509885779787 0.009728636574513633 -0.0018368620008023572 0.3343647599261175 -0.009705171026575244 0.9998762773842542 0.012378998337542817 -1.0031223361567847 0.001957065682787496 -0.012360564388217992 0.9999216900997508 99.91581952108052
0.9999433065189159 0.010503194876502009 -0.001751180632641845 0.3290941248270515 -0.010478336990509507 0.999851972223052 0.013646908763013343 -1.0143497170213176 0.0018942577138550895 -0.013627785416100874 0.9999053431405204 101.29599096317692
0.999951583962943 0.009622661294988693 -0.0020576951502767667 0.32623380881616787 -0.009595457180462822 0.999871448780894 0.01284574384298078 -1.0223615712642848 0.0021810410592313454 -0.012825377193371094 0.9999153727938341 102.61383667478977
0.9999577541377023 0.008950839219115046 -0.0020910303889131445 0.3454575613210272 -0.008928269085135597 0.9999043282496588 0.0105650544588686 -1.050230262646405 0.0021853966263989137 -0.010545938696045035 0.9999420019234597 103.99013555676612
0.9999648834157607 0.008137881800959793 -0.002001701141779835 0.3366685820582835 -0.008119175752328438 0.9999248775049684 0.00918250216561607 -1.0459989967837966 0.0020762770630497465 -0.009165927412952211 0.9999558364455952 105.31347142937022
0.9999729386615506 0.006952952258057874 -0.0024038288825049383 0.33683482427745043 -0.006927762314077983 0.9999226092900774 0.01033351602677887 -1.0510178953652647 0.002475491501870556 -0.010316583084792339 0.9999437184401082 106.63173233974057
0.9999907312265185 0.0041617518172066045 -0.001103304412450626 0.32901973149570424 -0.004147257872808895 0.9999091020234794 0.012829183760894203 -1.0581725623102076 0.00115659610148102 -0.01282448897725606 0.9999170939417598 107.95852237614956
0.9999966044842851 0.0025825889364271787 -0.0003482147081909758 0.3425369026121939 -0.0025776406368146413 0.9999051082949798 0.013532560265082323 -1.0703033301235565 0.0003831307389234777 -0.013531616547203557 0.9999083700781207 109.30064328754014
0.9999975791618467 0.0021878856709214877 0.0002341502755072826 0.35647520197528415 -0.0021906094864658824 0.9999214166869317 0.0123434878530571 -1.0762322778760303 -0.00020712575157181504 -0.012343970724933907 0.9999237888332039 110.64430833289087
0.9999908470824417 0.004133268015138804 0.0011053712063456757 0.3405631304651514 -0.0041444264119059986 0.9999384667896655 0.010290110525161579 -1.071072026592425 -0.001062771492128337 -0.01029459732195498 0.9999464444526597 111.9559991436153
0.9999758929532158 0.006635436465313523 0.002045602956522472 0.34739552023178666 -0.006652154642585674 0.9999436192069131 0.008276911092700331 -1.0975273613619387 -0.0019905668704476636 -0.008290319109234084 0.9999636534620813 113.29414497543229
0.9999529818074172 0.008882153610107574 0.00389120986462853 0.34235524875338286 -0.008913739775465132 0.9999268434365334 0.008176370396969425 -1.093392027104195 -0.0038183017358333353 -0.008210671073753452 0.9999590018822077 114.5998089067137
0.9999378335561714 0.00997598275380922 0.0049808414140891655 0.35069218250904516 -0.010026921571802901 0.9998965902005313 0.010308722903595089 -1.1039503496841119 -0.004877487109270907 -0.01035802440507945 0.9999344585726893 115.9953134391103
0.9999317537051959 0.009975829819666406 0.006080356978251813 0.34641573574929413 -0.010051064447601196 0.9998717183859809 0.012470881941317097 -1.1101528111452525 -0.005955170079440809 -0.012531144730120248 0.9999037485430772 117.2781668212873
0.9999242171168166 0.010192811712053973 0.0069041003213373775 0.3651913702554894 -0.010281225660976799 0.9998640143132368 0.012893769902577599 -1.1120213884193901 -0.006771738257086755 -0.012963775203121856 0.9998930363208676 118.60650541906236
0.9999133846081899 0.010369210343968042 0.008105723000997201 0.3874254760951983 -0.010472255168997219 0.9998635548090432 0.012775118728701858 -1.1164202598991273 -0.007972149784720326 -0.012858897222151444 0.9998855402398189 119.95609514817254
0.9998817756746976 0.012217277556411502 0.009336636677869884 0.39907507041572804 -0.012334598496025416 0.9998443730955078 0.012612981226343434 -1.122151223886268 -0.009181088118038926 -0.012726653547910336 0.9998768623698049 121.23253508491223
0.9998538150580635 0.013657569712422947 0.01028684987160585 0.4086184576510364 -0.013781458175418582 0.9998321765378273 0.012070219531539651 -1.1181709154814568 -0.010120274474772525 -0.0122102226642533 0.9998742373422771 122.57028190673815
0.9998316806278507 0.014554220453293682 0.01117072303230885 0.4365163177080331 -0.014684122472956751 0.9998244735101134 0.011636096804199744 -1.1271079069625651 -0.010999408872324964 -0.011798170320742056 0.9998698996254209 123.89761052363876
0.999795178243783 0.01615038468313388 0.01219699150804549 0.4478069606130761 -0.01628252290639237 0.999808960198099 0.010813074993578746 -1.1272202941829812 -0.012020027077271496 -0.01100945787784755 0.9998671465670333 125.26883187108693
0.9997842827396946 0.01597993471668653 0.013267616160591234 0.4583946598965876 -0.016121974626424986 0.9998131139404561 0.010668606356654361 -1.1317246637886373 -0.013094654085868124 -0.010880204970718503 0.9998550650839086 126.60450492171388
0.9997786867464815 0.01565817030965406 0.014049882384342498 0.4889780717523758 -0.015817005762003455 0.9998114319840126 0.011266003604679282 -1.1444609958199659 -0.01387082917873823 -0.011485737196073468 0.9998378258195475 127.92625710720006
0.9997933503227597 0.013715242947787804 0.01500495684427059 0.5083547096436067 -0.013900438916877625 0.9998276263347299 0.012308348618062065 -1.152850970014875 -0.014833559630593279 -0.01251438040927449 0.9998116601606067 129.30789933395164
0.9997874811786441 0.013292126331405094 0.015757913064672054 0.5259723900248336 -0.01349726193830379 0.9998246073758528 0.012983775855273882 -1.1526679207611594 -0.01558256855421103 -0.013193705050269974 0.9997915331240955 130.66079905848835
0.9998055440626374 0.012328339211526651 0.015391104093846775 0.5537851140095813 -0.012533343156268518 0.9998330662339204 0.013294923920519359 -1.1629744089289717 -0.015224631737553153 -0.013485240439884295 0.9997931580481826 131.99381732731752
0.9998300214204204 0.010581012018741972 0.015098689578063186 0.5854289030921946 -0.010791253003696889 0.9998449972168906 0.013911521236444515 -1.1686761128120466 -0.014949152513873371 -0.014072090153349636 0.999789227346351 133.30518334505376
0.999839095274853 0.009640098325275168 0.015127856487753843 0.6043414582456679 -0.009846048750010074 0.9998590511291914 0.013599015439828445 -1.1768322479032396 -0.014994629639763135 -0.0137457767092589 0.9997930859458207 134.64581856390936
0.9998636770328185 0.009184883540145572 0.013720978322204315 0.6415418878642006 -0.009369189813755925 0.9998659306333564 0.013429038004553012 -1.1706520400651592 -0.013595795744488905 -0.013555761574046081 0.9998156808452583 135.976120540422
0.9998864161608692 0.008567232260851893 0.012399890852553077 0.6711876001066699 -0.008739907986929979 0.9998646503784465 0.013938972423278347 -1.1757825732648532 -0.012278795143006872 -0.014045762884625328 0.9998259587197071 137.36141285768173
0.9999066963559663 0.007757089150092074 0.011243937848241927 0.6800314586106739 -0.007913025864524248 0.9998722046411129 0.01389094765074759 -1.1850482311629496 -0.011134748535563257 -0.013978624944787204 0.9998402949536166 138.69314082695846
0.9999168806841915 0.00794520494685992 0.010154084414871437 0.6932042389407811 -0.008085048246554231 0.999872004795042 0.01380601466815628 -1.18738765461991 -0.01004309396293078 -0.013886963184478934 0.9998531334696047 140.03000215520584
0.9999314536645165 0.007898711092040106 0.008642819358455421 0.7270381303928446 -0.008014076949821928 0.9998781550877793 0.013395878745293868 -1.1948993079746235 -0.008535956810872627 -0.013464224532828653 0.9998729179698708 141.34551977267427
0.9999398938279668 0.007900967756965341 0.0076015414116127515 0.7404625837825305 -0.008001858005335757 0.9998790712670044 0.013334658940750104 -1.1848314774093236 -0.0074952660813638 -0.01339468370797954 0.999882194773138 142.69135126287537
0.9999601741756375 0.005664185621710123 0.006896887663006117 0.7458552274949071 -0.005738971423210838 0.9999244262478902 0.010872258851682073 -1.1981081399898676 -0.006834784517421243 -0.010911406739288806 0.9999171100222753 144.06151920617683
0.9999791341400287 0.0030495204509867905 0.005694884385846026 0.7456085339459685 -0.0031079106317419133 0.9999424067305633 0.010272493524523332 -1.212177576288887 -0.005663230692932502 -0.010289978223406902 0.9999310196997956 145.3744484592733
0.9999737256409634 -0.005141240537352422 0.005110349367057648 0.7610830157086086 0.005072026600537108 0.9998964667895902 0.01346589256851746 -1.2235315735803256 -0.005179052104490611 -0.013439618737250438 0.9998962716479652 146.7208000664021
0.9998990181280503 -0.013802547635525735 0.0033827809489050363 0.78156746446389 0.013749604309870322 0.9997898669657886 0.015204286458681297 -1.2178643782679346 -0.003591928308727332 -0.015156238979642057 0.9998786858697074 148.0261216178459
0.9998625025856285 -0.016461418070575745 0.0019994029416269274 0.8290127065501647 0.01643698379338964 0.9997967022980955 0.01167817085673993 -1.2129130259605443 -0.002191235909752516 -0.011643700812818165 0.9999298088895172 149.3809413372744
0.999846500621424 -0.017355732075402096 0.002398693407705134 0.8268229729515534 0.017334009183738223 0.9998110381910953 0.008798867758845268 -1.2364130915313702 -0.0025509511574649275 -0.008755938034321672 0.999958412229984 150.74062389214774
0.9999135908796097 -0.012787096270077217 0.0030497422103987837 0.8305726116725357 0.012767637931200107 0.9998985359487879 0.006317060254527127 -1.226288249386783 -0.0031302098955226284 -0.0062775763051540695 0.9999753966054798 152.06109267751225
0.9999229057749355 -0.011791687183647103 0.003890836225508441 0.8391563401233822 0.011764712708710792 0.9999070921883328 0.006884660164748194 -1.2638383939361955 -0.00397165683227715 -0.006838354725467671 0.9999687309315552 153.44502971905183
0.9998874522432695 -0.014471647296983123 0.003956545285775902 0.8575133081461739 0.014436430052541327 0.9998571564181075 0.008789554866466192 -1.2668402530959249 -0.004083179803710932 -0.008731447103215136 0.9999535436542212 154.76608900237377
0.999811823716997 -0.01877212827007979 0.004891249444927139 0.8645095507807244 0.018715013986379474 0.9997590369281302 0.011472418080480759 -1.2739558059910774 -0.005105432972454663 -0.011378719273217493 0.9999222266216762 156.11145898295078
0.9997064814140755 -0.023712661952064767 0.004965946676992064 0.886687374141983 0.023642853560055542 0.9996269491789308 0.01367399057571205 -1.273170279360296 -0.005288341293874172 -0.013552567654284557 0.9998941750726771 157.46542576571514
0.9997324074319245 -0.022557702984516065 0.005124794256478828 0.9078889462174997 0.02248777487241756 0.9996584308695625 0.013316216976200931 -1.2958715000515506 -0.005423427514601743 -0.013197408240395064 0.9998982022376698 158.7829543458563
0.9997617087219004 -0.021073837833472588 0.005693776271975987 0.9284276633590398 0.020994543205772865 0.9996864708330978 0.013645117980254952 -1.2911583497257486 -0.005979546618840858 -0.013522328035699303 0.9998906898531856 160.1897413202953
0.9997890158176365 -0.019447498865082277 0.006612004232577522 0.9403621346304207 0.019357233622926226 0.9997221267322296 0.013452393006142899 -1.2870322938382124 -0.006871782913480079 -0.013321564456588247 0.9998876509434478 161.4990970483626
0.9998288237282433 -0.0168663957192057 0.007605781204156895 0.9300111099085767 0.016775350167092223 0.999788706942244 0.01187977843968795 -1.2795141844870093 -0.007804543859215489 -0.011750155087019787 0.9999005065216472 162.89480253081868
0.9998564806562077 -0.014694932195010689 0.008430719636978614 0.9513907513359907 0.014595685414865023 0.9998248426315304 0.01171537688063724 -1.284260930753191 -0.008601400328780704 -0.011590643195047066 0.9998958310220766 164.23623692748188
0.9998834715193271 -0.012387414606224653 0.008921621124344064 0.9482574073866707 0.012268463556771615 0.9998367280581417 0.013266576605287711 -1.3033384406355952 -0.009084503823957538 -0.01315557589469079 0.9998721931350123 165.56080688635993
0.9999097733838839 -0.010243500232025995 0.008689981649716513 0.9835981758264355 0.010128683085367135 0.9998621632621313 0.013155389685065695 -1.310011222420789 -0.008823541830872783 -0.013066184457391676 0.999875702237313 166.92094668072065
0.9999275626016152 -0.008693413263683194 0.008324308102092422 1.0056209941058407 0.008597550493630663 0.9998971008487132 0.011483460160826728 -1.3059744522140284 -0.008423282711246885 -0.011411059502660375 0.9998994129521311 168.26413404662966
0.9999392000583239 -0.007339348477982443 0.008229832491082046 0.9966148756450259 0.007268640503791366 0.9999366959900224 0.008588998207329918 -1.3179592834223832 -0.00829234985767916 -0.008528656178011775 0.9999292469735147 169.63175263404673
0.9999674670887896 -0.0011853812412594429 0.007978698701222788 1.0008059145300496 0.0011287631361353552 0.9999741793469643 0.007096938712053626 -1.3069497991140917 -0.007986905933332625 -0.00708770166413628 0.9999429852822493 171.010368836769
0.9999642965468664 0.001454472426867007 0.00832406984095863 1.0027848427161286 -0.0015200044687172253 0.9999678626474551 0.007871674882074813 -1.313122742989265 -0.008312353888932355 -0.007884046345563316 0.9999343711374594 172.41126721050327
0.9999378774459611 0.006421121270384047 0.00911100669887779 1.0144010645929804 -0.0065117029275814885 0.9999293215254493 0.009947345944201281 -1.319571413662664 -0.009046490387502791 -0.01000605601499331 0.9999090157856502 173.76427529020788
0.9999320031440325 0.00787243984261406 0.00860312561693731 1.0461192137096758 -0.007973098248897222 0.9998994234366667 0.011729140289641865 -1.3234339543593658 -0.008509924102640547 -0.011796936141443616 0.9998942011441756 175.16677931157773
0.9999571538665324 0.004496201532133756 0.008091637573426182 1.0578313294084696 -0.004597381047286743 0.9999109364305806 0.012529297958026675 -1.3222237124434273 -0.008034583325877509 -0.012565961286162351 0.9998887648527437 176.53733461052008
0.9999793884276665 0.0019127296691260243 0.006128962711825414 1.0787222240994394 -0.001991574448378959 0.9999150133451874 0.012884088253115102 -1.304812912754744 -0.0061037985644104824 -0.012896028790933992 0.9998982128565013 177.94264942874187
0.999984271735884 -0.0027789099668371854 0.004871749109629405 1.0850182813491485 0.0027324144709757045 0.9999509050850949 0.00952477503820054 -1.284836348092257 -0.004897978834989396 -0.00951131345396805 0.9999427707182573 179.29221713461826
0.9999930824482351 0.0028088401538466467 0.002438333927669678 1.0956804474278183 -0.0028228246295210866 0.9999794799128588 0.005750775573071431 -1.3428731299591796 -0.002422131085340733 -0.005757618698006959 0.9999804913611493 180.6841894953202
0.9999787154891927 0.006237765705346787 0.0019128105516488733 1.095897536766546 -0.006247229474593276 0.9999680761773913 0.0049818428046236336 -1.344293403378428 -0.0018816740745777995 -0.004993686463874955 0.9999857610955317 182.09067118185948
0.9999479338156122 0.010039213480147495 0.0018286172704090652 1.081010926558178 -0.010049792017840585 0.9999322692092159 0.005870152392630028 -1.3553647839142113 -0.001769561848279277 -0.005888223896092964 0.9999810985539053 183.45781403353092
0.9999166830241168 0.012720870721491953 0.002192360074514288 1.0835309852248718 -0.012739487887966035 0.9998810226171378 0.00869747559281291 -1.3634002604536055 -0.0020814599403811383 -0.008724680366145704 0.9999597729255089 184.90985307220194
0.9998676595159132 0.015979014621635174 0.003055244873214856 1.081146031259261 -0.01601310840225766 0.9998058732531928 0.01148025273985885 -1.4014713458756027 -0.002871208876791623 -0.011527657241106649 0.9999294321438496 186.25699443371715
0.9999042136708681 0.013568694458521291 0.002730200779966465 1.0955732950145922 -0.0136006033647068 0.9998351496170129 0.012029015224095703 -1.371867732428883 -0.002566532883179308 -0.012064995214663936 0.9999239215001535 187.63130562343858
0.9999130001442298 0.012975754746839518 0.0023710578306825308 1.1148578946832317 -0.013003942837656891 0.9998399560451506 0.012286569653209003 -1.3673641190778598 -0.002211251023240825 -0.01231633364802904 0.9999217060764933 189.07335447844545
0.9999467735583825 0.009974959770436345 0.0026363266937902037 1.1153829240818396 -0.010007362710944866 0.9998708239706503 0.012577284480809813 -1.3667684100512147 -0.0025105284435326452 -0.012602997533552223 0.9999174274350556 190.45972198972677
0.9999706611714454 0.006951386927715118 0.0032179204105025044 1.1298984353763528 -0.006991708833849968 0.9998949925126611 0.012693304214291422 -1.3631507641654856 -0.0031293466953647565 -0.012715430387361684 0.9999142588279711 191.89023192661506
0.9999813070907584 0.004998600386480023 0.003521286855190935 1.1502894863415067 -0.005046103362486733 0.9998946071596655 0.013612914044232255 -1.365808402340582 -0.0034528705067438607 -0.01363042816026517 0.9999011396636406 193.29898175761022
0.9999916804147494 0.0007981295876764007 0.004000261316251417 1.1663229860509527 -0.0008607637519372282 0.9998766858586701 0.01568031176008216 -1.3827567460691954 -0.003987253440340019 -0.015683624359344093 0.9998690542875895 194.7258599163041
0.9999875514207165 -0.0023869026377691584 0.004381746104601129 1.173019125055481 0.002316486245554545 0.9998692157983953 0.016005786637247103 -1.388693201729157 -0.004419377666743919 -0.015995436901238985 0.9998622980611623 196.17249818194753
0.9999919411495809 -0.000895753647296645 0.003913471790123792 1.1792080798150355 0.000847919549416834 0.9999251254329655 0.012207562052775761 -1.3987524239330957 -0.003924114067804442 -0.012204145187699144 0.9999178267027238 197.587559072776
0.9999735590693754 0.005532993427801676 0.004718807352225567 1.1709163348268712 -0.005568732476759677 0.9999556560018069 0.007594422815585176 -1.4000387105083945 -0.004676578599580162 -0.007620499678436228 0.9999600279966075 198.97975096067566
0.9998593628512576 0.015720953657411593 0.005840043661029227 1.180501612357059 -0.01576414393290674 0.999848173846993 0.00742435528414999 -1.4050181127635413 -0.005722439517895393 -0.007515374327004734 0.9999553854192773 200.38765538280714
0.9997125927650469 0.022891843368656902 0.0071200646983706215 1.1812906228575502 -0.022970287162696945 0.9996741074950948 0.011137538914092495 -1.4111027748853195 -0.00686278609280711 -0.011297887676296492 0.999912626129127 201.85637881417404
0.9996897036012636 0.023581433088233995 0.008025737992973932 1.1908652441848822 -0.023684119642993565 0.9996356227198941 0.01294929854626048 -1.4112732692054824 -0.007717451216997158 -0.013135362778651407 0.9998839448563435 203.31038290061804
0.9997179804388109 0.022523526600529063 0.007526638377423081 1.2119172265418838 -0.022622861825719945 0.9996544799434137 0.013383830326979497 -1.4069503898641134 -0.007222587311271466 -0.013550329733087778 0.9998821044432528 204.75231571332395
0.9997720818813981 0.02036986409086519 0.006391626227299337 1.2304348860546983 -0.02045496715942948 0.9996990286008893 0.013544245505046484 -1.4098923554340095 -0.006113808595138964 -0.013671898836543144 0.9998878439679795 206.1864682210345
0.9998253135103462 0.01793424117403523 0.005263594363973157 1.2487489778549534 -0.01800447244384538 0.9997452297288042 0.01361303238462483 -1.4131731936953074 -0.005018114364515339 -0.013705422416397871 0.9998934842833254 207.69402831193943
0.9998164920877985 0.018489919269219748 0.005010489095426963 1.2434552067679854 -0.018553282674790884 0.9997445339539802 0.012909011445997192 -1.415735742897743 -0.004770522898973419 -0.012999603376042808 0.9999041216094883 209.1255892480426
0.9997993692398189 0.019466172717811456 0.004721159833282094 1.2587572151470459 -0.01952541746634052 0.9997268463907844 0.012844871632275372 -1.4213551914259503 -0.004469830109033917 -0.012934476988969414 0.9999063555714005 210.57730672990266
0.9997633267949896 0.021348150784512607 0.004188891181373298 1.2762464485737828 -0.021402878323946398 0.9996799690703579 0.013486152013239149 -1.4121698995309921 -0.0038996465188547197 -0.013572614338178843 0.9999002834705253 212.03576465791562
0.9997971891162869 0.01973238202906562 0.004026623477128916 1.2810565097949738 -0.01978338621921462 0.9997191700929987 0.01304601963925194 -1.4133172894632509 -0.00376806394581874 -0.013123033825589495 0.9999067894884787 213.50416870185265
0.9997900224344164 0.020136403253105808 0.0037995085326378393 1.3027384738833625 -0.020182828633323636 0.9997168635264281 0.012603422570418882 -1.4118552414363261 -0.0035446454435537405 -0.012677460784265206 0.9999133549788309 214.96364069532154
0.999803469028923 0.01951702195317519 0.00347981820802377 1.295019211416333 -0.019557913763161516 0.999735120929672 0.01213161313577417 -1.4191849380451331 -0.0032421237816131175 -0.012197286709556705 0.9999203542378013 216.43406592118646
0.9997986258129179 0.019819360345845787 0.0031465441226676398 1.298810366861476 -0.0198565972057306 0.9997274253481205 0.012279682563056803 -1.4146719646737365 -0.0029023112367817985 -0.012339689236259669 0.9999196510958182 217.88848276778066
0.999767743853017 0.021333607334419406 0.003055405844331129 1.3071401933988898 -0.021369586727117192 0.9996963379883199 0.012270804031856247 -1.429723100905369 -0.0027926977449581622 -0.012333246647807099 0.9999200427309035 219.37868883237988
0.9997880755037373 0.02037498179229669 0.0029434940391941597 1.3211346660340961 -0.020409788790512598 0.9997157584078927 0.012322457722057518 -1.435046688987424 -0.0026915877421237883 -0.012379922207641916 0.9999197432144464 220.88415113570701
0.9997746401083958 0.021145895899038435 0.0018761767703657064 1.3322836991603395 -0.02116742033638579 0.999700181693756 0.012308009290835054 -1.431510588980006 -0.0016153505027127696 -0.012344949206752895 0.9999224934265596 222.36413662060838
