1.0 -3.469446951953614e-18 0.0 -1.7787691892340307e-19 0.0 0.9999999999999999 -3.5575383784680614e-19 0.0 2.168404344971009e-19 -2.371692252312041e-19 1.0 0.0
0.9999999398638733 -7.08535559765227e-05 -0.00033948727388392647 0.05569069961672338 7.123806521749064e-05 0.9999993559314045 0.0011327230995349811 -0.026761272848715878 0.0003394068273799933 -0.0011327472383819146 0.9999993008434594 1.3159701006825606
0.9999991075624272 -0.0005587901877283866 0.0012135198795759842 0.11108300046058615 0.0005566348298350308 0.9999982684086526 0.0017757635472657302 -0.04833477912174309 -0.0012145101586562628 -0.0017750865086460634 0.9999976870130872 2.5650198957187875
0.9999986623007548 -0.0013948926005903847 -0.0008542084687483166 0.0309335926804201 0.0013959094051608362 0.9999983167102429 0.0011908027886351794 -0.07750670274860769 0.0008525460619807743 -0.001191993616454274 0.9999989261584175 3.936471656072644
0.9999980007248621 -0.001974843373824987 -0.0003139146378244458 0.024360602213447605 0.0019752001500261615 0.999997399592377 0.0011399077651435391 -0.09591766311440296 0.00031166270962217145 -0.001140525551615117 0.9999993010339995 5.2538339498224085
0.999997003308076 -0.002389836662711288 -0.0005310915887575584 0.028111526141004418 0.0023905548396384365 0.999996223958748 0.0013554748501409647 -0.11010818323930127 0.000527850265716139 -0.001356740417109094 0.9999989403147336 6.569994980807071
0.9999938877719763 -0.0034730931541713216 -0.0004025504576203789 0.01729672727753883 0.003474006318300981 0.9999913439713063 0.0022898159944461823 -0.1481867459232048 0.00039459426432554524 -0.0022912005042230506 0.9999972973446718 7.906885329968243
0.999993524747818 -0.0035924196172218426 -0.00021210471628355662 -0.0030080717122493595 0.003592945187416454 0.9999903432465396 0.0025306428200262197 -0.16427217404314806 0.00020301155659095075 -0.002531388561403313 0.9999967754243223 9.221472658219955
0.9999943094384468 -0.003282909556227044 -0.0007769163231772112 -0.003372981305410718 0.0032843875458051387 0.9999927851202748 0.0019085336985003932 -0.18626058842198082 0.0007706452412076061 -0.0019110745679484526 0.9999978769484817 10.555778904496705
0.9999997355193283 -0.00035545662653736765 -0.0006345166859591279 -0.02051638733262463 0.0003549870232376698 0.9999996631246709 -0.0007400907221076027 -0.21192297415090156 0.0006347795954232407 0.0007398652955164278 0.9999995248274499 11.876206075205962
0.9999976227630779 0.0021165276766739946 -0.0005241891131529878 -0.016911474944531366 -0.002117305029104139 0.9999966535043565 -0.0014866080182305472 -0.23910722779274002 0.0005210409546208272 0.0014877143797342582 0.9999987576106834 13.211461814224016
0.9999838423188011 0.005672154568693381 -0.00037649963048784463 -0.04550232686035058 -0.005672792117241797 0.9999824416055241 -0.0017134531668458514 -0.25789549136649176 0.0003667740777775969 0.0017155613147226522 0.9999984611620908 14.552310574720758
0.9999824309786421 0.005927689243413202 1.491232233826736e-05 -0.06707912142742627 -0.0059276735917715715 0.9999820165649337 -0.0009106286603258622 -0.28912316735983445 -2.030998072257567e-05 0.000910524279515281 0.9999995852663658 15.903446305564673
0.9999894376647178 0.004591158935517354 0.0002140329789367579 -0.05921010717360168 -0.0045915053268404445 0.9999881049944183 0.0016455871466018064 -0.32037159721728675 -0.0002064752972930075 -0.0016465525347221914 0.9999986231153843 17.24851029592244
0.9999999304999875 -0.0002435015879426461 0.00028232572496658 -0.06881016770183968 0.00024244850734240174 0.9999930359790833 0.0037241389462501938 -0.34597149322851883 -0.0002832306134851602 -0.0037240703109549843 0.9999930255162216 18.611431475702556
0.9999976337804531 -0.0021709156976345723 -0.00013986257619268507 -0.060722429929652266 0.002171166416675769 0.999995992135043 0.001817070914741874 -0.3818708090655275 0.00013591732098201608 -0.0018173703143498925 0.9999983393446927 19.95162730756587
0.9999958366507671 -0.0028813543408377044 0.0001564694341279851 -0.07199364568295116 0.0028814454165509706 0.999995678218377 -0.0005837917417487535 -0.38381866083474525 -0.00015478666039050082 0.0005842401832004781 0.999999817352079 21.299910757992382
0.9999995186899923 -0.0009053512364094116 0.00037810171887353605 -0.0842886528985152 0.0009060063677131178 0.99999808277608 -0.001735971018441908 -0.43934829458159186 -0.0003765293636322838 0.001736312780688211 0.9999984217201683 22.654651449907906
0.9999982481065485 0.0014689147147787622 0.0011602036575099083 -0.09400804363817003 -0.0014682048498308297 0.9999987345836486 -0.0006125424278973558 -0.43759405392936024 -0.0011611020606729862 0.0006108379500111244 0.9999991393582623 24.02034932132054
0.9999968914641149 0.0016287311079647903 0.0018879345464449975 -0.1014797068399577 -0.0016353179424264102 0.9999925637897378 0.003492578212159744 -0.46007769233794926 -0.0018822321929188382 -0.003495654797206262 0.9999921187677584 25.415790022339127
0.9999979066059625 5.224785136962937e-05 0.0020454966506274976 -0.09979607182260519 -6.155396709419184e-05 0.9999896478754952 0.004549763953144033 -0.4858994610645643 -0.002045237929149328 -0.004549880425180779 0.9999875577166744 26.78619334083416
0.9999891276032072 -0.004189758738659443 0.0020470968592796786 -0.09999538608612135 0.004182033070611874 0.999984171652599 0.0037639124890519525 -0.5171909689109275 -0.002062834513348397 -0.0037553106086674463 0.9999908211348626 28.15260456566268
0.9999887824894366 -0.004333674940513862 0.0019115871049603902 -0.11136951707448586 0.004331274654718744 0.999989828497833 0.0012581552819049381 -0.5294499592142095 -0.0019170202579518623 -0.0012498615795136835 0.9999973814350382 29.511932072363052
0.9999873227315417 -0.004307354433433044 0.002607888651028261 -0.11373295618875057 0.004309164535845889 0.9999904783073212 -0.0006887597308609988 -0.5776216105964365 -0.0026048973076400568 0.0006999888397710455 0.9999963622544551 30.901623364384424
0.9999932251029291 -0.0020429890812407227 0.0030620174408775257 -0.12636226091741087 0.0020488427246927263 0.9999960775667669 -0.0019097360256051417 -0.5802022887810142 -0.003058104120325084 0.0019159967213131677 0.9999934884546419 32.28715853456384
0.9999934887669789 -0.0002186509190833727 0.003602030010093207 -0.12764910563441856 0.000233486566801255 0.9999914905235691 -0.004118781897332531 -0.6272998320088958 -0.0036010990909211716 0.0041195961888983055 0.9999850303919363 33.66769790107734
0.9999924124553609 0.0003988412181929026 0.0038750434055679836 -0.14152372339265157 -0.0003835522089435557 0.9999921431015042 -0.003945456098555486 -0.6425019070777102 -0.003876586901105837 0.003943939961356525 0.9999847085864424 35.058498118226325
0.9999945977023945 9.53578689656346e-05 0.0032856470999932 -0.13836333070895346 -8.768163451813166e-05 0.9999972668629692 -0.0023363601764214933 -0.6855767854654039 -0.0032858611897876103 0.0023360595124443983 0.9999918729359163 36.454787150211395
0.9999940982224543 0.0012786310381272016 0.003188828117782391 -0.15365097865636987 -0.0012746847406773171 0.9999984196692409 -0.0012392901808074524 -0.7050051592847287 -0.00319040794397594 0.001235218142213339 0.999994147747444 37.85463431727297
0.9999906516506392 0.0033778573059740705 0.002699386713649399 -0.15071628831599312 -0.0033755924706558634 0.9999939471661747 -0.0008432157624633345 -0.7294749167775001 -0.00270221886649576 0.0008340958663741938 0.9999960011388384 39.251308967637875
0.9999775388133672 0.005838451753393984 0.003291556211753938 -0.16759482239861717 -0.00583600996355633 0.9999826882991721 -0.0007510668863354168 -0.7642688450382156 -0.0032958845766025515 0.0007318404742700597 0.9999943007588419 40.646935549595945
0.9999599442908597 0.008339008776729056 0.003251266283529933 -0.17702305041476135 -0.008337458086945 0.999965122561801 -0.0004903781716870638 -0.7919068792733617 -0.0032552424315763504 0.00046325123826625013 0.9999945943808182 42.07478880392764
0.9999502965458883 0.009523967408667329 0.0029493160204565674 -0.18122114878784887 -0.009522619728979763 0.9999545479790461 -0.0004708619309096139 -0.8215259187406503 -0.0029536666923443335 0.00044275331635746317 0.9999955398994198 43.462854204361655
0.9999592615335999 0.008663984512885987 0.0025319221761092433 -0.1918271596732637 -0.008662424080393116 0.9999622840367403 -0.0006268429804694387 -0.8478696688921387 -0.0025372578555676343 0.0006048848675709118 0.9999965982109431 44.88968806187502
0.9999648182247604 0.008222651398068716 0.0016584032230145046 -0.18393529352395854 -0.008220730265200732 0.9999655337969141 -0.0011622521508413233 -0.8829593047568671 -0.0016679030008409676 0.0011485779928777798 0.9999979494307624 46.28834527228494
0.9999694581997756 0.007773542449567705 0.0008091291912587051 -0.19801469132050958 -0.007772964017604248 0.9999695335827814 -0.0007162075646699362 -0.9140147225989562 -0.0008146720798239168 0.0007098963670135218 0.9999994161774667 47.719449039330605
0.9999681553764918 0.007977007374920202 -0.00023573036743610278 -0.20251800358922833 -0.007976994581269652 0.9999681816364858 5.735126300043654e-05 -0.9409659136476624 0.00023618037781934428 -5.546902420228328e-05 0.9999999705711949 49.1179364005285
0.9999613111112167 0.008717177153645034 -0.001177744530296755 -0.21498998139622938 -0.008717098093148731 0.9999620027436322 7.272467065777311e-05 -0.9696262314287704 0.001178333832143266 -6.245535128814557e-05 0.9999993038150773 50.544820395465024
0.9999586387154911 0.008787352553013592 -0.002345904945337111 -0.22413176125345574 -0.008787001036798556 0.9999613807142669 0.00016034985324776742 -0.9930664018728304 0.0023472235967650227 -0.00013972976317915394 0.9999972355067085 51.995420991272475
0.9999506538317099 0.009309986255203151 -0.0034661261341812294 -0.23756093856142743 -0.009306068244408732 0.9999560421216344 0.0011449623690736217 -1.027516978347827 0.0034766336486620046 -0.0011126498951088235 0.9999933374954104 53.40673963161994
0.9999588924850483 0.008013499887604152 -0.004242302960967789 -0.2543023390715138 -0.008005423394195323 0.9999661176470596 0.0019174908011971052 -1.0567412717652978 0.004257525394891642 -0.0018834505932697728 0.9999891629911611 54.8586616112514
0.9999755070663443 0.005109026650142218 -0.004783627790126391 -0.25849227172328726 -0.005096910496379723 0.999983780554659 0.0025416806430034102 -1.0700414471976485 0.004796536123535623 -0.0025172367245223726 0.9999853282775012 56.2550016431844
0.9999808083460949 0.0034465453371019363 -0.0051482276785851915 -0.2802124992175735 -0.0034361922755405143 0.999992059028227 0.002018531428033159 -1.1011723308799797 0.005155144193785692 -0.0020008024351629915 0.9999847105273473 57.68576049431334
0.9999844655730765 0.0022707906576807475 -0.005090393727941124 -0.29969152000219323 -0.0022600582619482857 0.9999952133515349 0.0021131526918569507 -1.1269107863537777 0.005095168321547128 -0.0021016153261455496 0.999984811126239 59.13265337898731
0.9999861892053824 0.0019075114066747128 -0.004897222260241299 -0.302777769091436 -0.0018948574387802133 0.9999948577562312 0.002587272542485197 -1.162041048586203 0.004902132745655821 -0.002577957328425711 0.9999846615026621 60.5358739421388
0.9999908915128531 -1.4380962428939964e-05 -0.004268099865951745 -0.3229853166784736 2.9218622984363007e-05 0.9999939569950995 0.0034763657459817654 -1.184637203822324 0.004268024443826783 -0.0034764588615310513 0.9999848489901924 61.992541827050154
0.9999887679335288 -0.0026041420716760248 -0.003960106976101088 -0.33219114405869515 0.0026161992285813063 0.9999919493601303 0.003042484532006419 -1.205954366090825 0.003952152369382324 -0.003052810848825635 0.9999875303450328 63.39054705572515
0.9999887576726505 -0.0030779389462317706 -0.0036070511395954502 -0.34300600522796215 0.0030850226495630784 0.9999933207337502 0.0019598771397976275 -1.241129788998748 0.0036009949710894803 -0.0019709829801020525 0.9999915739986383 64.80661469271524
0.9999915320060555 -0.003015495879662256 -0.0028004821278456403 -0.35428672994183685 0.0030209227382278214 0.9999935638025887 0.0019355553611131264 -1.2721044498507426 0.0027946276821300027 -0.0019439990492610118 0.9999942054477616 66.26454433655579
0.9999969588427484 -0.0011824844246299138 -0.0021642629146232644 -0.3686198419518566 0.0011862633175799692 0.9999977729046228 0.001745555213483734 -1.3015027529652012 0.0021621941869758355 -0.0017481173259898317 0.9999961344955893 67.622852435412
0.9999977990002912 0.0014322263402122169 -0.0015332049026352643 -0.38544812226772307 -0.001427800724602914 0.9999948225725758 0.002883784844504856 -1.3285917480369638 0.0015373273293545137 -0.0028815894453668484 0.9999946665208093 69.09451703116086
0.9999889478435768 0.004658275806400847 -0.0006361188667298049 -0.4025277308126332 -0.004655661125149034 0.9999809519251819 0.004052235725648206 -1.354201871318973 0.0006549832398666301 -0.004049229469735199 0.9999915873343987 70.45271454404882
0.9999608096704297 0.008849419057085363 0.00025862429247512923 -0.4212940327491903 -0.008850565436459925 0.9999491762601416 0.0048282922883157225 -1.3849505811092477 -0.0002158835813218568 -0.004830392138981054 0.9999883102850988 71.90755485317231
0.9999243937496687 0.012275662384020874 0.000717543520004086 -0.4307723110055336 -0.012278604973268725 0.9999155820401111 0.004250256702468033 -1.3977859165840743 -0.0006653082836559569 -0.004258745882729394 0.99999071018102 73.26595926002027
0.9998682044355751 0.01617016347722371 0.0014489757348106356 -0.4453133897695377 -0.016175416018884257 0.9998623642232635 0.0036889793845846356 -1.4248795037906263 -0.0013891250195663147 -0.003711931063195493 0.9999921459182881 74.66221080469865
0.999843413541567 0.017544004201698382 0.0023143614044332187 -0.4612562097376561 -0.0175523887090408 0.9998392711401045 0.0036531608644732685 -1.4479170112886428 -0.002249898538409424 -0.003693211484338272 0.9999906490278975 76.1125398636725
0.9998350311986498 0.01797474607808553 0.002611291759522961 -0.4652067958798649 -0.017985059108134388 0.9998303316666298 0.00398065039153543 -1.476282235832923 -0.0025392977383999127 -0.004026958036131162 0.9999886677225269 77.47981709297548
0.9998478984000378 0.0172353665584377 0.0026687376803297682 -0.4678122900606183 -0.017246097086534448 0.9998430685218787 0.004050988816884193 -1.512832225262705 -0.002598498811515691 -0.004096398055966485 0.999988233592952 78.89934709562898
0.9998648939847207 0.016271030056009217 0.0023339488672306707 -0.47195910125604285 -0.0162776511258154 0.9998634598305115 0.00284601697596319 -1.5325979562042462 -0.002287322753652699 -0.0028836237347962842 0.9999932264101887 80.26295675351528
0.9998700818937121 0.015974284545598006 0.002154420453261808 -0.4814612306659835 -0.015980392912951436 0.99986824927665 0.002848012066789006 -1.5693501238487124 -0.0021086418285011363 -0.0028820706111245885 0.9999936236278317 81.65367592681392
0.9998822828828443 0.015247779488778887 0.0017104268892204962 -0.4886547815277775 -0.015253198990146145 0.9998785396323069 0.003200928384238171 -1.586673749826887 -0.0016614122287015125 -0.0032266411358014523 0.9999934142256682 83.0519841098391
0.9998822840779421 0.015272015969989682 0.0014776594326170061 -0.5042238589796898 -0.01527548830935753 0.9998805208642046 0.00236716977206255 -1.6137393039050598 -0.001441331549386629 -0.002389463145501075 0.99999610650624 84.41095617978652
0.9998856203446924 0.015107428928005678 0.0007153885457119001 -0.5105711750234021 -0.015109338156945781 0.9998820885203009 0.002741713978237461 -1.6364259267602168 -0.0006738839997677863 -0.002752209494659183 0.9999959856033307 85.8206795982343
0.9998909814734797 0.014757381639162605 -0.0004947891000702657 -0.5198969200101542 -0.014755629030972916 0.9998854240000126 0.00337791675119768 -1.6697155090480702 0.0005445816636035254 -0.0033702476494567625 0.9999941724145867 87.1781951290258
0.9999092367977205 0.013384203237714689 -0.0015431248627012974 -0.5287584323155785 -0.013376974624521419 0.9998999259078246 0.004603775803847008 -1.696443697268993 0.0016045884453878508 -0.004582715710164016 0.9999882119387009 88.5635226880128
0.9999351607604678 0.011059179977916807 -0.0027145501386818894 -0.5333680516689042 -0.011045400852072527 0.9999262968303523 0.0050398464033405395 -1.7242103156378232 0.0027700868736302464 -0.005009536438578709 0.9999836154505067 89.94348762174795
0.9999452543950841 0.009811125357921597 -0.0036373071186276145 -0.5462949692808905 -0.009791477152066548 0.9999375837441669 0.005381041890404387 -1.7511262245518613 0.0036898744836169712 -0.005345132808331388 0.9999789069723791 91.30837349129673
0.9999527936302124 0.00887094951160022 -0.0039644342555663235 -0.5608072783399278 -0.008852161532397014 0.9999496226505066 0.0047319568523753255 -1.7750402746601723 0.0040062118300073744 -0.0046966397640783395 0.9999809457436126 92.68421419737365
0.9999650884677337 0.007061065761657726 -0.004468016649542443 -0.5714188282453234 -0.00704105200551224 0.99996517856955 0.0044794250352102076 -1.8024024386073443 0.004499490964957798 -0.0044478092107607505 0.9999799855916641 94.04205024149701
0.9999672609267869 0.006734980905650439 -0.004485207276810303 -0.5930954843048547 -0.006717412669790187 0.9999697520351504 0.003920637035795576 -1.8212896922122803 0.004511477407971926 -0.0038903797750910792 0.9999822556057099 95.4120280690025
0.9999692849301716 0.006503566752645311 -0.004374104948401791 -0.6004358293335131 -0.006489951226794956 0.9999740731233429 0.0031198760924272158 -1.8450911274578583 0.004394282237391238 -0.003091392606925171 0.9999855666880181 96.76863901770764
0.9999622607282506 0.007601714266127411 -0.004206071256566134 -0.6216847263907213 -0.007591131309552259 0.9999679952574051 0.0025264999344919684 -1.8713457301722023 0.004225142731528924 -0.0024944758054431257 0.9999879628114575 98.09597989741017
0.9999482380354339 0.009407114895610054 -0.003876520466565104 -0.6418338054524027 -0.009397247298715525 0.9999525781013361 0.0025560344681959664 -1.8925960607647878 0.003900381875584278 -0.002519473601384018 0.9999892195827591 99.44108330689205
0.9999471033845837 0.009561567639602057 -0.003790359950784716 -0.648177937199919 -0.009546768758519529 0.9999468093045626 0.003903560996510625 -1.9203223741138962 0.003827482827390698 -0.003867168908042219 0.9999851975843356 100.78120204486342
0.9999462089947445 0.00969847251319813 -0.0036767811063039176 -0.6710368530316247 -0.009679159501195217 0.9999394537381706 0.005234763572206759 -1.9441493095403306 0.0037273280201619964 -0.005198893951162336 0.9999795390585061 102.1205885233638
0.9999486571851497 0.009514581009928602 -0.00348650456902089 -0.6831224364087494 -0.009499469364912905 0.9999455226229627 0.004325724027931244 -1.971056437881979 0.00352747238606581 -0.004292382084498146 0.9999845660819102 103.46896202153768
0.9999489841456664 0.009517763337832705 -0.0033824931032831384 -0.695190323605022 -0.00951190797962713 0.9999532414341615 0.0017431502867619553 -1.9940446243349794 0.0033989261226681673 -0.0017108874390970898 0.9999927600597229 104.79605975489862
0.9999581172839345 0.008375394508280978 -0.0036900433367823074 -0.7155169067171809 -0.008374214871752416 0.9999648794879311 0.00033516278134873616 -2.0177851455918123 0.003692721172862394 -0.00030424754344860166 0.9999931356017515 106.12545458704219
0.9999696690574935 0.0070776676138954026 -0.003250779223848422 -0.7216292914218659 -0.007072630719634217 0.9999737741910368 0.0015584733918955812 -2.051218700926268 0.0032617246026183564 -0.001535434599264531 0.9999935017785685 107.48160899784587
0.9999892857641905 0.003699248727855031 -0.002782787065517598 -0.728864455450934 -0.0036899058944549748 0.9999875637899787 0.003355125342983416 -2.0672249325688474 0.002795164140037383 -0.003344821244015353 0.9999904995718226 108.80526835759674
0.9999952107552857 0.002474141476459149 -0.0018593232327970587 -0.7459299937011112 -0.002466272819384688 0.9999880438098742 0.0042225275785372374 -2.1009171585262645 0.001869748294262544 -0.004217921844017309 0.9999893565337211 110.15944271564665
0.999996990757855 0.002059432955300205 -0.0013331186441151825 -0.7564936272712489 -0.002055300358701226 0.9999931013470126 0.0030940267970888343 -2.1245502807139283 0.0013394815037143758 -0.0030912775907802697 0.9999943248813833 111.46509225317169
0.9999943546880238 0.0033097119877326326 -0.0005799927832245482 -0.7697933747705676 -0.0033093721144507905 0.9999943521140167 0.0005863465552824331 -2.147849831658328 0.0005819301951483064 -0.0005844238477564448 0.9999996599034523 112.8001786367683
0.9999792340228595 0.00642179934138114 0.0005403739010894036 -0.771490359012566 -0.006421009291479824 0.9999783308649514 -0.001452051484923286 -2.183788166677007 -0.0005496870229743293 0.0014485516098952937 0.9999987997700003 114.15634074144975
0.9999567655569864 0.009086378567040115 0.001976037424354581 -0.7891167571156434 -0.00908256509518157 0.9999568889003865 -0.0019306403840265221 -2.203713240730287 -0.0019934949352204013 0.0019126094576873598 0.9999961839427733 115.45788448657984
0.9999449080558145 0.009900122483403174 0.003488324799597506 -0.8029703719642737 -0.009900273166016774 0.9999509907744485 2.5746767178470064e-05 -2.2330569174211563 -0.0034878992386895673 -6.028072307919282e-05 0.9999939154419043 116.8249173545875
0.9999418067717283 0.009886331615917425 0.004317811931889631 -0.8099207874667929 -0.009896211144454544 0.999948448835279 0.0022725973931836414 -2.253700541031398 -0.004295122053918265 -0.0023151951716730104 0.999988095825767 118.12688125624136
0.9999415065873299 0.009456839910590337 0.005248958685571419 -0.8096603319596689 -0.009473450954547817 0.9999501683858351 0.003148728746352505 -2.284223539440509 -0.005218920536858779 -0.003198270385164917 0.9999812667894785 119.49077413243839
0.9999297382488948 0.010069488322964865 0.006254914365178933 -0.8106362468908054 -0.010083494556958193 0.9999467144715463 0.0022116459139684807 -2.3087125261054746 -0.0062323114515298195 -0.0022745619622798847 0.9999779920858142 120.81487728542106
0.9999000322321717 0.011894692549906286 0.007644724290257062 -0.8070184884276812 -0.01191005070894189 0.9999271391255264 0.001966509737144746 -2.3345033192425633 -0.007620776903334785 -0.002057362246966689 0.9999688450214583 122.12298931080525
0.9998735931301846 0.013272647795715334 0.008754116478657262 -0.812802358245358 -0.013285089859226454 0.9999108182155318 0.0013645643205348517 -2.3532187112933096 -0.00873522512712946 -0.0014806910865281472 0.999960750924345 123.48816264810422
0.9998508689416027 0.014101478723613704 0.009969360337643072 -0.8139010229898869 -0.014107789160071047 0.9999003217942359 0.0005628468340177075 -2.3803924671615064 -0.009960430479078198 -0.0007034085463360991 0.9999501462744605 124.81934850741656
0.9998270337826111 0.014957420916149239 0.011053417785525987 -0.8065841436933822 -0.014954212940793615 0.9998881099863973 -0.0003729102216958363 -2.4067250448846083 -0.011057759729172195 0.00020755055917105693 0.9999388395626586 126.13963844541284
0.9998247508662446 0.014469875316529466 0.011878140961517769 -0.8029682112008646 -0.01446371939203649 0.9998952124823735 -0.0006040805891638749 -2.4372079031667746 -0.011885638257099087 0.00043217263390676376 0.999929269910492 127.48160253973096
0.9998169974895466 0.014137452401947758 0.012888131760821394 -0.7997732127865705 -0.014139993384150007 0.9999000196976627 0.00010597952144378974 -2.465415685678209 -0.012885346010630514 -0.000288198230777129 0.9999169389475823 128.80718789255286
0.9998163158291876 0.013343261658247068 0.01375834081064943 -0.7938932994206609 -0.013358879916057075 0.9999102213483484 0.0010438407948441756 -2.4947164973574396 -0.01374317852575187 -0.001227445103771302 0.9999048046777325 130.17586771939358
0.9998330791888073 0.011623242979076001 0.014096593899804393 -0.7767640593515897 -0.01164432269079832 0.99993120258873 0.0014141661884640286 -2.514816349379143 -0.014079188082670762 -0.0015780754514502131 0.9998996380318494 131.4996712496034
0.9998465227933808 0.010455298478053338 0.014057651739373 -0.7653754412433489 -0.010479261474110914 0.9999437592677323 0.0016319939777445613 -2.5479353970997902 -0.014039799328288433 -0.0017790573437978829 0.9998998544780435 132.84491377300537
0.9998721472092398 0.007896077586585197 0.01390471797542812 -0.7578079890812247 -0.007931277875825109 0.9999654761490069 0.0024781763142400397 -2.5616299406831593 -0.013884671230340343 -0.002588141700283906 0.9999002537367521 134.17704624042113
0.9998900901079886 0.006628802321981411 0.013261473349890392 -0.7401936627107446 -0.0066609911594504015 0.9999749723325513 0.0023845164172236416 -2.5948038750392914 -0.013245336075942558 -0.002472588935052651 0.9999092195650269 135.5127372963027
0.9999075381788987 0.0061774678265046085 0.012114205623034623 -0.7346312582792407 -0.006200480910424118 0.9999790414078354 0.00186300665335568 -2.623956575432657 -0.012102444084260026 -0.0019379483301520891 0.9999248847776528 136.86228867154907
0.9999301951120663 0.004084877377927193 0.011086869657599903 -0.7265440474876821 -0.004116609435494739 0.9999874916297546 0.0028407953153239273 -2.644739051567823 -0.011075127612273675 -0.0028862373771659615 0.9999345034431428 138.18743098825087
0.999945100271472 0.003145397752633147 0.00999514467880945 -0.7100758143627989 -0.003178121705844812 0.9999896366716594 0.0032597694498769647 -2.6737929628761172 -0.009984788665672926 -0.003291356334827246 0.9999447339540924 139.5379595780986
0.9999610012742867 0.0017397305541231685 0.008658479775204581 -0.7128228470290967 -0.0017671951861810645 0.9999934288014662 0.0031653400299856615 -2.694992100313673 -0.008652916768625398 -0.0031805178665114298 0.9999575047626568 140.89944163073739
0.9999711860491791 0.001175899550724258 0.007499622415182353 -0.7114960166285131 -0.0011969926165857538 0.9999953392748303 0.0028086720694091055 -2.7166092822063437 -0.007496285376565643 -0.0028175681834598895 0.9999679329902825 142.21350062515117
0.9999792158758019 0.000567398844193402 0.006422295568663763 -0.7068354952456366 -0.000581059165173591 0.9999975726397757 0.002125343593957585 -2.7334728491868288 -0.006421074602880893 -0.0021290311914242484 0.9999771182487814 143.57237368005698
0.9999841047736319 -0.0008491866693517494 0.005573965314199602 -0.6998823877300289 0.0008494966777873227 0.9999996377597131 -5.32400966411446e-05 -2.7636912411118577 -0.005573918555334823 5.797432172387653e-05 0.9999844639118151 144.92287530424005
0.9999819454288036 -0.003967190148564963 0.004513339049820848 -0.7117493146332303 0.003971979586778668 0.9999915576157916 -0.0010526490282379817 -2.8084560530550107 -0.004509125269278356 0.0010705569414923089 0.999989260788255 146.22251037993286
0.9999048002034654 -0.013384582572939462 0.003353131935774613 -0.705168673002213 0.013379028756038977 0.9999090962613854 0.0016735569497534565 -2.820192046235488 -0.003375227267667473 -0.001628535997990332 0.9999929778290712 147.6054122596922
0.9997852478899034 -0.020647990336047382 0.0017659573107064665 -0.6976692123625158 0.020642102974864948 0.9997815151914982 0.003290206625078248 -2.8491194055597986 -0.0018335077812054812 -0.0032530470204362766 0.9999930279419021 148.93001958858662
0.9997397296779894 -0.022797446959042497 0.0008656328384245315 -0.6718630028250403 0.022797280505844147 0.9997400875415883 0.00020337265690064546 -2.8815410937746435 -0.0008700442986616123 -0.00018358563587505213 0.9999996046589166 150.23117741708162
0.999753805380004 -0.022167958829942776 0.0009540624337982786 -0.6906012843056037 0.022170920921964266 0.9997490307062459 -0.0032133881328515568 -2.910378887674872 -0.0008825888131250316 0.003233749538165293 0.9999943819339187 151.6268806097369
0.9998286954887654 -0.01838445920003625 0.00214274311763191 -0.6969722215307821 0.018396079739162026 0.9998154551906483 -0.005535323308482297 -2.9461315410692923 -0.0020405839356091903 0.0055737932814628475 0.9999823842662242 152.9503644932208
0.9998227808964557 -0.018602973812909582 0.00288724390433632 -0.7032297116291382 0.0186186767116048 0.99981147356572 -0.00551019019700325 -2.9765336556517235 -0.0027841938970343165 0.005562970473019452 0.9999806506228688 154.31417774863232
0.9997485362194606 -0.02218196239412277 0.003290118498162763 -0.7085212748390198 0.02218981436162465 0.9997509687571741 -0.002369093416986457 -3.002713191585112 -0.0032367482886133557 0.0024415048622228835 0.9999917812213527 155.64672973887053
0.9995314876274307 -0.03039438223468765 0.0036037152886586776 -0.7091212611939824 0.030392639026268577 0.9995378922240254 0.0005380629439167969 -3.024130807113493 -0.0036184043776143963 -0.0004282844191060179 0.9999933618368879 156.9807545694037
0.9994777845948115 -0.03211245800061701 0.0035983513515523667 -0.6934900636819674 0.03210683144674577 0.9994831440789214 0.0016112389472745091 -3.0607975565134358 -0.0036482326698995537 -0.0014948658750875352 0.9999922278548855 158.33874373541101
0.9994303046828835 -0.03357257460091484 0.0034566315993214353 -0.6878707115165514 0.03356637604568596 0.9994348030556628 0.001836534355186979 -3.091701884370632 -0.0035163354014123432 -0.0017194614994134922 0.9999923393873765 159.66239176607468
0.9994624240515164 -0.032467000152785974 0.004555963113454451 -0.6906914628279659 0.032458639312066426 0.9994712779438095 0.0018977129958724069 -3.11018276653724 -0.0046151677093971295 -0.0017488124734806084 0.999987820864316 161.03099028378807
0.9995216350879343 -0.030375906409868682 0.00581423224603847 -0.6939924431320935 0.03036775869509005 0.9995376903110951 0.0014848870594426455 -3.1241664486606346 -0.005856649551950673 -0.0013076115375106512 0.999981994739016 162.37231000630544
0.9996108017855104 -0.02706169413470332 0.0067756673011904085 -0.6987310801503127 0.02706437729786395 0.9996336463214445 -0.0003043468924587446 -3.1519395341243235 -0.0067649494380163195 0.0004876076932869331 0.9999769985811132 163.72220632856656
0.9996445574274915 -0.025590205549243347 0.007476643062756441 -0.701138216571112 0.02559879099499234 0.9996717409493472 -0.0010546315892420526 -3.1687547157188085 -0.007447201176237745 0.0012456498015679463 0.9999714933658728 165.0694244994037
0.9996752855284495 -0.02428429138212334 0.007719890140652948 -0.6992062094447121 0.024284540711053418 0.9997050851523723 6.165742065899361e-05 -3.198283927718459 -0.007719111387760783 0.00012583661413937482 0.9999701992948243 166.4116325338754
0.9996994309724121 -0.02331748795796011 0.007572481643567239 -0.6948041994674974 0.023319001528439486 0.9997280689003627 -0.00011143506227835635 -3.218420351459832 -0.007567824702577217 0.00028798430904056606 0.9999713221325537 167.74900807737197
0.9997749678072546 -0.01997751249544713 0.0071353173568182385 -0.6944473338667103 0.01999520736428166 0.9997971542181773 -0.0024170422424601057 -3.256893261233964 -0.007085584095559815 0.0025591705517932686 0.9999716221660084 169.13068809276552
0.9998573541181236 -0.015592364534805274 0.006492272339447894 -0.7029556743251744 0.01562898339933064 0.9998620195278858 -0.005628212319885015 -3.2931358472471026 -0.006403619939157043 0.00572887722524822 0.999963086124186 170.54690604016483
0.9999204674202822 -0.010911202977391784 0.006324911062222392 -0.7053994633212165 0.010954774213147807 0.9999162189899977 -0.0068954994389951755 -3.318434002950369 -0.00624914349377869 0.006964239145440014 0.9999562228280481 171.90076033836996
0.9999544205729717 -0.006820257980775497 0.006681382506430751 -0.7077218010967277 0.00686005261061314 0.9999587601172388 -0.005951280106167845 -3.356489350279256 -0.0066405182669489965 0.005996843614557073 0.9999599698874605 173.25181472164073
0.9999673994087676 -0.0031888719989121225 0.007418303463946427 -0.7163109457990445 0.003216680036855959 0.9999878339659329 -0.003739637055712953 -3.3947771960748048 -0.007406288617458164 0.0037633775326383094 0.9999654913403627 174.6166667034538
0.9999706685874137 -0.0016928902814913119 0.007469678482306922 -0.7173900753432194 0.0017047451714334375 0.9999972971805584 -0.0015809721858186829 -3.4272238073015826 -0.007466982512867504 0.0015936597507806567 0.9999708517821327 176.04162935839497
0.9999727600362375 -0.0033995230191886452 0.006551521956201639 -0.716475413007754 0.003403999338269955 0.999993980457104 -0.0006721855037599433 -3.459809716120212 -0.006549197962731722 0.0006944685914756511 0.999978312621299 177.47181920779644
0.9999676786306338 -0.006212272500169905 0.005103859096049795 -0.7175996231480377 0.006215628244044003 0.9999804768259093 -0.0006418138506098008 -3.481570715401577 -0.00509977276107111 0.0006735168192387658 0.9999867692560698 178.86720595133647
0.9999637521283695 -0.007989608404656776 0.002942889657564623 -0.7144117588952342 0.008002416783476367 0.9999584471440663 -0.004366383187193341 -3.510522564493429 -0.002907881929038198 0.004389775239685844 0.9999861369499585 180.20688440424365
0.9999885852041 -0.004566320463602114 0.0014064803568264673 -0.7289136858702538 0.004578319038133719 0.9999521155577928 -0.008649021899626144 -3.5567015680060163 -0.0013669189248790511 0.008655362663802445 0.9999616073771046 181.62490846487648
0.9999989765713471 -0.0011301579973596442 0.000877269738654578 -0.7540204447674335 0.0011385191498069994 0.9999533711005185 -0.009589546211963335 -3.588083003855389 -0.00086639121116875 0.009590535376740027 0.9999536344234788 183.0188622012988
0.9999976604259257 0.002087651169155356 0.0005664383735295311 -0.7731386610558294 -0.0020826901904601788 0.9999606604707909 -0.008622059834381697 -3.6167550485461826 -0.0005844159999748998 0.008620860115580949 0.9999626689173198 184.35033858634802
0.9999883804053209 0.004744388086851644 0.0008542997659669862 -0.7706541973960145 -0.0047395715624407985 0.9999733402448877 -0.005554752041072048 -3.6560580068402966 -0.0008806309692140481 0.005550638588712692 0.9999842073247638 185.7845088952847
0.9999878293328591 0.004754929269585942 0.0013159887772603818 -0.7812929095209911 -0.004750934368432401 0.9999841462675659 -0.003022556136585878 -3.6881671314741284 -0.0013303400697638713 0.003016267230641772 0.9999945661478281 187.16060147626132
0.999991690222729 0.0038105791904206564 0.0014487810809773534 -0.7899906922407124 -0.003806812505746638 0.9999893896235122 -0.002593998131949853 -3.7180580165279804 -0.001458650469794403 0.0025884613877526982 0.9999955860923517 188.60547668440157
0.9999933365754855 0.0034179124698065604 0.0012824486270828293 -0.7894493050055339 -0.003415214783096832 0.9999919630350613 -0.0021000428070444854 -3.7561846986907206 -0.001289616193501641 0.0020956490157947216 0.9999969725670423 190.01850708526476
0.9999990071165312 -1.919848246028158e-05 0.0014090420117620279 -0.7945875677357658 2.11264763220545e-05 0.9999990636555518 -0.0013682988726711252 -3.7842061585251545 -0.0014090145433372561 0.00136832731033305 0.9999980711762669 191.37156439853973
0.9999976760788452 -0.001225346535811066 0.0017738001927467132 -0.8036311633515159 0.0012275838752280766 0.9999984517810698 -0.0012607424514096835 -3.820624221057339 -0.0017722527508346863 0.0012629170373300994 0.9999976320762767 192.82997378696243
0.9999886316621254 -0.004239040050408611 0.0021833677283508938 -0.8041249437895417 0.00424026646595471 0.9999908547561238 -0.0005572600327439644 -3.848857985939453 -0.002180985697801884 0.0005665117747705247 0.9999974611781718 194.205081639813
0.9999540811230259 -0.009274965794141925 0.002410532647655101 -0.8015693672201185 0.00927293921901619 0.999956643435485 0.00085078660211555 -3.8708596552286374 -0.0024183193549078925 -0.0008283948194841975 0.9999967327398794 195.6681397973131
0.9999108046682689 -0.013097968208569333 0.0026126519264835744 -0.7989011144347414 0.013094765146403944 0.9999134914293258 0.0012396664890868146 -3.8994106593719744 -0.0026286632421757775 -0.0012053438648318762 0.9999958186274942 197.08981645651937
0.9999267067436622 -0.01175163044934702 0.0029121017287403006 -0.8059910105757164 0.011760622534814781 0.9999260673173317 -0.0030899266796626614 -3.929635365354366 -0.0028755749975000393 0.0031239484109937903 0.9999909859647935 198.48482739058136
0.9999843970785955 -0.004637880534306908 0.0031137876632621846 -0.8238581996246028 0.004662112536357557 0.9999585518375772 -0.007820441624970082 -3.9648876595844857 -0.003077388594643158 0.007834836592210775 0.9999645718780691 199.92534505730114
0.9999767153964063 0.005044307785414484 0.00459604388265959 -0.8397856862182844 -0.005003285803882164 0.9999479326222407 -0.008893772267503632 -3.994889331366153 -0.004640667903147803 0.008870570033179575 0.999949887336277 201.3660457587335
0.9999184895256203 0.011284241173930525 0.005973289331426493 -0.8594462537852801 -0.011253602330687265 0.9999234735790844 -0.005138428446836539 -4.024940151818892 -0.0060308159973221035 0.005070788684562732 0.9999689576953046 202.81107804995253
0.9998943913665782 0.012786133506366598 0.0069080300193657025 -0.851761296742837 -0.012766506635529175 0.9999143631947267 -0.0028779535833117235 -4.056945695829473 -0.00694423692640198 0.0027894582863230034 0.9999719978525545 204.24508624371435
0.9999035798408797 0.0122973434602979 0.006450297803242992 -0.8505358145153956 -0.012282396290935183 0.9999218025526709 -0.0023519249957890294 -4.097970809209706 -0.0064787163860128855 0.0022724731496356785 0.9999764307688553 205.71341770041624
0.9999452718267864 0.009101071463788971 0.0051598289633349665 -0.8474150266785327 -0.009089547734637734 0.9999561521457443 -0.0022525381768318193 -4.128674229656531 -0.005180103666968078 0.002205514428582892 0.9999841509875329 207.14374539126996
0.9999639827725012 0.0075082403779931795 0.003957205206036056 -0.843306481820385 -0.0074974650848331475 0.9999681645617495 -0.0027309149391271255 -4.164850010350521 -0.003977583931312379 0.0027011476220022883 0.9999884412445161 208.57479352908948
0.9999629992451158 0.007840799600493232 0.003538642387886412 -0.8519340319969579 -0.00782888749075396 0.9999636824795298 -0.0033678271362142472 -4.193586170664881 -0.0035649206353251216 0.003339998953669516 0.9999880678004398 210.05908795134667
0.9999543609527777 0.008915896123055909 0.0034326072364135405 -0.8581264961242921 -0.008904250489575086 0.9999545989604335 -0.0033932817453866514 -4.2301086355223445 -0.0034627058359728144 0.003362562146839681 0.999988351351955 211.52410745702736
0.9999421938670866 0.010240689726118626 0.003276763472506217 -0.86508811826147 -0.010231745037541382 0.9999439136061714 -0.002735152492956809 -4.2580522721146234 -0.0033045898208100724 0.002701467424059689 0.9999908908362762 212.96269256669888
0.9999524791212511 0.009335940794097263 0.0028070788268727076 -0.8790383916426636 -0.009328185345426307 0.9999526727734556 -0.002763547080312051 -4.296281081957858 -0.002832746529757471 0.0027372308516545856 0.99999224152515 214.3906296784876
0.9999487438194326 0.009787874320955785 0.002589832325571067 -0.8808719446671132 -0.009778184504734415 0.9999452419438355 -0.003728303108584012 -4.3288979892281425 -0.0026261828992201353 0.0037027882193117916 0.999989696206481 215.87673634490835
0.9999567265947858 0.0090159987365304 0.0022927467689619124 -0.8870128228529197 -0.00900628189987529 0.9999505636949579 -0.004213914174005697 -4.363788604643045 -0.002330626269854669 0.004193082777499098 0.999988493051144 217.35364662383415
0.9999582775676724 0.008981498453750455 0.0016660707936878682 -0.8866800352265941 -0.008974464806410861 0.9999509814767635 -0.004182540519519156 -4.397706413421178 -0.0017035547545040178 0.004167413996697869 0.9999898652282463 218.83439482375124
0.9999398730939746 0.010856643341428945 0.0015438487676249042 -0.8967880454467986 -0.010849343209274718 0.999930279879728 -0.00466123987135083 -4.43989899303198 -0.001594346688325551 0.00464420994479308 0.9999879446124386 220.31406726776441
0.9999563935399308 0.009230176583407274 0.0014194507081800448 -0.9054335876658435 -0.009223409099918992 0.9999464041341496 -0.004702935737125999 -4.469996551571221 -0.001462783686836376 0.004689638570719643 0.9999879337030592 221.80149056595363
