1.0 -3.469446951953614e-18 0.0 -1.7787691892340307e-19 0.0 0.9999999999999999 -3.5575383784680614e-19 0.0 2.168404344971009e-19 -2.371692252312041e-19 1.0 0.0
0.9999999398638733 -7.08535559765227e-05 -0.00033948727388392647 0.05569069961672338 7.123806521749064e-05 0.9999993559314045 0.0011327230995349811 -0.026761272848715878 0.0003394068273799933 -0.0011327472383819146 0.9999993008434594 1.3159701006825606
0.9999991075624272 -0.0005587901877283866 0.0012135198795759842 0.11108300046058615 0.0005566348298350308 0.9999982684086526 0.0017757635472657302 -0.04833477912174309 -0.0012145101586562628 -0.0017750865086460634 0.9999976870130872 2.5650198957187875
0.9999986611512615 -0.0013958644380766255 -0.0008539665868098772 0.030921861176101805 0.0013968809243488766 0.9999983153951146 0.0011907679382067219 -0.07752556282561845 0.0008523030706856065 -0.0011919592567016892 0.9999989264065053 3.936559132383316
0.9999979997180184 -0.001975389862804851 -0.0003136834794912524 0.024356202031975076 0.0019757463569368364 0.9999973985797297 0.0011398495371463526 -0.09592423555819027 0.0003114310436288096 -0.0011404670373370428 0.9999993011729096 5.253896333955971
0.9999969990417062 -0.002391608902845085 -0.0005311469870159624 0.02811895676656674 0.0023923271671353833 0.9999962196857315 0.0013555003630174734 -0.11014523184131031 0.0005279031982566222 -0.0013567669979242774 0.9999989402507281 6.570073306747708
0.999993884342629 -0.0034741027381848064 -0.00040235773515662297 0.017297132549785616 0.0034750154411116365 0.9999913405645444 0.0022897725510530533 -0.14820522757380256 0.00039439938130801894 -0.00229115678975055 0.9999972975217104 7.906940595931816
0.9999934739585467 -0.0036067541788593043 -0.0002082530074687223 -0.002067386222124372 0.0036072720376457475 0.9999902651324236 0.0025411067169626273 -0.16465978177987778 0.0001990858520218694 -0.0025418414063452487 0.999996749698652 9.221325844999201
0.9999942775451185 -0.00329313051880995 -0.0007747075719306946 -0.0031527681760851467 0.003294605127618106 0.9999927493844952 0.0019096466982395437 -0.18624873794208885 0.0007684133057202602 -0.0019121881617042416 0.9999978765372379 10.555834165819018
0.9999997342568376 -0.000355067215713923 -0.0006367205719711112 -0.02003974870230909 0.00035459505378493406 0.9999996621844034 -0.0007415476698722173 -0.2118784506285436 0.0006369837093942021 0.0007413217092102039 0.9999995223472844 11.876213686563576
0.9999976288871948 0.0021138052430841395 -0.0005234910009321897 -0.016680420365385612 -0.002114580817406355 0.9999966613874318 -0.0014851820930852325 -0.23912712054611682 0.0005203499101255743 0.0014862855628317976 0.9999987600951602 13.211469426541626
0.9999838667377927 0.005667971872084938 -0.00037462928094709265 -0.04531683361367701 -0.005668605787356559 0.9999824673645821 -0.001712274325540546 -0.25790478866819777 0.00036491761906573637 0.0017143703558320567 0.999998463883725 14.552271164534904
0.9999824556878788 0.00592351800971654 1.545759731800796e-05 -0.06680988038846775 -0.005923501891544894 0.9999820425290439 -0.000909261684464066 -0.28916137922431917 -2.084335059034841e-05 0.0009091541823860658 0.9999995865019591 15.903449598990509
0.9999894415095048 0.004590362530631302 0.0002131497881009835 -0.05886431540512453 -0.004590705944142689 0.9999881208392357 0.0016381721213801419 -0.3202953759440791 -0.00020562746848202694 -0.001639133368409105 0.9999986354786228 17.248624575892137
0.9999999292806284 -0.0002469756099444352 0.00028362406784747276 -0.06855468125369854 0.0002459177390526351 0.9999930360291752 0.0037238980177795255 -0.34598954463690035 -0.00028454182568652406 -0.0037238280792128847 0.9999930260460479 18.611445400968222
0.9999976266784943 -0.002174278265738643 -0.00013839949561561342 -0.06046086505896091 0.002174526351437141 0.9999959844165134 0.0018173008715742852 -0.38190394108763137 0.00013444763506190649 -0.001817597546154354 0.9999983391303767 19.951607701929774
0.9999958344610698 -0.0028819453549222118 0.00015954897108933614 -0.07185852275467614 0.002882038477317935 0.9999956755926811 -0.0005853597779968886 -0.383851563453889 -0.00015786131986099102 0.0005858171798125029 0.9999998159488449 21.29982653490329
0.9999995165523594 -0.0009068271940718756 0.0003802124139839877 -0.0840566101028867 0.0009074870757425791 0.9999980764430677 -0.0017388433283427795 -0.43942200931615427 -0.00037863488555989265 0.0017391875608358893 0.9999984159295003 22.654644021122845
0.9999982485083327 0.0014672971798660771 0.0011619029176843571 -0.09374774332304449 -0.0014665869741390678 0.9999987373252749 -0.000611942077377705 -0.43763278947616857 -0.0011627994503241262 0.0006102369857323261 0.9999991377528881 24.020335615885813
0.9999968916802505 0.0016260061291211254 0.0018901676326890757 -0.10135427100876078 -0.0016326021108484488 0.9999925657630042 0.003493283724499647 -0.46015468128636583 -0.0018844736365100402 -0.0034963588265471014 0.9999921120849838 25.41588605311793
0.9999979023595479 5.639946997821471e-05 0.002047461426364881 -0.09964162075536673 -6.570872409618171e-05 0.9999896604243097 0.004546946879193068 -0.48600563305421274 -0.00204718398040412 -0.00454707196540951 0.999987566508963 26.78623808415049
0.9999891153096545 -0.004192197768513931 0.0020481085299767334 -0.09972606064060054 0.004184469888183993 0.9999841643741055 0.003763137831365219 -0.5172250788764692 -0.002063852085988393 -0.003754526691415454 0.9999908219788134 28.152617643979447
0.9999887686346074 -0.004336226289677725 0.0019130485268908895 -0.11113136355035488 0.004333824814240399 0.9999898178648182 0.001257824764427798 -0.5294906567087304 -0.001918483421594631 -0.0012495198399086185 0.9999973790561152 29.51194086318748
0.9999873088948045 -0.004309793992867756 0.0026091635245501545 -0.11348499039395793 0.004311606539380328 0.9999904673730612 -0.0006893521034827851 -0.5776629086306403 -0.002606167907327152 0.0007005930605859092 0.9999963585207217 30.901619149757426
0.9999932184433625 -0.0020438958923804686 0.0030635867574898405 -0.1260955020970151 0.0020497544162917172 0.9999960745304527 -0.0019103475166542007 -0.5802445137621552 -0.0030596704400187077 0.0019166142038407248 0.9999934824801217 32.28717513960009
0.9999934838077156 -0.00022104043260720053 0.003603260747180758 -0.12746686143072147 0.0002358842004019663 0.9999914864681361 -0.004119629805163273 -0.6273699261312655 -0.0036023197737197494 0.004120452997457121 0.9999850224652002 33.6676741564246
0.9999924077968502 0.000395843300502516 0.0038765526890340196 -0.14129483936416376 -0.0003805443278479771 0.9999921401690856 -0.0039464904565365035 -0.6425358973970898 -0.003878084742764184 0.003944985374449201 0.9999846986550619 35.058467228945986
0.9999945948027218 9.336943817296432e-05 0.0032865865963545766 -0.13810760298976446 -8.568828888016154e-05 0.9999972651057627 -0.0023371860987474774 -0.6856281958030517 -0.003286796109310944 0.0023368918924765994 0.9999918679185862 36.454785259832455
0.9999940732027159 0.0012830121847861222 0.003194908607257457 -0.153293462833602 -0.0012790691659045209 0.9999984182407543 -0.0012359208651010448 -0.7051387207752706 -0.0031964895264283404 0.00123182705685918 0.9999941325091103 37.85445895942143
0.9999906544696543 0.0033752456958673054 0.0027016082492216874 -0.15046991267266657 -0.0033729796855132884 0.9999939561965949 -0.0008429618346314581 -0.7295075454357901 -0.0027044373539855935 0.0008338415030143815 0.9999959953536455 39.251323604928835
0.9999775435530572 0.005836213162018997 0.0032940852963980866 -0.16730179123531652 -0.005833768419563877 0.9999827011302914 -0.000751397358008979 -0.7643122078502586 -0.0032984139073158935 0.0007321635661662946 0.9999942921827069 40.646912869061865
0.9999599595567262 0.008336423289746629 0.0032532008940998874 -0.17669742327261598 -0.00833487158617778 0.9999651441083864 -0.0004904101033365299 -0.7919516775395512 -0.0032571760432600506 0.00046327546079930634 0.9999945880733174 42.07473108390892
0.9999503046976168 0.009522415965062508 0.0029515608985793166 -0.18091067532659771 -0.009521067479721845 0.9999545627910464 -0.00047079597326173556 -0.8215820232576375 -0.0029559101537488947 0.00044267057026460533 0.9999955333070681 43.46281671173827
0.9999593450729479 0.008656933666312696 0.0025230309462057326 -0.1909584680130314 -0.008655382881572868 0.9999623460704873 -0.0006251459077764246 -0.8477993564167471 -0.0025283480055443897 0.0006032827009714327 0.999996621745765 44.89078674304423
0.9999648433616135 0.008219625917312078 0.001658244587756999 -0.18359663954490602 -0.00821771100743016 0.9999655628187987 -0.0011586285753288946 -0.8829804633078423 -0.001667711118350342 0.0011449608846698382 0.9999979538987837 46.288509177180366
0.9999694260472421 0.007777525436145909 0.0008105883337801163 -0.1976444300653885 -0.00777694942477757 0.999969505619395 -0.000711973045143704 -0.9141290218505094 -0.0008161010739030272 0.0007056473814528902 0.9999994180195967 47.7196439082003
0.9999681251981105 0.007980828592730084 -0.00023440407517349602 -0.2021787250440007 -0.007980815570298122 0.9999681510734604 5.8640128880117605e-05 -0.9410478875284322 0.00023486462585205203 -5.6767531467094773e-05 0.9999999708082131 49.118079960845634
0.9999609168342458 0.008756330166335842 -0.0012212554276449248 -0.21264634310244207 -0.008756263696454856 0.999961661384006 6.022811540734964e-05 -0.9698263388738442 0.0012217360863905965 -4.9532135613681695e-05 0.9999992524544741 50.545446517191415
0.999958543350821 0.00879742905921432 -0.002348786550541498 -0.22369157221790043 -0.008797083392083353 0.9999612924874952 0.00015770173679607443 -0.9931899712268544 0.002350083202846539 -0.00013703273920626706 0.9999972291636876 51.9954178457204
0.9999505513410417 0.00931864707695978 -0.0034724144738301297 -0.2369346285434739 -0.00931472659016652 0.9999559629751916 0.0011436780544512655 -1.0276516140438732 0.0034829193858294323 -0.0011112769415477883 0.9999933171489948 53.406619686610256
0.999958849433486 0.008014713728099466 -0.0042501503832584105 -0.2536213711188763 -0.008006634787830263 0.9999661134847038 0.0019146013947225046 -1.0567462873875875 0.004265351704023651 -0.0018804932525508077 0.999989135205165 54.858666400499956
0.9999754965830293 0.005109735751035037 -0.004785061631003271 -0.2580678881752172 -0.005097613086634506 0.9999837754330887 0.0025422865483710334 -1.0700827556626913 0.00479797481509572 -0.002517831918315164 0.9999853198771878 56.25501251521137
0.999980710091608 0.003466577136706176 -0.0051538598238876675 -0.2797235509348394 -0.0034562406586295166 0.9999920007272189 0.0020131786110447547 -1.1013761076587816 0.0051607978732243435 -0.0019953268433218637 0.9999846923061462 57.685978492791975
0.9999844083077809 0.0022773298104554335 -0.0050987151545097 -0.2990727415596123 -0.002266561205345639 0.9999951908457921 0.0021168347196068803 -1.1270180087355561 0.005103511797661045 -0.002105245211994545 0.9999847609440523 59.13311113707749
0.9999861700355585 0.0019084065253823232 -0.0049007865975370865 -0.30235650981299866 -0.001895744768381804 0.9999948568085507 0.0025869887993884965 -1.162043616194478 0.004905698834698482 -0.0025776624371293237 0.999984644774783 60.53599524023104
0.9999908812707765 -8.604172244477959e-06 -0.004270514394981094 -0.3226104901196888 2.3451853408192058e-05 0.9999939558081373 0.0034767508477544277 -1.1847476381897268 0.004270459032323863 -0.003476819367677108 0.999984837342822 61.99260893281
0.9999887399511226 -0.002599553532893314 -0.003970174904951416 -0.3315443520134081 0.002611617211956064 0.9999919799000319 0.0030363772433598586 -1.206022344231023 0.0039622501760582605 -0.0030467116920031936 0.9999875089866952 63.39078386555183
0.9999887609298888 -0.003073010023061257 -0.003610349160675994 -0.3426549711146666 0.0030800941435500263 0.9999933392202558 0.001958195715572015 -1.2412492213390969 0.0036043078642799967 -0.001969293961973233 0.9999915653909695 64.80666947468998
0.9999915559772709 -0.003002541220952004 -0.0028058367224391063 -0.35379196945397073 0.0030079783483132425 0.9999936029013913 0.001935514896582841 -1.2722528550936838 0.002800007548374323 -0.0019439384874551124 0.999994190516216 66.26465058796158
0.9999969583610219 -0.0011772919731432418 -0.0021673141039139595 -0.3682503767832791 0.001181074446393801 0.9999977804561769 0.0017447474738325095 -1.3015890786008748 0.0021652554007516814 -0.0017473019615452004 0.9999961292969682 67.622869408226
0.9999977924092984 0.0014359559690306943 -0.0015340149824251514 -0.3851156057799867 -0.0014315273162916033 0.9999948159473756 0.0028842347025588863 -1.3287149263371374 0.0015381487962800673 -0.002882032410153036 0.999994663981055 69.09469638437085
0.9999889396486206 0.004659751571668632 -0.0006381894043353045 -0.4021400417989518 -0.004657131935674692 0.999980966284908 0.004046998655963776 -1.3543896308104857 0.0006570353240707165 -0.004043981846288946 0.9999916072234434 70.45291786853383
0.9999607954379282 0.008851110245252687 0.00025576449528381907 -0.42093412623338333 -0.008852242399257786 0.9999491702971057 0.004826452625060857 -1.385056231818835 -0.0002130320452231342 -0.004828527597182941 0.999988319901477 71.90761249023383
0.9999243369391714 0.01228055669101224 0.0007129483901011954 -0.43025173735162936 -0.012283480074543253 0.9999155195484131 0.004250871939021429 -1.397951017175262 -0.0006606851392118708 -0.004259307885202226 0.9999907108525754 73.26610838473577
0.999868239739652 0.016168046905934014 0.0014482327040987936 -0.4451271916176194 -0.016173296721853546 0.9998623984528002 0.00368899386970516 -1.4249883762285496 -0.0013883897144239057 -0.0037119305885762823 0.9999921469412187 74.66217370383659
0.9998433995358839 0.017545208615353552 0.002311279679011196 -0.4609245507194087 -0.017553577486902477 0.9998392571786447 0.00365126957962915 -1.448031541994244 -0.002246846058854767 -0.003691269100425964 0.9999906630628889 76.11274925023534
0.9998350321276239 0.017974584685531488 0.002612046892263283 -0.46504135670588187 -0.01798489702401434 0.9998303404325568 0.003979180671785663 -1.4762545271367018 -0.002540079826031838 -0.004025501720242043 0.9999886715997738 77.4799102073801
0.9998478870674712 0.017236567283014897 0.002665226291632514 -0.46744555722190484 -0.01724727909505268 0.9998430548862031 0.004049321672377539 -1.5129219877690463 -0.0025950118089571013 -0.004094673711685538 0.9999882497101494 78.89954756684033
0.9998648512856848 0.016274094974346617 0.002330870155478399 -0.47162413523640345 -0.01628071006453471 0.9998634064091706 0.0028472876035673085 -1.532720188993175 -0.0022842149363626555 -0.0028848510849767543 0.9999932299739976 80.26267805164984
0.9998701787849166 0.015968698351286635 0.002150862611351713 -0.48127713952650036 -0.015974813404328006 0.9998683154953142 0.002856054476865408 -1.569557681844451 -0.002104972080177912 -0.0028900433967605724 0.9999936083492746 81.6528676347686
0.9998823845377046 0.015240764657532786 0.001713518709053855 -0.4886950107997152 -0.015246202861326576 0.9998786295871038 0.0032061554061125694 -1.5867383314200816 -0.0016644466175544954 -0.0032319030405285856 0.9999933921874249 83.05136220022605
0.9998828562812254 0.01523570708068565 0.0014652327029416512 -0.5035329429609682 -0.01523915425455832 0.9998810678894995 0.002370293889000282 -1.6138425904680989 -0.0014289454560891229 -0.0023923451888002924 0.9999961173913607 84.41142048752783
0.9998856865602369 0.015103398586114602 0.0007079016832409908 -0.5100203574056725 -0.015105286356666376 0.9998821533073796 0.002740412426122521 -1.6365634405690472 -0.0006664287732227599 -0.002750792283035223 0.9999959944989982 85.82146428877927
0.9998912335794253 0.014740080469552995 -0.0005009989152781895 -0.5194854103223289 -0.014738307177202595 0.9998856803891994 0.003377645848768616 -1.669783133504158 0.0005507284612522644 -0.003369894676570854 0.9999941702377977 87.17837415107122
0.9999094246317414 0.013369413774375782 -0.001549603832522727 -0.5283655501744198 -0.01336214328276636 0.9999000889665627 0.004611425346744067 -1.6965967765881391 0.0016111012025967842 -0.00459030173877925 0.999988166673284 88.56255006528315
0.9999352694015272 0.011048569974596727 -0.002717733934740363 -0.5331096958789114 -0.011034759659227622 0.9999263864362415 0.0050453753480202215 -1.7242175345323372 0.002773278292977735 -0.005015059326631274 0.9999835789219503 89.94354222552272
0.9999452278411131 0.009815093426515192 -0.0036339000980039103 -0.5462882916246661 -0.009795462657383437 0.9999375436232788 0.005381243792219031 -1.7512069139156843 0.003686490863593933 -0.005345353433040473 0.9999789182727298 91.307987353647
0.999952787762252 0.008870667144432782 -0.003966545597813487 -0.5605920492516288 -0.008851872498421927 0.9999496290441263 0.004731146385860646 -1.775128951589029 0.004008314565900404 -0.004695811764569657 0.999980941205785 92.68394572149646
0.9999651224491161 0.007048270634821026 -0.004480596292917914 -0.5709235688686436 -0.007028190097290562 0.9999652583002585 0.004481824410051496 -1.8024568817989122 0.004512030125227343 -0.004450177709276936 0.9999799185544468 94.04192296597685
0.9999673050755128 0.006725362947980756 -0.004489794069231974 -0.5928243510783561 -0.006707775025606881 0.9999698151530709 0.003921039389976617 -1.821349225281754 0.0045160293428813955 -0.0038907947488729944 0.9999822334445184 95.41207437781291
0.9999692102337983 0.006515593065703047 -0.0043732836327562245 -0.6005548527077769 -0.006501942271191772 0.9999739683017375 0.00312849456635924 -1.8454223863497914 0.004393554159645461 -0.003099963472690798 0.9999855433541543 96.76754301586573
0.9999623502059671 0.007589052764163794 -0.0042076626153076105 -0.6215730400714299 -0.007578457646238529 0.9999680865330474 0.0025284205936137445 -1.8714116079312328 0.004226717010231431 -0.0024964378646343357 0.9999879512622952 98.09518841171392
0.9999481971055414 0.009409615024570111 -0.0038810078852475776 -0.6414930228178046 -0.009399727065675234 0.9999525488562164 0.0025583564173061327 -1.89278690146739 0.0039048972074106013 -0.0025217435322643996 0.9999891962391929 99.4409878234402
0.999946998362072 0.009569952893146487 -0.003796898704122844 -0.6479280332022263 -0.009555087178947957 0.9999466874940189 0.003914396418289644 -1.9203737728920156 0.0038341571978226232 -0.0038779093376220698 0.9999851304223024 100.78177012135527
0.9999461632977577 0.009701408195827581 -0.003681461183818476 -0.6707652878053593 -0.009682071281333608 0.9999394261778344 0.0052346433835039115 -1.944197748774293 0.0037320219148542235 -0.005198717510897424 0.999979522468749 102.12060079879005
0.9999486805421001 0.009510184188651303 -0.0034917976890458907 -0.6829276027086688 -0.009495027437106689 0.9999455373627627 0.004332064466333403 -1.971248939869441 0.00353280654896167 -0.004298687527155136 0.9999845201656199 103.46920588440285
0.9999489753690625 0.009517118223039881 -0.003386899995949175 -0.6950111124336265 -0.009511245898426019 0.9999532429010559 0.001745919282436873 -1.9941348998181163 0.0034033580429463995 -0.001713616602688284 0.9999927403129784 104.79604153016128
0.9999580992101593 0.008375540625875406 -0.0036946066430473506 -0.7152968755015938 -0.008374351382369053 0.9999648775971001 0.0003373859243991701 -2.0178714463947935 0.0036973029812629914 -0.0003064318688766012 0.9999931180048373 106.12529003585438
0.999969804008249 0.007056611874093572 -0.003255039166483405 -0.7215107879029377 -0.0070515376480295286 0.9999739084606012 0.0015678741175279396 -2.0514938290379723 0.003266018393419324 -0.0015448737812962941 0.9999934732262106 107.47978892192256
0.9999892633746404 0.0037019252390432947 -0.002787269834902818 -0.7286177177860393 -0.0036925632845022476 0.9999875490391713 0.00335659786379263 -2.0672470117015687 0.0027996612441329727 -0.0033462697260688797 0.999990482145443 108.80417873148971
0.9999951927456432 0.0024756256462055105 -0.0018670178587306139 -0.7457954495143388 -0.0024677260321360195 0.9999880436180677 0.004221723891113933 -2.100934181359781 0.0018774471058079182 -0.004217096394181498 0.9999893455904781 110.15888490489047
0.9999970028651596 0.002049329964707842 -0.0013395900803999145 -0.7563081514695664 -0.0020451701057093803 0.9999931053298602 0.003099447525506495 -2.1246836133895726 0.0013459327511781004 -0.0030966986101570618 0.9999942994465393 111.46474121069984
0.9999943217161518 0.0033196292115611334 -0.0005801640440204615 -0.7696993288548478 -0.0033192924937745123 0.9999943224975095 0.0005807547806057065 -2.147915116471336 0.0005820886901141905 -0.0005788257631827603 0.9999996630671921 112.7992178552412
0.9999792133059664 0.006423950778728696 0.0005529919212552701 -0.7706303610715483 -0.006423148289573632 0.9999783321554977 -0.001441665305686782 -2.1836883605405046 -0.0005622411751784059 0.001438083412999979 0.9999988078992754 114.15570218091392
0.9999567339189963 0.009089730601154491 0.001976631022512958 -0.7888398509313925 -0.009085916625954767 0.9999568590641982 -0.001930323775801787 -2.2037931039615137 -0.0019940920425523295 0.0019122807859372685 0.999996183380829 115.45707687273817
0.9999450325850002 0.00988647876095328 0.0034913218384864846 -0.8025647247023158 -0.009886564388917038 0.9999511267141112 7.0841613766970416e-06 -2.2334127493873006 -0.0034910814643260334 -4.160095568844656e-05 0.9999939052890571 116.82428923198826
0.9999419368907484 0.009875966231103355 0.004311394300327512 -0.809657785281469 -0.009885801760400763 0.9999485671825474 0.002265818859493154 -2.254129922921165 -0.00428879576382094 -0.00230830893793883 0.999988138897723 118.12559034769184
0.9999414737975842 0.009462070986545223 0.005245777031145348 -0.8095205476149936 -0.009478661559009118 0.9999501252484962 0.0031467461206046796 -2.2843604329400127 -0.00521574110293039 -0.0031962849645961393 0.9999812897260082 119.49070608284198
0.9999295415247779 0.010092968000220758 0.006248517122257817 -0.8101781497909646 -0.010106899357825352 0.9999464997072556 0.0022018926445690748 -2.3088316383592358 -0.00622595971770699 -0.002264890683564216 0.9999780536041338 120.8144438858752
0.999900044935683 0.011896515334509245 0.0076402250449168945 -0.8068395637442626 -0.011911858441684279 0.9999271191009033 0.001965742413212795 -2.3346046086544257 -0.00761628337639921 -0.0020565552499482013 0.9999688809166065 122.12233737996522
0.9998737375337529 0.013263612595333936 0.008751316765619504 -0.8124979201684386 -0.013276009992547747 0.9999109450808623 0.001359962849505045 -2.3535698011900443 -0.008732500135028007 -0.0014759737382129107 0.9999607816990675 123.48752465498012
0.999850869951794 0.014102317012216758 0.00996807316073593 -0.813620224100894 -0.01410857796546931 0.9999003134004724 0.0005579652258354204 -2.3804643584817797 -0.009959211716863946 -0.000698517370271593 0.999950161842423 124.8187755985893
0.999826974859406 0.01496217074178791 0.011052319118840595 -0.8062455745184446 -0.014959002940737709 0.9998880396673548 -0.00036932383082922797 -2.406949302171381 -0.011056608519194207 0.00020392825587879946 0.9999388530378739 126.13852700516848
0.9998246044524187 0.014481098084258834 0.0118767882411475 -0.8027096191438547 -0.014474939543682126 0.9998950499143053 -0.0006044164918712272 -2.4374655129042697 -0.011884295391274039 0.000432394695249929 0.9999292857755361 127.4810624066796
0.9998169955727855 0.014137594367934 0.012888124728211079 -0.7995551477483892 -0.014140112519614908 0.9999000181992023 0.00010420709046498189 -2.4656299207751293 -0.012885364002278677 -0.00028642755991476116 0.9999169392245132 128.806935781105
0.999816465974486 0.013332628874277662 0.013757737656280142 -0.7937023934324778 -0.013348332869564298 0.9999103555373567 0.0010502056193252055 -2.4948897049911003 -0.013742503510698464 -0.0012336557559675867 0.9999048063119921 130.1748465993226
0.9998330266059914 0.011627355240952545 0.014096932116199517 -0.7766546397519135 -0.011648361943523328 0.9999311629562618 0.001408914640502582 -2.5149796383956975 -0.014079580963330922 -0.001572885585269564 0.9998996406771299 131.49901441682786
0.9998466642767243 0.010441126666734097 0.014058121829880681 -0.7650746231895635 -0.010465150747000395 0.9999438998738258 0.0016363828385684686 -2.548039158471702 -0.014040248672708144 -0.0017832523185045807 0.9998998406959582 132.84381536998637
0.9998722638490158 0.007886217612888742 0.013901925955781939 -0.757626655501213 -0.00792141152470667 0.9999655540397034 0.0024783038547926454 -2.561721962247449 -0.013881903818622393 -0.00258811020802663 0.9999002922428695 134.17606839752278
0.9998901134170831 0.0066281441630450365 0.013260044778375167 -0.7399138564876317 -0.00666032033354309 0.9999749784349533 0.0023838310184224336 -2.5949823789453452 -0.013243913733292452 -0.0024718852562514784 0.9999092401449501 135.51257397568617
0.9999075513447849 0.006177849331590642 0.012112924292757033 -0.7343614899398698 -0.006200827908243891 0.9999790441867469 0.0018603582607012808 -2.6241461001713744 -0.012101178465017555 -0.001935296465109613 0.9999249052311348 136.8617284032859
0.9999289710570681 0.004327825641797829 0.011105078310634614 -0.7267564860371389 -0.004359207794737256 0.9999865694480539 0.0028032550165812656 -2.6460473196483156 -0.011092798099762557 -0.002851465298757979 0.9999344073337391 138.18725207158047
0.9999446197289205 0.003281847627775873 0.009999347586219742 -0.7099753921693371 -0.003314518192506631 0.9999892177787815 0.003252429979860125 -2.6749401540078908 -0.009988566633092432 -0.003285392938029142 0.9999447158336303 139.53893520074826
0.99996078730833 0.0018408242495553924 0.008662286966610649 -0.7126656204186099 -0.0018682530376397458 0.999993263824166 0.003159420755972501 -2.6958501305430276 -0.008656413406661415 -0.003175480267469092 0.9999574905093042 140.8989345505471
0.9999711399028658 0.0012250885602238934 0.007497901307707538 -0.7110328764137033 -0.001246190480303203 0.999995274484085 0.0028103416828139252 -2.7172952120885614 -0.007494423589940725 -0.00281960443972272 0.9999679412059331 142.21211874732415
0.9999791739759136 0.000602482068683477 0.006425623327857149 -0.7065978812185716 -0.0006160991278609694 0.9999975685039404 0.0021174061307981523 -2.7338406137833027 -0.006424332545978019 -0.002121320891617826 0.9999771137096176 143.571473287164
0.9999843179527091 -0.0005317382817791524 0.005575043480725357 -0.6998569234550147 0.0005322617555740504 0.9999998540788007 -9.240651972310377e-05 -2.7654922446414294 -0.005574994002297575 9.537245985470059e-05 0.9999844550492004 144.92202414930819
0.9999824490482626 -0.003841465575171248 0.0045105152875219295 -0.7122048283396112 0.003846338242976456 0.9999920281519817 -0.0010720584970745563 -2.8092269463827906 -0.004506361436013677 0.0010893886769532879 0.9999892529090594 146.22250893830554
0.9999060787011277 -0.013289015954891499 0.0033519913270445563 -0.7054742904432852 0.01328349804197464 0.9999103869655033 0.0016633423692573644 -2.8208725968337522 -0.003373795411045488 -0.0016186599947411564 0.9999929986956924 147.6040218736516
0.9997875717063611 -0.020534680999986846 0.0017715378256271403 -0.6974082461998456 0.02052879153018451 0.9997838762050374 0.0032817056682037035 -2.8498917448577883 -0.0018385438843692595 -0.003244641057105302 0.9999930460052723 148.92919899855863
0.9997419366708815 -0.022700513861666043 0.0008641393278543076 -0.6718518719779379 0.02270036456182882 0.9997422966099455 0.00018388656367072475 -2.8820617775167405 -0.0008680910272041281 -0.00016422281668537818 0.9999996097237197 150.23088775323475
0.9997566703409366 -0.022038319784475537 0.0009552882581263511 -0.6903771090523225 0.022041293734214158 0.9997518704632787 -0.003221625589046351 -2.911351714042671 -0.0008840520836130724 0.0032418975425607187 0.9999943542594244 151.62558341207347
0.9998305927721876 -0.018281224689032757 0.0021406988747282108 -0.6967626159042414 0.018292860655989042 0.9998172798280242 -0.0055478102180269604 -2.9468835114693195 -0.0020388871362300625 0.005586030010842159 0.9999823194462351 152.94903965375127
0.9998248207235804 -0.018493414925149602 0.002884697751532104 -0.7030988981884365 0.018509155085182374 0.999813407506015 -0.005528231300564637 -2.9773498827707154 -0.0027819238516074755 0.005580656313466385 0.9999805583965493 154.31338313403347
0.9997525352229671 -0.022000733529541107 0.003291815301367391 -0.7083598867312181 0.02200865866785773 0.9997549220801661 -0.0023905471818923473 -3.0041381145992467 -0.0032384150325884403 0.002462404113028746 0.9999917245806529 155.6467127286311
0.9995355132991179 -0.03026152893482574 0.0036052066122956774 -0.7092740560373061 0.03025983944432313 0.9995419294850185 0.0005228080199530792 -3.0252383392456657 -0.003619376446604866 -0.0004134721913950396 0.9999933645532387 156.98025504627304
0.9994818469748291 -0.03198596276720613 0.0035966295055849407 -0.6933138434576791 0.03198040784354031 0.9994872278880021 0.0015921108570683083 -3.061754079299409 -0.003645710757212423 -0.0014762642232357855 0.9999922646864785 158.33807611927455
0.9994351286235065 -0.033428472256693306 0.003458453723887964 -0.6879813312156475 0.03342233105152914 0.9994396622546851 0.0018191528589433469 -3.0933012810567715 -0.0035173276157748293 -0.0017025356914158892 0.9999923648581523 159.6613021112765
0.9994666820886469 -0.032335464714349296 0.004557313518294145 -0.6906626221458667 0.03232716134975677 0.999475564148282 0.0018844958055752405 -3.111396429299123 -0.004615859933405083 -0.0017361657665221312 0.9999878397063238 161.02993519168075
0.9995256417951922 -0.030243961586961875 0.005813275963563425 -0.6939700363568915 0.030235893033092008 0.9995417081341399 0.001471218086037682 -3.125456294007061 -0.0058551077411138535 -0.0012947506090904089 0.9999820205025326 162.3715748330244
0.9996125929297802 -0.026996107397136412 0.006773052842952796 -0.6984687132649832 0.026998798643865743 0.999635419174397 -0.0003059528580508482 -3.15303321716574 -0.0067623245513068475 0.0004886986554420016 0.9999770158027339 163.72092157854868
0.9996467808465943 -0.025503648046952185 0.0074751244423798685 -0.7007395548814768 0.02551227306202905 0.9996739464587714 -0.0010605166199710494 -3.1698115054026417 -0.007445640737223112 0.0012508494913534701 0.9999714984951937 165.06823003425856
0.999676358410325 -0.02424020539369063 0.007719513333916149 -0.699151768705484 0.024240528264341404 0.9997061538717111 5.195312240904034e-05 -3.198994856341924 -0.007718504989692113 0.0001351888004260504 0.9999702027550182 166.41220054924557
0.9997009908126444 -0.023251485868956263 0.007569503462584117 -0.6946799344154398 0.02325304874374059 0.9997296043043957 -0.00011831615005388027 -3.219303462309157 -0.007564706312879229 0.00029429483516088875 0.999971343890498 167.7486672132106
0.9997759235346236 -0.019931141055380724 0.007131083371337181 -0.6951399822150612 0.01994901438180486 0.9997980116399823 -0.0024439188604942555 -3.257596623889639 -0.00708093348296798 0.002585629392498657 0.9999715870437826 169.13245042899408
0.9998584058651174 -0.015531551079459941 0.006476044931849176 -0.7036000266246932 0.015568195733088156 0.9998628627904262 -0.005646847308028977 -3.294046467033835 -0.0063874530710514785 0.005746868212995619 0.999963086289994 170.5465209465248
0.9999213627642385 -0.010831707290360036 0.006320001678725743 -0.7055990419637529 0.010875350078284789 0.9999169694406356 -0.00691237840198095 -3.3195764874540528 -0.006244604598559172 0.006980567213358466 0.999956137332338 171.90110240585588
0.9999549715755717 -0.006744333952162724 0.006675986468659965 -0.707924615151788 0.006784202581573327 0.9999591817776741 -0.005967358363663097 -3.357598576999266 -0.0066354686743241836 0.006012381036618052 0.9999599101080346 173.25150482507362
0.9999677512638435 -0.0030836795142868065 0.007415346525792725 -0.7163250256653191 0.0031116072836989347 0.9999880990893055 -0.0037576023796761383 -3.395931949467739 -0.007403671663472593 0.003780554930909691 0.9999654459247211 174.61627458646296
0.9999707818446897 -0.0016424894982705954 0.007465768171390197 -0.7175760236050592 0.0016544180162377242 0.9999973644486059 -0.0015918525418997867 -3.428034362111677 -0.00746313452577994 0.0016041575712225505 0.9999708637228738 176.04075279144877
0.9999729327064644 -0.0033535871071893476 0.006548841048821408 -0.7165515783600964 0.00335813172507907 0.999994128176254 -0.0006830517370019302 -3.4606735740646584 -0.006546512475257874 0.0007050251413202329 0.9999783228187906 177.4708444553125
0.9999681411868381 -0.006142838030292301 0.005097270390995755 -0.7175335512589835 0.006146207773282654 0.9999809034737173 -0.000645608560408576 -3.482664524572201 -0.005093207612558534 0.0006769168971747412 0.9999868004199086 178.86609723256672
0.9999640689535764 -0.007949658915171163 0.0029434227627179307 -0.714436334359565 0.007962776513519808 0.9999582975764212 -0.0044718329090201936 -3.511664261805699 -0.0029077507173345626 0.0044951101460762605 0.9999856693806242 180.2048551184753
0.9999889356841972 -0.00448990608294308 0.0014033034372594555 -0.7289736876051562 0.004501897322739165 0.9999523522768329 -0.008661760221951087 -3.5579236893285335 -0.0013643462052049407 0.008667982088877525 0.9999615015811042 181.62318950725643
0.9999989954181473 -0.0011141725118959198 0.0008762335987948914 -0.7540011491756837 0.0011225351382175373 0.9999532707302259 -0.009601888798830746 -3.5890750263071673 -0.0008654945733913072 0.009602862946777499 0.9999535168904807 183.01721679243244
0.9999975431969341 0.0021443843093946115 0.0005614383976972012 -0.7732405147783064 -0.002139455506972158 0.9999604091993178 -0.008637289364668326 -3.6179431963330355 -0.0005799378938991155 0.008636067141121147 0.9999625403062983 184.34927696774406
0.9999880834555316 0.004807450945965591 0.0008493257631992694 -0.7708864326633422 -0.004802647399733786 0.9999729523922175 -0.00557037444324237 -3.657202936520666 -0.0008760821717486054 0.005566229158199218 0.9999841246597753 185.78311270607364
0.9999875382954097 0.004816555283073809 0.0013130276515037804 -0.7813934264414883 -0.00481254032885378 0.9999837859634813 -0.003044219983775013 -3.6894290794733657 -0.0013276691308616534 0.0030378631063462816 0.9999945043250589 187.15926148270043
0.9999913672700859 0.0038965107360371147 0.0014431161061831909 -0.7901068068959884 -0.003892722344849279 0.9999889940018627 -0.0026188920251881023 -3.719582270963069 -0.0014533048893448778 0.0026132518163929884 0.9999955293987988 188.6032109225767
0.9999934233873871 0.0033945146010935104 0.0012768900275686784 -0.789263308215012 -0.003391822490604343 0.9999920326579652 -0.0021047962506094784 -3.7573602629224743 -0.0012840247262001201 0.0021004514637111313 0.9999969696864744 190.01696160761176
0.999999012358421 1.924720649147671e-05 0.001405316221003184 -0.7947952771061293 -1.730333697676223e-05 0.9999990431923638 -0.0013832263476126997 -3.7855550733466155 -0.001405341619519153 0.0013832006932119989 0.9999980558824321 191.3700238326981
0.9999977458156136 -0.0011732601260346816 0.0017696973282611142 -0.8037891465316691 0.0011755307606435856 0.9999984866235373 -0.0012825273409842724 -3.8219197979776873 -0.0017681900622454046 0.0012846048112338197 0.999997611643049 192.82844132186844
0.9999888508858074 -0.004188666937015884 0.0021801793483572176 -0.8043222432793817 0.004189925034397246 0.9999910582344996 -0.0005726898263407478 -3.8502716864146698 -0.0021777612309861402 0.0005818182458336643 0.9999974594170457 194.20354335121445
0.9999545943055635 -0.009220577661695576 0.00240630161767644 -0.8017365686830666 0.009218605617403139 0.9999571636233406 0.00082958979264666 -3.8721796540736326 -0.002413848040222037 -0.0008073693858281135 0.9999967607393678 195.66643655278259
0.9999116405719766 -0.013035915791255792 0.0026030677597391663 -0.7992301841948197 0.013032812119233742 0.9999143419389619 0.0012060608055640277 -3.900828578159934 -0.002618567112494008 -0.0011720289566692127 0.9999958847171083 197.0876628323904
0.9999273781380807 -0.011697146567370368 0.002900900892755519 -0.80646409770904 0.011706161242110514 0.9999266440973303 -0.003110016595943524 -3.9311487737241597 -0.002864310018378338 0.0031437492275897603 0.9999909562416076 198.48315221879295
0.9999846799957502 -0.004587428233609926 0.003097625870743273 -0.8239995474860047 0.004611584619674704 0.9999586590360353 -0.007836676579735406 -3.966330947275623 -0.0030615478853221936 0.007850841646380141 0.9999644949728402 199.92376712115208
0.9999764566689816 0.005101116767966872 0.004589630783010826 -0.8400256791416798 -0.005060053047458497 0.999947460629517 -0.008914698723912672 -3.9963434313448167 -0.004634864965121442 0.008891265242088832 0.9999497304486328 201.36482239155194
0.9999167472029828 0.011451582452052552 0.005946419201792431 -0.8592486394168787 -0.011420876959900182 0.9999214020865891 -0.005172354005310991 -4.026924012407043 -0.006005183976384975 0.005104010167031364 0.9999689429374049 202.80909635451115
0.9998935445591568 0.012856227670994836 0.006900502437890961 -0.8521066195667697 -0.012836459246839509 0.9999133993184365 -0.0029015873764288436 -4.058700202895552 -0.006937208906940957 0.0028127005195744148 0.9999719815282934 204.24348275363113
0.9999030038913563 0.012348615344065362 0.006441621262941739 -0.8505689531809376 -0.012333561708702145 0.9999211263573864 -0.0023715711956011185 -4.099528627367947 -0.006470399358706433 0.002291893070052845 0.9999764402983418 205.7120196505671
0.9999447714688089 0.009156482277872871 0.005158762428697781 -0.847598942103633 -0.00914485843919904 0.9999556028194216 -0.0022724380547401624 -4.130359840498168 -0.005179341373060615 0.002225136440251325 0.9999841114662351 207.14214167715926
0.9999633680910825 0.007594155573348125 0.003948577679863163 -0.843548189333734 -0.0075833283884972 0.9999674649299174 -0.0027499506374860216 -4.166698724490102 -0.003969333103718551 0.002719906591353626 0.9999884231819365 208.57369280061553
0.9999624656116791 0.007911225035278148 0.003532686466789837 -0.8522364772768245 -0.007899256443238458 0.9999630565249042 -0.0033892993650807913 -4.195431444265366 -0.0035593697711089173 0.0033612666165546623 0.9999880163126824 210.05765353453185
0.9999534201821914 0.009021606604456228 0.003430461267830354 -0.8587651944340151 -0.009009866246339144 0.9999535524977546 -0.003422744154137847 -4.231887062516879 -0.0034611808785786537 0.003391676788908144 0.999988258306559 211.5234067012619
0.9999413744327335 0.010322438561044867 0.003270311930831515 -0.8654443803959624 -0.010313436892930334 0.9999430122930363 -0.002757754471860973 -4.259953538695575 -0.0032985925959885514 0.002723864689686204 0.9999908498799874 212.96199939827426
0.9999518029175996 0.009410198758552413 0.0027999970955789877 -0.8794946110004864 -0.009402391887009164 0.9999519081974139 -0.0027886090524550534 -4.29824254147851 -0.002826104045795229 0.0027621480291929947 0.9999921918046784 214.38952576387214
0.9999480629556521 0.009859639407855674 0.0025804811617101773 -0.8812426086097385 -0.009849933214489995 0.999944465265404 -0.0037476957397525375 -4.3308499273379315 -0.0026172890088222668 0.003722083596347565 0.9999896478905688 215.87542052303723
0.9999559051729283 0.009110337445551918 0.002278035175291853 -0.8870837884563759 -0.00910062012969028 0.9999495971691856 -0.004240501726585979 -4.365712474933196 -0.002316552957328755 0.004219583287697112 0.9999884142808743 217.3516354388384
0.999957671229962 0.00905054686040986 0.001656300740753263 -0.8871838272223713 -0.009043513689154755 0.9999502609978769 -0.004205996995539195 -4.399835045334218 -0.0016942850780872895 0.004190840259483942 0.999989783074524 218.83318033080792
0.9999392113882158 0.010919063026761698 0.0015321773985338411 -0.8972938092655778 -0.010911778284598819 0.9999294876736399 -0.004685381644087521 -4.441853323561054 -0.0015832294769115571 0.004668378131112817 0.9999878497400092 220.31213944325182
0.9999558623013437 0.00928845742942785 0.001413502403500123 -0.9059426769458092 -0.009281677978142647 0.9999457378181512 -0.004729893674879497 -4.471947642588305 -0.0014573592474196003 0.004716565321160612 0.9999878149824405 221.80023802504255
