1.0 -3.469446951953614e-18 0.0 -1.7787691892340307e-19 0.0 0.9999999999999999 -3.5575383784680614e-19 0.0 2.168404344971009e-19 -2.371692252312041e-19 1.0 0.0
0.9999999398638733 -7.08535559765227e-05 -0.00033948727388392647 0.05569069961672338 7.123806521749064e-05 0.9999993559314045 0.0011327230995349811 -0.026761272848715878 0.0003394068273799933 -0.0011327472383819146 0.9999993008434594 1.3159701006825606
0.9999991075624272 -0.0005587901877283866 0.0012135198795759842 0.11108300046058615 0.0005566348298350308 0.9999982684086526 0.0017757635472657302 -0.04833477912174309 -0.0012145101586562628 -0.0017750865086460634 0.9999976870130872 2.5650198957187875
0.9999986623007548 -0.0013948926005903847 -0.0008542084687483166 0.0309335926804201 0.0013959094051608362 0.9999983167102429 0.0011908027886351794 -0.07750670274860769 0.0008525460619807743 -0.001191993616454274 0.9999989261584175 3.936471656072644
0.9999980005875957 -0.001974919025239004 -0.00031387597386862043 0.024356756030280678 0.001975275761764695 0.9999973994267021 0.0011399220846984117 -0.09592850854809083 0.00031162393119603133 -0.0011405398183487354 0.9999993010298127 5.253832639859687
0.9999970031282167 -0.0023899137680884527 -0.0005310832784745526 0.02810979398720708 0.0023906319176293968 0.9999962238157163 0.0013554444316267451 -0.11011141418782533 0.0005278419235710532 -0.0013567100195102208 0.9999989403603781 6.569994878844359
0.9999938875274407 -0.003473164721821336 -0.00040254044769855494 0.017295263062020567 0.00347407785404044 0.9999913437738438 0.002289793696659051 -0.14818975330360004 0.0003945841679771525 -0.0022911782000332647 0.9999972973997591 7.906885371103267
0.9999935243416882 -0.00359254183279294 -0.00021194940686872698 -0.0030151280018707264 0.003593067009629981 0.9999903428066838 0.0025306436670908764 -0.16427524438176772 0.00020285593624246295 -0.0025313888752364353 0.9999967754551085 9.2214669946732
0.9999943093174625 -0.0032829603497174058 -0.0007768574110221115 -0.003375998516353583 0.0032844382223954534 0.9999927849643329 0.0019085281958055866 -0.18626352609804842 0.0007705862504754609 -0.001911068910931996 0.9999978770047517 10.55577711574074
0.9999997355309699 -0.000355520550670594 -0.000634462523144319 -0.020519255187610767 0.0003550509699936765 0.9999996630816215 -0.0007401182141553275 -0.21192564936173278 0.0006347254896784196 0.000739892766221407 0.9999995248414689 11.87620500868309
0.9999976227245096 0.002116481126220519 -0.000524450579544452 -0.01689984237379521 -0.002117258988087488 0.999996653258444 -0.0014868389915422236 -0.2390967258481847 0.000521302000381823 0.0014879458819017672 0.9999987571301973 13.211487124781762
0.999983842503932 0.005672119606198704 -0.00037653464607450703 -0.045501611515005716 -0.005672757222194339 0.9999824417692426 -0.001713473147506955 -0.25789758357820747 0.00036680903938792505 0.001715581480875479 0.9999984611146704 14.552314273225473
0.9999824312704783 0.005927639971720961 1.4928082068683436e-05 -0.06707993279095353 -0.0059276243046494466 0.9999820168079216 -0.0009106826575590801 -0.2891242202581197 -2.0326015382543744e-05 0.0009105781833839275 0.9999995852169575 15.903447616821133
0.9999894379156308 0.004591103754297365 0.0002140443500384967 -0.059210275829362474 -0.004591450168037264 0.999988105218802 0.001645604696069575 -0.3203742256897596 -0.00020648667854253886 -0.0016465701248218384 0.9999986230840713 17.248510189664334
0.9999999304795492 -0.00024333499332683528 0.0002825416714963562 -0.06880510792311575 0.00024228099346644896 0.9999930344928967 0.003724548891180627 -0.34599378480582144 -0.000283446037441504 -0.003724480250762569 0.9999930239284438 18.611406118322336
0.999997634337065 -0.002170652629044638 -0.00013996588331143152 -0.060723085586170254 0.002170903564165322 0.9999959923327463 0.0018172761563561314 -0.3818646620340024 0.00013602066022930823 -0.001817575744000918 0.9999983389572784 19.951643473731902
0.9999958363198016 -0.002881438826293138 0.00015702783362684714 -0.07197447998825617 0.0028815302439347615 0.9999956779149534 -0.0005838927844990925 -0.383813629233569 -0.00015534471700525852 0.0005843428476573731 0.9999998172055569 21.299894725175264
0.9999995187929441 -0.0009051663162644944 0.0003782721343007641 -0.08428595294089895 0.0009058216501790593 0.9999980833744424 -0.0017357227115281685 -0.43936022128700936 -0.00037670032474845534 0.0017360645585917534 0.9999984220867425 22.65465208682974
0.9999982724330586 0.0014637295598357051 0.001145698824352855 -0.09376499044290026 -0.0014630259991113463 0.9999987408073487 -0.0006147692570244306 -0.4374712456689287 -0.0011465973351250179 0.0006130920196983833 0.9999991547151466 24.021168554650437
0.9999968951355594 0.0016277529104967488 0.0018868331854756488 -0.10142434336461309 -0.0016343384615686088 0.9999925606326077 0.003493940375109658 -0.4601106091758833 -0.0018811320332547832 -0.003497013319584236 0.9999921160880407 25.415874926499818
0.9999979077226315 5.199808064878554e-05 0.002044957029393555 -0.0998014944384853 -6.130199646209658e-05 0.9999896473274151 0.0045498878155315284 -0.48591151306582386 -0.002044699442292403 -0.004550003743907431 0.9999875582567771 26.786236268887965
0.999989130048405 -0.004189816182764448 0.002045784409526922 -0.0999765689494296 0.00418209447408247 0.9999841696264231 0.003764382542460068 -0.5171815823895598 -0.0020615242657652773 -0.0037557860292700145 0.9999908220513724 28.152685821590534
0.9999887926846787 -0.004331732795832209 0.001910655509576309 -0.11152212932467767 0.004329335801088945 0.9999898382909946 0.0012570442504127293 -0.5294417882647571 -0.0019160814344654192 -0.0012487583127577073 0.9999973846126723 29.51201301986462
0.9999873245164301 -0.0043072692123178515 0.0026073449390820436 -0.11368826417337427 0.004309081002883443 0.9999904781197761 -0.000689554175859584 -0.5776109117187864 -0.002604350237144711 0.0007007807152006296 0.999996363124754 30.90166857575872
0.9999932276147354 -0.002042647095434105 0.0030614252330924347 -0.12636571474079722 0.0020484983143467684 0.9999960790772925 -0.0019093144883116661 -0.5802009215928716 -0.003057513433591553 0.0019155729239351614 0.9999934910727709 32.28722296643373
0.9999934961579543 -0.00021866450287473527 0.0035999767216721703 -0.12768730785718996 0.00023349072015226013 0.9999914916344473 -0.004118511944964474 -0.6273329836652569 -0.003599045826878269 0.004119325804257506 0.9999850388978029 33.66778808624218
0.9999924177692417 0.0003994831188466842 0.003873605719067813 -0.14156190965602636 -0.00038419974103030916 0.9999921428135624 -0.003945466076647613 -0.6425244972661488 -0.0038751517612417487 0.003943948003481016 0.9999847141172247 35.05861230142961
0.9999945994841811 9.999455006834065e-05 0.0032849668973867797 -0.13842855705931986 -9.23320241967198e-05 0.9999972750477452 -0.0023326749110286252 -0.6857347263926059 -0.00328519148031832 0.0023323590543048544 0.9999918837739963 36.45491687427151
0.9999940700565397 0.0012809325397834326 0.003196727299030899 -0.15383396276952313 -0.0012770038377856036 0.9999984272686395 -0.0012307411459037444 -0.705053247223042 -0.003198299039185784 0.0012266516404481678 0.9999941330852129 37.85470670467451
0.9999906741954913 0.0033775067754290306 0.002691461926248262 -0.15027076132165795 -0.0033752552680589524 0.9999939504040625 -0.0008407220040858321 -0.7292429640904361 -0.0026942854168455267 0.0008316298086290108 0.9999960245992716 39.25120455415412
0.9999774893271994 0.005847347676982165 0.003290798748676511 -0.16753384499152338 -0.005844931715884427 0.9999826419121212 -0.0007434107298113979 -0.7644780124569596 -0.0032950888871392803 0.0007241595136356735 0.9999943089728126 40.64698656566299
0.9999599439114389 0.008338901200200146 0.0032516588704930745 -0.17701695637821285 -0.008337357574391633 0.9999651244888884 -0.0004881523722093345 -0.7918721568400684 -0.00325561639766796 0.0004610225813709289 0.9999945941933415 42.07480152978519
0.9999502847962844 0.009523967320775614 0.002953297260059824 -0.18136446098145997 -0.009522625525864825 0.9999545491380356 -0.000468276287101041 -0.8215009291791743 -0.002957623129118739 0.00044012986656305253 0.9999955293636484 43.462731261139496
0.9999592292295149 0.00866768385538503 0.0025320188891991245 -0.19183546205930954 -0.008666129744200791 0.9999622534988298 -0.0006243331267184241 -0.8479175010605701 -0.0025373350519800617 0.0006023648752659826 0.9999965995362075 44.88969999304126
0.9999647940647307 0.00822564685378752 0.001658116235625502 -0.18391156202558806 -0.008223734610511544 0.9999655150450076 -0.001157120451395989 -0.8829927730699386 -0.0016675772621464189 0.001143443823607104 0.9999979558578374 46.28841580474332
0.9999693722721624 0.007784625567942039 0.0008087687990331303 -0.19796288620027525 -0.007784052546759451 0.9999694518406899 -0.0007098789110349851 -0.9141397340409885 -0.0008142703040436427 0.0007035616787945677 0.999999420981613 47.71968026543721
0.9999680612082299 0.00798883613214041 -0.0002346128875383149 -0.202574052457084 -0.007988822471939801 0.9999680869779035 6.130572043695138e-05 -0.9410439977760345 0.00023509518108722188 -5.942948917927845e-05 0.9999999705993816 49.11800444843532
0.9999608952088601 0.008758441444778352 -0.001223819974500182 -0.2131617279665169 -0.0087583751694241 0.9999616429081558 5.9966896703784354e-05 -0.9698981489725285 0.001224298351819335 -4.924588590930293e-05 0.9999992493349165 50.545669676035395
0.9999583627554387 0.008815096781192718 -0.002359406861677307 -0.22362361548931675 -0.008814764513884167 0.9999611377522315 0.00015143046202426014 -0.9931654372367523 0.002360650243036177 -0.00013062655224590946 0.9999972051317134 51.99646628183006
0.9999503450644197 0.009339562094623437 -0.003475623431672447 -0.23709399758516286 -0.00933563294984869 0.9999557663017433 0.0011451715863098914 -1.0277691520782788 0.003486165388050375 -0.001112667610178695 0.9999933042916952 53.40686208219157
0.9999588100053971 0.008018084579463755 -0.004253067953300408 -0.25391257851016874 -0.0080099995667112 0.9999660862636254 0.0019147444705791374 -1.0566846738860807 0.0042682766607043746 -0.0018805985764810864 0.9999891225267172 54.85880689099829
0.9999754315527747 0.005119619411975401 -0.004788086112675782 -0.2584003246759097 -0.005107487492199497 0.9999837241353443 0.0025426453618965254 -1.0701710684492722 0.004801025966423716 -0.0025181278605739955 0.9999853044877867 56.25520302243246
0.9999807005491842 0.0034720822898294743 -0.005152005160536443 -0.28016322852299097 -0.0034617456347016693 0.9999919801475031 0.0020139423735072676 -1.1013710009818536 0.005158956853229577 -0.001996068620348666 0.9999847003253415 57.68590964864347
0.9999843645844727 0.0022859159254293862 -0.005103445982585372 -0.29930250036004175 -0.002275143746410549 0.999995173962827 0.002115602903419686 -1.1270520143307199 0.0051082578767816505 -0.0021039587992512706 0.9999847394181829 59.13336765216035
0.9999861476018325 0.001914321882605722 -0.0049030565247580185 -0.30264764685531603 -0.0019016454335246775 0.9999948409160325 0.0025888006496892504 -1.1620271858011164 0.004907987443944847 -0.0025794409698398652 0.9999846289586576 60.53608359760895
0.9999908702942263 8.811034553097424e-07 -0.004273092478786257 -0.32289748525111434 1.3973645291719822e-05 0.9999939575038438 0.00347631411227554 -1.1846354074312508 0.004273070085567654 -0.003476342157223759 0.9999848278479367 61.99268029221249
0.9999887738165678 -0.002596573363648675 -0.003963589786466352 -0.3321942119411932 0.0026086411123552224 0.9999919691176282 0.0030424804698340434 -1.2059979456727805 0.003955658268539912 -0.003052785959059585 0.9999875165588546 63.39065839400072
0.9999887624194091 -0.003069394490313151 -0.0036130112246343694 -0.342891268966402 0.003076486601080744 0.999993348824208 0.0019589621778395606 -1.2412055999877947 0.0036069746727775457 -0.0019700555838804926 0.9999915542751765 64.80689903989602
0.999991557464458 -0.003000463805534887 -0.002807528466976422 -0.35415978938755965 0.0030059115458148118 0.9999936040498836 0.0019381306636788815 -1.2721569498451535 0.002801695457812418 -0.001946553521524513 0.9999941807016925 66.26488736009975
0.9999969621775197 -0.00117154290743747 -0.00216866803527874 -0.3685819923763858 0.0011753305809307987 0.9999977849360728 0.0017460580908184086 -1.301548120844697 0.002166617834166392 -0.0017486017237959403 0.999996124074083 67.62299408332959
0.999997779907863 0.0014426204767826719 -0.001535910307160399 -0.3854114567988883 -0.0014381838600958097 0.9999948017462567 0.0028858464206767973 -1.3286949309772544 0.0015400656366431438 -0.002883631151610509 0.999994656421891 69.09485814077372
0.9999889043915554 0.004666346675285935 -0.0006452072958793682 -0.40224793086724503 -0.0046636972087939375 0.9999809271640969 0.004049104157450892 -1.3543355908612476 0.0006640895727699364 -0.004046050262571559 0.9999915941967912 70.4530400695279
0.9999607070808992 0.008861161085965324 0.00025317849312565376 -0.4212442935161497 -0.008862281234664838 0.9999490676652399 0.00482929239844298 -1.3850547381327951 -0.00021037247470415197 -0.004831346482295756 0.9999883068493264 71.90776137212647
0.9999242572048096 0.012287090409057122 0.000712203592325512 -0.4307017572257812 -0.012290010797536475 0.9999154377898073 0.004251227233538686 -1.3979036223654953 -0.0006599082065281568 -0.004259658316376212 0.9999907098729175 73.26595516801635
0.9998681310960559 0.01617501596697598 0.0014454188690012184 -0.4453642423898566 -0.016180255544592168 0.9998622852090502 0.0036891719238659115 -1.4249336555223233 -0.0013855475137374658 -0.0037120727679058577 0.9999921503555206 74.66218496069739
0.9998432518714649 0.017554054003045383 0.0023079925689440377 -0.4612095474355412 -0.017562414119766036 0.9998390964404841 0.003652791681973687 -1.4480136556626586 -0.0022435000899392347 -0.003692753119401671 0.9999906650961746 76.11287622936719
0.9998348103164378 0.01798786945857721 0.002605491317571956 -0.46515582066972816 -0.017998152642458458 0.999830106149832 0.0039781135218605835 -1.4763399170069482 -0.0025334910858211285 -0.004024350500028203 0.9999886929478154 77.47998553932315
0.9998477949251348 0.01724211561287215 0.0026639047823598825 -0.46787499702251817 -0.017252828471801554 0.9998429490155711 0.004051821806653522 -1.5128584951492645 -0.002593624650364095 -0.004097165082940931 0.9999882431043478 78.89925141017606
0.9998647182114555 0.01628256977763171 0.002328767225089171 -0.47193585250187026 -0.016289175844456133 0.9998632721995948 0.0028459971384773857 -1.5327342592213442 -0.0022821088623864614 -0.0028835458931760045 0.9999932385469966 80.26311897627122
0.9998699214945682 0.015984943575046776 0.002149797589411186 -0.48158385808961485 -0.015991036801458282 0.999868081538741 0.0028471571837886058 -1.5694594391525243 -0.0021040025209349174 -0.0028811643895266213 0.9999936360111736 81.65364820197163
0.9998822499763403 0.015250040014973027 0.0017095099512469375 -0.4888939141257431 -0.015255460262775692 0.9998784979722125 0.003203164716162295 -1.5867611579133227 -0.0016604539908647864 -0.0032288669785431523 0.9999934086327281 83.0514130337971
0.9998821144848521 0.015281877948240388 0.0014904032226760267 -0.5051183310011059 -0.015285380445411459 0.9998803701422223 0.0023669787535330537 -1.6138448961245748 -0.0014540531674127602 -0.0023894811589193375 0.9999960880461278 84.41297483442862
0.9998845034993861 0.015179853517027992 0.0007427452072280444 -0.512125403113474 -0.015181848086649023 0.9998809498083345 0.0027563994832352934 -1.6372804141666504 -0.0007008151007915104 -0.002767357439246812 0.9999959252869424 85.82102565381332
0.9998907303802456 0.014774513435080726 -0.0004909312142911265 -0.5203095987148874 -0.014772774524629127 0.9998851757640308 0.0033764563675804256 -1.669823376249676 0.0005407603909767123 -0.003368835085498592 0.9999941792480097 87.17876711058588
0.9999081606720399 0.01346503916773499 -0.001537174504852837 -0.5291322741939104 -0.01345778957719639 0.9998987042834175 0.004633476505819783 -1.697529178370996 0.0015994088763619176 -0.004612364101946109 0.999988083925182 88.56228588712925
0.9999348396084491 0.01108804691177486 -0.0027150915491705487 -0.5336436254951329 -0.01107425368431943 0.9999259574358683 0.005043865184355603 -1.7245318993462069 0.0027708173681365578 -0.005013469021094935 0.9999835937182039 89.94357112653206
0.9999448929691919 0.009848846241864594 -0.003634724686263488 -0.5467692368635723 -0.009829189809717724 0.9999371820004423 0.005386938051850949 -1.7514809493484707 0.0036875518000610463 -0.005350914910850855 0.9999788846167971 91.30796699383743
0.9999529670614027 0.008852393486102075 -0.003962167057475454 -0.5610496490292569 -0.008833639939954622 0.9999498144683655 0.0047260309332569075 -1.7749005882744282 0.004003805241059551 -0.004690808399458266 0.9999809827535393 92.68345937849475
0.999965155524744 0.007050283388516432 -0.004470035491157826 -0.5714755028024578 -0.007030267910540771 0.999965261668202 0.004477812361608704 -1.802333469537288 0.004501450439255041 -0.004446230884209547 0.9999799837919233 94.04173534376793
0.9999672983288938 0.006729146651824099 -0.00448562545262093 -0.5932877247304809 -0.006711584089045511 0.9999697975274493 0.003919015807148605 -1.8212979891036802 0.00451186199174962 -0.0038887820818360886 0.9999822600850318 95.41197972492348
0.999969219440794 0.006512124804597322 -0.004376343203697999 -0.6005660147529837 -0.006498497730856175 0.9999740143044273 0.003120938288210718 -1.8451515530399618 0.004396553794650156 -0.0030924026371205926 0.9999855535804779 96.76853869121497
0.9999619998976473 0.007636823430341986 -0.0042044814729513625 -0.6216222802136153 -0.007626204097360421 0.9999677040917697 0.002536099402812092 -1.8714642562919188 0.0042237137872246835 -0.0025039388555758465 0.9999879451975935 98.09543237463059
0.9999480384672346 0.009428531288818088 -0.0038759689061732276 -0.6419209810602968 -0.009418651435340254 0.9999523677105335 0.0025595577356240114 -1.8926971954275733 0.0038999174861188996 -0.002522918397099804 0.9999892127088682 99.44096625022266
0.9999468483179375 0.009588403523885066 -0.003789858613885211 -0.648343076830566 -0.00957356963993584 0.9999465153488887 0.003913211800480189 -1.9203445368900087 0.0038271776944015373 -0.003876721418191851 0.9999851617648551 100.78147353520592
0.9999458818474866 0.009730870175999955 -0.0036801512365546366 -0.6710495668950637 -0.009711589332209274 0.9999392092368269 0.005221387178497146 -1.9439567928372856 0.003730736476991588 -0.005185364601869884 0.9999795965955683 102.12060019176299
0.9999484803698583 0.009531853352041802 -0.0034900358047042237 -0.6832333965179325 -0.009516706240755835 0.9999453338926989 0.004331460363881732 -1.9712304826433436 0.0035311321643124796 -0.00429802365800893 0.9999845289331747 103.4689187479344
0.9999488696793304 0.00953022824487727 -0.0033812348478487854 -0.69548532873826 -0.009524360206657376 0.9999531152593878 0.0017475316179024728 -1.9941932768479083 0.003397730982635352 -0.001715238211286981 0.9999927566680299 104.79559339538623
0.9999579497789639 0.008395316993859491 -0.0036901627872801615 -0.7156444861433358 -0.008394141978316247 0.9999647128192753 0.00033393844744746107 -2.017839226601575 0.0036928364027425473 -0.0003029486703079315 0.9999931355705685 106.12541767926331
0.9999695692976095 0.007091528227926922 -0.0032512590602813297 -0.7217989212056389 -0.007086482382832932 0.9999736721698071 0.0015610090261621037 -2.0513003328719615 0.0032622436777348836 -0.001537921571905487 0.999993496263642 107.48134466084323
0.9999892061348402 0.0037209311945264048 -0.0027824940235309193 -0.7289770839640286 -0.0037115878801066626 0.9999874818384134 0.003355635277563369 -2.067213250361307 0.0027949455184706953 -0.0033452716572518596 0.9999904986762201 108.80493133128861
0.9999951727672625 0.00248800713494132 -0.0018612509440546945 -0.7460704286393337 -0.002480130829135541 0.999988010845699 0.004222217359366378 -2.1012120644601726 0.0018717336975819167 -0.004217580918448376 0.9999893542574625 110.1595701470378
0.9999969623734236 0.00207294861505902 -0.00133346245567756 -0.7566006131155487 -0.002068808940197184 0.9999930597099953 0.003098477761272827 -2.124706558410466 0.0013398763018531012 -0.003095709733897449 0.9999943106415937 111.46511840409651
0.9999942105082273 0.003350555234892397 -0.0005939044751313604 -0.7706358203346894 -0.003350194475289097 0.9999942033997824 0.0006077580925791656 -2.1473306333443296 0.0005959374101955006 -0.0006057648934671855 0.9999996389541993 112.79914708699617
0.9999792456658966 0.006417935408091659 0.0005642076609432916 -0.7714660769042618 -0.006417128290054275 0.9999783995072775 -0.0014216176175389922 -2.1838743741412507 -0.0005733193738465801 0.0014179675433685962 0.9999988303352864 114.15745252399284
0.9999565306389525 0.009114532773586185 0.0019652244891697097 -0.7896836098581348 -0.00911077483383856 0.9999566660532364 -0.0019130650908411517 -2.203357379277717 -0.0019825761923754704 0.0018950772452889458 0.9999962390284242 115.45712621659588
0.9999447973299911 0.00991218545695256 0.0034858075044385756 -0.8032093104970693 -0.00991237350032987 0.9999508705644878 3.6488425655192754e-05 -2.2330528954046276 -0.003485274863749224 -7.103904348671988e-05 0.999993923885679 116.82488342997229
0.9999417449429242 0.009895211635805336 0.004311784985266149 -0.8100941055009927 -0.009905085459869914 0.9999483566278332 0.0022745068392420876 -2.2539595856266295 -0.0042890559448156805 -0.0023170829862371608 0.9999881174898665 118.12539432090712
0.9999413803272417 0.009462666107119117 0.005262494076418169 -0.8092416758579841 -0.009479364149442645 0.9999500860409398 0.0031570718427476586 -2.284108449915296 -0.005232357527956643 -0.0032067719401072496 0.9999811693443703 119.48860612874445
0.9999295241624355 0.01008944437554931 0.0062569803999599095 -0.8108637236407408 -0.010103505286746079 0.9999464948411514 0.0022196077225024994 -2.3085860328770784 -0.006234251536210045 -0.0022826687759833716 0.9999779615197372 120.81410593003785
0.9998998242253038 0.01191204659490191 0.007644909306306362 -0.8070666132409148 -0.011927439460132801 0.9999269231123813 0.0019709518463223007 -2.3343312706124557 -0.007620873212998224 -0.0020619386411847396 0.9999688348614107 122.12129691281973
0.9998734668930713 0.013282357019568862 0.008753808833848752 -0.8128467518487031 -0.01329483416692522 0.9999106831987146 0.0013685913900239098 -2.353298125131744 -0.008734849589976189 -0.0014847986870075228 0.9999607481140426 123.48695809469132
0.9998506853833715 0.014114470429547225 0.009969384828750026 -0.8142570289996961 -0.014120816650064696 0.9999001359108888 0.000566372956648719 -2.3801962287912883 -0.009960396032901997 -0.000707064260808804 0.9999501440393045 124.81900611238589
0.9998268652398683 0.014969988507069364 0.011051649488247339 -0.8066635874974937 -0.014966927627707858 0.999887924582437 -0.0003597089645325973 -2.406686718450307 -0.01105579664446785 0.0001942374497102906 0.9999388639440658 126.13865917043027
0.9998244799042413 0.014490194169305942 0.011876178939540736 -0.8031334104105252 -0.014484117556849427 0.9998949211048991 -0.0005975989276286534 -2.437207381859917 -0.011883591333779536 0.0004254780720812784 0.9999292971101083 127.48080454229792
0.9998168412034433 0.014147035423292325 0.012889740275901816 -0.8001870732227325 -0.01414970408217212 0.9998998812398234 0.00011578840653715437 -2.465332681282099 -0.012886812798073032 -0.00029815321569413633 0.9999169171260713 128.80648550845137
0.9998162979719089 0.01334839340722267 0.013754660118350383 -0.7939773621274282 -0.013364189826387441 0.9999101364632373 0.0010571005104486764 -2.4946224038112677 -0.013739314643368262 -0.001240726231253268 0.9999048413857372 130.1746510213408
0.9998327701216394 0.011647370452487819 0.01409860026572188 -0.7769783566663888 -0.011668498372625681 0.9999309164777228 0.001417196282957293 -2.5147556330643654 -0.014081120864062558 -0.0015814688082790196 0.9998996054539895 131.4988180673719
0.9998464978272152 0.010456186172927468 0.014058767160422618 -0.7656561911333057 -0.01048032473677742 0.9999437278830534 0.0016443493013372369 -2.547721992852469 -0.014040783607172853 -0.0017914373672718873 0.9998998185534803 132.84388359409118
0.9998721868776077 0.007895381670016023 0.013902260424986927 -0.758007408249785 -0.007930692942999275 0.9999654597943558 0.00248663310535016 -2.5613348988711517 -0.013882148492167009 -0.0025965698855740784 0.9999002669134193 134.17598762419757
0.9998900391184588 0.0066398779658245095 0.01325977692326964 -0.7403637802165051 -0.006672207116085253 0.9999748716519263 0.0023953559642337606 -2.59465751134273 -0.013243539973292856 -0.002483564589977763 0.9999092161545724 135.5124400770186
0.9999074896556743 0.006187938039154281 0.012112866997389886 -0.7348175007149638 -0.006211065432306109 0.9999789577937634 0.0018726046465382929 -2.6237687426534992 -0.012101025575874821 -0.001947665254005681 0.9999248830658314 136.86154394892944
0.9999301555507881 0.004089541171252018 0.011088718231915724 -0.726921830630078 -0.004121330361423462 0.9999874589589479 0.002845446911144428 -2.6444233227181706 -0.011076943529564568 -0.002890948494683653 0.999934469719269 138.18578299073334
0.9999450779206898 0.0031539163994306254 0.009994696324116278 -0.7102703198158846 -0.003186721704148272 0.9999895823514525 0.003268026701865975 -2.673548528901303 -0.009984285961156487 -0.0032996975900693925 0.9999447114832919 139.53714726615863
0.9999609346166268 0.0017732188126129006 0.008659384476685877 -0.7131859026251441 -0.001800666960041752 0.9999933765671114 0.003162976906932945 -2.694741285778379 -0.008653719200525184 -0.0031784460685080943 0.9999575044061872 140.89803041281877
0.9999711780523908 0.0011881133291868828 0.007498763627051416 -0.7117973723817549 -0.0012092600362083369 0.9999953035920472 0.0028161117760068808 -2.716312203342079 -0.007495383181065981 -0.0028250986158459947 0.9999679185066664 142.2123864156373
0.9999792123521626 0.0005851311580376429 0.006421253027946513 -0.7071061463998198 -0.0005988508357692851 0.999997541821551 0.0021348838725803684 -2.733188460273785 -0.00641998859713031 -0.002138684903483713 0.9999771046215538 143.5715712581671
0.9999841168392073 -0.000848587095211897 0.005571891644247507 -0.7003585820313167 0.0008488737307403536 0.9999996385021017 -4.906859226806103e-05 -2.763433306999848 -0.005571848461898271 5.379765159619386e-05 0.9999844756818056 144.9214949699694
0.9999820536809679 -0.003941646226591065 0.004511734878818121 -0.7121538286750619 0.003946395701272053 0.9999916677464227 -0.0010442190366868858 -2.8082456836148606 -0.004507581725392292 0.0010620054155476618 0.9999892768656011 146.2218372409933
0.9999053754695573 -0.013341705666752296 0.003352463475118495 -0.7056093120903165 0.013336138082834278 0.9999096619441796 0.0016779038368322265 -2.8201447179938928 -0.003374547002093663 -0.001633036169379242 0.9999929727860388 147.6045005838313
0.9997858548407781 -0.02061876687563732 0.0017637803907942652 -0.6981374633427245 0.020612876830748667 0.9997821004288228 0.0032955977194363923 -2.8490477201304834 -0.0018313473754574643 -0.003258535442148605 0.9999930140314389 148.92947252214165
0.9997402597616857 -0.02277438982712169 0.0008603396672468219 -0.6723363292785307 0.022774217789783866 0.9997406116107819 0.0002109423957516631 -2.88132788954094 -0.0008649206606785563 -0.00019129402821610963 0.9999996076587284 150.23078876963086
0.9997540899738949 -0.022155205152740318 0.0009520875669078947 -0.6909399794664904 0.022158155432273473 0.9997493337214762 -0.0032071587404874217 -2.9099759095657816 -0.0008807937261876579 0.003227466653565112 0.9999944038142928 151.62606367309107
0.9998291417322971 -0.018360441195074174 0.0021404562383118613 -0.6973326191233006 0.018372025190240553 0.9998159629107675 -0.005523494472677592 -2.9459884316960467 -0.002038648694969104 0.005561875379236305 0.9999824545715144 152.94925982486154
0.9998232123563698 -0.018580259387762716 0.0028840953618815015 -0.7035993434971292 0.01859592474182665 0.9998119371668915 -0.005502896848227761 -2.976288406108509 -0.0027813079580997087 0.005555556550333671 0.9999806998706207 154.31328708168795
0.9997489278739853 -0.02216442323256155 0.003289310861905058 -0.7087761142161433 0.02217225155263102 0.9997513742333134 -0.0023624088545522856 -3.0023829307769128 -0.003236131898546374 0.002434747214978058 0.99999179969241 155.64651738161396
0.9995325435623047 -0.030359761999912818 0.003602666411365942 -0.7095370983993363 0.030357986500305915 0.9995389404122632 0.0005470516034133128 -3.0240786922237914 -0.00361761402691506 -0.00043742616480276576 0.9999933607393249 156.9801908847021
0.9994794701285076 -0.03206047311531394 0.003593723032010044 -0.6937761840888119 0.03205485120685167 0.9994848116279129 0.0016117858017214077 -3.0606296784466243 -0.0036435465071892846 -0.0014957505639995852 0.9999922436173594 158.33786843029256
0.9994317424544403 -0.033529861739203526 0.003455507519144573 -0.6883067081534295 0.03352365176941279 0.9994362301690504 0.0018402759555692363 -3.091559510701325 -0.003515263899579006 -0.0017233889795866784 0.9999923363936767 159.66154181903053
0.9994636867447301 -0.03242836852321082 0.0045540952338518305 -0.6910734537920937 0.03241998200737346 0.999472520833712 0.0019039117846282709 -3.1100125684947835 -0.004613434182335157 -0.0017552470120082988 0.9999878175897902 161.0301629340857
0.9995229342695686 -0.030333566683620906 0.005811935752210673 -0.6943586252322724 0.030325391655673994 0.9995389690669951 0.0014899488249522639 -3.123973712147896 -0.005854452223365159 -0.001312988791385013 0.9999820005598746 162.37140176248087
0.9996120166305861 -0.027017418731316356 0.006773130443093438 -0.6991114379590133 0.02702006185058921 0.9996348468337685 -0.0002987584199763261 -3.1518185792247846 -0.006762586101515117 0.0004816529458303916 0.9999770174524582 163.72130459284895
0.9996455785848248 -0.025551258808332748 0.007473312192780731 -0.7014873059780659 0.025559756254556296 0.9996727514277979 -0.0010435103307140652 -3.1687099462095456 -0.007444204187630133 0.0012341565762922274 0.9999715299320879 165.06817066740874
0.9996742870805301 -0.02432353367998618 0.007725637022059239 -0.6999000538334332 0.024323616054951903 0.9997041335946022 8.351425678135849e-05 -3.1976444375988264 -0.007725383278514145 0.0001044284005447216 0.9999701533251436 166.41109324769135
0.9996998744185527 -0.023299608113031903 0.00756897343168373 -0.6951111048448013 0.023301073723245552 0.9997284875771558 -0.00010529632403999573 -3.218031309915407 -0.007564465635988532 0.00028162995938892555 0.9999713493582845 167.74821187475948
0.9997751792716015 -0.019967545753722185 0.007133585515298754 -0.6948997360611 0.01998514133618782 0.9997973876852996 -0.002403684031206086 -3.2566061977122773 -0.007084145091393178 0.00254570941918368 0.9999716667211551 169.1299623873628
0.9998578020545789 -0.015565497829473172 0.00648775492185816 -0.7033028837548227 0.015602070876688967 0.9998624572592947 -0.005625116723236945 -3.2927177373302605 -0.0063993053804364715 0.005725539385283522 0.9999631328619022 170.54536445032466
0.999920706801612 -0.010894462403379834 0.006315917562226495 -0.7059869822050941 0.010937830408325902 0.999916559663606 -0.006872959063703477 -3.3177562639681537 -0.006240513898077 0.006941496670196227 0.9999564348530809 171.89853307998249
0.9999548599204167 -0.006757815567842903 0.006679076642187642 -0.7081514039961482 0.006797534495641116 0.9999592422366897 -0.005942001529962084 -3.356289018425561 -0.006638650032947543 0.005987134689994585 0.9999600404703509 173.24961306941677
0.9999675126278553 -0.0031578075906613136 0.007416330041456703 -0.7167506689194334 0.003185482678161322 0.999987996763203 -0.003722771186609423 -3.3944643985820275 -0.007404485854953009 0.0037462749167212843 0.9999655689105417 174.61470605286235
0.9999707681852338 -0.0016512146332422917 0.007465673077601039 -0.7178914531554239 0.001662990880893894 0.9999973825155194 -0.0015714391722686754 -3.4270227433815603 -0.007463059384825916 0.0015838086210529737 0.9999708967205019 176.0400906639536
0.9999728478720312 -0.0033800902331610917 0.0065481692007239856 -0.7169726422147507 0.003384543278262266 0.9999940486001375 -0.0006690488885135602 -3.459288065371136 -0.006545869337845263 0.0006911933060045168 0.999978336685324 177.46971681398531
0.9999679948861773 -0.0061643168760282755 0.0051000405836793185 -0.7180767411396167 0.006167604925854563 0.9999807822177742 -0.0006291558672022682 -3.4813450136339474 -0.0050960646868451285 0.0006605907883090696 0.9999867967822548 178.86405541516342
0.9999640343313402 -0.007955484333579229 0.002939443047202184 -0.7148786533724372 0.007968251219643301 0.9999587598375058 -0.0043572454653434236 -3.5101537540785146 -0.002904658074532579 0.004380511069533511 0.9999861869447559 180.20405636284818
0.9999887575867867 -0.004529577779262564 0.0014027234941041407 -0.7293886517510055 0.00454152674849677 0.9999524001258805 -0.00863550872072739 -3.5563784184807417 -0.001363541638204778 0.008641782317942333 0.9999617294431641 181.62185520564685
0.9999989979940048 -0.0011110772033221788 0.0008772237121122421 -0.754528089045116 0.0011194242424528884 0.999953553434993 -0.00957276657114023 -3.587774854244182 -0.0008665469663539645 0.009573739154910655 0.9999537952396661 183.0162349454166
0.9999975785211356 0.002126340684024056 0.0005671192539063903 -0.7738739710222262 -0.002121375691972064 0.9999606275209232 -0.00861644802730666 -3.616283459173783 -0.0005854184856608536 0.00861522425841125 0.9999627169027924 184.34695122120266
0.9999882382984677 0.004774832184834132 0.0008510195805321104 -0.7711827853068627 -0.0047700461699252145 0.9999732759996082 -0.005540212592423403 -3.6555677448315747 -0.000877450502263441 0.00553608813357761 0.9999842907802997 185.78187336761434
0.9999877178153236 0.004778656781892097 0.0013147815298083399 -0.7817185495747897 -0.0047746818265278455 0.9999840703572603 -0.0030102250213391727 -3.6877998290726084 -0.0013291455331066492 0.003003910442351523 0.9999946049314962 187.1575453052563
0.9999915578551287 0.0038461555236440122 0.0014461331126514078 -0.7904207709485436 -0.0038424101001207 0.9999892792337578 -0.002584049073588645 -3.717663301899222 -0.0014560563890171996 0.002578470671254289 0.9999956156836528 188.6027814454135
0.9999931860392582 0.0034617114713785483 0.0012823510268515819 -0.7898949925605201 -0.00345902716643833 0.9999918339447617 -0.002089780243450394 -3.755853058335139 -0.0012895748822507526 0.002085330356230847 0.9999969941914341 190.01595358409327
0.9999990099019277 -4.333684714813088e-06 0.0014071881103411145 -0.7951396287006545 6.227825218117072e-06 0.9999990940612858 -0.001346045302995347 -3.783793647064946 -0.0014071811221926915 0.001346052761678753 0.9999981039887634 191.36849363255322
0.9999977024855206 -0.0012067942430369124 0.001771630789034338 -0.8041299818425083 0.001209021981103394 0.9999984792636741 -0.0012568748750024855 -3.8198388582345038 -0.0017701114560192 0.0012590139550597065 0.9999976407905738 192.82750124083168
0.9999887767411569 -0.0042056303153329005 0.002181530200001895 -0.8046388035352424 0.004206838988243091 0.9999910001624933 -0.0005496308830150263 -3.848229576756733 -0.0021791992066044737 0.0005588020766712985 0.9999974694108251 194.2024528449894
0.999954408221499 -0.009240010159354587 0.0024090876599399407 -0.8020908853498114 0.00923795250816149 0.9999569558496635 0.0008641016763872291 -3.870408683979215 -0.00241696847398892 -0.0008418072506177895 0.9999967248050693 195.66573395603
0.9999108192294044 -0.013094728246745855 0.002623298260496302 -0.7991601300173051 0.013091468627854132 0.9999135139236356 0.001256229150442946 -3.89906481096101 -0.00263952158218057 -0.0012217743039933428 0.9999957700861056 197.08196521044474
0.9999269541964247 -0.011730344658214585 0.002912953755497858 -0.8064098119482648 0.011739284621248776 0.9999263767375891 -0.00307087789036066 -3.929380923307637 -0.0028767170830721854 0.0031048496413546476 0.9999910421616828 198.48052356244003
0.9999847391325906 -0.00456896719268487 0.0031058091928689233 -0.8240481567317148 0.004593092204275159 0.9999589889743884 -0.007805374239101378 -3.9648919609858444 -0.00307001958713302 0.00781952055042742 0.9999647144146536 199.92275303781412
0.9999765788691531 0.005078105690005664 0.004588523842537589 -0.8404975605618163 -0.005037196155356707 0.9999478519837908 -0.00888369165661661 -3.994590494942023 -0.004633397284401537 0.008860370470370462 0.9999500114805088 201.362648103248
0.9999167769661184 0.011442755537445783 0.005958394616624734 -0.8593204546348986 -0.01141207162117073 0.9999215736559293 -0.005158603108987304 -4.024721509418208 -0.00601695646916336 0.005090176264731687 0.9999689426848023 202.8078922246694
0.9998935222333561 0.012854256324173982 0.006907406534421677 -0.8525909204341118 -0.01283457550085131 0.9999134681186809 -0.0028861702006914985 -4.0567653450768715 -0.006943908984993158 0.002797209307990486 0.9999719784780701 204.24136682208044
0.9999032584421508 0.012327743964725546 0.006442085217212924 -0.850659493652548 -0.012312854637469277 0.9999214419799832 -0.002345955980195847 -4.097295003657179 -0.006470500033858871 0.002266408610411385 0.9999764977312076 205.7105055139081
0.9999450591976546 0.009121684440012996 0.0051646340225139035 -0.8478775551437627 -0.009110160903709877 0.9999559691483783 -0.0022505006721643336 -4.128018496852358 -0.005184935416790102 0.002203326421558247 0.9999841307698604 207.1410379625425
0.9999636948142847 0.007546318802126176 0.003957538965247842 -0.8438057705535662 -0.007535561124642556 0.9999678907939685 -0.002726300752876687 -4.164332339882089 -0.003977985765301419 0.0026963795478485214 0.9999884525141415 208.5716841039336
0.9999626467199485 0.00788552894557324 0.0035388678384281847 -0.8524001915990289 -0.00787364599329144 0.9999633592438656 -0.003359447216290325 -4.193186810935227 -0.0035652294944137 0.003331457999864856 0.999988095189963 210.05580747559642
0.9999541199981036 0.00894249820968495 0.0034336000218036927 -0.8588572918002897 -0.008930883090646461 0.9999543945611873 -0.0033835107463364767 -4.229659113910749 -0.003463700765775296 0.003352690492532308 0.9999883810519821 211.52183607388363
0.9999419466648036 0.010265234171908725 0.003275400459290829 -0.8656024780747003 -0.010256361989348822 0.9999437181528996 -0.0027143303169173665 -4.257723839574517 -0.003303079631999327 0.0026805790958777803 0.999990952037224 212.95766682279063
0.9999521436661528 0.009372482860881885 0.002804803944880618 -0.8794346707485476 -0.009364758305346764 0.9999523549656246 -0.0027548360693015676 -4.2956269196977575 -0.002830490205765511 0.0027284379708106547 0.9999922719439227 214.38688514964983
0.9999483548149327 0.009830348603574419 0.0025791336461707228 -0.8810097873564517 -0.009820717059423986 0.9999448519032766 -0.0037211142269878788 -4.328266564140094 -0.0026155714865796417 0.0036955931749953755 0.9999897506340965 215.87196917483433
0.9999566084067993 0.00902983431168202 0.002289842561391458 -0.8875871122475061 -0.009020117971836477 0.9999504179758594 -0.004218895816080097 -4.362879770234013 -0.002327825157280667 0.004198058179148878 0.9999884787007556 217.34912261531036
0.9999592542717151 0.008872992863913529 0.0016612575835503655 -0.8873254701813806 -0.008865967402887634 0.9999519181412229 -0.004189993734982579 -4.395732645509101 -0.0016983556392057575 0.004175094431928505 0.9999898420344286 218.8305859571636
0.9999396992074843 0.010873859179186127 0.0015352889592456342 -0.8973977887182126 -0.010866611609923547 0.9999301304676923 -0.00465305927292912 -4.439194207258231 -0.0015857785390909476 0.004636095385275244 0.9999879958897492 220.30978392567218
0.9999560109944786 0.009271485412210336 0.0014197237774508302 -0.906051755616496 -0.00926472244840529 0.9999460421624204 -0.004698691580670872 -4.46937474816472 -0.0014632111507395843 0.004685331629585096 0.9999879532666385 221.79827905463887
