1.0 -3.469446951953614e-18 0.0 -1.7787691892340307e-19 0.0 0.9999999999999999 -3.5575383784680614e-19 0.0 2.168404344971009e-19 -2.371692252312041e-19 1.0 0.0
0.9999999398638733 -7.08535559765227e-05 -0.00033948727388392647 0.05569069961672338 7.123806521749064e-05 0.9999993559314045 0.0011327230995349811 -0.026761272848715878 0.0003394068273799933 -0.0011327472383819146 0.9999993008434594 1.3159701006825606
0.9999991075624272 -0.0005587901877283866 0.0012135198795759842 0.11108300046058615 0.0005566348298350308 0.9999982684086526 0.0017757635472657302 -0.04833477912174309 -0.0012145101586562628 -0.0017750865086460634 0.9999976870130872 2.5650198957187875
0.9999992778943455 -0.0011798698833343606 0.0002282980966353456 0.07634640682659258 0.001179608310598497 0.9999986512073803 0.001142849791399462 -0.0770414773358242 -0.00022964622115607134 -0.001142579685238738 0.9999993208868236 3.902103279395984
0.99999817684419 -0.0019022861946096249 0.00016618857776076897 0.05377739971769523 0.0019021517212187023 0.9999978658094874 0.0008063450371038438 -0.0943936211650448 -0.00016772213550320558 -0.0008060274654156887 0.9999996610943812 5.2441413076530905
0.9999977962228705 -0.002061164216521161 0.0003989425419494439 0.043491327253115095 0.0020606427747566058 0.9999970274152082 0.0013034219647240302 -0.11299467321391361 -0.0004016279555122647 -0.0013025970379748522 0.999999070967343 6.547607840769622
0.9999940964475399 -0.003413654288239632 0.0003924791169966676 0.0423465614718294 0.00341269693477729 0.9999912602765441 0.002415132487485144 -0.14606279349002638 -0.00040072014587741564 -0.0024137788619796956 0.9999970065429243 7.882513602364299
0.9999945471893559 -0.003264152380584291 0.0005009053395383396 0.046803736248587954 0.003262782632310699 0.9999910000398493 0.002711841381447944 -0.1639519764680525 -0.000509752735562399 -0.002710192299551437 0.9999961974975696 9.212571729634746
0.9999961601953855 -0.0027701122828141297 -7.795073193146576e-05 0.0372345253357524 0.0027702518949871396 0.9999944527306234 0.0018493804634760519 -0.1873494466079489 7.282731582862142e-05 -0.001849589339772653 0.9999982868564755 10.539984611087403
0.99999982939923 -0.0005838851762962217 1.675008829943531e-05 0.012234207534573716 0.0005838874542545541 0.9999998205522082 -0.00013405253361363563 -0.2079592648366779 -1.667181548488145e-05 0.0001340622940134862 0.9999999908746544 11.863523636353712
0.99999688125866 0.002494353807512774 -0.0001251694067817017 0.011214800236570323 -0.0024945273983401264 0.9999959015548031 -0.0014050662882109527 -0.24415287821611886 0.00012166417030705433 0.00140537417037775 0.9999990050601588 13.212737449751966
0.9999848261337425 0.005503941820308365 -0.0002326272257408208 0.00887417089009689 -0.005504372938676088 0.9999830580867101 -0.0018935229667195036 -0.26479740696860565 0.00022220146122066842 0.0018947747346109804 0.9999981802260314 14.555576018236614
0.9999826442036251 0.005886158015340811 0.00025381864160232753 -0.026028728104695364 -0.005885847599551711 0.9999819482147599 -0.0012083271976976021 -0.2865816818119174 -0.00026092648795986726 0.0012068123078648654 0.9999992377601564 15.897687146306902
0.9999900709063371 0.0044408454720699375 0.0003700976647710212 -0.013659732453936431 -0.004441300401795811 0.9999893725259907 0.0012368080355659027 -0.32364324684073686 -0.00036460128830011055 -0.0012384394976034257 0.9999991666662335 17.259511173913396
0.9999995880412166 -0.00020103235504372909 0.0008851581796913844 -0.03713211556475186 0.00019793074607737764 0.999993845839064 0.0035027284199681315 -0.34448547445776356 -0.0008858569660319638 -0.003502551845128643 0.9999934736724174 18.600177647143465
0.9999986888688751 -0.001594707810635032 0.00028137232321185984 -0.018114647313788368 0.0015942793404147976 0.9999975786934088 0.001516864538200297 -0.3787671968227741 -0.0002837906202907681 -0.0015164139917462904 0.9999988099749473 19.96051513154975
0.99999650021018 -0.0026048522911677474 0.0004629432179077647 -0.03375523777492927 0.002605208534659332 0.9999963098130541 -0.000770224028355341 -0.3902338579494068 -0.00046093522913791415 0.0007714274139291879 0.9999995962187584 21.30333600578124
0.9999992550960174 -0.0006165114535598495 0.0010534341630799172 -0.03122867350350357 0.0006187502704952056 0.9999975481722209 -0.002126216560810523 -0.44189413682064926 -0.0010521208339814689 0.0021268668329046214 0.9999971847347942 22.661357124663517
0.9999978912490299 0.0013084947468603222 0.001582826257677535 -0.05627034573532051 -0.001307363041923134 0.9999988891684397 -0.0007158673686002837 -0.44294074829213737 -0.0015837613426246705 0.000713796544818874 0.9999984910949639 24.033919877190208
0.9999949242471448 0.0017929625616821925 0.002633774006905638 -0.0765105998804902 -0.0018027022587771193 0.999991529174962 0.003700249349902574 -0.46958081934087115 -0.0026271175072369165 -0.0037049785509612057 0.9999896856392351 25.408370382519024
0.9999964147099043 0.00024953009036444984 0.002666140495614301 -0.06181635051403251 -0.00026205341426660013 0.9999889306970692 0.004697851711100161 -0.48446417525899266 -0.0026649389493469166 -0.004698533629787245 0.9999854108334255 26.782462594421087
0.9999917232625887 -0.0030952958087594133 0.002640560176648412 -0.07002530103180549 0.0030858669158001072 0.9999888751160847 0.003567501131629011 -0.5289178940599603 -0.0026515734929990578 -0.003559323252696104 0.9999901501381119 28.147130638893113
0.9999887225236651 -0.004086578263056778 0.0024196512906416116 -0.060123454750912 0.004084033202019553 0.9999911027814063 0.0010559474925784045 -0.5248457200554951 -0.0024239451782550343 -0.0010460536634637214 0.9999965151231528 29.515293461248866
0.9999864981164529 -0.00409682992150409 0.003196807626415995 -0.07526500895381065 0.004100226428543187 0.9999910358735085 -0.0010565559106729871 -0.577768117068504 -0.003192450710334664 0.0010696493071115148 0.9999943320362763 30.89889207286851
0.9999927622494116 -0.0014223023428719464 0.003528811609081103 -0.07400147294568486 0.0014297177009140512 0.9999967735402608 -0.00209971768609767 -0.5844850516458372 -0.0035258140897048767 0.0021047477387276365 0.9999915692981757 32.285997752465285
0.9999925389971763 -0.000141727496431307 0.003860293794305681 -0.08990633233353769 0.0001568341674185545 0.9999923306194897 -0.003913324062336998 -0.6298737745023182 -0.003859709891978266 0.003913900371369669 0.9999848918951623 33.66683946252821
0.9999902392797326 0.0005528880811779338 0.004383567519855914 -0.09341623532951236 -0.0005342405712434242 0.9999908090088871 -0.0042539964589026775 -0.6501183686532661 -0.004385879588609959 0.004251613144161353 0.9999813437462866 35.052953225130494
0.9999932136075427 0.00042935478817026935 0.0036590158630194144 -0.07781109665077933 -0.0004203267376824346 0.9999968667291752 -0.0024677638006917017 -0.6907056273919455 -0.003660064255877987 0.002466209122535374 0.9999902608213421 36.456245478771876
0.9999920918380663 0.0015098817538820239 0.0036792010412131917 -0.09006941542402282 -0.0015055592874299558 0.9999981735668088 -0.0011773516934729818 -0.7134251774955479 -0.0036809722953647637 0.001171803152422798 0.9999925386300226 37.84013737810419
0.9999854745922002 0.004190550695585044 0.0033896733971132374 -0.1043119497879898 -0.0041877152104342116 0.9999908759456253 -0.0008432525566273766 -0.744149506812929 -0.003393176449838245 0.000829045337089446 0.9999938994979384 39.2404972146488
0.9999757140618557 0.005971292497687427 0.0035937368808221246 -0.10677217074237783 -0.005968556283211567 0.9999818902220067 -0.000771735730835259 -0.7664745028110713 -0.0035982803639085766 0.0007502675808119317 0.9999932447134224 40.64630135993413
0.9999608479143541 0.007958513927001773 0.0038684211350058333 -0.12648587886971227 -0.007956313671572582 0.9999681775316963 -0.0005839638916026289 -0.7943083576173737 -0.003872945845319468 0.0005531626641939592 0.9999923471191258 42.05429329299079
0.9999414696527467 0.010245830090859925 0.00347566040824238 -0.11485895935919027 -0.010244417882179741 0.9999474346656813 -0.00042406522030585564 -0.8285642399584698 -0.0034798229042265942 0.0003884342846228083 0.9999938699547161 43.456581207924934
0.9999533779654636 0.009129495838683032 0.003145502329971041 -0.1430297711703061 -0.00912766956475311 0.999958165152598 -0.0005946539336643442 -0.8563716850046389 -0.0031507998962870248 0.0005659151105307852 0.9999948760848969 44.881924172088716
0.9999602147772211 0.008598251762791342 0.0023746396969924867 -0.13402324523940812 -0.008595842535665804 0.9999625316362387 -0.0010231488914617451 -0.8917501035301476 -0.0023833482176687975 0.0010026961714578576 0.9999966571186024 46.28443055149441
0.9999653815040674 0.00818310618940793 0.0015074982505540082 -0.13427978473589836 -0.008182225552077687 0.9999663511229954 -0.000589766488911738 -0.9224890145018991 -0.0015122737755327903 0.000577411387721452 0.999998689810104 47.706813833989855
0.9999663643002232 0.008186106072849844 0.000507856916608035 -0.15265885666765028 -0.008186100532819072 0.9999664932280834 -1.4030780476148993e-05 -0.9494178793584114 -0.0005079548008809708 9.872935103696195e-06 0.9999998709418357 49.113975863691394
0.9999635383252224 0.008532891331860703 -0.00033431496230299125 -0.17477575053073907 -0.008532824325450578 0.9999635741978741 0.00020299018998406646 -0.9727725348176579 0.0003360349058569266 -0.0002001301485323486 0.9999999235145058 50.536989568969425
0.9999538644197805 0.009500500618850194 -0.0014175670317964665 -0.1847893431523383 -0.009500311806960919 0.999954861187279 0.00014030248712066667 -1.0040686624656923 0.0014188361077685282 -0.00012682869630568217 0.999998985409956 51.97836798506091
0.9999506035011038 0.00962136723215194 -0.002493957570831248 -0.2021935963020896 -0.009619031346012347 0.9999532874666716 0.0009471758287737588 -1.036398806583221 0.002502954409893487 -0.0009231396131551828 0.9999964415121605 53.384003137241976
0.9999595568992395 0.008298463228061098 -0.0034669943237580774 -0.19893989847741037 -0.00829248197639669 0.9999641095759582 0.0017361797912066183 -1.061532142341088 0.0034812778110666623 -0.001707359629609965 0.9999924827890208 54.842217378398416
0.9999703385860238 0.006491461541576143 -0.004145220635429745 -0.20309870407141634 -0.006482084463978688 0.9999764107429779 0.002271684712588909 -1.0890387737548395 0.004159869759646496 -0.0022447477135265352 0.9999888282373635 56.24926689479054
0.9999812185812924 0.004183584200413928 -0.00447884934085474 -0.2252674594450329 -0.004175793883919993 0.9999897546951327 0.0017473573834839247 -1.1126535077634576 0.004486114050662593 -0.001728621854872703 0.999988443261262 57.674540756774164
0.9999847010341603 0.0032692584080068546 -0.004462021129118589 -0.24205559662186396 -0.003261097880269818 0.9999929990141991 0.0018349847073843846 -1.142198917676137 0.004467989308600038 -0.0018204055883881403 0.9999883615342156 59.13466022071342
0.9999910436714846 0.0010968908539255532 -0.00408771302022019 -0.24950008994178058 -0.0010865555998254206 0.9999962098718039 0.002529751040770133 -1.166388676841096 0.0040904727357004836 -0.002525286909956485 0.9999884454167367 60.52767115051279
0.9999934415478914 3.352909034947185e-05 -0.0036215646198182374 -0.2653416442453688 -2.2430711491180574e-05 0.9999953040872936 0.0030645227461370524 -1.1942699026839232 0.0036216506724740588 -0.003064421476711177 0.999988746424024 61.9794729832044
0.9999943461236199 -0.0013407372214940434 -0.0030838516559873715 -0.2743227616021263 0.0013500141178536384 0.9999945644533972 0.0030080762764053697 -1.2239179080858524 0.0030798021165467033 -0.0030122225732361133 0.9999907206270517 63.37802632472843
0.999991993389041 -0.0028119541562508094 -0.0028471161995064914 -0.2837411200927955 0.002817422131014149 0.999994191147729 0.0019182802037233744 -1.2471708242200075 0.0028417057869437445 -0.0019262864111160725 0.9999941070497658 64.80345855090896
0.999994716966169 -0.0026111917779737138 -0.0019359023158201343 -0.29459286950120717 0.002614179461033178 0.9999953936856939 0.0015422934475646723 -1.2824342060769356 0.0019318663391717245 -0.0015473461257193982 0.9999969368032829 66.24479722126378
0.9999985494827425 -0.0010472372495669308 -0.00134325201574674 -0.31441442438431977 0.0010493435277290977 0.9999982197370423 0.0015682471145411112 -1.3116360733212376 0.001341607412334311 -0.001569654403807663 0.9999978681362648 67.61576466337716
0.9999990598756813 0.0012015905379816833 -0.0006606245792563821 -0.3264866904408611 -0.001199951754492435 0.9999962157611302 0.0024755970578079402 -1.3421607158311035 0.0006635967913059728 -0.0024748020630533914 0.9999967174923917 69.1070505775679
0.9999850868391502 0.005460665846771111 8.495361652582976e-05 -0.3384064208496042 -0.005460956675118429 0.9999774424729171 0.003910563574916772 -1.3733187169984553 -6.359742178236954e-05 -0.003910969265286118 0.9999923501084926 70.44943361644245
0.9999614485851285 0.008746385761886208 0.0007759262726926511 -0.3538855563634653 -0.008749883738516982 0.9999510245018721 0.004624732458310943 -1.400126198704391 -0.0007354386361426238 -0.004631343530389439 0.9999890048330923 71.91901183919214
0.9999108818254483 0.01326004534663348 0.0015490557295910262 -0.3648274836907861 -0.013266394449557375 0.9999033340118167 0.004162384216601348 -1.41784233253965 -0.001493712708788434 -0.004182563748230412 0.9999901374421833 73.26198908281323
0.9998538189446101 0.016958660437263868 0.002178195296380761 -0.3891579405748873 -0.016966491791481617 0.9998494761323456 0.0036281234242130297 -1.4465610477804947 -0.0021163394897310587 -0.0036645494774160854 0.9999910460510018 74.67304214368154
0.9998317436120283 0.018105739748932925 0.002943910144390415 -0.401208538643263 -0.018115451947589963 0.9998304354566614 0.0033061738106768958 -1.4676691289657051 -0.00288355048108234 -0.0033589478663020684 0.9999902012533934 76.1249705247535
0.9998237646942111 0.01847879659195088 0.0033126396043379226 -0.4047815739355495 -0.018491494973411165 0.9998216274963331 0.003844197648287546 -1.4954113889186962 -0.003241012845953948 -0.003904775912014845 0.9999871241958777 77.48293706221358
0.99984177445583 0.017468175642739128 0.0033598881999762575 -0.4153342505036036 -0.017481286721381606 0.9998395339399468 0.003912931462183694 -1.5272833670148969 -0.003290997553849184 -0.00397104759442291 0.9999866999679573 78.90228476551465
0.999846522954608 0.017225799437359388 0.0031941080267972447 -0.420049499633935 -0.017235046287539565 0.9998472887645015 0.002890047820427355 -1.552026929248663 -0.0031438371308320336 -0.0029446549327937646 0.9999907226029631 80.26427136445018
0.9998518618400012 0.01695667423425854 0.0029539010732061366 -0.41925886366374265 -0.01696477760799178 0.9998523340554564 0.0027397901805180118 -1.5824334495353558 -0.002907007397486936 -0.0027894966534308184 0.9999918839736607 81.6500276209879
0.9998684013951981 0.01603619679377742 0.0024536186104539273 -0.4263725957557303 -0.016043699858766407 0.9998665815011509 0.0030690282102214424 -1.6072166560979457 -0.0024040759136207627 -0.00310798952253184 0.9999922803789711 83.09203488994476
0.9998642042918793 0.016334199980020774 0.0021833107533560147 -0.43842565912773146 -0.016339653701561582 0.9998633651183939 0.0025033686103412118 -1.6374091612403197 -0.0021421220934092046 -0.00253870326606904 0.9999944831328984 84.39711123158239
0.9998646028242513 0.016396053323978137 0.0013947804008354124 -0.4433544099250821 -0.016399821702776728 0.9998617763647362 0.0027338720527787554 -1.6611830286088112 -0.0013497630100901443 -0.0027563761099029483 0.9999952902534894 85.79294950818603
0.9998805286706731 0.015452234768052107 0.0003959619963159152 -0.4476151191340221 -0.015453574358788974 0.9998739755840524 0.0036359357892941637 -1.690734731098664 -0.00033972878872271265 -0.003641620510702353 0.999993311569956 87.14651042645917
0.9999028150431732 0.013907648338890792 -0.0009683747690324921 -0.4509387501379365 -0.013903015971508587 0.9998925948963484 0.004637332459887014 -1.7142499639160746 0.0010327652398887171 -0.004623418553672421 0.9999887786368217 88.54077572243932
0.9999303815821141 0.011595969907531752 -0.0021829886909829664 -0.4523580065015514 -0.01158437380692734 0.9999191055858667 0.005252103774933467 -1.7427331045187064 0.0022437155298405866 -0.005226449688484972 0.9999838248538819 89.94911886658751
0.9999386799350468 0.010689552007903776 -0.002893063720925438 -0.46552776341048235 -0.010674205538185108 0.999929145631553 0.005269257641262531 -1.7685203465868304 0.0029491849911263534 -0.005238053487077031 0.9999819323918203 91.25897501927577
0.9999448827149348 0.009997684880406234 -0.003205900922832938 -0.4764631324307064 -0.009982591401478141 0.999939173265635 0.0046901662351527314 -1.794914845601169 0.003252597000421395 -0.004657904629046765 0.9999838621418724 92.65725606104733
0.9999574559980456 0.008543068085894464 -0.0034788154044863677 -0.49130861761728206 -0.008527715019160081 0.9999539375915978 0.004404632693677651 -1.8177544983115566 0.0035162845390246623 -0.004374779052231319 0.9999842484052972 94.00192670907497
0.999956842364937 0.008599201601479025 -0.0035166907953385197 -0.5001302970013524 -0.008585189104693865 0.9999552236981645 0.003980596015109556 -1.8401943898574002 0.0035507635812828727 -0.00395023285383142 0.9999858937733854 95.37121066691017
0.9999647840372407 0.0077090530212381185 -0.003316800335908859 -0.5145294978968278 -0.0076982186502224294 0.9999650310698592 0.003267121477210626 -1.8645416159633827 0.003341871048195639 -0.003241473040688813 0.9999891623198459 96.76116054666512
0.9999560751045912 0.008849787299673678 -0.0030869242242048357 -0.5301284346479153 -0.008842112588499053 0.9999578045191716 0.0024912336570536197 -1.8939646573272169 0.0031088411220889763 -0.0024638293562019836 0.999992132297961 98.13358455109693
0.9999480255859827 0.00974647216121676 -0.0029920527659740284 -0.5491675921224553 -0.009738852350932643 0.9999493223419552 0.0025509849539301125 -1.9171928217155572 0.0030167644959532038 -0.002521713267489756 0.9999922700201435 99.4870373908596
0.9999381577927499 0.01081500416282545 -0.0025915719724658483 -0.559185706628248 -0.010804605343705023 0.9999336529477917 0.003993773914431737 -1.9461612339893368 0.0026345929359949468 -0.0039655261068420235 0.9999886666998986 100.82796416292123
0.9999377985031647 0.010808379953094617 -0.0027528199039023385 -0.5732226186014223 -0.010793753127167674 0.9999278362388246 0.0052742043891887075 -1.9699911294031864 0.0028096270960613783 -0.005244163181260292 0.9999823022205707 102.15011065610598
0.9999435736176406 0.010350012025839555 -0.0023930741561676893 -0.5866265508990384 -0.010339588084632322 0.9999371776279992 0.004328248874858122 -1.9921531272808926 0.002437721454322714 -0.004303261341128249 0.999987769655779 103.4794673909042
0.9999393925403367 0.010756017653185405 -0.002349319315392876 -0.6022937327079996 -0.0107520898907107 0.9999407859492685 0.001678446549697519 -2.0161528113454126 0.0023672338041106616 -0.0016530847736015322 0.9999958317509278 104.81266732164234
0.9999416488812767 0.01045181698677848 -0.002730993477260627 -0.6219596216218732 -0.010449930750327444 0.9999451499733271 0.0007042841046244489 -2.0429986931105684 0.002738204962049746 -0.0006757043396936354 0.9999960228231715 106.16617373254041
0.9999625843353229 0.008308916897325413 -0.0024066173871190957 -0.6335598791936712 -0.008305490686802435 0.9999644857728929 0.0014303968471100867 -2.0728187991601463 0.002418417171483489 -0.001410355225694975 0.9999960810727984 107.54019352885125
0.9999852193885213 0.005197563953067388 -0.0015957194546212144 -0.6517271227644827 -0.005192080550120878 0.9999806671205619 0.0034216507936305606 -2.0969855564537823 0.0016134729923785156 -0.0034133151881640183 0.9999928729684624 108.85530668819135
0.9999929582949184 0.003663476769407048 -0.0008138122658731257 -0.6553465360325702 -0.0036599395913182106 0.9999840293601963 0.004306491911865662 -2.1239641233929487 0.0008295760752059547 -0.004303483171388216 0.9999903958730852 110.1695430759875
0.9999944115009709 0.0033155019208074435 -0.0004294264301538857 -0.663767304959576 -0.0033141643915778323 0.9999897670449616 0.003079305966547163 -2.148259338869035 0.00043963152013311454 -0.003077865631625194 0.9999951667226069 111.49528604408788
0.999988222293439 0.004818959058845388 0.0005769744399047188 -0.6739747416934597 -0.00481936835695314 0.9999881350358817 0.0007095670062843821 -2.1695573762254474 -0.0005735482679774771 -0.0007123393188342779 0.9999995818070796 112.79177303780466
0.999968450505491 0.007836646920750881 0.001298053849967879 -0.6732892969046249 -0.007835363932971802 0.9999688120802808 -0.0009909367517804723 -2.2020962895234586 -0.0013057790994660823 0.0009807347782984116 0.9999986665482465 114.10442170982938
0.9999431355044807 0.010219007269279837 0.0030492012690689343 -0.6907732124976944 -0.010213465013973442 0.999946170530048 -0.0018278944966267723 -2.226250251569435 -0.0030677166606891855 0.0017966476739267564 0.9999936805638091 115.47717835978781
0.9999253848239803 0.011348964951989856 0.004519486420476683 -0.7051528469087258 -0.01134993623788249 0.9999355695212739 0.00018915694531582958 -2.256356260198038 -0.004517048874508718 -0.00024043872379320649 0.9999897691744276 116.8131315231083
0.9999334501008836 0.010259143271845267 0.005276867524885499 -0.7111825800957158 -0.010273449424120966 0.9999436056471356 0.0026910565480772622 -2.277656140375858 -0.0052489624466789085 -0.0027450891478606166 0.9999824562829043 118.11016209491221
0.9999276957094888 0.01037726006997963 0.006075838120000673 -0.7132865639433708 -0.010396293443463787 0.9999411227488665 0.003109363541953468 -2.306015640626027 -0.006043214226010152 -0.003172304983193734 0.9999767077474059 119.47512431538793
0.9999137812806477 0.010922868805010819 0.00728841020102022 -0.7043355757594576 -0.010941013484918272 0.9999371335599869 0.002454216133576201 -2.3299309201809386 -0.0072611455360301535 -0.002533747180892473 0.9999704275049859 120.81815889213125
0.9998856508984534 0.012410396538888006 0.008641016251186965 -0.7064972028314456 -0.012428769144698313 0.9999206055085582 0.0020756701994801485 -2.3547907011147897 -0.008614571038842897 -0.002182830090136185 0.9999605114263529 122.13268225293953
0.9998553032025548 0.013868530986099815 0.009850709509789913 -0.7039338118002654 -0.013884515383270901 0.9999023947405695 0.0015560396657509686 -2.3736335419784598 -0.009828168874459423 -0.0016925868755031433 0.9999502698832659 123.47812332248363
0.9998161001489604 0.015594954546242835 0.011160790340535636 -0.7052932279913082 -0.01560454946590586 0.9998779427959327 0.000773037629389955 -2.404260821397789 -0.011147373541211533 -0.0009470545943711455 0.9999374176138673 124.80112888404119
0.9997981707346915 0.01607821134045191 0.012046114680509399 -0.7038676011475232 -0.016079808932502247 0.9998707108991237 3.5688794901043956e-05 -2.4261866020537672 -0.012043984455800147 -0.00022938082133308857 0.9999274422760447 126.1714476088708
0.999793894211352 0.01566813939460611 0.012910401614998398 -0.6945529350033042 -0.015664255000003246 0.9998772272304083 -0.00040202335249897516 -2.456771873699524 -0.01291511661971998 0.0001997086725565724 0.9999165764569787 127.50687376316627
0.999770587421022 0.016207835701999254 0.01400280511621579 -0.6915715367952042 -0.01621422735438856 0.999868481976236 0.0003429653056964544 -2.4927947597403652 -0.013995405952888451 -0.000569931303150207 0.9999018970807679 128.81478487856072
0.9997986864885663 0.013474369328453773 0.014867004987632947 -0.6747577084571081 -0.013500587324032465 0.9999074775472645 0.001664488041256482 -2.5070178001106935 -0.014843202782951566 -0.001864866291398473 0.9998880945390979 130.1447070472596
0.9997948565692363 0.01338495286438006 0.01520157178865014 -0.6639233519530523 -0.013412193539519165 0.9999086220086658 0.001691369372007443 -2.537781127797249 -0.015177545082155125 -0.0018949088568691768 0.999883018878815 131.48093216458952
0.9998252024295917 0.01111389267833209 0.015034824706812812 -0.650588097617792 -0.011143888246890946 0.9999360756031771 0.0019127174065717556 -2.5635120596894567 -0.015012607146431468 -0.0020799295118440943 0.9998851411618583 132.85306151422407
0.999839766579398 0.009793771109070782 0.01498409809472018 -0.6338099355974101 -0.009833667503002548 0.9999482910578859 0.0025911803491472465 -2.586647492492571 -0.014957947118085723 -0.002738113843241392 0.9998843745889078 134.13456300148647
0.9998569582996925 0.008954172544623986 0.014348718357865681 -0.6180551356655923 -0.008987595341404609 0.9999570421573812 0.002266492722782965 -2.617292326939007 -0.014327808610413799 -0.0023951290364774423 0.9998944830596449 135.52232789132358
0.9998901827259812 0.006579376426461901 0.013279092060400531 -0.6090642791292471 -0.006613384447519104 0.999974959335205 0.0025187024061424667 -2.6371600995106244 -0.013262189170944301 -0.0026062455956283354 0.9999086567368428 136.9445117162044
0.9999155896677809 0.004689345489370174 0.012117077836507657 -0.6013541373758475 -0.00472842449605297 0.9999837058008615 0.0031984594805176026 -2.657971189562991 -0.0121018827372624 -0.0032554842430554246 0.9999214700420173 138.20659229958616
0.9999300939545789 0.004186725815771257 0.01105796227035594 -0.595003420404615 -0.004225919776535999 0.9999848635103048 0.0035234017100228966 -2.687935956202871 -0.01104304430532961 -0.003569885528966071 0.9999326512739982 139.51789824957368
0.9999464960187607 0.003434349290600663 0.009757578864087187 -0.5852178421685066 -0.003465093564210568 0.999989080419269 0.003135629856831269 -2.706028564666593 -0.009746704288571639 -0.003169273069034796 0.9999474773493883 140.87067251433146
0.9999530933269688 0.00427520241882408 0.008691017712639427 -0.5833716743333258 -0.004298074477098729 0.9999873449122904 0.0026146852093771144 -2.738504029789315 -0.008679730150151145 -0.0026519172530799794 0.9999588139583248 142.19363370728564
0.9999604931547532 0.004245755143657148 0.00780933362611894 -0.5703078459336147 -0.004263200064665239 0.999988451558977 0.0022185314045023575 -2.7575473237095336 -0.0077998247569664395 -0.002251736550228251 0.9999670456619273 143.51153877889695
0.9999689100902778 0.003763352119993046 0.0069293602294242165 -0.5670299408130093 -0.0037672857503955534 0.9999927499237945 0.0005546754805625233 -2.7924445273067238 -0.006927223137071293 -0.0005807631244932825 0.9999758378517601 144.88986636243044
0.9999825732566678 -0.0016156955237372813 0.005678267286678202 -0.5760142566588773 0.0016232410629120446 0.9999978054306132 -0.0013244697349250201 -2.8345783078144517 -0.00567611536615719 0.0013336638824997685 0.9999830013799721 146.1810022844025
0.999934167369255 -0.01047772109968133 0.004677424865154801 -0.5652091443572501 0.010468516369615974 0.999943226965804 0.0019882152759524677 -2.846125288852338 -0.0046979916733929815 -0.0019391187141192291 0.9999870842605129 147.58313801921352
0.999827868367812 -0.018325937482786207 0.0028971817764898056 -0.5518651045382821 0.01831630639694908 0.999826740212025 0.0033169968844524995 -2.8607557893551268 -0.0029574671348372075 -0.0032633603031524097 0.9999903018852354 148.91024970216142
0.9997642237223943 -0.021641498144844337 0.0017727182864439052 -0.5448401482767794 0.021640003944313833 0.9997654590444786 0.0008585603672756508 -2.893987965071811 -0.0017908831930348464 -0.0008199963065485612 0.9999980601686668 150.2222002684777
0.999804173496551 -0.019625393406599002 0.0025413781384939784 -0.5361796097094487 0.019632712575481753 0.9998030906632405 -0.0028872981019024114 -2.930613166499167 -0.0024842135671336698 0.002936626913863316 0.9999926024235501 151.61977267410265
0.9998681208119277 -0.015920041523223877 0.0032083134908616625 -0.5539639531041481 0.01593728244414617 0.9998582948398912 -0.00542155500807371 -2.961505162009952 -0.003121547742522219 0.005471971938645354 0.9999801565324766 152.95959015520475
0.9998710992682759 -0.01553810248346852 0.004043789524815822 -0.565923822935654 0.015559353045046197 0.99986501787191 -0.005277552390111219 -2.999353131960912 -0.0039612408735700076 0.0053397909789601175 0.9999778973548257 154.2916385486624
0.999792625494407 -0.019824603197366078 0.0046573734194130965 -0.5552665080576367 0.01983413308480394 0.9998012663681131 -0.0020087127319903322 -3.0201392112165157 -0.0046166263001920175 0.0021006712007325275 0.999987136885601 155.6104512789566
0.9996222928591504 -0.026985256821531772 0.00520264698987394 -0.5433527864076493 0.026978820172155873 0.9996351551673379 0.0013037709946387894 -3.0475910022830117 -0.0052359318655618575 -0.0011629172714884212 0.9999856162142494 156.94391946157208
0.9994815830234933 -0.03179240689423436 0.005080162650816747 -0.530388292906062 0.03177874007166121 0.9994911476030578 0.0027491009328923384 -3.0616840166156485 -0.005164978565173886 -0.002586234606359826 0.9999833170517333 158.28019704657746
0.9994602961458905 -0.032460478577527145 0.005043188336916943 -0.5281861565523496 0.03244941653146001 0.9994708228563276 0.002260451462940482 -3.0985985955229784 -0.005113895361072812 -0.0020955829819069792 0.9999847281838526 159.65251582632024
0.9994850322576405 -0.031538535783218094 0.005915323031274122 -0.5334479586510188 0.03152198498071983 0.9994989354245974 0.002870986009981114 -3.117598811096953 -0.006002906270063623 -0.0026830448449323115 0.9999783829568542 161.0363115435529
0.9995471803993454 -0.029233786380539376 0.007128806940765108 -0.531654721867869 0.029217077490150102 0.9995701190045132 0.0024371261117718986 -3.1309444284772305 -0.007196989430366927 -0.0022277396441952955 0.999971619853757 162.33472898598671
0.9996373685451687 -0.02564577484350971 0.008211312122354849 -0.5368121133452569 0.02564376317810186 0.9996710832225482 0.0003503991671369443 -3.1604210180519883 -0.00821759823453414 -0.00013970313438169856 0.9999662252073476 163.69054413784784
0.9996893620746636 -0.023299068959957963 0.008850579079313532 -0.540978927402986 0.023304323642692054 0.9997282968653145 -0.0004908601143550373 -3.17408493776446 -0.00883673851114053 0.0006969644326271944 0.9999607123712707 165.03661353456891
0.9997201296311163 -0.021825459044456964 0.009127527564777718 -0.540159740842103 0.021820477116430734 0.9997616968447126 0.0006452099397980144 -3.201529996076977 -0.009139435219611948 -0.0004458623429513268 0.9999581350855445 166.3943622422359
0.9997707576956222 -0.01943014995880902 0.008994517408278365 -0.5350664132975891 0.019429355951569964 0.9998112167881993 0.0001757971398861747 -3.234168010451613 -0.008996235917980211 -9.991372397565075e-07 0.9999595330469002 167.7725165551993
0.999807676987121 -0.017644933020570384 0.008559520534835725 -0.5276615588635246 0.01766013574500886 0.9998425961822913 -0.001703659743528 -3.2645126397618323 -0.008528112992453561 0.001854494442102834 0.9999619153408211 169.08435477945608
0.9998702387056108 -0.013893310961703232 0.008153629761506067 -0.5288512469610489 0.013933755846239593 0.9998907935360593 -0.004924575091806567 -3.2948803590140474 -0.008084321365610395 0.005037546875425109 0.9999546324021736 170.51713543826799
0.9999496565064385 -0.006222795481371748 0.007871548989472135 -0.5302963442029488 0.006271977923126792 0.9999608684507685 -0.006238898338161147 -3.3381967930302583 -0.007832418241773342 0.006287954566777433 0.9999495561502361 171.84554338855878
0.9999543928882029 -0.005023201991007422 0.008122782697440293 -0.5330770336447005 0.005065383160665649 0.9999737507840143 -0.00518069782318589 -3.352592682908239 -0.008096546477273332 0.005221606666566067 0.9999535892990259 173.20886795357075
0.9999609089992056 -0.0005319771852128029 0.008825954992844687 -0.5398421863386237 0.0005602053991283617 0.999994735381297 -0.0031961506436191207 -3.3981574294620644 -0.00882420899662126 0.003200970121211743 0.999955942588848 174.6084826572378
0.999960098524555 -0.00037909879421252346 0.008925113467549395 -0.5455002208156745 0.0003847027797998087 0.9999997299518502 -0.0006261784551559173 -3.421280126300038 -0.00892487442855163 0.000629587005637131 0.9999599743137896 175.9426497529422
0.999963309835746 -0.0027517862322620264 0.00811213077571543 -0.5355941151492509 0.002750974944656431 0.9999962098778858 0.00011118774772644454 -3.4485228556529366 -0.008112406679965004 -8.886739275924376e-05 0.9999670899352621 177.3656487217005
0.9999617944934452 -0.005805238750343583 0.006535194730568792 -0.5347762617156964 0.005802860778821721 0.9999830899765737 0.00038283204141015444 -3.469592838139671 -0.006537307203443931 -0.00034489458696724054 0.9999785720983717 178.72061409143882
0.9999656474197667 -0.006961844517955167 0.004498523607386409 -0.5255557845625383 0.006978614669940873 0.9999687188257538 -0.003722942284985315 -3.500756627902098 -0.004472464723477751 0.0037542079381139293 0.9999829513430191 180.08131415189195
0.9999842010512173 -0.0049179423399729316 0.002722407221550934 -0.5461603106048561 0.004939828801860115 0.9999550595878345 -0.008091779123377364 -3.5359967918488304 -0.002682490205261385 0.008105099673072791 0.9999635551370482 181.46648787617974
0.9999969339302012 -0.0008753559917230071 0.0023164383335831703 -0.5625699326180424 0.0008964584783396831 0.9999579685048937 -0.009124559383031649 -3.570666980350487 -0.002308353934961165 0.009126608179710104 0.9999556872794932 182.86467783582412
0.9999893148212529 0.004148256340924273 0.0020401489052553 -0.5789536602450015 -0.004131551785437522 0.9999584547738681 -0.008125208537594422 -3.6114011599677434 -0.00207376977679799 0.008116692895924826 0.9999649087706847 184.23671899978558
0.9999828583242891 0.0053909279234214905 0.002284938972528232 -0.5751712197120459 -0.005380391268332846 0.999974978324 -0.004592834265459423 -3.640172034713359 -0.0023096416372858516 0.004580461758917849 0.9999868423745927 185.6461649020272
0.9999786925247092 0.005940215503204498 0.0027070884577379117 -0.5821243187754237 -0.005933532972457967 0.9999793458020383 -0.0024700542435383784 -3.6741783051115293 -0.00272170543190066 0.002453939060327419 0.9999932852268992 187.05295156491738
0.9999795862173394 0.005763085867846135 0.0027593444740464197 -0.5955081413220665 -0.005757747609853208 0.9999815445393163 -0.0019387972941443726 -3.7108331519390605 -0.002770467240428531 0.001922870142647941 0.9999943135227882 188.46234525362965
0.999981657712082 0.005396217941053874 0.002750466184135817 -0.5888186707486504 -0.0053921176558595855 0.999984343215486 -0.0014961289743722957 -3.7416981282476582 -0.002758496793367499 0.0014812707219784367 0.9999950982523653 189.88666026775783
0.9999942999098508 0.0020776903994951636 0.0026614564106786235 -0.5956441915865129 -0.00207556652951919 0.9999975255505847 -0.0008005748210804425 -3.7681891165803827 -0.002663113397499399 0.0007950462441325693 0.999996137855008 191.27519026647965
0.9999951341018704 0.0005655620456368913 0.0030678844691138197 -0.6019878534011849 -0.0005638333579060482 0.9999996818142329 -0.0005643264886459944 -3.800635018456579 -0.003068202914383626 0.0005625939802414719 0.999995134795625 192.6738081396598
0.9999896129895097 -0.0028797352615290307 0.003532852448020968 -0.6030899778473243 0.002878737525896142 0.9999958150898767 0.0002875218297589018 -3.8301795227678164 -0.003533665948302459 -0.00027734868873707997 0.9999937181194454 194.0912854264297
0.9999602763833164 -0.008027245898771683 0.003874144065218015 -0.6000045512842459 0.008019941824169569 0.9999660397354713 0.0018973401662563617 -3.8523932905735574 -0.0038892432409175564 -0.0018661944144943922 0.9999906955072394 195.5321894551017
0.9999242951247536 -0.011601030905058134 0.004101233500702355 -0.5939110934948209 0.011593466955816194 0.9999310570975564 0.0018634820264597583 -3.8740777179486017 -0.004122569408420539 -0.0018157934602728778 0.9999898536040274 196.96825414250665
0.999949263059552 -0.009030807538380555 0.004462716261552758 -0.5987492135739195 0.009040204190312024 0.9999569528087792 -0.0020897914557498126 -3.906896356562863 -0.004443652026337669 0.002130029344883129 0.9999878583894607 198.33453593972
0.9999839744999153 -0.0029664719430601526 0.00482190804989888 -0.6102052100955316 0.0030033688190341575 0.9999661305175899 -0.00766274030319157 -3.9361601580798693 -0.004799013841871301 0.007677099629721049 0.9999590149612152 199.8151951682827
0.9999582292496377 0.006728510209312478 0.006186024461687041 -0.621057374647785 -0.006677034871742853 0.9999432235374063 -0.008304632474983455 -3.9699654272231206 -0.006241551580138348 0.008262981445992985 0.9999463816453084 201.28933486852966
0.9998690381646795 0.014357496449384914 0.007467850114275539 -0.638990603029074 -0.014325481300791637 0.999888039197119 -0.004323157753480589 -4.005053823869572 -0.00752908437047098 0.0042156111158552145 0.9999627700592443 202.70071200530063
0.9998530457311255 0.014944027404870077 0.008400175903266662 -0.6460461013758272 -0.014926151340522043 0.9998862073787339 -0.0021868559413909076 -4.036889782287282 -0.008431901175515226 0.0020611523127952733 0.9999623266336791 204.15283526020926
0.9998705938661392 0.013955560335422276 0.00800236396281771 -0.6394685879596185 -0.01394293281019518 0.999901461230278 -0.0016317137293860474 -4.068392444486128 -0.00802434757934531 0.0015199261783625084 0.999966649275541 205.571989834054
0.9999153809195183 0.011113372695769284 0.006761947078303035 -0.6348229131000704 -0.011102048964852205 0.9999369082764329 -0.0017099712298386863 -4.09896333667276 -0.006780524578026137 0.001634755095311418 0.9999756757319541 207.06190375985818
0.9999376799587968 0.009653020348500699 0.005608509690173703 -0.6268921679336488 -0.009641542364614763 0.9999513765272665 -0.0020700879198666776 -4.138903036919151 -0.005628220063656724 0.00201588426504179 0.9999821295120379 208.49818644289482
0.9999372160472818 0.009879640091283136 0.0052874056588928355 -0.6290729717924077 -0.009865541772023584 0.9999477269165936 -0.0026859900418743014 -4.159465680034518 -0.005313666336620627 0.0026336583320751596 0.9999824142393239 209.91922857229613
0.9999281350860079 0.010922820114606048 0.004941320081801723 -0.6342366340963591 -0.010910471536346032 0.9999373054685596 -0.0025192794321659538 -4.198826932390455 -0.004968528346690702 0.002465186296526957 0.999984618170138 211.37758576877837
0.9999266092678472 0.011102634653409417 0.004848459676323044 -0.6383925589181108 -0.011093292538192455 0.9999365669016566 -0.0019496306931105982 -4.227345671518177 -0.0048697985745814725 0.0018957022595602244 0.9999863455913601 212.8597391243806
0.999928994674783 0.010953928969272608 0.004692230655979569 -0.6494720999843315 -0.010943141937682924 0.9999374339183709 -0.0023186028313891068 -4.257699121107313 -0.00471733529340909 0.002267090492300751 0.9999863034276514 214.35142637065732
0.9999222168617501 0.011740081252744191 0.004210783224988189 -0.6450522579752314 -0.011725916425824167 0.9999255595133589 -0.0033731801248170594 -4.294650595334783 -0.004250071543594539 0.003323542516069458 0.9999854453699959 215.7836821676939
0.9999431613814246 0.009859438510806012 0.004057765548372314 -0.6509396868617827 -0.00984565644534596 0.9999457408834487 -0.0034026990460443076 -4.3192461313191695 -0.004091094428712539 0.003362554337858639 0.9999859779865122 217.18677545398089
0.9999423969185719 0.010163199587825649 0.0034514054991682712 -0.6495831556116728 -0.010151373843747013 0.9999426011709668 -0.003426951416020064 -4.353903562111509 -0.0034860364817615582 0.003391717567452255 0.9999881718285809 218.69745605230113
0.9999395527653903 0.01047099102629167 0.003353974107439584 -0.6596541757785492 -0.010457649979180677 0.9999374323101802 -0.003971025841136158 -4.385451756737956 -0.003395345123782665 0.003935711188664961 0.9999864908110011 220.16225892780355
0.9999314300714639 0.011256314674936553 0.0032296304286806776 -0.6585007539729201 -0.011242369418351114 0.999927538547867 -0.0043042781323666505 -4.432033136456805 -0.003277846995271445 0.004267674368118438 0.9999855212303114 221.66967389482662
