1.0 -3.469446951953614e-18 0.0 -1.7787691892340307e-19 0.0 0.9999999999999999 -3.5575383784680614e-19 0.0 2.168404344971009e-19 -2.371692252312041e-19 1.0 0.0
0.9999999398638733 -7.08535559765227e-05 -0.00033948727388392647 0.05569069961672338 7.123806521749064e-05 0.9999993559314045 0.0011327230995349811 -0.026761272848715878 0.0003394068273799933 -0.0011327472383819146 0.9999993008434594 1.3159701006825606
0.9999991075624272 -0.0005587901877283866 0.0012135198795759842 0.11108300046058615 0.0005566348298350308 0.9999982684086526 0.0017757635472657302 -0.04833477912174309 -0.0012145101586562628 -0.0017750865086460634 0.9999976870130872 2.5650198957187875
0.9999981859175765 -0.0018563171536436097 -0.0004269078468614367 0.027735495264165258 0.0018567450178814827 0.9999977724855218 0.001003752450522623 -0.07977138498217708 0.00042504364988949915 -0.0010045433073746352 0.999999405115554 3.921164961445155
0.9999970115710934 -0.00243110597570792 -0.00025802284847035247 0.023313280056973796 0.0024314462330096084 0.9999961647949204 0.0013260697128383667 -0.09556212750236737 0.0002547980656746212 -0.0013266931431511189 0.9999990874815134 5.245243100795731
0.9999961495957431 -0.002728243638141616 -0.0005074283178683847 0.027403531204543814 0.002729047504476303 0.9999950121564128 0.0015899552813583497 -0.11484216816277468 0.0005030880455101413 -0.0015913339850577876 0.9999986072788424 6.5635296208473655
0.9999939983995844 -0.003436045216719901 -0.00044357886754771143 0.009855083495244922 0.003437141722581756 0.99999098095987 0.0024948046859235877 -0.14684800157634728 0.00043500264421126775 -0.0024963144034607543 0.9999967895889679 7.90580555366213
0.9999935962350357 -0.0035668747367499157 -0.00029137271647721764 -0.009668615449576543 0.0035677183701539553 0.9999892925210436 0.0029472399560810515 -0.16829272536908463 0.00028085718724385586 -0.0029482606740494424 0.9999956144300064 9.233946194057266
0.9999944914085509 -0.0032134239697941425 -0.0008313014933165512 -0.01296150650030504 0.0032149855218217317 0.9999930577038032 0.0018837216924714306 -0.18414774666303133 0.0008252425972307556 -0.0018863839734750444 0.9999978802636579 10.559871157860275
0.9999990563800482 -0.0012856614174341537 -0.00048406090234391543 -0.033791265936440884 0.0012854849788783186 0.9999991072222506 -0.0003648028665247058 -0.19535659604295502 0.0004845295238932589 0.00036418027703845167 0.9999998163022737 11.884736549968432
0.9999980184839646 0.0018896280217989723 -0.000626362342859376 -0.01920341766701319 -0.001890349826286825 0.9999975478958701 -0.0011535957793244965 -0.23317964583348233 0.0006241809917250265 0.001154777558207445 0.9999991384434981 13.221787830154934
0.9999899911905488 0.004436683401047676 -0.0005773644577619793 -0.034922776798139835 -0.0044376509976276225 0.9999887339050578 -0.001685029751591848 -0.2538536672111788 0.0005698820560830816 0.0016875750578124115 0.9999984136615384 14.563098172270683
0.9999863658490716 0.005219055112263099 -0.0001719569049498462 -0.0698908813630887 -0.0052191691823477975 0.999986157120158 -0.0006677210870769688 -0.29211145006195854 0.0001684696647686972 0.000668609464490153 0.999999762289739 15.909215233016496
0.9999944570456365 0.0033114201522587592 -0.00034694082578770624 -0.05485849314286454 -0.00331097487651388 0.99999370353211 0.0012768505743908222 -0.3119081315436447 0.0003511668605038563 -0.0012756948124733865 0.9999991246422844 17.27896065220461
0.9999998239470671 -0.0005810341239156462 0.00012044205514894456 -0.058340619770334175 0.0005805829955605971 0.9999929392643311 0.0037127271884532464 -0.34043603010115825 -0.0001225984332340151 -0.0037126566808380057 0.9999931005514888 18.620988724792117
0.9999980613394078 -0.0019484652858129652 -0.00028425857707789514 -0.06970294822628299 0.0019490740928999554 0.9999957743082643 0.0021569590846669067 -0.3763828769132993 0.00028005464154323896 -0.002157508985343526 0.9999976333597973 19.973459251818152
0.9999958254417297 -0.002887595554313706 0.00010438077791965063 -0.07300293800918026 0.002887656461120207 0.9999956588203698 -0.0005863245581747065 -0.38595883875387454 -0.0001026872655535368 0.0005866235402126321 0.9999998226639437 21.31285074043027
0.9999994794165445 -0.0009452259368024456 0.00038433920576995363 -0.07576043433583632 0.000945827051163169 0.9999983254269764 -0.0015667013472894732 -0.4344382052992714 -0.0003828577089836677 0.001567064082029745 0.9999986988638543 22.669381967216726
0.9999990152694502 0.000935632946332459 0.0010459689523234334 -0.0855108338819883 -0.0009348292055679054 0.9999992675972077 -0.0007687009014610851 -0.43418337523199746 -0.0010466874972833917 0.0007677223574400077 0.9999991575226771 24.04321282438221
0.999997242508014 0.0013586839564541705 0.0019154515306715357 -0.10919981089530109 -0.0013658269321960214 0.9999921006050542 0.003732726327920617 -0.46667845444780787 -0.0019103649628862277 -0.0037353322833531596 0.9999911988595663 25.426112124354322
0.9999979508558223 -0.00018531306149929296 0.0020159231801411656 -0.10161460132712019 0.0001759107919486972 0.9999891118108225 0.004663187091871214 -0.48657371494206475 -0.0020167655464994705 -0.004662823003804707 0.9999870952850662 26.803887749385723
0.9999900004439424 -0.004042475876028491 0.0019124353731701498 -0.10375868779458337 0.00403376889362367 0.9999815805277058 0.004535119328469671 -0.5160668501861412 -0.0019307334168075139 -0.004527359741537208 0.9999878875669465 28.17405092454171
0.999988314771489 -0.0044544271835812894 0.001878405570319383 -0.09425626798890532 0.004452084000165031 0.9999893082544409 0.0012499274808873506 -0.5206311284958356 -0.0018839533557244953 -0.0012415500753412713 0.9999974546321472 29.533115073939083
0.999986314528568 -0.004372799072672276 0.002872175729573252 -0.10812253376642414 0.004374217560676805 0.9999903141457652 -0.0004876777253918112 -0.5674351636217072 -0.0028700156360361813 0.0005002345883482896 0.9999957563769192 30.91595112640079
0.9999937892863229 -0.0017607388898332032 0.003053063034960723 -0.11348026502932768 0.0017666009455155288 0.9999965994479555 -0.0019183876388628467 -0.5744619038462848 -0.0030496751323078426 0.0019237693100974652 0.999993499273454 32.304373537095486
0.9999941628055228 -0.0006379734262759434 0.0033566873534089606 -0.11591764508372857 0.0006498326449306067 0.9999935474497412 -0.0035330971700109313 -0.6174543300314496 -0.003354411958420467 0.0035352579045537574 0.9999881248632725 33.6837106070935
0.9999937302474133 0.00031223041920261027 0.0035273193595054585 -0.12241865318284495 -0.0002990407938282926 0.9999929644829589 -0.0037391924142729047 -0.6396074509915917 -0.003528462333855764 0.003738114234389702 0.9999867881382086 35.07893755391489
0.9999943571025899 -0.00013973301767153043 0.0033565223185718163 -0.12431162040077043 0.00014664795173667707 0.9999978674690051 -0.002059988295297334 -0.6755572363593051 -0.0033562275975996462 0.0020604689415672415 0.9999922450697724 36.47674789210059
0.9999945338667539 0.0007120389806688811 0.003228814019789774 -0.13737584318383705 -0.0007093735166422864 0.9999994067540656 -0.0008266087445421539 -0.697132259723159 -0.0032294009555859163 0.0008243138093628385 0.9999944457206024 37.87949012969639
0.9999903707646223 0.003350606875994865 0.0028340446493374453 -0.1359353461320766 -0.003348836714641496 0.9999941946877307 -0.0006291977058862637 -0.730398419504891 -0.0028361366313855957 0.000619700906377427 0.9999957861391509 39.28311716505425
0.9999785650936067 0.005851995663227778 0.0029365782998495007 -0.13894550273534054 -0.005850153282771399 0.9999826856409642 -0.0006357174486835176 -0.757459026630172 -0.002940247919991256 0.000618524399060822 0.9999954861727586 40.67215263915598
0.999960432985419 0.008255948986991658 0.0033123641444661577 -0.16658310394724507 -0.00825389822271737 0.9999657359893507 -0.0006324787252288406 -0.7863379299053435 -0.0033174726430536955 0.0006051137917122717 0.9999943140880055 42.07712645120687
0.9999574948781211 0.008757077738368306 0.0028847896017340615 -0.1644424711922332 -0.008756489431489285 0.999961637741145 -0.00021669825349782633 -0.8083818766711297 -0.0028865768227970346 0.00019142841246760111 0.9999958155040795 43.48157937607385
0.9999639497845719 0.0081244528432351 0.00246827530857733 -0.16967934582500205 -0.008123600838566919 0.9999669399244798 -0.00035522532874252835 -0.836014774940198 -0.0024710799282635964 0.0003351612418208778 0.9999968907089762 44.904524698198756
0.9999678581627862 0.007762029068186905 0.002008365571836251 -0.1877002622118179 -0.00776034329476424 0.9999695301700069 -0.0008460615609141835 -0.875994973724162 -0.002014871703157968 0.0008304487727052184 0.9999976253191893 46.29505395449365
0.9999709665013451 0.0075440018315686055 0.0010743259802655546 -0.1816438602103638 -0.007543278534216437 0.9999713204627063 -0.0006761782899852393 -0.9052171418281338 -0.001079396351600813 0.0006680547263258831 0.9999991943020574 47.73248588277443
0.9999674794970248 0.008062584736100475 -0.00018616691141988225 -0.1873794407440637 -0.008062592226131893 0.9999674961100372 -3.67063574317228e-05 -0.9400236976888721 0.00018586492731023706 3.8206146042068534e-05 0.9999999819974008 49.14530722153568
0.9999648085291001 0.008313252699628942 -0.0011276138841967592 -0.2011397812052157 -0.008312951031843083 0.999965409724874 0.0002724277366794888 -0.9597134964846711 0.0011298397354992005 -0.00026304436301549265 0.9999993271356289 50.55808766657337
0.9999617471662493 0.008483730958152014 -0.0021284950414682154 -0.22039570551217158 -0.008483380440137411 0.9999640003668115 0.00017391134019297688 -0.9851715410919102 0.0021298940130227554 -0.00015584786569209798 0.9999977196307013 51.999613156581184
0.9999570742317134 0.008632318578161036 -0.003366414254238922 -0.23121582666432994 -0.008627596991608736 0.999961780832287 0.0014147308883085028 -1.0157484888086166 0.0033784982865009885 -0.0013856261310763761 0.9999933328757364 53.40626878514191
0.9999574482399023 0.008276545785220695 -0.004074367909690404 -0.24740684741829638 -0.008268959039114007 0.9999640527052844 0.0018755349034211668 -1.0546400173969277 0.00408974474426767 -0.0018417643607212646 0.9999899408993924 54.859628972622254
0.9999703232811766 0.0059201874981185485 -0.004929900143184482 -0.2448766021499074 -0.005907064609659262 0.9999789825006795 0.0026722941363934993 -1.0718746096465508 0.004945617431056022 -0.00264309365345863 0.9999842773435593 56.28154453515669
0.9999778870558554 0.0042261839125027935 -0.005134661694996167 -0.2598989610490837 -0.004215692318641949 0.9999890076394068 0.0020524488464769763 -1.1044079789562695 0.005143279715260925 -0.0020307573543699837 0.9999847112375378 57.69077050711995
0.9999839215161944 0.0028150644851080526 -0.00492261174168031 -0.2786386431422966 -0.002804104470566075 0.9999935776001352 0.0022319859462730345 -1.1280895498962173 0.004928863729213215 -0.0022181465916158195 0.9999853929623429 59.1444230099198
0.9999889393366855 0.000905498789538879 -0.004615329439943852 -0.2895375221437432 -0.000891862894225051 0.9999952342172331 0.002955693544018829 -1.1482414038164925 0.004617984213807971 -0.0029515446736398396 0.9999849811948709 60.5509883730357
0.9999920688889506 -0.00039852510431688873 -0.003962742759826604 -0.3096735442200108 0.00041319781564861345 0.9999930602487568 0.0037025289279073847 -1.1750498045236515 0.003961240046443909 -0.0037041370353165792 0.999985293869017 61.99723770104102
0.9999921361166649 -0.0016122427357357569 -0.0036233098111401662 -0.3089838990346624 0.0016241556154912885 0.9999932779274262 0.0032872808483959608 -1.205472362689288 0.0036179858688556946 -0.0032931398831952683 0.9999880326360344 63.37958745077602
0.9999888177403701 -0.003438680151691067 -0.0032465169025367308 -0.315938174900258 0.0034464588172727906 0.999991196768036 0.00239338730444784 -1.2259059809846942 0.003238258505126892 -0.0024045495751690207 0.9999918658816633 64.7931122041963
0.9999920415078162 -0.003232957638985101 -0.0023377139424859343 -0.3374106339185339 0.003237785080373692 0.9999926280725041 0.002064108397683209 -1.2605282983537736 0.0023310237329133413 -0.0020716610260713185 0.9999951372648522 66.25698494467295
0.9999966899236066 -0.0020689437960206697 -0.0015295796640095007 -0.3587317620048789 0.0020719010981247767 0.9999959829040146 0.0019342694358253512 -1.2900341470871022 0.001525571755431877 -0.0019374322088748235 0.9999969594904418 67.60426949126833
0.9999988543797428 0.0011283652202605425 -0.0010089735288270484 -0.37258762769067433 -0.00112530015315056 0.9999947663766098 0.003033301876114634 -1.3214669490035467 0.0010123910085226959 -0.003032163064486551 0.999994890513861 69.08416682892641
0.9999880274298047 0.004885094436705484 -0.0002843227983635192 -0.3894776365378912 -0.00488378859498299 0.9999782778013151 0.004426346456321242 -1.3499285578092375 0.00030593977182281863 -0.004424904980340675 0.9999901632607359 70.45974686657509
0.99996728779117 0.008087496829321741 0.0001254009467484341 -0.40855301927600657 -0.008088023199136657 0.9999547970425068 0.0049987767084680125 -1.371866015649733 -8.496769111735478e-05 -0.004999627537872619 0.9999874981748581 71.90910207980978
0.9999244346740087 0.012273871219274403 0.0006906507342096229 -0.4239945518674383 -0.012276897121398784 0.9999142336808454 0.004561042441303985 -1.3916707617647555 -0.000634609902779075 -0.004569176931598168 0.9999893598896568 73.28605047248321
0.9998833419235323 0.015210924731223839 0.0013893433215057432 -0.4399703460242964 -0.015216265257237342 0.9998765532397422 0.003917089720186108 -1.410381242568903 -0.001329589364776254 -0.0039377734647308696 0.9999913630283033 74.70189781080614
0.9998496679326924 0.017224617942361527 0.0019884735542517783 -0.45286849780386407 -0.017232076430484695 0.9998443103111906 0.003796146285208434 -1.4342431337275188 -0.0019227769604362498 -0.0038298412180737453 0.9999908175794253 76.16291717726227
0.9998250729467201 0.018524555561701777 0.0025815304239702776 -0.4654443110201839 -0.018535699176602954 0.9998186871601886 0.004361274200010639 -1.4732909967979941 -0.002500271901953709 -0.004408361865566767 0.9999871574094035 77.52175156777827
0.9998594687346525 0.016543963769317903 0.002709244050037693 -0.4660515957689672 -0.016555604203675814 0.9998535638119443 0.004331621594930727 -1.4963108846900925 -0.0026371853482606185 -0.004375866135626467 0.9999869484380793 78.90545758411514
0.9998624727623117 0.01636698508851579 0.0026753168488038853 -0.4747175987214366 -0.01637547496935822 0.9998608480362502 0.003182518982289363 -1.5194981805548775 -0.0026228565525183815 -0.003225890957323815 0.9999913570867642 80.28349955066481
0.9998783700288398 0.015411423298221932 0.002394398275259061 -0.47570401984523647 -0.015418749362750925 0.9998764063515942 0.0030715190594806175 -1.5477964686247654 -0.0023467660591917428 -0.0031080641687428884 0.9999924162830721 81.64060203040631
0.9998843618701685 0.015084776859351553 0.0019267480191129428 -0.4823474826485681 -0.015091192731309797 0.999880477999811 0.0033594129512763554 -1.5713757364957923 -0.0018758418922905369 -0.0033881014775548 0.999992500963718 83.1345683879196
0.9998876437246603 0.014889789553472012 0.0017303345329767639 -0.4921831186675044 -0.01489476876278159 0.9998848593513007 0.002900679493319406 -1.6030293499994637 -0.0016869449350221865 -0.002926126584233797 0.9999942959828385 84.4223179750201
0.9998813877831441 0.015366073977691467 0.001045990710835337 -0.49304096686731247 -0.015369377980025628 0.9998766780722017 0.0032265937776365687 -1.6276640148786603 -0.0009962817210683545 -0.003242287365660035 0.9999942474807388 85.83830835103183
0.9998975287513167 0.014313447856320667 0.00023910513732194123 -0.501924220251617 -0.014314267575074386 0.99989004946523 0.0038717902676590884 -1.6545188414777032 -0.00018366019273922626 -0.0038748162225770728 0.9999924760060522 87.16312066682912
0.9999154340227506 0.012949397763043616 -0.0011991108264898325 -0.507019175744551 -0.012943169009548998 0.9999034062202486 0.005064843113336035 -1.6773988109852522 0.001264581778080775 -0.005048894616300757 0.9999864546579349 88.52096366998295
0.9999384698228401 0.01086001315400116 -0.0022620020874249214 -0.5124991592566848 -0.010847129502464433 0.999925304935734 0.005632437707850461 -1.704203842980731 0.002323001674805778 -0.005607555034114771 0.9999815793279242 89.9080238342054
0.9999520394606431 0.009314156086909898 -0.0030274161761111662 -0.5212546340820837 -0.009297566433090342 0.9999419320901942 0.005448644371324511 -1.726652342852048 0.0030779901684377395 -0.005420235564852815 0.9999805733262005 91.29238417582286
0.999962867858701 0.007853639855181293 -0.00354728368725684 -0.533548140048303 -0.007835236663460867 0.9999559259477061 0.005172547141814382 -1.7509465084829556 0.0035877509733401583 -0.005144561377192303 0.9999803305760656 92.67790565264227
0.9999691021556382 0.0069980611944215855 -0.0035807614330632975 -0.5454267572987295 -0.006980409430524575 0.9999635394151051 0.004918713035064651 -1.7751278350985535 0.003615052640245369 -0.004893565981310091 0.9999814920358256 94.00149667417462
0.9999669505443852 0.0072926694558742445 -0.003593712462793163 -0.5519626554693565 -0.007277910421265173 0.9999650975338135 0.004103138851633433 -1.801757641844507 0.0036235101777975323 -0.0040768486166305505 0.9999851246328162 95.367099143237
0.9999691018648569 0.007099242275233639 -0.003375804165043449 -0.5673267106052218 -0.0070866237421587045 0.9999679125717474 0.003735452423193074 -1.822976338911898 0.003402215015999301 -0.003711414032090088 0.9999873250925976 96.74875821286581
0.9999597920311177 0.008359802581835003 -0.003244687641156066 -0.5848718892129905 -0.008350614585608072 0.9999611137991211 0.002835161934417512 -1.85322028835892 0.003268263139579014 -0.002807952866778289 0.9999907168885146 98.11307904790169
0.999953871613972 0.009191406936360879 -0.0027879486012893397 -0.5973817033022552 -0.009182857783709525 0.9999531420189572 0.003064132684036398 -1.87527797825674 0.002815981893906685 -0.0030383900742438235 0.999991419181844 99.47761571419947
0.9999441763733543 0.010143361233230305 -0.002959109910955191 -0.6073000111736997 -0.010129832912668672 0.9999383324276406 0.00455168639422443 -1.903561748894104 0.0030050970861290544 -0.004521457112944989 0.9999852628031469 100.80180726306261
0.999937226949701 0.01080965411678779 -0.0029484754720631116 -0.6292770456993656 -0.010792101817192621 0.9999243245530265 0.005905567633001148 -1.9281890085570064 0.0030120897469675867 -0.005873376801499812 0.9999782151463024 102.13295971050287
0.9999427372955855 0.010369318880807724 -0.0026456241755967035 -0.6353354625344569 -0.010356400378479033 0.9999346039479843 0.004851063924133076 -1.9541771446629173 0.002695753622031524 -0.004823387101083072 0.9999847338110496 103.48728478506068
0.9999441592660835 0.0103226576240813 -0.0022629762753992788 -0.6498964554692699 -0.010317470708001611 0.9999441462962807 0.0022921843797671644 -1.9759350284506583 0.0022865115087731176 -0.002268708245557382 0.9999948124027326 104.8522205814035
0.9999516273861963 0.009489455008406112 -0.002587103697048074 -0.6753670076666769 -0.009486540065169368 0.9999543554656372 0.001136909833117919 -1.9961804880374547 0.0025977744844456266 -0.0011123122062480777 0.9999960071590341 106.16035999713714
0.9999728110950918 0.0069278895394196014 -0.002526142972896231 -0.6822607680342007 -0.0069220864827225 0.9999733994768883 0.0022989282920672987 -2.027725687351052 0.002542002713663101 -0.0022813796589376176 0.9999941667499437 107.4796611888355
0.9999878453398439 0.004532416563258648 -0.0019407113843155658 -0.694009692046811 -0.004524343703411206 0.99998117750114 0.004144268964404005 -2.050744613288852 0.0019594585772255034 -0.004135438233464433 0.9999895292836496 108.77583184911802
0.9999963150447827 0.0025348420151308105 -0.0009718367684689443 -0.7109873349522233 -0.0025300548480299686 0.9999848136754933 0.004896043732901343 -2.0777188011492482 0.0009842327941825982 -0.004893566990064027 0.9999875420677251 110.19987019948563
0.9999973826334784 0.0022606014645518945 -0.0003527075988892954 -0.7047362177916225 -0.0022592319521550176 0.9999900885173634 0.0038365011674538164 -2.1035186983093626 0.0003613769366962345 -0.0038356943552719687 0.9999925784009085 111.49238807761238
0.9999911686083592 0.004183420431446879 0.0004021087430055644 -0.7194586213109488 -0.004183948661700625 0.999990374420747 0.0013212294170563334 -2.1172339180996795 -0.0003965776470520911 -0.001322900180053663 0.9999990463299961 112.79429574760232
0.9999749041650532 0.006922399991207132 0.0015071185080967116 -0.7304701753054762 -0.006921556502351111 0.9999758864336763 -0.0005644654220253774 -2.1562849640123583 -0.0015109897501179392 0.0005540196572324577 0.9999987049841645 114.16085022255722
0.9999480241104279 0.009649764954190204 0.0032910631049797743 -0.7343463446062732 -0.00964607076276159 0.9999528294989227 -0.0011367136008435558 -2.1813821589610427 -0.003301877163503002 0.001104908708621099 0.999993938371473 115.51677049609565
0.9999374612225218 0.010212583331385403 0.004558153946032485 -0.7496869981899158 -0.01021694561552924 0.9999473688752984 0.0009346255344564261 -2.206968350738789 -0.004548369488335259 -0.0009811375185502253 0.9999891747909551 116.84403268772418
0.9999369853308409 0.009892112314609559 0.0053076797873206315 -0.752627088479059 -0.009907999032619024 0.9999464886398657 0.002975135935827693 -2.231183978351292 -0.005277965831529547 -0.003027537007771742 0.9999814883742519 118.15802991584073
0.9999331142719787 0.00969478869902405 0.006306983339330413 -0.7561042515139298 -0.009718516987514211 0.999945770906246 0.0037424183859303102 -2.2541557995810515 -0.006270359889291096 -0.003803462673561828 0.9999731077649195 119.4621616584456
0.999913173365152 0.01094852954487709 0.007333172077916958 -0.760800061663137 -0.010970798653149691 0.999935308638795 0.003003354685790672 -2.281676900462923 -0.007299815982604494 -0.0030835447321855974 0.999968601723273 120.81798561637628
0.9998871289129215 0.01239840021046091 0.008485816593074333 -0.7572338166985843 -0.01242022671908843 0.9999196800515437 0.002524171855891913 -2.305923614291487 -0.008453840032913837 -0.0026292827702911253 0.9999608089592124 122.12027377940966
0.9998701625891283 0.012922182773359023 0.009626792373578618 -0.759135702056561 -0.012944914337373877 0.999913559812472 0.0023026348844682677 -2.325239918638766 -0.009596205972797025 -0.002426953968857657 0.9999510101594256 123.49187204075075
0.999828325936166 0.014856818536103359 0.011072197919104066 -0.7581951707588884 -0.014873134608443759 0.9998884190131163 0.0013926337096112555 -2.3477710776248846 -0.011050273299512806 -0.001557072953660082 0.9999377315500466 124.82743296774453
0.9998115065961639 0.01525928106785226 0.012004398587953366 -0.7509828454709544 -0.015266851931452843 0.9998833094586238 0.0005392012874135348 -2.3726266840784165 -0.011994770978195124 -0.0007223690434584872 0.9999277992165395 126.14572796301906
0.9997966000814299 0.015420044876740912 0.012999255621289799 -0.73874963879811 -0.015423272167163115 0.9998810433349901 0.00014797120601701117 -2.406343025211509 -0.012995428649441363 -0.00034843217420394497 0.9999154951412914 127.4936280724419
0.9997945302212674 0.014688181946772213 0.013969775149245106 -0.7413871594792387 -0.014705993923805775 0.9998911728938021 0.001173093987045452 -2.4299770687116418 -0.013951025419882178 -0.0013782924072043385 0.9999017297690078 128.81028530398254
0.9998136241021767 0.01252018604683705 0.014695644753334949 -0.7335379635739003 -0.01255408313177884 0.999918737622179 0.0022165691940858536 -2.4503225971935847 -0.014666699929893112 -0.0024006464698850833 0.9998895563039936 130.2059758384696
0.9998056940256236 0.01245863793496855 0.015276010868556351 -0.7155290392838881 -0.012498163660527983 0.9999187830300222 0.0024946500410452962 -2.4801205667247137 -0.015243691542420768 -0.002685087449606909 0.9998802029094708 131.44290600098606
0.9998253039403997 0.010779258644759867 0.015269877607180909 -0.6990697665083142 -0.01082027309042547 0.9999380636947488 0.0026058567327515475 -2.5056383198987686 -0.01524084393007468 -0.0027706257960700433 0.9998800129544292 132.81681668912384
0.9998495845997503 0.008690093016005294 0.01500967834326198 -0.6920800565576555 -0.008735715567682177 0.9999574126099073 0.0029766186462096586 -2.524726143834864 -0.014983173291560768 -0.0031072912533928842 0.9998829177737498 134.21038955970272
0.9998614817498599 0.00821683384414705 0.014474147340881668 -0.6734779990577946 -0.00826090597426027 0.9999614148157008 0.0029876963559105616 -2.5616328104909574 -0.014449040667772844 -0.0031068521314430784 0.9998907803803735 135.55011469180207
0.9998848350681132 0.007060031870985506 0.0134340068995712 -0.6634208230583863 -0.007100187323008331 0.9999704605201122 0.002943712179207565 -2.5804133436136314 -0.013412828495672983 -0.0030387571866593794 0.999905426518778 136.83260182558007
0.9999089783130846 0.005619289050857441 0.012266159721416295 -0.6494161721649038 -0.005666421224975967 0.9999766834817987 0.0038110593948981167 -2.6037618422313944 -0.01224445930492368 -0.0038802178044492976 0.9999175051576935 138.13661593288074
0.9999312995767675 0.003160901874214757 0.011287374662775745 -0.6327142601095187 -0.0032087256032752734 0.9999859422109866 0.004221310857469253 -2.6257485195708137 -0.011273873787331367 -0.0042572390168514485 0.9999273852036029 139.52328828504315
0.999947276293354 0.002336424732537366 0.009999287758307352 -0.6268433707246304 -0.0023758171271462116 0.9999894574389322 0.0039294410990405705 -2.6453966812711895 -0.009990002338019556 -0.003952990475024394 0.9999422851912535 140.8774215612313
0.9999582858177203 0.0020121001118150158 0.008909437749972809 -0.6218355104778391 -0.0020455748608930683 0.9999908776780644 0.0037496915803461 -2.669344450154545 -0.008901812469715846 -0.003767760155469258 0.9999532797645926 142.2038537201172
0.9999671373387111 0.001385299514717814 0.007987815241731654 -0.6108594299605266 -0.0014075436426642081 0.9999951457632265 0.0027797972520818295 -2.6865352086541012 -0.00798392628773282 -0.002790949148678681 0.9999642331191343 143.57306031837524
0.9999747266193363 0.0001687155784750663 0.007107577926024556 -0.6025037973470636 -0.00017727575389296646 0.9999992597689267 0.0012037586986819674 -2.7140380979977072 -0.007107370171591082 -0.0012049882949590296 0.9999740163054321 144.92431041217202
0.9999808555957951 -0.00243756762667228 0.005687417298398769 -0.6255687295118827 0.0024378062743880546 0.9999970279315492 -3.500084223033747e-05 -2.757110497643058 -0.005687315558581948 4.8865001193458866e-05 0.999983825893183 146.2443963602101
0.9999220233930559 -0.011523682939073954 0.0048116401177804476 -0.6106536193942342 0.01151025938761961 0.9999298109501491 0.0028083965881605414 -2.7785730069601744 -0.004843665871444782 -0.002752794414584127 0.999984480389022 147.61947448762126
0.9998352886815649 -0.017872145201117018 0.003159421679291421 -0.6022276845504371 0.01785884319183126 0.9998317392258184 0.004189862448072577 -2.800102735847344 -0.0032337721711932265 -0.004132748779108078 0.9999862314561532 148.90328436561077
0.9997386856078407 -0.02277680113049626 0.0019436654738413093 -0.5993237101236821 0.02277504192094154 0.9997401887964689 0.0009232373177440135 -2.8201655004975215 -0.0019641890440958904 -0.0008787289981987458 0.9999976848944182 150.19808969529063
0.999777567922992 -0.02090417987797324 0.002798204950390651 -0.5832864366986599 0.020910858131466835 0.9997785147669976 -0.0023785325190788555 -2.859971542543294 -0.002747864150312574 0.0024365163901396516 0.9999932562906219 151.58847221588996
0.9998268235294094 -0.0182578044989447 0.0036021574792793696 -0.6023538831577634 0.018272848935733353 0.9998242645934745 -0.00418842618346953 -2.8765414231781836 -0.003525053286255829 0.004253522626738709 0.999984740653602 152.97751397491024
0.9998413425931277 -0.017235779163605032 0.0044963954650588875 -0.6051553742185474 0.01725505043862543 0.9998419484129702 -0.004282688341906535 -2.9163056326245753 -0.0044218697080910105 0.00435959449493214 0.9999807203135584 154.2901105946114
0.9997245776482748 -0.022916374784611164 0.005060496177725449 -0.5963337185674187 0.02292331071435203 0.9997363594693532 -0.0013165780290430415 -2.939241176972263 -0.005028991254687968 0.0014322187901258322 0.9999863289018469 155.59739149199035
0.9995560586389759 -0.029317292242071503 0.005308673230840931 -0.5847576243743469 0.029309029321342477 0.9995690723139911 0.001628029905073837 -2.9667506872938496 -0.005354115454036084 -0.0014717150981142775 0.9999845836295815 156.96671931852677
0.9993769377176622 -0.03492426550936274 0.005102158376582152 -0.5746418069835799 0.0349096838594066 0.9993862053162051 0.002920037378842577 -2.9748930933378737 -0.005201007294086092 -0.002740103300837627 0.9999827205266322 158.27527093919232
0.9994219804384129 -0.03359317693179734 0.005215694336558823 -0.5713124816746911 0.03357971091298703 0.9994325326573293 0.002648716527459355 -3.021601063778606 -0.005301713846630827 -0.0024720440281878493 0.9999828902652792 159.6555170340762
0.9994578950010632 -0.032327679338982916 0.006231954729269225 -0.5672316093615295 0.03230881108889763 0.9994731101699263 0.003105283868786062 -3.039915191687769 -0.006329058326783325 -0.002902253458150687 0.9999757596760949 161.05313607793587
0.9995051129254199 -0.030596027175531636 0.007308375526134915 -0.5708014252074353 0.03057508261159002 0.9995280874561131 0.002960864742471407 -3.058062723571639 -0.0073955179305064435 -0.0027359452878241053 0.9999689099725572 162.34361020834666
0.9996043862856394 -0.026853799617527097 0.00836327498603015 -0.5747900693747775 0.02685201250228069 0.9996393665057095 0.00032612826303331737 -3.0733154702881604 -0.008369017397050189 -0.00010142845238615851 0.999964974013187 163.7015659766063
0.9996941652454326 -0.022923033651507406 0.009279575025421656 -0.5747653733566307 0.022925820644184983 0.9997371500285469 -0.00019390039607435105 -3.1056219388217707 -0.00927269188628495 0.00040658300037593704 0.9999569250065068 165.08652021695087
0.999712539514298 -0.02207030924518073 0.009366952492309602 -0.5740601142407943 0.022057107150128222 0.9997555712236844 0.0015105716833353018 -3.1218016768932726 -0.009398002515232776 -0.0013035295800331058 0.9999549881632781 166.33063275349062
0.9997125833323471 -0.022144113221816468 0.009186347903112183 -0.567102244303855 0.022135066136867346 0.999754400090746 0.001085514582340591 -3.13791902947823 -0.009208130270477004 -0.0008818621619129315 0.9999572154093577 167.75188411529578
0.9997742010917839 -0.01928206027667966 0.008930229392882192 -0.5667538098670606 0.019292867004524462 0.999813241914402 -0.0011254191122220827 -3.1782548106941717 -0.008906861953490585 0.0012974547693850255 0.9999594913866291 169.15095816935133
0.9998234835754867 -0.016786131402551616 0.008439638587723501 -0.5669016598292602 0.0168184983501285 0.9998514185640492 -0.0037787431504968617 -3.200084941702371 -0.008374954844744924 0.003920018284851788 0.9999572458765054 170.59699603096925
0.9999043858720468 -0.011100292522711774 0.00824637112469065 -0.5616679052275289 0.011140426426889826 0.999926245021942 -0.0048368797140143464 -3.2392684651090025 -0.00819207282956217 0.004928285443079467 0.9999542999249282 171.88062640457562
0.9999364311093277 -0.007429830565361348 0.008481236557263011 -0.5715356961532333 0.007468065995400024 0.9999620536480656 -0.00448544823285877 -3.2638824106400453 -0.008447589321968504 0.004548501634435052 0.9999539736210267 173.2950736475116
0.9999507385255065 -0.004110467188600243 0.009034633048489038 -0.5816702274164116 0.004130973483100276 0.9999889312057623 -0.002252225257707839 -3.293857623832774 -0.009025276112259391 0.002289436194941045 0.9999566504933596 174.66027505047614
0.9999565082743976 -0.001284696264616995 0.00923748472803078 -0.5806439057798793 0.0012887788428227569 0.9999990744709031 -0.00043600974257725333 -3.3376672504442784 -0.009236916819252705 0.0004478958719703653 0.999957238460715 176.0103663033115
0.9999575865423183 -0.004155024034163955 0.008219544042190446 -0.5793805698405167 0.004149726645790837 0.9999911710716451 0.0006614694199051756 -3.3656202246446845 -0.008222220587808944 -0.0006273325062626045 0.9999660001898762 177.5038082915124
0.9999682792358396 -0.004392623619831615 0.0066441998911511415 -0.581764639572905 0.004390056069440344 0.9999902832480722 0.00040101271354492347 -3.396103964463216 -0.006645897390051637 -0.0003718315816131592 0.9999778466459951 178.84023550461424
0.9999654276647868 -0.006769712181590316 0.004828507598989442 -0.5641508629576519 0.006784673534138318 0.9999722132628915 -0.003088834616390409 -3.4238936349704954 -0.004807463317525855 0.0031214877464984933 0.999983572167606 180.23246977861473
0.9999775579778645 -0.005819625808287465 0.0033189618118207227 -0.5732952306218909 0.005841924928955616 0.9999601610309333 -0.006748944863578454 -3.450235750850747 -0.003279553536363073 0.006768182669876982 0.9999717177139867 181.5699925498416
0.9999963671299665 -0.00044663131919050157 0.0026582421863397565 -0.5914959573401317 0.00046987348618723716 0.999961614333377 -0.008749232972638495 -3.487966784802647 -0.002654232697899052 0.008750450400305526 0.9999581914577595 183.02469258558466
0.9999903713865999 0.003474509905048266 0.002680468628594006 -0.5994751127010763 -0.0034551631547094907 0.9999681900035943 -0.007188938370636769 -3.526899409698251 -0.0027053616351878323 0.007179607835734097 0.9999705666899908 184.47832279284
0.9999825081470538 0.005330230034171138 0.0025635991423375248 -0.61293075147456 -0.005318837478413125 0.9999760396913742 -0.0044305780401922585 -3.5577827682028738 -0.0025871539404348316 0.004416865259053222 0.9999868988802716 185.88113579680783
0.9999822144089549 0.0051156123158895995 0.00306616540219157 -0.6227316990190543 -0.005109498601036584 0.9999849492738616 -0.001998564487881641 -3.5862850831967132 -0.003076343397209986 0.001982862412065636 0.9999933021595027 187.24225846491385
0.9999796989819965 0.005415329634232517 0.0033579491211884476 -0.6270019557315696 -0.005410500307959455 0.999984318098419 -0.001445702087360163 -3.6224244469070737 -0.0033657257014642374 0.0014275045801095433 0.9999933170360865 188.71395477856126
0.9999842996089788 0.004595292307017654 0.0032068394635446722 -0.628762597909905 -0.004592425763393368 0.9999890490647606 -0.0009007691802200515 -3.6539844124013157 -0.0032109439157115846 0.000886027882177858 0.9999944523794206 190.15818010265494
0.9999926479118113 0.002116289443415336 0.0031977244428623313 -0.6316293801816963 -0.00211479939507134 0.9999976536784254 -0.000469323933568192 -3.686515254237027 -0.0031987104360929426 0.0004625579474396039 0.999994777130162 191.54093618994133
0.9999934725925127 -0.0012666649548131771 0.003383834870668289 -0.6270984770817245 0.0012663103483937076 0.9999991925076365 0.00010695889302918677 -3.70622144495991 -0.0033839679051316223 -0.00010267320805076104 0.9999942690911929 192.88386386401436
0.9999852317584879 -0.003812850115343252 0.003872783088286989 -0.6322698800004987 0.003810975472568574 0.9999926174740507 0.0004913837755544395 -3.7379475529384023 -0.0038746283968371055 -0.0004766174406419141 0.99999238001397 194.26893571272237
0.9999588339170516 -0.007990157500779086 0.00429975211560132 -0.6336212048779853 0.007981072760275602 0.9999658907160055 0.002125999277807025 -3.7674351426890738 -0.004316592885734445 -0.002091595155854722 0.9999884960592706 195.67892298715276
0.9999111715627373 -0.012562011394408507 0.004454758032649232 -0.6203825073595073 0.012549693140372823 0.9999173776721573 0.002782628366503752 -3.779620542433247 -0.004489345755679001 -0.0027264753841217187 0.9999862059558572 197.11429959421872
0.9999335266202898 -0.01053477291623067 0.004686247495859838 -0.623514443912331 0.010543044577328955 0.9999429001244031 -0.0017437580193460378 -3.8061439727029636 -0.004667610212112325 0.0017930494693074645 0.9999874991133825 198.53316291090198
0.9999809387026217 -0.003393423902769345 0.005158189223766846 -0.6412795150874446 0.0034275952979166534 0.9999721449332235 -0.006630304917505981 -3.846603025597705 -0.005135546546057357 0.006647858858225743 0.9999647154418343 199.95640602373894
0.9999634335822535 0.0054073896821997215 0.0066250759203215605 -0.6473347912276735 -0.005359158957795899 0.9999591663901025 -0.007276329999256507 -3.8714497155686596 -0.006664151915755507 0.007240559238961787 0.9999515805151937 201.4670576113281
0.9998855681646326 0.012868426526564931 0.007953247762148305 -0.6706553151869286 -0.012839273729628155 0.9999107057832323 -0.003705879389822279 -3.901798726929238 -0.008000227099587516 0.0036033414618593016 0.9999615054039028 202.9036925784805
0.9998724721155465 0.013317354945762612 0.008814053354976417 -0.6700152069141434 -0.013305339203355759 0.9999104709515396 -0.0014205856040695316 -3.9298522151242756 -0.008832183432169028 0.0013031304928204463 0.9999601463956874 204.25706563717557
0.9998872966074244 0.012505600843552974 0.008306865054076865 -0.6614816600241451 -0.012498907327330982 0.9999215181058168 -0.0008573069243046226 -3.9657571897903634 -0.00831693495801387 0.0007533835784536647 0.9999651298915969 205.7606701885931
0.9999294260297871 0.009530085702171481 0.007093688141920713 -0.6590068008502117 -0.009523594350122294 0.9999541998120667 -0.0009483935701283765 -3.992560150786159 -0.0071024021232088935 0.0008807692457603862 0.9999743897335125 207.2157442839044
0.9999533504361489 0.007664565229189864 0.005878042289915662 -0.6494387123871672 -0.007656595015697259 0.9999697393197979 -0.0013773212715017373 -4.027359641567018 -0.005888421484283045 0.00133225125594709 0.9999817756303343 208.6800738752119
0.999946996461698 0.008681913811066208 0.005534313568243344 -0.658673513930728 -0.008669809383767314 0.9999599798543022 -0.002207513135620732 -4.057509401181807 -0.005553257994598928 0.0021594147263387566 0.9999822489662543 210.16722551077152
0.9999351113331343 0.00997963515683568 0.005493631630168181 -0.6538736135803033 -0.009968366664088062 0.9999481619287474 -0.0020748841553433306 -4.0919993086094 -0.005514053906025693 0.0020199870211270172 0.9999827572792984 211.6366143131143
0.999925362767451 0.010986180631511811 0.005345344663851955 -0.6580675255457419 -0.010979036047969227 0.9999387979405082 -0.0013642457980016399 -4.116043456413268 -0.005360005823234327 0.001305457264395033 0.999984782940718 213.08694235145725
0.9999262200926822 0.011069778256400863 0.005001435803466916 -0.6641614273617775 -0.01106168588616513 0.9999374680030546 -0.0016429288246126727 -4.15504829093586 -0.005019310337643104 0.0015874833245332117 0.9999861431113537 214.59257072719143
0.9999295856794775 0.010931182620852596 0.004618756229555349 -0.6643440870749163 -0.010919319501681278 0.9999370383641253 -0.0025860771370336422 -4.187010827961312 -0.004646734702007882 0.0025354614105802366 0.9999859895451324 216.0823710602751
0.999946754505164 0.009271935719123804 0.004529828599990597 -0.6584964442551778 -0.009258364151758357 0.9999526161551235 -0.0030080157329356446 -4.21793945574959 -0.0045575044759678844 0.002965916821990564 0.9999852161331827 217.49237055557919
0.9999482173405966 0.00936790101404994 0.003975556787223256 -0.664218625162769 -0.009355482688103055 0.9999513346971614 -0.003131006580831739 -4.241966834385353 -0.004004694616820159 0.0030936512533448466 0.9999871957870075 218.97769707936328
0.9999439369275334 0.009952353445009339 0.0036157495187761433 -0.6844264301663596 -0.009940862119601775 0.9999455240047328 -0.003182499973158471 -4.280613103814709 -0.003647226223211711 0.0031463779423659853 0.9999883989537324 220.4289213616835
0.9999428406311058 0.010092420652554975 0.003529659656222018 -0.6778048443985403 -0.010080567364693212 0.9999435440244069 -0.0033602007065031718 -4.313550832074391 -0.003563373249334735 0.0033244277283054555 0.9999881252028796 221.951187923016
