1.0 -3.469446951953614e-18 0.0 -1.7787691892340307e-19 0.0 0.9999999999999999 -3.5575383784680614e-19 0.0 2.168404344971009e-19 -2.371692252312041e-19 1.0 0.0
0.9999999398638733 -7.08535559765227e-05 -0.00033948727388392647 0.05569069961672338 7.123806521749064e-05 0.9999993559314045 0.0011327230995349811 -0.026761272848715878 0.0003394068273799933 -0.0011327472383819146 0.9999993008434594 1.3159701006825606
0.9999991075624272 -0.0005587901877283866 0.0012135198795759842 0.11108300046058615 0.0005566348298350308 0.9999982684086526 0.0017757635472657302 -0.04833477912174309 -0.0012145101586562628 -0.0017750865086460634 0.9999976870130872 2.5650198957187875
0.999998647289854 -0.0015043496027069385 -0.000665095467508409 0.02110128885360555 0.001505239000955597 0.9999979711617261 0.00133862820284059 -0.07841714998953325 0.0006630804105597398 -0.0013396275454931332 0.9999988828612153 3.931136034630187
0.9999980220802166 -0.0019824747825753965 -0.0001601003291838636 0.01787678496867209 0.001982676296527333 0.9999972310143851 0.0012676573253204758 -0.09312982075044235 0.00015758680167192712 -0.0012679722687255225 0.999999183706253 5.252729908372806
0.99999740755128 -0.002271569965393596 -0.00015768237196954558 0.014180073287399012 0.002271805549035482 0.9999962803995465 0.0015093319754792155 -0.10872492906111504 0.0001542532466895087 -0.0015096863144429891 0.9999988485261647 6.561541508774127
0.9999941041729267 -0.0034267343803853125 -0.00022161981910968887 0.012499923660782052 0.0034272423850448767 0.9999914056706117 0.0023329357729926455 -0.1492965490140773 0.0002136235834012581 -0.0023336816067908296 0.9999972541441686 7.904199992787549
0.9999934831303845 -0.0036098262035540642 -5.34461397808236e-05 -0.008980865974246218 0.003609954567375742 0.999990022935108 0.002631017437309645 -0.16346698988698213 4.394809695927723e-05 -0.0026311932785807526 0.999996537439533 9.219036400487566
0.9999943854715229 -0.003295011560730296 -0.0006098589503608731 -0.010589036881032821 0.003296170021327061 0.9999927472897268 0.0019080424929808892 -0.18874463394193514 0.0006035675579438549 -0.0019100420146263989 0.9999979937214835 10.551395046165224
0.9999996706524934 -0.0007117034600096321 -0.0003900943538072215 -0.02640774543919737 0.0007115213350911715 0.9999996378556468 -0.0004669313629176805 -0.20683681582870983 0.00039042656186593456 0.00046665365810429787 0.9999998149009902 11.872481050305424
0.9999976455741525 0.0020931858614032395 -0.0005722014564074642 -0.02097071207573694 -0.002094041133020387 0.9999966855307088 -0.0014979730254625467 -0.23942549619586645 0.0005690640706355584 0.0014991677394644693 0.9999987143306293 13.215246576735593
0.9999842632195366 0.0056029086524170615 -0.00028410617486857525 -0.05439919937117118 -0.005603375620301427 0.9999829080772866 -0.0016690555081328164 -0.26030778290736556 0.0002747497748914864 0.0016706212245995557 0.9999985667677433 14.557005106205475
0.9999820501180582 0.005991195647786085 7.074197101468449e-05 -0.07296501119273056 -0.005991134581262144 0.9999817009177158 -0.0008391354625271914 -0.28734241043293485 -7.576810870921907e-05 0.0008386965874797158 0.9999996454234437 15.908310525014189
0.9999909837600858 0.004234772250693894 0.0003147934879122172 -0.06429043175423338 -0.004235377421248868 0.9999891364921237 0.0019464027180851144 -0.3161193787626818 -0.000306547520532878 -0.0019477184794644254 0.9999980562087196 17.248465005989175
0.9999998318888965 -0.0004159635029817813 0.0004039774911111819 -0.07529275518258996 0.00041443084015280185 0.9999927445234593 0.0037867064928270786 -0.3433290049467693 -0.0004055497229278277 -0.003786538509491367 0.9999927488015713 18.609433274677148
0.9999965044854001 -0.0026438638454343542 -3.16977805160947e-05 -0.06603412202768094 0.0026439169757935758 0.9999948725425097 0.0018068169701412782 -0.38162310047272385 2.6920643849774216e-05 -0.001806894494297352 0.9999983672026247 19.953687027815807
0.9999948396187209 -0.0032027369687260554 0.0002514294439725465 -0.07655597726916857 0.0032028498242744046 0.9999947700982841 -0.0004489149023184217 -0.38390500983621123 -0.000249990393939773 0.00044971788801571514 0.9999998676290862 21.29776455683791
0.9999992522603445 -0.0011296947671497713 0.00046826374992925 -0.08445214883909373 0.0011305313961142496 0.9999977586987462 -0.0017901102382220984 -0.43808677074889096 -0.0004662404630229526 0.001790638323093713 0.9999982881152117 22.650946781844613
0.9999987594801562 0.0010018693758467156 0.0012154406374872858 -0.0941507865814249 -0.0010011729164174712 0.9999993343548451 -0.0005735367680134569 -0.43507036315160863 -0.0012160145406549816 0.0005723192017846482 0.999999096878373 24.021899248185274
0.999996972211158 0.00126681245578018 0.002109681351814544 -0.11265105374829637 -0.0012745279402368538 0.9999924906129914 0.0036598220680406856 -0.4556961436454054 -0.0021050293762211797 -0.0036624999061434377 0.999991077432024 25.413525509104883
0.9999977873715863 -0.00038553175408529913 0.002067999183133068 -0.09485360709299806 0.0003760286937154623 0.9999893780774899 0.004593727569161092 -0.4848379016126388 -0.00206974841600898 -0.00459293986646303 0.9999873104410332 26.78674958090123
0.9999885031188687 -0.004340864835732514 0.002037285246532362 -0.10517812722960831 0.004332856310132888 0.9999829329468558 0.003919204582333785 -0.5174896011547884 -0.0020542633835579976 -0.003910332331545167 0.9999902446029337 28.155617797441057
0.9999874628565525 -0.004620595524547353 0.0019298278398703834 -0.11555448845193587 0.004618106379933897 0.9999885012602335 0.0012924528783856428 -0.5277005649165151 -0.0019357777134926411 -0.0012835245446445773 0.999997302659833 29.509920131735733
0.9999855683221112 -0.004627361462047069 0.002729593943952684 -0.11910795470995461 0.004629328175344775 0.9999890293222451 -0.000714527630404482 -0.5737673558348523 -0.002726257851498327 0.0007271535248165686 0.9999960193732012 30.899965168358708
0.999992388971157 -0.002248228020793835 0.0031886482841985827 -0.1338391570444053 0.0022544495703542278 0.9999955596894208 -0.001948860030542857 -0.5760231066261412 -0.0031842529144144914 0.0019560338873325857 0.9999930172059257 32.28456585387602
0.9999928284603766 -0.0007282488062794988 0.0037165423671085907 -0.1348506738817309 0.0007425362478059999 0.9999923348142001 -0.00384434023156653 -0.6252811456379653 -0.003713714559860779 0.003847072408556687 0.9999857040744757 33.66981521305673
0.9999923046784883 8.324283245108276e-05 0.003922200786056016 -0.1480179033169221 -6.80561384371614e-05 0.9999925016227558 -0.0038719590601574215 -0.6394825255348645 -0.003922494023397311 0.0038716624137856044 0.9999848120176033 35.06033304583246
0.9999943069138879 -0.0003681352522610145 0.003354194541894939 -0.14349289143589478 0.00037587935995320176 0.9999972649090384 -0.002308438596058109 -0.6799430848362705 -0.0033533358354827657 0.002309686274949999 0.9999917102074931 36.45149743353141
0.9999943267566361 0.0008477331835315639 0.0032600315425294632 -0.15661858810782425 -0.0008441346407801345 0.9999990331272091 -0.0011050714464248073 -0.701327914883057 -0.0032609654727609357 0.0011023132952615602 0.9999940754851355 37.85384812556919
0.9999913575654695 0.0031356468776309694 0.002729928723741411 -0.15122045147637092 -0.003133501359549825 0.9999947785856127 -0.0007899218792480273 -0.7285242961608678 -0.002732391617479497 0.0007813608322556274 0.999995961745674 39.253133689632044
0.9999798978990551 0.0053698671542099265 0.003371693659447218 -0.17013204467582715 -0.0053677591401753415 0.9999853924693213 -0.0006340508467249996 -0.7589103250953758 -0.0033750494622162195 0.0006159396722870721 0.9999941148102671 40.64818233437646
0.9999626963286878 0.007983999519866261 0.003295707773439433 -0.1783781253870419 -0.007982972696299644 0.9999680828386868 -0.0003247583996123873 -0.7882205602761567 -0.003298195734191044 0.0002984367422129984 0.9999945164030861 42.074867729061225
0.9999512645248595 0.009364765247808134 0.0031256567343590706 -0.18863211636159855 -0.00936372828371931 0.9999560993389257 -0.000346422399574062 -0.8192492508794328 -0.00312876394567338 0.0003171377177693986 0.9999950551156928 43.46495971408155
0.9999627696622296 0.008228492649271607 0.002598304021764216 -0.1932123605806164 -0.008227181261743408 0.9999660234604708 -0.0005151999471444464 -0.8424485804197415 -0.002602455280222942 0.0004938040534647758 0.9999964916841454 44.889770114035755
0.999967071792738 0.007928428887036786 0.0017307024755353782 -0.18575384557123698 -0.007926653909242645 0.9999680527772282 -0.0010303396640926124 -0.8790194197998236 -0.001738816307436996 0.0010165870726905506 0.9999979715309686 46.289979760412585
0.9999723649877955 0.0073805614487075805 0.0008925016380123103 -0.19978533745984367 -0.007380063761887108 0.9999726100620236 -0.0005601787482653234 -0.9101822612362073 -0.0008966117028207227 0.0005535765547106036 0.9999994448193856 47.721797872198096
0.999971495030327 0.007548500639291817 -0.00017102242504817532 -0.20233118237015493 -0.00754849500821058 0.9999715090510827 3.640306032384244e-05 -0.937331086368785 0.00017129235499724598 -3.511106734650308e-05 0.9999999847132057 49.11969491978369
0.9999647787115228 0.008305955258732262 -0.001205165424477257 -0.21294431780330164 -0.008305732532054893 0.9999654887397824 0.00019014329345037477 -0.9645582943035325 0.001206703255975927 -0.00018012682557959998 0.9999992557115105 50.54764081265299
0.9999627203350003 0.008356995177528064 -0.002172222359810829 -0.22950689666789598 -0.008356113420175613 0.9999650009964943 0.00041493210171376633 -0.9891905219521306 0.002175614103407859 -0.00039676531276250826 0.9999975546391847 51.98794023996223
0.9999551737104464 0.008821500860277859 -0.003439718974184668 -0.2367147576693449 -0.008817165821914923 0.9999603170022102 0.001273588188257248 -1.0212959539134414 0.003450817727189647 -0.0012432025595154005 0.9999932731328274 53.40185552139023
0.9999624950432339 0.007651648679134493 -0.004057185669402937 -0.2585062801429705 -0.007643204976406439 0.999968600463598 0.002092730367784172 -1.051552743399311 0.0040730714585976375 -0.0020616420281318716 0.9999895798102378 54.854519099236846
0.9999775774761094 0.00476473267377865 -0.004705512645847859 -0.2594688780464365 -0.004752628859816977 0.9999853775234969 0.002580167980955231 -1.064044179737395 0.004717738050735677 -0.002557746629775369 0.9999856003410555 56.25542317390378
0.9999827819421453 0.0030080729030840065 -0.005038581280216992 -0.28222965781454545 -0.002998719646164912 0.9999937686385324 0.00186289283741062 -1.0938412988037622 0.005044154028036002 -0.001847751512165805 0.9999855710632514 57.68457107016814
0.9999847326673401 0.001931885926551499 -0.005177087542087591 -0.2927935972628706 -0.0019211236505764975 0.9999959851510115 0.0020830191476869727 -1.1213663263610882 0.0051810913516398 -0.002073041566775769 0.9999844292796025 59.13707252833107
0.9999880049733606 0.001267867694298929 -0.0047310051368988065 -0.3070314287448642 -0.0012551921716196556 0.9999956176336642 0.002681269795157468 -1.1539583346076312 0.004734384301437709 -0.00267529937019485 0.9999852140848048 60.531724454266424
0.9999910522144088 -0.0002319059088780849 -0.0042239440299031965 -0.32147899982245565 0.0002471329325130396 0.9999934722914857 0.0036047605456071925 -1.181928658360765 0.0042230808517873236 -0.0036057722409843823 0.9999845818828443 61.991293810109156
0.999988899125217 -0.0027458026912096506 -0.00382912402438742 -0.3347158248854345 0.0027577909063198885 0.9999913019555581 0.0031289931202698497 -1.2008550765476427 0.0038204994463691146 -0.003139518372007838 0.9999877735333035 63.39276120695866
0.9999870447430337 -0.0036267706712986014 -0.0035716773500584966 -0.33965841903040866 0.0036340997799959463 0.9999913002998289 0.002047593231065717 -1.2333549223154767 0.0035642204295901424 -0.0020605465765776033 0.9999915252078091 64.81063037109632
0.9999901882694195 -0.0034843378492202762 -0.0027354624298455356 -0.35320515621657933 0.003489729602965206 0.9999919730053992 0.00196868149904886 -1.2656009609664716 0.0027285811532788205 -0.001978208245638245 0.9999943207549669 66.26267628689564
0.9999967542539998 -0.0016117393031761414 -0.0019732655645096015 -0.36921801425322615 0.001615341206889307 0.9999970298961748 0.0018250668060435773 -1.294896277212708 0.001970318339908047 -0.001828248415922195 0.999996387671992 67.62309805181874
0.9999985292546059 0.0009737637144810185 -0.0014118317452255986 -0.3867844474015618 -0.0009695181571226915 0.9999950157681244 0.0030047420025297276 -1.3207718019376085 0.001414750738995458 -0.0030033688478994657 0.9999944891142329 69.09051837912322
0.9999903386507653 0.004360294438524096 -0.0005571609551602997 -0.40202617220512793 -0.004357991600019142 0.9999822209502783 0.004070098276739429 -1.3465001210658123 0.0005748979278484034 -0.004067630935314305 0.9999915619007662 70.4543923750741
0.9999687325571516 0.00789761527278935 0.0004019511830606307 -0.42268719447872294 -0.007899483658791765 0.99995689339988 0.00487949953349373 -1.3736378941653509 -0.00036339747352805585 -0.004882522272808692 0.9999880143877291 71.90070106727542
0.9999258612893873 0.012149449064846758 0.000814115440007929 -0.42999205241409 -0.012152828175904585 0.9999169837619413 0.004281866424406507 -1.3916086045784017 -0.0007620255988573998 -0.004291442870677875 0.9999905013723349 73.26489981301896
0.9998734584572533 0.01583433479965159 0.0015299916050562129 -0.44541871688035695 -0.01583998416723066 0.999867496240457 0.0037529860884442344 -1.418214638000972 -0.001470362959357022 -0.0037767463079678436 0.9999917870756772 74.66462539658934
0.9998421647832637 0.017593127951792936 0.0024753434044810984 -0.46365409688057246 -0.017602139476888698 0.9998383472742643 0.003666613364423672 -1.443742332224326 -0.002410436262160618 -0.0037096060682006633 0.9999902142608209 76.10961273836732
0.9998409495179957 0.017610046882108363 0.0028216786940216546 -0.46731429534996605 -0.01762159696654149 0.9998362319631566 0.004121725592264056 -1.4694267209519905 -0.0027486330422919142 -0.004170792607997742 0.9999875246735517 77.46517877367589
0.9998490003530753 0.017145734003929415 0.002828472223730884 -0.4709656488263102 -0.017157108350912935 0.9998446158497103 0.004046953841820458 -1.5038979681381008 -0.0027586449607277263 -0.0040948712492294564 0.9999878108780712 78.8935942315528
0.9998670488033606 0.016112662313528474 0.002503355884254671 -0.4730490186621634 -0.016119548422861615 0.9998662763086938 0.0027549413257441334 -1.5254597282965334 -0.002458631893481884 -0.002794928084824955 0.9999930717277393 80.25389379635598
0.9998728499136174 0.015779868919142008 0.002297760598643141 -0.4836630750852393 -0.015786459237774535 0.9998712430632459 0.002878374733969198 -1.56222078599717 -0.0022520445589432913 -0.0029142823200980494 0.9999932176026964 81.64306806340582
0.999884240892753 0.015110861489980323 0.001779506229592174 -0.4865503205730805 -0.015116397187243665 0.999880813524163 0.003139000007981401 -1.5795664639591898 -0.0017318612868958512 -0.003165536435665389 0.9999934899956978 83.04161936439692
0.9998908989336492 0.014702661706131066 0.0014219467232727363 -0.49797356950206484 -0.014706336829614794 0.9998884523992054 0.0026089180087532225 -1.6084911257256413 -0.001383430185309869 -0.0026295450624479848 0.9999955857963653 84.41616367855609
0.9998920399935965 0.014674380815035179 0.0007555583452442886 -0.5071127110446674 -0.014676410741773145 0.999888503590506 0.002753796022694715 -1.6295801709440925 -0.0007150639107683739 -0.0027645876726218647 0.999995922860725 85.81518032330732
0.9999013035857492 0.014044607725006483 -0.0003633801946782188 -0.5182448951955944 -0.014043239196496866 0.9998951556262081 0.003530612261979055 -1.6641919444417121 0.00041292819744443094 -0.0035251608487905117 0.9999937013464953 87.1690968511131
0.999922709063834 0.012340546729287345 -0.001512207792824034 -0.5246960109672703 -0.012333606733796841 0.999913738960511 0.004516282960315803 -1.686205727240563 0.0015678108844920822 -0.004497283015729996 0.9999886581447477 88.54181838086058
0.9999434929709856 0.010304418207076125 -0.00261338902065003 -0.5290348087856082 -0.010290839229797264 0.9999337474321714 0.005157460276935553 -1.7188110340666465 0.0026663607333356435 -0.005130274989099653 0.9999832852627555 89.93946656040796
0.9999476378077015 0.009589053479903744 -0.003573747059745204 -0.5431549447021942 -0.0095697182608888 0.999939688274168 0.0053889077460629285 -1.7433624024557446 0.0036252063555615227 -0.005354425934369663 0.9999790937863523 91.27326860351157
0.9999582223553044 0.008293723516093764 -0.003842872516203119 -0.5613375512149981 -0.008275114914326415 0.9999540794935656 0.004833362603810648 -1.7688972727036925 0.003882782954131937 -0.004801360569776596 0.9999809352890495 92.654956251455
0.9999645119725231 0.007299797369309431 -0.004205678382576184 -0.5676146419840791 -0.0072808186434709455 0.9999633217415834 0.0045105283107806865 -1.7971250344289065 0.004238450429664196 -0.0044797475567849125 0.999980983523598 93.9837248546365
0.9999675971676929 0.006747668011164191 -0.004390167286480191 -0.5912607504802068 -0.006730426104799062 0.9999696258869479 0.003930481011017443 -1.8149746175516028 0.0044165558959948625 -0.0039008060414353384 0.9999826387270485 95.38719292941653
0.9999706306371695 0.006275138579849014 -0.004400054291889815 -0.5944435860225478 -0.006261270540768234 0.9999754095641722 0.00315860257989066 -1.8342631090143573 0.004419767137186552 -0.0031309599535414654 0.9999853312710539 96.7372693925856
0.9999646547015015 0.007361921103103057 -0.004060965682928484 -0.6189055009964451 -0.007351461298232289 0.9999696370836764 0.0025847519178761897 -1.8647112855213746 0.004079871466240263 -0.0025548065863085106 0.9999884137430143 98.06931114718402
0.9999529123674581 0.00894650539907824 -0.0037593965327947475 -0.6389660703408268 -0.00893708752568263 0.9999569014957166 0.002514684247585112 -1.8841080971775537 0.003781732465655385 -0.0024809678400280538 0.9999897716004928 99.42474254638996
0.9999524183871082 0.00899790177127859 -0.0037681160589101504 -0.6428134985612082 -0.008982703626667376 0.9999515290994961 0.004031191642892844 -1.9152688638941124 0.003804206005512196 -0.003997152051273683 0.9999847752841412 100.73947380817455
0.9999522756749812 0.0090523506087597 -0.003674410711663958 -0.6675937733040275 -0.009032487111785866 0.9999446950151784 0.0053871241112020485 -1.9404087229357514 0.003722973953050739 -0.00535367806242494 0.9999787385761465 102.11188162191672
0.9999522046971565 0.009171072690827262 -0.003388173618114906 -0.6810742389656838 -0.009156423575696807 0.999948772152238 0.0043142783704814966 -1.9621641226597195 0.003427566902365619 -0.00428304870967513 0.9999849535298446 103.44813234901726
0.9999524831750367 0.009156078847551092 -0.003346279399044398 -0.6917668971833053 -0.009149991115181015 0.9999564630155932 0.001830233841276287 -1.9857515564199466 0.003362891762559064 -0.0017995284928220665 0.999992726304856 104.77305108394488
0.9999613418082071 0.008017429311273814 -0.0036104975460389196 -0.712206233066477 -0.008015580058861162 0.9999677361195094 0.0005265106537184852 -2.0088126257434693 0.0036146026246763148 -0.0004975500865239329 0.9999933435270912 106.10453324887722
0.9999731848217048 0.006599756913232285 -0.0031737717232650287 -0.7205814874279033 -0.006594616191469659 0.9999769306668196 0.0016276316277461535 -2.0439168703679544 0.003184440749543575 -0.0016066582154315265 0.9999936389760191 107.44033373329468
0.9999908303959851 0.0033328459703683916 -0.002689098513399462 -0.7263189965748815 -0.0033234993803745467 0.9999884468499239 0.003472826506708462 -2.059852140552548 0.0027006420724892365 -0.003463857518042285 0.9999903540679592 108.7792756966078
0.9999959669663192 0.002168505463747643 -0.0018340196902273851 -0.7425541947072486 -0.0021606953568443334 0.9999886350130883 0.004249852128011463 -2.0919239955549953 0.0018432148332477953 -0.00424587231723037 0.9999892875083188 110.12385490543879
0.9999978394410072 0.0017071569681630606 -0.001186053751465087 -0.753071224543501 -0.0017035072975136352 0.9999938320473675 0.0030714707323752513 -2.11557176606419 0.0011912900216587857 -0.0030694437078347208 0.9999945796582894 111.44550089417397
0.9999952305999946 0.0030463540931426033 -0.0005084266350230259 -0.7683874358607368 -0.003046078724719928 0.9999952138692444 0.0005418934249779248 -2.139089121114808 0.0005100750442227379 -0.0005403421463130364 0.9999997239273102 112.76228965089868
0.9999816889191291 0.00600943890828429 0.0007130633784170003 -0.7661904936587116 -0.006008489520645155 0.9999810687638798 -0.00132671768049019 -2.1772029913812365 -0.0007210227704962577 0.0013224089750674857 0.9999988656790888 114.10823716258835
0.999961308530269 0.008563521313525202 0.0020118472090527584 -0.7864305116492194 -0.008559860802179062 0.9999617049711215 -0.001821371235629104 -2.1955314501623904 -0.002027367690050196 0.0018040796626831496 0.9999963175301645 115.42256049968756
0.9999469174073028 0.009684067923073005 0.003518689897351099 -0.7964334110613469 -0.009683964210295822 0.999953108240116 -4.668991379914058e-05 -2.224076922694131 -0.003518977346096137 1.2612564039562996e-05 0.9999938082983402 116.76554269746056
0.999945160073596 0.009508546133703133 0.004389120591553021 -0.8038841912230076 -0.009518884174078698 0.9999519555716375 0.0023403874555964397 -2.2457370218594 -0.0043666564043604306 -0.0023820386901356383 0.9999876290229128 118.09083403512757
0.9999451346309024 0.009012583730960717 0.005338637308098896 -0.8038700387946779 -0.0090299240875336 0.9999540036028225 0.003232826774100304 -2.27580526033283 -0.005309256074615352 -0.003280856960735072 0.9999805236965452 119.442910915527
0.9999325931519714 0.009725753500402624 0.006341833770261023 -0.8027935427450651 -0.009740126993988605 0.9999500562172567 0.0022394237673294837 -2.299783651992165 -0.0063197374843686396 -0.002301043128787017 0.9999773828006002 120.77564261933516
0.9999055018729883 0.011341975862436113 0.007768325923416552 -0.8022060392697756 -0.01135816611472356 0.999933406691809 0.00204310319697721 -2.3251445646455697 -0.00774463643121882 -0.0021311441082109777 0.9999677388920603 122.09110079094141
0.9998773332196698 0.012905436302132636 0.008875145209827398 -0.8053403631980092 -0.012917977780212326 0.9999156384767007 0.0013571335198601948 -2.3465747911478796 -0.00885688283695353 -0.001471616004958758 0.9999596941707374 123.45143164073242
0.9998559303150067 0.013658177980534819 0.010078331244739641 -0.8078835561042774 -0.01366450512972167 0.9999064799896918 0.0005591139654826441 -2.3731713935625454 -0.010069753092305353 -0.0006967488391006527 0.9999490560058338 124.78253090444342
0.9998336603218869 0.014443054365868624 0.011137766268379475 -0.8005233593825277 -0.014440639512578039 0.9998956843506724 -0.00029729518170857044 -2.3978058344273334 -0.011140899218033146 0.00013640926276059243 0.9999379289488635 126.10747222032629
0.9998297185599129 0.014048437909720619 0.011965585955163097 -0.7969317529106332 -0.014043762584279399 0.9999012688184719 -0.00047474560568496523 -2.4298250627008673 -0.011971075025662914 0.0003066229220108791 0.9999282970987778 127.44637405292431
0.9998253351939541 0.013402770598454173 0.013025544776054339 -0.7946713878515523 -0.013407614201207448 0.9999100734353259 0.0002845301637948002 -2.458892915964631 -0.013020561041851024 -0.0004591219542220938 0.9999151234938066 128.79306265393765
0.9998171951760713 0.01314469202786723 0.013885001768143066 -0.7848837716765986 -0.013159299694389257 0.9999129507457307 0.0009611425427670844 -2.487057068705703 -0.013871160338490729 -0.001143683762114864 0.9999031367555026 130.14477419568308
0.99983771580628 0.011090582370079233 0.014196514101608416 -0.7711676098288687 -0.011114119668058448 0.9999369878570625 0.001580090234889603 -2.505426913011082 -0.014178096625383895 -0.0017376155990131237 0.9998979759273671 131.47423074732575
0.9998530268057416 0.009681242739515768 0.014149145179600125 -0.758952543954404 -0.009708025598754578 0.9999512099090778 0.0018253936320693585 -2.537218386862817 -0.01413078395586184 -0.0019624856463299157 0.9998982296166025 132.80940590651832
0.9998769435670952 0.007081979463814288 0.013997974134956515 -0.7505279342321574 -0.0071184111825899 0.9999714009734089 0.0025545003190514714 -2.5520316616070007 -0.013979484067405266 -0.0026538293533175097 0.9998987604805404 134.14803687213018
0.9998910459924394 0.006203876760235863 0.013394329025168576 -0.7341476289927167 -0.006236801714786282 0.9999776282084254 0.0024177260448590724 -2.585421032432856 -0.013379031224618056 -0.002501000441301459 0.9999073689674122 135.50247216201953
0.9999105628833364 0.0055033875198562746 0.012189296752274845 -0.7260234213167638 -0.005527609560714828 0.9999828129228799 0.0019543290430558075 -2.613612825058073 -0.012178332851711295 -0.0020215319609104107 0.9999237979024626 136.81899659307302
0.9999313637640238 0.0033940671931867285 0.011213744654453702 -0.7202611882821934 -0.003425413369084576 0.9999902765503386 0.002777292534363117 -2.633360536869582 -0.011204210245479703 -0.002815513671284162 0.9999332670480969 138.17916199323574
0.9999463319970509 0.0024543862647147382 0.010065242976184326 -0.7042458066773798 -0.0024873624323152096 0.9999915763120116 0.003265017141397901 -2.6629946073496575 -0.010057145423894171 -0.0032898778802335255 0.9999440136943711 139.49725144026365
0.9999609688485154 0.0012679344319731101 0.008743747856194401 -0.7050645493192673 -0.0012956481364516867 0.9999941532850785 0.0031645999986743287 -2.685052635825661 -0.008739684964771507 -0.0031758053577580713 0.9999567651457246 140.86273747368114
0.9999709792247394 0.0011242985371183291 0.007535029259498945 -0.7028998244322919 -0.0011444731788448565 0.9999957708521287 0.0026736604945909455 -2.706064220754299 -0.007531992034573826 -0.0026822065893749203 0.9999680369179486 142.1747765930899
0.9999775331772842 0.0014882759667482238 0.006535914561172445 -0.6976085516634868 -0.0015009851574043212 0.9999969916664868 0.0019400267475871993 -2.728162711791304 -0.006533008154385277 -0.0019497935063480965 0.9999767587817523 143.51904436985657
0.9999836843561187 0.0006074102687803314 0.005679971768014914 -0.6931533921382178 -0.0006086339288569583 0.9999997919487491 0.00021370115442474787 -2.7586525916226923 -0.005679841261870461 -0.0002171546914078008 0.9999838459900927 144.89584420515504
0.9999883991405122 -0.0007999967640959001 0.004749904862279889 -0.7016623622478904 0.0008029438380098303 0.999999486329347 -0.000618563695416658 -2.8125093763751616 -0.004749407975253635 0.0006223704431311894 0.999988527820934 146.19630872890252
0.9999344558098506 -0.01091608606591684 0.0034529934241350896 -0.6959181534176238 0.010909449175994346 0.999938617369975 0.0019353037368730042 -2.8253434270036664 -0.003473907703720593 -0.0018975066589096026 0.9999921656841929 147.5590074555726
0.9998144012843093 -0.01917621707717349 0.0018535622553505053 -0.6890987998680761 0.019169698467867546 0.9998102108297802 0.0034734670252163343 -2.846096263047709 -0.0019198185850061095 -0.0034372901761871542 0.9999922496354178 148.87344266732842
0.9997267947492946 -0.023355207779891075 0.0009328096656764614 -0.6666588005158882 0.023355005730453918 0.9997272085324385 0.0002285269995804131 -2.8686359349532204 -0.0009378925760223163 -0.00020667877516462828 0.9999995388199268 150.19250807521234
0.9997500509370014 -0.022330542317240062 0.0010874451117195937 -0.6818343585752473 0.022333888389899637 0.9997455503692209 -0.0031673241758698803 -2.8993122682280514 -0.0010164404319690954 0.003190819464711867 0.9999943927434284 151.57830147222649
0.9998162989175544 -0.019038389874359008 0.002215432298790271 -0.6931701940941797 0.01904972062189983 0.9998049609041649 -0.005210401921401066 -2.9314950681891667 -0.002115802721356895 0.005251648251070448 0.9999839716547873 152.9054307843901
0.999816580754441 -0.018921185383542732 0.002965401081524844 -0.6972912818326376 0.01893720844881654 0.999805704448927 -0.005471332558384566 -2.963145748682218 -0.002861301064550764 0.0055264855548374505 0.9999806352674147 154.2749843480888
0.9997572580729894 -0.0217684679046753 0.003399815349802708 -0.698987565443135 0.021776635572269595 0.9997600192407062 -0.002383708539497683 -2.9928650190888777 -0.0033471100599045327 0.002457166521183126 0.999991379554122 155.60875787688641
0.9995664030495232 -0.02921753779876812 0.0036525848803256097 -0.6994832918847345 0.02921368199924956 0.9995725784343521 0.0011050944756431402 -3.022956198566958 -0.003683312134548535 -0.0009979098512096283 0.9999927186651428 156.94949602481677
0.9994245116949555 -0.03372885433914228 0.0036069091824880843 -0.6887054187333274 0.03372092169381583 0.9994287810182533 0.002238555568868423 -3.0385628879397086 -0.0036803530687965153 -0.0021156390171372754 0.9999909894937598 158.27683663965036
0.999423938221389 -0.03375142099617202 0.003554332041251977 -0.6795124424023122 0.03374418506592522 0.9994283444503645 0.0020770898098920335 -3.076285136256208 -0.003622405222052802 -0.001955955249457009 0.9999915261717769 159.62167545269003
0.9994691562471772 -0.03225059091423754 0.004615743340468546 -0.683154150327697 0.03224039175066383 0.9994775708329218 0.0022677205074390808 -3.097927693421223 -0.004686467659659929 -0.0021177033419258074 0.9999867760867986 160.99425626385107
0.9995136810118423 -0.030625275695143804 0.0058731553610564214 -0.6854711926122932 0.030615045178746025 0.9995295847714056 0.0018243316885791416 -3.11223414699253 -0.005926263697310455 -0.0016436375688741447 0.9999810887453248 162.32685141968915
0.9996102022806859 -0.027076738688988702 0.00680394895665059 -0.6923938327339629 0.02707805632506087 0.9996333170717421 -0.00010133740672868649 -3.141688475513625 -0.006798710750910369 0.00028553565058700295 0.9999768477294764 163.68105118818627
0.9996575998916799 -0.02505006348091133 0.007561567646319512 -0.6924589281423723 0.025057159051840985 0.9996856630845358 -0.000844868904991732 -3.1615131762064275 -0.007538027382699248 0.0010340510706564018 0.9999710540184225 165.02547399928818
0.9997311514806813 -0.021833955261064526 0.0078040481947576346 -0.6889248319332908 0.02183043758883624 0.9997615440014744 0.000535841177820986 -3.19196652149132 -0.007813887463338392 -0.00036533131479750294 0.9999694043764455 166.38187232049404
0.999747169596072 -0.021118922628800815 0.007719326648514823 -0.6883096879983486 0.021118116604443876 0.9997769703854992 0.00018609779627872476 -3.2178943496826484 -0.0077215358459450725 -2.3033082841319075e-05 0.9999701882290667 167.72897964573596
0.9997837977055198 -0.019504413605028872 0.007206643407329445 -0.6845333686115371 0.01951937219940473 0.9998074564296247 -0.0020110121142563695 -3.2420763666229444 -0.007166032808311558 0.0021512465469523913 0.9999720096609093 169.08751036239775
0.9998529559429964 -0.015853478218763442 0.006537104584008658 -0.6968647664824927 0.01588915003288864 0.9998589535370469 -0.005441317262952683 -3.2802250651750056 -0.0064499192922431265 0.005544386311759776 0.9999638285033636 170.51323873040724
0.999936202913347 -0.009281284192399418 0.00643800301824307 -0.6975147917082452 0.009324206243018829 0.9999342881509115 -0.006669223977030929 -3.313678379962849 -0.006375681545712818 0.006728827912821395 0.9999570358537779 171.85152513273846
0.99996869304204 -0.004018936156712723 0.0068162379631950785 -0.6995191212825733 0.004057957030497723 0.9999754040154456 -0.005720519507846743 -3.3526288118783016 -0.006793080486905655 0.0057480005384440164 0.9999604064865494 173.21600715114062
0.9999706145949636 -0.0012686020772486855 0.007560463216475976 -0.707941104477041 0.0012954276919971749 0.9999928798996959 -0.003544293333146034 -3.387686958076723 -0.007555913728678806 0.0035539832932352327 0.9999651380740952 174.60124127660208
0.999971133461438 -0.0011525660789854057 0.007510249250480548 -0.7107527685039516 0.001163290353204574 0.9999983098718035 -0.0014237301130666869 -3.4148872204176905 -0.00750859624978653 0.0014324256506366877 0.9999707841393394 175.99874874405464
0.9999726943177542 -0.0030961174806560677 0.0067100436904017225 -0.7093748389556038 0.0030991434758365632 0.9999951005834032 -0.00044058431324969744 -3.44347023926721 -0.006708647281405383 0.00046136768784429385 0.9999773903368956 177.41386622004958
0.9999689227078297 -0.005950891707020296 0.005171123619274787 -0.7081802526424643 0.005952218385735631 0.9999822563155634 -0.00024112851613338512 -3.464395092231686 -0.005169597371480269 0.00027190069371520176 0.9999866005738973 178.80370454376708
0.9999696454875593 -0.007187078719383341 0.0030089890596229386 -0.7051868877690168 0.00719959038092036 0.9999653963860425 -0.004167963611649474 -3.4955886213262435 -0.002978929709803937 0.004189500674334755 0.9999867869416439 180.14098873154285
0.9999896751296562 -0.004300082140921473 0.0014693316625070236 -0.7175798715995585 0.0043122691504075775 0.9999554708599591 -0.008394082790197167 -3.5405857650188066 -0.0014331711166149863 0.008400332446005868 0.9999636895575769 181.55733410711267
0.9999994644922126 -0.00034486352440808374 0.0009757491506126763 -0.7450217447300487 0.0003540216840587345 0.9999557450431811 -0.009401203260133422 -3.571734612027851 -0.0009724639266275822 0.009401543848429613 0.9999553316454969 182.95575223833268
0.9999935504840516 0.0035344784352125775 0.0006375318588578596 -0.7642333996022047 -0.0035290019510515764 0.9999585236384333 -0.008396258357996273 -3.6023965429363267 -0.0006671818739321569 0.008393954518298424 0.9999645475691485 184.28000881604373
0.999987325861192 0.004953462262122512 0.000900733178098808 -0.7595312999923949 -0.004948593204289995 0.9999735498871234 -0.0053301933627139765 -3.6360664001605034 -0.0009271123482945177 0.005325668546947505 0.9999853887511168 185.7310061176054
0.9999868442431243 0.004933920447423048 0.0014027694283804968 -0.7721392984303674 -0.004929885349661987 0.9999837415803512 -0.0028658009779537145 -3.6684567301925233 -0.0014168863780012878 0.002858847837440434 0.9999949096969524 187.113600163568
0.9999881974967815 0.00458486274859031 0.001607449573921438 -0.7791144738691931 -0.004581206142924864 0.9999869267433882 -0.0022713215594320833 -3.701757073442844 -0.0016178423957948684 0.002263930736716458 0.9999961285930795 188.55626988032668
0.9999929269226768 0.003489032094437435 0.001404548033349438 -0.7766142756530529 -0.003486477515351599 0.9999922709025317 -0.001817310205861955 -3.735699629009853 -0.0014108779520320281 0.00181240046094708 0.999997362309424 189.9635039030922
0.9999984370938285 0.0009608819348261603 0.0014840876894916552 -0.7829824718112915 -0.0009591047461306162 0.9999988227134765 -0.0011977860837626669 -3.7670656865181478 -0.0014852369998578506 0.0011963608402415467 0.9999981813931342 191.31896687175893
0.9999982743688717 -0.0001397205220934946 0.0018524956753526382 -0.7899860313794557 0.0001416581117351448 0.9999994430752682 -0.0010458403428261931 -3.802407805044753 -0.001852348675673688 0.0010461009813635947 0.9999977372346688 192.77548242005605
0.9999889722759473 -0.0041099732512780065 0.0022723237020870366 -0.7929942482562709 0.004110355255627172 0.9999915391096201 -0.00016335014744054283 -3.830805390707594 -0.0022716333032963987 0.00017268841212996505 0.9999974049255244 194.16536128044106
0.9999553497996411 -0.009115900503525528 0.0024897344897619866 -0.7908382063317692 0.009112129942339233 0.9999573256189663 0.001521847298295185 -3.8506395595552334 -0.002503501460136206 -0.0014990925838484369 0.999995742590338 195.6103614507456
0.9999074751324555 -0.01333866419141815 0.002668562439382745 -0.7896124224094978 0.013334317214326092 0.9999097483036932 0.0016404942098665056 -3.877412319562555 -0.0026902038235394844 -0.001604758984517624 0.9999950937623356 197.04426422802644
0.9999260881893866 -0.011790673389675483 0.002966174855183732 -0.7958227713658222 0.011798600634419376 0.9999268316809911 -0.002669137964828972 -3.9077879540205296 -0.002934487140521051 0.0027039374612415684 0.9999920387200361 198.43064907126237
0.9999884673976452 -0.003565311975378455 0.0032177059000358154 -0.8144544602566622 0.003589922526674649 0.9999641003265093 -0.007675318187085427 -3.9457701128268603 -0.003190225757227372 0.007686781142416703 0.9999653673260029 199.86315196436829
0.9999723764161027 0.005705109439035292 0.004764254925996804 -0.8282716865025646 -0.005664744165794806 0.9999483072568868 -0.008443547757293852 -3.9736402710367695 -0.004812180426513962 0.008416326396377861 0.9999530030778679 201.30936437383073
0.999890856153354 0.013419348893352603 0.006180358315507615 -0.8469694569942375 -0.013393014725464919 0.999901136905763 -0.004282943479510153 -4.013528060310824 -0.006237222150358607 0.0041997024702268865 0.9999717293766704 202.75549722917808
0.9998758771180141 0.014048868013799138 0.00713159420951209 -0.8388934208210311 -0.01403191445828143 0.999898614837177 -0.002421871009486783 -4.03956496780138 -0.0071648963260854725 0.0023215005208036587 0.9999716370423491 204.2014041284879
0.9998982850225265 0.012653314065395868 0.006581278569680068 -0.8361664836186838 -0.012641921404638478 0.9999185212881732 -0.0017699263297237429 -4.074435849239993 -0.006603138329487007 0.0016865463242100938 0.9999767767899004 205.63016364278164
0.9999488678728409 0.008625069255119182 0.005279186209308408 -0.8353289354223614 -0.00861596847409656 0.9999613604690115 -0.0017443265885327556 -4.098494925508277 -0.005294027610983716 0.0016987521266402937 0.9999845436340357 207.07812495327883
0.9999633930204262 0.007559148507431124 0.004008975142180158 -0.8282406844392496 -0.0075500657505329334 0.9999689075918656 -0.002276043256688091 -4.136679101996744 -0.004026055785026983 0.0022456919534525545 0.999989373812283 208.53680812788812
0.9999658545938932 0.00744998703385003 0.003575937383456106 -0.8379504030401795 -0.007439922603720769 0.99996834786976 -0.0028197209479211326 -4.162453928200151 -0.0035968313886396396 0.0027930200223066403 0.9999896308654881 209.99943348633488
0.9999497345570524 0.009367634999871505 0.0035743191305654502 -0.8429183393060078 -0.00935691851723261 0.9999517126996799 -0.0030033924169562804 -4.200909867149862 -0.0036022815277077925 0.0029697968915372345 0.9999891018754098 211.4864369897022
0.9999437700049766 0.010062392195453969 0.00334739791129866 -0.8514438571427971 -0.01005442921241028 0.9999466028902071 -0.0023874347545401542 -4.225639692882538 -0.0033712427622209704 0.002353644375176727 0.9999915475022756 212.90541421029647
0.999946865362491 0.009872423258354445 0.0029667645927694197 -0.8650698195787081 -0.009865051665829834 0.9999482405317366 -0.0024893846080606147 -4.265978109064085 -0.002991187548527773 0.002459985092881834 0.9999925006050632 214.35228910792242
0.9999452849161737 0.010105960759034062 0.0027012425845163025 -0.8646914022343146 -0.010096929402842455 0.9999434578623349 -0.003336632774435727 -4.297704844643794 -0.002734809964825339 0.003309176014325574 0.9999907850399375 215.81991611720287
0.9999499486608409 0.00975267601070601 0.0022328154360093592 -0.8728063401501982 -0.009744067733252978 0.9999451730839938 -0.003834578507029605 -4.334101607541584 -0.0022700906150124236 0.003812629945918853 0.9999901552206603 217.26961659209965
0.9999531432634298 0.009517016235398738 0.001771344305665287 -0.8712876442353046 -0.009510297907413558 0.9999476931372134 -0.0037636743880168464 -4.368680709265368 -0.00180707075883117 0.0037466520905003304 0.9999913485079137 218.75396723233607
0.999937563155173 0.011053110190449078 0.0016427181110962167 -0.8852363696107157 -0.011045898257511668 0.999929587919449 -0.004336745449754982 -4.409201734720225 -0.0016905371163048158 0.004318329457953218 0.9999892469983864 220.24375126054053
0.999954965882862 0.009359722756144306 0.0015690052312408822 -0.8898476380588316 -0.009352807164840493 0.9999467612028243 -0.004358873625688105 -4.4380435020452875 -0.0016097196881297317 0.004344002804053992 0.999989269162282 221.75126965441967
