1.0 -3.469446951953614e-18 0.0 -1.7787691892340307e-19 0.0 0.9999999999999999 -3.5575383784680614e-19 0.0 2.168404344971009e-19 -2.371692252312041e-19 1.0 0.0
0.9999999398638733 -7.08535559765227e-05 -0.00033948727388392647 0.05569069961672338 7.123806521749064e-05 0.9999993559314045 0.0011327230995349811 -0.026761272848715878 0.0003394068273799933 -0.0011327472383819146 0.9999993008434594 1.3159701006825606
0.9999991075624272 -0.0005587901877283866 0.0012135198795759842 0.11108300046058615 0.0005566348298350308 0.9999982684086526 0.0017757635472657302 -0.04833477912174309 -0.0012145101586562628 -0.0017750865086460634 0.9999976870130872 2.5650198957187875
0.9999986934588233 -0.0014814850209178849 -0.0006467488093017618 0.02007745766466832 0.0014823621189359957 0.9999979796941171 0.001357647872479245 -0.07869905384479507 0.0006447362233757855 -0.0013586048407598253 0.9999988692540271 3.929348686225581
0.9999979816516493 -0.002002538559342704 -0.00016289473216100588 0.018460029275667193 0.0020027445967772724 0.9999971831401544 0.0012738613098799488 -0.09329795431637354 0.00016034333164043806 -0.0012741849990398999 0.9999991753711881 5.251656387054948
0.9999973109953698 -0.002314315951173703 -0.00014814485576740118 0.012176835545710701 0.0023145411502853586 0.9999961396376739 0.0015374021415008674 -0.10871487437961494 0.00014458626320264993 -0.0015377409234385232 0.9999988072233601 6.560260140826065
0.9999941910287719 -0.003403700563003863 -0.00018093009160873638 0.00976388299546506 0.00340411393494138 0.999991481156634 0.0023344415347268735 -0.14885416637287344 0.000172982827078428 -0.002335043924227324 0.9999972588199951 7.902537146174891
0.9999932559604237 -0.0036723312498426752 -4.4965493271209795e-05 -0.009260634829333994 0.0036724372194737454 0.9999897855634684 0.00263476147241536 -0.16279876972117352 3.528932245994089e-05 -0.002634908885581438 0.9999965279991604 9.217878364273904
0.9999943308413598 -0.003315226912317887 -0.0005895416963916207 -0.011518792830251983 0.003316358738735113 0.9999926403916862 0.0019289691990273191 -0.18964751786809333 0.0005831424380722777 -0.0019309134311458755 0.9999979657576691 10.550745104364097
0.9999997377464889 -0.0006671581661791409 -0.00028179345868461136 -0.03158444274751441 0.0006670400832311553 0.9999996897145038 -0.0004190792514457736 -0.2097411617209585 0.0002820729869347802 0.00041889118254605066 0.9999998724826882 11.86624583971298
0.9999971180507796 0.002336496534828137 -0.0005519683419699323 -0.02191491110344028 -0.002337299726996896 0.9999962045662746 -0.0014587279903305666 -0.24432478708003108 0.0005485579791288779 0.0014600139283464724 0.9999987837213511 13.214758132787678
0.9999869959989235 0.005087241898621232 -0.00035748062808352516 -0.04997005534220736 -0.005087832557016277 0.9999856618993611 -0.0016703190441646632 -0.25464232668444425 0.00034897821326073135 0.0016721161536891451 0.99999854112001 14.560097581730835
0.9999829923303861 0.005832241262314021 -3.5863777236876983e-07 -0.06718950636971502 -0.005832240207492612 0.9999826995269385 -0.0007652664719369714 -0.2878990905403055 -4.1045884772543395e-06 0.0007652555588191396 0.999999707183449 15.908992854255084
0.9999920171738544 0.0039874315098996065 0.00025684895850175047 -0.06259498660412052 -0.0039879247676818585 0.9999901500718696 0.0019483897088039012 -0.315781109972433 -0.0002490773777669513 -0.0019493984907433264 0.9999980689011081 17.249035511975837
0.9999997466076764 -0.0005767629451001177 0.00041728962290583666 -0.07621689276616496 0.0005751708249535532 0.9999925932952112 0.0038055921391199447 -0.34140223200502806 -0.00041948148901430646 -0.0038053512362145477 0.9999926716418569 18.608408751007122
0.9999964744491614 -0.002655051163531678 -4.238355286973611e-05 -0.0654986022237862 0.0026551247990761768 0.999994783875436 0.0018391655849822597 -0.380436452505612 3.7500257912028746e-05 -0.0018392716687821431 0.9999983078354843 19.953217828902734
0.9999945131823242 -0.0033041912507504115 0.0002364961992407785 -0.0735383577901292 0.0033042919534790292 0.9999944501630572 -0.0004257853362632189 -0.3841467912150627 -0.00023508803052930917 0.0004265644636729753 0.9999998813879765 21.298980088555556
0.9999992646174053 -0.0011155404757463485 0.00047574839957930087 -0.08244508179718027 0.0011163709032145277 0.9999978478972488 -0.0017486895990121998 -0.43864250142599076 -0.0004737966830809892 0.0017492194604428798 0.9999983578722023 22.651463262333564
0.9999989891837854 0.0008014870625295198 0.001174414846454986 -0.09163783485198286 -0.0008007777390195763 0.9999994967460712 -0.0006043707772836619 -0.43448379726542785 -0.0011748987506184565 0.0006034297333463069 0.9999991277414833 24.021587000711197
0.9999973757072308 0.001089318333737664 0.002015431743295071 -0.10761680107158625 -0.0010967128751459953 0.9999926587479617 0.0036714673015924987 -0.45573175231040053 -0.0020114177179295966 -0.003673668088132955 0.9999912291413131 25.41742867045901
0.9999976577343843 -0.0004946569559331291 0.002107093704953247 -0.09078964068591057 0.0004850081529623341 0.9999894066333455 0.004577268440824682 -0.48436619067887127 -0.0021093357359175248 -0.004576235850120768 0.999987304302589 26.78573951154158
0.9999877398347642 -0.004511140052036698 0.002042009889685545 -0.10363698699011856 0.004503258675712839 0.9999824564591189 0.00384804216266111 -0.516882901893447 -0.002059333293323546 -0.0038387993568089907 0.9999905113369258 28.155379020804773
0.9999870576493898 -0.004699141754747773 0.001950028042693951 -0.11217453465468455 0.004696539498281865 0.9999880773090591 0.0013370677063942859 -0.5278109291833258 -0.0019562880277167885 -0.0013278920388531848 0.9999972048148054 29.508971712299765
0.9999852905694028 -0.004712640824437007 0.0026850830566141296 -0.11607563204719706 0.00471453728999697 0.9999886412970816 -0.0007002919425598806 -0.5732222908452005 -0.0026817525600388633 0.0007129405857029109 0.9999961499502616 30.901275462966108
0.9999922121524408 -0.002315245907634966 0.0031961349012542307 -0.13176726525453852 0.002321369969706206 0.9999954745635456 -0.0019136589673896395 -0.5760530751666388 -0.0031916901173852244 0.001921063517917631 0.999993061288403 32.2848625122928
0.9999926554303517 -0.0009162961629747592 0.0037214906503834884 -0.13244951957647677 0.0009303103828901434 0.9999924767757804 -0.003765755328943783 -0.6252366819662935 -0.0037180124228276138 0.0037691898905001637 0.9999859846950166 33.66849055807909
0.999992147739316 -0.00027630740249547266 0.003953241594784127 -0.14605607190932585 0.00029125659395917193 0.9999928079817902 -0.0037814222257781245 -0.6374029971199944 -0.003952168665099427 0.003782544018727691 0.9999850362473696 35.06051273249435
0.9999941711360065 -0.000574938814253332 0.0033655823391713193 -0.1419112817541728 0.0005825236719008819 0.999997292106249 -0.0022530968947300327 -0.6792519880406753 -0.0033642781187808884 0.002255044340741265 0.999991798168052 36.45248488728769
0.99999455240505 0.000575088390559259 0.003250297939160562 -0.15360156343330156 -0.0005717988948779791 0.9999993235298987 -0.001012910083721879 -0.6991512994446869 -0.003250878528847957 0.001011046071161172 0.9999942047684262 37.8533059611562
0.9999919650118695 0.002897938208443641 0.0027698130209790036 -0.1492523842031468 -0.0028957668736110586 0.9999954970354805 -0.000787685425423262 -0.7253571983792968 -0.0027720834473901616 0.0007796583789918048 0.9999958538326486 39.25351720141001
0.9999809652075099 0.005187594664176502 0.0033403709734401133 -0.1665194828950548 -0.005185494397634707 0.9999863522193425 -0.0006372073209416634 -0.7578024970842254 -0.0033436312414960243 0.000619873727829885 0.9999942179245012 40.65187589758376
0.9999643985174903 0.007760252624448489 0.0033136331072511215 -0.17617935125368905 -0.007759223079286388 0.9999698444255283 -0.00032359444483431475 -0.7857792876401765 -0.003316044638356797 0.0002978717085366466 0.999994457542749 42.07384051802121
0.9999528261378133 0.009184059417540733 0.003162046045749249 -0.18723648829362996 -0.009183082155034722 0.9999577822523428 -0.000323628746421797 -0.8172203922116404 -0.003164885045209455 0.00029457615233527624 0.9999949483489927 43.46413789426425
0.9999638008523828 0.008097096134797878 0.002614192999086668 -0.1912925513017698 -0.008095881039749227 0.9999671148891306 -0.0004752557065726788 -0.8419542160121459 -0.002617955444334333 0.00045407431206443127 0.9999964700549326 44.88935959803643
0.9999677207376275 0.007837234853801226 0.0017706547799972796 -0.18498551634940863 -0.007835572912422945 0.9999688559632588 -0.0009438842708757827 -0.8789371580467279 -0.0017779972288832807 0.0009299797221305012 0.9999979869284783 46.28912049684296
0.9999725984819336 0.007343950918967453 0.000932017218278635 -0.1981090374443509 -0.007343470399072094 0.9999729019625666 -0.0005184578836356776 -0.9097731774972957 -0.0009357995716664745 0.0005115994414692889 0.9999994312717136 47.717315978914044
0.9999724565132786 0.007420139349165375 -0.00016652608536893952 -0.20039443539813978 -0.007420129243820337 0.9999724684155323 6.409825405877018e-05 -0.936146218468603 0.00016699713230276152 -6.286085055111794e-05 0.9999999840803688 49.120497004581445
0.9999660087322032 0.008156589675610882 -0.0012047429184620486 -0.2102464876878212 -0.008156362722021627 0.99996671758518 0.0001936146251343625 -0.9629978481763654 0.0012062821583255301 -0.00018378173454888729 0.9999992555545352 50.54811186970635
0.9999650914863359 0.00808186929340285 -0.0021211262190868048 -0.22890259133571267 -0.008081077106992535 0.9999672745976379 0.00038202602891302404 -0.987348753210181 0.0021241444680934747 -0.00036487172353170315 0.9999976774385985 51.98693789703876
0.9999563878540833 0.008662141128216883 -0.0034913715869139324 -0.23242042909757532 -0.008657970395861888 0.9999617893104583 0.0012080920455383992 -1.020090191355881 0.003501703139316319 -0.0011778111989090535 0.99999317539796 53.405338351117216
0.9999649375674367 0.007320266404205851 -0.004066609462199402 -0.25396083146234727 -0.007311501521650568 0.9999709244618946 0.0021661466424008216 -1.0488208745537921 0.004082348340088489 -0.002136337721793563 0.9999893851942733 54.85509144986721
0.9999782430452699 0.004624082708707655 -0.004704389143799356 -0.2564619452523353 -0.004612009478036094 0.9999860517030241 0.002574058344034891 -1.0633988284215787 0.004716226584592412 -0.0025523057107274816 0.9999856213726055 56.25600192311922
0.9999823493009878 0.0032071910188534716 -0.0050014994341063355 -0.28109805619841366 -0.003197394402823098 0.9999929566305675 0.0019655441494486913 -1.0965845646725327 0.005007768506810912 -0.0019495177348784682 0.999985560718416 57.68545276205807
0.9999851115942966 0.001811880181579093 -0.005147199886253278 -0.29052573619391975 -0.0018011332652015837 0.9999961901273277 0.0020918060514844906 -1.1205515373250607 0.005150970814876412 -0.002082504161512952 0.9999845652241814 59.137349545729556
0.9999883313890117 0.0010813975402751055 -0.004708253844301945 -0.30418575423245386 -0.001068860003305445 0.9999958787114613 0.0026646012262077135 -1.153000545287554 0.004711116333658038 -0.0026595377268723523 0.9999853660187126 60.53149787436142
0.999991119895318 -0.0002929800999624428 -0.004204079650652795 -0.3195420225255307 0.00030825780388168793 0.9999933501222525 0.0036338254161769785 -1.181478174185078 0.004202987413663411 -0.0036350891626288433 0.9999845603969519 61.99063592049456
0.9999884725978286 -0.002893712151410424 -0.0038315921630665715 -0.33147930474539755 0.0029058303827890573 0.9999907824377621 0.0031608835009796386 -1.1995825559030102 0.003822410483932562 -0.0031719810845395524 0.9999876637848216 63.391280947193316
0.9999864990326036 -0.0037803508492829808 -0.0035652066790300098 -0.3369408395277379 0.0037878498281341474 0.9999906233438723 0.002098907434765437 -1.2310602636429069 0.0035572389454031823 -0.0021123836066257746 0.9999914419101223 64.81073665646194
0.9999893991921817 -0.003675958233015376 -0.002772874778760543 -0.34855099571276227 0.0036815048313035507 0.9999912276690136 0.0019977741978016487 -1.263006676316874 0.002765506955268892 -0.0020079614106883453 0.9999941600166944 66.26477354933749
0.9999962389621581 -0.0019128129351836335 -0.0019655044525026676 -0.366749337506288 0.001916450894266196 0.9999964511918035 0.0018506259956494614 -1.2934802941436352 0.0019619577434013998 -0.0018543858648220465 0.9999963559826262 67.62174327027542
0.999998782085395 0.0007220825907962233 -0.0013836260221930614 -0.3843768272511475 -0.0007178877475960965 0.9999951521327725 0.00302990903212022 -1.3188240973199332 0.0013858072786464152 -0.0030289121151603603 0.9999944526008462 69.08805872032289
0.9999908471248641 0.004244096892207859 -0.0005415709907969528 -0.39998310204667964 -0.004241841430646816 0.9999825963179492 0.004100469442349281 -1.3453943937096484 0.0005589644053702828 -0.004098134737475534 0.9999914463895367 70.45600585471543
0.9999695543720675 0.007791838924526761 0.000421377642346159 -0.41881158946041075 -0.007793822510526833 0.9999574779783761 0.0049293591080333925 -1.3732941361902002 -0.00038295098120707453 -0.004932493276027893 0.9999877618547124 71.8990467414642
0.9999275172166306 0.012010197555475728 0.0008458368663153066 -0.42773528608442435 -0.012013747977031348 0.999918480454589 0.00432461938216449 -1.3904287214947173 -0.0007938284452675066 -0.004334467686640968 0.9999902910658989 73.2644502398596
0.9998760675979987 0.01566715435873669 0.0015458589271656314 -0.4406620882816242 -0.01567288817398471 0.9998700698765511 0.0037688170409695787 -1.4178150559841671 -0.0014866115587081207 -0.0037925781220629097 0.9999917031335603 74.6646393623954
0.9998404311476768 0.017691815647085496 0.0024722167640833063 -0.4589002645786291 -0.017700899808487033 0.9998364741820798 0.0037017684089089213 -1.4452529423621812 -0.0024063216899432778 -0.0037449382686268323 0.999990092476351 76.10515100816876
0.9998396832929213 0.017698296344801336 0.0027162425580985507 -0.46042841156771286 -0.017709408058606456 0.9998346777934992 0.004122377459556066 -1.470160696478007 -0.0026428346659913603 -0.004169819715019237 0.9999878139387018 77.474143456937
0.9998540191897681 0.016850245191506352 0.002830106867999329 -0.4670246700180653 -0.016861652658450778 0.999849605228855 0.004056061909407282 -1.5022098245893558 -0.0027613358280916865 -0.004103190172733239 0.9999877693512731 78.88698350000134
0.999869066012738 0.0159920727579452 0.002470708478383382 -0.46987521782793906 -0.015999073954725454 0.9998679734294307 0.002839962099025808 -1.5262124400952102 -0.002424965602270632 -0.0028791193661559114 0.9999929150803161 80.2514615425945
0.9998757755329313 0.015594657191105414 0.002289133336555542 -0.4793269685114273 -0.015601304205663902 0.9998740439435209 0.0029147205082293375 -1.5604796070613935 -0.0022433911273618155 -0.002950071962445201 0.9999931321110239 81.63984182371854
0.9998889481596681 0.014810030005822077 0.0016596154285068402 -0.48023201986199704 -0.014815217723393146 0.9998852621716077 0.003157824165564002 -1.5769613610133815 -0.0016126576718051022 -0.0031820611200403565 0.9999936368900723 83.04669503152627
0.9998916984128593 0.014652315348769032 0.0013787908325169041 -0.49368060356234333 -0.014655984392521259 0.9998889796202595 0.0026889761331852593 -1.6106400547973159 -0.0013392381442488312 -0.002708892513250769 0.9999954341601517 84.42040650095736
0.9998949884587734 0.014473155988488643 0.0007346936189111726 -0.5033813713573319 -0.014475151154702206 0.9998913488167951 0.0027857847943436767 -1.6306318655579988 -0.000694294752999878 -0.0027961271216085186 0.9999958498050989 85.80112696830422
0.9999022413044907 0.013976527883141111 -0.00040554475863045737 -0.5129271654042884 -0.013975002239660937 0.9998960423778672 0.0035501808506963276 -1.6623582088088522 0.00045512184128320365 -0.003544166381669099 0.9999936158547273 87.16380302873279
0.9999285964422728 0.011848255441024205 -0.0015559013555024738 -0.520013942625628 -0.01184099247402604 0.9999193234496352 0.004597555490437923 -1.6856021961420227 0.0016102489816542415 -0.004578803893010854 0.9999882207590522 88.52931905776875
0.9999513459903295 0.009534074811794134 -0.0025312138968227402 -0.5260371540760225 -0.009520979475978774 0.9999414825808962 0.005136378472885365 -1.711378548023716 0.0025800366149158187 -0.0051120290420743975 0.9999836051535439 89.89059837961884
0.9999549658782764 0.008807878499713723 -0.0035337608700239387 -0.5341917792898525 -0.008789285736483994 0.9999476278223429 0.005243098959626256 -1.7376781289155638 0.0035797566840550165 -0.00521180371963974 0.9999800110261728 91.24349839430883
0.9999621026412268 0.007819305835653436 -0.0038277557135574796 -0.5573291798603774 -0.007800874547091066 0.9999580197551259 0.0048067763817610624 -1.7632541546370921 0.003865181008061441 -0.004776734478794622 0.9999811214176995 92.6249180029581
0.9999687510523911 0.006722032776090435 -0.004160669703340265 -0.5628603918928639 -0.0067035096421199265 0.9999676292152763 0.004450111553881303 -1.791826595194667 0.004190449172201435 -0.004422081498819403 0.9999814424977427 93.94811450587784
0.9999705222762469 0.006274467700029788 -0.004425563519053527 -0.5874805571085949 -0.006257351176122359 0.9999729299470889 0.003871038769903269 -1.8101752401481588 0.00444973280529448 -0.0038432324395748993 0.9999827145764577 95.36692644957523
0.9999737184968132 0.005756703455692446 -0.004407114824627605 -0.5904484376487318 -0.005742272260833125 0.9999781327834513 0.003280285811109423 -1.8335442173050938 0.00442590246225151 -0.0032548928192217895 0.9999849084207393 96.71415764509231
0.9999676087215726 0.006955389971239873 -0.004050189621411118 -0.6125016936976068 -0.006945134126304497 0.9999726541488634 0.00254088181070863 -1.862848197759762 0.0040677520347422915 -0.002512670456300896 0.9999885698790109 98.05841940458745
0.9999570194111983 0.008461451835907515 -0.0037898730425684245 -0.6347032408655077 -0.008451791552204246 0.9999610113817041 0.0025579198410280845 -1.8847008385327104 0.0038113693197906395 -0.0025257787425258553 0.9999895469019654 99.40787336555744
0.9999557698021222 0.008597947680671441 -0.003812310228939981 -0.6378333279559244 -0.008582440689003316 0.9999549051942594 0.004065625114382392 -1.9148473832020263 0.003847094673407763 -0.004032726453749886 0.9999844683733617 100.72414291751058
0.9999542752286852 0.008832934894742024 -0.0036642443762106482 -0.6624373341746306 -0.008813223572678724 0.9999467907159525 0.00536123541150986 -1.9370140295692442 0.0037114051651394126 -0.0053286965801457266 0.9999789150140194 102.09945738754274
0.9999559462766014 0.008747932032865106 -0.0034028173378648618 -0.6768323638214035 -0.008733289518621738 0.9999526421879918 0.004294537645848662 -1.9598781284246978 0.0034402248049488554 -0.004264630760037958 0.9999849887798309 103.43552652180514
0.9999556266824954 0.008808330949673464 -0.003340351251426046 -0.6876071465778482 -0.008802475907959118 0.9999597021557444 0.0017636613925176904 -1.9840685250722594 0.00335575184013313 -0.0017341798152527201 0.9999928657527257 104.76317214314669
0.9999632894732156 0.00783434581459752 -0.0034702605822201664 -0.7032964343735278 -0.007832561736117814 0.9999691858707095 0.0005275437040046619 -2.0077691968163616 0.0034742869024780307 -0.000500343326035242 0.9999938394777693 106.09257887596529
0.9999753599216017 0.006273105083245254 -0.003150822727098041 -0.7143464206418048 -0.006267791666827621 0.9999789231400968 0.0016935393818153608 -2.042084323944034 0.003161380336268227 -0.0016737489928049468 0.9999936021018602 107.43159276767163
0.999992234648518 0.0029457613767914304 -0.002617846945682077 -0.722087382168445 -0.0029365423866076707 0.9999894981833651 0.0035185574311031803 -2.0575583809207028 0.0026281845088759115 -0.0035108427633417953 0.9999903832710687 108.7666226299811
0.9999966054121489 0.001894103097157115 -0.0017892823452152998 -0.7375172981013421 -0.001886458257000398 0.9999891267107859 0.004264708407141185 -2.0892504234656313 0.0017973408424576812 -0.004261318610661305 0.9999893053095945 110.10334770272408
0.9999984697641057 0.0013343439474431725 -0.0011313671153715043 -0.7482922817926145 -0.0013308380725172804 0.9999943280647461 0.0030939796426234377 -2.1145708621694452 0.0011354892297217043 -0.0030924693045706023 0.999994573635412 111.42808706833175
0.9999965446701627 0.0025937237205131422 -0.0004280650290963556 -0.7615327848587824 -0.0025934441236749777 0.9999964239314749 0.0006528218718781197 -2.137259824722611 0.0004297567745563081 -0.0006517094686096321 0.9999996952922805 112.7477210007658
0.9999833626910456 0.005730459226641987 0.0006604299206224339 -0.7634191534410398 -0.0057295344258648 0.9999826139732338 -0.0013943450558332562 -2.1759904899236395 -0.0006684087338530913 0.0013905379252801824 0.9999988098157463 114.09414036722809
0.9999632741251931 0.00831856646685184 0.0020619984321353056 -0.7817732021700443 -0.008314841705887694 0.9999637953912378 -0.0018086824959728978 -2.192472940312064 -0.002076969601363754 0.0017914709105933521 0.9999962384060568 115.40714010557588
0.9999501258322598 0.00933412993012686 0.003552442825326266 -0.7918658939471266 -0.00933396113956477 0.9999564355814851 -6.42608854835699e-05 -2.2215741596006477 -0.0035528881855447494 3.109931359855304e-05 0.9999936879870772 116.76257085781161
0.9999502953951661 0.008927981222008446 0.004438228909224033 -0.7987792357668799 -0.00893873026671883 0.9999571496909551 0.002407883388308624 -2.245463908648361 -0.004416541563885093 -0.0024474358879792843 0.9999872520254972 118.08362304822607
0.9999493725499254 0.008514700130209434 0.0053621083467638945 -0.7985291974073397 -0.008532322957106455 0.9999582452572328 0.0032721896244999106 -2.273646966742199 -0.005334023188507932 -0.0033177752696005986 0.9999802700847443 119.432093120314
0.9999341481446479 0.00953596251494661 0.006384730069656765 -0.7966966115178582 -0.009550313058646006 0.9999519285628068 0.002220834308980678 -2.299731011078153 -0.006363245890284623 -0.0022816642809763534 0.9999771512909255 120.76694485826708
0.9999089224695473 0.010988051355088508 0.007836419737265803 -0.7953163600930931 -0.011004569240266297 0.9999373099836409 0.00206774850337722 -2.32237791365175 -0.007813208604464604 -0.0021537966460515624 0.9999671569230968 122.07849211309683
0.9998835760967871 0.012392278164818585 0.008903127011717927 -0.7999950515922085 -0.012405481413563117 0.9999220276751725 0.0014292063425008087 -2.3443304938911185 -0.008884722442012844 -0.0015394875579893264 0.9999593450128295 123.44282302882387
0.9998627622323222 0.013111117551108657 0.01012695769009881 -0.8022616567752491 -0.013118166687039171 0.9999137547752271 0.0006298781397325952 -2.3710993821198936 -0.010117826737260955 -0.000762638832512397 0.999948522653735 124.77297627512822
0.9998379931352163 0.014096647928584841 0.01119249620206484 -0.7956144295104273 -0.014094672227558593 0.9999006325569764 -0.0002554658565984496 -2.3954396156389786 -0.011194986191595991 9.766990423959614e-05 0.9999373294052977 126.10255562860624
0.9998392294853601 0.013312839731685344 0.012011804753113392 -0.7907171804433014 -0.013309132905389955 0.99991135408974 -0.00038855749034492334 -2.427168598917732 -0.012015913775800986 0.00022862831995502133 0.9999277801616485 127.4440005694173
0.9998296127263477 0.013035751491168859 0.013069608711409364 -0.7896046233335807 -0.013040308634226897 0.9999149368692615 0.00026345523810386345 -2.4560184071082247 -0.013065063737127278 -0.00043384208790892025 0.9999145542920467 128.79019004409255
0.9998265539000057 0.012375647439914046 0.013917810234875821 -0.7785905790921761 -0.012391396897374297 0.9999226767359254 0.001045878638270624 -2.4844109673019563 -0.013903791813836915 -0.0012181583674312228 0.9999025955854923 130.1356930554742
0.999841812713703 0.010663383153939492 0.014235230557214144 -0.7662515933863946 -0.010687972356144763 0.999941516812267 0.001652339731607028 -2.5057437866383228 -0.01421677970453759 -0.0018042241353003641 0.9998973087000893 131.46088901287274
0.9998609047185186 0.008795695357209442 0.014170636684048301 -0.7517843201303569 -0.008822909027905671 0.9999593493532248 0.0018590149054287942 -2.5321672527274406 -0.014153710504784619 -0.0019837825978700346 0.9998978633246047 132.8015697713629
0.9998788932058619 0.006739168890987051 0.014027919125967899 -0.7438457067553417 -0.006776490953786017 0.9999736209312462 0.0026146941492878415 -2.5502718897336294 -0.01400992939924403 -0.0027094376062752014 0.9998981852277119 134.1396844379865
0.9998930893246082 0.005781908163031823 0.013430541784268267 -0.7280490663679536 -0.005815957494901674 0.9999799683318606 0.002497515686219729 -2.584298182520768 -0.013415833473811126 -0.002575360179545674 0.9999066871099723 135.49841881597536
0.9999127621740765 0.004980615617949831 0.012233621942723835 -0.7186823988447394 -0.005006045720017828 0.9999853705786684 0.0020489373558363923 -2.612302158163167 -0.012223239034094315 -0.002110000717212343 0.9999230672000374 136.81945872259348
0.9999329990069065 0.002989866465224974 0.011182942219220825 -0.7130975321937637 -0.003023153207449369 0.9999910469853971 0.002960827360576335 -2.6344610993119257 -0.011173990561800367 -0.002994436782053072 0.9999330853998444 138.18548212837945
0.9999470228006482 0.0020438907447571314 0.010088315319694528 -0.6993169075044894 -0.002078307286107693 0.9999920527792611 0.003402208122347954 -2.6611923308615917 -0.01008128225323976 -0.003422994562947285 0.9999433238189767 139.50416263477297
0.9999611344279786 0.0009131346746529224 0.00876902639767841 -0.699407916964408 -0.0009410015249006979 0.9999945192610826 0.0031742660384573218 -2.6812346686944712 -0.00876608054282943 -0.003182394392291007 0.9999565131501992 140.86323151561345
0.9999710620674698 0.0007724891260563497 0.007568242441805983 -0.6977847440990881 -0.0007927027392907173 0.9999961261472364 0.002668204211484092 -2.70264383390696 -0.007566152602090173 -0.002674126412824433 0.9999678006698276 142.17890315940534
0.9999781398804806 0.0009079491009162232 0.00654945757109425 -0.6930712724846979 -0.0009208160008130932 0.9999976516817699 0.0019618180465893194 -2.723666179657136 -0.00654766151174405 -0.0019678060404907083 0.9999766276578834 143.52639719534
0.9999836621488539 -0.00032899144330703935 0.005706768482380871 -0.6871230045621697 0.00032761503563398 0.9999999170215426 0.00024212545505646768 -2.7521547305389715 -0.005706848148101747 -0.00024025187592545768 0.99998368694559 144.89524613958895
0.9999826334705847 -0.003594595882314351 0.004670294209119101 -0.6960235338723442 0.0035982302256976073 0.9999932299220363 -0.0007699638997513177 -2.8013633883608327 -0.004667495276632881 0.000786755343993947 0.9999887976864926 146.197332227859
0.9999075245245891 -0.013160774105122262 0.003425848583250489 -0.689814422131608 0.013154359923674221 0.9999116945037763 0.0018883853165486985 -2.814148539490975 -0.003450398963698996 -0.0018431458653600436 0.9999923487488985 147.55941087519375
0.9997805077992477 -0.020870451348250045 0.0018331648755792662 -0.6806209115276325 0.020864071307576327 0.9997764246704814 0.003433830987872609 -2.838552246334652 -0.0019044207843134894 -0.003394830055466444 0.9999924241255211 148.86665457212231
0.9996645319007492 -0.025883575538950362 0.000929611223978038 -0.6644126633062237 0.025883061073852597 0.9996648189006628 0.00056303018737788 -2.856830823534006 -0.0009438729475735486 -0.0005387801146828434 0.9999994094091028 150.1795558674885
0.9997047637395254 -0.02427019818286584 0.0011588095819441003 -0.6726231296762731 0.024273704215217504 0.9997005049854221 -0.003112493271364526 -2.888895211867944 -0.0010829217879218102 0.0031397030328494703 0.9999944847565327 151.56487230276372
0.9997853860518611 -0.020600605784579073 0.002190179767522906 -0.6858270073084292 0.020611576332530405 0.9997745016927178 -0.005109665367817707 -2.9241490718050698 -0.002084423862558902 0.005153711938851477 0.9999845470943203 152.88959636699067
0.9997798843054879 -0.020764056365534203 0.0030061455469517127 -0.6886532778982963 0.02077980804482358 0.9997699936371082 -0.005306542625686689 -2.9547630597804115 -0.002895269011646013 0.005367841823828692 0.9999814016708752 154.26487040799657
0.9997056367883523 -0.024021151809123925 0.0034094054171983834 -0.6916429577390721 0.024029050999608927 0.9997086271371642 -0.0022946751456576022 -2.981643720279255 -0.003353291552426512 0.00237592452228931 0.9999915551713662 155.59157220687945
0.9995088416679289 -0.031128040454266016 0.003622225477860303 -0.6907808293491098 0.031123993931370247 0.9995148478202919 0.001168760262009129 -3.01058566776334 -0.0036568496696930686 -0.0010554480859042762 0.9999927567115273 156.9306294131471
0.9993489687920334 -0.03589618210386371 0.0036197602134673368 -0.6798513640982771 0.035887308104656616 0.999352745912846 0.002488047069480636 -3.0288301160413322 -0.003706729007979465 -0.0023565238391361956 0.9999903534291498 158.2638309025264
0.9993573205446505 -0.03566923739789654 0.003556874643800132 -0.6695891487004352 0.03566140828340959 0.999361416095697 0.0022414286900276983 -3.0656459806188354 -0.003634553635493468 -0.002113145022397934 0.9999911622778959 159.6136866433975
0.9994047089979692 -0.034187715632690435 0.004629008281294355 -0.674352253152737 0.03417689982679291 0.999412926302848 0.002396304820835889 -3.0849874215861846 -0.0047082152933806114 -0.0022366731839276116 0.9999864149061564 160.97313488396895
0.999457709121978 -0.03240597073730077 0.005843006757437933 -0.6792600126440789 0.03239447612178773 0.9994730554995032 0.0020516486855783303 -3.1010551508783673 -0.005906413979465076 -0.0018612549594301511 0.9999808248151988 162.30408804919787
0.9995908090901303 -0.02776432852609856 0.00688160197978444 -0.6833622005709261 0.02776569925507234 0.9996144533007341 -0.00010345020359934387 -3.136571154235247 -0.0068760771545694575 0.00029448039631197305 0.9999763161383838 163.6782731974565
0.9996496304744769 -0.025359472726701665 0.0075837617068006576 -0.6835184978877251 0.025366508240972058 0.9996778715268716 -0.000832730241507196 -3.159944439465361 -0.0075602017991456445 0.0010248120777872076 0.9999708961275376 165.0084813451315
0.9997130845426434 -0.022636005940193583 0.007833252183224235 -0.6833697322741188 0.022632026005588054 0.9997436849126837 0.0005965504083112402 -3.1862643254743994 -0.007844748581971569 -0.00041909686622034994 0.9999691416592545 166.36817880788232
0.9997255613322845 -0.02210807621768368 0.007748225339525601 -0.6797066902767728 0.022106765109486406 0.9997555830802057 0.0002550137686498168 -3.2120999222839357 -0.007751970059343448 -8.365556384356099e-05 0.999969949526067 167.71692721330749
0.9997622604132445 -0.020565529699267757 0.007244422290277096 -0.6772807191447767 0.02058042361344229 0.9997862257293688 -0.0019872090479972756 -3.2363088521818084 -0.00720200622130548 0.002135829952997679 0.9999717842669273 169.0818352444793
0.9998412104415128 -0.01656961528226097 0.006557573319543985 -0.6868941033308553 0.016605488579696456 0.9998472428393758 -0.0054542393040513315 -3.2735952459798585 -0.006466197506094158 0.005562265064238586 0.9999636240837547 170.4954826820593
0.9999281184061493 -0.010079073565670678 0.006493867337956478 -0.6878510710353436 0.01012170769991752 0.9999272158944832 -0.006566120380147419 -3.3116339327474034 -0.0064272148251198645 0.0066313775676326014 0.9999573569582042 171.83569650676864
0.9999580018149097 -0.006143696734123171 0.006800706642330887 -0.6893683883678242 0.006182300394046408 0.9999648146923725 -0.005669967511425836 -3.3411197137422306 -0.006765633372471613 0.005711773517221879 0.9999608001525864 173.21193126519665
0.9999689861266097 -0.0019360591693336968 0.0076340336315304765 -0.7001554356587164 0.0019621707725142826 0.9999922458513348 -0.0034143989720301807 -3.3833824676434996 -0.007627364604895791 0.0034292724312414693 0.999965031085 174.5893092913827
0.9999682109787622 -0.0025388858943818874 0.007558511811934166 -0.7014964644213607 0.002548077303317348 0.9999960256621668 -0.001206630983542326 -3.4044238242105065 -0.0075554189127879055 0.00122585233057403 0.999970706033057 175.9802085489836
0.9999632553043049 -0.005324280235226882 0.0067186378455327 -0.6995341022618301 0.005326611154463189 0.999985759369797 -0.0003290356042613637 -3.4294108725416925 -0.006716790857680215 0.00036481110197200694 0.9999773755575269 177.4054644575797
0.9999550416391 -0.007949649624965582 0.005168925022721787 -0.69909458451735 0.00795080181668104 0.9999683714086021 -0.0002022970105433878 -3.454724898411468 -0.005167153782853089 0.00024338502914923727 0.9999866205504084 178.77990877132345
0.9999560377440391 -0.00886771724511673 0.0030473239609939036 -0.6960013850852913 0.008880094340243618 0.9999522794211136 -0.0040721979142724985 -3.4860946047336197 -0.003011067698431979 0.004099079505552802 0.9999870654235863 180.11933837528974
0.9999799365170575 -0.0061575353859226484 0.0014870544603252337 -0.708020177021748 0.006169722411569999 0.9999462335352787 -0.008334539943957225 -3.5294230998987866 -0.0014356544097429995 0.00834354760761778 0.9999641614117857 181.5362448101182
0.9999973136011231 -0.0020905969301619823 0.0010010991860559119 -0.7338403897185108 0.00209988584810355 0.9999539030393216 -0.009369219403206489 -3.561118361616784 -0.000981465867561483 0.00937129661486316 0.9999556067764037 182.9344263504627
0.9999969626432743 0.0023570217649170307 0.000720520290294109 -0.7539029196512368 -0.0023509230660316354 0.9999623636827231 -0.00835131024252708 -3.594525567188048 -0.0007401774620998528 0.008349591152213582 0.9999648676149003 184.2600886853346
0.9999949722457022 0.003012323661125734 0.000990648989782547 -0.7476985288467282 -0.00300732703421442 0.9999829409109154 -0.0050073822453561454 -3.6233971351830507 -0.0010057160355038041 0.005004377961126383 0.999986972282564 185.70196751772502
0.9999926714183702 0.003531666581742245 0.0014779838389521337 -0.7625763851074926 -0.0035278631199574728 0.9999904789396186 -0.0025683104753226375 -3.6585607318299935 -0.0014870403112445696 0.002563077577595463 0.9999956096614341 187.0683463534472
0.9999925681926185 0.0034877644423595942 0.0016428799553388186 -0.7680148212290827 -0.003484227071076821 0.9999916161025638 -0.0021512538128585024 -3.6917261089481137 -0.0016503693896045674 0.0021455136992992673 0.9999963365179663 188.5109021087216
0.9999981185601077 0.0012973960875738546 0.0014420955059577807 -0.7668664522309014 -0.0012951564859696313 0.9999979554907165 -0.00155292834528588 -3.7216654264487965 -0.001444107444128184 0.0015510577149492214 0.9999977543832093 189.92832744825003
0.9999977710490076 -0.001432269192658018 0.0015512918315612946 -0.7736372837386036 0.0014339283736932856 0.9999984006434673 -0.0010689049749097806 -3.750829805372755 -0.0015497585225685872 0.0010711270572153267 0.9999982254649552 191.28494195206136
0.9999938831298302 -0.0029634140902242267 0.0018579253648495185 -0.778321940857258 0.0029648450392527684 0.9999953100733355 -0.0007678027477606747 -3.785642330970399 -0.001855641491077066 0.0007733065310324742 0.9999979792924709 192.74398497885525
0.9999767613508554 -0.006431573590691412 0.0022608914658126976 -0.7800312011846223 0.006431386456088843 0.9999793143468884 9.021519413485712e-05 -3.8144649714742256 -0.0022614251140529525 -7.567242563207222e-05 0.9999974401102819 194.10924466339569
0.9999343508076757 -0.011181449996011008 0.002503849880044691 -0.7785065733140631 0.011177275031106024 0.9999361285040869 0.0016755371644530729 -3.8348446516299997 -0.002522425101450925 -0.0016474409699068228 0.9999954616431032 195.57598505216515
0.9999012353183089 -0.013779435863589966 0.002765279355540543 -0.7743294198108366 0.013774795133644113 0.9999036937658956 0.0016906217713574655 -3.8635450029391554 -0.0027883090894554726 -0.0016523636607814112 0.9999947474979114 196.97964345825562
0.9999261035455974 -0.011775927680510804 0.0030191040753558738 -0.7820054213722923 0.01178299008557224 0.9999278589309212 -0.002331966649404536 -3.8966166574967422 -0.0029914254572225097 0.0023673684568301986 0.9999927234416766 198.38250568495076
0.9999843469355852 -0.004540836568189573 0.0032690514267106232 -0.8027100663515541 0.004565470896924042 0.9999609407262267 -0.007567925156221186 -3.9332934427552226 -0.003234559307863614 0.007582731609711464 0.9999660193244064 199.817447623901
0.9999784902823058 0.004464920207264753 0.00480452464953871 -0.8148169981350417 -0.004424960253871761 0.9999557975510508 -0.008295943531862016 -3.959694921071945 -0.00484135341988108 0.008274505421454397 0.9999540458700883 201.26465576879124
0.9999119109560182 0.011730926493867623 0.006209321227875881 -0.8356983314687154 -0.01170522737643959 0.9999228413710185 -0.00415920482743657 -3.99835290764074 -0.006257633984156558 0.004086157006878043 0.9999720722757122 202.71078061911513
0.9998928398422898 0.012719204624386261 0.007247802515756683 -0.8286543218830471 -0.012703408612382297 0.999916840907835 -0.002221420693662494 -4.024800776724732 -0.007275455116803685 0.0021291108871138364 0.9999712669036216 204.15483270753256
0.9999147175503789 0.011249298057950174 0.006634071093269477 -0.8229038057208993 -0.011238395155785211 0.9999354383567248 -0.0016785765816158336 -4.05862389567944 -0.006652526159226472 0.001603877144465277 0.9999765854594853 205.5819741421215
0.999960710610568 0.00710866587387757 0.005295667624729657 -0.8210668810253658 -0.00710062011544559 0.9999736096065416 -0.00153665202316965 -4.083628237812623 -0.005306451865893257 0.0014989891534084201 0.9999847971815481 207.02355407073156
0.9999742960464656 0.005876020631736305 0.004108481589531076 -0.8153748963087654 -0.0058677820908195465 0.9999807552190816 -0.0020145314096537887 -4.120228150543987 -0.004120240301027072 0.0019903719916235046 0.9999895309622723 208.4956793661868
0.9999733887780665 0.006321143797698213 0.0036420967003787507 -0.8251275880316464 -0.006311314974207333 0.9999764276077436 -0.002703986917665352 -4.1464607034422425 -0.003659103449399341 0.002680928592804008 0.9999897117366511 209.95427223975693
0.9999636072721186 0.007723260490414508 0.0036242746489141943 -0.8302611783610847 -0.007713228158539318 0.9999664047044698 -0.0027740927263040414 -4.184402665479678 -0.0036455782419023705 0.002746036963401397 0.9999895844635647 211.4383336460746
0.9999537193569654 0.008998305591673483 0.0034043538283277212 -0.8376987933813465 -0.008990913594399734 0.9999572032873038 -0.0021806161222664403 -4.208126119076205 -0.003423830275090003 0.002149906989103273 0.9999918276074792 212.86364548079735
0.9999565604473514 0.008811992634969294 0.0030374312499672775 -0.8504488351585113 -0.008805021924589458 0.9999585878613536 -0.0023009065226001916 -4.248318535832755 -0.0030575812955818123 0.002274061964059902 0.9999927398910048 214.3187919673539
0.9999538728518527 0.009186115699286701 0.0028048939638752007 -0.8487593779607461 -0.009177235827320777 0.9999528867778816 -0.003162686803634674 -4.283548116384811 -0.0028338148658057006 0.003136799801630396 0.9999910649482999 215.7768454372249
0.9999625289939925 0.008336204415807534 0.0023341570036298277 -0.8598636152745468 -0.008327661989899838 0.9999586772041957 -0.0036460866885047534 -4.316858308609828 -0.002364455276997196 0.003626512062427746 0.9999906288351604 217.22898351484474
0.9999670833072452 0.007901640197467587 0.0018429242573664436 -0.8583369197203131 -0.007895127682184422 0.9999626552781133 -0.0035149715772711055 -4.351859591646567 -0.0018706296360261878 0.003500305818171488 0.999992124269564 218.71234021386115
0.9999528798943133 0.009536382958619074 0.0018153160116196295 -0.8689360183699264 -0.009528912343985006 0.9999462721804044 -0.004080760189832134 -4.392249604756916 -0.0018541343311918553 0.004063269991119528 0.9999900259603102 220.21275696769501
0.9999648067103851 0.008228512682992914 0.001636124746433786 -0.8755619639110601 -0.008221574588455665 0.9999573679539906 -0.004203332469153766 -4.4213162119126315 -0.0016706423147498128 0.004189733096053493 0.9999898274924145 221.70125469814036
