1.0 -3.469446951953614e-18 0.0 -1.7787691892340307e-19 0.0 0.9999999999999999 -3.5575383784680614e-19 0.0 2.168404344971009e-19 -2.371692252312041e-19 1.0 0.0
0.9999999398638733 -7.08535559765227e-05 -0.00033948727388392647 0.05569069961672338 7.123806521749064e-05 0.9999993559314045 0.0011327230995349811 -0.026761272848715878 0.0003394068273799933 -0.0011327472383819146 0.9999993008434594 1.3159701006825606
0.9999991075624272 -0.0005587901877283866 0.0012135198795759842 0.11108300046058615 0.0005566348298350308 0.9999982684086526 0.0017757635472657302 -0.04833477912174309 -0.0012145101586562628 -0.0017750865086460634 0.9999976870130872 2.5650198957187875
0.9999991457136889 -0.0013004212151951702 0.00013220727391396797 0.07255286424342627 0.0013002794683550905 0.9999985850867985 0.0010672841859012709 -0.07483000207718431 -0.00013359501618359117 -0.0010671113876592484 0.9999994217126436 3.903691656762293
0.9999977945927223 -0.0020661253495078916 0.000376748434112812 0.05091359699717559 0.002065767827231167 0.999997417649676 0.0009472560556544259 -0.09463655814426171 -0.0003787046420580006 -0.0009464757085396699 0.9999994803829172 5.236621890379117
0.9999973003851691 -0.0023193106650390843 0.00014150637415388085 0.054019215502776274 0.002319101069604741 0.9999962380177333 0.0014648265934297 -0.11176562020352956 -0.00014490324064586244 -0.0014644944983496487 0.9999989171288811 6.553876771452474
0.9999930938206523 -0.003697972453878458 0.0003705623004835214 0.040044626182340594 0.003697109979865656 0.9999905151744062 0.002302375618450602 -0.14441967817722828 -0.0003790729372895945 -0.002300989750464779 0.999997280871164 7.892102903971735
0.9999937960317896 -0.0034730260245079622 0.0005882124675949275 0.03916625425520233 0.0034714031288719006 0.999990225441543 0.002738316328815515 -0.1641367832701998 -0.0005977170100001259 -0.002736257468573213 0.9999960778068437 9.213049666820098
0.999995752447344 -0.002913681256151778 -7.451768288864306e-05 0.03627243319101159 0.002913812935860514 0.9999940805509593 0.0018299051120780998 -0.18565829262408595 6.918548909417904e-05 -0.0018301145039448274 0.9999983229459389 10.5405974846842
0.9999996910645406 -0.0007790855622755947 0.0001043929962993924 0.004020490833946299 0.0007791130867016941 0.999999661801412 -0.00026339830144349346 -0.20849690493996492 -0.00010418776014632538 0.0002634795598943157 0.9999999598616189 11.861947378257637
0.999996357425284 0.0026982904325217926 -6.602984648533148e-05 0.0073597417504953425 -0.0026983833826406487 0.9999953113254008 -0.0014477773856781636 -0.23960118236072997 6.21230169160227e-05 0.0014479503123032843 0.9999989497897309 13.208627086467398
0.9999871200096672 0.005072158013256877 -0.00018170761568530995 0.008137991580064181 -0.005072493566802819 0.9999853402221407 -0.001894507837548176 -0.2613898411953056 0.00017209572144957818 0.0018954051803506406 0.9999981889095326 14.552497417948624
0.9999850049155652 0.005471644868538381 0.00022591136753241387 -0.025030700505235797 -0.005471352955279066 0.9999842196094507 -0.001274692084895663 -0.2829945208571143 -0.00023288248604349865 0.0012734369510501373 0.9999991620614429 15.897452854527085
0.9999924985867469 0.003860120238295092 0.0003197424178133948 -0.010843368349333506 -0.0038605256037225755 0.9999917337561804 0.001276232113670214 -0.31632840545866053 -0.0003148133911542617 -0.001277456941794146 0.9999991344976358 17.262468775544043
0.999999655322448 8.771148709880647e-06 0.0008302284329054382 -0.03493001727836285 -1.1683741230348113e-05 0.9999938460229021 0.0035082444493703046 -0.3430161877461851 -0.0008301926196734922 -0.0035082530088088124 0.999993501449154 18.603204097991377
0.9999984407030554 -0.001754601183329263 0.00019992274427943035 -0.01542462915926529 0.0017542877862078369 0.9999972480239019 0.0015576957584324304 -0.37732952125493324 -0.00020265534465780354 -0.0015573426366801966 0.9999987668065765 19.963244065228633
0.9999956129210211 -0.0028919697669106993 0.0006408234466200543 -0.035272427871703024 0.002892489835541516 0.9999954872007226 -0.0008118353700079234 -0.3882655997876463 -0.0006384728057865934 0.0008136854024986039 0.9999994651336085 21.296191948759894
0.9999992229062005 -0.0007659830412802444 0.000983595246305526 -0.028027067263011712 0.0007677070233322262 0.9999981679186308 -0.0017535062791865963 -0.44052940500679516 -0.0009822503725910319 0.0017542600654880036 0.9999979788750737 22.671282550032906
0.9999985088066097 0.0007510259360637324 0.0015551030570736194 -0.05312111997647545 -0.0007493939058756489 0.9999991681477098 -0.0010498161930892023 -0.43628894138560986 -0.0015558903350360663 0.0010486492642159042 0.9999982397672962 24.03684428084115
0.9999955884808813 0.0015337055449155517 0.0025437701894175874 -0.0711621690365501 -0.0015436216736855624 0.9999912004905152 0.0039007916500585537 -0.4652787989283005 -0.002537765351097684 -0.0039047011365080167 0.9999891564679727 25.41484618341572
0.9999966323036654 -3.841121043357196e-05 0.0025949777211483173 -0.05402964192614898 2.657883866229692e-05 0.9999896046049265 0.004559602458440264 -0.4833807467808527 -0.0025951261007840483 -0.004559518219314532 0.9999862379611685 26.784752662922727
0.9999903628051319 -0.0035534993655360423 0.0025781674639306614 -0.07104030235839331 0.003543968827653631 0.9999869049136043 0.003691920984705591 -0.52358883514341 -0.0025912531572275938 -0.003682748527575509 0.9999898613324572 28.149625626858516
0.999987754305196 -0.004316100470692922 0.0024212652494760975 -0.057377647732504235 0.004313796211554498 0.9999902383639246 0.0009562076920963505 -0.5238497091997303 -0.002425368906331208 -0.0009457511511711477 0.999996611562936 29.519434888665675
0.9999857146140735 -0.004266120563749653 0.0032203715525233757 -0.07548795589504256 0.004269149680791499 0.9999904507318589 -0.000934237888406238 -0.5790294691548161 -0.0032163555011490187 0.000947972815210358 0.9999943781845354 30.89854170921331
0.999992489556663 -0.0014839339573714787 0.0035803319608089914 -0.07906867234497364 0.0014912070374944464 0.9999968285917046 -0.0020295580823134524 -0.58140087385511 -0.003577309179824934 0.002034881899803257 0.9999915310191924 32.29154458290493
0.9999925844725273 -0.00017969414888072827 0.0038469097855955876 -0.09110815988606842 0.00019456458159090514 0.9999925099022583 -0.0038655250507147075 -0.6291262428333798 -0.0038461866878036835 0.0038662449376704725 0.9999851293860331 33.67116418239631
0.9999903787680878 0.00042611405191489773 0.004365867890779773 -0.08993146522231088 -0.00040816480189823177 0.9999914651041653 -0.004111340562321667 -0.6451680311937279 -0.004367582901011798 0.004109519096783466 0.9999820178718852 35.05698864120638
0.9999930505610738 0.00012109168402968905 0.0037261468966892277 -0.08001377901826373 -0.0001118769158406259 0.9999969355923488 -0.0024731133949051345 -0.6892903737505673 -0.003726435268657667 0.002472679390007581 0.9999899997160432 36.45988310458183
0.9999922787816278 0.0012889233093430954 0.003712284491172467 -0.09405172242099144 -0.001284042737872651 0.9999983086166171 -0.0013168145257555248 -0.7083197438374227 -0.003713975800227671 0.001312037654296816 0.9999922424380563 37.84549697872538
0.9999870221656564 0.003724607384136505 0.003476031851999826 -0.1082169145125083 -0.00372155356590515 0.9999926836843381 -0.0008846603384528088 -0.7386591821780069 -0.003479301727667217 0.0008717126359042218 0.9999935672653928 39.23715639527219
0.9999759658198362 0.005893858979290289 0.0036510548661999025 -0.10877719789414947 -0.005890667659915581 0.9999822588513956 -0.0008843239949587992 -0.7660979147396433 -0.0036562024832766608 0.0008627956055991628 0.9999929438563949 40.64445562806299
0.9999621634895971 0.00774264901090935 0.00396521925644236 -0.1308804975160079 -0.007740251861105935 0.9999698518148968 -0.0006196603766110398 -0.7913063279222309 -0.003969897861547774 0.0005889451440044204 0.9999919464924558 42.05489587926386
0.999946345535787 0.009723920347817036 0.0035709109660072126 -0.12206743429173345 -0.00972209712254237 0.99995260003725 -0.0005277578075230536 -0.824888213613939 -0.0035758738830555157 0.0004930127529126378 0.9999934850087496 43.45585212278608
0.9999571643855099 0.008729968286434818 0.0030752288643343686 -0.13921687503671182 -0.008728070000482206 0.9999617110046911 -0.0006303474148375734 -0.8518070915296789 -0.003080614291239971 0.0006034796084384882 0.9999950727998436 44.88443410596972
0.9999621667216988 0.008374745391025232 0.002351329376608562 -0.13115438561258477 -0.008372185982088375 0.999964351505967 -0.001096465885416229 -0.8890443818572262 -0.0023604283787680364 0.0010767386524000472 0.9999966344985773 46.28667782866924
0.9999640266999221 0.008306233673343974 0.0017180723594313854 -0.14448943512988172 -0.00830499041162952 0.9999652466514071 -0.000729823085233639 -0.9195372944394208 -0.0017240748785650724 0.0007155282657614038 0.9999982577898028 47.7070413281978
0.9999674268549601 0.008053994994057418 0.0005276146117055461 -0.15568327352543845 -0.008053944494600635 0.9999675615952448 -9.875557230086817e-05 -0.9483412963270144 -0.0005283929188636593 9.450297284825735e-05 0.9999998559346462 49.1147462552408
0.9999638405898823 0.00849701800239371 -0.00034377137209964785 -0.17320321702478442 -0.00849696937844114 0.9999638897085679 0.0001442524787105626 -0.9717242399357323 0.0003449847030464143 -0.0001413262573781771 0.9999999305064984 50.540783598806236
0.9999546027157526 0.009415554870576614 -0.001462809137847582 -0.1813407796037314 -0.009415319652722576 0.9999556607903228 0.00016801865038292883 -1.0010032920340168 0.0014643263901392958 -0.00015423821861189533 0.9999989159800327 51.98223461607118
0.9999513885805267 0.009520065381751625 -0.002566866797027647 -0.2015636301063619 -0.009517635844524112 0.9999542480579677 0.0009572982570324839 -1.0337400776725272 0.0025758631177152146 -0.0009328212457430137 0.9999962473821462 53.385043633153266
0.9999626722507428 0.007866496220597857 -0.0035738381336032476 -0.19394331180726215 -0.007860065882866687 0.9999674712584671 0.001809918707555289 -1.0578811697791297 0.0035879599039717472 -0.0017817605882406364 0.9999919759077217 54.84117230782527
0.9999712612801488 0.006346921340810979 -0.004146466271878505 -0.20471671501690536 -0.006337679408727309 0.9999774116269563 0.0022383181317967146 -1.0855997638575559 0.004160579392057541 -0.0022119748833316294 0.9999888983156171 56.245876220424925
0.9999825833839732 0.003907887359013628 -0.004422819161144541 -0.2279700508357831 -0.0039002344616626237 0.9999908842779069 0.001737682152300373 -1.1096273066263986 0.004429569885546589 -0.0017204018965523596 0.999988709504606 57.672350953901635
0.9999855670432312 0.0030206310539935746 -0.004443138450012148 -0.24461281975000215 -0.0030119486368795434 0.9999935441336065 0.0019595564951248546 -1.1386121250267704 0.0044490292402661075 -0.001946145752423153 0.9999882092626724 59.13051854508086
0.9999915365723266 0.0008533189997336731 -0.004024751102192558 -0.2502745068100701 -0.0008429699062207328 0.9999963361479349 0.002572371159046888 -1.1627006037274716 0.004026931751623644 -0.0025689566984733194 0.9999885920800194 60.52545018770182
0.9999931715576418 0.0004912312064670604 -0.0036627206327041807 -0.2677521325092038 -0.0004794658812002769 0.9999947253622077 0.003212376127897236 -1.1981319273192994 0.003664279644817854 -0.003210598109433381 0.999988132490514 61.983506987227706
0.999993707831755 -0.0017249177530820128 -0.0030998310758525464 -0.2744371609673195 0.0017345973672082057 0.9999936201915455 0.0031226182838518628 -1.217604775516175 0.0030944253039738483 -0.0031279756574836763 0.9999903201064012 63.376724403965795
0.9999913993822643 -0.002961672107906852 -0.0029033874902044546 -0.2834838851354809 0.002967361991568407 0.9999936817932102 0.0019573277397414443 -1.2436463921009644 0.0028975724296992807 -0.0019659263460370825 0.999993869587766 64.80623003854019
0.9999941229824599 -0.002688855302230387 -0.0021269833032033177 -0.28948262048773676 0.002692707256677397 0.9999947363709621 0.0018101253507161314 -1.2785300101437405 0.002122105123401203 -0.0018158420914109554 0.9999960996880393 66.25824166368538
0.9999982673293293 -0.0012674618227252552 -0.0013634069754314393 -0.3163575246358521 0.0012698729906341147 0.9999976289982191 0.0017690161865060985 -1.30740313712265 0.0013611616988661091 -0.0017707445101149326 0.9999975058495172 67.61190760971493
0.9999988613967687 0.0013282628992583156 -0.0007161839289942036 -0.3282421624886497 -0.0013263214811850563 0.9999954630158939 0.002704592522638538 -1.3378431072892187 0.0007197731525195213 -0.002703639607941643 0.9999960861229097 69.11375220070587
0.9999857649899768 0.005334361794336492 0.00011996380749653237 -0.34171735384532587 -0.005334798974664922 0.9999777848792589 0.003996207891189174 -1.3689727824143916 -9.864392922843274e-05 -0.003996791070706976 0.9999920079336717 70.45180980652808
0.9999643106030027 0.008405206458500849 0.0008544048455056041 -0.3564639430275685 -0.008409160421093291 0.999953436985517 0.00473390948259534 -1.3925316039142095 -0.0008145756408130904 -0.004740925458847333 0.9999884299791699 71.89785702660751
0.9999162664809466 0.01285344196234205 0.0014996756335714828 -0.3669876238163171 -0.012859625809333423 0.9999085378283392 0.004188798477493006 -1.4153477295625825 -0.0014456981114199258 -0.004207733093741607 0.9999901024200454 73.2592989238452
0.999858666408795 0.01667269155317036 0.0021606761358323135 -0.3905689263943082 -0.01668051854328586 0.9998541862548146 0.0036560325725717557 -1.4422831645045473 -0.002099405351599906 -0.003691557134533324 0.9999909824098439 74.66675675955774
0.9998375694730108 0.01779880543290875 0.0028349867066474136 -0.4016532751847809 -0.017808239505505648 0.9998358501389079 0.00333757868646184 -1.461850462689425 -0.0027751166631647733 -0.0033875227622097645 0.9999904116610876 76.13272524912914
0.9998395690954133 0.01760460980985295 0.003303595002310645 -0.40982938957744197 -0.01761740861471124 0.9998372513315349 0.003885590219675812 -1.484726872606964 -0.003234653318146945 -0.00394316772254977 0.9999869941369103 77.47622634023342
0.9998429000735655 0.01743485654992172 0.0031938856457550775 -0.41757628139927094 -0.017447789693670935 0.9998395046624792 0.00406689048632252 -1.5238744718458137 -0.003122467651354808 -0.0041219779152390276 0.9999866296559898 78.9140575140239
0.9998550493742683 0.01672249562702409 0.0031997405329364757 -0.426717670755186 -0.01673166650855519 0.9998559231868395 0.0028608126092931657 -1.5470669888616109 -0.0031514398631458124 -0.002913934991906448 0.9999907886606816 80.24951002148217
0.9998616586339264 0.016374567070946554 0.0029218327771969995 -0.421152367648965 -0.016382728435131166 0.9998618983529818 0.0027911421394393116 -1.5760667495548042 -0.0028757257648301887 -0.0028386236680979153 0.9999918361735866 81.64220845304206
0.9998727648250717 0.015763676908739494 0.002441436638235977 -0.43262289891931005 -0.015770960902307056 0.9998711507587489 0.002993111043800425 -1.603465959955881 -0.002393939826345082 -0.003031234086433711 0.9999925403068857 83.10556403719166
0.999877171687443 0.015540478794918412 0.0020334746041368664 -0.4409455591601961 -0.01554563090483371 0.9998759272220736 0.0025423536329018197 -1.6262372675206578 -0.001993713079923036 -0.0025736530665547556 0.9999947006938593 84.41306795447989
0.9998801481723788 0.015424724319902806 0.0013293350977049787 -0.4481635990805086 -0.015428422755567212 0.9998770050282709 0.002817556902308779 -1.6456546606033602 -0.0012857116649962368 -0.0028377288235374443 0.9999951471078974 85.818068022344
0.9998885170108023 0.014928968236829966 0.0002818137868390825 -0.4538848303539331 -0.014929882491761949 0.9998821406895125 0.0035781806636276123 -1.678926899775414 -0.000228362044299098 -0.0035819892859245317 0.9999935585812154 87.13373432941998
0.9999022627149484 0.013928681173854575 -0.0012069884326188825 -0.44808389805769017 -0.013922800444507222 0.9998917832757663 0.004751568101127463 -1.708706735994354 0.0012730410040009492 -0.004734299141692961 0.9999879828185019 88.52766880954219
0.9999277589317123 0.011812554215308649 -0.002222711999147758 -0.45644911760718165 -0.011800671477608653 0.9999163995977657 0.00528564045183264 -1.737971964417647 0.002284963290553429 -0.005259029231989742 0.9999835606446302 89.94765298519427
0.9999435615604856 0.010188929322419325 -0.0030098811131887065 -0.47196989701405834 -0.010172965545575625 0.9999343534196482 0.005272536880618172 -1.7598203957423553 0.0030634052929025216 -0.005241620003610723 0.9999815703174277 91.25546944904295
0.9999463894481517 0.009839013040794889 -0.003226766785334844 -0.47813196419883597 -0.009824382761895551 0.9999415276266921 0.004519164978874333 -1.7843320126201596 0.00327104251122994 -0.004487221810602429 0.9999845824452754 92.68492816568103
0.9999542758409534 0.008828028389738011 -0.003675883017922964 -0.49166795417234493 -0.008812054365872417 0.9999517569121465 0.0043395350581276896 -1.811676947589868 0.003714015537463336 -0.0043069446502115 0.9999838280313305 94.02160942722118
0.9999530108119579 0.009002916920297569 -0.0035949448577971693 -0.49955820398975126 -0.008989462621714918 0.9999525942464415 0.0037415024545423507 -1.834240591443783 0.0036284591815531407 -0.003709010104904524 0.9999865386771325 95.38499026487231
0.9999548858730377 0.008920058773318104 -0.0032647732773086304 -0.5177328843338096 -0.008910342564371228 0.9999558653310947 0.002978792432271413 -1.8673100602366675 0.003291200471148657 -0.0029495678660002994 0.9999902339800141 96.74078223831211
0.9999485013703238 0.009639648478486971 -0.0031736031634902228 -0.529431959984199 -0.009632013222687004 0.9999507005993131 0.002412615475210098 -1.8917041371007854 0.0031967037433192087 -0.0023819230981160225 0.9999920537352968 98.13486127649661
0.9999309703249247 0.011360854518819087 -0.002997588607591915 -0.5528457166418059 -0.011353108226255995 0.9999321999767959 0.002588901208861303 -1.9162138357708658 0.0030267977581598373 -0.002554690611489355 0.9999921559977887 99.47769149193532
0.9999273054906249 0.011751247758701344 -0.0027003476728087047 -0.5618543144056957 -0.011740608045691329 0.999923381007917 0.003923042639041901 -1.9422154740634539 0.0027462416554108584 -0.0038910538196956957 0.9999886588670024 100.83075982367443
0.9999221332356324 0.012140798388832457 -0.002885904634096 -0.5755405363061685 -0.01212611127986697 0.9999137051893173 0.0050536746809549254 -1.964359643649289 0.0029470114932835497 -0.005018286477529681 0.9999830658218831 102.14052397155413
0.9999321584210621 0.01138566727719778 -0.0024586794927816064 -0.5908135266377343 -0.011375090479812021 0.99992616705787 0.004274081821494765 -1.99360956433518 0.0025071614493805917 -0.004245824253789179 0.9999878434877041 103.48113581397575
0.9999295525918852 0.011627029169121044 -0.002387889083786619 -0.601928745465111 -0.011623005294992512 0.9999310183141217 0.0016924504571374727 -2.0154027574060467 0.0024074027380693664 -0.001664576824598056 0.9999957167910841 104.83190231102203
0.9999350956378809 0.01106801887437319 -0.0027024875869574036 -0.6244275320123167 -0.011066520985021457 0.9999386023872581 0.0005688540739471394 -2.0394866114113954 0.0027086179769361127 -0.0005389100385470519 0.9999961864774656 106.14997460111866
0.9999583477091354 0.008747456153388684 -0.002604771373375932 -0.6393551859957078 -0.008743348223785714 0.9999605207970403 0.0015845277047993077 -2.072554102744512 0.002618529347695128 -0.0015616873220402892 0.9999953522100082 107.51066781591591
0.9999801915131075 0.006055757483324688 -0.0017159159669093247 -0.6513168855857399 -0.006050077143232022 0.9999762639452872 0.003296683805631452 -2.0951987482479324 0.0017358393044279276 -0.003286237150162905 0.9999930937315923 108.88820973282706
0.9999907811511977 0.004188210802774119 -0.0009468333595348175 -0.6627729921386959 -0.004184118799860588 0.999982072243301 0.0042834972671900165 -2.1221606452627797 0.0009647566591940213 -0.004279496203355808 0.9999903775333718 110.17360013137782
0.9999930307836725 0.0036966027178173865 -0.0005229767740591985 -0.6711523680515672 -0.0036949097487626375 0.9999880461487899 0.0032023753245170746 -2.145543065557345 0.0005348084793524322 -0.00320042072083471 0.9999947356304334 111.49980383834354
0.9999867740810898 0.005110989348190615 0.0005739700494884544 -0.6772819289242461 -0.005111368020141566 0.9999867193098294 0.0006596444768509362 -2.1681935734642948 -0.0005705910388910365 -0.0006625695411106268 0.9999996177132874 112.82062117036143
0.9999651093490646 0.00824466246663202 0.0013437296623265047 -0.67865806348272 -0.008243287684675554 0.9999654973317504 -0.0010258519200218683 -2.198971393756419 -0.0013521412185127529 0.0010147393919896156 0.9999985710070095 114.11566666528473
0.9999397917882332 0.01056924543145649 0.002950225220730418 -0.6972968793734506 -0.01056408763741532 0.9999426519777036 -0.0017586451644197012 -2.2249076040944176 -0.002968643836470091 0.0017273728701234937 0.999994101648991 115.46559687603059
0.9999222796802978 0.011674962139813345 0.0043737667097683 -0.711362938723093 -0.011676035556456126 0.9999318086310645 0.00021979375112091495 -2.25040750993847 -0.0043709027427984645 -0.0002708449350230762 0.9999904108776204 116.8119501720886
0.999929302380328 0.010697064894166195 0.0051925932521609255 -0.7227024668997315 -0.010710361705250993 0.9999394175344526 0.0025395742464978215 -2.275079374337651 -0.005165113116604654 -0.0025950093116987832 0.9999832936244344 118.11059732609655
0.9999226283640583 0.01085577093527441 0.006073673006010674 -0.7212465757634877 -0.010874253734573326 0.9999363182774533 0.003018280995668727 -2.303359135496929 -0.006040520965599835 -0.0030840941918834383 0.9999769999674433 119.45557377948433
0.9999046822157803 0.01177800060029796 0.007204523807708141 -0.7111379009795853 -0.011794203315180713 0.9999280026081029 0.002210519419127202 -2.3254699853816905 -0.007177970207212328 -0.0022952803843096993 0.9999716038095342 120.78114044292387
0.999877152188031 0.013123918143519465 0.008569905442726738 -0.7148202175584215 -0.013140884682639494 0.9999117992302573 0.0019263805619475758 -2.3519616466298516 -0.008543868630851248 -0.0020387600927562898 0.9999614221356338 122.13442105094985
0.9998474904803565 0.014517890149471649 0.009707039473450625 -0.7152588015230841 -0.014533558926616853 0.9998931878953861 0.0015454780413941688 -2.3717660042155697 -0.009683566381570165 -0.0016863202079465743 0.9999516912629552 123.48166990595388
0.9998080242936345 0.01623003258427189 0.010977274866400705 -0.7145385486668733 -0.016239237367851468 0.9998678537636365 0.0007498154390680155 -2.402493129755079 -0.010963655658591274 -0.0009279340867253634 0.9999394667610774 124.80461580974664
0.9997878301771228 0.016749334554885767 0.011989761567123815 -0.7097664034600982 -0.016747620218245815 0.9998597191529912 -0.00024347031144364927 -2.427890998867895 -0.011992158613408374 4.26186789278142e-05 0.9999280905691299 126.14848530246577
0.9997857108185255 0.016269317294560423 0.012800067185853149 -0.7041613412366201 -0.016266278495633193 0.9998676370196627 -0.0003415673955028118 -2.45560179739836 -0.012803931082287546 0.00013328474428413476 0.999918017428555 127.46168990804976
0.9997662817567267 0.016615805154389318 0.013831010138496415 -0.7020417267835553 -0.016622810075065286 0.9998617548946839 0.0003915724966016722 -2.4891597044598126 -0.013822592945367276 -0.0006213912473675373 0.9999042703140362 128.82207206163477
0.9997896083669131 0.014265680591507348 0.014738701658326464 -0.6813809589868112 -0.014291362347215234 0.9998965307224583 0.0016385504671670263 -2.5082893008480607 -0.014713802860734577 -0.001848841891173112 0.9998900368465912 130.13959224577724
0.9997853481958201 0.01423228418906503 0.015056546327227966 -0.6735762568856833 -0.014257375621533628 0.9998971409426252 0.0015603881666573774 -2.5398928378051453 -0.015032791007065918 -0.0017747200967142076 0.9998854262161522 131.4891658883097
0.9998095187407039 0.012614878189205337 0.0148926511053615 -0.6587533942936012 -0.012640171220599673 0.9999188211126507 0.001605393043792646 -2.5644358255168997 -0.014871191554891314 -0.0017933329393048794 0.9998878095140922 132.82205257592028
0.9998326650867007 0.010783742979965153 0.014776761892690886 -0.6467853747449692 -0.010821052035652819 0.9999384562079647 0.0024471726506348056 -2.5849349905847343 -0.014749464038853475 -0.0026066633101974237 0.9998878230147519 134.15350447018363
0.9998685512240697 0.007885061415461017 0.014167076882975284 -0.6296729140827773 -0.007924618504586268 0.9999648507782869 0.002738182961382018 -2.6090163830577175 -0.01414498937399176 -0.0028500917609021446 0.999895892704983 135.4784328052758
0.9998869246871603 0.0074341924217906025 0.013071748642401597 -0.6200822435717848 -0.007466931596558543 0.9999691022977697 0.002457518588014234 -2.6382722343801293 -0.013053076190837122 -0.0025548466017122112 0.9999115410653239 136.84264845361074
0.9999142488965798 0.005306149779425723 0.011972452708470338 -0.6119623936680394 -0.005343925272644178 0.9999808370218674 0.003125389836965473 -2.6574849609117583 -0.01195564050213316 -0.003189101781128299 0.9999234432117073 138.17698426709575
0.9999267647367893 0.0053166008877285845 0.010871932403397951 -0.6025937519270461 -0.005353824176066281 0.9999798964749496 0.0033975318243054486 -2.68838038718735 -0.010853651433283264 -0.003455489483051529 0.9999351268142226 139.4928644168633
0.9999475871824612 0.0035688479738023816 0.009596156125614841 -0.5982503812870914 -0.003598559059843776 0.9999887799602915 0.003080638293605942 -2.7035455753788775 -0.00958505493435092 -0.0031150092195641305 0.9999492104267691 140.85641804658033
0.9999563187958741 0.003808903779629118 0.00853538235647024 -0.5977669820621386 -0.0038330236821913126 0.9999887022874248 0.0028112690376352633 -2.7332175673882557 -0.008524578791248119 -0.002843862612756219 0.9999596211825077 142.1780853484226
0.9999656371897095 0.0033355411916564624 0.007589374502339936 -0.5830315933284218 -0.003351980114115703 0.9999920615215407 0.0021543279702248576 -2.748124316139318 -0.007582129043769826 -0.002179693413215053 0.9999688796404606 143.49940804785638
0.999976325671656 0.0017775514242682122 0.006647436385048287 -0.5782380000999062 -0.0017775958587482295 0.9999984200764943 7.587692307967851e-07 -2.7844234758968356 -0.006647425095725332 -1.2575202854829537e-05 0.9999779055434268 144.8784877219147
0.9999837399275979 -0.0011762062016445265 0.005580002430431086 -0.5874768818888313 0.0011801862652115937 0.9999990515146296 -0.0007100200521493153 -2.824889095713472 -0.005579162479878852 0.0007165939689654657 0.9999841795914145 146.18467103700547
0.9999486799581718 -0.009050611186663272 0.004552351228044117 -0.5813682755403558 0.009042354068631124 0.9999574402378874 0.001831266251298728 -2.8481880517147786 -0.0045687319438756265 -0.001790008323624748 0.9999879612043768 147.58310556765838
0.9998160157145259 -0.018976634755984385 0.002796795530746325 -0.5638704849944756 0.01896656182029499 0.9998136891757112 0.003585590800026129 -2.854031885798171 -0.002864317142231849 -0.0035318855650965865 0.9999896606808883 148.9105311419317
0.9998015640076722 -0.019849565024557758 0.0016814830526230612 -0.5495748649653671 0.01984884077246528 0.9998028923891471 0.00044708328673465574 -2.896772493637499 -0.0016900261692800865 -0.00041361907153905305 0.9999984863631158 150.24230982597274
0.9998317841162827 -0.018190347433565315 0.002348348864800967 -0.5458779267865526 0.018196398216567482 0.9998311005713697 -0.002580971557082318 -2.9339446508646425 -0.0023010036559148045 0.002623268955258152 0.999993911900907 151.58924276349882
0.9998556030970209 -0.01668117537587792 0.003242122262971593 -0.5574683615440952 0.016696139491908714 0.9998498235677377 -0.0046442683609248395 -2.949516999097459 -0.0031641637875899934 0.004697728776436832 0.9999839595751995 152.91290401991424
0.9998856629835053 -0.014602812632700022 0.003926682812824956 -0.5764340098421483 0.014623198086994414 0.9998794825913206 -0.005213670562379435 -2.995863874132289 -0.003850075653428838 0.0052704952256249086 0.9999786991695201 154.27088294065226
0.999806103527013 -0.019158883440301516 0.0045489062498307534 -0.5652850179746163 0.019168482430313542 0.9998141129710046 -0.0020757596378218534 -3.0168803887171283 -0.004508291811524727 0.0021625528458246025 0.9999874992542465 155.59241401017553
0.9996505295312347 -0.02592932436201642 0.005146741719635223 -0.5559595123011581 0.025926110395706112 0.9996636234020941 0.0006905415591409859 -3.0447506838244167 -0.005162916186084033 -0.0005568652282014522 0.999986517005103 156.9694909532703
0.9994896896013158 -0.0315390508556334 0.005064449056321005 -0.5375315474357618 0.03152837227831246 0.999500490531875 0.0021751277811946027 -3.0602294065016644 -0.005130521211197592 -0.002014343967050187 0.9999848099672254 158.2750062429736
0.9994638374976346 -0.03236787929378662 0.004935373826104324 -0.5430106080103494 0.03235658236551915 0.9994736205313116 0.002352329601220962 -3.093059437746588 -0.005008916286169369 -0.0021913765549551106 0.9999850541989393 159.61491742321687
0.9995329219457647 -0.03000366534867127 0.00580672099753086 -0.5438329681767544 0.029989795152509623 0.9995471740662948 0.002461506032497629 -3.1242181082309286 -0.005877946259431432 -0.0022862139611610596 0.9999801112861219 161.01830156365955
0.9995927674914842 -0.02764127784070925 0.007089354000045518 -0.5426044759655984 0.027627532093412996 0.9996162259398071 0.0020298552970762474 -3.132825735229025 -0.007142741684089937 -0.0018331673280340846 0.9999728099965765 162.311080344908
0.9996751520912438 -0.024159096967913553 0.008119626433098132 -0.550283932882091 0.0241588923153557 0.9997081237391628 0.0001234929866828197 -3.1641639266818573 -0.008120240670365007 7.27083369136904e-05 0.999967027655454 163.68847111039008
0.9997208595537639 -0.021938535438871212 0.008769472466451367 -0.5522512523554672 0.021946319645051688 0.9997588366297274 -0.0007922312663715674 -3.17482681069948 -0.008749977935780875 0.0009844678117560876 0.9999612335996948 165.05266288358186
0.9997493135866928 -0.020458902107233747 0.009096335560380248 -0.5490116166504599 0.020456466650764955 0.9997906794667173 0.0003608565306738435 -3.2058989546614365 -0.009101815006497996 -0.00017468716419353678 0.9999585623619952 166.376558670221
0.9997679365016977 -0.019619964040785594 0.00889551393176652 -0.5445315249934204 0.019618723817734836 0.9998075085860613 0.00022681201116954555 -3.226236411268311 -0.008898252415674003 -5.2240724114373214e-05 0.9999604084002157 167.74271951300884
0.9998122006988213 -0.017447278334595 0.008435391400544608 -0.538907653761776 0.01746279289482183 0.9998459489878436 -0.0017689399041525198 -3.261274941275088 -0.008403229443501057 0.0019159132494391592 0.9999628568123323 169.0883629018214
0.9998971668806383 -0.011935485548788987 0.007949834326798744 -0.5422922379853368 0.01197688143100823 0.9999148576103758 -0.005179945085554647 -3.30048336743747 -0.007887332969176823 0.005274626758286042 0.9999549831288798 170.45908756976647
0.9999558382180292 -0.005345779932933524 0.007729441391652466 -0.5422734384010369 0.005395120551276191 0.9999651144280279 -0.006376722848856362 -3.3439593327471813 -0.007695083843784516 0.006418142646369054 0.9999497953011718 171.87296878011455
0.9999652654605515 -0.0020992921225737107 0.008066030930887915 -0.5453660195179361 0.002140630211565093 0.9999846028991489 -0.005119732795735325 -3.370536547921345 -0.008055159607437907 0.005136821463081607 0.9999543626896171 173.22538491582478
0.9999616052863839 0.0003932153042146185 0.008754047125743245 -0.5480038189912074 -0.00036524947002125087 0.9999948261065162 -0.0031959902781294913 -3.403853057981374 -0.008755259288041554 0.003192670227677267 0.9999565751993953 174.57465045411632
0.9999598966385846 0.0016703015476212633 0.008798591439551088 -0.5550852448984246 -0.0016624616822504459 0.999998214650497 -0.0008982872402105978 -3.427505875268706 -0.008800076886065442 0.0008836239180473995 0.9999608881594068 175.89896060583968
0.9999677404331483 -0.0012590694513906747 0.007933022495661891 -0.5501791858313521 0.0012611175049400108 0.9999991727448031 -0.000253160879872788 -3.462793747378288 -0.007932697856402667 0.00026315719915681916 0.9999685010269816 177.3300348642377
0.9999762059177806 -0.002347380114020338 0.006486710624258932 -0.5447722461819895 0.002347883871970151 0.9999972412635469 -7.002259648260916e-05 -3.490084704613502 -0.006486528907555771 8.525098237312673e-05 0.9999789586129373 178.68641698629543
0.9999805945938955 -0.004426186181495007 0.004383984779944878 -0.5416925937457487 0.004443930950769264 0.9999819399771773 -0.004046132898086782 -3.513463242649675 -0.004365997039526421 0.004065536593957765 0.9999822045800542 180.071167142167
0.999996024543944 -0.0009268349420249542 0.0026630580597427796 -0.5593217820563383 0.000948916224962456 0.9999650841110974 -0.00830241621147672 -3.5596139206306465 -0.002655270338367136 0.008304910391143956 0.9999619882773689 181.48376334289557
0.9999950067300813 0.0022358847053485526 0.0022332338712105037 -0.5730101669180552 -0.002215064736302696 0.9999544658939616 -0.009282221202147167 -3.5891717373763137 -0.002253886357521661 0.009277228278888132 0.9999544254760834 182.88561797037852
0.9999849661165391 0.0051312657656045115 0.0019332990282077845 -0.5915536819454151 -0.005115295315916507 0.9999534824029352 -0.008177211868637747 -3.6191178554232155 -0.0019751687170269094 0.00816719969657458 0.9999646971544539 184.24341251336128
0.9999628510144306 0.008335442301840405 0.0021947614010861902 -0.5897564313471559 -0.008324308671088552 0.9999526799895667 -0.005034251196895889 -3.6558660991710106 -0.0022366204489778167 0.00501579440250434 0.9999849195524471 185.68025467759202
0.9999702405180996 0.007271828578753412 0.0025765433075413263 -0.5960883339524321 -0.00726496576820699 0.999970063439463 -0.002663177191897023 -3.6834741447023314 -0.002595832564704654 0.002644379486857107 0.9999931344298378 187.03421846939227
0.999956740443746 0.008908213323461155 0.0026759970762026243 -0.6116332359392744 -0.008902227874103066 0.9999578641972902 -0.0022405777666279422 -3.724498597298783 -0.0026958440958277773 0.002216658543525787 0.9999939094043552 188.44357516218838
0.9999691273564323 0.007396072472848468 0.0026537584434020807 -0.6020174976332833 -0.007390808179390117 0.9999707109955283 -0.0019882457931148082 -3.7519566818691987 -0.0026683861550206066 0.0019685710264085495 0.9999945022047754 189.90944965623743
0.9999893010299934 0.0037943901247974544 0.0026458317172398664 -0.6060618292277139 -0.0037915144077694278 0.9999922168794567 -0.0010911490446362036 -3.7784309357471706 -0.002649951594645275 0.0010811056819481576 0.9999959044733473 191.30868487194718
0.9999907001451623 0.0030993073062809693 0.00299898575747434 -0.6171388231771373 -0.0030963998665877535 0.9999947320977509 -0.0009736993331549337 -3.8204199872450295 -0.0030019880072505705 0.0009644042378711635 0.9999950289819084 192.68511212462965
0.9999938436414454 -0.00033937445233449444 0.0034924932429137357 -0.621765656952821 0.00034003323717590565 0.9999999245106915 -0.00018803054886889798 -3.845184610351085 -0.0034924294617725785 0.0001892169619002239 0.9999938835458221 194.08121868992328
0.9999731734612668 -0.006252369352857294 0.0038157892415996474 -0.6168824863233913 0.00624714912731595 0.9999795361445094 0.0013785543673850847 -3.8619308990927776 -0.00382433070856598 -0.001354679599914376 0.9999917696328325 195.50730074298582
0.9999477900795436 -0.009388817181106755 0.004033266833509246 -0.6125833642858499 0.009382222152634186 0.9999546228055967 0.0016511291219073188 -3.8915259196500527 -0.004048586304802929 -0.0016132019324696537 0.9999905032168567 196.93439046710708
0.9999648593101478 -0.007226377798935049 0.004249661410626222 -0.617901664495847 0.007236261245055274 0.9999711386158767 -0.002314832663036586 -3.923400234517659 -0.004232811263259912 0.0023455030335950942 0.9999882908910334 198.35691673775045
0.9999873608233607 -0.0016952722705751155 0.00473331315113098 -0.6298343014159693 0.001731050757435593 0.9999698866045557 -0.007565007904689613 -3.949251064336582 -0.00472034627184644 0.007573106048936657 0.9999601824026126 199.78157543760514
0.9999393671509309 0.009229115048592494 0.006007116015013582 -0.6409704113422421 -0.009180367097950655 0.9999251114164633 -0.0080927398967846 -3.993622030350625 -0.006081355499245892 0.008037101836979439 0.9999492097618933 201.25356077142243
0.999855119412175 0.01534751591666172 0.0073616510981639035 -0.658074242662684 -0.01531413041285351 0.9998722866354877 -0.004570324764076664 -4.012138139863536 -0.007430854681540606 0.00445692540990192 0.9999624583991762 202.71684514260278
0.9998054383380588 0.01793442158168572 0.008212304731389425 -0.6664660340397186 -0.017916822286539014 0.9998370345323951 -0.0022117655475724805 -4.057422934292317 -0.008250633845092144 0.0020641968520156407 0.9999638324086841 204.1447924554111
0.9998321070216222 0.016552626404832155 0.00785928049577094 -0.660692172765281 -0.01654014372799172 0.9998618397918275 -0.0016507629789231954 -4.084348401970789 -0.007885519787454895 0.0015204922221165491 0.9999677528171219 205.58048356221084
0.9998726992233926 0.014489474731682512 0.006681350087209711 -0.6568559386428339 -0.01447705026421073 0.9998933885764627 -0.0019043461066481965 -4.120462697971862 -0.0067082313230273655 0.0018073774708472381 0.9999758662150632 207.04814192124942
0.9999113745606186 0.012116965542449575 0.00551562752277414 -0.6430908989108357 -0.01210534829933217 0.9999244484932458 -0.0021349186081973857 -4.159486250670888 -0.005541080014727243 0.002067960843832094 0.9999825098291231 208.4838688199814
0.9999063047056548 0.012625716217269295 0.005288957811530555 -0.6466127443112051 -0.01261006362615162 0.9999160416680385 -0.0029826064735264165 -4.1817927884015695 -0.005326171755648353 0.0029156329749448974 0.9999815653164941 209.90205975845163
0.9998981919426002 0.013418161374754623 0.004853727141988702 -0.6520210434355882 -0.013404922762288943 0.9999063683508634 -0.002750020156554541 -4.218040127388626 -0.0048901733100393165 0.0026846763915119643 0.9999844392349336 211.36683487941977
0.9998932959108505 0.013795558060768934 0.004804096266952927 -0.657849400242605 -0.013785736178017545 0.9999028258259074 -0.0020718152386193524 -4.246979778200162 -0.004832211691133911 0.002005366196640957 0.9999863140218409 212.85299973653198
0.999900293429929 0.013377205868174211 0.004522558316387418 -0.667500310053702 -0.01336671109692687 0.9999079163600361 -0.0023430468557465527 -4.279751352118695 -0.004553485670403553 0.0022823615465896877 0.9999870282101718 214.32886654235887
0.9998988688754243 0.013614292074842436 0.004111331127622201 -0.6626147631321399 -0.013601345125786743 0.999902500967689 -0.0031610130887132085 -4.310601065426199 -0.004153965586679356 0.0031047738324568304 0.9999865523817024 215.76770539475675
0.9999081055235273 0.012944193657788015 0.00402844036414516 -0.6687331304843123 -0.012929381801221532 0.9999096343692729 -0.0036816048023864843 -4.343257501209954 -0.004075732085323975 0.003629181304640188 0.9999851086121149 217.2332942533422
0.9999023098791754 0.013551334365528626 0.003425201526586789 -0.6711536796749263 -0.013538758824598596 0.9999016167566845 -0.0036686306809920544 -4.376869947600466 -0.0034745796825998267 0.0036218993784563024 0.9999874044888822 218.7125560383141
0.9999002952993993 0.01373717423168256 0.003269476076641497 -0.6780967309456878 -0.013723442240035733 0.9998970655540507 -0.0041863425955155865 -4.406141093667224 -0.0033266483379207554 0.004141056805189888 0.9999858924279956 220.168182817955
0.9998988332171379 0.013874624688904918 0.0031333831009734085 -0.6786007372010827 -0.013861122921158495 0.9998947242159112 -0.004290663336321092 -4.451459243966092 -0.003192584849192935 0.004246797131065321 0.9999858859563396 221.6626438116162
