1.0 -3.469446951953614e-18 0.0 -1.7787691892340307e-19 0.0 0.9999999999999999 -3.5575383784680614e-19 0.0 2.168404344971009e-19 -2.371692252312041e-19 1.0 0.0
0.9999999398638733 -7.08535559765227e-05 -0.00033948727388392647 0.05569069961672338 7.123806521749064e-05 0.9999993559314045 0.0011327230995349811 -0.026761272848715878 0.0003394068273799933 -0.0011327472383819146 0.9999993008434594 1.3159701006825606
0.9999991075624272 -0.0005587901877283866 0.0012135198795759842 0.11108300046058615 0.0005566348298350308 0.9999982684086526 0.0017757635472657302 -0.04833477912174309 -0.0012145101586562628 -0.0017750865086460634 0.9999976870130872 2.5650198957187875
0.9999984762839417 -0.0016572966440723553 0.0005484532454056751 0.07816085746619919 0.0016565873713073349 0.9999977940530114 0.0012913576845969051 -0.0764470975102694 -0.0005505922436709252 -0.0012904471799317842 0.9999990157963384 3.940925863293538
0.9999978344224308 -0.0019157943704897883 0.000812949228440321 0.0691935926988545 0.00191495493806541 0.9999976336943335 0.0010322549502700758 -0.10063594532103999 -0.0008149249608752213 -0.0010306959718873344 0.9999991367806719 5.31136710377852
0.9999974303166391 -0.00226590801472488 -7.088182607707509e-05 0.027747528859797928 0.0022660198485994175 0.9999961245782456 0.0016173988116434744 -0.11900018175178888 6.721668160044876e-05 -0.001617555305266914 0.9999986894977041 6.625628588437134
0.9999937435810814 -0.003490319465964233 0.0005748690840004518 0.03415752970179671 0.003488741224500387 0.9999902034449688 0.0027242785043461383 -0.14705598356310584 -0.0005843721014896935 -0.002722255941153782 0.9999961239082296 7.93282977983568
0.9999929427569576 -0.003676054705617592 0.0007752833837939498 0.04760195469897488 0.00367348699905079 0.9999878469239487 0.003288083321599631 -0.16615188265252437 -0.0007873611994986961 -0.003285212184661101 0.9999942937050901 9.273126513007929
0.9999958536709947 -0.002861964290043475 0.00031907025598378025 0.01542995214431625 0.002861234294666644 0.9999933394745951 0.0022659082581386798 -0.18801376027452998 -0.0003255531048018314 -0.0022649859703649236 0.9999973819233959 10.592986895520134
0.9999999175937325 -0.00029428821535959666 0.0002796566994740235 0.009815609930739638 0.0002944142134567243 0.9999998551648165 -0.00045054433721184784 -0.2098055554355671 -0.00027952409304984145 0.0004506266443258347 0.9999998594007057 11.92684665206486
0.9999956191498712 0.0029266502333553943 0.00044316455304454485 0.00849259009679594 -0.002926167434704875 0.9999951283932682 -0.0010866182956648842 -0.23872589577863623 -0.00044634258460722067 0.0010853167811830785 0.9999993114322591 13.259965365121833
0.9999852553121981 0.005371111976697899 0.0008001905344833771 -0.007677749267945563 -0.0053700634302686085 0.9999847266608846 -0.0013072392560464594 -0.2591539172843933 -0.0008071997109539719 0.001302922929509103 0.9999988254088825 14.59380899534099
0.9999821225694321 0.005929096355822945 0.0007748207176185608 -0.017072009851744 -0.005928598276921788 0.9999822183097721 -0.0006440487163225187 -0.28837800412198533 -0.0007786256336010909 0.0006394436103111573 0.9999994924262581 15.969013714343175
0.9999911332420773 0.004046350950386162 0.0011663941170789315 -0.030448067064956022 -0.004048649659054713 0.999989853898883 0.0019749791198972887 -0.3159733750314872 -0.0011583909206385238 -0.0019796839705545767 0.9999973694868062 17.29870393393014
0.999999400781827 -0.00023206961552341317 0.0010698512027551615 -0.020547492807034384 0.00022807555108700361 0.9999930103613566 0.003731917580705273 -0.3354029303095634 -0.0010707098769967998 -0.003731671410070604 0.999992464075643 18.66967082176001
0.9999972380174447 -0.0020404498373854368 0.001166416163036382 -0.03356297054511152 0.002038035333838485 0.9999957857370393 0.002067587176972235 -0.3782607450703914 -0.0011706301524804477 -0.0020652043071679796 0.9999971822734793 19.989037224275165
0.9999948930895858 -0.002928253679639437 0.00128028558053587 -0.014270029611409732 0.0029286657465047838 0.9999956602626077 -0.00031995112960820016 -0.3923678544223177 -0.0012793432345372085 0.0003236990338346251 0.9999991292486019 21.34634204487592
0.999998497886038 -0.0006037045761212497 0.001624736802115397 -0.017313452746501645 0.0006058959418325845 0.9999989071186369 -0.0013485736250365282 -0.4397628295242915 -0.001623921024694346 0.0013495560491431854 0.9999977707858 22.69144700446061
0.9999961392659451 0.0013405051330413736 0.0024340296055095256 -0.046793587816387615 -0.0013398564927181444 0.9999990664447906 -0.00026813514920141573 -0.4344299773595867 -0.0024343869757829685 0.00026487286980786504 0.9999970017950829 24.06018540352931
0.9999943727407029 0.0015233212454803732 0.0029889764975531774 -0.0675032012128606 -0.0015349145004312044 0.9999912940628348 0.0038801852834586393 -0.45602205303684684 -0.0029830399560710416 -0.0038847513473230302 0.999988005016349 25.47134011973253
0.9999952031016696 -5.460303214236545e-05 0.0030969010606712363 -0.06051284125397643 4.00718665089176e-05 0.9999889915483827 0.004692033158584979 -0.4788689606873687 -0.0030971234257425842 -0.004691886642685934 0.999984196886796 26.832996377772027
0.9999900487905499 -0.0036415573329963546 0.002577089155911431 -0.04730670927908945 0.003630698675437371 0.9999845643609084 0.004205836552237582 -0.5146011859719971 -0.0025923653872487835 -0.004196438142705134 0.9999878346990567 28.227009538404907
0.9999863147661849 -0.004305666074479788 0.0029717889581474246 -0.04835413610255322 0.004301523088364864 0.99998976953417 0.0013991855122807684 -0.5184750952940956 -0.002977783231175684 -0.0013863831668884281 0.9999946053580243 29.575189206879124
0.9999847805932579 -0.004049941055093155 0.0037465409893383556 -0.04965608335095587 0.00405198924080956 0.9999916452919685 -0.0005391882668356393 -0.5739940825460355 -0.003744326323980856 0.0005543610215629431 0.9999928363241525 30.97287126088368
0.9999908018252083 -0.0015467242569564433 0.004000489493299417 -0.05318938819517313 0.0015545891468013544 0.9999968637671017 -0.0019635952627935042 -0.5757047843993035 -0.003997440145723098 0.0019697963621107344 0.9999900701355119 32.346290010399
0.9999904591920225 -9.39379925501728e-05 0.004367230908636204 -0.047741026111042285 0.00010987816389405186 0.9999933332326774 -0.003649851646355749 -0.6188523800660642 -0.004366859305589879 0.003650296762707638 0.9999838028028604 33.721141034644845
0.999988855745544 0.0009589853519296589 0.00462263295792434 -0.05364467933570684 -0.0009414614753562962 0.9999923687317557 -0.0037915867874202536 -0.6393660658641483 -0.0046262341516664215 0.003787192579842905 0.999982127402516 35.103465423149714
0.9999902044484485 0.0007006831030042923 0.0043703608826594735 -0.05796029692887894 -0.0006912165196017086 0.9999974126589626 -0.0021672324429423575 -0.6830828664101203 -0.004371868489465837 0.002164190393743676 0.9999881014495059 36.52304913667792
0.9999912755316184 0.001072941598045456 0.004037036036096055 -0.06823621956516888 -0.0010707729411195688 0.9999992812845016 -0.000539330764559093 -0.6956219327825903 -0.00403761214674606 0.0005350033232444919 0.9999917056929665 37.90736494621991
0.9999845135397001 0.004014492729987993 0.0038544164223205286 -0.07544325498883914 -0.004013425358231905 0.9999919056569576 -0.0002846841655681537 -0.7274265614641381 -0.003855528412171884 0.00026921034957748835 0.9999925311829934 39.28967965699511
0.9999723450953273 0.006048523554125963 0.004327169998077666 -0.08931374077066252 -0.006045991820560807 0.9999815440186228 -0.0005980111405566303 -0.7590767145389192 -0.004330707587217407 0.0005718325783642878 0.9999904589415758 40.697666483183774
0.9999626727918386 0.0075422046030662136 0.0042152297346029575 -0.09507101461692442 -0.007540758866572841 0.999971503681195 -0.0003588833972361435 -0.7747496983362915 -0.004217816745276314 0.0003270839742282529 0.9999910514764532 42.12005168211384
0.9999502847722975 0.00908868956363965 0.00410166923656874 -0.10695667564945308 -0.009088109058446422 0.9999586894473715 -0.00016028912075509888 -0.8054316580576915 -0.004102956959819944 0.00012300473340388503 0.999991575269085 43.52195208055507
0.999959158182999 0.00830361906711225 0.0035681735857953103 -0.10797016142748848 -0.008303377714423254 0.9999655229625348 -8.260017532020494e-05 -0.8355238992575582 -0.0035687367482960712 5.296890633428935e-05 0.9999936306336763 44.95421059607551
0.9999652451751655 0.007829715639597334 0.0028642593717065675 -0.09999938417781978 -0.00782685171435002 0.9999688597638549 -0.0010099067545722641 -0.867970750332449 -0.0028720777047268756 0.000987453537869299 0.9999953880400442 46.3385641866799
0.9999686911161954 0.007645682162057884 0.0020396858038021774 -0.11434657467608156 -0.007644829573325487 0.9999706872533886 -0.0004257124241218508 -0.8970204954731599 -0.0020428810503639212 0.00041010604907780506 0.9999978292212521 47.766895057714805
0.999977523985527 0.006602737644499049 0.0011642025034881546 -0.1361078038249206 -0.00660337670544155 0.9999780486501166 0.000545570781524562 -0.914515045438322 -0.0011605747849918616 -0.0005532462019761444 0.9999991734912709 49.17173904306827
0.9999680043388908 0.007997936358883916 0.00015262885007894726 -0.1435890932712742 -0.007998049938913772 0.9999677299833167 0.0007551200075940224 -0.9527711283771185 -0.00014658453526740435 -0.000756316601108113 0.9999997032489877 50.59458526344552
0.9999631348512347 0.00852099045732457 -0.001059074988048064 -0.1508156615192277 -0.008520243623154363 0.9999634512804051 0.0007082163779663921 -0.9709126510792438 0.0010650710752397932 -0.0006991667137240966 0.9999991883953422 52.04104173569347
0.9999636890074943 0.00827489686510354 -0.0020363514001788424 -0.17004617292261232 -0.008271999310858327 0.9999647675121653 0.0014275081039552555 -0.9988685107640175 0.0020480923104820793 -0.0014106116081470253 0.9999969077434707 53.44083730019143
0.9999695127765985 0.007216613647700171 -0.002982278383639192 -0.1750085872822874 -0.007208859752431137 0.9999706285485781 0.002602766954039912 -1.0272807986458388 0.0030009742085541106 -0.002581188835134826 0.9999921657812353 54.90577849394057
0.9999725907845209 0.00649911599354569 -0.0035467099107112407 -0.18105363258067275 -0.00648920323482251 0.9999750264360834 0.0027994210580906 -1.0656614559381736 0.0035648154019855124 -0.0027763290693280894 0.9999897919954602 56.31409633473767
0.9999858976926049 0.0035616629839730213 -0.003939410964013811 -0.19426957375823406 -0.0035528983981184805 0.9999912027075685 0.0022296696239333886 -1.0839899726321258 0.0039473179747756045 -0.0022156419031517287 0.9999897547572846 57.730110151011445
0.9999867292595153 0.0035277626303348115 -0.0037544882733660696 -0.21459668801273013 -0.0035183404689776866 0.9999906522971678 0.0025132856343442734 -1.120926479732407 0.003763319772495434 -0.002500042768188498 0.9999897935568557 59.18076289326357
0.9999926100369 0.0015863103232595698 -0.0035019254709753554 -0.21987971969385578 -0.0015766552449415112 0.9999949533811372 0.002758146604760864 -1.1390493454625457 0.0035062833729649833 -0.002752604951318225 0.9999900645255607 60.580524402920425
0.9999962760668187 0.0006877665893476118 -0.0026409891764716345 -0.25006452522200084 -0.0006777493403553325 0.99999258055411 0.00379203018136603 -1.168188649645347 0.0026435778398966213 -0.0037902262088082375 0.9999893227864688 62.032603616047595
0.9999959615159758 -0.0019065320691970984 -0.002107625790318275 -0.25168288404998707 0.001914104816120277 0.9999916995691669 0.0035968030129073965 -1.1867686797957684 0.002100751056411701 -0.00360082277517236 0.9999913104245881 63.418253061840005
0.999993201972168 -0.003099786701139872 -0.0019968307102344587 -0.24483846836348583 0.003105168520432069 0.999991540295712 0.0026976398101120833 -1.2127640435146698 0.001988451880080283 -0.0027038220198799833 0.9999943676888898 64.83411310237136
0.9999951791737877 -0.0028212189766696222 -0.001297056134657108 -0.2599823995631927 0.0028241469539374148 0.9999934560202738 0.002260996712795393 -1.2517847266405364 0.0012906689910223165 -0.002264648933580854 0.9999966027648753 66.31576549593343
0.9999990144014004 -0.0013041842006504822 -0.0005199047912371098 -0.2749749918947426 0.0013054990543575843 0.9999959306711178 0.0025365943595805672 -1.2795197458517262 0.0005165945350937571 -0.002537270644160597 0.9999966476889061 67.66061493373897
0.9999994144077767 0.0010807798519638966 -5.565155144973146e-05 -0.28346692951766445 -0.0010805881983129637 0.9999938485817444 0.0033369340681166544 -1.3035573797668212 5.925770786824975e-05 -0.003336872044268492 0.9999944308716152 69.13123167362495
0.999993079803554 0.0036956661752959516 0.00042707172968470676 -0.29390689682998394 -0.003697514823571898 0.9999834331530914 0.0044115540782586815 -1.3208954663159473 -0.00041076105463862863 -0.004413102742965271 0.9999901778517118 70.51487598947973
0.9999723683318841 0.007330952829377286 0.0012327569430711143 -0.3168359266487979 -0.007337021339029831 0.9999606230493522 0.004992041949831738 -1.3457050548812803 -0.0011961120743013806 -0.005000948878590389 0.9999867798254474 71.95412297729645
0.9999254151773117 0.012073589146870508 0.0018418743252726349 -0.3329675232960488 -0.012082331769277796 0.9999154309555424 0.004811260119306147 -1.3705759290893333 -0.0017836295293288524 -0.0048331555120552094 0.9999867295480152 73.34716081571074
0.9998758503622859 0.01551788156701556 0.0027348083407982577 -0.3520566148297821 -0.015529480865671658 0.999870284020211 0.004272048366428767 -1.3923441385394997 -0.002668160674790157 -0.004313988241715883 0.9999871351280029 74.73717276349328
0.9998449784784424 0.01732383675686721 0.00314700616469579 -0.3520219402670246 -0.017336733264130252 0.9998412286339845 0.004117675327177189 -1.4195476093741206 -0.003075172832587056 -0.004171595898331873 0.9999865704581672 76.17944124916343
0.999836432654354 0.017688695598083608 0.003770668449681844 -0.36767589327816286 -0.01770601280132377 0.999832610907181 0.004609482093321351 -1.4456665435091371 -0.0036885018642847157 -0.004675491739113564 0.9999822672065395 77.49414070231329
0.9998566242719992 0.016565470482711116 0.0035094225557611917 -0.35824549831243085 -0.01658186033797127 0.9998514955863687 0.004693476861164499 -1.473916133908183 -0.0034311520257345506 -0.0047509967887290425 0.9999828274635976 78.96053905959927
0.9998665459008957 0.015886744440081316 0.0038081099901605235 -0.3753584958944808 -0.015899566026420696 0.9998679472234275 0.0033603507072555907 -1.5035530603251348 -0.003754222401207722 -0.0034204496274355825 0.9999871030841461 80.30729404401352
0.9998650915448841 0.016087535367448377 0.0033150983291151247 -0.369507896500205 -0.016098289044231995 0.99986515564423 0.0032427859398661578 -1.533924885060968 -0.0032624831473363263 -0.0032957159463645217 0.9999892471705183 81.72087186901672
0.9998818101887867 0.01517021430453809 0.002496039911548155 -0.36451169287800433 -0.015178657308440667 0.9998790212429036 0.003398717332994825 -1.557937194071164 -0.0024441788781379417 -0.003436202251039791 0.9999911092110506 83.13813957823236
0.9998741476416843 0.01557820258081292 0.00300140715639626 -0.3956438966780823 -0.015587862108742127 0.9998733108379724 0.0032219356269245895 -1.587372181845301 -0.0029508351924137015 -0.003268315733564454 0.9999903052933995 84.50156845892106
0.9998780825108134 0.015481189433110954 0.0020378543316923615 -0.3982652580283301 -0.01548810725965084 0.9998741918345312 0.003423313705997116 -1.60582848338411 -0.0019846011508683776 -0.0034544589289858094 0.9999920640033922 85.89244525029939
0.9999002848227921 0.014067703378654893 0.0012329229454947535 -0.4041322220001994 -0.014072844416712839 0.9998918784564111 0.00426456113098236 -1.6337736188224823 -0.0011727971554403754 -0.004281486716512348 0.999990146660246 87.2547446278934
0.9999181358078316 0.01279537510525534 -5.202569177827857e-06 -0.4109406284968373 -0.012795175946583612 0.9999046216844891 0.005199138062040045 -1.6584382954498877 7.172700417338099e-05 -0.005198645983338126 0.9999864843769253 88.67241641240537
0.9999477955877617 0.010150085445306333 -0.0011755167032633767 -0.41954298757379527 -0.010143113233009772 0.9999317762231117 0.005793114436499747 -1.6825603577206174 0.0012342372199476495 -0.005780888734054984 0.9999825288410791 89.99945311361822
0.9999601557656229 0.008627392523902034 -0.002292369214299871 -0.4180330512933641 -0.008614290346121782 0.9999468467286023 0.005665486449737826 -1.7074323269763585 0.0023411259446899624 -0.005645513698558941 0.999981323480519 91.34262097332248
0.9999657696707825 0.007780782449746238 -0.0028140521722458444 -0.4215688179099351 -0.007764889546307466 0.9999540859978486 0.005615371905513145 -1.731845685162257 0.0028576152005492035 -0.005593329003715693 0.9999802741616883 92.71378139345457
0.999969291766006 0.007260060326626483 -0.0029507674533996533 -0.43119237312044234 -0.0072448867010046995 0.9999606428028275 0.0051209838871000835 -1.7616210876580798 0.002987830227581318 -0.0050994487633471055 0.9999825340971695 94.04432607041895
0.9999762484774982 0.00606341656432961 -0.0032768036657050592 -0.44324292911274776 -0.00604813810809461 0.9999708858133575 0.004652694078619591 -1.7750730533957635 0.003304919769236041 -0.0046327651075707 0.9999838073688165 95.43235294532947
0.9999805082255024 0.005612262137501827 -0.0027359946584197105 -0.4551464298905076 -0.005600920660084321 0.999975762954912 0.004135601614947128 -1.7986795331205572 0.002759138662502553 -0.004120197003475192 0.9999877054925583 96.7575372886551
0.9999750579241936 0.006576800545605679 -0.002574724467272183 -0.46872046642502363 -0.0065681604832987395 0.9999728177486229 0.0033500812710526816 -1.8260882804957803 0.0025966875185176328 -0.003333086582413769 0.9999910738366592 98.13484956168223
0.9999705717492493 0.007293086938187617 -0.002380440915875076 -0.48755138878145604 -0.00728545378994879 0.9999683409739822 0.0031998792855667977 -1.846442259986461 0.0024037027565017802 -0.0031824425966905175 0.99999204710687 99.51597245548362
0.9999627832680547 0.008287002601236472 -0.0023995092410479205 -0.5010528798587346 -0.008275736105445063 0.9999548598986153 0.004668016049719159 -1.877868609461963 0.0024380849973831735 -0.004647984716096367 0.9999862258976031 100.85691816426525
0.9999588650516 0.008822542128983661 -0.0021049779337065774 -0.5193253444744499 -0.008809753083329666 0.9999431342315832 0.006009706439594652 -1.8991246772120751 0.0021578793074191927 -0.005990915021380279 0.9999797260441519 102.24381972532782
0.9999640031122485 0.008237407122358542 -0.0020341048062276303 -0.5312292223860569 -0.00822730322233925 0.9999540175704502 0.004926889786944237 -1.9220838821929696 0.0020745962489452504 -0.004909977341989541 0.9999857939878949 103.5616476446012
0.9999595178364274 0.008852406875684738 -0.0016116943496356799 -0.5378084132497706 -0.008848258374497198 0.9999575674097702 0.002563537133566721 -1.9440533658264076 0.0016343195746343854 -0.0025491727263640736 0.999995415350064 104.92075025228945
0.9999673297493301 0.007848098679382323 -0.0019356552045690632 -0.551024200607104 -0.007845305640470042 0.9999681787666598 0.0014465994604869407 -1.9681754124278694 0.0019469468301388654 -0.0014313664288320969 0.999997080291601 106.23689693657978
0.9999815221470584 0.0058210939329444164 -0.0017522029749599917 -0.5681687022556049 -0.005817229052879791 0.9999806531097097 0.0022030124083555315 -1.9986841099852115 0.0017649931680044119 -0.0021927787844765764 0.9999960382539935 107.54279343746644
0.999994179184245 0.003191323696342825 -0.001207080307281835 -0.5748666648586847 -0.003186181306020144 0.9999859413622713 0.004238552983420671 -2.0210247535377155 0.001220590038328728 -0.0042346824217755945 0.9999902887666829 108.93650496419099
0.9999974329188883 0.002227741696920451 -0.00041390574979951263 -0.5822656375827344 -0.0022256518089372587 0.999985107117596 0.0049831736672999866 -2.0548091768120025 0.0004250008491238483 -0.004982239765257849 0.9999874982533689 110.2869512812064
0.9999990580552871 0.0012519202853309534 0.0005626569411132933 -0.5891014269034766 -0.0012540742865958772 0.9999918246059327 0.0038442190761995916 -2.076064281685515 -0.0005578397294312082 -0.0038449211450462917 0.999992452669621 111.64021359910926
0.9999975723552563 0.001856429660114873 0.00118699240267662 -0.5982664719293052 -0.0018579315350010445 0.9999974735155497 0.001265328403941341 -2.096205409188994 -0.0011846405097848639 -0.0012675307082301473 0.9999984949945031 112.97750626366354
0.999980140276868 0.005813743125141551 0.002432988759019571 -0.5953834798849225 -0.005812713331469116 0.9999830134751417 -0.0004302750381467044 -2.131656670263204 -0.0024354491460738302 0.0004161242325401985 0.9999969477077423 114.29148093439971
0.9999625191052579 0.007706166846624391 0.003946563762538245 -0.6072988901774252 -0.007702829567689671 0.9999699627538527 -0.000860246012227732 -2.149896129683088 -0.003953074753170055 0.00082981407506737 0.9999918422686114 115.62381737736192
0.999945390437861 0.00904735015685681 0.005230830036971761 -0.6244132190270123 -0.009052880262277102 0.9999584868441852 0.00103439214644021 -2.1767067073814856 -0.0052212548216992675 -0.0010816897607345303 0.9999857841188633 116.94502983462786
0.9999523154670222 0.007581437087210611 0.006155371149421624 -0.6262635743531683 -0.007601981396401115 0.9999655897195282 0.0033210346485155287 -2.1997611628791374 -0.00612998164190965 -0.0033676693706874623 0.9999755407621298 118.30026633825311
0.9999466901623325 0.007463868964978634 0.007134948095704958 -0.6299753328023745 -0.007493120506389477 0.9999635954353613 0.004081784409738667 -2.2272588411454772 -0.007104223044538342 -0.004135029917795728 0.9999662151976673 119.63464300298153
0.9999345898897717 0.00803548126649394 0.008139224310943827 -0.6305667689902534 -0.008063341757913251 0.9999617244182699 0.0033959144192246466 -2.2492312134781467 -0.008111625653905299 -0.0034613217071241117 0.9999611096313141 120.99465839105868
0.9999072290811362 0.0098768177868915 0.009379855340458442 -0.6263954155162322 -0.009904246250872557 0.9999467980582627 0.0028821833924380594 -2.271021611075051 -0.00935089030218488 -0.002974816465311214 0.9999518544965839 122.34893376732019
0.999873058796435 0.01196402083280941 0.01052275993097974 -0.6247658157072177 -0.011991511678913568 0.9999248395099554 0.0025532346065692438 -2.2948616489367804 -0.010491422968349587 -0.0026790943479294738 0.9999413745271618 123.62134482617321
0.9998357981325452 0.013818602886952726 0.011722753872758465 -0.6218416109733915 -0.013838236195368607 0.9999029744838037 0.0015952655175094726 -2.323459655130733 -0.011699573113967384 -0.00175722584457903 0.9999300136210537 124.97306164226912
0.9998207392202909 0.0139332426917492 0.012820068000824037 -0.6198719618589822 -0.013943420274480818 0.9999025374365026 0.000704765394634573 -2.3420202424401624 -0.012808999939460303 -0.0008833946715798295 0.9999175711671312 126.33896253444004
0.9998036047960166 0.014206787058753577 0.013817344432087646 -0.6111973787869345 -0.014212818332069818 0.9998989355749764 0.00033833009312899027 -2.3764026928578237 -0.013811142574128627 -0.0005346470631423452 0.9999044786820162 127.67968155946086
0.9997947086713818 0.013866309721653272 0.014773826062751128 -0.6046218953516433 -0.013887169215808778 0.999902710232841 0.0013102042006537717 -2.404429157539689 -0.0147542222698908 -0.0015151018780621688 0.9998900026440558 128.98376679818162
0.9998187144073959 0.011028977847602615 0.015520951837162835 -0.5936023554806777 -0.011066061403302352 0.9999361117777242 0.0023053575326877993 -2.420517594280264 -0.015494535802083167 -0.002476695455294998 0.9998768850897888 130.36668029388676
0.9998308725873184 0.009485780737872485 0.015755829617356446 -0.5769834466341794 -0.009525714611479271 0.9999515999888079 0.0024613942914644823 -2.4397967039463264 -0.015731720116411406 -0.002611063584536868 0.9998728395783063 131.55681265761766
0.9998356543217981 0.008602683738050195 0.015958012517316364 -0.5622520514502618 -0.008647049899140913 0.9999589326167894 0.0027132317083078624 -2.469914958629227 -0.01593401743399742 -0.0028507755807325973 0.9998689814993429 132.92604205160396
0.9998512568660293 0.007307739252952135 0.015622454300073448 -0.5487627578135692 -0.007360777336512598 0.9999673306211492 0.0033401590076783676 -2.4927597611216816 -0.01559753622889053 -0.0034546556504981927 0.9998723829645553 134.28668267093838
0.999869390157458 0.005788118761490725 0.015089741535695386 -0.529170359129278 -0.005834357118493418 0.9999784137291491 0.0030219801180841554 -2.5228301827167834 -0.015071925496182088 -0.0031096244121313946 0.9998815766352075 135.65432732089823
0.9998916441213394 0.00453305819025175 0.014005405953355608 -0.5188468140285829 -0.004581540551951251 0.9999836169326015 0.0034315245386604023 -2.539790157957453 -0.013989622381127997 -0.0034953191090976816 0.9998960311981001 136.9498581429183
0.9999167543948267 0.0013950034508776448 0.01282724636170865 -0.5043961814704317 -0.0014516253613509498 0.9999892402125445 0.004405932870511685 -2.5592861968047975 -0.012820963131684245 -0.004424186529926975 0.9999080205064248 138.3365709642681
0.9999289019295575 0.0006937469166684853 0.011904192801476005 -0.49230598187819247 -0.0007459606110596165 0.999990119548515 0.004382276621534744 -2.5911627375112776 -0.011901035993999894 -0.004390845186442939 0.9999195396707946 139.72056576507237
0.9999433511369059 0.00022381435197122226 0.010641636649791014 -0.48565217609165384 -0.00027017929033129 0.9999904774062749 0.004355697349634269 -2.612385475955539 -0.010640561341920634 -0.00435832583157913 0.9999338895369225 141.0576622579562
0.9999545316425081 1.7668403107216207e-05 0.00953594999606099 -0.4813677350773148 -5.480370981888853e-05 0.9999924168684416 0.0038939955611236145 -2.6379205933570264 -0.009535809685707268 -0.0038943411819844535 0.9999469498099608 142.42761729941452
0.9999630724202828 1.5415282504949515e-05 0.008593809693569234 -0.47448461657884383 -4.344409481964358e-05 0.999994680890293 0.0032613345660922706 -2.65437387915793 -0.008593714431349691 -0.0032615875404840896 0.9999577541639824 143.7856167207458
0.9999707159688008 -0.0016206287734341577 0.007479356684675948 -0.46967076256431933 0.0016121002078654835 0.9999980436959339 0.0011461826168949274 -2.678813832832311 -0.0074812002204977844 -0.001134091594603452 0.9999713723267057 145.07786546044065
0.9999656233904369 -0.00503856301148378 0.006585205625647225 -0.4704857065953947 0.005036795110772551 0.999987274630241 0.0002850719272205252 -2.7248603929899886 -0.006586558735400993 -0.00025189379166221413 0.9999782766576263 146.47117443662026
0.9999054155970594 -0.012583846579106444 0.005550376659890027 -0.4574875099189833 0.012569054658205786 0.9999173824306462 0.002692056346251972 -2.7461690208899214 -0.00558379499413993 -0.0026220387696035082 0.999980972889337 147.8566650334282
0.9997392086089104 -0.022499948748340333 0.003907311717770284 -0.44460417480351566 0.022482299173510342 0.9997370951417962 0.00450408887954443 -2.7614283444019687 -0.004007626568864154 -0.004415068967485314 0.999982222887722 149.22354969224511
0.9996697426794424 -0.02556860278930778 0.002579171427368661 -0.43899740625313277 0.025565239123383862 0.9996722718525676 0.001329450369509552 -2.7864387409254516 -0.0026123185664786337 -0.0012630741777269873 0.9999957902071898 150.61311593679423
0.9997104012811004 -0.023849407497256 0.00321237270772936 -0.43554953537496444 0.023856040413642667 0.9997133185581221 -0.002042065491320902 -2.8219996467726087 -0.0031627499952249613 0.0021181086674712905 0.9999927552857353 151.96704940486802
0.9998046938153579 -0.0193460824729665 0.004037738199668545 -0.44746741206401375 0.01936427417076561 0.9998022970711765 -0.004515711450133711 -2.852734887604358 -0.003949578936927531 0.004593017481827657 0.9999816523375458 153.42589059576508
0.9998002413642485 -0.019379027153152303 0.004891900169203527 -0.45149838837159284 0.019400036991950753 0.9998026222920283 -0.004284275388483047 -2.891543446637813 -0.004807909936498262 0.00437832271675215 0.9999788569198066 154.77298919866033
0.9997035187054517 -0.023725949920714175 0.005473024418777492 -0.44633152588257685 0.02373409381423409 0.9997172874164734 -0.0014275956889426079 -2.909023282527316 -0.005437606521052119 0.0015570697617884718 0.9999840038536131 156.0697225760306
0.999501523089541 -0.031047367257126073 0.005724187466132365 -0.4370213025631132 0.031038075489131112 0.9995167480354008 0.0017053675251562804 -2.926435305722178 -0.005774368897429178 -0.0015268496777893238 0.9999821625349684 157.3480056240533
0.9994484387977023 -0.03268789521396784 0.005858300209164953 -0.4233665047980697 0.032671694290334036 0.9994621012187099 0.0028405343340772763 -2.9600207767780815 -0.005948000623172543 -0.0026475670344009764 0.9999788056112677 158.72172356086284
0.9994024775327304 -0.03407765473056233 0.005779388871804629 -0.4170808186297545 0.0340599109099485 0.9994148548465673 0.0031417192963149924 -2.997769864049981 -0.005883070007887015 -0.0029429966055277727 0.9999783638922989 160.07982901614474
0.9994155719854306 -0.03350027502379932 0.0068004437107008105 -0.4153401361417519 0.03347636918770368 0.999433027119576 0.0035995869509739074 -3.0039769044331504 -0.006917175775500488 -0.003369829122396542 0.9999703980243965 161.42511612630213
0.9994992651614721 -0.030596635613878383 0.00806627713251289 -0.4207385523330888 0.03057222961144793 0.9995276528335891 0.003132093217427113 -3.0290445996122544 -0.0081582992489235 -0.002883920819437264 0.9999625618730535 162.8057504717334
0.999582381839384 -0.02749911866547884 0.008880337359696896 -0.41849974840335935 0.0274917789716594 0.9996215803313406 0.000947749433588472 -3.0484629119316415 -0.008903039889175039 -0.0007032173499112445 0.999960119884414 164.19890551067186
0.9996491489320102 -0.02465684066000686 0.009675704409813 -0.4177725282161616 0.024656430058926544 0.9996959709046822 0.00016190415299013932 -3.068371670914421 -0.009676755574984987 7.67210085530544e-05 0.9999531761580222 165.5536231015945
0.9996919116418285 -0.02268370776027769 0.010076269676434673 -0.4138664105597418 0.022672903025565263 0.9997422339285927 0.001185396192465039 -3.0962413091807366 -0.01010056238786805 -0.0009565726937464335 0.999948530476153 166.87917446888235
0.9996851125649702 -0.023133838342777595 0.00972117530847544 -0.40580364249375667 0.023121109051955437 0.9997316630121306 0.0014199591707231044 -3.1137739599905183 -0.009751416684818397 -0.001194747686917674 0.9999517400574287 168.28272208067543
0.9997723093614457 -0.01914168390500036 0.009430025753517543 -0.40808384275573395 0.0191529793620018 0.9998159499986357 -0.0011088293745660778 -3.151706728686405 -0.009407066090460407 0.0012891900408481649 0.9999549215287463 169.63569865190357
0.9998465129609563 -0.015005472232311598 0.009043580025690496 -0.40706263044921714 0.015037515483906128 0.9998808548570397 -0.003485571511194805 -3.1845425958188387 -0.008990200642123969 0.0036210295859788228 0.9999530311119813 170.991085579634
0.9999249472137401 -0.008332503897384356 0.008981610902549578 -0.40055702805529136 0.008378761502660056 0.9999517645498138 -0.005124931259758 -3.2272439605590724 -0.008938474919830278 0.005199801511189324 0.9999465314322181 172.37314829691823
0.9999446858981099 -0.005240887203378867 0.009119115041637956 -0.41057522436221683 0.005279633905312154 0.9999771158316099 -0.004230044009119525 -3.2498132599638567 -0.009096737946624913 0.0042779557127281785 0.9999494729467892 173.7139589953976
0.9999527589692332 -0.000847477083743782 0.009683058434579384 -0.4148220630967305 0.000869992245648871 0.9999969274955803 -0.0023212306496307117 -3.285270558382835 -0.009681062313524032 0.0023295452324988246 0.9999504238933138 175.1100547077869
0.9999510219796475 -0.0014849663596619572 0.009785117573944601 -0.4145280262871791 0.0014865402544164633 0.9999988833062111 -0.0001535647958730188 -3.3127065834020915 -0.00978487943534505 0.00016810325815696414 0.9999521127878173 176.50451814456554
0.9999523820585902 -0.003413985953394089 0.009142118299457809 -0.40647973611790256 0.0034082629997697605 0.999993986071176 0.0006415293596292326 -3.340948959249506 -0.009144254263663195 -0.0006103400697544166 0.9999580041642281 177.90238011266035
0.9999526345097718 -0.006316155193748672 0.007405061440633974 -0.40579451135319494 0.006310300270514536 0.9999797586962703 0.0008138184319314711 -3.3608876820330598 -0.0074100523811952805 -0.0007670517280626051 0.9999722509893736 179.28761928615725
0.9999582657537933 -0.007442719410829609 0.005298366984852239 -0.39950421162020905 0.007457222277081054 0.999968487954396 -0.0027226688683504724 -3.391113181993158 -0.0052779364097880095 0.0027620664045606724 0.9999822570278456 180.6688196749482
0.9999833968319205 -0.004195166132573827 0.003950525538826901 -0.40562894384954773 0.004222927861294011 0.9999662643224413 -0.00704535957281491 -3.43346790228754 -0.0039208361481152575 0.007061925527480633 0.9999673775914459 182.0843404814718
0.9999944411295019 -0.0007335616608307848 0.00325263010971539 -0.41946023331019566 0.0007607120971257694 0.9999648166610657 -0.00835384675757907 -3.456358321217121 -0.0032463878907468746 0.00835627480260141 0.9999598160092724 183.43949575244977
0.999990014196039 0.0032663331665266143 0.003050012086312465 -0.429991598436349 -0.003244814672367943 0.9999699981079261 -0.007033780473478068 -3.496200097292558 -0.003072895516259594 0.007023813649993054 0.9999706112437047 184.82087315060934
0.9999849766336391 0.004456206560971461 0.003191978319452082 -0.439763874091491 -0.004443198425343962 0.9999818426677031 -0.004070912848406769 -3.521455236159877 -0.0032100614650611772 0.004056669175704442 0.9999866193786507 186.24346637419347
0.9999850165996782 0.004187563443324757 0.003525746012412573 -0.4469773945138838 -0.004181348144839431 0.9999896944267137 -0.0017684389120267003 -3.551337195044509 -0.0035331154279989604 0.0017536700774833838 0.9999922208357975 187.62516548268235
0.9999819663560511 0.004612165554377936 0.003846412268187615 -0.45545785687330465 -0.004609114220046586 0.9999890564888765 -0.0008018588230383903 -3.5865817246405842 -0.0038500688068784546 0.0007841158241766883 0.9999922810341213 189.0126166319002
0.9999892661503681 0.0027348789251381888 0.0037400562724214884 -0.4558770909121399 -0.002734106101481339 0.999996239902158 -0.00021177897428658138 -3.6123276061882104 -0.0037406217157559115 0.00020155099533139824 0.9999929835362873 190.43549730786987
0.9999930227343259 -0.00043568670282634683 0.0037100761417456912 -0.4507659310399275 0.00043454353132626675 0.9999998578653918 0.0003089342600689989 -3.6391854364102993 -0.003710210526227718 -0.0003073199176684127 0.9999930699199086 191.82695828667207
0.9999879954219753 -0.002577425245056447 0.004167241260714679 -0.45421416674334025 0.002575917493186775 0.9999966149072813 0.000367177387169621 -3.669844020750498 -0.004168173878261339 -0.00035643851135796454 0.9999912495983364 193.23739691279138
0.999978556318873 -0.004758318167349196 0.004499480203220877 -0.44942758653028003 0.004752507554313015 0.9999878600989236 0.0013012763928767158 -3.7003333934358693 -0.004505617846467631 -0.0012798646929806474 0.9999890306144371 194.6706769691706
0.9999584375477426 -0.007806801229255901 0.004709251080742546 -0.44433130927716835 0.007794924756455088 0.9999664054950924 0.0025351568152285164 -3.7306162612129388 -0.004728884738173795 -0.0024983432294783544 0.9999856978603902 196.05705895380382
0.9999007694543162 -0.013152468721661578 0.005046169534328183 -0.4394393172521072 0.01313741939215053 0.9999091875435496 0.0030041416401712954 -3.7508237967599567 -0.0050852235846365525 -0.0029375499357558333 0.999982755499519 197.47531196169047
0.9999392410827553 -0.009585381607366904 0.005443768709977332 -0.439102471025411 0.009590924173251055 0.9999535131332534 -0.000992842595345513 -3.7886137357631444 -0.0054339993304585886 0.0010449930765734454 0.9999846897002027 198.92012242353928
0.999975794672442 -0.003909076280485837 0.005755797359150137 -0.4475211929136978 0.003946826199933305 0.9999706818404787 -0.006561860789425995 -3.8021401479727954 -0.0057299782847284614 0.006584419226687383 0.9999619056575763 200.30614862478515
0.9999632060788808 0.004709319729140557 0.007169992584566489 -0.46562201588126567 -0.004659429545083755 0.9999649296370681 -0.006959110666782852 -3.835346437707581 -0.007202514422115284 0.006925446677281808 0.9999500797378669 201.77323936152965
0.999886145305763 0.012568640761270677 0.008350189889158175 -0.4850495431723032 -0.01254109727359429 0.999915769556197 -0.0033428584935647457 -3.8650923173913063 -0.008391502449054213 0.0032377574107980674 0.9999595489851136 203.20528662009755
0.9998606488387267 0.014003635545998242 0.009087412542487062 -0.48458480388076397 -0.01399577716864844 0.9999016238129996 -0.0009278756215452275 -3.8995561622855304 -0.00909951296003143 0.0008005609324739353 0.9999582781091741 204.64302962324288
0.9998850328877916 0.0124574969232085 0.008644752973066074 -0.480911523720858 -0.012452701337106353 0.9999222770100407 -0.0006084396962453162 -3.925231023989464 -0.008651661444985555 0.0005007192261527989 0.9999624483086956 206.0677349194313
0.9999307218138123 0.009123001651698612 0.007437902946098636 -0.47581705324174556 -0.009119255882202764 0.9999582743022031 -0.0005374448984742921 -3.9535891620831185 -0.007442496335021494 0.0004695795334000451 0.999972193981711 207.52417147067322
0.999950785157086 0.007585361342736692 0.0063944935126192 -0.46788153288614354 -0.007579537224659609 0.9999708381317244 -0.0009346217279449132 -3.987738497588329 -0.006401397022947653 0.0008861084459376494 0.9999791182427475 208.9152244427647
0.9999555030557857 0.007280176568227395 0.005999243989176442 -0.4715401954025442 -0.00726955266979054 0.9999719728286791 -0.0017908591664716287 -4.012865850907413 -0.0060121141282436785 0.0017471676923069735 0.999980400749162 210.3968729525866
0.9999589730306846 0.006900138037813818 0.005868589458529124 -0.4686755563047786 -0.006892100199357 0.9999752847462071 -0.0013888362188061978 -4.03538376679513 -0.005878028074758685 0.0013483323585632915 0.9999818152244516 211.82675218001435
0.9999408503909855 0.009211384845485516 0.005783259817238084 -0.47715464609513103 -0.009209457808036902 0.9999575273037334 -0.0003598555536196471 -4.073223089701818 -0.00578632944442394 0.0003065735847215806 0.9999832120581477 213.30359959397703
0.9999503581294525 0.008257213281736796 0.005576709930383672 -0.4808805302555838 -0.008253318726953215 0.9999656807854883 -0.0007211096642275112 -4.10355085084448 -0.005582473371221004 0.0006750475140162924 0.9999841900229839 214.80110509341011
0.9999434247258241 0.009335494307452626 0.005098615340346922 -0.4787723698840278 -0.00932517533813677 0.9999544304902068 -0.0020440325224914606 -4.140294537098176 -0.0051174654876127235 0.001996371435123266 0.9999849129073293 216.2774621652162
0.9999530260413733 0.00841435156782659 0.004810861203250676 -0.4797275324058141 -0.008403996299502019 0.9999623339428397 -0.0021687692980640275 -4.170706621028473 -0.004828929194778458 0.0021282370020677672 0.999986075925305 217.7267158485365
0.9999639303027354 0.007296613547014389 0.0043471270951914226 -0.4755576163879991 -0.007287212393307705 0.9999710833055051 -0.0021746502878182724 -4.191994606656614 -0.004362869344310262 0.002142893450595741 0.9999881866169661 219.19219963287765
0.9999588586083286 0.008056149549137382 0.0041688766789053375 -0.4823948977755751 -0.008044928385629159 0.999963989651754 -0.002701581862027104 -4.22741783969685 -0.004190491260526547 0.002667932450683737 0.9999876608810229 220.6633381818486
0.9999574287499398 0.008185935106189493 0.004258067820637166 -0.4810098736943361 -0.008173587019584719 0.9999623631909246 -0.002909414846315887 -4.264952573191027 -0.004281724206389311 0.002874487354892077 0.9999867019891088 222.14477162604746
