1.0 -3.469446951953614e-18 0.0 -1.7787691892340307e-19 0.0 0.9999999999999999 -3.5575383784680614e-19 0.0 2.168404344971009e-19 -2.371692252312041e-19 1.0 0.0
0.9999999398638733 -7.08535559765227e-05 -0.00033948727388392647 0.05569069961672338 7.123806521749064e-05 0.9999993559314045 0.0011327230995349811 -0.026761272848715878 0.0003394068273799933 -0.0011327472383819146 0.9999993008434594 1.3159701006825606
0.9999991075624272 -0.0005587901877283866 0.0012135198795759842 0.11108300046058615 0.0005566348298350308 0.9999982684086526 0.0017757635472657302 -0.04833477912174309 -0.0012145101586562628 -0.0017750865086460634 0.9999976870130872 2.5650198957187875
0.9999986623008615 -0.001394892473034327 -0.0008542085520880812 0.03093359560188342 0.0013959092782483903 0.9999983167096599 0.0011908034270015815 -0.07750670845536396 0.0008525461445813494 -0.00119199425482789 0.9999989261575861 3.936471695321593
0.9999980001000701 -0.0019751542485079415 -0.00031394908418914806 0.024367130358146014 0.001975511052230948 0.9999973990206485 0.0011398705547146892 -0.09588443121158151 0.00031169687484855556 -0.001140488506193464 0.9999993010656014 5.253833683417112
0.9999969921685741 -0.0023946195426965845 -0.0005305221385694383 0.028084535565288837 0.002395337339596279 0.9999962114961785 0.0013562258582230557 -0.11006020353495599 0.0005272725295665747 -0.0013574925837638611 0.999998939598746 6.569973683207437
0.9999938840451018 -0.0034742707731954727 -0.00040164565140979607 0.017230122687791248 0.003475181708964572 0.9999913407733072 0.0022894290160143478 -0.1480912623083519 0.00039368811252269635 -0.002290810848402837 0.9999972985945298 7.906843144220987
0.9999934807648312 -0.0036044365371465537 -0.00021556849701663788 -0.002826853913564945 0.0036049733270904043 0.999990269370719 0.0025427004750362405 -0.1644904176371113 0.00020640141666257504 -0.0025434610647952277 0.9999967440972289 9.221635212817418
0.9999942867581283 -0.0032898444245551463 -0.0007767742121813788 -0.003426445794512456 0.003291323377524304 0.9999927592306069 0.0019101496817584046 -0.18620007199866073 0.0007704845593514739 -0.0019126954195419514 0.9999978739734093 10.555775318111355
0.9999997262395756 -0.00037921103935429495 -0.0006353891423428945 -0.020486571769121713 0.00037874398784702897 0.9999996581190929 -0.000735060657465317 -0.2115287250034994 0.0006356677213778751 0.000734819820673273 0.9999995279835372 11.876251946990992
0.9999976208735684 0.0021175043661606566 -0.0005238491198788094 -0.016466684491482676 -0.002118280810770822 0.9999966525827654 -0.001485837666450193 -0.23918546172741567 0.0005207011412423424 0.0014869438182549505 0.9999987589337622 13.211296655001803
0.9999843765954991 0.005575644267167547 -0.00039842716408114757 -0.04614069120980811 -0.005576303888899716 0.999983052551987 -0.0016731572024381127 -0.25629334608324483 0.00038909151354587926 0.0016753528414049715 0.9999985208994498 14.553083002592057
0.9999826209871596 0.005895560615423048 8.766228162133396e-06 -0.0672410141200154 -0.005895550687673641 0.9999822139433712 -0.0009023807199307399 -0.2888521455625604 -1.4086114787896595e-05 0.0009023133689829788 0.9999995928159362 15.903663396182958
0.9999896229323363 0.00455089193722215 0.0002083309533915639 -0.05916297544539071 -0.004551229387547904 0.9999882858617464 0.001647561473567928 -0.3197374141291026 -0.00020083065467868403 -0.0016484925744810952 0.999998621068675 17.248654483179536
0.9999999214706619 -0.00027641179397278753 0.00028400011112933096 -0.06890099302372425 0.00027534796199672404 0.9999929712813761 0.0037391937796975153 -0.34535409172171777 -0.00028503169326459877 -0.0037391153604622585 0.9999929688620837 18.611303114099545
0.9999975812568003 -0.0021948294069317944 -0.00014215296034839108 -0.06079743913809181 0.0021950854299874582 0.9999959243704513 0.0018256064404620375 -0.38141232834047273 0.00013814549959364738 -0.0018259140971012262 0.9999983234756232 19.951615613189624
0.9999957579521717 -0.0029089145448024777 0.0001493259702124688 -0.0723955856454945 0.0029090004095777312 0.9999956025078759 -0.0005767819429698734 -0.3832000790514403 -0.00014764751691712162 0.0005772138992654199 0.999999822511999 21.30000197983614
0.9999994928918741 -0.000933744969532406 0.00037727755719274515 -0.08449046478247138 0.0009343952211195838 0.9999980723683851 -0.001726894262054514 -0.4387559297574595 -0.0003756643842003902 0.0017272459477427917 0.9999984377472647 22.654438600311178
0.9999982987093541 0.0014492110015871425 0.001141212080522724 -0.09339358871426293 -0.0014485305638558075 0.9999987727204714 -0.0005969248902645553 -0.4372701710795825 -0.0011420758471507354 0.0005952708056957079 0.9999991706565144 24.020794200532624
0.9999969576898492 0.0015946469091273905 0.001881943703557242 -0.10137463554766873 -0.0016012305960549332 0.9999925860577804 0.0035019840233269477 -0.4593935190784717 -0.0018763454787626814 -0.003504986863819512 0.9999920971652018 25.41597745657474
0.9999979135509175 2.420122081523042e-05 0.0020426235209326966 -0.09988497192983503 -3.351840526476593e-05 0.9999895958762326 0.0045614706875608665 -0.48534504211178336 -0.0020424920449706647 -0.004561529724029824 0.9999875102575329 26.786206395788103
0.9999884963641118 -0.0043411050087333695 0.0020400870969188027 -0.10069299373017977 0.004333383951525008 0.9999834887983693 0.003774110169159982 -0.5140698795477807 -0.002056437391615305 -0.0037652263416999305 0.9999907970245698 28.152199357217757
0.9999886159641909 -0.004373304107631823 0.001908444837498605 -0.11138656037499674 0.004370901338594302 0.9999896518281909 0.0012615276265696028 -0.5288319928443934 -0.0019139422929564814 -0.0012531716609934047 0.9999973831882074 29.511860236314238
0.9999871561261214 -0.004348719229649627 0.00260311988206645 -0.11384155934864644 0.004350504157770319 0.9999903050956782 -0.0006803105536861253 -0.5768524760394467 -0.0026001363854755966 0.0006916267188098588 0.9999963804633333 30.901688202398077
0.9999931548805132 -0.0020521320860263804 0.003078790834136789 -0.12616098519883767 0.00205800611035711 0.9999960660621967 -0.0019059034826254678 -0.579508079715555 -0.003074867817943424 0.0019122266486003097 0.9999934442650414 32.287435146123926
0.9999934888610414 -0.0002521012752476192 0.003599817397151574 -0.1276409009583664 0.0002668817473528047 0.999991534728497 -0.004106001128716472 -0.6266069386932585 -0.003598752103053079 0.004106935203597716 0.9999850909198197 33.66791566662579
0.9999924444976083 0.000339746751902726 0.003872405446721288 -0.14154964856832083 -0.00032449855866960916 0.9999921949392774 -0.003937608661929141 -0.6409131288186575 -0.003873713342705639 0.003936322401807468 0.999984749736726 35.058627464649206
0.9999945896348056 5.306285579128288e-05 0.0032890560173819703 -0.13866380526270713 -4.5436369337761157e-05 0.9999973105960306 -0.002318779101943324 -0.6846043036319021 -0.0032891704926759574 0.0023186171620729616 0.999991902651021 36.45505398177344
0.9999941462012722 0.0012302174315723946 0.00319282479728321 -0.15393271779175122 -0.001226299444716558 0.9999984931012462 -0.001228815340186343 -0.7038372125260929 -0.0031943319670974446 0.0012248928134726666 0.9999941479212372 37.85485393778625
0.9999908158160362 0.003327661363035678 0.002700916662204701 -0.15082617081872451 -0.0033254238202667825 0.9999941241636834 -0.0008325867851291702 -0.728165439605997 -0.0027036715883095126 0.0008235974617790031 0.9999960059137971 39.251382287197494
0.9999777363441487 0.005806312965535361 0.00328839448105977 -0.16742972249007987 -0.005803914942548121 0.9999828845080806 -0.0007384266802408246 -0.763172601397413 -0.003292626014196159 0.000719324690708568 0.9999943205747278 40.647152521961225
0.9999603393557948 0.008293544433865053 0.0032460471791443545 -0.17681122473813582 -0.008292035205277774 0.9999655061087327 -0.0004782916229778921 -0.7906999302720742 -0.0032499022187173427 0.0004513563213256206 0.9999946171899635 42.07466387158474
0.9999507486765784 0.009475814726993414 0.0029511250311095557 -0.18127514488706384 -0.009474498515804322 0.9999550101960655 -0.0004598727661258685 -0.8202900183391646 -0.0029553501804107044 0.0004318896907161015 0.999995539676436 43.46267888236307
0.9999597638336881 0.008606140239483 0.0025308197049258912 -0.19187873871132394 -0.008604600537661482 0.9999627882472067 -0.0006188613288056795 -0.846460254375274 -0.0025360517514287063 0.0005970597428448889 0.9999966059731236 44.889611536877894
0.9999651894968233 0.008177868796494603 0.0016559713731847422 -0.18397936988971528 -0.008175969328137132 0.9999659139056547 -0.0011508997155716834 -0.8817055459681356 -0.0016653269766462651 0.001137320498526125 0.9999979665907843 46.288323068004544
0.9999699841284889 0.00770593452244321 0.0008058535813352727 -0.1979811408471587 -0.0077053674716994905 0.9999700646797339 -0.0007050340530868781 -0.9124354326141574 -0.000811262473724144 0.0006988035014343366 0.999999426762633 47.719566535516954
0.999968570685599 0.007924707874105987 -0.0002379680123038789 -0.2029069680918246 -0.007924692160118475 0.9999685967580244 6.9057299809914e-05 -0.9395673040922071 0.00023850781796364495 -6.716931373219805e-05 0.999999969301341 49.11776282580886
0.9999617279145401 0.008668935388534853 -0.0011799341065226515 -0.21508752361267347 -0.008668843100785912 0.999962421373344 8.37819630789766e-05 -0.968175164448278 0.0011806161659186814 -7.355010197971685e-05 0.9999993003686489 50.54490363896371
0.9999591486679132 0.008728477960760785 -0.002348328049845948 -0.22422185864365085 -0.008728107412451096 0.9999618952025334 0.00016823516056328145 -0.9915055646447263 0.00234970720230139 -0.00014773183998296774 0.9999972285238856 51.99553603541187
0.9999512068464007 0.00924874343486816 -0.003470539494135805 -0.2375595206748356 -0.009244795292463807 0.9999566022681147 0.001152111449833909 -1.0259575988806682 0.003481044758296639 -0.0011199708394956025 0.9999933139772715 53.406929051319636
0.9999592761732683 0.00796276589313617 -0.004247390878353969 -0.2541841277657266 -0.00795463205730752 0.9999665015971512 0.0019286080669502269 -1.0552669293226322 0.004262606013331837 -0.0018947431419198814 0.9999891200142147 54.858371237574794
0.9999757329095725 0.005062754207503216 -0.0047856130889882345 -0.25860257566523803 -0.005050590141170836 0.9999839930099476 0.002550543567021278 -1.068636994504167 0.004798449668131957 -0.002526311560036768 0.9999852962121315 56.255047047411374
0.9999808851934363 0.003417313305667309 -0.005152785758480023 -0.2802200391562268 -0.003406913212357552 0.9999921444804973 0.0020258147968797375 -1.0998906110887483 0.005159668561971565 -0.002008221026336532 0.9999846723221103 57.68599413912626
0.9999845490372329 0.002237349140967502 -0.0050888055257364935 -0.29996844270646017 -0.0022265564405189193 0.99999526217631 0.002125576371661396 -1.1256390611329703 0.005093537504357342 -0.0021142130642695764 0.9999847928789684 59.13240147772929
0.9999862372744431 0.001869654061983657 -0.004902003935629557 -0.30272623913657093 -0.0018569538409731459 0.999994911123215 0.0025941188986858474 -1.1606110254935476 0.004906829511515055 -0.0025849804578752973 0.9999846203368464 60.5359473853517
0.999990917904553 -0.00010249793497139371 -0.004260703544124663 -0.3235397311412821 0.00011733042656921627 0.9999939339861773 0.003481123887633206 -1.182534648776807 0.004260321253495973 -0.0034815922539067194 0.999984863978943 61.992278392429625
0.9999886701442096 -0.0026388820132796764 -0.003961802794739742 -0.33226430993976175 0.0026509992002759115 0.9999918154908075 0.0030563295298138603 -1.2045728172117174 0.003953705413099048 -0.0030667976997236376 0.9999874814083273 63.39065158152808
0.9999884872846022 -0.00316522684085185 -0.0036064712917094313 -0.34310803278436386 0.0031723190086042335 0.9999930425968269 0.00196243349081504 -1.2388027137032238 0.0036002349589476963 -0.0019738518147195743 0.9999915710765853 64.80654012857862
0.9999913897081308 -0.0030608659623518244 -0.00280207219407213 -0.3543525160745403 0.003066325923964955 0.999993404844974 0.0019462546529203394 -1.2706456973240552 0.002796096727443017 -0.001954830000170127 0.999994180227091 66.26462878773386
0.9999968905346489 -0.001236391716496605 -0.0021656995999387047 -0.3686705144360942 0.0012401882949772663 0.9999976952526748 0.0017525467521779525 -1.2997128678210967 0.0021635279586081422 -0.0017552272133975577 0.9999961191565765 67.62295366050095
0.9999977595523478 0.0014559265570864973 -0.0015366076552756599 -0.3856232663176491 -0.0014513934593748815 0.999994603922961 0.002947131471265821 -1.3267966067152677 0.0015408903031120759 -0.002944894706482858 0.999994476612435 69.09522962798077
0.9999884247585153 0.00476589454021035 -0.0006607480142776449 -0.40181607896821103 -0.004763148281957926 0.9999802599975365 0.0040978094160879965 -1.354500155650228 0.0006802647591335525 -0.004094614827091867 0.9999913856485186 70.45747426996863
0.9999607515781752 0.008856220223649796 0.0002502947126540836 -0.4214710871161494 -0.008857334027892986 0.9999489354355521 0.004865611321564175 -1.3837766172994397 -0.00020719102020268177 -0.004867637400427724 0.9999881315189836 71.90841720309635
0.9999224320837244 0.012434880866241322 0.0007095945314690444 -0.4309836885386371 -0.012437823099917304 0.9999133868540457 0.0043034144401347 -1.3989292808707818 -0.0006560206780913489 -0.004311906538476473 0.9999904885041907 73.26710031164008
0.9998681865147742 0.01617200724218326 0.0014407415379334614 -0.4461071992692097 -0.016177264281499612 0.9998622402770935 0.0037143816248791954 -1.4237226929612417 -0.0013804741698584353 -0.0037371993608378965 0.9999920637839194 74.66382915829354
0.9998434678613756 0.01754433178413242 0.0022882639157095516 -0.4616330050700546 -0.01755268436862434 0.9998391596150457 0.003682148747360805 -1.4469214009531899 -0.002223295217088859 -0.003721737631994394 0.9999906027684219 76.11634018679362
0.9998354884375757 0.017950323682864193 0.002604206941449471 -0.46559196234844646 -0.017960652166500272 0.9998307012770632 0.003997975329282159 -1.474754286729406 -0.0025320013130827063 -0.004044090962559871 0.9999886170827914 77.48132046724402
0.999847501218534 0.01726077505418526 0.002653282429361205 -0.4680785013109582 -0.017271547006520643 0.9998424638950155 0.004091589274352313 -1.5121940281335995 -0.002582240655415788 -0.004136791696832166 0.9999881094218784 78.90267686735504
0.9998652592341329 0.016250840061914115 0.0023180883233011413 -0.4718466518482276 -0.016257464329959528 0.9998637267483744 0.0028675476235502147 -1.5310720079202769 -0.0022711725626361244 -0.002904847554072863 0.9999932017935846 80.26482290867212
0.999870528628169 0.015947512092823576 0.0021454135580761344 -0.48183644105549983 -0.015953627262653373 0.9998686321998677 0.0028635924578998715 -1.5676368897462423 -0.0020994647205124888 -0.0028974489005029803 0.999993598497241 81.65497388851888
0.9998822925625481 0.015248368954168218 0.0016994783242572846 -0.4889350371082612 -0.015253788212859899 0.9998784623571499 0.003222188486576165 -1.585070495177415 -0.0016501387925368504 -0.0032477327678078474 0.9999933646140737 83.05360993834444
0.9998820498898979 0.015288050051927307 0.0014703046036735451 -0.5039984407784617 -0.015291528289219154 0.9998802367529159 0.002383558906120875 -1.6122213915981332 -0.0014336886675075388 -0.0024057610274888005 0.9999960784168582 84.41186800183235
0.999880032558956 0.01547070467526098 0.0007600968231540107 -0.5127993689899986 -0.015472764065965927 0.999876421533338 0.002781236045982343 -1.6363517882431504 -0.0007169752693285362 -0.00279266325333442 0.9999958434803068 85.81718506253901
0.9998905214226661 0.014788202430345405 -0.0005041814747064107 -0.5200247663081992 -0.014786390811697398 0.9998848027065875 0.00342695209034775 -1.668632499138355 0.0005548019043443387 -0.003419121967353732 0.9999940008827004 87.17810584299232
0.9999079083070024 0.013483112424784964 -0.001542902515790495 -0.5296395973307229 -0.013475839301670057 0.9998984700082344 0.004631572396088567 -1.6954128037964782 0.001605194014785413 -0.004610354062887858 0.999988083924663 88.56298586610522
0.9999344967320497 0.011117352144223583 -0.0027215245054487596 -0.5337090183919347 -0.011103431698053933 0.9999254612858567 0.005077962344381112 -1.7228893773421181 0.00277777538020834 -0.005047411570050649 0.9999834036655265 89.94108713079909
0.9999445368151405 0.009881991877185121 -0.003642732626659234 -0.5467246409859611 -0.009862228965387474 0.9999367641582481 0.005404086003331363 -1.74952210936261 0.0036959057254457145 -0.005367860928661198 0.999978762953523 91.30809250755719
0.9999529192209232 0.008859619153643658 -0.003958088316588072 -0.5618889195827809 -0.008840830672172867 0.9999496869672428 0.0047395427463029875 -1.7729061725243185 0.003999880058130029 -0.004704326919106088 0.9999809349564308 92.6833277339489
0.9999644976647585 0.007142758511582789 -0.004470390078355843 -0.5723286367632331 -0.007122643939008417 0.9999645107106835 0.004499475112130724 -1.8008305077813154 0.004502370475196359 -0.0044674744706459145 0.9999798849684903 94.04131766043078
0.9999675416969737 0.006706078275161497 -0.004465875539166612 -0.5935789266630027 -0.006688647989477438 0.9999699995761925 0.0039066543970720635 -1.819247600547711 0.004491940273507766 -0.00387665700945136 0.9999823968512855 95.40868682843443
0.9999689321501228 0.006564501817640885 -0.004363717299108302 -0.6010793576084348 -0.006550846821457928 0.9999736247650632 0.0031362705455615304 -1.8432538335805073 0.004384190631334647 -0.003107587134624103 0.999985560787594 96.76651354751468
0.9999616578624236 0.007683522319588953 -0.004200745832429069 -0.6217679087523413 -0.007672898860956854 0.9999673386185864 0.002539357188860088 -1.8692024668875356 0.004220120196081227 -0.002507027985295261 0.9999879526297597 98.0937534418237
0.999948697350251 0.009359913227799943 -0.0038722943848860047 -0.6421823901658072 -0.009350047648093508 0.9999530150262463 0.0025581964873149232 -1.8899554031139494 0.0038960572730766647 -0.0025218591680942234 0.999989230427904 99.44152450239031
0.9999467563684943 0.009596069605675044 -0.0037947131175065808 -0.6483798977410561 -0.009581159836157017 0.9999463842665405 0.003928102482685565 -1.9181114789992848 0.003832204332422557 -0.003891535670501884 0.9999850849727896 100.78239709043615
0.9999460036884795 0.009718694520846224 -0.0036792194200094322 -0.6714854674882351 -0.009699317618428911 0.9999391866268563 0.005248457517055847 -1.9419074271882208 0.0037300041484073145 -0.005212488315181101 0.9999794583104072 102.12021714066873
0.9999482408570387 0.009555436914917732 -0.003494167201806754 -0.6837214606784772 -0.009540272117108317 0.9999451095081848 0.00433141997516825 -1.9687601990595316 0.003535364317222734 -0.004297860573559127 0.9999845146806392 103.47040760997079
0.999948471023924 0.0095581277679498 -0.003420155375471773 -0.696342818704712 -0.009552228935103381 0.9999528675941614 0.0017371049833466998 -1.991740893055289 0.003436597937893403 -0.0017043454086744707 0.9999926424768827 104.79071028403207
0.9999579577053995 0.008385291812039085 -0.0037107516529082027 -0.7167021030457187 -0.008384223518753665 0.9999648057315816 0.0003035001497648647 -2.015318088498226 0.0037131663065138524 -0.0002723756334533868 0.9999930690831738 106.11932912318389
0.999969698521235 0.007058169181674486 -0.003283940697090968 -0.7227670487940421 -0.007053073756799862 0.9999739087566469 0.0015607597381640326 -2.0495798107563203 0.003294871400514999 -0.0015375506072773009 0.9999933898615577 107.4727662115317
0.9999890901794912 0.003735045847513621 -0.002805163554702517 -0.7299292871660812 -0.0037255928739860326 0.999987389432371 0.0033676312496468594 -2.064583630290995 0.002817706677712814 -0.0033571436833653486 0.9999903950143941 108.8008190185136
0.999994884103402 0.0025427623238105587 -0.0019406491031122792 -0.7469801378917218 -0.0025345680034706223 0.9999879115876513 0.004213389040798832 -2.0976135097660396 0.0019513394588071538 -0.004208448864895137 0.9999892405604714 110.14373283035346
0.9999968335704882 0.0021168131293795084 -0.0013608619317273876 -0.7578232923649078 -0.002112617452543504 0.9999930335731089 0.0030772805957979274 -2.1219960702429947 0.0013673665972608411 -0.0030743959344669723 0.9999943391845212 111.45841235218832
0.9999941501229965 0.003355650340595065 -0.0006628147062866638 -0.7728849500201749 -0.003355248065225346 0.9999941866567221 0.0006074284148110968 -2.1442196337858173 0.0006648492269394192 -0.0006052009687075026 0.9999995958541372 112.79383768376802
0.9999793642353176 0.006404743126759289 0.0005003565460903673 -0.7731668388190249 -0.006404035951234045 0.9999785094469688 -0.001403203833385576 -2.1812789957088072 -0.0005093329978583441 0.0013999705989943029 0.9999988903300402 114.14835352581512
0.9999566610204755 0.009103967779686181 0.0019477766609496188 -0.790616535276184 -0.009100236068808632 0.9999567553570606 -0.0019165436757115552 -2.201019530103062 -0.0019651407501150146 0.001898735419290191 0.9999962665044193 115.45229540642504
0.9999448758044527 0.009922335628290707 0.0034340340456417632 -0.8041734994418047 -0.009922452339390124 0.9999507711288012 1.6763454660790654e-05 -2.230338329298619 -0.0034336989501648407 -5.083657554593595e-05 0.9999941035440697 116.81710058944361
0.9999420569597802 0.009877079186021133 0.004280889206865951 -0.811640114989733 -0.009886969066493551 0.9999484888253715 0.002295116665789663 -2.2512822142754247 -0.0042580000027509215 -0.0023373087490849557 0.9999882031400209 118.11840129867922
0.9999414340685092 0.009474220738657347 0.0052314012333212105 -0.8109124953543275 -0.00949085747563752 0.9999499537438734 0.0031644355917069093 -2.2814992055764605 -0.005201159297500968 -0.00321390081346016 0.9999813092145552 119.48201344802871
0.999929526368361 0.010114775678424117 0.006215592721042709 -0.8115931713952796 -0.01012857970339337 0.9999462991939313 0.002193313534032915 -2.3058937749229944 -0.006193074586489553 -0.0022561141367154354 0.9999782776492243 120.80944543618365
0.9998999050460337 0.011920134925547502 0.007621696033841481 -0.8088878344892618 -0.011935522505090862 0.9999268156577388 0.001976527100594017 -2.331235929211991 -0.007597578416434559 -0.0020672982284359043 0.9999690010564445 122.1175406556365
0.9998729235264663 0.013339981097863204 0.00872821153593667 -0.8144210533763601 -0.0133523473957597 0.9999099285934081 0.0013599824931507325 -2.3505866869672896 -0.008709283968531954 -0.0014763518161707717 0.9999609836145441 123.48309714139691
0.9998491002929188 0.01424174234126974 0.009947330750303886 -0.81562443401444 -0.014247790945716538 0.9998983506973302 0.0005373659607248302 -2.3775276524092437 -0.009938667423743452 -0.0006790123775596161 0.9999503796815375 124.81265363467512
0.9998263476116344 0.015028720441355526 0.011018718209068988 -0.8080190677722727 -0.015025703648989086 0.9998870441680487 -0.00035661445537321174 -2.4046638025675406 -0.011022833972143563 0.00019098853524458597 0.9999392284773966 126.13807787126215
0.9998240473926826 0.014545258304773795 0.011845238918610569 -0.8050317485545506 -0.01453910481617586 0.9998941183006181 -0.0006055216089306276 -2.4351736952435377 -0.011852793195705074 0.0004331959026593545 0.9999296593403197 127.47622700982302
0.9998180217469462 0.014092102869411035 0.012858304578377772 -0.8019010903658337 -0.014094985761232427 0.9999006518553917 0.00013353405063755167 -2.4623906568719764 -0.012855146441079813 -0.00031474737682298236 0.999917319651174 128.8020199058887
0.9998166343895344 0.01335437981402253 0.013724361899527407 -0.7954927447905882 -0.013370261435407527 0.9999100458300924 0.0010660161184130935 -2.4920469515557673 -0.013708892510142038 -0.001249318978039517 0.9999052482427025 130.17104383077066
0.9998331451997012 0.011652839271551833 0.014067447316930128 -0.7790409511153098 -0.011673532471250997 0.9999308962752204 0.0013897271147749622 -2.5119184518530533 -0.014050282124057031 -0.0015537120632856572 0.9999000827815004 131.49478608233298
0.9998468159766396 0.010470333393349775 0.01402557238386119 -0.7673697648564926 -0.010494203125478815 0.9999436069517494 0.0016293069085047357 -2.5448393273743313 -0.014007723235536288 -0.0017762445618881306 0.9999003093510921 132.83885416031362
0.9998723940715044 0.007929143178151759 0.013868101894858573 -0.7599300118682075 -0.007964147020561403 0.9999652336191237 0.0024706136632615576 -2.5586101029813557 -0.013848031070357985 -0.0025807460463608363 0.9999007809681638 134.1695419559918
0.9998903953308063 0.006652544554883454 0.013226525163863538 -0.742315180896076 -0.006684513535233298 0.9999748397628299 0.002374264816257804 -2.591724142771445 -0.013210398593695799 -0.0024624175151021837 0.9999097068555229 135.50606069958636
0.9999079319362094 0.006178988467295372 0.01208088350234605 -0.7368816965880256 -0.00620182249900997 0.9999790507286255 0.0018535139108376564 -2.6206053434011056 -0.01206917859433895 -0.0019282667894246102 0.9999253055650573 136.85644257837728
0.9999304042216034 0.0040877499880550405 0.011066933274826156 -0.7290784759599642 -0.004119434918017627 0.9999874773585866 0.0028417229297394704 -2.6413658868698193 -0.011055179366893991 -0.002887114720221701 0.9999347216551998 138.18052288411494
0.9999453686189729 0.0031706031214400717 0.009960273809685356 -0.7125349162819081 -0.0032031834414575355 0.9999895665202984 0.003256757835470455 -2.6707285918959314 -0.009949844841194088 -0.00328848455757432 0.9999450917178834 139.53258497544311
0.9999612524002471 0.0017481395630323786 0.008627729137624541 -0.7152211321578101 -0.0017751929293576439 0.9999935291442279 0.003128955449479819 -2.6912949417655616 -0.0086222041842308 -0.0031441501500175965 0.999957885067414 140.89298505460036
0.9999714505271049 0.0011622453175044595 0.007466412879093396 -0.7138930825463585 -0.0011832045993522052 0.9999953706785148 0.00280332835984031 -2.7132135910063577 -0.007463120787895836 -0.002812082670592432 0.9999681965007388 142.20705844648177
0.9999794058885809 0.0005251265411739805 0.0063962525200101285 -0.7089603545570098 -0.0005386384861023018 0.9999976269114057 0.002110933598834844 -2.729587341360906 -0.006395129372633998 -0.0021143354306765883 0.999977315692716 143.5632375483134
0.999984110168138 -0.0009672412065235732 0.005553725154970219 -0.7023503103181171 0.0009674767121078814 0.9999995312052049 -3.970734354752359e-05 -2.7600197978415544 -0.005553684614135778 4.507981850675773e-05 0.9999845771556248 144.9099558878635
0.9999814927066178 -0.00410705774713363 0.004488466516534874 -0.7140120753246868 0.004111887226337516 0.9999909766709211 -0.0010672182032785893 -2.8039867592998884 -0.004484043268372114 0.001085654548284633 0.9999893572958098 146.2143847216725
0.9999042689945452 -0.01343218766471284 0.0033210232384587065 -0.7073369522940337 0.013426738542804427 0.99990848276346 0.0016579443193058233 -2.81652789327172 -0.0033429894070457914 -0.0016131951107087592 0.9999931109859934 147.59991637039303
0.9997853031994942 -0.020648062147540214 0.0017335063376742216 -0.6994216844686014 0.02064230847516098 0.999781562199967 0.0032745960487259515 -2.8459282313167042 -0.001800741885074432 -0.0032381094774278593 0.9999931359633559 148.9220850541779
0.9997382601790268 -0.02286321079177051 0.0008274847693051639 -0.6739057068578369 0.02286307110610452 0.9997385896818654 0.00017965846667991644 -2.8775493295183483 -0.0008313760940254422 -0.00016069258478911965 0.9999996414951812 150.22591154377255
0.999751493848121 -0.02227422829466088 0.0008996153246148171 -0.6938211780150367 0.02227702732310358 0.9997466195312978 -0.0032296726488260956 -2.9061345343339333 -0.0008274489846445254 0.0032489108922158323 0.9999943799365858 151.621590351717
0.9998247279617839 -0.01860254498234727 0.0021115603312493675 -0.699350880695027 0.018613984875884122 0.9998114330102411 -0.0055333517145748235 -2.941157988217115 -0.002008227909367825 0.005571686550492812 0.999982461509596 152.94320957699034
0.9998199204760082 -0.018761116884645247 0.0028543167305368775 -0.7060750518424894 0.018776699422316714 0.9998083886232779 -0.005533677764839006 -2.971789457397599 -0.0027499520711780317 0.005586276036779803 0.9999806154521002 154.30608689759916
0.9997447494834152 -0.02235696572334929 0.0032560669641336104 -0.7109602203607235 0.0223648199385608 0.9997470058996354 -0.002395625175187422 -2.9980507231233173 -0.003201684559350131 0.002467835110330331 0.9999918294674282 155.63829603077932
0.9995283008923722 -0.030502663996925215 0.0035725618304958094 -0.7120334115729161 0.030501033526809017 0.9995346048560245 0.0005105484523937238 -3.020556106522252 -0.003586472565808711 -0.00040134078064535877 0.9999934880466788 156.97666910969545
0.9994736402837875 -0.03224586195332167 0.0035562275273666472 -0.6962472404203289 0.03224034739233146 0.999478867659152 0.001597847778766641 -3.0564820647381494 -0.003605898542033586 -0.001482352726803968 0.9999924000320753 158.33164224063182
0.9994261816683961 -0.03369859770900143 0.003422264406486542 -0.6903486024810908 0.03369256480931779 0.9994306124571172 0.0018060948760531947 -3.0873845815116705 -0.0034811789665206904 -0.0016897536451040305 0.9999925130327678 159.6588225710499
0.9994574667310879 -0.03262506579652368 0.0045141185797825814 -0.6931930021172021 0.03261689076655752 0.999466171939412 0.0018733929518590584 -3.1054625838652483 -0.004572828767360654 -0.001725140066570699 0.9999880564906058 161.02590948663905
0.9995165923013565 -0.030549959760202132 0.005769026624525326 -0.6967063178326874 0.030541836194803544 0.9995323766781322 0.0014913834514314306 -3.119843220916794 -0.00581189108522188 -0.0013144658368388323 0.9999822468902795 162.3661881410859
0.9996069258026599 -0.027213109585001255 0.006740961122774003 -0.7014047368595385 0.02721585771091862 0.9996295299940109 -0.0003160011999850909 -3.147676919271016 -0.006729864990594476 0.0004993380629486852 0.9999772295268394 163.71689916646775
0.999641279683763 -0.025729590855699973 0.007436404528047171 -0.7046214390015741 0.025738183108386412 0.9996681541868537 -0.0010618079195102688 -3.164866553408407 -0.007406617529949971 0.0012528266192467505 0.9999717858196796 165.06437877384982
0.9996751931438829 -0.024299051700841234 0.007685330653401131 -0.7025602872614664 0.02429930060310509 0.9997047265281753 6.120576011351284e-05 -3.1955959602737365 -0.007684549268707316 0.00012556230703204252 0.9999704655287838 166.40661176395272
0.9996980771098005 -0.02339198637107862 0.007521276882365451 -0.6979318100899193 0.02339354248763396 0.9997263265816413 -0.00011877233190961289 -3.2142120116306767 -0.0075164408216911414 0.00029468581195002137 0.9999717077352124 167.74225232274827
0.9997726676402912 -0.020101312481213454 0.007109872650395736 -0.6974768045807086 0.020119049877992654 0.9997946337511086 -0.0024319021612638192 -3.2522995065714784 -0.00705952869442253 0.0025743932655492422 0.9999717673750304 169.1207286232897
0.9998554001488383 -0.015735265952454 0.006448272213959252 -0.7065065258603134 0.01577168853752986 0.9998597298394252 -0.00563688535975514 -3.288874583704666 -0.006358670364381022 0.005737770538238617 0.9999633219743921 170.54107004974077
0.9999188399911035 -0.01108188415455227 0.0062853234445062215 -0.7090246456568225 0.011125187854012807 0.9999143275580035 -0.006896936220569831 -3.3131924406701225 -0.0062083544468246685 0.006966302020044946 0.9999564625347773 171.89190952984498
0.9999534080951344 -0.0070050414639741265 0.006641614839921825 -0.7115145390819824 0.007044691755697059 0.9999573920736057 -0.005965429340041018 -3.3518715837951207 -0.006599544336733881 0.0060119396578584075 0.9999601505008279 173.24556807583215
0.9999672429725831 -0.0033270056476884177 0.007378619561174667 -0.7198881588000328 0.003354858606999798 0.9999872823890393 -0.0037656313401471927 -3.3901113558232483 -0.0073659980713707334 0.0037902622978480864 0.9999656873999473 174.61024689288973
0.9999701112665886 -0.0021517054666103166 0.0074260855762410235 -0.7202387617700359 0.0021638708271712864 0.9999963295116421 -0.0016305285126481555 -3.421071653059664 -0.00742255053022428 0.001646548908296659 0.9999710968890352 176.03258029019636
0.9999715366480675 -0.00379498055232037 0.006521045004279678 -0.720775014924157 0.003799690761383312 0.9999925290704147 -0.0007100340180335616 -3.4532606555451313 -0.006518302271906519 0.0007347917852359179 0.9999784856735936 177.4606759633427
0.9999651084020534 -0.0066718448552755254 0.0050267761275546085 -0.7356154588053714 0.006675604029933271 0.9999774504703367 -0.0007313369844342358 -3.476420248759923 -0.005021783833755852 0.0007648682581620216 0.9999870982457879 178.8961476357339
0.999961664816034 -0.008254122841740435 0.002922048465246211 -0.7197212413518573 0.008267435070258332 0.9999553665849528 -0.0045732205756391815 -3.5071105215262244 -0.0028841703667306104 0.004597203205619212 0.9999852735316086 180.23248961389734
0.9999869365890891 -0.004923689384561386 0.0013725678121409705 -0.7344235464588351 0.004935480969691774 0.9999497661007434 -0.008723892240561276 -3.552760005367215 -0.001329545246239102 0.008730552736015272 0.9999610041180694 181.6493524629807
0.9999983340231682 -0.0016291206981830977 0.0008233591693251102 -0.7598678711966484 0.0016370485627614784 0.9999514060435677 -0.009721400127059701 -3.582201735571336 -0.0008074819009583716 0.009722732003912715 0.9999524070948282 183.0434534391645
0.9999976653915555 0.00208771114645031 0.0005573784657905117 -0.7787801938442754 -0.002082743584552276 0.9999593808086611 -0.008769202659727308 -3.6137831770838886 -0.0005756634436177661 0.008768021482333214 0.9999613944599914 184.3758131965118
0.9999892478024007 0.0045689040858416415 0.0007933394075277987 -0.7774251018794628 -0.004564328857647071 0.9999734717170135 -0.005676510658166668 -3.6531805485825326 -0.0008192538684973377 0.0056728286702279725 0.9999835737834173 185.81180188001
0.999990190068312 0.00424537196322936 0.0012635575796364849 -0.7878640854988108 -0.0042414333302482655 0.9999861881161097 -0.003103840948783424 -3.682169293685705 -0.0012767171975656734 0.003098451263940147 0.9999943847796959 187.17995555035074
0.9999927529496315 0.003540982590572365 0.0013983868957964517 -0.7970161454369648 -0.003537205928897151 0.9999901147048335 -0.0026941925754039556 -3.7139251803695115 -0.001407913282739603 0.0026892267194739013 0.9999953929082058 188.63365839352974
0.9999945401181308 0.0030772045574374704 0.0012043845479374879 -0.7954714231095886 -0.003074591042252753 0.9999929275680031 -0.0021660354853998303 -3.751745111728311 -0.0012110414685850644 0.0021623207104072262 0.9999969288681743 190.03623070320742
0.9999990805446507 -0.00017453510801250342 0.0013447860564663604 -0.8007122999191594 0.0001764703050906747 0.999998949002894 -0.0014390452413270004 -3.782558687863296 -0.001344533593967431 0.0014392812625903034 0.9999980603465215 191.40057697022272
0.9999975083530707 -0.001428773601164975 0.0017151962622558206 -0.8107537233818312 0.0014310519719283616 0.9999980945171455 -0.0013277990348643895 -3.817719012287867 -0.0017132960155430716 0.0013302502901581827 0.9999976475214389 192.85332020804012
0.9999878065312314 -0.004466452120253657 0.0021065619246258918 -0.8119487741405491 0.004467765348503766 0.9999898279208894 -0.0006189682014083417 -3.845949218352452 -0.0021037760826638358 0.000628372295926199 0.9999975896328601 194.22851474557982
0.999951604933674 -0.009558254087598 0.0023297171745356197 -0.8082119193385175 0.009556444547342037 0.9999540265284269 0.0007868846532757138 -3.867352712620885 -0.0023371315090069448 -0.0007645827648040679 0.9999969766086796 195.68889539442452
0.9999067496140678 -0.013409499387260848 0.002584069654608157 -0.8043108980139634 0.013406562861585133 0.999909465852599 0.0011507216344914394 -3.894884721151932 -0.0025992665268946818 -0.001115970846611281 0.9999959992016733 197.10949470725964
0.9999239143245738 -0.012005636817228122 0.002833771391218853 -0.8124697503716609 0.012014528160470732 0.9999228881588776 -0.003141470843868543 -3.9270647558698273 -0.002795837753857878 0.003175278323163377 0.9999910504074466 198.50575958589465
0.999983636838704 -0.004828018625455748 0.0030685992314665126 -0.8301521844028039 0.004852173101165015 0.9999569170431364 -0.00791330949647244 -3.962065855632063 -0.0030302616837204473 0.007928069546782943 0.999963980963181 199.94545307697973
0.9999782173434416 0.004837432604074578 0.004490443208986464 -0.8469007647133857 -0.00479686138710771 0.9999479729521832 -0.009002306295329093 -3.991652553810942 -0.004533758025260733 0.008980570344531903 0.99994939591446 201.3828995126302
0.9999210557166586 0.011099524003791102 0.005889217384604162 -0.8703574843213007 -0.01106918398693941 0.9999254223744136 -0.005159736565623259 -4.024653604288892 -0.005946049307963327 0.005094140499889862 0.9999693466421611 202.82038791810447
0.9998981087088906 0.012525747785180997 0.006846737819220927 -0.8589839982178716 -0.012505500624740321 0.99991732627527 -0.002992173024635585 -4.054473050770427 -0.006883651563416125 0.002906246317476207 0.9999720841437356 204.25971928323514
0.9999070131997899 0.012051142327185052 0.00638238981744491 -0.8578794992998793 -0.012035704890128753 0.9999245624390528 -0.002451788754587289 -4.095298519041422 -0.006411455745273312 0.0023747442530522985 0.9999766266360582 205.72498429792137
0.9999488613497021 0.008734913047147613 0.005096662234836318 -0.853864031915424 -0.00872303455052225 0.9999591961453071 -0.0023483466583416415 -4.124844156391201 -0.005116967310097803 0.0023037682491773665 0.9999842545218358 207.15207719470746
0.9999671914749425 0.00710947391942955 0.0038821829073002355 -0.8504758479323704 -0.00709856647362082 0.9999708389214101 -0.0028163231176713747 -4.161041566694039 -0.0039020926069037016 0.002788672837528292 0.9999884984199562 208.58126443258425
0.9999660894133611 0.007476521647763703 0.0034527722031161283 -0.8586484907009471 -0.007464636029518531 0.9999662131814689 -0.003442632784537252 -4.1909823562132855 -0.003478394760687125 0.003416742419498486 0.9999881132476585 210.0535794310189
0.9999581254348707 0.008504125115682692 0.0033804169086493778 -0.8656668128346376 -0.00849234552473474 0.999957869919377 -0.003484031079300315 -4.226434495355614 -0.0034099034191441783 0.0034551775829702006 0.999988217081627 211.53697399396313
0.9999449045166661 0.00999246177250072 0.0032153724813447863 -0.8724273118320791 -0.00998342758445125 0.999946205482689 -0.0028137763611189243 -4.256763886375617 -0.003243316341647852 0.002781520946234377 0.9999908719763635 212.96977000668252
0.9999548560928815 0.009101237778050997 0.0027300605377663543 -0.8856741251225849 -0.009093480614185846 0.9999546185390371 -0.0028406853379855904 -4.294751711729998 -0.0027557906321075583 0.0028157313965437676 0.9999922386053328 214.40098607269871
0.99995089216195 0.00958437641838959 0.002520510852891135 -0.8880057069092928 -0.009574641816094942 0.9999467638757922 -0.003846514036149639 -4.3264847431548175 -0.002557243328918462 0.003822192223625396 0.9999894256188846 215.89090059578498
0.9999591697891311 0.008758225777506174 0.002225358313694326 -0.8949256962422083 -0.008748534346452928 0.9999523634064059 -0.004328288830712916 -4.361914469784296 -0.0022631606313444734 0.004308643562182284 0.999988156775558 217.3675724172995
0.9999624537120592 0.008512910946096833 0.001619103791294628 -0.8949211998464812 -0.00850582060319779 0.999954419209586 -0.004337111698752974 -4.394153328056916 -0.0016559515809319635 0.0043231771299573505 0.9999892839232614 218.84189627908975
0.9999439189219395 0.010489153874987986 0.0014617249661211412 -0.9058090665095604 -0.01048209018497479 0.9999337340740593 -0.004759545200245766 -4.437707026494826 -0.0015115518378163242 0.0047439564335966826 0.9999876049662267 220.32275783590364
0.9999599062337241 0.008854150488988867 0.0013378813722550627 -0.9144749556491822 -0.008847619086117255 0.9999492817271605 -0.004811821855870946 -4.468054326125322 -0.0013804182331993778 0.004799791955989924 0.9999875281424986 221.80875188135525
