1.0 -3.469446951953614e-18 0.0 -1.7787691892340307e-19 0.0 0.9999999999999999 -3.5575383784680614e-19 0.0 2.168404344971009e-19 -2.371692252312041e-19 1.0 0.0
0.9999999398638733 -7.08535559765227e-05 -0.00033948727388392647 0.05569069961672338 7.123806521749064e-05 0.9999993559314045 0.0011327230995349811 -0.026761272848715878 0.0003394068273799933 -0.0011327472383819146 0.9999993008434594 1.3159701006825606
0.9999991075624272 -0.0005587901877283866 0.0012135198795759842 0.11108300046058615 0.0005566348298350308 0.9999982684086526 0.0017757635472657302 -0.04833477912174309 -0.0012145101586562628 -0.0017750865086460634 0.9999976870130872 2.5650198957187875
0.9999986934588172 -0.0014814849418047678 -0.0006467489999369964 0.020077461020613765 0.0014823620400900277 0.9999979796942168 0.00135764788504199 -0.07869905726138111 0.0006447364140995115 -0.001358604853554145 0.9999988692538867 3.9293486937574533
0.999997981706558 -0.002002507827918944 -0.000162935438490862 0.018464037405493842 0.0020027139142393523 0.9999971832254635 0.0012738425792396318 -0.09329129400265654 0.00016038411452878464 -0.00127416634503213 0.9999991753884165 5.25165822750477
0.9999973111070066 -0.0023142666508850548 -0.00014816145155239135 0.012178779035696355 0.0023144918777825846 0.999996139728206 0.0015374174336057807 -0.108712912125151 0.00014460289934276364 -0.0015377562467856405 0.999998807197391 6.560260773796869
0.9999941911411063 -0.0034036668087565926 -0.00018094421373959562 0.009765260063860854 0.0034040802167283595 0.9999914812313486 0.0023344586977208323 -0.14885237966690767 0.00017299696948391342 -0.0023350611293564277 0.9999972587773737 7.902537475192577
0.9999932560423541 -0.0036723087428862673 -4.498156362325867e-05 -0.00925894628471465 0.003672414755394685 0.9999897856118791 0.002634774409943733 -0.16279690094694504 3.530540444124895e-05 -0.002634921881245602 0.9999965279643502 9.217878748842422
0.9999943309184397 -0.003315201529306788 -0.0005895536896391505 -0.011517451474670403 0.003316333384275883 0.9999926404580652 0.0019289783778245091 -0.1896459668307447 0.0005831544498051812 -0.0019309226348660211 0.9999979657328926 10.55074513850685
0.9999997377472166 -0.0006671516615319693 -0.00028180627613688214 -0.0315829141866274 0.0006670335682598325 0.9999996897114881 -0.00041909681668747046 -0.20973720528066886 0.00028208581337601135 0.00041890874106998344 0.9999998724717148 11.866246120421396
0.9999971178155864 0.0023367140676883976 -0.0005514733532202118 -0.021934658746266707 -0.002337516346898807 0.9999962045658111 -0.0014583811639021689 -0.24434125254682185 0.0005480634853290021 0.0014596660650910223 0.9999987845003127 13.214724492690717
0.9999869957150421 0.005087307845135601 -0.00035733622688119914 -0.04997263895897637 -0.005087898269100263 0.9999856615309821 -0.001670339423125694 -0.254641883352187 0.000348833600159201 0.0016721358207036157 0.9999985411375805 14.560088462857241
0.9999829920993011 0.0058322808871112426 -2.9374204089049026e-07 -0.06719091727530602 -0.00583227978279051 0.9999826993276083 -0.0007652253261314421 -0.28789938498191836 -4.169273441133716e-06 0.0007652140350599065 0.9999997072149568 15.908988613071228
0.9999920223492731 0.003986130341377509 0.0002568960548114752 -0.06259088763104823 -0.003986623522786111 0.9999901565937919 0.001947705208499761 -0.3158013342035857 -0.00024912973898392294 -0.0019487138595009482 0.999998070222452 17.249020486513235
0.9999997464879515 -0.000577057640085506 0.0004171690953163878 -0.07622256567466956 0.0005754661800870045 0.9999925949726681 0.0038051066731065114 -0.3413814367815574 -0.0004193618043546608 -0.0038048657159697893 0.9999926735395265 18.60842827752763
0.9999964736717313 -0.0026553445522419644 -4.2346319561386214e-05 -0.0654984461136233 0.0026554181146542857 0.9999947833014567 0.0018390541960536183 -0.3804374140674471 3.746278095591586e-05 -0.0018391601923757786 0.9999983080419185 19.953214254028026
0.9999945165138457 -0.0033030930202459993 0.0002377472765430729 -0.0735074065197725 0.003303193218277857 0.9999944556540193 -0.0004213919394066542 -0.3840780836485036 -0.00023635408170622082 0.0004221749649430907 0.9999998829523113 21.29894304286863
0.9999992647022444 -0.0011153260664638273 0.0004760726629966037 -0.08244115471401339 0.0011161573127988211 0.9999978472084122 -0.0017492197777653625 -0.4386070493434943 -0.000474120729113438 0.0017497498992788006 0.9999983567906212 22.65146053326999
0.9999989887401789 0.0008013551932319453 0.0011748824665699415 -0.0916679636716873 -0.0008006472017983548 0.9999994976797354 -0.0006029973088741533 -0.434456019759133 -0.0011753651912993239 0.0006020560449371481 0.9999991280213347 24.021484561016297
0.999997396645176 0.0010866150196907438 0.0020064823838340847 -0.10704121303601878 -0.0010939717823121396 0.9999926707576515 0.003669013192877084 -0.455632142889634 -0.0020024810393124612 -0.0036711987478037387 0.9999912561455043 25.417679693333902
0.9999976577542953 -0.0004956364073186413 0.002106854080606336 -0.09073882917817147 0.00048598866374629374 0.9999894060940067 0.004577282269038604 -0.48431767788721414 -0.0021091006030184694 -0.0045762477288197306 0.9999873047441816 26.785729858607596
0.9999877396482758 -0.004511486561227089 0.0020413355770555397 -0.10357940928902026 0.00450360609855348 0.9999824517667808 0.003848854869458044 -0.5168624565679929 -0.002058663982785254 -0.003839614380338176 0.9999905095859752 28.15538893802325
0.9999870556351709 -0.004699404585176601 0.0019504275248473793 -0.11217669610349662 0.004696807531405219 0.9999880799634004 0.0013341378131356643 -0.527694875567717 -0.0019566740929876708 -0.0013249597818058166 0.9999972079489058 29.50889559647279
0.9999852916454028 -0.004712335872528313 0.0026852175363479705 -0.11604759746360904 0.004714230796154019 0.9999886431692365 -0.0006996816400093074 -0.5731779295937243 -0.002681890132789449 0.0007123301038773221 0.9999961500163672 30.901266831264532
0.999992212893543 -0.0023161086170582646 0.00319527785980641 -0.13169677159482696 0.002322231618556757 0.9999954722132928 -0.001913841679126542 -0.5760060921207744 -0.0031908309981218143 0.0019212469933507495 0.9999930636776087 32.28486577049245
0.9999926539448055 -0.0009176542863917753 0.0037215551859950515 -0.13242421856615108 0.0009316663425869946 0.9999924779508452 -0.003765108008806922 -0.6251718863722941 -0.0037180724419867877 0.00376854767582977 0.9999859868923163 33.6684685552951
0.9999921520185266 -0.0002723574774292376 0.003952433165903368 -0.14599850634413103 0.00028729166329404844 0.9999928205551203 -0.0037783993277554903 -0.6375541869834055 -0.003951376051302271 0.0037795052539629404 0.9999850508694621 35.060438438054014
0.9999941744015328 -0.0005807134337018037 0.0033636200770154724 -0.14178595633074215 0.0005883080701793286 0.999997279205319 -0.0022573158486988744 -0.6790457484141446 -0.003362300357600343 0.0022592815910300722 0.9999917952556473 36.4524388355208
0.9999945544751965 0.0005775164875348425 0.0032492303367142603 -0.1534728736628956 -0.0005742249783154373 0.9999993211715995 -0.0010138654189898212 -0.6991835796473411 -0.0032498139305379473 0.0010119941308896416 0.9999942072697727 37.8530464916024
0.9999919284005307 0.0029110243015541253 0.002769308507197079 -0.1492525011654875 -0.0029088519276224013 0.9999954586378299 -0.0007882192330256958 -0.7257656639644535 -0.002771590691156444 0.0007801573778496592 0.9999958548093196 39.25361535356811
0.9999809953725953 0.005180619753174886 0.003342164958133653 -0.16656124003111233 -0.0051785082801482024 0.9999863865019177 -0.0006402133072006425 -0.7576360176062411 -0.003345436444845683 0.0006228937223084403 0.9999942100103152 40.65181029876794
0.9999643516243361 0.007766872016469665 0.0033122752290273482 -0.1760647536378983 -0.007765837499742222 0.9999697925496112 -0.00032522731616773406 -0.7858517963272406 -0.0033147014534426755 0.0002994931338113091 0.9999944615116392 42.07393923908579
0.9999527998314139 0.009186895813462522 0.00316212558286695 -0.18720539914482864 -0.009185914699005301 0.9999577558420654 -0.0003248428951279662 -0.8172524228087015 -0.0031649765676624734 0.0002957805479859128 0.9999949477038157 43.46411707227753
0.9999636707765289 0.008111207471142063 0.002620195881016219 -0.19148887612364057 -0.00811000704540985 0.9999670035433342 -0.00046864465655286334 -0.8421921981743474 -0.0026239109205041613 0.0004473778287418433 0.9999964574642598 44.88883164249466
0.9999677115961939 0.007838378139281012 0.001770756596372666 -0.18496437052510664 -0.007836716138621328 0.9999688470225625 -0.0009438651303587563 -0.8789159749165188 -0.0017780999553632009 0.000929957751436846 0.9999979867662574 46.28913056802769
0.9999725997456493 0.0073438113221005056 0.0009317612884536105 -0.19807491888493603 -0.007343329765653598 0.9999729023475624 -0.0005197057449603745 -0.90975447608165 -0.0009355527407985489 0.0005128492797318637 0.9999994308624699 47.71731129379473
0.9999724268454065 0.007424399808406645 -0.00015433891254577935 -0.20065831111039523 -0.007424389926265272 0.9999724365594803 6.761037967730228e-05 -0.9361363723136473 0.00015483663758292699 -6.646265030033467e-05 0.99999998580429 49.11969246966864
0.9999661655416807 0.008137510791650954 -0.0012036072804642102 -0.21019411314671133 -0.008137286633046251 0.9999668734154241 0.00019145635921028126 -0.9626425837173029 0.0012051254887213607 -0.00018165579474671722 0.9999992573375857 50.54790061132229
0.9999651346495533 0.008076493428754794 -0.0021212539214334534 -0.22876361583839475 -0.008075702661821204 0.9999673182815105 0.00038133018707647663 -0.9872730402777831 0.0021242645852532762 -0.00036418629101825454 0.9999976774333053 51.986727977622046
0.9999564175138093 0.008658701777184289 -0.003491408191613166 -0.2322974944067337 -0.008654533983391461 0.999961820092868 0.0012072351962605994 -1.0200117462750196 0.003501728275837478 -0.0011769661037835293 0.9999931763049504 53.40516674675838
0.9999649334504862 0.007320298593392082 -0.00406756374998207 -0.25370624061511315 -0.007311524864988469 0.9999709206785504 0.002167813736019663 -1.048880304353165 0.004083314858168329 -0.0021379976758417055 0.9999893777004643 54.855186440574236
0.9999782759116476 0.004617376286958557 -0.004703990117712314 -0.2563598394214358 -0.0046053160164089176 0.9999860890951262 0.0025715149225193877 -1.0632580272632 0.004715798733270361 -0.002549795755299953 0.9999856297935015 56.255902840250194
0.9999823131292896 0.003219953241132511 -0.005000531375785746 -0.2810380178829688 -0.003210160283311135 0.9999929163729623 0.001965217645504191 -1.0966657315443258 0.005006824287302257 -0.0019491304246914412 0.999985566201474 57.68539895682504
0.9999851112075546 0.0018108088496125406 -0.005147652012813754 -0.2904167912437332 -0.0018000641782502354 0.9999961933509331 0.0020911851573531077 -1.120504951398827 0.005151419591006559 -0.0020818879647517487 0.999984564195475 59.137215677062
0.9999882943730503 0.001102997436474398 -0.004711104177411884 -0.30398634946824715 -0.0010903094334682771 0.9999957742366402 0.002694946296550289 -1.1527204931030433 0.004714057188745502 -0.0026897782468819358 0.9999852712752457 60.53132622865161
0.99999112044494 -0.00026221326475134657 -0.004205980024238227 -0.3194069797303965 0.00027750824735124635 0.99999335010224 0.0036363084679685307 -1.1819025735865274 0.004204998924915883 -0.0036374434482252887 0.9999845433795027 61.99093184917252
0.9999884915530975 -0.0028892316388087792 -0.0038300259729099314 -0.33144102430728717 0.0029013572556127413 0.9999907851924142 0.0031641193951229087 -1.1995266580728925 0.003820849131763737 -0.0031751953181474086 0.9999876595510243 63.39118992578102
0.9999865068188386 -0.003778615393676436 -0.0035648625014100496 -0.3368820983582814 0.0037861254634537975 0.9999906228905268 0.002102232004132154 -1.2309655456039748 0.0035568858496587653 -0.002115700696726354 0.9999914361535884 64.8106759102686
0.9999894211057963 -0.0036701954353559555 -0.002772605663295707 -0.34833689074208396 0.0036757441660808902 0.999991246921176 0.0019987447092113045 -1.2630188409287202 0.0027652458463237085 -0.0020089149928296116 0.9999941588235411 66.26490255809433
0.9999962466678158 -0.001909985660034667 -0.001964333117621139 -0.36662321188564956 0.0019136320072989602 0.9999964466078763 0.0018560121149301882 -1.2933593046570067 0.0019607813483954123 -0.0018597641962155727 0.9999963483019779 67.62173871286846
0.9999987819154665 0.0007241455578455682 -0.0013826703521198028 -0.38425320221881365 -0.0007199498621485141 0.9999951424644233 0.003032609497514473 -1.3187406169182116 0.0013848598058924747 -0.0030316104116435245 0.9999944457368302 69.08800931856665
0.999990837175218 0.004248405106714965 -0.0005259379655882389 -0.4004031053120045 -0.0042461966770388285 0.9999824490692129 0.004131751986267443 -1.3454645112520485 0.0005434821401280924 -0.004129480976792118 0.9999913259702709 70.4555435702575
0.9999693863299927 0.007812964737820836 0.0004289158351382951 -0.4188230367635364 -0.007814987329647007 0.9999572865473331 0.004934680273542053 -1.3736433180741812 -0.000390343061175178 -0.004937881279675519 0.9999877324054142 71.89908153961144
0.9999275057994834 0.012010982780616377 0.0008481807648120735 -0.4276934500752534 -0.012014544082573575 0.999918466935008 0.004325533574508749 -1.3904451479588298 -0.0007961577652714461 -0.004335410597601289 0.9999902851265847 73.26442460786376
0.9998759959039675 0.015671519886843795 0.0015479794034242843 -0.440587337562802 -0.0156772687883078 0.9998699832889533 0.0037735661705508294 -1.4177487942037088 -0.001488640746629657 -0.003797366407715049 0.9999916819432993 74.66459173372033
0.999840358657868 0.017695511657443146 0.0024750798507177096 -0.4588009486361643 -0.01770461330965631 0.9998363980042195 0.003704583883904116 -1.4452108392111342 -0.002409120617032232 -0.003747812896294128 0.9999900749677053 76.10500940345288
0.9998398411552522 0.017683619585808406 0.002753468996389608 -0.4609181278412765 -0.01769493122540329 0.999834865332356 0.0041390243816402505 -1.470169942482941 -0.0026798215947218852 -0.004187084018693519 0.9999876433641757 77.47006080974896
0.9998543956916434 0.01682580340104787 0.0028424837634058375 -0.4674038803165875 -0.01683729024859495 0.9998499740662498 0.004066332695752693 -1.5018868833124006 -0.0027736382347054857 -0.004113600436056136 0.9999876925340978 78.88610690376113
0.9998690658621635 0.01598946755500529 0.002487573099582466 -0.47014993362676316 -0.015996539038219536 0.9998679886760612 0.002848859716447417 -1.525929456591152 -0.002441693166737291 -0.002888279330844628 0.9999928479615715 80.2521993579723
0.9998757697796261 0.01559419277978013 0.0022948030583538055 -0.4792482664507853 -0.015600860925424157 0.9998740451500853 0.0029166786106454936 -1.5603065851201254 -0.0022490309568706877 -0.002952117242685635 0.9999931134068295 81.64011835020044
0.999889010733669 0.014804938184294979 0.0016673282289550275 -0.4801132749843997 -0.014810157306353437 0.999885323792241 0.0031620472899797367 -1.576679769664448 -0.0016203232466702874 -0.0031863898028491964 0.9999936107150703 83.04590892984841
0.9998918120002968 0.014643998604914357 0.0013847612974857964 -0.49381914527306403 -0.0146476883094077 0.9998890922547048 0.0026922953822483414 -1.6104159171808656 -0.0013451818592924057 -0.002712287723647133 0.9999954169793319 84.4201796743974
0.9998953412471865 0.014448172919668734 0.0007462007177842494 -0.503663809561467 -0.014450208899593947 0.9998916757699565 0.00279789655948416 -1.630344407046124 -0.0007056954511139458 -0.00280838655721944 0.9999958074703957 85.80129317277616
0.9999023421829775 0.01396941888626687 -0.0004017424171888671 -0.5129806439186704 -0.013967903775969438 0.9998961180471074 0.0035567981383369802 -1.6621584931432847 0.00045138712665210605 -0.0035508393708239155 0.9999935938749126 87.16321315065038
0.999929261410994 0.011792906096324633 -0.0015490348904077965 -0.5203049766228661 -0.011785676273933586 0.9999199803942245 0.004596810877088956 -1.6848647568165052 0.0016031208347138375 -0.004578229381991296 0.9999882348423058 88.52871831061091
0.9999514809166805 0.009521511750626042 -0.0025251932100574053 -0.5260687239021238 -0.009508432507668368 0.9999415723999201 0.005142131626510178 -1.7110998065967422 0.002574006756854745 -0.005117871616049207 0.999983590807903 89.89049768796836
0.9999554113787636 0.008760407390380406 -0.0035256901462845575 -0.5341172906934566 -0.008741806659410066 0.9999479699649794 0.005257204304478636 -1.7372452655256718 0.003571562261451275 -0.005226149104008326 0.999979965457497 91.2424491234985
0.9999622893435137 0.007798268262839329 -0.003821894721947232 -0.5572942776273058 -0.007779844083177766 0.99995815745902 0.004812210783231793 -1.7628371394037896 0.0038592620443048268 -0.004782295669934628 0.9999811176981762 92.62454585407235
0.9999689093603492 0.006702936998189251 -0.0041534234841138174 -0.5627417631283005 -0.006684421267932545 0.9999677307434952 0.004456006816892386 -1.7914382343495647 0.0041831581458550825 -0.004428105140331301 0.9999814463687272 93.94748794511666
0.9999706381811859 0.006260220816999677 -0.004419546322011988 -0.587392834423409 -0.0062430970656309325 0.9999729926057342 0.0038778615228080536 -1.8098463621099918 0.004443703609261765 -0.0038501560893609878 0.999982714753427 95.36642925161975
0.9999739869635106 0.005726364588735716 -0.004385672709631821 -0.5901501956361994 -0.005712148179195246 0.9999784128597895 0.0032473355741050904 -1.8333949891367392 0.004404173837372213 -0.003222199560140287 0.9999851102350729 96.71262575248457
0.9999677771089641 0.006935311387336726 -0.004043040655965837 -0.6121002890981154 -0.006925063364626192 0.9999727870601879 0.002543354154561278 -1.862616859876745 0.004060569930719711 -0.0025152739457993695 0.9999885925233886 98.05740459131084
0.9999571152487792 0.008453860195164857 -0.0037815189748358962 -0.6344324536063723 -0.00844424627626816 0.9999610921183653 0.0025512687292395322 -1.8844166244308866 0.0038029402359840182 -0.002519227300414838 0.9999895955193218 99.40734388331393
0.9999559484033478 0.008579968184828216 -0.0038059654396308384 -0.6378415981315756 -0.008564492401697045 0.9999550650140503 0.0040641654014862486 -1.914638188326225 0.0038406651557608765 -0.004031390295575831 0.9999844984755831 100.7239753027174
0.9999544422316284 0.008818602831435228 -0.003653173856525565 -0.6621946992775763 -0.00879894377997244 0.9999469065750866 0.005363080947038455 -1.9367449796470926 0.003700275094303735 -0.005330692660487683 0.9999789456224172 102.09888561065675
0.9999555840323832 0.008794036541306359 -0.003390406802160578 -0.6759763936912739 -0.008779414448607997 0.9999521977039684 0.004303975745897495 -1.9597635237671454 0.0034280943455222675 -0.004274018887948512 0.9999849903568085 103.43376985906029
0.999955515889047 0.008824441772694775 -0.0033309825921514777 -0.6872883119735946 -0.00881859943558937 0.9999595581903354 0.0017647398819963793 -1.9838252818444515 0.0033464210091646227 -0.0017352868215879 0.9999928951009853 104.76225843269931
0.9999634853623129 0.00782581794399482 -0.0034328548774538326 -0.7026934480036914 -0.007824033314854846 0.9999692496695463 0.0005331365946572291 -2.0076506775590426 0.003436921836315339 -0.0005062583752095418 0.999993965620336 106.09111435607154
0.9999747926796253 0.006389103806093848 -0.0030973116248570864 -0.7131905877291236 -0.0063840508288852856 0.9999782790638598 0.0016386910128394746 -2.041767439331322 0.0031077143788637864 -0.0016188763503130978 0.9999938606594316 107.44136805794842
0.9999923492008581 0.0029147741351275343 -0.0026087586372711756 -0.7217321444529885 -0.002905575658049259 0.9999895732093576 0.003522940135988409 -2.0573055176683464 0.0026190002350683994 -0.0035153333107355864 0.9999903915912425 108.76703662275705
0.9999966628309636 0.0018821582612033455 -0.0017696895064082008 -0.7369256117667288 -0.0018745818768014788 0.9999891127233378 0.004273216576267323 -2.0894331826906583 0.0017777132627632805 -0.0042698849749904285 0.9999893038536928 110.10457348969521
0.9999984840369364 0.001331687131537816 -0.0011218418368180265 -0.7472547284397831 -0.0013282013982878595 0.9999943059097072 0.003102262218057863 -2.1145830182753413 0.0011259667892075222 -0.003100767546297379 0.9999945587061256 111.4283314784328
0.9999965616263464 0.002595102210181722 -0.00037706067740167644 -0.7599060535412916 -0.002594853619518696 0.9999964164017328 0.0006587282783231585 -2.1370775758791036 0.00037876882575006905 -0.0006577476113649069 0.9999997119514317 112.74875736267519
0.9999834213104405 0.005718346243822348 0.0006764688266106451 -0.762560148919406 -0.0057173984170258724 0.9999826819422265 -0.0013954148335959635 -2.1757220594958064 -0.0006844366360038258 0.001391524081252446 0.99999879760231 114.09571513113896
0.9999631273437425 0.008330473296323417 0.002084982577895581 -0.7807198685207419 -0.008326703554627805 0.9999636934004815 -0.0018104991100697696 -2.1921454645603515 -0.002099989373219733 0.0017930713509852463 0.9999961874611057 115.40596300359452
0.9999499116737274 0.009342368667491366 0.003590859915068708 -0.7914280685920739 -0.009342253970252437 0.9999563590087914 -4.888254258727052e-05 -2.221507133002941 -0.0035911601892088868 1.533336491374611e-05 0.9999935516436956 116.7626517531316
0.9999501384854301 0.00893580871503147 0.004457785436946289 -0.7979235352556137 -0.008946604351258417 0.9999570799941567 0.0024075837296657107 -2.245302096684456 -0.00443608077456438 -0.0024473457779514286 0.999987165758294 118.08409959671374
0.9999492249681782 0.008520021084182249 0.005381144253908597 -0.797756894035552 -0.008537716476190291 0.9999581935002768 0.003273937530940662 -2.2733569657338624 -0.0053530257205360934 -0.003319714048214471 0.9999801621077966 119.43197167937109
0.9999340305751628 0.009535593676079791 0.006403665815367034 -0.7959839703517642 -0.009549998028092692 0.9999519278792927 0.0022224961576093947 -2.2995101534120477 -0.006382165695363484 -0.0022835045838412605 0.9999770265170647 120.76667046609106
0.9999087069414208 0.010991835175104367 0.007858582779623676 -0.7942508692908332 -0.01100844695555631 0.9999372551315006 0.0020736251046288095 -2.322144472967076 -0.007835297409602298 -0.00215994663333922 0.9999669708238326 122.0787852470453
0.99988323273774 0.01240308525660986 0.00892660869588537 -0.7985698253640257 -0.012416253183585232 0.9999219054804152 0.0014211358953463264 -2.344475723619394 -0.00890828585935215 -0.0015318050192780581 0.9999591471703874 123.44249423246927
0.9998613549072716 0.013200633286486945 0.010149592005293225 -0.8007789954998114 -0.01320775685665274 0.999912572121637 0.0006350626727572513 -2.3713583177514845 -0.010140322275679256 -0.0007690279848487569 0.9999482898897173 124.77079931435533
0.999837434001104 0.01411469843561909 0.011219662597413272 -0.7943251165517837 -0.01411266947584354 0.999900377515805 -0.0002600767726746215 -2.39511520356392 -0.011222216721296948 0.00010169510349411803 0.9999370237687043 126.10303594351758
0.9998390278338736 0.013302421822747561 0.012040098293298091 -0.7895240243442918 -0.013298760360422882 0.9999114937846428 -0.00038419187738455166 -2.426967087620395 -0.012044144371019116 0.0002240116552978897 0.9999274415671074 127.4444977539605
0.9998290633951789 0.013054511048804403 0.013092887567140561 -0.7884427739368661 -0.013059089698495945 0.9999146915637472 0.00026420348793627316 -2.4558878864673126 -0.013088322692554772 -0.00043513952696112336 0.9999142495520194 128.79075957721747
0.9998261431934659 0.012380189261040165 0.013943251972085858 -0.7771920941482467 -0.012395820701919481 0.9999226330689758 0.0010351499799168913 -2.4841115717273228 -0.013929359049746053 -0.001207808085442201 0.9999022522983565 130.1358731288543
0.9998416114079793 0.010651012384428983 0.01425861186186369 -0.7648713008875234 -0.010675634710314706 0.9999416495171161 0.001651789628111527 -2.5054654373904595 -0.01424018783581179 -0.0018037477673061644 0.999896976463072 131.45949052943524
0.9998603458574514 0.00881711408125799 0.014196734356755414 -0.7503866385435978 -0.008844443028007467 0.9999591510661179 0.0018633426336611984 -2.5319873994722837 -0.014179726327970175 -0.0019886446527484724 0.99989748506999 132.80117734290252
0.9998784796824083 0.006746165642329904 0.01405400683106917 -0.7424732149254507 -0.006783560659342786 0.9999735727011955 0.0026148073531768712 -2.5500080852248277 -0.0140359966824965 -0.002709825855949893 0.999897818597764 134.13937863829938
0.9998926724141727 0.00579212013744912 0.013457153876175191 -0.7266779828500036 -0.005826263600600045 0.9999799037491849 0.002499352201242587 -2.584110799768981 -0.013442408023897196 -0.0025774889218932178 0.9999063247187151 135.49801298276134
0.9999125024337044 0.004979116714652354 0.01225544245886773 -0.7175805376598091 -0.005004541431423806 0.9999853866870063 0.0020447461682707845 -2.611876444995335 -0.012245083369851775 -0.0021059001628530812 0.9999228085767533 136.81958538396555
0.9999328314228983 0.0029711429362106866 0.011202899328892795 -0.7117352298464865 -0.00300436274148251 0.9999911367756583 0.002949606674642691 -2.6341748583429676 -0.011194037275808153 -0.0029830661790563886 0.9999328951682774 138.18527987213912
0.9999467757503038 0.00203420138202144 0.010114726618591863 -0.6977869076323716 -0.0020685567685837843 0.9999921237519955 0.0033872569755208056 -2.6607399109033443 -0.010107757441231503 -0.0034079996380182833 0.9999431077675206 139.5045991459868
0.9999609116421393 0.0009122196559165179 0.008794489667461502 -0.697861004263761 -0.0009401385235297006 0.999994530534979 0.0031709684071995017 -2.6809400902292984 -0.008791549687035051 -0.003179112553983584 0.9999562999907162 140.86329865677402
0.9999708796532423 0.0007601414549491476 0.007593552262823665 -0.6962871380728246 -0.0007804339189964185 0.9999961317624125 0.002669716073810289 -2.702306979676334 -0.007591494166718869 -0.0026755646436408664 0.9999676047572091 142.17871251544406
0.9999780018798841 0.0008951130581894666 0.006572254851363696 -0.6915222639810594 -0.0009080003382273064 0.9999976706280188 0.001958130514005611 -2.723276975161154 -0.006570487347667797 -0.001964055082491226 0.9999764853123072 143.52658085627496
0.9999835306352898 -0.00030330429383795474 0.0057311840987374196 -0.6856671969118766 0.0003019091954226862 0.999999924586517 0.00024428933370112583 -2.752063721481309 -0.005731258244652232 -0.0002425550131144536 0.9999835467846612 144.8953710419596
0.9999826334974228 -0.0035572320075532033 0.004698809881642228 -0.694464242083322 0.0035609332741932294 0.9999933560246189 -0.000779522900053652 -2.8012705257263426 -0.004696006116307371 0.0007962415331626204 0.9999886566959448 146.19823432827147
0.9999084441374871 -0.013084073309547414 0.0034511422258257846 -0.6879002438590598 0.013077655451193389 0.9999127240840292 0.0018759350389504093 -2.8142190437491124 -0.0034753861870613074 -0.0018306304603984667 0.999992285209726 147.55947046113877
0.9997817193926485 -0.020810154632872807 0.0018576977128100295 -0.6787653020449562 0.020803711834185962 0.9997777185358514 0.0034233151735241366 -2.8385588039640934 -0.0019285246578162722 -0.0033839209715250296 0.9999924149060012 148.86665613285567
0.99966727428515 -0.02577663003194241 0.000951875917415336 -0.662646634435538 0.025776118419238193 0.9996675906668466 0.0005476227139956866 -2.8571840839110556 -0.0009656754522586908 -0.000522904829276945 0.999999397019886 150.18091934912678
0.9997061500336896 -0.024211819100001433 0.0011838090183213502 -0.6709420483239972 0.024215422658074776 0.9997018654881109 -0.0031294478415929794 -2.8889628416007604 -0.0011076865532952806 0.0031571947708208203 0.9999944025592653 151.56554119776058
0.9997860959839185 -0.020563896751746497 0.002210980925962433 -0.684072307483919 0.02057497490849067 0.9997752555934901 -0.00510966774398095 -2.9242057647883217 -0.002105409521020009 0.005154065761632265 0.99998450130683 152.88979569160554
0.9997805059679608 -0.02073035025690914 0.0030319093706185503 -0.6869533471484339 0.020746244456789978 0.9997706836143465 -0.0053078734316989815 -2.954745335938707 -0.0029211802784392914 0.005369609242198813 0.9999813168247113 154.26516953846226
0.999707214937714 -0.023951682758095783 0.0034353021124612785 -0.6899791386307841 0.023959689891360735 0.9997102601323202 -0.002308472398734774 -2.9818194422718394 -0.003379015255594412 0.0023901053539738663 0.9999914347872653 155.59142590210348
0.9995099756818282 -0.031088773878691016 0.0036464563136141275 -0.6889778028737752 0.031084725960574024 0.9995160775505159 0.0011621281790729458 -3.0104304497626613 -0.0036808211594570013 -0.0010482096066632704 0.9999926763771214 156.93091353407073
0.9993499596614591 -0.035865757305434114 0.003647678303083025 -0.678091919401715 0.035856807364718336 0.9993538340452489 0.0024907367065508056 -3.0288777537109186 -0.0037346537665556303 -0.0023583235450030733 0.9999902452860102 158.26441650075083
0.9993584502284563 -0.03563496887108688 0.003582866258197538 -0.6677513976642329 0.035627109076705264 0.9993626543615636 0.002234768504700069 -3.0655610584394286 -0.003660218944827519 -0.0021056876337720693 0.999991084396632 159.61426331809855
0.9994059801615731 -0.03414701034599259 0.004654942213953462 -0.6724308299144102 0.03413617801504159 0.9994143391738065 0.002387472299943085 -3.084988544570707 -0.0047337414334543155 -0.0022271521719074913 0.9999863156465049 160.97360922204257
0.9994590016971426 -0.03236152949199925 0.005868162094237867 -0.6773814617684604 0.03235002991619455 0.999474509778247 0.0020444761890635274 -3.101202638362284 -0.005931241306070503 -0.001853534918577075 0.9999806922031375 162.30471021172397
0.9995918887309619 -0.027718733483901158 0.006908530899614697 -0.6813475263491657 0.02772015935365304 0.9996157164490096 -0.0001104456669338744 -3.136632843938029 -0.006902815232244753 0.00030190620301460535 0.9999761297090727 163.67935740173573
0.9996509606719293 -0.02529933339050741 0.007609242022095805 -0.6814730819762388 0.025306449475845164 0.9996793874989678 -0.0008401339219812146 -3.1605316555065333 -0.007585548215721014 0.0010324036268540594 0.9999706963677287 165.00928433343515
0.9997136730373969 -0.02260107005041087 0.007858981178306437 -0.6813354401009326 0.02259708747073169 0.9997444759319344 0.0005953802779804266 -3.186338907288223 -0.007870429913887108 -0.00041761970397488646 0.9999689404776487 166.36865202308857
0.9997263207813564 -0.022064915318464176 0.007773227137486165 -0.6776488218973438 0.022063659393886118 0.9997565372041557 0.0002474819669860912 -3.2122318869642608 -0.007776795969982207 -7.590837865092765e-05 0.9999697573804781 167.7175510760674
0.9997627159339588 -0.020534179889801635 0.007270439971541531 -0.6752164691893741 0.020549150128678792 0.9997868630813491 -0.0019901841618537312 -3.2363344459687324 -0.007228024183794306 0.0021391133490920367 0.9999715895232485 169.08232132736592
0.9998420832946622 -0.016507710751141658 0.006580575535649148 -0.6845478339970571 0.016543753113202858 0.9998482313354069 -0.005460633590837744 -3.2739058705747413 -0.0064894348023828066 0.00556863881024382 0.9999634380772565 170.4961533324136
0.9999283355618886 -0.010042194217181407 0.006517521917218702 -0.685626017274777 0.010085026804594404 0.9999275442028291 -0.006572561826458251 -3.3117230187343063 -0.006451047292470434 0.006637820334507552 0.9999571607442578 171.8364015294379
0.9999578564125925 -0.0061312838747275555 0.006833210873743936 -0.6875438029456142 0.006170087479670476 0.9999648781416433 -0.005672080408944745 -3.3410604560490973 -0.0067981943222649045 0.005714002998833606 0.9999605665810616 173.21235181768762
0.9999688530213757 -0.0019119468309705852 0.007657509782963669 -0.6979151352795485 0.0019382536397348268 0.9999922409451951 -0.0034294634485424347 -3.3832800623832955 -0.007650894065390059 0.003444198902901272 0.9999648000339618 174.5896285600295
0.9999681169255316 -0.002496568780650847 0.007585004096470123 -0.6992394328010915 0.0025058374521626774 0.9999961250664237 -0.001212694215157442 -3.404467014177089 -0.007581947772131641 0.0012316623704357594 0.9999704980992756 175.98047519075064
0.9999631852693874 -0.005304365862453675 0.0067447625603128955 -0.6972871401541612 0.005306750349338495 0.9999858627722356 -0.0003356331714143635 -3.4293741336150245 -0.00674288745669277 0.00037141360311184027 0.999977197497101 177.40551098607602
0.99995519859156 -0.007913269753100138 0.00519432248016213 -0.6965427176619052 0.007914489397682743 0.9999686569942895 -0.00021419107093838404 -3.4546266584203664 -0.005192465161214121 0.00025529190038848533 0.9999864864716383 178.78036967689246
0.9999560958733011 -0.008853113553371525 0.0030706220011271854 -0.6935184194984326 0.008865617161453853 0.9999523662837919 -0.0040823996159327835 -3.486057690616593 -0.003034334047767315 0.004109443431092802 0.9999869525586337 180.1197079201081
0.9999800330110699 -0.006135715021528713 0.0015121474874296372 -0.705640132257666 0.006148122580444424 0.9999463070280367 -0.008341680996511565 -3.5294112038540058 -0.0014608842481907826 0.008350811476848347 0.9999640642358609 181.53644135558122
0.9999973285863989 -0.002072213110980518 0.0010240886005513778 -0.7312947902565166 0.0020817244151519684 0.9999538836536155 -0.00937533924228653 -3.5611354001282978 -0.0010046137648492212 0.009377446254350594 0.9999555261370172 182.93481561454558
0.9999968638566064 0.0023911350335821535 0.0007448134224167019 -0.751385551293931 -0.0023848238641645952 0.9999621910061832 -0.008362366727307549 -3.5945263828493736 -0.0007647808814351428 0.008360564416477265 0.9999647574149694 184.26035788588655
0.9999948800303905 0.003035015204733652 0.0010141950705807772 -0.745085084268359 -0.0030298928301273438 0.9999828355813543 -0.005014807857033488 -3.6234073824444333 -0.0010293977718883129 0.005011709376289588 0.9999869114681924 185.7023762987326
0.9999925301201646 0.0035615033259612603 0.0015017967308858626 -0.7599760853240165 -0.003557633703217167 0.9999903648535285 -0.0025716627659620466 -3.6586444929338966 -0.001510941376361579 0.0025663007623682823 0.9999955655672796 187.06836064155485
0.9999924450358059 0.0035116688196525506 0.0016667480955569575 -0.765386247691933 -0.0035080686396327656 0.999991517845606 -0.0021581700531978234 -3.691774904515784 -0.0016743128799039159 0.0021523067226708755 0.9999962821179043 188.5111201816948
0.9999980448506217 0.0013267526041301596 0.0014662954175173504 -0.7641911082467621 -0.0013244625620484445 0.9999979034200314 -0.0015617160107497324 -3.7217482237306854 -0.0014683644795434841 0.0015597709348978462 0.9999977055064481 189.92841898566286
0.9999977741711124 -0.001403629641790376 0.0015752717253496818 -0.7709127026049649 0.0014053253145796165 0.999998433872015 -0.0010757844755668548 -3.7508253086915975 -0.001573759389071749 0.001077995873889853 0.9999981806003252 191.2851859607476
0.9999939731735674 -0.0029187464005486358 0.001880037970576576 -0.7756645148267061 0.002920218980712168 0.9999954312434319 -0.0007809028473163501 -3.7859181553814523 -0.0018777502828905884 0.0007863882827784558 0.9999979278201905 192.7440976586151
0.9999768804807737 -0.006404237139399806 0.0022856643297031994 -0.7772477016710548 0.006404080501152234 0.9999794907724031 7.602450440693164e-05 -3.8144480497921505 -0.0022861045241438565 -6.138516283851793e-05 0.9999973849740388 194.10970141352095
0.9999345818904828 -0.011154858348563022 0.0025300371846782785 -0.7757868878225667 0.011150669892421153 0.9999364450005541 0.0016638840894396068 -3.8349249127219553 -0.002548436992725247 -0.0016355636534523584 0.9999954151881615 195.5761319825506
0.9999015084882701 -0.013754182019700405 0.0027920984217064135 -0.7715716927573912 0.013749507698680661 0.9999040482790696 0.0016867906799239865 -3.8637214946741802 -0.0028150311766501133 -0.0016482345862863235 0.9999946794452714 196.97981668670323
0.999926460397783 -0.01173972337153352 0.0030418260265182868 -0.7794079098263331 0.01174684683613795 0.9999282785072263 -0.0023343994888395687 -3.8969295654934766 -0.003014202913786083 0.002369959740612963 0.9999926489067692 198.38264250076818
0.9999843160323864 -0.0045302324486602655 0.003293128204667712 -0.7998687021732617 0.004555075471776906 0.9999609280068296 -0.007575865688938035 -3.9332522334726776 -0.0032586793842822558 0.007590747472546968 0.9999658801966879 199.81847091360464
0.9999782343019807 0.0044953704669941225 0.004829343998172983 -0.8119729296973477 -0.004455160049104795 0.9999555877115902 -0.008305068432034652 -3.9598843146282654 -0.004866464293625698 0.008283372329759684 0.9999538505666022 201.2652144567566
0.9999119674257833 0.01171549210739595 0.006229335572128146 -0.8327608858925889 -0.011689563568027559 0.999922926627789 -0.004182694810627076 -3.998010784320181 -0.006277858318887719 0.004109508460211398 0.9999718498181243 202.7112767056315
0.9998924710911673 0.012735011024611808 0.007270881983717079 -0.825677485289495 -0.012719102549658468 0.99991662197215 -0.0022301492244905376 -4.024877321828922 -0.0072986773462119835 0.002137430363714025 0.9999710799286092 204.1554032264115
0.9999147036127726 0.011237259480984972 0.006656536509762901 -0.8199017572954668 -0.01122627629359088 0.9999355634010052 -0.0016851685763739765 -4.058695736222169 -0.006675044827867255 0.0016102967481295932 0.9999764250792739 205.58283411277736
0.9999605854539639 0.0071104306484876855 0.005316888700897954 -0.8180746702969526 -0.0071022966759794375 0.9999735813687082 -0.0015472432166777552 -4.083692142639135 -0.005327750253491474 0.0015094201404828006 0.9999846682435541 207.02403240982585
0.9999741621238569 0.005882667544920778 0.004131500975489947 -0.812367672193901 -0.00587434786004108 0.9999806994355139 -0.0020230683841148366 -4.120354992932525 -0.004143322626068902 0.0019987462766721024 0.9999894188869534 208.49603237515825
0.9999731816997735 0.00634031814279351 0.0036655475211798995 -0.8221086373435875 -0.006330393337749282 0.9999762826146037 -0.002712994952802817 -4.146657055944083 -0.00368266214891547 0.0026897178884373375 0.9999896016521771 209.9548311721095
0.999963381336966 0.007742072705517553 0.0036464069076235367 -0.8271461337566322 -0.007731933575648216 0.9999662253150677 -0.002786655527703028 -4.184547469026077 -0.0036678585537901574 0.002758359759525685 0.9999894690747404 211.43868496910179
0.9999535014397909 0.00901368354529801 0.003427601430256814 -0.8345732244330972 -0.009006203803580307 0.9999570417050402 -0.0021915879396100994 -4.2082799041917935 -0.0034472087601469413 0.002160616395374768 0.9999917242078027 212.86399491091248
0.9999563509570363 0.008827666744052406 0.0030607948346252894 -0.8473568105375346 -0.008820608838419066 0.9999584249625084 -0.0023119744492094974 -4.248552738982713 -0.0030810771847267094 0.002284875500546927 0.9999926431245477 214.3193376486588
0.9999536688411859 0.009201188018324489 0.0028281254028635146 -0.8455527620234067 -0.009192207881006728 0.9999527188998881 -0.003172270433475106 -4.283791204677617 -0.0028571805872937388 0.0031461267991800424 0.9999909691598993 215.77727683995414
0.9999623055469425 0.008356159619516476 0.0023584034156373685 -0.8566414141573765 -0.008347505467509255 0.9999584754903176 -0.003656017768966116 -4.317093131987947 -0.002388855957519816 0.003636193239181494 0.9999905356864881 217.22954075187613
0.9999669004573649 0.007919268095706396 0.001866324764894405 -0.8550702575767459 -0.00791265381756796 0.9999624799872479 -0.0035254140926508897 -4.35212133404501 -0.001894173603158262 0.0035105298859485668 0.9999920441100835 218.71277961057197
0.999952719392141 0.009548665007359862 0.0018390100377540031 -0.865627318595757 -0.009541080867955496 0.9999461187886328 -0.004089904293360435 -4.392495459151195 -0.0018779642383076136 0.004072164851187643 0.9999899453099298 220.21277440748628
0.999964658397822 0.008242015637897893 0.001658649463282597 -0.8722786166886098 -0.008234965231198415 0.9999572134189361 -0.004213869616544495 -4.421523057204962 -0.0016933094216715389 0.004200061848827162 0.9999897460379831 221.70143824969782
