1.0 -3.469446951953614e-18 0.0 -1.7787691892340307e-19 0.0 0.9999999999999999 -3.5575383784680614e-19 0.0 2.168404344971009e-19 -2.371692252312041e-19 1.0 0.0
0.9999999398638733 -7.08535559765227e-05 -0.00033948727388392647 0.05569069961672338 7.123806521749064e-05 0.9999993559314045 0.0011327230995349811 -0.026761272848715878 0.0003394068273799933 -0.0011327472383819146 0.9999993008434594 1.3159701006825606
0.9999991075624272 -0.0005587901877283866 0.0012135198795759842 0.11108300046058615 0.0005566348298350308 0.9999982684086526 0.0017757635472657302 -0.04833477912174309 -0.0012145101586562628 -0.0017750865086460634 0.9999976870130872 2.5650198957187875
0.9999986472898763 -0.001504349588110505 -0.0006650954667605142 0.021101289604998283 0.0015052389863636061 0.9999979711617369 0.0013386282110350422 -0.07841714954550989 0.0006630804098190649 -0.0013396275536767732 0.9999988828612049 3.9311360339800885
0.9999980220803947 -0.0019824746624724533 -0.00016010070454741242 0.017876793586862484 0.001982676176894559 0.9999972310146693 0.0012676572881193747 -0.09312981672629259 0.0001575871772605136 -0.0012679722322497967 0.9999991837062402 5.252729911667284
0.9999974075515661 -0.002271569834690403 -0.00015768244068269403 0.014180072818044143 0.002271805418420111 0.9999962804000002 0.0015093318714091938 -0.10872492697837455 0.0001542533158361563 -0.001509686210509173 0.9999988485263107 6.5615414964916186
0.9999941041724554 -0.003426734492643451 -0.00022162021117484005 0.012499922315017455 0.0034272424982904164 0.9999914056694293 0.0023329361134988816 -0.14929653693736253 0.00021362397403409603 -0.002333681948662763 0.9999972541432874 7.9041999861668835
0.9999934831309785 -0.003609826029369989 -5.3446794456090286e-05 -0.008980854246000279 0.0036099543949443327 0.9999900229339642 0.002631018108615888 -0.16346697334334098 4.394874966299014e-05 -0.002631193952238328 0.9999965374377318 9.21903635645472
0.9999943223080552 -0.0033144108012039264 -0.0006083061840739324 -0.01058721381722104 0.0033155671156009352 0.999992680469211 0.001909454817498661 -0.18840208531210723 0.000601973066540319 -0.0019114608918093835 0.9999979919714691 10.551434252546477
0.9999996666727872 -0.0007181452303507887 -0.00038848715613276717 -0.02647851257701747 0.0007179639269865555 0.9999996333365072 -0.00046674786956905115 -0.20676022236662409 0.00038882223897263295 0.0004664688036524077 0.9999998156123183 11.872438187931003
0.9999977045761841 0.0020633144857253845 -0.000577556187411527 -0.020335433705555697 -0.0020641788432236166 0.9999967449263535 -0.0014997687152346804 -0.23963019618503117 0.000574459860094631 0.001500957479428681 0.999998708560797 13.215284839326324
0.9999840905218146 0.00563418972683425 -0.00027312585093105667 -0.054257914365144155 -0.005634625775289397 0.9999828106475168 -0.0016215465684211712 -0.2598483759974166 0.00026398507567581067 0.0016230597598813666 0.9999986479936549 14.556920191679389
0.9999819852831174 0.006002098592111054 6.252774114402131e-05 -0.07179459254495367 -0.006002046045891515 0.9999816555081513 -0.0008149249331313756 -0.2871846611242871 -6.741786065024092e-05 0.000814534969620474 0.999999665993652 15.908847068058645
0.99999090633859 0.004252929371411574 0.00031594978786452866 -0.0639503775614099 -0.004253541152372975 0.999989031514833 0.0019606747391874586 -0.31598142247659916 -0.00030760773586847347 -0.0019620008565766757 0.9999980279630537 17.2485868110725
0.9999998336595923 -0.00041787096745127435 0.0003975750322068876 -0.07489238357490924 0.0004163609358573163 0.9999927285486568 0.003790711268840763 -0.3432394539020342 -0.0003991562000692768 -0.0037905451776452754 0.999992736194508 18.609893364225528
0.9999965121068436 -0.0026409264001067394 -3.585648870823785e-05 -0.06551683459492552 0.0026409874893632626 0.9999948545975862 0.0018209775624454948 -0.3814756278459348 3.104724077892542e-05 -0.001821065941504496 0.9999983413762568 19.954034056445426
0.9999948236748694 -0.00320718825416701 0.00025801533257517454 -0.07635208922315781 0.0032073049637759282 0.9999947542519874 -0.00045239239388489104 -0.38389368665870005 -0.0002565630933497717 0.0004532175976083112 0.9999998643843628 21.297810694582957
0.999999249834726 -0.0011314466803947262 0.0004692130142772762 -0.08473473951063719 0.0011322820540667754 0.9999977680113485 -0.0017837903706478084 -0.43790879843779684 -0.00046719374416362815 0.001784320350400478 0.9999982989635627 22.65100277954862
0.9999987636907812 0.000990012135467757 0.001221676287089572 -0.09374733598844756 -0.0009893083061643148 0.9999993443781048 -0.0005766404262910689 -0.43481953686236274 -0.0012222464709761417 0.0005754311104651152 0.9999990874949767 24.021995022675583
0.9999969712445611 0.0012644868159438528 0.002111533919053332 -0.1123696099387892 -0.0012722293611650984 0.9999924582911003 0.0036694406632935823 -0.4555820371729168 -0.0021068782102889524 -0.003672115976533666 0.9999910382730237 25.413453878710126
0.9999977947786425 -0.00038754561699821943 0.002064037225499219 -0.09437255801309483 0.0003780497349320233 0.9999893528361192 0.004599053289067046 -0.48457120588172486 -0.0020657977631182893 -0.004598262927062626 0.9999872941472184 26.787074258543576
0.9999885057358489 -0.004339725734254297 0.0020384271753606017 -0.1049367050773071 0.004331701222000401 0.9999829159547282 0.003924812933134094 -0.5173121780616114 -0.0020554251326859387 -0.003915938034998014 0.9999902202796074 28.15568222273727
0.999987111384542 -0.0046912231240872505 0.0019415198335230685 -0.11495011456329939 0.004688664635681494 0.999988136419831 0.0013203927892532765 -0.5263297568098471 -0.0019476912205367404 -0.001311272656504152 0.999997243526438 29.510183042237525
0.999985478768905 -0.004647138499776141 0.0027288028148309074 -0.11843701501259052 0.004649083520358097 0.9999889431964979 -0.0007067539080543376 -0.5737236877907467 -0.0027254884902873974 0.0007194300972692319 0.9999960270567056 30.900187398115182
0.9999923709595533 -0.0022515431493867165 0.0031919560619142716 -0.13335496762952861 0.002257766037042407 0.9999955553501015 -0.001947246620550115 -0.5757616497023165 -0.0031875578358100693 0.0019544384977543015 0.999993009796069 32.284803220542834
0.9999928075991087 -0.0007331568324004303 0.003721187552033796 -0.13440642169213834 0.0007474381602349169 0.999992355936284 -0.0038378905977442144 -0.6249886568916467 -0.0037183456486356223 0.0038406444309594416 0.9999857115735515 33.66983429295418
0.9999922999299728 7.782015935337526e-05 0.0039235225710663865 -0.14713126319719094 -6.264781751534783e-05 0.999992521177724 -0.0038669967934358476 -0.6387785803873537 -0.00392379449279368 0.003866721296509222 0.9999848260340173 35.060130498214285
0.9999943222461016 -0.00036568248456054185 0.0033498890501109657 -0.14252853325360465 0.0003733702212316715 0.9999972977488124 -0.0022945782525520563 -0.6795460201648011 -0.0033490411956587068 0.0022958160215724643 0.9999917565397684 36.45195938070828
0.9999943217875584 0.0008460745848923546 0.003261986068314384 -0.15612194505442184 -0.0008424992541519807 0.9999990430698027 -0.001097294868548533 -0.7009936902763974 -0.0032629116168118063 0.0010945404406262902 0.9999940776748579 37.85399770772801
0.9999914197975445 0.0031180556391504763 0.0027272803603108726 -0.15085326774869004 -0.0031160008642499926 0.999994858420619 -0.0007574145067867094 -0.7276806168271039 -0.0027296282298483352 0.0007489098146517859 0.9999959941220662 39.2532136838231
0.9999798966042754 0.005370719106373342 0.003370720571602164 -0.1695246618304111 -0.005368661565263058 0.9999853968870744 -0.0006192707679498115 -0.758731530165202 -0.0033739975639052373 0.0006011620710062958 0.9999941273529201 40.6483483272155
0.9999626791018976 0.007983741050931425 0.003301555571847729 -0.17825036824817275 -0.007982751229092224 0.9999680883466786 -0.0003130307788618388 -0.7877795671215216 -0.003303949650388636 0.00028666360169734753 0.9999945008531371 42.07482093425375
0.9999513834274779 0.009351707892991497 0.003126711375924039 -0.18817124854633546 -0.009350704666333745 0.9999562249281054 -0.0003355155824504657 -0.818702972377757 -0.0031297124129625493 0.00030626231760040834 0.9999950555375774 43.46490244134601
0.9999628902017722 0.00821385679673701 0.002598222759247532 -0.1927842415386345 -0.008212572605684948 0.9999661488773423 -0.0005047458949234075 -0.8418669857143247 -0.002602280937825798 0.0004833890762033767 0.9999964972265905 44.88994634189207
0.9999671663790662 0.007915891817363845 0.0017334376285077374 -0.1853249735875966 -0.007914134383203961 0.9999681639045275 -0.0010186615927317959 -0.8783854017497055 -0.0017414462060833383 0.001004909503207261 0.9999979787576965 46.290142620243884
0.9999723084885426 0.007387928786832961 0.0008948463985799617 -0.1993892694895575 -0.0073874365838970035 0.9999725598178982 -0.000552636944670903 -0.9096403626627476 -0.000898904763111201 0.0005460110261318326 0.9999994469202526 47.722138958003725
0.9999714915997945 0.007548841344825292 -0.00017597097098248746 -0.20159939815945332 -0.007548834774424606 0.9999715063186477 4.074720489432345e-05 -0.9368261118358648 0.00017627356554725986 -3.94176741734128e-05 0.9999999836870774 49.12022167813998
0.9999651123872894 0.008268726043422958 -0.0011841275593207183 -0.21326661783894635 -0.008268492111245104 0.9999657948856668 0.00020276769506711993 -0.9635425208886169 0.0011857637864543997 -0.0001929696827045242 0.9999992783641927 50.54865949262777
0.9999630854642182 0.008316552485138837 -0.002159315152632203 -0.22932300843901637 -0.008315678761524564 0.9999653386430013 0.00041354234672864637 -0.9882794891955806 0.0021626797370206574 -0.0003955709257765701 0.9999975831689607 51.9877351836983
0.9999544932555625 0.008871884928263274 -0.003507285258798152 -0.23382158750346643 -0.008867629753764837 0.9999599288948522 0.001227096763529454 -1.0212137542052568 0.003518031676989353 -0.0011959396484637508 0.9999930965702246 53.40571288049868
0.9999628709597657 0.007599149316427695 -0.004063201674538897 -0.2577767742431974 -0.007590713516033656 0.9999690108733085 0.002087672644183087 -1.0506523273731418 0.004078940641499037 -0.0020567525807086238 0.9999895659556111 54.855103104010624
0.9999776803631336 0.004750092697736453 -0.004698444070097121 -0.25928808792963337 -0.004737987597325539 0.999985436448546 0.002584254825749024 -1.0634706455221266 0.00471065149390072 -0.00256193603435371 0.9999856230245723 56.255385571842396
0.9999828014160154 0.0030052092633540703 -0.005036424737063635 -0.28171288635433767 -0.002995819627029785 0.9999937623969586 0.0018708920502987887 -1.093272961189339 0.005042016171366399 -0.001855771696507148 0.9999855669931146 57.68515675812144
0.9999847237005908 0.0019520267088662495 -0.005171261314247468 -0.29249679261114314 -0.0019412077160701697 0.9999959184956646 0.0020963558004916095 -1.1211009506578227 0.0051753327891593615 -0.0020862853303927386 0.9999844315561192 59.13739429582871
0.9999880968992698 0.0012329607778218373 -0.0047207897941712075 -0.30708044646486915 -0.0012202825305979523 0.9999956439161495 0.0026875752720763773 -1.1530511919318094 0.0047240833062335745 -0.0026817826419251486 0.9999852454353623 60.531660626397944
0.9999910692485621 -0.0002418010414776059 -0.004219353955093182 -0.32111715127049983 0.00025705356499670234 0.999993433828638 0.0036147229375792936 -1.1812378301408255 0.004218452565768925 -0.0036157753298759554 0.9999845652986091 61.99170805334403
0.9999889213751719 -0.002745949666658639 -0.0038232033999755425 -0.33427112164350326 0.0027579577961198455 0.999991269862127 0.0031390864474048043 -1.20030330549597 0.0038145505746073876 -0.003149595967345724 0.9999877645535805 63.39333355956833
0.9999870159101083 -0.003636455097758475 -0.003569902524582688 -0.3390734498286714 0.0036438145189548413 0.9999912454016551 0.002057117006471838 -1.2326442454324509 0.0035623909608797993 -0.002070098400245689 0.999991511999056 64.81156613568737
0.9999901845269068 -0.003487714029068745 -0.0027325264437552395 -0.3526724866258865 0.003493126058275944 0.9999919422657422 0.001978248897637392 -1.2650129456106587 0.002725605091542166 -0.0019877745782403413 0.9999943099009452 66.26347325017436
0.999996762155245 -0.00160905632827325 -0.0019714501926955054 -0.36865853265814197 0.0016126603222369612 0.9999970292034702 0.0018278151313565736 -1.294463543725281 0.00196850344636703 -0.0018309885291359614 0.9999963862328948 67.62392652029743
0.9999985434599805 0.000965988927688473 -0.001407103178439816 -0.38653520917468 -0.0009617448142278827 0.9999949959889706 0.0030138090459162375 -1.3201095299487804 0.0014100075649887734 -0.0030124514432589996 0.9999944684936456 69.09106058984415
0.9999903880952734 0.004349531401982471 -0.000552525538994163 -0.4016425713949647 -0.004347246309070166 0.9999822591799293 0.004072196253661055 -1.3457788375198638 0.0005702279334262009 -0.004069755231496598 0.999991555931469 70.45515447579939
0.99996882818403 0.007885022780178991 0.0004111687823601124 -0.4225447276983754 -0.00788694018292994 0.9999569417721941 0.004889866238148082 -1.3728914493594546 -0.00037259439950480984 -0.004892956777903215 0.9999879600014963 71.90090750800326
0.9999257727008127 0.012157321862604495 0.0008053481402317602 -0.4293527394562292 -0.012160664845249115 0.9999168795863765 0.004283944107599023 -1.391225783140966 -0.0007531999729332118 -0.004293419784136652 0.9999904995729663 73.26570663069585
0.999873766454944 0.015815396711190137 0.0015245793721522527 -0.44477528232123564 -0.01582104694265794 0.999867741661153 0.0037674527400697764 -1.417580235170449 -0.0014647940958222964 -0.0037910976886151256 0.9999917409435424 74.66567303549994
0.9998424436191393 0.017577155674286898 0.002476184717427589 -0.4632599864529756 -0.017586178262261325 0.9998386161512823 0.0036698820980621788 -1.4429993658232845 -0.002411279214089626 -0.003712850595255789 0.9999902001872654 76.11009937318408
0.9998412831904808 0.017590823354696996 0.00282335202960937 -0.4669893388324454 -0.01760238918831083 0.999836557289913 0.004124881723687825 -1.4687929770891348 -0.0027503307376471418 -0.004173924870368098 0.9999875069366247 77.46505798517451
0.9998493770753589 0.01712335984313755 0.0028308420100653315 -0.4707125326889253 -0.017134759006184087 0.999844977083065 0.004052392070778711 -1.5030837195732003 -0.0027610128280686035 -0.004100287574948075 0.9999877821489869 78.89397270127012
0.999867106693613 0.01610700418598024 0.002516610535282693 -0.47285994853982793 -0.01611395813906728 0.9998663320162655 0.0027673987580147945 -1.5245563530201043 -0.002471699849232751 -0.002807583611726946 0.999993004061215 80.25411817388593
0.9998729218935843 0.015775341778924624 0.002297524105133901 -0.48300372908202827 -0.015781940300854284 0.9998713030330314 0.0028823206911030635 -1.5615129494484095 -0.002251759015622275 -0.002918213867285077 0.9999932067802723 81.64401426858913
0.9998844194037698 0.015098704524175478 0.0017823912005455462 -0.486137647831562 -0.015104265298372867 0.9998809680397994 0.003148167762133921 -1.5788376243120348 -0.0017346459291388643 -0.0031747256773138645 0.9999934560378839 83.04229741556907
0.9998910844163169 0.014689689879223398 0.0014255806306165525 -0.49748777569240343 -0.014693382643430158 0.9998886276773655 0.0026147247125312234 -1.6077583256827115 -0.0013870124812255572 -0.0026353865920252942 0.999995565456374 84.41681199622924
0.9998922357443663 0.014661052520808161 0.0007552485913246071 -0.5065643078485487 -0.014663088015396744 0.9998886744371034 0.0027627195790517686 -1.6288360805411994 -0.000714660195049905 -0.0027734961985158165 0.9999958984811461 85.8153808094559
0.9998976133247002 0.014303732389597642 -0.00040751702256994573 -0.5171038523638363 -0.014302215018154856 0.9998915487208626 0.0035124746125092046 -1.663744664802827 0.0004577143643515443 -0.0035062866662692424 0.9999937482068635 87.17684123408898
0.9999210620323248 0.012473488051697817 -0.0015105519150678825 -0.5245760349493915 -0.012466509298947196 0.999911960636391 0.004545013909518691 -1.6862316850507286 0.0015671112390597687 -0.004525823925894398 0.9999885304761199 88.54467091000924
0.9999422201476009 0.010425721558595084 -0.002619287626978365 -0.5289813632026755 -0.01041207334378378 0.9999324193530084 0.005171603057477632 -1.7182134596798624 0.002673028536721153 -0.005144032139683306 0.9999831967876877 89.94131411156908
0.9999472092815807 0.009644068404492894 -0.0035454994542267002 -0.5415778008670885 -0.009624837792088212 0.9999390899360213 0.005401753019095211 -1.742769144739888 0.0035973786809978285 -0.005367343115635704 0.9999791250333333 91.27435100299982
0.9999577390144251 0.008352842268330498 -0.003840597084028621 -0.5609355315342327 -0.008334230165756955 0.9999535708647973 0.004837017590669302 -1.768237664862459 0.003880821944736693 -0.004804804857722219 0.9999809263579292 92.65731480589214
0.9999659030981676 0.007118368632540287 -0.004185862673688763 -0.5673123809985972 -0.007099474397073939 0.9999646208652565 0.004511595599012461 -1.7937747176292944 0.004217830141703516 -0.004481724439915049 0.9999810618526404 93.98312618939896
0.9999678155507836 0.006720248078699455 -0.00438247717183422 -0.5909024403081651 -0.006703052756804488 0.9999698245823055 0.003926706191984531 -1.8134316064331326 0.004408733743800695 -0.003897203922966189 0.9999826872889379 95.38782861139907
0.9999711466616584 0.006196554409590196 -0.004394148004779269 -0.5941260996006115 -0.006182705233386815 0.9999758989441069 0.0031584329671734577 -1.832294125309337 0.0044136138780298 -0.0031311741840236245 0.9999853577777067 96.7377365875254
0.9999636626585154 0.007503966089733029 -0.004045223363086798 -0.6190202011652656 -0.007493378549639015 0.999968475564068 0.002626246617982858 -1.8643372367408662 0.004064803450400341 -0.0025958388574024217 0.9999883694331936 98.06937356071636
0.9999522203980842 0.009029155354896642 -0.003745830698866053 -0.638770924421112 -0.009019737692555612 0.9999561368154083 0.002523647481551219 -1.883189972428646 0.003768453119884688 -0.0024897405513881954 0.9999897999282362 99.42571560758459
0.9999523866179961 0.009009124749773932 -0.0037496855028831093 -0.6425921098588223 -0.00899396912616804 0.9999513946422555 0.004039417200675524 -1.9139982884630848 0.00378589518417043 -0.004005500403642911 0.9999848113706833 100.73874129106586
0.9999522492423165 0.009059946093221923 -0.003662865711332375 -0.667254086539555 -0.009040100597820023 0.9999445626397357 0.005398911653057313 -1.93950920004144 0.003711576817699012 -0.005365541292140235 0.9999787173596949 102.11047420448458
0.99995190468018 0.009205618675689977 -0.0033830289183367367 -0.6806585136583685 -0.009190965359788366 0.9999484223060183 0.004321909633291467 -1.9610910953417537 0.0034226405736779144 -0.004290608562467651 0.9999849379950001 103.44836242255694
0.9999523481936261 0.009179157084199367 -0.0033233102263906726 -0.6914282260164799 -0.00917308495985724 0.9999562372521099 0.00183796435270463 -1.9849091679349335 0.0033400360358537074 -0.0018073918086996253 0.9999927887242511 104.77275072447904
0.9999614720067557 0.00800725641535553 -0.0035969880452848485 -0.7121833404689345 -0.008005383277343023 0.9999678133015856 0.0005349920789070499 -2.0076932356276522 0.0036011563930936664 -0.000506176217828484 0.9999933877106166 106.10328049274543
0.9999727778147479 0.006664825852792577 -0.0031660237509338615 -0.7193046897278881 -0.006659602632176747 0.9999764507638126 0.001657595851402002 -2.042519452838825 0.003176997050556245 -0.001636466307858645 0.9999936143164935 107.4455942643542
0.9999908273222402 0.0033417673435809222 -0.002679151270937296 -0.7272257228002406 -0.003332421375597315 0.9999883734371815 0.0034853928975712403 -2.058201595144328 0.0026907677237763524 -0.003476432939489 0.9999903370475781 108.77558026044424
0.9999960297552856 0.002192233204353416 -0.001770474622468977 -0.74093204816734 -0.002184686645907853 0.999988568348762 0.004253271561043527 -2.091234745284697 0.0017797786998746971 -0.004249386829130507 0.999989387495333 110.12930500922207
0.9999978123953568 0.0017294594211803146 -0.0011765074094814596 -0.7519290517390307 -0.0017258266881951864 0.9999937618177948 0.0030818582263660035 -2.1143318614676527 0.0011818301212194828 -0.0030798210995804545 0.9999945589762453 111.4496867604833
0.9999951452763112 0.003075619989833563 -0.0004999790820522081 -0.7674602110474451 -0.0030753417400628796 0.9999951161485267 0.0005567385475737789 -2.1377557749911924 0.0005016889990789863 -0.0005551982519278063 0.9999997200319208 112.76281421914193
0.9999817002194386 0.00601399217534733 0.0006565921053328985 -0.7677380531675714 -0.0060131227244147704 0.9999810513678078 -0.0013188148920627054 -2.17634079277188 -0.0006645110638716213 0.0013148426109805334 0.999998914805827 114.10883168696127
0.9999611313933934 0.008577971779624554 0.002038157656182012 -0.7854150573886095 -0.008574307606242107 0.9999616198146752 -0.0018000460008134522 -2.194338716529077 -0.0020535203506521077 0.0017825002750731654 0.999996302865155 115.42472408729172
0.9999472614147756 0.009642817996677802 0.003534180641431082 -0.7978847087217015 -0.009642897617924806 0.9999535061786752 5.312408151519072e-06 -2.2233074995447635 -0.00353396539651496 -3.939187535720337e-05 0.9999937547467512 116.77298491577615
0.9999450047378816 0.009519799460884583 0.004400102466175661 -0.8033972280933237 -0.009530233376521787 0.9999518101118963 0.0023562951139604895 -2.2446085434318404 -0.004377459337364706 -0.0023980995832706786 0.9999875434041542 118.0928630668815
0.9999448646073245 0.009035287122316953 0.00535082403276726 -0.803192538855836 -0.009052760586636246 0.9999537405161151 0.0032502881320902763 -2.2747362253499417 -0.005321209667490394 -0.0032985487226899804 0.9999804019573961 119.44428166549073
0.999932483708384 0.009735208980165796 0.006344581563417466 -0.8022317529100025 -0.009749610474143215 0.9999499561719999 0.0022428260761650698 -2.298765782724559 -0.006322430208756256 -0.0023045318954622177 0.999977357745208 120.77754482546271
0.9999057030222028 0.011316006994024392 0.007780297517276246 -0.8015105960631057 -0.011332318135413615 0.9999336745716486 0.0020554925650557955 -2.3245960096866685 -0.007756522171930481 -0.0021434675895739717 0.9999676204278064 122.09269515647969
0.9998775119844616 0.012889168782158058 0.008878644662610886 -0.8048117779815762 -0.012901542328758222 0.999915876898616 0.0013376707925966853 -2.3452396699728473 -0.008860657047288518 -0.0014520551851726724 0.999959689330382 123.45265858591337
0.9998565413383163 0.01360953705747537 0.010083512123217044 -0.8069634262599774 -0.013616155309092201 0.9999071230521837 0.0005878929980558736 -2.3721263552884952 -0.01007457549748618 -0.0007251073433598341 0.9999489872694177 124.78818039391126
0.9998339841256104 0.014411825450935337 0.011149145452146599 -0.800193966672453 -0.014409625759416548 0.9998961374117065 -0.00027768969946755567 -2.3967034825164735 -0.011151990431942557 0.00011698858541062883 0.9999378077743127 126.1078552364112
0.9998309083104887 0.013958855941072934 0.011971010763233918 -0.7963378245220814 -0.013954589611688679 0.9999025332163782 -0.00043992230116997376 -2.428268991702619 -0.011975985812502286 0.0002727973759601852 0.9999282480954141 127.44945744540321
0.9998251953873862 0.013412853316361694 0.013025897534724159 -0.7941237582081204 -0.01341808187048448 0.9999099241969376 0.0003140140809414479 -2.4572876473592724 -0.01302051349251375 -0.0004887417586959857 0.9999151100740182 128.79840746002435
0.9998169633085315 0.013156937603924286 0.01389009883703915 -0.7841489457113111 -0.013171506843614601 0.9999127931611741 0.0009578687787337675 -2.4862750025734504 -0.013876286078227046 -0.00114064700675451 0.9999030691043315 130.1469706496537
0.9998375112381152 0.01110670455943582 0.01419831728109269 -0.7703452869067562 -0.011130409239183433 0.9999367884796623 0.0015915592971555874 -2.5042207171642303 -0.014179744002552903 -0.00174933379994297 0.9998979321344834 131.4756766219997
0.9998530872938717 0.009665474983630164 0.014155649232457521 -0.7587189039551927 -0.009692458133179703 0.9999513364233144 0.0018387664568288472 -2.535946112129993 -0.014137189010464679 -0.0019756993910388363 0.9998981130566963 132.8121835879486
0.999877451176261 0.0070033271794828185 0.01400128665383488 -0.7501277407790965 -0.007039971616643419 0.9999719175527797 0.002569614682601188 -2.550371877298653 -0.013982898791049343 -0.002667868486544805 0.9998986753740061 134.15085196232963
0.9998910412494411 0.006192409040680693 0.013399988513064065 -0.733628711702129 -0.006225511796610665 0.9999776687463163 0.0024300254582998236 -2.584009463098155 -0.013384642692376807 -0.002513182515702908 0.9999072633243024 135.50460169521685
0.9999108360557057 0.005459562676253177 0.012186595465802183 -0.7251709340063301 -0.005483814574765614 0.9999830478672932 0.0019574897867458614 -2.6119095815610534 -0.012175702866497603 -0.0020241443132307203 0.9999238246455107 136.82221209946732
0.9999315927738964 0.0033191429462095697 0.01121575067406487 -0.7198716013265469 -0.0033504836488349324 0.9999905320711784 0.0027766946103997413 -2.6315298677049572 -0.011206429182774157 -0.0028140829025491278 0.9999332462101299 138.18184437637615
0.9999464089833656 0.0024135854338591814 0.010067460909579766 -0.7036711730375278 -0.0024465761087784105 0.9999916739906984 0.003265917685769566 -2.661419078035981 -0.01005949536404965 -0.0032903735297687034 0.9999439884257559 139.49999442301245
0.9999610023372536 0.001220522296210831 0.008746664212280045 -0.7046108678960719 -0.0012482278144100361 0.9999942193440527 0.0031627847387692407 -2.683379318005316 -0.008742754137869693 -0.0031735792834772522 0.9999567453836548 140.86531432919128
0.9999709766174929 0.0010872781501351167 0.00754080591021522 -0.7024257339644785 -0.0011075306561053825 0.9999957899658362 0.0026820566403722656 -2.704540206256122 -0.00753785865647959 -0.0026903305194557877 0.99996797088822 142.17728232474911
0.9999776913470919 0.001417665070083101 0.0065274066707077215 -0.6979614747996569 -0.0014303446277831484 0.9999970986700402 0.0019382383413664441 -2.7265963953345147 -0.006524640509650073 -0.0019475315771045163 0.9999768178217435 143.52555107997074
0.9999837135178699 0.0005638465750614548 0.005679329281041787 -0.6928915250297791 -0.00056510947313988 0.9999998159588771 0.0002207587016540228 -2.7570459752070056 -0.005679204241567942 -0.00022396454927257753 0.9999838481061193 144.89944438676446
0.9999883014535561 -0.0008936722870278319 0.004753768257665109 -0.7010908324456655 0.0008965174888933367 0.9999994202774654 -0.0005964057265792258 -2.810780769177552 -0.0047532329126432375 0.0006006606022719568 0.9999885229232787 146.19972066466556
0.999933498099572 -0.01100144509948233 0.0034594216897821774 -0.6952388199563024 0.01099474579538581 0.9999376549045838 0.0019498354932331065 -2.8233532572421707 -0.0034806573117390233 -0.0019116703898158331 0.9999921152374215 147.5619743666917
0.9998132442813675 -0.019236211392437124 0.0018560012690649415 -0.6883123890283824 0.0192296921613267 0.9998090732146928 0.003469300941769727 -2.844987134640801 -0.0019223832732363337 -0.003432962748306991 0.9999922595737297 148.8790912815224
0.9997227693343183 -0.023526830353631532 0.0009342011587654543 -0.6670502476996896 0.02352661088565384 0.9997231805073752 0.0002468481600987197 -2.866508953413517 -0.0009397501858929875 -0.00022480112474004664 0.9999995331662458 150.196357707496
0.9997539684238465 -0.02215325579378014 0.0011117033558640747 -0.6801852527307863 0.022156724383348907 0.99974935660352 -0.003209911420729071 -2.899015437611564 -0.0010403148148462509 0.003233753467541689 0.9999942302742902 151.57783470101197
0.9998154434230001 -0.0190825362016087 0.0022216920194073715 -0.6925786533825986 0.01909387347578855 0.999804182078115 -0.005198219635026686 -2.9300144855917543 -0.002122061940100099 0.005239681095321686 0.9999840211684007 152.90799020097728
0.999816048456959 -0.018949307978048814 0.002965297023214275 -0.696659511957211 0.01896528802405062 0.9998052526909952 -0.005456604630932441 -2.9621466082040535 -0.0028613209028154236 0.005511838717673527 0.9999807160504807 154.27853111107655
0.9997623253857368 -0.02153818744820384 0.0033762745668507238 -0.6994255230892876 0.021546110176728847 0.9997651460703869 -0.002327624167338289 -2.9921744878368064 -0.003325349111216873 0.002399816600446484 0.9999915914292568 155.6129159698454
0.9995710113278091 -0.02905948046230806 0.0036523835222327886 -0.6986347725299802 0.029055661443302586 0.9995771954942987 0.0010948941312944234 -3.022239737396437 -0.0036826566407641248 -0.0009883020092938365 0.9999927306210075 156.9506049702019
0.9994270343275153 -0.03365325718750232 0.003614045070972205 -0.6880930577907806 0.03364527425401743 0.9994313092911203 0.0022480096411480245 -3.037742721413549 -0.003687642950934285 -0.0021251260843700667 0.9999909425212099 158.27903895511733
0.9994261451124916 -0.03368582823441964 0.0035560409725890587 -0.6793497562742796 0.03367855740802181 0.9994305401485103 0.0020857151838555754 -3.0752542812018864 -0.0036242752954281413 -0.001964755965985709 0.9999915021431269 159.62400059254625
0.9994728845611053 -0.03213399661086534 0.004621610061916516 -0.6829253057468156 0.032123839652397186 0.9994813505059403 0.002255865937616951 -3.096646218092975 -0.0046917034467996 -0.0021062129884149927 0.9999867758028838 160.99606323625173
0.9995168626903239 -0.03052264570173235 0.005865943439556366 -0.6854077548724542 0.03051234373699871 0.9995326999015886 0.0018381288254108966 -3.111060334069621 -0.00591930733496519 -0.0016582570787543754 0.9999811058106521 162.32779125065596
0.9996108392701484 -0.027053006495203754 0.006804767175680123 -0.6920111020131716 0.027054158477541813 0.9996339662996222 -7.702322692043081e-05 -3.1404511423950665 -0.006800193264488269 0.0002610905334474472 0.9999768443302892 163.68318298588844
0.99965899199942 -0.02499324290803462 0.007565548929056774 -0.6917468244207121 0.02500025799734892 0.9996870969306477 -0.0008338646957562489 -3.160198066011853 -0.007542341298975181 0.0010227210617525483 0.9999710331417172 165.02743927545106
0.9997320529111909 -0.02179224938687825 0.007805143185315825 -0.6885609931570591 0.021788538761916876 0.9997624445936772 0.0005603159300265806 -3.190632191424303 -0.00781550023433928 -0.00039010311482724124 0.999969382415728 166.3838544474298
0.9997449048558037 -0.021227238444184126 0.007715541137031497 -0.6877605864644238 0.021226403621245445 0.9997746764073133 0.0001902592885253527 -3.2156032188249832 -0.007717841973458598 -2.643754197581694e-05 0.9999702166612507 167.73088151197754
0.9997842651711992 -0.019474741153735646 0.007222020967859769 -0.6834374094557399 0.019489667197326033 0.9998080540664538 -0.002001971383403824 -3.2409436389621824 -0.007181647463004103 0.002142294336572755 0.999971916859609 169.09067512981946
0.9998528857509812 -0.015858926520105343 0.006534624777645207 -0.6961460908794865 0.01589452472785613 0.999858918617032 -0.005432028735210952 -3.2786851708517313 -0.006447557267393549 0.0055350944879744525 0.999963895212146 170.51532733064883
0.9999347356253001 -0.009437580674123707 0.006438678197483213 -0.6970375962065355 0.009480339752290297 0.999932994636713 -0.006642995210220399 -3.31108465802627 -0.006375553511880188 0.006703602660697114 0.9999572060955948 171.85294387104452
0.9999685117190208 -0.004057864127708777 0.006819774279243162 -0.6985368266320606 0.004096791980342346 0.999975341153724 -0.005703803509615128 -3.3508902738962645 -0.006796461430573435 0.005731563224827812 0.9999604778632284 173.21876671335858
0.9999702397470652 -0.0014055737910084777 0.007585775598311987 -0.7067514521624363 0.001432467343046558 0.9999927047187347 -0.00354098074625458 -3.3856286583621515 -0.007580743791645172 0.0035517418188385024 0.9999649581093729 174.60603995946957
0.9999711158738042 -0.0011495781528094665 0.007513048428538928 -0.709883589439942 0.0011602346482042867 0.9999983269674368 -0.0014141839471139674 -3.413285862922335 -0.007511410779848819 0.0014228600337852382 0.9999707766582745 176.00175709242927
0.9999729205330158 -0.0030063969311879633 0.0067171265393101195 -0.708124812611961 0.0030093703422037904 0.9999953782743837 -0.000432568789292773 -3.4425053445233575 -0.006715795588814066 0.0004527714136446425 0.9999773462839707 177.41534297010313
0.9999693306408047 -0.005877380236179935 0.005176310687443238 -0.7073873380493332 0.005878696450710695 0.9999826917442128 -0.00023902455866622153 -3.463071885593365 -0.005174816693439286 0.00026944720122346576 0.9999865742422253 178.80364748937137
0.9999691094805072 -0.007261464221019977 0.003008526944149233 -0.7041823353606718 0.007273974402579129 0.9999648569921266 -0.004168221307810451 -3.4936381401094154 -0.002978154080153864 0.004189976587834393 0.9999867872579407 180.1404677895147
0.9999896676507308 -0.004304095995664219 0.0014626541988340795 -0.7168066127716003 0.004316185693423166 0.9999556952868724 -0.008365285308068413 -3.5386026531938644 -0.001426584532460687 0.0083715121316012 0.9999639406695922 181.55676171093376
0.9999994583036653 -0.00034773189966170147 0.0009810590607913835 -0.7443289916751883 0.0003569386322553377 0.9999557557673177 -0.009399952211343586 -3.5698977597764956 -0.0009777470816334896 0.009400297483641407 0.9999553382111293 182.95516458375928
0.9999935596695716 0.003531096024453827 0.0006418525050234018 -0.7634230670098159 -0.003525586390790555 0.9999585731842903 -0.008391791356629836 -3.600653840901395 -0.000671458200046266 0.008389474567459886 0.9999645823026136 184.27961796724693
0.9999873338832895 0.004950285105176291 0.0009092535649138341 -0.7588539942234266 -0.00494537967448706 0.9999736167872099 -0.005320616431887751 -3.634239705671022 -0.0009355682278811242 0.005316052537988059 0.9999854320418836 185.73206112173798
0.9999868131312906 0.004937195070168059 0.0014133862685674534 -0.7711591200806391 -0.004933151726015026 0.9999837697509836 -0.0028503084941310397 -3.666309221622374 -0.0014274359812725442 0.00284329851199801 0.9999949390261229 187.11388564466054
0.9999881941155842 0.004581801505293852 0.001618245302012112 -0.7781607364576665 -0.004578136653893521 0.9999869633325134 -0.002261379850065123 -3.6999700208540447 -0.0016285855388530996 0.0022539446465850085 0.9999961337126282 188.55686303943136
0.9999929846437506 0.0034667768820491078 0.0014184910693412775 -0.7754130135579544 -0.0034642143573488686 0.9999923702830693 -0.0018051595883705408 -3.7337692129926463 -0.001424738454282721 0.0018002330013915009 0.9999973646361736 189.96459931664302
0.9999984404256089 0.0009370194802529154 0.0014970442091965998 -0.7821121794776744 -0.0009352448898163526 0.9999988597189854 -0.0011856978694415655 -3.765184951163751 -0.0014981536517799663 0.0011842959411548484 0.9999981764866002 191.3199965673251
0.9999982596392503 -0.00011820376523034686 0.0018619208065416642 -0.7891148303962257 0.00012013580395323076 0.9999994544999268 -0.001037577544682475 -3.8006236227033976 -0.0018617973034648393 0.0010377994443365175 0.99999772833764 192.77652323299176
0.9999892641809481 -0.00403158403331136 0.002284263906479755 -0.7921319750510898 0.004031961294362136 0.9999918587342717 -0.00016046123752485952 -3.8290789009870685 -0.0022835985895590574 0.00016966958678774256 0.9999973781898807 194.16749036744935
0.9999563019367653 -0.009007492472217004 0.0025018611108363004 -0.7900278997814085 0.009003706455379625 0.9999583095339443 0.0015206756562132445 -3.849107124425597 -0.002515454492325321 -0.0014980832031841406 0.9999957141069841 195.61224464033828
0.9999085373148785 -0.01325789209696621 0.0026730723231346274 -0.7890988141241024 0.013253521660844017 0.9999108127107801 0.001646443811449546 -3.875839946759714 -0.0026946625189044867 -0.0016108656207540373 0.9999950719391623 197.04534545433575
0.9999255574950864 -0.011829595370921016 0.002990009282852837 -0.794090876118335 0.011837566873296592 0.9999263893691576 -0.0026623004464809883 -3.905244904518267 -0.0029582955006900074 0.002697496757630859 0.999991985965375 198.43284849185335
0.9999885728420107 -0.003525271690126454 0.0032290329676796163 -0.8133954898925364 0.003549961453836674 0.9999642641509773 -0.007672560820495423 -3.9441262679638545 -0.0032018699906082465 0.007683936244251054 0.9999653519740008 199.86541544529692
0.9999722264815585 0.0057243042883200436 0.004772693146322713 -0.8273226577810023 -0.005683892744352953 0.9999482427370392 -0.008438318643614504 -3.9719565592328236 -0.004820750043021459 0.00841095697118735 0.9999530069792072 201.30990694311473
0.9998900501969619 0.01347291415124571 0.006194196794830571 -0.8458640489710657 -0.013446521304947296 0.9999004180220964 -0.004283122451623236 -4.011715995783807 -0.006251286638099057 0.004199361201519531 0.9999716429851504 202.7556572950024
0.9998753454081083 0.014085348376394323 0.007134183692811824 -0.8384318852451067 -0.01406832489428033 0.9998980812943216 -0.0024309040676119857 -4.037742469589909 -0.007167697325206363 0.0023302350711834493 0.9999715966530016 204.20057895454758
0.9998985280965559 0.012633864619602446 0.006581713349680859 -0.8349786474517175 -0.012622476208943762 0.9999187683849986 -0.0017691118842071982 -4.072466801373919 -0.0066035299867337645 0.0016858548778111019 0.9999767753695411 205.63039585119506
0.9999490314932709 0.008602873393595565 0.005284408384304563 -0.8342694705050615 -0.008593801491356192 0.9999615637133253 -0.0017371502230599154 -4.0962989117977795 -0.005299150204454193 0.0016916485575190355 0.999984528543502 207.07943672902707
0.999962935965799 0.007613853958757635 0.0040194416517071 -0.8271464245236653 -0.007604762510984482 0.9999685012918944 -0.0022724496802727415 -4.134999033672359 -0.004036617487926244 0.002241798596571212 0.9999893399698397 208.53830002068455
0.999965497022617 0.007493597453037262 0.0035847942880299377 -0.8369183043345579 -0.007483534020886488 0.9999680424549338 -0.002812615059010448 -4.16073936332734 -0.003605756639316709 0.0027856911375047796 0.9999896191657766 210.002904034602
0.999949271829335 0.009413454794986105 0.003583381104586431 -0.8422362881575813 -0.009402700794520462 0.9999512743461678 -0.0030063553592135305 -4.199245951655052 -0.0036115070004956156 0.0029725094462629133 0.999989060540234 211.48750746646036
0.9999444939019045 0.009988764850837004 0.003351667268049438 -0.8503687633428176 -0.009980761626499059 0.9999473196570176 -0.00239631614065895 -4.223598400221685 -0.0033754272273169824 0.0023627309801112196 0.9999915119584499 212.9091897964554
0.9999472526849477 0.009831633097581581 0.0029716695637590305 -0.8641109274322053 -0.009824254845505975 0.9999486467231502 -0.0024875602032563694 -4.263925037023693 -0.0029959739938289253 0.0024582345953822796 0.9999924905810406 214.35484830808252
0.9999454052612493 0.010084521526193303 0.0027365860219052142 -0.8621608137569705 -0.01007537437577698 0.9999436766336776 -0.003336227625389062 -4.295466061552647 -0.002770076384904542 0.0033084734159701226 0.9999906902949989 215.82273309171356
0.9999501318345944 0.009729493127960221 0.002251841135307746 -0.8709828772291844 -0.00972079082262212 0.9999453634082688 -0.00384401434903319 -4.331918976165115 -0.002289118610760665 0.0038219330481872858 0.9999900763310026 217.273175128293
0.9999532743274394 0.009500026823404934 0.0017884723493848244 -0.8698950329680508 -0.0094932561481768 0.9999478792625948 -0.0037572420093922292 -4.366681849512028 -0.0018240731905627666 0.003740088091529503 0.9999913422101878 218.7571544921194
0.9999372002223398 0.011083759089336755 0.0016570673680064835 -0.8836754936099049 -0.011076483099612114 0.9999292448813826 -0.004337831181144581 -4.407488298727452 -0.0017050297461020777 0.004319204365641662 0.9999892186142028 220.2464130537383
0.999954430629094 0.009413024626270187 0.0015911045815538126 -0.8883668301514567 -0.009405990631251214 0.9999462035678905 -0.0043723371009671145 -4.436174456442424 -0.0016321760446962954 0.004357172021525352 0.9999891754668433 221.75592175463862
