1.0 -3.469446951953614e-18 0.0 -1.7787691892340307e-19 0.0 0.9999999999999999 -3.5575383784680614e-19 0.0 2.168404344971009e-19 -2.371692252312041e-19 1.0 0.0
0.9999999398638733 -7.08535559765227e-05 -0.00033948727388392647 0.05569069961672338 7.123806521749064e-05 0.9999993559314045 0.0011327230995349811 -0.026761272848715878 0.0003394068273799933 -0.0011327472383819146 0.9999993008434594 1.3159701006825606
0.9999991075624272 -0.0005587901877283866 0.0012135198795759842 0.11108300046058615 0.0005566348298350308 0.9999982684086526 0.0017757635472657302 -0.04833477912174309 -0.0012145101586562628 -0.0017750865086460634 0.9999976870130872 2.5650198957187875
0.9999991457154755 -0.0013004207415826148 0.00013219841880470254 0.07255265637738105 0.0013002790042439052 0.9999985850878156 0.0010672837985080908 -0.07482999763304421 -0.00013358616007698746 -0.0010671110118437757 0.9999994217142275 3.903691836480245
0.9999977945975987 -0.0020661239678999733 0.00037674306752360424 0.050913474002478525 0.0020657664502284068 0.9999974176513333 0.0009472573089507873 -0.0946365277991014 -0.00037869927676355036 -0.0009464769734428201 0.9999994803837517 5.236621858601559
0.9999973003851134 -0.002319311163791582 0.00014149859363702137 0.054019138868114415 0.002319101579592621 0.9999962380149467 0.00146482768832415 -0.11176560383974761 -0.00014489546342720647 -0.0014644956112127312 0.9999989171283783 6.55387691012507
0.999993093837793 -0.0036979685683480312 0.00037055481989891714 0.04004450399538078 0.00369710611087992 0.9999905151845935 0.0023023774066178344 -0.14441970795125675 -0.0003790654544457209 -0.002300991567749387 0.9999972808698191 7.892103006203674
0.9999937960403643 -0.0034730245664226465 0.0005882064990232335 0.03916603778094996 0.0034714016869570492 0.9999902254457871 0.002738316606886232 -0.16413678532470793 -0.0005977110384618109 -0.0027362577682331574 0.9999960778095932 9.213049763268492
0.9999957524435852 -0.002913682353752568 -7.452520737434424e-05 0.03627225746142733 0.002913814047307655 0.9999940805456724 0.001829906231362359 -0.18565826153874837 6.919300826583783e-05 -0.0018301156452252554 0.9999983229433301 10.540597427605949
0.9999996910666199 -0.0007790840308280114 0.00010438450650841519 0.004020363876717718 0.000779111552918061 0.9999996618028574 -0.00026339735010292843 -0.20849691918660723 -0.0001041792715022066 0.00026347860177995626 0.9999999598627555 11.861947588548054
0.9999963574267058 0.0026982897172775243 -6.60375406302744e-05 0.0073596503579102975 -0.0026983826784608023 0.9999953113290957 -0.0014477761460897887 -0.239601170264298 6.213071540606867e-05 0.0014479490934367028 0.9999989497910176 13.208627258266635
0.9999871199928073 0.005072161029888146 -0.00018171619339272908 0.008137849548106573 -0.00507249659962815 0.9999853402074059 -0.001894507494763337 -0.26138978535123186 0.00017210429505292563 0.00189540488159974 0.9999981889086234 14.552497350334209
0.9999850049047636 0.005471647069995125 0.0002259058605536663 -0.025030731028218848 -0.005471355164700364 0.9999842196025807 -0.0012746879910756946 -0.2829944187612639 -0.0002328769595558726 0.001273432886909209 0.9999991620679053 15.897452973928392
0.9999924985809565 0.0038601220632275305 0.00031973849564830644 -0.010843506667945438 -0.003860527424699757 0.9999917337448676 0.0012762354694134512 -0.31632836519654095 -0.00031480945373502773 -0.0012774602829455108 0.9999991344946075 17.262468767610667
0.9999996553280056 8.770499099699028e-06 0.0008302217457206832 -0.034930268185163364 -1.168307103031202e-05 0.9999938460107956 0.003508247902512352 -0.3430162417449003 -0.0008301859347679757 -0.003508256461334696 0.9999935014425912 18.60320395424025
0.9999984407077407 -0.0017545991695478123 0.0001999169833941869 -0.015424854409482866 0.00175428578108139 0.9999972480249679 0.0015576973322995067 -0.3773295324270154 -0.0002026495834127858 -0.0015573442210592627 0.9999987668052768 19.9632441078367
0.9999956129243982 -0.0028919704464087544 0.0006408151104297752 -0.035272637999906424 0.0028924905058099054 0.9999954872018949 -0.0008118315380209986 -0.3882655060410069 -0.0006384644801643298 0.0008136815468483246 0.9999994651420613 21.29619234045084
0.9999992229114877 -0.0007659820835585335 0.0009835906168227093 -0.028027355252951323 0.0007677060532257484 0.9999981679269884 -0.0017535019377215302 -0.44052934053984044 -0.0009822457481293782 0.0017542557195272194 0.9999979788872398 22.67128282348301
0.9999985088189737 0.0007510262861370083 0.0015550949373060077 -0.053121285506599294 -0.0007493942706076227 0.9999991681515819 -0.0010498122444407326 -0.43628884947847346 -0.0015558822126825154 0.0010486453211039294 0.9999982397840687 24.036844537703203
0.9999955885072658 0.0015337002370563275 0.002543763017523886 -0.07116234977888553 -0.001543616343808226 0.9999912004895766 0.0039007939998342875 -0.46527872163074224 -0.002537758196365099 -0.0039047034617477085 0.9999891564770506 25.41484604738305
0.9999966323187369 -3.8415222847655237e-05 0.002594971853914153 -0.054030043326180305 2.658287046849138e-05 0.9999896045919374 0.004559605283663809 -0.4833806928742248 -0.0025951202519802173 -0.004559521034290858 0.999986237963512 26.784752884710088
0.9999903628303184 -0.003553498853834415 0.0025781584000808934 -0.07104047825948018 0.0035439683430830114 0.9999869049064155 0.0036919233969732366 -0.5235888865254977 -0.0025912441001600455 -0.0036827509732842516 0.9999898613469195 28.149625836356083
0.9999877543277488 -0.004316098387759419 0.002421259648149437 -0.057377944709117536 0.00431379412943181 0.9999902383711398 0.0009562095398005667 -0.5238496659719483 -0.002425363311059376 -0.0009457530280786852 0.9999966115747314 29.519434900690158
0.9999857146401067 -0.004266121337527469 0.003220362443648632 -0.07548810050136649 0.004269150432658672 0.9999904507325063 -0.0009342337597366663 -0.5790294363741052 -0.003216346409253084 0.0009479686501581337 0.9999943782177267 30.89854190277288
0.9999924895822301 -0.0014839351912362235 0.0035803243084598178 -0.07906883187527428 0.0014912082473209944 0.999996828594707 -0.002029555714122652 -0.5814007735859188 -0.003577301528520171 0.0020348795246024147 0.9999915310513968 32.291544581253056
0.9999925845071344 -0.00017969489961091115 0.00384690075450042 -0.09110829592450584 0.00019456528893884578 0.9999925099106283 -0.0038655228497852328 -0.6291261395940049 -0.003846177654301122 0.0038662427378550095 0.9999851294292833 33.67116439642653
0.9999903787949291 0.00042611774884267466 0.004365861382013598 -0.08993189749034189 -0.00040816853558010933 0.9999914651120557 -0.004111338272434975 -0.6451679511005147 -0.004367576406558642 0.004109516793385017 0.9999820179097169 35.05698873409655
0.999993050588556 0.00012109721631082052 0.0037261393414485377 -0.08001418444071852 -0.00011188246453178174 0.9999969355902059 -0.0024731140104415983 -0.6892904351234581 -0.003726427727188006 0.002472679985777798 0.999989999742673 36.45988348456785
0.9999922788013046 0.0012889269308398264 0.0037122779333320947 -0.0940520613012877 -0.0012840463870518685 0.9999983086186878 -0.001316809394852766 -0.7083196339037381 -0.003713969240561 0.0013120325183332557 0.9999922424691576 37.845497222993124
0.9999870221954158 0.0037246024743730014 0.003476028551620235 -0.10821728513730641 -0.003721548662084342 0.9999926837033748 -0.0008846594492574879 -0.7386590889110348 -0.0034792984197222925 0.0008717117760751127 0.9999935672776519 39.23715653135967
0.9999759658600075 0.005893856286651027 0.0036510482104989946 -0.10877796576513712 -0.005890664966583716 0.999982258865709 -0.0008843257503430459 -0.7660978537361549 -0.0036561958357103496 0.0008627974100167816 0.999992943879143 40.64445580747413
0.9999621634727386 0.0077426556310336014 0.003965210581078768 -0.1308808261376245 -0.00774025847799919 0.9999698517623689 -0.0006196624904364625 -0.7913063957279906 -0.003969889206705567 0.0005889472986515714 0.9999919465255458 42.05489616020894
0.9999463456089376 0.009723915808806962 0.003570902842085034 -0.12206775731965955 -0.009722092584486098 0.9999526000809253 -0.0005277586528403882 -0.8248880366899805 -0.003575865765497982 0.0004930136934097586 0.9999934850373133 43.45585230546961
0.9999571643883264 0.00872996972069019 0.003075223876936605 -0.13921736639543938 -0.008728071446607739 0.9999617109938804 -0.0006303445408341096 -0.8518070268165211 -0.0030806092798136148 0.0006034767736430485 0.9999950728169924 44.884433868098085
0.999962166677399 0.008374752802403494 0.002351321818981834 -0.13115480376725763 -0.00837219340735172 0.999964351446461 -0.0010964634575606617 -0.8890443585501858 -0.0023604208090637997 0.0010767362704023743 0.9999966345190099 46.286677782217104
0.9999640266406317 0.008306242301232895 0.0017180651553480677 -0.1444897024187842 -0.00830499904445343 0.9999652465796112 -0.0007298232191246015 -0.9195372772758841 -0.0017240676820171263 0.0007155284446023573 0.9999982578020822 47.70704130923621
0.9999674268343292 0.008053998141514347 0.0005276056672689057 -0.1556836289303783 -0.008053947643019317 0.9999675615699084 -9.875535305257769e-05 -0.9483412178760194 -0.0005283839732480419 9.450282398193092e-05 0.9999998559393871 49.1147464312029
0.9999638406122249 0.00849701499147913 -0.0003437808034253973 -0.1732036155300088 -0.008496966365806949 0.9999638897340055 0.00014425359864753373 -0.9717241146599523 0.00034499414312292925 -0.0001413272981759021 0.9999999305030945 50.5407834094253
0.9999546027186268 0.009415553397039481 -0.0014628166577178505 -0.18134113201759336 -0.009415318175847892 0.999955660803979 0.00016802013640718495 -1.001003164288769 0.0014643339234409127 -0.0001542396359276193 0.9999989159687827 51.98223459350984
0.9999513884945418 0.009520071760171315 -0.0025668766370069073 -0.20156390672681984 -0.009517642208998502 0.9999542479956117 0.0009573001146282571 -1.0337400179031426 0.0025758729808755478 -0.0009328229931760599 0.9999962473551097 53.38504334230985
0.9999626722382344 0.007866492114578337 -0.003573850671312481 -0.19394360765074034 -0.007860061734615016 0.9999674712810488 0.00180992424620912 -1.0578810362670887 0.0035879724774931306 -0.0017817660429432069 0.9999919758528887 54.841172615590196
0.9999712612774471 0.006346919502548574 -0.004146469737230998 -0.20471718413295897 -0.006337677535818062 0.9999774116243169 0.002238324613991487 -1.0855996533678456 0.004160582894348471 -0.0022119813511378597 0.9999888982867385 56.24587587356238
0.9999825833549447 0.003907887213977156 -0.004422825852471087 -0.2279704859135614 -0.0039002342922335106 0.9999908842735152 0.0017376850598656583 -1.1096271762655638 0.004429576587903694 -0.0017204047786682404 0.9999887094699587 57.67235123174852
0.9999855669815164 0.003020634992459933 -0.004443149662161605 -0.24461317263812987 -0.0030119525402747113 0.9999935441159998 0.001959559480441686 -1.13861198539777 0.0044490404690011014 -0.0019461486864622468 0.9999882092070048 59.13051885383259
0.9999915365741111 0.0008533183226542519 -0.004024750802336218 -0.25027531548043913 -0.0008429692229448048 0.9999963361440627 0.0025723728882696634 -1.1627004904039395 0.00402693145148667 -0.00256895843068887 0.999988592076778 60.52544994279675
0.9999931715104174 0.0004912366949789563 -0.0036627327897536463 -0.2677524414141032 -0.0004794713335677641 0.999994725362117 0.003212375342316505 -1.1981318432884052 0.0036642918190491498 -0.0032105972979068554 0.9999881324485091 61.98350692750594
0.9999937078071447 -0.0017249185536909913 -0.003099838569461915 -0.27443770365016623 0.0017345981979695804 0.999993620183331 0.003122620453002355 -1.2176046280064954 0.003094432791268975 -0.003127977842117338 0.9999903200763987 63.376724388072844
0.9999913993597163 -0.0029616723097867052 -0.0029033950503233657 -0.28348442373136307 0.002967362214316087 0.9999936817884931 0.0019573298120060516 -1.2436462669992345 0.0028975799832248565 -0.0019659284413201116 0.9999938695617597 64.80622998626617
0.9999941229806734 -0.002688850026239649 -0.002126990812891523 -0.28948313515539925 0.002692702003701331 0.9999947363771046 0.0018101297716589697 -1.2785299216410844 0.0021221126307265333 -0.001815846521373033 0.9999960996640637 66.2582415546972
0.999998267314963 -0.001267467187113588 -0.0013634125255542445 -0.3163581267934027 0.0012698783678298242 0.9999976289875145 0.0017690183776967812 -1.3074029576748243 0.001361167236694678 -0.0017707467156557347 0.999997505838074 67.61190773497046
0.999998861391418 0.0013282634709662162 -0.0007161903400663863 -0.32824282075293754 -0.0013263220340758164 0.9999954630095922 0.002704594581587654 -1.3378429647246046 0.0007197795678397119 -0.0027036416579748713 0.9999960861127493 69.11375235916745
0.9999857647700067 0.005334403025291203 0.00011996401664732346 -0.34171833239880756 -0.0053348402076982965 0.9999777845957156 0.003996223797799211 -1.3689731377011694 -9.864388872081399e-05 -0.003996806982274137 0.9999920078700797 70.45180961831214
0.9999643105158257 0.008405217390344956 0.0008543993322104953 -0.35646462168753323 -0.008409171331458444 0.9999534368660008 0.00473391534740764 -1.3925314945199312 -0.0008145700266267209 -0.004740931285997385 0.9999884299561166 71.89785710569251
0.9999162601900048 0.01285396569127942 0.0014993812459295063 -0.3669793371991475 -0.01286014787122787 0.999908532343817 0.004188504913957241 -1.4153446258709834 -0.0014454053221160616 -0.004207436525486994 0.9999901040911402 73.25942983767122
0.9998585917966396 0.016676907907912198 0.002162662900917576 -0.39064505607180233 -0.016684746011657862 0.9998541091089405 0.0036578399132731294 -1.4423414677516768 -0.002101346104325023 -0.0036934062297763874 0.9999909715056845 74.66678491897899
0.9998375291881889 0.017801013763361087 0.0028353289067130838 -0.40166164842958924 -0.017810448729419455 0.9998358111028604 0.003337484249777032 -1.4618664144928133 -0.0027754530069990014 -0.0033874405642713504 0.9999904110060751 76.1328264289983
0.9998395468995083 0.01760582462719268 0.0033038387333987713 -0.40983305603596265 -0.01761862501942353 0.9998372291417235 0.0038857846675428177 -1.4847396304081548 -0.0032348887925789846 -0.003943370365692734 0.9999869925761077 77.4762511907221
0.9998428907422066 0.01743536431939191 0.0031940349510797125 -0.4175844224154379 -0.017448298034257695 0.9998394958470391 0.004066876833895743 -1.5238841025861865 -0.0031226150775645117 -0.004121968455713151 0.9999866292346318 78.91406773427892
0.9998550291087117 0.016723724575564522 0.0031996501413501465 -0.4267147897490846 -0.01673289557262755 0.999855902275831 0.0028609324860725985 -1.5470786634869007 -0.0031513438970890402 -0.002914057213507862 0.9999907886069545 80.24955913785075
0.9998616416152835 0.016375600961347804 0.0029218622942901017 -0.42115009359051825 -0.016383763017421768 0.9998618808108233 0.002791353486342382 -1.5760754989286976 -0.002875748879925379 -0.0028388384447404283 0.9999918354974148 81.64224741069575
0.9998727503569957 0.015764585105248335 0.0024414977918519945 -0.4326232256352572 -0.0157718694694079 0.9998711361941518 0.0029931889994924306 -1.6034737910337473 -0.002393996989254744 -0.003031315171619429 0.9999925399242453 83.1055803051584
0.9998771675594953 0.015540754383419392 0.002033398193963305 -0.4409309027896679 -0.015545905780614978 0.999875923606123 0.0025420949410340115 -1.6262441294698218 -0.0019936399914946305 -0.002573393767050721 0.9999947015068914 84.41307719493638
0.9998794765815203 0.015468308077960943 0.001328050253392801 -0.4483587245378612 -0.015472012282324026 0.9998763104975561 0.002824992356355375 -1.6460243132751216 -0.0012841882425971443 -0.002845199555334971 0.9999951278375104 85.81645565760306
0.9998885298353868 0.014928162866419977 0.00027896012098539485 -0.45350632595744306 -0.014929065108391858 0.9998821813599511 0.003570217328995569 -1.6791572556680057 -0.00022563048561471304 -0.003573984051785987 0.9999935878440787 87.13372559306742
0.9999022174705943 0.013931917565254677 -0.001207117693118676 -0.4480968735722751 -0.013926036395297183 0.9998917389775025 0.004751407044573035 -1.7087866139455592 0.0012731833311585847 -0.004734132180063131 0.9999879834277433 88.52777696608149
0.999927035485834 0.011869967243805159 -0.0022422198467961364 -0.4560664837775471 -0.011858013603679687 0.9999157952838664 0.005271610973964177 -1.7375281994688492 0.002304605089161299 -0.005244638174322391 0.9999835911509005 89.94672566631738
0.9999434399635915 0.01020079241061268 -0.0030100962211852995 -0.4719749347538158 -0.010184834174174347 0.999934244262334 0.005270325067240298 -1.7597876695643009 0.0030636600445438857 -0.005239369760173602 0.9999815813295799 91.25469873699082
0.9999462015662308 0.009855931238901813 -0.003233351901218294 -0.4780521071243674 -0.009841281137424072 0.9999413749760291 0.00451617291894987 -1.7843168804137906 0.00327767371564109 -0.004484109729440114 0.9999845746919804 92.68401001346031
0.9999541895252034 0.008833774503882843 -0.0036855464708239467 -0.49155671186341293 -0.008817792642827229 0.9999517456739262 0.0043304589769642046 -1.8116280100405113 0.003723623242964067 -0.0042977623065299135 0.9999838318077674 94.02217401470558
0.9999534241401614 0.0089526807812853 -0.003605416871435178 -0.49939374521710633 -0.00893915347973491 0.9999530100663125 0.003750894996765147 -1.834252158136729 0.0036388283286432734 -0.0037184910039409946 0.9999864657886804 95.3825736068508
0.9999548609686691 0.008922461587712932 -0.003265835079705133 -0.5178710792040968 -0.00891274280042615 0.9999558444389136 0.0029786250631576193 -1.8674049049119164 0.003292267822683196 -0.0029493831304573106 0.9999902310114216 96.73955340186578
0.9999480664547862 0.009685798665964094 -0.0031701214481304665 -0.5297890051170567 -0.009678136261256345 0.9999502283375669 0.0024237465826391553 -1.8919541172749617 0.0031934398585311665 -0.002392939898727659 0.9999920378616577 98.13404513344483
0.99993078518757 0.011375763347291803 -0.0030028003900957802 -0.5528795994616831 -0.01136800268106925 0.9999320298348594 0.0025892569836981367 -1.9163320954036602 0.003032051321540155 -0.002554941987414095 0.9999921394401711 99.47726728322078
0.999927197555821 0.011759537407461348 -0.002704225447773612 -0.561954020789238 -0.011748878749163642 0.9999232784059866 0.003924433350296945 -1.942300929837327 0.0027501677309047525 -0.0038923761130235835 0.999988642931178 100.83035641199477
0.9999219709653874 0.012153349555554315 -0.0028892976312764893 -0.5755900831510472 -0.012138642013051325 0.9999135474925535 0.00505479366117558 -1.9643706673526606 0.0029504807711976445 -0.005019327201530224 0.9999830503684123 102.14029357828505
0.999932059571389 0.011394764587693847 -0.0024567356564804267 -0.5907408395583008 -0.011384207677916541 0.9999260832310506 0.0042694163149162 -1.9937349692364708 0.002505203270788701 -0.004241158354377086 0.9999878681952576 103.48086160688676
0.9999290630474277 0.01166671657078515 -0.0023992843907517034 -0.6018858540292844 -0.011662670374501246 0.9999305540766578 0.0016938627930390081 -2.015531446794087 0.002418879792381559 -0.001665760616326812 0.9999956871240013 104.83400284189091
0.999935035543859 0.01107240818892328 -0.002706739380950084 -0.6245093403596906 -0.011070899302603207 0.9999385520879248 0.0005720688781216335 -2.0395408093506355 0.0027129074665999406 -0.0005420656962257978 0.9999961731440355 106.14875093467487
0.9999582983526721 0.008752895278074897 -0.0026054473915805283 -0.6395906947234299 -0.008748788631370633 0.9999604746200643 0.001583639483011189 -2.0726936250491788 0.002619206062886962 -0.0015607789737142937 0.9999953518559229 107.51024812665143
0.9999800779335988 0.006073302035966132 -0.0017200939326620474 -0.6514279937918028 -0.006067604152128728 0.9999761506493652 0.0032988367496233763 -2.0952764807722755 0.001740087890813938 -0.0032883342517694733 0.9999930794538369 108.88784511867514
0.9999907779374706 0.004188776229805855 -0.0009477258191604711 -0.6628223392564608 -0.004184676304847626 0.9999820517238411 0.004287740824327514 -2.1220237827948583 0.0009656692807699904 -0.004283735445158729 0.999990358501511 110.17405553186919
0.9999929762070493 0.0037107172428239264 -0.0005273578949178707 -0.6712103819790465 -0.003709010275827319 0.9999879945000885 0.0032022031071206715 -2.145660031076921 0.0005392340819319499 -0.003200224706013206 0.9999947338810957 111.49962041735958
0.9999866856016918 0.005124665640210779 0.0006053199752826754 -0.6767160725489844 -0.005125054936078188 0.9999866602373039 0.000642782457395983 -2.1685350853661816 -0.0006020179059703251 -0.0006458762134260062 0.9999996102087044 112.82043852304344
0.9999649977870113 0.00825633233759147 0.001355050263984462 -0.6785161492769981 -0.008254938222184788 0.9999653952974992 -0.001031610607496642 -2.199274561468641 -0.0013635208094823388 0.0010203886575229429 0.9999985498069204 114.11534423545356
0.999939608548576 0.010584295997542535 0.002958363273607424 -0.697498733449191 -0.01057911374645528 0.9999424869418878 -0.0017621536499468485 -2.224955146693659 -0.0029768445385612253 0.0017307503977833645 0.999994071430265 115.46676637165514
0.9999218829650117 0.011718161649322094 0.004348865639630368 -0.7116793267430724 -0.011719453874740975 0.999931287970206 0.00027160090494169947 -2.2493897989588394 -0.004345384524633158 -0.00032254603035215644 0.9999905067511274 116.80754508327462
0.9999295724650346 0.010670637652426047 0.005194957449887204 -0.7223291122018898 -0.010684171436481354 0.9999395831283954 0.00258429835502958 -2.275111854380586 -0.005167067910668979 -0.0026396202212603443 0.999983166762876 118.10561621781787
0.9999222688294221 0.010885427711135915 0.006079781521514497 -0.7208766881457276 -0.01090403338120406 0.9999359421068471 0.003035418211768132 -2.303428891180888 -0.006046350747138099 -0.0031014764703638236 0.9999769109738263 119.44995781170657
0.9999050709238915 0.011749692558367223 0.007196794010871694 -0.7115157888119343 -0.011765825085171284 0.9999283528672318 0.0022032975229076095 -2.3254021873671955 -0.007170390917544498 -0.002287764633669968 0.9999716754092696 120.78172573853307
0.9998774648599438 0.013102967086956258 0.008565482661303223 -0.7150279549493023 -0.013119908991068987 0.9999120780314459 0.0019246368578806304 -2.3517551380146866 -0.008539511834624536 -0.0020367794184447943 0.9999614633877861 122.13381840843093
0.9998477204099642 0.014499211586057083 0.009711273039257267 -0.7152101511814639 -0.014514863129736578 0.9998934632150213 0.001543050607767546 -2.3715126800176654 -0.009687866232432642 -0.0016837734680416232 0.9999516539053902 123.48137497711649
0.999807964712082 0.01623110906366248 0.010981109231889163 -0.7144505628348156 -0.016240424936190836 0.9998678270794646 0.0007596134986888599 -2.402295506118227 -0.010967329384128267 -0.0009378055282792116 0.9999394172651015 124.80317320920085
0.9997877658135951 0.016748613242675837 0.011996134571354523 -0.7094937757098794 -0.016747140508392842 0.9998597318942037 -0.00022330853973590077 -2.427699667461245 -0.011998193019632666 2.2360192182302017e-05 0.9999280188383949 126.14818263645995
0.9997862415819861 0.016235179105303726 0.012801955515008432 -0.7038521850453582 -0.01623247695091789 0.9998681950556684 -0.0003150423698581005 -2.455110597137382 -0.012805384006515236 0.00010716757917488516 0.9999180019630584 127.4606214267476
0.9997674774023011 0.016538802506852357 0.013836874669337793 -0.7021611999156563 -0.016546073282675888 0.9998630198827724 0.00041106498613631816 -2.4883829680756664 -0.013828181939084808 -0.0006399153605448495 0.9999041813532228 128.82044049225746
0.9997899253541245 0.014248206120896532 0.014734101620845114 -0.6815369874268447 -0.014274049136459563 0.9998967588399648 0.0016502177740365278 -2.507913553541284 -0.014709069054520891 -0.0018601864312417413 0.9998900854544108 130.13628216239343
0.9997853277010401 0.014230961001901476 0.015059157687858808 -0.6736302702129565 -0.014256169292277748 0.9998971464530125 0.0015678610611553313 -2.539634530677002 -0.015035297900497582 -0.0017822104200003928 0.9998853752002808 131.48677144760276
0.999809600573426 0.012608226516124005 0.014892790152902903 -0.6584874612430592 -0.012633732625097708 0.9999188793271414 0.0016197517437046365 -2.5641266882454805 -0.01487116109891538 -0.001807594905911389 0.9998877842860228 132.82123965233626
0.999832719506065 0.010776925153891202 0.014778053607238545 -0.6466785778800911 -0.010814434313664393 0.9999384949545099 0.002460557512006227 -2.5845684532756272 -0.01475062868333819 -0.0026199622466321817 0.9998877710760853 134.151835934852
0.9998666855136644 0.008113458388894908 0.014169791111115776 -0.6295148548988987 -0.00815285132181617 0.9999630534449702 0.0027244774476927803 -2.6096162152878395 -0.014147163845511769 -0.0028396384862345663 0.9998958916827924 135.4737279911467
0.99988596689227 0.007547939060103953 0.013079824824339621 -0.619629946063061 -0.0075806967196007866 0.9999682484905567 0.0024566366348076937 -2.638614420027493 -0.013060868078706947 -0.0025555107275512827 0.9999114376207476 136.83471323622163
0.999914364832952 0.0052881981123246895 0.011970712477978415 -0.6122158863024942 -0.005325970844663902 0.9999809317674876 0.0031257232530193736 -2.6569971308163725 -0.01195395578180598 -0.003189211304009435 0.9999234630044279 138.17663995278312
0.9999268568792127 0.005292845042413372 0.01087504847049301 -0.6023266980071076 -0.005329953540260669 0.9999800628210397 0.0033860840940854765 -2.6882632661549515 -0.010856910549342182 -0.003443799991513779 0.9999351317605147 139.4916762350296
0.9999475500992916 0.00356597709074101 0.00960108629748447 -0.5979020491579898 -0.0035956951429243905 0.9999887929197784 0.003079775536202558 -2.7033157406655137 -0.009589997096472578 -0.003114136637950189 0.9999491657591107 140.854600608168
0.9999561086204771 0.0038701586779216444 0.008532450060710189 -0.5979286448624543 -0.003894309822755848 0.9999884530831702 0.0028156807524496786 -2.733731144142431 -0.008521455123994087 -0.0028487852245959668 0.9999596337947386 142.1766315845846
0.9999648512938991 0.0035346342358193563 0.0076027980230722915 -0.5828160210082448 -0.0035511577583480884 0.9999913598241956 0.00216091687299092 -2.7491612162760335 -0.007595094923103689 -0.0021878396943892284 0.9999687634542336 143.49567856127962
0.999976102258347 0.001874840346204552 0.006654313566857023 -0.5780119937908779 -0.001874903208623273 0.9999982423639845 3.1903864829344432e-06 -2.7846764945647138 -0.006654296451984516 -1.5666500425450477e-05 0.9999778597983282 144.87612717725523
0.9999837443329622 -0.001183554340976837 0.005577658711182709 -0.5870961584611369 0.0011875096346336822 0.9999990457903163 -0.0007058594529343945 -2.824340996222337 -0.005576818437692236 0.000712471521664208 0.9999841956123373 146.18429952838804
0.9999493086364272 -0.008985701583428414 0.004542833828520439 -0.5815457636509391 0.00897755691452931 0.9999580624158259 0.0018102131811848006 -2.848207279823623 -0.004558909731681508 -0.0017693378940471208 0.9999880428187821 147.59014456770268
0.999819378480274 -0.01879784749284818 0.0028020271730251805 -0.5632356789775431 0.018787841822758236 0.999817169778249 0.003555841381291856 -2.8547888951790394 -0.002868357279919645 -0.0035025551288274943 0.9999897522630351 148.91176544123087
0.999802776008059 -0.019787213375705964 0.0016956658241826601 -0.549022399974856 0.01978649404770951 0.9998041310323523 0.000440700652877305 -2.8969505316487156 -0.0017040540759102434 -0.000407062445898374 0.9999984652476046 150.24453173648277
0.9998377070906003 -0.01786193061732801 0.0023475361463327635 -0.5457345932706673 0.017868161543723754 0.9998368129608476 -0.0026601208810872303 -2.9348972665522246 -0.0022996383594581123 0.0027016353862067263 0.9999937063933804 151.58722959408524
0.99985667739302 -0.016614617105634326 0.0032525657972603764 -0.5571134541962118 0.01662971281983693 0.9998508100568321 -0.004670146803570258 -2.949516126411697 -0.0031744881170784932 0.00472356680948575 0.9999838051376672 152.91250992594001
0.9998881894507773 -0.01442767074996594 0.003930766882829031 -0.5756019461506909 0.014448261765783106 0.9998817771006668 -0.005261135240913864 -2.9974983697262 -0.0038543965781540554 0.005317339858335143 0.9999784345270027 154.28487804318746
0.9998100805208929 -0.01894995907081653 0.0045499398692685385 -0.5654115830831783 0.01895973401008305 0.9998180117942834 -0.0021146561352995115 -3.0179820872576917 -0.004509039568087177 0.0022005202321285205 0.9999874130545392 155.59513011401313
0.9996536763526476 -0.025806905204234617 0.0051508254587617815 -0.5558127439618101 0.025803806534306993 0.9996668035141405 0.0006674737834126411 -3.045233550220421 -0.0051663350886387675 -0.0005343317044184751 0.999986511641932 156.9700541749421
0.9994959357527882 -0.03133753512918165 0.005082646814835017 -0.5362757162685751 0.0313270798013338 0.9995069293514744 0.0021242085269643405 -3.0612968021895237 -0.005146708601059079 -0.0019639133175816796 0.9999848270997612 158.27175211138413
0.9994693249059955 -0.03219568115992818 0.0049504219347316775 -0.5427230634301576 0.03218442791890885 0.9994792155484497 0.0023367286208174102 -3.0942759803727955 -0.005023076821743377 -0.002176162093398905 0.999985016394044 159.61505503458818
0.9995371861094455 -0.029859217636392238 0.005817276288970876 -0.5435390746598274 0.029845561914437716 0.9995515909687609 0.0024206269158989478 -3.125495494933192 -0.0058869462889556455 -0.0022458867531259903 0.9999801497281727 161.02033110688384
0.9995962948627124 -0.02750612238403779 0.007117621126015481 -0.5415685843428361 0.02749249751099924 0.9996199984260921 0.0020053257120670655 -3.1338894050976487 -0.007170075755553017 -0.001808834979465554 0.9999726586878914 162.31200533756328
0.9996798509851378 -0.023966027023937728 0.008113266399998773 -0.55048094695406 0.023965723261039316 0.9997127717090296 0.00013486524927237142 -3.16477688923445 -0.008114168908487446 5.96182510992391e-05 0.9999670778089254 163.68433602566807
0.9997192581935003 -0.0220075587721252 0.008779075424225291 -0.5523427430141046 0.022015059417396968 0.9997573514904282 -0.000758482262562009 -3.1729104526421827 -0.008760253591101094 0.0009515412346942048 0.9999611755059659 165.04115910802375
0.9997509474480821 -0.020376353168174433 0.00910205039732982 -0.5484814390424433 0.020373884129271252 0.999792364594234 0.0003640580476186002 -3.2061313731181555 -0.009107579432737507 -0.0001785232384169813 0.9999585091989649 166.37270394279224
0.9997695616708248 -0.019533139788564642 0.00890393286932955 -0.5440191439623123 0.019531798677169192 0.9998092079646999 0.00023770222067189277 -3.2266947960092582 -0.008906877891745163 -6.37375997942166e-05 0.9999603309415901 167.742736514559
0.999813854084392 -0.01735182136226862 0.008436319812053885 -0.538765746755068 0.017367414945743648 0.9998475932732787 -0.0017785148716761747 -3.261543686424598 -0.008404174298321574 0.001924700933238899 0.9999628319960804 169.08965184750878
0.9998983830992129 -0.011830576387436769 0.007953675562152686 -0.5421812279190823 0.01187199815588621 0.9999161034734174 -0.005180894151943315 -3.300922661001655 -0.007891715982740181 0.005274793826583744 0.9999549476661527 170.4556746430887
0.9999568140753641 -0.005141023467829195 0.007742084693354525 -0.5418534151933374 0.005190462933926483 0.9999661814353271 -0.006379269040338809 -3.345237082758417 -0.007709027551671817 0.006419178686068902 0.9999496812502359 171.87279535576843
0.999964948944725 -0.00223237510981421 0.00806953490035024 -0.5455640165952151 0.002273955786999656 0.9999841671783534 -0.005147282242414187 -3.3699237750512165 -0.008057917157098922 0.005165451700402211 0.9999541929872914 173.2097538207478
0.9999614157933103 0.00042449646540342837 0.008774208432387453 -0.5459004049292338 -0.00039625304479552585 0.999994735974685 -0.0032204048397528034 -3.4048339556381055 -0.008775530039454823 0.0032168038464005042 0.9999563201652494 174.5575830603238
0.9999598608938862 0.00172000981138541 0.008793075188179247 -0.5549229700417296 -0.0017120535516383347 0.9999981182973917 -0.0009122923858358713 -3.428002929637383 -0.00879462853814281 0.0008972015751550366 0.9999609240021269 175.89285284564573
0.9999678038811777 -0.0012087777306574038 0.007932847291796176 -0.5502747850379225 0.001210849040562692 0.9999992340767404 -0.0002562980503642134 -3.4631038580382323 -0.007932532078964879 0.0002658952917172638 0.9999685016177512 177.32342928760642
0.9999761678084569 -0.0023135079072394878 0.006504729516316268 -0.5437611585123052 0.002313981233957277 0.9999973206134025 -6.52185090184646e-05 -3.4904342225568916 -0.0065045617536895 8.02687853988448e-05 0.9999788418896275 178.6786801348166
0.9999817258429039 -0.004153184690592228 0.004393068166210115 -0.5419069602322649 0.004171092536874773 0.9999829978332295 -0.004075049208550182 -3.514573228346366 -0.004376069415408087 0.0040932987217210046 0.9999820472972355 180.06039527619478
0.9999958533896633 -0.0010894318983664317 0.002665773207853198 -0.558988206445499 0.0011115423834293005 0.9999648800753806 -0.008306809699165845 -3.5574962883867114 -0.002656630113858658 0.0083097385407459 0.9999619445552043 181.47302476018388
0.9999952390672117 0.0021278038636844757 0.002234791460192584 -0.572224474370897 -0.0021070222242495842 0.9999548984600876 -0.009260750851283453 -3.5887513686373675 -0.0022543959273183586 0.009255998188835537 0.9999546210673668 182.87713752192826
0.9999835235941799 0.005404403175654959 0.0019351895101800563 -0.5910631517176229 -0.00538841420520003 0.9999520706715518 -0.008174433468692134 -3.6214471139606594 -0.0019792748663301036 0.008163871339141428 0.9999647162141768 184.23603436788093
0.9999614478259855 0.008501658994141535 0.0021965064396761652 -0.5894896776975784 -0.008490511707332529 0.999951275335595 -0.005035691054791461 -3.6565522547395166 -0.0022392113376540107 0.005016847548503397 0.999984908471169 185.66767794229364
0.9999690258831062 0.007431400697325321 0.0025925944136362383 -0.595402029286594 -0.007424475139259415 0.9999688711347693 -0.0026709448266295788 -3.684439884931279 -0.0026123627937676935 0.0026516134923989755 0.9999930722274473 187.02277589972888
0.9999551349429063 0.00908287242825782 0.002688775398065857 -0.6103498260150364 -0.009076869991934359 0.9999563033687204 -0.0022364714748993094 -3.725335519865781 -0.002708971724047881 0.0022119655095980753 0.9999938843198304 188.4326652617923
0.9999684414581184 0.007486717413028846 0.0026580327035473136 -0.6015773158593484 -0.007481416625027607 0.999970016145016 -0.0019988077035438703 -3.752052521871749 -0.00267291774189828 0.0019788588094731296 0.9999944697971516 189.8993531145683
0.999988834236985 0.003915996703211369 0.0026450646998473137 -0.6057108409397345 -0.003913086932620563 0.9999917339374562 -0.0011044523121166616 -3.779052481535542 -0.002649368092232247 0.001094089632672574 0.9999958918980639 191.2982543492497
0.9999902085811865 0.0032413612044700363 0.0030126926802871573 -0.6168870554042405 -0.003238397958969681 0.9999942682889095 -0.0009880152107338322 -3.8217545840646028 -0.0030158781824536412 0.0009782492580896857 0.9999949737389783 192.67412601529512
0.9999938607538759 -9.765933079760453e-05 0.003502702056675311 -0.6210034888772523 9.836622849724967e-05 0.9999999748323187 -0.00020164154684282232 -3.8469467458289177 -0.0035026825725044085 0.00020198486341313927 0.9999938451873388 194.07375606822276
0.9999730411815132 -0.006265587391722793 0.0038287513776608757 -0.6162908080338512 0.006260346891371307 0.999979452600728 0.0013792843391083728 -3.861548298702164 -0.0038373150560862337 -0.0013552778622404715 0.9999917190810411 195.49728372870058
0.9999494235065056 -0.009212373847984123 0.004035171792196329 -0.6117492479104394 0.009205887032510388 0.9999563072282746 0.0016233510398212718 -3.892690885312848 -0.004049950741331039 -0.0015861216216576457 0.99999054101158 196.92958789107144
0.9999670882942736 -0.0068965975258082155 0.004273088342748664 -0.6165434652541458 0.0069065642452419695 0.9999734535215389 -0.0023219850487496843 -3.9265523035298013 -0.004256961472137079 0.002351421042514684 0.9999881744765414 198.34313325367918
0.9999876506131098 -0.0014687751039600735 0.00474777090677622 -0.6288994208084331 0.0015047349092043652 0.9999701442228925 -0.007579342535587576 -3.950825984332388 -0.004736497215130597 0.007586393226482992 0.9999600053135904 199.7721754630974
0.999940257281727 0.009119943970203829 0.006025651438051437 -0.6396513221681795 -0.009071250913074263 0.9999263751983523 -0.008059566338862794 -3.993750271452903 -0.006098711116603427 0.008004424798095412 0.9999493661683246 201.25299464836877
0.9998510117889639 0.015606677810909214 0.0073746727243732026 -0.657441351370956 -0.01557318316526038 0.9998682512350804 -0.004577791997743778 -4.014273871422106 -0.007445145878916577 0.004462262913636006 0.9999623282932509 202.71020716402734
0.9998022975212989 0.018104861645564272 0.008220694136205596 -0.6659325326258043 -0.018087225394887725 0.99983395971446 -0.002214797984571419 -4.058994280569438 -0.008259428481654372 0.0020656705993407046 0.9999637567627551 204.1355193333309
0.9998376508608853 0.01622823571506919 0.007830469326927493 -0.6579016520381751 -0.016215808876696533 0.999867156998114 -0.0016480117171038533 -4.082708044921421 -0.007856174092625016 0.0015207667937354077 0.9999679833824838 205.57161712625708
0.9998723383810971 0.014512338616937038 0.0066857263903489115 -0.6559251410155569 -0.014499921012889997 0.9998930612329592 -0.0019022161415975455 -4.120964754330784 -0.006712617601420423 0.0018050308269540161 0.999975841019182 207.03928591672172
0.999911034771716 0.012131077364148141 0.005546123001422993 -0.6420748328316729 -0.012119058873944467 0.9999241509143287 -0.0021956456340322117 -4.158693149624795 -0.005572338353518219 0.0021282365439303755 0.999982209665952 208.47933592530194
0.9999061065935859 0.012638580995926574 0.005295681455371635 -0.6460199755043611 -0.012622837030268032 0.9999158401959105 -0.002996087743277696 -4.1816329311581635 -0.005333102523340405 0.0029289599588060147 0.9999814894312151 209.89451133580985
0.9998987233065021 0.013371300267970641 0.004873544015562317 -0.6508740559309061 -0.01335799431279249 0.999906988673817 -0.0027528208764412048 -4.217550186905712 -0.004909899933242579 0.0026874413533234547 0.9999843351452751 211.36210335412747
0.9998942403062757 0.01372444176530118 0.004811223485591619 -0.6568980064597937 -0.01371458402838636 0.9999037953258769 -0.0020761292301792688 -4.246760190476378 -0.004839254749568173 0.002009925763654916 0.9999862708088979 212.8447536898734
0.9998991589251764 0.013445946328081217 0.004569297505517288 -0.6675534698238912 -0.013435167603848504 0.9999069075713352 -0.0023817003180176374 -4.279706385900067 -0.004600896744701892 0.0023200709061511216 0.999986724419224 214.32504716614307
0.9998981390140195 0.013665751018695216 0.004118108293855749 -0.6615278284168524 -0.013652685745393814 0.9999017269513601 -0.0031844381321313436 -4.310841988922506 -0.00416122168850369 0.003127890578289243 0.9999864501729373 215.76061697338076
0.9999065580688016 0.013054038031953076 0.0040579791265071006 -0.6675484857958849 -0.013039136282030676 0.9999082244996604 -0.0036774359946673916 -4.343638766742226 -0.004105612443503861 0.0036241798898586654 0.9999850045183283 217.22709968939597
0.9999014527258357 0.013610589107801168 0.0034404463387800732 -0.6701278754327454 -0.013597898563146724 0.9999007512869575 -0.003685751600533814 -4.37723439611435 -0.003490270428266431 0.003638605603563119 0.999987289197755 218.70872723360833
0.9998988441952076 0.013839329440179907 0.003282423938384482 -0.6770015749229638 -0.013825458428270144 0.9998955532196533 -0.004211815048688113 -4.406672896242499 -0.0033403700823177234 0.004166008057670143 0.999985743048473 220.1623254531307
0.9998969936276646 0.014002996289048197 0.003149317032512369 -0.6771211318540473 -0.013989394076890212 0.9998928946243958 -0.0043007172382162305 -4.452480303822124 -0.003209202926799477 0.00425621727566698 0.9999857927124953 221.65430346198946
