1.0 -3.469446951953614e-18 0.0 -1.7787691892340307e-19 0.0 0.9999999999999999 -3.5575383784680614e-19 0.0 2.168404344971009e-19 -2.371692252312041e-19 1.0 0.0
0.9999999398638733 -7.08535559765227e-05 -0.00033948727388392647 0.05569069961672338 7.123806521749064e-05 0.9999993559314045 0.0011327230995349811 -0.026761272848715878 0.0003394068273799933 -0.0011327472383819146 0.9999993008434594 1.3159701006825606
0.9999991075624272 -0.0005587901877283866 0.0012135198795759842 0.11108300046058615 0.0005566348298350308 0.9999982684086526 0.0017757635472657302 -0.04833477912174309 -0.0012145101586562628 -0.0017750865086460634 0.9999976870130872 2.5650198957187875
0.999998693458765 -0.001481485281408148 -0.0006467483027070816 0.020077469675231392 0.0014823623786847494 0.9999979796938439 0.0013576477901546375 -0.07869905841562978 0.0006447357165502174 -0.0013586047578522786 0.9999988692544666 3.929348679468213
0.9999979817100834 -0.002002506093231965 -0.0001629351214425753 0.01846404868411288 0.0020027121792764897 0.999997183227931 0.0012738433699532046 -0.09329126874680138 0.00016038379810807643 -0.0012741671348309737 0.9999991753874611 5.251658282761955
0.9999973111092278 -0.0023142656978765424 -0.00014816134601508177 0.012178808184018347 0.002314490924694698 0.9999961397295417 0.0015374179997244518 -0.1087128917602765 0.00014460279396107372 -0.0015377568125207414 0.9999988071965363 6.560260748932346
0.9999941911422787 -0.003403666503769375 -0.00018094347216588737 0.009765271295047598 0.003404079909969864 0.999991481232939 0.002334458463824543 -0.14885236761435655 0.000172996229424833 -0.0023350608928843436 0.9999972587780538 7.902537445209547
0.999993256044006 -0.0036723082979943106 -4.498116951806054e-05 -0.009258944052065232 0.003672414309483717 0.9999897856121799 0.002634774917339615 -0.16279690130365843 3.530500964893336e-05 -0.0026349223871750473 0.999996527963031 9.21787873118208
0.9999943309187773 -0.0033152015357951134 -0.0005895530804386924 -0.011517451609068786 0.003316333389608909 0.999992640457978 0.0019289784138788472 -0.1896459585700055 0.0005831538404770598 -0.0019309226689036415 0.9999979657331824 10.550745107125074
0.9999997377471961 -0.0006671521314138527 -0.0002818052364532359 -0.03158293899489568 0.0006670340386751763 0.9999996897113199 -0.00041909646956413707 -0.20973719542887084 0.000282084773657894 0.00041890839450766477 0.9999998724721533 11.866246095265854
0.9999971178126701 0.002336715392966325 -0.0005514730260348527 -0.021934610897863874 -0.0023375176717745404 0.9999962045625105 -0.0014583813035056624 -0.24434125760421105 0.0005480631558840625 0.0014596662046556924 0.9999987845002895 13.214724448282249
0.9999869957146715 0.0050873079628316765 -0.000357335587956923 -0.04997260297596898 -0.005087898385694654 0.9999856615305477 -0.0016703393280501177 -0.25464189068476084 0.00034883296153096323 0.001672135722419536 0.9999985411379676 14.560088432947126
0.9999829920982233 0.005832281071913775 -2.9362706843120284e-07 -0.06719087021165873 -0.005832279967507125 0.9999826993269167 -0.0007652248219777422 -0.2878993805111506 -4.169385612661858e-06 0.0007652135302434493 0.9999997072153427 15.90898862843076
0.9999920223514543 0.003986129829474357 0.0002568955072287575 -0.0625908913972032 -0.003986623009750217 0.9999901565963579 0.0019477049412323468 -0.31580130525183997 -0.00024912919346960715 -0.001948713589925102 0.9999980702231133 17.249020464667513
0.9999997464876779 -0.0005770576104127626 0.0004171697919417667 -0.07622252782100539 0.00057546614762005 0.9999925949713815 0.003805107016127788 -0.34138143033905793 -0.0004193625010594378 -0.0038048660586026007 0.9999926735379305 18.6084282601976
0.9999964736739014 -0.0026553437478848765 -4.2345509190019415e-05 -0.065498432570019 0.0026554173088156295 0.9999947833032273 0.0018390543969220407 -0.38043739215410133 3.74619715346647e-05 -0.0018391603910614877 0.9999983080415832 19.953214212589092
0.9999945165117486 -0.003303093627825269 0.00023774765672231147 -0.07350737665217533 0.0033031938261766335 0.9999944556517281 -0.00042139261214060175 -0.3840780856252266 -0.00023635445940470659 0.0004221756390728121 0.9999998829519376 21.298943095199594
0.9999992647018895 -0.0011153261630189384 0.00047607318205474046 -0.08244112270940424 0.0011161574101639146 0.9999978472086655 -0.0017492195708335165 -0.4386070435567574 -0.00047412124823252143 0.0017497496929721869 0.999998356790736 22.65146051870824
0.9999989887375011 0.0008013559510644357 0.0011748842287626284 -0.09166789532543632 -0.0008006479586293858 0.9999994976791596 -0.000602997258637171 -0.434456007557004 -0.0011753669539073118 0.000602055992398518 0.9999991280192946 24.021484553587566
0.9999973966443716 0.0010866154849821005 0.0020064825327173325 -0.10704121411793092 -0.0010939722472223254 0.9999926707588387 0.003669012730660518 -0.45563213291359 -0.0020024811869921054 -0.003671198286681125 0.9999912561469014 25.417679664797912
0.9999976577537024 -0.0004956364761056885 0.0021068543458319963 -0.0907387802283522 0.0004859887297611436 0.9999894060905937 0.004577283007682598 -0.4843176402752096 -0.0021091008689151074 -0.004576248467191312 0.9999873047402417 26.78572987895555
0.9999877396489141 -0.004511486203599089 0.0020413360548501474 -0.10357937671737796 0.004503605739531737 0.9999824517692182 0.003848854656240065 -0.5168624456275474 -0.0020586644582381054 -0.003839614165706351 0.9999905095858205 28.15538898009443
0.9999870556255036 -0.0046994056107346974 0.0019504300102192841 -0.11217659105673135 0.0046968085512106034 0.9999880799569326 0.0013341390707744265 -0.527694818220093 -0.001956676585595933 -0.0013249610257530507 0.9999972079423803 29.508895551326976
0.9999852916431411 -0.004712335094278014 0.0026852197443717647 -0.11604750292995004 0.004714230014177773 0.9999886431743048 -0.0006996796652376117 -0.5731779284177707 -0.0026818923506522763 0.000712328137442407 0.99999615001182 30.901266837219424
0.999992212892224 -0.0023161080981925607 0.00319527864875142 -0.13169672599514703 0.0023222310982137766 0.9999954722162954 -0.001913840741658282 -0.576006071777608 -0.003190831790237216 0.0019212460560567189 0.9999930636768818 32.284865753136785
0.9999926539366242 -0.0009176543635241591 0.0037215573653104237 -0.13242415270891641 0.0009316664305137768 0.9999924779481493 -0.0037651087030912914 -0.6251718571599179 -0.003718074620348394 0.003768548372435872 0.9999859868815916 33.668468563778184
0.9999921517321579 -0.00024154331879800914 0.003954508317957016 -0.14627236292319026 0.000256516600730174 0.9999927990019642 -0.0037863099799805753 -0.6377981478641166 -0.003953565620849892 0.0037872947390858035 0.9999850127439428 35.060407431412266
0.9999941768042596 -0.0005679513134911312 0.0033650845422167706 -0.14182370234106367 0.0005755335563326688 0.9999972971382524 -0.002252659894946213 -0.6791071243214245 -0.0033637963317776918 0.0022545835439501233 0.9999918008278343 36.45267713623182
0.9999945480171014 0.0005861708822078003 0.00324966811795021 -0.1534497153572986 -0.0005828782518281384 0.9999993159406381 -0.0010140869230580397 -0.6992468371561685 -0.0032502605987470307 0.001012187255548156 0.999994205622615 37.85308016890075
0.9999919205343349 0.002913852102755855 0.0027691750169311653 -0.14925833285317086 -0.0029116789194828406 0.9999954501477514 -0.0007885525039653682 -0.7257764645858539 -0.0027714603780052043 0.0007804831997687306 0.9999958549162408 39.25363398513594
0.9999809704438474 0.005184310554584016 0.003343900155364453 -0.16664540052052756 -0.005182206483400299 0.9999863689590932 -0.0006376850544714376 -0.7576896685841623 -0.0033471608155896753 0.0006203441495237186 0.9999942058248935 40.65186696893553
0.9999643133973443 0.0077717570532494454 0.003312357417668361 -0.17609775246926657 -0.007770722911790321 0.9999697546338104 -0.00032511479495043495 -0.7858890929495835 -0.0033147842282773227 0.000299363783676355 0.9999944612759917 42.07388756961272
0.9999527475835337 0.00919238601475697 0.003162692374425188 -0.187248906674342 -0.009191406391892976 0.9999577055459502 -0.00032432745264453683 -0.8172892105472638 -0.0031655402215600746 0.000295242537837558 0.9999949460786851 43.464108480691934
0.9999636513643773 0.008113438594001784 0.0026206965034777313 -0.19148584173522065 -0.00811224017909966 0.9999669858268844 -0.0004677960056326807 -0.8421458177912997 -0.0026244056401853928 0.0004465192871359921 0.9999964565497576 44.88881430674951
0.9999676807726424 0.00784225194357676 0.0017710111047273343 -0.18497671420135664 -0.007840590060022225 0.9999688168405858 -0.0009436688054631372 -0.8789378092124802 -0.001778356519077816 0.000929752548518666 0.9999979865008368 46.28914914894761
0.999972581118471 0.007346311444944476 0.0009320436238407761 -0.19808858001810464 -0.007345830323970082 0.9999728843030692 -0.0005190866728502423 -0.9097573240376302 -0.0009358318031717403 0.0005122258109900782 0.9999994309209044 47.71732066640354
0.9999724071792861 0.00742706295019589 -0.00015362323694726463 -0.20069057900845005 -0.007427053027230297 0.9999724167444637 6.818517623810881e-05 -0.9361369953323116 0.00015412542771331894 -6.704233402465371e-05 0.9999999858754627 49.11969224820134
0.9999660959284254 0.0081466833050247 -0.0011993853737899884 -0.2104126545063687 -0.00814645389625935 0.9999667978012768 0.0001964726565234362 -0.9628509128928795 0.0012009462531859343 -0.00018669526854535022 0.9999992614372076 50.5477056834161
0.9999651020922687 0.008080713732926209 -0.0021205287449935625 -0.22881423224554473 -0.008079921243653402 0.9999672838446254 0.0003822700869154964 -0.9872919935421981 0.002123548563819904 -0.0003651230563480419 0.9999976786124739 51.98673122127753
0.9999563945737053 0.00866159199079158 -0.0034908093635815287 -0.23232892938971444 -0.008657423169516846 0.9999617944802773 0.0012077344848059526 -1.02002887504789 0.0035011371950118986 -0.0011774604398541385 0.9999931777926508 53.40516417217665
0.9999649118018566 0.007323685282216501 -0.004066789394202109 -0.25374619608185955 -0.00731490988886506 0.9999708941479791 0.0021686320966350326 -1.048898175881412 0.004082553752074139 -0.0021388078563723614 0.999989379075532 54.855173454654
0.999978262546949 0.00462114434304512 -0.00470313093305991 -0.25639539333433264 -0.004609082023139466 0.9999860694149942 0.002572420501327931 -1.0632748616887548 0.004714953342363642 -0.0025506875248698622 0.9999856315056332 56.25590128412975
0.9999823409761837 0.0032106928960141607 -0.005000917041620162 -0.28102725740453444 -0.0032008973590409136 0.9999929453872353 0.0019655628661299353 -1.0965808709824605 0.0050071930053385925 -0.001949520779013729 0.9999855635943348 57.68534479401582
0.9999851116531456 0.0018133774218230805 -0.005146661159403293 -0.29046930709610463 -0.001802632408702193 0.9999961877365776 0.0020916575915314183 -1.1205121622974683 0.005150434940451292 -0.0020823489586261758 0.9999845683075569 59.137191100682955
0.999988291797295 0.0011050884774066435 -0.00471116087803195 -0.3040023269501411 -0.0010924047379652505 0.9999957744649902 0.00269401287977848 -1.1527338761678194 0.00471411849394093 -0.002688834900942498 0.9999852735232272 60.53131281482692
0.9999911217489988 -0.000260628826625588 -0.004205768452807787 -0.3194218538052629 0.0002759254075545541 0.9999933484891784 0.00363687247166462 -1.1818991092583766 0.004204792962601299 -0.0036380007358975002 0.9999845422182769 61.9909303665561
0.9999884996524401 -0.002887569105713335 -0.0038291649973510207 -0.3314853529109687 0.0028996935289702305 0.9999907887390173 0.0031645236246403818 -1.1995216891582103 0.003819992270859417 -0.003175590699970247 0.999987661569125 63.391188154191006
0.9999865142174774 -0.003776765413696275 -0.003564747519361441 -0.3368391567532205 0.0037842800432626913 0.9999906270315445 0.0021035845651298725 -1.2309712446145282 0.0035567696642227068 -0.0021170462412717144 0.9999914337191442 64.81085337991551
0.9999894266885283 -0.003668059425391045 -0.0027734187206377168 -0.348290655817298 0.0036736102392551876 0.9999912544348059 0.001998908770080076 -1.263009662249606 0.0027660625850100093 -0.0020090761334458193 0.9999941562409791 66.26524334182498
0.9999962510419447 -0.0019071576769097032 -0.001964853985498221 -0.366567994554463 0.0019107995086740746 0.9999964572093866 0.0018532163196211776 -1.2934327710328157 0.001961312816087937 -0.0018569638507569513 0.9999963524638216 67.62185582823001
0.9999987568636791 0.000762501756299416 -0.0013801661548645647 -0.38426465207195803 -0.0007583206794717886 0.9999951298054688 0.00302742725244731 -1.318686927080136 0.0013824679710218125 -0.003026376941763644 0.9999944648985765 69.08834450042035
0.9999907898537085 0.004259738951162277 -0.0005242355287885493 -0.40043565135566905 -0.004257538204048167 0.9999824065390145 0.004130373840769473 -1.3455136949025963 0.000541820668863908 -0.004128103931696589 0.9999913325574596 70.45562429529409
0.9999691999144791 0.0078367910079736 0.0004288507906347156 -0.41889561818583443 -0.007838812558015587 0.9999571055483728 0.004933568336814138 -1.3739345239259209 -0.0003901690808064198 -0.004936778166437094 0.9999877379198122 71.89952089021833
0.9999274303221755 0.01201750765256128 0.000844731571566355 -0.4275720263403932 -0.012021053995765155 0.9999183884022115 0.004325600981153329 -1.3905206174868139 -0.000792679753003792 -0.004335441731527908 0.9999902877546318 73.2646739353829
0.9998758619039686 0.015680093363891014 0.0015477127030980836 -0.44060177400853706 -0.01568584063491088 0.9998698502884692 0.0037731854285195953 -1.4178446213421692 -0.0014883474925960593 -0.003796994292913197 0.9999916837928087 74.66475068724907
0.9998405249798278 0.01768462515753444 0.00248567804317661 -0.4592220953159696 -0.017693776805626067 0.9998365741557469 0.003708812621034641 -1.445280500290953 -0.0024196830606712165 -0.0037522022761090684 0.9999900330050917 76.10520903994507
0.9998399366292205 0.0176782261421138 0.002753433546563319 -0.46100754902676233 -0.017689533613115968 0.9998349670938539 0.0041375143547150404 -1.4700682879136173 -0.002679835449137646 -0.004185559139354205 0.9999876497107613 77.4705062663729
0.9998544739437993 0.016820711872830445 0.0028450913200241874 -0.46754279921028685 -0.016832206744666192 0.9998500636490824 0.0040653513747271825 -1.501888280013678 -0.00277628286558393 -0.004112649017167613 0.9999876891086121 78.88622772336814
0.9998691332630995 0.01598502327990163 0.0024890438227535014 -0.4702186728808091 -0.015992096819540613 0.9998680622961941 0.002847960910896058 -1.5259618927077103 -0.002443190907670971 -0.002887393304514396 0.9999928468621162 80.25243620705734
0.9998763249912807 0.015558778158721339 0.0022932741212617026 -0.478848423530309 -0.01556543660904741 0.999874604040491 0.0029143470005379207 -1.559642702686151 -0.0022476430639994096 -0.0029496824498369606 0.9999931237121817 81.63646325017802
0.9998889921962432 0.014806148524924994 0.001667697410851383 -0.4801729382523636 -0.014811364528849071 0.9998853142778458 0.0031594002452636554 -1.5767839724401045 -0.0016207277357824317 -0.003183750474231886 0.9999936184660808 83.04592840137028
0.9998918181643407 0.014643764239452808 0.0013827874513215022 -0.4937837726756412 -0.014647445547426068 0.9998891019093437 0.0026900295599448865 -1.6103523243405304 -0.0013432420563798432 -0.0027099929150444847 0.9999954258084279 84.42047854879891
0.9998953805967769 0.014445477197001691 0.0007456633567417433 -0.5036471966729872 -0.014447510670052736 0.9998917187571957 0.002796467890379125 -1.6303818622466364 -0.0007051863604528158 -0.0028069483706967806 0.9999958118674972 85.80139583298971
0.999902424567566 0.013963505862838507 -0.0004022585425788141 -0.5130373598257957 -0.013961988982016614 0.9998962008579951 0.0035567411995016686 -1.6621657117929143 0.0004518814052829011 -0.003550777900651057 0.9999935938699487 87.16315021271309
0.9999289285461578 0.01182353721149706 -0.0015302919664194176 -0.5210283228101349 -0.011816374014383166 0.9999195631884007 0.004608740112297047 -1.6852335971414891 0.0015846606217278887 -0.004590330161030512 0.99998820879219 88.52844400995042
0.9999515366162793 0.00951602704896518 -0.0025238110450333806 -0.5261429494353648 -0.009502960375118961 0.9999416352937656 0.005140016553035326 -1.7109852695479353 0.0025725765010429884 -0.005115783884297541 0.9999836051711658 89.89066278945847
0.9999553461161905 0.00876874203441276 -0.0035234799688107768 -0.5340808453612946 -0.00875016347550033 0.9999479126027848 0.005254211488174059 -1.7371648529837371 0.0035693695703626744 -0.005223145954061415 0.9999799889772938 91.24226616193116
0.9999622602506635 0.007802302818453235 -0.0038212722213922055 -0.5574710803428464 -0.007783877208280677 0.9999581205954748 0.004813348751255152 -1.7627707959155725 0.00385866772278475 -0.004783422886323598 0.9999811146002656 92.6244966315002
0.9999690538460547 0.006679297390617011 -0.0041567192606108356 -0.5627246490503268 -0.006660751739900098 0.9999678723375303 0.004459673944029317 -1.791106333912103 0.0041863735604229626 -0.0044318491550968874 0.9999814163265167 93.94767494360684
0.9999708438417313 0.0062295082976060595 -0.004416409374870816 -0.5873244745271896 -0.006212322236178173 0.99997311922878 0.003894596775871222 -1.8092550165381736 0.004440552459310493 -0.0038670471508292074 0.9999826635744742 95.3641577612022
0.9999739082251702 0.005730883303070696 -0.00439770685992092 -0.5904447819001707 -0.005716456455810207 0.9999782612464373 0.0032862091953740225 -1.8330425425087815 0.004416444516164376 -0.00326098422482822 0.9999849303908562 96.71262728940783
0.999967764117368 0.0069366470306724505 -0.004043962426457453 -0.612155810065021 -0.00692637021507108 0.9999727614048586 0.0025498740883809997 -1.8623887730115993 0.00406154019595885 -0.002521781968357964 0.9999885721922207 98.05723557059261
0.999957212125858 0.008442244092618505 -0.0037818522988176456 -0.634491957475336 -0.008432559961786917 0.9999611440651877 0.0025694960891218047 -1.8841539282930162 0.0038033979875283837 -0.0025374955091436177 0.9999895475892842 99.40744561162413
0.999955961051343 0.008579794729650939 -0.0038030322781105906 -0.6379484566319807 -0.00856428009404265 0.9999550130768209 0.004077370079377919 -1.9144064906908937 0.003837844516770862 -0.004044620372061661 0.9999844558809533 100.72399286632779
0.9999543772886852 0.008825191165564041 -0.003655039802641347 -0.662388422787775 -0.008805500762260086 0.9999468179020218 0.005368849218882348 -1.9363371661040598 0.0037022268572866023 -0.005336419936606416 0.9999789078509099 102.09896100534216
0.9999560317295796 0.00874168584231783 -0.00339374585410561 -0.6767600096502835 -0.008727046382191008 0.9999526520138008 0.00430492858745637 -1.9592088171142663 0.003431217793235934 -0.004275122023462044 0.9999849749287988 103.43488691327404
0.9999557598625225 0.008796176852137424 -0.0033325013406280126 -0.6874060158325581 -0.008790301325426896 0.999959791263565 0.0017738313682291236 -1.98348690762744 0.0033479705631653763 -0.0017444592465777487 0.9999928739553218 104.76244913436105
0.999963617593776 0.0078081063881477375 -0.0034346674496093486 -0.7027040935510165 -0.007806286962210967 0.9999693830794897 0.000542958613213064 -2.007388256470126 0.003438802059807726 -0.0005161268782914489 0.9999939541116144 106.091058890901
0.9999747446382772 0.006390588566399947 -0.003109733873580707 -0.7136062489795654 -0.00638539061346414 0.9999782041282629 0.0016787101782919974 -2.041020472216365 0.0031203943049232363 -0.0016588109564999994 0.9999937557262445 107.44117589745973
0.999992384093427 0.0029004394218372703 -0.0026113591221410093 -0.7218822214297219 -0.0028911894555979315 0.9999895578159222 0.003539108242813998 -2.056924815959485 0.002621597047136888 -0.003531531429296677 0.9999903277132332 108.76721122910435
0.9999966625196619 0.0018738670218976594 -0.0017786415193880613 -0.7372973424595255 -0.001866218645517794 0.9999890472743894 0.004292151154562699 -2.088964930821779 0.0017866651132628845 -0.004288817583044957 0.9999892068794906 110.10472750027661
0.9999984907267392 0.0013223743063379813 -0.0011268834632052484 -0.7475796984516871 -0.001318853616803838 0.9999942650271536 0.003119381281532692 -2.114142060490312 0.0011310020882413605 -0.0031178904425879935 0.9999944997828352 111.42829760823804
0.9999965915436698 0.0025834521611076845 -0.00037771781351463724 -0.7601054134854993 -0.0025831982408134804 0.9999964379906788 0.0006716378019557235 -2.1366485969865483 0.0003794516446515746 -0.0006706598082215814 0.999999703116238 112.74897275262754
0.9999834742677607 0.0057094672955913875 0.0006731746923695219 -0.762778590469566 -0.005708532508653342 0.9999827498291598 -0.0013830084138720018 -2.175316560479336 -0.0006810593803506849 0.0013791427423941447 0.9999988170604333 114.09590648498639
0.9999631623266363 0.008326366845076524 0.0020846077937514153 -0.7809313969111072 -0.008322619897158101 0.9999637464201849 -0.001799961552429406 -2.1915300213818156 -0.002099519538862564 0.0017825458781964515 0.9999962072652493 115.40736569664892
0.999949987376078 0.009335244422882388 0.0035883062450532653 -0.7916047034975244 -0.009335173678520374 0.9999564256562851 -3.663253769577575e-05 -2.2209879488589404 -0.003588492164512893 3.133239429368561e-06 0.9999935613341524 116.76287760334003
0.9999502427598181 0.00892614445076793 0.004453755187794259 -0.7981595009731566 -0.008936996396359372 0.9999571298139011 0.0024225294631756433 -2.24468807072909 -0.004431940779662262 -0.00246221217061763 0.9999871476211385 118.0844347859674
0.9999493346499442 0.008509344152163449 0.005377655853388471 -0.7979935734265522 -0.008527110770823139 0.9999582331374379 0.003289434669305237 -2.2728095997059508 -0.005349440763817423 -0.0033351239439926733 0.9999801300159221 119.43232380032069
0.9999341420672799 0.009527452332320559 0.006398372071882903 -0.7961540080105561 -0.009541943331930099 0.9999519701885987 0.0022380023200842527 -2.2989280894838418 -0.006376742836481629 -0.0022989078810220723 0.999977025819801 120.76671382533281
0.9999088563553521 0.01098172512346884 0.007853704639153554 -0.7945105944402214 -0.010998437622530234 0.9999373356340995 0.002087869769748122 -2.321550691711402 -0.007830284740478493 -0.0021740579991549503 0.9999669795079488 122.07900895977653
0.9998834129864731 0.012391935875992768 0.008921902071279419 -0.7987801417789604 -0.012405231936302481 0.9999220204840898 0.0014363848785749669 -2.343856147390522 -0.008903407508296808 -0.00154689571199238 0.9999591673871977 123.4426935458625
0.9998615455387427 0.013190298879248923 0.010144246765084032 -0.8010659680410102 -0.013197588751628304 0.999912695525432 0.000651928570611188 -2.3706777516517192 -0.010134762850910374 -0.0007857179225328588 0.9999483332765599 124.77093799984164
0.9998375331826097 0.01411145331776371 0.011214905047637693 -0.7944999354036757 -0.01410954954590556 0.9999004243799848 -0.0002489422343562342 -2.3944565574426706 -0.011217302202135682 9.066453119012276e-05 0.9999370799728833 126.10348148156254
0.9998390783664031 0.01330157667500206 0.012036835233303816 -0.7897939403529423 -0.013298074149799046 0.9999115078745796 -0.0003710485755201637 -2.4262779734674695 -0.012040706617786558 0.00021092214208627205 0.9999274858157402 127.44457184110571
0.9998294535425643 0.013028925027551505 0.013088579553989057 -0.7886119800133136 -0.013033692714547067 0.9999150189226701 0.0002789610591745444 -2.4549871132875176 -0.013083833815810752 -0.00044950601551838943 0.9999143019436775 128.79113403597165
0.999826443050052 0.01236015758785532 0.013939521411056822 -0.7774998623731646 -0.012376084815993256 0.9999228548345608 0.0010568509874789836 -2.483390834659135 -0.01392538437620359 -0.0012291842852792843 0.9999022816111595 130.13620251129154
0.9998417058699596 0.010646205648952358 0.014255577445043702 -0.764992562990951 -0.0106710424034472 0.9999416728475509 0.0016672676158832433 -2.504714099227392 -0.014236997086232855 -0.0018191256010248625 0.9998969940406934 131.46021766663983
0.9998604808579242 0.008806282639445608 0.014193949061767509 -0.7506716372713884 -0.008833658607603469 0.9999592393381957 0.0018671252950587952 -2.5311893730781483 -0.014176929270949944 -0.0019922493301128483 0.9998975175559911 132.8020273310101
0.9998785874167331 0.006737563192700394 0.014050468271647628 -0.7426843670810717 -0.006775119255430954 0.9999735979087269 0.0026270245588149344 -2.549231033751217 -0.014032398750006293 -0.0027218992504939536 0.9998978363039887 134.13985131901325
0.9998928122279283 0.005776209747790594 0.013453603591772091 -0.7269301696551045 -0.005810551884954464 0.9999799561401972 0.0025149186465887817 -2.583270416248793 -0.013438808365985839 -0.002592821984356755 0.9999063334627758 135.49842417636458
0.9999126009798941 0.004969965567922309 0.01225111587791012 -0.7178221058454402 -0.004995519167774885 0.9999854085737055 0.002056073270552189 -2.6110560894864223 -0.012240719536341775 -0.0021170942915248628 0.9999228383686645 136.82013755998
0.9999328188411734 0.0029748746637108994 0.011203032009579407 -0.711834316184454 -0.0030083386004467454 0.9999910604239257 0.002971359283342677 -2.6332923227349574 -0.011194093381522363 -0.0030048622300083297 0.9999328292792087 138.1856590546965
0.999946803582316 0.0020373770992605867 0.010111335387504895 -0.6981965777351917 -0.0020719370025641974 0.999992044143057 0.003408625910446204 -2.660079483271422 -0.010104311138044643 -0.0034293946946194467 0.9999430694505812 139.5045490255722
0.9999609718878307 0.000885622791235224 0.008790357151609536 -0.6977420943886327 -0.0009136735640022497 0.9999945022676778 0.0031875752451350175 -2.6802004822869825 -0.008787486575371116 -0.0031954824135447314 0.99995628352718 140.86282905537013
0.9999709252748689 0.0007526667321324241 0.007588287237811246 -0.6965194214489046 -0.0007730676548463045 0.9999960941620796 0.002685894222566507 -2.7015250550777434 -0.007586236654926107 -0.0026916824378025363 0.9999676014015606 142.17913098691463
0.9999780166735978 0.0009003660546809244 0.0065692857601631575 -0.691691577275931 -0.0009133240846680582 0.9999976429102679 0.0019697751697969465 -2.722429015087031 -0.006567497310530222 -0.001975731788774783 0.9999764819518939 143.52649988813772
0.9999835260781874 -0.0003249156718627792 0.005730794758406585 -0.6858810981836049 0.0003234522954706654 0.9999999148488619 0.0002562817321048905 -2.7511587394475088 -0.005730878024450331 -0.00025442387152141904 0.9999835460144312 144.89518884308362
0.9999825094667687 -0.0035982485960461587 0.004693972510501106 -0.694501413284633 0.0036018574842541385 0.9999932240616133 -0.0007605580770056336 -2.8001437798651936 -0.004691204424228837 0.0007774518163530616 0.9999886940182438 146.19738912859
0.9999080889977853 -0.013112314542661522 0.003446850534654859 -0.6880814593411086 0.013105865748859894 0.9999123336343758 0.0018871455545571073 -2.813139634326031 -0.0034712934987985 -0.001841798168197116 0.9999922789186729 147.55935559655123
0.999781153147455 -0.020837412162417836 0.0018568989862356856 -0.6789992880281951 0.02083093938303042 0.9997770936079261 0.0034402114678291273 -2.837494643228554 -0.0019281703344730542 -0.0034007776876747694 0.9999923584049624 148.86658133534016
0.9996669070039792 -0.025790903129196047 0.0009509769287751955 -0.6628264843450414 0.0257903780380747 0.999667214859129 0.0005620832013347845 -2.8562171398023968 -0.0009651571703099067 -0.0005373699109412193 0.9999993898517607 150.18017127814895
0.9997055851914731 -0.02423522855857052 0.0011817938717823653 -0.6711492255298539 0.02423880755385753 0.9997013498801568 -0.0031130780437459145 -2.8878807254271845 -0.0011059948651530442 0.0031408068630352755 0.9999944560375287 151.5653887205275
0.99978465247307 -0.020634532867059553 0.0022056159269701137 -0.6844478300067248 0.02064554230587326 0.9997738987629827 -0.0050904743593807675 -2.9225526500544587 -0.0021000778541075066 0.005134914393947284 0.9999846110436771 152.89044173004558
0.9997798446898567 -0.02076287286384363 0.0030274200375912095 -0.6872865113367557 0.020778693000923207 0.9997700999562723 -0.005290854823184863 -2.953566943210797 -0.0029168709368542524 0.005352595968699539 0.9999814206156299 154.26523751293857
0.9997068058509916 -0.023969340199288088 0.0034311909969172707 -0.6902284602165988 0.023977290770091475 0.9997098700609215 -0.002294608564741636 -2.9806801369744567 -0.0033751955376971864 0.0023762065310698665 0.9999914808103127 155.59158112055516
0.999509502233558 -0.031104024004115872 0.003646179912718996 -0.6894293676464383 0.03109985576635754 0.9995155682397491 0.0011949182536654282 -3.009056213115613 -0.003681580661183688 -0.0010809364740747508 0.9999926387408286 156.93275145065357
0.9993501642934917 -0.03585995982659784 0.003648614432821876 -0.6784520859444674 0.035850850981325205 0.9993539423531125 0.002532668918713486 -3.0279744318798874 -0.003737078934194698 -0.0024002171845524077 0.9999901365485498 158.26526144457165
0.9993585708671934 -0.03563192935401932 0.003579444773467502 -0.6680166992007094 0.0356239954006634 0.9993627153694767 0.0022570124169248255 -3.064358215553291 -0.0036575856597918445 -0.0021280505909894924 0.9999910466917781 159.6151139333823
0.9994059944238821 -0.034147048221029715 0.004651601089765126 -0.6727232855026584 0.03413612449723429 0.9994142908759363 0.0024083639526850456 -3.083805106435315 -0.004731115519829351 -0.0022481457515115383 0.9999862810967216 160.9740960162413
0.9994588368150721 -0.03236707529007997 0.005865657702984661 -0.6776463015203993 0.032355470765663134 0.9994742956496102 0.0020629741133876586 -3.0999534885412183 -0.005929347036630918 -0.0018720715987421228 0.9999806689060767 162.3052033392257
0.9995916717060531 -0.027725087781934964 0.006914431664700654 -0.6813597720010878 0.027726323955679213 0.9996155481601955 -8.27103996312309e-05 -3.13525026727566 -0.006909480827598531 0.0002743884311727394 0.9999760916037463 163.67976323030754
0.999652042512675 -0.025259291724298586 0.0076001373904366785 -0.6819791525569796 0.02526624165767885 0.9996804215823326 -0.0008195961134159573 -3.1592361113713365 -0.007577006772420781 0.0010113378821681174 0.9999707826517756 165.01010256654445
0.9997139792988267 -0.022587369048911232 0.007859412476724625 -0.6815221649084157 0.022583264529275608 0.9997447789753129 0.0006107954134117887 -3.1850802557099978 -0.007871203513941858 -0.000433129507126413 0.9999689277909151 166.36944401503186
0.9997264494481898 -0.022059934674138998 0.00777081508359638 -0.6779313384256136 0.02205854068222217 0.9997566456013085 0.0002652444158992718 -3.2108361570847386 -0.007774775951330257 -9.375899613367559e-05 0.9999697715738074 167.71833918376197
0.9997629700025998 -0.02052191161267397 0.007270142235680212 -0.6755800387769477 0.020536780398092508 0.9997871448326142 -0.001976277402069451 -3.234962345656903 -0.007228038369180024 0.0021251143430654046 0.9999716192690357 169.08313750169097
0.9998421628836035 -0.01650364116927954 0.0065786901453290785 -0.6848597673751646 0.0165395346135429 0.9998484173960384 -0.005439302917673879 -3.2724899131936906 -0.006487925178367633 0.005547252994397981 0.999963566738626 170.4964015386411
0.9999284023685957 -0.010036578681801111 0.006515922126239059 -0.6860438840652389 0.01007928518151424 0.9999277196124002 -0.00655465873193053 -3.3101570866611394 -0.006449665354499324 0.006619865414627122 0.9999572886840646 171.83671774657608
0.9999579416527531 -0.006122265848610718 0.006828821312923152 -0.6878606297659096 0.006160929309534208 0.9999650304733987 -0.005655154541718743 -3.3395952271869382 -0.0067939607311171026 0.005696988703143281 0.9999606924328234 173.2126576280447
0.9999688846548401 -0.0019089860814633357 0.007654116796674457 -0.6983938134121259 0.0019351460841882228 0.9999923073679484 -0.0034118047824597815 -3.381748534904067 -0.007647545477467506 0.003426510532345164 0.9999648864169112 174.59017869150364
0.9999681139280935 -0.002507575170678615 0.007581767886331023 -0.6992986260337298 0.00251665342017306 0.9999961274819761 -0.0011880543157158118 -3.4028938040267502 -0.007578760031571176 0.0012070971472927681 0.9999705522194097 175.97948187447642
0.9999631185410314 -0.005319347569988534 0.006742856400315165 -0.6976088937002461 0.005321574161742844 0.999985791565096 -0.0003122652416275724 -3.4277865514736385 -0.006741100117114801 0.00034813635164648 0.9999772179223733 177.4059319651437
0.9999551127390945 -0.007926484062955312 0.005190700516215771 -0.6972165573662883 0.007927591954257901 0.9999685575585999 -0.00019279827130400334 -3.452990173627501 -0.005189009533637923 0.00023393938766782442 0.9999865096323671 178.78059709402118
0.9999562973796672 -0.008831424985685501 0.0030674544320569122 -0.6938822995917722 0.008843861336127279 0.9999526319320592 -0.004064480244595741 -3.4844188501272186 -0.0030314142391683827 0.0040914308476772306 0.9999870352745888 180.11989397595525
0.9999801208812159 -0.0061222526494204565 0.0015086001919796446 -0.706056525457873 0.006134603845370791 0.9999465455193477 -0.008323024193095496 -3.5278250081727203 -0.0014575640231764477 0.008332113573342697 0.9999642250544415 181.53671826282545
0.9999973554918622 -0.0020608998575522494 0.0010206398057740133 -0.7316430167302608 0.0020703585403776155 0.9999541015221158 -0.009354595717048345 -3.5594986812364553 -0.0010013141671048667 0.009356684255891598 0.9999557239341662 182.93511706766623
0.9999968915401912 0.0023802886050426865 0.0007423832976720473 -0.7518292298015893 -0.0023740152492188324 0.9999624043057058 -0.008339905920524516 -3.5927747089259925 -0.0007622068416688413 0.00833811773013152 0.9999649468019293 184.26055791729658
0.9999948555740931 0.0030454883792137 0.0010068871728611168 -0.7452470173597994 -0.0030404178306049417 0.9999828787192074 -0.0049998133580132454 -3.621682908132502 -0.0010220968977960273 0.004996726376113456 0.9999869939363225 185.70261577436366
0.9999925679632203 0.0035527353437907064 0.00149735947705167 -0.7604161058858093 -0.003548898318645852 0.9999904319705004 -0.002557595550150684 -3.656868089234321 -0.0015064317399980114 0.0025522626142855842 0.999995608298674 187.0684694262801
0.9999924534610204 0.0035107524539459275 0.001663620754945951 -0.7658149565381738 -0.00350718631573824 0.9999915560759255 -0.002141828123626859 -3.6900140364138303 -0.001671126278995213 0.0021359773730620945 0.9999963224607907 188.51138568322116
0.9999980266745616 0.0013451792895189845 0.0014618958282861868 -0.7645811132200719 -0.001342911757866481 0.9999978954516919 -0.0015510263263898013 -3.719976707723749 -0.001463979285217028 0.0015490600993063378 0.9999977285850414 189.92879621022064
0.9999977687937965 -0.0014108681494668669 0.0015722159074313226 -0.7713283551332442 0.001412538047923028 0.9999984390076354 -0.0010614690314988725 -3.7488986808438414 -0.0015707159938740513 0.0010636875012546192 0.9999982007073068 191.28560792171135
0.9999940505282924 -0.0028926969195591998 0.0018791538776419244 -0.7761766589963823 0.002894135103236292 0.999995520918611 -0.0007629683089978952 -3.784263916523529 -0.0018769385837248038 0.0007684023138279872 0.9999979433262706 192.74408067192724
0.9999768627566861 -0.006407249185964366 0.002284977022122774 -0.7777959821075331 0.006407056915866729 0.9999794703975402 9.163707166703505e-05 -3.8126248867888535 -0.0022855174466391687 -7.699496835906931e-05 0.9999973852359454 194.10995782953526
0.9999347789114361 -0.011138047774774042 0.0025262281219602424 -0.7762726459892069 0.011133836584084698 0.9999366135896126 0.0016752538664057824 -3.8330361591519067 -0.0025447272639378586 -0.001647018015308843 0.9999954058353115 195.57588039036892
0.9999016300577475 -0.013746018868874194 0.002788760810677129 -0.7720413510090773 0.013741299181517305 0.999904130450404 0.0017048737921252306 -3.861867188055045 -0.0028119289160250674 -0.0016663849071811463 0.9999946580926056 196.980002886556
0.9999265230857802 -0.01173494243953767 0.003039666030247603 -0.7795845381185049 0.011742016299164259 0.9999283696058474 -0.0023196337238175525 -3.894939133568503 -0.003012227785172136 0.002355155150211063 0.9999926898352536 198.38330890903956
0.9999844497584274 -0.004503409498520761 0.003289309101161264 -0.8002989477081439 0.004528182372756012 0.9999611473173775 -0.007563029413787975 -3.9314132401359534 -0.0032551221651377408 0.0075778065537960545 0.9999659899334491 199.81859980115232
0.9999782328574134 0.004500239155768155 0.004825106805746274 -0.8123674243767058 -0.004460158686858043 0.9999557274365786 -0.008285539188318217 -3.957977620346511 -0.004862180511718869 0.008263838257159001 0.9999540330299084 201.2653669505617
0.9999121796965263 0.01170037918765731 0.006223664494567812 -0.8331500856734826 -0.01167460462246378 0.9999231884304628 -0.0041618354234679335 -3.9958348632227114 -0.006271882031795287 0.004088811184272504 0.9999719721634296 202.71069395634802
0.9998924124369178 0.012742414527990568 0.00726597539705316 -0.8259893146154726 -0.012726636765724436 0.9999165626795133 -0.002213690870830876 -4.022874762804956 -0.00729357752913933 0.002120981313577139 0.9999711521630257 204.15539343469203
0.9999143869012178 0.011266758516953811 0.006654246791203777 -0.8203151026406504 -0.011255884289775064 0.9999352568622603 -0.0016694847669992455 -4.056706822740595 -0.006672626222005377 0.0015944424335445396 0.9999764666261028 205.58246320093767
0.9999604585320271 0.007128099554462832 0.005317100715057615 -0.818554133241703 -0.007120073891228598 0.9999734862209578 -0.0015268981422281943 -4.081710674437794 -0.00532784407251101 0.0014889796446805367 0.999984698388557 207.02461719874157
0.9999740803858242 0.005896696730865758 0.004131285177674072 -0.8129233679656471 -0.005888457653111712 0.9999806553667709 -0.0020037391921428546 -4.118274715923339 -0.004143021053936531 0.0019793603960430732 0.99998945869639 208.49603602793815
0.9999731026234404 0.0063539008091739475 0.003663600097300482 -0.8225972274885684 -0.006344048444667271 0.9999762454138267 -0.0026947487039597883 -4.144578057161594 -0.0036806355495998064 0.0026714342165725428 0.999989658124764 209.9549039433394
0.9999632979203875 0.00775479437549952 0.0036422471512012194 -0.8275448522140652 -0.007744726772316556 0.9999661718295919 -0.00277027443401665 -4.182444553631257 -0.0036636071615819103 0.0027419646012461205 0.9999895297491918 211.43887903043364
0.9999533766594767 0.009028956509672647 0.0034238043063423134 -0.8350127014007789 -0.0090215519911622 0.9999569457853128 -0.0021721407794366814 -4.206188125959634 -0.0034432693550732647 0.002141151516508438 0.9999917796471504 212.86398977494792
0.9999562406717959 0.008841811435250032 0.003055993537921831 -0.8477316157021706 -0.008834823655488721 0.9999583437260872 -0.002292754507023642 -4.246375078083959 -0.0030761386020072418 0.0022656550540135142 0.9999927020605569 214.31923639631464
0.9999534380492281 0.009227164319369105 0.0028250938507828885 -0.8460899548888288 -0.00921824323087256 0.9999525341341132 -0.0031549154163015886 -4.2817635563118195 -0.0028540709225487087 0.0031287261719401983 0.9999910326336997 215.77708497020416
0.9999621828628013 0.008371581934016699 0.002355726035304857 -0.8571031496313649 -0.008362979629977561 0.9999584106532494 -0.003638344947233902 -4.314942038415502 -0.002386086970159057 0.0036185065334463 0.9999906064539049 217.22953256752967
0.9999667238900852 0.00794206822361758 0.0018640414178275068 -0.8555613030036677 -0.007935499611530061 0.9999623690956748 -0.00350546084694541 -4.349942871227532 -0.0018918120446951901 0.003490552163152282 0.9999921185139254 218.71285698724637
0.9999524963515233 0.00957267128876069 0.0018354797085655544 -0.8660870474009247 -0.009565145714479781 0.9999459853676133 -0.004066245987597624 -4.3902963839667315 -0.0018743055643279847 0.0040484962691968145 0.9999900482773942 220.21282554056032
0.9999644717131092 0.00826493792627621 0.0016571351856524395 -0.8727984813645964 -0.008257917532302593 0.9999570833723044 -0.004199789246444853 -4.419234477422136 -0.0016917752113372098 0.0041859556269749545 0.9999898077828424 221.70132034199392
