1.0 -3.469446951953614e-18 0.0 -1.7787691892340307e-19 0.0 0.9999999999999999 -3.5575383784680614e-19 0.0 2.168404344971009e-19 -2.371692252312041e-19 1.0 0.0
0.9999999398638733 -7.08535559765227e-05 -0.00033948727388392647 0.05569069961672338 7.123806521749064e-05 0.9999993559314045 0.0011327230995349811 -0.026761272848715878 0.0003394068273799933 -0.0011327472383819146 0.9999993008434594 1.3159701006825606
0.9999991075624272 -0.0005587901877283866 0.0012135198795759842 0.11108300046058615 0.0005566348298350308 0.9999982684086526 0.0017757635472657302 -0.04833477912174309 -0.0012145101586562628 -0.0017750865086460634 0.9999976870130872 2.5650198957187875
0.9999986622939011 -0.0015263514348947422 0.0005879327423714759 0.08103241527106747 0.0015255950573092748 0.9999980106898746 0.001284979952772912 -0.07740614580116147 -0.0005898929524881065 -0.0012840813102218017 0.9999990015799138 3.9458229714066144
0.9999981072035342 -0.0017817931078478923 0.000781541111790018 0.0706889225052027 0.0017809433281722655 0.999997823535716 0.0010868126944257334 -0.09692830242705423 -0.00078347595136784 -0.0010854187762733309 0.9999991040148658 5.30104830187707
0.9999976673446671 -0.0021235965190732516 0.00039452097997737397 0.052242550873421806 0.002122998102837179 0.999996604202561 0.0015114426864367167 -0.11722946870556898 -0.00039772936692955996 -0.0015106016212938782 0.9999987799461282 6.583556120979754
0.9999952279367317 -0.0030696279431660627 0.00034855840676551895 0.047974618200879136 0.0030687161169364614 0.9999919435367902 0.0025876317460174713 -0.15020818447560608 -0.00035649869314561666 -0.002586549819214506 0.9999965913285201 7.915173336687392
0.9999944075591886 -0.0033068362548302043 0.0004996896522438134 0.05045924160177363 0.003305179660941033 0.9999891556645564 0.003280904659711756 -0.16819330409315864 -0.0005105336881713884 -0.0032792348090568825 0.9999944929719927 9.253296665548948
0.9999966881717127 -0.0025731368335322 -5.114804390482985e-05 0.041006997072055414 0.0025732176934006833 0.99999533513711 0.0016456763633952603 -0.19350498874859057 4.691326031861214e-05 -0.0016458025587557997 0.999998644565797 10.577654309100756
0.999999963527013 -0.0001966384818595096 0.00018514826046303785 0.024454585906650807 0.00019675199946695213 0.9999997926170985 -0.0006132325563614343 -0.21549417381795527 -0.00018502765306975468 0.000613268974673866 0.9999997948327674 11.90501395136029
0.9999964598370539 0.0026174503172580084 0.0004788143756314846 0.012395432636092947 -0.0026168245760093047 0.9999957269416726 -0.0013032008227720664 -0.24346876461761435 -0.0004822234350227257 0.0013019432600523404 0.9999990362012586 13.231516066392135
0.9999849865034951 0.005448564999354049 0.0005830069682573903 0.003426947245515174 -0.005447817198898244 0.9999843448399786 -0.001277252389533331 -0.2660012548878186 -0.0005899570851050514 0.0012740571195390756 0.9999990143635548 14.570644074466399
0.9999820511027662 0.005955113507133968 0.0006588508205090898 -0.018353541856455685 -0.005954661620653496 0.9999820353417131 -0.0006863023434153376 -0.29314776828852795 -0.0006629260498011301 0.0006823668007786406 0.9999995474516684 15.942930420021627
0.99999070285701 0.004243209215218261 0.0007677031664823368 -0.017698831225456083 -0.0042445429644388 0.9999894715315771 0.0017437570898142399 -0.3219267258451008 -0.0007602960207016372 -0.0017469994639925472 0.9999981849693591 17.281019666849332
0.9999994970139756 0.00027961209737044444 0.0009632184628699868 -0.015024053042058845 -0.0002830262505032445 0.9999936721641985 0.0035461990129890437 -0.3422488623063121 -0.0009622208860913381 -0.003546469914741066 0.9999932483179257 18.64051693085767
0.9999973100001983 -0.002163035232436109 0.0008374218714957689 -0.018708006103258915 0.0021615679770037 0.9999961338886693 0.0017492364303359422 -0.3784787134309061 -0.0008412023634780247 -0.0017474216126901953 0.99999811944591 19.973292767643144
0.9999957428884054 -0.0026731844249962573 0.0011697417063162604 -0.022203094500303854 0.0026739203529394864 0.9999962279503818 -0.0006278782843985081 -0.3943242211823461 -0.0011680589585825012 0.000631003423040556 0.9999991187352116 21.315995035350856
0.9999991470449484 -0.00017861286140539306 0.001293834977665771 -0.018650099597794595 0.00018070315961933245 0.9999986785282624 -0.0016156385645135444 -0.4424425967391502 -0.0012935448046910226 0.001615871019552585 0.9999978578480475 22.689045169975227
0.9999956584722798 0.001650402229424761 0.002441149205551065 -0.053013092931255223 -0.0016488971772242985 0.9999984493214091 -0.0006184624587905517 -0.44376211744467 -0.002442166338927178 0.0006144345825185536 0.9999968291401768 24.02931280182563
0.9999938904763108 0.0018358464259768167 0.0029746728479267508 -0.06773831301420796 -0.0018471711032156859 0.9999910407324768 0.0038087289361965287 -0.46817658259200806 -0.002967654203447684 -0.003814200470569938 0.999988322381958 25.432172984596654
0.9999952480416872 -0.0005853954370648225 0.0030267492492749605 -0.058351629298666476 0.0005703836204691958 0.9999875453000081 0.004958215942486285 -0.48206748072798944 -0.003029614320973963 -0.004956466067831982 0.9999831272968814 26.79979730237129
0.9999905169614944 -0.0032982447309186924 0.0028438665779954263 -0.06011031783062056 0.0032863990737494204 0.9999859465943957 0.004160070829607724 -0.5241742857694585 -0.002857547781567501 -0.004150685375966073 0.9999873030337841 28.184578714307687
0.9999867448933848 -0.004395808910810565 0.0026808414637430732 -0.04394494219339571 0.004393395972070682 0.9999899391079657 0.0009053997169880694 -0.5279772857098903 -0.0026847946820860165 -0.000893609729792599 0.9999959966598848 29.550677758757523
0.9999873150765103 -0.003968926880142269 0.003101179593053783 -0.04516701395929095 0.003971330937575559 0.999991818278213 -0.0007693515863565424 -0.5824898041387521 -0.0030981009820501976 0.000781657658617108 0.9999948953757651 30.976828334214325
0.9999908306894906 -0.001760385170222525 0.0039037915351118474 -0.0684520010233774 0.0017692497477625694 0.9999958619522739 -0.002268442457007831 -0.5799953416027502 -0.0038997823798710765 0.0022753284885108707 0.9999898072344446 32.33915401935642
0.9999912485598484 0.00017445450811538407 0.004179996887292073 -0.05722589096978812 -0.00015792133551349036 0.9999921652447732 -0.00395531419831322 -0.6277471925505475 -0.004180654516966087 0.003954619554139923 0.9999834414163409 33.718161404379885
0.9999902887978989 0.001524177362932897 0.0041351173521202034 -0.057240198849448094 -0.0015072481376739574 0.999990483354828 -0.004094069572081401 -0.6501615426529458 -0.00414131844124807 0.004087797248588819 0.9999830695517476 35.100121145173716
0.9999907751939928 0.0010320693842567523 0.004169455944022014 -0.07350167811890676 -0.0010228482546656668 0.999997027905634 -0.0022131342671269927 -0.6921324625249285 -0.004171728014538335 0.002208849176798168 0.9999888587707279 36.494006764437586
0.9999910783759447 0.0019059458270228131 0.0037696870231599578 -0.069083917168432 -0.0019032791110044633 0.9999979360714355 -0.0007109042937737212 -0.7109798974420043 -0.003771034507250041 0.0007037232002666097 0.9999926420068044 37.90157427782262
0.999982465425789 0.004629431283700651 0.003692858313942237 -0.09215299937759384 -0.004627952110765404 0.999989207304429 -0.00040907565847777487 -0.7418504386987935 -0.003694712558553693 0.00039197812126922233 0.9999930977000344 39.29677127078384
0.9999702690375155 0.0065603853371343345 0.004052453160109246 -0.09627408509469006 -0.0065580012434914795 0.9999783152272971 -0.0006014219869710455 -0.7695687954108148 -0.004056311187253544 0.0005748281228601908 0.9999916079184332 40.697440327134416
0.9999574749772142 0.008242612453267526 0.0041361291330811335 -0.10239990488962754 -0.008240506492064955 0.9999659080763831 -0.0005260756715114997 -0.7867350628808194 -0.004140324713185694 0.0004919695079117778 0.9999913077983845 42.08125207371611
0.9999478977198738 0.009447022727235355 0.00386724587934756 -0.11177487999954026 -0.009445723598634626 0.9999553254308062 -0.00035421670294457123 -0.8155701736702505 -0.0038704197329909075 0.00031766931395785404 0.9999924594378691 43.51100380618086
0.9999578375926594 0.008542428606523699 0.0033689666188685147 -0.1146512332865551 -0.008541272733031579 0.9999634587695345 -0.00035749747905890303 -0.8417128456520647 -0.0033718976951436384 0.00032870714606464846 0.9999942611101839 44.91520956465063
0.9999643888235191 0.007964308087385366 0.0027912126461563267 -0.10848530421033421 -0.007961268328139426 0.9999677050691735 -0.0010986548591118575 -0.8797345153339478 -0.0027998727679181975 0.0010763941592771026 0.9999955010320571 46.32436028280261
0.9999654161680609 0.008114365816538962 0.001823052459034573 -0.12023268911761487 -0.00811312447754064 0.9999668516908135 -0.0006875669677192084 -0.9091245232478505 -0.0018285713534267971 0.0006727525460226478 0.9999981018623085 47.74049624442449
0.9999676204140421 0.00799399665573341 0.0009241889078488389 -0.1404147523150378 -0.007994255666769525 0.999968007252414 0.00027634232250095287 -0.9372284183658434 -0.0009219503391013149 -0.0002837215880289368 0.9999995347540579 49.15785900021601
0.9999618896797274 0.008727712708676729 -0.0002149408081241614 -0.1436955025536108 -0.008727622769213923 0.9999618260242173 0.000418466467825795 -0.9661228999236195 0.0002185848763391284 -0.0004165746127166741 0.9999998893433151 50.573926629791586
0.9999593076499489 0.008935076008105763 -0.0012439610988441707 -0.15633464042197848 -0.008934707060355231 0.9999600390244345 0.0003022973094510663 -0.9900185399484281 0.0012466125433948452 -0.00029117059384721494 0.9999991805891311 52.018947720724235
0.9999562701354743 0.009097082888714188 -0.002168150314050844 -0.17920519163727192 -0.009094408730440179 0.9999578757703909 0.0012403364687489683 -1.0180471522184826 0.0021793426106372967 -0.0012205642166559763 0.9999968803414917 53.424003159658675
0.9999632726282581 0.007877204396819925 -0.003376836167724857 -0.17253478517312842 -0.007870112052459063 0.9999668070060101 0.002108610658820446 -1.0462882600358787 0.0033933343255237343 -0.0020819571858986252 0.999992075340089 54.88504698996109
0.9999735310571143 0.0061671542273909405 -0.0038604888593827143 -0.18621441779467174 -0.006157491771723946 0.9999778925753114 0.002509913885148047 -1.0744353991185764 0.0038758828691056726 -0.002486076578870337 0.9999893984252566 56.29481057430968
0.9999841492834627 0.0038195298444403166 -0.004136708674460223 -0.20957143674939493 -0.00381002904131575 0.9999900916957796 0.0023022153858614914 -1.0994996771984986 0.004145461418998373 -0.0022864179652748308 0.9999887936625784 57.70691980966208
0.9999858580601243 0.003390550563743825 -0.0040972957762381475 -0.21476856303747704 -0.0033819203990754724 0.9999920521546636 0.002111456317292608 -1.1329990676488 0.0041044225593097425 -0.0020975697763155536 0.9999893769058652 59.159256608713605
0.9999924686412652 0.0014646661496945925 -0.0035940791172296006 -0.23634317863351545 -0.0014540883345365184 0.9999946092374543 0.0029439981444783206 -1.1527982105662877 0.0035983720232114977 -0.0029387499256252284 0.9999892076791856 60.56541882309379
0.9999945336010647 -0.00023287429823489435 -0.003298261959902543 -0.23999286417147858 0.0002440191385095561 0.9999942613931772 0.0033789990086438423 -1.1792680523024612 0.00329745643187504 -0.0033797854458482253 0.9999888518569033 62.010327303639286
0.9999952437204971 -0.001506607136766952 -0.0026912207064035847 -0.24833099455920038 0.0015152772198085557 0.9999936598504335 0.0032224510752930768 -1.208278593743483 0.002686348905616724 -0.0032265137584706963 0.9999911865331125 63.40590863361144
0.9999926683379388 -0.0030595031041997355 -0.0023027617163166756 -0.25110996401894886 0.0030648015850012877 0.999992656542761 0.002300836155033033 -1.2322901543471783 0.00229570558681804 -0.002307876838851183 0.9999947017083347 64.82079111758321
0.9999895173775584 -0.004224150302109191 -0.0017668310534122546 -0.2615126321436555 0.004227453271009384 0.9999893163025038 0.001869736254315967 -1.2549530996848954 0.0017589142806211744 -0.0018771858854891913 0.9999966911930198 66.27473027877635
0.9999969322947678 -0.0023483458994378575 -0.0007878291664173281 -0.28159222551307256 0.0023500737082851313 0.9999948202783362 0.002199219455242133 -1.2834962036510356 0.0007826606257830553 -0.0022010642075169884 0.9999972713764499 67.6504622556819
0.9999999137790254 0.0003318950488321549 -0.0002495730025700732 -0.29923952923007247 -0.00033108582106275083 0.9999947106061982 0.0032356053074939985 -1.3149448698406427 0.00025064558764985767 -0.0032355224626634633 0.9999947342722447 69.12165060172224
0.9999905251521315 0.004350244978578887 0.00015800798722678767 -0.3068672284292524 -0.004350860816501139 0.9999820052460481 0.0041302786387789735 -1.3390045956069632 -0.00014003742876934747 -0.004130927060413808 0.9999914578794266 70.47590367123613
0.9999720302907207 0.007435754130107313 0.0008050976732764386 -0.3280562355472946 -0.0074395694355983205 0.9999605942932882 0.004843829244344554 -1.3644814872970703 -0.000769048486059114 -0.004849683444545908 0.9999879444947819 71.9422923102045
0.9999241055405284 0.012233155251454424 0.0014604944425204538 -0.3457868589980446 -0.0122394347862443 0.9999155442008532 0.004370438216161828 -1.3907902058856871 -0.0014069069621808654 -0.004387982245312068 0.9999893830554352 73.32035304152214
0.9998819609474244 0.015206227435527584 0.002198813847787021 -0.3590919501215397 -0.015214681645019242 0.9998767210516145 0.0038802319981739598 -1.4084863889825707 -0.0021395392686300403 -0.00391322831899276 0.9999900544574276 74.68499727756262
0.9998589994149003 0.016519530095865424 0.0030143612459991127 -0.37589253748268686 -0.016529922552178073 0.9998574001973792 0.003455571554920868 -1.436252851116064 -0.0029568472284222254 -0.003504911554581214 0.999989486267917 76.13989710902732
0.999849778463711 0.017042865334854884 0.003156137619734908 -0.3736399468208917 -0.017056079879835113 0.9998456791598473 0.004208093403637826 -1.4618960572159794 -0.003083932850928124 -0.0042612926872724315 0.9999861652741994 77.4496302204294
0.9998711978562744 0.015718960808441863 0.0032406683012023685 -0.38273785427197604 -0.01573204821360048 0.9998680291326189 0.004053025798879009 -1.4935093299382098 -0.0031765315397850376 -0.004103486200762203 0.9999865354319684 78.91688516467353
0.9998715541022544 0.01566322778505851 0.0033968449078719044 -0.39216640513813183 -0.015673386902844515 0.9998727100586987 0.0029847384541850657 -1.5223267815357162 -0.00334966216696583 -0.003037595210408719 0.9999897763352882 80.26988890294045
0.9998822864347224 0.015089977211318686 0.0027759369797447572 -0.38266976912782463 -0.015097496467016757 0.9998823602005658 0.002707655616921943 -1.5494428128897346 -0.0027347521873264157 -0.002749246651391779 0.9999924813568731 81.67755206426675
0.999894776981807 0.014337171253610928 0.002209174339412613 -0.38073946684161397 -0.014343896634541426 0.9998924427095045 0.0030587052435789163 -1.5765556543619836 -0.0021650837270610302 -0.003090071635879416 0.9999928819083742 83.10856489247142
0.9998963635546604 0.01419893740379125 0.002377455311252197 -0.40450132113282133 -0.014205239025764366 0.9998955766730894 0.002654612862130573 -1.6038309735320808 -0.0023395145640035912 -0.0026881101304145347 0.9999936503462944 84.46223706097312
0.9998876653421731 0.014907329329807397 0.0015582658147883632 -0.415821329291308 -0.014911745477287422 0.9998847199070434 0.0028612551957897135 -1.6292017698341088 -0.0015154326309045735 -0.00288417030791578 0.9999946924979135 85.90206909312334
0.9999082686010434 0.013531245911611258 0.0005997785806989037 -0.41554085171619914 -0.013533333395291357 0.999901855374513 0.0036233325663325403 -1.6548003612537407 -0.000550691556112164 -0.003631117277948956 0.9999932558402851 87.21280815924746
0.9999230514274801 0.012391337874521624 -0.0005881654466368626 -0.42457675872136824 -0.01238845203161764 0.9999123031638684 0.004681054020268993 -1.6808214876459995 0.0006461184459809425 -0.004673407462550906 0.9999888708359379 88.60035488714736
0.9999459314726573 0.010263386360099191 -0.0016724249997498819 -0.43706982717626586 -0.010254812099767235 0.9999346276754317 0.005057590990819064 -1.7083285753988844 0.0017242238289802028 -0.0050401672388029825 0.9999858117845872 90.0048994415381
0.9999658677202137 0.007883815652273028 -0.0024716035613869623 -0.442873436209195 -0.007870682789627452 0.9999550904885005 0.005279145201307546 -1.7298678328100123 0.0025131125865867207 -0.005259511916178955 0.9999830107582777 91.36982914699226
0.999973548839693 0.00662738851107197 -0.002996551934652459 -0.4490082703684726 -0.006613121281323755 0.9999668683477135 0.004746456177781243 -1.7542348303769182 0.0030279095223670134 -0.004726514167835284 0.9999842457930319 92.77665863112273
0.999978683595234 0.005734044543659526 -0.003122990753735993 -0.4622215801863529 -0.005720586784738156 0.9999743861482461 0.004301388697073264 -1.7806775931393888 0.0031475753854025516 -0.004283431758673033 0.9999858723942958 94.11900791632775
0.9999816455835334 0.005020583855788516 -0.003391491976752082 -0.4675016073936823 -0.005007464954334236 0.9999799904268144 0.0038657534384910134 -1.8000787990087337 0.003410832744789239 -0.0038486997901021956 0.9999867767810492 95.50053805836627
0.9999805245194784 0.0053843392815834355 -0.0031558605698849577 -0.47699710249498495 -0.005373493829757478 0.999979662355476 0.0034351782167190226 -1.8301280079308884 0.0031742928228044196 -0.0034181533917492565 0.9999891199902562 96.81145694360791
0.9999813342802966 0.0053714397504909354 -0.0029118224912062516 -0.4920716135039298 -0.005363476202387255 0.9999818736525845 0.0027359640615729273 -1.8516461549324295 0.0029264660257858283 -0.0027202955623080016 0.9999920178653354 98.1786724163558
0.9999674531970402 0.007619871619853192 -0.0026514302381403045 -0.5131058292181783 -0.007613365309460353 0.9999680029128161 0.0024555722114913206 -1.8800045806619483 0.002670056772229301 -0.0024353060394781824 0.9999934700219171 99.56322084022761
0.9999683245789125 0.007510683237255674 -0.0026342846574218884 -0.5270048256022093 -0.007500016267829508 0.9999637286261894 0.004036236232981485 -1.9080833941470214 0.002664504228064098 -0.004016351292795362 0.999988384605076 100.89554100462158
0.9999621137272293 0.008377763255870533 -0.002363085002681009 -0.5454997556534995 -0.008364307203089507 0.9999490677509014 0.005648033799204049 -1.9313067760883773 0.002410282743195674 -0.005628054366649932 0.9999812575977274 102.23036772849703
0.9999680086817347 0.0077242646551382785 -0.002077818240867086 -0.562467333338751 -0.00771523058258137 0.9999608990223671 0.004321534316291035 -1.9552871379945849 0.0021111178523222974 -0.004305365310365026 0.9999885034416791 103.55827828772891
0.9999644374875595 0.008229620514696301 -0.0018431184128390172 -0.5707275994398373 -0.008225937815779783 0.9999641721108697 0.001997112683831789 -1.9795860088566999 0.0018594880155331037 -0.0019818803309141196 0.999996307222264 104.90428777044471
0.9999679915244297 0.0076782493549443056 -0.0022495317857739415 -0.5868401436157664 -0.007676678313956429 0.9999702843639107 0.0007064102361427714 -2.006864514086482 0.0022548891240668826 -0.0006891187144491416 0.9999972202933481 106.27336470429921
0.9999820202160978 0.00558880991329743 -0.002173576186622374 -0.5968847991468358 -0.005585236604293397 0.9999830465316067 0.0016467520339763923 -2.0361217600016275 0.002182742906482532 -0.0016345825267238957 0.9999962818817838 107.5841768914335
0.9999953502746799 0.002674037466085748 -0.0014659281732591859 -0.598425622665024 -0.002668461627401437 0.9999892477320987 0.003792589712437999 -2.0588229220559016 0.0014760540658297285 -0.0037886603827803466 0.999991733625907 108.93873846345586
0.9999986310709593 0.0014371738476469473 -0.0008199900937400788 -0.6069813583269142 -0.0014334729483633105 0.9999888640218125 0.004496330628559678 -2.0937659781217546 0.0008264430445332526 -0.004495149130155355 0.999989555259717 110.29151994476335
0.9999995644128543 0.0009310137997437518 6.622639834120243e-05 -0.6111487222127183 -0.0009312340630197027 0.9999937639784635 0.0034065830655304295 -2.115514833400287 -6.30544121314248e-05 -0.003406643321749789 0.9999941953861591 111.64053354715635
0.9999968027524236 0.0023680243525583816 0.0008870978921817518 -0.623239928308524 -0.002368550177678787 0.9999970197542989 0.0005919938387632616 -2.1397489951870465 -0.0008856934671080396 -0.0005940930946843053 0.999999431299475 112.91922405099609
0.9999827515840463 0.005519904627648177 0.0020067832653874336 -0.6235123545756485 -0.005517367030436689 0.9999839752544022 -0.0012680325535244063 -2.171666151141253 -0.002013750697518875 0.0012569385443312732 0.9999971824514051 114.27638662607178
0.9999680186765358 0.0072018232135190935 0.003477837797028817 -0.6402709159115857 -0.007197178318770715 0.999973193594286 -0.0013463774814110535 -2.1893998791653826 -0.003487441237556537 0.0013213038270534986 0.9999930459285017 115.62460001530587
0.9999508167164113 0.008670554894094719 0.004815144072177052 -0.6524809793005772 -0.008673006294830159 0.9999622695417563 0.0004883376102603923 -2.216777343955927 -0.004810728643199008 -0.0005300753802346072 0.9999882878837508 116.97538296057753
0.9999478177907634 0.008372392491633641 0.0058536080624938275 -0.6498864248777076 -0.008390414737723203 0.9999601148684066 0.0030609852124763018 -2.2479999103040336 -0.0058277473114601635 -0.003109939745826484 0.9999781825772897 118.31786407784848
0.9999450352947671 0.008047207309413362 0.006720776223020921 -0.6550495696270271 -0.008071367487720192 0.9999610339553793 0.0035754180657480107 -2.273754206845469 -0.006691742773639558 -0.003629467470898387 0.9999710233495657 119.68212181320143
0.9999396293912604 0.007807724198814866 0.007731559081172495 -0.6590597512962556 -0.007829527653343559 0.9999654461330495 0.0027937524597895368 -2.2953703511049635 -0.007709479726921703 -0.0028541183108400864 0.9999662083914318 121.02308830188957
0.9999120165252415 0.00966939333887413 0.00908086042245741 -0.656207267025961 -0.009690357913755002 0.9999504766462929 0.0022674302125558063 -2.3175913384159137 -0.009058486797420015 -0.0023552275502780615 0.9999561973974583 122.3770261679746
0.9998819449971509 0.011465698490936593 0.010229066744101947 -0.6570083533921875 -0.01148513161819541 0.9999323452680857 0.001843004413512173 -2.342359873393414 -0.010207244228136405 -0.001960269054617388 0.99994598329309 123.694911304335
0.9998513110137697 0.012838085035865272 0.011512576231764306 -0.654158437161619 -0.012847695317131355 0.9999171752966953 0.0007611196952262976 -2.3686369483013796 -0.011501852358747901 -0.0009089166152362055 0.9999334384130752 124.99246017837405
0.9998233154649285 0.013910327119390069 0.012642809134045257 -0.6478991162395298 -0.013910290879587308 0.9999032431110512 -9.087813885432008e-05 -2.393476523050526 -0.012642851069023964 -8.500307253535104e-05 0.9999200723485275 126.37697897670697
0.9998213914200484 0.01319437037782088 0.013531216563145461 -0.6401565695854452 -0.013191403736893603 0.9999129420621556 -0.0003085398564238734 -2.4246010963891376 -0.013534110697147996 0.00012998901129644233 0.9999084012774558 127.7279269636231
0.9998095541951217 0.013083381614775545 0.014480346602063692 -0.6345125261248459 -0.013091493817319593 0.9999141943794075 0.0004655110577705953 -2.4522415076327193 -0.01447301487149404 -0.00065499178230378 0.9998950459032783 129.04104870010525
0.9998279829618558 0.010591945253089572 0.0152254773775752 -0.6234798551347676 -0.010619498408180439 0.9999421151533858 0.0017299191889629415 -2.4694582516198302 -0.015206274127999369 -0.0018913085791709137 0.999882589195122 130.40113274293813
0.9998277753622536 0.010177744280939772 0.01551879878179163 -0.6094813188305659 -0.01021073349300723 0.9999457719251007 0.0020479632882993894 -2.496495903928158 -0.015497114889050827 -0.0022060689357139896 0.999877478837719 131.70951759805888
0.9998372142998982 0.009016041800574796 0.01562868755198205 -0.5930925076827493 -0.00905004291422401 0.9999568294818739 0.002106161305189132 -2.527502244046088 -0.015609024932917421 -0.0022472587837730255 0.999875646350905 133.02295541313163
0.9998569347033058 0.007123650674455058 0.015341568221029986 -0.580630591552731 -0.007164575649446466 0.9999709168619779 0.0026142494999515336 -2.551842095968629 -0.015322500332995226 -0.0027237913643358173 0.9998788936371128 134.3729386709599
0.9998669984608265 0.006535968075923731 0.014942104966844647 -0.5632960682502599 -0.0065716273829447645 0.9999756720040107 0.0023386164099111705 -2.5783728217051087 -0.014926457593030244 -0.0024364993573620453 0.9998856256247348 135.72079665379957
0.9998965837800772 0.0042530159748290185 0.013738034685941522 -0.5524483122838905 -0.004288213564292705 0.9999875959910703 0.0025335935174641664 -2.6015254625036524 -0.013727090023758066 -0.0025922431726588357 0.9999024188740344 136.98299747050268
0.9999198025214744 0.0016447548600849937 0.01255720151592564 -0.5411956874711025 -0.0016874965220252513 0.9999928168342075 0.003393911859700851 -2.623753862102984 -0.012551530220482842 -0.0034148299687570415 0.9999153954310964 138.38245421704934
0.9999319360223756 0.0007614851188348024 0.011642313689753261 -0.5299455523525867 -0.0008033579029861435 0.999993224812428 0.0035923454630074044 -2.6482953591105254 -0.01163950027404189 -0.003601453960487966 0.9999257730236993 139.74315115301317
0.9999463654625629 0.0005568650851167029 0.010341958487479768 -0.5231998445233653 -0.0005960325553163864 0.9999926609755777 0.0037845396513292683 -2.674488438061301 -0.010339775980353905 -0.003790500879957984 0.9999393587261628 141.09481040782904
0.999957788264909 -0.00018986831077247128 0.00918616599116353 -0.5167948634616439 0.0001599673604269665 0.9999946876456324 0.0032556243719037508 -2.6948359553260963 -0.009186736104592686 -0.003254017516135664 0.9999525064938909 142.46897864391903
0.9999661494261278 -2.19667030032112e-05 0.008227972183941838 -0.5111205427521778 1.1972029475299656e-06 0.999996814070989 0.0025242515662639853 -2.718850114021479 -0.008228002112971528 -0.0025241563113828224 0.9999629636190033 143.84886196386572
0.9999726999612685 -0.0020534964433477822 0.007098062708190194 -0.5035964946961354 0.0020506479103007316 0.9999978139469161 0.00040858464786234356 -2.743408165772056 -0.00709888681802171 -0.0003940178664413709 0.9999747249552392 145.13137785009076
0.9999606506676203 -0.006356976017174281 0.006187567072564328 -0.5079668052901503 0.0063597755500750235 0.9999796827561264 -0.00043280738251024457 -2.78050783434934 -0.006184690534699678 0.0004721419088166754 0.9999807631543298 146.4446782216327
0.9999122910865595 -0.012213471241501371 0.0051226233615281926 -0.49932194050770506 0.012204654252111119 0.9999239906652909 0.0017490843637666274 -2.8089065739999315 -0.005143596818332954 -0.0016864111261926064 0.9999853496046397 147.84839759972982
0.9997322031421064 -0.02287211638456725 0.0035197017471621434 -0.4861766241515626 0.022858598364102593 0.9997313542698822 0.003834549064470434 -2.8238683343899327 -0.003606460746783605 -0.003753066789222542 0.9999864538716998 149.20333561489426
0.9996419614848455 -0.026651929212560467 0.0023713937831907153 -0.47110214194251177 0.026650414288865686 0.999644590849847 0.0006688837465832332 -2.84971746680199 -0.0023883782096795368 -0.0006054456232840538 0.9999969645364113 150.59873735556144
0.9996903994384918 -0.02470698993451475 0.002944473350508651 -0.47008043113218756 0.024715185284727208 0.9996906687823135 -0.0027796340406755866 -2.8858549458750007 -0.0028748863860884218 0.0028515467462775224 0.9999918018191477 151.9485228544897
0.9997971221488607 -0.019768503395890202 0.0038627487427467227 -0.4796572078832583 0.019789464720166815 0.9997892305610478 -0.005465485650564128 -2.9183833050907526 -0.003753890441985936 0.005540818681931781 0.9999776035643083 153.32910262569902
0.9997779510777052 -0.020546224234478595 0.0046798739273246435 -0.48487510946308043 0.02056963422896082 0.999775869839583 -0.005010012790717322 -2.954660192973881 -0.004575888569527193 0.005105163737760511 0.9999764989946688 154.69854603887367
0.9997091366526958 -0.023557604600769708 0.005165400916926984 -0.48513100622760486 0.023568901825566185 0.9997199309679002 -0.0021369347304200374 -2.9788577141562804 -0.005113613616831131 0.00225805606821686 0.9999843759443268 156.0054672575643
0.9994886422888957 -0.031511545070333914 0.005429222369446016 -0.47991316710661003 0.03150646788643988 0.9995030290267386 0.0010185581265163253 -2.9969456826566594 -0.005458621001931692 -0.0008469816468914924 0.9999847429201748 157.28993629193084
0.9994232014782863 -0.03350342303128263 0.005548421374983595 -0.4627797725127969 0.033490333951933446 0.9994360731623395 0.002435818448243131 -3.030966352906754 -0.00562690119816142 -0.002248595001135067 0.9999816407304034 158.64570518527793
0.9993258293992964 -0.036311396179771714 0.0054193341233430845 -0.4598076447936295 0.036298149110014 0.9993378188572679 0.0025235290366373135 -3.0578868829414194 -0.005507378865672436 -0.002325115963053298 0.9999821311445112 159.98717616544647
0.9994195334290619 -0.03345411735461502 0.006435698931079243 -0.4591371742714797 0.03343610481114633 0.9994366881784722 0.002886734410227202 -3.077151168677071 -0.00652864732438966 -0.0026698740751433486 0.9999751239558986 161.36664808624266
0.9994677600178856 -0.031709983714804504 0.007659870159355871 -0.4625675044342027 0.03169290756135918 0.9994949126120201 0.002340787521022721 -3.097479377158209 -0.0077302282387527645 -0.002096778114212548 0.9999679230287708 162.7238668520638
0.9995284614199504 -0.0294932362264725 0.008544227695380439 -0.4624537249574763 0.0294897973718929 0.9995649416702378 0.0005284345403660147 -3.112258098004409 -0.008556096423188672 -0.0002762177955852769 0.9999633577840976 164.08045033603602
0.9996152633041547 -0.02610262089888959 0.009379688525983077 -0.4617624006903547 0.02610987427833554 0.9996588668308709 -0.0006514854851172051 -3.139866980962089 -0.00935948411412811 0.0008961373681708646 0.9999557975170278 165.45249799503858
0.9996363328227783 -0.025161485607007983 0.009700605626269926 -0.45741432544771293 0.02515587920309774 0.9996832959196593 0.0006997147461072293 -3.162336823325844 -0.009715140086094864 -0.0004554330013142884 0.99995270319503 166.81946310229543
0.9996476487555045 -0.024834274385256656 0.009372148139204268 -0.4516434406426014 0.024829028789742424 0.9996914837011276 0.0006758285814798727 -3.183944131085087 -0.009386041182100149 -0.000442889098563809 0.999955852062132 168.20185759498852
0.9997385164498077 -0.020986227390329307 0.009081684823036817 -0.4547497827514954 0.02100393000484831 0.9997776664065214 -0.0018581371357012017 -3.22038949655563 -0.009040671135053208 0.0020484023995406405 0.9999570342299403 169.56062602774261
0.9998115915524418 -0.01740481315436585 0.008593828719614317 -0.44926752342782483 0.01744941645829106 0.9998345220405143 -0.005142605628761944 -3.2513650422335996 -0.00850290126186342 0.005291594139250873 0.9999498485897168 170.92744072583196
0.9999151076808172 -0.009845915717279805 0.008534365355001718 -0.4506608914379106 0.009897005497830371 0.9999332325913035 -0.005964866464267808 -3.2982957278681933 -0.008475066685511495 0.006048824887412901 0.9999457910083118 172.33910611657026
0.9999412775294049 -0.006403081822016508 0.008743114475998565 -0.45693229897669974 0.006449538521350861 0.9999651791383554 -0.005295654441874953 -3.3273698582657194 -0.008708902264413112 0.005351732639043171 0.9999477556213133 173.6916088338937
0.9999495269623617 -0.003543903226653322 0.009401291908713043 -0.45596570906250583 0.003575499533090982 0.9999880094775866 -0.003346146943132864 -3.3606817602083576 -0.009389321557344196 0.003379592444729168 0.9999502082546381 175.06574981749947
0.9999531559457507 -0.002181166540676821 0.009430187528520343 -0.45928564284108847 0.00219087025077022 0.9999970810794087 -0.0010187821483533044 -3.3951791310700266 -0.009427938666450421 0.0010393947716133341 0.9999550158002025 176.43270461220868
0.9999493015317578 -0.005351917147296201 0.008529440941218769 -0.4517567259142844 0.005351648597410656 0.9999856783457418 5.4349200198070636e-05 -3.4200896223209094 -0.008529610378372071 -8.699863258609479e-06 0.9999636221704242 177.83317412572853
0.9999458551489794 -0.007705420492536391 0.006993803020117985 -0.44974641082561356 0.007704149327097318 0.9999703008078122 0.0002087504744517979 -3.4436995159001826 -0.00699520441048344 -0.000154857860317992 0.999975521264267 179.21163222900296
0.9999578846952628 -0.007724564819634306 0.004955799465813753 -0.4480566212781838 0.007745411089738715 0.9999611792343038 -0.004201026403574393 -3.4749814168427813 -0.004923156396077112 0.004239234273680963 0.9999788954863987 180.60657884242002
0.9999812985099076 -0.005015151609682567 0.0035001279447453076 -0.45461389528207574 0.005043838360447072 0.9999533654303991 -0.008235693787671472 -3.514607968759733 -0.0034586617635053406 0.008253194016840873 0.9999599604200738 182.00965219221393
0.9999914767502506 -0.0027952524938979952 0.0030385849115833145 -0.4713783137921104 0.0028220596605896212 0.9999568203848418 -0.008854001391754882 -3.5395775332257795 -0.003013704798915442 0.008862501174063023 0.999956185866597 183.39074385322334
0.9999931593368137 0.0025024735926467033 0.0027237666126914794 -0.4800487968871514 -0.0024809716619463114 0.9999659596025608 -0.007869207078911806 -3.58448835317915 -0.0027433666159268986 0.007862395815818138 0.9999653277330534 184.75534512503498
0.9999793863445218 0.005722879036547377 0.0029112770170903234 -0.49081815472917395 -0.005708441931214189 0.9999714872168288 -0.0049435266473055565 -3.6275823042260096 -0.0029394854662981402 0.004926805982467815 0.9999835428666166 186.1839511563568
0.9999830614441028 0.004818147526771775 0.003265313773694876 -0.4945010536252964 -0.004809840458577876 0.9999851884345597 -0.002547225122117235 -3.655665579183386 -0.003277538595065256 0.002531476386375734 0.9999914246451068 187.6036432483485
0.9999862772326542 0.0039874931931644115 0.0033978288828431687 -0.5055424747060924 -0.003979980504803788 0.9999896267086615 -0.0022150029283668896 -3.68740604048391 -0.003406626235217238 0.0022014492827935103 0.9999917742233302 188.97476790646985
0.9999916707798536 0.0021812661184594196 0.0034497028066583875 -0.5057286932067862 -0.00217565502191027 0.9999963056173631 -0.0016295032591482517 -3.711178302816155 -0.0034532447356782556 0.0016219843565304845 0.9999927221050685 190.39377966425565
0.9999938142976688 -0.001047968235211411 0.0033575489275474665 -0.5006493921498638 0.0010505672424435987 0.9999991498610659 -0.0007723885469983337 -3.743006881038478 -0.0033567369187333515 0.000775911118978021 0.9999940651198472 191.79067113273325
0.9999890208494935 -0.0028294869298075027 0.0037352634195226423 -0.5060067428489693 0.0028321396066102993 0.9999957409521162 -0.0007050240203963692 -3.7748999862688515 -0.003733252970483947 0.0007155950866116237 0.9999927753445569 193.17712325111546
0.9999721866786291 -0.0061967212877292715 0.0041504851454657755 -0.5073573014457076 0.0061969119488348105 0.9999807984091065 -3.298168264440591e-05 -3.7984070098181033 -0.004150201421592884 5.870096558343511e-05 0.9999913861516261 194.62635705533017
0.9999469008972339 -0.009298085590828085 0.004443085080524944 -0.5021402873776452 0.009290699271740338 0.9999554287110538 0.0016803239416911064 -3.8350924602636214 -0.004458511217112902 -0.0016389553722341262 0.9999887176854197 196.07652123744674
0.9998939752501197 -0.01377489148173126 0.004721296289584963 -0.49621931768983807 0.013766678849737857 0.9999036721035417 0.001767783050969998 -3.859026630312209 -0.004745192915355287 -0.001702599071596603 0.9999872920670085 197.47515308211646
0.9999160191737204 -0.011934635271984307 0.005051642948900471 -0.4960875038403484 0.011945794314741251 0.9999262603440665 -0.002184459312317624 -3.885466514459918 -0.005025200142965262 0.0022446218047019154 0.9999848544006708 198.8771053274834
0.9999776085132281 -0.003903387374117488 0.005435627872387526 -0.5094560540826966 0.003943251715523368 0.9999652682598236 -0.0073425495872876155 -3.917587899048899 -0.005406778730876683 0.00736381937814518 0.9999582695804123 200.29706392440502
0.9999732413135987 0.0029198942499862133 0.00670752379833678 -0.5216634169020233 -0.002865462329007787 0.9999630045092122 -0.00811040958153058 -3.9425037129278264 -0.006730957764123461 0.008090972563571976 0.9999446136483569 201.73927213737613
0.9999115174909334 0.010658886617273221 0.007958976515386414 -0.5418956880993696 -0.010623918086593694 0.9999337820430607 -0.00442311184989657 -3.97435593297135 -0.008005595616674601 0.004338165051165517 0.999958544518627 203.1865583143774
0.9998794742492418 0.012704271667863254 0.008924036767882823 -0.5461364561630211 -0.012687519814130356 0.9999176449558927 -0.0019313669072364387 -4.011242990523889 -0.008947839196761143 0.0018179102678577592 0.999958314815612 204.62296737094877
0.9999056886853379 0.010933899972541142 0.008310448088153764 -0.5377004385826943 -0.010921258665414118 0.9999391364732938 -0.0015650827127415615 -4.038013344271117 -0.008327055448399897 0.0014741745819958976 0.9999642428356297 206.0593576066649
0.9999406540419146 0.008228195518882304 0.007140390855538808 -0.5357704526881159 -0.008217096082056244 0.9999649869400689 -0.0015824802868544393 -4.0701716799142496 -0.00715316241208044 0.001523713124874803 0.9999732549218745 207.4947899586326
0.9999631067831272 0.006144366792796 0.0060026513347741384 -0.5283474586289012 -0.006132560713000848 0.9999792288858456 -0.0019833074892992826 -4.107556071118957 -0.006014713331971883 0.0019464227335099528 0.9999800171282199 208.90937530403096
0.999962447373326 0.006517278715297989 0.005712172434432055 -0.5325921637832194 -0.006502467830243981 0.9999754586493611 -0.002607685694776372 -4.132326112061212 -0.00572902775114623 0.0025704446021677417 0.999980285330357 210.38339111282488
0.9999600162610541 0.0071222931300683415 0.005407292361898396 -0.5287329023698674 -0.007109320215474081 0.9999718130544988 -0.0024146796174442367 -4.165963594319978 -0.005424338463690619 0.0023761409424186107 0.9999824650964861 211.82048871740514
0.9999429141125358 0.009129416490696032 0.005551779561553495 -0.5344752789998012 -0.009119461744657557 0.9999567681124565 -0.001815859029357165 -4.197809722866663 -0.005568117753583514 0.0017651261604362742 0.9999829400486056 213.31369986409038
0.9999537018566923 0.008090027133718146 0.005210143217210058 -0.5386647955926145 -0.008080369278523748 0.9999656007511888 -0.0018721549681843697 -4.2346672313913825 -0.0052251102202632484 0.0018299684438211155 0.9999846745989769 214.78788485109638
0.9999536289390829 0.008349497258044793 0.004798526272442399 -0.5368882890518236 -0.008334902068587155 0.9999606013874645 -0.003053702451301349 -4.262669521996013 -0.004823834508053923 0.003013565658252192 0.9999838243876938 216.2430813691309
0.9999644730886705 0.007135637117604083 0.004487230067215449 -0.5420125781228431 -0.007119858599867548 0.99996844890276 -0.003522616593906379 -4.296370654721187 -0.004512224988527621 0.003490543069640289 0.9999837278322771 217.71879152143364
0.9999673160590375 0.007016169965752524 0.004017482155773585 -0.5405457895971759 -0.007002638002137299 0.9999697938646752 -0.0033726004939170144 -4.325010774877365 -0.0040410238861347215 0.0033443573546562723 0.9999862426027766 219.16002199867424
0.9999609470866356 0.007935490178476945 0.0038900237665391883 -0.547576488786113 -0.007920191590840875 0.9999609016149169 -0.003932661169668504 -4.3627940280007325 -0.003921079602033618 0.003901697928283284 0.9999847008245296 220.65482270229884
0.9999641967285798 0.007619650756256978 0.0036805124157886513 -0.5443302640468857 -0.00760423830467957 0.9999623353460716 -0.004183714309950285 -4.396948357470684 -0.003712252550062819 0.004155577104888808 0.9999844750570953 222.0697622059037
