1.0 -3.469446951953614e-18 0.0 -1.7787691892340307e-19 0.0 0.9999999999999999 -3.5575383784680614e-19 0.0 2.168404344971009e-19 -2.371692252312041e-19 1.0 0.0
0.9999999398638733 -7.08535559765227e-05 -0.00033948727388392647 0.05569069961672338 7.123806521749064e-05 0.9999993559314045 0.0011327230995349811 -0.026761272848715878 0.0003394068273799933 -0.0011327472383819146 0.9999993008434594 1.3159701006825606
0.9999991075624272 -0.0005587901877283866 0.0012135198795759842 0.11108300046058615 0.0005566348298350308 0.9999982684086526 0.0017757635472657302 -0.04833477912174309 -0.0012145101586562628 -0.0017750865086460634 0.9999976870130872 2.5650198957187875
0.9999986623007548 -0.0013948926005903847 -0.0008542084687483166 0.0309335926804201 0.0013959094051608362 0.9999983167102429 0.0011908027886351794 -0.07750670274860769 0.0008525460619807743 -0.001191993616454274 0.9999989261584175 3.936471656072644
0.9999980007248621 -0.001974843373824987 -0.0003139146378244458 0.024360602213447605 0.0019752001500261615 0.999997399592377 0.0011399077651435391 -0.09591766311440296 0.00031166270962217145 -0.001140525551615117 0.9999993010339995 5.2538339498224085
0.999997003308076 -0.002389836662711288 -0.0005310915887575584 0.028111526141004418 0.0023905548396384365 0.999996223958748 0.0013554748501409647 -0.11010818323930127 0.000527850265716139 -0.001356740417109094 0.9999989403147336 6.569994980807071
0.9999938877719763 -0.0034730931541713216 -0.0004025504576203789 0.01729672727753883 0.003474006318300981 0.9999913439713063 0.0022898159944461823 -0.1481867459232048 0.00039459426432554524 -0.0022912005042230506 0.9999972973446718 7.906885329968243
0.999993524747818 -0.0035924196172218426 -0.00021210471628355662 -0.0030080717122493595 0.003592945187416454 0.9999903432465396 0.0025306428200262197 -0.16427217404314806 0.00020301155659095075 -0.002531388561403313 0.9999967754243223 9.221472658219955
0.9999943094384468 -0.003282909556227044 -0.0007769163231772112 -0.003372981305410718 0.0032843875458051387 0.9999927851202748 0.0019085336985003932 -0.18626058842198082 0.0007706452412076061 -0.0019110745679484526 0.9999978769484817 10.555778904496705
0.9999997355193283 -0.00035545662653736765 -0.0006345166859591279 -0.02051638733262463 0.0003549870232376698 0.9999996631246709 -0.0007400907221076027 -0.21192297415090156 0.0006347795954232407 0.0007398652955164278 0.9999995248274499 11.876206075205962
0.9999976227631626 0.0021165276364271263 -0.0005241891138211524 -0.01691147536576506 -0.00211730498888983 0.9999966535043519 -0.0014866080787478086 -0.2391072278696953 0.0005210409552207312 0.0014877144402318406 0.9999987576105929 13.211461811722524
0.9999838423187561 0.005672154575165626 -0.0003764996522051961 -0.045502322899125584 -0.005672792123770852 0.9999824416053956 -0.0017134532201841534 -0.2578954929795771 0.00036677409918088686 0.001715561368185674 0.9999984611619912 14.55231057907913
0.999982430978374 0.0059276892886887846 1.4912301315614341e-05 -0.06707911488597668 -0.0059276736370671886 0.9999820165647056 -0.0009106286157426075 -0.28912316545143824 -2.0309959477249426e-05 0.0009105242350565045 0.9999995852664065 15.903446311618834
0.999989437664638 0.004591158950221311 0.0002140330364610761 -0.05921010051660552 -0.004591505341668649 0.9999881049941147 0.001645587289716742 -0.3203715949969609 -0.00020647535413532156 -0.0016465526781027841 0.9999986231151367 17.248510294735006
0.9999999304999999 -0.00024350162450239958 0.0002823256491293251 -0.06881016181615297 0.00024244854413795446 0.9999930359784646 0.003724139109985943 -0.34597149141090316 -0.0002832305378242751 -0.0037240704746987685 0.9999930255156332 18.61143147071246
0.9999976337803541 -0.0021709157501655675 -0.00013986246906911356 -0.060722423070209385 0.0021711664690413704 0.9999959921345366 0.0018170711308631133 -0.38187081417360735 0.00013591721329416092 -0.001817370530245187 0.9999983393443149 19.951627298497186
0.9999958366508856 -0.0028813542939638438 0.0001564695390175372 -0.07199363223484248 0.0028814453697376067 0.9999956782185149 -0.0005837917366403684 -0.38381866198757564 -0.00015478676532171406 0.0005842401783870938 0.9999998173520654 21.299910795627003
0.9999995186897407 -0.0009053513375279366 0.0003781021419221658 -0.08428865057174358 0.0009060064696484165 0.999998082775608 -0.001735971237201592 -0.4393482921237991 -0.0003765297863063668 0.0017363129998691836 0.9999984217196285 22.65465143796462
0.9999982481075421 0.0014689137446051402 0.0011602040292970012 -0.09400804740345517 -0.0014682038782764207 0.9999987345844668 -0.0006125434210479477 -0.43759406154581826 -0.0011611024333251698 0.0006108389437419476 0.9999991393572228 24.02034931224783
0.9999968914631142 0.0016287314457762202 0.0018879347850593656 -0.10147972113684864 -0.0016353182818882412 0.9999925637876653 0.0034925786466004824 -0.46007767930852417 -0.0018822324296401188 -0.003495655232673257 0.9999921187657905 25.415790017220903
0.9999979066053101 5.224761630038752e-05 0.00204549697559898 -0.09979608805504524 -6.15537338037736e-05 0.9999896478748459 0.004549764098998208 -0.4858994558598637 -0.0020452382551780345 -0.004549880570574486 0.9999875577153461 26.786193330042973
0.9999891275988673 -0.004189759673740131 0.002047097065460786 -0.09999539636452902 0.00418203400566078 0.9999841716500516 0.0037639121268997506 -0.5171909554331563 -0.0020628347215232747 -0.003755310243726448 0.9999908211358035 28.152604539584992
0.9999887824872512 -0.004333675333838301 0.001911587356397478 -0.1113695204998417 0.004331275048285161 0.9999898284964931 0.0012581549919735515 -0.5294499595130321 -0.0019170205086222485 -0.0012498612877414154 0.9999973814349224 29.511932062447784
0.9999873227309332 -0.004307354511741629 0.0026078887550960257 -0.1137329501470797 0.0043091646145354615 0.9999904783069008 -0.0006887598490563455 -0.5776216136396998 -0.002604897411142697 0.0006999889586181367 0.9999963622541025 30.901623315025976
0.9999932251003024 -0.0020429890381265976 0.0030620183274037756 -0.12636231684151267 0.002048842680999481 0.9999960775682787 -0.001909735280835707 -0.5802022880566223 -0.003058105008456452 0.001915995978226311 0.9999934884533496 32.287158492026514
0.9999934887692744 -0.00021865116844153182 0.0036020293576694666 -0.1276490964649673 0.0002334868150987695 0.9999914905216494 -0.004118782349297676 -0.627299838988689 -0.003601098437370139 0.004119596641612014 0.9999850303924248 33.667697903582116
0.9999924124580283 0.0003988389780428831 0.0038750429477529755 -0.14152372509905153 -0.000383549970206171 0.9999921431019626 -0.003945456200046368 -0.6425018979630558 -0.0038765864344982273 0.003943940071707967 0.9999847085878161 35.058498152580206
0.9999945977009552 9.535740460263516e-05 0.003285647551537204 -0.13836337486764555 -8.768116990332149e-05 0.9999972668635818 -0.0023363599316463864 -0.6855767977013908 -0.0032858616402241716 0.002336059269154215 0.9999918729350044 36.45478712926873
0.9999940982250585 0.0012786299820841066 0.0031888277245685067 -0.15365098214583045 -0.0012746836836850751 0.9999984196700324 -0.0012392906290938884 -0.7050051578612737 -0.0031904075500296175 0.0012352185943721563 0.9999941477481424 37.854634269227056
0.9999906554259097 0.003376755118138509 0.0026993671505504656 -0.15071628262519193 -0.003374490374307356 0.9999939509104288 -0.0008431865740774165 -0.7294487364967596 -0.0027021982856763353 0.00083406972244444 0.9999960012162584 39.25131501686708
0.9999775391654702 0.005838392138193621 0.0032915549854578984 -0.16759457823005194 -0.005835950528106225 0.9999826886868691 -0.0007510125268015241 -0.7642670797791176 -0.003295882989456406 0.0007317863190122894 0.9999943008037047 40.646936207114706
0.9999599460511692 0.008338801814387646 0.00325125570314455 -0.17702289949498556 -0.00833725122262492 0.9999651243007535 -0.0004903492322504116 -0.7919020783515176 -0.0032552315144027634 0.0004632230616338694 0.9999945944294089 42.07478916826045
0.9999502983464381 0.009523781751143488 0.002949305075155148 -0.1812209987766582 -0.009522434229151229 0.9999545497700474 -0.0004708099106500662 -0.8215219484987613 -0.0029536551699729245 0.00044270195085386514 0.9999955399561944 43.462854750038424
0.9999592806591266 0.00866182367729627 0.002531761963282777 -0.19182410604538652 -0.008660262451481276 0.9999623025416824 -0.0006271912366165642 -0.8478141112029295 -0.00253709935764934 0.0006052399820958091 0.9999965983982149 44.88970112397789
0.9999648188601585 0.008222607967647134 0.0016582354244022714 -0.18392996427892278 -0.008220690439577892 0.9999655365002266 -0.0011602061941161344 -0.8829665025444335 -0.0016677183389004003 0.0011465335542971517 0.9999979520848564 46.28839358583561
0.9999694604203009 0.007773255028818437 0.0008091462204933787 -0.19801508969997572 -0.007772676953257877 0.9999695361380403 -0.0007157552041274682 -0.914005272505699 -0.0008146853884413109 0.0007094441217770305 0.9999994164875697 47.71945358792985
0.9999681570877245 0.007976719591864044 -0.00023819668076133487 -0.20241077871590696 -0.00797670731523257 0.9999681840814216 5.461142435243601e-05 -0.9409263958582684 0.00023862474202789507 -5.27096675020306e-05 0.99999997014015 49.11805810551592
0.9999608592155602 0.008762314026539639 -0.001225507462856627 -0.2129247017639746 -0.008762247363118559 0.9999616089701334 6.021822994837852e-05 -0.9698598458325133 0.0012259881684876155 -4.94776821086301e-05 0.999999247253207 50.545358831571285
0.9999583949832621 0.008811470299777047 -0.002359294429116229 -0.2236214647795814 -0.008811144887443556 0.9999611700883473 0.0001485283254143191 -0.9931702002159133 0.0023605117698707622 -0.0001277340720308279 0.9999972058322435 51.99627192798943
0.9999503919466763 0.009334310071735965 -0.0034762442371865246 -0.2370859104445867 -0.009330389942603904 0.9999558184305427 0.0011423795566751274 -1.0277224014621789 0.003486754271226467 -0.0011098882030422946 0.9999933053272786 53.406769547359026
0.9999588093608194 0.008017870324854038 -0.004253623384200197 -0.2538833015703364 -0.008009793377800101 0.9999660920000838 0.0019126099872758308 -1.0567342738958236 0.004268814572958727 -0.00187846060787115 0.9999891242490084 54.858744882750706
0.9999754616914232 0.005114257938452381 -0.0047875214340837285 -0.25838844303817166 -0.005102135241890134 0.9999837556124845 0.0025410109452829238 -1.070089886043777 0.004800439456515323 -0.0025165220687637995 0.9999853113458638 56.255072163618294
0.9999807017727718 0.0034717771780354836 -0.00515197328217978 -0.28015589432544075 -0.0034614447349505424 0.9999919828095777 0.002013137591775029 -1.10140205361038 0.0051589215803394765 -0.0019952655171776726 0.9999847021100658 57.68581658813484
0.9999844030149255 0.0022810807509130848 -0.005098076445096978 -0.29947184033207913 -0.0022703488755157 0.9999951968914237 0.002109908461336528 -1.1270532266095272 0.005102865262847115 -0.0020983011882562256 0.9999847788384754 59.13289159034971
0.9999861494064037 0.0019151922715750025 -0.004902348521464761 -0.30265990622331346 -0.0019025262620448648 0.9999948437788695 0.0025870470305840417 -1.1621076314354788 0.004907278353023227 -0.0025776844079033025 0.9999846369681427 60.535958885900826
0.9999908734350941 -7.801134600401993e-06 -0.004272350358768142 -0.32289740739515604 2.2645187330267574e-05 0.9999939639694044 0.003474408037191677 -1.1847326081841703 0.0042722978302736124 -0.003474473147905965 0.9999848376432563 61.99271223973134
0.9999887727712152 -0.0025981727741783544 -0.003962805338232317 -0.33217888360708425 0.002610234646235887 0.9999919676415662 0.003041598765869019 -1.206026389683738 0.003954871245333167 -0.003051908530314684 0.9999875223500283 63.390564153342794
0.999988762296775 -0.003069349993266973 -0.0036130829675590516 -0.34286345456813117 0.0030764397412169457 0.9999933503280057 0.001958268001140121 -1.2412168018372554 0.003607048638503361 -0.0019693614661357543 0.9999915553756 64.8068703910034
0.9999915608642592 -0.002999743978963399 -0.002807086684923427 -0.35414179876314533 0.0030051823803136767 0.9999936121022268 0.0019351043822045419 -1.272298267230486 0.002801264174337289 -0.001943523897330577 0.9999941878027013 66.26478347577209
0.9999969605648693 -0.0011734049924496202 -0.0021684049089731377 -0.3685737387109547 0.0011771864887142446 0.9999977873588197 0.0017434182851712562 -1.3016105891567684 0.0021663545599253874 -0.0017459656384020813 0.9999961292504717 67.62293487660091
0.9999977835645293 0.0014411087724739953 -0.0015349483721532565 -0.38541191488499915 -0.00143667929007444 0.9999948120725977 0.0028830162018031826 -1.328750177875273 0.0015390952812028718 -0.002880804642381521 0.999994666062497 69.09471795354334
0.9999889081939399 0.004665725155125007 -0.0006438073039246683 -0.4022091094289166 -0.0046630823646743435 0.999980936181278 0.004047585079341493 -1.3544162948210083 0.0006626800090012593 -0.004044538141656008 0.9999916012489061 70.452684754125
0.9999607460745096 0.008856740241640139 0.0002538568261199886 -0.42122476717374363 -0.008857863108223838 0.9999491207770111 0.004826399979385043 -1.3850907916773747 -0.00021109775364971267 -0.004828459255033497 0.999988320641672 71.90757533602923
0.9999242730660953 0.012285773664331291 0.0007126499718568182 -0.4306860344240293 -0.012288694904149636 0.9999154607961851 0.004249619639325358 -1.3979411920892026 -0.0006603799130688887 -0.004258055459535879 0.999990716387921 73.26586676574289
0.9998681684764811 0.016172549057143597 0.0014471638646967042 -0.44542098819557596 -0.016177792563529365 0.9998623318781168 0.0036873244301622457 -1.4250081286180134 -0.0013873313163481565 -0.0037102503257627397 0.9999921546457959 74.66221814293824
0.9998433148913999 0.017550226671647608 0.0023097976780429813 -0.46124997639416854 -0.01755858804788731 0.9998391724581505 0.0036503769203896823 -1.4480557605690234 -0.0022453614443916116 -0.003690361830943545 0.9999906697461142 76.11272442437942
0.9998349037152187 0.017981994018790068 0.002610202499417005 -0.46527400619979403 -0.017992291223366152 0.9998302194280891 0.003976156964770718 -1.4763872266614977 -0.002538260319313149 -0.0040224641305432384 0.9999886884432111 77.47986573446597
0.9998478190638295 0.017240704974007724 0.0026639747482857306 -0.4677894475172464 -0.01725140753087075 0.9998429900795194 0.004047736828157101 -1.5129545678572747 -0.0025937708582770315 -0.004093078245583662 0.9999882594614162 78.89949734629921
0.9998648117868193 0.01627663164810937 0.0023301013175919543 -0.47194362406483453 -0.01628323640262016 0.9998633753824749 0.002843734179576988 -1.532706252438925 -0.0022834967462751488 -0.002881291398232196 0.9999932418771512 80.26297451619685
0.9998699562505794 0.015982682897794278 0.0021504406964109705 -0.4815568344618609 -0.0159887728011056 0.9998681247499415 0.0028446959978245465 -1.5695192539153258 -0.00210469140893852 -0.002878709037878756 0.9999936416328068 81.65359910468275
0.9998821961765536 0.015253367414446373 0.0017112901982721557 -0.4889481546949095 -0.01525879322205087 0.9998784474541549 0.003203058738659926 -1.5868902360696926 -0.0016622248935904164 -0.0032287937033437146 0.9999934059272318 83.05129143895346
0.9998822404088109 0.015273241389587994 0.0014944479376253047 -0.505185952341969 -0.015276745046079645 0.9998805159308698 0.0023611357675148285 -1.6138394435643872 -0.0014582073006089134 -0.002383688078755983 0.9999960958228721 84.41289728490825
0.9998845290828761 0.01517805299768005 0.0007450968926326212 -0.5121424858848838 -0.015180052242871485 0.9998809842790608 0.0027537846845744054 -1.6373699273790245 -0.0007032111826192555 -0.0027647773778362015 0.9999959307415054 85.82105756102617
0.9998907820226224 0.014771061175127956 -0.0004896314991875189 -0.5203168898836097 -0.014769328197820853 0.9998852362848397 0.003373609581414578 -1.6698873204883329 0.0005394071481706275 -0.0033660096723901016 0.9999941894932917 87.17866817904505
0.9999082140386132 0.013461189903543868 -0.0015361732632774437 -0.5291070412689227 -0.013453949071693904 0.9998987678619278 0.004630908663997232 -1.697604906460664 0.0015983554321031353 -0.00460981611721443 0.999988097358661 88.56220162926822
0.9999348900035039 0.011083919293749573 -0.0027133846020778586 -0.5336313864557901 -0.011070145577401446 0.9999260228035107 0.005039922810656834 -1.7245591906482571 0.002769046208544804 -0.005009557208227446 0.999983618228696 89.94346979174169
0.9999449138279919 0.009847336492075774 -0.003633076459286501 -0.5467009167592376 -0.00982769893276006 0.9999372113271499 0.005384213762675288 -1.7515323869547834 0.0036858688231034267 -0.005348212501260914 0.9999789052785917 91.30784674983802
0.9999530119441158 0.008848249625940559 -0.003960095401781362 -0.5610083787827203 -0.00882952346193626 0.999949871662545 0.004721620037105003 -1.7749970917404778 0.004001675302922182 -0.004686432524497889 0.9999810117964943 92.6833684002706
0.9999651535374987 0.007043652755756317 -0.00448091992244295 -0.571160676062938 -0.0070235954237528805 0.9999653150486556 0.004476362423379286 -1.802437638146368 0.004512294828951616 -0.004444734365992071 0.999979941569552 94.04161151794892
0.9999673284780791 0.006724310797349364 -0.004486156291822458 -0.5932372377544589 -0.006706758343025447 0.9999698404846008 0.003916315447935348 -1.8213870979695361 0.004512355897826111 -0.003886100015225576 0.9999822682829952 95.41192984028244
0.9999692522478256 0.0065043731525384185 -0.0043803729482148526 -0.6005153948688113 -0.00649075481763126 0.9999740796442154 0.003116112040926578 -1.8452645386390865 0.004400528136855405 -0.003087584370085789 0.999985550987551 96.76910227295811
0.9999615802294398 0.007714562177483467 -0.0041621594404073 -0.6225333101909873 -0.007704034013486431 0.9999670982433495 0.0025397453765600682 -1.8717988555227079 0.004181615876593304 -0.002507582440961033 0.999988112993011 98.09030423594314
0.9999476241023064 0.009483676280149683 -0.00384823439581478 -0.6412581478967077 -0.009473905776826247 0.9999518715571057 0.0025494508227372563 -1.8932668318653683 0.0038722276812516196 -0.0025128595428305727 0.9999893456419316 99.44195658655183
0.9999467722955765 0.009599479595904977 -0.0037818697172733316 -0.6479352529689122 -0.009584679882369232 0.9999464121976225 0.0039123733612790165 -1.9205618317888358 0.003819224128730622 -0.003875917190882091 0.9999851952908644 100.78098102635272
0.9999457565681837 0.009744425023524062 -0.0036783248173710204 -0.6710646816704875 -0.009725175615168481 0.9999391080569515 0.005215472956437022 -1.9442889973687625 0.0037289229409196833 -0.005179417809048694 0.9999796341791191 102.12087848971734
0.9999481802556548 0.009566567978748339 -0.0034810275299243213 -0.6832088019204505 -0.00955150083014927 0.9999450529253534 0.004319720181361471 -1.9712996934107552 0.003522161454930554 -0.004286247391897588 0.9999846111162852 103.46797237251327
0.9999486789891099 0.009553121485962789 -0.0033730150052883826 -0.6951576137925426 -0.009547317506469056 0.9999529219320323 0.0017328211524245969 -1.9945099644651947 0.00338941034844638 -0.0017005290206733791 0.9999928100266504 104.7961074497814
0.9999578116949259 0.008412651373027538 -0.0036881027780652246 -0.7155475536581006 -0.008411503683700486 0.9999645693062381 0.00032673566067212577 -2.0181624344270843 0.003690721130824594 -0.0002956994014190379 0.9999931455496305 106.12509006837743
0.9999694707980731 0.007108972264582026 -0.0032434494703446302 -0.7216131533557046 -0.007103955904923676 0.9999735565210532 0.0015556618185313426 -2.051548592358971 0.0032544231347884536 -0.0015325730416991575 0.9999935299571049 107.48114978182511
0.9999891698654001 0.0037370589981688554 -0.0027739015968098737 -0.7287722951490203 -0.003727761183308493 0.9999874418710216 0.00334961237828067 -2.0675111790230445 0.002786384698812917 -0.0033392357297726757 0.9999905427406102 108.80499939727896
0.9999951557278942 0.002504368915265287 -0.00184841810198118 -0.7456755559247936 -0.0024965591850500124 0.9999879984887536 0.004215456585333214 -2.1014688109958843 0.0018589531369564898 -0.004210821565748029 0.9999894065834125 110.15944378495207
0.9999969403342533 0.002087843712935014 -0.0013267346764252342 -0.7564420669934278 -0.0020837345063037457 0.9999930512335184 0.0030912033646411196 -2.124991321668867 0.001333179521800903 -0.0030884294073212945 0.999994342103475 111.46477454468037
0.9999942346016464 0.003347450294063404 -0.0005703796292000434 -0.7699031707892513 -0.003347122202456472 0.9999942327260072 0.0005755812469089148 -2.1483284318659974 0.0005723031178877837 -0.0005736688124687376 0.9999996716870577 112.79937732677558
0.9999791484340166 0.006431748092994018 0.0005790521193677334 -0.7707078316928846 -0.006430916215857153 0.9999783019685945 -0.0014279082405601567 -2.184180656867613 -0.0005882235524676759 0.0014241546543955945 0.9999988128870706 114.15717227233246
0.9999563644806236 0.009130163265066864 0.00197717876827989 -0.789255185040134 -0.00912636808361942 0.9999565098365423 -0.0019203805837152582 -2.2036867648486744 -0.0019946263394082604 0.001902252357827604 0.9999962014422034 115.4568307652472
0.9999446489859433 0.009922436791627876 0.003499170513904047 -0.8026518798973261 -0.009922599392771833 0.999950769391701 2.8926796663396534e-05 -2.233394219084507 -0.0034987115195495326 -6.364606875934196e-05 0.9999938774625405 116.82459801569632
0.9999418083234569 0.009877282532593847 0.004338114709904785 -0.8096776739757348 -0.009887245626682487 0.9999485182029455 0.0022810829952450117 -2.254232959593507 -0.004315360838163393 -0.002323842310749977 0.9999879886344243 118.12057850286443
0.9999412740915053 0.009465384959461818 0.0052777684997434345 -0.8086734459490827 -0.00948208697408421 0.9999500872835373 0.003148489932133323 -2.284635632384398 -0.005247703844212472 -0.0031983493601621445 0.9999811159020116 119.48762983071103
0.9999295762131675 0.010076978518265544 0.00626874001591165 -0.8100072760893591 -0.010090954573506151 0.9999466610352713 0.002201759024215156 -2.3094075528195956 -0.006246219096076774 -0.002264861586014516 0.9999779273279571 120.81183139776756
0.9998996712090539 0.011915542581580275 0.0076594607629138145 -0.806391919188559 -0.011930912148281084 0.9999268954436813 0.001963958231246017 -2.334924185252183 -0.007635499837841821 -0.0020551455865749765 0.9999687372675286 122.1196226546298
0.9998729792489552 0.013309839621309126 0.008767754036615937 -0.812286215136189 -0.013322213997109228 0.9999103381576977 0.001354360553019675 -2.353760674261663 -0.008748942320877523 -0.0014709944487417007 0.9999606453140496 123.48426409821725
0.9998506387164053 0.01410968472222233 0.00998083295213906 -0.8133557244633612 -0.01411594398121653 0.9999002100524916 0.0005568646977138351 -2.380680758623993 -0.00997198062304696 -0.000697670418968079 0.9999500351775921 124.81642425257218
0.999826705001405 0.014968832101723091 0.01106770072043528 -0.8059994203021996 -0.014965681040194887 0.9998879403839884 -0.00036756576394351336 -2.4072126032475762 -0.011071963445108317 0.00020186638932939143 0.9999386835545544 126.13653354848047
0.9998242202795306 0.014493961497190788 0.011893426402028022 -0.8024428291455794 -0.014487790183719724 0.999894863470235 -0.0006049617325806623 -2.4376843188864306 -0.01190094526748398 0.0004325459334089877 0.9999290876854504 127.47942038706603
0.9998165130161036 0.014158794663559654 0.01290227900895767 -0.7995919901797095 -0.01416136431623943 0.9998997170652191 0.0001077479495448588 -2.4658509152989607 -0.012899460640211571 -0.0002904420588230319 0.9999167563117184 128.8054489555791
0.9998158979422842 0.013365697980405745 0.013766928163922623 -0.7932752498390173 -0.013381343739682508 0.9999099198499775 0.0010449203446350455 -2.4951518585706713 -0.013751723109194995 -0.0012289479939146075 0.9999046853542848 130.1733536782321
0.9998323517450801 0.011670133324855402 0.0141094425482417 -0.7762117208315559 -0.01169104271316182 0.9999306769307268 0.0014003145243206608 -2.5155433472715116 -0.014092123771545177 -0.001565033887836135 0.9998994763034771 131.4998541442007
0.9998459794264102 0.010487462389455393 0.014072332360662375 -0.7651734123268445 -0.010511364167613502 0.9999434328060937 0.001625556910331249 -2.548415330081535 -0.014054489548293015 -0.0017732259827932452 0.9998996584600807 132.84489534353767
0.9998719932896295 0.007914986056812515 0.013905035733092649 -0.7576579926843161 -0.007950127071605135 0.9999653374986592 0.0024737213437470047 -2.5620549437286138 -0.013884975451633166 -0.0025839515375139024 0.9999002603493087 134.17597615800378
0.9998897736156229 0.006654599498260771 0.013272411843361483 -0.7399035601538009 -0.006686812567576841 0.9999748009006877 0.0023841381330079645 -2.595355439923802 -0.013256213024794742 -0.0024726255114355957 0.9999090753334909 135.51215332275322
0.999907204734374 0.006197450168522148 0.012131509603175362 -0.7336695679705032 -0.006220512732394576 0.9999789147673437 0.0018642034128573551 -2.6244577673666196 -0.012119701522758252 -0.001939494666661651 0.9999246727576991 136.86083783481502
0.9999300322109917 0.0040905276395819855 0.011099471383411037 -0.7259092178097133 -0.004122199740352116 0.9999874933262761 0.002832078315062066 -2.645000927945535 -0.01108774880625585 -0.002877634449681378 0.9999343883677049 138.1862783517142
0.9999449234823273 0.003158449977932412 0.010008706046622908 -0.7094808773756928 -0.0031911740100250404 0.9999896098121426 0.003255254427135224 -2.6741957800007716 -0.009998321338492655 -0.003287014720731964 0.9999446130153312 139.53699115352924
0.9999607474406986 0.001811491803165359 0.008673066300152155 -0.7127971792199488 -0.0018388908051556315 0.9999933412093723 0.003152145317694976 -2.6954162490612608 -0.008667299192619297 -0.003167970466566755 0.999957420034217 140.89871596333253
0.9999710736625821 0.0011962514027820002 0.007511379725223222 -0.7110815955592041 -0.001217336170093195 0.9999953303834317 0.0028030885677212264 -2.7170399365114837 -0.007507992083610602 -0.0028121514090931224 0.9999678604100704 142.21206509163792
0.9999791097790248 0.0005918758139852719 0.006436590241553452 -0.7064123151237132 -0.0006055229362936466 0.9999975726621237 0.002118492970623886 -2.733945566283801 -0.006435321275174451 -0.002122346254906021 0.9999770408766688 143.57148949016047
0.9999839654555002 -0.0008431564735405656 0.0055998148456420874 -0.6996027790451826 0.0008434251944610914 0.9999996432758179 -4.561641802662203e-05 -2.764376618408411 -0.005599774859484182 5.0338717708813684e-05 0.9999843198678696 144.91556479727652
0.9999819756263206 -0.003945850111792142 0.004525339765161746 -0.7117906057375576 0.0039506786399583355 0.9999916358212522 -0.0010584991809057254 -2.808929473181464 -0.0045211256179746515 0.001076358293184563 0.9999892003770148 146.22014891641052
0.9999053825945383 -0.013338439530097057 0.003363317372712973 -0.7049204955065844 0.01333289870862405 0.9999097271156243 0.0016647585889035506 -2.820855172772193 -0.003385219321915492 -0.001619758322873458 0.9999929583097896 147.60381026754874
0.9997861032658235 -0.020605694169952185 0.0017756950152543383 -0.6973119464214255 0.020599791802173462 0.9997824173279803 0.0032812456405345697 -2.849834713237371 -0.0018429211505056223 -0.003243964891865528 0.9999930401415373 148.92844856768872
0.9997408506863291 -0.022747842846608544 0.0008758536186228474 -0.6713896305735043 0.022747678689453654 0.9997412183485613 0.00019860934693222875 -2.8821986804172406 -0.0008801449704883017 -0.00017863422616688936 0.9999995967166119 150.22970982759327
0.9997542003472769 -0.02214973343153797 0.0009634326842338243 -0.6902156417547788 0.02215273225214464 0.9997494110264256 -0.0032204971596766635 -2.910753607336768 -0.000891858181348982 0.0032410483104371346 0.9999943500806939 151.62508140265052
0.99982906462177 -0.018363280537035374 0.0021520865255669247 -0.6964542139020413 0.018374953892357163 0.999815842434294 -0.005535546840496574 -2.9466811247644995 -0.0020500395794155538 0.005574145235963723 0.9999823629643202 152.94780944199982
0.999823224392246 -0.018578944214549392 0.00288839217452355 -0.7026761903430677 0.018594691524894534 0.9998118451428721 -0.005523744312867936 -2.976880176846224 -0.002785223610597626 0.005576476737487694 0.9999805725277421 154.31190301044285
0.9997492467595348 -0.02214797986028518 0.003303119774739304 -0.7078952276853216 0.022155889770585836 0.9997517019503854 -0.0023771814546918713 -3.0034724204334413 -0.003249650124491744 0.0024497689942360535 0.999991719166544 155.64524745946656
0.9995335015351596 -0.03032703919493583 0.003612477918280531 -0.708762740538599 0.03032532550383239 0.9995399416961788 0.0005287696020238854 -3.02489321946029 -0.0036268522880194025 -0.00041897334518736415 0.9999933351775064 156.97884581263435
0.9994799985350112 -0.03204230872569215 0.0036087352371333157 -0.6929720044880903 0.03203669009100309 0.9994854052728828 0.0016047269917424923 -3.061574656981612 -0.003658297664087021 -0.0014882806008021238 0.9999922009069968 158.3368471879688
0.9994326705088239 -0.03350092679169618 0.0034677095859044324 -0.6874221659766018 0.03349473624260144 0.9994372207689124 0.001828771102852126 -3.092644600457273 -0.0035270238517836855 -0.0017115835743803927 0.9999923152606457 159.6603728869392
0.9994642758321967 -0.032408474259952164 0.004566412297314825 -0.6901879001720352 0.032400117445594304 0.9994731861303503 0.0018927786571466085 -3.110906963520523 -0.0046253491032428795 -0.0017438123609661146 0.9999877825549324 161.02883498039063
0.999523538944502 -0.03031128138646875 0.005824200581455633 -0.6933638947528659 0.03030314602349407 0.9995396579532885 0.0014803816178606609 -3.125027787633927 -0.005866392213116873 -0.001303184670717198 0.9999819434100989 162.36988606135773
0.999612610106983 -0.026992581567239944 0.00678456031453649 -0.6981013886407641 0.026995348028458634 0.9996355091640643 -0.000316237971159073 -3.1527367529770793 -0.006773551895968314 0.0004992670666713608 0.9999769345942722 163.7199977646498
0.9996458377307236 -0.02553729247900128 0.007486374724752913 -0.700457752497476 0.025545904692421004 0.9996730915408473 -0.0010567892004273809 -3.1695022466865046 -0.007456940459838922 0.0012476611909668115 0.9999714182783874 165.0667347652659
0.999674825467978 -0.024297521052363893 0.0077378165113810215 -0.6989482604950494 0.02429774258558903 0.9997047641186313 6.559323235622216e-05 -3.198612836842861 -0.007737126435329215 0.00012243959795434715 0.9999700604899459 166.40975736954155
0.9997004213702914 -0.02327228734658585 0.007580775901000137 -0.6940420637438844 0.023273862875592265 0.9997291198275521 -0.00011946932185929378 -3.219116006655245 -0.007575942733418753 0.00029586750001157333 0.9999712583606283 167.7471286640353
0.9997759305420132 -0.019925376761009465 0.007146193610715595 -0.6938962495046015 0.01994313667157551 0.9997981811519197 -0.0024224488582212525 -3.257763562869914 -0.007096483768268438 0.002564423648840602 0.9999715314161091 169.12887767285412
0.9998581968612414 -0.015535564619318239 0.006498647350116002 -0.7022232476663475 0.015572308464158711 0.9998628258077276 -0.005642053460884434 -3.2938638835913383 -0.006410103962533801 0.005742452471415642 0.9999629667144653 170.54492711754946
0.9999211259386355 -0.010846975559627962 0.006331274687156542 -0.7048713474707226 0.010890614817930461 0.9999168940012179 -0.006899245588127559 -3.3190159456325286 -0.006255913105558198 0.006967653041254454 0.9999561567169472 171.89784158652162
0.9999548367346884 -0.006749560828809892 0.006690884397520123 -0.7071179743104696 0.006789425221401772 0.9999592304306831 -0.005953248996988032 -3.3573710828361953 -0.00665043036324415 0.00599840751691173 0.9999598946341614 173.24883011440122
0.9999674632379763 -0.0031456263007123408 0.007428156687545514 -0.7156079162901163 0.0031734964611036896 0.9999879588627746 -0.0037431330956825028 -3.3954630250807165 -0.007416293375767244 0.0037665846178950037 0.9999654051145918 174.61403498200272
0.9999705631366259 -0.001729052220459477 0.007475509881199346 -0.7168875904707306 0.0017409174529707128 0.9999972348443019 -0.0015809831418881674 -3.4275799280020673 -0.007472756240525771 0.0015939508871481514 0.9999708081878541 176.0395888823649
0.9999727441474989 -0.0033915240839381897 0.006558089484978341 -0.7158374661310923 0.003396000643502182 0.999994008078153 -0.0006715524690874029 -3.460237638462665 -0.0065557731573925495 0.0006938054630705518 0.9999782699968062 177.4695734465868
0.9999678616403634 -0.0061752403434646875 0.0051129351943884896 -0.7168232221201086 0.006178596667408888 0.9999807069538049 -0.0006408243756840806 -3.4822444945630098 -0.00510887973761252 0.0006723945671299829 0.9999867235257072 178.8630438112202
0.9999636974164666 -0.007991888211920735 0.002955263889248995 -0.7135171282594801 0.008005038815968804 0.9999579907302397 -0.004464988194451409 -3.511292246811763 -0.0029194563040659473 0.004488483202948184 0.9999856650419983 180.2018027877511
0.9999886388834636 -0.004549631650335112 0.0014223093598776315 -0.7279629726170052 0.004561772577108747 0.9999521615375581 -0.008652448259148527 -3.557411922792637 -0.0013828759899549067 0.008658838384779906 0.9999615553461015 181.6203544714387
0.9999989352413741 -0.0011547653907515287 0.0008922085532660842 -0.7530631570518532 0.0011632750833721062 0.9999532730448594 -0.00959679715382421 -3.5886128284343832 -0.0008810848960869014 0.009597825010301366 0.9999535516431385 183.01476548853333
0.9999976268802235 0.002099813137108111 0.0005805306777811345 -0.7726831313162268 -0.002094719159289761 0.9999604758425815 -0.00864053862546328 -3.617385908362409 -0.0005986513071021332 0.0086393022408536 0.9999625013333399 184.3455704679393
0.9999882748481972 0.004764243534808187 0.0008672610371535789 -0.7698630902525001 -0.004759351014334501 0.9999732229469113 -0.005558954621571205 -3.656723630732982 -0.0008937221084463389 0.0055547619488487306 0.9999841728142749 185.78031983946232
0.999987598565063 0.004799537775077394 0.0013293403646921882 -0.7801945175982614 -0.004795475306558411 0.9999838724260195 -0.003042747770048925 -3.6890930475918 -0.0013439228248811985 0.00303633527398086 0.9999944872535137 187.15608664342247
0.9999914823294165 0.0038611044989267564 0.001458470249092711 -0.7890270347179691 -0.0038572828562421085 0.9999891434320468 -0.0026142674851428755 -3.7191008459490766 -0.0014685485015439627 0.002608619535038844 0.9999955192235321 188.60062320252723
0.9999931572416689 0.0034648404582156445 0.0012962815524868799 -0.788482108457715 -0.0034620906390627074 0.9999917645003769 -0.0021177503275333367 -3.7571205248696313 -0.0013036086560918856 0.002113248032110238 0.9999969173878394 190.0138623094748
0.9999989909115755 -1.2334764776331802e-05 0.0014205723173037947 -0.793800672176699 1.4285095173450016e-05 0.9999990574471331 -0.0013729169335334863 -3.785043695360955 -0.0014205541648970603 0.0013729358693751826 0.9999980485335027 191.36694448317508
0.9999977065974529 -0.001185750730611234 0.001783479559946212 -0.8026928644085628 0.0011880296854992704 0.9999984786004571 -0.0012772550776167482 -3.8214485371501126 -0.0017819624919708237 0.001279371002591266 0.9999975939055644 192.82591518643378
0.9999887659965145 -0.004200591709828684 0.0021961144562486976 -0.803180827423843 0.004201855027254479 0.9999910092403547 -0.0005708302366099142 -3.84972048559136 -0.0021936970723184304 0.0005800515949027686 0.9999974256118263 194.20109650574074
0.999954419480608 -0.009235532836629914 0.002421550565702895 -0.8005786258394967 0.009233530178389524 0.9999570196291128 0.0008371411404963872 -3.871807459560278 -0.002429178135019412 -0.0008147435299548759 0.9999967176363471 195.6641199818452
0.9999111818906192 -0.013067609891173051 0.0026202891966194295 -0.7981066491820894 0.013064446488290565 0.9999139108676297 0.0012210982702071322 -3.900458153174348 -0.002636020674881752 -0.0011867571978206076 0.9999958214908143 197.08486809957034
0.9999269510812158 -0.01172980907809533 0.0029161780363598892 -0.8052162192542478 0.011738859022642453 0.9999262745189891 -0.0031055926038185662 -3.9305833047208076 -0.0028795352764711436 0.003139598419690048 0.9999909255560429 198.4805677785583
0.9999846145978856 -0.004591338143833742 0.003112907262154515 -0.8227952020375247 0.0046156093951542285 0.9999586532180343 -0.007835049326446053 -3.9658745778189806 -0.0030768054587311387 0.007849296905792202 0.999964460269732 199.92143453622424
0.9999765757038054 0.005063803806889032 0.004604989690526142 -0.8387531760114209 -0.005022642489712536 0.9999477218462354 -0.008906550761142693 -3.9959154357801814 -0.004649850376355719 0.008883213089566775 0.9999497324424927 201.36217535476845
0.9999168548834506 0.011435992884598211 0.0059583022548654755 -0.8576621995356095 -0.01140528858072071 0.9999216331862766 -0.005162064096050372 -4.026522449869348 -0.006016869163324007 0.0050936788354935415 0.9999689253747399 202.80630087788992
0.9998935839740615 0.012843420412938445 0.006918616519883156 -0.8509237697742797 -0.01282361999027127 0.9999135720706848 -0.002898825795984446 -4.058189332680637 -0.006955249987452419 0.0028097956565567863 0.9999718643738064 204.24079804670524
0.9999030675812548 0.012331700851645016 0.006464098710184108 -0.8494585566352146 -0.012316643150019953 0.9999213523151477 -0.0023642157025428254 -4.099163270976771 -0.006492745675902242 0.0022843705771590436 0.9999763126685018 205.7089757473779
0.9999446318518022 0.009167317020217593 0.005166576690461386 -0.8462651687999249 -0.009155725967888466 0.9999555252570365 -0.002262788212269177 -4.130382026713237 -0.005187091045924306 0.002215359206370503 0.9999840930055917 207.14090439492944
0.9999635984729142 0.0075555143164367684 0.003964331123533127 -0.84247636480356 -0.0075446794519224295 0.9999677816227579 -0.002741084575287522 -4.166144267261674 -0.003984914042422579 0.002711075238945775 0.9999883851956282 208.57200333438908
0.9999625737634218 0.007890307307718458 0.0035488181854206194 -0.8508991374351301 -0.00787830069193674 0.9999632372062055 -0.0033847646016906528 -4.194944919552081 -0.0035753948592148043 0.0033566793289499155 0.9999879745531328 210.05530535448827
0.9999539164124794 0.00896222241081827 0.0034414539481443197 -0.8572810732666907 -0.0089504948598694 0.9999541349807708 -0.0034083128755176295 -4.231473971626196 -0.0034718424605539575 0.003377353154887257 0.9999882698267448 211.5213649681332
0.9999417819259637 0.01027819569912412 0.00328503157364838 -0.864118947275486 -0.010269196673737139 0.9999435031641932 -0.002744832091047028 -4.2594429358212995 -0.0033130581839940334 0.0027109377051551488 0.9999908371869595 212.95886245905479
0.9999520749816079 0.009376962750027936 0.0028143013768504393 -0.8780358689512029 -0.009369126370938759 0.9999522302558268 -0.002785085033116055 -4.297557842179496 -0.002840282819878439 0.0027585840621191103 0.9999921614710776 214.3868909953506
0.9999484962530564 0.0098119942501816 0.002594145577778521 -0.8798256869513683 -0.009802235890799156 0.9999449318703839 -0.0037482556927600423 -4.330073981438374 -0.0026307808123211436 0.0037226342846562073 0.9999896104373499 215.87306288333394
0.9999565123212892 0.009037952693364666 0.0022997522531349388 -0.8859810416140391 -0.009028167522684894 0.9999502962126423 -0.004230521916064315 -4.365126521553972 -0.0023378734052635743 0.004209575469833907 0.9999884068422912 217.35010126785411
0.9999580618044932 0.009003836986106826 0.0016749728797215843 -0.8858917438609015 -0.008996731529180672 0.9999506968038211 -0.004202713826600088 -4.3991233458850525 -0.0017127309971295198 0.00418746836807951 0.9999897657769378 218.83114684821706
0.9999394896594984 0.010890961082376934 0.0015504718515870679 -0.895793358561366 -0.010883600935160852 0.9999298232097418 -0.004679306795268537 -4.441280515395443 -0.001601325332465654 0.004662149016777256 0.9999878499868389 220.31032013763942
0.9999560469376084 0.009265774213173828 0.0014316432923541524 -0.9043713637512385 -0.009258916015455847 0.9999459699489037 -0.004725428875025828 -4.471400683449888 -0.0014753508267247141 0.004711965799922458 0.9999878102836933 221.79877224880963
