1.0 -3.469446951953614e-18 0.0 -1.7787691892340307e-19 0.0 0.9999999999999999 -3.5575383784680614e-19 0.0 2.168404344971009e-19 -2.371692252312041e-19 1.0 0.0
0.9999999398638733 -7.08535559765227e-05 -0.00033948727388392647 0.05569069961672338 7.123806521749064e-05 0.9999993559314045 0.0011327230995349811 -0.026761272848715878 0.0003394068273799933 -0.0011327472383819146 0.9999993008434594 1.3159701006825606
0.9999991075624272 -0.0005587901877283866 0.0012135198795759842 0.11108300046058615 0.0005566348298350308 0.9999982684086526 0.0017757635472657302 -0.04833477912174309 -0.0012145101586562628 -0.0017750865086460634 0.9999976870130872 2.5650198957187875
0.9999985068893061 -0.0015023421141050833 -0.000853925207567007 0.036860118157561024 0.001503294773205599 0.9999982473625468 0.0011159633445735554 -0.07962927847303006 0.0008522472252481668 -0.0011172454011818334 0.9999990127189747 3.936804776185822
0.9999981334139717 -0.001929922176363565 -9.258359909504639e-05 0.02987641898930948 0.00193001219568306 0.9999976564549807 0.0009808845102436763 -0.09747959407425223 9.06903599462612e-05 -0.0009810613847464262 0.9999995146469367 5.244259706048031
0.9999978020529764 -0.0020869356216835725 -0.00020147389308407607 0.019969131976544496 0.0020871700861082084 0.999997137461403 0.0011699515953787194 -0.11679009531706744 0.00019903172061152196 -0.001170369555801732 0.9999992953107371 6.568533785545794
0.999994313473971 -0.0033658480368205755 -0.00020997888612645887 0.01697238408152861 0.0033662813330728823 0.9999921345146981 0.0020973920998600968 -0.14361452825913662 0.00020291775054437724 -0.0020980870599311037 0.9999977784254126 7.906504318475238
0.9999938859647469 -0.0034908561633778794 -0.00020484371051307732 0.003999258010089324 0.0034913869623241847 0.9999903948641476 0.002649602074033293 -0.16316696660238622 0.0001955923821543768 -0.002650301112656358 0.9999964688179815 9.23429899368182
0.999995729469401 -0.002873474777785689 -0.000533093765543536 0.0037508472145702937 0.002874289035826547 0.9999946947235732 0.0015326391803597874 -0.19417362439826524 0.0005286869834286558 -0.001534164929210968 0.9999986834136991 10.55745138096877
0.9999995135359988 -0.0009274199362741247 -0.0003358883103045723 -0.012924093973690284 0.000927224527510746 0.9999994009776276 -0.0005816336291707672 -0.2095132521927196 0.0003364275557438631 0.0005813219142410046 0.9999997744408669 11.884924696630073
0.9999967007458498 0.002523292708534672 -0.0004811299689980637 -0.010640286448222161 -0.0025241568609996384 0.9999951876832037 -0.0018036760469416133 -0.2423861805837258 0.0004765764896669407 0.001804884576921908 0.9999982576320228 13.234429442848018
0.9999891816594892 0.0046277272544562025 -0.0004697816374063708 -0.018041951088264403 -0.004628713702473206 0.9999870397240791 -0.0021202364178386887 -0.2671700500793692 0.0004599637098873764 0.0021223880030147887 0.9999976419487564 14.577900079259454
0.9999892823426851 0.004627685361621024 -0.00014042371500344358 -0.04382987611860338 -0.0046278404812420074 0.999988660945437 -0.0011229791119870053 -0.28699889592735983 0.00013522533894175042 0.0011236169533268175 0.9999993595993606 15.922785071740579
0.9999949488306101 0.003176979208170033 -9.544843947319648e-05 -0.04484593565636934 -0.003176874696135419 0.999994372758483 0.0010779258711337782 -0.322075237706902 9.887245946358985e-05 -0.0010776172223680163 0.9999994144826683 17.286504108200468
0.9999995757689261 -0.0008609447207131426 0.0003274721381074288 -0.06208079343853969 0.000859847362344731 0.9999940635885763 0.0033366821998059375 -0.3447480493677379 -0.00033034291817023685 -0.0033363992730586767 0.9999943796410151 18.623112182414577
0.99999724994642 -0.002341004817975995 0.00014071143494069215 -0.048363457370700684 0.0023408256005259687 0.9999964643617242 0.0012616639436569305 -0.3809660134208891 -0.00014366450976152482 -0.0012613311160356187 0.9999991942018291 19.969703843229496
0.999994980183457 -0.003162907836909293 0.00018875033242002218 -0.051860352611373076 0.003163002008002822 0.99999487287843 -0.0004996305739422051 -0.3975837372157064 -0.00018716909522321847 0.0005002250960016159 0.9999998573711084 21.316202286250963
0.9999994841802772 -0.0008964647599016464 0.00047748532188636515 -0.05646699535931379 0.000897380495378618 0.999997752304511 -0.0019209614644421164 -0.4425288938474724 -0.0004757622160965105 0.001921388998530314 0.9999980409549487 22.676993618698678
0.999999040401105 0.0007479890471198377 0.0011660658949820934 -0.07228365140311027 -0.00074716154489563 0.9999994688471769 -0.0007099692448490237 -0.44375921792413786 -0.00116659642405607 0.0007090973383204898 0.999999068115562 24.043904192515953
0.9999975525117564 0.0009549409430971182 0.001995760355923445 -0.11057393119705025 -0.0009616858758805221 0.9999938207032938 0.0033813778911125575 -0.47171849650161884 -0.001992519173035426 -0.003383288975568784 0.9999922915807947 25.425717703532808
0.9999981580093638 -0.00018937352033245904 0.0019100048354623144 -0.08343014794122225 0.00018015789176648034 0.9999883484532501 0.004823950608683475 -0.4909358963086999 -0.00191089626701794 -0.004823597713938366 0.9999865405989365 26.810406417282397
0.9999901750506935 -0.0038856041593427933 0.002133516025036519 -0.10183256163867545 0.0038773061361500813 0.9999849561598642 0.003879941358715683 -0.5278585910781491 -0.0021485600232020573 -0.0038716310152985363 0.9999901970324575 28.174697629272238
0.9999860666810199 -0.004835944970057435 0.0021166221411114136 -0.09256946712019834 0.00483426587636048 0.9999879965904431 0.0007978358232874042 -0.5375165404306702 -0.0021204552027848807 -0.0007875924026922643 0.999997441679322 29.545870641128147
0.9999848323917072 -0.004814882589285379 0.002674304022822451 -0.10431809699559454 0.004817668549166636 0.9999878581323127 -0.0010361715465665756 -0.5803707040539802 -0.0026692827335333767 0.001049039767238183 0.9999958872123696 30.929836438490774
0.9999939788044145 -0.0016809048335289772 0.003035938121808126 -0.10778260636409843 0.0016888226034009694 0.9999951749172586 -0.002607300915297711 -0.593198890062046 -0.0030315411066473537 0.0026124124323952877 0.9999919924958055 32.310332232934265
0.9999941646972669 0.00014973055113721122 0.00341293952095342 -0.11117463982180853 -0.00013487965793631575 0.9999905245272459 -0.004351168077394804 -0.6358474260269463 -0.003413558976562138 0.0043506824393105175 0.9999847094695965 33.69525264534302
0.9999932141065518 0.0006633726859954989 0.0036237661152345455 -0.12035171823271931 -0.0006474516375831046 0.9999901414426047 -0.004392929008609421 -0.6556744768792815 -0.0036266448493484918 0.004390553074335564 0.9999837851116434 35.092988064991054
0.9999941520972558 0.0009654183017541269 0.003280814117635044 -0.11663851903997596 -0.0009563355945708535 0.9999957093200269 -0.002768892487790699 -0.7090150378617798 -0.003283473459992561 0.002765738792701637 0.9999907847008608 36.48431839206621
0.9999933435155873 0.0015997259442264867 0.0032792991267078745 -0.12212015733134293 -0.0015963345437473289 0.9999981886159629 -0.0010365730566388412 -0.7238033834793789 -0.003280951697662815 0.001031331320003732 0.9999940858362311 37.88499658614251
0.9999879620714627 0.0038453467075086865 0.0030477889569565982 -0.1262312617099582 -0.003841957692380332 0.9999919956777135 -0.001117116348387819 -0.7469598401573979 -0.0030520605202211276 0.0011053934457193912 0.999994731500074 39.279814696825305
0.9999793359885437 0.00561439121217746 0.003131485272471826 -0.1354066341877603 -0.005611148840545712 0.9999837130848557 -0.0010433527758771709 -0.7734208380748293 -0.003137292327221427 0.001025760004538779 0.9999945525897537 40.67469866720246
0.9999638187923112 0.007796085375275669 0.0034032553124789906 -0.15093182979340597 -0.007793007088510189 0.9999692136224684 -0.0009169866500581083 -0.799093170710717 -0.0034102997342136347 0.0008904318939542892 0.9999937884719216 42.082180749477
0.9999547040382407 0.008994764206632765 0.003111924279823042 -0.1635313075243307 -0.008992276974485404 0.9999592385651224 -0.0008125164961669081 -0.8280045446886167 -0.0031191060924257 0.0007844964185143761 0.9999948278558793 43.487112473640956
0.9999626876735206 0.008187603654099837 0.0027543407662934494 -0.1716090737286436 -0.008185115245772865 0.9999660839498604 -0.0009137046428225303 -0.858299692870559 -0.0027617286360471383 0.00089112596731893 0.9999957893640185 44.90554387111041
0.9999636587445137 0.00830187144794104 0.0019390991258636425 -0.1624097582811031 -0.008298880511820083 0.9999643690728879 -0.00154569889090643 -0.8997850994332228 -0.0019518623941813173 0.001529550391698985 0.9999969253482589 46.31999064901054
0.9999694811039062 0.007731032910216007 0.0011260444425921462 -0.17257846745517014 -0.007729943405183637 0.9999696539065933 -0.0009691529580122671 -0.9275748497287271 -0.0011335029220269474 0.0009604191346518202 0.9999988963816283 47.7356305747493
0.9999696628296029 0.007787232269609736 0.00018004915762536355 -0.1986335244587755 -0.007787207372827015 0.9999696692585025 -0.00014135415337952458 -0.9571547228631232 -0.00018114447015035056 0.00013994778190843448 0.999999973800503 49.14264068759012
0.999964514853379 0.008352546695644301 -0.0010972592441361667 -0.19786545499047026 -0.008352653913714434 0.9999651116924766 -9.267458205110217e-05 -0.9832383535056893 0.0010964469858823875 0.00010183631491765979 0.9999993937173858 50.566756061364025
0.9999608310928225 0.008556626693251343 -0.002262829472018644 -0.1986576639955278 -0.008556968905933481 0.9999633784906307 -0.00014134863813025953 -1.0085611401365677 0.0022615373266951897 0.00016070605786383977 0.9999974298098752 52.02483503410435
0.9999578009169767 0.008583744767293516 -0.0032734823042057854 -0.22801967329140646 -0.0085822509079599 0.9999630612227353 0.00047029573058421305 -1.0383942859856023 0.0032773985610633073 -0.0004421820560143409 0.9999945315548948 53.42143342014043
0.9999653590459094 0.007215791319293676 -0.004148860192994169 -0.23470049400879342 -0.007207849068784247 0.9999721679353681 0.0019262090187266193 -1.0611363586026714 0.004162644196817175 -0.0018962379812169914 0.99998953828677 54.88138797848341
0.9999734807040558 0.005654750711023332 -0.004589298740921609 -0.24468815483865694 -0.005646366122255893 0.9999823700564069 0.0018379708672693568 -1.092623496256466 0.004599611488720381 -0.0018120093084269984 0.9999877800281227 56.283440327586426
0.9999800789144511 0.003764897614608089 -0.005066290874964885 -0.24953303288992745 -0.0037567667351800834 0.9999916416192416 0.0016135061515152392 -1.1213886646350315 0.005072323644137924 -0.0015944411741268436 0.9999858645502999 57.70370947537879
0.9999840422929335 0.0029070501308808058 -0.004843986410383158 -0.27261475259677037 -0.0028992663604147113 0.999994495939893 0.001613179927141544 -1.1523052382569232 0.004848649754566625 -0.0015991102153274986 0.9999869666409493 59.15526803039361
0.9999883212343231 0.0015352721240709192 -0.00458261093952989 -0.2850601461802025 -0.0015240387731149541 0.9999958280618022 0.0024538066312173017 -1.178793445806824 0.004586359471549945 -0.0024467939501630165 0.999986489166444 60.559667685365646
0.999991210663222 -0.0003796862930902419 -0.004175455348068166 -0.30021642337925475 0.00039313833200778185 0.9999947341963176 0.0032213383275068244 -1.2015336539965118 0.004174210618331261 -0.003222951612258937 0.9999860941818866 62.01976652859634
0.9999929312305822 -0.000997314218982111 -0.003625306623319966 -0.30768011694840525 0.001007985533407748 0.9999951616138647 0.002942908745825011 -1.2397891526641647 0.003622354386530192 -0.0029465422599710953 0.9999890981629003 63.394870950958584
0.9999919913642797 -0.002665348068142304 -0.0029854858113276595 -0.3154402980572063 0.0026713215595420073 0.9999944348260938 0.0019985879366299347 -1.258430285815065 0.0029801425177444158 -0.002006547163213391 0.9999935462415392 64.80671465379002
0.9999911183725261 -0.003636213069666692 -0.0021309931932512035 -0.33837603519244885 0.003639352561607313 0.9999922954270014 0.001471120073507333 -1.2870796648550806 0.0021256276499063095 -0.0014788624711974106 0.9999966473327648 66.26975453767596
0.999997170024558 -0.0017179971740104993 -0.0016457303669987291 -0.3447292923433237 0.0017205604901094872 0.9999973071780944 0.0015573391721482356 -1.316561956538592 0.0016430505712801743 -0.0015601663743354632 0.9999974331310614 67.63772072177613
0.9999990570144769 0.0011123691156976834 -0.0008053582613491192 -0.36545384084398636 -0.001110298346471885 0.9999960882930071 0.002567223728437197 -1.349034441538463 0.000808210881723791 -0.0025663271717271665 0.9999963803743447 69.08542540157788
0.9999896668461133 0.004542128489344095 -0.00018777850206834154 -0.38485115330493513 -0.004541379616425994 0.9999824139641579 0.0038141370575146393 -1.3727997329225816 0.00020509952051125566 -0.003813244950790484 0.9999927085225434 70.47119660175579
0.9999679987165829 0.007993076993526763 0.00033503176320564296 -0.40684158212456445 -0.0079945041955041 0.9999579244799878 0.00449857626731855 -1.4034882698653377 -0.0002990602222375156 -0.0045011108145345795 0.9999898252307239 71.90518972856607
0.9999187654383432 0.012718838790288976 0.0008328469970571813 -0.4180663639573755 -0.012722172644372441 0.9999105528265199 0.004127069128057457 -1.427978806020586 -0.0007802810377083385 -0.004137329581342182 0.9999911367933145 73.27907820332793
0.9998858997635311 0.015030295059779207 0.0015091876976719486 -0.4337814110303756 -0.01503558823578063 0.999880625979049 0.003558780191735424 -1.44420377299158 -0.0014555181445561915 -0.0035810657397786394 0.9999925286889779 74.68537013586334
0.9998398477244648 0.017775000105915664 0.0020804391292662166 -0.4391717719178507 -0.01778197866613212 0.9998361587944565 0.0033847969677252123 -1.47312598995103 -0.002019933670152417 -0.003421249288408473 0.9999921074284577 76.13339782505402
0.9998394178229805 0.01777198542764736 0.002301098660905398 -0.44782902798620683 -0.017780657176348802 0.9998346750734519 0.003804050428003626 -1.49755613445808 -0.0022331128898389605 -0.0038443546992934156 0.9999901170219462 77.49643795787749
0.9998565358609428 0.016785548618167383 0.0022700244943882333 -0.45054726583483484 -0.01679417400769466 0.9998516129964735 0.0038350687669759308 -1.5319805539734852 -0.0022053141032609383 -0.00387264184589181 0.9999900695670325 78.9478008672179
0.9998726799123373 0.01573419869974003 0.0026568624385279955 -0.4673579785897427 -0.015740745136112205 0.9998730783834623 0.00246091602811515 -1.5538681181618033 -0.002617804903642513 -0.0025024237578232834 0.9999934424634216 80.2931667736663
0.9998711492064735 0.015887726353905382 0.002294579848713176 -0.4644541814413203 -0.015893419736626106 0.9998706055604233 0.0024842276508977683 -1.5837740309496031 -0.002254814403199472 -0.0025203763368614315 0.9999942817399314 81.68717080434182
0.9998936346461949 0.014448605539565288 0.0019892605790642693 -0.47457953610260023 -0.014453745615340841 0.9998921750025258 0.0025937700212139425 -1.6055009104178222 -0.0019515698908388359 -0.0026222464614846907 0.999994657583865 83.11604667762273
0.9998845903638935 0.015116193155906257 0.0015187560778695333 -0.4767263107869112 -0.015119806337260601 0.9998828190695952 0.002395751382866859 -1.640147821580285 -0.0014823635922018817 -0.00241843824588348 0.9999959768683989 84.45000760017795
0.999889250727908 0.014851374754248702 0.000960681852765816 -0.4940523269676509 -0.014853680344738936 0.9998867056937608 0.002438030980244276 -1.6580445518569464 -0.000924364978273717 -0.002452030690196039 0.9999965665410976 85.88192084492094
0.9999148829859538 0.013046894694824488 -7.272987543955473e-05 -0.49654705373398045 -0.013046575119170203 0.9999091736514669 0.003381028957507016 -1.6860738962568989 0.00011683521022270104 -0.0033797923753385115 0.9999942816605982 87.1799067304087
0.999904500876889 0.013780897233139307 -0.0010372854860891626 -0.5096807915350038 -0.013776308465348854 0.9998958179415167 0.004308900301751514 -1.7227149038708218 0.0010965580270957402 -0.004294198936814656 0.9999901786611287 88.58698643966329
0.9999303905936832 0.011545459080457739 -0.002432346632143935 -0.5129183726901245 -0.01153394763535856 0.9999224596117725 0.004694980524626575 -1.742518844118909 0.0024863639457511104 -0.004666599253977195 0.9999860203278546 89.96485502634377
0.9999488766963164 0.009586502990207463 -0.003216042108415965 -0.5236079274992536 -0.009571299537312816 0.999943100921362 0.004710113088652629 -1.7705658064278937 0.003261012910561309 -0.004679090691985576 0.9999837358237752 91.33440583410598
0.9999525251149862 0.009037337551216133 -0.003643352776226967 -0.5300810715603175 -0.009022068257312502 0.9999505384912546 0.004186033253379141 -1.7987887227387653 0.0036810034798821587 -0.004152964036269327 0.9999846014368428 92.7104860053359
0.9999624698162497 0.007646421166327205 -0.0040732270333532945 -0.5409862939772051 -0.007629881269498042 0.9999626461645239 0.0040609361881646265 -1.8248959814784895 0.004104126860736674 -0.004029705630454381 0.9999834586751131 94.04883182483898
0.9999654437506735 0.007287620199616983 -0.004000234189372329 -0.5547194267812475 -0.007274255613812183 0.9999679458749596 0.0033455107884891016 -1.8422665039576378 0.004024487119690477 -0.0033162965283941646 0.9999864027520458 95.45965613616846
0.9999665731920839 0.007228400161739219 -0.0038213488916297037 -0.5720145172057961 -0.007217642541573411 0.9999699716810722 0.0028215929632520575 -1.870884047830568 0.0038416300724299574 -0.0027939175798082257 0.9999887178916681 96.77994974448349
0.9999581066830264 0.008313855248268918 -0.0038294470489070604 -0.5795009827293028 -0.008305302025042809 0.999962992102497 0.0022441927834348906 -1.9027124094945826 0.003847963549521491 -0.002212294105526956 0.9999901494209151 98.1367036700984
0.9999463767552615 0.00977429661142176 -0.0034215071905643385 -0.6048636679068867 -0.009767080907648776 0.9999500546811774 0.0021195035558887647 -1.9262021364932778 0.0034420532506748117 -0.00208597181507534 0.9999919004660272 99.49342436196355
0.9999457873002366 0.009930070086250239 -0.0031330720418726596 -0.619964378489581 -0.0099190584425193 0.9999446409603927 0.003511027762921493 -1.952423391354775 0.0031677636196701543 -0.0034797603747076466 0.9999889282126128 100.86304600955188
0.9999387650184295 0.010664883418128138 -0.002954055705881682 -0.6353177750881215 -0.01065027240260984 0.9999311868998194 0.004918656963977499 -1.9788456728101582 0.0030063095885939687 -0.004886894379082735 0.9999835400507886 102.20330997484069
0.9999436239439482 0.010224087923796494 -0.0028665190525126606 -0.6459504529080636 -0.010213364970148587 0.999940881687178 0.003730995738305101 -2.004079131497335 0.0029044958650245086 -0.0037015086773528123 0.9999889313103567 103.54815976102542
0.999943544409228 0.010254051052448426 -0.0027861089184383963 -0.6585123216047277 -0.010250278641520047 0.999946532636593 0.0013651663169183075 -2.026535267014699 0.0027999586747029116 -0.0013365308893826548 0.9999951869493041 104.87052982897592
0.9999529564648465 0.009239674701156208 -0.002951820253373646 -0.6763271342039541 -0.009239063705736541 0.999957294581543 0.0002207612630281073 -2.0537967582591965 0.002953734206091828 -0.0001934788355626592 0.9999956190031375 106.26755467641885
0.9999664584594663 0.007633288469677021 -0.002968979906514617 -0.6856729279389535 -0.007629826282407359 0.9999702011049111 0.001175869505212929 -2.0854842333488426 0.002977867437428376 -0.0011531772948133233 0.9999949012335758 107.56829697909998
0.9999869424697031 0.004567210146744021 -0.0022924809340144413 -0.7030111202263563 -0.00456045272165276 0.9999852662937511 0.0029443971487200884 -2.1082531053476337 0.002305895034758198 -0.002933904014450034 0.9999930375057019 108.93396480927164
0.9999956939725541 0.0025124532120318448 -0.0015164459085420263 -0.7071326516912642 -0.002506266447736459 0.9999885845828169 0.004068087528769668 -2.1380429010251305 0.0015266496094060748 -0.004064269477243935 0.9999905754845922 110.22853077595201
0.9999970365896554 0.002325875015337862 -0.0007191050269348511 -0.7160164735632132 -0.002323877537146069 0.999993473289921 0.0027664009741275104 -2.166628993400423 0.0007255346998584337 -0.0027647217209901954 0.9999959149490998 111.59367141736423
0.9999919244186555 0.004017705109457153 -9.557926493365351e-05 -0.7240651345983599 -0.004017662656385464 0.9999918310579069 0.00044295795765342613 -2.1891069486303567 9.73581669243427e-05 -0.0004425703871456228 0.9999998973265215 112.91487676195213
0.9999757597856557 0.006865984324420361 0.0011567574445885411 -0.7314010493182431 -0.0068642539525158135 0.9999753252147195 -0.0014936511604754024 -2.2216139258314698 -0.001166984387575898 0.0014856747021634877 0.9999982154565539 114.26255339938653
0.9999536386462975 0.009241544454867197 0.0027045142011329452 -0.7512758389986172 -0.00923660721498521 0.9999556623459648 -0.0018326074773805472 -2.2404998934469647 -0.0027213306448261097 0.0018075420105962527 0.9999946635596056 115.58019268090105
0.9999374319506443 0.010384805010555572 0.004157882857209398 -0.7589080739576874 -0.010384356682564174 0.9999460727327973 -0.00012956253558769993 -2.2715679694119406 -0.0041590044678179484 8.637748761207462e-05 0.9999913475704922 116.94592453916553
0.9999399662541387 0.009678076356001129 0.005137967451130744 -0.7655372085809573 -0.009688074131891041 0.9999512177161073 0.001924429571566699 -2.2983406566921096 -0.00511909246462642 -0.001974091092559506 0.9999849488124308 118.27640099259656
0.9999358980793663 0.009582116677323093 0.00603181206625081 -0.7693762192322364 -0.009599129516765602 0.9999500132418428 0.0027978118553295193 -2.3249387865776066 -0.006004702101618841 -0.002855532714193937 0.9999778944956534 119.6122428823066
0.999922133392949 0.010286033572251298 0.007065737557998018 -0.7726392516236801 -0.010299298226336889 0.9999452616599281 0.001843410749792995 -2.3550632362338506 -0.007046390000966629 -0.0019160393878587564 0.9999733382319421 120.98929960009602
0.9999007573906603 0.011500901700423144 0.008136621487118835 -0.7707339612712697 -0.011513722643568178 0.9999325435704285 0.0015305315114255776 -2.3741202135476165 -0.008118470812704484 -0.0016240624547537883 0.9999657258357387 122.33001905775737
0.9998700429052868 0.013122849537162145 0.009364192170250306 -0.7689824572603874 -0.013135384422827542 0.9999129100883628 0.0012782593679458191 -2.396681690335507 -0.009346603027771311 -0.0014010955430966596 0.9999553379708509 123.64253145444731
0.9998396380176229 0.014358219942845602 0.010702323991703601 -0.7670576139484724 -0.014365167824703451 0.9998966517689469 0.0005725131170912618 -2.42148938634381 -0.010692998560140245 -0.0007261620046148964 0.9999425645825475 124.95682855601626
0.9998086223519603 0.015660705382687684 0.011724373864919996 -0.7641735550117484 -0.015656731234264504 0.9998773331009827 -0.00043076600587306485 -2.4511597106922487 -0.011729682764258972 0.0002471181988169132 0.9999311743657591 126.31131462755519
0.9997893093151778 0.016122230597762487 0.012704748023376775 -0.7564879142839822 -0.016109597081412942 0.9998696311440544 -0.0010961938286696898 -2.487617139824664 -0.012720765886318632 0.0008912945147356842 0.999918690546119 127.65890886384072
0.9997921870164144 0.015156901503653477 0.013632721053831079 -0.754121963078163 -0.015154767797735934 0.9998851261586644 -0.0002598831499320272 -2.513073526286464 -0.013635095187355652 5.322842135604758e-05 0.9999070363492779 128.99679278646042
0.999806282867756 0.013325636698227495 0.014485306899609474 -0.7384875226360682 -0.013341929035099506 0.999910463431505 0.0010286315575075888 -2.5328001762619183 -0.014470303987200587 -0.0012216942531634468 0.9998945533211869 130.3484385548392
0.9998016562357389 0.013399008597449419 0.014734813457461029 -0.727672042065647 -0.013413057973935267 0.9999096753566468 0.0008550071878374977 -2.563612574376341 -0.014722027536140365 -0.0010524765286544602 0.9998910711644028 131.67106653729962
0.9998187051024655 0.01200013668737412 0.014783559178856279 -0.7081898219201475 -0.012014026650145828 0.9999274668247947 0.0008510474473286323 -2.5990998164089953 -0.014772275442968257 -0.0010285032481630438 0.999890355016621 133.03087449029303
0.9998453224094399 0.009775467152732713 0.014620926103013484 -0.698847560395224 -0.009794728920261427 0.9999512537856038 0.0012463386042812544 -2.6189188929984466 -0.01460803108011846 -0.0013893538543476734 0.9998923317636207 134.37429983294362
0.9998647242239936 0.00826433310694304 0.014220901432975278 -0.6884258107713914 -0.00828690563805628 0.9999644939853914 0.0015290458299212913 -2.6498726463698463 -0.014207761161231269 -0.0016466862825399962 0.9998977087395571 135.71190546385412
0.9998816837989745 0.00830685257105697 0.012946605398475261 -0.6747625403029146 -0.008329704708149015 0.9999638416506135 0.0017121415136056488 -2.6746497995736047 -0.012931915855366684 -0.0018197803711686852 0.9999147233371033 137.02140555990945
0.9999233282691498 0.0037537436808400583 0.011800296216493663 -0.6569689980526562 -0.0037876820572436565 0.9999887511348261 0.0028550087522118545 -2.688747702220197 -0.01178944749968714 -0.0028994856744223676 0.9999262982363613 138.37497600184645
0.9999391339939501 0.002116897540786487 0.010828067933061972 -0.6515386788150795 -0.0021508352941660633 0.9999928086720029 0.003123542058572526 -2.7121216626244586 -0.010821378758451586 -0.003146641386550855 0.999936496185454 139.73579672847586
0.9999521905074596 0.002172269938362969 0.009534041415920071 -0.6457654320695998 -0.0022011144280716273 0.9999930295276753 0.0030159566700252655 -2.7406352158415928 -0.009527424289961471 -0.0030367980485471423 0.999950001768908 141.08412283565204
0.999960883761138 0.0025628788147120714 0.008465376668005934 -0.6425511453202141 -0.0025823776741778952 0.9999940362198934 0.0022932192233953924 -2.767267615834749 -0.008459449652577292 -0.00231499036169911 0.9999615385226982 142.45329084956137
0.9999701997503434 0.0019803771282654774 0.007461750527126292 -0.6368554087740554 -0.0019951859509396656 0.9999960539755215 0.001977692989730769 -2.790633700683918 -0.007457805133670167 -0.0019925216685245653 0.999970205052927 143.83499338462852
0.9999784433258735 0.001216260646574198 0.006452410238618487 -0.6305023197647976 -0.0012157524212274744 0.9999992575542135 -8.269920084769872e-05 -2.8173155682022744 -0.00645250657726822 7.485289055385217e-05 0.9999791795580268 145.1421305058729
0.9999801128733448 -0.003431167689936414 0.005291593016884398 -0.6469272925916854 0.003439891881667427 0.9999927380411074 -0.0016404280598288459 -2.864795944168789 -0.005285926453613947 0.0016585979839073657 0.9999846538964319 146.4710857171409
0.9999453534830116 -0.009540040831562449 0.004275240730282052 -0.6371871392493609 0.00953610512349453 0.9999540883332833 0.0009401674682513709 -2.8892665004681035 -0.004284014043513253 -0.00089934695327978 0.9999904191510313 147.82261841547736
0.9998219302979247 -0.01867615435805279 0.0027035097636634226 -0.6241478354088972 0.01866885050863963 0.9998220693018866 0.0027025449770774106 -2.9106136389267974 -0.0027535021025789012 -0.002651592351806067 0.9999926936138485 149.18099545783798
0.9997477680141135 -0.02240343361267886 0.0015768700955871016 -0.6112098606207412 0.022403550737460462 0.9997490074037404 -5.572850315796194e-05 -2.9330394838389227 -0.0015752259345349804 9.104195605151284e-05 0.9999987551854267 150.508291581256
0.9997980883333275 -0.019976463878393465 0.002173353519292808 -0.6090100204547204 0.019984079530564008 0.9997940309374598 -0.003540093307353481 -2.981413760244066 -0.002102187508694857 0.0035828110783985693 0.9999913720974749 151.88704838854008
0.9998480384285392 -0.01718188010577064 0.002946703114929605 -0.6243607725068718 0.01719856437180068 0.9998356577437231 -0.005732964231684223 -3.0000262574532437 -0.002847715987110165 0.005782772234075659 0.9999792248117833 153.2614477960061
0.9998368815152349 -0.017685016002478328 0.0036675037669401064 -0.6361811514044698 0.01770589069205457 0.9998267657149177 -0.00573933674921065 -3.0371403126009935 -0.00356536847201529 0.005803337108919297 0.9999768044417767 154.5928363559095
0.9997801475672626 -0.02049410337559602 0.0044326367414233 -0.6248877478618948 0.020508243023648495 0.9997846646517302 -0.00316801030998892 -3.0623499647998513 -0.0043667570773942175 0.003258219490192689 0.9999851576064006 155.89070154923616
0.9995538969403834 -0.02949098918040515 0.004721087314855961 -0.617840819891506 0.02948860786618232 0.9995649518448921 0.0005736355550012363 -3.08341525764538 -0.004735950892023501 -0.00043416134404849886 0.9999886910699435 157.19269575629482
0.9995239067950185 -0.030499060700650678 0.00466551564782274 -0.6051488564699172 0.030492069176648567 0.9995337869343447 0.0015628513918086975 -3.1165716911947667 -0.004711006417482272 -0.001419846103833788 0.9999878951519657 158.60454914552287
0.9994706730785115 -0.032205378121973056 0.004602962791557332 -0.6065081157177087 0.032197156460241405 0.9994798255567475 0.0018497122754881346 -3.1536103625604373 -0.004660139521063731 -0.001700530864905382 0.999987695568998 159.9395300174378
0.9995103196472767 -0.030788761167469265 0.005583287469224935 -0.6070360311455212 0.030776861692621275 0.9995238476277766 0.0022051799792562493 -3.1742828213200776 -0.005648524206616268 -0.0020322640916330763 0.9999819818733404 161.33051188388086
0.9995777150405967 -0.028277616931947525 0.006690887500256926 -0.6165645996506999 0.028265778228310664 0.9995987169216258 0.0018576639458024373 -3.194782597808561 -0.006740733435846391 -0.001667756345787026 0.9999758902570094 162.65343528390287
0.9996502688340836 -0.025299297056040292 0.0076997139493901745 -0.6175911717752867 0.025303659925134295 0.9996797008817344 -0.00046951012727283823 -3.2159693811376684 -0.007685370109682454 0.0006641769069392579 0.9999702465315979 163.98654050200258
0.999702432109601 -0.022913658136151177 0.008367288398619806 -0.6188970972085699 0.02292705617142185 0.9997360021788664 -0.0015086548952008819 -3.232879181497131 -0.008330511353829468 0.0017000433168777563 0.9999638555599217 165.35471257126898
0.999755021806252 -0.02032557565441918 0.008761698508159884 -0.6174786022035033 0.020328568324855148 0.9997933214205589 -0.00025248056095630893 -3.2671526570336726 -0.008754756578682066 0.0004305315266493744 0.9999615836985322 166.7391508443459
0.9997603249469086 -0.02020959292001396 0.008418136931550467 -0.6112071963147463 0.0202152407110395 0.9997954792914517 -0.0005861953700158002 -3.287834918227091 -0.008404569187768237 0.0007562295752246681 0.9999643950294517 168.09254779342353
0.9997933335580699 -0.018656115322442747 0.008077100258971152 -0.6092335418251108 0.018677658094245556 0.9998221771997032 -0.0025998192466997264 -3.3155528241308643 -0.00802716211790622 0.002750143343346499 0.9999640000384472 169.43182301438688
0.9998759571949346 -0.01373645242283046 0.007705849419043675 -0.6104630657872075 0.013781084633865487 0.9998883940126928 -0.005768987338665057 -3.3584163651677565 -0.007625744628232389 0.005874466832814174 0.999953668252431 170.8256990543258
0.9999256124902929 -0.00958408535820584 0.007544190490383752 -0.6148758164593047 0.009638183274924961 0.9999278648109958 -0.007167327805115777 -3.385543519277736 -0.0074749546442206835 0.007239507092163502 0.9999458558259788 172.17198929900087
0.9999580920130229 -0.004732151831611912 0.00783715316821514 -0.621280452067128 0.004779455497533343 0.999970409006024 -0.0060280934985851185 -3.4192467116105933 -0.007808396069862772 0.006065298327639211 0.9999511193554376 173.53609456432952
0.9999609576144162 -0.002028045887838746 0.008600598042626573 -0.6190305916604559 0.0020610435964789307 0.9999905433356046 -0.0038295346704970193 -3.453845285430003 -0.008592750966768264 0.003847111448221956 0.9999556811965402 174.9237833838834
0.999963303944389 0.0008572142956995649 0.00852384618233511 -0.6250592544489337 -0.0008412701205309818 0.9999978902793972 -0.0018739538254331012 -3.4952343620577233 -0.008525435301454455 0.0018667142446900516 0.9999619154366732 176.33465381344809
0.9999704907366709 -0.0009558214967573704 0.007622602533686147 -0.6226100576151721 0.0009625696630882943 0.9999991480699555 -0.0008816561702960622 -3.5277546494579792 -0.007621753978599403 0.0008889674636818127 0.9999705588647515 177.71621945371174
0.9999721256755295 -0.004394318326261174 0.006036377264360833 -0.6191815122777569 0.004398865668401098 0.999990050985677 -0.0007402058319824598 -3.549238549785875 -0.006033065018466321 0.0007667384353410903 0.9999815069452077 179.11608094229183
0.9999786293865615 -0.00508427303139544 0.004109860020013849 -0.6178975345306774 0.005103044928026337 0.9999765370201805 -0.004569938198959936 -3.5816032230773227 -0.004086529125644726 0.004590813434608138 0.9999811121749719 180.46512927679825
0.999989969431028 -0.003641589576163227 0.0026076562613295707 -0.628769195066379 0.003663854613592152 0.9999564361243573 -0.0085849879097556 -3.6153236634911057 -0.0025762798837185704 0.008594456045143688 0.9999597482419961 181.88090446068824
0.9999977296844029 -0.0006529177547484367 0.0020283806937501214 -0.6461419816111555 0.0006721998199144489 0.9999544575835598 -0.009520026501840622 -3.6412656681055178 -0.002022072700681661 0.009521368555321024 0.9999526262581685 183.24412847272114
0.9999868638122734 0.004768998126253867 0.0018785241832483105 -0.6581419984456126 -0.004752625806171898 0.9999515028481095 -0.008625804815388419 -3.688927240374075 -0.0019195696967494063 0.008616763750429569 0.9999610325569427 184.63452675879222
0.9999800367424716 0.0060064643510420014 0.001961757652877939 -0.6677523689282112 -0.005995346897782038 0.9999662079621062 -0.005624834373972107 -3.72172283836103 -0.0019954769018413745 0.00561296077394999 0.9999822562128021 186.04728896200015
0.9999780576999372 0.0062187086872186464 0.0022829304307004443 -0.6696089923062847 -0.006210959857100794 0.9999749793043927 -0.003385964516048707 -3.7508107742085937 -0.002303929834996986 0.003371711094505376 0.9999916616993927 187.4390275970153
0.9999723950326211 0.007006996317567955 0.002472076861768198 -0.6787093916039886 -0.00699922350278798 0.9999705777484961 -0.0031391913808709727 -3.78902618245265 -0.0024940006439080906 0.0031218021633166552 0.9999920171224025 188.8428903206599
0.9999815472174435 0.005544629607268441 0.002482397911045702 -0.6816109183603508 -0.0055379251455396185 0.9999810212702854 -0.0026997213861223762 -3.8217133102155008 -0.0024973199670098854 0.0026859242856627353 0.9999932745774879 190.26866321341873
0.9999912067954911 0.0033929760319762 0.00246455722905328 -0.6792224456126967 -0.0033884127800287815 0.9999925416450345 -0.0018534615147615926 -3.860247250720112 -0.002470827808538397 0.0018450943154622638 0.9999952453054292 191.66827506474857
0.9999947459138213 0.0016077346141589828 0.002814841917086273 -0.6839082100149713 -0.0016029583667308452 0.9999972731818898 -0.0016982803688048308 -3.894076150045121 -0.0028175648652513465 0.0016937594059368238 0.9999945962371483 193.07602820088195
0.9999912242774758 -0.0026006692996225836 0.0032844931332023687 -0.6862084949979298 0.002603703987879116 0.9999961871947836 -0.0009199552947189076 -3.9160653916281345 -0.0032820883885180583 0.0009284990922779898 0.999994182873594 194.45827367299032
0.9999694401912682 -0.007007138469683951 0.003466800621121352 -0.684686487335205 0.007004928171913883 0.9999752543043311 0.0006494243488386381 -3.9473770582379393 -0.0034712657314154806 -0.0006251198173500808 0.999993779748268 195.90588042240446
0.9999370315662792 -0.010526366862064198 0.0038895395275344424 -0.680516040235624 0.010523310646697157 0.9999443039470943 0.0008055598895134981 -3.97269191327991 -0.003897802842482016 -0.000764578335789959 0.9999921112430812 197.32438261449414
0.999948291315717 -0.009330651851779885 0.004043964040073362 -0.686526641456079 0.009344326389217793 0.9999506428200552 -0.0033757189936076473 -4.002722656938786 -0.004012267123920011 0.0034133326371984084 0.9999861253376676 198.73594481335718
0.9999893705961553 -0.0012513759228844554 0.004437652540629116 -0.6971063600138234 0.001288791910127953 0.9999635634170737 -0.008438652224750296 -4.0325205866976646 -0.004426931302441041 0.008444281908596874 0.999954547155767 200.12847836742228
0.999956264047758 0.0072693466199791525 0.005884435588282203 -0.7141570149287342 -0.00721745025522724 0.9999352932729011 -0.008793048045618956 -4.067283128055216 -0.005947975050073136 0.008750193023888094 0.9999440262880432 201.59711704139832
0.9998718483271888 0.014370666798595798 0.007054844317853488 -0.7335936962842038 -0.014332209352217011 0.9998823157705321 -0.00547196686250632 -4.102579705560613 -0.00713265049448655 0.00537015421572883 0.9999601425726458 203.03290823828178
0.9998366687376075 0.016225420489404882 0.007960624408834853 -0.7377575040314999 -0.016202617434994633 0.9998644629084437 -0.0029207952240104256 -4.136613367928705 -0.008006937259547245 0.0027913352641019745 0.9999640480517967 204.46279794799722
0.9998696776786199 0.014307614340455351 0.007477954325814725 -0.7361552925411107 -0.01428781236336669 0.9998942923388721 -0.002694921663791771 -4.163301723067962 -0.007515722386730239 0.002587726893235496 0.9999684082907876 205.91138399522254
0.9999182609493122 0.011189149418887408 0.006186625517359474 -0.7297255695528013 -0.011173561835683486 0.9999343261163226 -0.00254852834663686 -4.1961237618005525 -0.0062147356100253895 0.002479193434928456 0.9999776150768422 207.33413021199442
0.9999393846827905 0.009700878456308334 0.005207677137440856 -0.7320702191249842 -0.009686863454637757 0.9999494094225521 -0.002709851288712032 -4.239884587788239 -0.005233702061108606 0.002659241022112545 0.9999827682485461 208.8015661254823
0.9999332294761242 0.010465548280399781 0.004899884690135625 -0.7274494447518538 -0.010446904363795013 0.9999381506844391 -0.00381536621572339 -4.2620917957945075 -0.004939511956119809 0.00376392290516051 0.9999807168642298 210.28775203982897
0.9999333584384428 0.010568999683752361 0.0046448798203594386 -0.7265087127830776 -0.010552559258681857 0.9999380186293578 -0.0035499883610353765 -4.295838509846628 -0.004682112149406385 0.003500736479427158 0.9999829111861867 211.70125347766992
0.9999049209272113 0.013001489262711455 0.004594600704103112 -0.7397768953629222 -0.012987215973309076 0.9999107855239376 -0.0031230188152277464 -4.329030765752764 -0.004634795089788147 0.0030630508640232417 0.9999845680751243 213.2018614677037
0.9999243914528311 0.01154587213501175 0.0042313345245582655 -0.7450303374273203 -0.011532962379929665 0.9999288019752517 -0.003062970249786048 -4.369526289533679 -0.004266398288484443 0.003013938895198638 0.9999863569133224 214.6615660194564
0.9999204723889519 0.011956419987088093 0.004011595019757321 -0.7410542945819798 -0.011940497329861556 0.9999208283055652 -0.00397009737869446 -4.401509197876384 -0.004058745913577352 0.003921881278155748 0.9999840725850716 216.13114502685596
0.9999334749061365 0.010902129152128775 0.0037668715412630303 -0.7429579033513849 -0.010885303725516196 0.9999308119477966 -0.004458868230886943 -4.433869436210348 -0.0038152224027926743 0.004417568145260605 0.9999829644373462 217.57734987294106
0.9999414933875455 0.010369047782429839 0.003081011204205562 -0.7438914492318067 -0.010355418815522361 0.9999366686887331 -0.004407259569988027 -4.463254452462391 -0.0031265154332383296 0.004375096635599234 0.9999855416087386 219.03103478706487
0.9999231127058905 0.01198829713132013 0.0031700762815406566 -0.7517933809830852 -0.011972229736322757 0.9999156284633798 -0.005040009808336119 -4.503013925821045 -0.0032302302302745023 0.005001669506122112 0.9999822742981949 220.51337994171422
0.9999423255732175 0.010356043357782795 0.002845676204866458 -0.7493772147049709 -0.010342003001660483 0.9999344880945816 -0.004905355947101843 -4.539108193079157 -0.002896290107463604 0.004875643132178822 0.9999839196725956 221.99352936544426
