1.0 -3.469446951953614e-18 0.0 -1.7787691892340307e-19 0.0 0.9999999999999999 -3.5575383784680614e-19 0.0 2.168404344971009e-19 -2.371692252312041e-19 1.0 0.0
0.9999999398638733 -7.08535559765227e-05 -0.00033948727388392647 0.05569069961672338 7.123806521749064e-05 0.9999993559314045 0.0011327230995349811 -0.026761272848715878 0.0003394068273799933 -0.0011327472383819146 0.9999993008434594 1.3159701006825606
0.9999991075624272 -0.0005587901877283866 0.0012135198795759842 0.11108300046058615 0.0005566348298350308 0.9999982684086526 0.0017757635472657302 -0.04833477912174309 -0.0012145101586562628 -0.0017750865086460634 0.9999976870130872 2.5650198957187875
0.9999984739073404 -0.00148135030432635 -0.0009261668554077908 0.045098220400572715 0.0014821699177008912 0.9999985101586654 0.0008847883257235963 -0.08320916775495514 0.0009248548730899719 -0.0008861597291908622 0.999999179682675 3.9455591986939176
0.9999983949717427 -0.0017601811808336375 -0.00033439242122068917 0.04238260906389093 0.001760412667001384 0.9999982104247782 0.0006928865108713341 -0.09862561847662564 0.0003331722458433566 -0.0006934740800146881 0.9999997040452453 5.253051432343917
0.9999977753175295 -0.0020693007809836263 -0.0004090925558050075 0.032098781954387326 0.002069705438543571 0.999997367221917 0.000990891210379784 -0.11831740392706826 0.00040704106214590184 -0.0009917357253429143 0.999999425389143 6.574276408138168
0.999994662682104 -0.003250310673953972 -0.00033180101794969387 0.024072739943247455 0.0032509854683938286 0.9999926076763795 0.0020532123909317006 -0.14829458138560286 0.00032512501638840615 -0.002054280150837739 0.9999978371114882 7.913533674128695
0.9999942508644892 -0.003375355248375912 -0.0003243750384696257 0.014722900826525307 0.003376136151140234 0.999991331095733 0.0024370951731538673 -0.16860910018697134 0.00031614619344105246 -0.002438176341986328 0.9999969776697578 9.23572919053176
0.9999954324761928 -0.002939199801467377 -0.0007043680728237324 0.012306625212084046 0.0029401481259129364 0.9999947680610429 0.001348842133658605 -0.19661214711495126 0.0007003999315714218 -0.0013509069442051117 0.9999988422451789 10.568294509095002
0.9999989345586632 -0.0014242636828532464 -0.00031993153698155457 -0.015133803912020048 0.0014241131612529965 0.9999988752623542 -0.0004705035625456088 -0.21113524444718074 0.0003206013250870599 0.0004700474526330822 0.9999998381352985 11.887923367126062
0.999997155412145 0.002345418562734294 -0.00043379088318011116 -0.010268429418348903 -0.0023462051223724113 0.9999955890254971 -0.001821333422290041 -0.24772329452424963 0.00042951721517910037 0.0018223460375116263 0.9999982472836503 13.23585101244195
0.9999894946977832 0.004550795795134937 -0.0005483995715445647 -0.009643255376876238 -0.004551811157527642 0.9999879029104553 -0.0018641504453147204 -0.27021846196096544 0.0005399096133046866 0.0018666271060057767 0.9999981120989793 14.581573118609041
0.9999858048802005 0.005323395306539896 -0.00022691332307433186 -0.04260491032951883 -0.005323664323752114 0.9999851087853561 -0.0012003400982068507 -0.29459827938098293 0.00022052007652297967 0.0012015310890236513 0.9999992538467943 15.928326653507504
0.9999936357071018 0.0035592716030379574 -0.0002452018639328597 -0.04380715034169727 -0.0035589814135417435 0.9999929766857812 0.001174834809332848 -0.3246106271035354 0.00024938171977224367 -0.0011739546895302901 0.9999992798195999 17.294146074172865
0.9999996877848291 -0.0007565340800594327 0.00022822788933516986 -0.056994531749274414 0.0007557992944257127 0.9999945852876093 0.003202836409248317 -0.34879561114624785 -0.00023064972528148123 -0.0032026629771528493 0.9999948448621342 18.624515143252665
0.9999979417985847 -0.0020282147346330527 -5.240742752556419e-05 -0.04136383994618492 0.0020282862719987645 0.9999969624709786 0.0014003929295308298 -0.3841835355978724 4.95669762288146e-05 -0.0014004963705968188 0.9999990180761852 19.976160777572613
0.9999953117851709 -0.0030462643050466233 0.00031094418650480624 -0.050526123629092076 0.003046493601372347 0.9999950863700054 -0.000738991414482745 -0.403284156975772 -0.00030869152195237286 0.0007399352565737918 0.9999996786023517 21.31147640582768
0.9999995882071007 -0.00077666340614619 0.0004694480881580871 -0.04395871919909528 0.000777675348069171 0.9999973665990504 -0.0021591699765959806 -0.4489150389746065 -0.0004677699448412396 0.002159534209209321 0.9999975587982114 22.684250498573544
0.9999986436422402 0.0012142101392677304 0.0011128373398883327 -0.06672802536013217 -0.0012131116453520515 0.999998776773875 -0.0009873262253084277 -0.446285290920826 -0.0011140348951791295 0.000985974909614555 0.9999988933883959 24.04886316861711
0.9999974841397704 0.0011130729296797747 0.0019475070095633902 -0.10638532531756356 -0.001118984567924407 0.9999947622332179 0.0030370019709643455 -0.47208390276606416 -0.001944116566193553 -0.0030391736197525132 0.9999934918950281 25.433872098488262
0.999998266755148 -0.00013834499707558387 0.0018567041059536452 -0.07996415908884993 0.000129852164373237 0.9999895330993154 0.004573491990713769 -0.49343715720989867 -0.0018573175449882275 -0.004573243055205006 0.9999878178347769 26.817410438424332
0.9999912094518675 -0.0036119233666880735 0.002129562512881186 -0.10232868406449823 0.003604382008441079 0.9999872572643941 0.0035346475698493094 -0.5325697970413424 -0.002142302430507702 -0.0035269408065587444 0.9999914855770824 28.17372611852353
0.999987590567603 -0.004493891550512212 0.002150269387857847 -0.09197171753532812 0.004492199469154202 0.9999895969883262 0.000791235070531318 -0.5375020324500764 -0.0021538029242449542 -0.0007815658229621794 0.9999973751390735 29.54450077507352
0.9999866095929036 -0.004467319998196551 0.0026122205736969027 -0.09269053645493364 0.004470721985138327 0.9999891640681166 -0.0012978387547603416 -0.5854615968976391 -0.002606394627847031 0.0013094999194704154 0.9999957459476766 30.931192512018203
0.9999945443911068 -0.0015966034862254872 0.0028917211977569717 -0.09783521578033613 0.0016046714002519499 0.9999948210056517 -0.002789800950458859 -0.5949297872048823 -0.0028872522617894225 0.0027944260513486693 0.9999919274441635 32.31681919886397
0.9999948415005881 0.00017596588063395306 0.0032071813131575823 -0.10471927653717808 -0.00016218423923612495 0.9999907552278275 -0.004296877428375051 -0.6404939452482011 -0.003207908041925809 0.00429633519582918 0.9999856253095057 33.70237338768928
0.9999934058752681 0.0005398540698289007 0.00359120691074937 -0.1169777743332278 -0.0005235386928712565 0.9999895455373342 -0.004542546021030191 -0.660724072369177 -0.0035936219859956198 0.004540636023148865 0.9999832341099201 35.095868501274175
0.9999948096281734 0.0004146387763029214 0.003195120458082778 -0.11446282164076729 -0.0004055900050492301 0.9999959070729738 -0.0028321961345629896 -0.707106525404214 -0.003196281991472895 0.002830885583568774 0.999990884890459 36.486058983263945
0.9999943128198512 0.0013688385378107168 0.0030823060487061146 -0.1103227308028035 -0.0013651370857908022 0.9999983449759605 -0.001202683896703817 -0.7265762945524901 -0.0030839474891677194 0.0011984693116101825 0.9999945264525938 37.884417866708
0.999988194618197 0.003914482317505409 0.002878792935826544 -0.11590014723844742 -0.00391090127453206 0.9999915728848582 -0.0012486064191076424 -0.7511440054724807 -0.0028836565686140023 0.0012373330276070362 0.9999950767518455 39.27676526391074
0.9999766125820285 0.006118164429543672 0.003056524904212701 -0.1315150047045529 -0.0061144199931339295 0.9999805465583833 -0.0012330391177640368 -0.7849430861241111 -0.003064009640675252 0.0012143214249210504 0.9999945686174357 40.677849934210094
0.9999636428349133 0.007835024193523816 0.0033653219281486405 -0.1455353115643633 -0.00783188938646601 0.9999688848764335 -0.0009438243807501109 -0.8045432126714419 -0.0033726123888638106 0.0009174332517066299 0.9999938918801444 42.085367970988685
0.9999511198589934 0.009412956645747815 0.0030255780812067186 -0.15484823722211932 -0.00941016274807409 0.9999552848752503 -0.0009365405952901383 -0.8350979240401315 -0.003034258665885931 0.0009080236480591995 0.9999949843691385 43.48940382319643
0.9999609570141055 0.008423547818640955 0.0026698829108349146 -0.1664285123479235 -0.008420530879841251 0.9999638975402191 -0.00113942718816005 -0.8649615969112903 -0.002679384768780296 0.0011169008877668896 0.9999957867041492 44.90691549970447
0.9999659584960555 0.00802583956268202 0.0019151328318722897 -0.1625745148168074 -0.008022610803861983 0.9999663937016424 -0.0016879575352006227 -0.9057871299561021 -0.0019286159125759305 0.001672535737627446 0.999996741525723 46.31580815495032
0.9999710551910127 0.007543646072167697 0.000991044690946473 -0.1696154220146857 -0.007542604360537577 0.9999710016568077 -0.0010511807811613085 -0.9347783795937035 -0.0009989457738196585 0.001043675312532908 0.9999989564232655 47.732102126878175
0.9999722529949918 0.007447630562119829 0.00016131850464150385 -0.19642094096749035 -0.007447596225630198 0.9999722430841285 -0.00021537757940245437 -0.9616097630088731 -0.0001629180940040738 0.0002141701668833081 0.9999999637942788 49.13553109502687
0.9999663977142919 0.008129613906193269 -0.001054893746983528 -0.19804287717427643 -0.008129759693252539 0.9999669440567814 -0.00013348634452959928 -0.9896331520865143 0.0010537737724458807 0.00014205788746427802 0.999999434690881 50.562804543656654
0.9999614609347816 0.008510134136097596 -0.0021573687506422513 -0.20215831495483522 -0.00851044286640718 0.999963776595216 -0.00013370943659324146 -1.0145612733179696 0.0021561528997014355 0.00015206444177547085 0.9999976639396476 52.0224268121755
0.9999574442822149 0.008610130244292776 -0.003312892534410557 -0.22669977268366082 -0.008608590615896798 0.9999628307364763 0.0004788860378284727 -1.0439902339388134 0.0033168929479101793 -0.0004503463410756228 0.9999943976920175 53.422380344493405
0.9999635804481248 0.007433974788028486 -0.004192108376264357 -0.23033285497645467 -0.007427139795551348 0.9999710673891077 0.0016437744715942664 -1.0724606453923424 0.004204207221722878 -0.0016125792720133145 0.9999898620675809 54.883229758004816
0.9999730651521039 0.005686260058873661 -0.004640624589166444 -0.2414714197715116 -0.005678141276335209 0.9999823288474202 0.0017608848774263066 -1.101376831016212 0.004650555827376442 -0.001734487368556553 0.9999876818707918 56.28611356898704
0.9999799099862008 0.0037496830966278717 -0.005110722416733436 -0.24811012842142305 -0.0037420925866979626 0.9999918823031076 0.001494013956703574 -1.1277748178851559 0.005116283441636478 -0.0014748591815769243 0.9999858241217423 57.70570527514353
0.9999840009338516 0.002943027968978106 -0.004830781301436665 -0.27578518988921324 -0.002936261271107291 0.9999946989545943 0.0014072801994958759 -1.1593372079066244 0.0048348977677584466 -0.001393073281926344 0.9999873414798923 59.15735190223713
0.999988348423642 0.00157278521750172 -0.004563918508109745 -0.2862135728122393 -0.0015621501594030177 0.9999960586286236 0.0023328987054862414 -1.188123272242599 0.004567570056392132 -0.0023257420482737648 0.9999868640321731 60.56113613902064
0.9999914218058109 -0.00013580876834096318 -0.004139790236685722 -0.30247165187744024 0.00014796494413548376 0.9999956782458057 0.002936255315985398 -1.2131749220040646 0.0041393739285187706 -0.0029368427331961243 0.9999871201903617 62.022103058986744
0.9999929018599649 -0.0006115626745610472 -0.003717823945705961 -0.30300717641592567 0.0006221882834524725 0.9999957237141718 0.0028575222794668424 -1.2518602518845838 0.003716060809663431 -0.002859815241793649 0.999989006117699 63.40178532355943
0.9999927209116573 -0.0022244541798940864 -0.003099987909917497 -0.3106253618665419 0.0022302941622178024 0.9999957425920711 0.001881643445727151 -1.272655244487785 0.0030957893456834903 -0.0018885436720551662 0.9999934247268883 64.81636452468119
0.9999909787182005 -0.003605170461281504 -0.0022461587920209096 -0.33421632980297766 0.003607845465052408 0.9999927861349133 0.0011879074137164027 -1.298726597817808 0.002241860170492287 -0.001196000513717592 0.9999967718196887 66.26627859236282
0.9999973595684524 -0.0015283045334083152 -0.0017161412632645085 -0.34243656060293237 0.0015308263528982687 0.9999977492108503 0.0014690613784448302 -1.3282481279588862 0.0017138923735665454 -0.0014716846429908346 0.9999974483569253 67.63358181901155
0.9999987935541835 0.0012298664953376715 -0.000948849278067637 -0.3618847534805171 -0.0012274907197359023 0.9999961204684412 0.0025004632029917086 -1.3604859219046652 0.000951920915287139 -0.0024992955336114882 0.9999964236788079 69.08324292886945
0.9999914438282169 0.004131373317484893 -0.00020980160944527172 -0.38195766053599356 -0.004130586419337789 0.9999849053953438 0.0036231539236586483 -1.3838595147219739 0.00022476706568302115 -0.0036222563943923433 0.9999934143480531 70.46736828455708
0.9999656771242733 0.008275411975680196 0.0004026322434052736 -0.4124419238907468 -0.00827715612289886 0.9999554333199013 0.0045409335337752025 -1.4136369442535415 -0.00036503623136816357 -0.004544110421420304 0.9999896088507612 71.89733617336601
0.9999157605978093 0.012953404101030248 0.0008252269699122368 -0.4184004079741582 -0.012956593377159405 0.9999081261024252 0.003983223999284765 -1.4385173673071063 -0.0007735549059452419 -0.0039935806731746775 0.9999917264287387 73.27725266000644
0.9998875073344079 0.014913462197261557 0.0016004016448628688 -0.43551458203518534 -0.014918682936154434 0.9998832622393939 0.003300731876550322 -1.4537214274058385 -0.0015509896067871787 -0.0033242365288159944 0.9999932719179799 74.66656942112975
0.9998501790859414 0.017174455992872022 0.002158100786465692 -0.4414824183877471 -0.01718132221998958 0.9998472570530837 0.003203868999287049 -1.4787372139243251 -0.0021027466207701392 -0.003240468093016582 0.9999925388826533 76.12379258993124
0.9998412239035838 0.01765819371548074 0.002390634209264768 -0.4481420222278003 -0.01766686006693429 0.9998372541592481 0.0036533955148596317 -1.5099096024146552 -0.002325732972385029 -0.0036950505274925514 0.9999904687372728 77.48476485942473
0.9998593438912884 0.016613178153192975 0.0023010221824444547 -0.45186740349483984 -0.016621453992450817 0.9998552830945263 0.003624938516725282 -1.5423784869362895 -0.002240467623641059 -0.0036626750644154433 0.9999907825144886 78.93257066841865
0.9998553350608433 0.01679494660013288 0.0026904789464421396 -0.46887116995363315 -0.016801790065098916 0.9998556109491137 0.002541092143176577 -1.572917378434298 -0.0026474131865426333 -0.002585929460350023 0.9999931520611801 80.28066290262154
0.9998721014506815 0.015827611774022775 0.0022950832671222465 -0.46392316072639006 -0.015833080798532878 0.999871806339477 0.002384215043881862 -1.5952556126252402 -0.0022570528116419475 -0.0024202484030357756 0.9999945240388475 81.68414977351864
0.999883173612755 0.015165138162755915 0.001912504542205449 -0.47025898840314045 -0.015169834448725165 0.9998818931863666 0.0024649218919104714 -1.6210444211792445 -0.0018748979386902823 -0.002493646360520058 0.9999951332298703 83.11600674480894
0.9998796952292357 0.015440574743400357 0.0014777284540411885 -0.4780709061066652 -0.0154441390299303 0.9998777767516233 0.002431083696757605 -1.649422937035557 -0.001440010632392013 -0.002453613528500892 0.9999959530660342 84.43557992700667
0.9998852395545826 0.015117472522918514 0.0009847372277467198 -0.4952210895682609 -0.015119764368318385 0.9998828999452933 0.0023620248455772847 -1.6712182501414794 -0.000948914148454743 -0.0023766428310544986 0.9999967255595611 85.8674271070061
0.9999062005669659 0.013695949101054908 -0.0001049349863333441 -0.495970501979207 -0.013695532590973149 0.9999008399176458 0.003277613881211413 -1.7015189796794765 0.00014981462833039104 -0.0032758693775425444 0.9999946231036867 87.17998272853126
0.99990418614364 0.013806450136042234 -0.0010002152929394323 -0.5085306781990007 -0.01380218183554463 0.9998961069192586 0.004156341913757468 -1.7365667660863666 0.0010574957967435575 -0.0041421386183398004 0.9999908621547123 88.58570814319769
0.9999240604621766 0.012078139138156276 -0.002447821569019587 -0.5101687509670775 -0.0120666967272287 0.999916443485361 0.004636906901773191 -1.760320382055759 0.0025036224588688687 -0.004607017758782173 0.9999862535392057 89.97167095656783
0.99993570049192 0.010901831660499019 -0.0031216849837820823 -0.5248534366560461 -0.010887512480340889 0.9999302950514545 0.004568055888009928 -1.7895072620159804 0.003171267834186831 -0.004533774880332661 0.9999846938590635 91.32228668384055
0.9999470454873308 0.009583005232406275 -0.0037512935634816435 -0.5285271351647312 -0.00956750410134086 0.9999457067426771 0.004128735000740717 -1.8151045852815477 0.003790655905703857 -0.004092625940125086 0.9999844405532747 92.6939279087661
0.9999569631991925 0.008368789805903444 -0.004004382723180176 -0.5415003890370066 -0.008352785253281824 0.9999571263260466 0.003997062105562057 -1.8424564675381139 0.004037661957080122 -0.00396344242365037 0.9999839940811582 94.04587184506131
0.9999651293288413 0.0073187788739967445 -0.00402188752256997 -0.5567866219926354 -0.00730536166528124 0.9999677348942428 0.003340789735226618 -1.859723588711844 0.004046208601434821 -0.0033112919708783977 0.9999863316814394 95.45230304915931
0.9999620892544155 0.007796644606183816 -0.003877159140254056 -0.5705799729612149 -0.007786297950446633 0.9999661038034788 0.0026767189583943732 -1.8857369039052598 0.0038978974767868964 -0.002646428827018387 0.9999889013471545 96.76521827967032
0.9999515512501723 0.009112798732059023 -0.0037218308084212785 -0.5814695056412154 -0.009105209347570946 0.9999564429526779 0.0020511898902637765 -1.9190708615431709 0.0037403610942390534 -0.0020172025137922284 0.9999909702593207 98.10502411877238
0.9999399042610995 0.010420327162072873 -0.0034065551444582205 -0.6040820016126189 -0.01041332705946506 0.9999436447135444 0.0020664075401911563 -1.9435149803092897 0.003427896100360083 -0.002030809835834945 0.9999920626416714 99.48430534921934
0.9999383230307033 0.010662494530585405 -0.0031082655356538397 -0.6192386472834811 -0.010652105796804156 0.9999376861802381 0.00334012313651159 -1.9710802833667376 0.00314368616010742 -0.0033068076304100334 0.9999895910793022 100.84743617410926
0.9999331813920548 0.011195331778122075 -0.002880497542734815 -0.6373007117308621 -0.011181372285555142 0.9999258803232811 0.004817758672840259 -1.9976308417970499 0.002934220699100585 -0.004785228946797353 0.9999842458454817 102.18345299419107
0.9999381614147952 0.010777132909621248 -0.002743487333602381 -0.6485802035592734 -0.010767143935687049 0.9999354426056951 0.0036303245922475855 -2.0230028847299586 0.0027824349492247503 -0.003600560656588979 0.9999896469585996 103.52565332323626
0.9999416990065085 0.010463608632089928 -0.0026667308765179762 -0.6589000040273131 -0.01046020949495626 0.9999444639994014 0.0012856742034170782 -2.044400873351116 0.002680035795486111 -0.0012577047186829416 0.9999956177863444 104.8475450503556
0.9999502659905248 0.009554559117530502 -0.002859356399312476 -0.675910570384495 -0.009554450576655889 0.9999543538626491 5.183403028514288e-05 -2.0724399668660443 0.002859721373123159 -2.4511883100824092e-05 0.9999959106905933 106.23285844434851
0.9999662807178774 0.007720609724592703 -0.0027981406978444855 -0.6809186842730135 -0.007717615672639927 0.9999696361825198 0.0010794153816492925 -2.1025977235280724 0.002806389718027813 -0.0010577840390785334 0.9999955026272919 107.53023207924491
0.9999862875845078 0.004764763483080821 -0.0021729378623926705 -0.7021019898937653 -0.004758221313792849 0.9999841609707344 0.0030061846566678666 -2.1251990176350333 0.0021872273910017153 -0.0029958041798389995 0.9999931205753377 108.89860127168642
0.9999950935186931 0.0028493581117789487 -0.001301571969579777 -0.7073890790046607 -0.0028441759913173945 0.9999880898144389 0.003966219420282482 -2.155433858937955 0.0013128577610708602 -0.003962498141703568 0.9999912874700387 110.20737949794338
0.9999963672270324 0.002619419317538006 -0.0006357432358458052 -0.715207603656264 -0.0026177878531070285 0.9999933123725608 0.0025538992013096917 -2.18322747511354 0.0006424287733254336 -0.002552225735485061 0.999996536709283 111.56730652312747
0.999991500750413 0.004122905026634322 8.5603633241916e-06 -0.7272093929316081 -0.004122909029229246 0.9999913780042824 0.0004955259523466846 -2.2030202293202503 -6.517283496576846e-06 -0.0004955570472662363 0.9999998771903922 112.88024711484525
0.9999753847887161 0.006909849883957776 0.0012181045273953754 -0.732633913904646 -0.006908001105262877 0.9999749905615676 -0.001515845187530948 -2.2375555985647284 -0.0012285484314763769 0.0015073932326778638 0.9999981092144544 114.25830226090669
0.999955392844832 0.009038348709735113 0.002742363341393575 -0.7467888579100748 -0.009033463653878682 0.9999575975979693 -0.0017887315907925202 -2.2576596008573313 -0.002758414473589964 0.0017638787910823604 0.999994639924361 115.58860496624591
0.9999357503771268 0.01049657599716522 0.004279835376002505 -0.75603585827853 -0.010495055347636846 0.9999448540434754 -0.00037776910178600825 -2.290160164661125 -0.004283565005406388 0.0003328277231200282 0.9999907701031557 116.93880696301001
0.999935559797491 0.010089486334545445 0.005203700667744599 -0.7630604940583305 -0.010098564267455742 0.9999475270877324 0.0017210733830589514 -2.3162286752640817 -0.005186063305501871 -0.001773512420825679 0.9999849795850452 118.23504148578625
0.9999347254683134 0.009721236414428807 0.006003528077574294 -0.7647036723706925 -0.009736765653380455 0.9999493124727243 0.002562791722311985 -2.3407701104620013 -0.00597831077307387 -0.002621079437507623 0.9999786946416476 119.56255731919396
0.9999204175761217 0.01045290773778091 0.007063654628968201 -0.7666221478958296 -0.010465184804209698 0.9999437878661253 0.0017032436033376276 -2.371705777772872 -0.007045454312245373 -0.0017770305434647055 0.9999736015163952 120.93636204968563
0.9999026850140942 0.011265467131259671 0.008228592359996173 -0.7618369128219523 -0.011276640596247948 0.9999355550858389 0.0013126608074963122 -2.3913526091608484 -0.008213275025544295 -0.0014053239742268546 0.9999652829829726 122.21774578630189
0.9998632383667728 0.013552466752246903 0.009478142253958577 -0.7657465764593241 -0.013564536234718167 0.9999072651245089 0.0012101825239838506 -2.4182869945435934 -0.009460863140472309 -0.0013385836505502907 0.9999543490858578 123.58342819970191
0.9998341940665243 0.014706257348065958 0.010738265171138187 -0.7632671811386675 -0.014710965241196326 0.9998917232973421 0.0003594732912047749 -2.4438376947500338 -0.010731816867877438 -0.0005173839468106357 0.9999422785410831 124.89763677690942
0.9998052383417053 0.015821564500758493 0.011796755721101936 -0.7610021560305122 -0.015816270527289088 0.9998747680818183 -0.000542016572927586 -2.469023972135604 -0.011803854939705845 0.0003553303335436296 0.9999302689400792 126.27679456594521
0.9997822276824712 0.016512371675560765 0.01276082885761379 -0.7535558763128681 -0.01649659422180738 0.9998630230116872 -0.001340760108745193 -2.507521996756643 -0.01278122112899761 0.0011299579327370953 0.9999176783994039 127.61961930063809
0.9997896702279899 0.0152510385046152 0.01371207843926647 -0.7488729768901166 -0.015246449360823833 0.9998836696830381 -0.0004392300174469231 -2.532751324953103 -0.013717183183083941 0.00023007712876080706 0.9999058885439723 128.90937867144157
0.9998041439732265 0.0134228356412038 0.014543079046790326 -0.7351642752190163 -0.013437951358558152 0.9999092628647517 0.0009420902075355417 -2.551238695641973 -0.014529115155185268 -0.0011373349031940508 0.999893799999716 130.29420881273484
0.9998036958886515 0.013151216734055896 0.014819418251125156 -0.7240100615501759 -0.01316802323227887 0.9999127600886847 0.0010370190284960214 -2.5834467220146675 -0.014804488595309237 -0.0012319579235182641 0.9998896486078492 131.61924833786915
0.9998170621387872 0.011953490516067608 0.014931721130906388 -0.7072746133694617 -0.011968167978865511 0.9999279793285836 0.0008939461341178353 -2.618982204690698 -0.014919961222426725 -0.001072487962378512 0.9998881160023865 132.97716828513987
0.9998433424320853 0.009869306066317642 0.01469310633817739 -0.6959122377593816 -0.009888559184437361 0.9999503403681921 0.0012382314021326206 -2.6390413402819544 -0.014680157439334535 -0.0013833310983119417 0.9998912837746694 134.31139581868183
0.999859788113989 0.008867295023805906 0.014204758947772587 -0.6853978661614575 -0.00888914653695046 0.9999594016062427 0.0014758836179305378 -2.671529058855193 -0.014191096360443635 -0.0016019448921241986 0.9998980180759298 135.66343304385654
0.9998778569910434 0.00861007349942547 0.013043685065784865 -0.672380347435636 -0.008631891547154347 0.9999614367043511 0.0016172727267452158 -2.6973751499150453 -0.013029258321480403 -0.0017296668931284025 0.999913619606556 136.98588154855375
0.9999213824205961 0.0040384843770976675 0.011870957023388529 -0.6561762599000986 -0.004070641522438449 0.999988107688019 0.0026859574283650952 -2.7110041067362904 -0.011859969653461283 -0.0027340687227882777 0.9999259302479506 138.3410338304626
0.9999364602796154 0.0027983680318673506 0.010919914899316863 -0.6482713631617824 -0.002829385170864727 0.9999920041547051 0.0028259884612016097 -2.7357286034519848 -0.01091192034960977 -0.002856705593531897 0.9999363825870556 139.65945026693922
0.9999512561945578 0.0020593361051929986 0.009656312598911252 -0.6382080722784771 -0.002086738283377642 0.9999938224882888 0.002828517584681448 -2.7627545102112725 -0.009650428891903828 -0.002848529959011058 0.9999493762650532 141.0304795513566
0.9999598928624394 0.0026491447363216772 0.008555390163500645 -0.6376721916951533 -0.0026680694825494816 0.9999940177146541 0.0022013506175393447 -2.7902016241420733 -0.008549508007185723 -0.0022240887419785996 0.9999609789064552 142.3917732707884
0.9999698897993722 0.001832079017782158 0.007540754912081053 -0.6323478174292114 -0.001844810090645549 0.9999968843156337 0.0016816770468250418 -2.8097364986595696 -0.007537651087973333 -0.0016955377006301463 0.9999701540353625 143.75159476108593
0.9999787303367034 0.0007920190054044405 0.006473915749406445 -0.628809886231805 -0.0007891597086226044 0.9999995899507012 -0.0004442147734419202 -2.840615614365556 -0.006474265468862702 0.00043909638499468656 0.9999789453156408 145.08980002297287
0.9999818359731447 -0.0025276689655220463 0.005471619771958278 -0.6413905943221947 0.002535909935271816 0.9999956600393783 -0.0014996865172508633 -2.887013593355791 -0.005467805777408493 0.0015135348480630614 0.9999839060236182 146.41895682224836
0.9999582179793289 -0.008000044508895032 0.00442284947253086 -0.632117724112469 0.007996891595864052 0.9999677577332706 0.0007302121116068642 -2.9176769168935643 -0.00442854897235034 -0.0006948125580599933 0.9999899525417659 147.77101150781647
0.9998453879298916 -0.01735020373320257 0.0028584398122682795 -0.6188053310309214 0.01734314417234546 0.9998465289639306 0.0024766630525210557 -2.938237774506915 -0.0029009719749848607 -0.002426705828942543 0.9999928477029831 149.1323254160967
0.99978533308171 -0.020649655726566712 0.0016969034731495675 -0.6056750854570011 0.02064982194266579 0.9997867665136294 -7.969940966658482e-05 -2.9619437156634425 -0.0016948960129024118 0.00011472307485003132 0.9999985570808361 150.46928476463785
0.9998110527002553 -0.019306951356370002 0.002258437075548075 -0.6056921121628777 0.019315413423415962 0.9998062698600289 -0.003786495176246348 -3.0081105937088224 -0.002184894056353826 0.0038294024660354945 0.999990280908549 151.84296975240198
0.999866481455787 -0.016053314303486506 0.0030512906143214252 -0.6214505204939609 0.0160721382512912 0.999851314579249 -0.0062478073501115415 -3.0282502414387253 -0.0029505391700919838 0.0062960140553430955 0.9999758269687321 153.20346118246897
0.999847196615779 -0.017082987117060897 0.003708771243772932 -0.6325370666748317 0.01710522050153551 0.9998354035093581 -0.006047917983522261 -3.0579920003302203 -0.003604844596401676 0.0061104333275386405 0.9999748335310796 154.54073030302663
0.9997977383096749 -0.019609280527799186 0.004467504918514397 -0.6206738799486033 0.019624528220326502 0.9998016567757076 -0.003394848130865431 -3.091274853979112 -0.004400048663041373 0.0034818342466988424 0.9999842580744627 155.84597910610287
0.9996096662046277 -0.027517871375395516 0.004825141073232051 -0.6153698654536138 0.027516232797056187 0.9996212743216231 0.000406030205164576 -3.119008027187887 -0.004834487161548405 -0.0002731019932093214 0.9999882765031772 157.15820599471255
0.9995078408829574 -0.03101480954574458 0.004707185550045184 -0.5997255110034276 0.031007513006415736 0.9995178456445055 0.0016156692085372345 -3.1360368349793384 -0.004755026031002689 -0.0014689159264082855 0.9999876159274699 158.53074851347375
0.9994827065461261 -0.03181019290249509 0.004736130729301532 -0.6018991180422687 0.03180280645808903 0.999492838143555 0.0016272721785107486 -3.1804686967548768 -0.004785492987028914 -0.0014758081531935196 0.999987460442382 159.88769801055878
0.9995186272906165 -0.030497143503933538 0.005695430846223588 -0.6008375562217696 0.03048668585262907 0.9995333396662702 0.0019143906880016758 -3.197887490424633 -0.005751156944287978 -0.001739834347857972 0.9999819484193259 161.27842445205292
0.9995849697072028 -0.02799735164212585 0.006785030416471044 -0.6112646515843332 0.02798642864641276 0.9996068579939096 0.0016997847427832494 -3.218053892416978 -0.006829952980929776 -0.0015091905137869428 0.9999755367407683 162.59910179201066
0.9996540227616476 -0.02513358338933854 0.007754854559490352 -0.6099011681192001 0.02513825025685871 0.9996838568585421 -0.0005046885630878923 -3.2394778364896037 -0.007739718936020217 0.0006994574662621109 0.9999698032956694 163.97991434287283
0.9997104387795833 -0.022512808619571518 0.008497767583912913 -0.6102042484565058 0.022526809560116504 0.999745029418179 -0.0015553138025281416 -3.2611018079889074 -0.008460587135882072 0.001746291094539195 0.9999626837665855 165.30346753470684
0.9997470029749717 -0.0206756637917293 0.008857030102029878 -0.6113057570468536 0.020680392798041382 0.999786039875298 -0.0004425136067464975 -3.292177533676979 -0.008845986534713895 0.0006255685490003921 0.9999606778164922 166.67941662098733
0.9997603751803247 -0.02015119939575161 0.0085511049355592 -0.6064456708267401 0.020157476087507405 0.9997966072387745 -0.0006483094986063366 -3.3143807858398002 -0.008536302209275183 0.0008205228793552967 0.999963228463826 168.04915301785928
0.9997995122729337 -0.018294957962295945 0.008138168523966111 -0.6018514235291276 0.018317799411214062 0.9998284580558338 -0.0027409265778288185 -3.343881004919609 -0.008086628034570182 0.0028894504718140427 0.9999631280782098 169.38497714629315
0.9998929372376406 -0.012378288663156035 0.007803335766483255 -0.605163887684266 0.012422500173483566 0.9999069156057444 -0.00564283643722916 -3.3921431782652847 -0.00773276139666638 0.005739169368368715 0.99995363208966 170.7855637981637
0.9999427501036585 -0.007440908379196729 0.007689565197795308 -0.6057030597653539 0.007496110121120395 0.9999461623254657 -0.007175010448707698 -3.4275812641753944 -0.007635763264778975 0.007232241662064738 0.9999446933672309 172.10942494319892
0.9999606142512889 -0.004075689358391083 0.007884079833349539 -0.6140828267629106 0.004123717254029498 0.9999729829542533 -0.006085089319446398 -3.4522557671862066 -0.007859066563881361 0.006117361499776605 0.999950405247281 173.46075928332536
0.9999630533219132 -0.000454491554951926 0.008584022145029178 -0.6134791684589838 0.0004877060765242393 0.9999924017138107 -0.003867642288707341 -3.4865174695542334 -0.008582199838802509 0.0038716859555775595 0.9999556769610835 174.8585079042216
0.9999620483165371 0.0011313078611692364 0.008638406919908534 -0.6176401662776823 -0.0011125149899752496 0.9999970049387568 -0.0021800059651711926 -3.5234740766991135 -0.008640848037300107 0.002170312922030823 0.9999603119523927 176.2678048875394
0.9999694332151058 -0.0008147286995617928 0.0077761726245193785 -0.6105065400679994 0.0008228318743479582 0.9999991218134657 -0.0010389027030320262 -3.55508303649118 -0.00777532002961317 0.0010452694573672833 0.999969225428111 177.65569586757698
0.9999737040706722 -0.0037181394324589945 0.0062262844262344266 -0.6094214868591223 0.0037241372724628845 0.9999926122624107 -0.0009519543680586731 -3.5773032155957294 -0.006222699455410195 0.0009751169005649848 0.9999801633793336 179.0312619171474
0.9999804516091256 -0.0047039764516065025 0.004119346580429541 -0.6114940118229008 0.004723032896205992 0.9999781344243259 -0.00462856645561079 -3.6105569543358693 -0.004097484190666543 0.004647931882539298 0.9999808034894951 180.3911170775872
0.9999936309374681 -0.002285988548283834 0.0027408662500448128 -0.6201086337804629 0.002309520207153814 0.9999602384346435 -0.008613226015891965 -3.6498238090865778 -0.002721067769712765 0.008619501417558047 0.9999591491567558 181.80565337225457
0.999997309768669 0.0009628280614642206 0.0021103124831480724 -0.6370858034907135 -0.0009420120916770946 0.9999511141968108 -0.009842856841407604 -3.6764606331365783 -0.0021196864848381054 0.009840842616916506 0.9999493310881019 183.171635886329
0.9999843069176763 0.00524486028493258 0.0019690991173118093 -0.6448295094676884 -0.005227391287483557 0.9999478401540048 -0.008774472159857312 -3.7180786289557854 -0.0020150174677464865 0.008764041380132637 0.9999595648229525 184.55402648221425
0.9999659504826379 0.007997706821007734 0.002033358443805483 -0.6595724474303575 -0.007985540538077717 0.9999505738865279 -0.005922916817510445 -3.7599436404856226 -0.0020806278761964303 0.00590647779075236 0.9999803920601833 185.97772172616422
0.9999669448689021 0.007757932780411068 0.0024338519319222845 -0.664581265847612 -0.007749343426414412 0.9999637810687803 -0.0035191254402091115 -3.7865390591070183 -0.002461065130350647 0.0035001484256347156 0.9999908460160767 187.36864393864224
0.9999729062762845 0.006921314308873109 0.0025064138794702 -0.6711521836318308 -0.006913683236201093 0.9999714769572107 -0.003040768115725797 -3.8184982170440427 -0.002527388717286257 0.00302335723471855 0.9999922357767369 188.75356763847333
0.999980974035087 0.005607318274864849 0.0025709029184220406 -0.6717580579791811 -0.0056002530392576825 0.9999805445532951 -0.0027473063506125855 -3.8493560369103803 -0.0025862581426163026 0.002732856425250085 0.9999929213554333 190.1812741605008
0.999994329684962 0.002223501446551766 0.002529157692407371 -0.6720431711838402 -0.0022195523696397906 0.9999963149703912 -0.0015632136822246723 -3.8811269906883825 -0.0025326243957136127 0.0015575912514194116 0.999995579850067 191.5810961035109
0.9999957817306402 0.00028431114916611846 0.002890621273778948 -0.6746882662621111 -0.0002790002192445311 0.9999982727996628 -0.0018375410771708312 -3.9119758917548806 -0.0028911389603513797 0.0018367268802949282 0.9999941338557871 192.9831690904863
0.999993107361504 -0.001566424301139976 0.003366236916820543 -0.6770628695560399 0.0015698794776223667 0.9999982434546235 -0.0010239940493330362 -3.9521159944460362 -0.0033646272797785504 0.0010292716017888544 0.9999938099203065 194.3988432765583
0.9999712455958459 -0.006654666925852176 0.0036363995947403735 -0.6763812457164451 0.006652831860145841 0.9999777362141025 0.0005166201027967269 -3.975780561550432 -0.003639756876151426 -0.0004924128942629578 0.9999932548247709 195.84779843646885
0.9999441478625307 -0.009779937005423785 0.004006744582446605 -0.674780182072801 0.009777603791765883 0.9999520170816317 0.0006016549428985644 -4.00250114157132 -0.004012436812517464 -0.000562444978497522 0.9999917919671976 197.2573392976472
0.9999544069371334 -0.008600529005751516 0.0041490916998600524 -0.6749669918791736 0.008614720612432703 0.9999570625592373 -0.003414618228521152 -4.032438392166136 -0.004119546375699622 0.0034502058893445134 0.9999855626017297 198.64211394638147
0.9999880426718616 -0.0017612269473202997 0.004562082948849641 -0.6875780080513092 0.0018009271566040031 0.9999604215724274 -0.00871274623788829 -4.0623919052126665 -0.004546557656544177 0.008720858212729351 0.9999516365508284 200.05855290831485
0.9999495905721775 0.007991152236311116 0.006079291858964855 -0.7045748398126893 -0.007936322588755484 0.9999280906813668 -0.008990454204894839 -4.0997264678931495 -0.006150699317056737 0.008941753955063253 0.9999411052298808 201.55040493893136
0.999857440557948 0.015332932578063016 0.007071047013466265 -0.7254585221738714 -0.015292485706778432 0.9998665916426306 -0.005739236722417547 -4.134718632542639 -0.0071581036168680175 0.005630284759697595 0.999958529859831 202.9763527419348
0.9998223364930763 0.017026501921509986 0.008086633550936757 -0.7299900102929697 -0.01700107535870342 0.9998503415365679 -0.003202813226517881 -4.1684103341544345 -0.008139956714767561 0.0030647627910763008 0.9999621734479078 204.40493275548968
0.9998613106176679 0.014876495018183673 0.007486614325235686 -0.7266536459104664 -0.014854045066821083 0.9998850344483131 -0.003045532829526668 -4.194372725883073 -0.00753106111620034 0.002933903992434069 0.9999673371260175 205.84779178437276
0.9999119901408857 0.0116680378284554 0.006314178030866535 -0.7200585342880179 -0.011651603464289848 0.9999286500114631 -0.0026334484973156457 -4.227725723862972 -0.006344455230000172 0.0025596464759418615 0.9999765977717926 207.28026099380926
0.9999362554587394 0.009975682927959759 0.005288738254004269 -0.7216685766712845 -0.009959869931724088 0.99994587496904 -0.00300801367257787 -4.2708501359386 -0.005318459444018463 0.002955146837946199 0.9999814903738737 208.74404446693356
0.9999297663770917 0.010737476881856951 0.0050168599610220955 -0.7147862046237025 -0.010716219607000721 0.9999335684912601 -0.004245146268114345 -4.296509888876046 -0.005062109275245634 0.00419108642153252 0.999978404686082 210.24250401029215
0.999926254890645 0.011192082094398615 0.004714027764347834 -0.7142267792097683 -0.0111734452638649 0.9999297275040744 -0.003961590732236242 -4.327705062516561 -0.004758035352536112 0.003908626725434331 0.9999810416858596 211.6529153109119
0.9999161983798266 0.012109767372055085 0.0045770872670592 -0.7289687298106273 -0.012093576459193626 0.9999205724622532 -0.003548831447097999 -4.35804400149575 -0.004619699637564286 0.0034931807577813596 0.9999832278883365 213.12287551316084
0.999922166045921 0.011710393441249661 0.004304475875133995 -0.7350754078404197 -0.011695673372578031 0.9999257228222181 -0.003429298910297523 -4.4026989404821215 -0.004344314960902228 0.0033786883116861443 0.9999848555790973 214.60848853727725
0.9999184725833418 0.012113717714667085 0.004038069501870354 -0.7328213339596397 -0.01209649050885023 0.9999177438421958 -0.004263859327613062 -4.4355474501667755 -0.004089388883841603 0.0042146653138920255 0.999982756596237 216.08462253269064
0.9999361149418954 0.01067180330463192 0.003725403188207763 -0.7370890446776732 -0.010653731654317596 0.9999315449523113 -0.004837709797528962 -4.465791399247002 -0.0037767755767158925 0.004797711383746737 0.9999813587897423 217.5313035846341
0.9999425446024838 0.010263520212303374 0.003093158120033585 -0.7362334770833716 -0.010249501104446057 0.9999372802736235 -0.0045147834793045774 -4.495463702247692 -0.003139301959100527 0.004482820836105762 0.9999850244360665 218.94839075650341
0.9999300764352967 0.011385920005240736 0.003194220222496151 -0.7408782613330464 -0.011368861920830494 0.999921279730488 -0.005308799101341593 -4.533722947194532 -0.003254414614554498 0.005272113340368255 0.9999808066169164 220.45188170164994
0.9999439370819297 0.010189400251058162 0.0028807630949542066 -0.7392370591598366 -0.010174129585936807 0.9999343707255329 -0.005267006019771552 -4.572908496134575 -0.0029342419179095407 0.005237401576820723 0.9999819797602271 221.91949649006435
