1.0 -3.469446951953614e-18 0.0 -1.5585406229479126e-19 0.0 0.9999999999999999 -3.5575383784680614e-19 0.0 2.168404344971009e-19 -2.388632911257127e-19 1.0 0.0
1.0000005914377053 1.1956327172438913e-06 5.3627550915744115e-06 -0.0025724908183114847 0.00020089264314402354 0.9999981306314466 0.0006661498083598322 -0.021923715912692023 0.0005683330602807809 -0.0006705202411875233 1.0000006495569949 1.3269663392242248
1.0000037316296113 1.8269696085791015e-06 8.312126194324207e-06 -0.005051259579434729 0.0006039663497323811 0.999994406432806 0.0010323810811453688 -0.03979067333320005 0.0006267138633196559 -0.001036785216461184 1.0000004127387558 2.620117433890171
1.0000022564511915 2.1530294465766514e-06 9.715492281480971e-06 -0.00766781410575053 0.0005736686742335347 0.9999944704700543 0.0012067491893815072 -0.06788230463530817 0.0013086056372297959 -0.0012170831090065354 1.0000007834715048 3.9439816432133856
1.0000053681310164 2.5449456039893653e-06 1.1598817258498756e-05 -0.010133901882015899 0.0008626640902973017 0.999991623046216 0.001440503117562757 -0.07549140329470364 0.000874038807980466 -0.001446838386904682 1.0000001704409518 5.275855065110369
1.0000074279941866 3.0339157678759693e-06 1.3881255028038927e-05 -0.012613158270836866 0.0011917792263351872 0.9999881822768263 0.0017239158024472017 -0.08502868469822282 0.0012009214177642038 -0.0017329916644421366 0.9999999706828442 6.606422889662988
1.0000170716420134 4.158402894862204e-06 1.9377974084625786e-05 -0.015237969198912724 0.0023174061370468436 0.9999757242968542 0.002406188937561489 -0.11208120593335089 0.0008797254690161207 -0.0024113294769315956 0.9999983291515976 7.939493756793719
1.0000179295681915 4.239668726473134e-06 1.978566672240908e-05 -0.01766751431630369 0.0024216536949806054 0.9999745140382069 0.0024567910446100082 -0.11741735824074176 0.0008694735283303572 -0.002461734586010353 0.9999981975268587 9.261264895432735
1.0000165749849947 3.931399673339983e-06 1.8330837519934477e-05 -0.020129374303312273 0.002341788232606142 0.9999757772375364 0.0022762734193519825 -0.12886519505105284 0.0012635250348684217 -0.0022853709722645116 0.999998904766247 10.573677746781401
1.0000079840143015 2.5876080993313816e-06 1.1899419481575238e-05 -0.022586525035853684 0.0013282440051240203 0.9999873089175576 0.0014779080494902088 -0.1352000354708981 0.0015015502630514297 -0.0014897054880671655 1.0000004957216373 11.906284144945692
0.9999992521824139 2.2426300669130955e-06 1.0002186124707284e-05 -0.025159273355659657 0.00019437808993795838 0.999997626133225 0.001242341001653163 -0.1571133631863771 0.0012810079862291563 -0.0012526342419571623 1.0000007259945307 13.23343942436171
0.9999951233980792 2.07925439894667e-06 9.119448797441625e-06 -0.02762456563063315 -0.0003260932118065831 1.000001914505987 0.0011327381649847608 -0.1636656472669572 0.0012466033752682102 -0.001143026776323954 1.0000008370568267 14.569585194288734
0.9999972209255581 2.9254703350842237e-06 1.2992748793485415e-05 -0.030234169735062787 -0.0001855834380516657 1.0000001518485102 0.001613520691316317 -0.18367036583165225 0.0007115298080446061 -0.0016195517619129096 0.9999997435769585 15.925664061905472
1.00000664954978 5.666793312699911e-06 2.5726602629221485e-05 -0.03272187098469014 0.0008709724573838246 0.9999874600186073 0.0031939473626924637 -0.19540937551922918 0.0002013954118126242 -0.0031943933194703393 0.9999952876720352 17.251090216417573
1.0000223810850841 7.168901995983218e-06 3.327378085999852e-05 -0.03534943487447885 0.002831754271807445 0.9999645970501919 0.004130484038001957 -0.215978894156752 0.00023293290292602533 -0.004128272943815108 0.9999919320631001 18.614597090284196
1.0000328243336352 6.328191735918698e-06 3.0017897694205667e-05 -0.03799098133190748 0.004143577735720112 0.9999510510153324 0.0037265119911371195 -0.24339854585987958 0.0002992439225548381 -0.003723067181384001 0.999993618971849 19.955299446245725
1.0000361597538112 5.259028498842688e-06 2.536461760710364e-05 -0.040488425238490444 0.004587603547914612 0.9999475304768415 0.0031491030287330913 -0.2441282142845098 0.00043212865138569684 -0.003146626808582243 0.9999957819195326 21.335218212900003
1.0000198508863503 4.4648214906368305e-06 2.0895356841411613e-05 -0.043371209674158265 0.0024721004143625786 0.9999736351219576 0.0025942767037905067 -0.3018406138957725 3.034959630628109e-05 -0.002590351727012151 0.9999967370160928 22.674434459346816
1.0000253550743146 5.820060778984407e-06 2.7305038742936197e-05 -0.04558338431447573 0.003048444029458001 0.9999650119755605 0.0033895578760757624 -0.26776992061444094 -0.00044782720552023303 -0.003379386589004885 0.9999934301473592 24.05155521127558
1.0000285986717494 1.252975775094256e-05 5.816257689969821e-05 -0.048064853789736135 0.002904941452973422 0.9999462504908239 0.007215393760614926 -0.280113540335002 -0.0028842040934778388 -0.007179121988532653 0.9999649670921338 25.370833695875543
1.0000295812781927 1.5236099488190324e-05 7.075493422671153e-05 -0.05096430403035287 0.0030243486415762293 0.9999324285207198 0.008776454532015351 -0.3266268827031903 -0.0028959031388065513 -0.008739629622532427 0.9999525136246821 26.76922288789392
1.0000414000012097 1.5881473026117116e-05 7.446588073936871e-05 -0.05396140648011483 0.0045190166621339525 0.9999106031641232 0.00923653132292752 -0.40255241527281477 -0.00277597281579383 -0.009194391733571894 0.9999489988400793 28.090529990386912
1.0000341967994337 1.2968837101093658e-05 6.0509388071921426e-05 -0.056516095753595515 0.003605581932640498 0.9999361809211007 0.007506398950112234 -0.40931576277226184 -0.002860099090588734 -0.00746720548137094 0.9999629742734514 29.475245730528748
1.000033086413738 1.1097368161822052e-05 5.181805909645356e-05 -0.05939865325172077 0.003412630299224508 0.9999459391274469 0.006428427507989946 -0.4575313362656675 -0.0031056070147504264 -0.006387202516330118 0.9999692646361386 30.856687927682373
1.000032910724554 9.836292411453604e-06 4.6019973458266044e-05 -0.061700972846379695 0.003414601561942822 0.9999502909576488 0.005709442976537721 -0.4271441478674432 -0.002999513172661182 -0.0056693669297725275 0.9999740970769297 32.26730734381833
1.000032127937714 8.237290600154532e-06 3.866501779785088e-05 -0.0642823821014635 0.003097396820989067 0.9999586903529631 0.004795936050010038 -0.44204502123661493 -0.003980570736538693 -0.004746325591918681 0.9999736955037288 33.63053179489848
1.0000313814325927 9.347446602836137e-06 4.369466239047032e-05 -0.06691627160660743 0.0029428849200591103 0.9999572068421142 0.0054195021441855225 -0.4533649593400144 -0.004256184416968557 -0.00536778505105741 0.9999689289386534 35.03879104925922
1.000029509218551 1.113810953933328e-05 5.180263276583592e-05 -0.06963737810776847 0.0027574855518485934 0.9999532556428645 0.0064253911635468825 -0.4795402726769154 -0.004046085102256237 -0.0063771381150815876 0.9999642675327214 36.42910576908924
1.0000236534013809 1.1663378243417788e-05 5.3902833167935454e-05 -0.0721739031037089 0.002134050244072108 0.9999580856005104 0.006686407389481099 -0.4767799365675859 -0.003583171694413677 -0.006646511029896227 0.9999651189902753 37.84623289915291
1.0000256609240232 1.1051747256617464e-05 5.119571962419137e-05 -0.07434239745460614 0.0023820915710254173 0.9999577216057287 0.006350690890560483 -0.43606642353882225 -0.0035888543164210697 -0.006309391412821561 0.999967267375535 39.22878599477695
1.000022410081113 1.1376397543937447e-05 5.251761882086887e-05 -0.07688158027505788 0.0019279562083696598 0.9999613020680604 0.006514346549883223 -0.4368775370067115 -0.0038136650421546035 -0.006473226948491945 0.9999649845777266 40.631458039337645
1.0000225874643163 1.2177717485541834e-05 5.621666557105833e-05 -0.07940461557256116 0.001964774745783448 0.9999578330255006 0.006973127438256803 -0.42994094591002074 -0.0037477117700519397 -0.0069324966658619435 0.999962281151298 42.05973834418394
1.0000241830470022 1.1989759104468964e-05 5.543383469216838e-05 -0.08193347406427336 0.002184968444726279 0.9999562758254092 0.0068761781035537066 -0.4340536697377774 -0.0036494355572893305 -0.006835343089212888 0.9999634895014146 43.441968690973475
1.0000288612801034 1.1763330208181683e-05 5.464364440012489e-05 -0.08453528281722557 0.002812919261578145 0.9999503186211066 0.006778445165896174 -0.4361784006020351 -0.0034400240892816037 -0.006736505249901323 0.9999652792328343 44.87346704032797
1.0000225909701068 1.1556578192954692e-05 5.335594540628575e-05 -0.08724202144875141 0.0023403328685274987 0.9999564049278293 0.006620133107317905 -0.45532936941514035 -0.0020748305711857807 -0.006594856440172928 0.9999724508404658 46.287149790106795
1.0000187053148488 1.2701234589185262e-05 5.843453904146121e-05 -0.09005197173713525 0.002001818207806219 0.9999554853158668 0.007250372598038944 -0.4809504446385307 -0.0014324426640718684 -0.007232908698273244 0.999970334956227 47.72914099793013
1.0000159496684444 1.2960079027851332e-05 5.9494968044598905e-05 -0.09263528030167989 0.0019901607715447772 0.9999546325889559 0.007382654070787223 -0.4910605849263401 4.1744775116068144e-05 -0.007380068687368173 0.9999729486280056 49.114781900685536
1.0000095645842162 1.2960601411947381e-05 5.920173599133498e-05 -0.09533877136982306 0.0014448233908401897 0.9999602268437 0.007346578073725549 -0.5063948815265683 0.0011460671507522576 -0.007355410104634358 0.999974467947304 50.54368670202733
1.0000095031057656 1.280673575926837e-05 5.84885783555904e-05 -0.09801945580450563 0.0017604597914235316 0.9999578266546634 0.007258112727429661 -0.5108299353796368 0.002587714589167571 -0.007280897643948217 0.9999749236204887 52.0085661766831
0.9999979838713252 1.5106252176454171e-05 6.866104809364042e-05 -0.10081083710400478 0.0003958238881991132 0.9999603195541558 0.008519141520215635 -0.5477993830247235 0.0028818025304883973 -0.008543333937386478 0.999964679795882 53.38966450881997
0.9999912232295499 1.6415123912354862e-05 7.450645490754372e-05 -0.10369408293268059 -0.00016941965208010397 0.9999584938022469 0.009243161103043261 -0.5782572341272825 0.004105349306373162 -0.009276375441209208 0.999956093312597 54.85067950175862
0.9999921961769513 1.6673176181616206e-05 7.574331012376334e-05 -0.10634773607253044 2.2155072393295616e-05 0.9999555359879562 0.009396266149039708 -0.591820094249965 0.004420835014972796 -0.009432484455887239 0.9999538598181898 56.25988211757693
0.9999895164434376 1.6864504861815663e-05 7.654462963307203e-05 -0.10917881246579451 -0.00019627417858468846 0.9999563394695057 0.009495236856938167 -0.6211022394190626 0.004930868530830215 -0.009534865874139957 0.9999514262394907 57.69724695961232
0.9999846994579962 1.7836959301791022e-05 8.093488344850614e-05 -0.11211018882287554 -0.0008996700580635739 0.9999562926733154 0.010039586654982223 -0.6635089894535917 0.0044618514642995625 -0.010073654226837597 0.9999475073181329 59.1316315463925
0.9999847127536781 1.8581224432762458e-05 8.442153634271579e-05 -0.1147867211780511 -0.0008454341567521867 0.9999514675040853 0.010471451100135542 -0.6778445280172107 0.004696355935040973 -0.010507372696269276 0.9999423997101042 60.5500596773481
0.9999862363033665 1.9482641485107574e-05 8.87013534117229e-05 -0.1176204043196497 -0.000793110656020243 0.9999453837672599 0.011002048792679074 -0.7045884115594934 0.004085899863408042 -0.01103374011171643 0.9999383162674091 62.000187751038695
0.9999896317495163 1.92675358585033e-05 8.78011323489896e-05 -0.12043944436698031 -0.00038211142256377485 0.9999435380151334 0.010890546512918679 -0.7362348233560851 0.004038256176742423 -0.01092283824458347 0.9999396397661608 63.420342857369874
0.9999997285962915 1.750368709411282e-05 7.990134484819021e-05 -0.12302831832778606 0.0007698638659761163 0.9999442322768507 0.009911960620990454 -0.7407600986862828 0.00358356471277519 -0.009942860315778308 0.9999507619843946 64.83397209664545
1.000010130391336 1.674001841208035e-05 7.67734623014671e-05 -0.12566731872320921 0.0018147847429262117 0.9999382372894912 0.00952467440873502 -0.7455936025920082 0.0024825668686946365 -0.00954664857783068 0.9999559690525993 66.27398856539271
1.0000016683039232 1.6644927298085227e-05 7.596763938683723e-05 -0.12827334422181336 0.000654826653655103 0.9999499576134175 0.009424869107084167 -0.759820537173485 0.001996271025488787 -0.009441716303929398 0.9999571748580872 67.65385183114884
0.9999841076659364 1.8868345841362502e-05 8.574995661891991e-05 -0.13106129852020945 -0.0017280439911633045 0.9999556892927709 0.010636976958810797 -0.7802063613607644 0.0010954261218735887 -0.010647563380203355 0.9999448455683043 69.10700778181531
0.9999571710948857 2.0543114620292027e-05 9.301897814147e-05 -0.13368173086690266 -0.005234355533278022 0.9999617199115175 0.01153731089850914 -0.8001174640631421 0.0003772559139641526 -0.01154821567520928 0.9999340948216278 70.46950119823633
0.9999425215268624 2.1406281233588356e-05 9.693901012491381e-05 -0.1363487334707554 -0.007357588180930359 0.9999597281625633 0.012022216279249901 -0.8061674357183828 -0.0009779720635948832 -0.01203515019180282 0.99992550561829 71.91960137320345
0.9999138617711323 2.1236562175740853e-05 9.6199570093465e-05 -0.1389248501195984 -0.011097053082491377 0.9999564366441925 0.011930023842916361 -0.8179007190101724 -0.0017815423311084088 -0.01195583248854499 0.9999238962415532 73.29402064004637
0.9999095641731296 2.1515350805712333e-05 9.756762586831595e-05 -0.14149238397426098 -0.01163765703576354 0.9999526057965367 0.012099436290373827 -0.8299052603587205 -0.0018122346678782614 -0.012127319375178816 0.9999217230227275 74.66247676117044
0.9999136735236122 2.1129289211063024e-05 9.569499873675357e-05 -0.14408733961263412 -0.011297696608925689 0.9999565584801268 0.011866814963833015 -0.8204571211119234 -0.0025720654256793556 -0.011895877592413874 0.9999214621096048 76.1417894864163
0.9999098566306761 2.1977697881139444e-05 9.975075879962297e-05 -0.14658011039053023 -0.011856630381075588 0.9999484975196137 0.012368738265284385 -0.8262134041518809 -0.0029507321006998696 -0.012401704632574416 0.9999135942817491 77.49670363507424
0.999908342345276 2.2389083247821226e-05 0.00010171937747658396 -0.14918477912664863 -0.01194946244883554 0.9999450853229963 0.012612973266268082 -0.8331297808715505 -0.002526057180490252 -0.012644761283510926 0.9999124835243871 78.90841732676812
0.9999064959098726 2.085719734179134e-05 9.45023631843127e-05 -0.151614604110068 -0.01203744565883399 0.9999556205453153 0.011719701318296435 -0.8292464329840383 -0.001895802083741463 -0.011749366265613678 0.9999259241817116 80.27145835111398
0.9999122667847432 2.1037351128806378e-05 9.527654654945157e-05 -0.15430779262352162 -0.01142506397113099 0.9999567490187246 0.011815186976856885 -0.8500316504473284 -0.002360965689837221 -0.01184410931308881 0.9999229777834662 81.67034854137044
0.9999096721886116 2.1415018900140456e-05 9.709202480262936e-05 -0.15679677289629929 -0.011724586194690892 0.999953006872639 0.012040141009199763 -0.8568443817402527 -0.0022597229953221854 -0.012069963395643757 0.9999206970316793 83.01845208310236
0.9999094528199799 1.9675842809523808e-05 8.889688604277754e-05 -0.15929038534570847 -0.011595996312550412 0.9999651875736624 0.011025595416663639 -0.8560095206153913 -0.0015647749882466563 -0.011052425636163096 0.9999350308909855 84.40322596186111
0.9998991024176911 2.001541194195794e-05 9.0661069924241e-05 -0.16196676715437772 -0.01273214475595681 0.9999580726875732 0.011244594564781591 -0.8746968007874321 -0.0008990747962686599 -0.01127222027109358 0.9999346026311989 85.8021638753817
0.9999044271311703 2.149278963806643e-05 9.75359120038361e-05 -0.16455167441929971 -0.011894862290861103 0.9999516849192933 0.012096574807267406 -0.889125885070192 -0.00011418062327418939 -0.012118930907092538 0.9999265263357033 87.16942961831776
0.9999037548153484 2.2998024989588292e-05 0.00010467742575668952 -0.16711509382399287 -0.011688580691880644 0.9999413478220955 0.012981378405626494 -0.9010459803506765 0.0011780961918464983 -0.01299868235507501 0.9999171354601798 88.53598360357796
0.9999075391695924 2.299937575239372e-05 0.00010462540803298425 -0.16981969385108414 -0.010821296721336762 0.999944211201224 0.012974850555456637 -0.9183309581978236 0.0029498892100069214 -0.012986661053049823 0.9999168333958448 89.95680341153016
0.9999163184050319 2.45198438399985e-05 0.00011175618692867411 -0.1723581157646519 -0.009621598126861633 0.9999349569776668 0.013857617590280116 -0.9318827877004006 0.0034377623045134843 -0.013870019792373208 0.9999043056928543 91.3022360904381
0.9999200137362241 2.4330453762743884e-05 0.00011082340658473649 -0.17484084230254393 -0.009201302579849652 0.9999371233803276 0.013742189175204037 -0.9297311944607742 0.0032654891147083477 -0.013755467673278397 0.9999061528491241 92.68685300821775
0.9999257163800974 2.4558856621090946e-05 0.00011188178923897071 -0.17735070813445336 -0.008441471161232462 0.9999358981052335 0.013873140520408042 -0.9458947938771098 0.0034956747176148823 -0.013887429438373632 0.9999039680817902 94.00482298251461
0.9999294361855544 2.4252904621173757e-05 0.00011041395687466822 -0.17979952619482917 -0.007898458810988624 0.9999384721136914 0.01369125699959619 -0.9415282959389746 0.003857109384852753 -0.013706503462713392 0.9999057856431066 95.38053767977947
0.9999294656965987 2.3025141077248276e-05 0.00010457491372000121 -0.18238874434048058 -0.007904062652928165 0.999948121722474 0.012968282558034826 -0.9575544528751669 0.003815774472638162 -0.01298349160906885 0.9999155085738165 96.74306870450759
0.9999177281061505 2.246926189461082e-05 0.00010199539834591367 -0.18488863741895617 -0.009498608045098994 0.9999511791290056 0.012649087631607938 -0.9651333518243073 0.003205501238686923 -0.012661991379015958 0.999920667472994 98.0937993757146
0.999909926708717 2.3096670510487638e-05 0.00010505483135028098 -0.18735271000550272 -0.01053604535644761 0.9999442683111389 0.013028037189868844 -0.972503207654912 0.0028996803024128335 -0.013040291646265498 0.9999161923991455 99.42562363128802
0.9999012258245866 2.557007989363938e-05 0.00011697855182749993 -0.19011569542669102 -0.011328796666473616 0.999921644661002 0.014503813502747936 -0.9966303334849631 0.004183218064987972 -0.014511044697468138 0.999893722769142 100.84826638698777
0.9999107117787368 2.6909040371904044e-05 0.00012325013555288629 -0.19250017004092423 -0.01044315464736008 0.9999125745305966 0.015280579470615353 -0.9990241425479793 0.0028791321648553893 -0.015293057129324716 0.9998843299463752 102.15819743414521
0.9999000611932825 2.389612078003596e-05 0.00010901209004891247 -0.1948825384998164 -0.011531482927547243 0.9999347924817992 0.013517679449072032 -0.9871926128245283 0.003924341151133697 -0.013525313480746136 0.9999081101034923 103.53040072617736
0.9998986873484453 2.122701004469811e-05 9.638202866157127e-05 -0.197322042944697 -0.011746066013801534 0.999953966180292 0.011953696300557799 -0.9958840094911063 0.0037282795220347498 -0.011961559354948127 0.9999284129059478 104.84272478937957
0.9999126069361239 1.9623080637453175e-05 8.861046287722964e-05 -0.19975149213578164 -0.00999193335311464 0.9999699687892906 0.010990957807768778 -1.00942973427826 0.003841774026888784 -0.011001881975892379 0.9999391937813714 106.12783174477808
0.9999308684415614 2.1656357618006494e-05 9.808840185115508e-05 -0.2024408803463111 -0.008037096656617105 0.9999582351311991 0.012165389106111599 -1.0260715077651374 0.002445611986982328 -0.012180309596511403 0.9999274192013324 107.54309511717345
0.9999495500363567 2.4616692592077313e-05 0.00011223820395961349 -0.2047840160150616 -0.005471592321291715 0.9999320321004149 0.013917233279683326 -1.0256468213624703 0.003540096704876145 -0.013936701713223644 0.9999032071741665 108.84270043524671
0.9999573854474231 2.4864901294798653e-05 0.00011352236042861926 -0.20734801780155282 -0.005233709431603312 0.9999291607844809 0.01407631189057418 -1.0313002597226901 0.00026142122477981777 -0.01408697326826099 0.9999014160257582 110.23752347745231
0.9999435970445273 2.4052182609661868e-05 0.00010949641078115491 -0.20968690098292977 -0.006757031756238525 0.9999391908640753 0.013578072949890625 -1.02989604714484 0.0011045837815759978 -0.013592131205386621 0.9999092044078353 111.5391418703615
0.9999281216549677 2.1208091629167786e-05 9.597405185805537e-05 -0.2122201300726966 -0.00857974676685495 0.9999612509619877 0.011903551349927582 -1.047494478774954 0.001546900489666264 -0.011918594768617442 0.9999307406267939 112.8636525272216
0.9999137730785314 2.0137749558318124e-05 9.101905341339731e-05 -0.2148250498657283 -0.010617683429602261 0.9999652274998945 0.011289562481512678 -1.0719048694878768 0.0004053550265928074 -0.01130806787696162 0.9999368756985872 114.1974897117445
0.9999126722822225 2.0878737529804806e-05 9.452340634632421e-05 -0.21737175610765513 -0.011447575443407708 0.9999577758653173 0.01172158274577448 -1.0890486892285347 -0.002685935727625097 -0.011751684211308726 0.999922660067291 115.53149185973079
0.999905134870972 2.1921417520925218e-05 9.955195979273815e-05 -0.21992902175188994 -0.012600304975995423 0.9999457056614312 0.012343297980388608 -1.1011114800531057 -0.0036521137731052363 -0.012382985029086621 0.999910243803989 116.89400131590148
0.9998974939764366 2.46079489159938e-05 0.00011245431686773746 -0.2222369046828755 -0.01373193990097514 0.999918910179124 0.013939830437431529 -1.0946009479678853 -0.004466906511858955 -0.013990377111215806 0.999884289513687 118.20122259628873
0.9999010607734728 2.6032293331019682e-05 0.00011919414730789351 -0.22479362613646695 -0.013516302220386064 0.9999081424997037 0.014772611660472426 -1.1054179734139995 -0.005480676347018391 -0.014827248503568317 0.9998653683189261 119.56898622206322
0.9998997743848114 2.540360862229342e-05 0.00011620939161940198 -0.22720983270502523 -0.013856958896681221 0.9999116388563163 0.014401735277186386 -1.1087628883179224 -0.006287406651720767 -0.014463468475320493 0.999864487237492 120.89225003716925
0.9998852119726478 2.4793434248002524e-05 0.00011363376428884719 -0.22963904728104445 -0.016054095440760564 0.9999010643772465 0.014079316849187116 -1.1164730872761404 -0.008020483260523828 -0.014172689817755118 0.9998531174118677 122.20325091410791
0.9998801882881216 2.4312752550310554e-05 0.00011148665973559802 -0.23200530235432668 -0.016899238426742867 0.9998976866454659 0.013811173434113313 -1.111971055207707 -0.009007152354798513 -0.013921534480100639 0.9998464590263847 123.53384373122029
0.9998618250119815 2.3928553892745355e-05 0.00011031566133194986 -0.23453618232180523 -0.01922620227404707 0.999876389300361 0.013665605467879148 -1.1150030787027159 -0.009214148315286877 -0.013803728398275185 0.9998458307250796 124.92201308744447
0.9998667741512466 2.1266561313551882e-05 9.748746896459637e-05 -0.23702076286485088 -0.01900290636839584 0.999899389731831 0.012072406729505067 -1.129221189976817 -0.010959355876521179 -0.012226851025529142 0.9998455768854437 126.23465518961427
0.9998708459714227 2.0961560520470213e-05 9.589621188929717e-05 -0.23948721134624365 -0.01877839118552759 0.9999042317554863 0.011871539233516328 -1.137034701948809 -0.012213235661249357 -0.012036337518960464 0.9998310912988757 127.56581678996301
0.9998767024539744 2.1891227216117026e-05 0.00010009232605253412 -0.24184036735440081 -0.018218124105752548 0.999903802264017 0.012388829581206032 -1.1289291075711445 -0.012958219889972282 -0.012553135156924309 0.999814020623796 128.90522517279948
0.9998760068746 2.306263220932213e-05 0.0001056700978487278 -0.24464664181920714 -0.018496062103752615 0.9998921688351835 0.013076600970919413 -1.1758229342389777 -0.013812463756847079 -0.01325378061036096 0.9997920089981092 130.25031353335694
0.9998862883349272 2.321514891392637e-05 0.00010608763622544119 -0.24704628161484982 -0.017154571537381872 0.9999045900802679 0.013129369179191535 -1.174698116093893 -0.013524246564412553 -0.013282856505932516 0.9997960843066556 131.58433511269422
0.9998809975143759 2.31939123404145e-05 0.0001061369954360868 -0.2496690472393201 -0.01789214494776134 0.9998975394006279 0.013134191721331416 -1.201935012789736 -0.013883253633409202 -0.013302537847693134 0.9997902538313028 132.91545098548644
0.9998668890932623 2.35602885046253e-05 0.00010836065378343716 -0.25219136819165183 -0.019573408070315452 0.9998759057387037 0.013410547935749053 -1.216579856109609 -0.01356719964945137 -0.013601926472342934 0.9997911394643176 134.24709202526097
0.9998818132577898 2.3480812336761428e-05 0.00010747657920392464 -0.2547050810229722 -0.017534232230664512 0.9998987507619783 0.013303975211979553 -1.2284128485226475 -0.01273890904857148 -0.01345603107778163 0.9998055041051861 135.586505192372
0.9998725728573936 2.2545575974993945e-05 0.00010333198419287338 -0.25721170585653075 -0.01848986410275645 0.9998959007451378 0.012793459730955139 -1.244210797530974 -0.011882943236113058 -0.012950773915749376 0.9998242545552661 136.90431082596686
0.9998766164924816 2.4520630202480576e-05 0.0001125908868288485 -0.25985163260078165 -0.017879504372374747 0.9998867230230671 0.013941347242242141 -1.26892359119422 -0.011400517395728064 -0.014085557374311173 0.9998154165164536 138.25618751502006
0.9998713525278103 2.4154231492240497e-05 0.00011102380593131021 -0.2621994638845042 -0.017999564640690878 0.9998881359315415 0.013753799524446738 -1.2563189935524726 -0.009020563187763328 -0.013876331864087625 0.999846941616756 139.61271043833358
0.9998771188912458 2.4472598855695277e-05 0.0001123454307105122 -0.26467551816920626 -0.017184946417306758 0.999893627629804 0.013918503172863798 -1.2611858210574247 -0.00858134285694994 -0.014028164428864615 0.9998494843680814 140.9623329794319
0.9998709274682794 2.3836686445682584e-05 0.0001095263177230874 -0.26713524808226474 -0.01764433348070554 0.9998940875052135 0.013572496721091174 -1.272166611359729 -0.007200976604274464 -0.01367392280481304 0.9998677733758549 142.27564894098325
0.9998675355881078 2.3215835626892375e-05 0.00010669788846101353 -0.2696471209281454 -0.01781165625076088 0.9998971372098452 0.013224456257599888 -1.281391330976501 -0.006068618820930463 -0.01331647333181609 0.9998821512749655 143.6256748001102
0.9998958209189771 1.8951606793533513e-05 8.572707995921792e-05 -0.2721048252845361 -0.014414165136796917 0.9999555564991762 0.010626191322273607 -1.2868714358402042 -0.006582730397928785 -0.010694268440866902 0.9999094163113607 144.96239955661696
0.9999208707240484 1.591380096488057e-05 7.119192632204854e-05 -0.2749596378393837 -0.011143056198716824 0.9999885540468698 0.008826353712316564 -1.3512244224411978 -0.005868501863101669 -0.008864669689932454 0.9999330201822445 146.25650991042056
0.9999682868697405 2.0919322590774725e-05 9.49935908620659e-05 -0.27770854071915724 -0.005027693341971184 0.9999583159724009 0.011777206484743652 -1.374867093184363 -0.004857431533207526 -0.011771753015189079 0.9999103124837799 147.67351371165736
1.0000082835598085 2.409350608925144e-05 0.00011137368188988191 -0.2802369400840183 0.00024965238530366 0.9999024224378372 0.013807568869334869 -1.3947728905719845 -0.003474389367710485 -0.013778988500005987 0.9998929553912751 148.98505966708979
1.0000213767313635 2.478535626233673e-05 0.0001153173204817442 -0.2830661498638725 0.0019458122913953782 0.9998800269226913 0.014296173989881542 -1.4560354831178801 -0.003161729184758145 -0.01426203366988264 0.999887791213579 150.278772086819
0.999998867615371 2.260743401947228e-05 0.00010390839744358216 -0.28572332247636356 -0.0007881076611779272 0.9999228430793606 0.01288383451266807 -1.4807235418987994 -0.0028874563259544796 -0.012864882215220178 0.9999080479948107 151.64031045426776
0.9999575042094745 1.7606084269424643e-05 7.92373468949184e-05 -0.2882509213375557 -0.006039167157000364 0.9999819592979324 0.00982706572438541 -1.4911311963039637 -0.003396337982227049 -0.0098313256946459 0.9999399139104254 152.99377057183318
0.9999141939377683 1.574720465149712e-05 7.047245459122038e-05 -0.2911463936315535 -0.011589930169435516 0.9999878342347736 0.00873978605245436 -1.5270918170218273 -0.0041635213917388825 -0.0087756128024608 0.9999454356652919 154.43701709930804
0.9999461001883494 1.787210636490684e-05 8.034980511211062e-05 -0.2932260938036432 -0.007619707055010109 0.9999825341040613 0.009963986894659051 -1.4929949206200388 -0.004128895406327997 -0.0099760947590808 0.999934402958563 155.74088565971067
1.0000388217380896 2.2230291512465028e-05 0.00010416021083264762 -0.2956753914718679 0.003666312018271802 0.9998801942713172 0.012912204860151103 -1.500378131767478 -0.005150724417729947 -0.012846202143687055 0.9998951040136395 157.06446748416548
1.0000943080707416 2.4682454329483586e-05 0.00012026704176049834 -0.29815707728246427 0.010213030539787933 0.9997542895943436 0.014903927303152112 -1.5095231345619435 -0.006685553906102687 -0.014765775714275764 0.9998567710097371 158.3981301972108
1.0000920984472257 2.4064349865307588e-05 0.00011709640295661308 -0.30061087158278216 0.0101077228373078 0.9997619688358311 0.014512765759195464 -1.5157038621568133 -0.005931411948073361 -0.01438920158642038 0.9998683757430011 159.72956495941705
1.0000861690920073 2.373152281339927e-05 0.00011495369091051705 -0.30306782013918604 0.009148474815954067 0.9997827780602836 0.014245710320955033 -1.5139673511040774 -0.0069253464829016455 -0.014112070272563103 0.9998641365263323 161.09805403669452
1.0000810332598324 2.2753489083291584e-05 0.0001098289798930098 -0.30538774410430775 0.008205547425927344 0.9998074435510668 0.013608409950374704 -1.5033476227069542 -0.00828597935984734 -0.01346040344153969 0.9998603054522552 162.43026926254808
1.0000711721045281 2.099253351192827e-05 0.00010063089446057136 -0.3078651003576903 0.006679872242997617 0.9998460003726677 0.01246616528031327 -1.5080457204386317 -0.00962835812270161 -0.012313177623974372 0.9998606253444818 163.78136533997943
1.0000693551408908 2.0825109218121016e-05 9.969093482777567e-05 -0.31028506987540677 0.006350728405912394 0.9998522572690156 0.012348554761507204 -1.5106124678231052 -0.010089895078664375 -0.012192549143156562 0.9998567174290218 165.11018349177192
1.0000706202389407 2.2139490192281744e-05 0.00010602578317245401 -0.3127535992702384 0.0065040722414972316 0.9998400280485998 0.013133033175269879 -1.5121498977805206 -0.010106705557416669 -0.012975036718072177 0.999846680514115 166.47048612063315
1.000072866292178 2.136757052884422e-05 0.00010254708797747549 -0.3150884421097269 0.006876020314856422 0.999840102255916 0.012703323586568992 -1.5055044458550968 -0.009691925669403648 -0.0125471893756171 0.9998569905718928 167.79324043457035
1.0000638752149118 1.855035393999102e-05 8.853115728057527e-05 -0.31758840589451776 0.005762026478399251 0.9998766911124418 0.010967216764023742 -1.5096727100321323 -0.009680268020222956 -0.010823745101240593 0.9998772414894606 169.15922018537535
1.000049401369066 1.6652495711085707e-05 7.858898288002703e-05 -0.32022191825093244 0.004196907620206572 0.9999098375063321 0.00973778570611597 -1.5204350874594603 -0.00864387693607012 -0.00962482586038484 0.9999008515087275 170.56975703500873
1.000044987421632 1.663160896784796e-05 7.819676548931798e-05 -0.32253888295023536 0.0035751791557554046 0.999917741110409 0.009688395842285048 -1.5150273622029844 -0.0089719102188364 -0.009578011470914366 0.9998978184619556 171.87709009005468
1.0000437230152501 1.7626157040935564e-05 8.276639367712471e-05 -0.32492905900356756 0.0034065074155881763 0.9999140341024236 0.010254522326684579 -1.4993011328957175 -0.009023838473475317 -0.010145358981914404 0.9998916700416914 173.2709861385514
0.9999790435151507 2.233959713328175e-05 0.00010197394577044069 -0.32784180489849674 -0.0046330741603510354 0.9999465789003078 0.01263356252367323 -1.5543993860912866 -0.00905501549330434 -0.012610693430012688 0.9998633135653135 174.63845403557661
0.9999501660270202 2.4955084146393094e-05 0.00011385957170273529 -0.3304614448434836 -0.00827450105028078 0.9999327087799439 0.01410451832837232 -1.5616677987707703 -0.009300791762449231 -0.014121097233281211 0.99984044471094 176.0568893878356
0.9999601380425759 2.495599662199685e-05 0.00011400095991512716 -0.33302630397330873 -0.0067563292115129184 0.9999316053388501 0.014124993093468602 -1.566974443481341 -0.008053272918057653 -0.01412652345292128 0.9998534472989413 177.45373380312606
0.9999619151189884 2.4927025218198298e-05 0.00011389322153386601 -0.335434107878597 -0.006339691269785945 0.9999311412199516 0.01411350359938397 -1.5505801166164639 -0.0071794600654541 -0.014112547829494268 0.9998618785719638 178.8603721985884
0.9999797566932864 1.762663481821511e-05 7.980689035713977e-05 -0.33780089955029174 -0.003730393795164014 0.9999739775949739 0.009894867015131415 -1.5440581454500626 -0.005424444288640845 -0.00987830217414956 0.9999268443136866 180.20027023628612
0.9999616451675389 9.570828940094062e-06 4.2160136119809505e-05 -0.34041661700758097 -0.005565592974880434 1.0000155725517186 0.005229960652087002 -1.550208571468598 -0.003577815988252511 -0.00523121688512334 0.9999735327851919 181.62151890129195
0.9999302153694524 1.0431628286690017e-05 4.5849501049462704e-05 -0.343256994475288 -0.009271100752534638 1.0000154088599102 0.005688538758578945 -1.5920342875493343 -0.002695805101149762 -0.005708688000775955 0.999975287176055 183.00809623870353
0.999900743868005 1.3545906326437734e-05 6.0456678572735944e-05 -0.34581274334593126 -0.01294361248280548 0.9999922146352143 0.0074998484493551685 -1.6096027408926072 -0.0027512204016686467 -0.007536921289838773 0.9999629543272607 184.34521283656477
0.9998750416785439 1.7429675193457797e-05 7.915961293048748e-05 -0.34841836114567354 -0.01604574733347728 0.9999521129378798 0.009818431081604153 -1.6169445681258188 -0.002350585825260156 -0.009866725651039033 0.9999444590481369 185.75555483247302
0.9998590511527905 2.1591356796232808e-05 9.933563697553057e-05 -0.3510491632174703 -0.017891269865253426 0.9999079433793187 0.01231841504618627 -1.6395675502423563 -0.001724679912861368 -0.012368588773189923 0.9999190841693123 187.111697588771
0.9998777741224447 2.1987053021498004e-05 0.00010051167805981008 -0.3536379165095897 -0.015712737542392906 0.9999252090728222 0.012463506429904868 -1.6319336128230406 -0.002378833775852373 -0.01251074199449628 0.9999147943088743 188.57948469896277
0.9998713039888962 2.1314301134020205e-05 9.754637783560807e-05 -0.3563303283586505 -0.016717234026326917 0.9999215351955172 0.012095296767490655 -1.6466270955034517 -0.003275054240282056 -0.012154532070466016 0.9999150304967691 190.00511118308742
0.9998983574317186 2.243266527461249e-05 0.00010209331611554513 -0.358867601767226 -0.01324915135193864 0.9999385916931472 0.0126589958897017 -1.650920901849283 -0.002792095565083084 -0.012697857263355178 0.9999106235901013 191.39119446065408
0.9999191611379836 2.313998165628245e-05 0.00010516620856000007 -0.36141679014061595 -0.01087039239381048 0.999943244919343 0.013038514242015693 -1.651823844051201 -0.0037057128749047276 -0.013068842764603612 0.9999012307717638 192.7989984188389
0.9999296106377535 2.3655170708763995e-05 0.00010756838849656863 -0.363936510982555 -0.009478612645742845 0.9999422656266258 0.013336483713549393 -1.6584402527567677 -0.00328629440014405 -0.013358539894590453 0.9998996303853469 194.1650026867537
0.9999395698242628 2.4376949606863194e-05 0.00011102058062076011 -0.3666224305895079 -0.008353509344721712 0.9999374476248158 0.01376333648492274 -1.6672400672861691 -0.0037845818983107916 -0.013779772729451262 0.99989125852601 195.61331668623933
0.9999621002373733 2.5498602413085228e-05 0.0001166278484348237 -0.3693320859561672 -0.005630467277711009 0.9999247609082759 0.014457130965889423 -1.6859398595155484 -0.0041191604042382065 -0.014457560858605199 0.9998797712807674 197.03062687475497
0.9999430175816576 2.2107489440415656e-05 0.00010025882142887434 -0.372078767010585 -0.008237618326605323 0.9999549747537401 0.012428784532924222 -1.7099355797842222 -0.00517724928993177 -0.012444702194194463 0.9998999909777008 198.44482570606996
0.99988820574307 1.64282201527248e-05 7.410291992163208e-05 -0.375019861713515 -0.015146419896431423 0.9999649043157683 0.00918748299724048 -1.7527749265238886 -0.005630708437842927 -0.009255040552299656 0.999931285577252 199.88266346686262
0.9998075550838613 1.144491663248974e-05 5.49088751489507e-05 -0.3774966389862894 -0.02537917358682612 0.9998590111993322 0.006806199257793602 -1.729220378719024 -0.0065970685841291775 -0.0069673471957993295 0.9999421560164167 201.35943316560056
0.9997639128758024 1.660349723152897e-05 8.253899496176386e-05 -0.38010754096839433 -0.03086570331032297 0.9997196368453304 0.010230252512406845 -1.7410348033583454 -0.0068939618926888825 -0.010445899445645323 0.9999093788743519 202.7527559258255
0.9997814565408858 1.8034914223563278e-05 8.762891458436242e-05 -0.3826707989430755 -0.029074196732573464 0.999752295991636 0.010857108580219653 -1.7261524381921625 -0.008620938519366492 -0.011093023479593832 0.9998859016906191 204.2387476037103
0.9997958284108204 1.9165283891313042e-05 9.174558689532906e-05 -0.3854691755535028 -0.02740705184904918 0.9997803023703885 0.011365829305351098 -1.745012822691729 -0.009145860868710106 -0.011594166139768495 0.9998746120033268 205.70447858452724
0.999806839513954 1.921197315290883e-05 9.11266128105616e-05 -0.38818679575964116 -0.02556216653865792 0.9998151331962544 0.011294013450418403 -1.761894752964509 -0.007016828148110373 -0.011464694253206075 0.9998971548495363 207.1343068417348
0.9998155720301823 1.9055484302598485e-05 8.977560070006115e-05 -0.3907224687113035 -0.024175476800146367 0.9998403096774976 0.011129199418724872 -1.7648230707655983 -0.005669182649512088 -0.011265749241791974 0.9999103955811434 208.5255932035634
0.9998090724826364 1.7992103876030702e-05 8.523281146861884e-05 -0.39349464802991974 -0.024853480066414045 0.9998352499117686 0.010567348907449384 -1.7613501145550077 -0.005093097509851626 -0.010699375865473312 0.9999207485837239 210.07641200200968
0.9997858398486532 1.75548757422421e-05 8.499769088171388e-05 -0.3963222638261472 -0.027584088519893038 0.9997859271757692 0.010539215977567622 -1.7828932029752649 -0.00440334697980062 -0.010677181010411312 0.9999255062779807 211.54637300718252
0.999774003153638 1.8684745114846274e-05 9.135463489001652e-05 -0.39900598504775475 -0.029104449706005064 0.9997464458152638 0.01132638140098779 -1.7925030932801043 -0.0046279039090328265 -0.011479012004861452 0.9999152148756278 212.98985688407228
0.9997729893333349 1.862129449276516e-05 9.114960756024127e-05 -0.40169190535200916 -0.029003580507420454 0.999748836972277 0.011302380824987794 -1.8046683608677985 -0.003616582434894218 -0.011433207305411225 0.9999217343271524 214.42316284023337
0.9997620131733257 1.729256039394861e-05 8.595556716919418e-05 -0.4045054096320428 -0.03041120526013815 0.9997254238423727 0.010658656148359359 -1.8223038594836567 -0.0038149795426572217 -0.010801719552859213 0.9999276507535992 215.90273450784386
0.9997627387169477 1.6476898437553164e-05 8.20611115534347e-05 -0.4072654979767082 -0.030224237227189747 0.9997346179547918 0.010176689374512066 -1.8307148431379519 -0.0033830166739955416 -0.01030897544547716 0.9999351797446756 217.3938597908834
0.9997522058062123 1.6198403970178743e-05 8.182348209761115e-05 -0.40991629814683045 -0.031469963347223164 0.9997065077573944 0.01014755951224007 -1.846157764606721 -0.003104904736736791 -0.0102800943853696 0.9999368810625213 218.79309809055513
0.9997641217083888 1.4435265846966111e-05 7.239639565138098e-05 -0.41269829218536713 -0.029880621227003516 0.9997536646083863 0.00897988842352091 -1.8301976734431837 -0.002616591131901406 -0.00909330747271382 0.9999506392538687 220.40503971725627
0.9997443168883393 1.4886573060628877e-05 7.653240151037164e-05 -0.4157269643870639 -0.03232785548931559 0.9996924864230949 0.009492501023865592 -1.883911111847829 -0.002561561854107038 -0.009616084969670159 0.9999459980029808 221.8428873634267
