1.0 -3.469446951953614e-18 0.0 -1.5585406229479126e-19 0.0 0.9999999999999999 -3.5575383784680614e-19 0.0 2.168404344971009e-19 -2.388632911257127e-19 1.0 0.0
1.0000005914377053 1.1956327172438913e-06 5.3627550915744115e-06 -0.0025724908183114847 0.00020089264314402354 0.9999981306314466 0.0006661498083598322 -0.021923715912692023 0.0005683330602807809 -0.0006705202411875233 1.0000006495569949 1.3269663392242248
1.0000037316296113 1.8269696085791015e-06 8.312126194324207e-06 -0.005051259579434729 0.0006039663497323811 0.999994406432806 0.0010323810811453688 -0.03979067333320005 0.0006267138633196559 -0.001036785216461184 1.0000004127387558 2.620117433890171
1.0000022564511915 2.1530294465766514e-06 9.715492281480971e-06 -0.00766781410575053 0.0005736686742335347 0.9999944704700543 0.0012067491893815072 -0.06788230463530817 0.0013086056372297959 -0.0012170831090065354 1.0000007834715048 3.9439816432133856
1.0000053681310164 2.5449456039893653e-06 1.1598817258498756e-05 -0.010133901882015899 0.0008626640902973017 0.999991623046216 0.001440503117562757 -0.07549140329470364 0.000874038807980466 -0.001446838386904682 1.0000001704409518 5.275855065110369
1.0000074279941866 3.0339157678759693e-06 1.3881255028038927e-05 -0.012613158270836866 0.0011917792263351872 0.9999881822768263 0.0017239158024472017 -0.08502868469822282 0.0012009214177642038 -0.0017329916644421366 0.9999999706828442 6.606422889662988
1.0000170716420134 4.158402894862204e-06 1.9377974084625786e-05 -0.015237969198912724 0.0023174061370468436 0.9999757242968542 0.002406188937561489 -0.11208120593335089 0.0008797254690161207 -0.0024113294769315956 0.9999983291515976 7.939493756793719
1.0000179295681915 4.239668726473134e-06 1.978566672240908e-05 -0.01766751431630369 0.0024216536949806054 0.9999745140382069 0.0024567910446100082 -0.11741735824074176 0.0008694735283303572 -0.002461734586010353 0.9999981975268587 9.261264895432735
1.000013771943548 3.7731650294400843e-06 1.748720254966178e-05 -0.02030731020435279 0.002022610598060748 0.9999792783195712 0.0021715670203050373 -0.1479743787522968 0.0013925576928545682 -0.002182121755405662 0.9999991955026122 10.587006449340814
1.0000014370003827 1.4368563609756801e-06 6.474691680893353e-06 -0.022806816164179216 0.0004510313885031838 0.9999959313111486 0.000804351138409712 -0.16253419661992208 0.0012155385196630196 -0.0008139264207129733 1.0000011364465013 11.906390915195
0.9999902038896255 3.9996368795570947e-07 1.4414005288028615e-06 -0.0253534647574049 -0.0009669664233153798 1.0000072998640828 0.00017931685480536525 -0.1788818119059367 0.001113190576284881 -0.0001889598767505935 1.0000013751308379 13.243911854386553
0.9999439310792837 -9.87581422895109e-07 -5.6391007263400204e-06 -0.02803836752672704 -0.0067002088769763345 1.0000312675871 -0.0007000581395684575 -0.20773607071485084 0.0011729883844871177 0.0006863971053624336 1.0000011842957848 14.602228757228557
0.9999505128392534 9.453743741710124e-07 3.030567848556374e-06 -0.03060131989765207 -0.006010577340980115 1.0000302562957748 0.0003765560074230366 -0.22501992646384192 0.0006032280277674959 -0.00038865209066442726 1.0000008372941058 15.944604087492067
0.9999593188195157 6.007422763201764e-06 2.5910405108894212e-05 -0.033260266159637605 -0.0049890866783651976 1.0000225051772738 0.0032167788339799506 -0.25720325700172636 0.0002815604756394427 -0.003226760076210589 0.9999953096041487 17.273699173641333
1.0000001088807087 9.216466204189228e-06 4.160843825432568e-05 -0.035961002189178144 7.806312885358206e-05 0.9999859562457878 0.005164510548494659 -0.2852553357368201 0.00028782498008498593 -0.005167033871360858 0.9999872041122672 18.64436246368847
1.000011232359878 7.599694357648262e-06 3.4699269301347296e-05 -0.03862337238583014 0.001533682536383335 0.9999771338451721 0.004307463484142142 -0.3156291505742106 0.0006186664221998661 -0.004310952438922351 0.9999916960637304 19.983423484238386
1.0000189181347565 2.380785052168849e-06 1.1467839511329625e-05 -0.0410826551839291 0.002442345037948414 0.9999763161387417 0.0014241243855140297 -0.31518280084656203 0.00041424462312682664 -0.001424182492642526 0.9999996686616851 21.34745179924312
1.0000040478932195 3.452337454627752e-07 1.697622797964182e-06 -0.043954843969734904 0.000548015164493456 0.9999954118344503 0.00021090180089292267 -0.37107755596886793 0.0002020383955835029 -0.00021166384387417823 1.000000325041427 22.68890568913195
0.9999866024575899 3.508332437026848e-06 1.5257914800978099e-05 -0.046313978847396485 -0.0018283935717425884 1.000011229206638 0.0018941376402281493 -0.3570393620882839 -0.000733792398781502 -0.0018929612992870971 0.9999966417878007 24.05808214659634
0.9999867771189086 1.0780016337180037e-05 4.83021233250204e-05 -0.0489990488809184 -0.0019148532320185374 0.9999955327490485 0.005994011214777222 -0.3790290648025257 -0.0012160977917998908 -0.005990276272823445 0.9999792100255419 25.447104564983793
0.9999967140550376 1.259933086038105e-05 5.701055637531683e-05 -0.051682579539461995 -0.0007261563551866183 0.9999804593977613 0.007073805839225531 -0.40384488875738944 -0.0014184630706135673 -0.00706509746912335 0.9999715774066615 26.822671174495188
1.0000316469532826 1.2741408854908404e-05 5.931111614529481e-05 -0.054523699218056006 0.0036109249996519963 0.9999372159365832 0.007359072262129075 -0.44938857497425105 -0.0014240763982213734 -0.00733663196453011 0.9999696078940091 28.193079075053486
1.0000305873503634 7.880925736572508e-06 3.695349613023146e-05 -0.05697146199947956 0.003463455866589093 0.999955529203246 0.004586104091327777 -0.44980444158363536 -0.0014948778203388864 -0.004563055453762511 0.9999858391701357 29.546882094543324
1.0000320041497228 4.468860484817608e-06 2.15540042264237e-05 -0.05984725975692688 0.0035593617223204626 0.9999613872965285 0.002674894941669776 -0.4955146803452578 -0.0018518537908781233 -0.0026472085396308715 0.9999914764209367 30.935753191102062
1.000017096186192 2.4075728697267595e-06 1.150066010473477e-05 -0.06224779725597406 0.001549150542915035 0.9999852880000707 0.0014262886441249792 -0.483739469334874 -0.0025599475254296953 -0.0013990080070514475 0.9999911430907563 32.31776798366359
1.0000084314259403 -8.17783993942861e-08 -2.70188682475591e-08 -0.06514794573058456 0.0003066020015583173 0.9999974842673645 -5.915394118627367e-06 -0.5355310975106344 -0.0033023128052761504 3.407271699110599e-05 0.999988583967987 33.693005066301446
1.0000073297921042 3.5077570698267835e-07 1.856611290162102e-06 -0.06763318316674405 0.00013513482300868407 0.9999988734803397 0.00022783064857888867 -0.5305369818379748 -0.003456856669163193 -0.00019929577124980618 0.999987766751422 35.091688998966625
1.0000046729874674 2.498996680949661e-06 1.1364199190952613e-05 -0.07050159142160932 -6.499820073146978e-05 0.9999995080372867 0.0014090228119126211 -0.5742836612221667 -0.002877928909346114 -0.0013862266816272477 0.9999897220094036 36.48522413247772
1.0000024881043685 4.092516424785558e-06 1.8445221162035046e-05 -0.07290356588670731 -0.0002776354610408427 0.9999995453449183 0.00228832823264593 -0.5569478471934164 -0.0026161313428917756 -0.002268607899526997 0.999989314185942 37.892832593396136
0.9999889982343241 5.203277131235126e-06 2.297660299416444e-05 -0.07553371072708087 -0.00183009535660234 1.000008954774646 0.0028512665801433156 -0.5706867529812758 -0.0020682474939835204 -0.0028418245763423217 0.9999901302721192 39.28823039586146
0.9999647975604761 6.192269941411588e-06 2.6840445512566705e-05 -0.07842764253236513 -0.004955658038960156 1.0000220290056079 0.003330285371853141 -0.6165669764428314 -0.0026036831185612336 -0.0033312584957933644 0.9999864092029009 40.686386713026586
0.9999365827167489 6.409724616185386e-06 2.752778184329243e-05 -0.08119519808372284 -0.008446490910714125 1.0000264545006663 0.003415627859976276 -0.6417526072260391 -0.0025448726968705197 -0.0034319568384092777 0.9999863277178667 42.10684010534836
0.9999372717631734 6.728026026508321e-06 2.897295161703663e-05 -0.08378582599212948 -0.008361693641287707 1.0000258531486546 0.0035949603477971946 -0.6527680002784677 -0.0025483327261091706 -0.0036109251805957116 0.9999856850238692 43.49249769336206
0.9999398758265825 6.601552682311551e-06 2.840912458029212e-05 -0.08650393186822823 -0.007950791907027507 1.0000261449665198 0.003525359154446802 -0.669630253597095 -0.002158115464708207 -0.0035395783911127813 0.9999875618938656 44.92268268226805
0.9999408153766376 5.42757962651054e-06 2.309845201523453e-05 -0.089292936885785 -0.007641324206243732 1.0000281798374142 0.002866976807196991 -0.7030441226738968 -0.001298382684811256 -0.002880315969376916 0.9999927066266779 46.31832125047221
0.9999441766611691 6.637406160480558e-06 2.859620382917173e-05 -0.09208325827497023 -0.006964866750781562 1.0000254723304922 0.0035499101436556554 -0.7285033897046098 -0.00014328040498606353 -0.003562434974041111 0.999993437323366 47.75016287253585
0.9999376072505599 7.638433185576735e-06 3.3108719102909606e-05 -0.09480565684246471 -0.007529525816777305 1.0000237724283987 0.004110188756348172 -0.7521591900051809 0.0009769622839915083 -0.004124419954816612 0.9999928411380631 49.152429096224836
0.9999275893736674 8.081160292640333e-06 3.511916766278135e-05 -0.09763770094080129 -0.008589116089802666 1.0000227038633942 0.00435970729864721 -0.7838176164316677 0.0017999136702610405 -0.004374383211460022 0.999992125765412 50.579732726001616
0.9999267222618465 8.21308221615226e-06 3.5722188819718725e-05 -0.10032507494592832 -0.008423142581641119 1.0000224499666017 0.004434358275898359 -0.7917192669411535 0.0030203191733065606 -0.00444857850568905 0.9999910616042423 52.0328576362159
0.9999153727709439 1.0073633794484976e-05 4.4286886842943634e-05 -0.10314409590545362 -0.009583028679091726 1.0000160572035441 0.005496393052106303 -0.8253056809935555 0.004133490555643155 -0.005507526664173097 0.999983833472616 53.444350620537755
0.999926481692713 1.0831195346042502e-05 4.76887501991638e-05 -0.10586367639373272 -0.008050377916373416 1.0000148179477488 0.005917920401850021 -0.8364460179311939 0.004815920114810704 -0.005932617576474283 0.9999795864440555 54.900869513683105
0.9999537376043075 1.2946608549717353e-05 5.754763142536796e-05 -0.10852507896560645 -0.00462640872617413 1.0000009518915143 0.007140373101503573 -0.8570209615557631 0.004990017828949161 -0.0071660446933554745 0.9999709867447102 56.2830932534492
0.9999549897669879 1.3263135102898824e-05 5.9024757532230706e-05 -0.11135986792124461 -0.004361555070421644 0.9999986850999196 0.0073231422915888186 -0.8877795146997409 0.005477655806681948 -0.007351457179521037 0.9999679716726122 57.7159301184139
0.9999590640856754 1.4300225435359692e-05 6.387956449789263e-05 -0.11418333847641297 -0.0039349269484594855 0.9999924195734766 0.007925309776405388 -0.9157902942531659 0.005123726416541896 -0.007953775957110441 0.9999646080522685 59.15475230565444
0.999960075583707 1.5232937823161583e-05 6.822099917986918e-05 -0.11692227924480106 -0.003770236413321277 0.9999873109567639 0.00846334955272814 -0.9388690123351973 0.005297969849742455 -0.00849312723252368 0.9999595869925371 60.568753716267295
0.9999872083074745 1.671891808204505e-05 7.579001557351237e-05 -0.11959385833374038 -0.0005803800482343819 0.9999601655843989 0.009402011757480684 -0.9442977636446923 0.004496253867342452 -0.009437171989226402 0.9999536155562008 62.02415887803456
1.00000270721663 1.5685087319947805e-05 7.153807935552877e-05 -0.12235559861430055 0.0013489911656393572 0.9999487119363962 0.008875020080022744 -0.9707892184552485 0.004516550585679005 -0.00891567814421353 0.9999583388270861 63.4355681711225
1.000007352057786 1.388110511294817e-05 6.33609808265486e-05 -0.12505845563799187 0.001809595961734127 0.9999527709280195 0.007861700135258274 -0.9906097803795788 0.003998166587124596 -0.00789846769088511 0.9999681472145088 64.84411506059801
1.0000116938433958 1.3607947240791562e-05 6.229012452762975e-05 -0.12770994173377126 0.0021670861806318917 0.9999502156697057 0.0077292797282010875 -0.9942415997082834 0.0031877801407184433 -0.007758578520220573 0.9999706889624638 66.29640553257951
1.0000002497381926 1.3344065555004336e-05 6.058383556679014e-05 -0.1303428488683296 0.0006149016472557414 0.9999664886366393 0.007517891777974861 -1.0130227247511265 0.002603875059727065 -0.007539861287230038 0.9999729955379109 67.67084712743029
0.9999788274760265 1.5765394258031654e-05 7.110115347494657e-05 -0.13320739721837951 -0.0022094054871909146 0.9999763068872934 0.008821737719524742 -1.0410646456290755 0.001873123046288713 -0.00883709371224657 0.9999627081127526 69.13228077379739
0.9999540629760949 1.784993917129489e-05 8.033000282909502e-05 -0.1358039232830603 -0.00544709263112224 0.9999792210643434 0.009965422558162193 -1.057005190223183 0.0011499288282614617 -0.009978592472492897 0.9999517725863871 70.49924097566249
0.9999290384575569 1.9181352979841595e-05 8.64291857019259e-05 -0.13855721804293555 -0.008817831652992195 0.9999744948601499 0.010720798411277658 -1.0760573742921258 -2.261031380365727e-05 -0.010737053305501666 0.9999424710186883 71.93914869209917
0.9998986582611965 1.9294412191867005e-05 8.727936192011172e-05 -0.14118678619711938 -0.012695732508750635 0.9999628695569279 0.01082588921207747 -1.0949444422512042 -0.0004907027312454303 -0.010851513197343596 0.9999402717693808 73.3112685830597
0.9998716717032324 1.8371567241456596e-05 8.368263471263929e-05 -0.14384188866595254 -0.01618394631613198 0.9999453194461678 0.010379884448741859 -1.1117767350736003 -0.0011004805402280193 -0.010418674742914922 0.9999432828712116 74.70669366726942
0.9998685820682532 1.833498198454235e-05 8.362202371082648e-05 -0.14640938087180014 -0.016784105729046893 0.9999403439110209 0.010371619106884798 -1.1094082144896187 -0.002065776485263956 -0.010420601215950063 0.99993999162512 76.13922420977937
0.9998640964261002 1.8907457337303743e-05 8.647837152193287e-05 -0.14903159347242834 -0.017374875998596294 0.9999312726493245 0.01072536926238203 -1.1237548737899146 -0.0022160428643703866 -0.010778112121476056 0.9999356141427014 77.52751854593869
0.9998676554509355 1.9568924943679997e-05 8.944988227643303e-05 -0.15183595668451325 -0.016972328344263436 0.9999309249993621 0.011093337859360734 -1.1562765362423135 -0.0023919725107130196 -0.011146006641333217 0.9999308632984409 78.93564187169439
0.9998732120060418 1.706444926616313e-05 7.751455661982021e-05 -0.15434249381750118 -0.016130983741443748 0.999953406440272 0.009615130423909147 -1.1603997937032227 -0.00171736509615504 -0.009658682167710016 0.999948918557722 80.30546288522856
0.999874489861418 1.7389106902415338e-05 7.898826528373432e-05 -0.15707692792974387 -0.01598932347619339 0.999952766194114 0.009797691836883652 -1.1898090574001072 -0.001793344580488854 -0.00984134426328112 0.9999468695925421 81.68873692169873
0.9998731831417513 1.7592189089001703e-05 7.998165200382313e-05 -0.1595308031312192 -0.016130732203970648 0.99995041729818 0.009920862719800123 -1.185752495636626 -0.0017002572854833197 -0.00996429339592487 0.999945984457773 83.06587026454832
0.9998739615153841 1.642646374070203e-05 7.451292101715305e-05 -0.1621287248392795 -0.01600458582210454 0.9999579319883477 0.009243262348815933 -1.1999026373391124 -0.0015687911609738347 -0.009285161280280889 0.9999529636636907 84.44158782670388
0.9998765546785356 1.6625076593434e-05 7.53540076812657e-05 -0.16471259016710388 -0.015470661085241172 0.9999610597251337 0.009348131611750363 -1.205914541529729 -0.0006239088674324363 -0.009381211782355861 0.9999548105701832 85.84581340185058
0.9998757470268622 1.785743603625184e-05 8.11371244424132e-05 -0.16740027327874907 -0.015301974223763143 0.9999553247173346 0.010065289368759204 -1.2300207341527472 0.0005756658565672916 -0.010089311621402645 0.9999501218182809 87.2268444280777
0.999877100827838 1.980339474593612e-05 9.022521919719141e-05 -0.17000212455915098 -0.014836509753834107 0.9999466045479792 0.011191451921092515 -1.2452582618546038 0.0019016482986348986 -0.011205940470777873 0.9999389995338771 88.5998890666053
0.999885958969948 2.1092965754381313e-05 9.604371762944619e-05 -0.17253109288370386 -0.013454454566862744 0.9999466925825293 0.011912002142988412 -1.2603614030739803 0.003159049694435133 -0.011919757909442736 0.9999298440514471 89.93316785064418
0.9998970180976694 2.217265395572203e-05 0.00010088821142201806 -0.17526811604240086 -0.011914241586912741 0.9999464956544135 0.01251171628098507 -1.2872950429539023 0.003902781096637998 -0.012518605633673992 0.9999212513912977 91.32891597796309
0.9999018398810263 2.1784253622394306e-05 9.895781352758557e-05 -0.1779166311394483 -0.011243805375675545 0.9999518293012635 0.01227248071106241 -1.3070963201657464 0.004222155390915501 -0.012279710090434008 0.9999234893749542 92.70745238778268
0.9999063717099357 2.1328697362470866e-05 9.673029487129075e-05 -0.18046808093528488 -0.010699738811937448 0.9999567699065813 0.011996634323478087 -1.3260301749389551 0.004138564075806497 -0.01200537401097769 0.9999270153193519 94.03609892055562
0.9999139692069702 2.0786169298559615e-05 9.407262975579824e-05 -0.18297075247787595 -0.009696203541136752 0.999962826003121 0.011667297657457509 -1.331110573217338 0.004406124184668839 -0.011677895273862532 0.9999302286441974 95.39951060944333
0.9999152762239254 2.0150279532513485e-05 9.106280533527486e-05 -0.1855336170084409 -0.009580699141950146 0.9999672943043535 0.011294580146467769 -1.342162472626503 0.004197350412635379 -0.01130579038767598 0.9999350208993747 96.76962905470276
0.9998937915061393 1.951052300515517e-05 8.839595095683911e-05 -0.18818808654945035 -0.012282600161337703 0.999963192908612 0.010964297985704271 -1.3677668143583772 0.004047065569400115 -0.010969761003860627 0.9999391070754073 98.12558414957795
0.9998861865362564 1.9427799271113516e-05 8.8192780846999e-05 -0.1906230170160595 -0.013249195707112579 0.9999589110806552 0.010939180233854366 -1.371029764069306 0.003948378995111496 -0.01094304072973821 0.9999396158235403 99.459583450092
0.9998845228201148 2.1300716888520907e-05 9.706433684375645e-05 -0.19313522702320962 -0.013543292661982228 0.9999446943654794 0.012038281778212456 -1.379105792139326 0.0035582617226528517 -0.012043728997923185 0.9999277402561276 100.81491869640449
0.9998826883368837 2.3891934555521355e-05 0.00010940729249243062 -0.1956196064835374 -0.013799127406348434 0.9999236624774186 0.013566822564706737 -1.3921087606405225 0.003433353809988471 -0.013572629889740126 0.9999083895348152 102.13286843022934
0.999883858037096 2.239356062304701e-05 0.00010225526261410135 -0.19824200297479708 -0.013628102332873362 0.999936268705259 0.012681169825249463 -1.4122733608770717 0.0035482285146012406 -0.012686559221012372 0.999919817819489 103.49531917269299
0.9998838627016488 1.8674230957811677e-05 8.471821103963662e-05 -0.20074840824516854 -0.013658713684870863 0.9999613192884862 0.01050892619856168 -1.4261710263794758 0.0034091320533365253 -0.010514948405860784 0.999945213105178 104.82147762691064
0.9998975441349292 1.6344610199694326e-05 7.350288171254524e-05 -0.2031993688090319 -0.011908690299412376 0.999983263047433 0.009119051980701476 -1.4380048601792916 0.0036361993400486257 -0.009126862594157912 0.9999584359453112 106.12613261668275
0.999904286773154 1.8345907450985355e-05 8.273051452156038e-05 -0.20579112569967922 -0.011190986596670281 0.9999746730863993 0.010262734425607283 -1.4534630125614851 0.0031025283414914465 -0.010273559213653798 0.9999481635096849 107.49260273682549
0.9999328760978038 2.18179230701155e-05 9.88524916203696e-05 -0.20821114621741338 -0.007734730525746031 0.9999570283007598 0.012259981887242706 -1.4573806835308194 0.0026821199284785464 -0.012275172187153875 0.9999260811557688 108.81542461359432
0.9999399830032739 2.343887217230202e-05 0.00010655763328101483 -0.2107626673442053 -0.00697417210962964 0.9999443283246382 0.013214236181472177 -1.4739175162316296 0.0021378178802318277 -0.013229547395878045 0.9999142525428253 110.15480030837182
0.9999442059838167 2.178098103509246e-05 9.872177518762478e-05 -0.2132182771782288 -0.00659880964232571 0.9999562207893345 0.012243868219806853 -1.4827797062732349 0.001472932191146188 -0.012258313524773792 0.9999266167220635 111.4752824429139
0.9999397757828373 1.7424449485051868e-05 7.821677185041527e-05 -0.21583643032518618 -0.007499009644027036 0.999985043140133 0.009703202081039428 -1.503492993458412 -8.795897769287974e-05 -0.009716977357177678 0.9999527674962704 112.83293617054007
0.9999174550028231 1.5046314139030223e-05 6.71864969206857e-05 -0.2183783352452349 -0.01044307859594646 0.9999946908755737 0.008335704946110996 -1.5213218122132102 -0.0008551646714826256 -0.008356857267700451 0.999963292541482 114.16122438455633
0.9998927424954333 1.3047410083018296e-05 5.831534117429018e-05 -0.22074924986845237 -0.013788394375354689 0.9999896801553314 0.007234982243829386 -1.5234970470157294 -0.002087130225395124 -0.007272139096852846 0.9999677167900329 115.46462017346087
0.9998930127701521 1.739593736492691e-05 7.850360147711915e-05 -0.22341588921651592 -0.014164847558396084 0.9999661946785148 0.009735406599010114 -1.5458324905655043 -0.003915632325625647 -0.009785242124304455 0.999937528985824 116.84189317544917
0.9998889165764052 2.0847585548476946e-05 9.480844376693188e-05 -0.2257436652115323 -0.014754542678044399 0.9999406834102473 0.011754939989633043 -1.546513316731122 -0.0042767943137851745 -0.01181065591876221 0.9999135547906908 118.1280616667337
0.9998918393364982 2.2162899571588277e-05 0.00010095587735965477 -0.22834956379044746 -0.014589854572998159 0.9999325382052019 0.012515011276049426 -1.5609176244556657 -0.005161086244366114 -0.012575447350131741 0.9998984698199194 119.50706363424747
0.9998959494562825 2.1439170329172474e-05 9.743991233063807e-05 -0.23089294125834128 -0.014313243774361455 0.9999396918099096 0.01207780811456903 -1.5806651398446603 -0.006203854342287494 -0.012142718591517084 0.9998960032155062 120.82761086046605
0.9998837653220961 2.136368919216508e-05 9.7383115091767e-05 -0.23328024200873643 -0.016095381842137334 0.9999270567397714 0.012068398895228897 -1.585193500492484 -0.007403396077592979 -0.012157261282859459 0.9998854985858546 122.12958796746781
0.9998701479681575 2.0410220939551596e-05 9.331990581490932e-05 -0.23580093359033052 -0.018075598632318376 0.9999151541275068 0.011562205720664546 -1.5931331235141495 -0.008692513363901512 -0.011682277219529592 0.9998784503096402 123.49022891576082
0.9998651510421704 1.9410065651379385e-05 8.879843015093523e-05 -0.23841570181170976 -0.01903868771105724 0.999911406114774 0.010998196126648792 -1.6107719202675246 -0.010219989599037286 -0.011145070323821275 0.9998673705523424 124.85971881700145
0.9998615542481205 1.830756374989438e-05 8.376633591368563e-05 -0.2408449684100702 -0.01967132797502045 0.9999109507439855 0.010372420996734874 -1.6178371939652254 -0.011049253118028464 -0.010536496529680993 0.9998636424966126 126.17362458666864
0.9998667592426272 1.741856163363885e-05 7.940038179793905e-05 -0.2433873907263653 -0.019322325533972055 0.9999204589768121 0.009827419143227026 -1.633955151560757 -0.012375566909846132 -0.010001733210047603 0.9998511955063933 127.50982903576752
0.9998676132804339 1.8458128982313388e-05 8.423520315242999e-05 -0.24579832215394518 -0.019329504625623738 0.9999143189652302 0.010424832379918163 -1.6383112940035431 -0.012880578820562469 -0.01060486410615391 0.9998376987841796 128.82566166444903
0.9998664716966751 2.0192132791248957e-05 9.242852075458624e-05 -0.24845828763832745 -0.019612541421082076 0.9998999979793975 0.011437696207416253 -1.6623544283562992 -0.013510548062735293 -0.0116290819950645 0.9998168736194823 130.191622900333
0.9998808779591138 2.0160963224484518e-05 9.179204534177096e-05 -0.2508282228998999 -0.017897929798488206 0.9999192657578585 0.011357765680855276 -1.6579815721263946 -0.013842837572048461 -0.011525893431595735 0.9998129214800388 131.52367786887447
0.999888519045967 2.1197688680330354e-05 9.647142691466713e-05 -0.25350620302593324 -0.017006661591177665 0.9999208956408989 0.011936491301771315 -1.6871050065231892 -0.014100080407642077 -0.012092800099518639 0.9998021743199644 132.87696036316575
0.999910032963344 2.2489144034831474e-05 0.00010217107832061461 -0.2558222085827641 -0.014300527956605046 0.9999327758053416 0.012643034720639821 -1.675756327191494 -0.013947091742270473 -0.012755073481070673 0.9997963763885267 134.21025623411563
0.9999205979050032 2.322096464098082e-05 0.00010554067581929104 -0.2584433669456459 -0.012854326336275184 0.9999353710451528 0.013062438083841535 -1.7029272441752146 -0.01334891163103156 -0.013148807995943547 0.9998005272941396 135.5407761888774
0.9999152566449774 2.2169540110403285e-05 0.00010059775282002768 -0.2609577364433064 -0.013258487736983769 0.9999411191886526 0.012454101139395816 -1.7129224778195908 -0.012193113696254684 -0.012540857731158853 0.9998251796339066 136.88874863088822
0.9999381461861584 2.498392424410585e-05 0.00011391023644014876 -0.2634919914874631 -0.010319553917665012 0.9999301700579863 0.014103908606801501 -1.728639292900853 -0.0117638084686353 -0.014148391474508127 0.999809665699403 138.22221867369865
0.9999389029210538 2.4321050243370987e-05 0.00011075129459072798 -0.2659823819912094 -0.009840934329232384 0.9999365196089565 0.013717723747438883 -1.7333369210614589 -0.010048483714509044 -0.01375295222447119 0.999836986053868 139.58053567405295
0.9999476350430188 2.5092302690151586e-05 0.00011448941622517732 -0.2685446083277793 -0.008527708835876537 0.9999315068009614 0.014183151567901467 -1.7481545932894453 -0.009028237842603095 -0.014202454009634066 0.9998422839466167 140.93350698662863
0.999943863345729 2.4377903260422093e-05 0.00011104998087325024 -0.27096940941625475 -0.008678552706052129 0.9999373351228219 0.013760543547880626 -1.7514187832742782 -0.0076120353137982604 -0.013780802605567457 0.9998625203646128 142.2618907482064
0.9999426333257286 2.3876666307660888e-05 0.00010865451134377214 -0.27346423620947163 -0.008605999051764533 0.9999413930027822 0.013465960633785006 -1.7582831064401174 -0.006607249582620499 -0.013485103506780517 0.9998755068359488 143.61300222284157
0.9999614607035898 2.0007354396557944e-05 9.056401539773084e-05 -0.2759851263301365 -0.006193684057039781 0.999967509009634 0.011226154432417599 -1.769900353390541 -0.006276661268408851 -0.011225675902016053 0.999906120040477 144.95735255580973
0.9999814060636323 1.846327287858239e-05 8.377029705436217e-05 -0.2786152326500031 -0.0034084646408022463 0.9999675384396558 0.010386785593914394 -1.8026122574950436 -0.004902262528898801 -0.010370377701753303 0.9999255084157339 146.2681178580956
1.0000535401603468 2.2537771253704555e-05 0.00010660980068220231 -0.2810814101572571 0.005701701911144878 0.9998502814753659 0.013216884352860043 -1.7972210906111556 -0.004225370116174489 -0.013149893115798604 0.9998971700620716 147.65801640050674
1.0001056241802646 2.4239468171273135e-05 0.00011927290829041024 -0.28362436835989624 0.012499550802913888 0.9997116453782883 0.014786398806057338 -1.8186563466502186 -0.002755948296567525 -0.014710608621728804 0.9998832322618698 148.9708048472836
1.0001204344261911 1.8943282240117126e-05 9.567178897342357e-05 -0.28605146300664036 0.014600459460106187 0.9997052319501473 0.011865027608096268 -1.8278897976531094 -0.001589264531024054 -0.01180599458659062 0.9999263456827494 150.27383860319776
1.0001109815497589 1.4199648014487018e-05 7.242940968925598e-05 -0.2887532491251338 0.013442311347739508 0.9997608779479684 0.008985270178004717 -1.8489608477929416 -0.001518754678099008 -0.0089306456852697 0.9999563551525736 151.6762157641096
1.0000832402504272 1.0198499072333264e-05 5.129654768193663e-05 -0.2912285080148045 0.009795042027913285 0.9998527967437381 0.006364480207796381 -1.8603717076737816 -0.0024198471372096986 -0.006304750786474108 0.9999729194763545 152.9962143023642
1.0000901823661381 1.0896932220975583e-05 5.5123339941107836e-05 -0.293867754330767 0.010397842267198755 0.9998387224917377 0.006837829449672167 -1.8803417545105752 -0.003576414359625877 -0.00675433269429667 0.9999644344708214 154.36886469565187
1.000119425495799 1.5216174038835614e-05 7.806298790916512e-05 -0.2962196821886807 0.013922679790858936 0.9997439290623028 0.00968097614230978 -1.8778273634620968 -0.0040530802183963155 -0.009569218270389146 0.9999388206428047 155.68265859588269
1.0001671171741162 2.0670411301746544e-05 0.00010966694316155083 -0.29884564453048534 0.019727103478380727 0.999553845393123 0.01359520042101186 -1.9002111899675966 -0.004581260528798953 -0.013437656715418557 0.999891138476782 157.03718746660343
1.00018819685136 2.0788337280915753e-05 0.00011328694713176645 -0.30125777903296813 0.0223546510104587 0.9994711561008328 0.014043504752061547 -1.8998328295949738 -0.004538233517600913 -0.013871725900083603 0.999885490933636 158.3748001855655
1.0001940782825425 2.1704436335126878e-05 0.000118566580643954 -0.3038944420244295 0.02319541402744075 0.9994358052911038 0.014697742654245512 -1.9283855941409545 -0.004046147579335771 -0.014536742905276132 0.9998790543373637 159.707744724124
1.000191196476692 2.1366227570242258e-05 0.00011650383651742304 -0.30631200366127487 0.022564727488555696 0.9994590758322914 0.014440745167921586 -1.921623789409514 -0.005262684102603305 -0.01424565462632616 0.9998753800677405 161.07683051558104
1.0001774107270822 2.0568260409341982e-05 0.00011063994124391619 -0.30871656284586346 0.02056555932636559 0.9995285844174834 0.01371262707967782 -1.921176013886699 -0.006543052632710786 -0.013493734697371989 0.9998759285956109 162.41055731638522
1.0001674525817574 1.905857705175075e-05 0.00010205876719410006 -0.3111219801540576 0.018977896380431347 0.9995868495496184 0.012646898621118735 -1.9180126077522015 -0.008108152850224112 -0.012397781985879479 0.9998758095467513 163.7568698857107
1.0001565298463981 1.7625625587529975e-05 9.38147250717765e-05 -0.31348873623661627 0.01752544456329369 0.9996374954838546 0.011624808317780407 -1.9076342395074315 -0.008536047264480436 -0.011378304357577489 0.9998835817504418 165.1139460352088
1.0001570862908982 1.9233700340149165e-05 0.00010148670214405364 -0.31606585970338 0.017496228402842318 0.9996267383674653 0.01257406705662291 -1.9242280519547548 -0.008974517039605783 -0.012316885002586644 0.9998678428958406 166.46724710693735
1.0001590708285848 1.897103290847066e-05 0.00010050630293896557 -0.3184085485202444 0.017865742362384016 0.9996187317364794 0.01245390503827045 -1.9190964464849194 -0.008425755659505131 -0.012207116515670543 0.999874953288286 167.78759571618545
1.0001445422168365 1.6214378131207408e-05 8.565058885432798e-05 -0.3209447235757405 0.016184392038821493 0.9996821606069388 0.010614769352482907 -1.9224744488485128 -0.007877374118750642 -0.010397518944301779 0.999900842866015 169.17715476696765
1.0001138531373888 1.3472320550784317e-05 6.934632684816385e-05 -0.3237706934065188 0.012601693255442059 0.9997820251201753 0.008596169842549843 -1.9535558224194327 -0.0068579257096851995 -0.008433518993502996 0.9999286603736441 170.6036676525993
1.0000665319988156 1.0755818657361832e-05 5.2496513111782196e-05 -0.326193199633461 0.006718262236575349 0.9999020641437415 0.0065069075884321 -1.9534205903674433 -0.006887301106821043 -0.00639370330862605 0.9999434991937762 171.94594035480426
1.0000477165073958 1.282610641766685e-05 6.0694652715898934e-05 -0.32876849417129345 0.004334815875015668 0.9999272878272712 0.007523029623335881 -1.966958212312361 -0.007095731239600815 -0.0074278154390532295 0.9999345335952712 173.31185775654544
1.0000146408339634 1.7561562435762165e-05 8.082276843797203e-05 -0.33146861681213835 -3.484465074515136e-05 0.9999499760923232 0.01001536392667415 -1.9979060747494044 -0.008264003366598337 -0.009949298854801622 0.9999015779402929 174.6692674179577
0.9999924117503483 2.2487477188559354e-05 0.00010309757388055388 -0.3340887755759272 -0.002768010440258429 0.9999366653192813 0.012774880141709044 -2.014551554676813 -0.008141459109427637 -0.01273680481380205 0.9998712225407905 176.04617254517305
1.0000122785425989 2.3829428143128106e-05 0.00011030001242360904 -0.33670504000535445 -4.934070610124533e-05 0.9999067644002718 0.013669128692935514 -2.023875437684529 -0.007020328844029456 -0.01361336956491664 0.9998702096667085 177.45357193058015
1.000030022887993 2.3327305890913363e-05 0.00010884287186656446 -0.3392073166717593 0.0023788881664024483 0.9998868085018112 0.013490607738449753 -2.0211931423063856 -0.006018950001158883 -0.013424270967997216 0.9998811012829881 178.85138309737562
1.0000461857322693 1.70195736911051e-05 8.00889248355576e-05 -0.34170505886373026 0.004909465945125029 0.9998989374696667 0.009932377183030238 -2.031924004353189 -0.0036852491308564357 -0.00987673596252468 0.9999379223738696 180.18686617268327
1.000019533936794 1.0495016738023416e-05 4.8322681888642504e-05 -0.3444947753250209 0.0019700015428779066 0.999964132005498 0.005995959683120462 -2.059749080809089 -0.002033251032523594 -0.005972466818569653 0.9999765132714036 181.60782230246244
0.9999904098630288 1.039199230911704e-05 4.663978174576254e-05 -0.34717559877761867 -0.0014044358104890594 0.9999934866192581 0.005788006138672524 -2.0806040308667972 -0.0009518044173615081 -0.005784499674819934 0.9999811822203489 182.99955330821732
0.9999630610461364 1.3068771580578703e-05 5.825271959564323e-05 -0.34962804587262547 -0.004793264727337192 1.000000877701657 0.007228134513348734 -2.087592948648721 -0.0009177378420372358 -0.007234033754376177 0.9999718609911422 184.32663777032363
0.9999439310133409 1.7459364518950665e-05 7.840381759518719e-05 -0.3523234873201453 -0.007362650104106418 0.9999847430360786 0.009725345990586881 -2.0964710688467108 -0.0017811694603870117 -0.009737652868933872 0.9999479269727412 185.77987609329458
0.9999250985151732 2.13177277149125e-05 9.65012428404302e-05 -0.3549372614740527 -0.009757220599464529 0.9999591750994438 0.011967194387403225 -2.1148856163297864 -0.00202978936258642 -0.011988572537686468 0.9999225833641114 187.14535594026734
0.9999484853872698 2.197532741576684e-05 9.967756574789824e-05 -0.3574798786779367 -0.006906354391574266 0.999955184769761 0.012360410088859897 -2.1038095369663607 -0.0022686661125963905 -0.012370569612264355 0.9999169912055675 188.60294168103007
0.9999549996730785 2.303769469440796e-05 0.00010478952398314126 -0.36009054538807006 -0.006030795034765361 0.99994575972521 0.012993737497033826 -2.1138677568845976 -0.0019719011905071793 -0.013000977707517318 0.9999101675694608 190.00396603425372
0.9999850513923373 2.4147982396374723e-05 0.0001107453932750282 -0.3625875648666601 -0.0023879798297410833 0.9999218994451746 0.01373088657323629 -2.1167725684474976 -0.002370264379961501 -0.013722300582514784 0.9998989547822461 191.37394956301446
0.9999991746483833 2.404458742919814e-05 0.00011075442813176769 -0.36527635969303457 -0.0007312098889632451 0.9999111321675479 0.013731610009851666 -2.126118459742613 -0.002803763212748542 -0.013713054080417456 0.9998971771658138 192.8214207002801
1.0000119737715363 2.4985412896730633e-05 0.00011580177577748913 -0.3678351950009833 0.0008543913934031151 0.9998894794797213 0.014356485196976423 -2.139225634308986 -0.002821291101681559 -0.014330677893343653 0.9998884439983489 194.18014200297586
1.0000540031537444 2.7077884994560625e-05 0.0001283660852904611 -0.3704785255147067 0.005921983925917335 0.9998079422852972 0.015910951881186613 -2.139880260524636 -0.003499432048841216 -0.015853182707828813 0.9998621176950642 195.64119258735457
1.000083611677356 2.7932959863660387e-05 0.00013491492661558253 -0.3731198328733601 0.009505079872038658 0.9997382074741149 0.016720882518412493 -2.150843792639334 -0.003918659249122011 -0.016637739773040918 0.999847069538705 197.05514952413932
1.0000594190284917 2.4043229104731348e-05 0.0001142135187081842 -0.3759047811113024 0.006476681181540997 0.9998264137132014 0.01415859260937752 -2.1783655881293367 -0.004025231040025284 -0.014090108562621245 0.9998855636756891 198.47481734192047
1.0000169990539243 1.455784431644673e-05 6.694239428608854e-05 -0.3784669244164224 0.0011764330097734504 0.999955246672588 0.008302358163873725 -2.1722287009267043 -0.004168307298718203 -0.008262229072700258 0.9999497733400124 199.92119071950452
0.9999332688141344 1.3474270264955679e-05 5.9847955133051885e-05 -0.3811234680652494 -0.00952992565860369 1.0000036803893741 0.007420679349455162 -2.176659445981806 -0.00554115516364569 -0.007446114521938494 0.9999470277891153 201.37271938847707
0.9998901002348888 1.9193668609900766e-05 8.699308671107522e-05 -0.38367694140446873 -0.015050464228800775 0.9999496171281532 0.010783639975509263 -2.176950687181226 -0.0062520252483168485 -0.010854817799178828 0.9999104082292647 202.78562442773384
0.999877308973541 2.25652059605546e-05 0.00010326659375444868 -0.3862971714097356 -0.016868213183975474 0.9999114667437345 0.01279727513070374 -2.1804127277240632 -0.007274127268608012 -0.012892228239078448 0.9998774850851775 204.2213613094921
0.999894312515291 2.3642040422686833e-05 0.0001079206408893293 -0.3889823336173001 -0.014794680579795789 0.9999200544195075 0.013373267986694744 -2.18424084476374 -0.007444253369183899 -0.013450320020441057 0.999868582112135 205.69142740241213
0.9999129740103289 2.479336091681418e-05 0.00011309503086037297 -0.3917610898208982 -0.012201909289768664 0.9999253608170829 0.014016363504460486 -2.2032965053887015 -0.006217038157848106 -0.01406429784765801 0.9998707430135103 207.14542106299794
0.9999185421156769 2.4143087291700685e-05 0.00010994170910990655 -0.3944303170419728 -0.011135441395709128 0.9999345838105773 0.013628691634909334 -2.2138410218513638 -0.004544877541670531 -0.01366302285076013 0.99988831935181 208.57670963121103
0.9999207397333175 2.3284661288175412e-05 0.00010584233092598592 -0.39711657096187736 -0.010759173945906546 0.9999424621561033 0.013121753146862267 -2.2101198892693388 -0.004084009801962759 -0.013152462238976583 0.9998979789276331 210.08104666151692
0.9999122083683166 2.3042297702825093e-05 0.00010476869456637087 -0.39984432827029165 -0.011836105767354796 0.9999407053319678 0.012988684878265842 -2.2232905095730575 -0.004161676898356964 -0.013026067370796004 0.9998991711961082 211.53304000259044
0.9999036371598402 2.3946274330360895e-05 0.00010918748091268246 -0.40241339005026555 -0.012818941059717166 0.9999292308034036 0.013536284840111087 -2.2185552261642165 -0.0037976484403434265 -0.013577892912177944 0.9998939442405269 212.97699454432546
0.9999043298819521 2.4004175452866858e-05 0.00010945175054033278 -0.40516677871217066 -0.012645429986051393 0.9999295925463485 0.013569485079331443 -2.236889525069665 -0.003407519934603704 -0.013608347388399738 0.999895640731055 214.4201557167845
0.9998993514110968 2.3134169021171366e-05 0.00010540252493002099 -0.40788557162303535 -0.013230054500499622 0.999933419334068 0.013068275004359736 -2.249417302791946 -0.003257433003325527 -0.013109441278621386 0.9999030702220664 215.8700510505342
0.9999007355789573 2.270409014220459e-05 0.00010333516752906156 -0.41058591669433697 -0.01303584635086491 0.9999377217055275 0.012812388750739279 -2.2567714078638237 -0.003157951819555046 -0.012852061714044584 0.9999069065524884 217.3328016060057
0.9998962823460613 2.2402154686379516e-05 0.00010199083431343555 -0.41338111865491234 -0.013383427938363487 0.9999380386407772 0.012646843184663215 -2.267484766075244 -0.0022416538186483016 -0.012683425789029307 0.9999131859566697 218.83310648101127
0.9998893425717391 2.1572858014459045e-05 9.822384394843819e-05 -0.4160824891266063 -0.014244617273932492 0.9999388742988687 0.012180312260539316 -2.27482240769056 -0.0022386842255967283 -0.01222040529689526 0.9999189572343423 220.296498359208
0.9999038938217535 2.1939498414853126e-05 9.96574622673975e-05 -0.4188239021037336 -0.012450330212769744 0.9999461969483576 0.012357832282462075 -2.2825773280335215 -0.0022959558277961967 -0.01239080794560651 0.9999166293496942 221.78020631488624
