1.0 -3.469446951953614e-18 0.0 -1.5585406229479126e-19 0.0 0.9999999999999999 -3.5575383784680614e-19 0.0 2.168404344971009e-19 -2.388632911257127e-19 1.0 0.0
1.0000005914377053 1.1956327172438913e-06 5.3627550915744115e-06 -0.0025724908183114847 0.00020089264314402354 0.9999981306314466 0.0006661498083598322 -0.021923715912692023 0.0005683330602807809 -0.0006705202411875233 1.0000006495569949 1.3269663392242248
1.0000037316296113 1.8269696085791015e-06 8.312126194324207e-06 -0.005051259579434729 0.0006039663497323811 0.999994406432806 0.0010323810811453688 -0.03979067333320005 0.0006267138633196559 -0.001036785216461184 1.0000004127387558 2.620117433890171
1.0000022564511915 2.1530294465766514e-06 9.715492281480971e-06 -0.00766781410575053 0.0005736686742335347 0.9999944704700543 0.0012067491893815072 -0.06788230463530817 0.0013086056372297959 -0.0012170831090065354 1.0000007834715048 3.9439816432133856
1.0000054558478453 2.622542157758659e-06 1.1950841500927472e-05 -0.010191485849331893 0.0009279488988227606 0.9999909742914125 0.0014842503416387313 -0.08152972682851836 0.0011165994461708227 -0.0014927072617825336 1.0000003002015514 5.280818855255801
1.0000075098437746 3.3785099660937207e-06 1.5434641292174246e-05 -0.01268534146110471 0.0012188671490445703 0.9999875776294792 0.0019167626959639978 -0.09388319285617872 0.0012763903544868566 -0.0019265365782184162 0.9999996621306905 6.606913310159524
1.0000167419828454 4.680530805069999e-06 2.1718833112080622e-05 -0.015310815141898554 0.0023577635463078884 0.9999745592101255 0.002696794389928693 -0.11911467015363217 0.0012422785397593332 -0.0027056981507116457 0.9999978501907126 7.948472282300981
1.0000185001883344 4.922298590264579e-06 2.2895663159579107e-05 -0.017777787781532196 0.0025847410663710976 0.9999717638070446 0.0028428596665516226 -0.12777562207592114 0.0012807413291520777 -0.002852063960131945 0.9999974665053926 9.27614497331718
1.0000161581731415 5.233373178868336e-06 2.4189861742379042e-05 -0.0203725349598295 0.002373994129843118 0.9999735113970475 0.003003507086724633 -0.15325581010085987 0.0016379942132059063 -0.0030165545922085936 0.9999971098735067 10.599577381998811
1.0000055053917614 3.580274877438075e-06 1.6259227941455663e-05 -0.022769739661818646 0.0010546682542252085 0.9999888834631635 0.0020191508160661174 -0.15431637896822453 0.001654272452886425 -0.0020324576824405625 0.9999995825312489 11.92250446254684
0.9999943041210508 3.001988479117007e-06 1.3232693945192933e-05 -0.025316443272243826 -0.0003398064889664895 1.0000013039957025 0.0016434371554132805 -0.17081504037645454 0.0016391928293372636 -0.0016567921503572046 1.0000002676404525 13.259382273427963
0.9999898167156246 2.9255005295301256e-06 1.2738403935701496e-05 -0.02778178921897132 -0.0008964914308282326 1.0000055421957972 0.0015820731872838397 -0.17619966388755656 0.0016419084726709678 -0.0015955299240561804 1.0000003668202184 14.60076501745723
0.9999919595921803 4.161639652458526e-06 1.8372002585531188e-05 -0.030364833706775046 -0.0007252659893954442 1.0000029412160871 0.0022813768123579785 -0.19369250062184787 0.0012186972515264613 -0.0022917467069375865 0.9999988649686579 15.953336110060295
1.0000012689421007 6.669796149542939e-06 3.0055118000795085e-05 -0.032914786996935286 0.0002922284550695448 0.9999905885163216 0.0037312152372363065 -0.21294995844259262 0.0006004244173607269 -0.003735940050839599 0.9999939794434035 17.279710698847776
1.0000291412786222 9.148776724940064e-06 4.266090942913153e-05 -0.035678835750488275 0.0037693843507281156 0.9999484452319217 0.0052951795619958575 -0.24959223017005538 0.0006703133464383635 -0.005296827545631817 0.9999870342570141 18.64713035997931
1.0000553755872599 4.219404072098448e-06 2.1892005804934143e-05 -0.038364597850223454 0.006998653179155993 0.9999154164148767 0.0027181523301692146 -0.2866434291128478 0.0005419335619097801 -0.002714060519477796 0.9999971879791241 19.96936846920294
1.0000578592470686 3.0108354358883427e-06 1.6615187923822326e-05 -0.04086023782840561 0.007249379170560705 0.9999131866888039 0.0020630908254090008 -0.2923880587476526 0.00028452175127014964 -0.002054656054707806 0.9999983922767459 21.325923651480256
1.0000415433309215 2.602367913804443e-06 1.3704030110164378e-05 -0.04372615757986791 0.00511849706740965 0.999944210977874 0.0017015205820387473 -0.3454982992407072 -0.0001819368826510403 -0.0016900777110078788 0.9999982513500045 22.676323229944398
1.0000362108566168 5.132398265087282e-06 2.4794571533886915e-05 -0.04614757138882233 0.004373856932691834 0.9999504321061464 0.0030779559169356206 -0.3389682152971843 -0.0005493890893653733 -0.003063554525416737 0.9999942090005542 24.046509118512198
1.0000409510066968 1.2121227216152497e-05 5.700477490735837e-05 -0.04874480494022532 0.004638072402864199 0.9999267787029031 0.007072672676820156 -0.3518745831081534 -0.0019963679207255034 -0.007039698876341054 0.9999697259858349 25.427392235651922
1.0000450511349257 1.4574903369079031e-05 6.862166949709214e-05 -0.05145704175321315 0.00512096836573714 0.9999092884075886 0.008512785866834007 -0.3823648094786719 -0.0021136619078446226 -0.008476630478641667 0.9999581456572899 26.793552008141095
1.000060288191266 1.3994281808153014e-05 6.698547286856991e-05 -0.0543827682909275 0.006994382694466098 0.9998845611999915 0.008309906645315368 -0.4370210983528514 -0.002197884754194231 -0.008265334112944072 0.9999595777801776 28.170180009290455
1.0000542013580072 1.1246617553219845e-05 5.385080996391542e-05 -0.056914834338315394 0.006215106227304024 0.99990821742883 0.0066813232097058355 -0.44798871812561464 -0.0023020089886338045 -0.006638084170454063 0.9999712580914479 29.523617015128906
1.0000543775384725 9.841127781164138e-06 4.7405958035077415e-05 -0.05979023964871242 0.00607738970659041 0.9999152103106534 0.005881349364966361 -0.4961900904335152 -0.003013738625956024 -0.0058284890710154314 0.999973116125222 30.90116140875682
1.000051598271462 8.590784482384595e-06 4.1491607063752836e-05 -0.06206645382690347 0.005699168611390115 0.9999245410424233 0.005147577023972632 -0.4667602353201662 -0.0031611807658938956 -0.005094393800729244 0.9999763933410051 32.29305343967538
1.0000496353585104 6.814393776704772e-06 3.326269544030587e-05 -0.06471194014019048 0.005335819905381886 0.9999342241478911 0.0041260488241031375 -0.486135330197158 -0.003694424390051961 -0.004067383440801466 0.9999782924717062 33.67181298631266
1.0000500070476468 7.743297446228398e-06 3.7516596082159785e-05 -0.06733529696523385 0.005312588960167865 0.9999322118132998 0.004653444778513097 -0.49831289877270646 -0.004003878702278828 -0.004590817266928697 0.9999742841294881 35.070414217999094
1.0000465082349557 1.0155229767059085e-05 4.8315928101640626e-05 -0.07014965607766563 0.00496237281857002 0.9999296772146722 0.005993509096014538 -0.5367264556519105 -0.003627921310536181 -0.005937933877797261 0.9999693252247964 36.45779838826719
1.0000341460151911 1.1984832629253345e-05 5.596490074832178e-05 -0.0727420927140638 0.003458302558090017 0.9999419715904125 0.00694223137257852 -0.5446292441973398 -0.0034887737366708273 -0.006896405183334134 0.9999639346506332 37.85833855081851
1.0000321157706127 1.1622693482966559e-05 5.417926040593196e-05 -0.07511476585496257 0.003258615809902589 0.9999457645737845 0.006721073382459697 -0.5272844674759054 -0.0032548669058899025 -0.00667892469077056 0.9999666187785385 39.24975887171063
1.0000305776618048 1.197750929083155e-05 5.5726272993327245e-05 -0.07754598154533579 0.002989858290665134 0.9999474606311054 0.006912504663467927 -0.5165073740127428 -0.0036015473065352625 -0.00686787057003456 0.9999635271894111 40.64431316962185
1.0000260025250713 1.3395434018226987e-05 6.202056136545226e-05 -0.08015479068050664 0.0024295580695848727 0.9999477793789775 0.007692965493143392 -0.5223938584251138 -0.003566365505917832 -0.007651745958647184 0.9999580371768554 42.06291282412579
1.000025890652343 1.3926503050543104e-05 6.44729957049743e-05 -0.08270265953187325 0.0024493789178901774 0.99994518012625 0.007997179483681536 -0.5276951812871449 -0.0034160142307658363 -0.00795746228699936 0.9999564519127078 43.45037115538388
1.0000268345273993 1.4433719922251481e-05 6.687572145566115e-05 -0.08544210065752547 0.0026071946395835564 0.9999410775522958 0.008295240922119288 -0.5479661750258518 -0.0032349774240999123 -0.00825667259180672 0.9999549593667723 44.87717088810404
1.0000216405769995 1.405960989212321e-05 6.4865447971749e-05 -0.08819641057582368 0.002165635443101178 0.9999477197784329 0.008046948478699108 -0.5744988752592066 -0.0023275423695787965 -0.008019855840065182 0.9999610456339192 46.284281047464674
1.0000183663275117 1.5430289275791126e-05 7.10627909090082e-05 -0.090936252297768 0.0019230746570314278 0.9999436749129346 0.008815755891307415 -0.5924818012400375 -0.0015958608351758052 -0.008797024868610717 0.9999572783550768 47.72150641300971
1.0000110514095166 1.6551616873789962e-05 7.593627083174502e-05 -0.09364892710733251 0.001262550277467682 0.9999445229733404 0.009420444508969204 -0.6157573188229528 -0.0004902466125259917 -0.009414273777598885 0.9999548161261396 49.12008316807882
1.0000036208911423 1.6910522897543162e-05 7.728704518264484e-05 -0.09634163400446902 0.0005787791786671919 0.9999490612541444 0.009588239541904884 -0.6297012251398586 0.0005757211206669144 -0.009592809905648121 0.9999550010189616 50.549215838730746
1.0000024322775065 1.6931098829577745e-05 7.733419602597982e-05 -0.0990091810777712 0.0006959661182131729 0.9999479853562151 0.009594229719950444 -0.6350687266130841 0.001756619219355164 -0.009609003612603266 0.9999556007543275 52.00266107476659
0.9999938898414032 1.901061007503896e-05 8.67426284609802e-05 -0.10171351530755085 -0.00015269457832155914 0.9999431683171373 0.010759900681184499 -0.6569265240375373 0.002703071768486853 -0.010782192348065397 0.9999432541317593 53.40294092552304
0.9999935532768377 2.017585621773635e-05 9.22112510748955e-05 -0.10449003149239233 -5.66861706620056e-06 0.9999344693385276 0.011437099114324622 -0.6732146615824826 0.003545143773114527 -0.011466340464429552 0.9999345424818075 54.868035911232425
0.9999966957961185 1.9983839388809654e-05 9.142273843676125e-05 -0.10719756750815967 0.000385350771176355 0.9999323603209578 0.011339419797305662 -0.6988465763650971 0.0035484786747541353 -0.01136940003728126 0.9999356421934479 56.25325813308286
0.9999960614576119 1.9782870645211614e-05 9.045278776304705e-05 -0.11006456438293692 0.0004596452990921502 0.9999330915925561 0.011218932146270733 -0.7309187095491956 0.004231118451835134 -0.011254835291932037 0.9999355136421905 57.69807489781627
0.9999972562697264 2.045618621502633e-05 9.366987074019045e-05 -0.11278125411255373 0.0005422380981046152 0.999927826651102 0.01161759701159138 -0.7435267103830581 0.003937716534342847 -0.011651220574335097 0.999931647971949 59.1464476558727
0.99999397287521 2.1611839906681904e-05 9.90059065191012e-05 -0.11548522825999018 0.00010163138387472327 0.9999236083704547 0.01227858249587345 -0.7664980118537876 0.003791265817223454 -0.012310074124390852 0.9999240650320607 60.54156234560398
0.9999974878244328 2.2748204816222528e-05 0.00010452275766476438 -0.11827602872236229 0.00045225673988990266 0.9999120522807605 0.012961948631213494 -0.7835893975462507 0.0034081963585981673 -0.01299096824190998 0.9999161479345893 62.010986338568905
0.9999999249972251 2.2466577612441016e-05 0.00010328206930755395 -0.12101098037336229 0.0006484452549876257 0.9999123445978377 0.012808467023287057 -0.8086694870134428 0.0029333177212193355 -0.012833689531275845 0.9999188250586817 63.41385320525214
1.0000025546073856 2.1879698231358838e-05 0.00010060760797191734 -0.12365232309934801 0.0008837557762768188 0.9999144610296081 0.01247735723023585 -0.8194804914151019 0.0025263272771286786 -0.012499216625433582 0.9999234333633478 64.82850993573643
1.000006170846469 2.1384694973577978e-05 9.84186550713553e-05 -0.12635578039422693 0.0011585067283909293 0.9999153172483375 0.012206337185815722 -0.8264676108228126 0.0017487936874333973 -0.012221247957935031 0.9999271235803483 66.29462074416
0.9999967813757208 2.154288993152717e-05 9.878418127601978e-05 -0.12885455685625635 -0.00013744359059372595 0.999925860969141 0.012251575855293675 -0.8310465230404454 0.0011696504442921852 -0.012261841597455456 0.999926426662408 67.65811160531074
0.9999811232062379 2.3685104902998466e-05 0.00010842270348812035 -0.1315375966138833 -0.002236378825722322 0.9999249184037452 0.013445010053647179 -0.8364127314090553 0.0004813773214762131 -0.013452479438108938 0.999910459920061 69.12014300454126
0.9999660709311734 2.512455704475891e-05 0.00011491549478180271 -0.13396727013009732 -0.004283388223680528 0.9999235886718371 0.014248555828184122 -0.8379841308290601 -0.00031089533226376256 -0.014255628959604364 0.9998979805948149 70.45877438482522
0.9999501173327449 2.5973627896138177e-05 0.000118729374837547 -0.13660667124681072 -0.006510328760358404 0.9999226649417776 0.014720009403828265 -0.8391070376556482 -0.001406396386139083 -0.014729993853647275 0.9998881929927321 71.91556040612109
0.9999179292973829 2.5860769331222805e-05 0.00011814864019327751 -0.1391269767614555 -0.010601504138017716 0.9999216634783558 0.014647758093546853 -0.8438783344721656 -0.0018243534977382778 -0.014671954871984087 0.9998876155464308 73.29011686797367
0.9999048584954119 2.594685240076347e-05 0.00011871974068252008 -0.14163978564968374 -0.012414940547715084 0.9999143668291477 0.014717648056037334 -0.8416654762292031 -0.0026724039921251497 -0.014752170543018367 0.9998829981636154 74.69166767008605
0.999897756594628 2.6237916416742973e-05 0.00012024314574824043 -0.14426979922667083 -0.013418405779823242 0.9999066968905375 0.014905613702516697 -0.839518906514785 -0.0032141304911276185 -0.01494757661725363 0.9998775260604508 76.15783495663685
0.9998965950054773 2.7261269596023235e-05 0.0001251798884494349 -0.14675094050461812 -0.013651957346010452 0.9998961188396573 0.015516146684002039 -0.8457017933316322 -0.0036123378425837564 -0.015561519221806567 0.9998660899405405 77.50440581308304
0.9999022513863876 2.7616647588263668e-05 0.00012677999743254112 -0.1495002090465315 -0.012955594527146019 0.9998966816276755 0.01571415037996754 -0.8633745299228051 -0.0036395720084001545 -0.015755830337635675 0.9998629017482477 78.94823539217555
0.9998981980099392 2.6414999929022173e-05 0.00012108329529812766 -0.15185107546267776 -0.013375686243548825 0.9999053690105885 0.015009541871566107 -0.8639091365163918 -0.0032680916982317136 -0.015051573485637857 0.9998756951121865 80.24784424984496
0.9999048566215354 2.6943475932428643e-05 0.00012349948824435684 -0.15447994286420175 -0.012461393668424763 0.9999052743016544 0.015309038643106275 -0.8769777148139406 -0.002878526509497407 -0.015344684547235853 0.9998731449067411 81.64552392510119
0.9999067684100914 2.72860808918831e-05 0.0001251161784001321 -0.1569996246349798 -0.012143097023167999 0.9999035351567608 0.015509497342978839 -0.8755131856797795 -0.0025178806168153394 -0.015542187106627005 0.9998717217042761 83.0475439563839
0.9999067548190606 2.6382516370127354e-05 0.00012077802524176418 -0.15944634360547172 -0.012110035825861322 0.9999118599801503 0.014972726274734682 -0.879436984917862 -0.0023629151316351205 -0.015004636093546965 0.999880583216079 84.38512505119184
0.999896402600776 2.686757131763716e-05 0.00012329214275666207 -0.16207319451559776 -0.013197634710937878 0.9999021297499951 0.015284634497699151 -0.8865678519098958 -0.0014796996575363213 -0.015316669194134712 0.9998791484953625 85.80816748380468
0.9999009422469918 2.8157346011492904e-05 0.00012940805778745746 -0.16451449297089984 -0.012449441599431912 0.9998938238369361 0.016042062351190507 -0.892463953446583 -0.0006573065122994031 -0.016068032728228973 0.9998697310793038 87.13395091120148
0.9999003651008008 2.9707443283392976e-05 0.00013690883989736675 -0.16709587465132147 -0.012239768400141078 0.99987937965437 0.01697068770576838 -0.9022109095441679 0.0005973870299054176 -0.01699094607540832 0.9998567902978249 88.52014427795298
0.9999067688857568 3.1164693008477184e-05 0.00014387310576371233 -0.16972035748517972 -0.011197216010834083 0.9998681927724593 0.017832401867097024 -0.9163791373553332 0.0017000661681023982 -0.01784791104963148 0.9998425969117545 89.91049167495247
0.9999111855019375 3.198749196788378e-05 0.00014781951332223041 -0.1721948038390666 -0.010486019524439616 0.9998613455622535 0.018320495764364165 -0.9226832602012591 0.002425609142058031 -0.01833414173766825 0.9998336193530724 91.25281398669546
0.999913935740543 3.162189519864515e-05 0.00014600560301808365 -0.1746784290476853 -0.010032992115711398 0.9998664369076653 0.018096047691345193 -0.9216695179524317 0.0029227312533937136 -0.018108956171790157 0.9998372880736411 92.63285430883414
0.9999175076542649 3.1964123098981306e-05 0.00014763858784790388 -0.17709853721211846 -0.00960003788949981 0.9998635219631673 0.0182980342924459 -0.9272850839517675 0.002875263124173413 -0.01831149344778279 0.9998336540668965 93.94815286789421
0.9999178929516386 3.207750627119005e-05 0.00014818823556306173 -0.17959562634782505 -0.009485167322356356 0.9998624472631243 0.018365935818543136 -0.926087246948915 0.003174143645488448 -0.018379081744690585 0.9998320504438056 95.33647097007993
0.9999148599987203 3.141168046113044e-05 0.00014497223390385477 -0.182043339312005 -0.00984342612131052 0.9998691034524572 0.01796813572616171 -0.9263570542345212 0.003256224730179799 -0.01798064020701344 0.9998391737460857 96.69089775888816
0.9999013474246817 3.14796968747099e-05 0.00014549711842448882 -0.18449038015848293 -0.011639703878885427 0.9998630981357655 0.018033201622887785 -0.9293325066555891 0.002729363217326651 -0.018045091154124736 0.9998386392053231 98.03288632662277
0.9998930099003852 3.251168052506061e-05 0.00015070518618845344 -0.18699099353485954 -0.012690961627658924 0.9998469370655367 0.018677359974634797 -0.9309637717854893 0.0026588352718883716 -0.01868871141143272 0.9998268879225185 99.41053973590923
0.9998891059635358 3.443574512764641e-05 0.00016022982223991853 -0.18941177685868155 -0.013218535967464713 0.9998216352875628 0.019855171964666567 -0.9303007499130236 0.00246822576858677 -0.019867161157606967 0.9998043272364214 100.75421194218343
0.9998892514365878 3.5961300781759895e-05 0.00016774170731733893 -0.19175133884523982 -0.01324561737333577 0.9998026060548202 0.020783866535699556 -0.9201870836314017 0.002266886576067781 -0.020796929781170488 0.9997855459135699 102.09504658604688
0.9998887502385324 3.609668850241936e-05 0.00016842356801318858 -0.19406352998215642 -0.013292288845000591 0.9998006055614418 0.02086814766223136 -0.9142378104104074 0.0023363337004219634 -0.02088083360334912 0.9997837638263494 103.40215093739197
0.9998891513568025 3.308224041409166e-05 0.00015359038531682673 -0.19657366194579498 -0.013312485369550021 0.9998371239986356 0.019034229839319218 -0.924003847869548 0.0020241126647268506 -0.019048469587942055 0.9998204440809212 104.74879859662585
0.9998977473727417 3.1719271501050306e-05 0.0001467343631731176 -0.19906409210393972 -0.012224087997947167 0.9998580545243235 0.018186310501113963 -0.9318172254563504 0.0021171050585768046 -0.018200268327784187 0.9998362070641377 106.09324269703711
0.9999046311466916 3.3921404177301995e-05 0.00015737385284802109 -0.2014758932561942 -0.011400021261318715 0.9998363349360945 0.019502079541416875 -0.9364286454228856 0.00197960010888045 -0.019516747028699304 0.9998114283313022 107.40841858535309
0.9999256595604675 3.610914260207369e-05 0.00016792821646278901 -0.20372463750536404 -0.008896212442324079 0.9998152617501739 0.02080692392912195 -0.9143127735437446 0.0014991988060054267 -0.020822371016157734 0.99978507631107 108.75247967339774
0.9999309801381658 3.723665155011199e-05 0.00017349509916944833 -0.20626275627664856 -0.008492797618148694 0.9998009585443531 0.021494787176604347 -0.9267685198351259 0.0003515260751692753 -0.02151061130974417 0.9997695050932409 110.10263250687008
0.999924275818824 3.665948934598873e-05 0.000170654567556472 -0.20864352379262152 -0.009464557044917249 0.9998075548001528 0.021143443427579386 -0.9228610547453833 -0.00026900124411971256 -0.02116154208987487 0.9997758545124155 111.43861132272633
0.999905787837002 3.3342947785616056e-05 0.00015451979532606595 -0.21104499446561714 -0.01188828099184237 0.999841423232802 0.019148339074630333 -0.9246968478258635 -0.0008384379603711275 -0.0191736858714068 0.9998145805779433 112.76044389238241
0.9998873089543441 3.1942660043676047e-05 0.00014807134448003396 -0.2135641722835574 -0.014365704983029666 0.9998438249739984 0.018350253828439054 -0.9326516709159254 -0.001652392520108194 -0.018387446293237825 0.999826854132092 114.12017867925505
0.9998761554257758 3.16572999918812e-05 0.00014701759088977585 -0.21591941803043144 -0.016075858400584828 0.9998339733384116 0.0182184966875414 -0.9337774900402267 -0.0031017004510673716 -0.018273337733770788 0.9998228816683052 115.41957641922922
0.9998764802721347 3.434234907418246e-05 0.00016014771221931371 -0.21846082044831178 -0.01635993732735598 0.9998007594836364 0.019840312046834365 -0.94629197998809 -0.00454847800082252 -0.01990853195609402 0.9997835340203075 116.7712858816412
0.9998734965228872 3.7030438706045846e-05 0.0001735180770453843 -0.2208299185750751 -0.016949706616718452 0.999761526006842 0.021491552194266947 -0.9426357432637522 -0.005526081861484771 -0.021572254989405255 0.999742352544964 118.09968140983426
0.9998759162990303 3.79127348749779e-05 0.00017781217400755583 -0.22326219743950093 -0.016843766933028092 0.9997509397967818 0.0220207043636738 -0.9428357327611006 -0.006393795420878658 -0.022108111619081047 0.999723913999662 119.44587160473023
0.9998792537078937 3.793452623716484e-05 0.00017780909272476658 -0.22557854765408983 -0.016663477529939415 0.9997525631646385 0.02201825474493318 -0.9314401490727131 -0.007438159628921849 -0.02211294094479387 0.9997146963088137 120.77956753198532
0.9998648468870734 3.7280512361941714e-05 0.00017509083422487118 -0.22798451037369058 -0.018730457014954432 0.9997400300158135 0.02167943962250461 -0.9331147235751927 -0.008676965411635798 -0.02180661722039066 0.9997091986770184 122.10460691935212
0.9998563567969411 3.705456917679241e-05 0.00017434135991322157 -0.23028948675076427 -0.020066234546937733 0.999726944333907 0.02158356070852747 -0.9186693452029651 -0.009931829172737753 -0.02173983823679758 0.9996967065826174 123.44560434614674
0.9998435952842691 3.605754982843358e-05 0.00017004418784391214 -0.23281357756195992 -0.02187537339554344 0.9997149586075587 0.02104954909967525 -0.9218508582041749 -0.010932009801461862 -0.021241104688325983 0.9996951772841487 124.8293469705404
0.9998312251024042 3.581571294033331e-05 0.00016956309194829898 -0.23516733256046868 -0.023684794349466742 0.9996896306166076 0.020986254453470403 -0.9164073440352938 -0.012150181336258066 -0.021220118484074332 0.9996793591282077 126.15721539717045
0.9998395030583294 3.646329473066395e-05 0.00017227838910588195 -0.23758143151136024 -0.02285772688970812 0.999695177687546 0.021318972390579265 -0.9151489980889083 -0.013046451677380213 -0.02155403470444169 0.9996593061110549 127.49984044290481
0.9998464276886827 3.78307251464316e-05 0.0001786863530960504 -0.23988184027101805 -0.022203208465941923 0.9996875132491498 0.022107740453396134 -0.9059229161231697 -0.013962694702224655 -0.02234554603106231 0.9996279050999114 128.8150324121592
0.9998593358436998 3.91972270160721e-05 0.0001848667519165786 -0.2422820011997503 -0.020805092111924807 0.9996892111393793 0.02286814534050057 -0.9030726457186633 -0.01487670800555592 -0.023094791258477236 0.999596050531335 130.15703736601685
0.9998594199801399 3.9476538250192775e-05 0.00018625805745609274 -0.2446686742983651 -0.020862061564608503 0.9996845596308135 0.02303888543237304 -0.9029991387495881 -0.015177364259467155 -0.023270227365822578 0.9995869214764 131.4791891478943
0.9998644637850385 3.962014388959878e-05 0.0001867577851856158 -0.2471441814077067 -0.020221757733095924 0.9996911276640582 0.02310092045646203 -0.9066723803495007 -0.015115330410190607 -0.023320470729754576 0.9995868033072168 132.83383150822212
0.9998662852091439 3.9980774622373413e-05 0.0001884865148341268 -0.2494649692225663 -0.0199697814040631 0.9996891914198545 0.02331495308931955 -0.895678971863735 -0.015000396714729834 -0.023528835575537182 0.9995838623980206 134.1681916122426
0.9998693912875669 4.004096930068299e-05 0.00018866467554357102 -0.2519216780761023 -0.019477147870423345 0.9996943867669589 0.023338796933518792 -0.9040524437641444 -0.014523725510749395 -0.023539004571144526 0.9995915236766599 135.4914618890348
0.999861165289475 3.9493712024022895e-05 0.0001862666814184393 -0.2543926408141453 -0.020247799242093772 0.9996920676219888 0.023046482535418713 -0.9070962960920665 -0.013404640498590019 -0.023246256495077482 0.9996160249345912 136.84639421310382
0.9998590553031149 4.026091052285359e-05 0.00019019885574118487 -0.2568336420422274 -0.020293583069338088 0.9996801070751246 0.023535490170229854 -0.9088249136837045 -0.012440231011002683 -0.023724496897521572 0.999619005109876 138.19059815746934
0.9998571174614191 4.083199653481806e-05 0.00019315112918731744 -0.2591970549307978 -0.020293685013041813 0.9996713673401953 0.023903530467053673 -0.9093038065861985 -0.011367440366469837 -0.02407975987448304 0.9996252283169119 139.49740415368552
0.9998592163739775 4.1004934342428814e-05 0.00019392332422669663 -0.2616645106073142 -0.019779085374924458 0.9996751712012185 0.024002206179452267 -0.9055338166094693 -0.010235005991858124 -0.02415857541397204 0.9996376093505017 140.88078086072616
0.9998565811970405 4.083071936667251e-05 0.0001931696837742939 -0.26400844748776797 -0.01979556368214339 0.9996771240381968 0.02391270745404861 -0.9009404823198 -0.008849037752984488 -0.024053380211116557 0.9996558774263761 142.1994202407586
0.9998541067703473 4.108611518351818e-05 0.00019456969355560695 -0.26633541007093964 -0.01990627244705467 0.9996716135244373 0.024087686388454425 -0.8873644641336083 -0.00797232477525046 -0.02421940189710519 0.9996608310140856 143.5487174448499
0.9998606551226098 3.833675280582628e-05 0.00018051839092934376 -0.2687976525276135 -0.01887806615454348 0.9997235798357821 0.022353825417505312 -0.8857867227894018 -0.007013689359886115 -0.022464961049491992 0.9997106876602149 144.9194304287762
0.9998729149619585 3.815887948218841e-05 0.00017914209536415708 -0.2712697064246104 -0.017138678043477972 0.9997446526203074 0.02218567544273028 -0.8990167829634135 -0.00604672168676152 -0.022272473229572324 0.9997230544351537 146.22954110145682
0.9999221179946415 4.275825234305135e-05 0.0002011352504669992 -0.27373445775495026 -0.010803115525637294 0.9997180897215294 0.024904568498037415 -0.8968952636975369 -0.00504329964570891 -0.024938227348942573 0.9996675256615928 147.60406859695266
0.9999736847935098 4.554938728013394e-05 0.00021580090841972002 -0.27602468751148856 -0.004106447494128945 0.9996672553359903 0.026717457576792718 -0.88581350763585 -0.003738644322643257 -0.026710755429776387 0.9996298476532571 148.9218985585484
0.9999633243882803 4.2047697612847615e-05 0.00019783158607756092 -0.27857475681033417 -0.0050975836843650075 0.999727516070653 0.0244999555638755 -0.8994533418670143 -0.002420713749470357 -0.02450265966802929 0.9996928174285244 150.27338950926804
0.9999837566638149 3.467207102754444e-05 0.00016165219902181008 -0.28088291089854667 -0.0027181797146016524 0.9998173019155416 0.020028468851739083 -0.880576072176865 -0.0031257431179510207 -0.020017371718531157 0.9997893920022944 151.63591113652782
0.9999739614997485 3.3242247673939684e-05 0.000154355652821934 -0.28322459377200104 -0.004121036380839215 0.9998415008368317 0.01912525509658477 -0.8779625354007827 -0.003956953995000941 -0.019117568508432 0.999802544187782 152.94447314803946
0.9999628589201933 3.441120983183575e-05 0.00015984366764688483 -0.2858764037894336 -0.005713036981910594 0.9998332974721794 0.019802502344014147 -0.9001063876222903 -0.004907570079576217 -0.019801564466781316 0.9997833101356011 154.31438755467974
0.9999860872908621 3.698538380301694e-05 0.00017314884355681287 -0.2880924801835272 -0.003040271776898051 0.9997895471471205 0.02144586976819829 -0.8779991274601275 -0.005852914694981146 -0.021422340120249357 0.9997431237300701 155.64031762475116
1.0000578787886578 4.045346968049868e-05 0.00019443827658641383 -0.2904072940338445 0.005795822992906907 0.9996462722065587 0.02407616769169608 -0.8654139024763654 -0.006208517599894602 -0.02398203149206704 0.9996822460955783 156.97846793222
1.000073707329733 4.1772835154902516e-05 0.00020240097475585886 -0.2927930864655823 0.007712591451053361 0.9995937001849744 0.025059369070763934 -0.8605605869252164 -0.006426985403556456 -0.02494719067810825 0.9996568647517043 158.32144779812864
1.000074810457583 4.183311012305804e-05 0.0002028032919662102 -0.2951735433598295 0.00787811192111793 0.9995898225879329 0.025109282489629618 -0.8596154890344443 -0.006299788662530855 -0.024997865452030265 0.9996566389846346 159.64404373551042
1.0000681733007555 4.215693134311527e-05 0.00020386089944850585 -0.29754201841411604 0.006842303045522963 0.9996025469385854 0.025238123753664465 -0.8451887979185126 -0.007243145121008603 -0.025120464130382658 0.9996454735078316 161.02012563867
1.0000626533200552 4.137152555668683e-05 0.00019943800876677 -0.2997734793172761 0.005926238970855523 0.9996294812737178 0.024689728288634177 -0.8212230451797726 -0.00827122447387968 -0.02456536342684933 0.9996494259977889 162.36286424743113
1.0000506850364779 3.907180250435627e-05 0.00018696976522233422 -0.30201218459490253 0.004220860945970016 0.999688806462926 0.023147179715864538 -0.7993352165295597 -0.009247996129299843 -0.02302713140558344 0.9996756970665461 163.7003484262165
1.0000494412747276 3.862496950943206e-05 0.00018464703582039268 -0.3043257605446884 0.0039072117343338115 0.9996992571007776 0.022858410062884228 -0.7816695349082627 -0.009957893398749803 -0.022733054275026962 0.9996743220514982 165.06046972620396
1.0000561962527657 4.023497465412314e-05 0.00019321059670275023 -0.3066581113703224 0.004688704652284289 0.9996648483554362 0.023915792927961317 -0.7696987282841192 -0.01021392698547973 -0.023778179825281506 0.9996469782461725 166.40559259719257
1.000059648235071 3.991697557733341e-05 0.00019188496317773464 -0.3088774697270228 0.005178289075507015 0.9996623781554625 0.023752762385734857 -0.7479752334393932 -0.009942427266898429 -0.02361307668704628 0.9996541169923692 167.73162891094984
1.0000499220292125 3.746822810836263e-05 0.00017891871208843718 -0.31128965243164175 0.004068231716385245 0.9997132383242643 0.022151701990212668 -0.7414488693198849 -0.009506074458596173 -0.022030059913612857 0.9996952654481472 169.09668569868592
1.0000174544145266 3.3825678775309745e-05 0.00015889943671900612 -0.31373363661421055 0.00018910199503359947 0.9998045202542448 0.019678487088602165 -0.7345391950772806 -0.008823560976077557 -0.019605610300456947 0.999753205526897 170.48106466297514
0.9999822024845383 3.2308605292725653e-05 0.00015002040331434227 -0.31605940790969544 -0.004165876674235937 0.999851955836716 0.018580534581109916 -0.7269380613613678 -0.008721070678229114 -0.01855385966964223 0.9997743465425877 171.80305675235604
0.9999769460875687 3.3378191180931036e-05 0.0001551002017531691 -0.31844408570038335 -0.004863383987581802 0.9998425516043442 0.019208240208619828 -0.7170915785075802 -0.008920465703546323 -0.019188172873081187 0.9997602634882281 173.16768660448503
0.9999570874485714 3.637400851468249e-05 0.000169418741665487 -0.32097306268695613 -0.0074976638212085715 0.9998119185927183 0.020976518988387476 -0.7183307397424341 -0.009669769963051356 -0.020983972127287177 0.9997158895593844 174.56279739389947
0.9999464058336393 3.821611875516259e-05 0.00017842166519163702 -0.32344359152633134 -0.008835785579713876 0.9997877867824975 0.022089017534520833 -0.7242450955192159 -0.009721343992302001 -0.022111815111378726 0.9996910027001473 175.90468823598704
0.9999534448048752 3.965480972211062e-05 0.00018566967946869123 -0.32599661539287045 -0.007750855434011484 0.9997677914026599 0.022987004893130377 -0.7233949820885739 -0.008781467463878078 -0.022997783586952546 0.9996814217970457 177.32243427732882
0.9999606760785121 3.978775810754842e-05 0.00018644626690579504 -0.32850432152465653 -0.006546726969231522 0.9997644208129433 0.023086024274201946 -0.7173492624540816 -0.007416523116182007 -0.023086446441633837 0.9996929027754389 178.7382518560376
0.9999665259464935 3.4204065101897316e-05 0.00015889917405098207 -0.33095134034488644 -0.005396922055330209 0.9998348348989707 0.01968476438597132 -0.7211017969322433 -0.0055287664271317875 -0.019679984146785956 0.9997813449667344 180.07676278318274
0.9999344295574063 2.6596515245665836e-05 0.00012161847742599369 -0.33350153031725405 -0.009057395061482329 0.9999180545966427 0.015074864615984493 -0.7188784482914046 -0.004076738740644186 -0.015095530994568259 0.999870602819242 181.4990633343044
0.9999114239952793 2.658262056705156e-05 0.00012167451976964746 -0.3360908860193038 -0.011765119356714832 0.9999115478144447 0.01508258127652016 -0.7276983733414939 -0.0034106954291431863 -0.015116852995782805 0.9998739774742151 182.89380714399095
0.9998849711449874 2.872212973106282e-05 0.00013250481552637351 -0.3384905450286643 -0.014994559703446476 0.99987319765583 0.01642308813675392 -0.7265876304884706 -0.0031620444427850015 -0.016472813556207052 0.9998538433012278 184.22777659499843
0.999859490452714 3.300416900851172e-05 0.0001542424358882842 -0.34109193465363274 -0.018150394370259483 0.9997984767925585 0.019111936285147547 -0.7265196258135791 -0.0031235602301182015 -0.019177580298074863 0.9998058517320014 185.66882144542518
0.9998383910589447 3.541588697338581e-05 0.000167162949722064 -0.3436065431711874 -0.020841634698318533 0.9997358379966157 0.020708948931372553 -0.736574130016505 -0.003439709181910706 -0.02079261628080262 0.9997719830175181 187.0166619446767
0.9998496346921639 3.60304270966387e-05 0.0001695951453705982 -0.34619802185135007 -0.019497583853093352 0.9997458582813049 0.021009336722772894 -0.7314149403649481 -0.0036729596576069185 -0.021088284305940154 0.9997645435033499 188.47492219259564
0.9998443582770701 3.618600296506104e-05 0.0001706385155129653 -0.3488138503166013 -0.0201170329170672 0.9997358493915081 0.02113848689089921 -0.7383792059968339 -0.0035131627306883026 -0.021219082938121154 0.9997626407443249 189.8926029736478
0.9998618126000666 3.7277322103542246e-05 0.0001752026400081827 -0.35129787896379566 -0.01792608680799071 0.999747792237362 0.021702775868145736 -0.7414887717620624 -0.0034093352190001673 -0.021770234273543645 0.9997513459959085 191.25447860750236
0.9998755636315213 3.757205264154871e-05 0.00017613204547959867 -0.3538537705527891 -0.016347866479191186 0.9997596486768794 0.021816946417010617 -0.7352466961936648 -0.0039869793749829395 -0.021880592002422504 0.9997457584374213 192.69785865709184
0.9998907783449469 3.850714086634649e-05 0.00018032503695649413 -0.356320188576165 -0.014488996440007298 0.9997618998017829 0.022334977484240855 -0.7332297198486171 -0.004123689012222005 -0.022388437913651325 0.9997337204974416 194.07284301103095
0.9999062050554759 3.950340669049007e-05 0.0001849742840131822 -0.3589018646843978 -0.012650882201689202 0.9997590477892997 0.0229090274756641 -0.729363341284315 -0.004470371818861678 -0.02295292387482026 0.9997188116623195 195.51990888327413
0.9999276236344572 4.027895693260557e-05 0.0001886527798968772 -0.36144017590739036 -0.010069669716037096 0.9997570760938719 0.02336307721653147 -0.7296881773525934 -0.004821674353651387 -0.02339124391641406 0.9997063912109374 196.92426678808368
0.9999146306131927 3.386864238453212e-05 0.00015697989337789512 -0.363946038108727 -0.011755002362035687 0.9998361397967398 0.019447868749503085 -0.7225007136089492 -0.005141516526791632 -0.01948839591685765 0.9997878609064748 198.3441548057502
0.999862328450839 2.5147758616960586e-05 0.00011611343036464728 -0.36657815019144246 -0.0184006685186432 0.999875092670182 0.014390587211165484 -0.725932163833592 -0.005811455778726059 -0.01448474949122412 0.9998679185392128 199.78660882150783
0.9997760983594138 2.336170417796546e-05 0.00011332988925078641 -0.36918250147856085 -0.029380857294683517 0.9997060698382146 0.01404342496658213 -0.721963297235197 -0.007020958348634113 -0.014249336316047466 0.999861352261467 201.2466900610116
0.999738472737358 2.8189791815826093e-05 0.00014047718159869048 -0.3716834063837858 -0.0342699225098796 0.9995369330291564 0.01740058874908784 -0.7094620968541614 -0.00798562278959562 -0.01767757723794194 0.9997976846370059 202.68752946381798
0.999737349702421 3.086218468112065e-05 0.00015363057547478445 -0.3742545519922885 -0.034618471295159964 0.9994981017619735 0.019025116513065536 -0.7005696082704624 -0.00891801947365892 -0.019330813170106265 0.9997575439527405 204.15117739664717
0.9997343325253194 3.1001384946738667e-05 0.00015467014297591863 -0.3769222548003549 -0.03494304846368565 0.999486953629071 0.01915420196762099 -0.7065374996041596 -0.008694470445715592 -0.019457622933772584 0.9997574586370679 205.60203141133942
0.999754436969909 3.2010763103442266e-05 0.00015733091373176735 -0.37959444021669914 -0.032157013369406656 0.9995516072669145 0.01948630738816562 -0.7101144052924935 -0.0074045407922216115 -0.019728325677617738 0.9997648727171837 207.06603078964446
0.9997612375683884 3.199095317555668e-05 0.00015651569906724493 -0.3822496480869859 -0.03103948960853007 0.9995798472342409 0.01938801690366628 -0.7182528828011718 -0.0061872919179740546 -0.019591416496875784 0.9997780354192559 208.50028481325327
0.9997509215083867 3.0661025335438144e-05 0.00015110547395154935 -0.3848829131486954 -0.03224902394425924 0.9995640497800816 0.01871955359445206 -0.7107892468806314 -0.0058678802639623405 -0.01892530506861161 0.9997933592517575 209.9919646464976
0.9997376499847368 3.1131111463460204e-05 0.0001549116135301221 -0.3876680070111685 -0.033851359929887685 0.9995150336298687 0.01919053082546649 -0.7234204601655521 -0.005663349633986218 -0.019404245704670392 0.9997857343137003 211.47811851538577
0.999717703190076 3.210388450072647e-05 0.00016215956002663058 -0.3902806323354993 -0.036267344061184 0.9994321144185931 0.020087063465115913 -0.7232971628652936 -0.0053903280567373195 -0.02031278476096527 0.9997697035478397 212.92563267411194
0.9997168407003647 3.1818764693833726e-05 0.0001608701931151619 -0.39288187165366306 -0.03626983810447851 0.9994352219428092 0.01992844339715494 -0.7219357388226344 -0.004923773078276302 -0.02014101714669241 0.9997764253218674 214.3723623566215
0.999707954539343 3.078726282603611e-05 0.00015699119489783332 -0.3955926872765024 -0.037326600149834195 0.9994142738696655 0.019449149743816927 -0.7279445339985966 -0.004714993325244038 -0.019663154055162158 0.9997873143920954 215.84691135992657
0.9997004587318095 3.0297889397989594e-05 0.00015562784692197264 -0.3982788773988728 -0.03817748747193232 0.9993922442950273 0.019281100374360326 -0.7353480520301265 -0.0043581304584910125 -0.019490363884936267 0.999792958989283 217.30160204414395
0.9996954935499202 3.0372593782513474e-05 0.0001566981567623152 -0.40090373230408805 -0.03868141422406221 0.9993743475897158 0.019414158342399283 -0.7353524417999682 -0.0038555271613061343 -0.019611549191442937 0.9997935631289102 218.75531994953857
0.9996834978431027 2.9553854929849008e-05 0.00015445026838359398 -0.403646659030174 -0.04009806177355406 0.9993352785836707 0.019136612095016096 -0.7410361979797717 -0.0035295008634185212 -0.019332333114582614 0.9998007899244706 220.24910274742882
0.9996756326894874 2.9696305679038568e-05 0.00015635072766758025 -0.4063732982766976 -0.041025787987553 0.999300558846938 0.01937186899551974 -0.7502286175620991 -0.0033107484866815844 -0.019566062020267828 0.9997973898993546 221.71821787888712
