1.0 -3.469446951953614e-18 0.0 -1.5585406229479126e-19 0.0 0.9999999999999999 -3.5575383784680614e-19 0.0 2.168404344971009e-19 -2.388632911257127e-19 1.0 0.0
1.0000005914377053 1.1956327172438913e-06 5.3627550915744115e-06 -0.0025724908183114847 0.00020089264314402354 0.9999981306314466 0.0006661498083598322 -0.021923715912692023 0.0005683330602807809 -0.0006705202411875233 1.0000006495569949 1.3269663392242248
1.0000037316296113 1.8269696085791015e-06 8.312126194324207e-06 -0.005051259579434729 0.0006039663497323811 0.999994406432806 0.0010323810811453688 -0.03979067333320005 0.0006267138633196559 -0.001036785216461184 1.0000004127387558 2.620117433890171
1.0000050823833229 1.7037594682058066e-06 7.814561079007559e-06 -0.00768147555635162 0.0008223984123881291 0.9999925545108397 0.0009706554944300802 -0.07027456188431148 0.000852728903856533 -0.0009768058344951725 1.0000007131292896 3.94087943033409
1.0000112614671353 1.7907401120460797e-06 8.466488949868817e-06 -0.010178146440822662 0.0015074010867554295 0.9999861577865394 0.001051508022883498 -0.08445965164001051 0.00048534217279300835 -0.0010535053475609422 1.0000002188708783 5.260364852535206
1.0000120849314142 2.2757597666449303e-06 1.0678114227779872e-05 -0.012687762981387261 0.0016696910849540777 0.999984262617635 0.0013261692967500296 -0.10017842580034599 0.0007530200174263736 -0.0013305779999752347 1.0000002101594483 6.580180484022252
1.0000232597495613 3.726305761351037e-06 1.7735687282560133e-05 -0.015344264601686409 0.002982963510833039 0.9999690739886625 0.0022022210527344135 -0.13098846836259936 0.00042062364907754016 -0.002201676230067808 0.9999982792719863 7.914045897055131
1.0000239774035447 4.552966843292608e-06 2.150149898891675e-05 -0.017890540497536477 0.0030512609761837364 0.9999671725074754 0.0026696168440112212 -0.15206433163912836 0.0003277379263342125 -0.0026679901380305465 0.9999970177014621 9.23027453215713
1.0000202022978477 3.7218477416216256e-06 1.7561988774875484e-05 -0.020503598086002002 0.0026959016885204252 0.9999722480124503 0.0021807666016455244 -0.17789559819454917 0.0008337800038255523 -0.0021850524812867516 0.9999988023028022 10.562282238894428
0.9999974693421878 -4.5987808870544267e-07 -2.1431909034419494e-06 -0.023092513309525 -0.00011946359636646857 1.0000009233079499 -0.00026590555886019703 -0.20176151952251226 0.0008688130908799756 0.0002588142947633087 1.0000011539440263 11.889683618997006
0.9999795353560695 -1.280651772281316e-06 -6.355332861473833e-06 -0.02566961431927325 -0.0023686272823291252 1.000015967051024 -0.0007890983950427687 -0.22345306650341926 0.0007710153821051725 0.0007804762183856998 1.0000007788952578 13.220238615860284
0.9999474418655165 -1.695589045591292e-06 -8.756752187270974e-06 -0.028238095403652956 -0.006395619082724862 1.0000304689650792 -0.0010874409942970994 -0.24160042413846713 0.0005869263283201317 0.0010749552671084136 1.0000002940442156 14.561825107351762
0.9999480872804787 -4.432548715571638e-08 -1.4086617769048116e-06 -0.03091894178867023 -0.006417319279871027 1.000031067388237 -0.00017489441569401842 -0.27195184852886123 0.00013269943076769193 0.00016309580904678474 1.0000002151094582 15.911218745953416
0.9999602523643769 5.098607699366778e-06 2.1814983404677343e-05 -0.03356841458927411 -0.004931429278104106 1.0000238404843218 0.0027084070393351744 -0.29917801836880736 2.1656773141002063e-05 -0.002717471273276962 0.9999963860292068 17.257173834486768
0.9999972766151994 8.764636911942972e-06 3.943774250498764e-05 -0.03626410199723888 -0.0003630064766714132 0.9999908041700373 0.004895082841915802 -0.3286135606105122 -0.00011054122669286481 -0.004895175234920367 0.9999878839944628 18.61887138507583
1.0000115583379416 5.577959563952267e-06 2.5537365179254413e-05 -0.03895590992779149 0.0014827691684079804 0.9999818886943341 0.003170466607608645 -0.36231657585003463 0.00021107717836715617 -0.003170039685342483 0.9999953803006388 19.95938930507674
1.000019425958934 1.0567924661770284e-06 5.558841003571813e-06 -0.04139354363245938 0.0024488903441307244 0.9999770339229793 0.0006903681217936599 -0.36183402365527134 0.00016218279863712483 -0.0006877075721577035 1.0000000531913562 21.311589033421946
1.0000032607719191 -7.19060873923677e-07 -3.0780028414383476e-06 -0.04427439915061866 0.00036147242777738627 0.9999969564996499 -0.000382359810029746 -0.41678011450705316 -0.0001939239441605667 0.0003846686804873612 0.9999995514944776 22.662073488534872
0.9999879627294705 1.8035968990023216e-06 7.646482686879223e-06 -0.0466688181755624 -0.0017135104816302918 1.0000118649978988 0.000949023353550445 -0.40738247390268995 -0.0009748313952631373 -0.0009459831182769071 0.9999973311236015 24.030096743155966
0.9999838691081224 1.0197212117167564e-05 4.55419198625677e-05 -0.04936982617099441 -0.0024156628071072333 1.0000004820309418 0.005651202963721919 -0.4307170330435882 -0.001838927380590125 -0.005645427078908793 0.9999791354130644 25.421948704739908
0.999996097947966 1.1416740649925275e-05 5.154246976536909e-05 -0.052083666537284266 -0.0009013187881771753 0.9999863062946107 0.006395405497003228 -0.45930845802129155 -0.001858388026176862 -0.006384062615597159 0.99997463221668 26.797464394675355
1.0000305079930722 1.0415054838463361e-05 4.8537347202147214e-05 -0.05480533527095045 0.0033699491289916443 0.9999489594948572 0.0060227270677988155 -0.4913657524600243 -0.0018679255655759664 -0.005995843765519943 0.9999769947044361 28.16185946915615
1.0000306768121512 6.15268366173545e-06 2.91008298285364e-05 -0.05729020585720488 0.0034229418402105076 0.9999600039360611 0.0036115894471553402 -0.4944116482131759 -0.0017250995296565284 -0.00358593854287316 0.9999890199628836 29.52448533868337
1.000033827180941 2.7155666243259408e-06 1.3757349314570634e-05 -0.060185723423464496 0.00365743705569066 0.9999623792320865 0.0017065862514934194 -0.5433428684375412 -0.0024241404233441783 -0.0016717487964695655 0.9999913119301528 30.909913812598973
1.0000152340433976 1.0110291291890589e-06 5.155200164298074e-06 -0.06266252098475933 0.001231634390147054 0.9999891113497688 0.0006380239330507793 -0.5406588099449936 -0.0029446083459546777 -0.0006085022452287443 0.9999901718742813 32.293621612553935
1.0000033461587823 -2.8658213877194583e-06 -1.2604719889542553e-05 -0.06551330385163116 -0.00036419398665833973 1.0000016589228045 -0.001568442508028658 -0.5842774101905002 -0.0034773648976277683 0.0015945913029768203 0.9999863810170675 33.677966359033995
1.0000016726828214 -2.0746916589205883e-06 -9.163897752937928e-06 -0.06804365873377945 -0.000630172570153487 1.0000042408989454 -0.0011413056937270047 -0.5861396517114332 -0.0037366813590819625 0.0011679501482560874 0.9999855729645974 35.071061613742394
0.9999994113988834 8.041393050241957e-07 3.5677061377091795e-06 -0.07091742680049244 -0.000780863790927561 1.0000058791838715 0.0004406626549739492 -0.6308478155315731 -0.003156318415755955 -0.0004191422325646258 0.9999892383566404 36.46327740603828
0.999992067683026 3.133163172935882e-06 1.3745826008280341e-05 -0.07352177630385891 -0.0016562900423392514 1.00001048717341 0.0017045729641671544 -0.6397204632203277 -0.0029931220506483848 -0.0016884884313520373 0.9999887155752787 37.8660901935829
0.9999747975971925 4.120825940735762e-06 1.769386375841857e-05 -0.07619427039252001 -0.003716621276257771 1.000020578137984 0.0021950550857672405 -0.659445466982719 -0.0026165021474240466 -0.0021904897725924214 0.9999894855811996 39.258247162832276
0.9999545879963514 4.752531754609324e-06 2.0171542991021538e-05 -0.0790101375642179 -0.006352981528830269 1.000027806437806 0.002501998287700054 -0.6955505901726999 -0.003180709071867796 -0.0025081157797783 0.9999860898760011 40.656761141119084
0.9999305038672957 5.507040721636214e-06 2.343597481112812e-05 -0.0817989146744951 -0.009315049081691514 1.0000273487963198 0.0029072982104983297 -0.7220903084856749 -0.003051575486236622 -0.002928030409294045 0.9999855901584701 42.082929152900434
0.9999262269707228 5.593873987351158e-06 2.3837122253226716e-05 -0.08439470871398237 -0.00978920526523781 1.0000264897706364 0.0029573523422143796 -0.7340412206086355 -0.0027974053948851456 -0.0029799526168887464 0.999986639767398 43.46727592646538
0.9999316956565157 5.5009144643587e-06 2.3407736154267998e-05 -0.08717313614510235 -0.00902823593302524 1.000027678444365 0.0029044256345522887 -0.7589698036721477 -0.0024325709420054574 -0.0029231673871169227 0.9999884193094056 44.894896869254026
0.9999319302176328 4.684812533666677e-06 1.9721945074296053e-05 -0.08995878640934771 -0.008799129654682014 1.0000291048287187 0.0024477185070531627 -0.7901280567808144 -0.0015407666928716121 -0.0024648202319452143 0.9999930293315267 46.29873650425035
0.9999338942683199 5.9469541425338085e-06 2.542667431817188e-05 -0.0927727454459823 -0.008339748751387346 1.0000273466941336 0.0031563657374743437 -0.8196810339206684 -0.0005798921358263654 -0.0031716793953712966 0.9999938011812453 47.7254133581887
0.9999297173321606 7.37375654592809e-06 3.189781059554481e-05 -0.09543755100066514 -0.008648291246483098 1.0000243397728619 0.003959782032845629 -0.8375269734698416 0.00035748001538120334 -0.003975302565818032 0.9999927377502108 49.12169193923186
0.9999204857325887 7.735160485390635e-06 3.3576258437496885e-05 -0.09826693953846467 -0.009582617923000256 1.0000224954633536 0.004168246486853318 -0.8685982500478626 0.001303583352714587 -0.004183685652801778 0.999992813073256 50.55014325383867
0.9999182814721451 7.958026401461496e-06 3.4605841245960965e-05 -0.10099032559570056 -0.009563542225649379 1.0000219821653145 0.0042959475289796635 -0.8805969864001426 0.0026094499045656015 -0.004309405761226477 0.9999920837674757 52.00494172460701
0.99990828338578 1.0517135196740773e-05 4.6399127586230346e-05 -0.10384247218570723 -0.010618032448462392 1.0000124564556283 0.005758690209389223 -0.9199757389824863 0.0034441845610900437 -0.005769211166732825 0.9999837289496557 53.408949591227135
0.9999179113130825 1.1547196871086046e-05 5.102349674741499e-05 -0.10659580952781018 -0.009193214794670928 1.0000116256418403 0.006331723268927609 -0.9348347880326566 0.004465953347040876 -0.006343400814377603 0.9999780633073031 54.86758041554654
0.9999438371699135 1.3269529891252185e-05 5.8942499227980115e-05 -0.10916968357736265 -0.00590124351780463 1.0000032525045903 0.007313468793231846 -0.9425507826045323 0.004788030220833779 -0.007334630238320862 0.999970389714148 56.25867297934463
0.9999512632066779 1.2861470115988968e-05 5.712572208217996e-05 -0.11199208566220846 -0.004893499953710152 1.000002204997998 0.00708792851892815 -0.972812545721413 0.0051693182149705336 -0.007113303717893472 0.999970775459208 57.68686502057729
0.9999604522841739 1.3168257643155976e-05 5.8667403868655627e-05 -0.11480677091128723 -0.00377233046985933 0.9999966589955259 0.007279143402289468 -0.9968799012666287 0.00508000124383882 -0.007307946214602999 0.9999696712185419 59.138407518459466
0.999961605233685 1.4306487715188068e-05 6.39500465402607e-05 -0.11756598395143668 -0.003654247523745902 0.9999911543213107 0.007934159878229124 -1.0248557306849675 0.004968054648134248 -0.007962886693229514 0.9999650401373463 60.541797483353484
0.9999804444581396 1.557516671207848e-05 7.026102799641883e-05 -0.12026025219187915 -0.001460009531522242 0.999972568801187 0.008716868368970026 -1.0330467803740557 0.004319555091750577 -0.008748409177177912 0.9999603284769404 61.99745007280186
0.9999991030475345 1.5182768871769073e-05 6.905942067758175e-05 -0.1229664955039244 0.0008098271703191988 0.9999563177327874 0.008568035425291158 -1.0542927467956136 0.004108234369594321 -0.008603557939701975 0.9999620921226408 63.401515736027065
1.000004291564709 1.3641571549188186e-05 6.212261325503612e-05 -0.12571216232647925 0.0013386433361160834 0.9999585007596771 0.0077083641828175065 -1.079331551805873 0.0035929358497842033 -0.007740253021015492 0.9999701885643313 64.81050115407541
1.0000095680346315 1.3534305900694474e-05 6.185345968307498e-05 -0.12847693156587697 0.0018055978312436528 0.9999542615379553 0.007675265364294132 -1.0964120702060072 0.002753050345233383 -0.007699750561745486 0.9999716492662692 66.26555659839914
0.9999964671810068 1.318434594753913e-05 5.9701782704409644e-05 -0.13110848638625813 7.045274988493229e-05 0.9999718767738297 0.007408584641133426 -1.1157531394383673 0.002270788155593572 -0.007427374215129196 0.9999740462095584 67.63675213083845
0.9999749252850486 1.5874092829316205e-05 7.150563574967028e-05 -0.13393910378332038 -0.0027633769089002594 0.9999789458503682 0.008871868527676945 -1.137424633439965 0.0015638273280256993 -0.008885526219379368 0.9999622527163594 69.10780289671325
0.9999494593403878 1.7970343796832114e-05 8.084030198912792e-05 -0.1365367246797743 -0.006094523799871288 0.9999800653444069 0.010028593512907313 -1.1541839829612552 0.0008123289467999234 -0.0100415116975521 0.999950865332531 70.47171794794727
0.9999173030022198 2.000262555421073e-05 9.034931419082807e-05 -0.1393663118065405 -0.010321491677599836 0.9999668810308614 0.01120635038293908 -1.180856310098022 -0.00022875757687789377 -0.011225857408963702 0.9999367118762367 71.9198966136209
0.9998894204304802 1.9023597698298797e-05 8.621121144093821e-05 -0.1418607893760624 -0.013861229845162276 0.9999582034852954 0.010693504307382855 -1.1840641515684478 -0.0005720670845652759 -0.010722335164789524 0.9999414732634692 73.28712096411337
0.9998614251286689 1.8080260150248745e-05 8.270654928332704e-05 -0.1445200962149028 -0.017498560454688505 0.9999350143611418 0.010258805194964509 -1.2026289005417046 -0.001288161742581392 -0.010303294686277437 0.9999439136784664 74.67714859029574
0.9998533398952401 1.8046127213448837e-05 8.289643624994638e-05 -0.14720849364014135 -0.018682935053385953 0.9999228873665644 0.010281675917907056 -1.211206106767748 -0.002092059464284024 -0.010338471681400223 0.9999407408515043 76.12782762758529
0.9998483289823104 1.8746539145511262e-05 8.641719635592987e-05 -0.14980949927715878 -0.019369073270103867 0.9999107720253659 0.010717618530891293 -1.2274099542482948 -0.0023767110994995753 -0.010780413635221217 0.9999349302849181 77.49609456083063
0.9998542357953931 1.9456270975340417e-05 8.947496607946098e-05 -0.15260305444161967 -0.01866706688266189 0.9999143352935945 0.011096304183131095 -1.2599571115188168 -0.002517475644333217 -0.011157597626697427 0.9999301994908976 78.89811831196252
0.9998614193061904 1.739430614988366e-05 7.949680495246067e-05 -0.15511415049547622 -0.017671215537394435 0.999937381583179 0.009860470853904808 -1.2638639405152559 -0.00205490221892038 -0.009912832338753138 0.9999451889386071 80.27142939217165
0.9998627833127062 1.787926210613036e-05 8.171031339576228e-05 -0.15783923732623362 -0.017488055680780504 0.9999363799169109 0.010134806208511725 -1.2914145210114167 -0.0019935254610391863 -0.010185885086891926 0.9999426838080866 81.65781547711441
0.9998686455300709 1.871494675947938e-05 8.540146558466341e-05 -0.16043588632915926 -0.016666136836975154 0.9999390484734049 0.010592498568638614 -1.3003715222393875 -0.0015748348940519592 -0.01063681622462459 0.9999394983152247 83.0559872757547
0.9998655415591828 1.752289960538049e-05 7.993461539010935e-05 -0.16301176286278485 -0.017019349997651978 0.9999428982086094 0.009915235622887833 -1.3147594702178185 -0.0014309202346999529 -0.009959450237294958 0.9999469406389875 84.41843492999294
0.9998640030670798 1.7936465725161208e-05 8.192963518216176e-05 -0.1656282309072495 -0.017036498574620116 0.9999402535192328 0.010162950301482995 -1.3232058647921998 -0.0006553239503052667 -0.010200291924191042 0.9999467258307515 85.82986029423468
0.9998638640236223 1.888600243158886e-05 8.638682891568233e-05 -0.1682060299249117 -0.016767507369876963 0.9999368549184979 0.010715745266724523 -1.339674704432752 0.0006212648258390754 -0.010741335188690809 0.9999433949191563 87.18409283329022
0.9998706216075539 2.124213909978495e-05 9.722966737642528e-05 -0.1708439514323581 -0.015653370403908504 0.999930627582716 0.012059076768241125 -1.3565986987293484 0.0018472330732774672 -0.012074018165335723 0.9999289108016897 88.56959354548638
0.9998918580821206 2.2383072325247305e-05 0.00010199866067866527 -0.17348228321948175 -0.012791753708175469 0.999940983808767 0.012649597299813074 -1.3749880794755887 0.0028472649427879917 -0.012659723158209776 0.9999211335721119 89.94878651077921
0.9998985204072415 2.3353272185786325e-05 0.00010645964855595172 -0.17613031990117428 -0.011748805795793196 0.9999382391635626 0.013201689869298565 -1.3942302209995885 0.003808519251311846 -0.013209294056346951 0.9999125689556458 91.3295514546873
0.9999031004072417 2.2178627850538354e-05 0.00010080286717164232 -0.17866092353866259 -0.011109866879427796 0.99994941322998 0.01250103636687321 -1.4011428083292194 0.00412133774015651 -0.01250890309356513 0.9999208903705844 92.70026217424169
0.9999167451427602 2.2434557149873108e-05 0.00010183937924640473 -0.18125736005173246 -0.009371425207742071 0.9999516057177366 0.012629283831154234 -1.4270411133600356 0.00431708023344774 -0.012640868267217472 0.999918760192763 94.02276557967653
0.9999186700413942 2.1415960350764512e-05 9.700305959468164e-05 -0.18378378369656714 -0.009068011852494246 0.9999593569468364 0.012030142203182107 -1.4306655064629135 0.004604092422125349 -0.012042166286891394 0.9999253788656574 95.40582516081929
0.999921138843536 2.044502671361831e-05 9.240423076797648e-05 -0.18629495473367536 -0.00879353699419705 0.9999662967823703 0.01146059580636847 -1.4403193873497293 0.004460818736853023 -0.011473480307203318 0.999932448338393 96.75354846430997
0.9999133042764426 1.9575396002755735e-05 8.837860864142314e-05 -0.18886672432608045 -0.009809480314063791 0.9999706242831308 0.010962020172891966 -1.4589116046014066 0.0042692220100414005 -0.010972549326597782 0.9999385538271275 98.09497237106612
0.9998994560664886 1.992144973562461e-05 9.021212178364035e-05 -0.1914278741681803 -0.011616364280995894 0.9999632935229936 0.011189366069794064 -1.4705593532052021 0.0038809485434467073 -0.011196898065200722 0.9999369513721115 99.46148393780263
0.9998988215393239 2.2178412266019368e-05 0.00010087952674781128 -0.193943383505461 -0.01169484630159782 0.9999473325051355 0.012510648797616833 -1.4806326517962358 0.0038823770900512046 -0.01251806280613708 0.9999213007681766 100.80973952823473
0.9998964270718584 2.509261084849765e-05 0.00011479000664019103 -0.19643183097906466 -0.012019360663388155 0.9999230370637527 0.014233093284884814 -1.4921473553387916 0.0037613275878416235 -0.014240395953904314 0.9998985242737238 102.13657927400106
0.9999014547885927 2.3608015467352708e-05 0.00010761565935467408 -0.19903281018728444 -0.01143693725543394 0.9999374401993065 0.013344924379039547 -1.5141445115747052 0.003574150587355737 -0.013353942921971495 0.9999110917405579 103.4789959798254
0.9999021516480588 1.972221924912039e-05 8.92260139614021e-05 -0.20150855697989828 -0.011373657925047432 0.9999654888475608 0.011067372490423506 -1.5241441766579047 0.003470402945138356 -0.011076767000542075 0.9999390554480012 104.80555803952797
0.9999127917295809 1.785248176881804e-05 8.030553849940232e-05 -0.20403387148274807 -0.010028370703026028 0.9999806922786721 0.00996209215319809 -1.5393272185891687 0.0035769344382880204 -0.009973439688869783 0.999950469666877 106.13645688610653
0.9999218958359681 1.96648998885985e-05 8.872776998326078e-05 -0.20659582994426842 -0.008971604274081639 0.9999712656464539 0.011005715189054384 -1.5551962728756272 0.0032474683824400804 -0.011019259547878886 0.9999400363391662 107.48459114185874
0.9999481299875614 2.2964809667952793e-05 0.00010436412605997086 -0.20898996282782348 -0.005836946466705202 0.9999460139399062 0.012942538448910726 -1.5556067385944792 0.0026972523398820277 -0.012959477717173687 0.9999174429147369 108.80871611271687
0.9999604302459975 2.4748238418723784e-05 0.0001130141432254528 -0.21164445756193234 -0.0045124621389450465 0.9999277491446945 0.014013647020077642 -1.5794911402174485 0.0017915474500115795 -0.014028656529377265 0.9999034271297863 110.17235533125651
0.9999655216395371 2.3190963277439774e-05 0.00010569289050276908 -0.21408363391062987 -0.004000584931188103 0.999938113611307 0.013107144960381489 -1.58906746024927 0.0012544991865410134 -0.01311996154982835 0.9999155982801063 111.48055131706091
0.9999574634593428 1.9321474668416647e-05 8.727482804605168e-05 -0.2166056998916525 -0.005178047488344674 0.9999695271311326 0.010825751982645859 -1.603228944650982 0.00046644306944689396 -0.010836811522803164 0.9999421708067254 112.81420671132072
0.9999326833806425 1.595167115813964e-05 7.13331512870426e-05 -0.2192009943235571 -0.0084776310774518 0.9999930338977793 0.008849885068612886 -1.6230785927156652 -0.0005241537966215748 -0.008865665392168667 0.9999597442249022 114.16305192191486
0.9999123511557378 1.4870068474111958e-05 6.641872114614622e-05 -0.22158114701352644 -0.011336612577795417 0.9999929518909949 0.008239680224663612 -1.624887463990533 -0.002013239306399521 -0.008267001285781677 0.9999602862077971 115.47319789792586
0.9999104483613036 1.9152034283266908e-05 8.642308320517926e-05 -0.224201503360926 -0.011898404037108363 0.9999674266966002 0.010717264150564322 -1.6435549460736836 -0.003464745447717148 -0.010752336452154341 0.9999300895603553 116.84119522020318
0.9999077952236651 2.233916073096122e-05 0.00010149046868399231 -0.2265630790251618 -0.012416255960093842 0.999943540756418 0.012582521165623093 -1.6451164312434932 -0.00430473412069055 -0.012624000510616261 0.9999034584332025 118.14215581475426
0.9999156471843039 2.447081407834506e-05 0.00011152872587555742 -0.22919224297945076 -0.011663617257562021 0.9999301308094616 0.013824028854907484 -1.6650912042528994 -0.005296992485938725 -0.01386438794816869 0.999880490791203 119.5092011629204
0.9999146488760317 2.3562313979182473e-05 0.0001072129615252008 -0.2316872087545124 -0.011985975506296806 0.9999361872349684 0.013288169485976335 -1.6789074461390125 -0.006181669019459581 -0.013334219487261888 0.9998810183642777 120.82938713329823
0.999903115095239 2.329973609083852e-05 0.00010612116273408492 -0.23410897168621833 -0.013736750632640817 0.9999295919853954 0.013150153912509422 -1.686835850258388 -0.007601534642917737 -0.013218206456847736 0.999870206841954 122.13528792772901
0.9998909608395589 2.2269244350239803e-05 0.00010148056133847823 -0.23663624016937423 -0.015496187213129842 0.9999254731251288 0.012572944550823386 -1.6924467851634482 -0.008716385576726007 -0.01266585197654247 0.9998662380126356 123.50995631394989
0.999887155944182 2.119726809762107e-05 9.650459100800151e-05 -0.23912643051594895 -0.016248673883281783 0.9999271934315325 0.011953520337909812 -1.7029265936745113 -0.009964857092214905 -0.012064481810064713 0.9998597488282889 124.84237649772056
0.9998831277053352 2.005007126195356e-05 9.120431100006999e-05 -0.24156720367276016 -0.016971211410828725 0.9999286829164391 0.011294237039622436 -1.707291783818872 -0.010956073188411002 -0.011422481185916532 0.9998551199529582 126.17469618274613
0.9998858798624165 1.9468472546057755e-05 8.839214539271161e-05 -0.24412370756243146 -0.016822398246370558 0.9999339068076436 0.010943316505528362 -1.725661186866699 -0.011816674338707428 -0.011077075006960022 0.9998476466260572 127.50865905604144
0.9998902881587216 2.0998197670403854e-05 9.548538845011146e-05 -0.24657884307076852 -0.016494096947486 0.9999267539364235 0.011818870165432892 -1.7335657190621894 -0.012794066410989242 -0.011956189520250408 0.9998237391417498 128.83314922192844
0.9998938533106069 2.2695072029902535e-05 0.0001034323438172714 -0.2491799692549408 -0.016250653677464325 0.9999166859126268 0.012800062811927963 -1.748322580992509 -0.013682924494280728 -0.012940877480547909 0.9997981186613001 130.20793583289236
0.9999097347775666 2.38738473653001e-05 0.00010875206893178101 -0.25158443187944307 -0.01436277249863391 0.9999217421937929 0.013457526978981296 -1.7502899277869266 -0.014059528991414216 -0.013571176178244597 0.9997838656295729 131.53083877983465
0.9999163687331417 2.4411741016491448e-05 0.0001112403409685484 -0.2541992300504877 -0.01354289333884503 0.9999223830786609 0.013765576828054996 -1.7730930199300006 -0.014077350426992305 -0.013866222643828816 0.9997795384107123 132.87731479895612
0.999936572406646 2.550912661513499e-05 0.00011641474965869993 -0.2565046085773293 -0.010996044470166775 0.9999240827394795 0.014406881454810012 -1.7614088524431357 -0.013909041846354421 -0.014466413866273932 0.9997737023643627 134.20622117337135
0.9999457061795736 2.5931642141430178e-05 0.00011848647479539517 -0.25913561618963016 -0.00973911126469997 0.9999232337061593 0.014665286848921799 -1.7881749727608693 -0.013362283145692702 -0.014704204220604913 0.9997786812778534 135.54400120458533
0.999946445369712 2.5154049682223067e-05 0.00011477371913594272 -0.261621829919112 -0.009376781281489097 0.9999303655288448 0.01420963788445648 -1.7957488516184272 -0.012155841599637247 -0.014241741245676509 0.9998029441760607 136.88717815589547
0.9999571022500499 2.719163147502611e-05 0.0001246629744378247 -0.264115591922548 -0.007835398950066174 0.9999130106941893 0.015436717058263555 -1.8052955530627102 -0.011184116580334785 -0.015447620980483112 0.9997981542642224 138.22573769364539
0.9999621788234094 2.7958045093369813e-05 0.00012843490620503112 -0.2666355886940875 -0.006966719345572377 0.9999050751343871 0.01590650874675208 -1.8175596851297053 -0.010121776302324421 -0.015907477029400673 0.9998041878275652 139.5667084372664
0.9999707690422285 2.839480681863897e-05 0.00013071778879751085 -0.2691638579543182 -0.005605832880960465 0.9998980797818219 0.01619235484975762 -1.827039226997768 -0.008810392634659056 -0.016180567293173798 0.9998145936774311 140.92467881622824
0.9999759075128681 2.765245258779664e-05 0.00012726707164101595 -0.2715257911907984 -0.004699751158115003 0.9999022408846795 0.015768029950987934 -1.8234066149899721 -0.007615536383329332 -0.015750868589613037 0.9998334218392837 142.24900081900776
0.9999758201367066 2.6935739968916503e-05 0.00012381806323478951 -0.2739683532408016 -0.004481014283422338 0.9999080991785096 0.015343214066326582 -1.8237044634852873 -0.0065916748290425495 -0.015327802397877677 0.9998491140552663 143.6004497979973
0.9999928100229488 2.3276360698225654e-05 0.00010685766102547342 -0.27652573862351676 -0.002219159838776884 0.9999274922358468 0.013244870841551081 -1.8382403226195525 -0.005914406057296964 -0.013214624290337228 0.9998847035773349 144.95199678064992
1.0000114138605267 2.1415766792530835e-05 9.88017861447794e-05 -0.2790720731231512 0.00036063049791569546 0.9999218238361831 0.012249186556813825 -1.8601711502737979 -0.00471314740588521 -0.012209440131283198 0.9999060212508458 146.26444511028328
1.000090692131925 2.5468890548357992e-05 0.00012369509782163344 -0.28151587463369276 0.010395542536880522 0.9997444505023582 0.015332521955496805 -1.8503383644067495 -0.0038689964599590548 -0.0152452098976647 0.9998695345731203 147.66175868705037
1.0001379241132364 2.7116693812426554e-05 0.00013678339723531595 -0.28405570399776187 0.01660996590871014 0.9995842420920414 0.016953819682102234 -1.8727852819264388 -0.002314163375838379 -0.01687228015122839 0.9998510409688319 148.96830271039855
1.0001547428338506 2.164567862118598e-05 0.00011264105740508082 -0.2864804012359313 0.018894988310521374 0.9995715003589446 0.013966538489972908 -1.8838628778086994 -0.0014387782016674737 -0.013899060924762946 0.9998999720803526 150.26178462757292
1.0001474337275063 1.6759134351137725e-05 8.856857682427608e-05 -0.28913229213722613 0.017995284271402262 0.9996326052387837 0.010985267081823583 -1.8995268458102514 -0.0014030179853585184 -0.010920219191288213 0.9999370136425781 151.6606412431473
1.0001238631657976 1.3315489287520077e-05 6.96957264686251e-05 -0.29155969726078024 0.014847071639089172 0.9997326864958256 0.008645751961574435 -1.9057775654009648 -0.0023884407397507393 -0.008566688697356998 0.9999562647889308 152.97714861264464
1.0001269989899901 1.3796988664101922e-05 7.228452696040428e-05 -0.29418359337909994 0.015032870299198907 0.9997255900341061 0.008965728165504344 -1.9234161483237215 -0.0032965913821825094 -0.008865007156729294 0.9999494476146858 154.35169481963428
1.0001499762351826 1.8318843034059035e-05 9.62371089903572e-05 -0.29661131342777963 0.017804587405184077 0.9996266755955902 0.01193316405267033 -1.9280473272166405 -0.003661572191056688 -0.011810484604744372 0.9999171098169621 155.67559903974956
1.0002207192181176 2.098666568980251e-05 0.0001194826078821903 -0.2989676218504123 0.026460180055781116 0.9993267152334379 0.014810953506546227 -1.9216418819913432 -0.004241429959359307 -0.014625709458791098 0.9998765962961049 157.00917142927898
1.0002476637166453 2.2360634303209698e-05 0.0001309316005353538 -0.30148726414327487 0.029801596985144202 0.9991836866205867 0.016227979258247135 -1.9324683285294393 -0.004263007181940794 -0.016024506113017402 0.9998550462527864 158.35635729053783
1.000252699277918 2.249392454404739e-05 0.00013253213664846217 -0.3040624755244913 0.03045879585679031 0.9991553286589283 0.01642621820081087 -1.9526442185614599 -0.004121063327797026 -0.016224790907060544 0.9998526705963896 159.69262490274085
1.0002456610498367 2.3275575436076945e-05 0.00013497177434874117 -0.30646952882075856 0.029343654424598326 0.999192700008747 0.016726664093233066 -1.94432523971176 -0.0051960803936647905 -0.016491037154194494 0.9998413685155709 161.06283511016204
1.000231263343172 2.333588736520495e-05 0.0001326228243018672 -0.30884268830113926 0.027291619280944583 0.999272251919478 0.01643411841623384 -1.93991300800954 -0.006373288776980267 -0.016169673758705722 0.9998376760269644 162.39685136227354
1.0002126712479724 2.1394310013805526e-05 0.00012007516053838454 -0.3113095421969938 0.02475059839025126 0.9993832804541646 0.01487921074640971 -1.9430302018428298 -0.007408156221165584 -0.014599221480711655 0.9998528167250071 163.74918099359928
1.000201987706778 2.0983406509160127e-05 0.00011636520576816336 -0.31372981042484294 0.023299898169957048 0.9994366006273324 0.014418790824420104 -1.94157800159177 -0.007960713477877935 -0.01413386423923386 0.9998542520349981 165.0960873074146
1.0001946261510306 2.3247111407971935e-05 0.00012605217394516402 -0.31618310042997994 0.02232231421047976 0.9994487633990032 0.015617234600365685 -1.9446679811877108 -0.00824321486591158 -0.015333343501719205 0.9998337947003387 166.441026139777
1.000184012182404 2.3377947350407963e-05 0.00012505469983786635 -0.3185862629850939 0.021052145792079667 0.9994884761676507 0.0154941930530875 -1.9444227792061097 -0.008029212022652032 -0.015228703721314142 0.9998375203543481 167.77307604954248
1.0001596109154982 2.0521143957959176e-05 0.00010793278828612413 -0.3212428590574602 0.018126546492124078 0.9996000152884106 0.013375428676206733 -1.962738442653505 -0.007561804029195553 -0.013149089904602488 0.999871490172054 169.16271316846118
1.0001333957059164 1.697450229427508e-05 8.787599035120497e-05 -0.32385538325043506 0.015013225083187256 0.9997068790688177 0.01089237162795159 -1.9716066929145923 -0.006926927859011494 -0.010708269201704501 0.9999063199613681 170.57007299881064
1.0000878181379929 1.5051179462474695e-05 7.41549514980404e-05 -0.326364226936846 0.009426821674391702 0.9998372570405006 0.009192624690906322 -1.9785336919351588 -0.006597342810749759 -0.009061637006402473 0.999925398325624 171.9286680181008
1.0000632936694929 1.7458888509602408e-05 8.336445052693005e-05 -0.3288826783515468 0.00629897848364119 0.9998758917405791 0.010333146231614626 -1.9885414262648768 -0.00696361956217923 -0.010222817787503698 0.9999110727865579 173.27884542261893
1.0000178963055169 2.2032312091746498e-05 0.00010203569161542671 -0.3316759343236246 0.0005074855661574562 0.9999156502955199 0.012644525851315489 -2.024190764716141 -0.007648446173651075 -0.01257843597989144 0.9998780081163291 174.66686911683894
1.0000106435859129 2.639247630039851e-05 0.00012247878252101877 -0.33413960831070944 -0.0004085307352683079 0.9998878261363556 0.015175345206157745 -2.02257773120186 -0.007716660390959826 -0.01511733254988451 0.9998422343429482 176.03853232037866
1.0000317071274751 2.8205391390605586e-05 0.00013232740623858488 -0.3367329529449811 0.002410913116303542 0.9998430058450027 0.01639605805216802 -2.0305478128347363 -0.006808924306940301 -0.016321267686628334 0.9998315566382968 177.4392752669116
1.000046620709872 2.8081039613648412e-05 0.00013268297131130468 -0.3392447676768031 0.004562498905374414 0.9998174121445471 0.016442430230103618 -2.029327967161323 -0.0054734743786108795 -0.016366533838779885 0.9998414314930302 178.83584707395718
1.000064814478122 2.1391285128747814e-05 0.00010201214411011236 -0.3416483462921638 0.007321727118963811 0.9998340409323121 0.012648738182353786 -2.027897385662984 -0.0032448914023972637 -0.012587354177470329 0.9999098346876764 180.17341368004315
1.0000381407131986 1.4863618562973788e-05 6.952634473356687e-05 -0.34438110447116743 0.0043905678704075045 0.9999176778093218 0.008625368474670277 -2.049517099977434 -0.0015436885410542416 -0.008599118149585088 0.9999591730641456 181.59049746435565
1.0000054170409813 1.400155383404246e-05 6.383596958821542e-05 -0.34698662573975175 0.00047170863947671067 0.9999646064245519 0.007920385151858356 -2.060845131958296 -0.0008965373511980637 -0.007912395382029713 0.9999667908115679 182.98300929088052
0.9999854941953306 1.6198505953793005e-05 7.331038801162005e-05 -0.3493999771203691 -0.0019302309688522985 0.9999721850439172 0.00909495122803681 -2.062685049001705 -0.0005741472329853657 -0.009095347882762513 0.9999575670863525 184.31140342556435
0.9999582450509806 2.1643000311988292e-05 9.822806835088735e-05 -0.35214019890043835 -0.005413999715154718 0.9999545556370922 0.012181861434047356 -2.0776127269846505 -0.0010186724114328385 -0.012189320761470168 0.9999235262383145 185.76246433312824
0.9999412936517705 2.599123979482587e-05 0.00011874153631450442 -0.35478634601658227 -0.007633381129990181 0.9999237446832031 0.01472141430959595 -2.101314702296858 -0.0015278457682324725 -0.014734932777675435 0.9998877227939235 187.12229388612081
0.9999575404350486 2.6889529326954223e-05 0.00012321819579110753 -0.35735067236875145 -0.00566313028478793 0.9999126616250358 0.015275371353886713 -2.093705981312322 -0.0017394431462729018 -0.015281862819959085 0.9998787934230282 188.5764400389148
0.9999653721628884 2.8161893542193867e-05 0.00012947801775678946 -0.35997889643953734 -0.00465757889920166 0.9998976048967254 0.016050187656357053 -2.1016204085965864 -0.001592617362951392 -0.016053689460174523 0.9998672200349369 189.99674864473403
0.9999918304734821 2.9151132620133455e-05 0.0001349935281791557 -0.36246297648482007 -0.001422475119943434 0.9998701926932531 0.016732523453189735 -2.1066100679050432 -0.0018190360577370862 -0.016723811330748198 0.9998554506242131 191.35026836047453
1.000000780003464 2.9533637148143263e-05 0.00013719034941494113 -0.3651774828626057 -0.0003871560103021433 0.9998582068425129 0.01700405719428126 -2.117664766153774 -0.002158537774795859 -0.016989107450451457 0.999849693504432 192.8043589423773
1.000026899504273 3.0462175947404413e-05 0.00014298126782329211 -0.36758389645785183 0.002787645991496033 0.9998163799188597 0.017720228145767195 -2.110421369755795 -0.002466230837452992 -0.017689894625161875 0.9998362832089713 194.16941823956984
1.000068557110353 3.262187700291304e-05 0.00015643852123780992 -0.37019164553511935 0.007851188705722387 0.9997177511298639 0.019384211385466754 -2.1087399063880667 -0.0029565294112906928 -0.019325854153196247 0.9998038083057402 195.62118049049744
1.0000970829470204 3.3446237044522376e-05 0.0001631041129826307 -0.3728368554353381 0.011328049334989656 0.9996400624756944 0.020208142368700534 -2.1210774369942182 -0.003249888733303813 -0.02012887087625708 0.9997865349778345 197.03117136832853
1.0000819873521505 2.7729976758142025e-05 0.00013378688893221288 -0.37543922858564843 0.00946341775945943 0.9997412516995848 0.0165821179358759 -2.125247687628672 -0.0032048450643807147 -0.016511744653345133 0.999852988148012 198.45386018903108
1.0000325594857868 1.9933335194941004e-05 9.291634802596825e-05 -0.3780930302019223 0.0032778437533726827 0.9999016800099936 0.011521918653682508 -2.132734583540538 -0.003414863954027735 -0.011478249621926331 0.9999222924172801 199.89024114465812
0.9999524983579754 1.8951050531557795e-05 8.546913943857236e-05 -0.38070164923404304 -0.00694085975398364 0.9999754867066178 0.01059759419425386 -2.132637475618555 -0.004645069847337107 -0.010605080468562294 0.9999247423739897 201.33541968404123
0.999904572279425 2.503970817056833e-05 0.00011438601540591652 -0.38323664755483033 -0.01317512630418017 0.9999185843658401 0.014176715772568788 -2.12701970422942 -0.005903979115439466 -0.014230953639658444 0.9998708501816942 202.76444418271925
0.999893892348163 2.858845660075847e-05 0.00013163290932818612 -0.38582954976045625 -0.01471663041071255 0.9998769504024488 0.01630947958788478 -2.1275851721910204 -0.006863480780699416 -0.016382045061724755 0.9998300919995554 204.19796339284562
0.9998877695307917 2.948709546113891e-05 0.0001361274794445923 -0.38862858257490107 -0.01534522712300709 0.9998633095355342 0.01686668202970643 -2.1413545761692614 -0.006275710795632152 -0.016940575268078642 0.9998257161179329 205.68676132012953
0.9999204891933662 3.0355023103049994e-05 0.00013978878896629189 -0.3912419484601663 -0.011019450936762931 0.9998777211929376 0.017321748915403522 -2.1457386601573805 -0.005105971974616343 -0.017356994686177966 0.9998273500969437 207.11458470422426
0.9999358911221945 2.9948793035111665e-05 0.0001377846257845641 -0.3938581988555427 -0.008863447253268429 0.9998860374980444 0.017075411573331922 -2.1500280188554384 -0.0040212837201359375 -0.01709492307100849 0.9998387711484042 208.5444280648612
0.999929844249215 2.9056395678381947e-05 0.00013346245751772183 -0.3965609975128558 -0.00951112683785241 0.9998942900073212 0.016541219351045616 -2.151301441089698 -0.0035606755806449567 -0.016563879317779258 0.9998502801722976 210.03565465434244
0.999923445299061 2.9046617131857355e-05 0.00013343534041039312 -0.3992250565104685 -0.010260775265215587 0.9998929665050271 0.016538087065079796 -2.1546005002601274 -0.0033598105092688306 -0.016564365846698813 0.9998513299778171 211.49639240690547
0.9999130072549974 3.0064697205098995e-05 0.0001384487736564397 -0.40177125694482657 -0.011511252666039279 0.9998789564555395 0.017158572070643374 -2.1478388557400834 -0.00315542769726702 -0.017190693211808456 0.9998418015397563 212.936722199623
0.9999167034055426 3.0256411817787543e-05 0.00013934064045254208 -0.40446081370979825 -0.010977764643202447 0.9998787525292419 0.017269276887511068 -2.1597230917788326 -0.0028233663835527676 -0.017297780965771982 0.9998415485981659 214.37329543253503
0.9999108285693752 2.9383759749758778e-05 0.00013517708705708636 -0.4071914476611783 -0.011649985819836305 0.9998853269337754 0.016754418239811986 -2.168822186753114 -0.002567482942028774 -0.016785156455413223 0.9998514302729954 215.84503915922946
0.9999139857405484 2.8752696052352852e-05 0.00013209007405692147 -0.40983084240103157 -0.011173479304588535 0.9998932555827713 0.016372824254340765 -2.168699769813681 -0.0021910280668035924 -0.016400292798871875 0.9998593871502636 217.3073752410278
0.9999172788012847 2.895886171132983e-05 0.00013305386031336108 -0.41254766623456396 -0.010649754630269714 0.9998927847418821 0.016492518009203903 -2.1746779885498064 -0.001679261569092333 -0.0165165743741883 0.9998593893486533 218.78538816128605
0.9998973305697297 2.8417586755419624e-05 0.00013073375639559228 -0.4153169354452501 -0.01307591081906652 0.9998882325901821 0.016205580991613795 -2.1874413509524904 -0.0014508070585893729 -0.016237097739575285 0.9998647329894708 220.26218845181754
