1.0 -3.469446951953614e-18 0.0 -1.5585406229479126e-19 0.0 0.9999999999999999 -3.5575383784680614e-19 0.0 2.168404344971009e-19 -2.388632911257127e-19 1.0 0.0
1.0000005914377053 1.1956327172438913e-06 5.3627550915744115e-06 -0.0025724908183114847 0.00020089264314402354 0.9999981306314466 0.0006661498083598322 -0.021923715912692023 0.0005683330602807809 -0.0006705202411875233 1.0000006495569949 1.3269663392242248
1.0000037316296113 1.8269696085791015e-06 8.312126194324207e-06 -0.005051259579434729 0.0006039663497323811 0.999994406432806 0.0010323810811453688 -0.03979067333320005 0.0006267138633196559 -0.001036785216461184 1.0000004127387558 2.620117433890171
1.0000022564511915 2.1530294465766514e-06 9.715492281480971e-06 -0.00766781410575053 0.0005736686742335347 0.9999944704700543 0.0012067491893815072 -0.06788230463530817 0.0013086056372297959 -0.0012170831090065354 1.0000007834715048 3.9439816432133856
1.0000053681310164 2.5449456039893653e-06 1.1598817258498756e-05 -0.010133901882015899 0.0008626640902973017 0.999991623046216 0.001440503117562757 -0.07549140329470364 0.000874038807980466 -0.001446838386904682 1.0000001704409518 5.275855065110369
1.0000074279941866 3.0339157678759693e-06 1.3881255028038927e-05 -0.012613158270836866 0.0011917792263351872 0.9999881822768263 0.0017239158024472017 -0.08502868469822282 0.0012009214177642038 -0.0017329916644421366 0.9999999706828442 6.606422889662988
1.0000170716420134 4.158402894862204e-06 1.9377974084625786e-05 -0.015237969198912724 0.0023174061370468436 0.9999757242968542 0.002406188937561489 -0.11208120593335089 0.0008797254690161207 -0.0024113294769315956 0.9999983291515976 7.939493756793719
1.0000179295681915 4.239668726473134e-06 1.978566672240908e-05 -0.01766751431630369 0.0024216536949806054 0.9999745140382069 0.0024567910446100082 -0.11741735824074176 0.0008694735283303572 -0.002461734586010353 0.9999981975268587 9.261264895432735
1.0000165749849947 3.931399673339983e-06 1.8330837519934477e-05 -0.020129374303312273 0.002341788232606142 0.9999757772375364 0.0022762734193519825 -0.12886519505105284 0.0012635250348684217 -0.0022853709722645116 0.999998904766247 10.573677746781401
1.0000097671710524 2.867627194877778e-06 1.3233908945763572e-05 -0.022658924360159864 0.0015034978244140521 0.999985388606545 0.0016435632567059898 -0.14420589107657472 0.0012955293728292008 -0.0016533537031241964 1.0000001570860586 11.906219325557247
0.9999965483282277 1.6316208343355315e-06 7.164379016039299e-06 -0.025231952534755887 -0.00021582746897807863 1.0000013056076607 0.0008899448497962859 -0.1657280615298927 0.0009491630201158627 -0.000897826893183904 1.0000008732365155 13.235273986533745
0.9999927276339311 1.4653718314137226e-06 6.2868217928330975e-06 -0.027710682943220794 -0.0006701947417570566 1.000004855521232 0.0007809968283140601 -0.17333533534923568 0.0010389219302049007 -0.0007899212738327986 1.000001035559577 14.574157483262889
0.9999947827970507 2.3785530092884644e-06 1.0449874129350983e-05 -0.03032798502525337 -0.0005066050162272758 1.0000030898338694 0.0012978012339485135 -0.19360002528160797 0.0006302376024498034 -0.0013035474906555858 1.000000108607197 15.933340406021784
1.0000030188726865 6.673525605375638e-06 3.0141275590721273e-05 -0.03289273250779731 0.00045882679803522543 0.999989144606042 0.0037418412347932986 -0.21448157120473912 0.00037420576305589827 -0.003744444755478454 0.9999936495639615 17.260665828434355
1.0000446235278366 9.38425953727999e-06 4.46608097118635e-05 -0.03562678535552761 0.0056145702826354855 0.9999235803612836 0.005543154698773211 -0.2505176963409457 0.0003244078716095121 -0.005538132561824733 0.9999852779885195 18.61417584126514
1.000055591571396 8.26537271245674e-06 4.028061772390953e-05 -0.038249611210449216 0.006936802264421419 0.9999075063751913 0.004999758165009305 -0.27546262383272424 0.00014648623280529558 -0.004990136321784009 0.9999878754502827 19.955546238963016
1.0000590610535995 4.706423928885206e-06 2.4352406494629027e-05 -0.040728945632106196 0.007477292365674588 0.9999072158112187 0.003023540688045587 -0.27030439882018364 0.0006353106582990156 -0.0030203603998703397 0.9999964278265021 21.351692728364377
1.0000441485037206 2.597367415917151e-06 1.3842858765716328e-05 -0.04354735911965587 0.005470395090054189 0.9999394841360781 0.0017188094582526973 -0.32426785157354726 -5.546445182588429e-05 -0.0017083878785167995 0.9999984638582604 22.6719767090324
1.0000305144215844 4.395621799447788e-06 2.1140344307343708e-05 -0.0458798771756127 0.0036107313644511974 0.9999609243109345 0.0026242847345927683 -0.30635355840241707 -0.0007977038157656843 -0.0026087110759978912 0.9999948768145691 24.043697514718122
1.000031490256613 1.2513085580506678e-05 5.8248039081742076e-05 -0.048462190284889926 0.0035523384352196957 0.9999388618392255 0.007227135904569281 -0.32011964719384833 -0.0015985623601377354 -0.007202838463339266 0.9999699998725754 25.412483188647702
1.0000365910122275 1.4909804930622605e-05 6.964682090965517e-05 -0.05123026222702772 0.0041930570466080595 0.999919987120704 0.008640284069361544 -0.35334911305499256 -0.001566220097088741 -0.00861439928791783 0.9999589660405495 26.797350635966875
1.000078642804312 1.308094453376929e-05 6.420288196042458e-05 -0.053949409308106225 0.009390848199800671 0.9998484338734545 0.007965397172388903 -0.38396506410576453 -0.0016761442650541 -0.007920607497155972 0.9999643154311312 28.166776882956245
1.000074635679328 9.15812741004128e-06 4.580292531418352e-05 -0.05644159258578177 0.00890553997309742 0.999872390145994 0.005683795451127283 -0.38959207329829665 -0.0016211163922115327 -0.005641178271401948 0.9999799294159076 29.521942157295808
1.0000750049287768 5.958544928054421e-06 3.123931238614079e-05 -0.05934445109039034 0.008876984226451926 0.9998815399966601 0.003876782098716994 -0.4351727950296299 -0.001952965774413184 -0.00382833205075683 0.9999872944166208 30.92637804128147
1.00006359673033 3.5837088835800196e-06 1.9610414768113284e-05 -0.06166936815014966 0.007288106689359728 0.9999117565130204 0.0024328730155797735 -0.4147684912311769 -0.0027203918261602105 -0.0023783115816362133 0.9999885944452648 32.30499349059596
1.0000567015642554 1.2627270071716157e-06 8.681359171383357e-06 -0.06457448518109911 0.006274516410000196 0.9999291945112898 0.0010753335142199897 -0.46772184885125623 -0.0034217685436188083 -0.0010151039844234601 0.9999874672777627 33.677801536864855
1.00005518976418 2.522661671101184e-06 1.4232795665317143e-05 -0.0671776373623725 0.006023359683266975 0.9999317733296148 0.0017642229411034052 -0.4779708198946664 -0.0037045279144814923 -0.0017013999752738531 0.9999850270243004 35.07381341273102
1.0000527946338744 4.046805720752875e-06 2.0935903319074843e-05 -0.06994592865412197 0.005881418328226161 0.999931932787437 0.0025970905453892913 -0.5093895621785482 -0.003011015594631022 -0.0025448137443411884 0.9999868294295304 36.46687736850364
1.0000483772162285 5.8600878222511005e-06 2.8845995836833133e-05 -0.07241561318087608 0.005374079672138852 0.9999358269830765 0.0035789760372673565 -0.5005227691149072 -0.0028269990885491482 -0.0035317071167719973 0.9999847146822674 37.874217975171746
1.000042334474177 5.89851623638421e-06 2.8634425534518467e-05 -0.07482140549809194 0.004727287462896449 0.9999443948969836 0.0035531705463991664 -0.4862934964899819 -0.0023647215021087974 -0.0035147810317903492 0.9999868087427829 39.27008709937063
1.0000233630670325 7.223892210850985e-06 3.357426985669469e-05 -0.07769806505154159 0.0023013766660159567 0.9999700821148432 0.004165821741404638 -0.5310487113052801 -0.0026761725589425295 -0.004134267511603986 0.9999831011292624 40.66369447269517
0.9999873133716842 7.805348886082836e-06 3.472531491931544e-05 -0.080498912893186 -0.0021975622772482445 1.000005935285336 0.0043085188293279205 -0.5599170410995568 -0.002773850627333741 -0.004296409528185017 0.9999819774512623 42.08616310694981
0.9999893629738937 8.273693128293957e-06 3.692368990287215e-05 -0.08306047468341714 -0.0019005952428918869 1.0000029353845945 0.0045814565211095065 -0.5658377542511972 -0.002584651424255128 -0.004569173361969393 0.9999816208090445 43.47844286578053
0.999990784204268 8.184730179980337e-06 3.65650370598256e-05 -0.08578840947567203 -0.001677220306421266 1.000001738986593 0.004537160717043194 -0.5850000574762508 -0.0023756258250060584 -0.0045252379397705805 0.9999827157782076 44.90381425257708
0.9999892469034819 6.674887931965717e-06 2.9649304351971224e-05 -0.08859682872105618 -0.001616617726389635 1.0000048852869465 0.003679980765739341 -0.6176390426274772 -0.0012539536228711168 -0.003675002797486831 0.9999902503523415 46.31366074577202
0.9999907961747173 7.825411110698802e-06 3.4929038840715316e-05 -0.09139400807423385 -0.0011821032880717291 0.9999993569352215 0.004335692173882639 -0.6459765598146849 -0.00017425295191459225 -0.004336857224587357 0.9999903290153959 47.73646483040882
0.9999866462647145 8.373363945378062e-06 3.7291792838048746e-05 -0.09406885856945299 -0.0014265828949124532 0.9999996866483877 0.0046291939120992245 -0.6624117845603195 0.0010338432553875453 -0.0046388625096770025 0.9999906399974519 49.144597817769245
0.9999783826713009 8.867871231126381e-06 3.9310638453699497e-05 -0.096823565986976 -0.0022735024436494836 1.000003744405399 0.004879709802884239 -0.686658108398404 0.0018336276085780866 -0.004894642335745564 0.9999897217706791 50.5621243519615
0.9999776095413828 8.861124618786409e-06 3.925967365934688e-05 -0.09952250729641714 -0.002119406758465686 1.0000028737756657 0.004873233760744131 -0.6953390850285175 0.002949012782158976 -0.004894788446082114 0.9999890675976871 52.01818019521152
0.9999667219480448 1.0961665458709274e-05 4.8623821778779816e-05 -0.10235258217392768 -0.003315094295049602 1.0000029016091663 0.006034515413035436 -0.7323135695834848 0.0036467104008161507 -0.006058018129636638 0.9999816728221971 53.42068593697104
0.999975628523737 1.1838057046737252e-05 5.285015285217331e-05 -0.10509206464769578 -0.0019485298014784306 0.9999921908056799 0.006558001091815188 -0.7443976048999907 0.004808205936672767 -0.006591160225052363 0.9999754953852747 54.88401877692241
1.000007261380953 1.3152847515209704e-05 5.998884315832264e-05 -0.10763690642673714 0.002086596860300164 0.9999532127283105 0.00744279284563426 -0.7465537585583062 0.005283687901555105 -0.00749316264284632 0.9999676154129945 56.283826669590084
1.0000038485379787 1.3623300165528651e-05 6.201974934263088e-05 -0.11054772644331409 0.0017742456435510395 0.9999544246209511 0.00769416172388019 -0.7872290157000568 0.005780893011592494 -0.0077483114552377745 0.9999638215628878 57.714548119099184
1.0000008587863871 1.5356309906606677e-05 6.993469433613179e-05 -0.11350725216283741 0.0012371585553741082 0.9999515073112064 0.00867592863582348 -0.8352704485728153 0.005041552736817185 -0.008721123451463584 0.999958490528967 59.13939462947079
1.000010477541114 1.5009314394668141e-05 6.873107360357966e-05 -0.11596229878022836 0.0024476982004170734 0.9999408148681483 0.008526677659891724 -0.8229804753137462 0.005112816640286808 -0.008576628623045639 0.9999595050357617 60.55389411119247
1.00003538305257 1.7211338863730094e-05 8.030404171367853e-05 -0.1188150393102437 0.005424059006044495 0.9998918461350884 0.009961295143522172 -0.849224220048733 0.004592514005494865 -0.010014566507708947 0.9999477443297237 62.016807238090905
1.0000483258597173 1.5784164229178457e-05 7.446431038668293e-05 -0.12151131198175587 0.006985498014772985 0.9998765392325963 0.009237739283679386 -0.8672320974638641 0.004387655803693442 -0.00929240872219568 0.9999552555266811 63.429791250223836
1.0000524361519763 1.4046285021638433e-05 6.666465673707414e-05 -0.12419477099755066 0.00737703916512549 0.9998790502566287 0.008271290122304669 -0.8851612396968733 0.00385733062991038 -0.008318711697485518 0.9999650445174824 64.83602973065702
1.000060914313405 1.3456088821797371e-05 6.453671750091352e-05 -0.12687628193611825 0.008263128460307507 0.9998671327634082 0.008007801492037841 -0.8925130003210502 0.003113390635375795 -0.008044986907579864 0.9999685299794128 66.28835973249674
1.0000494814177898 1.3276242262001692e-05 6.289468212644297e-05 -0.12949785695961627 0.00672233413858825 0.9998926993037596 0.007804381153375785 -0.9103749222788355 0.0025740725853773804 -0.007831366079743293 0.9999707826636024 67.66062444194033
1.0000312414898809 1.5577997125024168e-05 7.243996394953227e-05 -0.13229759695402338 0.004261273852092327 0.9999160819769245 0.00898767570571483 -0.9308764196306178 0.0017007513069784645 -0.009001882968669356 0.9999612374177262 69.11979187682911
1.0000073242522802 1.752584761922915e-05 8.032027693814759e-05 -0.1348864922266971 0.0011496048000734782 0.9999402897539955 0.009964215404017035 -0.9453203948530069 0.0010702980996730436 -0.009972715503483878 0.9999517757561414 70.48919991251209
0.9999829102571817 1.9301722945579483e-05 8.774903712445263e-05 -0.13764397211808826 -0.0021582885441496736 0.9999556525817183 0.01088428826462356 -0.9669379453343021 -0.00016010663869603175 -0.010887746663137798 0.9999405829294367 71.91998510523423
0.9999525650566351 1.9492483321887147e-05 8.801240294384273e-05 -0.140305912850344 -0.006009783610621029 0.9999705810846146 0.010916722101197233 -0.9861062056022718 -0.0005298228549019629 -0.010926821997736728 0.9999393621647092 73.30878008176724
0.9999275865398963 1.8481338216979476e-05 8.314897329097289e-05 -0.1428948961139573 -0.009240754155036088 0.9999783680752298 0.010313807214525338 -0.9958790427584052 -0.0011045339379290445 -0.01033208754869556 0.9999441682530694 74.69906805608743
0.9999254109202879 1.8650468080919774e-05 8.394847160054218e-05 -0.14553721637840203 -0.009700652085387802 0.9999766938927662 0.010412229967558754 -0.9991997328013449 -0.0019505398551045914 -0.010433223761106364 0.999940299683281 76.1476696652636
0.9999197030670366 1.9334850573239637e-05 8.719095141750794e-05 -0.14814002247382266 -0.010502632905440516 0.9999707839136112 0.010813581009674866 -1.0150777379029077 -0.002365807975646888 -0.010838614878957015 0.999934347503264 77.51838686869074
0.99992225149161 2.00631568706075e-05 9.059920364560495e-05 -0.15094038944252547 -0.01020111770876484 0.9999668167034725 0.011235749251819806 -1.0462071026425677 -0.002432591451133839 -0.011259668664496394 0.9999294201876482 78.93050596443915
0.9999278628342215 1.7531762309395613e-05 7.870498068682339e-05 -0.15341023002753126 -0.009317548251182431 0.9999838135186127 0.009762792969894503 -1.0437211054993338 -0.001600023150892712 -0.00978189456189128 0.9999481291372672 80.3094774790091
0.9999321085199618 1.8134153353322607e-05 8.151760867329593e-05 -0.15621081567781447 -0.008825097180985328 0.9999808482530648 0.010111200620388316 -1.0797338953145525 -0.0017553204907728322 -0.010128743797785332 0.9999441400347832 81.6999397762043
0.999922682804475 1.795804410384752e-05 8.071811397276506e-05 -0.15865070922725857 -0.00997313771642401 0.9999802986944502 0.010012204637264668 -1.0750166169384026 -0.0016547780152536132 -0.010033659054760335 0.9999454502535359 83.07227608900885
0.9999274650253452 1.6489994239686848e-05 7.384495664775883e-05 -0.16128856972378794 -0.009415407139906434 0.9999893942740314 0.009160330710525055 -1.090852911623881 -0.0018161098111663507 -0.009180038863339797 0.9999530675934771 84.46259366954185
0.9999254251279128 1.673715505097831e-05 7.500338257183264e-05 -0.1637983015299285 -0.009413307322126575 0.9999880622283074 0.009304680189232181 -1.0940458198937177 -0.0006769782094685772 -0.009322865595906617 0.9999552250641339 85.83833295124053
0.9999236448287746 1.8184283408249208e-05 8.177207408419877e-05 -0.16647215959431955 -0.009392301912582543 0.9999799166165112 0.01014393136127678 -1.1171651810799716 0.00040268923821590546 -0.010160662281443389 0.9999491726927586 87.21610800831131
0.9999284722034923 1.9769116080873422e-05 8.919205200078875e-05 -0.1690793484147364 -0.008429470671444917 0.9999709794460634 0.011063456553467903 -1.1298572230162944 0.0020229191215829444 -0.011078254487992318 0.9999404014391535 88.60346050396672
0.9999338374445477 2.0641451861780694e-05 9.329727822575667e-05 -0.1716008236741141 -0.007580965080053497 0.9999651779601925 0.011571881794061763 -1.1470890960908433 0.0028354178601623786 -0.011587256952577835 0.9999341332689922 89.92309616259772
0.9999431872481611 2.1750087251823022e-05 9.856860972823236e-05 -0.17426195181909176 -0.006212146653631167 0.9999558218357424 0.012224471963898122 -1.166198957413245 0.003761489639157352 -0.012242982611212443 0.9999249464631096 91.31170153297921
0.9999459033077758 2.0826314394064432e-05 9.422521021885781e-05 -0.1768665436039431 -0.005822487489516746 0.9999614705470954 0.011686393518486876 -1.179348230049475 0.003994946989861585 -0.011706173780911494 0.999930883266744 92.69557665214981
0.9999505432510251 2.042318222483623e-05 9.23688158895907e-05 -0.17953942949499394 -0.00523999650586212 0.9999626669791354 0.011456426397214503 -1.1995490999779104 0.004022834017764721 -0.011477569370901228 0.9999334686330951 94.0858284631604
0.9999562723120238 2.0015578985529622e-05 9.052116351644982e-05 -0.1819870246868998 -0.004445195789892817 0.9999627180761811 0.01122734016900984 -1.2004788736499465 0.004394336454753563 -0.01125159641076387 0.9999351407877459 95.43724686784452
0.9999586062212628 1.9220809215961948e-05 8.681941028129843e-05 -0.18462419943393799 -0.004272109097491264 0.9999671266278185 0.010769023889918385 -1.2225283617650067 0.003873624931931584 -0.010791764616113643 0.9999414151128134 96.79947656622824
0.9999491255318548 1.8145065891381554e-05 8.165466537577012e-05 -0.18714663819173308 -0.005411156299676064 0.999977480458144 0.010129033397453167 -1.2368614993017977 0.004044720190931671 -0.010149806420498335 0.9999477594701335 98.13257292052052
0.9999342163854208 1.8325604480708135e-05 8.241556014798178e-05 -0.18961686476874418 -0.007357124502781569 0.9999797625988267 0.010223515909045746 -1.2426422872752227 0.003623776800328905 -0.010239617740217886 0.9999476991736249 99.47489201224384
0.9999334981942295 2.015329674713226e-05 9.099707987505101e-05 -0.1921884023252023 -0.007502147002933335 0.999968400616873 0.011286791258402078 -1.2515833110874988 0.00337480038708342 -0.011302527764178774 0.9999366869940464 100.859227455889
0.9999326814135767 2.294243561775343e-05 0.00010418075873427392 -0.1946484790485893 -0.007542276132297621 0.9999486345389406 0.012919544193128718 -1.272181241065038 0.0036482042633130688 -0.012935399466263547 0.99991645403224 102.12984731136326
0.9999298036497051 2.1038774231171495e-05 9.517177821615451e-05 -0.19723520929205304 -0.007865381279996064 0.9999625577905128 0.011803742168882362 -1.2828167976785916 0.003801105874438617 -0.011818992929016666 0.9999299634191342 103.5150401369037
0.9999297258227561 1.6937921552348176e-05 7.592895283531137e-05 -0.19966812841593704 -0.007993700471799372 0.999987907830529 0.009419842276265949 -1.2907504912925545 0.0032719624500809757 -0.009434745730715677 0.9999561834003594 104.8270960363303
0.9999417607754536 1.4545017817333902e-05 6.482970537073055e-05 -0.20211560835614836 -0.006454877889583092 0.9999986689652826 0.00804403962408333 -1.3034064564959496 0.003469046909874533 -0.008061481117465834 0.9999678689477344 106.12615699182228
0.9999506045652325 1.688858775094823e-05 7.57984942808829e-05 -0.20477139186495527 -0.005578243448168485 0.9999850012112079 0.009403860905460056 -1.3208342576628238 0.0024804445448633142 -0.009420385161014348 0.9999571661288752 107.51930355669077
0.9999789393719768 2.023774030641967e-05 9.203931505497183e-05 -0.20721060999624677 -0.00192602624149852 0.9999483198784755 0.011415975447669069 -1.3302917875215376 0.003074896990991602 -0.011438846790010612 0.9999355645365788 108.82805243471338
0.9999883489901711 2.1833513940425556e-05 9.985958714545866e-05 -0.2097693356157418 -0.0009694310838100732 0.9999304572343313 0.012384776797663354 -1.3469594650764516 0.0021295082039879815 -0.012402302146023017 0.9999248460430541 110.17083472228072
0.9999905324554338 2.0798855979374878e-05 9.5042847459799e-05 -0.21217179941393058 -0.0009019175597025494 0.9999371969975597 0.011788190772939739 -1.3446252317252347 0.001221308321568101 -0.011799215615804428 0.9999320174964244 111.51181379007275
0.9999853958427434 1.591425619820036e-05 7.198394316485076e-05 -0.21485004942430186 -0.001914170217336593 0.9999735702463463 0.008930614812564307 -1.3755578418895442 -0.000448052255922196 -0.008931742925736182 0.9999593315551448 112.85717763352068
0.9999622530225377 1.3395633088209707e-05 5.9747870498438925e-05 -0.21740195259309136 -0.00495115699760092 1.0000000210294575 0.007413351128834133 -1.3948309037017477 -0.0011743553634090199 -0.0074188815961158255 0.9999697775824677 114.18456254716767
0.9999392079424977 1.1858446215810836e-05 5.241388540697155e-05 -0.21976332273562196 -0.008085132408256042 1.0000111752845013 0.006502968243243379 -1.3965796996132014 -0.002387316750420086 -0.006517790103880505 0.9999716936049164 115.48457399361327
0.9999405435005619 1.5951814892029015e-05 7.135514973274784e-05 -0.22247554424911337 -0.008379048662250844 0.9999930801683565 0.008848855496350045 -1.4246166288070035 -0.00443773231006126 -0.008865538650805948 0.9999429692715128 116.86166591113046
0.9999369932968352 1.9719815293963924e-05 8.89643112843932e-05 -0.22482033917688102 -0.008759072506110428 0.9999711568624876 0.011031249613334945 -1.428886937072628 -0.004166241890417857 -0.011050158769897215 0.9999229036194565 118.14125258951393
0.9999374960630205 2.0806933732395172e-05 9.40856840019595e-05 -0.2274120393001032 -0.008897701812439488 0.9999638547356672 0.011664369546731711 -1.4383281738745817 -0.005062916869592007 -0.011684807660355193 0.9999099406644891 119.53452404743291
0.9999454142048408 2.033167252312243e-05 9.188958047843003e-05 -0.22995413278328097 -0.008217682841590815 0.9999673651869742 0.011390066255528908 -1.4590488736995957 -0.0064156805416553915 -0.01140593613626192 0.9999029493234424 120.85002018610645
0.9999307863972665 2.0088123549243456e-05 9.068990156530735e-05 -0.2324054990086383 -0.01026985163039611 0.9999666260463671 0.011239351298400776 -1.4690231640844946 -0.007466046901179679 -0.011274346340356543 0.9998952520037312 122.16319258528729
0.9999196277527004 1.918818740089326e-05 8.650274025137584e-05 -0.23491174884502095 -0.01195556627257837 0.9999672015409589 0.010717600274055617 -1.4749921743827281 -0.008803535301478205 -0.010773363421753229 0.9998874716327236 123.52462324394033
0.9999091924289543 1.8727251993966992e-05 8.444610018556553e-05 -0.2374282237225171 -0.013543828186583649 0.999962476403008 0.010459451893467876 -1.4864288892234174 -0.010107028364695443 -0.010539153112833224 0.999875284239894 124.86733335230565
0.9999096311741739 1.7337811311916168e-05 7.793778739629198e-05 -0.23995256400707948 -0.013772459063602412 0.9999693511977948 0.009649445195581379 -1.499949973434783 -0.01136961339716619 -0.009738973182921863 0.99986754706285 126.20510423741086
0.9999175059596661 1.6531367599029526e-05 7.409193316763396e-05 -0.24248908208710887 -0.012991903704276938 0.9999780296701976 0.00917016973723514 -1.5157847170798184 -0.012250017053211727 -0.009253633990833109 0.9998601609615242 127.53930172038211
0.9999202924936915 1.7528794859106647e-05 7.872544140473674e-05 -0.24488114803816668 -0.012818189853048678 0.9999734578065218 0.009741895526169103 -1.519493608255277 -0.013018611340605767 -0.009826432970607086 0.9998436039280135 128.84757243481135
0.9999189904763388 1.8793134048631158e-05 8.465362172268925e-05 -0.24754735509164597 -0.01313235512071404 0.9999644981467934 0.010474117534083666 -1.5433750754529207 -0.013698545978382194 -0.0105666248432963 0.9998257537323246 130.21771143629397
0.9999299703169747 1.851335747631022e-05 8.329467770881727e-05 -0.2499440960976634 -0.01176711679577336 0.999972254475389 0.010305819395695009 -1.5450445895213862 -0.013691212019627452 -0.010377084893512285 0.9998278498603892 131.5376660798203
0.9999399903009139 1.9427725963014342e-05 8.760291575071809e-05 -0.2526089498824611 -0.010634292117023367 0.9999701891097682 0.010837877262920629 -1.5704896507670745 -0.01418873736117807 -0.010892705116211997 0.9998145376098438 132.9000826565694
0.9999512498044939 2.0412134626448045e-05 9.232459276478232e-05 -0.25501604030378344 -0.009227682421074974 0.999966311252506 0.011422990042725158 -1.570144395518355 -0.014151792647624496 -0.011455198975613487 0.9998088496372503 134.234754150802
0.9999616883829454 2.064586074360282e-05 9.357599672946268e-05 -0.2576023936087526 -0.007750992016691492 0.999965139448342 0.011580860537630614 -1.5936471496487 -0.013347661654446393 -0.011589870493053017 0.9998198103221038 135.56235621459365
0.9999523515578669 1.9764834877405296e-05 8.929024505915603e-05 -0.2601277151197681 -0.008673516143673406 0.9999709690032266 0.01105338173163723 -1.607643466273869 -0.012290646568405792 -0.011075929976519936 0.9998410894090265 136.89855121160718
0.9999651234394259 2.2203760882659115e-05 0.00010100211863827151 -0.2627558232970421 -0.0069877402446396055 0.9999534685168617 0.012505496121571463 -1.6318369764247596 -0.011846352692957486 -0.012504737872929335 0.9998304263912602 138.2461981346591
0.9999661802546191 2.2218679852647333e-05 0.00010109371236565932 -0.26527629341647874 -0.0064880128315766795 0.9999526106022185 0.012521565775164731 -1.6410310679567097 -0.010203091475224626 -0.012516826445353435 0.999851362080639 139.60112205563595
0.9999769576463563 2.2583739533151362e-05 0.00010307502384612212 -0.26782438451686075 -0.004928673012185058 0.9999458168800303 0.012769512398510036 -1.653566559676045 -0.009218027491196412 -0.01274930639864788 0.9998597737910122 140.95644228838563
0.9999709110621887 2.1823945406564474e-05 9.932647012874914e-05 -0.27028220134496106 -0.005355666653272607 0.9999528463139763 0.012308582774867821 -1.6604364333569115 -0.007773417776803185 -0.012297157378225298 0.9998803135195572 142.28703158254083
0.9999704823206939 2.1106162300936482e-05 9.592373849939525e-05 -0.2727959764146352 -0.005155699288699994 0.999957365395921 0.011889409019129719 -1.6703575244727054 -0.006644199726496558 -0.01187947060471505 0.9998955374149505 143.6350054521365
0.9999879561311299 1.754391195992605e-05 7.966691839953236e-05 -0.2753113004040989 -0.00298193350460837 0.999970655282645 0.009875438872520554 -1.6830284477999542 -0.006627781685435733 -0.00984730337048066 0.9999177248262556 144.9715741349936
1.00001077646025 1.5822410763461844e-05 7.252553465124096e-05 -0.27799869929737125 0.00022760370275315758 0.9999575675736383 0.008993281717663011 -1.7211053363628155 -0.004953373155621449 -0.008952240505610562 0.9999388456661167 146.29014463711277
1.000087467895692 1.9826248309689348e-05 9.652281265455404e-05 -0.28050544412644113 0.00984645738309022 0.99980042865682 0.011967334591606983 -1.7164086601435369 -0.004531976903731029 -0.011870477291348942 0.999911262486802 147.69941367646453
1.0001352697172123 2.1142645472958105e-05 0.00010779771307340021 -0.2830288608956552 0.016146929431655244 0.9996500315171577 0.013365641885892456 -1.7366449352626632 -0.0029090025085670235 -0.013270249205131302 0.999902654853586 149.006726309946
1.000159859722678 1.7498316735782907e-05 9.365479024203423e-05 -0.2854943017908762 0.019365489985951403 0.9995888343286343 0.011614785965698577 -1.7597973004524612 -0.0021744631991569945 -0.0115248034049195 0.9999274640659948 150.2689253842431
1.0001456728063816 1.0812969050942589e-05 6.064260389178756e-05 -0.28823347362073826 0.017729688864591836 0.9996715863296564 0.007524097517915547 -1.7750068812537678 -0.0016121954242027698 -0.007453184151307902 0.9999681224115912 151.71814763058006
1.0001272992311445 7.391611254603178e-06 4.2773941803435876e-05 -0.29064143548563903 0.01514642544940903 0.9997491335798604 0.005306918242877997 -1.781192378873194 -0.002956469895070637 -0.005212488820643088 0.9999767822461176 153.0241774968643
1.0001281210624722 8.214945755350214e-06 4.663390862624491e-05 -0.29336803184971916 0.015046770429563936 0.9997487837741139 0.005784681977670152 -1.8106560350065954 -0.0038560463852288195 -0.005670040565319731 0.9999696106764167 154.40286814503088
1.0001390503273815 1.0691149144920545e-05 5.9281462492451675e-05 -0.2955729902444739 0.0164532081603425 0.9997049657494115 0.0073534006007750456 -1.789078013716476 -0.0036369707043781797 -0.007236858556103477 0.9999607380390314 155.72028050296905
1.0002209370421553 1.3615436269156025e-05 8.460306390330337e-05 -0.2980784113294845 0.026459619258371238 0.9993814863847271 0.010491149045211246 -1.8023072044403674 -0.004364569523476312 -0.010299006834153064 0.9999297074343272 157.0488749818576
1.0002368824167949 1.4882328386443822e-05 9.33151390995748e-05 -0.3006745155775842 0.02844629977331708 0.9992989679835732 0.011570551731895393 -1.8210872186146745 -0.004335967089735987 -0.011368652003749898 0.9999183097974181 158.40293879053232
1.0002441190777265 1.4841989837376807e-05 9.44297687796396e-05 -0.3032400071600241 0.029459933844122023 0.999259811384007 0.011709264315802687 -1.8391476796313935 -0.0038235270115528474 -0.011520932173612764 0.9999195851237048 159.74325711053407
1.0002375663332403 1.495095411784518e-05 9.376047320419048e-05 -0.30573171492157775 0.028376932879026262 0.9993008690441004 0.011624781967784346 -1.841359711780154 -0.0050240898201244005 -0.01139818147328828 0.9999135108441719 161.11338831177494
1.0002292137860174 1.4259363514563042e-05 8.903683150730812e-05 -0.30816365710204857 0.027072580772883485 0.9993542341395669 0.01103770887604462 -1.8440894592684123 -0.006214986233419223 -0.01077716945575458 0.9999115448049175 162.4481104394047
1.000225323508025 1.3345470239614285e-05 8.40802342306731e-05 -0.3106068098716357 0.026210882730368347 0.9993907871985691 0.01042035450825971 -1.8474963951653847 -0.007903204169317292 -0.010108012590051193 0.9999035567303624 163.7860214275186
1.0002159829167165 1.1905618213011587e-05 7.578811746135968e-05 -0.3130199349211507 0.024922419851554044 0.9994443445018584 0.009391492253811468 -1.8434352683607633 -0.008476027909176505 -0.009071729770203 0.9999077544723356 165.14060625303057
1.0002207562968777 1.3700361108211212e-05 8.497077601300426e-05 -0.3155516520100781 0.02542739298956579 0.9994162064267175 0.0105285580252953 -1.8540778270315355 -0.00886773820837726 -0.010191205209695074 0.9998928829392566 166.4952996218224
1.0002268227154445 1.3531393166456643e-05 8.52078849245823e-05 -0.3179526898007765 0.02628641293603036 0.9993867371743487 0.010559020844805514 -1.856248440725282 -0.008396687009658049 -0.010229044596204927 0.9998974143159162 167.81539929436536
1.000211914645368 1.0855909606088954e-05 7.024038667684078e-05 -0.32048201437372253 0.02458039314982797 0.9994617925014672 0.008705424840177658 -1.8622882924893092 -0.007748162899162656 -0.008412553670214184 0.99992072730161 169.18929363667976
1.0001804538917134 7.869284473225116e-06 5.167393353690741e-05 -0.3233097298452809 0.020854529359122465 0.9995939185997744 0.006404963722243094 -1.8908579405953205 -0.0069397865228598326 -0.006169231183726232 0.9999444483800435 170.6279745026227
1.0001405442565248 5.999794577674078e-06 3.7935742081920444e-05 -0.32576545092903375 0.01576447368009104 0.9997376488141404 0.004699598402585103 -1.8945294262590167 -0.007535812126491725 -0.00449286848605774 0.999947970964712 171.97166649288906
1.0001289157051496 8.088028364924837e-06 4.61412161606859e-05 -0.32822477504294306 0.014356622223422795 0.9997648773893416 0.005717818296122234 -1.9021800078760533 -0.007373902821380274 -0.00552797883236707 0.9999442987947526 173.29960896374615
1.0000832937409712 1.2689608482923526e-05 6.278916974902229e-05 -0.3310785963391464 0.008462402055393071 0.9998656627948622 0.007780036471237144 -1.9411648578731862 -0.00839245591929339 -0.007627038395615571 0.9999206526539733 174.706300972893
1.000078537052092 1.752288022349724e-05 8.489541223989064e-05 -0.3335491756667047 0.00790009896666709 0.999849674859007 0.010520175382841 -1.942261502101877 -0.008265656021593668 -0.010375174337849733 0.9998972391909928 176.06970463605185
1.0000912856714381 1.94791198372124e-05 9.523561706940267e-05 -0.3362871215913549 0.009693605072636361 0.9998051072705323 0.011803187934593513 -1.9656061510465503 -0.0073280497187905936 -0.011657360721911881 0.9998921355650017 177.48196913319532
1.000100394934767 1.8820948695978668e-05 9.300426493028891e-05 -0.3388206302194676 0.011093367054854966 0.9997824845744098 0.01152904702337331 -1.9668380241000343 -0.006130763674253053 -0.011393729467148558 0.999905390296708 178.87962220802845
1.0001277867309066 1.1301955492251312e-05 6.080254644748361e-05 -0.34117781899126365 0.014942375606035124 0.9997394563240463 0.007541364905633447 -1.9588991537272076 -0.004136436398568869 -0.0074213320329303304 0.9999565454660237 180.22052056280666
1.000105456035923 5.925769277820639e-06 3.38096234729344e-05 -0.34402765752936465 0.012616760384852767 0.999809931000406 0.004195561342417892 -1.994662329649386 -0.0021401212096335796 -0.004129524132079463 0.9999853794164999 181.63937401860807
1.000073279266627 5.339227049844242e-06 2.8290936775737536e-05 -0.3466747700428904 0.008900330583171944 0.9998824987861484 0.0035116721144442887 -2.011723107417514 -0.0008931186360510146 -0.0034810561295904514 0.9999919803459499 183.02935504135792
1.0000428615173802 8.41047312970071e-06 4.009708979186557e-05 -0.3492029475954888 0.005111212451159558 0.9999333228904873 0.0049764650646554305 -2.0280646396328317 -0.0009444813256896825 -0.0049553678449908815 0.9999856428028793 184.35667319277033
1.0000267522401096 1.2087278888508676e-05 5.6020628393892635e-05 -0.35188434772555766 0.0028508387543128774 0.9999487218885246 0.006950541054405722 -2.034468548364204 -0.002102859012064754 -0.006923040206269688 0.9999701282087462 185.8131688244233
1.0000027354728305 1.6208516265298067e-05 7.397632915676121e-05 -0.3544821300236091 -0.00011330712783581831 0.9999586647343414 0.00917651415310207 -2.0522921600257513 -0.0020203011885442596 -0.009161186537605743 0.9999524798351616 187.1724271279656
1.0000287709978803 1.6949036816586716e-05 7.869407432470246e-05 -0.357093074088658 0.003094759677942144 0.9999225039651467 0.009761107258764012 -2.0507340342731237 -0.0021331392186802085 -0.009732574018406508 0.9999466519415867 188.62540884500976
1.000025572339898 1.76442908347927e-05 8.176913510040415e-05 -0.35985313967227794 0.0027143551130264666 0.9999228735912498 0.01014221477933204 -2.075325868088096 -0.002058045112991262 -0.010115981914636724 0.9999431452110188 190.04436209968054
1.0000623434791993 1.880096098137024e-05 8.959238525142201e-05 -0.36235140576898506 0.0072168388573977515 0.999853939629031 0.011111284138536157 -2.0810546898076314 -0.0023441199793384293 -0.011064001679727632 0.9999319725645741 191.4024422155751
1.0000786965054989 1.86594402511904e-05 9.024792799756584e-05 -0.3650256644955864 0.009127791449026723 0.9998220279098262 0.011192007735098791 -2.087789133091388 -0.002879002437992259 -0.011127934622664913 0.999928901281274 192.8535086477578
1.0000904246302302 1.9351351654043475e-05 9.455275982600021e-05 -0.3675888114064271 0.010609256765949598 0.9997893517578464 0.011725393572454544 -2.1021881666131166 -0.0027677737886993656 -0.01165686078900797 0.9999233976706158 194.20885675006772
1.000111377644937 2.0212312400992583e-05 0.00010069503951852998 -0.37025265213156244 0.013101879269655942 0.999730497963652 0.012485688143831126 -2.107592991213287 -0.0032563024303567598 -0.012396153146810373 0.9999121628640454 195.6600828347939
1.0001368756684725 2.0478833771856234e-05 0.00010483701439834622 -0.37289171013866945 0.01617530309584877 0.9996541950308685 0.01299821025266123 -2.1169093422094694 -0.0036719011445304787 -0.012884039381078578 0.9999038122062518 197.08013969911278
1.0001118073154032 1.7406627823731563e-05 8.750920790055305e-05 -0.37579001209256435 0.013009350719989899 0.9997515489775803 0.010851615716392465 -2.1589474117929544 -0.003906905466068308 -0.010748387601976628 0.9999277037469174 198.49785066310108
1.0000760349833153 7.762687577468619e-06 3.953640448344669e-05 -0.378335438337538 0.008530652809334559 0.999882818531837 0.004903959189349436 -2.1507713715611625 -0.004067931080444004 -0.004821828358127636 0.999972826078063 199.94405926055686
0.9999941807072198 8.669031044433728e-06 3.8889594331951776e-05 -0.38110179320014953 -0.002032141390872248 1.0000026063129375 0.0048209808038308065 -2.1700354812458333 -0.00583952006887576 -0.004789592995944191 0.9999610055818752 201.39025502944716
0.9999464399330098 1.4867882544383065e-05 6.635934160393328e-05 -0.38379957057690406 -0.00801275460704512 0.9999984515157453 0.008227034355230738 -2.184066760107533 -0.006069875950470327 -0.00824126475090787 0.9999367777237096 202.82180626820542
0.9999366189414324 1.822130854497485e-05 8.193205561476827e-05 -0.3863758906910024 -0.009460678252696244 0.9999797090354926 0.01015510333138739 -2.182273823019026 -0.00708776139885305 -0.01018209383103035 0.9999103912996852 204.25665917116117
0.9999556748721206 1.8856568571274518e-05 8.506682351181512e-05 -0.38902907209003756 -0.007089522528432858 0.9999762123795646 0.010543600087420694 -2.1855178932397434 -0.007067305833558745 -0.01054951683751979 0.9999067693698476 205.71161775126714
0.9999750688096629 1.994907282450685e-05 9.05782019681267e-05 -0.39191132746230956 -0.00447839446077381 0.9999628281827805 0.01122814791812603 -2.216695354534693 -0.0061638800911774 -0.011214271919964968 0.9999071530790536 207.16887505179741
0.9999809049798454 1.8991672167555443e-05 8.623455514840134e-05 -0.3945452801298778 -0.003445424131005562 0.9999644849620255 0.010692269788427338 -2.224563365840578 -0.004789567556204481 -0.010676641073633943 0.9999230392850951 208.59256335182062
0.999981308949514 1.8012712725567342e-05 8.165696967509049e-05 -0.39729524148101014 -0.0033169444235015 0.9999697921337569 0.010125596261350815 -2.2260465563073564 -0.004440337676014287 -0.010110791076546848 0.999931155163541 210.10897483580376
0.9999690980663758 1.7973269327061642e-05 8.116570221939159e-05 -0.4001051106525821 -0.004867812127057556 0.9999765507668287 0.0100644853796235 -2.2477928589409637 -0.004593701539824257 -0.010058805418464063 0.9999307089993343 211.56820088722972
0.9999624339359758 1.8796694401315706e-05 8.48926157806522e-05 -0.4026638869783659 -0.0055770666642258535 0.9999737886600615 0.010526979985062397 -2.2407700834973654 -0.004065831416414581 -0.010527165119690395 0.9999291334800283 213.0166601816206
0.9999617589097302 1.8863755997917953e-05 8.519535326185742e-05 -0.40548284726285344 -0.005514026005885532 0.9999732259642126 0.010565297796191676 -2.2686904928599665 -0.0034108446024889673 -0.010566815577882485 0.9999323472160152 214.4533874324507
0.9999548951076032 1.7891335114534127e-05 8.053453495549022e-05 -0.4082490759192112 -0.006345369959353195 0.9999809327840813 0.009987895563494125 -2.2856276063754195 -0.003316853917475271 -0.00999388549831957 0.9999387151076472 215.90989067575083
0.9999607073478489 1.691197154661886e-05 7.604630291270097e-05 -0.41098185202181753 -0.005579634427303502 0.9999847398094092 0.009431936396909934 -2.291476315438498 -0.003121036931797807 -0.009434501670293893 0.9999451251966405 217.3973160825789
0.9999520297078142 1.6943245814892913e-05 7.606947485176317e-05 -0.4138489049405729 -0.006499498967499228 0.9999865569119873 0.00943551664846647 -2.3136056676569536 -0.0024172412581813345 -0.009443718993767199 0.999948258092894 218.8865042842264
0.9999472387835043 1.6140387710503884e-05 7.227896288507685e-05 -0.41651261172916615 -0.007119019149863051 0.9999916570094622 0.008965629292056835 -2.31776709038916 -0.0025266434546044533 -0.008976323605193183 0.9999520882646229 220.3432012115779
0.99996003422138 1.661479544957066e-05 7.464935933116572e-05 -0.41932979206354193 -0.005500423035784465 0.9999861545649669 0.009259549776191063 -2.3324939795823467 -0.002394987976199342 -0.009263605854332616 0.9999500340095212 221.8377799174098
