1.0 -3.469446951953614e-18 0.0 -1.5585406229479126e-19 0.0 0.9999999999999999 -3.5575383784680614e-19 0.0 2.168404344971009e-19 -2.388632911257127e-19 1.0 0.0
1.0000005914377053 1.1956327172438913e-06 5.3627550915744115e-06 -0.0025724908183114847 0.00020089264314402354 0.9999981306314466 0.0006661498083598322 -0.021923715912692023 0.0005683330602807809 -0.0006705202411875233 1.0000006495569949 1.3269663392242248
1.0000041297287778 2.00060717816912e-06 9.106368972525538e-06 -0.005058466161534706 0.000641735465205821 0.9999939706891058 0.0011309809949886416 -0.03921177778341904 0.0005746659857262324 -0.001134895067515995 1.000000244926833 2.626690311599839
1.0000084707744548 1.6930211604714723e-06 7.907577368435103e-06 -0.007735858592763151 0.0013005112037724111 0.9999881856323989 0.0009822515839131064 -0.07472245536785883 0.0011082892680159813 -0.0009903418420160797 1.0000009108396601 3.9511630450900226
1.0000144864416602 1.7809365957729972e-06 8.56786237441549e-06 -0.010218568472363222 0.0019210464328206951 0.9999821043621127 0.0010641116455617887 -0.08801610718998855 0.0005439121909658216 -0.001066152290519925 1.0000002812558917 5.266891787239652
1.0000165149818347 2.6169424769215827e-06 1.241336182104401e-05 -0.012759474919598876 0.0022540725361749146 0.9999780983276547 0.001541635126658872 -0.10725675576874005 0.0009055837650920411 -0.0015470270539158166 1.0000000508057671 6.588330876220312
1.0000270383456884 4.249107253788756e-06 2.029034911383903e-05 -0.015478086526599655 0.0035150129198938066 0.9999623074532467 0.002519396110050561 -0.1452125837971892 0.0007006081036178794 -0.0025213979368305154 0.9999978774225367 7.9247279594724125
1.0000277601254648 4.975242455082865e-06 2.3608965883544636e-05 -0.018000412191414024 0.0035578287947943942 0.9999606827658905 0.0029312317989940205 -0.1637835502546207 0.000491800767315851 -0.0029308026788655746 0.9999965147847333 9.238862839533217
1.0000234593724604 3.978883077973561e-06 1.8884369885481013e-05 -0.020594337890356963 0.003147775463336005 0.9999669149884414 0.0023449510725674755 -0.1872915021533452 0.0010450537126587363 -0.0023511906655164483 0.9999986108694493 10.570635583182334
0.9999998907094124 -3.498333019727462e-07 -1.563509152473436e-06 -0.023176843904818733 0.0001925978384761315 0.999998414651121 -0.0001939003110947739 -0.2120554626228983 0.0009194300183675819 0.00018668010187896338 1.0000012171900776 11.890482459948327
0.9999817650496586 -1.198729380372937e-06 -5.931298863575633e-06 -0.025744510735347798 -0.0020551560540788046 1.0000141758199668 -0.0007363932921655597 -0.23027108792323492 0.0009340750019966907 0.0007271166034543879 1.000000975276955 13.231313545319
0.9999504141733698 -1.1758324933580644e-06 -6.421078743548518e-06 -0.028358044984782692 -0.005990230696709134 1.000029984694565 -0.0007972694711417977 -0.25430224971437854 0.0007486097021404379 0.000784936073912173 1.0000007519109795 14.571612913439111
0.9999509676700903 3.650760441540474e-07 4.4473945217922764e-07 -0.031014724683333494 -0.0060159799922639276 1.0000303413458675 5.5352683533764496e-05 -0.28177725644603513 0.00032723319290550745 -6.688306590188152e-05 1.0000005360054798 15.920449734662188
0.9999639287890723 5.491580463746343e-06 2.365322788406383e-05 -0.033652085691445316 -0.004449928011293159 1.0000215747172554 0.0029365990755261745 -0.3082046103156678 0.00013280506190804548 -0.0029452178059953846 0.9999959365986604 17.263259249443767
1.000000369231106 9.052229656442146e-06 4.086812935571874e-05 -0.036347064663225785 5.354389693009928e-05 0.9999866271915505 0.005072585162277716 -0.336906114951024 3.428881136921741e-05 -0.005073081741708011 0.999987266870091 18.62783792551375
1.000014902495487 5.8547058417006415e-06 2.694347258208e-05 -0.03902159748601074 0.0019346849665887404 0.9999769062418568 0.0033450197729516036 -0.36934422234253483 0.0003743086846135118 -0.003345531092346049 0.9999950580685197 19.964429208412273
1.000022622377289 1.3612565101950996e-06 7.0799164185132366e-06 -0.041475451572494236 0.002865056127957415 0.9999724259720467 0.0008792696601576157 -0.37013345510798706 0.0002478082693130907 -0.0008768799474779434 1.000000044994329 21.319940760450898
1.0000059077700245 -3.834541180865181e-07 -1.4769162273876174e-06 -0.04438031646729247 0.0007223658495728383 0.9999939083303012 -0.00018344439808149724 -0.4276900407931229 -5.050035262277601e-05 0.00018520430468774418 0.9999998877049215 22.672080807175497
0.9999876658639703 2.4977284242468784e-06 1.0749444074686747e-05 -0.04676049405081028 -0.0017246137507096072 1.0000114897587642 0.0013343550045324466 -0.41722111087352765 -0.0008599324423182347 -0.0013320911071388207 0.999997209797335 24.036994123538328
0.9999861489394261 1.0220729186110819e-05 4.571844300598339e-05 -0.049439435956871426 -0.002087242869940227 0.9999984518172094 0.005673258030108632 -0.43783253727976384 -0.0016369711817976402 -0.0056675055171603195 0.9999797264771941 25.428769069863016
0.9999987067285996 1.187644365469899e-05 5.375465096584117e-05 -0.05215464905480781 -0.0005571058450736174 0.9999819889146859 0.006669811401180548 -0.4673646938415691 -0.0017681857914856817 -0.0066579159998906325 0.999973176780006 26.800849781077932
1.0000351694501834 1.0193657781917831e-05 4.778938755121368e-05 -0.05481298898759035 0.0039686578486581026 0.9999424966421425 0.005930034134211902 -0.4908391503513759 -0.0017796297583237205 -0.005902047704902732 0.9999778717982942 28.168446780210296
1.0000326437410023 6.420847512648639e-06 3.0428211882969815e-05 -0.05737446721466354 0.003687071302602712 0.9999563268015188 0.003776372013642306 -0.503361359182481 -0.0016365539184433214 -0.0037508555587082216 0.9999887260711894 29.531240512990973
1.0000363038509927 2.9181533202828763e-06 1.48109559733379e-05 -0.06023225404410958 0.0039746657380272474 0.9999583803107145 0.0018374247575182368 -0.547393409373595 -0.0023811085229889957 -0.0018017818912592972 0.999991269065281 30.91762049808841
1.0000185011127711 1.1607618519531016e-06 5.979311613223213e-06 -0.06271477894850097 0.0016656230033259035 0.999984915924149 0.0007404885991213832 -0.5453016897897116 -0.0028186299857850617 -0.0007101392622149949 0.9999906968187081 32.301858734127585
1.0000065820900725 -2.5298733710814314e-06 -1.0986674967096693e-05 -0.06557601715505097 5.646586434482695e-05 0.9999986287580904 -0.0013673304113697648 -0.5912970530447679 -0.003393581539385975 0.0013950182175689293 0.9999871213570729 33.681394707549146
1.0000056513605082 -1.9125973822441134e-06 -8.287320551103724e-06 -0.06807144737085062 -0.00010172401831192585 1.0000002961439585 -0.0010322281476680497 -0.5881252807591741 -0.003583567376535769 0.0010605847454696936 0.999986531034257 35.07759691799119
1.0000034333591357 1.2220860709146603e-06 5.591787266283951e-06 -0.07097256552800994 -0.00026213874666315955 1.0000018268284971 0.000692099642300295 -0.6364869729555904 -0.0030705383843935476 -0.0006686876428683115 0.9999895282001076 36.46866703989248
0.9999923304900017 3.5688174999277955e-06 1.5714295886983974e-05 -0.07361841101924535 -0.0015967304975008211 1.0000096542512926 0.0019490674365510736 -0.65057419940508 -0.0028730646676811203 -0.0019334836693722744 0.9999888443551358 37.87120706228131
0.9999767105492318 4.545666097392417e-06 1.9656237014365006e-05 -0.07625451160223204 -0.003450205378777796 1.0000188194717508 0.0024387639737129254 -0.665872715579811 -0.0024878657812614996 -0.0024336241491980126 0.9999894875278367 39.26294819433552
0.9999562717438552 5.179486898109625e-06 2.2121523671710542e-05 -0.0790789883893922 -0.0061109922571303465 1.0000267272670222 0.0027441878123117274 -0.7024863820874485 -0.003034063055816062 -0.00274939126225653 0.9999861795818256 40.663962604291015
0.9999326006461159 6.091206075078612e-06 2.6078796617928215e-05 -0.08188874823967406 -0.009034485066732366 1.0000266514618028 0.003235383689028912 -0.7315969860834757 -0.00296165455761612 -0.003254671645646009 0.9999850178411094 42.09028658853131
0.9999282209780973 6.013974330375954e-06 2.5732784475951745e-05 -0.08446612491363387 -0.009491517564507588 1.0000262351516325 0.0031928391004128636 -0.7406495307168963 -0.002574201953270722 -0.0032137545328191027 0.9999869215879464 43.47735860851458
0.9999336234204822 5.8535123136308626e-06 2.5003471662605895e-05 -0.087238485860958 -0.008738283911518064 1.0000273212364474 0.0031026768493987284 -0.7648048466171498 -0.002207177259945293 -0.003120041535693533 0.9999887571266609 44.90506814695702
0.9999345264422268 5.1002176728841275e-06 2.1598972092765067e-05 -0.09000467092900341 -0.008439861175859042 1.0000287077368322 0.0026808145981263866 -0.7948658326491338 -0.0013764694606132309 -0.002696657143880928 0.999992970671128 46.30302059285473
0.9999346092908293 6.453023260416177e-06 2.7719937322560765e-05 -0.09284489146465229 -0.008246323404099165 1.0000264262704 0.003440968197522114 -0.8273023406836917 -0.0005592612352269507 -0.0034560630534419615 0.9999929118952906 47.73138272356878
0.9999304980348379 7.969929909241655e-06 3.4608153481655544e-05 -0.09552520406577662 -0.008513907578444417 1.0000230175945544 0.004296121250730892 -0.8465765212361738 0.0005243908793041835 -0.004311380789191331 0.9999915778916094 49.12988033331457
0.9999227575545477 8.123799031395373e-06 3.533167703817313e-05 -0.09831510279354784 -0.009269304958138757 1.000021991271918 0.0043860579468448365 -0.8728551294424542 0.0014426050067845666 -0.004401175895278467 0.9999919427731608 50.55783397191951
0.9999212816603992 8.4179742797421e-06 3.6679885756243273e-05 -0.10103074647972811 -0.00918137357482317 1.000021344681709 0.004553261099490684 -0.8848686049176673 0.002652142395352762 -0.004566984057989476 0.9999909090803356 52.008278713808856
0.9999107794148951 1.0910217226741195e-05 4.816987218817892e-05 -0.1038908819427174 -0.010268445221819876 1.0000120008936826 0.005978242804269672 -0.92419058412722 0.0036207994979507796 -0.005988945501823193 0.9999821352581724 53.416964284923694
0.999919696811332 1.2258279282176612e-05 5.428134634346128e-05 -0.10667468077508473 -0.008949046449771443 1.0000092293503506 0.006735664581001941 -0.9432329619616528 0.004565963902374692 -0.006747909801375491 0.9999751502563836 54.87380996702916
0.9999456039572072 1.3678948403763116e-05 6.084710182035721e-05 -0.10921932468554975 -0.0056150215749424005 1.0000008391996005 0.007549397262629214 -0.946064747321512 0.005085943979579485 -0.007572142961773703 0.9999676898780206 56.27049525504312
0.999957512628162 1.294892048499599e-05 5.760952256353793e-05 -0.11196588856262021 -0.00407275789963987 0.9999988492858134 0.00714775610633092 -0.9670146139230447 0.005368313485317627 -0.00717670181470929 0.9999696341737945 57.698212347233444
0.9999660195904102 1.335822956473505e-05 5.964461159897565e-05 -0.11479551347125813 -0.0030300486009108268 0.9999923170605136 0.007400125633113675 -0.9937054635251137 0.00530687840083792 -0.0074325224900419805 0.9999679861619126 59.14632933585539
0.9999690682259011 1.4397188243286604e-05 6.451347741549579e-05 -0.11753811281533941 -0.002708885297209406 0.9999859928811967 0.008003942208791397 -1.0198190788901866 0.00505068227971056 -0.008036137589605833 0.999964190467314 60.54882269786691
0.9999838058516153 1.598571858726916e-05 7.226821696122406e-05 -0.12029153494175958 -0.0009891759645486893 0.9999671520764065 0.008965502215756987 -1.0350828478535494 0.00455760559717418 -0.008999943518513475 0.9999574730333186 62.005695607245514
1.0000051512995027 1.5326670948796056e-05 6.997277604481105e-05 -0.1229452974280505 0.0015723989578256617 0.9999482908303654 0.00868121507063881 -1.050749710783675 0.004159230817210212 -0.008719052427793824 0.9999609746888599 63.40557586268575
1.0000079635874173 1.4014317612248695e-05 6.400443187426193e-05 -0.1257299280125199 0.0018276172568825952 0.9999519605182035 0.007941592791933193 -1.0791354241893565 0.0037398468404341283 -0.007975859553142383 0.9999680671177199 64.8212150616095
1.0000117173651475 1.3999375318157412e-05 6.410321608204313e-05 -0.12851053099592438 0.0021173243720289236 0.9999489563582267 0.00795412366074481 -1.0982711490069013 0.0029528373442207247 -0.007980981204647845 0.9999692390525423 66.27587448334363
0.9999990057038003 1.3890348923042278e-05 6.306234529799876e-05 -0.13114808185823928 0.00041650571276541024 0.9999658262561941 0.007825204309185317 -1.1193701811598207 0.002408107339961882 -0.007845366260589867 0.9999707869181518 67.64255110014433
0.9999778746631077 1.642961791653748e-05 7.416809297427595e-05 -0.13396819200424473 -0.002357623583102056 0.9999737305103829 0.009201856350089863 -1.1386391178282296 0.0017398375025803586 -0.00921645376596043 0.9999592892210039 69.11849691997493
0.9999527397593858 1.8477330528973365e-05 8.325076422439947e-05 -0.13654583862407565 -0.005662928637467297 0.9999760827255288 0.010327291870572776 -1.1537620361569991 0.0009202400827660871 -0.010340059596436102 0.9999479284253671 70.4786472684372
0.9999218184919022 2.0420887076304933e-05 9.228635033372624e-05 -0.13935693329374535 -0.009718642081449283 0.9999653453340641 0.011446387837986852 -1.1779990888517413 -4.115337054174371e-05 -0.011464353960182713 0.9999343734481679 71.9274444023523
0.9998908254144366 1.938808869859053e-05 8.788893173529476e-05 -0.14187837422432922 -0.01363988839610553 0.9999572162902617 0.010901467952912998 -1.1842776618228479 -0.00036311209735166955 -0.010928605624446884 0.9999397181441868 73.29590791388573
0.9998618781377008 1.8578185326219646e-05 8.502205777559608e-05 -0.14454135047049718 -0.017400896988590576 0.999932942077337 0.01054582732020996 -1.2039640491254475 -0.0011035183790840985 -0.010588304726849924 0.999941494689255 74.6829657776383
0.9998531218352413 1.8569322980298286e-05 8.535922146856757e-05 -0.1472324674114524 -0.018684636893924765 0.9999196794298344 0.01058691401404557 -1.2128001723780115 -0.0019788795795069496 -0.010642541977840822 0.999937989961653 76.13399632369462
0.999851278975168 1.9314053124719344e-05 8.894252707346588e-05 -0.14981729870207422 -0.01897411972621121 0.9999117561207349 0.011030599803578059 -1.2264172907223583 -0.002249203664383464 -0.011090334319297413 0.9999320706223217 77.50484099770524
0.9998571587797305 1.977348828563659e-05 9.083772919792933e-05 -0.15258742979062476 -0.018260981450477567 0.9999166718723513 0.011265312706864221 -1.2553473073619201 -0.002325366645858358 -0.011322863686423098 0.9999291562115215 78.91002251171437
0.9998640734315862 1.802230340559874e-05 8.232880062403582e-05 -0.15512428287566998 -0.017317028727081143 0.9999371981145494 0.01021148433076032 -1.2636522552758522 -0.0019453344885649682 -0.010261457618641601 0.9999420941581353 80.2779850850596
0.9998653030127894 1.846058096480023e-05 8.43345495723524e-05 -0.15784818150985971 -0.017130460046605955 0.9999363356656141 0.010460130684435489 -1.2903093484585868 -0.0017943063942228203 -0.010508037371963383 0.9999400920217549 81.66769766226138
0.9998712769347081 1.9243033118154437e-05 8.778613687530521e-05 -0.16044183125497535 -0.01629248666003726 0.9999390183517105 0.010888099382385002 -1.2980966939833565 -0.0013658856124126458 -0.010929423456716708 0.9999370316719094 83.06942451204841
0.999869653847157 1.802558405795962e-05 8.213352927862014e-05 -0.1629949326742171 -0.01645907624499521 0.999945021579204 0.010187867284288185 -1.3104292562158095 -0.0012098780599670603 -0.010228385373918425 0.9999449207722384 84.42842461218648
0.9998686278866522 1.8707022973336526e-05 8.536493773307423e-05 -0.16562845616840766 -0.016387492166973373 0.9999414498747367 0.010588771586336799 -1.3212950295392696 -0.00032243157514906464 -0.010621718565657077 0.9999431080415851 85.8385065304288
0.9998682930380144 1.9889797430524755e-05 9.093599981165935e-05 -0.16824981061691072 -0.01618781022711287 0.9999355327850712 0.011279356127236016 -1.3421859354521004 0.0007535124224157808 -0.011303168490399487 0.9999373579026889 87.1971411512458
0.9998764256662562 2.2369951287576004e-05 0.00010236923999779979 -0.17089589278253 -0.014907800424963279 0.9999281292934226 0.012695596659417581 -1.3597473693359257 0.0019576518549556388 -0.01270978170649433 0.9999210304015873 88.58431882643274
0.9998944538020355 2.3448943388850244e-05 0.00010699921659651154 -0.17353221848508593 -0.012424910578133695 0.9999346216160822 0.013268771559524505 -1.377215387250486 0.0030456212725101504 -0.013278412811224874 0.9999128917081003 89.96650962114393
0.9999019555256328 2.4282976398212752e-05 0.0001108201075430608 -0.17614993306288065 -0.011282792569486281 0.9999325727830456 0.01374150468994343 -1.394585054970727 0.00398424170736768 -0.013749466677283814 0.9999049274740953 91.33883151501884
0.999907117772635 2.3634998806185137e-05 0.00010765186841293732 -0.17873402103702046 -0.010583883543251363 0.9999399088266627 0.013349094505768853 -1.4080155021113292 0.004242031332945486 -0.013357878265119368 0.9999096348010199 92.71009698493292
0.9999216236867029 2.3387117106839564e-05 0.00010632358835210398 -0.18127209659907165 -0.008723088821461932 0.9999450768396303 0.0131844590724606 -1.4267556930074292 0.004506463080244525 -0.01319754556494019 0.9999110821892059 94.03220004910402
0.99992440933642 2.2511400642095253e-05 0.00010215262236465189 -0.18380242593894588 -0.008316764705905333 0.9999519540091569 0.012667787509221321 -1.4301357256527025 0.004775697270725458 -0.012681873685576212 0.9999169844195858 95.41851248166807
0.9999269074379175 2.1752965057540707e-05 9.855227558301866e-05 -0.18633672298593693 -0.008044690023548486 0.999957543897061 0.012222010006690171 -1.4431386025891597 0.004605492844775704 -0.012236896811309303 0.9999230136520989 96.76410874879987
0.9999168659413231 2.075076049667078e-05 9.387771238703068e-05 -0.18887933769790166 -0.009335013988265991 0.9999636366994425 0.011643147671468429 -1.4595757429253942 0.004412555623136319 -0.01165466928064521 0.9999304825393964 98.09899633982135
0.99990279373929 2.0907629050569143e-05 9.479932063351541e-05 -0.19143260314847377 -0.011162493162134673 0.9999582811713692 0.011757506270868502 -1.4669729130610984 0.004056491394170058 -0.011765431916231422 0.9999300519819145 99.4800969483479
0.999904256803469 2.3162149042139923e-05 0.00010544856013370348 -0.1939381485049023 -0.010980776396938684 0.9999424327192249 0.01307637060927392 -1.4768643061139581 0.004056570966363409 -0.013084741899569818 0.9999136771091158 100.82364535188381
0.9999008163655637 2.6003874618008363e-05 0.00011906250949224144 -0.19640738335037747 -0.011423684924024222 0.9999175486839339 0.014761874061400023 -1.4869055444750092 0.003986831366877179 -0.014769561801109948 0.9998903890625984 102.1464154665484
0.9999054240734485 2.4557835241672404e-05 0.00011207268148399592 -0.1989856774195832 -0.010904073052704067 0.9999315779534523 0.013896684742745333 -1.5069850410881456 0.0037521584984403457 -0.013906129725150523 0.999903242004987 103.48482025232711
0.9999068737621182 2.0732918175277865e-05 9.391054282541244e-05 -0.201489310476831 -0.010757416370975362 0.9999607471296649 0.011647616763649322 -1.5188581800783558 0.003603293462485925 -0.011657673772945819 0.9999322300524948 104.81847184811093
0.9999159439409573 1.880333247370608e-05 8.472701783713405e-05 -0.2039829890974834 -0.009594106238025743 0.9999758411038615 0.01050986065484439 -1.5308077831850664 0.0037677553964415985 -0.01052168852897801 0.9999445028502401 106.14626932876102
0.9999260499574164 2.075236549222391e-05 9.38292121429251e-05 -0.20656370685128853 -0.008424392400673789 0.999964455386019 0.011637613229112146 -1.547837872785929 0.003387091505504304 -0.011651907204551112 0.9999326625291548 107.49961544097079
0.999953168283277 2.394515503141917e-05 0.0001090798136629571 -0.20896963033719076 -0.005180453540042531 0.9999366075751192 0.01352641696834608 -1.5481993462396668 0.002834533561045597 -0.013544375871398815 0.9999095678354456 108.83048894821185
0.9999651051033671 2.5853918858108685e-05 0.00011838453746633145 -0.2115721103676351 -0.003879828268192784 0.9999157613522676 0.014678452286609947 -1.5695263470301997 0.002023712862943703 -0.014694481704996147 0.9998938497948895 110.17672545882671
0.9999690527501273 2.394751376648234e-05 0.00010936451342366191 -0.21400979718349813 -0.003532054873979968 0.999930035851896 0.013561780257932332 -1.5788577622533695 0.001388281718490011 -0.013574989196153867 0.9999095956419722 111.48518865560293
0.9999628025771621 2.028834275010806e-05 9.191075391106742e-05 -0.21653656554803669 -0.004473928380362883 0.9999608638924335 0.011400111641155654 -1.5916294198827199 0.0006495100371250917 -0.011410931468622567 0.9999360206966946 112.82764640778349
0.9999380508972777 1.7146653645182253e-05 7.691254184564837e-05 -0.21911312697039112 -0.007789999375848333 0.9999867208134885 0.00954141846992288 -1.6119361731382762 -0.0004303416250176853 -0.009555642516190982 0.9999536129762328 114.16407812852107
0.9999161725059097 1.597863721463505e-05 7.15298286924381e-05 -0.2214819168579591 -0.010826327880907642 0.9999890664660603 0.008873352673452573 -1.6113230037214896 -0.001853994527089439 -0.008898293135608847 0.9999554724415853 115.47873221104062
0.9999155071078115 2.011299277651646e-05 9.088503774789137e-05 -0.22411324939436492 -0.01124086976463476 0.9999636527626878 0.011270193821730183 -1.631040316255914 -0.0033341466577678173 -0.011301379325833085 0.9999247226729892 116.84812675632692
0.9999111895038676 2.3377447575811255e-05 0.00010637282513196577 -0.22643878237266526 -0.011968898769676795 0.9999375914841996 0.013187278874136777 -1.6289588128479935 -0.0041895916854805555 -0.013225571605365359 0.9998963881852336 118.14537175162117
0.9999190596429876 2.5419740697349424e-05 0.00011602977320477638 -0.22907866329719972 -0.01121401776557604 0.9999237836479363 0.014381444056255226 -1.649184669183792 -0.005181918265052439 -0.014418242599387307 0.9998734764132593 119.51723281655616
0.9999188009774 2.4492390630870622e-05 0.00011160425856170694 -0.23156650891083538 -0.011448787237626025 0.9999307726874213 0.013832055165467318 -1.6615598959653128 -0.006085627940716559 -0.013873475314767658 0.9998744519070832 120.83990167861047
0.9999062432395145 2.430442597744012e-05 0.0001108519672926361 -0.23398771415710182 -0.013326593497737838 0.9999239531826696 0.013736118464465333 -1.6702275998256089 -0.0075048924841241 -0.013799785811491072 0.9998632622388045 122.14219665783642
0.999894876795778 2.326841112655631e-05 0.00010613186749670574 -0.23649425723745743 -0.014981163212886978 0.9999217539556817 0.01314923998128369 -1.6733083238063673 -0.008588401779254429 -0.013235811723475101 0.9998602024374779 123.51667020264125
0.9998907834232722 2.21475827018279e-05 0.0001009084753807476 -0.23897454887854938 -0.01575723582975385 0.9999244181432907 0.012499431559216555 -1.6822328474543442 -0.009782287330144092 -0.012603176204317801 0.9998552440781436 124.85054401461238
0.9998863659854543 2.107903600330474e-05 9.596704481806221e-05 -0.24142528253203818 -0.016550356321367053 0.9999254992721066 0.011884429335010393 -1.6877057080974767 -0.010872720017744857 -0.01200655589503581 0.9998493456591914 126.18344045532776
0.9998900548735513 2.0499896537660295e-05 9.314035389657569e-05 -0.24397093104604423 -0.01627957326918196 0.9999318979480295 0.011531852596157783 -1.7051344123977996 -0.011708184276266876 -0.011657272716512786 0.9998425310255713 127.51558633726921
0.9998935704088566 2.195743994714075e-05 9.994317787346998e-05 -0.24643210088080575 -0.016070526075255435 0.9999235510104282 0.012371223819220812 -1.7129344722202349 -0.01272295420231765 -0.012501735450210518 0.999818110262502 128.84388442704628
0.999898392386375 2.3758061346740647e-05 0.00010838716729833766 -0.24901845829051028 -0.015668254734322994 0.9999132364245187 0.013413902065293873 -1.7258871264529505 -0.01359958394773701 -0.013544981748398226 0.9997914132737032 130.21853753531536
0.9999110735332127 2.4746730082509175e-05 0.00011289483948487061 -0.25141927144790555 -0.0141768017533771 0.9999158518162689 0.013970753407669349 -1.7275827802533221 -0.013971632090943813 -0.014080877972885411 0.9997782152542842 131.54063090867513
0.9999197217525337 2.5286251456613576e-05 0.0001153867988369691 -0.25401284471534075 -0.013103228258698568 0.9999174890018119 0.014279295132900865 -1.748478601822713 -0.013973659699340273 -0.01437238286940633 0.9997740394195103 132.88385740720753
0.9999363243824384 2.6627646100459146e-05 0.0001217717374621132 -0.2563721853102407 -0.011005085556290897 0.999914266980101 0.015070311158541272 -1.7419914373986918 -0.01381199650634798 -0.015129663454586287 0.9997654155880658 134.2194735523989
0.9999475090512568 2.67538161659326e-05 0.000122443718090061 -0.2589614030890125 -0.009485581775258056 0.9999163111132986 0.015155558633494767 -1.763789830289169 -0.013230148055400005 -0.015190424970830238 0.9997734149176878 135.55626275907412
0.9999478111665873 2.61138412691337e-05 0.00011937764750733957 -0.2614605138968444 -0.009193275057571466 0.9999223188765832 0.01477974952562543 -1.7726320056819524 -0.012093911761469765 -0.014809192276084975 0.9997955711344981 136.9009265279104
0.9999556718116315 2.8385855545026012e-05 0.00013039236111022702 -0.2639803615758641 -0.00799298937975187 0.9999018198242997 0.016145994248871393 -1.7856211732082174 -0.0110946726858883 -0.016158930828903198 0.9997880793012613 138.2385813619127
0.9999620974818042 2.9045774106707667e-05 0.00013368242139134845 -0.2664683705075538 -0.006956348619529632 0.9998945092293157 0.01655608185701782 -1.7936351379811784 -0.010030477601233986 -0.016557019082759854 0.9997947365909798 139.58078997150332
0.9999714689308649 2.9431227040629254e-05 0.00013574233542835404 -0.26898688224005757 -0.005499008622662437 0.9998875382575776 0.01681427224136691 -1.8018892853209456 -0.008721626853463678 -0.016801583995519117 0.9998052980609333 140.93882100317063
0.999979069353554 2.858960992890673e-05 0.00013187121421077584 -0.2713289908309525 -0.004286748598586644 0.999891611848531 0.016337977079785595 -1.7962462401989088 -0.007524867155280816 -0.016317300262137242 0.9998251965148062 142.26112905700174
0.9999774734853261 2.7865211970439646e-05 0.0001283334839278312 -0.273768400387482 -0.0042541690946330014 0.9998985206580454 0.015902217380966702 -1.7959077653389648 -0.0064957287356714214 -0.015885292823024127 0.9998412214817252 143.61366979383862
0.9999942021434777 2.426768387778222e-05 0.00011162768964248222 -0.2763170352031878 -0.0020107965655133736 0.9999182446947033 0.013835748531058175 -1.8089723017945005 -0.00575620376279786 -0.013804894064293643 0.9998779457199668 144.9669318502441
1.000014360956894 2.253346072468229e-05 0.00010423764736813162 -0.2788569309300329 0.0007432049017427559 0.9999100467237296 0.012922490125041944 -1.8311427748738607 -0.004639241271882291 -0.012880979264750287 0.9998980846458688 146.27474544736484
1.0000903169003128 2.6575368727708992e-05 0.0001289824740850758 -0.28131810190134726 0.01039714409081295 0.9997341569695374 0.015987134482241577 -1.8230855934107986 -0.003654037701011418 -0.0159039212427208 0.9998604804269162 147.67376043689936
1.0001408344294582 2.8055252927280602e-05 0.00014169664439021954 -0.2838154979910437 0.01698984138658354 0.9995642917956914 0.017561731187295673 -1.840599561045436 -0.0022319231103984996 -0.017481056866174485 0.999840926890674 148.97880218298303
1.0001570330728553 2.2648255411702317e-05 0.00011773341086073266 -0.2862548685904188 0.01920086057487777 0.9995541891804139 0.014597015646258765 -1.8523366667575878 -0.00134313878630259 -0.01453152359648982 0.9998912954039965 150.27746960492397
1.000149791808748 1.7718371945031966e-05 9.338103666227783e-05 -0.2888897151698395 0.018310333799425267 0.9996176068051158 0.011581496863822973 -1.8665667717772114 -0.0013040254706204555 -0.011518365265729311 0.9999306238354995 151.67328086582478
1.0001261136707429 1.4314131171776212e-05 7.459324130288801e-05 -0.29131965086731826 0.015137472709092553 0.9997205488042056 0.009252817247920288 -1.8726693084738526 -0.002339789869113299 -0.009173900619414085 0.9999510900652334 152.99185058671486
1.0001292482939084 1.4717260316366582e-05 7.682786499346966e-05 -0.29392728493632336 0.015328357732484624 0.9997135050621464 0.009528896014289927 -1.8886233648982824 -0.0032245924136026158 -0.009428579766201168 0.9999446654079811 154.36490253746376
1.0001503827045828 1.929919618281345e-05 0.00010092433076285792 -0.2963591614827264 0.017863043621814144 0.999618053524888 0.012513740828469039 -1.893647028602852 -0.003626000494659838 -0.01239188946661517 0.9999102758076452 155.68935846466195
1.0002206407775112 2.211242848332122e-05 0.00012486835364587038 -0.29873495921549953 0.026469764746423555 0.9993162697832458 0.015477682900665415 -1.8900540738927774 -0.0041552433036816305 -0.015295778789393762 0.999867097501449 157.02118226186812
1.0002485291729055 2.357723356216125e-05 0.00013697231234882667 -0.30122785616142495 0.029921667466870895 0.9991666982192576 0.016975501014295173 -1.8986422482033154 -0.004206866319095102 -0.016774062553958757 0.999843102232732 158.36353730649708
1.0002541765182376 2.35885788900346e-05 0.0001381088325091602 -0.30379341378660624 0.030641044503307527 0.9991366941741631 0.017116225154216624 -1.9167461661275458 -0.004126463048553075 -0.016914150745078228 0.9998412244853946 159.70369840475172
1.0002466534119676 2.434308832336557e-05 0.00014032753711134952 -0.3062054188299305 0.029475437104983515 0.9991764351004438 0.017389357330285758 -1.9080503590976152 -0.005157993273641023 -0.017154797831314864 0.999830475895117 161.07833155154867
1.0002322825080001 2.4457578188252782e-05 0.00013822975521740502 -0.30856481964861787 0.027413045905150805 0.9992562887104236 0.0171278422406006 -1.9025268964129354 -0.006396229360669937 -0.016862094647826995 0.9998260602709108 162.4096833680316
1.0002128760805729 2.2566038428515484e-05 0.00012573173929628046 -0.31104458128549084 0.02480946087339072 0.9993706617799464 0.01557964807606861 -1.9071024073318201 -0.007259099165024824 -0.015304439814301518 0.9998436434969837 163.76265831478375
1.0002029710713831 2.2157439272731116e-05 0.0001221439656002197 -0.31344690668617825 0.023428388408995422 0.9994219731049987 0.01513419803948558 -1.903408851197538 -0.007932326039417828 -0.01484931737526094 0.9998441696630636 165.10962271048453
1.0001969154797468 2.4139081025819145e-05 0.0001307072505140252 -0.3158808245652747 0.022627040816252622 0.9994302749644262 0.016193538158590315 -1.9036153694035713 -0.008152180430317277 -0.01590979804965243 0.9998257071846486 166.45669153452536
1.0001884311885358 2.451389644948787e-05 0.00013119369780676695 -0.3182776151145141 0.02161137004486402 0.9994599542253969 0.016254056777906617 -1.902681036564931 -0.007982721516056801 -0.015985027733679477 0.9998261816976389 167.7882856203642
1.0001624143434378 2.1521258159953524e-05 0.00011307496782101182 -0.3209198841517808 0.018491057511934382 0.9995816678156341 0.014012274062987466 -1.9194281524505057 -0.007488883928158452 -0.013784810120897167 0.9998636175372257 169.17698294768138
1.0001333006531063 1.812139622403737e-05 9.326131788535701e-05 -0.3235555955146122 0.015010986352031368 0.9996994279029165 0.011559609320415254 -1.931482755632664 -0.006884268000079157 -0.011376688521654233 0.9998993195824223 170.58297493051995
1.0000891387557642 1.6192333025445704e-05 7.960025220720129e-05 -0.3260338430892529 0.009607239498484391 0.9998276427389416 0.00986759721205587 -1.9346976176754869 -0.00652416408183923 -0.009736523734816052 0.9999196765901222 171.9411792271858
1.0000613756138974 1.8731329736221963e-05 8.919163100679865e-05 -0.32857404496528775 0.006080555497084854 0.9998712683356418 0.011055280780144217 -1.9465849699692315 -0.0068754022797714665 -0.010948159079775517 0.9999041742739162 173.2950205431359
1.000011042555305 2.3473568419158514e-05 0.0001085475664407312 -0.3313933147853246 -0.00031921009482884215 0.9999118480193367 0.013451098641835212 -1.9847780414615723 -0.007539293269778616 -0.013393611175170843 0.9998684588064374 174.6861077040919
1.0000053895966847 2.7561933027201238e-05 0.00012786334016599344 -0.33382117699017244 -0.0010373137056094717 0.9998820854089843 0.0158419502430402 -1.9788361335107887 -0.007610908788397433 -0.015790620146829366 0.9998328389922753 176.05724193804542
1.0000289653088175 2.929026392309471e-05 0.00013741316692033527 -0.336404244286129 0.002075358697296085 0.9998359336796158 0.017025347111002433 -1.9856900545367548 -0.00678683219755477 -0.016953647188838007 0.9998212328850739 177.4572705129043
1.0000433916033415 2.9177370079808834e-05 0.0001377680893972224 -0.33892180594658894 0.0041876751457655785 0.9998115133280229 0.017071775438036077 -1.9841638931923258 -0.005356628871084682 -0.017000026533844102 0.999831714032206 178.85839120445974
1.000060296757688 2.288474994927188e-05 0.0001087574571723485 -0.3413483589061329 0.0067880359510359995 0.9998311746854752 0.01348413238850235 -1.9855171469078114 -0.003122844191736855 -0.013427270006574904 0.9998995297698298 180.19626714328135
1.000032785858245 1.6088914768133677e-05 7.490930486568452e-05 -0.34407210592903376 0.003752904079721507 0.9999194209716014 0.009292629997658465 -2.006302522026086 -0.0014216784562449518 -0.009269956792593945 0.9999535901097568 181.61208101378526
1.0000034383112908 1.5118187832759492e-05 6.893258243526935e-05 -0.34662950174610474 0.00021575054925097523 0.9999615424373699 0.008552144796918208 -2.0109713049170406 -0.0009421065408152091 -0.008544490808672261 0.9999614744653101 183.0076365636108
0.9999792053538531 1.742452636798418e-05 7.884690800834368e-05 -0.34904832146210585 -0.0027185817120310455 0.9999702143724549 0.009781064132034943 -2.0139926616430097 -0.000606859421765221 -0.009783149671353393 0.9999510060547294 184.33379055830724
0.9999557001416718 2.290012139619449e-05 0.00010414612444793899 -0.35177974700437425 -0.005697280106790213 0.999946053205734 0.012914854082399146 -2.028410195146797 -0.0008725166625019175 -0.01292347595619817 0.9999147199091354 185.78225481662176
0.9999384303565192 2.7213568238275768e-05 0.00012459224227290874 -0.3544197783451274 -0.007944343093704299 0.9999128893305835 0.015445708091001098 -2.0515336723655566 -0.0013288041704103335 -0.015460311563735264 0.999877424261162 187.14127708208412
0.9999567019414083 2.8064878248801328e-05 0.0001288597430669598 -0.35695650917829164 -0.005709067813995062 0.9999018465904419 0.015973748893271862 -2.0398581943700353 -0.0014799167394491765 -0.015981042884861907 0.9998687594093973 188.59827579487907
0.9999627694134999 2.9481884694888133e-05 0.00013580404913142484 -0.3596050949218999 -0.004925005992371444 0.9998855907389352 0.016833113024379988 -2.051114604971112 -0.0013437290452473773 -0.016838325066359138 0.9998551403739824 190.01495765038817
0.9999878392862172 3.0369109193954802e-05 0.00014075734206401994 -0.36207904837937666 -0.0018491343398411818 0.9998607279445939 0.01744583127020455 -2.054642470993557 -0.0015112864725781011 -0.017440578419960513 0.9998442834613092 191.3693878540282
0.9999988758492314 3.056029859612765e-05 0.00014209348522987303 -0.3647478554031147 -0.0005637793264631381 0.9998490321958798 0.017610848183573457 -2.0598691262854 -0.001891611548955153 -0.01759862373008013 0.9998401824395113 192.82415900674164
1.0000245528354974 3.1644782715707295e-05 0.00014860793180598506 -0.3671794999685553 0.0025383099594243203 0.9998064609582785 0.01841635665118953 -2.0555404157895016 -0.0022784909033768804 -0.01838909824905063 0.9998244623944825 194.19019389987287
1.0000660214541055 3.3653916347360646e-05 0.00016129730456630482 -0.3697694718661488 0.007604758620781525 0.9997097964335505 0.019985272029093188 -2.0520540552426265 -0.0026511622943389416 -0.019932908464186255 0.9997933064137224 195.64015956168382
1.000095022135171 3.4507328404013646e-05 0.00016812972195663915 -0.37240536806543323 0.011130594656267532 0.9996311032454257 0.02082968855687035 -2.06289768254317 -0.0029890986258883645 -0.020756494997047643 0.9997749955952475 197.0516543293745
1.0000815089814836 2.8802924886460468e-05 0.00013893790188362334 -0.37498163782987975 0.00942343807067751 0.9997311660952533 0.01721951138644414 -2.0644181042665655 -0.0031181981684560312 -0.017150958601319766 0.9998426673763576 198.4717032346551
1.0000301602935866 2.1056586911644484e-05 9.807923037811052e-05 -0.37763948675852516 0.003000748031041599 0.9998971970392683 0.012161511503642176 -2.072238127162508 -0.0033218306086887266 -0.012120338212739732 0.9999152062985079 199.90884013626695
0.9999510452633156 2.009072437568135e-05 9.080857380227691e-05 -0.38024257725437355 -0.007129624434601563 0.9999684399603063 0.011259025466583833 -2.071105573820364 -0.004682101471971868 -0.011267697517542823 0.9999172651948213 201.35557440453132
0.9999025456047739 2.64246200675812e-05 0.00012104803452914941 -0.3828079249703893 -0.013436097891773524 0.9999051694319723 0.015001291806089513 -2.069296499871442 -0.005945352667106984 -0.015057791490815617 0.9998584321364581 202.78442236860715
0.9998900406387808 2.9993407594242072e-05 0.00013852176452737908 -0.38538630255451595 -0.015189005208493473 0.9998594098296243 0.01716183710792961 -2.0684688299144867 -0.0068368502023055605 -0.01723837979505354 0.9998159372335669 204.2161101075052
0.9998913976662505 3.118064468831533e-05 0.00014425439981704006 -0.3881825121950508 -0.014920963479998033 0.9998488375269557 0.017871837170278886 -2.081866586575665 -0.0063930726616871466 -0.017943061473353727 0.999807286759157 205.70500184359733
0.9999167971215682 3.176767812792733e-05 0.00014668733363111942 -0.39081688002671344 -0.011470705640942732 0.999861118452561 0.018175120589390685 -2.0869257353607864 -0.005073568076499303 -0.01821341386737445 0.9998123516394352 207.14144635850448
0.9999316732739334 3.1369730726243245e-05 0.00014468056245603585 -0.39341803859589086 -0.00936980777804174 0.9998705510793395 0.017928562252627733 -2.090081301143643 -0.003943433765409437 -0.01795095118566628 0.9998242315514474 208.5679875460821
0.9999279548645761 3.0415573599023096e-05 0.00014004815650180743 -0.396082886631489 -0.009733645293479663 0.9998801156139779 0.017356063271363357 -2.08595369097213 -0.003506601265444482 -0.01737985163543706 0.9998367300065002 210.06228195053214
0.999918402193243 3.0506256696864742e-05 0.00014053837000763212 -0.3987750606448308 -0.010873862761575603 0.9998764879292115 0.01741692448151382 -2.0929640000606193 -0.003300858738004107 -0.01744625300902872 0.9998366464608119 211.52204026287407
0.9999090955294087 3.152803419016574e-05 0.00014560793612584618 -0.4012980087653225 -0.011996916853899168 0.9998615543845998 0.018044164547878234 -2.084437917982376 -0.0031548228126206815 -0.01807874651521988 0.9998261542310685 212.9573607115329
0.9999125977877023 3.1737275971862114e-05 0.00014658275420761663 -0.40398985140892923 -0.011474138640004006 0.9998612876817278 0.018165170543982766 -2.0960338558623186 -0.0027631381151495566 -0.018195821390984097 0.9998258986289431 214.39648562693208
0.9999062379273476 3.0751880410590654e-05 0.0001418743691320415 -0.40670186377638834 -0.01221396681195527 0.9998688979748939 0.01758298202533958 -2.1017740574696964 -0.0025401283691060565 -0.017616135942248104 0.9998372659650273 215.87289523804444
0.9999109787148719 3.0172567388003085e-05 0.00013899605135983995 -0.40932648287343265 -0.011544580010550644 0.9998776583434336 0.017227263987142583 -2.100438800843913 -0.0021805756209604442 -0.017256224539071774 0.9998450353039947 217.3324567739038
0.9999139546380218 3.0280606718714048e-05 0.0001394853597850897 -0.41202673146501795 -0.011048153445215727 0.9998782153687928 0.01728827919537085 -2.103239988695308 -0.0016149045826355038 -0.017313576455229022 0.9998461397871349 218.8154578890467
0.9998938153233762 2.9817992164653945e-05 0.00013758107037371262 -0.4147976858807418 -0.013506593050090852 0.9998718719748197 0.01705280459083065 -2.1169664526696925 -0.0014245912302488634 -0.017085652880101054 0.9998506902087176 220.28889649943991
