1.0 -3.469446951953614e-18 0.0 -1.5585406229479126e-19 0.0 0.9999999999999999 -3.5575383784680614e-19 0.0 2.168404344971009e-19 -2.388632911257127e-19 1.0 0.0
1.0000005914377053 1.1956327172438913e-06 5.3627550915744115e-06 -0.0025724908183114847 0.00020089264314402354 0.9999981306314466 0.0006661498083598322 -0.021923715912692023 0.0005683330602807809 -0.0006705202411875233 1.0000006495569949 1.3269663392242248
1.0000037316296113 1.8269696085791015e-06 8.312126194324207e-06 -0.005051259579434729 0.0006039663497323811 0.999994406432806 0.0010323810811453688 -0.03979067333320005 0.0006267138633196559 -0.001036785216461184 1.0000004127387558 2.620117433890171
1.0000050823833229 1.7037594682058066e-06 7.814561079007559e-06 -0.00768147555635162 0.0008223984123881291 0.9999925545108397 0.0009706554944300802 -0.07027456188431148 0.000852728903856533 -0.0009768058344951725 1.0000007131292896 3.94087943033409
1.0000091166195164 1.959095969355021e-06 9.127681680412255e-06 -0.010140287976638608 0.001231493207448569 0.9999886664469873 0.0011335893262740487 -0.08005080209074288 0.0004428077469088947 -0.001135559261623484 1.0000000731972865 5.259059011668675
1.0000091458291824 2.5770973736717606e-06 1.1901876289901461e-05 -0.012616270900913874 0.001315506676142995 0.9999874280144087 0.0014781125577433142 -0.09010635623546615 0.000801293247498284 -0.0014833531572680404 1.0000000470704922 6.58550260898507
1.0000183012601855 3.993404193278552e-06 1.869297831833352e-05 -0.01529253929841196 0.0023801168793096163 0.999975274482801 0.002321064619883917 -0.12324487294877273 0.00047838156183842013 -0.0023219533317346106 0.9999980872927908 7.919931599297043
1.0000189464525746 4.4374346467312975e-06 2.0727392125515116e-05 -0.01779493368344907 0.002439842226408445 0.9999740279578333 0.0025735546241893994 -0.13891294882638366 0.00038739978334172663 -0.0025734320502919907 0.9999973505225702 9.235973437499444
1.0000157114259471 3.828548048163266e-06 1.7826604715247794e-05 -0.020404303500261938 0.0021628411819591097 0.9999777627958206 0.0022136351166530802 -0.16446628410897868 0.0009437700174813458 -0.002219553394396514 0.9999988276500839 10.56717817620147
0.9999937123765884 -5.118073846833299e-07 -2.50680766626871e-06 -0.023003901992157495 -0.0005810678737669809 1.0000044661202896 -0.0003110617171620575 -0.18988155648270927 0.0008910029603901821 0.000303373948827959 1.0000011613088315 11.893586908976381
0.9999779598423678 -1.5793679685183193e-06 -7.722780991872239e-06 -0.025553315592119707 -0.0025571050185101514 1.000016874460306 -0.0009589488125269019 -0.20818583370527083 0.0008030633976994011 0.0009499624561457614 1.0000006624268263 13.223913361388444
0.9999437836148142 -1.6061420401516924e-06 -8.387462741264902e-06 -0.02816470549443628 -0.00684293485184648 1.0000311578574623 -0.0010415591538724387 -0.22991799129277452 0.0006181648126576266 0.0010284885067552568 1.0000003811675766 14.573277654366231
0.9999457261809387 -1.7930981015268355e-07 -2.0296474800569463e-06 -0.03077394637668606 -0.006707743227364237 1.000031484519247 -0.00025201408639508125 -0.25199770333701127 0.0001451977347102964 0.00023971512070597383 1.000000219392701 15.919901805138235
0.9999571842381473 5.054275264116184e-06 2.1568635162262434e-05 -0.033442080392078896 -0.005358094393835807 1.0000251637988742 0.0026777451968475956 -0.2836901959653486 -0.00018184378250727198 -0.0026870170061101227 0.9999960841664411 17.256274313676904
0.9999945857140822 8.837638567288711e-06 3.967339439940121e-05 -0.036178515519872764 -0.0007005219341653891 0.9999931984815219 0.004924309539975686 -0.31702624678848196 -0.0001253944147641226 -0.004924928565179747 0.9999877097647771 18.623144852582165
1.000007359576987 5.995810236185395e-06 2.7246769204736666e-05 -0.03884344522384715 0.0009622055751593601 0.9999860186129083 0.0033826042421308713 -0.34659844581725563 0.00021501651515587884 -0.0033830425590743486 0.9999946917520185 19.967198270147318
1.0000168507865246 1.488142918122659e-06 7.366253835870262e-06 -0.04130039000510629 0.0021016743742506543 0.9999804365317071 0.0009147458448560751 -0.34846067019779553 3.997497172436885e-05 -0.0009114305810182249 0.9999996692708617 21.31963649106888
1.0000010986344485 -5.196669549314276e-07 -2.2742084582316052e-06 -0.04417164100379156 7.555104676900196e-05 0.9999993529848552 -0.0002825637059498736 -0.40327347435461103 -0.00027153841959089695 0.0002849245382375862 0.9999994281443451 22.665396023210945
0.9999846023985028 2.351210186508218e-06 9.999521752730332e-06 -0.046560923053368 -0.002128259714086561 1.0000140836216818 0.001241185060524652 -0.3925542212291748 -0.0009633590724230283 -0.0012393766456989103 0.999997046632692 24.036468045469686
0.999982079441432 9.897368853086994e-06 4.411708499141016e-05 -0.04926961978430774 -0.0026169479961650564 1.0000025816266331 0.0054745452848034126 -0.4163520484020725 -0.0017453894310110634 -0.005470000007948304 0.999980444381391 25.430512330547995
0.9999939859574968 1.1357189528583833e-05 5.1192718803161775e-05 -0.05195241819745184 -0.0011714157444456712 0.9999884785261729 0.006352001688980293 -0.4422395704906491 -0.001893205761513182 -0.006341393908086298 0.9999747749165327 26.80089409781824
1.0000279507501857 1.05349127471812e-05 4.894573548504624e-05 -0.05470589304725165 0.0030555668041513436 0.9999521940454391 0.006073386836594457 -0.4770474707363345 -0.0018536398870100345 -0.006047800652007181 0.9999767349526728 28.17063804113275
1.000029451515997 6.5997702361139665e-06 3.1062282453652584e-05 -0.057158851287763913 0.003246983928165338 0.999961095738625 0.0038548973096369636 -0.47751931892618343 -0.0018311815098365377 -0.0038286819445355964 0.999987743391547 29.527068836572596
1.0000315889039715 3.1905337489045865e-06 1.576774275806542e-05 -0.06008871659015649 0.0033771099080070425 0.9999651619110055 0.001956148206791458 -0.5286633674954191 -0.0024346383493684415 -0.0019223928735364261 0.9999908206856413 30.92165206757784
1.0000126338139628 8.924403420759036e-07 4.506414221317661e-06 -0.06249746733725385 0.0008978593315186866 0.999992203740703 0.0005574088425186085 -0.5197030607357693 -0.002992998197013155 -0.0005290328872746766 0.9999899848898365 32.29566242163022
1.0000013925996452 -2.1050398073263477e-06 -9.309259231982114e-06 -0.06538877951774118 -0.0006266774443612066 1.000004194681332 -0.0011591537830033475 -0.5681787653174721 -0.003565974677652222 0.0011845519161109682 0.9999864847225542 33.680793202111715
1.00000130921557 -1.5088944061453918e-06 -6.66621209816109e-06 -0.06788041782470579 -0.0006798019624734601 1.00000490946855 -0.0008310698673263571 -0.5651834144574188 -0.0037567054407296767 0.0008575731428850436 0.9999857806414857 35.074108557938295
0.9999980667037508 1.05517003810493e-06 4.639983095822272e-06 -0.07077006084299974 -0.0009574103396967574 1.0000070778424603 0.0005737677382871512 -0.6113218801755071 -0.003198898077785153 -0.0005528264447286479 0.9999889631501216 36.468737947138074
0.9999942605655693 2.864395463153535e-06 1.261292574131277e-05 -0.073264735835642 -0.0014045047201675168 1.0000090772061636 0.0015638290001665045 -0.6067528620093237 -0.003084766981741204 -0.0015459231971625318 0.9999885000910325 37.87075298583723
0.9999767348469911 4.127978365610352e-06 1.7773620006474988e-05 -0.07599278274411704 -0.003435116978632132 1.0000192958288912 0.0022051325326371274 -0.6323600628037513 -0.002434035160297076 -0.002200169568858082 0.9999902546982675 39.26744507893144
0.9999535805928865 4.911467905186623e-06 2.087639163242806e-05 -0.07882776169954916 -0.006476717085896396 1.0000277849545482 0.0025894906188576056 -0.6723423842874843 -0.0031745791645817626 -0.002596236046999292 0.9999858968013468 40.65925325246487
0.9999303575651881 5.163687170057704e-06 2.1884401565645546e-05 -0.08156158497853415 -0.009314911575065699 1.0000278928640147 0.0027148171233362427 -0.6916281872244299 -0.0029699349860556057 -0.0027354427679127506 0.9999865259310363 42.08733513747907
0.999929482618409 5.412590842834505e-06 2.301008943119396e-05 -0.08415695109901816 -0.009383072912401152 1.0000274127845772 0.0028547191868735066 -0.7031873580577355 -0.0027893278792282886 -0.0028754353666531705 0.9999869813952276 43.47319190694921
0.9999315593271194 5.621323983765955e-06 2.3952242873166068e-05 -0.08696408187703338 -0.009050071824303518 1.0000274573928412 0.002971982795613013 -0.7317172310938123 -0.0024544453009659314 -0.002990840229437927 0.9999881272363833 44.90064962076173
0.9999324530446931 4.636275713695501e-06 1.950307173877912e-05 -0.08974653127418905 -0.008734389528216957 1.0000292176579193 0.00242055080678251 -0.7638732205466376 -0.0015416145303612913 -0.0024374356561622634 0.9999930932197384 46.29826704032647
0.9999319672170719 5.9029433061175834e-06 2.5226359065047164e-05 -0.09257923113556024 -0.008578838893302632 1.0000273277331162 0.003131506134464515 -0.7945036723982832 -0.0005788590988867 -0.0031473891953333476 0.9999938800382087 47.73051816600567
0.9999286806875288 7.256171267918873e-06 3.1365179544195045e-05 -0.09525227291544565 -0.008768376927142043 1.0000245213437675 0.0038937046632848333 -0.8136098738073023 0.0003960815467155981 -0.003909369954334054 0.9999930518729699 49.1257380503501
0.9999201087445753 7.477602573876738e-06 3.2407649077235024e-05 -0.09806761552727415 -0.009610136206241038 1.0000230489203534 0.004023258265577447 -0.841727461210614 0.0013896532970694977 -0.0040385727991524125 0.9999934470408757 50.55958237941431
0.9999183259970253 7.696734602956334e-06 3.341672687361217e-05 -0.1007994143736976 -0.009561369460679195 1.0000226105373762 0.004148412919871737 -0.8551595237265774 0.002594480020234401 -0.004161890860916793 0.9999927183744987 52.012648150747665
0.9999109120946836 9.61490709964867e-06 4.2235885311569556e-05 -0.10357636507778371 -0.010247426137736312 1.0000161874713227 0.005242214063440045 -0.883504122232798 0.003641052540609508 -0.005252886659847984 0.9999862249892517 53.42421731452966
0.9999210578946738 1.052657776040751e-05 4.6317230047725156e-05 -0.1062952591830921 -0.008820197700756316 1.000015515726045 0.005748084169094015 -0.8958856291293447 0.00438675614096447 -0.005760797801860995 0.9999817884624971 54.87482099641617
0.9999420175476303 1.289330277270441e-05 5.719464536781279e-05 -0.109013507644522 -0.006152943022187661 1.000005326267111 0.007096828791648777 -0.9223119114139207 0.004673333127794964 -0.007117014291723614 0.9999722945788667 56.26243362245027
0.9999490647909698 1.2675259351956764e-05 5.6244077604465604e-05 -0.11181517308714456 -0.005188747147268734 1.0000038638645095 0.006978684735723421 -0.9497444154210353 0.0050702069186213524 -0.007002775801259102 0.9999718824821336 57.691758219885365
0.999961331974525 1.3081301331886383e-05 5.828057930390711e-05 -0.11459097477361399 -0.003698243397990056 0.999996687065365 0.007231294495525056 -0.9696621431853452 0.004923193129572262 -0.007259661554923478 0.9999705234197882 59.140271126903656
0.9999623617983026 1.3936193469598832e-05 6.224895340611923e-05 -0.11732358925683344 -0.0035682470596572298 0.9999924264070077 0.007723295673609516 -0.9944964327160908 0.004932566370662755 -0.007752131704945292 0.9999668047535535 60.54293974621998
0.9999792266752873 1.5155838209752678e-05 6.827907135477243e-05 -0.12005066440240722 -0.0016202149539434147 0.9999757268956657 0.008471225842609745 -1.0054574256285427 0.004279561103585263 -0.008502086519744009 0.9999625493313296 62.00440924053528
0.9999992631583514 1.4850198231173076e-05 6.7521325790738e-05 -0.12275861525913194 0.0008574242048624194 0.9999575136465851 0.008377313862415822 -1.0265203997893375 0.004231821021765274 -0.008414035310984662 0.9999634098022228 63.41023666680102
1.0000056868144775 1.29646058220894e-05 5.905209535466815e-05 -0.12548555047797588 0.0015321895380553431 0.9999595325251137 0.0073276387209651895 -1.0488653495090505 0.003683327487554096 -0.007360724241862648 0.9999728831024618 64.8208612612531
1.0000078336522256 1.2951182393283397e-05 5.908212432068679e-05 -0.12825837741708238 0.0016037987734139857 0.9999588140917037 0.007331656417109029 -1.0681565519016862 0.002813678275716284 -0.007356493766926179 0.9999741691437108 66.27052067353577
0.9999953800081411 1.263910945346891e-05 5.714509029092966e-05 -0.13088539624884027 -6.266849302372958e-05 0.999975252340524 0.0070915821207091076 -1.0862473367991812 0.0022792411778641596 -0.007110349429053247 0.99997634210534 67.64477972921992
0.9999728649676815 1.5595150946814268e-05 7.015848185175084e-05 -0.13373504162210723 -0.0029964342634585537 0.9999816212130015 0.008704896883414607 -1.1105315147404027 0.0016655714137985343 -0.008719107407315936 0.9999637346372953 69.11471744852072
0.9999484328344349 1.7631628136614494e-05 7.9246075312428e-05 -0.13635684263092554 -0.006236556525030578 0.9999822980489419 0.009831030331184813 -1.1298289901209342 0.0007474412247181735 -0.009843962112312884 0.9999527601938378 70.48070538440987
0.9999164805687215 1.9564387603525357e-05 8.829539093217699e-05 -0.13917346994561705 -0.01043895868080717 0.9999694308316921 0.01095187213420004 -1.1563235339175169 -0.00029711560626746714 -0.010971774750397281 0.9999393869814415 71.92249928272373
0.9998909871748952 1.8735209821565263e-05 8.48200311002168e-05 -0.14168642502941578 -0.013665463618808018 0.9999611527180149 0.010521147271330075 -1.160056574188252 -0.0005667549221367904 -0.010549463487794657 0.9999433221242569 73.29761498018102
0.9998617935281178 1.780232522090655e-05 8.139015388979455e-05 -0.1443246044354938 -0.017473183478353416 0.9999369170719625 0.010095628983264068 -1.1781551987012888 -0.0013790243160797801 -0.010140879245233214 0.9999452863994028 74.67802019543666
0.9998534333045206 1.7763358606771515e-05 8.156804367283766e-05 -0.14701891292171132 -0.018703694031098655 0.9999243491661922 0.010116948166474751 -1.1882808387882478 -0.0022363686705166325 -0.010175345447459757 0.9999418388572532 76.12506765839962
0.9998489666996312 1.8510621416946774e-05 8.527915226681044e-05 -0.14961661994751618 -0.019336663593125684 0.9999126440115901 0.010576416934148283 -1.2041990046801978 -0.0025853687067752974 -0.010641405824112065 0.9999355227920369 77.49278171739957
0.9998534745812077 1.9053998290073648e-05 8.761858223633665e-05 -0.1524343420440947 -0.01879736478822122 0.9999154743615448 0.010866164769108387 -1.2369271984473635 -0.0026769592339289765 -0.010929725047728076 0.9999320107003227 78.90738262770562
0.9998607659692099 1.6828807110486066e-05 7.688195444704397e-05 -0.1549092306583671 -0.01775678192976319 0.9999397025982112 0.009536420108129488 -1.23771792723365 -0.0020746492902781544 -0.009589288271608145 0.9999482628804052 80.27453717358841
0.999861998148067 1.7077163144424076e-05 7.799129226565343e-05 -0.15766701875595535 -0.017590955079945136 0.999939975323322 0.009673944017909159 -1.2672007678308446 -0.002017559243178279 -0.009725620393848673 0.9999471680667819 81.67041735274597
0.9998686401979925 1.839237664610742e-05 8.388890490284976e-05 -0.16024047376292233 -0.016704699750912138 0.9999406873714337 0.010404960405361817 -1.2787796942789569 -0.001743855310559171 -0.010450856728183147 0.9999408708007189 83.04405087131379
0.9998673097532078 1.668546456795421e-05 7.595620739171368e-05 -0.16280379312668253 -0.016815952275118076 0.9999494767621153 0.00942217396381169 -1.2877263935354668 -0.0015031448994371787 -0.009466311661454285 0.9999514871564479 84.42380947921684
0.9998720165167758 1.712020787308921e-05 7.781597001457708e-05 -0.16536656137037928 -0.016049158642851558 0.999953696976283 0.009653192139500513 -1.2924593493559442 -0.0006903571731789262 -0.009688267594402049 0.9999517235469827 85.8220542860859
0.999866127258606 1.7871062135577098e-05 8.15410831453197e-05 -0.16798622371272112 -0.016485327928446807 0.9999455377566026 0.010115354971072176 -1.3117434123881702 0.0006262005302652546 -0.010140503745707302 0.9999496656053256 87.18691756597133
0.9998737385376032 1.9876637028659258e-05 9.068066624701491e-05 -0.17054738823733936 -0.015311367155823229 0.999942635691005 0.01124786578281933 -1.3195528189014416 0.001646149928769067 -0.011264203980998373 0.9999383376776438 88.57055456948228
0.999891529032079 2.1489373323229505e-05 9.777601229743558e-05 -0.17326983117823594 -0.012884889816735003 0.9999470242760489 0.012126681566869977 -1.3487798610828505 0.00261415871506106 -0.01213782323499557 0.9999278131097715 89.94800009838221
0.9998964508641702 2.227814282262236e-05 0.00010139964509559159 -0.1758890374204618 -0.012036541132192855 0.9999452189727502 0.012575154088006073 -1.3637533331998526 0.0036715332853670844 -0.012582722533632844 0.9999209058466342 91.33183409948839
0.9998996002795854 2.1280488862960786e-05 9.661714998326193e-05 -0.1784455089718635 -0.011558163899286608 0.9999542956400594 0.011982664977368876 -1.3740365882991403 0.004060626145602548 -0.011989708571340208 0.9999273818657526 92.70183969984187
0.9999145021482908 2.129467260830395e-05 9.646740499501694e-05 -0.18105451260966787 -0.009702121801159829 0.999959304707858 0.011964094743341536 -1.3999690271140717 0.004084569614861558 -0.011975225808135497 0.9999275009205096 94.03115100187253
0.9999171238299769 2.062101870353196e-05 9.32636819723073e-05 -0.18357468040716074 -0.009316127344292236 0.9999645442434464 0.011567122185098975 -1.4042056968065038 0.004353953829802724 -0.011578766442771407 0.9999315143152347 95.40801539119279
0.9999214432675497 1.9714519053267918e-05 8.896377032829579e-05 -0.18613710682381304 -0.008809617421935282 0.9999710835398644 0.011034533504453204 -1.4187694488903038 0.004220506368256789 -0.011047552510896421 0.9999378479194754 96.76222988653359
0.9999117590903687 1.877626810433894e-05 8.464399884158163e-05 -0.18870731671282068 -0.010076792492752213 0.9999750889542933 0.01049950213742043 -1.4355594063950199 0.0039329068281945215 -0.010510053577835908 0.999944287307994 98.11082725433249
0.999896820817269 1.8658009410057325e-05 8.43291647315554e-05 -0.1912142315053709 -0.011972652680876696 0.9999698602454923 0.01046058458199591 -1.4433584108350974 0.0037515543607027743 -0.010467875454973305 0.99994509851905 99.46446522616868
0.9998954062960225 2.0915735482402234e-05 9.49792616950669e-05 -0.1937668728414796 -0.012196810145907294 0.9999542628001448 0.011780026792361288 -1.4571138484849213 0.003535323278602737 -0.01178784170013581 0.9999308258056411 100.8168651220649
0.9998952034035552 2.400233375032118e-05 0.00010961594380047611 -0.19623027294587922 -0.012244936845015894 0.9999310374153999 0.013592649218303644 -1.4711558783100556 0.003433068548195659 -0.01360088391259956 0.999908006492958 102.11856199345354
0.9998981835182525 2.237651986829875e-05 0.00010183064160969031 -0.1988692235231402 -0.01183904593176242 0.9999453127082504 0.01262855942543223 -1.49068082386 0.0035926692644745258 -0.012636789202107555 0.9999203688764474 103.49303355071778
0.9998981183149299 1.84325910058368e-05 8.324659448576198e-05 -0.2013318363742898 -0.011896481222139776 0.9999715507360314 0.010326597082335446 -1.5017566238147402 0.003372645223315894 -0.010335491931363504 0.999947139326399 104.80752248439302
0.9999040056898252 1.5824884097698916e-05 7.096765074351432e-05 -0.20382418286318205 -0.011142797433886305 0.9999887443794692 0.008804891116198962 -1.509650076458932 0.0034731045451966217 -0.008814575585032626 0.999961518260477 106.1526708172714
0.9999176957219266 1.826159236723024e-05 8.217284140363181e-05 -0.20642634470601842 -0.009549337454411546 0.9999791872885501 0.010193659260391999 -1.5333662040171756 0.002997206078308642 -0.010206731196738806 0.9999489779742067 107.48807665749746
0.9999445462813672 2.1857162445987344e-05 9.908466003105232e-05 -0.2088168012105296 -0.006303619388089349 0.9999551971021241 0.01228874796262886 -1.535154259044527 0.002600881116609192 -0.012305070675891355 0.9999257820295386 108.80402208166579
0.9999577894750034 2.3635933597493733e-05 0.00010767261074986004 -0.21151661885101977 -0.004889975212546171 0.9999380740699017 0.013352303973847193 -1.5622997120074666 0.001570558780553284 -0.013366578187839599 0.9999124597668377 110.17821988462224
0.9999621015055369 2.229897740271998e-05 0.00010139698177821549 -0.21394112793890596 -0.004436926666709881 0.9999466261343561 0.012575158216189002 -1.5732585788478979 0.001202799547123953 -0.012587986143669083 0.9999223992958595 111.4721270764368
0.9999523663051154 1.787534764623698e-05 8.042790002500645e-05 -0.21646244752113475 -0.005868214475684769 0.999980110458649 0.009977321220759852 -1.584555079417677 0.0002115883831185605 -0.009988698280017272 0.9999506164201508 112.81814564715336
0.9999292891780611 1.4609402444678773e-05 6.51021684536558e-05 -0.21907550404059406 -0.008948879310725567 0.9999992718016892 0.008077397829114149 -1.605463364698501 -0.0007458826869362189 -0.008094451217954726 0.9999657320704718 114.17210707710552
0.9999083703959091 1.350290666871784e-05 6.013843677526022e-05 -0.22145751917274764 -0.011865393018747915 0.9999971998333476 0.007460962207460869 -1.608602316647593 -0.0021666802034211946 -0.007490874783698819 0.9999657924806197 115.47735296897804
0.9999061803809901 1.752143382276021e-05 7.884364058864278e-05 -0.22409978610912623 -0.012484109609964687 0.9999746433791559 0.009777821833722536 -1.6302316769172434 -0.0037129743485293095 -0.009817069039676916 0.999938356453407 116.84427648596322
0.9999023980851778 2.094345566176943e-05 9.497517206153382e-05 -0.22644036709282622 -0.013105627982789494 0.9999501359439776 0.011775461416606164 -1.6316218019679753 -0.00438990172398227 -0.011821598065896709 0.999912731236238 118.13437367410502
0.9999063818032774 2.2602730190161846e-05 0.00010276041579408788 -0.22906432691475295 -0.012838379298043857 0.9999396364412212 0.012738129263152723 -1.6495267824952067 -0.005404414978251425 -0.012787386114890557 0.9998940599783952 119.50776714712161
0.9999080967803438 2.169177976498078e-05 9.842164086510384e-05 -0.23155674107002985 -0.012853131030641668 0.9999462961170218 0.012199034349380666 -1.663942179156197 -0.006420016123928456 -0.012253170347742568 0.9998929025273237 120.82386797538796
0.9998978982510398 2.164214508422989e-05 9.83596208238189e-05 -0.23399876409020887 -0.01439537222036049 0.9999378248190228 0.012188866451482521 -1.6742113513387276 -0.007649422284117782 -0.012263459141786967 0.9998819071001454 122.13055073492787
0.9998858560948495 2.0807032079760146e-05 9.469673150584333e-05 -0.2365418682682692 -0.016182067587190912 0.9999303620720832 0.011732185812150091 -1.6806179816338467 -0.008947919989643437 -0.011834224568655538 0.9998739514419756 123.51044104016795
0.9998811444113576 1.9455135387596786e-05 8.84629238713376e-05 -0.23907279403744452 -0.017055927254045207 0.9999316848055486 0.010956650608250606 -1.6957562864831475 -0.01023544996477203 -0.011079597561743804 0.9998679111915404 124.84464711205966
0.9998774224465747 1.8735357926596974e-05 8.519683199346962e-05 -0.24150976154732126 -0.0177297261688401 0.9999297762066296 0.010549335900105301 -1.7014822295807197 -0.011178938851487253 -0.010689470852443287 0.9998603452578119 126.16879073995058
0.9998829949288176 1.8237108619426762e-05 8.26938154070598e-05 -0.24407232296808307 -0.0172686712263201 0.9999373930311306 0.010236097003691741 -1.7189759657711252 -0.012209075839095494 -0.010379555101654789 0.9998496976777126 127.51001357440931
0.9998848613042571 1.9219999027741616e-05 8.725220603671689e-05 -0.24651994734011323 -0.017206245093935785 0.9999320435922543 0.010798411655420403 -1.726091732807144 -0.012964347675701808 -0.010947770699661885 0.9998327739297889 128.83386135049176
0.9998874859401293 2.0949708245282875e-05 9.532698432194596e-05 -0.24913510929490876 -0.017072516060256025 0.9999219762336798 0.011795729805783648 -1.7434594927548037 -0.013821591610179079 -0.011950640799042981 0.999808273199053 130.20477801928953
0.9999063409666642 2.2249173755997664e-05 0.00010108533478113912 -0.2515521520526384 -0.014826755242743912 0.999931055431724 0.012507474448435025 -1.745852433009316 -0.014249073944816431 -0.012629841557526294 0.9997931608094469 131.5327503306795
0.9999140576198503 2.252933572101032e-05 0.0001023146721204377 -0.25417191452705257 -0.01387490949116922 0.9999351347216917 0.01265965270327425 -1.76838695401208 -0.014278019080824322 -0.012766813336606724 0.9997909579032398 132.88317346487392
0.9999328526179002 2.3766228648733345e-05 0.00010809537684668981 -0.2564830604139166 -0.011515937196521178 0.9999367543159092 0.013375969857901043 -1.7572759595576661 -0.014167382489836917 -0.013444625713529192 0.9997838563073911 134.21271790947833
0.999940917710418 2.4279220018774347e-05 0.00011056148446697881 -0.25912331110910203 -0.010384342432910323 0.999935870294628 0.013683399444503296 -1.7868047341565767 -0.013587704698629218 -0.013732680820860477 0.9997890384304785 135.54329687285136
0.9999438770933023 2.3205873645633368e-05 0.00010547351129727408 -0.2616014502781291 -0.009750382153462214 0.9999455286359136 0.013057380326688515 -1.7921961014202732 -0.012399533648030422 -0.01309515171469784 0.9998151700259221 136.8917348817095
0.9999552343585596 2.5288077890556898e-05 0.00011551258041963522 -0.2641135701611681 -0.008142272550566824 0.999929905568048 0.014303104737462737 -1.8040340041024776 -0.011518132502156714 -0.014318022029093158 0.9998105574174809 138.23024392009833
0.9999580220844678 2.6256359822160458e-05 0.00012018785442117325 -0.2666606831127665 -0.007499016781957038 0.9999212460404976 0.014885610551804635 -1.818168374118789 -0.010193437984013308 -0.014892908464920628 0.9998189431634965 139.5778921306643
0.999965630679482 2.6660603699242905e-05 0.00012226186637968157 -0.26918859054401084 -0.006321096874373669 0.9999160016549676 0.015145026723516128 -1.8294867400774657 -0.009154346113062213 -0.015140180657104254 0.9998271631744384 140.92746177521678
0.9999694259824797 2.5985772086822498e-05 0.00011910654290122388 -0.27157727683629235 -0.005542826793436395 0.9999201503110117 0.01475763269906171 -1.8283779125330857 -0.007785579410380289 -0.014747933875024051 0.9998470872065235 142.25534560599723
0.9999678299639111 2.532237896866671e-05 0.00011589735945234398 -0.274052096345755 -0.005520151020503638 0.9999258547055255 0.0143623728673816 -1.8327494588796844 -0.006800523979058361 -0.014355084231345372 0.9998617627799986 143.60649301941962
0.9999831924168752 2.1401447858721348e-05 9.76530592230703e-05 -0.276592779291121 -0.003470047104129158 0.9999484785536477 0.012104509373960026 -1.846054243215084 -0.0061662386353915225 -0.012082641569275717 0.9998970307143484 144.9542796496929
1.0000087935884563 1.952968284235114e-05 8.9784893701672e-05 -0.27911710646757587 -2.7044319654920962e-05 0.9999380903169401 0.011131873270257189 -1.8650036552292346 -0.0049908059801064995 -0.011092318836037536 0.9999171729813139 146.26783533818346
1.0000838827108196 2.3642136102834665e-05 0.00011431973706153863 -0.28160739570998194 0.009466786738442081 0.99977830632762 0.014171522547274428 -1.8630476901352953 -0.004239537576453814 -0.014082506697239651 0.9998843979890693 147.655768334346
1.0001297071833402 2.5621169787208575e-05 0.00012856967651451046 -0.2841841930269671 0.015506884227322092 0.9996275918326777 0.015937141875619714 -1.8892794481617283 -0.002682592543224025 -0.015850685416337426 0.9998661574458326 148.96590780577617
1.0001519025832821 1.9753645630893324e-05 0.00010327327768784762 -0.2865520160366487 0.01844310272959055 0.999599136626568 0.012806296774705326 -1.8923831745120707 -0.001880956458270784 -0.012727940628865689 0.9999140158215087 150.26345068884274
1.0001423289888234 1.5008847326223457e-05 7.9733732929813e-05 -0.28922856352484616 0.017294018093202378 0.9996620814818039 0.009890392136176283 -1.909817491190897 -0.0017031696055803986 -0.009819397349223356 0.9999474055068931 151.66806802357726
1.0001157719458942 1.1615587277911607e-05 6.0944447228391966e-05 -0.2916983131952388 0.013749341746828023 0.9997660409645888 0.007560473494865118 -1.9229614050512638 -0.002802625939017901 -0.00747647669028078 0.9999631716364051 152.9772867084592
1.000121721799853 1.200605498557876e-05 6.338817971724016e-05 -0.2943079153014443 0.014261404475127417 0.9997524101279717 0.007862329922702558 -1.9388848211824163 -0.003814292605114484 -0.0077535190086887645 0.9999558920798417 154.35156526994706
1.0001496257711704 1.6210045007384113e-05 8.626640525582151e-05 -0.296697168777552 0.017642895897734885 0.9996448525931536 0.010697347492375553 -1.9384775502723297 -0.004188545308870258 -0.010561496318564416 0.9999280438789779 155.67663459543903
1.0002182368291552 1.89628602376736e-05 0.0001094004871350846 -0.2990792863091851 0.02603448738943457 0.9993590748014536 0.013562073580667838 -1.9368072116916315 -0.004764995836467851 -0.013360545086022467 0.9998909802177143 157.0033845046842
1.0002323086539053 2.0507473289656936e-05 0.00011921342187615181 -0.3016630572904053 0.027790460639916803 0.9992803871749733 0.014777029557362278 -1.9537611494370544 -0.004727607391116316 -0.014566918373879 0.999874395244025 158.35876120575713
1.0002399118376544 2.0974984335016267e-05 0.00012282695706403168 -0.3042656789186528 0.02880458867014902 0.9992367667984132 0.01522473969053485 -1.9774756765148591 -0.004415957772142062 -0.015020370078287762 0.9998696804820613 159.69442882883908
1.0002362736097805 2.1452798485409666e-05 0.00012445811759987323 -0.3066532684168981 0.028098935314024763 0.9992594715771267 0.015425038790658513 -1.966646077538867 -0.005547879815351871 -0.015183747200708425 0.9998595313271635 161.06505554991156
1.00022140079138 2.157447744933344e-05 0.00012241662465762248 -0.30906768039679083 0.02599487743773602 0.9993372794199539 0.01517040952113194 -1.9678032896345095 -0.006693952853670544 -0.014904148809615965 0.9998546485977131 162.39708164356742
1.0002026177317456 1.956502048310743e-05 0.00010970104398342652 -0.31152887167772286 0.023411268374385452 0.9994446720304743 0.013594010996935536 -1.9702627382705393 -0.007812981820324813 -0.013312317010996484 0.9998669479311721 163.74920837062868
1.0001931698182027 1.87617067253492e-05 0.00010440413051130619 -0.31389252318773286 0.022092761128293392 0.9994940455548659 0.012936674183771516 -1.9617011787662169 -0.008460351277407838 -0.012647229397570013 0.9998691350104668 165.09646293603527
1.0001891479325704 2.0746493944788155e-05 0.00011323165249179376 -0.31639616687571687 0.02151940873818526 0.9994964225928099 0.014028982263101501 -1.969673278391783 -0.00878978639470407 -0.013735874221190901 0.9998513511945929 166.44751732663664
1.0001807385731591 2.1091160351455196e-05 0.00011361843571614611 -0.318785248832451 0.02056776090589913 0.9995234396933085 0.014077763248797504 -1.9683452241209969 -0.008376313419459575 -0.01380627836948602 0.9998546785481806 167.77659794445216
1.0001637424535674 1.8107426810853866e-05 9.70509132461122e-05 -0.3213971782039629 0.018508083177367324 0.9996071095485534 0.0120265511171978 -1.9818264890067774 -0.00814851136588418 -0.011780650723699713 0.9998828611686231 169.16305634029177
1.000136025374258 1.4878303921385741e-05 7.836698369345315e-05 -0.32408523657600063 0.01522309314544707 0.9997141859890842 0.009713094616939043 -1.9997061931242184 -0.007447412620349632 -0.009514734777971363 0.9999136911919796 170.57206257897238
1.0000857027663494 1.265232531686214e-05 6.282757867832802e-05 -0.32661257247827064 0.009062634002145043 0.9998555091210893 0.0077876326304467435 -2.0098277167278624 -0.007049890836963353 -0.007651670545884828 0.9999332559349432 171.92665307718576
1.0000645821253693 1.5013055204564363e-05 7.204205522356208e-05 -0.32911745257877556 0.006359986896160887 0.9998885593974797 0.008929127331010667 -2.016953355922599 -0.007405141507475592 -0.008811736662316659 0.9999205135330618 173.2821670752522
1.0000282437048826 1.9920637573413863e-05 9.26083163803632e-05 -0.33186839867284634 0.0016781837085768862 0.9999190574092268 0.011475804138378615 -2.0489299737131907 -0.008158406890908862 -0.011393721728829478 0.9998872409306336 174.663136769506
1.000009242387122 2.42052365402156e-05 0.00011194989699670529 -0.3344151707343053 -0.0006747564728327307 0.9999087899455087 0.01387108752203359 -2.0584760267273166 -0.008127875776749333 -0.013812472512434722 0.9998570921336042 176.03105804394878
1.0000334896176457 2.6214786592634876e-05 0.00012284984029083232 -0.33701283871963694 0.0025270246256737707 0.999860361810705 0.015222260079072123 -2.0662870764081376 -0.007278324519677287 -0.015141400429065968 0.999845948973243 177.43490462725026
1.000047606014358 2.5651514578839407e-05 0.00012105821111171975 -0.3395434615177121 0.004550485323264365 0.9998402247137583 0.01500279765325956 -2.066754020648021 -0.006072746104440208 -0.014919242996414867 0.9998595113962928 178.83437067093618
1.0000626125863146 1.8927335958625682e-05 9.020736551836311e-05 -0.3419755494477277 0.0069420026221967655 0.9998572644620721 0.011186030790875738 -2.0693573184630867 -0.003718808855277084 -0.011119165329498972 0.9999247116938208 180.16973742933527
1.0000385514856842 1.2775545077730807e-05 5.987689362846305e-05 -0.34472559141391507 0.0043243126433550085 0.999928124350907 0.007428726876204459 -2.092663844145519 -0.0020666578286945327 -0.0073960822559749695 0.9999668890305647 181.5888711549507
1.0000070380951798 1.2035158016310624e-05 5.482309331825597e-05 -0.3473662141811383 0.0005882045951468868 0.9999718517513329 0.006802669771273751 -2.108339258429902 -0.0012748141527921867 -0.006791024883828219 0.9999739250820938 182.98143603399728
0.9999848140367072 1.429720340811319e-05 6.445754252147216e-05 -0.34977178325890296 -0.0021174964416686218 0.9999827109990735 0.007997346435655016 -2.1099749262214837 -0.0010325723690589414 -0.007995398191816296 0.9999657549641069 184.30643091528526
0.9999596345966287 1.941387656923671e-05 8.77426003476167e-05 -0.35252878830449 -0.005417688903913913 0.9999695706946388 0.010882460584858318 -2.1264501744085256 -0.0018047040837856248 -0.010887792689592187 0.9999359972021368 185.75988551144874
0.9999461244303883 2.3611066225231667e-05 0.00010741660047004038 -0.3551275902915396 -0.00715519873913069 0.9999431162528608 0.013318939682755989 -2.1440485473006827 -0.002070820224896461 -0.013330319855610158 0.9999054573587084 187.1207130199377
0.9999634643740501 2.4484125406943474e-05 0.00011180810808271327 -0.3577089936185011 -0.005039547249381849 0.9999315844500118 0.013862544622384265 -2.1378430381000872 -0.002239426033858229 -0.013865277639945868 0.9998975223015844 188.57805930250865
0.9999681295705531 2.5592361384366505e-05 0.00011719491354680433 -0.3603553140462354 -0.004430373158731014 0.9999200840752186 0.014529538752821692 -2.149025307500107 -0.0021065303162703924 -0.014530344496227211 0.9998886172140447 189.99381718287464
0.9999963705435216 2.6702840232055783e-05 0.00012336150303321057 -0.3628411248367676 -0.0010088951516500962 0.9998904481899485 0.01529252461040641 -2.1534725846911953 -0.002489104003446969 -0.015277529874845633 0.9998759207279068 191.35071423047816
1.0000122834010363 2.6546492406491137e-05 0.00012329574647053062 -0.3654565494639534 0.0008917220334818416 0.9998753829339947 0.015284087135803209 -2.1523289741086016 -0.0028262967549912404 -0.01525812328598973 0.9998747116396294 192.80432888730147
1.0000314364475813 2.7484899349559597e-05 0.00012883574032997603 -0.3679362224864972 0.0032314381017500334 0.9998409920457274 0.015969567190510858 -2.1554607303425826 -0.002999834321814377 -0.015931214364604405 0.9998634044325281 194.16369326251697
1.0000724774478709 2.9664319192098526e-05 0.00014233189221249257 -0.3705794909666061 0.008177427152961528 0.99974485534326 0.01763874802822579 -2.155861043993786 -0.0036728720535001173 -0.01756698125255451 0.9998325651662247 195.6258436118455
1.0000997005952728 3.051109817290079e-05 0.00014898367450708115 -0.3732333858363815 0.011540828181434258 0.9996697247707631 0.018461503353990986 -2.1705213752104062 -0.0037507355362446215 -0.018371006466192802 0.9998176970888539 197.03028587142163
1.0000846829868497 2.4876488686003187e-05 0.00012029688744817678 -0.3758434455370025 0.009673406740974671 0.9997638820536404 0.014912029034707782 -2.1773121802196402 -0.0037613250813380425 -0.014830460685131665 0.9998763715454436 198.44554526411528
1.0000380784292675 1.6731636672604258e-05 7.822551041006091e-05 -0.3784983719412191 0.0038468353364750907 0.9999144214517106 0.009701144816125168 -2.1826935137169343 -0.003933999687812017 -0.009648214558527265 0.9999387532828661 199.8919390425475
0.9999577793698586 1.5885964864018748e-05 7.122029599610554e-05 -0.3811161869156766 -0.006380044927581218 0.9999918926378562 0.008831241362532402 -2.1835494924986545 -0.005068895359466216 -0.008834364436198509 0.9999391048077794 201.3379602756208
0.9999095926015349 2.2228331337139154e-05 0.00010094093385085677 -0.3837106808954599 -0.012643315301745846 0.9999434192925934 0.012511241983989526 -2.1847984012918813 -0.006312769615251758 -0.012563160947367697 0.9998899366910767 202.76931322327485
0.9998964507068742 2.605942353439694e-05 0.00011941475469333862 -0.38634853080748344 -0.014453502510761364 0.9999022211447952 0.01479691718924928 -2.194569407306297 -0.007106956468243056 -0.014868680789062155 0.9998515800358094 204.1866734418707
0.9998938194411277 2.6820668029821013e-05 0.00012312340932452604 -0.3891680811140134 -0.014751096638384708 0.9998933621588826 0.015256195766530522 -2.20761944456323 -0.006976806390492556 -0.015329792066198517 0.9998457748970927 205.69004273877823
0.9999256184697286 2.7607737500004448e-05 0.00012648696355268716 -0.3917671625887663 -0.010538132919377831 0.9999062351017964 0.015674763781899772 -2.212187662733897 -0.005800281534419262 -0.015708291353888522 0.9998495474984374 207.10913375425304
0.999940082904486 2.704707713450591e-05 0.00012379945570067594 -0.3943845430036911 -0.008476677935037976 0.9999143711788521 0.015344067392547345 -2.2160941447440767 -0.0046180212131426675 -0.015361494515326488 0.9998632250226287 208.5413104200696
0.9999375358216166 2.607454275946504e-05 0.00011912378692936765 -0.39709989187031325 -0.008693705617367185 0.9999229684868368 0.014765957358405891 -2.2165060553701177 -0.004175203940517729 -0.014784530397619889 0.9998746611461375 210.04332971940366
0.9999281688308157 2.6241447903805823e-05 0.00011991821761044106 -0.39981897548419204 -0.009830363495793224 0.9999201319426845 0.014864426639113222 -2.227823535137445 -0.004056423666051469 -0.014889618099758941 0.9998738067010517 211.49878344739867
0.9999171529012506 2.7111720884282625e-05 0.000124154895131835 -0.4023706110941846 -0.011105090763214228 0.9999091029450736 0.015389306676403538 -2.2218579223079127 -0.0036401310854010634 -0.015420790498725294 0.9998681172564572 212.93857348396944
0.9999180124778552 2.7423305516596774e-05 0.00012564542325648668 -0.4051115928010672 -0.010940452671629198 0.9999067283343884 0.015574087571828073 -2.240618756125451 -0.003381982067804239 -0.01560394679970148 0.9998666509873987 214.3729610892065
0.9999146425788418 2.646604813407588e-05 0.00012107928255930892 -0.4078321405091974 -0.01132138672370688 0.9999142036121637 0.015009141790970614 -2.2491255522827256 -0.003214409900805541 -0.015040447378364115 0.9998761333266731 215.84176008795617
0.9999157780510466 2.5803710269894573e-05 0.00011789470307160387 -0.4104986796280382 -0.011125904547147996 0.9999206650780719 0.014615229239509097 -2.2526350370677357 -0.0029715106714481958 -0.014644805968674023 0.9998831906290999 217.30293301436353
0.9999207943850366 2.5935848895330266e-05 0.00011848678990726363 -0.4132226657154179 -0.010359915041081549 0.9999216422418367 0.01468917216937703 -2.259220979012249 -0.002333760040232619 -0.01471363129545108 0.9998850247041607 218.7822024678689
0.9999095240224732 2.5223001925922528e-05 0.00011518883675516907 -0.4159416316256935 -0.011735219286412132 0.9999234403651456 0.014281006397168765 -2.2647045508092796 -0.002225082225518844 -0.014310812598704932 0.9998913093023203 220.26360765217413
