1.0 -3.469446951953614e-18 0.0 -1.5585406229479126e-19 0.0 0.9999999999999999 -3.5575383784680614e-19 0.0 2.168404344971009e-19 -2.388632911257127e-19 1.0 0.0
1.0000005914377053 1.1956327172438913e-06 5.3627550915744115e-06 -0.0025724908183114847 0.00020089264314402354 0.9999981306314466 0.0006661498083598322 -0.021923715912692023 0.0005683330602807809 -0.0006705202411875233 1.0000006495569949 1.3269663392242248
1.0000037316296113 1.8269696085791015e-06 8.312126194324207e-06 -0.005051259579434729 0.0006039663497323811 0.999994406432806 0.0010323810811453688 -0.03979067333320005 0.0006267138633196559 -0.001036785216461184 1.0000004127387558 2.620117433890171
1.0000022564511915 2.1530294465766514e-06 9.715492281480971e-06 -0.00766781410575053 0.0005736686742335347 0.9999944704700543 0.0012067491893815072 -0.06788230463530817 0.0013086056372297959 -0.0012170831090065354 1.0000007834715048 3.9439816432133856
1.0000053681310164 2.5449456039893653e-06 1.1598817258498756e-05 -0.010133901882015899 0.0008626640902973017 0.999991623046216 0.001440503117562757 -0.07549140329470364 0.000874038807980466 -0.001446838386904682 1.0000001704409518 5.275855065110369
1.0000074279941866 3.0339157678759693e-06 1.3881255028038927e-05 -0.012613158270836866 0.0011917792263351872 0.9999881822768263 0.0017239158024472017 -0.08502868469822282 0.0012009214177642038 -0.0017329916644421366 0.9999999706828442 6.606422889662988
1.0000170716420134 4.158402894862204e-06 1.9377974084625786e-05 -0.015237969198912724 0.0023174061370468436 0.9999757242968542 0.002406188937561489 -0.11208120593335089 0.0008797254690161207 -0.0024113294769315956 0.9999983291515976 7.939493756793719
1.0000179295681915 4.239668726473134e-06 1.978566672240908e-05 -0.01766751431630369 0.0024216536949806054 0.9999745140382069 0.0024567910446100082 -0.11741735824074176 0.0008694735283303572 -0.002461734586010353 0.9999981975268587 9.261264895432735
1.0000165749849947 3.931399673339983e-06 1.8330837519934477e-05 -0.020129374303312273 0.002341788232606142 0.9999757772375364 0.0022762734193519825 -0.12886519505105284 0.0012635250348684217 -0.0022853709722645116 0.999998904766247 10.573677746781401
1.0000097671710524 2.867627194877778e-06 1.3233908945763572e-05 -0.022658924360159864 0.0015034978244140521 0.999985388606545 0.0016435632567059898 -0.14420589107657472 0.0012955293728292008 -0.0016533537031241964 1.0000001570860586 11.906219325557247
0.9999965483282277 1.6316208343355315e-06 7.164379016039299e-06 -0.025231952534755887 -0.00021582746897807863 1.0000013056076607 0.0008899448497962859 -0.1657280615298927 0.0009491630201158627 -0.000897826893183904 1.0000008732365155 13.235273986533745
0.9999927276339311 1.4653718314137226e-06 6.2868217928330975e-06 -0.027710682943220794 -0.0006701947417570566 1.000004855521232 0.0007809968283140601 -0.17333533534923568 0.0010389219302049007 -0.0007899212738327986 1.000001035559577 14.574157483262889
0.9999947827970507 2.3785530092884644e-06 1.0449874129350983e-05 -0.03032798502525337 -0.0005066050162272758 1.0000030898338694 0.0012978012339485135 -0.19360002528160797 0.0006302376024498034 -0.0013035474906555858 1.000000108607197 15.933340406021784
1.0000030188726865 6.673525605375638e-06 3.0141275590721273e-05 -0.03289273250779731 0.00045882679803522543 0.999989144606042 0.0037418412347932986 -0.21448157120473912 0.00037420576305589827 -0.003744444755478454 0.9999936495639615 17.260665828434355
1.0000446235278366 9.38425953727999e-06 4.46608097118635e-05 -0.03562678535552761 0.0056145702826354855 0.9999235803612836 0.005543154698773211 -0.2505176963409457 0.0003244078716095121 -0.005538132561824733 0.9999852779885195 18.61417584126514
1.000055591571396 8.26537271245674e-06 4.028061772390953e-05 -0.038249611210449216 0.006936802264421419 0.9999075063751913 0.004999758165009305 -0.27546262383272424 0.00014648623280529558 -0.004990136321784009 0.9999878754502827 19.955546238963016
1.0000590610535995 4.706423928885206e-06 2.4352406494629027e-05 -0.040728945632106196 0.007477292365674588 0.9999072158112187 0.003023540688045587 -0.27030439882018364 0.0006353106582990156 -0.0030203603998703397 0.9999964278265021 21.351692728364377
1.0000441485037206 2.597367415917151e-06 1.3842858765716328e-05 -0.04354735911965587 0.005470395090054189 0.9999394841360781 0.0017188094582526973 -0.32426785157354726 -5.546445182588429e-05 -0.0017083878785167995 0.9999984638582604 22.6719767090324
1.0000305144215844 4.395621799447788e-06 2.1140344307343708e-05 -0.0458798771756127 0.0036107313644511974 0.9999609243109345 0.0026242847345927683 -0.30635355840241707 -0.0007977038157656843 -0.0026087110759978912 0.9999948768145691 24.043697514718122
1.000031490256613 1.2513085580506678e-05 5.8248039081742076e-05 -0.048462190284889926 0.0035523384352196957 0.9999388618392255 0.007227135904569281 -0.32011964719384833 -0.0015985623601377354 -0.007202838463339266 0.9999699998725754 25.412483188647702
1.0000365910122275 1.4909804930622605e-05 6.964682090965517e-05 -0.05123026222702772 0.0041930570466080595 0.999919987120704 0.008640284069361544 -0.35334911305499256 -0.001566220097088741 -0.00861439928791783 0.9999589660405495 26.797350635966875
1.000078642804312 1.308094453376929e-05 6.420288196042458e-05 -0.053949409308106225 0.009390848199800671 0.9998484338734545 0.007965397172388903 -0.38396506410576453 -0.0016761442650541 -0.007920607497155972 0.9999643154311312 28.166776882956245
1.000074635679328 9.15812741004128e-06 4.580292531418352e-05 -0.05644159258578177 0.00890553997309742 0.999872390145994 0.005683795451127283 -0.38959207329829665 -0.0016211163922115327 -0.005641178271401948 0.9999799294159076 29.521942157295808
1.0000750049287768 5.958544928054421e-06 3.123931238614079e-05 -0.05934445109039034 0.008876984226451926 0.9998815399966601 0.003876782098716994 -0.4351727950296299 -0.001952965774413184 -0.00382833205075683 0.9999872944166208 30.92637804128147
1.00006359673033 3.5837088835800196e-06 1.9610414768113284e-05 -0.06166936815014966 0.007288106689359728 0.9999117565130204 0.0024328730155797735 -0.4147684912311769 -0.0027203918261602105 -0.0023783115816362133 0.9999885944452648 32.30499349059596
1.0000567015642554 1.2627270071716157e-06 8.681359171383357e-06 -0.06457448518109911 0.006274516410000196 0.9999291945112898 0.0010753335142199897 -0.46772184885125623 -0.0034217685436188083 -0.0010151039844234601 0.9999874672777627 33.677801536864855
1.00005518976418 2.522661671101184e-06 1.4232795665317143e-05 -0.0671776373623725 0.006023359683266975 0.9999317733296148 0.0017642229411034052 -0.4779708198946664 -0.0037045279144814923 -0.0017013999752738531 0.9999850270243004 35.07381341273102
1.0000527946338744 4.046805720752875e-06 2.0935903319074843e-05 -0.06994592865412197 0.005881418328226161 0.999931932787437 0.0025970905453892913 -0.5093895621785482 -0.003011015594631022 -0.0025448137443411884 0.9999868294295304 36.46687736850364
1.0000483772162285 5.8600878222511005e-06 2.8845995836833133e-05 -0.07241561318087608 0.005374079672138852 0.9999358269830765 0.0035789760372673565 -0.5005227691149072 -0.0028269990885491482 -0.0035317071167719973 0.9999847146822674 37.874217975171746
1.000042334474177 5.89851623638421e-06 2.8634425534518467e-05 -0.07482140549809194 0.004727287462896449 0.9999443948969836 0.0035531705463991664 -0.4862934964899819 -0.0023647215021087974 -0.0035147810317903492 0.9999868087427829 39.27008709937063
1.0000233630670325 7.223892210850985e-06 3.357426985669469e-05 -0.07769806505154159 0.0023013766660159567 0.9999700821148432 0.004165821741404638 -0.5310487113052801 -0.0026761725589425295 -0.004134267511603986 0.9999831011292624 40.66369447269517
0.9999873133716842 7.805348886082836e-06 3.472531491931544e-05 -0.080498912893186 -0.0021975622772482445 1.000005935285336 0.0043085188293279205 -0.5599170410995568 -0.002773850627333741 -0.004296409528185017 0.9999819774512623 42.08616310694981
0.9999893629738937 8.273693128293957e-06 3.692368990287215e-05 -0.08306047468341714 -0.0019005952428918869 1.0000029353845945 0.0045814565211095065 -0.5658377542511972 -0.002584651424255128 -0.004569173361969393 0.9999816208090445 43.47844286578053
0.999990784204268 8.184730179980337e-06 3.65650370598256e-05 -0.08578840947567203 -0.001677220306421266 1.000001738986593 0.004537160717043194 -0.5850000574762508 -0.0023756258250060584 -0.0045252379397705805 0.9999827157782076 44.90381425257708
0.9999892469034819 6.674887931965717e-06 2.9649304351971224e-05 -0.08859682872105618 -0.001616617726389635 1.0000048852869465 0.003679980765739341 -0.6176390426274772 -0.0012539536228711168 -0.003675002797486831 0.9999902503523415 46.31366074577202
0.9999907961747173 7.825411110698802e-06 3.4929038840715316e-05 -0.09139400807423385 -0.0011821032880717291 0.9999993569352215 0.004335692173882639 -0.6459765598146849 -0.00017425295191459225 -0.004336857224587357 0.9999903290153959 47.73646483040882
0.9999866462647145 8.373363945378062e-06 3.7291792838048746e-05 -0.09406885856945299 -0.0014265828949124532 0.9999996866483877 0.0046291939120992245 -0.6624117845603195 0.0010338432553875453 -0.0046388625096770025 0.9999906399974519 49.144597817769245
0.9999783826713009 8.867871231126381e-06 3.9310638453699497e-05 -0.096823565986976 -0.0022735024436494836 1.000003744405399 0.004879709802884239 -0.686658108398404 0.0018336276085780866 -0.004894642335745564 0.9999897217706791 50.5621243519615
0.9999776095413828 8.861124618786409e-06 3.925967365934688e-05 -0.09952250729641714 -0.002119406758465686 1.0000028737756657 0.004873233760744131 -0.6953390850285175 0.002949012782158976 -0.004894788446082114 0.9999890675976871 52.01818019521152
0.9999667219480448 1.0961665458709274e-05 4.8623821778779816e-05 -0.10235258217392768 -0.003315094295049602 1.0000029016091663 0.006034515413035436 -0.7323135695834848 0.0036467104008161507 -0.006058018129636638 0.9999816728221971 53.42068593697104
0.999975628523737 1.1838057046737252e-05 5.285015285217331e-05 -0.10509206464769578 -0.0019485298014784306 0.9999921908056799 0.006558001091815188 -0.7443976048999907 0.004808205936672767 -0.006591160225052363 0.9999754953852747 54.88401877692241
1.0000073152219877 1.3149068149772777e-05 5.997370639600121e-05 -0.10763556170298444 0.0020905718379183053 0.9999531863403782 0.007440925728880937 -0.7464749071891421 0.0052715954712723 -0.007491187175086365 0.9999676721738622 56.28343355618588
1.0000039296320535 1.3562137354873952e-05 6.174018112380586e-05 -0.11053851875547213 0.0017743622412786826 0.9999546897785173 0.007659541973106354 -0.7864888155846983 0.0057365002189982625 -0.007713254842241289 0.9999642675806416 57.71274954047212
1.0000013998275639 1.5247439213307568e-05 6.945030219341849e-05 -0.1134979129413098 0.0013042111315089804 0.9999514021913002 0.008615888510588244 -0.8343522916162269 0.005040929778421326 -0.008661295799205385 0.9999590116728008 59.13831681150143
1.0000104424798677 1.4950377600452328e-05 6.845576774424235e-05 -0.11596172395207122 0.002438455509742867 0.9999412026609783 0.00849256921568476 -0.823585702108967 0.0050910164932365725 -0.008542257957742126 0.9999598706088257 60.5508767076787
1.0000341893970637 1.7099334534744978e-05 7.970910767403187e-05 -0.11883395510170852 0.005297973772366748 0.999894271030855 0.009887509801507322 -0.8508308320033622 0.004691318363891219 -0.009941720588247166 0.9999481899089327 62.02011869493483
1.000049260182054 1.5549988084704452e-05 7.343633945004909e-05 -0.12148335918410161 0.007103121871694634 0.999875934161391 0.00911033318644796 -0.8639100176861132 0.004394745335232041 -0.00916541204058183 0.9999564074443841 63.429125006155175
1.0000526715079072 1.3922552141375569e-05 6.610713182206578e-05 -0.12419942991214793 0.0074173688320096805 0.9998789976597495 0.008202154327294696 -0.8857991134024821 0.003906834636854448 -0.008250418611014311 0.9999655065199642 64.83576536823104
1.000059772559031 1.334620442586254e-05 6.394353921982255e-05 -0.12687299459664508 0.008118416147776484 0.9998700709951323 0.007934270654762644 -0.8929339313840272 0.003100381792543872 -0.007971025831090365 0.9999691381358123 66.28466192159087
1.0000487020995268 1.319762385135724e-05 6.247846962631519e-05 -0.12950496637263392 0.006631015668151772 0.9998944467235397 0.007752776863749434 -0.911654740309076 0.0025984466843781925 -0.007780031705375509 0.9999711635991745 67.65885446494548
1.0000308193570664 1.5448687396437885e-05 7.18140065802367e-05 -0.1323016174710057 0.004201980207624937 0.9999175059083809 0.008910093266165318 -0.9312857021143397 0.001670120006371316 -0.00892391656418159 0.99996193144149 69.12019336279337
1.0000066152751168 1.7371487082624634e-05 7.95676023734725e-05 -0.13492322452587702 0.0010425797277646611 0.9999421954980781 0.009870934387520874 -0.9495177836129141 0.000985670324591411 -0.009878726404688093 0.9999526415467712 70.49082506479836
0.9999819109810557 1.917796846667534e-05 8.713829638005164e-05 -0.13769260317340737 -0.0022871715355153623 0.9999572258889925 0.01080861410064558 -0.9716757608111122 -0.00018143321549233767 -0.010812190802438434 0.9999413595117083 71.9257901457916
0.9999530103416123 1.9428074505733334e-05 8.77151580862118e-05 -0.1403152169362768 -0.005974663891636742 0.9999709111727468 0.010879849764535253 -0.9888966424794956 -0.0006198190377763558 -0.01088967807053565 0.9999395525952054 73.30148890150313
0.9999289036165058 1.8434117699648103e-05 8.292493208817862e-05 -0.1429113853671369 -0.00909846565772076 0.9999788141610562 0.010285985471799186 -0.9972536600801141 -0.0011994338918020523 -0.010303945810973974 0.9999441775493892 74.7020702034811
0.9999259589471969 1.8536644950361766e-05 8.34129911446472e-05 -0.14555830427883928 -0.009640899417383761 0.9999774806181484 0.010345851918809271 -1.0013914040470588 -0.0019875861150626126 -0.01036667603909957 0.9999408510110942 76.1495750076621
0.9999182649476501 1.92341250590429e-05 8.672871501667879e-05 -0.14816518502727669 -0.010666032061064649 0.9999709878737914 0.010756375717932039 -1.0166013465959132 -0.0022980144334493495 -0.01078191995471998 0.9999352401149944 77.5255281610292
0.9999214597258985 1.967748381167568e-05 8.87895331604866e-05 -0.15096823569912257 -0.010242714451033516 0.999969221092278 0.011011798382572054 -1.050378956190261 -0.002179586637509003 -0.0110353467752915 0.9999329580550107 78.927323587796
0.9999271463286735 1.7077798054080176e-05 7.658680327472626e-05 -0.1533338649907984 -0.009424677209105704 0.9999862049606811 0.00950023891589369 -1.0421013276512814 -0.0016809447241002437 -0.009519808329531735 0.9999503759518427 80.2744073123342
0.9999316174845739 1.791009760946337e-05 8.046916156349577e-05 -0.15616344163874715 -0.008899150149785953 0.9999820958515261 0.009981238528725766 -1.0800654591269578 -0.0018136111564172198 -0.009999090066113601 0.9999452337786995 81.67222373015584
0.99993468796438 1.9270119548098902e-05 8.684584550886399e-05 -0.1587232764319829 -0.008479425102609385 0.9999741516837355 0.010771463301190993 -1.0936935828190009 -0.0016423637254883146 -0.010787745785237508 0.9999376530422824 83.02917538086862
0.9999354238060826 1.7265030069931603e-05 7.745786156134783e-05 -0.16129014499043157 -0.008337086288993066 0.9999860719768779 0.00960839261046527 -1.0963711513373164 -0.001415130842587936 -0.00962409709073402 0.9999502706236342 84.43885720375731
0.9999332655311894 1.753863022175596e-05 7.873287120890838e-05 -0.16382358423928672 -0.008364895081225654 0.9999845243126475 0.009767037724364061 -1.1023160799783123 -0.0003438167655055327 -0.009782528428193845 0.9999516121039291 85.81545371418846
0.9999313654053469 1.865160948780545e-05 8.394164913626419e-05 -0.16644826918846348 -0.008358499336148429 0.9999780001664591 0.010412848641801095 -1.1167834222797317 0.0007370623186808629 -0.01042803051070669 0.9999468372182997 87.20457913170128
0.9999351737293594 2.016081129483857e-05 9.103483205868002e-05 -0.16902516517510907 -0.007580617499062998 0.9999683847611085 0.011291735633869097 -1.126214898564289 0.002096886127250232 -0.011306760296156147 0.9999378282234288 88.58969506277757
0.9999411802563626 2.098346501157311e-05 9.493457764570478e-05 -0.17158254005613588 -0.006642711824302555 0.999961925916739 0.011774656540252176 -1.1439651629885523 0.002952902788543028 -0.011791178604106936 0.9999316244675351 89.92690140583109
0.9999506550405722 2.2109343575556217e-05 0.00010033446609865587 -0.1742547634608499 -0.005246093594875393 0.9999508781631071 0.012443084404923543 -1.1654957023448622 0.00393373069725709 -0.012463998058966171 0.9999218673774898 91.31085657196357
0.9999540356876172 2.1137743086336452e-05 9.578087838810049e-05 -0.1768343354745193 -0.004798123424125646 0.9999563891787773 0.011879045093841852 -1.1769655755783814 0.004059157277941157 -0.01190131465654214 0.9999284398823733 92.68836423420727
0.9999553800754204 2.0738133284381108e-05 9.39130142216713e-05 -0.1795049469582243 -0.004663850778296957 0.9999586676650029 0.011647756116179372 -1.1980114769001131 0.003913384272950018 -0.011669835575862398 0.9999314827563802 94.0735879323814
0.9999607000773326 2.032135561121952e-05 9.202965095554813e-05 -0.18197334582505184 -0.0038941118109372076 0.999958460264089 0.011414198556214231 -1.199900146498595 0.004399673804806913 -0.011439934276144356 0.999932992708033 95.43225189704145
0.9999636846373663 1.9504398233926787e-05 8.823815348717092e-05 -0.18457686822234504 -0.0036276613601379107 0.999962572365034 0.010944757486532484 -1.2182898612609625 0.0039349698557328925 -0.010969136238349421 0.9999393589265244 96.79216470155109
0.9999542485349461 1.813311635433766e-05 8.165750825841773e-05 -0.18712300423106376 -0.0048010444555735155 0.9999756790965412 0.010129440205734192 -1.2336431402236887 0.003928248393191291 -0.010151221618877415 0.9999479991658662 98.13383605275675
0.9999375661662029 1.8165297165310262e-05 8.167267339019763e-05 -0.18959597840373998 -0.00693115938183729 0.9999803144812837 0.010131446272303335 -1.2396229739817506 0.0036681654366790173 -0.010148372727998697 0.9999485463476036 99.4767892041272
0.9999384387156265 2.0181974583978815e-05 9.114380383381453e-05 -0.19217434148921647 -0.006879543383211569 0.9999676592612103 0.01130495002491639 -1.2516480178860183 0.003415101190261478 -0.011321716682280887 0.9999364061294632 100.85115150396749
0.9999365507158697 2.285337586745151e-05 0.00010376428288598146 -0.19461481789119706 -0.007038957256532592 0.9999489178768542 0.012867924921350131 -1.2697127527342378 0.003749826986093872 -0.012884811465143099 0.9999169140055789 102.12221293612541
0.999938662365256 2.1389898410436453e-05 9.684198638665277e-05 -0.19729449363584298 -0.0067753391124825675 0.9999592939454243 0.012010628209171445 -1.2903640518062125 0.0037559409932645836 -0.012028013220969124 0.9999275631378094 103.51421649378972
0.9999358811533503 1.7221525897137893e-05 7.725572463530795e-05 -0.19966780921022295 -0.007230247501700984 0.9999860073282016 0.00958426361199529 -1.292045774067215 0.003267584651511366 -0.009600291245646741 0.9999546165600266 104.82114286163986
0.9999511860973637 1.5011816339423681e-05 6.70732340556997e-05 -0.20218080468746738 -0.005247933479720628 0.999993733814026 0.008322086379249711 -1.3123588695007617 0.0036314075926013384 -0.008342019236626147 0.9999652887477207 106.12234123048476
0.9999580895046685 1.7242420901822722e-05 7.754706147841922e-05 -0.2047902307018202 -0.004575517725241249 0.9999799542261368 0.009620489150439624 -1.326519896093102 0.002806732807933802 -0.009638857791523693 0.9999548137634499 107.50438174256102
0.9999871182716935 2.0386826091381774e-05 9.298593680823392e-05 -0.2072522807348724 -0.0009205646704541709 0.9999403070913253 0.011533245202840008 -1.3355216830049053 0.0030290461770773255 -0.011557149251036914 0.9999342630792689 108.82780814691061
0.9999946149779375 2.1921998179208826e-05 0.00010049740656823433 -0.20978943736434044 -0.00017411119042703288 0.9999235249877473 0.012463759072234524 -1.350586214127231 0.002205956908323211 -0.012482222595259978 0.9999238250385127 110.16579408773968
0.999996737416412 2.095152564627993e-05 9.598757287629356e-05 -0.21213779695104082 -0.00010745624896569064 0.9999298122258572 0.01190521749092628 -1.3474182288498378 0.0013277269214294878 -0.011916702286760917 0.9999306824593253 111.48052649384488
0.9999911934018874 1.588449302564708e-05 7.203401247646225e-05 -0.21485955844502233 -0.0011633864247497742 0.9999686239281628 0.008936889059369922 -1.3797473735363845 -0.00031078249020558934 -0.008937317415660121 0.9999595817603671 112.84376061061198
0.9999657116548546 1.3269554235816744e-05 5.9229032169727004e-05 -0.2173552744382104 -0.004474127139079751 0.9999989029248094 0.007349159952945813 -1.3931364807484683 -0.0009625264524179579 -0.007354040919864318 0.9999708643956787 114.16626690971817
0.9999447194958437 1.1862029970898663e-05 5.246198626192582e-05 -0.2197604791218907 -0.007406629425974581 1.00001092909101 0.006508912268431272 -1.3978907716376199 -0.002413987247058179 -0.006520872828088968 0.9999715613689515 115.47715229942196
0.9999439905380157 1.5724290537299027e-05 7.031756550574821e-05 -0.22245135545504935 -0.007893599886079457 0.9999942498843898 0.008720606537597432 -1.4242357205627176 -0.004181937111261386 -0.008734311200878597 0.9999456865804818 116.84996798347481
0.9999415578097075 1.9594539985843748e-05 8.839493620126787e-05 -0.22480929617894108 -0.008191503814826783 0.9999721739495564 0.01096072503044949 -1.4301594681264167 -0.004163125664397544 -0.01097624111586246 0.9999237352855588 118.12946166200649
0.9999438546810797 2.080820925121074e-05 9.412427744401211e-05 -0.22742721275132022 -0.008108936857990986 0.9999641551430277 0.011669157854972533 -1.443285193016059 -0.0050670022208789325 -0.011684174404060638 0.9999099199845227 119.52082153229479
0.9999489344913368 2.003679472885843e-05 9.053246606772537e-05 -0.2299612583441427 -0.007763474320663209 0.9999692391413035 0.011222099863540062 -1.4631347799526033 -0.006339770949870308 -0.011234265378604114 0.9999055115945207 120.83574524217363
0.9999358642037952 2.0004486355746157e-05 9.030045517116852e-05 -0.2323651016703816 -0.00968022625375014 0.9999683062396445 0.011190737417991143 -1.466608397975814 -0.007648847811964044 -0.011220532186958685 0.9998941448233 122.15158789753487
0.9999253771346293 1.9251163214408645e-05 8.67669845027127e-05 -0.23491926353720838 -0.01125679496555167 0.9999693352702057 0.010750193370756524 -1.477498628209029 -0.008871535930560132 -0.010798726167539614 0.9998864745909202 123.5176074727164
0.9999152217004397 1.853752278611724e-05 8.348767136992096e-05 -0.23742997929466972 -0.012847483118608869 0.9999673020020307 0.010340090158014967 -1.4878666467789237 -0.010340861680481908 -0.010412554333651451 0.9998737955607736 124.86189388858155
0.999915859294209 1.7344809923620225e-05 7.790139232917437e-05 -0.23994580811184113 -0.013043389740896017 0.999973305783621 0.009644365736673492 -1.5006496917941794 -0.011567640395645125 -0.009725213560975308 0.9998650518020501 126.19824214982681
0.9999231155359154 1.6356897386280225e-05 7.324155579992316e-05 -0.2424751534915462 -0.012302735246439109 0.9999821604706228 0.009064692309037614 -1.5153719352098887 -0.012283412805003098 -0.009138584676715958 0.9998607474276613 127.53342839578525
0.9999237423246867 1.7601407144593115e-05 7.90450322786121e-05 -0.2448994276818482 -0.01240731188936664 0.9999749472825977 0.009781250702901142 -1.524256599337545 -0.013096916087551497 -0.009860005819086675 0.999842109850037 128.83645551809565
0.9999242436912311 1.889619815209978e-05 8.51056261230883e-05 -0.24755469227875318 -0.012508161176320167 0.9999668903976319 0.010529703019510698 -1.5473084580688048 -0.013824333748763299 -0.010613037010137426 0.9998233043458318 130.20423388630385
0.9999343293021227 1.853947932145203e-05 8.341770226103526e-05 -0.24993191622992825 -0.011295701101804216 0.9999737487610385 0.01031998497972487 -1.545786108798693 -0.014003067036454417 -0.010384888243297117 0.9998228867407182 131.52761359086037
0.9999445327970209 1.9528970210550348e-05 8.810604507154666e-05 -0.2526229473566942 -0.010088345533021034 0.9999707747122046 0.010899938765798712 -1.574474894975049 -0.014269852490200588 -0.010946166233877456 0.9998126536027562 132.89006252942676
0.9999576387189612 2.0551416009989207e-05 9.30650724481211e-05 -0.25502551509595706 -0.008459574930410187 0.9999658705779388 0.011514341228929862 -1.5732515013089825 -0.01426478035695333 -0.011534303145213812 0.9998061316151569 134.22614531064374
0.9999668013458063 2.071853760517335e-05 9.401533691090155e-05 -0.2576049329674701 -0.007135997226498894 0.9999641361129203 0.011635002333454306 -1.5958743372314945 -0.013436797041371715 -0.011634595940844844 0.9998179366119988 135.55383033143957
0.9999564499565272 1.9721974610076992e-05 8.914239176141927e-05 -0.2601261964093212 -0.00820497962157892 0.9999713593770745 0.011034508987193136 -1.6084119413647557 -0.01247101940282595 -0.011050451550201575 0.9998388117162493 136.89428303762978
0.9999689352938514 2.2312681316558752e-05 0.00010159671110818885 -0.2627892249522488 -0.006506853941535468 0.9999519149790008 0.012579252200410502 -1.6363518713663856 -0.011812952644233763 -0.012571989952034422 0.9998300394846492 138.24456272162197
0.9999701716374422 2.2288016654660806e-05 0.00010150715476962987 -0.2653123051108399 -0.006045782994185151 0.9999511859504346 0.012572137269904365 -1.6463746089433504 -0.010441511312194385 -0.012561580934336791 0.9998479095146947 139.59723678037975
0.9999783926905206 2.2474038763842588e-05 0.000102593382831124 -0.26788215171524205 -0.00475978470787047 0.9999460371874208 0.012709769910321012 -1.660566965704432 -0.009259638695448697 -0.012687567759380286 0.9998600985923687 140.9572170967179
0.9999722304294264 2.1793385511503782e-05 9.921253738399147e-05 -0.2703554096089959 -0.005219719754655005 0.9999526475820426 0.012294208462176943 -1.6694104677548711 -0.007897867082014978 -0.012281118483876549 0.9998793104373526 142.287556691072
0.9999703479581157 2.1127829660117642e-05 9.602303112573414e-05 -0.27284385191702004 -0.005223510162437073 0.9999574181996432 0.011901271058606134 -1.6770439731249098 -0.006872191430609295 -0.011891235273349912 0.9998934450870958 143.6317020001717
0.9999889380324731 1.7469315979623534e-05 7.93503374990148e-05 -0.2753383411784226 -0.0029303704984438685 0.9999707856721229 0.00983561003415093 -1.688586129128157 -0.006941645215402384 -0.009805407998994695 0.9999154395534913 144.96176547589442
1.0000071457344961 1.5483428013003675e-05 7.07869287501395e-05 -0.27803926140579033 -0.000255069095960821 0.9999633676666706 0.008777569102338057 -1.7271921780230066 -0.005095055647812562 -0.008738634024248739 0.9999397644158408 146.28546475042876
1.0000844331348158 1.9460646321406774e-05 9.452371798012024e-05 -0.280546238715162 0.009475458506235582 0.9998099383691474 0.011719747328979471 -1.7200805265832462 -0.004505709610623687 -0.01162558487617385 0.999914302327782 147.7056322650787
1.0001308829618207 2.1042491477666486e-05 0.00010680194054231667 -0.2831266991674623 0.01558745568758742 0.9996650627081571 0.013242269012765935 -1.7472836263526714 -0.002974467236317508 -0.013147747928297464 0.9999039605480233 149.01346875660022
1.000131225645543 1.6639407690916333e-05 8.604965768637101e-05 -0.2856905395231887 0.015959037135105464 0.9996869769289773 0.010673109144177854 -1.7740630500917838 -0.0015071689817510797 -0.01061143668449229 0.9999399940551013 150.31398985820087
1.0001352857807926 1.0893736054657863e-05 5.977438892514086e-05 -0.2883009090622681 0.016459072326310567 0.9997043548594928 0.007416506627981391 -1.7840891678757098 -0.0015258800778161932 -0.007351782650137872 0.9999691628679576 151.7149927888801
1.000100482944657 7.008956847328121e-06 3.826171694234072e-05 -0.2908409859916949 0.01197824232973206 0.9998204492232092 0.004747841782580825 -1.8036355463852904 -0.002233354998054401 -0.00468252510461026 0.9999825786576754 153.03460904152772
1.0001096983535063 7.794356152385565e-06 4.2752171205087935e-05 -0.2934691851775587 0.012845869503987624 0.9997998877822732 0.005303642869030114 -1.8225267239909035 -0.003467941568325166 -0.0052092019340428146 0.999974232857313 154.4059524222126
1.0001165227786317 1.0601552578459392e-05 5.6343228502390985e-05 -0.2958138873945987 0.013642500068271604 0.9997725321709247 0.006988982800889125 -1.8161975076954646 -0.0036949302125389057 -0.00688592050534796 0.9999628940160085 155.73275693734638
1.0001922584756073 1.3949632414855806e-05 8.159424072865635e-05 -0.29829238612394343 0.022924209456805476 0.9995011688858971 0.01011843186799605 -1.8295498705161404 -0.00424772635900251 -0.009950365551710867 0.9999339466526128 157.04589157050495
1.0002101506923375 1.4765104937648765e-05 8.821758577394457e-05 -0.30085797396207187 0.025138802235901418 0.9994214175202603 0.010939072442457266 -1.8410511077160536 -0.004280966213250064 -0.010757658831742449 0.9999253972758304 158.415514432351
1.0002161722755571 1.5106321244561308e-05 9.080857627873995e-05 -0.3034488515306912 0.026022468974956275 0.9993880999198747 0.011260808977591939 -1.8642018867556964 -0.00367516983869705 -0.011095218226327986 0.9999252174921476 159.7471918463208
1.0002121737274925 1.5262826228913673e-05 9.088663330962272e-05 -0.30593998570239206 0.025236566866643467 0.9994144972666524 0.011268807515046771 -1.8674107928567092 -0.004965407695570039 -0.011064175751092566 0.9999176566808913 161.1125597570707
1.0002045804322008 1.4359069928493798e-05 8.541916106748638e-05 -0.30838261356425584 0.024034148674560586 0.9994612631111335 0.010589592595956338 -1.8701917004697388 -0.006122224588410053 -0.010355088602129737 0.9999167385803682 162.45297184149575
1.0002010692092174 1.333520616504831e-05 8.007345906291827e-05 -0.3107906754298037 0.023221670033648105 0.9994938576790341 0.00992400105161004 -1.8701681814919797 -0.007800879871094392 -0.009642679306915886 0.9999091340308107 163.78674655468083
1.0001934585755508 1.2300251248013525e-05 7.407608242999161e-05 -0.3132743612561276 0.022125228897390915 0.9995346928056608 0.009179245365769228 -1.8734913520453833 -0.008475483444722754 -0.008887378097784589 0.9999094129427758 165.14747973949872
1.0001980665437051 1.386135689956415e-05 8.206824835826215e-05 -0.31576629787756133 0.02259807524371115 0.9995107125276254 0.010168714509404554 -1.8795468692112138 -0.008918853980852494 -0.009858915035608803 0.9998956627647786 166.50059745118523
1.0002024602109143 1.3753519372720208e-05 8.224773655704574e-05 -0.3181898917054275 0.02328958560953546 0.9994890247357534 0.010192440392147587 -1.8845846389609495 -0.008268392430242823 -0.00989590874184631 0.9999020627770416 167.82040320920478
1.0001901550553085 1.1373499922723296e-05 6.927080069846214e-05 -0.3207129876800126 0.021950035318702626 0.9995452492930134 0.008585847722241637 -1.8924115884207013 -0.007427162834627088 -0.008327033180343793 0.9999244573433703 169.18287826953835
1.000160364998592 8.457687442875103e-06 5.164607587261616e-05 -0.3235632305509486 0.018497943106789712 0.9996593052780398 0.006402623227905423 -1.9185083840391008 -0.006323177569452844 -0.006203513944523024 0.9999494393720446 170.64506343245347
1.000119085398725 6.782392357525258e-06 3.910119287807109e-05 -0.3259700051790234 0.013337466586199382 0.9997918196093647 0.004846236607911995 -1.9284234565456966 -0.006474514033781443 -0.004684721069948513 0.9999564445194206 171.93380351345272
1.000106426390341 8.719735756205008e-06 4.6660731988776684e-05 -0.32843308008006605 0.01167076014237286 0.9998210943378198 0.005783171210961599 -1.9297487940742228 -0.00689627974447211 -0.005627138045480393 0.9999480175994159 173.29203108900165
1.000057008544425 1.397724351634086e-05 6.666735753079194e-05 -0.3313129354039224 0.005214867206761358 0.9999101631550215 0.008260933992845184 -1.9729995903620512 -0.008317350968246115 -0.008141724328310203 0.9999173649734825 174.6941174330773
1.0000466425724395 1.9078479583645863e-05 8.977598587058076e-05 -0.33394966948828075 0.0039231479728591735 0.9998986651468184 0.011124595290179071 -1.9911088515838855 -0.008336804524678703 -0.011018245304009053 0.9998896498867156 176.07367474303828
1.0000570686515868 2.0314555972275605e-05 9.633240976578898e-05 -0.3365901821581 0.005479556983837874 0.9998694046070544 0.011939256900382899 -2.0022693914482126 -0.00717024131029364 -0.011833317168254701 0.9998915002782014 177.48631298576487
1.0000686382441641 1.962190569083748e-05 9.394937146071339e-05 -0.339124791274732 0.007186099219935221 0.9998483114229271 0.011646322666672065 -2.0037921154999125 -0.005967468612106819 -0.01154376920037487 0.9999049542818367 178.8832784834766
1.0000937592656087 1.245802381627352e-05 6.265809085349958e-05 -0.34150214152466796 0.010786353113336604 0.9998246401056504 0.007771770413223132 -1.9991037687529565 -0.003824841556406151 -0.007681721634622725 0.9999563858259692 180.2208470827478
1.000071184897412 6.085927141876585e-06 3.151385074718228e-05 -0.34427195563462604 0.008398784178238515 0.9998893892295894 0.003910832393820244 -2.0247958976310714 -0.001969857638322246 -0.0038638767248789464 0.9999870945920194 181.64029258761258
1.000040205256966 6.549036640856806e-06 3.14556769067532e-05 -0.34701519033589406 0.004820595808638521 0.9999418829282698 0.003904443089936618 -2.0538017669847086 -0.0007693718248350026 -0.003886264506745905 0.9999908198579054 183.03023966158204
1.0000139335408367 9.181137127401914e-06 4.203575760369522e-05 -0.3495404531702385 0.0014811964711342416 0.9999732914010931 0.005216841122343828 -2.069276603563562 -0.0011114077236540146 -0.005203946975073374 0.9999839107166008 184.35980861747163
0.9999882391934921 1.3735665748105044e-05 6.196533694692867e-05 -0.35224979700506215 -0.0018089719052804707 0.9999832630409138 0.007688025652933684 -2.0798735216734547 -0.0015536626018792406 -0.007681936913343528 0.9999665929143502 185.81308149708568
0.9999658257564183 1.700480642699391e-05 7.657231038245564e-05 -0.3548724483558426 -0.004688546670187008 0.9999815113141575 0.009498235062317341 -2.0988735603083257 -0.0019819360402098937 -0.009500314568788876 0.9999494663290569 187.18086681852907
0.9999876013272303 1.762817577229299e-05 8.00494591128068e-05 -0.357469258057044 -0.00204804708954885 0.9999649539941176 0.009928902516402124 -2.0950136278499443 -0.0022665591013547462 -0.009919396870767224 0.9999442844132971 188.63628546302363
0.9999993854205899 1.9042849746553e-05 8.71010261376164e-05 -0.3600970471412149 -0.00047848786507739306 0.9999452233043654 0.010803027381584467 -2.1084873264851947 -0.001793468061835757 -0.010790883485856868 0.99993708679842 190.0315612707818
1.000025137458498 1.9848759615663167e-05 9.209779592675611e-05 -0.36262846597812387 0.0026768163452444114 0.9999094586059253 0.0114219159859239 -2.1150715554704704 -0.001984598684915382 -0.011396719583463708 0.9999296679299987 191.40418780933783
1.0000459668592065 2.006155547646521e-05 9.436175946520931e-05 -0.3653554191144284 0.005065605658984026 0.9998777347510535 0.011701571614338843 -2.1277132026742906 -0.002867715544426457 -0.01165604779419228 0.999922945047238 192.85809475710957
1.000057095057735 2.0872515549164028e-05 9.897160272087906e-05 -0.36792736876217724 0.006489092306969856 0.9998511890981345 0.012272743383305282 -2.144293683861789 -0.0026827857208344156 -0.012223568014802323 0.9999170238338365 194.20858983639326
1.00007998429477 2.189419179354779e-05 0.00010565059179639324 -0.3705536736419007 0.00922012242799791 0.9997972367558727 0.013099401863922448 -2.144469225479118 -0.0031804704253384454 -0.01303001199529343 0.9999044940202213 195.66234752754508
1.0001056574024378 2.2461368113284308e-05 0.00011078264926738467 -0.37319713262204784 0.012316314673156524 0.9997304173080153 0.013734448319248504 -2.155261693632306 -0.0035914998636780264 -0.013642119432809364 0.9998942049051353 197.07825897788652
1.0000805771045262 1.9145135176866154e-05 9.269695138660705e-05 -0.37611971271655714 0.009162154032324057 0.9998180014255724 0.011494407558848884 -2.1985412739000636 -0.0037673027954347902 -0.011414885986223776 0.9999211147420652 198.50387944723326
1.000043726479178 9.417080125950425e-06 4.475387008361846e-05 -0.37867394491810136 0.004529916149594125 0.9999377722573708 0.005551213969693892 -2.1909795721917 -0.004015851712207447 -0.005493020196050992 0.9999696786408017 199.95222541726437
0.9999618832443052 9.778201596241654e-06 4.3112463797131875e-05 -0.38140330923650373 -0.0060225174611274745 1.0000159944183078 0.005344950513307848 -2.206398306122291 -0.00574735208165725 -0.005344185858337477 0.9999589038684624 201.39508318659745
0.999911261262416 1.519247360321288e-05 6.792745682445041e-05 -0.38403770651671143 -0.012327454489175532 0.9999876860560565 0.008421773635160177 -2.213929604679766 -0.00582833375192931 -0.008469043939735642 0.9999367509595251 202.82051931849654
0.999903271830129 1.8869243851060355e-05 8.520043557040972e-05 -0.38664007774889525 -0.013558302782891354 0.999961334640437 0.010560363839162357 -2.2149031287404197 -0.0068925416230260364 -0.01062288498041745 0.9999075291915175 204.25746306102414
0.9999235282072368 1.944612249925315e-05 8.769077182346481e-05 -0.38926825207852495 -0.011055651571689421 0.999968675495782 0.010868835465318725 -2.2147265174680153 -0.006950524131780729 -0.010909643816370145 0.9999039396755827 205.71382656551282
0.9999389746141284 2.0216155568060154e-05 9.130687596638687e-05 -0.39214087869457653 -0.00886916936895841 0.9999678523322412 0.01131903818576598 -2.2462236449426434 -0.0057545487101039365 -0.011339786308917323 0.9999089179703173 207.164325550773
0.999945914476217 1.9966810899024745e-05 9.017578891605017e-05 -0.39483506036503513 -0.007775063253332469 0.9999697082212813 0.011180572697302578 -2.258476536137348 -0.004718861270261116 -0.011193413969601496 0.9999178592539475 208.60181618126012
0.9999477497973593 1.8954869486786236e-05 8.543676704314313e-05 -0.39760184537112064 -0.00747862131238659 0.9999759786250744 0.010593903240446277 -2.2620268569067474 -0.004413327317555282 -0.010605001802672608 0.9999262113328807 210.11832671510183
0.9999357155881212 1.876210307940815e-05 8.446383429140994e-05 -0.4003832509069625 -0.009007151905535098 0.9999769603042294 0.010473122639046564 -2.280474167390595 -0.004564925820296595 -0.010493863094464687 0.9999264279330697 211.57650064167404
0.9999285464865534 1.9613360774339145e-05 8.845957734985688e-05 -0.40294331077586276 -0.009763801907367704 0.9999706272705287 0.010968966181612241 -2.273355851223716 -0.003968747577344554 -0.0109935622373604 0.9999246866140497 213.02609687693365
0.9999243807519195 1.9566804657502462e-05 8.825395032095555e-05 -0.4057336818074756 -0.010119864612681578 0.9999702241285068 0.010944361562150983 -2.295967750841155 -0.003249498309936396 -0.010969575648067243 0.9999288444339554 214.47066398981477
0.9999193573491941 1.8569785807057843e-05 8.360376945835556e-05 -0.4084783531286762 -0.010750024866319232 0.9999748708670589 0.010368191201700969 -2.3131190240908244 -0.0032775957412583528 -0.010396668951217576 0.9999348145374269 215.9142729609423
0.9999246601617328 1.764261410453806e-05 7.923354469628846e-05 -0.4112227300797928 -0.01003273605555506 0.9999820226132743 0.009826977349410822 -2.3201478631457495 -0.0030156905857196695 -0.009851274850939822 0.9999416255892715 217.40286047108614
0.9999160722692547 1.752388424069648e-05 7.873603895211436e-05 -0.4140602258206099 -0.01093865873515878 0.9999804152467177 0.009766037497668616 -2.3392757530175734 -0.0022994257621426163 -0.009792686195800756 0.9999453971278124 218.88906405443294
0.9999059153834009 1.6840647917794674e-05 7.566911562140112e-05 -0.41679727192810606 -0.012277863317517942 0.9999793003390464 0.009385624492702388 -2.350743872866607 -0.002646442228090619 -0.00941925774985351 0.9999474942854085 220.3537942586664
0.9999185915224509 1.735131815008492e-05 7.790856969379801e-05 -0.4196076510269366 -0.010656454815745443 0.9999821891829123 0.009663371274130748 -2.3648944057836188 -0.0024361728375617937 -0.009689202022085772 0.9999458329999845 221.8471764933353
