1.0 -3.469446951953614e-18 0.0 -1.5585406229479126e-19 0.0 0.9999999999999999 -3.5575383784680614e-19 0.0 2.168404344971009e-19 -2.388632911257127e-19 1.0 0.0
1.0000005914377053 1.1956327172438913e-06 5.3627550915744115e-06 -0.0025724908183114847 0.00020089264314402354 0.9999981306314466 0.0006661498083598322 -0.021923715912692023 0.0005683330602807809 -0.0006705202411875233 1.0000006495569949 1.3269663392242248
1.0000037316296113 1.8269696085791015e-06 8.312126194324207e-06 -0.005051259579434729 0.0006039663497323811 0.999994406432806 0.0010323810811453688 -0.03979067333320005 0.0006267138633196559 -0.001036785216461184 1.0000004127387558 2.620117433890171
1.0000022564511915 2.1530294465766514e-06 9.715492281480971e-06 -0.00766781410575053 0.0005736686742335347 0.9999944704700543 0.0012067491893815072 -0.06788230463530817 0.0013086056372297959 -0.0012170831090065354 1.0000007834715048 3.9439816432133856
1.0000053681310164 2.5449456039893653e-06 1.1598817258498756e-05 -0.010133901882015899 0.0008626640902973017 0.999991623046216 0.001440503117562757 -0.07549140329470364 0.000874038807980466 -0.001446838386904682 1.0000001704409518 5.275855065110369
1.0000074279941866 3.0339157678759693e-06 1.3881255028038927e-05 -0.012613158270836866 0.0011917792263351872 0.9999881822768263 0.0017239158024472017 -0.08502868469822282 0.0012009214177642038 -0.0017329916644421366 0.9999999706828442 6.606422889662988
1.0000170716420134 4.158402894862204e-06 1.9377974084625786e-05 -0.015237969198912724 0.0023174061370468436 0.9999757242968542 0.002406188937561489 -0.11208120593335089 0.0008797254690161207 -0.0024113294769315956 0.9999983291515976 7.939493756793719
1.0000179295681915 4.239668726473134e-06 1.978566672240908e-05 -0.01766751431630369 0.0024216536949806054 0.9999745140382069 0.0024567910446100082 -0.11741735824074176 0.0008694735283303572 -0.002461734586010353 0.9999981975268587 9.261264895432735
1.0000165749849947 3.931399673339983e-06 1.8330837519934477e-05 -0.020129374303312273 0.002341788232606142 0.9999757772375364 0.0022762734193519825 -0.12886519505105284 0.0012635250348684217 -0.0022853709722645116 0.999998904766247 10.573677746781401
1.0000097671710524 2.867627194877778e-06 1.3233908945763572e-05 -0.022658924360159864 0.0015034978244140521 0.999985388606545 0.0016435632567059898 -0.14420589107657472 0.0012955293728292008 -0.0016533537031241964 1.0000001570860586 11.906219325557247
0.9999965483282277 1.6316208343355315e-06 7.164379016039299e-06 -0.025231952534755887 -0.00021582746897807863 1.0000013056076607 0.0008899448497962859 -0.1657280615298927 0.0009491630201158627 -0.000897826893183904 1.0000008732365155 13.235273986533745
0.9999928892902002 1.476689610212939e-06 6.342952500600638e-06 -0.027712247248202343 -0.0006501433141578184 1.0000047017346188 0.0007879665050672924 -0.17353760248193334 0.001038811453851544 -0.0007968752801737166 1.0000010300586737 14.57412182889398
0.9999950408133116 2.372924612152952e-06 1.043367671003958e-05 -0.03033303841664569 -0.0004706636108008713 1.000002820625239 0.0012957947665681593 -0.19454468864371863 0.0006476218154198082 -0.0013016308364722717 1.0000001313553641 15.931926372857397
1.000003060954114 6.139801830692612e-06 2.7722102099855036e-05 -0.03292140013678614 0.0004615402594957945 0.9999902041988948 0.0034416399187204203 -0.21823836290596402 0.0003630004160456823 -0.003444124337776952 0.9999947085439879 17.259789348806432
1.0000457172867117 9.065380216300226e-06 4.327191287069863e-05 -0.035645670177953455 0.005703223628286692 0.999923307853701 0.005370805618817982 -0.25140057188417386 0.00011400016495217492 -0.005362741178888713 0.9999858976471606 18.62069769009026
1.0000555396684185 7.24636497501617e-06 3.56306072210068e-05 -0.038206920455661056 0.006912275501794378 0.9999106005627788 0.004422847109389441 -0.2702187775548588 6.585344317494319e-05 -0.004411975091034233 0.9999904480302495 19.955287820101553
1.0000602620554502 3.926221139916725e-06 2.091305023575198e-05 -0.040659272459335885 0.00762867839045577 0.9999060590594909 0.0025966746613149522 -0.2601150675080731 0.0006452679527862912 -0.002593415101477004 0.9999976316166312 21.3585451641816
1.0000430791463408 2.2573800634011904e-06 1.2248526362310802e-05 -0.04354466182596273 0.005347300333184908 0.9999414647581506 0.001520896623874999 -0.32033318321649995 -1.2164590382667505e-05 -0.0015112581612001478 0.999998857978834 22.688029729933895
1.0000344837174702 4.174765703428632e-06 2.0367161029055843e-05 -0.045876476698888856 0.004129440762718515 0.9999549882625257 0.0025283828877526184 -0.3031325818017833 -0.0006828261699304056 -0.002512865304660303 0.999995413314018 24.056178338967698
1.000032847380003 1.3495382422156962e-05 6.286597638162665e-05 -0.04850364346877137 0.0037172304829460757 0.9999326240436369 0.007799669728600585 -0.3209116600143282 -0.0016148398175163745 -0.007774687000469212 0.9999656700533254 25.431909401725054
1.0000393906809235 1.4963233447804272e-05 7.006625830643367e-05 -0.05117648004084595 0.0045546355083161925 0.9999150419011245 0.00869232077705107 -0.3441671815314648 -0.0015042959036981605 -0.008666043378636707 0.999958727436126 26.808511505475607
1.0000790965155615 1.3298442010707678e-05 6.524884214719178e-05 -0.05393648305194252 0.009453943111511829 0.9998462875641639 0.008095086638077112 -0.3750058023314061 -0.0016460502508501308 -0.008050636880764201 0.9999633832420938 28.199572203069497
1.0000776441580816 9.701175567148473e-06 4.853934617930983e-05 -0.05632538733482992 0.009214519608017066 0.9998651113306294 0.006022969673470067 -0.3709039505394478 -0.0019094060564783702 -0.00597439783873577 0.9999769695139871 29.540924326787742
1.0000745948719039 6.589656361829024e-06 3.4074817473648926e-05 -0.05931557309044845 0.008784381307386032 0.9998816730690095 0.004228452792202926 -0.43316789554304236 -0.00213882976494636 -0.004177270440078326 0.999985186892465 30.91932534696565
1.0000669841316794 4.734503889358352e-06 2.506280815940307e-05 -0.0616127359023196 0.0077273533309374 0.9999030352948782 0.003109682936282358 -0.4059091650378088 -0.0026376090931646964 -0.0030545553257303607 0.9999871385194605 32.31313721832715
1.0000581333611156 3.359004889185932e-06 1.820293664236668e-05 -0.06451290882959547 0.0064697831653445816 0.999924390219389 0.002257493098017841 -0.4596656693752381 -0.003343945071862594 -0.002197521829446119 0.9999859888836279 33.679625366608974
1.0000566462450293 4.394439804333156e-06 2.2771221877911215e-05 -0.06716038840305838 0.00628574165372515 0.9999255969231297 0.002824520557823125 -0.47204053254352396 -0.0033410711862278068 -0.0027656009424675844 0.9999846021889398 35.09070678306977
1.0000550207159193 6.7540369088504165e-06 3.3354182150726556e-05 -0.06993881111427275 0.006096653529372239 0.9999236986142647 0.004137885563330131 -0.5060922988652496 -0.0032840449293820287 -0.004080894889139831 0.9999804105082625 36.47763975666833
1.0000499753998113 7.84325078260345e-06 3.797018759335515e-05 -0.07241923899178991 0.005541457854339042 0.9999288565100001 0.0047109354949505695 -0.4983281413447418 -0.0029656971482420295 -0.004661138125830086 0.9999794522310631 37.886013144977944
1.000048568950807 7.630320719140271e-06 3.69062125057636e-05 -0.07471929182073965 0.005417729571974159 0.9999311449876837 0.0045791686456894114 -0.47313743404897673 -0.002738529265906067 -0.004533004329302098 0.9999810974990113 39.27220314277214
1.0000406242876945 8.281645412170496e-06 3.936987423575262e-05 -0.07739779089859082 0.004328130677069631 0.9999437807901826 0.0048843222286488915 -0.4914357445031882 -0.003197622153752391 -0.00483738089959243 0.9999774842748307 40.67404830745022
1.000038845553273 8.958731041312437e-06 4.2353913792347745e-05 -0.07993844328155673 0.004158009311834519 0.9999439891685179 0.005254740185247697 -0.4886587091235175 -0.002971162034739569 -0.0052114455929837215 0.9999767175955264 42.09353580177197
1.000038624086525 9.063111244366276e-06 4.2817761126544935e-05 -0.08247879740330405 0.004128544111003135 0.9999440437098047 0.005312268863008492 -0.4951810808585827 -0.0029799076576744353 -0.005269011811158795 0.9999763749502796 43.47138687302169
1.0000399523757313 9.419540015110847e-06 4.4529506718433455e-05 -0.08523097924156728 0.00431490205484111 0.9999406019312409 0.005524697313861751 -0.5161482510715437 -0.002884487338352635 -0.0054817634779467835 0.9999756864713526 44.90213822437516
1.000032025492484 9.29890673422723e-06 4.3509063149742766e-05 -0.08809700956310598 0.003618444262436236 0.9999496601656805 0.005399263633046319 -0.5535312251770681 -0.0016001922155139449 -0.005374556788274693 0.9999814655697625 46.322735680295274
1.0000302500386913 9.90141121359582e-06 4.6167613679246045e-05 -0.09085103261157663 0.0035117082136855715 0.9999490583835523 0.005729372396774424 -0.5763623740144972 -0.001092878597420826 -0.005710928759862521 0.9999812050850064 47.74619424018562
1.0000206234868994 1.1087624073763055e-05 5.109863012633877e-05 -0.09366713835994828 0.0026102730919024854 0.999955372556493 0.006341570625387321 -0.6115693571571938 0.00021864500894403535 -0.006339736981842861 0.9999803666315136 49.1488456573459
1.0000144458033489 1.1242026878344885e-05 5.150676425773196e-05 -0.09631190256850872 0.002057275466410326 0.9999607917993837 0.006392407247910614 -0.6201572845022314 0.00117394025613848 -0.006401083293708587 0.99998103632711 50.57531126458817
1.0000140939992685 1.1327562132967123e-05 5.188348602445112e-05 -0.0990133582024977 0.0022428170246828246 0.9999585982490172 0.006439137955346677 -0.6310118639067102 0.002196214940719411 -0.006458238005652667 0.9999807927391603 52.02306632437944
1.0000079446992287 1.2936773783217906e-05 5.902042017113759e-05 -0.10170960158319946 0.0017952442529652213 0.9999570051898545 0.0073237436995458255 -0.6481020864173317 0.003605938533292781 -0.007356580669851877 0.999973055869612 53.440126448516054
1.000011200306768 1.3806224280236631e-05 6.318521828146311e-05 -0.10448932928113903 0.0023249217564248314 0.9999477279386877 0.007839820435177077 -0.6671403236890272 0.004164994916601421 -0.007879485535392146 0.9999679169601464 54.89473585746365
1.0000474188599668 1.5062953058126924e-05 7.104585701962589e-05 -0.10699553880648874 0.006886845503347476 0.9998818493716699 0.008814022939522843 -0.6668947527247331 0.004450037852927433 -0.008869295600508798 0.9999589287447875 56.28385846938857
1.0000457668316955 1.5360761343775203e-05 7.232219615164234e-05 -0.10980900184333033 0.006830415557107804 0.9998812856730922 0.00897175401583077 -0.6927461185076857 0.005113336980269561 -0.009036746207820476 0.9999554577068955 57.72676816768472
1.0000432144056366 1.6873429827937714e-05 7.92114799710213e-05 -0.11262920118542889 0.006425032205860886 0.9998791964394562 0.00982581949041973 -0.7193985486563002 0.004719130671295643 -0.00988383257043386 0.9999486822764152 59.16983627793569
1.0000408448982092 1.7255389649277128e-05 8.08464062819949e-05 -0.11537373834198014 0.006089861230812552 0.9998819776109988 0.010028532350901467 -0.7460787819443842 0.004536733643671219 -0.010082972635734676 0.9999472118037988 60.57087600414297
1.000050512270829 1.8580917409085143e-05 8.769991271930368e-05 -0.11808240730639305 0.0072206093010788105 0.9998564523868292 0.010877858640431599 -0.7537716539085506 0.00422523616816547 -0.01093092798048445 0.9999391164872955 62.0367258757744
1.0000571887150813 1.8017446791864303e-05 8.552811746261654e-05 -0.12088083208700044 0.007973488761496549 0.9998475616277736 0.010608972101407736 -0.7844839343077372 0.00388509402670191 -0.010658506870132707 0.9999428186830693 63.44962933042637
1.000054907621459 1.7340165809735103e-05 8.21891853778785e-05 -0.12370751222587227 0.007609162632196112 0.9998576433647425 0.010195444643785741 -0.8174512873163937 0.003523711236561212 -0.010238444628314624 0.9999478881221082 64.86812497712744
1.000060307178475 1.6691395393453323e-05 7.954744322959443e-05 -0.12644095767988722 0.008060239403970553 0.999853762203356 0.00986840564843419 -0.8331208153971925 0.00254484813503339 -0.00989644088636743 0.9999525293377125 66.31212459291247
1.0000515218017612 1.6757918165863708e-05 7.922722598396252e-05 -0.12903204490513687 0.006865996899462039 0.9998726850195245 0.009828795313301502 -0.8466272867506828 0.002084708039341446 -0.009848896174477236 0.9999532324291068 67.68692746133365
1.0000309460190255 1.9222112010865156e-05 8.947378274986955e-05 -0.1318181228657927 0.004138579900259631 0.9998963538276842 0.011098349306315553 -0.8642658158038745 0.0013172328534338713 -0.011108101481431454 0.9999399752039507 69.15129594885661
1.0000064701355273 2.1216867081411128e-05 9.763819710603954e-05 -0.13440907385980363 0.0008970641262397976 0.9999188703475367 0.012109492308099956 -0.8826910370004544 0.0004171186529720926 -0.012112453687387963 0.9999274835588847 70.50408792264099
0.9999848105906939 2.2735363430254063e-05 0.0001040203434476653 -0.1371324272593206 -0.0020163386713387237 0.9999308093786438 0.012899466876189957 -0.8938878778645616 -0.000579545009130499 -0.012900207882302695 0.9999157617535716 71.96244440499243
0.9999503060949714 2.264694822331874e-05 0.00010287817044384701 -0.1396440479558031 -0.0063540570667785035 0.9999494015966706 0.01275786720463148 -0.9030074745351966 -0.0008140370688833442 -0.012768327358872676 0.9999168657623784 73.31279941662785
0.9999217139331176 2.2066734147287506e-05 0.00010006014457696684 -0.1423070443450402 -0.01012494198129189 0.9999530988265171 0.012408163833140385 -0.9203517586024703 -0.0017951625523108764 -0.012430496275686995 0.9999180660603882 74.71031317904267
0.9999123327426959 2.2549512128280935e-05 0.00010242927722504459 -0.1450153091660472 -0.01144460123370177 0.9999458112732121 0.01270093293135667 -0.9296859493579679 -0.002484623071512433 -0.012730375055207821 0.9999115770702712 76.16861966716903
0.9999092070505751 2.2963770289994093e-05 0.00010443330734033018 -0.14754552549861216 -0.011913722728108537 0.999940927355501 0.012948729457338944 -0.9381697740845534 -0.002845578238485868 -0.012981585985643128 0.9999067370294359 77.5321088609336
0.9999165445490635 2.370161836105257e-05 0.00010785727044608485 -0.15036616943683256 -0.011014156485607173 0.9999384113161671 0.013372658352193034 -0.9725103696631177 -0.0028976775400954558 -0.013401452764102801 0.9999009602051081 78.94113739280515
0.9999194988441378 2.167576669190492e-05 9.822495755115691e-05 -0.15279378074865393 -0.010623053851491746 0.9999547511256879 0.012179954534421594 -0.9667997915477169 -0.002789726176103344 -0.012206596149020896 0.999916745181783 80.31110104475617
0.9999267303441459 2.169351456504827e-05 9.827163974392822e-05 -0.15543310682079847 -0.009663943401542047 0.9999566837167304 0.012186020860231865 -0.983024843240609 -0.0025175789873057106 -0.012207807049090545 0.9999179440576981 81.70049662889181
0.9999252972210683 2.2747411891916453e-05 0.0001032680732532044 -0.15808828340385875 -0.009745490301803768 0.9999488021003191 0.012805192377894098 -0.9957947333247386 -0.002087527784825273 -0.012826641179829427 0.9999119731010286 83.11407927647302
0.9999302619073647 2.0992572753777625e-05 9.495321873816739e-05 -0.1605302515011257 -0.009138036503723603 0.9999623197585337 0.011775375530757292 -0.9933114878756648 -0.0021281718497963347 -0.011794466433954908 0.9999245067503262 84.4776017502082
0.9999137531489352 2.1746748413351696e-05 9.861209342013999e-05 -0.16324942930296532 -0.01097019161037845 0.9999531951971724 0.012229291021578138 -1.0188099083286761 -0.0011556375592963331 -0.012252847088621326 0.9999223545186908 85.86986693049263
0.9999161972527424 2.3114160362236805e-05 0.00010506838862006391 -0.16574373526452496 -0.01043665940543895 0.9999444924172489 0.013029409726788432 -1.0279315529549173 -0.00012995144736357772 -0.013048978730785121 0.999914804810183 87.21062329656927
0.9999163998538823 2.4692670756094534e-05 0.00011257973690840845 -0.16832892412708522 -0.010226587901622688 0.9999324021870379 0.013959721112952848 -1.0395758155581445 0.0006946667068273033 -0.013977130685270771 0.9999035310592336 88.59046406906174
0.999927145700485 2.553253359750471e-05 0.00011652695730049131 -0.17088960326901334 -0.008489476432998754 0.9999277217058891 0.014448466540039945 -1.041555813967535 0.0024899842926034356 -0.014463149303087345 0.9998970088589 89.99982882779004
0.9999340221428652 2.6607813108332073e-05 0.00012167211833892673 -0.17351422301669145 -0.007487363423063564 0.9999182454942026 0.015085184987225976 -1.0629180636477418 0.00315054731783125 -0.015100936831956393 0.9998869188676082 91.35816990241156
0.9999348659331465 2.6036852669605176e-05 0.00011893646330601144 -0.17595056643929827 -0.0073796117882659286 0.9999232352677556 0.014746570458358131 -1.056874396819329 0.0031637509669170984 -0.014762466568144426 0.9998919506094803 92.73445513423003
0.9999429726728166 2.6045248601518425e-05 0.00011901038067815709 -0.17851887814456635 -0.006270974756813142 0.9999217429319627 0.014755551401690698 -1.075159403076072 0.0036179817786388757 -0.014773771688614403 0.9998910635825851 94.0753339657139
0.9999459411185428 2.5841091651150616e-05 0.00011805490122093233 -0.18098430556005926 -0.005866014962572871 0.9999226809396317 0.014637207571089116 -1.075370431140677 0.0037798928055939665 -0.01465651925031728 0.999892480849095 95.43983377346265
0.9999476564457606 2.4809851210616518e-05 0.00011314109378300088 -0.18356687745290623 -0.005686400721259606 0.9999310000539768 0.01402897776023769 -1.0909539222548266 0.0036308838600069317 -0.014048282257611205 0.9999014857296064 96.8006579617596
0.9999366538152961 2.4098123697288698e-05 0.00010968153392333668 -0.18607124478816495 -0.007219836069354965 0.999939372207499 0.013600912582371625 -1.098082882464271 0.002886087513884603 -0.013616766293227263 0.9999085313056496 98.15587316204316
0.9999235355167024 2.4617150783484004e-05 0.0001121691767123087 -0.1885904967103963 -0.008839137207512714 0.9999351666542013 0.013908899140543676 -1.1071589642462587 0.0029300996248513432 -0.013922976754763481 0.9999042703370941 99.5106486735212
0.9999210701284732 2.6534107013486546e-05 0.00012135208637904815 -0.19109613814248774 -0.009116734300754853 0.9999184342470052 0.015045607848302629 -1.1120667209656832 0.0030575587801019988 -0.015059274035940104 0.9998876673815846 100.87647509711363
0.99992603284826 2.7787881426455732e-05 0.00012735254123865053 -0.19343031293348983 -0.008657061133446733 0.9999073544496251 0.01578837820053921 -1.1059669793502123 0.002358967701396341 -0.015803069636280892 0.9998768299305797 102.19642579597611
0.9999216591007124 2.6860772012299652e-05 0.00012291605612236548 -0.19589994414858664 -0.009076941116612239 0.9999155408518393 0.01523921941846274 -1.1124117891991487 0.002908825093603341 -0.015253095926169986 0.999884907443371 103.53545391185688
0.9999237227893248 2.2483417010076e-05 0.00010202313944742444 -0.1984132282116286 -0.00895888056710684 0.9999517686455222 0.012652711233561438 -1.1272048721496954 0.0022923790938387495 -0.012667202000126974 0.9999214631290458 104.86142891965538
0.9999392539014279 2.142206478416772e-05 9.699641543262257e-05 -0.2007953172438786 -0.007079306198576348 0.999959400407335 0.012030178665697763 -1.1309619134922968 0.002072768814140003 -0.01204535332344302 0.9999292212442594 106.16395933517566
0.9999432818629408 2.2487355242207033e-05 0.00010206011720243651 -0.20340391950215586 -0.006660719719985955 0.9999511545823652 0.012657315096609277 -1.1459792455907152 0.0017086515003272408 -0.012672121581976096 0.9999215147298668 107.54172487884748
0.9999646777678902 2.4847805537450696e-05 0.00011356628006136023 -0.20571727665464984 -0.004059361524247031 0.9999250814446891 0.01408199268444061 -1.1294647977173438 0.001459747587416867 -0.014095697081247924 0.9999024256034711 108.89659100871559
0.999977138764404 2.7238407194256353e-05 0.00012530769140359221 -0.2083269665392 -0.002740259606313674 0.9998974004784696 0.015535165303091234 -1.1575011833161295 0.000441017102105987 -0.015543141673866253 0.9998801227590132 110.21689970800098
0.9999792709572561 2.597999618353733e-05 0.0001193266607451911 -0.21065980547048424 -0.002603199149261478 0.9999079047673475 0.014794694634497172 -1.1470306844451281 -0.00012863779901933097 -0.014799344674635527 0.9998904579705308 111.55560220132152
0.9999709825483025 2.1017341845555246e-05 9.551572808093279e-05 -0.2132581847566911 -0.003895574729689811 0.999953440648193 0.011845745292832643 -1.1752517473150184 -0.0013016462560512551 -0.011847781331076866 0.9999267871418442 112.86882311240903
0.9999520283373801 1.9823666968010745e-05 8.956314092431732e-05 -0.21587761881281603 -0.006352517663440397 0.9999691125199988 0.011108025637041614 -1.1978799298305498 -0.001761010769917096 -0.011116792361705733 0.9999336376343044 114.21864666809095
0.9999354296956229 1.8597275924767814e-05 8.369047887021972e-05 -0.21823667559822701 -0.008839686480945007 0.999978094239053 0.010378505711568673 -1.1983221092990917 -0.003659766848231413 -0.010397519139749761 0.9999327899423951 115.52320382596059
0.9999315252643428 2.1546372964960023e-05 9.756815529490272e-05 -0.2208394589318818 -0.009605254948639723 0.9999578718768743 0.012095927759382116 -1.2138921925639254 -0.00491145088114843 -0.01212101615908226 0.9999057833138546 116.89528161807826
0.9999257625220228 2.5565736164485237e-05 0.00011669021826375562 -0.22316435843650093 -0.010455250017317008 0.9999247225514817 0.014462689933907456 -1.2105930132320932 -0.0055104417693699614 -0.014494912958810188 0.9998700191979805 118.19760606835048
0.999927346491398 2.6353091874674328e-05 0.00012045537411768561 -0.22572234447984754 -0.01047279235684041 0.9999178483799829 0.014927076987097172 -1.2216452630949002 -0.006465931092694868 -0.01496163415730077 0.9998557032229344 119.56502107197912
0.9999296577271085 2.521594009544971e-05 0.00011500839192411794 -0.22815402673619228 -0.010412206874183079 0.9999278701542987 0.014250834933616655 -1.2289579956243677 -0.007475790763273705 -0.01428714661030364 0.9998566946722643 120.87916116172596
0.9999143465889887 2.479960475863796e-05 0.00011311002868601128 -0.23063515004074137 -0.012614843149330436 0.9999236121913155 0.014012750628090308 -1.2388831663053992 -0.008818722820570092 -0.014075554004252906 0.9998463248593715 122.20903313592119
0.9999031196534435 2.440472793158177e-05 0.00011138023771575063 -0.2331056168865036 -0.014289598746311387 0.9999175921893868 0.013795371862547267 -1.2429669067504505 -0.010069516775359886 -0.013883703792840353 0.9998349312968767 123.55905337704546
0.9998902677513796 2.4333289129587973e-05 0.0001113068245639445 -0.23556667456365943 -0.01614876878761083 0.9999044363198607 0.013782916148616485 -1.2453968015428858 -0.01124275351408653 -0.01390280780680292 0.9998200431314072 124.9112379066583
0.9998945840609699 2.2055125628278605e-05 0.00010038317407688128 -0.23805967671422346 -0.015880425547897106 0.999924369434935 0.012426649569819814 -1.2593965733857824 -0.012436586468737063 -0.01255218742466884 0.9998215990936449 126.22951789004934
0.9998947787040708 2.2520911094897275e-05 0.00010258592312643584 -0.24058708438610374 -0.016027950762915064 0.9999198041000107 0.012696907581090414 -1.2727073946634748 -0.013202283797398733 -0.012830515260892862 0.9998068697511786 127.56992528226127
0.9999017152024561 2.3594216512186697e-05 0.00010754538049857158 -0.24291020436486987 -0.015375724629135388 0.9999168414432296 0.013307799647993923 -1.2683005408386334 -0.01413532235577174 -0.013438161898011648 0.999784454804999 128.87620390564172
0.9998973303420733 2.454076786630524e-05 0.00011213720773848635 -0.24559516458647687 -0.016122594174719673 0.9999034014928705 0.013872947660039978 -1.294385132754441 -0.015037538852108703 -0.014022331739138468 0.9997616482113796 130.246904114783
0.9999065082560094 2.4527336610848452e-05 0.00011191062657295325 -0.24793428815106439 -0.015057582123221076 0.9999118374793913 0.013843677104872283 -1.2867838889718595 -0.015371110315731233 -0.013977272272667174 0.9997566031673303 131.57629165388175
0.9999018692530168 2.447539474360709e-05 0.00011173886708642036 -0.2506001363266324 -0.01563743305762558 0.9999079021056992 0.013822317178151057 -1.3146760026026285 -0.015387744641098662 -0.013966055052547326 0.9997564738364528 132.9283461899825
0.9999062253950786 2.5366902445025583e-05 0.0001159235159800358 -0.25305133014125814 -0.015047733159100594 0.9999048864005388 0.014341227903732599 -1.322796306483542 -0.015170529911870134 -0.014473252257101702 0.9997529792006505 134.24969106036775
0.9999051213187387 2.508274604112737e-05 0.00011458279100234003 -0.25566210134454365 -0.015077512996657171 0.9999070212699325 0.01417705737629872 -1.3464982050902168 -0.014691858267095737 -0.014306355819036455 0.9997633922981588 135.58992852372418
0.999896523045131 2.4348618210415576e-05 0.00011123770114068406 -0.25822482405254343 -0.01589481339005276 0.9999066815740737 0.01376690242919692 -1.362693158587401 -0.013574627875954821 -0.0139012847549313 0.9997869120345096 136.93703268012214
0.9999148966096688 2.6030931057238055e-05 0.00011899129777175228 -0.26069844052329255 -0.013396542024840176 0.999909417805337 0.014730093227750263 -1.3686106985382016 -0.012609374365071481 -0.014820806730090183 0.9997881001950046 138.280619361662
0.9999112444429233 2.6663877778542247e-05 0.00012206660094272689 -0.26316328078862256 -0.013578527044211149 0.9999026858326265 0.015114488257492132 -1.3808124209700898 -0.011398247807001473 -0.01520137662584054 0.9997991200516865 139.59132080070142
0.9999187282980829 2.689986192240708e-05 0.00012312415630395031 -0.26571467320435466 -0.012387357727180942 0.9999065203812659 0.015248742285460085 -1.388164928804083 -0.010230984097079886 -0.015314972602985963 0.9998121219702949 140.9715832303656
0.9999095791699747 2.627977774052187e-05 0.00012024568730384963 -0.26817051824505456 -0.013241401727213204 0.9999077797015444 0.014895666993850537 -1.3945743915946018 -0.008972531206683747 -0.01496593204157349 0.9998317605434843 142.30313370749826
0.9999058987523259 2.5895215631111662e-05 0.00011845612182882163 -0.27066091713866164 -0.013495627305212308 0.9999096757558162 0.014676251584942951 -1.4021394902334674 -0.008067919183234604 -0.014744492382298982 0.9998443896887879 143.64866770660612
0.9999283176970093 2.161148402427676e-05 9.787969086363468e-05 -0.2730952738833653 -0.010649582778354691 0.9999553000319091 0.01212921825575356 -1.401017319971567 -0.007792226059324124 -0.01216854625560862 0.9998817047614236 145.00190495180934
0.9999365127244887 2.1436367300302697e-05 9.705441209546372e-05 -0.27578962923187333 -0.009365602006099991 0.9999590187081008 0.012029431909902896 -1.4417494946531229 -0.006604936764214856 -0.012054976772192414 0.999893770441183 146.31248678525589
0.9999998226409539 2.5263128963618625e-05 0.00011659736456898434 -0.2783743549152383 -0.0013058112572023675 0.999905023965464 0.014451059255424272 -1.447634160786016 -0.005725111931161837 -0.014415165354245009 0.9998695771853234 147.71775628109214
1.0000549724196564 2.734375102313516e-05 0.000129718182514749 -0.2807994763212766 0.0058776260429849545 0.9998058963611279 0.016077377025941312 -1.4504353237283103 -0.004234062295975762 -0.016009552632858696 0.9998554608394836 149.04838234132237
1.0000621200694455 2.677960846482301e-05 0.00012754007164668965 -0.2832993185341712 0.007061722402432162 0.9997929750768365 0.01580937734735886 -1.4769457557626076 -0.0029121384181165855 -0.015754733734520316 0.9998666158488335 150.31465859177177
1.0000853539907115 1.8051296411390055e-05 8.797085151402632e-05 -0.28555579107520457 0.009884498636273666 0.9998118643365232 0.01090959368619099 -1.4605394827876381 -0.003191574427055118 -0.010836448089255563 0.9999305852435698 151.63753759981205
1.0000386895780171 1.5915361321564708e-05 7.445449765041139e-05 -0.288371015837575 0.00394180585606339 0.9999177177578334 0.009233912857120037 -1.4957697317508072 -0.003848949041379824 -0.0091814323344474 0.9999436259999962 153.03959734051537
1.0000119512115466 1.5020315373362111e-05 6.884946780320996e-05 -0.2911913421750275 0.00042349012820106814 0.9999599245762488 0.008537969098600771 -1.524735700054881 -0.004730425305698182 -0.008497500522902147 0.9999442889544305 154.47241843016673
1.000059273431323 1.8207101013474614e-05 8.657137798333834e-05 -0.2932479126607173 0.006190713355530685 0.9998732160687829 0.010733508531477027 -1.4947143175460338 -0.005219883979362007 -0.010649136645475836 0.9999204014088546 155.74530196596322
1.0001420958968685 2.1686248713183656e-05 0.00011121760120086886 -0.2956870128266121 0.016380876877921134 0.9996386313507971 0.013785565838207822 -1.5009872202820416 -0.005646280273318848 -0.013622155596530077 0.9998812746270958 157.0681875365372
1.000165859913816 2.293491098601108e-05 0.00012030726428173977 -0.298136178028239 0.019270287251820804 0.999547662274426 0.01491046417155006 -1.508105243256082 -0.005922143277719393 -0.0147193907007574 0.9998636458916684 158.39287861806204
1.0001668566672735 2.276957672938014e-05 0.00011965386759410805 -0.3006587752750634 0.019457987111844585 0.999543711296455 0.014830046503416886 -1.5186546537960748 -0.0056371223836138165 -0.014645442353125296 0.9998668929171114 159.74293649514087
1.0001603483138575 2.2916319475220145e-05 0.00011946222732824355 -0.30314815941214546 0.018398071264229376 0.9995727026426913 0.014804389544751523 -1.5196193463361831 -0.006759321141203927 -0.014597425116668448 0.9998586114063741 161.117343372966
1.000153359212006 2.2081154343505174e-05 0.00011453742807704913 -0.3055519741119171 0.01727746079156385 0.9996106129435154 0.014192490003267801 -1.5169338418851137 -0.007885935547916821 -0.013965817983952676 0.9998573385691474 162.4606371313013
1.0001322370938137 2.0379738936596864e-05 0.00010381423305652615 -0.3080799597455397 0.014473633566692136 0.9996957413364598 0.012862885546438123 -1.5342156540261083 -0.008691586586802186 -0.012643879041455308 0.9998667764551834 163.7836557593367
1.000132795999079 1.9907670869180952e-05 0.0001016422716435734 -0.31047852957823807 0.014414318476551212 0.9997005220784211 0.012592551754217376 -1.5264737168083686 -0.00926564711121284 -0.012361111058764541 0.9998641165661473 165.14659417458233
1.0001372552827543 2.1682005470896604e-05 0.00011060388245994488 -0.3129682105834223 0.014908854471271176 0.9996746821501021 0.013701660855858774 -1.532597848926098 -0.009529944702399859 -0.01345903494693857 0.9998469947260457 166.49815665392936
1.0001387782545759 2.1117986359323396e-05 0.00010810439187894502 -0.3153212474915833 0.015158958514994976 0.999673095912655 0.013392840419747856 -1.5282029808116098 -0.009258067139459057 -0.013153735131043155 0.9998540986947139 167.82095087994665
1.0001244850555904 1.866534623012027e-05 9.48115541190165e-05 -0.3179039170854456 0.01348210466755507 0.9997313375341724 0.011747533803015034 -1.537598202222133 -0.008820013221487323 -0.01153564445607355 0.9998788038568295 169.20942611957406
1.0000897848597698 1.4638622176089272e-05 7.241189320619941e-05 -0.32052881584901366 0.009294559607127653 0.9998415574812086 0.008973168583526902 -1.5506916237716233 -0.00827641310842057 -0.008813970129792943 0.9999120886508702 170.60479703287197
1.0000648777667045 1.3086652234628113e-05 6.31240888006846e-05 -0.3229524052535704 0.006279262617863482 0.9998990059356367 0.00782254426404255 -1.5484736867668882 -0.007928872649937418 -0.007698239633299208 0.999924728559878 171.95695757845846
1.000048548678008 1.4908968429497294e-05 7.04054257086599e-05 -0.32541438162775393 0.004158117414715064 0.9999196843430868 0.008724216964673227 -1.5501599851572962 -0.008344613600124425 -0.00861528625803005 0.9999131273977807 173.31296702546666
1.0000128570387685 1.8555127140724992e-05 8.5393082715623e-05 -0.32814488533745323 -0.0004172649348654833 0.9999471458946461 0.010579986703997239 -1.5744115263221292 -0.008981499527685993 -0.010512191556266405 0.9998883436718913 174.71706542326885
1.0000278684137636 2.1716568919130305e-05 0.00010107206896597812 -0.33053466981116714 0.0014618981547693671 0.9999085635573008 0.01252238882702306 -1.5692917450482091 -0.008915095136674557 -0.012435169956307198 0.9998670194074817 176.06344454227457
1.0000288366547607 2.388439657417807e-05 0.0001114281646305091 -0.3332620346024454 0.001764948388416076 0.9998887062345309 0.01380662736637325 -1.5886948945186468 -0.008099871475380799 -0.013724344444349975 0.9998585822365227 177.4874261748275
1.0000321309685125 2.4090376521245654e-05 0.00011260218458687037 -0.33580881062251844 0.002506287642774621 0.9998790907789392 0.013954989371199494 -1.5937623868373552 -0.006618334333141501 -0.013881304095727649 0.9998699972692409 178.87532203808456
1.000052953554201 1.721590850820194e-05 8.146916414305877e-05 -0.3382611489971811 0.005524032698910532 0.9998890789345674 0.01010209524238799 -1.5982794756347911 -0.0046928128526876585 -0.010029437826701295 0.9999303643774262 180.21336954910117
1.000038534779515 1.113414580689899e-05 5.231003287541687e-05 -0.34101861936948435 0.004176502322353658 0.9999364914002832 0.0064898477732924465 -1.6226847889767564 -0.002716573903013877 -0.006449703954080446 0.9999706993272074 181.63171728262623
1.0000066568623844 1.1684879300854004e-05 5.319415261043265e-05 -0.3437186653746693 0.0003646278307229446 0.9999751193512512 0.006600070481628847 -1.6454181535824928 -0.002060727256941026 -0.006582456094757787 0.9999725869916006 183.02571752124453
0.9999883958906451 1.3087956436702575e-05 5.897682983919462e-05 -0.3460012958501218 -0.001874688521500965 0.9999864589012888 0.007317204332100601 -1.6310017593170103 -0.001933514018642578 -0.007308960467353669 0.9999680350557156 184.35420974112205
0.9999648930172348 1.7454352121991368e-05 7.865356137508176e-05 -0.3487585648287598 -0.00481115190554883 0.999979429452166 0.009756124442145152 -1.6486623790151693 -0.002012117118685158 -0.009758573056190462 0.9999468682915474 185.80252428100462
0.9999550527529214 2.2124126351052986e-05 0.00010045848877466819 -0.35138987652329806 -0.006121411491296695 0.9999527774417397 0.012457007339454118 -1.6718763787796163 -0.0024054079316194214 -0.012463715341678673 0.9999152693523032 187.15631360755248
0.9999658068837148 2.2464915042239714e-05 0.00010225310020868538 -0.3540307709565879 -0.0048593813033394415 0.9999467518205702 0.012678952451153828 -1.6728894737322608 -0.002733330441995336 -0.012679327772455841 0.9999111269300692 188.6144163926874
0.9999603097677348 2.2525420504588417e-05 0.00010243939748558455 -0.3567085145079468 -0.005491613958776562 0.999948274533132 0.01270223622841909 -1.6888990824460348 -0.002508310712469589 -0.012706047214089283 0.9999117842395019 190.02604971578415
1.0000023885944973 2.386202150167667e-05 0.00011001525427521892 -0.35910991465797765 -0.0002628899433124608 0.9999088435261307 0.01364039806858002 -1.6779055347433764 -0.0024952607808698237 -0.013622148939499487 0.9998997929455531 191.40505640294822
1.0000114226388073 2.4336435038711454e-05 0.00011267666253734696 -0.3619053500475493 0.0007047088074998327 0.999896292940583 0.013969219145960575 -1.70081240521551 -0.0031835723175470563 -0.01394086598604516 0.9998922072368205 192.8511128970623
1.000029290813158 2.505202528489507e-05 0.000117029950553491 -0.36436373012765433 0.002886316696075473 0.9998671258862628 0.014507991825988525 -1.7056416443751188 -0.0033505946487918416 -0.014467257312501296 0.9998838898071998 194.19111446592328
1.000067602948046 2.6955756067977704e-05 0.00012882307889345852 -0.3670640987708324 0.007538251142293284 0.9997831477681993 0.015967156002634337 -1.7101793480612022 -0.0038236434592442154 -0.015896115949452155 0.9998596639542697 195.6664379786564
1.000096445597596 2.7639875916836767e-05 0.00013471223845270327 -0.3696876061112823 0.011032459227944562 0.9997106409779956 0.016695466782666767 -1.7170089321804118 -0.00421510299122658 -0.016598353876413823 0.9998459824914174 197.0889722122519
1.0000750189275975 2.4088196543215964e-05 0.00011567696267603491 -0.3723633932747281 0.008324144540076845 0.9997952816240502 0.014339276564748794 -1.7325508434906953 -0.0044261388719621765 -0.01425384844442926 0.9998808270331598 198.50160774172704
1.0000316676520904 1.4774511764622383e-05 6.872841671814946e-05 -0.374938923993772 0.002823640576692611 0.9999368307388073 0.008522676714112684 -1.728956622001731 -0.004946479835736751 -0.008464354073696011 0.9999431340673983 199.94405638011665
0.999952749853946 1.4666753644790656e-05 6.549085391146982e-05 -0.3775715538714388 -0.007251311049924515 0.9999990149227539 0.00811920910849497 -1.7299324007849928 -0.006168832439578377 -0.008127359907199124 0.99993692409778 201.3977483756303
0.9999114985440671 2.110408039055628e-05 9.560055645413813e-05 -0.38021723185873235 -0.012590249387728028 0.9999517471343479 0.011848258732545833 -1.7434788801036323 -0.007131697533922195 -0.011903372526456672 0.9998910150160667 202.80260712102762
0.9999159058838832 2.3407375177442527e-05 0.00010646409525586409 -0.38282277629529665 -0.012261345478798168 0.999936346390334 0.013191562984376412 -1.738755817213377 -0.008105872494932364 -0.01324769913660137 0.9998649447961121 204.26671255019497
0.999911954566764 2.4087071507103083e-05 0.0001097396463742848 -0.3854921037132442 -0.012657603849730746 0.9999291481733087 0.01359804114061364 -1.7453101245977405 -0.007684630089855327 -0.013656239861955773 0.9998635412170096 205.71585117553457
0.9999329983525297 2.4487879543209218e-05 0.00011153239548277469 -0.38825800646048836 -0.009761411579724736 0.9999352130422173 0.013822588613171486 -1.7613148663377514 -0.00642368860549171 -0.01385117489986342 0.9998720355929227 207.17633188385506
0.9999509718627848 2.408754502940952e-05 0.0001097316764774761 -0.39081774861439267 -0.007295297689383541 0.9999394241411929 0.013601499465335506 -1.7641767289031474 -0.005380278973766649 -0.013610675851547497 0.9998833778237258 208.58124498206675
0.9999428910350667 2.335170120994906e-05 0.00010615966469178727 -0.3936169338551339 -0.008202046217285045 0.9999456152995082 0.013159869368819728 -1.771433194652436 -0.004948527465483226 -0.013175529696179945 0.9998922097265838 210.09917214725002
0.9999289904820214 2.3516147278936778e-05 0.00010690827668580357 -0.3963343022266988 -0.009910502342010219 0.9999426718304664 0.013252651169056683 -1.7829815597921153 -0.004868866910909372 -0.013279732313048692 0.9998913676479396 211.55264626692457
0.9999154749081611 2.4709738011529855e-05 0.00011266988800348859 -0.398937554666779 -0.01156747003569195 0.9999284968358053 0.013966118852634126 -1.7843985186998068 -0.0047728058552835885 -0.01400399927112337 0.9998821332786769 212.9881005306056
0.9999162744053715 2.447750208952118e-05 0.00011155470729806304 -0.40163392421681715 -0.011316320852592585 0.9999312561347341 0.013829011377504308 -1.800719547134912 -0.004095581606393569 -0.013863073553178036 0.9998883212036983 214.4086607965544
0.9999064658733807 2.3587574110929196e-05 0.00010743596307658389 -0.4044625994336462 -0.012502793667387421 0.999933606431538 0.013319221216992503 -1.815783587707121 -0.003954412749474572 -0.013359718681445453 0.9998959891803479 215.90810222906816
0.9999102925800499 2.269943071869958e-05 0.00010316488118470722 -0.40709832966851167 -0.011958014535806544 0.9999427910537606 0.01279074533850104 -1.8121046024345957 -0.003644304692462609 -0.012826874113461749 0.999904697123568 217.3842694973621
0.9999012925814517 2.2832980555501786e-05 0.00010393657777797998 -0.4099539542431659 -0.012939803217726413 0.9999372359485609 0.012886997703315198 -1.8320807333677653 -0.003038129680731268 -0.012925612044345664 0.9999065471577222 218.8767306907597
0.999885895441898 2.2168240297866168e-05 0.00010113127158996359 -0.4127302055393266 -0.01484753194566725 0.999930511676548 0.01253959268848223 -1.8448869822897977 -0.003018274105839906 -0.012587442653140693 0.9999109525000768 220.35720665229326
0.9998855416679386 2.204126477470085e-05 0.00010053946033313963 -0.41551139321687586 -0.014841619273282309 0.9999314664155816 0.012466539850234454 -1.864249313957184 -0.0027959736758168584 -0.012512861404492278 0.9999129352139648 221.8111793321761
