1.0 -3.469446951953614e-18 0.0 -1.5585406229479126e-19 0.0 0.9999999999999999 -3.5575383784680614e-19 0.0 2.168404344971009e-19 -2.388632911257127e-19 1.0 0.0
1.0000005914377053 1.1956327172438913e-06 5.3627550915744115e-06 -0.0025724908183114847 0.00020089264314402354 0.9999981306314466 0.0006661498083598322 -0.021923715912692023 0.0005683330602807809 -0.0006705202411875233 1.0000006495569949 1.3269663392242248
1.0000037316296113 1.8269696085791015e-06 8.312126194324207e-06 -0.005051259579434729 0.0006039663497323811 0.999994406432806 0.0010323810811453688 -0.03979067333320005 0.0006267138633196559 -0.001036785216461184 1.0000004127387558 2.620117433890171
1.0000022564511915 2.1530294465766514e-06 9.715492281480971e-06 -0.00766781410575053 0.0005736686742335347 0.9999944704700543 0.0012067491893815072 -0.06788230463530817 0.0013086056372297959 -0.0012170831090065354 1.0000007834715048 3.9439816432133856
1.0000053681310164 2.5449456039893653e-06 1.1598817258498756e-05 -0.010133901882015899 0.0008626640902973017 0.999991623046216 0.001440503117562757 -0.07549140329470364 0.000874038807980466 -0.001446838386904682 1.0000001704409518 5.275855065110369
1.0000074279941866 3.0339157678759693e-06 1.3881255028038927e-05 -0.012613158270836866 0.0011917792263351872 0.9999881822768263 0.0017239158024472017 -0.08502868469822282 0.0012009214177642038 -0.0017329916644421366 0.9999999706828442 6.606422889662988
1.0000170716420134 4.158402894862204e-06 1.9377974084625786e-05 -0.015237969198912724 0.0023174061370468436 0.9999757242968542 0.002406188937561489 -0.11208120593335089 0.0008797254690161207 -0.0024113294769315956 0.9999983291515976 7.939493756793719
1.0000179295681915 4.239668726473134e-06 1.978566672240908e-05 -0.01766751431630369 0.0024216536949806054 0.9999745140382069 0.0024567910446100082 -0.11741735824074176 0.0008694735283303572 -0.002461734586010353 0.9999981975268587 9.261264895432735
1.0000165749849947 3.931399673339983e-06 1.8330837519934477e-05 -0.020129374303312273 0.002341788232606142 0.9999757772375364 0.0022762734193519825 -0.12886519505105284 0.0012635250348684217 -0.0022853709722645116 0.999998904766247 10.573677746781401
1.0000097671710524 2.867627194877778e-06 1.3233908945763572e-05 -0.022658924360159864 0.0015034978244140521 0.999985388606545 0.0016435632567059898 -0.14420589107657472 0.0012955293728292008 -0.0016533537031241964 1.0000001570860586 11.906219325557247
0.9999965483282277 1.6316208343355315e-06 7.164379016039299e-06 -0.025231952534755887 -0.00021582746897807863 1.0000013056076607 0.0008899448497962859 -0.1657280615298927 0.0009491630201158627 -0.000897826893183904 1.0000008732365155 13.235273986533745
0.9999927276339311 1.4653718314137226e-06 6.2868217928330975e-06 -0.027710682943220794 -0.0006701947417570566 1.000004855521232 0.0007809968283140601 -0.17333533534923568 0.0010389219302049007 -0.0007899212738327986 1.000001035559577 14.574157483262889
0.9999947827970507 2.3785530092884644e-06 1.0449874129350983e-05 -0.03032798502525337 -0.0005066050162272758 1.0000030898338694 0.0012978012339485135 -0.19360002528160797 0.0006302376024498034 -0.0013035474906555858 1.000000108607197 15.933340406021784
1.0000030188726865 6.673525605375638e-06 3.0141275590721273e-05 -0.03289273250779731 0.00045882679803522543 0.999989144606042 0.0037418412347932986 -0.21448157120473912 0.00037420576305589827 -0.003744444755478454 0.9999936495639615 17.260665828434355
1.0000446235278366 9.38425953727999e-06 4.46608097118635e-05 -0.03562678535552761 0.0056145702826354855 0.9999235803612836 0.005543154698773211 -0.2505176963409457 0.0003244078716095121 -0.005538132561824733 0.9999852779885195 18.61417584126514
1.000055591571396 8.26537271245674e-06 4.028061772390953e-05 -0.038249611210449216 0.006936802264421419 0.9999075063751913 0.004999758165009305 -0.27546262383272424 0.00014648623280529558 -0.004990136321784009 0.9999878754502827 19.955546238963016
1.0000590610535995 4.706423928885206e-06 2.4352406494629027e-05 -0.040728945632106196 0.007477292365674588 0.9999072158112187 0.003023540688045587 -0.27030439882018364 0.0006353106582990156 -0.0030203603998703397 0.9999964278265021 21.351692728364377
1.0000441485037206 2.597367415917151e-06 1.3842858765716328e-05 -0.04354735911965587 0.005470395090054189 0.9999394841360781 0.0017188094582526973 -0.32426785157354726 -5.546445182588429e-05 -0.0017083878785167995 0.9999984638582604 22.6719767090324
1.0000305144215844 4.395621799447788e-06 2.1140344307343708e-05 -0.0458798771756127 0.0036107313644511974 0.9999609243109345 0.0026242847345927683 -0.30635355840241707 -0.0007977038157656843 -0.0026087110759978912 0.9999948768145691 24.043697514718122
1.000031490256613 1.2513085580506678e-05 5.8248039081742076e-05 -0.048462190284889926 0.0035523384352196957 0.9999388618392255 0.007227135904569281 -0.32011964719384833 -0.0015985623601377354 -0.007202838463339266 0.9999699998725754 25.412483188647702
1.0000365910122275 1.4909804930622605e-05 6.964682090965517e-05 -0.05123026222702772 0.0041930570466080595 0.999919987120704 0.008640284069361544 -0.35334911305499256 -0.001566220097088741 -0.00861439928791783 0.9999589660405495 26.797350635966875
1.000078642804312 1.308094453376929e-05 6.420288196042458e-05 -0.053949409308106225 0.009390848199800671 0.9998484338734545 0.007965397172388903 -0.38396506410576453 -0.0016761442650541 -0.007920607497155972 0.9999643154311312 28.166776882956245
1.000074635679328 9.15812741004128e-06 4.580292531418352e-05 -0.05644159258578177 0.00890553997309742 0.999872390145994 0.005683795451127283 -0.38959207329829665 -0.0016211163922115327 -0.005641178271401948 0.9999799294159076 29.521942157295808
1.0000750049287768 5.958544928054421e-06 3.123931238614079e-05 -0.05934445109039034 0.008876984226451926 0.9998815399966601 0.003876782098716994 -0.4351727950296299 -0.001952965774413184 -0.00382833205075683 0.9999872944166208 30.92637804128147
1.00006359673033 3.5837088835800196e-06 1.9610414768113284e-05 -0.06166936815014966 0.007288106689359728 0.9999117565130204 0.0024328730155797735 -0.4147684912311769 -0.0027203918261602105 -0.0023783115816362133 0.9999885944452648 32.30499349059596
1.0000567015642554 1.2627270071716157e-06 8.681359171383357e-06 -0.06457448518109911 0.006274516410000196 0.9999291945112898 0.0010753335142199897 -0.46772184885125623 -0.0034217685436188083 -0.0010151039844234601 0.9999874672777627 33.677801536864855
1.00005518976418 2.522661671101184e-06 1.4232795665317143e-05 -0.0671776373623725 0.006023359683266975 0.9999317733296148 0.0017642229411034052 -0.4779708198946664 -0.0037045279144814923 -0.0017013999752738531 0.9999850270243004 35.07381341273102
1.0000527946338744 4.046805720752875e-06 2.0935903319074843e-05 -0.06994592865412197 0.005881418328226161 0.999931932787437 0.0025970905453892913 -0.5093895621785482 -0.003011015594631022 -0.0025448137443411884 0.9999868294295304 36.46687736850364
1.0000483772162285 5.8600878222511005e-06 2.8845995836833133e-05 -0.07241561318087608 0.005374079672138852 0.9999358269830765 0.0035789760372673565 -0.5005227691149072 -0.0028269990885491482 -0.0035317071167719973 0.9999847146822674 37.874217975171746
1.000042334474177 5.89851623638421e-06 2.8634425534518467e-05 -0.07482140549809194 0.004727287462896449 0.9999443948969836 0.0035531705463991664 -0.4862934964899819 -0.0023647215021087974 -0.0035147810317903492 0.9999868087427829 39.27008709937063
1.0000233630670325 7.223892210850985e-06 3.357426985669469e-05 -0.07769806505154159 0.0023013766660159567 0.9999700821148432 0.004165821741404638 -0.5310487113052801 -0.0026761725589425295 -0.004134267511603986 0.9999831011292624 40.66369447269517
0.9999873133716842 7.805348886082836e-06 3.472531491931544e-05 -0.080498912893186 -0.0021975622772482445 1.000005935285336 0.0043085188293279205 -0.5599170410995568 -0.002773850627333741 -0.004296409528185017 0.9999819774512623 42.08616310694981
0.9999893629738937 8.273693128293957e-06 3.692368990287215e-05 -0.08306047468341714 -0.0019005952428918869 1.0000029353845945 0.0045814565211095065 -0.5658377542511972 -0.002584651424255128 -0.004569173361969393 0.9999816208090445 43.47844286578053
0.999990784204268 8.184730179980337e-06 3.65650370598256e-05 -0.08578840947567203 -0.001677220306421266 1.000001738986593 0.004537160717043194 -0.5850000574762508 -0.0023756258250060584 -0.0045252379397705805 0.9999827157782076 44.90381425257708
0.9999892469034819 6.674887931965717e-06 2.9649304351971224e-05 -0.08859682872105618 -0.001616617726389635 1.0000048852869465 0.003679980765739341 -0.6176390426274772 -0.0012539536228711168 -0.003675002797486831 0.9999902503523415 46.31366074577202
0.9999907961747173 7.825411110698802e-06 3.4929038840715316e-05 -0.09139400807423385 -0.0011821032880717291 0.9999993569352215 0.004335692173882639 -0.6459765598146849 -0.00017425295191459225 -0.004336857224587357 0.9999903290153959 47.73646483040882
0.9999866462647145 8.373363945378062e-06 3.7291792838048746e-05 -0.09406885856945299 -0.0014265828949124532 0.9999996866483877 0.0046291939120992245 -0.6624117845603195 0.0010338432553875453 -0.0046388625096770025 0.9999906399974519 49.144597817769245
0.9999783826713009 8.867871231126381e-06 3.9310638453699497e-05 -0.096823565986976 -0.0022735024436494836 1.000003744405399 0.004879709802884239 -0.686658108398404 0.0018336276085780866 -0.004894642335745564 0.9999897217706791 50.5621243519615
0.9999776095413828 8.861124618786409e-06 3.925967365934688e-05 -0.09952250729641714 -0.002119406758465686 1.0000028737756657 0.004873233760744131 -0.6953390850285175 0.002949012782158976 -0.004894788446082114 0.9999890675976871 52.01818019521152
0.9999667219480448 1.0961665458709274e-05 4.8623821778779816e-05 -0.10235258217392768 -0.003315094295049602 1.0000029016091663 0.006034515413035436 -0.7323135695834848 0.0036467104008161507 -0.006058018129636638 0.9999816728221971 53.42068593697104
0.999975628523737 1.1838057046737252e-05 5.285015285217331e-05 -0.10509206464769578 -0.0019485298014784306 0.9999921908056799 0.006558001091815188 -0.7443976048999907 0.004808205936672767 -0.006591160225052363 0.9999754953852747 54.88401877692241
1.000007261380953 1.3152847515209704e-05 5.998884315832264e-05 -0.10763690642673714 0.002086596860300164 0.9999532127283105 0.00744279284563426 -0.7465537585583062 0.005283687901555105 -0.00749316264284632 0.9999676154129945 56.283826669590084
1.0000038485379787 1.3623300165528651e-05 6.201974934263088e-05 -0.11054772644331409 0.0017742456435510395 0.9999544246209511 0.00769416172388019 -0.7872290157000568 0.005780893011592494 -0.0077483114552377745 0.9999638215628878 57.714548119099184
1.0000008587863871 1.5356309906606677e-05 6.993469433613179e-05 -0.11350725216283741 0.0012371585553741082 0.9999515073112064 0.00867592863582348 -0.8352704485728153 0.005041552736817185 -0.008721123451463584 0.999958490528967 59.13939462947079
1.000010477541114 1.5009314394668141e-05 6.873107360357966e-05 -0.11596229878022836 0.0024476982004170734 0.9999408148681483 0.008526677659891724 -0.8229804753137462 0.005112816640286808 -0.008576628623045639 0.9999595050357617 60.55389411119247
1.00003538305257 1.7211338863730094e-05 8.030404171367853e-05 -0.1188150393102437 0.005424059006044495 0.9998918461350884 0.009961295143522172 -0.849224220048733 0.004592514005494865 -0.010014566507708947 0.9999477443297237 62.016807238090905
1.0000483258597173 1.5784164229178457e-05 7.446431038668293e-05 -0.12151131198175587 0.006985498014772985 0.9998765392325963 0.009237739283679386 -0.8672320974638641 0.004387655803693442 -0.00929240872219568 0.9999552555266811 63.429791250223836
1.0000524361519763 1.4046285021638433e-05 6.666465673707414e-05 -0.12419477099755066 0.00737703916512549 0.9998790502566287 0.008271290122304669 -0.8851612396968733 0.00385733062991038 -0.008318711697485518 0.9999650445174824 64.83602973065702
1.000060914313405 1.3456088821797371e-05 6.453671750091352e-05 -0.12687628193611825 0.008263128460307507 0.9998671327634082 0.008007801492037841 -0.8925130003210502 0.003113390635375795 -0.008044986907579864 0.9999685299794128 66.28835973249674
1.0000494814177898 1.3276242262001692e-05 6.289468212644297e-05 -0.12949785695961627 0.00672233413858825 0.9998926993037596 0.007804381153375785 -0.9103749222788355 0.0025740725853773804 -0.007831366079743293 0.9999707826636024 67.66062444194033
1.0000312414898809 1.5577997125024168e-05 7.243996394953227e-05 -0.13229759695402338 0.004261273852092327 0.9999160819769245 0.00898767570571483 -0.9308764196306178 0.0017007513069784645 -0.009001882968669356 0.9999612374177262 69.11979187682911
1.0000073242522802 1.752584761922915e-05 8.032027693814759e-05 -0.1348864922266971 0.0011496048000734782 0.9999402897539955 0.009964215404017035 -0.9453203948530069 0.0010702980996730436 -0.009972715503483878 0.9999517757561414 70.48919991251209
0.9999829102571817 1.9301722945579483e-05 8.774903712445263e-05 -0.13764397211808826 -0.0021582885441496736 0.9999556525817183 0.01088428826462356 -0.9669379453343021 -0.00016010663869603175 -0.010887746663137798 0.9999405829294367 71.91998510523423
0.9999525650566351 1.9492483321887147e-05 8.801240294384273e-05 -0.140305912850344 -0.006009783610621029 0.9999705810846146 0.010916722101197233 -0.9861062056022718 -0.0005298228549019629 -0.010926821997736728 0.9999393621647092 73.30878008176724
0.9999275865398963 1.8481338216979476e-05 8.314897329097289e-05 -0.1428948961139573 -0.009240754155036088 0.9999783680752298 0.010313807214525338 -0.9958790427584052 -0.0011045339379290445 -0.01033208754869556 0.9999441682530694 74.69906805608743
0.9999254109202879 1.8650468080919774e-05 8.394847160054218e-05 -0.14553721637840203 -0.009700652085387802 0.9999766938927662 0.010412229967558754 -0.9991997328013449 -0.0019505398551045914 -0.010433223761106364 0.999940299683281 76.1476696652636
0.9999197030670366 1.9334850573239637e-05 8.719095141750794e-05 -0.14814002247382266 -0.010502632905440516 0.9999707839136112 0.010813581009674866 -1.0150777379029077 -0.002365807975646888 -0.010838614878957015 0.999934347503264 77.51838686869074
0.99992225149161 2.00631568706075e-05 9.059920364560495e-05 -0.15094038944252547 -0.01020111770876484 0.9999668167034725 0.011235749251819806 -1.0462071026425677 -0.002432591451133839 -0.011259668664496394 0.9999294201876482 78.93050596443915
0.9999278628342215 1.7531762309395613e-05 7.870498068682339e-05 -0.15341023002753126 -0.009317548251182431 0.9999838135186127 0.009762792969894503 -1.0437211054993338 -0.001600023150892712 -0.00978189456189128 0.9999481291372672 80.3094774790091
0.9999321085199618 1.8134153353322607e-05 8.151760867329593e-05 -0.15621081567781447 -0.008825097180985328 0.9999808482530648 0.010111200620388316 -1.0797338953145525 -0.0017553204907728322 -0.010128743797785332 0.9999441400347832 81.6999397762043
0.999922682804475 1.795804410384752e-05 8.071811397276506e-05 -0.15865070922725857 -0.00997313771642401 0.9999802986944502 0.010012204637264668 -1.0750166169384026 -0.0016547780152536132 -0.010033659054760335 0.9999454502535359 83.07227608900885
0.99992746289619 1.6489841569189076e-05 7.384425078057187e-05 -0.1612884512325307 -0.009415635323428255 0.9999893947642857 0.009160243357928484 -1.090846845261848 -0.0018159482070591578 -0.00917995212270176 0.9999530689738128 84.46255509817966
0.9999256068742628 1.6693424085591213e-05 7.479882745793599e-05 -0.1637972938729995 -0.009411998019911296 0.9999883004599726 0.009279275261993425 -1.093893712160763 -0.0007717968583278217 -0.009297583432934622 0.9999552202015021 85.83845320828954
0.9999238554519414 1.8114448392015856e-05 8.14441655672465e-05 -0.16646896771258066 -0.00936848248191262 0.9999803602607172 0.010103297207275463 -1.116710501659125 0.00039226278632694734 -0.010120006722948922 0.9999495697037011 87.21636790007751
0.9999281686759374 1.969006445403862e-05 8.882096186840945e-05 -0.16906609192091102 -0.008465991556314724 0.999971473249358 0.011017484213559069 -1.1287212523585504 0.002028156451357797 -0.011032270757264904 0.9999409080119904 88.6011845146544
0.9999333110973598 2.0596213306066716e-05 9.308349736017658e-05 -0.1715997521658966 -0.007641789336828702 0.9999655112903169 0.011545396280572244 -1.147414555797978 0.002855678312646456 -0.011560715735768768 0.9999344190180319 89.92105131735701
0.9999424099680561 2.1661229948745017e-05 9.814342590693404e-05 -0.17424675518837976 -0.0063023647138659815 0.9999566270679519 0.012171800151189882 -1.1656442863088095 0.0037896422761277675 -0.01219017931519954 0.9999255353536819 91.30575868878833
0.9999459408272835 2.081539518201253e-05 9.41740092965603e-05 -0.17686261582449822 -0.005824504164899342 0.9999615490648666 0.011680066129992209 -1.1808056347611076 0.003965173880835878 -0.011699776180617783 0.9999310227991539 92.68690192969213
0.9999496361444229 2.0400011155441433e-05 9.225001197626882e-05 -0.17953603544839644 -0.005352321388860809 0.9999631452365364 0.011441709775258423 -1.200351983439169 0.004024302525806748 -0.011462603597052952 0.9999336368286671 94.0803682156097
0.9999548841575208 1.998721770720205e-05 9.036852472164348e-05 -0.1819870599326801 -0.004616576764659578 0.9999635339479831 0.011208429933420255 -1.2023643250272378 0.004398862300518773 -0.01123225050500039 0.9999353462786005 95.428858110445
0.9999575330127146 1.9160557422053665e-05 8.652015691854942e-05 -0.18461596516211848 -0.0044115246937117564 0.9999680428849795 0.01073196238097695 -1.2227285159408747 0.0038462739943481324 -0.010754308940700907 0.9999418742999304 96.79402353632419
0.999947676528585 1.798400876886451e-05 8.088701886950944e-05 -0.18713069720603315 -0.0055967463678683 0.9999789135874979 0.010033927652167072 -1.2361723275746892 0.00401957997468569 -0.010054216167870271 0.999948779769614 98.1268176393953
0.9999331481130369 1.817471453459743e-05 8.170791902909879e-05 -0.18961496034133013 -0.007500120397936192 0.9999807454202722 0.010135852825775355 -1.243621872211932 0.003577725493549436 -0.010151666603228542 0.9999486773423013 99.46946875819177
0.999932240439896 2.0049375326503666e-05 9.050718475063784e-05 -0.19218817773803304 -0.00766684152334792 0.9999691614666457 0.011226117888560021 -1.2527279727705365 0.003336924630791084 -0.011241579353086324 0.999937431893398 100.85399838762832
0.9999325308821038 2.2971580686854606e-05 0.00010431902906911958 -0.1946686032938747 -0.007564246948565314 0.9999484237765814 0.012936672564680665 -1.2756776808376298 0.003633593811030118 -0.012952480943068374 0.9999162599785719 102.12540025792781
0.999931220539771 2.106312850073261e-05 9.528557861960413e-05 -0.19727434735963728 -0.007708374818884486 0.9999623490948493 0.011817873959012395 -1.2878295789236016 0.0037165612956516184 -0.011833411875049802 0.9999299582534685 103.51436139960991
0.9999291034283395 1.7022382520973448e-05 7.632391855256332e-05 -0.19966870136326054 -0.008092628522684013 0.9999874453487073 0.009468820575559478 -1.2912636824289105 0.003175491215612828 -0.009483585666351864 0.9999558589312041 104.82512474973245
0.9999450968825554 1.4844214429312816e-05 6.623886263899814e-05 -0.2021927674459497 -0.006061445826592996 0.9999965399865371 0.008218757988998742 -1.3130110237868502 0.003375925489873647 -0.008236681085023817 0.999966594309165 106.12605831006142
0.9999500763015802 1.683257832036343e-05 7.55316161583574e-05 -0.2047784656467317 -0.005606983427211368 0.9999853831398234 0.009370758118473434 -1.3234621172848346 0.0026448480663287966 -0.009387661925022175 0.9999573489088504 107.5115021776294
0.9999845433782736 2.0738700972721888e-05 9.456422239589933e-05 -0.20732352901414727 -0.0013197159832696445 0.9999407961072755 0.01172883366541378 -1.3429470208060519 0.0026750752173932205 -0.011749849210888962 0.9999323905844024 108.83415424720496
0.9999920194269738 2.244349282807742e-05 0.00010287507969144235 -0.20987628599150426 -0.0005740594791607675 0.9999228775653722 0.012758236399037903 -1.3597534954829829 0.0018598726675361358 -0.01277393199285665 0.9999202239738474 110.173011915991
0.999991702185627 2.131946634274101e-05 9.754227652831993e-05 -0.21220611929109126 -0.0007776557363140743 0.9999325986139855 0.012097756406471276 -1.3522038553860298 0.0011276230456184208 -0.012108054801217318 0.9999282708458653 111.49702404818238
0.999986755095656 1.6173867940871486e-05 7.32351011089559e-05 -0.21490527736247764 -0.001744325402339251 0.9999711140173584 0.009085687190798428 -1.3831791597415082 -0.00044342197068152306 -0.009086478783729897 0.9999579501342962 112.85377711811618
0.9999607927163137 1.352396599141846e-05 6.031607438680762e-05 -0.2174065833626379 -0.0051032215246026805 0.9999999545380357 0.007483883049295848 -1.3963887668862542 -0.0010437265441832894 -0.00749025341904506 0.9999696272877833 114.18017985155934
0.9999395670989262 1.202367063175315e-05 5.317556656518553e-05 -0.21982337883680475 -0.008062363919836934 1.00001055629463 0.006597330851607855 -1.40226692982315 -0.0024846929127442163 -0.006612057649622773 0.9999706630647551 115.4924726595942
0.9999392421932874 1.607334543526559e-05 7.19146433356653e-05 -0.22249615573966627 -0.00851922306616663 0.9999924061817884 0.008918332077851454 -1.4270992797284292 -0.004342138051711006 -0.008935852245388913 0.999942936696799 116.86200976045558
0.9999366342006798 1.9904956243436273e-05 8.983408107891356e-05 -0.2248492883067575 -0.008853525227414052 0.9999698928720556 0.011138694590581753 -1.432808586955155 -0.004388579027164724 -0.011158333213033767 0.9999203513384862 118.13979682058847
0.9999376625837622 2.11339318410865e-05 9.562937591531175e-05 -0.2274512567363945 -0.008927586875799892 0.9999615815861025 0.011855224036134319 -1.4443393110956602 -0.00528841608727643 -0.011876048018047527 0.9999061159470884 119.52943704202268
0.9999439580502637 2.041325213740855e-05 9.226305016215392e-05 -0.22998873240488282 -0.00842384879264964 0.9999667833980568 0.011436115746393938 -1.463944402336273 -0.0065286194319969315 -0.011453712332743752 0.9999014689299928 120.84735079159506
0.999929384681772 2.0206935508804147e-05 9.125074959286279e-05 -0.23242167188600216 -0.010460605497704454 0.9999654021084052 0.011308667649822704 -1.472876862663463 -0.007540405015942592 -0.011345606826699753 0.9998937547455881 122.15496390855934
0.9999201911802148 1.9470372302864483e-05 8.782423518314641e-05 -0.23494453553592254 -0.011928394298977935 0.9999655416184535 0.010880861457664252 -1.4795148038404444 -0.008994406422886944 -0.010937049919635084 0.9998836535442136 123.52261274940618
0.9999088632850911 1.882902749894208e-05 8.492779786507679e-05 -0.23746332158940656 -0.013625886356557093 0.9999614006072506 0.010518635043605102 -1.4900829249858412 -0.010290679932906334 -0.010600317559490957 0.9998724336558401 124.87047641180958
0.9999101237481556 1.7502043746174187e-05 7.869877597642102e-05 -0.23996762313369321 -0.013761155701129738 0.9999685064235576 0.0097430826131687 -1.5023147256181184 -0.011592010301055505 -0.009833698232357711 0.9998636660673696 126.20289876734634
0.9999174660500311 1.6500872013431103e-05 7.395016389472541e-05 -0.2425082365244615 -0.013036817221431686 0.9999779731904255 0.009152032501033051 -1.5178335787080595 -0.012428208072512582 -0.009236996331726095 0.9998577937614976 127.54077311016154
0.999916621356921 1.7591241476792516e-05 7.904588383048474e-05 -0.24495155023445087 -0.013318392277530532 0.9999705666123218 0.009780925843142461 -1.526983764626964 -0.013216087146516373 -0.009873911561216335 0.9998401894999038 128.85316088231582
0.9999168948738688 1.8833666232738466e-05 8.486073142287146e-05 -0.24757218655481866 -0.013367865032360732 0.9999630002869321 0.010500151936899266 -1.5467543245525959 -0.013588197072632636 -0.010595752791715958 0.9998271509568936 130.21639402508615
0.9999245584166605 1.8511514943352417e-05 8.330063490541461e-05 -0.24998663555904263 -0.012564096222054837 0.9999689884012665 0.010304557501143907 -1.5499170993828693 -0.014248085343648999 -0.010390629677087303 0.9998189230636282 131.53949670293068
0.9999414415932608 1.9937821608424777e-05 9.000869084993144e-05 -0.2526423684846859 -0.010522333385728487 0.9999672051020249 0.011134817887963716 -1.5743923390686572 -0.014493228055696677 -0.011188521478012046 0.9998063578957022 132.90118679975555
0.9999543266436282 2.0543037061190525e-05 9.297901164257924e-05 -0.2550166793614352 -0.008883967020627919 0.9999657328290809 0.0115034533290315 -1.5696222960890949 -0.01432303658449829 -0.011530276885898853 0.9998052399235817 134.23743641566045
0.9999602766183368 2.0983712457437256e-05 9.51458739160626e-05 -0.25762537659254453 -0.007949252658733306 0.9999629096685305 0.011774959962162752 -1.596822546216904 -0.013449931103722945 -0.01178692855125683 0.9998159542472136 135.56092414209795
0.9999518162109655 1.9920134964282465e-05 9.001450261178988e-05 -0.2601402197821023 -0.008783881089056185 0.9999699040854688 0.011142478752958544 -1.6076397443741632 -0.012486331277551884 -0.01116668971862219 0.9998373032000272 136.90549333389373
0.9999627874437432 2.2467178175000768e-05 0.0001022064093331096 -0.2628026360952794 -0.007326581273078297 0.9999519016635805 0.012653956225313838 -1.6361387878225833 -0.012063676522056553 -0.012657615157326704 0.9998255138961021 138.25294054514956
0.9999644126698338 2.2513437919452484e-05 0.00010245595603148444 -0.26532898639249447 -0.006773015217601498 0.9999508965174201 0.012689465226211779 -1.646071818862909 -0.010495124871722612 -0.012687717946436802 0.9998456605197235 139.60782577374218
0.9999726017712859 2.2706677926228117e-05 0.00010354847486795265 -0.26785813897442723 -0.005528416462996493 0.9999467674557521 0.012827471978308623 -1.6563734486478043 -0.00948017988289132 -0.012813154882244248 0.9998560339160626 140.96261921963566
0.9999645334363164 2.1887587651300833e-05 9.949375613431833e-05 -0.2703449612839667 -0.00616338471515991 0.9999544444154432 0.012329129858503388 -1.6657225801343505 -0.007843327688053946 -0.012325277879770873 0.9998792955023925 142.29821638393855
0.9999644587880704 2.1158814309049298e-05 9.604706838640649e-05 -0.27284528428961163 -0.0059541270466104065 0.9999591823681528 0.011904238121959513 -1.6755300853009913 -0.006868788362955606 -0.011900528257881161 0.9998933641899354 143.63924656771198
0.9999840304868477 1.7507601642575976e-05 7.937414395801814e-05 -0.2753291113911749 -0.0035079842371712614 0.9999735455359456 0.009838823455792591 -1.6853550647133266 -0.006799574231461518 -0.009814304183375342 0.9999165851312704 144.97106280898777
0.9999998072490303 1.5538652449614138e-05 7.074098067080207e-05 -0.27804648708688423 -0.0011661944447856698 0.9999701070061007 0.008771863439181191 -1.725229592791411 -0.005093958215885729 -0.008739164802538729 0.9999397673575781 146.2982188487488
1.0000770468613698 1.9841067395531473e-05 9.56761905415431e-05 -0.2805571623123419 0.008522563374089144 0.9998245069155045 0.011862264397095097 -1.721521744822087 -0.0046644202319993545 -0.011771306259783822 0.999911585241877 147.7052549447531
1.0001266518658785 2.1213953465737748e-05 0.00010712647973821717 -0.2831102609553935 0.015028607256509821 0.9996775906872455 0.013282296361278121 -1.744285761835136 -0.003123353053677257 -0.013186840405537645 0.9999027235026196 149.01773384086312
1.0001239254832266 1.6857369125390306e-05 8.624169733651202e-05 -0.2857057914250502 0.015037983728548128 0.9997084216747684 0.010696850698548562 -1.773622082196348 -0.0015715710040133488 -0.01063651737097447 0.9999395125182012 150.32440342231266
1.000128506313475 1.1145381155087258e-05 6.016000908991379e-05 -0.2883036337024983 0.01560046951972381 0.9997246822989558 0.007464260521971811 -1.7833154772050541 -0.0016001594004011555 -0.0074005012333237495 0.9999685539911399 151.71995210859748
1.0000943944100409 7.032470753775069e-06 3.779870071988719e-05 -0.29083076529375956 0.011169680094204397 0.9998365944453524 0.004690182972975503 -1.802311564185734 -0.002467138511955255 -0.004623547400311412 0.9999818806734744 153.03485283152327
1.000104313913166 7.8794648081075e-06 4.2606447056425236e-05 -0.2934527531204341 0.012140457409110671 0.9998144810705676 0.0052853695310959735 -1.8193199866170515 -0.00363167346957501 -0.005191258517715435 0.9999734490539317 154.41115239569555
1.0001074268643584 1.0997301622319572e-05 5.723121547158679e-05 -0.2958437119681997 0.012511307214207896 0.9997956619770909 0.007099073583520472 -1.8189203482451466 -0.0037019101191405205 -0.007001951635185478 0.9999620515391449 155.73713217858827
1.0001839132867578 1.4442359118007828e-05 8.265982821177749e-05 -0.2983508701590212 0.021859248101562978 0.9995322620524029 0.01025029204187967 -1.8353599216449383 -0.004375121417145132 -0.010084593280348253 0.9999318245694602 157.05237184379638
1.0002012195445718 1.5259517005547854e-05 8.911639500536932e-05 -0.3008790812886602 0.024020971552119533 0.9994566908495665 0.011050361009686873 -1.8435627762062639 -0.004319610280044159 -0.010874178300989865 0.9999239026359927 158.4160034877091
1.000208129408185 1.5628907772959402e-05 9.195304700897774e-05 -0.30348431232400463 0.025003031813829034 0.9994207309137019 0.011402467858666866 -1.8676109086491173 -0.003766983488147477 -0.011239125353770292 0.9999231049693936 159.75162856061212
1.0002038251072483 1.571227238774016e-05 9.165709937499693e-05 -0.3059634211690225 0.024190252983716347 0.9994477201560072 0.01136417691247814 -1.8689923891446758 -0.005007742861554383 -0.01116493556325084 0.9999162505816038 161.11848592866187
1.0001965646659083 1.4766589320418244e-05 8.607831344704443e-05 -0.308396684902257 0.02302251239727799 0.999492360914449 0.010671121889603917 -1.8709521576746344 -0.006194259288599599 -0.010442104830097906 0.9999152612064387 162.45737374395344
1.000192712645375 1.381262790458096e-05 8.10219858502631e-05 -0.3108185808142735 0.022172396167046124 0.9995249648555211 0.010041415615906522 -1.8724821739193394 -0.007852015807070699 -0.009768368127088025 0.9999074232827885 163.7918821625824
1.0001849312532711 1.260429587510159e-05 7.42250186945635e-05 -0.313285580663217 0.021071341075704908 0.9995657862799548 0.00919773525618617 -1.8740835342504931 -0.008452623514260729 -0.008917105646829881 0.999909383490887 165.15105257369274
1.0001906447677738 1.4249372410577235e-05 8.275410136066464e-05 -0.3157891806281551 0.021634847359691387 0.9995389221028035 0.010253244382791182 -1.88110295052148 -0.009103981565310981 -0.009948009542329819 0.9998927788977509 166.50633129458268
1.0001956082179508 1.4120376456528555e-05 8.290276568105538e-05 -0.31819695108698376 0.022410847178425376 0.9995153653852584 0.010273316489026027 -1.8842959213338197 -0.008392300448949876 -0.009981619543693901 0.9998999560396858 167.82560049708076
1.0001829831750855 1.1740455204568151e-05 6.99231598824152e-05 -0.32073161234412095 0.021031586953131523 0.9995716994207345 0.00866644675577957 -1.8910717250636564 -0.007550994688735165 -0.008412310143400416 0.9999225937335069 169.19916846415637
1.0001563519909222 9.601182800567792e-06 5.6389875805014237e-05 -0.32359581248046665 0.0179243217014049 0.9996704307818411 0.006990286341959004 -1.9281373719741488 -0.006658729305342546 -0.006787207298918836 0.9999428723056178 170.62016743747924
1.0001107572340597 7.158497773072925e-06 3.995439207209422e-05 -0.325991759615469 0.01224442862536409 0.9998140894909184 0.004951586282988253 -1.9308501912301796 -0.006736546908377988 -0.00479370774644128 0.9999537255037525 171.93502972827875
1.0001043784593366 8.765586844688283e-06 4.666884515160531e-05 -0.32838597244645396 0.011361560761858703 0.9998271430825069 0.005783696614721916 -1.9235050134556722 -0.007140955364188384 -0.005625557278636788 0.9999458673108782 173.29378571055264
1.0000501759599456 1.3878339895167721e-05 6.5730682786909e-05 -0.3313211246582067 0.004391641043702028 0.9999216995534409 0.008145054935783099 -1.9706501882832839 -0.008204447972185565 -0.008035500779362319 0.999919359322586 174.70913022406174
1.0000407720080409 1.97332901110802e-05 9.24759394762048e-05 -0.33395793038451455 0.00318336764303909 0.9999034707617582 0.011458940327481635 -1.9913368262816908 -0.00838457082982817 -0.011359471619887047 0.9998853508172525 176.07723325339833
1.0000548793882726 2.0582701021090027e-05 9.744026572874897e-05 -0.33658566844979043 0.0051873295480390665 0.9998716690682035 0.012076289749459682 -2.0012922582431254 -0.007260954744428076 -0.01197172688657174 0.9998890362554852 177.48817071562124
1.0000648409380377 1.983432844235647e-05 9.465212722892854e-05 -0.33910639849664553 0.0066926032244722135 0.9998546939660518 0.01173319553546101 -2.0017776892485113 -0.006065159664341021 -0.011632953118654537 0.9999031577866759 178.8820753610135
1.000091757063119 1.2914518349857115e-05 6.458664370087141e-05 -0.3415107392160226 0.010454527939186926 0.999828950567103 0.00801038720345491 -1.9998990918680803 -0.004195744259659101 -0.007915321704274296 0.9999524102113705 180.22206199959027
1.0000684976988965 6.533925223310699e-06 3.334080670282539e-05 -0.3442644211094264 0.008074038843710383 0.9998937637717922 0.004137553811565961 -2.0239752624765535 -0.0019298123678670352 -0.004092485387075051 0.9999863388384905 181.63977937026937
1.0000377287067836 6.860196440758651e-06 3.2720086329574754e-05 -0.3469917505947086 0.004599838140685056 0.9999440724876731 0.004061533555159152 -2.0511107895024847 -0.00038225213221708 -0.004048831344151475 0.9999910990732865 183.0292584711859
1.0000091810865297 9.519703442260538e-06 4.336924769121186e-05 -0.3495141335657259 0.0009813980705038975 0.9999770510075348 0.005382491689322498 -2.066332292191019 -0.0007082098667149847 -0.005374690795615783 0.999984104877767 184.35836221381714
0.9999918072060691 1.3179470057611206e-05 5.95131586606601e-05 -0.35217814928088154 -0.0014294886567214416 0.9999831192233022 0.0073837831481484845 -2.0708177289145127 -0.0018374270080551431 -0.007374537431362271 0.9999679092062419 185.8137852767841
0.9999645087986448 1.7094596666855297e-05 7.696606506720242e-05 -0.3547800504219387 -0.004820512551091934 0.9999814799283243 0.009547146779527548 -2.0890931254453444 -0.001841067606338452 -0.009550183546215577 0.9999495156459433 187.17330998091185
0.9999877283506917 1.7580200571451488e-05 7.982921437888531e-05 -0.3573763542185421 -0.002001414034133493 0.9999649427362289 0.009901732540371777 -2.0845701213036274 -0.002128946421317824 -0.009892876712959504 0.9999450976815688 188.631405443469
0.9999897512252125 1.838397686247141e-05 8.365876762871983e-05 -0.3601137352658785 -0.0017068766740817361 0.9999582969151569 0.010376416514186878 -2.106738242250025 -0.0019357797498084433 -0.010367673868145903 0.9999410358548284 190.04860388516784
1.0000220525411336 1.9673273337950797e-05 9.110631877846964e-05 -0.36262878647012114 0.0022419403315295967 0.9999154298282504 0.011298895949127393 -2.1145106884387763 -0.0022154166832296174 -0.011272900070393518 0.9999301681832262 191.40686652760004
1.0000385027815584 1.95880754417406e-05 9.164920758640972e-05 -0.36527994288162646 0.004178267477105799 0.9998928615501128 0.011365728209673685 -2.1190771223494584 -0.002690980494784158 -0.011326358983418832 0.9999275394314004 192.8548064418327
1.0000499216916545 2.0440008645221733e-05 9.641647069941433e-05 -0.3678925103897961 0.005612520084321289 0.9998673920395712 0.011956326304081019 -2.1393361585343618 -0.0026190456111250017 -0.011911772454786355 0.9999210663376942 194.21139240334358
1.0000728003421313 2.126700378839684e-05 0.00010206494960113407 -0.3704906734043376 0.008318026520131952 0.9998181411258735 0.012655313113964728 -2.1364102057869543 -0.0032246914326112272 -0.012589428867645485 0.999909910420977 195.66339542493535
1.0000973226527927 2.1675482083774456e-05 0.00010621073912553641 -0.3731481719458604 0.01129024416822561 0.9997584213559488 0.013168384950407057 -2.148326498007119 -0.003551240561336268 -0.013081982308534586 0.9999018986196799 197.0820707235069
1.0000721593767061 1.845058935251269e-05 8.8718970501653e-05 -0.376042102940805 0.008115448682918016 0.999841027120822 0.01100159150121884 -2.1893964909485604 -0.0037731095087780763 -0.010927537545286787 0.999926519982627 198.50167808873687
1.0000357150994788 8.639089536147115e-06 4.070629433074982e-05 -0.37860372455612157 0.003549889775237732 0.9999522919981251 0.005049210486139795 -2.183084154058379 -0.0039493497010624256 -0.004997389881081959 0.999972656131666 199.94854496392702
0.9999539405463479 9.154779465780916e-06 4.014621544629949e-05 -0.3813496293031471 -0.006984120609142065 1.000019386870025 0.004977172304076002 -2.2004244402032347 -0.00563672902156921 -0.004983783801854383 0.9999615892524483 201.39199413613306
0.9999062190017944 1.4959079734075398e-05 6.691143615396473e-05 -0.38403311312387484 -0.012980799341951496 0.999985735243191 0.008295611433453984 -2.212605276832162 -0.005949380053145192 -0.008348481921418597 0.9999368316200927 202.8238812505183
0.9998966332983421 1.845349134246138e-05 8.337431023524677e-05 -0.3866271781139876 -0.014378195677312645 0.9999588501433594 0.010334131691684005 -2.2132831864549254 -0.006872246969940667 -0.010403706293073254 0.9999100068466595 204.2575430118291
0.9999184519544779 1.9108261583019454e-05 8.613632032559147e-05 -0.3892479135505073 -0.011686629484184412 0.9999686585211605 0.0106762353195663 -2.21239991132702 -0.006952997741589656 -0.010722600190857634 0.9999059385775585 205.71293800191157
0.9999341765158585 1.993430901693627e-05 8.996717100332591e-05 -0.392134819931759 -0.009465109119398084 0.9999690549310196 0.011153066017773876 -2.245377487293862 -0.005754819435125097 -0.011178326662896906 0.9999107316290051 207.16474348184764
0.9999417059912737 1.949291947883798e-05 8.79181726759948e-05 -0.3948003785131648 -0.008263534891217892 0.999972813932894 0.010901102379950194 -2.2558002615725483 -0.0045664205426113585 -0.01091710604286092 0.9999218931835994 208.59454314386082
0.9999425548519212 1.8449407746850416e-05 8.302685482851151e-05 -0.3975603401228335 -0.008090805620724568 0.9999792632838354 0.010295507217511296 -2.2577545716064136 -0.004266253575965326 -0.010310411091286104 0.9999301918981044 210.1143921401773
0.9999305077680275 1.83098574218013e-05 8.23408323315988e-05 -0.4003585319959974 -0.009624373033312912 0.9999789025314805 0.010210253298179402 -2.277801708897782 -0.004433183622115981 -0.010234731981352491 0.9999299407130724 211.57472841532498
0.9999228618936779 1.8970657590376347e-05 8.546167580599038e-05 -0.40292179366330105 -0.010441680660760521 0.9999732459086753 0.010597705239836367 -2.2703434242797367 -0.003843457885027976 -0.010625932517191539 0.9999293712117829 213.02761402844394
0.9999189342737785 1.903154810681089e-05 8.57725536296235e-05 -0.40571842629938054 -0.010754185029429802 0.9999720307654981 0.010637141701463088 -2.2941196009871545 -0.00306183409710178 -0.010665074838935095 0.9999330652238074 214.4704568793706
0.9999137226583591 1.8118789963822782e-05 8.154159315731458e-05 -0.4084642385066051 -0.011393367924539887 0.999975545494605 0.010112949288983196 -2.313477299083797 -0.0030259296650406633 -0.010143882962558326 0.9999386548664091 215.90485803630796
0.9999184543807794 1.710848887181808e-05 7.677583419002723e-05 -0.4112010663670502 -0.010743962224983835 0.9999833091392513 0.009522686497835593 -2.318434460949191 -0.002750463203004546 -0.009549720070391989 0.9999457902149949 217.39850335541433
0.9999127812253475 1.7028528727541445e-05 7.645610971566941e-05 -0.41406018508793735 -0.011298208104728473 0.999982034298484 0.009483696518331391 -2.340038505965684 -0.002080160132775361 -0.009511120539459425 0.9999489869034727 218.88563995504123
0.9999049807664613 1.6247706368802475e-05 7.291999719898318e-05 -0.4167490380161435 -0.012305235052804925 0.9999823257793626 0.009045294917424639 -2.3464294614237535 -0.0022508841234507547 -0.009077373625655352 0.9999523341814518 220.34632097575135
0.9999168314324024 1.69006489977256e-05 7.581940776968106e-05 -0.4196003784463507 -0.010871335271263447 0.9999840784833646 0.009404484869358463 -2.3661903147550762 -0.002419644343150538 -0.009431180063408897 0.9999483661016434 221.83736950115502
