1.0 -3.469446951953614e-18 0.0 -1.5585406229479126e-19 0.0 0.9999999999999999 -3.5575383784680614e-19 0.0 2.168404344971009e-19 -2.388632911257127e-19 1.0 0.0
1.0000005914377053 1.1956327172438913e-06 5.3627550915744115e-06 -0.0025724908183114847 0.00020089264314402354 0.9999981306314466 0.0006661498083598322 -0.021923715912692023 0.0005683330602807809 -0.0006705202411875233 1.0000006495569949 1.3269663392242248
1.0000037316296113 1.8269696085791015e-06 8.312126194324207e-06 -0.005051259579434729 0.0006039663497323811 0.999994406432806 0.0010323810811453688 -0.03979067333320005 0.0006267138633196559 -0.001036785216461184 1.0000004127387558 2.620117433890171
1.0000022564511915 2.1530294465766514e-06 9.715492281480971e-06 -0.00766781410575053 0.0005736686742335347 0.9999944704700543 0.0012067491893815072 -0.06788230463530817 0.0013086056372297959 -0.0012170831090065354 1.0000007834715048 3.9439816432133856
1.0000053681310164 2.5449456039893653e-06 1.1598817258498756e-05 -0.010133901882015899 0.0008626640902973017 0.999991623046216 0.001440503117562757 -0.07549140329470364 0.000874038807980466 -0.001446838386904682 1.0000001704409518 5.275855065110369
1.0000074279941866 3.0339157678759693e-06 1.3881255028038927e-05 -0.012613158270836866 0.0011917792263351872 0.9999881822768263 0.0017239158024472017 -0.08502868469822282 0.0012009214177642038 -0.0017329916644421366 0.9999999706828442 6.606422889662988
1.000017011129593 4.315894246922566e-06 2.008556515770187e-05 -0.015236042577047828 0.002332663932982969 0.9999753494256817 0.002494036409781889 -0.111220145365968 0.0009812823973186957 -0.0025002255171597963 0.9999982009930792 7.942266674086572
1.0000178479958794 4.474205730657307e-06 2.084014278593352e-05 -0.01768471040242279 0.0024362288120975094 0.9999740291660799 0.002587694475507202 -0.11887300442946341 0.0009796497242492972 -0.0025937917888381756 0.9999979626910481 9.264297159061854
1.0000155938730428 4.734798549168792e-06 2.1909709195633937e-05 -0.02021108869150164 0.0022643318275271662 0.9999754629189972 0.0027205059329411386 -0.1344141876929599 0.0014614782854343472 -0.002731723405560962 0.999997879240781 10.594188016417105
1.0000068249110414 3.2290731538636014e-06 1.4733537406830905e-05 -0.02260978448694743 0.0011798179223912707 0.9999881031783608 0.0018297474346363478 -0.13617073480852748 0.0014815880773298136 -0.0018414294711972428 0.9999999087470605 11.914837162636934
0.9999964864545051 2.5527990144876694e-06 1.1292378415997091e-05 -0.025123381155607798 -0.00013246185110801778 1.0000000538214058 0.0014025313659861132 -0.1494301032952305 0.0013552045950687322 -0.0014135903614577294 1.0000005499220368 13.247824989451747
0.9999915933487162 2.589442498790104e-06 1.1287424894175415e-05 -0.027591066288156673 -0.0007390951947338726 1.0000046749838076 0.0014019167512256015 -0.15520613087935847 0.0013598637066782788 -0.0014132764822424883 1.0000005524481013 14.588757768573723
0.999993578684037 3.418003002460951e-06 1.5078218337540071e-05 -0.030187857231897815 -0.0006113969410640871 1.0000029557570524 0.0018724427245065916 -0.17510955399780082 0.0008297924214029015 -0.0018798295831212192 0.9999994143329279 15.938191987437502
1.0000029908583978 6.932005082661147e-06 3.131380573437813e-05 -0.03274747195435081 0.00045397090517057016 0.9999886287763715 0.0038873325352221147 -0.19604063766461516 0.0003680659361977377 -0.0038899002036295637 0.999993087637952 17.262453789389102
1.0000232113326128 8.674551033909655e-06 4.0177132595185664e-05 -0.03544806220851194 0.0029604995569053414 0.9999592700424879 0.004986981160443556 -0.22885720180717684 0.0003472593860767287 -0.004985910726628844 0.9999882093953311 18.611788849949946
1.0000323111350808 6.902998893951531e-06 3.2599545275058305e-05 -0.038010043201098895 0.004116215154748092 0.9999501343132706 0.004046900576631324 -0.24559091325548357 0.0004614464450192939 -0.0040455038001953195 0.9999926023717215 19.956079596363942
1.000036102779855 5.5003177023092015e-06 2.6453719607367034e-05 -0.04049923383697487 0.0045495637654458555 0.9999475739639982 0.003284218957729553 -0.2481368087423959 0.00029404226767533286 -0.0032800673698760562 0.999995155890412 21.323327841815395
1.0000193711702066 5.241697365224174e-06 2.4382388422285965e-05 -0.043385686911290036 0.002402316576067591 0.99997314437079 0.003027044393481369 -0.3036170738716266 -1.5171636609945987e-05 -0.0030228015955116507 0.9999954477484345 22.67453024089884
1.000022602033393 7.075086078925721e-06 3.2858513397335254e-05 -0.04562578409000603 0.0026819155899636335 0.9999664303930705 0.00407861790235014 -0.2742198174913859 -0.0005576502172738604 -0.00406813847394426 0.9999906218862425 24.046274024223496
1.000024356831214 1.409733901032613e-05 6.518245733168598e-05 -0.048253890627847566 0.0027397220991936776 0.9999413643065108 0.008087082975360862 -0.2904351884878806 -0.001271727894835294 -0.008069094148985378 0.9999644567112588 25.42949900506874
1.0000293786431236 1.6141341373447637e-05 7.495845320102355e-05 -0.05089457257321217 0.0033111455533975757 0.9999244827179542 0.009298659498223515 -0.3127393715584427 -0.0015046895146344113 -0.009276419354795012 0.9999532589244184 26.79253528727318
1.0000416497668556 1.568648312172058e-05 7.357317308392193e-05 -0.053802072785979926 0.004809877922879804 0.9999079123241987 0.009126901891036484 -0.36561374456475965 -0.0016171895126012726 -0.009098399381992951 0.9999545132198411 28.167015460302736
1.0000355934190062 1.3590849916899836e-05 6.34691517634998e-05 -0.05630068085599922 0.0040145203308674104 0.9999284945877777 0.007874299973165053 -0.3720299588174078 -0.0018099123367520673 -0.007845975819033669 0.9999644280183352 29.52221950697651
1.0000354211654814 1.1787288834738327e-05 5.512960191722278e-05 -0.05917614241902672 0.003854922905102885 0.9999380349352202 0.006839770713075264 -0.4208716215189166 -0.0024262460487832083 -0.006804554181195513 0.9999696235416425 30.896939643837516
1.000033659238852 1.0479783009350804e-05 4.9014106860483355e-05 -0.061392526768051105 0.0036225496033973955 0.9999456866908752 0.006081315579197535 -0.3841706949214283 -0.002486710734366719 -0.006046287771533449 0.9999742271458475 32.288121556553634
1.0000284287223518 8.119597675822904e-06 3.792232258803584e-05 -0.06409944031949091 0.0028336139811370887 0.999962030929703 0.0047048310765484816 -0.4126604934583001 -0.0031081690277710104 -0.004666245595728454 0.9999787385624884 33.660254140337656
1.000028785485154 8.98702797361671e-06 4.1901867417807725e-05 -0.06670472153802409 0.0028249053343140616 0.9999596750978699 0.005198247540485632 -0.42095637586067824 -0.003344593591842861 -0.005157165139920005 0.9999751447000821 35.0661550623252
1.0000263840722863 1.1386370462126635e-05 5.2773185868104644e-05 -0.06948066918071606 0.0025908615558563903 0.9999542529027848 0.006546919704283939 -0.4545760041315714 -0.00305833776769526 -0.006510186457172987 0.999968704344625 36.45364439967846
1.0000147843597105 1.3121338543170546e-05 6.0184256792047064e-05 -0.07208073560214326 0.001192619656349125 0.9999617035672317 0.00746605975368002 -0.46374606009381003 -0.002869546042302094 -0.007437846480160562 0.9999631485323471 37.85275875583438
1.0000125927238974 1.3021407189737003e-05 5.961988607744483e-05 -0.07445717579307307 0.000977824161543123 0.9999641854715984 0.0073963411811112725 -0.4474027569469817 -0.00261363335346143 -0.007371432768455852 0.9999648030510631 39.24179927384426
1.0000118064072865 1.3449562901769047e-05 6.15626393539871e-05 -0.07687579102785656 0.0008149636325143275 0.9999638309059825 0.007636915162374874 -0.43395902901291267 -0.002904429205205056 -0.007610141750249519 0.9999616909413847 40.64126700203899
1.0000101283085467 1.4525657588391333e-05 6.647041442933797e-05 -0.07942457506321009 0.0005969553734157078 0.9999608998062586 0.008245290616267865 -0.4326238534834639 -0.0029472590156157585 -0.008219192452882648 0.9999566765000575 42.0588280369618
1.0000094442003602 1.4949550134757406e-05 6.840707777139147e-05 -0.08195546762051911 0.0005583467577735604 0.9999592192650657 0.00848556933903409 -0.43635871662739356 -0.0027405530259925143 -0.008461453606328478 0.9999556204894077 43.44387001245107
1.000009579519333 1.5561492087446185e-05 7.125729599739925e-05 -0.08469760055914038 0.0006091392821046312 0.9999557135692227 0.00883900610718605 -0.45679353111241155 -0.0025889853049666407 -0.008816002552958856 0.9999532402192987 44.8714299984522
1.0000020793544981 1.543357335536885e-05 7.034279405189578e-05 -0.08743967462302643 -9.132080786859557e-05 0.9999625249615407 0.008726528276477132 -0.48105312011414414 -0.001558870404996167 -0.00871478084310533 0.9999581224510166 46.281900577834
0.999997906871535 1.6693358657711085e-05 7.604594738211965e-05 -0.09019089439571112 -0.0004249060474801345 0.999958690979729 0.00943389991204855 -0.5003013323930228 -0.0007356441361721668 -0.009429592359527584 0.9999540785095978 47.71978489401438
0.9999901406123918 1.7788285647968305e-05 8.088228134944917e-05 -0.09293474246950248 -0.001168374148618933 0.9999582381595655 0.010033654129539214 -0.5280172035683617 0.00025004652877529555 -0.010038021029178041 0.999950183786048 49.115824495698945
0.9999821021192771 1.8189681475546185e-05 8.250853834916236e-05 -0.09564285078888561 -0.0019309418911784611 0.9999611492234136 0.010235387422425203 -0.5441076604549677 0.001301334057076223 -0.0102473461800112 0.9999491462471601 50.543914354232705
0.999981402668358 1.8059477110723282e-05 8.187858895522472e-05 -0.09826708555685651 -0.0017029737520069055 0.9999605257135612 0.010157249839077464 -0.5421659202618814 0.002705351609401814 -0.010178014975416145 0.9999495754999864 52.005967683054934
0.9999738749911053 1.9970524445819468e-05 9.06495396507678e-05 -0.10094823597103013 -0.0024681824686986365 0.9999534490241371 0.011243685801793031 -0.5626074327863776 0.0034619536724169015 -0.01126797947848739 0.9999369358241638 53.39972351991149
0.9999722822917073 2.1287123555310122e-05 9.682006868574162e-05 -0.10374195095331996 -0.002466146553127202 0.9999445447500483 0.012007581173237018 -0.5809118473649073 0.004353126210667416 -0.012036867747758254 0.9999261135055317 54.86535210570962
0.999972438266702 2.1482055340858383e-05 9.774502002176918e-05 -0.106451096740428 -0.002388711976501724 0.9999427271460751 0.012121981611694378 -0.6046959698718315 0.004612065645093248 -0.012152933573298899 0.9999240180104813 56.25970621071421
0.9999725929989457 2.1174964544717206e-05 9.629760303819486e-05 -0.10924984862956516 -0.002230946924228508 0.9999439863874212 0.011942269031933244 -0.6286479848374911 0.005229931688439088 -0.011977240170799834 0.9999242102471149 57.70293861821408
0.999970595287972 2.2087051167187302e-05 0.00010056475887263556 -0.11206391877684967 -0.00257755442984116 0.999939480459079 0.012471085712535749 -0.6541540191776176 0.004790618775974248 -0.012502480444783774 0.9999191965197753 59.1477245809753
0.9999664704227871 2.3032091723801384e-05 0.00010495736560764456 -0.11478919102670856 -0.003050387149291409 0.9999350182784321 0.013014930682100146 -0.676087911474996 0.004966490571151814 -0.013045776677666918 0.9999117231569936 60.55926129836507
0.99996936052501 2.4098302159740112e-05 0.00011008938116478231 -0.1175781107076486 -0.002762434597456575 0.999925051013394 0.013650591488378036 -0.6950452937837559 0.004649990542171038 -0.01368073131248756 0.9999041969883278 62.019322129908886
0.999971811011176 2.3775110588142995e-05 0.00010860649029091271 -0.12031097161881077 -0.0025524758813722454 0.9999264073411434 0.013467242153545134 -0.719960837131844 0.004229147482827895 -0.013495687768749738 0.9999078176037505 63.42176487371113
0.9999718183513997 2.3346286903185715e-05 0.00010656717103018449 -0.1229754769424743 -0.002646116930647883 0.9999302879502334 0.013214950033989058 -0.7327015170002136 0.0038074846169514464 -0.013240884248306738 0.9999121536659461 64.84064437239553
0.9999784172647661 2.2769581906851438e-05 0.00010399595430528904 -0.12564003583436614 -0.0020223865406671345 0.9999308792866175 0.01289687899941236 -0.737626319620343 0.0029343341899236482 -0.012918847526285901 0.9999177285393873 66.29440888862001
0.9999686727257066 2.2720778018150284e-05 0.00010352595799189386 -0.1281635894920783 -0.003345399207036597 0.999938730184678 0.012838787941889498 -0.7438309936774437 0.002431154256710951 -0.012856806679770556 0.9999189687422233 67.6643720595738
0.9999516730070636 2.4918159729946793e-05 0.00011370022178846498 -0.1308685059480701 -0.005586241657526678 0.999929778051316 0.014098583205485786 -0.7514451706460792 0.0018530352004566153 -0.014113716936685863 0.9999022303109072 69.12849460413648
0.9999343312576287 2.646435724912126e-05 0.00012098443625567978 -0.13330848742386084 -0.007922813444855716 0.9999196761102888 0.015000207584857522 -0.7545732263529901 0.0010374344660035943 -0.015015105989525594 0.999888819963325 70.46589289966902
0.9999184938342189 2.7158523873022436e-05 0.0001243685645325825 -0.13595369106453675 -0.01013633997210735 0.9999111386228311 0.015418718152199222 -0.7546407888033286 -6.258788343625906e-05 -0.015437633428352353 0.9998809417360686 71.93059893228636
0.9998864027062037 2.6999909487077436e-05 0.00012416870158756693 -0.1384253491905382 -0.014167424805369772 0.999894990677835 0.015393861809144994 -0.7576368022970983 -0.00026623850724289094 -0.01542179985161791 0.9998807846267617 73.28612972680556
0.9998670699338308 2.7129778160508988e-05 0.00012542759115196614 -0.14104511924855592 -0.016752045476958438 0.9998734345068475 0.015549164502176756 -0.7643408563925367 -0.0010853284418146818 -0.01558985668788338 0.9998761482630962 74.70715392949835
0.999859805733768 2.7344105312313016e-05 0.00012675480342721535 -0.14366740217854845 -0.017783529775795393 0.9998613628486853 0.0157129746293765 -0.7620751002945998 -0.0016621204832906642 -0.015762392891665138 0.999871611752755 76.16957122879045
0.9998561153950426 2.8363017359225168e-05 0.00013182892961808483 -0.14615256124511294 -0.018346271233643574 0.9998456589411658 0.01634046179601164 -0.770844158274455 -0.002127857947215774 -0.016396734889547477 0.9998596959512205 77.50683410113628
0.9998627705820362 2.8765471689024685e-05 0.0001334846014106779 -0.1488777033369051 -0.017577693712396855 0.999849909115881 0.016545091447173095 -0.7866337808973591 -0.002386220671038281 -0.016600674435197995 0.9998552839343241 78.94569945280304
0.9998560399745242 2.7629854988289737e-05 0.00012829669297032041 -0.15124215257795265 -0.01825338212011194 0.9998536593420273 0.01590377093927222 -0.7864809456563964 -0.0016718431065353087 -0.01595500539507191 0.9998685257969196 80.25589664529578
0.9998637935221395 2.8150383879172597e-05 0.00013047284794123434 -0.15384964835524184 -0.017229937268323003 0.9998592512804217 0.016173282177945333 -0.7967808815760027 -0.0014019214186148951 -0.016218355137169804 0.9998651949208649 81.65408687749196
0.9998602789874941 2.8579044398508238e-05 0.00013268872106711308 -0.15641217623119572 -0.017623292240653808 0.9998510835622828 0.01644760359979921 -0.7997184373806012 -0.0012096367241928752 -0.016492186897596104 0.9998613180115941 83.06020524878996
0.9998612062780486 2.7684830741586675e-05 0.00012833577869293873 -0.15882553115466408 -0.0174895075703324 0.9998610783495453 0.01590902633301253 -0.7980303949865666 -0.0011265826756078387 -0.01595236742521425 0.9998703154689421 84.40433448159443
0.9998499531520733 2.814625919320135e-05 0.00013107306210636323 -0.16146675689028978 -0.018693859781498456 0.9998435236380531 0.016248248904637934 -0.8067438145543413 -0.0002650807639177791 -0.016286209056744584 0.999867093473646 85.82828071766569
0.9998533915202277 2.9503710088273072e-05 0.00013747140552901045 -0.16388803258545687 -0.017988766617817918 0.9998375818879538 0.017040358743935467 -0.8096399442224087 0.0009750324503721078 -0.017064510945314682 0.9998559235155231 87.15635337768093
0.9998532926563825 3.114899660799225e-05 0.00014546710315782954 -0.16644410694325226 -0.017829045183598326 0.9998217925244245 0.018029565023415007 -0.816316924458188 0.0017420735735783513 -0.018046142375657995 0.9998390450991856 88.542221386233
0.9998568024959681 3.253841442350455e-05 0.0001520835969501303 -0.1691012220843312 -0.017087858834014057 0.9998136645904324 0.018847751991953956 -0.8317077030070228 0.003103562998873744 -0.018851898086900614 0.9998233481933229 89.94518967448717
0.9998639045762246 3.362065752423975e-05 0.00015707569232799898 -0.17154641875620244 -0.016037962670498014 0.9998107702801707 0.01946481396797421 -0.8345898333138986 0.003852251481567188 -0.019464189934023712 0.9998103722262044 91.28657304838147
0.9998675820081454 3.3646395842546264e-05 0.0001570543293633363 -0.17398947930589534 -0.015524264464687142 0.9998147957148992 0.01946205308722156 -0.8292783828666521 0.004106426015799324 -0.019460493069662566 0.9998098914866971 92.66331310211194
0.9998709285145492 3.38265884319254e-05 0.0001578111389890955 -0.17639207336957727 -0.015051830597682964 0.9998163904952261 0.019555498597175022 -0.8322479274545356 0.0043598581373157025 -0.019553178085012574 0.9998074691209284 93.98071181586812
0.9998730037241883 3.385389649999612e-05 0.00015786965115148792 -0.17885927960029024 -0.01475298861837421 0.9998182987436064 0.019562627443473795 -0.827936045191374 0.0045432364639132064 -0.019559792316644505 0.9998068545118773 95.36636697050271
0.9998694435453815 3.305156614978773e-05 0.00015406799590777674 -0.18131247310547766 -0.015148574170738557 0.9998246659997814 0.019092412323488628 -0.8279482568606427 0.0047508531105654025 -0.019087038250636873 0.9998153945442104 96.72497783907191
0.9998560112295846 3.26425061466188e-05 0.00015262877313434791 -0.18370760960421545 -0.016972524386550197 0.999813432572493 0.018914830390984815 -0.825805797731431 0.004056134842056282 -0.018910582461865114 0.9998205502801999 98.06104356121652
0.9998478351949219 3.34778969258466e-05 0.0001571167268853025 -0.18618303553696153 -0.018014443971735402 0.9997929289694342 0.019469867804729393 -0.8288771191688804 0.00393781229801266 -0.019464688406474792 0.9998101837098019 99.41832526030763
0.9998433666208302 3.5313911962195355e-05 0.00016638331323637497 -0.18861802713348738 -0.018557767444326436 0.9997643813635028 0.02061552824650065 -0.8283566673080098 0.003989684715163645 -0.020608848143316066 0.999787158414516 100.76923071143696
0.999844352772499 3.682378898278195e-05 0.00017379721970700091 -0.19094146730901002 -0.018515782361349035 0.999745487153599 0.021532080872682154 -0.8154690273773955 0.0036307539108569736 -0.021529331243076502 0.9997684934150657 102.11350721957108
0.9998393814615183 3.6491668475194944e-05 0.00017242579577428775 -0.19318012208777696 -0.01907410804904076 0.9997431280337569 0.0213624806696993 -0.7996364537078251 0.00389415656546265 -0.021355911788851125 0.9997716947323849 103.42395967597918
0.9998396406853562 3.274595918634389e-05 0.0001539681065291839 -0.1956713414510762 -0.019160968948796292 0.9997883540240176 0.019080739027344768 -0.8079014808604417 0.0033632281082162808 -0.01907971762886416 0.999818659086206 104.76682670916546
0.9998546386700495 3.087248340337585e-05 0.00014405815004865912 -0.1982130301683908 -0.017314663747726926 0.9998298243477123 0.017855099497366824 -0.8257634025576603 0.0032905168971625607 -0.01785718121006231 0.9998413342165493 106.09484755800464
0.99986005593924 3.2815588868631215e-05 0.00015329470495498783 -0.20063747370985713 -0.01666343129773014 0.9998145742077672 0.01899749900802403 -0.8274095010680453 0.0031944498092401855 -0.01900135060736867 0.9998203990895543 107.43024926845435
0.9998850118984786 3.552145737890228e-05 0.000165686896475931 -0.20291136455386571 -0.01364357083058074 0.9998057131239553 0.020529774631243444 -0.8089216736394607 0.0028401966252612565 -0.02053947279668045 0.9997904355178222 108.77205795932171
0.9998870541236691 3.68255871126353e-05 0.00017207445854229824 -0.2053629534608203 -0.013604412583191117 0.999789392076545 0.02131943871245148 -0.8124374118741924 0.0018837685193145116 -0.021334530607520386 0.9997743296586783 110.11415596845768
0.9998808595607837 3.6127608326901386e-05 0.00016880340783127562 -0.20776646927879372 -0.01451840193216224 0.999792445141646 0.020915065006000013 -0.8101746432248336 0.0012385489964392164 -0.020934349952379628 0.9997826256666241 111.45539898110748
0.9998629619097205 3.306048073613982e-05 0.00015436955325564303 -0.21008609254876864 -0.016888815394352205 0.9998100717757747 0.019130367274570403 -0.805013159695251 0.0005799073690500537 -0.01915705923668102 0.9998176436847389 112.76310631761925
0.999844796875548 3.141687590360771e-05 0.0001471964476654963 -0.212593657215242 -0.019327367082623545 0.9998021429764868 0.018242906670445164 -0.8134664590891674 -0.00023451433417052904 -0.018282131681580167 0.9998326821686065 114.11418634702184
0.9998342818926568 3.122852315232301e-05 0.00014686409389084673 -0.2149171026201517 -0.02098834513221208 0.9997827991650203 0.018200699559965755 -0.8093236209743813 -0.0018181710920019804 -0.018264080094811185 0.9998285264315153 115.41946780982032
0.9998338621708165 3.4223075410769535e-05 0.00016154981653100317 -0.21738545281278604 -0.02130521157697341 0.9997439334579645 0.020015539530662076 -0.8117586870072491 -0.0029987982424082424 -0.02009589287954312 0.999788436003313 116.77566813098419
0.9998258217757425 3.691225792964471e-05 0.00017533609539319367 -0.2197710411151572 -0.022532169667242377 0.9996913435286068 0.021718354982360685 -0.8093479920402424 -0.004017432535924125 -0.021819785052948005 0.9997469096304565 118.10764193727213
0.9998276776602288 3.78637732839273e-05 0.00017994445978347716 -0.22216486174653663 -0.022505411245730703 0.9996792169497377 0.0222865119385829 -0.8067649709938156 -0.004925956298833901 -0.022400847077998633 0.9997283627359383 119.44494359648616
0.9998378513376007 3.7689821175053775e-05 0.00017845896385248463 -0.22443221440235 -0.02144574436829941 0.9996980884613849 0.022101464929003577 -0.7932484749427418 -0.005834853879204237 -0.022220347667223223 0.9997258552469475 120.76096127218483
0.9998242298148077 3.682016194116698e-05 0.0001749835470491825 -0.2268873128619229 -0.02343298030688655 0.999678952582423 0.0216693531691427 -0.7965825149831043 -0.007152964598373998 -0.02182403716724272 0.9997236369964173 122.10581328912814
0.9998124924071954 3.637998238557698e-05 0.0001736179524504701 -0.22923217549223368 -0.02519138840157737 0.9996540613651002 0.02149751007675891 -0.787508571444534 -0.00849409414413425 -0.021691253961933412 0.9997136075294212 123.4449469142078
0.9997963337343461 3.5780944526254965e-05 0.0001719123900053507 -0.231770886666724 -0.027445168993417174 0.9996174504070613 0.02128383012934831 -0.7937644600441387 -0.00959571248479907 -0.02152275426049884 0.9997052904428357 124.82307645987314
0.9997883161031794 3.562921926491061e-05 0.00017184632440903872 -0.23402634627124883 -0.028673272099578977 0.9995931040048341 0.02127273616419075 -0.7800338846709851 -0.010632060498923884 -0.021547297611395424 0.9996924057374477 126.13346204206204
0.9997970719878858 3.576782918367216e-05 0.00017178636064902188 -0.23646717774426426 -0.027776045954846014 0.9996114223385609 0.021262866309462256 -0.7809507453882218 -0.011480148052414724 -0.021542373034581466 0.9996816006094602 127.48119204606391
0.9998027337381037 3.691534212346692e-05 0.00017701829292286688 -0.23872806079530526 -0.027278868212326973 0.99960719956136 0.02190658373446881 -0.7682953193356188 -0.012398633118661363 -0.02219673800097388 0.9996546659791469 128.78978663514357
0.9998245516884933 3.80958704140795e-05 0.00018130352626982986 -0.24112167900519502 -0.02476672625527153 0.9996406747648972 0.022433338208433802 -0.7646114510919122 -0.013279145618816386 -0.022701271745012415 0.9996304437581058 130.1318854769269
0.9998200468862852 3.801591893240301e-05 0.00018120931739223694 -0.2435116315379556 -0.025420215747064864 0.9996298287284489 0.022420178794761197 -0.761878441626701 -0.013698500424117797 -0.022705360303778534 0.9996239348120142 131.46771372821237
0.999818061617919 3.8153824556951335e-05 0.00018203430654623628 -0.24601536082262795 -0.02565418792584185 0.999623438631327 0.022522294457224975 -0.7695743940647444 -0.013642400840013849 -0.02281023431798584 0.9996224172508744 132.82004701939147
0.9998181770418194 3.854021334932789e-05 0.00018395281200060784 -0.24832197996930333 -0.02561957681850556 0.9996186675657622 0.022759658068578194 -0.7615549523072289 -0.013551976474736849 -0.023045506935432055 0.9996184176153186 134.13329743991906
0.99982739512574 3.90182782127723e-05 0.00018571868368175387 -0.250764452813379 -0.02437667434323059 0.9996347078393611 0.02297944604651084 -0.7632128670136891 -0.013114483024064792 -0.023238743651589087 0.9996205724238423 135.47863172081128
0.9998172309708564 3.796916007475608e-05 0.00018117280607762962 -0.25318378824673904 -0.025373149536146708 0.9996306136270023 0.022421596662085416 -0.7669452475757161 -0.011929052419737633 -0.02267596329487138 0.9996504791294223 136.8019004867441
0.9998070693969057 3.8489503801648894e-05 0.0001845170265118432 -0.25568475285669984 -0.02642524058357286 0.99960240410738 0.02283757936902209 -0.7743922800035785 -0.010993073296894014 -0.023089950013007274 0.9996534301395074 138.15381267624437
0.9998051145894077 3.909175715948246e-05 0.00018767776227459785 -0.25810666676121324 -0.026419438824912038 0.9995934337666068 0.02323120866607957 -0.77783161511973 -0.009884558494221181 -0.023463502968321295 0.9996583151461168 139.47981634354622
0.9998112711719929 3.926842606234021e-05 0.00018809055512889654 -0.2605427691811521 -0.02539523058471114 0.9996104720983124 0.023285244270684163 -0.7699366982321543 -0.008726776717395609 -0.02348536504484781 0.9996706707189149 140.86422385459738
0.9998089122187194 3.8908022247499674e-05 0.00018646617673813274 -0.26290532007641626 -0.025391720127112237 0.9996151207611955 0.023087593652804713 -0.768549104522156 -0.007404649878071369 -0.0232650296887187 0.9996888747393501 142.17887615174467
0.9998061896993972 3.9033873349244436e-05 0.0001873044218607086 -0.26524751301864286 -0.02550662939227029 0.9996106749193677 0.023193173308563204 -0.7571729406616505 -0.006409266797925203 -0.023354556964681288 0.9996954634292874 143.52679809173762
0.9998260894205965 3.557924098000244e-05 0.00016871842279119484 -0.2676348071440967 -0.022909447373462764 0.9997033154478526 0.020897536479037422 -0.7487326461478823 -0.005848155132065366 -0.02102812366491374 0.9997515239236332 144.88660598563476
0.9998361414028127 3.52477127833796e-05 0.000166462924110722 -0.270161816856166 -0.02143164007197502 0.9997299452921695 0.02062047855441193 -0.769658957981735 -0.004824932604580032 -0.02072575431738826 0.9997651432766023 146.19283125992953
0.9998878017581873 4.0275748449543e-05 0.00018923274239878015 -0.27271610060665263 -0.01481976700025647 0.9997344985094204 0.02343579363655719 -0.7690981114398865 -0.003950240134247545 -0.023490152968261555 0.9997094704803747 147.60998506740162
0.9999326720172573 4.3466942023534516e-05 0.00020468520313276562 -0.2751031448508129 -0.008952737414543565 0.9997103668978443 0.025346079849802278 -0.771673166856284 -0.002636624111001183 -0.025365165130680087 0.999670381330553 148.9205309880632
0.9999466865452952 3.7869947011570995e-05 0.00017670394095413433 -0.2775463303479029 -0.007048941199147639 0.9997919701120102 0.021890084304527158 -0.7776620321403602 -0.0019082777920747514 -0.021901437160322373 0.9997551850701978 150.24694584072998
0.9999636614267329 3.1481865366722595e-05 0.00014553008227397306 -0.279908165339921 -0.005065598780108851 0.9998650385012653 0.018035376479658152 -0.763021328945082 -0.002464739063320823 -0.018037638971280866 0.9998300815572063 151.62030464161293
0.9999308912480191 2.8286449237094335e-05 0.00012974472589420238 -0.28242691734509295 -0.009242990224318069 0.9999021456279167 0.016081899282165787 -0.7769482320100045 -0.002944770054834663 -0.01610242316001035 0.9998609274362551 152.95317076766514
0.9999212610368895 2.922480833052188e-05 0.00013430922581838547 -0.2851410306801523 -0.010637869999769107 0.9998902759386845 0.016645631570674398 -0.8080475077799474 -0.0038317643036139323 -0.016675053168531486 0.9998469421768793 154.31765373397494
0.9999487716474444 3.170143277038233e-05 0.0001463814456411441 -0.28730594276477944 -0.007424425045895135 0.9998674445369427 0.018137902307075047 -0.7769096844324064 -0.0047375726993483715 -0.01814851331195779 0.9998157861779743 155.65551951054695
1.0000275775687955 3.548652362234117e-05 0.00016763603158056507 -0.289629357155659 0.002338017308809625 0.9997624791662839 0.02076619437515335 -0.765764104561018 -0.004846911660410218 -0.020712929542389943 0.9997652628680483 156.99201292222102
1.0000432244118589 3.675740109645824e-05 0.00017491659265122844 -0.29205309999124696 0.004225987041059991 0.9997219694344912 0.02166580379320749 -0.766491762008598 -0.005093178236642427 -0.02159744189090493 0.9997448900659778 158.33112239718096
1.000045831203754 3.67092261699415e-05 0.0001748576708282786 -0.2944565393278156 0.00459306213761127 0.9997175452449915 0.021658814743918578 -0.7668461661118797 -0.004899919493251083 -0.021590490837710474 0.999746354992259 159.66065162083308
1.0000385819560993 3.706171315995613e-05 0.0001761162724544091 -0.29689273571316677 0.0034653116398249417 0.9997278246114745 0.02181275490533916 -0.7614004615329226 -0.005914297301929235 -0.02173986917941249 0.9997358018116992 161.03418877152444
1.0000313391843325 3.6205877358985034e-05 0.00017141652935243079 -0.29921337354934663 0.0023486205790926896 0.999752617622314 0.021230118389369834 -0.7473698516605742 -0.006882941497367145 -0.02115531120046401 0.9997403850475769 162.38201038454454
1.0000208442229928 3.412996645733683e-05 0.00016057411515124197 -0.30153269145059153 0.000832524838076474 0.999794864812334 0.019887786327644305 -0.7352960101628896 -0.0078315759949792 -0.019817194573648753 0.9997590912537455 163.72037465094522
1.0000193885221262 3.3640147299052875e-05 0.00015809022240894808 -0.30386169171666044 0.0004935960684469796 0.9998039167299625 0.019579103138688523 -0.7241043831062159 -0.008536829514164889 -0.019505547857964777 0.9997581686491795 165.06016706790354
1.0000251814602497 3.549599991393808e-05 0.0001675446148314641 -0.30626474861106695 0.0011601176801284228 0.999774415664215 0.02074747756847987 -0.7189851521203254 -0.00877277245668645 -0.0206649463557425 0.9997324240319667 166.41389446886424
1.0000305773092653 3.520719626617236e-05 0.00016643523887710661 -0.3085266449025463 0.0018704065885270533 0.9997704480197485 0.020610781553438776 -0.7020826676666849 -0.008593610655698134 -0.020522690617646656 0.9997372320102363 167.7419902250669
1.0000188805332937 3.206827828671974e-05 0.00015036754116597596 -0.3109369993172437 0.000496591734648149 0.9998221395463789 0.018624751471168332 -0.6956580330458844 -0.008242127988279092 -0.018553725518135798 0.9997792770614182 169.10558077269076
0.9999896739511154 2.839997779091434e-05 0.00013128821050435962 -0.31354532200365093 -0.002996659158945634 0.9998871023464119 0.016265630457041304 -0.7006384081750394 -0.00764484104272552 -0.016232385658682062 0.9998254507040186 170.52795186059973
0.9999531115406147 2.658923124083598e-05 0.00012171515265681828 -0.3158477961926029 -0.007496505763219946 0.9999183117490015 0.015081136121298803 -0.6954403732937249 -0.007462607092046444 -0.015090350069489953 0.9998450287922195 171.82632443234985
0.9999448557581705 2.775342935213039e-05 0.0001272263451054772 -0.31825850703074826 -0.008574564322041312 0.9999078067275979 0.01576268737142953 -0.6902425419397848 -0.007697926304606883 -0.015781971899657247 0.9998321520973691 173.18464138087236
0.99991339790528 3.0203145457669694e-05 0.00013911572185104008 -0.32091914842433855 -0.01262896315215729 0.9998731969444373 0.017232185504982213 -0.702145511186195 -0.008356277186307425 -0.0172930556183509 0.9998007053424843 174.60511671663463
0.9999332841694246 3.3553404216920754e-05 0.0001553446026832878 -0.32329874739841724 -0.01014689076585384 0.999844834707639 0.019239665270252927 -0.6908955806699577 -0.008301050487166268 -0.019275030420185163 0.9997650474606464 175.9731924952504
0.9999408717805266 3.50772567731545e-05 0.0001628526104166764 -0.3258859879849587 -0.009021505566000917 0.9998282140091782 0.020169805106070016 -0.6957928657675054 -0.007484618503495783 -0.020193114812155463 0.999754858788639 177.3842581153529
0.9999475871554339 3.527574861719035e-05 0.0001638805022138735 -0.32837319013414196 -0.007875720210380247 0.9998260402084808 0.020299597170464655 -0.6920076959094259 -0.006094135610115624 -0.020312740803569037 0.9997643910575569 178.77863881289062
0.9999613386823674 2.9058060659104684e-05 0.00013372827899004575 -0.33074904207433814 -0.005769009753399803 0.9998922193570023 0.01657322226702238 -0.6865905408649542 -0.004315222365184195 -0.01657403562597349 0.9998457776651893 180.11862775733115
0.9999290615690041 2.1536862161643244e-05 9.752552740363574e-05 -0.3333084749727089 -0.00946009915132151 0.999958119587753 0.012093227678166485 -0.6844574614237173 -0.0028996387249195926 -0.012114644059063592 0.9999173509817909 181.54564480714035
0.9999040337753538 2.2114262508979993e-05 0.00010048252891948573 -0.33603430959122266 -0.012418397367749096 0.999945066577941 0.01246007328760508 -0.7119705644989047 -0.0022310607411445225 -0.012492639433181038 0.9999156278401858 182.9326121760827
0.9998810821335993 2.4220463389930738e-05 0.00011101969217130027 -0.33841496363138085 -0.015200873986614773 0.9999119094103393 0.013765082799120311 -0.7092991377948512 -0.0019282426819636422 -0.013806994249337606 0.9998995383683283 184.26301596146845
0.9998530173964086 2.8262466397874567e-05 0.00013148669323414836 -0.34106578650499497 -0.018699697139242216 0.9998426471365831 0.0162982352933264 -0.7161348638422338 -0.0019881996815385786 -0.01635447752488973 0.9998609270720324 185.70065111314193
0.9998330676863747 2.96305339808952e-05 0.0001391672113656467 -0.34363549484880535 -0.0212476411416243 0.9997963117517611 0.017248167821199586 -0.7305701209768038 -0.002302046025344821 -0.01731879702446456 0.9998434626772986 187.05947162783005
0.9998379090123799 3.018953639830936e-05 0.00014159998862579978 -0.3463267147540834 -0.02071319291781709 0.9997979865670721 0.017548828929312813 -0.7388961829271832 -0.0025999413128707845 -0.01762092339967791 0.9998369199174868 188.51283384658578
0.9998353775090211 3.0263318038117534e-05 0.00014210338082896274 -0.34895631926966536 -0.02102231834635787 0.9997929274588954 0.01761111778288047 -0.7465772750057369 -0.0025764676666688493 -0.017684347662235433 0.9998359042002084 189.9349475631904
0.9998585151710934 3.146258145165885e-05 0.0001467553989702205 -0.3514145993303632 -0.01808043963081539 0.9998164503978773 0.01818689286016029 -0.7441822712174879 -0.0022714476318501037 -0.018243640270357332 0.9998271537590342 191.30711066048147
0.9998761989870603 3.1992274268845267e-05 0.00014864961990126947 -0.35388976276785267 -0.016018885563870117 0.9998307226894689 0.01842060304351422 -0.7370559419945746 -0.0028717526221811165 -0.018473354789678334 0.999820311081225 192.70972398410632
0.9998923644242672 3.2730723074136936e-05 0.0001517909556557641 -0.35639961805695 -0.014062868504211484 0.9998371618391801 0.018808889931643234 -0.7371286930363989 -0.0031017740460070956 -0.01885361810062067 0.9998121157217749 194.09944617382828
0.9999042445502831 3.3643293772063834e-05 0.00015601647621818005 -0.3590162265932589 -0.012673516878885106 0.9998345835421985 0.019331007252686633 -0.7388078995048202 -0.0034855153359909 -0.019370530090917767 0.9998002849052697 195.5411280080491
0.9999257928633821 3.4574788559510114e-05 0.0001603678158668034 -0.36160098224431503 -0.01006129365163658 0.9998326972742538 0.019868748932858574 -0.7448909068586926 -0.0037703750458733514 -0.01989483676840487 0.9997884487479368 196.94552958708573
0.9999130173423164 2.78812275541062e-05 0.0001278980914017759 -0.3641759678683849 -0.011713803047779626 0.9998998232111155 0.01585199851680212 -0.7442117321288919 -0.004064299370231393 -0.015888354010121165 0.9998584033777324 198.37467651561855
0.999864386870488 1.976841445362927e-05 9.051400403058542e-05 -0.3668071429949806 -0.017903104318756795 0.9999207465863853 0.011222282544769691 -0.750162914739201 -0.004732565505452287 -0.011301882199591877 0.9999165512009941 199.8053747219122
0.9997785628996014 1.7959387935152435e-05 8.752999795058115e-05 -0.36944957844647286 -0.028847493138860987 0.9997571114019206 0.01085032614488381 -0.7505890622267948 -0.0060073400515532555 -0.011029719753560433 0.9999104385643535 201.26694850306635
0.9997383970686969 2.2868198800790607e-05 0.00011486710191597636 -0.3720718280881328 -0.03407881620865841 0.9995920937939989 0.014233436021416732 -0.7498580959462666 -0.007091465378486729 -0.014484298242017466 0.999857354636381 202.72250288353342
0.9997327904049262 2.4867757658485895e-05 0.00012510037095884692 -0.3746326759515949 -0.034941698548140346 0.9995504195156373 0.015498383866758648 -0.7473909901683944 -0.007834369605377858 -0.015777573474331757 0.9998309152444196 204.15179320051936
0.9997311218917192 2.5279150969899356e-05 0.00012727767795125142 -0.3773811393624469 -0.035097810827051504 0.9995419810592062 0.0157683255206932 -0.7613773839888978 -0.007606479575241535 -0.016043049417134497 0.9998288657994815 205.61161632501035
0.9997501091182275 2.6222435976240577e-05 0.00012965521020926493 -0.38012366154323984 -0.03245249441260307 0.99960532883334 0.016065244191604253 -0.7725352267448842 -0.0063253379988585665 -0.016282971010298127 0.9998362300639815 207.08076307067327
0.9997544550074181 2.605084308137523e-05 0.00012836277612497042 -0.3827857708941902 -0.03165878118684587 0.9996269172672285 0.01590735147622598 -0.7869655829511475 -0.005192635819314141 -0.016091661946265937 0.9998478942170512 208.49078038710368
0.9997443599795652 2.4369467893647218e-05 0.0001213784839955124 -0.3854843087348011 -0.03283704622441707 0.9996117816662045 0.015043513447123524 -0.7835148791088069 -0.00485619237137803 -0.015227954975243001 0.9998637073466651 210.00071469479127
0.9997282241362598 2.4776319524810048e-05 0.00012520818194607596 -0.38830249717001153 -0.03474955226530553 0.9995552649067094 0.015518062343752177 -0.8020823341668286 -0.0044485212315247 -0.015705323504593787 0.99985896299514 211.47872450039506
0.9997114751419302 2.5700618321581464e-05 0.00013177784351161713 -0.3909691018175109 -0.03684280088675935 0.9994841943955135 0.016330876432003587 -0.8045920141325549 -0.004507297196701262 -0.01653417585950191 0.9998452427672789 212.94439240540348
0.9997103694557478 2.5300781872085107e-05 0.0001299952048010272 -0.3935607714902288 -0.036838022677887584 0.9994879004027933 0.016111216757534106 -0.807590746746415 -0.003873620388707804 -0.01629620514198576 0.9998529463092725 214.36637771296645
0.9996986297986981 2.415775740979495e-05 0.00012608342266174515 -0.39632255030716546 -0.03825617866528989 0.9994537363412563 0.015627361765387843 -0.8192272106321932 -0.003696130472899374 -0.015815514345967542 0.9998616507248722 215.84405502661335
0.9996961092719763 2.3733766274978974e-05 0.00012439746357812125 -0.39903962028382756 -0.03847723291442586 0.9994502666847184 0.01541924047385786 -0.8281051532227162 -0.0032859776379547782 -0.015596166190742626 0.9998672657457273 217.30927278602715
0.9996894440903389 2.370650734467329e-05 0.00012521483613232355 -0.4017049306066223 -0.039190867129112315 0.9994267089974631 0.015520987318658357 -0.8344438644779872 -0.0027770567233429072 -0.0156861260785479 0.9998683217635705 218.7571480652073
0.9996812803709536 2.2796502364978016e-05 0.0001220424664593444 -0.4044268493115602 -0.04017269647313087 0.9994016574995539 0.015128514543546464 -0.8324136842105272 -0.0026342240520047626 -0.015293851717081601 0.9998750376033682 220.27369661673345
0.999679819468375 2.324545165228835e-05 0.00012441567198028447 -0.40720556023009896 -0.04032631170401153 0.9993922122036264 0.015422360480886861 -0.8483980342134059 -0.0025101804028250744 -0.015584617545664757 0.9998710951375919 221.74136188142626
