1.0 -3.469446951953614e-18 0.0 -1.5585406229479126e-19 0.0 0.9999999999999999 -3.5575383784680614e-19 0.0 2.168404344971009e-19 -2.388632911257127e-19 1.0 0.0
1.0000005914377053 1.1956327172438913e-06 5.3627550915744115e-06 -0.0025724908183114847 0.00020089264314402354 0.9999981306314466 0.0006661498083598322 -0.021923715912692023 0.0005683330602807809 -0.0006705202411875233 1.0000006495569949 1.3269663392242248
1.0000037316296113 1.8269696085791015e-06 8.312126194324207e-06 -0.005051259579434729 0.0006039663497323811 0.999994406432806 0.0010323810811453688 -0.03979067333320005 0.0006267138633196559 -0.001036785216461184 1.0000004127387558 2.620117433890171
1.0000050823833229 1.7037594682058066e-06 7.814561079007559e-06 -0.00768147555635162 0.0008223984123881291 0.9999925545108397 0.0009706554944300802 -0.07027456188431148 0.000852728903856533 -0.0009768058344951725 1.0000007131292896 3.94087943033409
1.0000091166195164 1.959095969355021e-06 9.127681680412255e-06 -0.010140287976638608 0.001231493207448569 0.9999886664469873 0.0011335893262740487 -0.08005080209074288 0.0004428077469088947 -0.001135559261623484 1.0000000731972865 5.259059011668675
1.0000091985380262 2.5934271465823805e-06 1.1977478850636915e-05 -0.012658511667365417 0.0013068931834693733 0.9999874946350563 0.0014874830657949623 -0.09612944914095993 0.0007336888646753885 -0.0014921000644823467 0.9999999640125978 6.582036713690781
1.0000211056529087 4.0143693499725824e-06 1.8925311867593964e-05 -0.015320455663989783 0.0027092310179633906 0.9999717190679767 0.002349877729895797 -0.12757107774790807 0.00039291292496355197 -0.0023494201518276486 0.999997906460567 7.916099713293726
1.0000209131748197 4.715078122894192e-06 2.2078159148338416e-05 -0.017861073328229334 0.0026854238088985603 0.9999709730572781 0.0027412099816140627 -0.14719281952370525 0.00039334449398630705 -0.0027408243299739685 0.999996916583047 9.235679357228973
1.000017680628198 3.997967941472141e-06 1.8683652923672184e-05 -0.020450018835630964 0.0024006344985213583 0.9999750626752866 0.0023200129737458845 -0.16983689852804637 0.0009136089978621613 -0.002325425464562757 0.9999985621503481 10.568546385018506
0.9999967059114868 2.6430099824004127e-08 -3.3632693242826445e-09 -0.023025749420656747 -0.00021379634199866944 1.0000016986561218 -1.5011027359073512e-07 -0.19281246585845263 0.0008709457642673569 -7.062670375438928e-06 1.000001193272192 11.892616230351386
0.9999784015571958 -1.0204458718472698e-06 -5.228264526305291e-06 -0.025624656025341985 -0.0025074030657885136 1.0000168447573738 -0.0006491021404221641 -0.21735391547052862 0.0007800747912754444 0.0006402791692537879 1.000000889857048 13.22253863387262
0.9999457717940822 -1.4157335452621295e-06 -7.528099768606272e-06 -0.028188059197087882 -0.006600554171317521 1.000030939452364 -0.0009348160948030025 -0.23396731376925248 0.0005979512605018471 0.0009220595579883271 1.0000004623085461 14.56815357674438
0.9999466445377594 1.561044991032351e-07 -5.276517597225302e-07 -0.030865777351999066 -0.006606179044399347 1.0000313697705747 -6.549458003992295e-05 -0.2645473811190352 8.951050329010632e-05 5.343908514068007e-05 1.0000001553979971 15.914795044580245
0.9999561703824755 5.013289069395049e-06 2.1369462878391247e-05 -0.03355008527109157 -0.005448344116559322 1.0000254688941943 0.00265309224665215 -0.2963314663060159 -2.2808430187854986e-05 -0.002662956811933651 0.9999964515865984 17.25971677079321
0.9999952921982916 8.8632191637978e-06 3.98153880043434e-05 -0.036223940596693684 -0.0006040074477537743 0.9999923970474154 0.004941941023703344 -0.32279888874484425 -8.625850987510988e-05 -0.004942670045280755 0.9999876972898362 18.622559441258737
1.0000087592455382 6.0072483158788575e-06 2.735854207143256e-05 -0.03892185998987725 0.0011280213846281504 0.9999844629380925 0.0033964624617069685 -0.3566772274060355 0.00017929561082257557 -0.0033963149925570796 0.9999945895044563 19.965680240633176
1.0000171300090075 1.405300886452368e-06 7.008482836100716e-06 -0.04136452468874415 0.0021438790098018048 0.9999800473768774 0.0008703358482252261 -0.3567740358979313 7.35456602710188e-05 -0.0008672851920585107 0.9999997665957863 21.318082619534724
1.0000017320882821 -3.377501655490306e-07 -1.439454887160272e-06 -0.04423167092667808 0.00017645280929784284 0.999998550219529 -0.00017884423880024067 -0.410028090015953 -0.00017239040195108604 0.0001805926086074867 0.9999996549619892 22.66852012453685
0.9999855254996013 2.1690674917342057e-06 9.209995725152327e-06 -0.046613819721169375 -0.0020193106842610314 1.0000135506258974 0.0011431434281187508 -0.40007495949824545 -0.0009887407076269652 -0.0011408765043943395 0.9999970918291524 24.03222493045606
0.9999811794463312 1.0526498084370908e-05 4.6973553707347184e-05 -0.04933398843519847 -0.0027273888748142825 1.0000011680789096 0.005828848693410822 -0.4244627924149267 -0.0017394576992826388 -0.005824737823692708 0.9999784672013434 25.429991641303435
0.9999939015730014 1.1728271330942869e-05 5.289615541911332e-05 -0.05202729927073015 -0.0011756114927363613 0.9999871399117771 0.006563270715144323 -0.4521713927631502 -0.0018651818218484316 -0.006552881761683833 0.9999735177219398 26.798074357716867
1.0000280359456706 1.0639947838305894e-05 4.9432558701278896e-05 -0.05474838963255817 0.00306720072176234 0.9999516952860865 0.006133767470259756 -0.48269867395230676 -0.001848942041736356 -0.0061081970460597716 0.9999763859110719 28.168972290610874
1.0000288748534985 6.516344898453361e-06 3.065186170924652e-05 -0.05722616978149074 0.0031881849199191323 0.9999619540322078 0.0038040156383327395 -0.48607534350164844 -0.0017740229476653662 -0.0037786504328725648 0.9999881392055062 29.52619612060049
1.000031552698568 3.0600149754211187e-06 1.5178411735787415e-05 -0.06013588787660868 0.0033780092947020886 0.9999652930985573 0.001883012185764024 -0.534700467389793 -0.0024105756501615824 -0.0018495219222649962 0.9999910587995758 30.920854403677144
1.0000123882276666 9.794847650144989e-07 4.88465864046197e-06 -0.06256774291340737 0.0008727386460186028 0.9999924002730698 0.0006044033048694604 -0.5282703540914081 -0.002969010947441544 -0.0005763647199885727 0.9999900742331793 32.296377188724755
1.0000014106718207 -2.2852809495963605e-06 -1.0107845849013095e-05 -0.06545150432034676 -0.00061881444948914 1.000004017823003 -0.0012583284095429343 -0.5762862487543556 -0.003540918214385542 0.0012835871256434417 0.9999864953420642 33.67937663227173
1.0000001013168731 -1.73536441430526e-06 -7.71780271797127e-06 -0.06797191105639926 -0.0008356843811175461 1.0000059312891767 -0.0009617276687993427 -0.5767589873704178 -0.0037828949423473097 0.0009875571104066166 0.9999855128149169 35.07315881913954
0.9999977870981362 1.0819545308918266e-06 4.749506564092178e-06 -0.07083152861601347 -0.0009931199584367386 1.0000073224587551 0.0005873629186371336 -0.6187409845772325 -0.0032032916772047537 -0.0005665697638498992 0.9999889336605599 36.46969505534972
0.9999929937658297 2.911129454753747e-06 1.2779277877551136e-05 -0.07336584760883573 -0.0015377812345686304 1.0000099212761786 0.0015845970466636782 -0.6187655999213377 -0.002977522685732959 -0.0015680419563019997 0.9999889846801933 37.87318077330615
0.999975255779598 4.1373145519569415e-06 1.777921437399739e-05 -0.07606664498930904 -0.0036323073520453586 1.0000201853372688 0.0022057690530667205 -0.6420668119715918 -0.002494257023288343 -0.0022013734658051514 0.9999899949387672 39.265064802126226
0.9999538253829527 4.888904926950849e-06 2.0777524100411325e-05 -0.07890020268432031 -0.0064486014559500355 1.0000277721892734 0.002577207986430791 -0.6806796939391335 -0.003184769308531274 -0.0025837967991188746 0.9999858780387236 40.662192924858886
0.9999293092312944 5.657436006504396e-06 2.4117434514984472e-05 -0.08169638702532186 -0.009454432873600581 1.0000269121401584 0.002991916074902493 -0.7087454538626952 -0.0030115337725371456 -0.0030132719302139433 0.9999855318565104 42.08565785355003
0.9999256340260544 5.811345435714418e-06 2.4822882243641506e-05 -0.08429540616151582 -0.009851657094797746 1.0000260080645542 0.003079742543597562 -0.7209936706978521 -0.0027475191558059327 -0.0031025441921734525 0.9999864970915197 43.47046495244554
0.9999314537486296 5.5437730213381275e-06 2.3601565404175783e-05 -0.08703462770028526 -0.009052380918679853 1.000027583987026 0.0029285065147480996 -0.7409734732035085 -0.0024062697370703847 -0.002947325209664556 0.9999884598716962 44.89844165406556
0.9999306175145961 4.908817827213585e-06 2.0733296034660103e-05 -0.0898528685824107 -0.008954536777816217 1.0000286595337393 0.0025732731865906557 -0.7759017245720328 -0.0015067922369253874 -0.002590868104396175 0.9999928256418831 46.30351860402928
0.9999303357815863 6.200881467282454e-06 2.657607616278956e-05 -0.09268947982778417 -0.008790377522093391 1.0000266528761814 0.003298985737920666 -0.8084016068893329 -0.0006186809850588714 -0.0033154074493233826 0.9999932437995 47.729599160914276
0.999927911029482 7.459381622637595e-06 3.229008004970854e-05 -0.09533408509723675 -0.00886697307858773 1.0000239907024542 0.004008462571097824 -0.8235640001267905 0.00038265024351960704 -0.004024281461025281 0.9999925786845989 49.12665753711375
0.9999188597373311 7.710048877954817e-06 3.347327072193663e-05 -0.09814995897303831 -0.009769311513179408 1.0000222455287846 0.004155475445977302 -0.8524577164782525 0.0013715463400730528 -0.004170892553903309 0.999992898128716 50.557334907725156
0.9999171932554958 7.985370708870135e-06 3.473900362211497e-05 -0.10087227915496633 -0.009694393327632165 1.0000217044133692 0.00431246575119177 -0.8647083225821626 0.0026286048338880555 -0.004325788656389095 0.9999919976862702 52.010419831553556
0.9999093036309914 1.0077092041350932e-05 4.437015603617135e-05 -0.10367058914913355 -0.010455524346708028 1.000014281985309 0.005506967228730256 -0.8958072555201475 0.0036038508108466394 -0.0055173586503837755 0.9999848721910208 53.42153541440562
0.9999198058358941 1.0993139490392267e-05 4.846500352072118e-05 -0.10641689650303317 -0.008904400666556074 1.000013878011964 0.0060142719507676945 -0.9100793932476934 0.004704682655883877 -0.006026499668366337 0.9999793551180804 54.87889014708006
0.9999421857505959 1.3185988958167721e-05 5.854628354162229e-05 -0.10907303212105607 -0.006093583039018735 1.000004006711381 0.00726430529909958 -0.9293080237884632 0.004844895600900024 -0.007284998886799745 0.9999705805734757 56.264200821368306
0.9999495453047247 1.285543665599867e-05 5.7079717995563856e-05 -0.11186838974895506 -0.005109824760756431 1.0000029052340018 0.0070822355222233575 -0.9564925507662638 0.005156040282296035 -0.007106839432035076 0.999970865906521 57.69113779559604
0.9999577985517344 1.3566607616101109e-05 6.0466157216363964e-05 -0.11472153017100624 -0.00411587153764125 0.9999964182204155 0.007502209012500567 -0.9852409304193075 0.00501769117527862 -0.007529640268690851 0.999968231784919 59.14310283483672
0.9999604672824612 1.4481969815644674e-05 6.474395367027093e-05 -0.11744757645235539 -0.0038034533194589264 0.9999910119310417 0.00803260509837804 -1.009571414962889 0.004932900542117534 -0.008060709884387566 0.999964368353926 60.54438049867729
0.9999780939545295 1.553994591719371e-05 7.003314226458504e-05 -0.12014096881601345 -0.0017463806137848377 0.9999746619654516 0.0086886094844699 -1.01691197199292 0.004344258978177729 -0.008719568070083727 0.9999605175507865 62.003340817017786
0.9999992630775772 1.5126837767090798e-05 6.880580321584639e-05 -0.1228244247911627 0.0008609133267557072 0.9999561336783823 0.008536522433479821 -1.03477240717152 0.004247425695049472 -0.008573402116869156 0.9999620204617642 63.40988401645468
1.0000029138236732 1.3585505310657886e-05 6.180660426645607e-05 -0.1256089073524989 0.0011890213383917575 0.999960196838357 0.00766914612031685 -1.0637144132941012 0.0036887297459678404 -0.007701637795744895 0.9999703103362689 64.82296041589026
1.0000073578327358 1.3554792107458441e-05 6.185117776494006e-05 -0.12835569360024335 0.001544365862237343 0.9999568049853093 0.007674969013739267 -1.0799860957734504 0.002812159486841265 -0.007699753899325797 0.9999715914810677 66.27166329325499
0.9999950178327088 1.3127814868930943e-05 5.938766371753031e-05 -0.13098393395856447 -9.12038686706404e-05 0.9999734652535941 0.007369628364252227 -1.0978770088116947 0.0023525716093225004 -0.007388981388472404 0.9999742886795829 67.64749021348794
0.9999751291968062 1.5780129552439917e-05 7.10735878760786e-05 -0.1337895520089697 -0.002711638650330101 0.9999791453287463 0.008818322018078355 -1.1177347559049453 0.0016816234943943925 -0.0088325964481878 0.9999627424012775 69.11278396461013
0.999949096062319 1.794923032429757e-05 8.073785605948436e-05 -0.136395723403964 -0.006134649068352611 0.9999802704471967 0.010015903917035085 -1.1353624997648741 0.0008345842704510839 -0.010028903642157335 0.9999510135364198 70.47756193035565
0.9999160621181526 1.9931813406053392e-05 9.002710926555831e-05 -0.13924966238352782 -0.01046774625071263 0.999966985272852 0.011166450966091049 -1.1647050759136468 -0.00019374268851778532 -0.011186174263753068 0.9999372266385469 71.92731938588865
0.9998894644624345 1.9092875674262336e-05 8.653536353959057e-05 -0.1417432387136951 -0.013829872234171064 0.9999579536384284 0.010733726053417178 -1.1673399032959408 -0.00045661248672679224 -0.010761817964414057 0.9999413175330296 73.29659998710044
0.999859803878328 1.8198637955577773e-05 8.332825681035654e-05 -0.144417646682475 -0.01769082869065862 0.9999323845555121 0.010335864368286402 -1.1893689717165015 -0.0012476871081906042 -0.010380584269554856 0.9999432398321244 74.6795418233316
0.9998505404166514 1.8187008436653523e-05 8.368656252776452e-05 -0.1470904731349991 -0.019042636198498736 0.9999179856206288 0.010379522642128923 -1.1973442977366673 -0.0021457169456077204 -0.01043835630053416 0.9999394940110883 76.12428122426526
0.9998476333945637 1.8838509603836748e-05 8.68829901496059e-05 -0.14968159085293375 -0.019467529943571805 0.9999090322095571 0.010775272869376852 -1.2117849048833378 -0.002430543144614554 -0.010839108935484957 0.9999340700127263 77.4949351488621
0.9998521015845983 1.936747229663166e-05 8.915526926456447e-05 -0.15247228214414124 -0.018903851262959976 0.9999122312790535 0.011056820504974236 -1.2440275718012832 -0.002391427648294502 -0.011117800750447307 0.9999311791833387 78.89673067775989
0.9998590981767282 1.7483505788654444e-05 8.001025055526939e-05 -0.1550117318277665 -0.017963252883771635 0.9999338990675531 0.009924076800316711 -1.248614551698003 -0.0020717358019441646 -0.009977764730198593 0.9999444789435619 80.28271182927814
0.999861212259874 1.7843455461316257e-05 8.16064110536073e-05 -0.1577341438110587 -0.017663154538346895 0.9999348418930821 0.010122007210741012 -1.275576934679004 -0.001904284161930856 -0.010172913005419741 0.9999431507407395 81.67023958939726
0.9998670430942165 1.877446659314351e-05 8.574044060331984e-05 -0.16030603744186764 -0.01685464680785633 0.9999369597951534 0.01063453043407909 -1.2847908842141207 -0.0015280201905740357 -0.010679094993167703 0.999939205457978 83.05355511181224
0.9998636460498642 1.7404612582492054e-05 7.94554851080377e-05 -0.16289652823697398 -0.017256460816460473 0.9999413314082165 0.009855856716565088 -1.2990037534324044 -0.0014385293297435907 -0.009900925936022313 0.9999474963216822 84.42487743463109
0.9998669632910063 1.7652257211070096e-05 8.048552726068361e-05 -0.1654521754500093 -0.016664894921411516 0.9999453289437719 0.009984022910306272 -1.301654547547678 -0.0006376130098153553 -0.010020253052575989 0.9999485869849566 85.82846388153034
0.9998628202044876 1.855211989524458e-05 8.486171107181199e-05 -0.1680388321085642 -0.0168903343531094 0.9999377865446142 0.010526798614316789 -1.320489278195273 0.0006516148557122036 -0.01055226459167153 0.9999454407676495 87.17705126974708
0.9998705231016718 2.0490978866107706e-05 9.368719340153097e-05 -0.17062657320122193 -0.0156908831347087 0.9999355437568305 0.011620297039161282 -1.3295754639817554 0.0017344989560897572 -0.011636075102698274 0.9999340949960998 88.56971344673451
0.9998893854117047 2.2102934687533507e-05 0.00010073130923726856 -0.17332900919630695 -0.013111517279281957 0.9999413921716693 0.012492659296544672 -1.3550877931574057 0.002790713421907026 -0.01250275190898242 0.9999231636634347 89.9526443955771
0.9998947584399893 2.2845523953575475e-05 0.00010412622406879408 -0.17594835931425695 -0.012218603668038591 0.9999401690103433 0.012912753654638882 -1.370850274005117 0.0037969394103088997 -0.012919478865827422 0.9999163744657603 91.33303945079355
0.9999007201710438 2.189110471459768e-05 9.948349831694265e-05 -0.17851883062199558 -0.011398287871445072 0.9999505215480838 0.012337623321780606 -1.3828196695068615 0.004153366896047982 -0.012344720004140143 0.9999228537274846 92.70327917222707
0.9999143438339833 2.220227013784333e-05 0.00010076192020034495 -0.18110626524560525 -0.009684263426472873 0.9999528217693339 0.012495887324027562 -1.4080757437733757 0.004251890116199792 -0.012506796453146724 0.9999206058017782 94.02366107755871
0.9999170299896796 2.1391170294111223e-05 9.689941722371923e-05 -0.18361478977571882 -0.009262880071867017 0.9999592946962667 0.01201728221733444 -1.4103366891239582 0.004643385148222539 -0.01202871428670798 0.999925429837268 95.40288786879172
0.9999202897086384 2.027617106793722e-05 9.161431426933653e-05 -0.1861595653535794 -0.008918368930198211 0.9999673139429375 0.011362797058811188 -1.4229071564267695 0.004374404549613296 -0.011375425993115843 0.999933792950348 96.75621587230067
0.9999118148700011 1.939752767983298e-05 8.755952733977717e-05 -0.18871192576386825 -0.010015574521331033 0.9999713489471822 0.010860597822799651 -1.4397136019542083 0.004175019123746269 -0.010870807877960149 0.9999398912766784 98.09485403821247
0.999897858328106 1.9651631147683465e-05 8.897387236626321e-05 -0.19127050935181195 -0.011820993465951158 0.9999642499559094 0.011035982617780602 -1.4498134182232834 0.003853277067969652 -0.01104319772127312 0.9999387154569465 99.46684741500785
0.9998969115018118 2.1743874319826023e-05 9.886073706111623e-05 -0.1937948190396201 -0.011932122308339331 0.999949540438076 0.012260629477865886 -1.460023938169671 0.0038820775574621652 -0.01226755392023834 0.9999244025063128 100.81936500436451
0.9998953366777821 2.4951050886366788e-05 0.0001141371152534711 -0.19626995484513113 -0.012179513650652814 0.9999235365130353 0.014152313786125604 -1.4741069655424444 0.0036510150276421894 -0.01415976771770362 0.9998998778413737 102.1273786911967
0.9998995839570518 2.335596554722645e-05 0.00010645188248992275 -0.19887170759899106 -0.011676291026619677 0.9999385159562225 0.013200836051104845 -1.4944755742654314 0.0035428714924445326 -0.013209551362545322 0.999913062426837 103.47748641430519
0.999900118110083 1.9488508402085852e-05 8.816370251877779e-05 -0.20135172401946008 -0.011624666649319063 0.9999660733212485 0.010935766363244453 -1.505229374857778 0.003477260501665567 -0.010944723173932847 0.9999404960798027 104.80305003468392
0.9999097021783988 1.7467340465513598e-05 7.854198681376558e-05 -0.20388582912158548 -0.010388635053075556 0.999982072085304 0.009743517466374783 -1.520035884407511 0.0036814177740103465 -0.00975398148727416 0.9999524407035639 106.14049659363748
0.9999189270101233 1.929478017216428e-05 8.700843423901689e-05 -0.2064186385157864 -0.009335226188617637 0.9999731899230905 0.01079270427932534 -1.534350576496246 0.003270116506562665 -0.010805692737387547 0.9999423310043976 107.47941883168353
0.9999460104741849 2.265226052072626e-05 0.00010286236282146103 -0.20880508412428384 -0.0061051259453163195 0.9999489645030459 0.012756574646981062 -1.5347079513718203 0.002675152157549103 -0.01277321874096438 0.9999198563483066 108.799523079371
0.9999590072290759 2.4894942634788933e-05 0.0001136909690971266 -0.21148457271636276 -0.004657101426418313 0.9999270715844666 0.014097434984429301 -1.5623061573586552 0.0019346374130559138 -0.0141129281312487 0.999902234221446 110.16044285843766
0.999963590543351 2.2919641378993036e-05 0.0001043674232245554 -0.21392953166346315 -0.004220143570363665 0.9999411194110631 0.012943022566383537 -1.5731023774490196 0.0013448743017241077 -0.012956289351275331 0.9999177757778083 111.46640123799308
0.9999563654055003 1.924577077897123e-05 8.690328301313587e-05 -0.21645473985190364 -0.0053235782727658375 0.9999704328814357 0.01077970841870069 -1.5866582837958934 0.0004255813046793221 -0.010790844786306816 0.9999426116919232 112.80449750766606
0.9999318580935211 1.5816207169824792e-05 7.070289297863848e-05 -0.21904894153251633 -0.00858329361978207 0.9999936728318878 0.00877175934747061 -1.6057271934097712 -0.0005382887233498755 -0.008787791281345336 0.9999603974656662 114.15621926151675
0.9999103089531683 1.463869731230076e-05 6.537001859509197e-05 -0.22142563069360796 -0.01157719619890308 0.9999931968564414 0.00810972785234355 -1.6077908418193383 -0.0019550916504485283 -0.008137767315928699 0.9999615647680756 115.4633108196008
0.999908982283448 1.8650457112691712e-05 8.408881449686835e-05 -0.2240731956391551 -0.012090622871155842 0.9999697314982121 0.010428000414222587 -1.6293965893816424 -0.003509990513180891 -0.010464266881408809 0.9999329020284151 116.83327386365511
0.9999055414378213 2.21497075095535e-05 0.0001006263984910528 -0.2264000360649209 -0.012669364849092785 0.9999437442914832 0.012475671837860039 -1.6284822653066364 -0.004185261309393656 -0.012518166939848504 0.999905510406019 118.12603786691253
0.9999101547355913 2.393343506317154e-05 0.00010903026230775275 -0.22901773494915295 -0.012345746458578988 0.9999316676152533 0.013514678165227046 -1.645361202760569 -0.005297074139933818 -0.01355991497073619 0.9998846612676588 119.50053950869814
0.9999106865168418 2.2894029226306137e-05 0.00010408319434711722 -0.2315118294741535 -0.01249069961717282 0.9999391562527494 0.012900508973456725 -1.6596106291017694 -0.00623802026754255 -0.01295085925153824 0.9998855999946472 120.81831113923853
0.9999003831727898 2.2863798440186933e-05 0.00010409943422767624 -0.23394060324632182 -0.014065746102749478 0.9999309309027726 0.01289989635886247 -1.6686006216186842 -0.0075556733977655026 -0.012970797789495066 0.9998738737847647 122.12336057117834
0.9998878003336377 2.1820764579011734e-05 9.94357321884951e-05 -0.23646491088518745 -0.015899972575638008 0.9999255427731579 0.012319575541907234 -1.673141601515454 -0.0087666894297629 -0.01241715741814769 0.9998688231969628 123.50116066238667
0.9998847834403587 2.075718811889865e-05 9.449076300287315e-05 -0.23897198411609225 -0.01655237473123906 0.999927613383829 0.011703971839067349 -1.685217223732445 -0.010005251786378334 -0.011818877152017099 0.9998622022643356 124.83581456253549
0.9998806517553722 1.9745338253480613e-05 8.984228100153489e-05 -0.24141560022476663 -0.01728051784377422 0.9999277702468317 0.011125480769548238 -1.6907115382189626 -0.010964174177182276 -0.011257779370165756 0.9998568821441397 126.16467338056484
0.9998856036640384 1.9234872764549785e-05 8.730190565879267e-05 -0.2439816336763417 -0.01689625371434878 0.9999347332354774 0.01080770465801316 -1.7100950187831676 -0.011993068572564243 -0.01094401368407824 0.9998466911954477 127.49939172586444
0.9998866199480756 2.0364932768281163e-05 9.259161588260918e-05 -0.2464288236419224 -0.016955863139451036 0.9999269273872978 0.011460327404999464 -1.716161179732286 -0.012821754240956365 -0.011604691506226434 0.9998274708833267 128.8276796903917
0.9998915964975467 2.234804120843266e-05 0.00010183880088594278 -0.24903378135934062 -0.016523491949487736 0.9999169197073617 0.012602830778916111 -1.7324617713485697 -0.013649759410309591 -0.012747636916973672 0.9998011116167658 130.1977039895582
0.9999075640017852 2.3619231797680773e-05 0.00010757042199517055 -0.25145104939603885 -0.014625142969385132 0.9999220109389133 0.01331132204352817 -1.7351975146988778 -0.014027332639685437 -0.013428962587543499 0.9997862942619417 131.52427231848645
0.9999161050487806 2.406145236294628e-05 0.00010957388912377587 -0.2540445092034718 -0.013571752806749781 0.9999250455929012 0.013559315635664402 -1.7555630439927554 -0.01406001314200711 -0.013660346764724144 0.9997826448507744 132.86980084745
0.9999368821825257 2.5198074827986403e-05 0.00011492885812453587 -0.2563591395430192 -0.010971503004472442 0.9999267939612219 0.014222721984439133 -1.7441592847339955 -0.013971162621125372 -0.014282051537622555 0.9997753720060291 134.2025807065004
0.9999444832563318 2.554068535212499e-05 0.00011660604918817589 -0.25899218236607946 -0.009895941246569456 0.9999263483260232 0.01443243351180787 -1.7716874044961812 -0.013384377235028095 -0.014473788698806674 0.9997817047720045 135.53808972950932
0.9999447448877741 2.4627117319606442e-05 0.00011224467827840789 -0.2614810345576858 -0.0095965688273353 0.9999344569678269 0.013896412950659584 -1.77951069299989 -0.012194209633746886 -0.013931661461753361 0.9998067720248153 136.88161569794426
0.9999570119659466 2.6531480347152456e-05 0.0001214917325468867 -0.2639588366547096 -0.007854000329700787 0.9999190044395281 0.015044123069122464 -1.7861485898233633 -0.011217067962283056 -0.015055276489207573 0.9998037049375743 138.2243080548665
0.9999607139530668 2.743802866597006e-05 0.00012590577703245308 -0.26649802629609776 -0.007131750575722117 0.9999101724833588 0.015593712162003556 -1.80073132042246 -0.010046445463766927 -0.015596741622134477 0.9998099748352821 139.56556856646318
0.9999694294007235 2.7922282408754037e-05 0.00012840916074609884 -0.2690279811567864 -0.005782766605732339 0.9999030888040003 0.015906553174608755 -1.8109617298394889 -0.008857497807844717 -0.015896528543258532 0.999818644701838 140.9211239539917
0.999973292176575 2.724888424498334e-05 0.00012525891985840868 -0.2714064769325606 -0.005013843409419972 0.9999071351933292 0.015519595985908763 -1.8095024336002168 -0.007567782922092969 -0.015505531719977554 0.9998377019093128 142.24492685141206
0.9999738634520605 2.6541405680910457e-05 0.00012187492300508676 -0.27383775986625025 -0.004711653461417473 0.9999125599585216 0.015102809661740555 -1.8086047172613353 -0.006536542213404433 -0.015089513020023818 0.9998531967101385 143.59546074631356
0.9999898221532804 2.2760330503031334e-05 0.00010430205456496552 -0.2763936257647927 -0.002612486187702095 0.9999338580669505 0.01292823439656774 -1.8235889550096651 -0.006013679406367062 -0.012900439731166393 0.9998880305682232 144.9441666149341
1.0000109635751264 2.0747894665228833e-05 9.562473668494318e-05 -0.27892745989345363 0.00030827862121836705 0.9999270116964178 0.01185570742813337 -1.8435244068003278 -0.004697229600254992 -0.011816413367951754 0.999910841031086 146.25859028927587
1.0000917304782355 2.481855873008934e-05 0.00012067294422956872 -0.2813476400429425 0.010525436720624252 0.99974771759872 0.014958468300419633 -1.8310958374607305 -0.003864798863212604 -0.014870463333681574 0.9998751965489258 147.6543975650351
1.0001364944623143 2.6711646171597575e-05 0.00013464793819955396 -0.28394039807615074 0.016419530886545013 0.9995933739267139 0.016689556340833554 -1.8604845698252364 -0.002371627954817863 -0.01660722650548441 0.9998552362939219 148.95929793881194
1.0001559803894549 2.0943427605876752e-05 0.00010945845907552802 -0.28632479235412794 0.019036576728693688 0.9995731077204695 0.013572465627579423 -1.8655265957519702 -0.001492758653057101 -0.013502961355188182 0.9999052172315976 150.25737461903796
1.00014563254313 1.630101104770597e-05 8.61922295799203e-05 -0.28901509576259254 0.017775726290665865 0.9996414987355537 0.010690868003776974 -1.8859069232416175 -0.0013845896888602025 -0.010626833247869661 0.9999402293434274 151.6564725660003
1.0001232258781356 1.2846634745804913e-05 6.74484506386437e-05 -0.2914372816755814 0.014755745669653401 0.9997371491111151 0.008367137245226424 -1.892170496780746 -0.002442761653135556 -0.008287119182858311 0.9999583874351563 152.97003202917992
1.0001266949575485 1.331271271078939e-05 6.999832416591301e-05 -0.294063513654335 0.014974947353853985 0.9997294322451716 0.008682256507235012 -1.9102560738575096 -0.0033865181354628534 -0.008579663447024589 0.9999514695816049 154.34387852241403
1.0001537220727936 1.7580844525723338e-05 9.32375480198666e-05 -0.29646578209095414 0.01826097806491689 0.9996191382016838 0.011561574758686752 -1.912294841999749 -0.0037008494117971493 -0.011435368366695684 0.9999212491584861 155.66524774293632
1.0002055152011147 2.2327705021691138e-05 0.0001233726705083104 -0.29897489087779583 0.02456795535651779 0.999383015377325 0.015292400486208314 -1.9219053088969682 -0.004259391384849683 -0.015117350773453388 0.9998691822462996 157.0120225064504
1.0002373290400897 2.2607567025330344e-05 0.00013020553766841586 -0.30140139635780683 0.028497041653773106 0.9992337177055146 0.016137989292091436 -1.9215392041238473 -0.004357036561699847 -0.015938149716395376 0.9998558501703715 158.3575397264935
1.0002403199086274 2.3080370555683336e-05 0.00013303468820786784 -0.3040225531640696 0.02893540709806789 0.999211859355505 0.0164884481752634 -1.948332348363541 -0.004058569682504459 -0.0162974835898236 0.9998518578825898 159.68974351820393
1.000237535958822 2.3427260302341657e-05 0.00013419887693505938 -0.3063932263637127 0.028326584165361962 0.99923184745913 0.01663095497727781 -1.9365835434795386 -0.005231800347968434 -0.016400465314172684 0.9998426061874442 161.05510064589728
1.0002210440159478 2.3566575981908908e-05 0.00013193899304116195 -0.30878593934520493 0.026009734423475248 0.9993181620184399 0.01634936660959853 -1.9331085234497893 -0.006430102427067325 -0.01609269857351676 0.9998384504579784 162.3957667696779
1.0002025529333636 2.146945972442832e-05 0.00011878042282967294 -0.3112470698544885 0.023463483805518548 0.9994270798913292 0.014718633245375073 -1.9359158029112584 -0.00754423649669332 -0.014445515964716259 0.999853783752269 163.74630866788223
1.000191743275209 2.065190834542492e-05 0.00011317697583510802 -0.31360996615113623 0.022006948357541904 0.9994819505231493 0.01402384446689195 -1.9271354628141797 -0.008052968250464905 -0.013748028389552596 0.9998587207661574 165.09412063392747
1.0001897350429105 2.2499522280302817e-05 0.00012170545097057658 -0.3160849859164488 0.021678957975556634 0.999476385120809 0.015078861535528546 -1.9335933504715541 -0.008403429958401284 -0.014796121561292579 0.9998402582844486 166.43607479826755
1.000180982725647 2.3057138102270877e-05 0.00012306254774208537 -0.3184733313084705 0.02066696286433284 0.9995034158298506 0.015247525001892399 -1.931472435800324 -0.008069136920956874 -0.014984403939259365 0.9998408144254419 167.76828328658942
1.000161732635401 1.9876134564786666e-05 0.00010515396918318247 -0.3210833756317829 0.018370163610795236 0.9995981578931975 0.013031152349534617 -1.944012893274413 -0.007650463141781993 -0.012800144049805057 0.99987517859288 169.15789326028053
1.000129700218928 1.617166998052824e-05 8.368038010849745e-05 -0.32374289600256456 0.014582933978699005 0.9997222487613198 0.01037276554227617 -1.9568879495274243 -0.006799144141394789 -0.010195090253210314 0.9999127843820496 170.57341265661458
1.0000855485670932 1.4507978216275752e-05 7.142338061490541e-05 -0.32627437780012325 0.009128722528697971 0.9998454858588721 0.00885392405946348 -1.964509133585185 -0.006669764288409988 -0.008724096060420865 0.9999277841415654 171.9414497048237
1.0000554101743846 1.722039574005886e-05 8.16644120094339e-05 -0.32880680951959496 0.00529428741553316 0.9998919678504378 0.010122252880738687 -1.9796840568475043 -0.007077938166627526 -0.010019039729611892 0.9999121233393782 173.27632652335407
1.0000201940539872 2.1574360001736653e-05 9.99840097682008e-05 -0.3315151723122062 0.0007646074058775786 0.9999166041350228 0.012390176512029342 -2.00657292010223 -0.00777437106019373 -0.012320552214123934 0.9998800167276571 174.65640121019015
1.0000047504007294 2.5826497866464695e-05 0.00011949955654553244 -0.3340410500648736 -0.0011439007915533443 0.9998987123216647 0.014806531329484954 -2.0118053295387397 -0.007732230639373971 -0.01475532611260937 0.9998474885765419 176.0319874165566
1.0000285801863258 2.7800535683103478e-05 0.00013019013060736355 -0.33664403817288313 0.002035707926417586 0.9998511663631886 0.01613168662111538 -2.0200224795501462 -0.0067503626108276595 -0.016060651981518872 0.9998362760256556 177.4369694444138
1.0000425341013188 2.7560022005686594e-05 0.00012989357477910415 -0.3391514875481631 0.004051714165198696 0.9998293490299087 0.01609722975774045 -2.0190146934760547 -0.005488039656348933 -0.016024742640391096 0.9998468567879575 178.83017787075727
1.0000627846298606 2.0795873861893105e-05 9.903592560768937e-05 -0.3415219833269284 0.007048476162060346 0.9998428073577301 0.012280036470593118 -2.0130430418420526 -0.00333926784310891 -0.01221849998626542 0.9999139234821315 180.16967319267133
1.0000382078306602 1.4400683122826885e-05 6.738070546628036e-05 -0.34428131765026204 0.004355363687547154 0.9999203793556152 0.008359258721553915 -2.03747573221303 -0.001737855622792458 -0.008330680430329774 0.9999607723827517 181.58893115878132
1.0000038576963712 1.3614565726054878e-05 6.197972214449696e-05 -0.34690250481276363 0.0002640493635465077 0.9999681550092887 0.007690219935938657 -2.0510573277782562 -0.0009589855190195536 -0.007682242565251792 0.9999684114131494 182.98006941632167
0.9999826187337522 1.5712831984739106e-05 7.096337676240952e-05 -0.349311533284588 -0.002284928604707777 0.9999769013460835 0.008804061186368674 -2.0532807264216655 -0.0005634092128074693 -0.008805331843468255 0.9999601842230467 184.30435921319676
0.9999597905500315 2.107789952945048e-05 9.558249367046679e-05 -0.3520396858819627 -0.005286430128743925 0.9999581563865955 0.011854000903514208 -2.0655573733349364 -0.0013057206133025845 -0.011860290214328762 0.9999266263628503 185.76055820450728
0.999936962891807 2.543813848063063e-05 0.00011607644150765021 -0.3547109243875823 -0.008200357102022089 0.9999286302693006 0.01439140648656061 -2.092616031160972 -0.0016577793572456559 -0.014406818158556286 0.9998920578816992 187.11931493964596
0.9999560005148425 2.6477673105398253e-05 0.00012121886472750464 -0.35728312856924616 -0.005884161321432177 0.9999169203870334 0.015027804683894754 -2.085891529641376 -0.001872281364136799 -0.015034770086429106 0.9998820560187213 188.57388088599143
0.9999671075304218 2.7530357215163268e-05 0.0001264718195935848 -0.35985857342684374 -0.004462324918817094 0.9999028322241796 0.015678102489323966 -2.0885040811041566 -0.00168297903744103 -0.015680610741837946 0.9998728239144334 189.98860251393418
0.9999920055039899 2.8685210796656688e-05 0.00013274754476520572 -0.36238466386556967 -0.00146107094616915 0.9998750677149103 0.01645440612349488 -2.0975812650871783 -0.002088094427840274 -0.016444026909658203 0.9998590756088273 191.34716052238187
1.0000048405456152 2.8692318357276606e-05 0.00013329235050881243 -0.36500909947328086 9.575410488352025e-05 0.999862482652201 0.016521696394258545 -2.097683437722383 -0.0022538444788860884 -0.01650408713175094 0.9998574277128711 192.80021013773413
1.0000273289300132 2.975438816826652e-05 0.00013956865820060802 -0.36746586643860113 0.0028201672347086745 0.999823427894674 0.01729798241469498 -2.0978082995077725 -0.002559031664789199 -0.017266465870788002 0.9998432782375379 194.1602977453041
1.000068645673307 3.190167773194953e-05 0.00015291906753080306 -0.3700936851642611 0.00783491598682763 0.9997263630673365 0.0189488689964961 -2.098107888248452 -0.0030781478238901556 -0.018888576899628178 0.9998115720755294 195.6143406626681
1.0000961074008332 3.2846532765053865e-05 0.0001600570006394333 -0.3727433729832667 0.011209503914587924 0.999649904460463 0.01983141315403291 -2.111242805594014 -0.0032382568032426296 -0.019752842544675433 0.999794088182435 197.02325557873638
1.0000809762205718 2.71373040746474e-05 0.00013083471313600232 -0.3753544465002033 0.0093338140039861 0.9997495122645931 0.016216800805430698 -2.115829917260641 -0.0032228199607735805 -0.01614666309976025 0.999858854974496 198.44890395468366
1.0000318568766247 1.9076922859516052e-05 8.884385039218388e-05 -0.3779963883153171 0.003162396993300058 0.9999086768825696 0.011017274419785096 -2.1219808731235386 -0.003540575549433076 -0.010972735229559447 0.9999272959507287 199.88467423367922
0.9999523309197581 1.8190307827539026e-05 8.190147237334237e-05 -0.38060379569315944 -0.006976681847663266 0.9999801205672614 0.010155453593678053 -2.1208698987397496 -0.004712087306899106 -0.010163089287934845 0.9999288913950747 201.33370311127706
0.999904796020597 2.434150122264389e-05 0.00011105120143615403 -0.3831482674430567 -0.013152002423298526 0.9999244776239757 0.013763824532371889 -2.116560179550458 -0.005924772626452935 -0.01381798061769217 0.9998764761108391 202.7621409967954
0.9998908163354701 2.796812307711942e-05 0.0001287136944977175 -0.38575893286657037 -0.015095710777968785 0.9998801837947747 0.01594826546170293 -2.122513050646665 -0.006850406639124908 -0.01602406291934787 0.9998360014585589 204.18147267424038
0.9998888876129022 2.873520511862196e-05 0.0001324626737563158 -0.38853224180113577 -0.015225857309155773 0.9998717290395018 0.016413089225617142 -2.1309255567971244 -0.006362607731667645 -0.016486604546411363 0.9998325921904764 205.67991319789124
0.9999205833789384 2.9589555690726077e-05 0.00013607837589819385 -0.39115483206445384 -0.011025943475867009 0.9998855581203449 0.016862584998046607 -2.136832664226744 -0.005187089123388113 -0.016898102536399635 0.9998346404526738 207.1060533590516
0.999937144279869 2.938189521365167e-05 0.00013504327219219007 -0.3937796041531669 -0.008741590200221371 0.9998918721014363 0.016736051089838496 -2.1421676770412286 -0.004171898296099742 -0.01675493526156006 0.9998436323269289 208.53595318078862
0.9999323142757734 2.8334999981097578e-05 0.00012997858229034528 -0.3964781420678615 -0.009223421212340899 0.9999017153792221 0.016110036307626235 -2.142023632113092 -0.0036456240314996754 -0.0161312309977204 0.9998568881600203 210.0311412958244
0.9999250309596762 2.828466118733053e-05 0.00012974990599912747 -0.3991434095731971 -0.010077028731378052 0.9999008023874905 0.016081994623329366 -2.1454340648751256 -0.003418577310651488 -0.01610742313196625 0.9998584836902855 211.49205168583413
0.9999148342209396 2.9290186398767473e-05 0.00013467870225163906 -0.4016922230971618 -0.01129418389703999 0.9998875875675939 0.016692091571714286 -2.1396777452207663 -0.0031992355182960093 -0.016723250798936048 0.9998495040802686 212.9293453965215
0.9999158087598075 2.9526276682971878e-05 0.00013581129395281522 -0.40441785683317955 -0.011098419416181528 0.999885845767613 0.01683258928926618 -2.155120183479392 -0.0028659467629878832 -0.016861773604498947 0.999848792309106 214.37003132658714
0.999911087443706 2.8641083646913437e-05 0.00013158475525126704 -0.4071355373580605 -0.011635302594507818 0.9998927369876126 0.01630985625886419 -2.1634216794631485 -0.002645376022982142 -0.016340790605890564 0.9998584412161339 215.83815792565932
0.9999132165436051 2.8027094184712026e-05 0.0001285985317603449 -0.40978216654607913 -0.011285565773611499 0.9998998884253725 0.0159407050763714 -2.1653147064929286 -0.0022648755846877795 -0.01596884928243896 0.9998660666867548 217.2955127135945
0.9999157695550297 2.8125465479813053e-05 0.00012904606066171205 -0.41248762053141735 -0.010833795936338573 0.9999003540233161 0.015996604095778747 -2.171091528444427 -0.001664130296619521 -0.01602125442430427 0.9998674942125498 218.76812675022333
0.9998982671920473 2.7568186906823736e-05 0.00012662188763845638 -0.41526219977261003 -0.012977030110902035 0.999896850781298 0.015696690079616753 -2.1823597814391933 -0.0015285774767884038 -0.015728236748097583 0.9998726033407446 220.25453544897726
0.9999160674632434 2.7385126865517653e-05 0.00012547902866626853 -0.4179128879244144 -0.010760969384738419 0.9999075235791784 0.015555298236675874 -2.176098222902122 -0.0015043482487002936 -0.015579255673023732 0.9998750140866481 221.75050407320427
