1.0 -3.469446951953614e-18 0.0 -1.5585406229479126e-19 0.0 0.9999999999999999 -3.5575383784680614e-19 0.0 2.168404344971009e-19 -2.388632911257127e-19 1.0 0.0
1.0000005914377053 1.1956327172438913e-06 5.3627550915744115e-06 -0.0025724908183114847 0.00020089264314402354 0.9999981306314466 0.0006661498083598322 -0.021923715912692023 0.0005683330602807809 -0.0006705202411875233 1.0000006495569949 1.3269663392242248
1.0000037316296113 1.8269696085791015e-06 8.312126194324207e-06 -0.005051259579434729 0.0006039663497323811 0.999994406432806 0.0010323810811453688 -0.03979067333320005 0.0006267138633196559 -0.001036785216461184 1.0000004127387558 2.620117433890171
1.0000022564511915 2.1530294465766514e-06 9.715492281480971e-06 -0.00766781410575053 0.0005736686742335347 0.9999944704700543 0.0012067491893815072 -0.06788230463530817 0.0013086056372297959 -0.0012170831090065354 1.0000007834715048 3.9439816432133856
1.0000053681310164 2.5449456039893653e-06 1.1598817258498756e-05 -0.010133901882015899 0.0008626640902973017 0.999991623046216 0.001440503117562757 -0.07549140329470364 0.000874038807980466 -0.001446838386904682 1.0000001704409518 5.275855065110369
1.0000074279941866 3.0339157678759693e-06 1.3881255028038927e-05 -0.012613158270836866 0.0011917792263351872 0.9999881822768263 0.0017239158024472017 -0.08502868469822282 0.0012009214177642038 -0.0017329916644421366 0.9999999706828442 6.606422889662988
1.0000170716420134 4.158402894862204e-06 1.9377974084625786e-05 -0.015237969198912724 0.0023174061370468436 0.9999757242968542 0.002406188937561489 -0.11208120593335089 0.0008797254690161207 -0.0024113294769315956 0.9999983291515976 7.939493756793719
1.0000179295681915 4.239668726473134e-06 1.978566672240908e-05 -0.01766751431630369 0.0024216536949806054 0.9999745140382069 0.0024567910446100082 -0.11741735824074176 0.0008694735283303572 -0.002461734586010353 0.9999981975268587 9.261264895432735
1.0000165749849947 3.931399673339983e-06 1.8330837519934477e-05 -0.020129374303312273 0.002341788232606142 0.9999757772375364 0.0022762734193519825 -0.12886519505105284 0.0012635250348684217 -0.0022853709722645116 0.999998904766247 10.573677746781401
1.0000079840143015 2.5876080993313816e-06 1.1899419481575238e-05 -0.022586525035853684 0.0013282440051240203 0.9999873089175576 0.0014779080494902088 -0.1352000354708981 0.0015015502630514297 -0.0014897054880671655 1.0000004957216373 11.906284144945692
0.9999992521824139 2.2426300669130955e-06 1.0002186124707284e-05 -0.025159273355659657 0.00019437808993795838 0.999997626133225 0.001242341001653163 -0.1571133631863771 0.0012810079862291563 -0.0012526342419571623 1.0000007259945307 13.23343942436171
0.9999951233980792 2.07925439894667e-06 9.119448797441625e-06 -0.02762456563063315 -0.0003260932118065831 1.000001914505987 0.0011327381649847608 -0.1636656472669572 0.0012466033752682102 -0.001143026776323954 1.0000008370568267 14.569585194288734
0.9999972209255581 2.9254703350842237e-06 1.2992748793485415e-05 -0.030234169735062787 -0.0001855834380516657 1.0000001518485102 0.001613520691316317 -0.18367036583165225 0.0007115298080446061 -0.0016195517619129096 0.9999997435769585 15.925664061905472
1.00000664954978 5.666793312699911e-06 2.5726602629221485e-05 -0.03272187098469014 0.0008709724573838246 0.9999874600186073 0.0031939473626924637 -0.19540937551922918 0.0002013954118126242 -0.0031943933194703393 0.9999952876720352 17.251090216417573
1.0000223810850841 7.168901995983218e-06 3.327378085999852e-05 -0.03534943487447885 0.002831754271807445 0.9999645970501919 0.004130484038001957 -0.215978894156752 0.00023293290292602533 -0.004128272943815108 0.9999919320631001 18.614597090284196
1.0000328243336352 6.328191735918698e-06 3.0017897694205667e-05 -0.03799098133190748 0.004143577735720112 0.9999510510153324 0.0037265119911371195 -0.24339854585987958 0.0002992439225548381 -0.003723067181384001 0.999993618971849 19.955299446245725
1.0000361597538112 5.259028498842688e-06 2.536461760710364e-05 -0.040488425238490444 0.004587603547914612 0.9999475304768415 0.0031491030287330913 -0.2441282142845098 0.00043212865138569684 -0.003146626808582243 0.9999957819195326 21.335218212900003
1.0000198508863503 4.4648214906368305e-06 2.0895356841411613e-05 -0.043371209674158265 0.0024721004143625786 0.9999736351219576 0.0025942767037905067 -0.3018406138957725 3.034959630628109e-05 -0.002590351727012151 0.9999967370160928 22.674434459346816
1.0000253550743146 5.820060778984407e-06 2.7305038742936197e-05 -0.04558338431447573 0.003048444029458001 0.9999650119755605 0.0033895578760757624 -0.26776992061444094 -0.00044782720552023303 -0.003379386589004885 0.9999934301473592 24.05155521127558
1.0000285986717494 1.252975775094256e-05 5.816257689969821e-05 -0.048064853789736135 0.002904941452973422 0.9999462504908239 0.007215393760614926 -0.280113540335002 -0.0028842040934778388 -0.007179121988532653 0.9999649670921338 25.370833695875543
1.0000295812781927 1.5236099488190324e-05 7.075493422671153e-05 -0.05096430403035287 0.0030243486415762293 0.9999324285207198 0.008776454532015351 -0.3266268827031903 -0.0028959031388065513 -0.008739629622532427 0.9999525136246821 26.76922288789392
1.0000414000012097 1.5881473026117116e-05 7.446588073936871e-05 -0.05396140648011483 0.0045190166621339525 0.9999106031641232 0.00923653132292752 -0.40255241527281477 -0.00277597281579383 -0.009194391733571894 0.9999489988400793 28.090529990386912
1.0000341967994337 1.2968837101093658e-05 6.0509388071921426e-05 -0.056516095753595515 0.003605581932640498 0.9999361809211007 0.007506398950112234 -0.40931576277226184 -0.002860099090588734 -0.00746720548137094 0.9999629742734514 29.475245730528748
1.000033086413738 1.1097368161822052e-05 5.181805909645356e-05 -0.05939865325172077 0.003412630299224508 0.9999459391274469 0.006428427507989946 -0.4575313362656675 -0.0031056070147504264 -0.006387202516330118 0.9999692646361386 30.856687927682373
1.000032910724554 9.836292411453604e-06 4.6019973458266044e-05 -0.061700972846379695 0.003414601561942822 0.9999502909576488 0.005709442976537721 -0.4271441478674432 -0.002999513172661182 -0.0056693669297725275 0.9999740970769297 32.26730734381833
1.000032127937714 8.237290600154532e-06 3.866501779785088e-05 -0.0642823821014635 0.003097396820989067 0.9999586903529631 0.004795936050010038 -0.44204502123661493 -0.003980570736538693 -0.004746325591918681 0.9999736955037288 33.63053179489848
1.0000313814325927 9.347446602836137e-06 4.369466239047032e-05 -0.06691627160660743 0.0029428849200591103 0.9999572068421142 0.0054195021441855225 -0.4533649593400144 -0.004256184416968557 -0.00536778505105741 0.9999689289386534 35.03879104925922
1.000029509218551 1.113810953933328e-05 5.180263276583592e-05 -0.06963737810776847 0.0027574855518485934 0.9999532556428645 0.0064253911635468825 -0.4795402726769154 -0.004046085102256237 -0.0063771381150815876 0.9999642675327214 36.42910576908924
1.0000236534013809 1.1663378243417788e-05 5.3902833167935454e-05 -0.0721739031037089 0.002134050244072108 0.9999580856005104 0.006686407389481099 -0.4767799365675859 -0.003583171694413677 -0.006646511029896227 0.9999651189902753 37.84623289915291
1.0000256609240232 1.1051747256617464e-05 5.119571962419137e-05 -0.07434239745460614 0.0023820915710254173 0.9999577216057287 0.006350690890560483 -0.43606642353882225 -0.0035888543164210697 -0.006309391412821561 0.999967267375535 39.22878599477695
1.000022410081113 1.1376397543937447e-05 5.251761882086887e-05 -0.07688158027505788 0.0019279562083696598 0.9999613020680604 0.006514346549883223 -0.4368775370067115 -0.0038136650421546035 -0.006473226948491945 0.9999649845777266 40.631458039337645
1.0000225874643163 1.2177717485541834e-05 5.621666557105833e-05 -0.07940461557256116 0.001964774745783448 0.9999578330255006 0.006973127438256803 -0.42994094591002074 -0.0037477117700519397 -0.0069324966658619435 0.999962281151298 42.05973834418394
1.0000241830470022 1.1989759104468964e-05 5.543383469216838e-05 -0.08193347406427336 0.002184968444726279 0.9999562758254092 0.0068761781035537066 -0.4340536697377774 -0.0036494355572893305 -0.006835343089212888 0.9999634895014146 43.441968690973475
1.0000288612801034 1.1763330208181683e-05 5.464364440012489e-05 -0.08453528281722557 0.002812919261578145 0.9999503186211066 0.006778445165896174 -0.4361784006020351 -0.0034400240892816037 -0.006736505249901323 0.9999652792328343 44.87346704032797
1.0000225909701068 1.1556578192954692e-05 5.335594540628575e-05 -0.08724202144875141 0.0023403328685274987 0.9999564049278293 0.006620133107317905 -0.45532936941514035 -0.0020748305711857807 -0.006594856440172928 0.9999724508404658 46.287149790106795
1.0000187053148488 1.2701234589185262e-05 5.843453904146121e-05 -0.09005197173713525 0.002001818207806219 0.9999554853158668 0.007250372598038944 -0.4809504446385307 -0.0014324426640718684 -0.007232908698273244 0.999970334956227 47.72914099793013
1.0000159496684444 1.2960079027851332e-05 5.9494968044598905e-05 -0.09263528030167989 0.0019901607715447772 0.9999546325889559 0.007382654070787223 -0.4910605849263401 4.1744775116068144e-05 -0.007380068687368173 0.9999729486280056 49.114781900685536
1.0000095645842162 1.2960601411947381e-05 5.920173599133498e-05 -0.09533877136982306 0.0014448233908401897 0.9999602268437 0.007346578073725549 -0.5063948815265683 0.0011460671507522576 -0.007355410104634358 0.999974467947304 50.54368670202733
1.0000095031057656 1.280673575926837e-05 5.84885783555904e-05 -0.09801945580450563 0.0017604597914235316 0.9999578266546634 0.007258112727429661 -0.5108299353796368 0.002587714589167571 -0.007280897643948217 0.9999749236204887 52.0085661766831
0.9999979838713252 1.5106252176454171e-05 6.866104809364042e-05 -0.10081083710400478 0.0003958238881991132 0.9999603195541558 0.008519141520215635 -0.5477993830247235 0.0028818025304883973 -0.008543333937386478 0.999964679795882 53.38966450881997
0.9999912232295499 1.6415123912354862e-05 7.450645490754372e-05 -0.10369408293268059 -0.00016941965208010397 0.9999584938022469 0.009243161103043261 -0.5782572341272825 0.004105349306373162 -0.009276375441209208 0.999956093312597 54.85067950175862
0.9999921961769513 1.6673176181616206e-05 7.574331012376334e-05 -0.10634773607253044 2.2155072393295616e-05 0.9999555359879562 0.009396266149039708 -0.591820094249965 0.004420835014972796 -0.009432484455887239 0.9999538598181898 56.25988211757693
0.9999895164434376 1.6864504861815663e-05 7.654462963307203e-05 -0.10917881246579451 -0.00019627417858468846 0.9999563394695057 0.009495236856938167 -0.6211022394190626 0.004930868530830215 -0.009534865874139957 0.9999514262394907 57.69724695961232
0.9999846994579962 1.7836959301791022e-05 8.093488344850614e-05 -0.11211018882287554 -0.0008996700580635739 0.9999562926733154 0.010039586654982223 -0.6635089894535917 0.0044618514642995625 -0.010073654226837597 0.9999475073181329 59.1316315463925
0.9999847127536781 1.8581224432762458e-05 8.442153634271579e-05 -0.1147867211780511 -0.0008454341567521867 0.9999514675040853 0.010471451100135542 -0.6778445280172107 0.004696355935040973 -0.010507372696269276 0.9999423997101042 60.5500596773481
0.9999862363033665 1.9482641485107574e-05 8.87013534117229e-05 -0.1176204043196497 -0.000793110656020243 0.9999453837672599 0.011002048792679074 -0.7045884115594934 0.004085899863408042 -0.01103374011171643 0.9999383162674091 62.000187751038695
0.9999896317495163 1.92675358585033e-05 8.78011323489896e-05 -0.12043944436698031 -0.00038211142256377485 0.9999435380151334 0.010890546512918679 -0.7362348233560851 0.004038256176742423 -0.01092283824458347 0.9999396397661608 63.420342857369874
0.9999997285962915 1.750368709411282e-05 7.990134484819021e-05 -0.12302831832778606 0.0007698638659761163 0.9999442322768507 0.009911960620990454 -0.7407600986862828 0.00358356471277519 -0.009942860315778308 0.9999507619843946 64.83397209664545
1.000010130391336 1.674001841208035e-05 7.67734623014671e-05 -0.12566731872320921 0.0018147847429262117 0.9999382372894912 0.00952467440873502 -0.7455936025920082 0.0024825668686946365 -0.00954664857783068 0.9999559690525993 66.27398856539271
1.0000016683039232 1.6644927298085227e-05 7.596763938683723e-05 -0.12827334422181336 0.000654826653655103 0.9999499576134175 0.009424869107084167 -0.759820537173485 0.001996271025488787 -0.009441716303929398 0.9999571748580872 67.65385183114884
0.9999841076659364 1.8868345841362502e-05 8.574995661891991e-05 -0.13106129852020945 -0.0017280439911633045 0.9999556892927709 0.010636976958810797 -0.7802063613607644 0.0010954261218735887 -0.010647563380203355 0.9999448455683043 69.10700778181531
0.9999571710948857 2.0543114620292027e-05 9.301897814147e-05 -0.13368173086690266 -0.005234355533278022 0.9999617199115175 0.01153731089850914 -0.8001174640631421 0.0003772559139641526 -0.01154821567520928 0.9999340948216278 70.46950119823633
0.9999425215268624 2.1406281233588356e-05 9.693901012491381e-05 -0.1363487334707554 -0.007357588180930359 0.9999597281625633 0.012022216279249901 -0.8061674357183828 -0.0009779720635948832 -0.01203515019180282 0.99992550561829 71.91960137320345
0.9999138617711323 2.1236562175740853e-05 9.6199570093465e-05 -0.1389248501195984 -0.011097053082491377 0.9999564366441925 0.011930023842916361 -0.8179007190101724 -0.0017815423311084088 -0.01195583248854499 0.9999238962415532 73.29402064004637
0.9999095641731296 2.1515350805712333e-05 9.756762586831595e-05 -0.14149238397426098 -0.01163765703576354 0.9999526057965367 0.012099436290373827 -0.8299052603587205 -0.0018122346678782614 -0.012127319375178816 0.9999217230227275 74.66247676117044
0.9999136735236122 2.1129289211063024e-05 9.569499873675357e-05 -0.14408733961263412 -0.011297696608925689 0.9999565584801268 0.011866814963833015 -0.8204571211119234 -0.0025720654256793556 -0.011895877592413874 0.9999214621096048 76.1417894864163
0.9999098566306761 2.1977697881139444e-05 9.975075879962297e-05 -0.14658011039053023 -0.011856630381075588 0.9999484975196137 0.012368738265284385 -0.8262134041518809 -0.0029507321006998696 -0.012401704632574416 0.9999135942817491 77.49670363507424
0.999908342345276 2.2389083247821226e-05 0.00010171937747658396 -0.14918477912664863 -0.01194946244883554 0.9999450853229963 0.012612973266268082 -0.8331297808715505 -0.002526057180490252 -0.012644761283510926 0.9999124835243871 78.90841732676812
0.9999064959098726 2.085719734179134e-05 9.45023631843127e-05 -0.151614604110068 -0.01203744565883399 0.9999556205453153 0.011719701318296435 -0.8292464329840383 -0.001895802083741463 -0.011749366265613678 0.9999259241817116 80.27145835111398
0.9999122667847432 2.1037351128806378e-05 9.527654654945157e-05 -0.15430779262352162 -0.01142506397113099 0.9999567490187246 0.011815186976856885 -0.8500316504473284 -0.002360965689837221 -0.01184410931308881 0.9999229777834662 81.67034854137044
0.9999096721886116 2.1415018900140456e-05 9.709202480262936e-05 -0.15679677289629929 -0.011724586194690892 0.999953006872639 0.012040141009199763 -0.8568443817402527 -0.0022597229953221854 -0.012069963395643757 0.9999206970316793 83.01845208310236
0.9999094528199799 1.9675842809523808e-05 8.889688604277754e-05 -0.15929038534570847 -0.011595996312550412 0.9999651875736624 0.011025595416663639 -0.8560095206153913 -0.0015647749882466563 -0.011052425636163096 0.9999350308909855 84.40322596186111
0.9998991024176911 2.001541194195794e-05 9.0661069924241e-05 -0.16196676715437772 -0.01273214475595681 0.9999580726875732 0.011244594564781591 -0.8746968007874321 -0.0008990747962686599 -0.01127222027109358 0.9999346026311989 85.8021638753817
0.9999044271311703 2.149278963806643e-05 9.75359120038361e-05 -0.16455167441929971 -0.011894862290861103 0.9999516849192933 0.012096574807267406 -0.889125885070192 -0.00011418062327418939 -0.012118930907092538 0.9999265263357033 87.16942961831776
0.9999037548153484 2.2998024989588292e-05 0.00010467742575668952 -0.16711509382399287 -0.011688580691880644 0.9999413478220955 0.012981378405626494 -0.9010459803506765 0.0011780961918464983 -0.01299868235507501 0.9999171354601798 88.53598360357796
0.9999075391695924 2.299937575239372e-05 0.00010462540803298425 -0.16981969385108414 -0.010821296721336762 0.999944211201224 0.012974850555456637 -0.9183309581978236 0.0029498892100069214 -0.012986661053049823 0.9999168333958448 89.95680341153016
0.9999163184050319 2.45198438399985e-05 0.00011175618692867411 -0.1723581157646519 -0.009621598126861633 0.9999349569776668 0.013857617590280116 -0.9318827877004006 0.0034377623045134843 -0.013870019792373208 0.9999043056928543 91.3022360904381
0.9999200137362241 2.4330453762743884e-05 0.00011082340658473649 -0.17484084230254393 -0.009201302579849652 0.9999371233803276 0.013742189175204037 -0.9297311944607742 0.0032654891147083477 -0.013755467673278397 0.9999061528491241 92.68685300821775
0.9999257163800974 2.4558856621090946e-05 0.00011188178923897071 -0.17735070813445336 -0.008441471161232462 0.9999358981052335 0.013873140520408042 -0.9458947938771098 0.0034956747176148823 -0.013887429438373632 0.9999039680817902 94.00482298251461
0.9999294361855544 2.4252904621173757e-05 0.00011041395687466822 -0.17979952619482917 -0.007898458810988624 0.9999384721136914 0.01369125699959619 -0.9415282959389746 0.003857109384852753 -0.013706503462713392 0.9999057856431066 95.38053767977947
0.9999294656965987 2.3025141077248276e-05 0.00010457491372000121 -0.18238874434048058 -0.007904062652928165 0.999948121722474 0.012968282558034826 -0.9575544528751669 0.003815774472638162 -0.01298349160906885 0.9999155085738165 96.74306870450759
0.9999177281061505 2.246926189461082e-05 0.00010199539834591367 -0.18488863741895617 -0.009498608045098994 0.9999511791290056 0.012649087631607938 -0.9651333518243073 0.003205501238686923 -0.012661991379015958 0.999920667472994 98.0937993757146
0.999909926708717 2.3096670510487638e-05 0.00010505483135028098 -0.18735271000550272 -0.01053604535644761 0.9999442683111389 0.013028037189868844 -0.972503207654912 0.0028996803024128335 -0.013040291646265498 0.9999161923991455 99.42562363128802
0.9999012258245866 2.557007989363938e-05 0.00011697855182749993 -0.19011569542669102 -0.011328796666473616 0.999921644661002 0.014503813502747936 -0.9966303334849631 0.004183218064987972 -0.014511044697468138 0.999893722769142 100.84826638698777
0.9999107117787368 2.6909040371904044e-05 0.00012325013555288629 -0.19250017004092423 -0.01044315464736008 0.9999125745305966 0.015280579470615353 -0.9990241425479793 0.0028791321648553893 -0.015293057129324716 0.9998843299463752 102.15819743414521
0.9999000611932825 2.389612078003596e-05 0.00010901209004891247 -0.1948825384998164 -0.011531482927547243 0.9999347924817992 0.013517679449072032 -0.9871926128245283 0.003924341151133697 -0.013525313480746136 0.9999081101034923 103.53040072617736
0.9998986873484453 2.122701004469811e-05 9.638202866157127e-05 -0.197322042944697 -0.011746066013801534 0.999953966180292 0.011953696300557799 -0.9958840094911063 0.0037282795220347498 -0.011961559354948127 0.9999284129059478 104.84272478937957
0.9999126069361239 1.9623080637453175e-05 8.861046287722964e-05 -0.19975149213578164 -0.00999193335311464 0.9999699687892906 0.010990957807768778 -1.00942973427826 0.003841774026888784 -0.011001881975892379 0.9999391937813714 106.12783174477808
0.9999308684415614 2.1656357618006494e-05 9.808840185115508e-05 -0.2024408803463111 -0.008037096656617105 0.9999582351311991 0.012165389106111599 -1.0260715077651374 0.002445611986982328 -0.012180309596511403 0.9999274192013324 107.54309511717345
0.9999495500363567 2.4616692592077313e-05 0.00011223820395961349 -0.2047840160150616 -0.005471592321291715 0.9999320321004149 0.013917233279683326 -1.0256468213624703 0.003540096704876145 -0.013936701713223644 0.9999032071741665 108.84270043524671
0.9999573854474231 2.4864901294798653e-05 0.00011352236042861926 -0.20734801780155282 -0.005233709431603312 0.9999291607844809 0.01407631189057418 -1.0313002597226901 0.00026142122477981777 -0.01408697326826099 0.9999014160257582 110.23752347745231
0.9999435970445273 2.4052182609661868e-05 0.00010949641078115491 -0.20968690098292977 -0.006757031756238525 0.9999391908640753 0.013578072949890625 -1.02989604714484 0.0011045837815759978 -0.013592131205386621 0.9999092044078353 111.5391418703615
0.9999281216549677 2.1208091629167786e-05 9.597405185805537e-05 -0.2122201300726966 -0.00857974676685495 0.9999612509619877 0.011903551349927582 -1.047494478774954 0.001546900489666264 -0.011918594768617442 0.9999307406267939 112.8636525272216
0.9999137730785314 2.0137749558318124e-05 9.101905341339731e-05 -0.2148250498657283 -0.010617683429602261 0.9999652274998945 0.011289562481512678 -1.0719048694878768 0.0004053550265928074 -0.01130806787696162 0.9999368756985872 114.1974897117445
0.9999126722822225 2.0878737529804806e-05 9.452340634632421e-05 -0.21737175610765513 -0.011447575443407708 0.9999577758653173 0.01172158274577448 -1.0890486892285347 -0.002685935727625097 -0.011751684211308726 0.999922660067291 115.53149185973079
0.999905134870972 2.1921417520925218e-05 9.955195979273815e-05 -0.21992902175188994 -0.012600304975995423 0.9999457056614312 0.012343297980388608 -1.1011114800531057 -0.0036521137731052363 -0.012382985029086621 0.999910243803989 116.89400131590148
0.9998976488494739 2.4611638736439512e-05 0.000112468777513558 -0.2222307994804244 -0.013718843406676994 0.9999189600495514 0.013941582022389683 -1.0936602661988641 -0.004494276115501622 -0.013992198264269702 0.9998840919894325 118.20203634314748
0.9999011815602739 2.6029142824046322e-05 0.0001191768505696307 -0.2247875396530272 -0.013505809512448803 0.999908231941266 0.014770437793000447 -1.1043787234820612 -0.005500779520991775 -0.014825104771641071 0.9998652533785701 119.57024990650669
0.9998998422751509 2.5375461610148767e-05 0.00011607352564635453 -0.22720443649172425 -0.013862169326439456 0.9999118525590315 0.014384804731461013 -1.1089326480678168 -0.006348242931034695 -0.014446926645072066 0.9998642318860957 120.88850437012164
0.9998856230818965 2.4750496880974332e-05 0.00011341750981771342 -0.22965604437210085 -0.015997704591854157 0.9999018903833212 0.014052599546727424 -1.1184541843501181 -0.007996691901336509 -0.014145225964179197 0.9998537394550407 122.20382968909563
0.999882067326406 2.444847083124188e-05 0.00011207746542622027 -0.2320449079856539 -0.016686630969174953 0.9998985343778068 0.013884097395897521 -1.1168389457005496 -0.009099695152976544 -0.013992919553498467 0.9998444584986973 123.53407009582222
0.9998633046373963 2.3985059338161793e-05 0.00011052433440267295 -0.2345848613818972 -0.019067997345361506 0.9998777950101638 0.01369116019288281 -1.1208742442202722 -0.009328093314687511 -0.01382875426952486 0.9998442229492387 124.92279047571247
0.9998608917142071 2.2729321514891945e-05 0.00010465138253090158 -0.23697593549743134 -0.01971191758052806 0.9998802504391381 0.012959829274455168 -1.1223605870175521 -0.010863330061017109 -0.013122332125024089 0.9998354595424227 126.24042345757589
0.9998682062210847 2.1896687619652605e-05 0.00010041440473264438 -0.2394683368020334 -0.019016254392215173 0.9998948272372224 0.01243235544369917 -1.1333689233094295 -0.011812013074168607 -0.012596183964479713 0.9998297481213347 127.57171114837023
0.9998723765086505 2.2585663912728926e-05 0.00010352901023747644 -0.24178116514415646 -0.01875459651845717 0.9998928333460002 0.012814404854584719 -1.1266615028668494 -0.0129547876372158 -0.012986655274575274 0.9998085405346593 128.88254940719253
0.9998746237599504 2.3642101522261885e-05 0.00010847124057667009 -0.24463177530066052 -0.01865790829554731 0.9998858616636345 0.013423581422987257 -1.1793164277653483 -0.013768208252707713 -0.013602838401018056 0.9997880161653737 130.22650049631815
0.9998794028156174 2.3253928391139128e-05 0.00010647073368761479 -0.24704751441498282 -0.018043624707043023 0.9998954831944369 0.013176238200462698 -1.1777109976498503 -0.013675585670532151 -0.013344946627791742 0.9997929264514909 131.5715817641817
0.9998801376537239 2.3218123915707753e-05 0.00010627802662636064 -0.24962167544364752 -0.018027852582790077 0.9998959708406508 0.013151189926168228 -1.1971982802507553 -0.014012228317464077 -0.013322942156918968 0.9997879502323762 132.9103385380357
0.9998662650218061 2.3551188013322052e-05 0.00010834137589148295 -0.2521415204928252 -0.019663443251893727 0.999874898832681 0.01340796244581077 -1.2119764687690817 -0.013623083823082556 -0.013601376653128078 0.9997902861031218 134.24001367457217
0.9998768118248975 2.36437308911569e-05 0.00010840654549775408 -0.25464891497193715 -0.018196962293771567 0.9998907137999999 0.013418477493388035 -1.223056944747507 -0.012924421070074852 -0.013582102424775795 0.9998010853235756 135.5792834046463
0.999867966217644 2.259333936904806e-05 0.00010372541391386568 -0.25721520290131766 -0.019086047925489638 0.999888878103877 0.012841821047260329 -1.2431134442050285 -0.01199033891534581 -0.013008544841176155 0.9998220293044018 136.91114132268393
0.999858135024546 2.4044048497465567e-05 0.00011102258714418278 -0.2598582677538841 -0.02020431904800981 0.9998638658286224 0.013746694627154738 -1.2693601811414996 -0.011532470206272866 -0.013923542530360182 0.9998159319302047 138.25791529975317
0.999852819741959 2.383047339851556e-05 0.00011024464522694025 -0.2623305597548061 -0.020377333560519705 0.9998629864977344 0.013656405610452714 -1.2732487296049821 -0.00936024678833947 -0.013809178513040303 0.9998441346677587 139.60981684611107
0.9998584909828742 2.407904981113068e-05 0.00011117394826679386 -0.2648467358129486 -0.019515246766254955 0.9998716387541555 0.01377321512713635 -1.2795172706744882 -0.00865665544722243 -0.01390826369184577 0.9998503724667226 140.97540922291589
0.9998552008770732 2.3299356308206093e-05 0.00010760731867560892 -0.26726432253622484 -0.01956629197373652 0.9998769976122565 0.013335125921628495 -1.2836699481302105 -0.007062117499759217 -0.013452543721099821 0.9998720143249472 142.29583515343057
0.9998527037638779 2.2633893800111382e-05 0.0001045599505808412 -0.26977794866230803 -0.01967754686494424 0.9998806550993241 0.012959489957757815 -1.294493390666116 -0.006175275416118534 -0.013067676276373522 0.9998845845879824 143.63970244526726
0.9998818556284462 1.8394200900448757e-05 8.346256977329633e-05 -0.27223318196883134 -0.016211372499023234 0.9999454575455161 0.010345047948464829 -1.300205742117121 -0.006863007130612101 -0.010430594201861435 0.9999098072615393 144.97402293008358
0.999890365032705 1.9853212188145758e-05 9.008710933517197e-05 -0.2748139914489263 -0.014865460446287159 0.9999466688161828 0.011168126903944385 -1.3263708527197424 -0.0055736447435512804 -0.011233244524494628 0.9999114704181962 146.28668169732615
0.9999386073799157 2.419164846567852e-05 0.00011013357396687565 -0.2776200844012005 -0.008654724975365836 0.9999388334826291 0.013652423714123577 -1.3570193062216256 -0.004594834432913539 -0.013670966091953316 0.9998878923665511 147.7041166963358
0.9999890023353221 2.6247829065075348e-05 0.00012091193183290058 -0.28010775878702515 -0.002093409584942494 0.9999021067417573 0.014988549068037968 -1.3736220694689028 -0.0032447835639173054 -0.014973536622299543 0.999876983657484 149.00783778682202
0.9999998952648934 2.676835550700918e-05 0.0001238149714122398 -0.2828922021920929 -0.0005953113880712412 0.9998865900462724 0.015348552691699541 -1.4179553948007897 -0.002596819020970916 -0.015331020162620598 0.9998746343197338 150.35225403586153
0.9999890358541751 2.375148146817503e-05 0.00010898656632613024 -0.28550830202479405 -0.0020305498854652796 0.9999227890179778 0.013512522409540418 -1.444355626194144 -0.002983021081666262 -0.013498737244555492 0.9998992479324961 151.68340931396702
0.9999477101955149 1.8876077030955535e-05 8.506674302686786e-05 -0.2879889314788081 -0.007352233608164134 0.9999763753404893 0.010548835497247585 -1.4531865880501933 -0.003827761253015374 -0.010559594578940368 0.9999301615534423 153.01788746281989
0.9999565898554905 1.9702033010896014e-05 8.905062178095986e-05 -0.2905873761298748 -0.006512094583162237 0.9999701166043017 0.011040788503987129 -1.469440133839853 -0.004998983188779488 -0.011044949403218216 0.9999176410397761 154.38451439903037
0.9999931880738645 2.0648606621891455e-05 9.442694300803006e-05 -0.2925348596139972 -0.002223489718134253 0.9999467522804862 0.011704985973453128 -1.4099866646765618 -0.006143093368730877 -0.011673389879432153 0.9999020706246817 155.7282357612505
1.000080556752525 2.3489907561437262e-05 0.0001132975450395487 -0.29484141211513937 0.008804043922240283 0.9997915102591445 0.014043376710293593 -1.3956866781590402 -0.005353043561168857 -0.013939313462669285 0.9998790504279278 157.06945771804473
1.0000985277088956 2.493096919288333e-05 0.00012187074592540353 -0.29741175166271416 0.010878160196834673 0.9997389170365564 0.01510355927670065 -1.412084479048186 -0.0060563551823785014 -0.014971966831687897 0.9998588530751926 158.41987574009718
1.00009352674389 2.444647633183944e-05 0.00011906145853161714 -0.2999383315898047 0.010440042255407104 0.9997522962273476 0.01475712409352146 -1.4272052315326627 -0.00524045579187349 -0.014643972286764098 0.9998697883695836 159.75175320670974
1.0000868655974235 2.444694903159031e-05 0.00011843861234737594 -0.30242436842846493 0.009378824345020324 0.9997725242177055 0.014678295802202103 -1.426647878600148 -0.006283838977161346 -0.014554026209987943 0.9998632033621323 161.13109388072027
1.0000795899122743 2.3797900071301226e-05 0.0001146832317883244 -0.30480459122973397 0.008169656789298084 0.9997996369731202 0.014210772418408414 -1.424489719420213 -0.007646658771458421 -0.01407364906400218 0.9998581187882589 162.45896988501218
1.0000758201664068 2.289459000478708e-05 0.00011005043831778635 -0.3073748957043347 0.007298396262445125 0.9998214467025283 0.013633093727415778 -1.4397819197563309 -0.00944427610445414 -0.013476102271124498 0.999847732653126 163.81429897102123
1.0000749684970516 2.2617129245750336e-05 0.00010865753866200591 -0.3097962131780086 0.007045505072462141 0.999827659595435 0.01345894886152418 -1.4401720708456154 -0.010100374153109654 -0.013294727939967655 0.9998425608024514 165.15357032359313
1.00007678627245 2.3622536281957263e-05 0.0001136034671258418 -0.3122533553636856 0.007263153669454486 0.999815910127513 0.01407123426233681 -1.4400762795848077 -0.010136506150045152 -0.013903955336759472 0.9998338522960685 166.51484975628907
1.0000749617762668 2.2848994821710045e-05 0.00010976066948374533 -0.31463110278785683 0.007147451922055299 0.999824248766896 0.013596717666246124 -1.4398619702812283 -0.009642014164940363 -0.013438354080560877 0.9998459957661598 167.8326861000051
1.000066782544423 2.0149112915226336e-05 9.629002308093708e-05 -0.317113117547089 0.006131506721419324 0.9998604975963007 0.011928467682544958 -1.442460401605617 -0.009642731750335686 -0.011781410273454423 0.9998668603921976 169.19572580461812
1.0000489363932603 1.8015060018075277e-05 8.49357162076461e-05 -0.31975916742865196 0.004234718778129875 0.9999013832809962 0.010525190971955376 -1.4524191344199406 -0.008217735878261889 -0.010417164263683122 0.9998972847333897 170.61679027800787
1.0000466297655246 1.795439954522561e-05 8.449591688095741e-05 -0.32205570766197594 0.0038298999346528285 0.9999068614791015 0.01046948930517169 -1.4456429021611974 -0.00874555653745016 -0.01035913801205755 0.9998924564010209 171.91891447631465
1.000049435787094 1.8825282424224724e-05 8.877431689037507e-05 -0.3243935559003082 0.004103702791698518 0.9998978801375409 0.010998783735019491 -1.4257897688402092 -0.009078591096229138 -0.010881516555663646 0.9998833458018561 173.30223369354664
0.9999861837119939 2.386384918364598e-05 0.00010942785644915839 -0.3272421279339786 -0.0036384463479181683 0.9999305660276433 0.013557734054581546 -1.4736742037209403 -0.008573909682564225 -0.013526288442219168 0.9998564697599491 174.66633026998997
0.9999465454441772 2.6936332768637272e-05 0.00012331135561595365 -0.3299839532728954 -0.00876423225658201 0.999915281103279 0.015274020556522239 -1.4993795617292047 -0.00947956912777372 -0.015296102508940004 0.9998211742594211 176.0702156074921
0.9999586127955827 2.737353912393367e-05 0.0001255608833884644 -0.3325859690730199 -0.007011224800602644 0.9999106546531419 0.01555520920677262 -1.5033773113747548 -0.008345258579840196 -0.01555887476930432 0.9998292830125531 177.49347579300382
0.9999621554615983 2.682353202109085e-05 0.00012297793348347587 -0.3349817660120582 -0.00630147410929465 0.9999145517251128 0.015238118474772603 -1.4857973600165124 -0.007142138700256329 -0.015236882168892811 0.9998457278512576 178.89875166582502
0.9999928183102785 1.918740447843202e-05 8.753468287804101e-05 -0.3371728024885519 -0.002173467564926086 0.9999560942500483 0.010851917361486151 -1.4564763409915669 -0.005715228576980644 -0.010822463407777316 0.9999149400068595 180.24298391226412
0.9999888395554533 1.3185920617378097e-05 5.94436649203917e-05 -0.33997271347380914 -0.002523285778665298 0.9999898564623139 0.007371381326205781 -1.4840944856749454 -0.00507168767496764 -0.007348064878567447 0.9999510906664308 181.67050895399439
0.9999544141213123 1.3903938236446006e-05 6.197900700059952e-05 -0.3427989259371154 -0.006508645874083385 1.0000015634137454 0.007687472369654337 -1.5255476700994706 -0.0037786049355151632 -0.00769352061429543 0.999956554556864 183.0509025371137
0.9999246007096435 1.6909612723908785e-05 7.581095152834369e-05 -0.34528762853385636 -0.010058059632792833 0.9999860574946303 0.009402751041820073 -1.5358916560675235 -0.0030956958504400204 -0.009427318978588811 0.999945317364557 184.3831044607712
0.9999012651129302 2.0525942859754218e-05 9.302583765679424e-05 -0.347939316785796 -0.012870622339277136 0.9999540906515625 0.01153603736583256 -1.54293187785929 -0.0027144005759985653 -0.011572728466013116 0.9999246163879597 185.82030692915347
0.999872632129685 2.317715261524779e-05 0.00010632857653882877 -0.3505876438868664 -0.016510529434699675 0.9999095386835206 0.01318308567743321 -1.5668423385963277 -0.003088814688079985 -0.013239744233940493 0.999902194821662 187.1804140822781
0.9998369598507237 2.621268368402374e-05 0.00012245235085145282 -0.3535436109420538 -0.021091623518615495 0.9998319575098604 0.01517824522404872 -1.604480680529854 -0.003761894826918472 -0.015266906360625969 0.9998698059312717 188.64968285478878
0.9998301707830705 2.521488149856768e-05 0.00011806601244663769 -0.3561598077337414 -0.022036197433284 0.9998273032316356 0.014634702737280604 -1.612827178883491 -0.004214250194982538 -0.014735044238983338 0.9998751566103461 190.06140348253263
0.9998466889075626 2.5971780506712713e-05 0.0001207762174223945 -0.35874364507107503 -0.019828241220766284 0.9998507635057449 0.014971123207413976 -1.621156868185092 -0.00351606531558486 -0.015049619251512101 0.9998744354804023 191.4552772608974
0.9998719353038942 2.6816211638479998e-05 0.00012373991432198563 -0.3612463821223838 -0.016828449165516825 0.9998760436219227 0.015337213228413988 -1.613394386023543 -0.004120669059223343 -0.015404556960608766 0.9998656346088215 192.87599878732033
0.9998799161752243 2.73135404756375e-05 0.0001258646453480268 -0.36377638445226357 -0.015735415123460047 0.9998809595849849 0.015600783500590604 -1.6210928729821856 -0.0036663103286952584 -0.015658072242897923 0.9998642900538672 194.2428717173159
0.9998957341897154 2.783531393418283e-05 0.00012796061179248027 -0.36630485680023184 -0.01397523692495112 0.9998888717299864 0.01585897477256347 -1.6149263043820898 -0.004577271315675778 -0.01591176417712759 0.9998548883838909 195.6707292938438
0.9999194121610697 2.8917021713674093e-05 0.00013283441827679045 -0.368941641918125 -0.011110757688066988 0.9998919899303389 0.01646163257501344 -1.626551564194712 -0.0049166610522565785 -0.01649694641102594 0.9998431887575495 197.07923064141167
0.9998983464117879 2.4898421514310196e-05 0.00011382342615130553 -0.37170479284816443 -0.01376165502341415 0.9999163737075368 0.014108426531541 -1.6472596077962975 -0.005071531638406374 -0.014162562648986297 0.9998778922502418 198.51721265361928
0.9998402426570102 1.9034546778777875e-05 8.81823887667599e-05 -0.37472906972416387 -0.021129612608871175 0.9998869724178481 0.010931751007294509 -1.7010370516571476 -0.005749443564728746 -0.011046058153399162 0.9999122402663186 199.9523405769897
0.9997583186741452 1.3235650666311091e-05 6.739234488987804e-05 -0.377171391710044 -0.031503633740883094 0.9997223449498237 0.008353663412149765 -1.6742044071900672 -0.006640582234025188 -0.008568589958374983 0.9999293734574637 201.42464657793144
0.9997151855940776 1.7778121844679723e-05 9.351514313038186e-05 -0.3798424991653444 -0.03707562282515738 0.9995437694833454 0.011588365763044783 -1.6805507288515513 -0.0076005595156670895 -0.011880738613504619 0.9998869831775526 202.87569857508518
0.9997292237325769 1.9406403632576605e-05 9.948171352550475e-05 -0.3823963265981713 -0.035568231348713716 0.9995775831804066 0.012324951877906883 -1.6723659150567705 -0.008653079006809856 -0.012631744549248664 0.9998673331827437 204.32659917370916
0.9997447027945319 2.046411344502723e-05 0.00010272031938144419 -0.3851029130792313 -0.033663586469459196 0.9996231724348479 0.012725871850749611 -1.6827503248871378 -0.00873205870374891 -0.013014233776581481 0.9998616041613902 205.77929262605846
0.9997591934951263 2.1024205406524818e-05 0.00010384446775047991 -0.38785828802742284 -0.03147808508119691 0.999674947269269 0.012868983477235578 -1.6958778914707844 -0.007011153331436684 -0.013093539692337274 0.9998772254818951 207.24677359333126
0.9997809806419508 2.1777412305121202e-05 0.00010534665116858637 -0.3904167867539912 -0.028449849898490157 0.9997388760255845 0.01305776291887722 -1.7073218399424277 -0.005573058605851801 -0.013225598383673652 0.9998871358435988 208.61272573681435
0.9997718238341706 2.0309309862319436e-05 9.922427984778814e-05 -0.3931415005485818 -0.029471927047680445 0.9997271145106322 0.012300430114005535 -1.693983691167007 -0.005059705836665689 -0.012464962472846295 0.9999005528561365 210.18125083719082
0.9997468589957949 2.0081004303345792e-05 0.00010066973517911665 -0.3958936944928194 -0.03243160518857969 0.9996570794656081 0.012480341318949819 -1.7094952481327066 -0.004432148562202034 -0.012650844050131005 0.9999023328322084 211.63633851113514
0.9997348306138983 2.0974539033238176e-05 0.00010625778914125864 -0.3985451921801204 -0.03396404856390567 0.9996096421157483 0.013172023338224195 -1.7140512212050902 -0.004604423727711054 -0.013357264748288002 0.9998920662545284 213.0845140866776
0.9997304276557551 2.0516038732975098e-05 0.0001045967982707134 -0.4011747374992807 -0.03430877265537428 0.9996033216657041 0.012967617943697572 -1.720340661412859 -0.003703226496782803 -0.013131517472667092 0.9999004242501491 214.51280116895725
0.9997196214794709 1.9011883811660343e-05 9.878327785041571e-05 -0.4039923781322017 -0.035664974021453584 0.9995758672662044 0.012247588141575413 -1.7368772686026275 -0.00376644108308406 -0.012420897736206289 0.9999091435751054 215.999564263967
0.9997206480619699 1.8441229017375493e-05 9.59598040780889e-05 -0.4067144507322465 -0.035440510314942074 0.9995862655103267 0.011898452042830548 -1.7413144839423231 -0.003333990100619723 -0.012058477366679178 0.9999158909009397 217.4873563291356
0.9997110605788594 1.777640682667017e-05 9.403430763940766e-05 -0.4093302351544776 -0.03656847054881888 0.9995575305759852 0.011660278845522875 -1.7535149831186367 -0.0030543057457848768 -0.011818420399803244 0.9999201519962069 218.88166143600583
0.9996999143085625 1.669658688677189e-05 9.042177437631246e-05 -0.4122562156200862 -0.03781498413781644 0.9995263074426722 0.01121345396707186 -1.7687915594268036 -0.002440005352816972 -0.011359619266842282 0.999928259700619 220.43404614155068
0.9996961935770299 1.697275144901811e-05 9.222927811666196e-05 -0.4150793522113779 -0.03825939411325 0.9995104330009128 0.011437428540826907 -1.7945831539354475 -0.002361204222529352 -0.011583361945531305 0.9999260275647426 221.88257994983422
