1.0 -3.469446951953614e-18 0.0 -1.5585406229479126e-19 0.0 0.9999999999999999 -3.5575383784680614e-19 0.0 2.168404344971009e-19 -2.388632911257127e-19 1.0 0.0
1.0000005914377053 1.1956327172438913e-06 5.3627550915744115e-06 -0.0025724908183114847 0.00020089264314402354 0.9999981306314466 0.0006661498083598322 -0.021923715912692023 0.0005683330602807809 -0.0006705202411875233 1.0000006495569949 1.3269663392242248
1.0000037316296113 1.8269696085791015e-06 8.312126194324207e-06 -0.005051259579434729 0.0006039663497323811 0.999994406432806 0.0010323810811453688 -0.03979067333320005 0.0006267138633196559 -0.001036785216461184 1.0000004127387558 2.620117433890171
1.0000022564511915 2.1530294465766514e-06 9.715492281480971e-06 -0.00766781410575053 0.0005736686742335347 0.9999944704700543 0.0012067491893815072 -0.06788230463530817 0.0013086056372297959 -0.0012170831090065354 1.0000007834715048 3.9439816432133856
1.0000053681310164 2.5449456039893653e-06 1.1598817258498756e-05 -0.010133901882015899 0.0008626640902973017 0.999991623046216 0.001440503117562757 -0.07549140329470364 0.000874038807980466 -0.001446838386904682 1.0000001704409518 5.275855065110369
1.0000074279941866 3.0339157678759693e-06 1.3881255028038927e-05 -0.012613158270836866 0.0011917792263351872 0.9999881822768263 0.0017239158024472017 -0.08502868469822282 0.0012009214177642038 -0.0017329916644421366 0.9999999706828442 6.606422889662988
1.0000170716420134 4.158402894862204e-06 1.9377974084625786e-05 -0.015237969198912724 0.0023174061370468436 0.9999757242968542 0.002406188937561489 -0.11208120593335089 0.0008797254690161207 -0.0024113294769315956 0.9999983291515976 7.939493756793719
1.0000179295681915 4.239668726473134e-06 1.978566672240908e-05 -0.01766751431630369 0.0024216536949806054 0.9999745140382069 0.0024567910446100082 -0.11741735824074176 0.0008694735283303572 -0.002461734586010353 0.9999981975268587 9.261264895432735
1.0000165749849947 3.931399673339983e-06 1.8330837519934477e-05 -0.020129374303312273 0.002341788232606142 0.9999757772375364 0.0022762734193519825 -0.12886519505105284 0.0012635250348684217 -0.0022853709722645116 0.999998904766247 10.573677746781401
1.0000097671710524 2.867627194877778e-06 1.3233908945763572e-05 -0.022658924360159864 0.0015034978244140521 0.999985388606545 0.0016435632567059898 -0.14420589107657472 0.0012955293728292008 -0.0016533537031241964 1.0000001570860586 11.906219325557247
0.9999965483282277 1.6316208343355315e-06 7.164379016039299e-06 -0.025231952534755887 -0.00021582746897807863 1.0000013056076607 0.0008899448497962859 -0.1657280615298927 0.0009491630201158627 -0.000897826893183904 1.0000008732365155 13.235273986533745
0.9999927276339311 1.4653718314137226e-06 6.2868217928330975e-06 -0.027710682943220794 -0.0006701947417570566 1.000004855521232 0.0007809968283140601 -0.17333533534923568 0.0010389219302049007 -0.0007899212738327986 1.000001035559577 14.574157483262889
0.9999947827970507 2.3785530092884644e-06 1.0449874129350983e-05 -0.03032798502525337 -0.0005066050162272758 1.0000030898338694 0.0012978012339485135 -0.19360002528160797 0.0006302376024498034 -0.0013035474906555858 1.000000108607197 15.933340406021784
1.0000030188726865 6.673525605375638e-06 3.0141275590721273e-05 -0.03289273250779731 0.00045882679803522543 0.999989144606042 0.0037418412347932986 -0.21448157120473912 0.00037420576305589827 -0.003744444755478454 0.9999936495639615 17.260665828434355
1.0000446235278366 9.38425953727999e-06 4.46608097118635e-05 -0.03562678535552761 0.0056145702826354855 0.9999235803612836 0.005543154698773211 -0.2505176963409457 0.0003244078716095121 -0.005538132561824733 0.9999852779885195 18.61417584126514
1.000055591571396 8.26537271245674e-06 4.028061772390953e-05 -0.038249611210449216 0.006936802264421419 0.9999075063751913 0.004999758165009305 -0.27546262383272424 0.00014648623280529558 -0.004990136321784009 0.9999878754502827 19.955546238963016
1.0000590610535995 4.706423928885206e-06 2.4352406494629027e-05 -0.040728945632106196 0.007477292365674588 0.9999072158112187 0.003023540688045587 -0.27030439882018364 0.0006353106582990156 -0.0030203603998703397 0.9999964278265021 21.351692728364377
1.0000441485037206 2.597367415917151e-06 1.3842858765716328e-05 -0.04354735911965587 0.005470395090054189 0.9999394841360781 0.0017188094582526973 -0.32426785157354726 -5.546445182588429e-05 -0.0017083878785167995 0.9999984638582604 22.6719767090324
1.0000305144215844 4.395621799447788e-06 2.1140344307343708e-05 -0.0458798771756127 0.0036107313644511974 0.9999609243109345 0.0026242847345927683 -0.30635355840241707 -0.0007977038157656843 -0.0026087110759978912 0.9999948768145691 24.043697514718122
1.000031490256613 1.2513085580506678e-05 5.8248039081742076e-05 -0.048462190284889926 0.0035523384352196957 0.9999388618392255 0.007227135904569281 -0.32011964719384833 -0.0015985623601377354 -0.007202838463339266 0.9999699998725754 25.412483188647702
1.0000365910122275 1.4909804930622605e-05 6.964682090965517e-05 -0.05123026222702772 0.0041930570466080595 0.999919987120704 0.008640284069361544 -0.35334911305499256 -0.001566220097088741 -0.00861439928791783 0.9999589660405495 26.797350635966875
1.000078642804312 1.308094453376929e-05 6.420288196042458e-05 -0.053949409308106225 0.009390848199800671 0.9998484338734545 0.007965397172388903 -0.38396506410576453 -0.0016761442650541 -0.007920607497155972 0.9999643154311312 28.166776882956245
1.000074635679328 9.15812741004128e-06 4.580292531418352e-05 -0.05644159258578177 0.00890553997309742 0.999872390145994 0.005683795451127283 -0.38959207329829665 -0.0016211163922115327 -0.005641178271401948 0.9999799294159076 29.521942157295808
1.0000750049287768 5.958544928054421e-06 3.123931238614079e-05 -0.05934445109039034 0.008876984226451926 0.9998815399966601 0.003876782098716994 -0.4351727950296299 -0.001952965774413184 -0.00382833205075683 0.9999872944166208 30.92637804128147
1.00006359673033 3.5837088835800196e-06 1.9610414768113284e-05 -0.06166936815014966 0.007288106689359728 0.9999117565130204 0.0024328730155797735 -0.4147684912311769 -0.0027203918261602105 -0.0023783115816362133 0.9999885944452648 32.30499349059596
1.0000567015642554 1.2627270071716157e-06 8.681359171383357e-06 -0.06457448518109911 0.006274516410000196 0.9999291945112898 0.0010753335142199897 -0.46772184885125623 -0.0034217685436188083 -0.0010151039844234601 0.9999874672777627 33.677801536864855
1.00005518976418 2.522661671101184e-06 1.4232795665317143e-05 -0.0671776373623725 0.006023359683266975 0.9999317733296148 0.0017642229411034052 -0.4779708198946664 -0.0037045279144814923 -0.0017013999752738531 0.9999850270243004 35.07381341273102
1.0000527946338744 4.046805720752875e-06 2.0935903319074843e-05 -0.06994592865412197 0.005881418328226161 0.999931932787437 0.0025970905453892913 -0.5093895621785482 -0.003011015594631022 -0.0025448137443411884 0.9999868294295304 36.46687736850364
1.0000483772162285 5.8600878222511005e-06 2.8845995836833133e-05 -0.07241561318087608 0.005374079672138852 0.9999358269830765 0.0035789760372673565 -0.5005227691149072 -0.0028269990885491482 -0.0035317071167719973 0.9999847146822674 37.874217975171746
1.000042334474177 5.89851623638421e-06 2.8634425534518467e-05 -0.07482140549809194 0.004727287462896449 0.9999443948969836 0.0035531705463991664 -0.4862934964899819 -0.0023647215021087974 -0.0035147810317903492 0.9999868087427829 39.27008709937063
1.0000233630670325 7.223892210850985e-06 3.357426985669469e-05 -0.07769806505154159 0.0023013766660159567 0.9999700821148432 0.004165821741404638 -0.5310487113052801 -0.0026761725589425295 -0.004134267511603986 0.9999831011292624 40.66369447269517
0.9999873133716842 7.805348886082836e-06 3.472531491931544e-05 -0.080498912893186 -0.0021975622772482445 1.000005935285336 0.0043085188293279205 -0.5599170410995568 -0.002773850627333741 -0.004296409528185017 0.9999819774512623 42.08616310694981
0.9999893629738937 8.273693128293957e-06 3.692368990287215e-05 -0.08306047468341714 -0.0019005952428918869 1.0000029353845945 0.0045814565211095065 -0.5658377542511972 -0.002584651424255128 -0.004569173361969393 0.9999816208090445 43.47844286578053
0.999990784204268 8.184730179980337e-06 3.65650370598256e-05 -0.08578840947567203 -0.001677220306421266 1.000001738986593 0.004537160717043194 -0.5850000574762508 -0.0023756258250060584 -0.0045252379397705805 0.9999827157782076 44.90381425257708
0.9999892469034819 6.674887931965717e-06 2.9649304351971224e-05 -0.08859682872105618 -0.001616617726389635 1.0000048852869465 0.003679980765739341 -0.6176390426274772 -0.0012539536228711168 -0.003675002797486831 0.9999902503523415 46.31366074577202
0.9999907961747173 7.825411110698802e-06 3.4929038840715316e-05 -0.09139400807423385 -0.0011821032880717291 0.9999993569352215 0.004335692173882639 -0.6459765598146849 -0.00017425295191459225 -0.004336857224587357 0.9999903290153959 47.73646483040882
0.9999866462647145 8.373363945378062e-06 3.7291792838048746e-05 -0.09406885856945299 -0.0014265828949124532 0.9999996866483877 0.0046291939120992245 -0.6624117845603195 0.0010338432553875453 -0.0046388625096770025 0.9999906399974519 49.144597817769245
0.9999783826713009 8.867871231126381e-06 3.9310638453699497e-05 -0.096823565986976 -0.0022735024436494836 1.000003744405399 0.004879709802884239 -0.686658108398404 0.0018336276085780866 -0.004894642335745564 0.9999897217706791 50.5621243519615
0.9999776095413828 8.861124618786409e-06 3.925967365934688e-05 -0.09952250729641714 -0.002119406758465686 1.0000028737756657 0.004873233760744131 -0.6953390850285175 0.002949012782158976 -0.004894788446082114 0.9999890675976871 52.01818019521152
0.9999667219480448 1.0961665458709274e-05 4.8623821778779816e-05 -0.10235258217392768 -0.003315094295049602 1.0000029016091663 0.006034515413035436 -0.7323135695834848 0.0036467104008161507 -0.006058018129636638 0.9999816728221971 53.42068593697104
0.999975628523737 1.1838057046737252e-05 5.285015285217331e-05 -0.10509206464769578 -0.0019485298014784306 0.9999921908056799 0.006558001091815188 -0.7443976048999907 0.004808205936672767 -0.006591160225052363 0.9999754953852747 54.88401877692241
1.000007261380953 1.3152847515209704e-05 5.998884315832264e-05 -0.10763690642673714 0.002086596860300164 0.9999532127283105 0.00744279284563426 -0.7465537585583062 0.005283687901555105 -0.00749316264284632 0.9999676154129945 56.283826669590084
1.0000038485379787 1.3623300165528651e-05 6.201974934263088e-05 -0.11054772644331409 0.0017742456435510395 0.9999544246209511 0.00769416172388019 -0.7872290157000568 0.005780893011592494 -0.0077483114552377745 0.9999638215628878 57.714548119099184
1.0000008587863871 1.5356309906606677e-05 6.993469433613179e-05 -0.11350725216283741 0.0012371585553741082 0.9999515073112064 0.00867592863582348 -0.8352704485728153 0.005041552736817185 -0.008721123451463584 0.999958490528967 59.13939462947079
1.000010477541114 1.5009314394668141e-05 6.873107360357966e-05 -0.11596229878022836 0.0024476982004170734 0.9999408148681483 0.008526677659891724 -0.8229804753137462 0.005112816640286808 -0.008576628623045639 0.9999595050357617 60.55389411119247
1.00003538305257 1.7211338863730094e-05 8.030404171367853e-05 -0.1188150393102437 0.005424059006044495 0.9998918461350884 0.009961295143522172 -0.849224220048733 0.004592514005494865 -0.010014566507708947 0.9999477443297237 62.016807238090905
1.0000483258597173 1.5784164229178457e-05 7.446431038668293e-05 -0.12151131198175587 0.006985498014772985 0.9998765392325963 0.009237739283679386 -0.8672320974638641 0.004387655803693442 -0.00929240872219568 0.9999552555266811 63.429791250223836
1.0000524361519763 1.4046285021638433e-05 6.666465673707414e-05 -0.12419477099755066 0.00737703916512549 0.9998790502566287 0.008271290122304669 -0.8851612396968733 0.00385733062991038 -0.008318711697485518 0.9999650445174824 64.83602973065702
1.000060914313405 1.3456088821797371e-05 6.453671750091352e-05 -0.12687628193611825 0.008263128460307507 0.9998671327634082 0.008007801492037841 -0.8925130003210502 0.003113390635375795 -0.008044986907579864 0.9999685299794128 66.28835973249674
1.0000494814177898 1.3276242262001692e-05 6.289468212644297e-05 -0.12949785695961627 0.00672233413858825 0.9998926993037596 0.007804381153375785 -0.9103749222788355 0.0025740725853773804 -0.007831366079743293 0.9999707826636024 67.66062444194033
1.0000312414898809 1.5577997125024168e-05 7.243996394953227e-05 -0.13229759695402338 0.004261273852092327 0.9999160819769245 0.00898767570571483 -0.9308764196306178 0.0017007513069784645 -0.009001882968669356 0.9999612374177262 69.11979187682911
1.0000073242522802 1.752584761922915e-05 8.032027693814759e-05 -0.1348864922266971 0.0011496048000734782 0.9999402897539955 0.009964215404017035 -0.9453203948530069 0.0010702980996730436 -0.009972715503483878 0.9999517757561414 70.48919991251209
0.9999829102571817 1.9301722945579483e-05 8.774903712445263e-05 -0.13764397211808826 -0.0021582885441496736 0.9999556525817183 0.01088428826462356 -0.9669379453343021 -0.00016010663869603175 -0.010887746663137798 0.9999405829294367 71.91998510523423
0.9999525650566351 1.9492483321887147e-05 8.801240294384273e-05 -0.140305912850344 -0.006009783610621029 0.9999705810846146 0.010916722101197233 -0.9861062056022718 -0.0005298228549019629 -0.010926821997736728 0.9999393621647092 73.30878008176724
0.9999275865398963 1.8481338216979476e-05 8.314897329097289e-05 -0.1428948961139573 -0.009240754155036088 0.9999783680752298 0.010313807214525338 -0.9958790427584052 -0.0011045339379290445 -0.01033208754869556 0.9999441682530694 74.69906805608743
0.9999254109202879 1.8650468080919774e-05 8.394847160054218e-05 -0.14553721637840203 -0.009700652085387802 0.9999766938927662 0.010412229967558754 -0.9991997328013449 -0.0019505398551045914 -0.010433223761106364 0.999940299683281 76.1476696652636
0.9999197030670366 1.9334850573239637e-05 8.719095141750794e-05 -0.14814002247382266 -0.010502632905440516 0.9999707839136112 0.010813581009674866 -1.0150777379029077 -0.002365807975646888 -0.010838614878957015 0.999934347503264 77.51838686869074
0.99992225149161 2.00631568706075e-05 9.059920364560495e-05 -0.15094038944252547 -0.01020111770876484 0.9999668167034725 0.011235749251819806 -1.0462071026425677 -0.002432591451133839 -0.011259668664496394 0.9999294201876482 78.93050596443915
0.9999278628342215 1.7531762309395613e-05 7.870498068682339e-05 -0.15341023002753126 -0.009317548251182431 0.9999838135186127 0.009762792969894503 -1.0437211054993338 -0.001600023150892712 -0.00978189456189128 0.9999481291372672 80.3094774790091
0.9999321085199618 1.8134153353322607e-05 8.151760867329593e-05 -0.15621081567781447 -0.008825097180985328 0.9999808482530648 0.010111200620388316 -1.0797338953145525 -0.0017553204907728322 -0.010128743797785332 0.9999441400347832 81.6999397762043
0.999922682804475 1.795804410384752e-05 8.071811397276506e-05 -0.15865070922725857 -0.00997313771642401 0.9999802986944502 0.010012204637264668 -1.0750166169384026 -0.0016547780152536132 -0.010033659054760335 0.9999454502535359 83.07227608900885
0.9999274650253452 1.6489994239686848e-05 7.384495664775883e-05 -0.16128856972378794 -0.009415407139906434 0.9999893942740314 0.009160330710525055 -1.090852911623881 -0.0018161098111663507 -0.009180038863339797 0.9999530675934771 84.46259366954185
0.9999254251279128 1.673715505097831e-05 7.500338257183264e-05 -0.1637983015299285 -0.009413307322126575 0.9999880622283074 0.009304680189232181 -1.0940458198937177 -0.0006769782094685772 -0.009322865595906617 0.9999552250641339 85.83833295124053
0.9999236448287746 1.8184283408249208e-05 8.177207408419877e-05 -0.16647215959431955 -0.009392301912582543 0.9999799166165112 0.01014393136127678 -1.1171651810799716 0.00040268923821590546 -0.010160662281443389 0.9999491726927586 87.21610800831131
0.9999284722034923 1.9769116080873422e-05 8.919205200078875e-05 -0.1690793484147364 -0.008429470671444917 0.9999709794460634 0.011063456553467903 -1.1298572230162944 0.0020229191215829444 -0.011078254487992318 0.9999404014391535 88.60346050396672
0.9999338374445477 2.0641451861780694e-05 9.329727822575667e-05 -0.1716008236741141 -0.007580965080053497 0.9999651779601925 0.011571881794061763 -1.1470890960908433 0.0028354178601623786 -0.011587256952577835 0.9999341332689922 89.92309616259772
0.9999431872481611 2.1750087251823022e-05 9.856860972823236e-05 -0.17426195181909176 -0.006212146653631167 0.9999558218357424 0.012224471963898122 -1.166198957413245 0.003761489639157352 -0.012242982611212443 0.9999249464631096 91.31170153297921
0.9999459033077758 2.0826314394064432e-05 9.422521021885781e-05 -0.1768665436039431 -0.005822487489516746 0.9999614705470954 0.011686393518486876 -1.179348230049475 0.003994946989861585 -0.011706173780911494 0.999930883266744 92.69557665214981
0.9999505432510251 2.042318222483623e-05 9.23688158895907e-05 -0.17953942949499394 -0.00523999650586212 0.9999626669791354 0.011456426397214503 -1.1995490999779104 0.004022834017764721 -0.011477569370901228 0.9999334686330951 94.0858284631604
0.9999562723120238 2.0015578985529622e-05 9.052116351644982e-05 -0.1819870246868998 -0.004445195789892817 0.9999627180761811 0.01122734016900984 -1.2004788736499465 0.004394336454753563 -0.01125159641076387 0.9999351407877459 95.43724686784452
0.9999586062212628 1.9220809215961948e-05 8.681941028129843e-05 -0.18462419943393799 -0.004272109097491264 0.9999671266278185 0.010769023889918385 -1.2225283617650067 0.003873624931931584 -0.010791764616113643 0.9999414151128134 96.79947656622824
0.9999491253270506 1.8145017596903762e-05 8.165443724795943e-05 -0.18714663380200622 -0.005411191015010721 0.9999774808363543 0.010129005151515123 -1.2368609947924445 0.004044678803689249 -0.010149777986658793 0.9999477598510144 98.13257273922271
0.9999341096535878 1.8313320758280016e-05 8.235789065783343e-05 -0.18961468247277324 -0.007371967967050471 0.9999798459056526 0.010216373224604112 -1.2424480660812085 0.003616693390399256 -0.010232443068756538 0.9999477853689979 99.47454952002424
0.9999334079169836 2.0145318440620286e-05 9.095943700914897e-05 -0.19218542906290423 -0.00751310977934885 0.9999684592780025 0.011282127819980092 -1.2514728990785757 0.003375909993204874 -0.011297847493211433 0.9999367380753871 100.85807314671035
0.9999326268841437 2.290428556436623e-05 0.00010399967977414216 -0.1946451289314945 -0.0075495471379417685 0.9999489280120684 0.01289712175314593 -1.2718407150390338 0.003645979128280459 -0.012912961857293282 0.9999167478170701 102.12951049322963
0.9999297227523182 2.1017213119993786e-05 9.507011400853769e-05 -0.1972319930782829 -0.007873706383048627 0.9999627081030188 0.011791146347798858 -1.282521592654334 0.0038087834374561577 -0.011806381295899717 0.9999300968717258 103.51457536757965
0.9999296890305798 1.691277216266107e-05 7.581167861631555e-05 -0.19966633160018557 -0.007998255265742268 0.9999880451051312 0.00940530858433332 -1.2906208947523656 0.0032720268956792707 -0.009420204925324995 0.9999563201839662 104.82667883936688
0.9999417233413574 1.4523382627890102e-05 6.472923925852393e-05 -0.20211339051855018 -0.006459646111292902 0.9999987768607596 0.008031585341408362 -1.3032253372447624 0.0034685150801458614 -0.008049017618339772 0.9999679700513048 106.12573638653252
0.9999494753177041 1.6869046683383807e-05 7.569550522105637e-05 -0.20473709396008272 -0.005658260815072334 0.9999853165435065 0.009391047661792488 -1.3188450845708237 0.0027490197619073624 -0.009408156384334506 0.9999570637230858 107.50917899458229
0.9999783145504504 2.0168315540513085e-05 9.169525975240831e-05 -0.2071932308527127 -0.001957603091806432 0.9999489998912424 0.011373289925101207 -1.329946345378605 0.0032801264891758894 -0.011397364343603233 0.9999357560135583 108.81996776926538
0.9999899742988269 2.198446033625616e-05 0.0001006288238025563 -0.20979364833290842 -0.0007615697538506374 0.9999277774212608 0.012480040320728828 -1.350560630331234 0.002156324221693208 -0.012497852377628831 0.9999236486807894 110.16824036346007
0.9999918002702853 2.096450496005993e-05 9.586876284902466e-05 -0.21217759376103248 -0.0007271294320807583 0.999934718983214 0.011890498375591137 -1.3466154630106866 0.0012986252231509234 -0.011902008725998413 0.9999308429216516 111.50614735470607
0.9999864484402874 1.5992533247251306e-05 7.238108423101197e-05 -0.2148669804323594 -0.0017638849261822293 0.9999721945652162 0.008979880028301131 -1.377657426751114 -0.0003608121919115566 -0.008981230452306086 0.9999590818210398 112.85719140637192
0.9999618552619759 1.3497568450817135e-05 6.021199343130153e-05 -0.2173986165260722 -0.004970463990907602 0.9999996509451518 0.007470981660822848 -1.3952113639200783 -0.001040162132231318 -0.007476987417187376 0.9999697365256609 114.18101823125922
0.9999389220551945 1.1945870299458552e-05 5.2814886925153315e-05 -0.21976624942652875 -0.008130842814993652 1.0000108476347682 0.006552652846694393 -1.3965500176284935 -0.0024328304119788213 -0.0065676698260392664 0.9999711760993348 115.4863272670487
0.9999381474903956 1.595482873984269e-05 7.1358894056135e-05 -0.22243960617655117 -0.0086334976918677 0.9999929580331077 0.008849581146521374 -1.4203239157240308 -0.004245467072139417 -0.008867752495413625 0.999944131611044 116.8609057338808
0.9999360673543307 1.9656853766930257e-05 8.866578838817867e-05 -0.2248197382528126 -0.008902827068789445 0.9999714546016606 0.010994091679033341 -1.4280238759432842 -0.004294503839418301 -0.01101396066462353 0.9999225282339881 118.14476864675343
0.9999376840232653 2.0965752251300707e-05 9.483560852330437e-05 -0.22743967350443198 -0.008908241690918075 0.9999627592566839 0.011757023918303671 -1.442150413925538 -0.0052140190890458665 -0.011777652324079221 0.9999078033864028 119.53278335003658
0.9999433620133686 2.0304675156276875e-05 9.174746706229085e-05 -0.22995772865202121 -0.008468646930535409 0.9999674923339055 0.011372488736814455 -1.4600259676653997 -0.006398292965368531 -0.011390417020687145 0.9999032688141104 120.84765429922449
0.999929336881701 2.0085842755491676e-05 9.068072601704628e-05 -0.23241122667643316 -0.010464981372918786 0.9999661885416665 0.011238069394875167 -1.4695116294542048 -0.007533446110737858 -0.011275034233231016 0.9998946170251234 122.16418643116158
0.9999185033478202 1.9230851469324156e-05 8.671146725947759e-05 -0.23491703731838384 -0.012111421618899488 0.9999663048928193 0.01074328284696734 -1.4757761853466538 -0.008875845901149116 -0.010800990945209478 0.9998864041294794 123.5240558460015
0.9999081743526788 1.8692812018196447e-05 8.429834732647098e-05 -0.237434693177601 -0.013692819110051921 0.9999618413900129 0.010440870814376503 -1.4866145892156206 -0.010207615221717965 -0.01052291091278997 0.99987425161889 124.87008822565397
0.9999096828428924 1.7375499606306008e-05 7.811316519817512e-05 -0.23994529008601306 -0.013799730493195645 0.9999689888529433 0.009670729943488188 -1.4993652264521233 -0.011519847853781276 -0.009761462190801488 0.9998653371785117 126.20368339512167
0.9999167645640921 1.636558812624124e-05 7.332591289733233e-05 -0.24248637377414714 -0.013098990984490345 0.9999783643344475 0.009075017980260528 -1.5145119856942526 -0.012316967785566435 -0.009160327001274123 0.9998600754022697 127.5434775789497
0.9999210265836032 1.757610773838597e-05 7.894176811618797e-05 -0.24487220511350188 -0.012733222811900187 0.9999735981904097 0.009768612916909508 -1.5193227098498512 -0.013046260939463351 -0.00985201046656377 0.9998429422692909 128.84338165800906
0.9999186863731805 1.8832721552135626e-05 8.484160192871585e-05 -0.2475511222452732 -0.013189928214648605 0.9999639626290728 0.010497097309306364 -1.5448949921949011 -0.01378687338394677 -0.010590937974622492 0.9998241232616688 130.21301966396615
0.9999288882403049 1.8432804576244688e-05 8.291880707083222e-05 -0.24994050958779265 -0.011926600047735849 0.9999721328039418 0.010258851543268145 -1.5447792448116737 -0.0138031443310496 -0.010333014449223993 0.9998265645015559 131.53686306364645
0.9999395018464793 1.9478861272719666e-05 8.784095234356821e-05 -0.25261760328083316 -0.01070320242838391 0.9999696897075714 0.010867232443538138 -1.571683549541395 -0.014225523476435447 -0.010923252771798439 0.9998136156251031 132.89955095508452
0.9999505795622204 2.0422074244078742e-05 9.236399055425216e-05 -0.255026436041221 -0.00932358996683685 0.9999661403680843 0.011427664224401774 -1.5715775436871315 -0.014208293932121283 -0.011461465956206871 0.9998078745273257 134.2341204720188
0.9999614533291388 2.070419540686763e-05 9.384701672668751e-05 -0.2575901286691631 -0.007803510928965076 0.9999647681252114 0.011614075628010695 -1.592203692099606 -0.013451691622306411 -0.011623834229377726 0.999817834448808 135.562000638384
0.9999513188514816 1.968662307483965e-05 8.891045970293586e-05 -0.2601248246385204 -0.00883448665008385 0.9999713807665914 0.011005864059760407 -1.6059959211737302 -0.012436554385367952 -0.01103077723191325 0.9998395202084674 136.90429768203404
0.999962478895531 2.2344889736371915e-05 0.00010162125837627598 -0.2627977866815759 -0.007356476537457458 0.9999528369483155 0.012581605917877093 -1.6365714523537938 -0.012026111242926565 -0.01258571653941878 0.9998269408764436 138.24832527621825
0.9999638407209465 2.2237605165587385e-05 0.00010113792515565245 -0.26530912725727196 -0.0068130977255391745 0.999953002794493 0.012526614638826558 -1.6447218433867647 -0.010357109575479827 -0.012525558949230853 0.9998493911687729 139.60284737477468
0.9999734935956331 2.2494335649117514e-05 0.00010256293118495147 -0.26784277752730845 -0.00539242908073672 0.9999479714706828 0.012705711295208992 -1.655076086928455 -0.009367660275031225 -0.01269018284597321 0.99985886416587 140.95989716536948
0.9999661546405556 2.1718635029746233e-05 9.872614867188355e-05 -0.2703302207178177 -0.005930883263210321 0.9999551437145149 0.012234364630808266 -1.6647051851740668 -0.007704354472382108 -0.012228587378450952 0.9998818127356047 142.29458966781147
0.9999660613874415 2.0975838433152233e-05 9.521444506430652e-05 -0.27281905205472357 -0.005728796451534389 0.9999599055823933 0.011801338207734892 -1.6729786799329078 -0.006751489957805469 -0.011795964531278293 0.9998956124079966 143.6360963657499
0.9999856196741755 1.7394934290327832e-05 7.889623992373058e-05 -0.2753149312758177 -0.003333826149619754 0.999973322742723 0.009779405868586617 -1.6849045664490103 -0.0069030544731205875 -0.009752898577965496 0.9999162891749717 144.96521838224103
1.0000025580819407 1.5451780697870593e-05 7.044687433776435e-05 -0.2780130561413646 -0.0008384872539132972 0.9999681171597407 0.008735318292619176 -1.7229804040386465 -0.005156037897947861 -0.00869992598708909 0.99993967868503 146.28973399403475
1.0000795873960604 1.980254030358071e-05 9.571186226205045e-05 -0.2805282847287953 0.008822100360861328 0.9998194449026094 0.011866587304607237 -1.7177324289500742 -0.004735655950981179 -0.011772542928338082 0.9999111072335913 147.7061601875126
1.0001283044028673 2.1010741947335293e-05 0.00010635103068275253 -0.28306690001621804 0.015235045308008741 0.9996740754344078 0.013186283877421202 -1.7407964238132823 -0.003117964241057477 -0.01308997114966435 0.9999040214775293 149.00927992073002
1.000154245780807 1.7427558594979714e-05 9.258321964901667e-05 -0.2855060051682173 0.018628051279510345 0.9996103274965197 0.011481889641579512 -1.760241073147568 -0.002353913533450573 -0.011389765038153818 0.9999282790360525 150.27342809893858
1.0001403500379469 1.0771016598815769e-05 5.9804959875940774e-05 -0.28823462229185065 0.017018507120734286 0.999690454662111 0.007420070783449183 -1.7758585876524382 -0.0018358134860708903 -0.007345804996765139 0.9999681261484001 151.71498557209395
1.000120608470041 7.2913711339720605e-06 4.158708848279536e-05 -0.29067791302497015 0.014274511321353338 0.9997697600865352 0.0051594927080875624 -1.7844398005266262 -0.0031392404521375147 -0.005064987215745728 0.9999766510258647 153.0298979865307
1.0001172241570762 7.824682313915463e-06 4.366619571661255e-05 -0.29337835320319533 0.013692820995040324 0.9997812179842263 0.005416558966148466 -1.8125131787176763 -0.0038589693635296676 -0.005309256662163236 0.9999715695194225 154.4003024375193
1.000127000700953 1.0809356479294513e-05 5.8439619991987844e-05 -0.2956763185402273 0.014937363955916971 0.9997417393310402 0.007248903710840559 -1.8017096649296371 -0.003723454949118841 -0.0071383320777518855 0.9999609703600358 155.7211757999227
1.0002089407479078 1.3781528263230938e-05 8.340887698357656e-05 -0.29817182125150926 0.024934124191795456 0.9994345502874543 0.010342950522979533 -1.814160801154384 -0.004523629585334574 -0.010154352959542774 0.9999301906391195 157.0477469109844
1.0002256490999093 1.4919048063203114e-05 9.152500450568821e-05 -0.30077065605383124 0.026994947567654692 0.999353474804485 0.01134844257322284 -1.831179069680442 -0.004586946690195313 -0.011145912388403794 0.9999192412104372 158.4111796021788
1.0002317359790542 1.4962674613068841e-05 9.278479112403764e-05 -0.3033424469515598 0.027885696868441258 0.9993200416112691 0.011505281788718165 -1.850887050049729 -0.003985728421276171 -0.011319171543252517 0.9999209602359705 159.74763949943124
1.0002269915185076 1.5126753344849031e-05 9.27335820236734e-05 -0.3058216937606354 0.027019212683606852 0.9993509201605295 0.011497263300997956 -1.8527361108767788 -0.005222213922176744 -0.01127233949961599 0.9999135627444096 161.11248807574722
1.0002186944123679 1.4450631583064547e-05 8.81460341111617e-05 -0.30829353135525217 0.025753764937855736 0.9994009338815936 0.01092722608951348 -1.8604888644505122 -0.006270319358173816 -0.01067484031855057 0.9999121956319166 162.44690531313654
1.000215709792529 1.3407351381165486e-05 8.275882180537467e-05 -0.31070076997988777 0.024982858043643787 0.9994338351847367 0.010256267992045338 -1.8595968367869529 -0.00805523451590205 -0.009950309609726458 0.9999036485061272 163.78409725031835
1.0002081292236418 1.2129075203726539e-05 7.555784083004011e-05 -0.3131281317203196 0.023910899315781456 0.9994774784525758 0.009362567952510486 -1.856850446256223 -0.008637308333673774 -0.009047725415239103 0.999906300246771 165.14070371751663
1.0002128634635656 1.3789145907810302e-05 8.408021319362947e-05 -0.3156405112143045 0.024422377212818307 0.9994505302342857 0.010417928247496676 -1.8651508644708208 -0.008978333041913842 -0.010087308397867874 0.999892748333417 166.49513215100785
1.0002184251120403 1.3666853173490909e-05 8.442399012762434e-05 -0.3180529687981207 0.025227761770676954 0.9994235772457845 0.010461710792927825 -1.8688727833471586 -0.008466912382513962 -0.010139776743082494 0.9998976032627106 167.814638375092
1.0002021167170951 1.0744240613452805e-05 6.816938258705305e-05 -0.3205995447276732 0.02318654758090695 0.9995085525000651 0.008446965101979589 -1.8744845134944141 -0.008537657359370034 -0.008142178556728148 0.9999151066962936 169.1999963615611
1.0001730161784768 7.971827981628418e-06 5.110696538092991e-05 -0.32340680096642827 0.01992632541984668 0.9996207801098694 0.006334598588278095 -1.9019480071932078 -0.00695989618843378 -0.0061062329718737365 0.9999446580763021 170.63227913933412
1.000128116262893 5.95449664358115e-06 3.630670717701752e-05 -0.32583859477642657 0.014305375531579732 0.9997722740030788 0.004498236165755315 -1.9121641321467762 -0.007159680965031479 -0.004313367886723603 0.9999522017513497 171.933533167629
1.000114837675438 8.000734595068129e-06 4.4222240675119385e-05 -0.3283196852179127 0.012557854318945566 0.9998049167740152 0.005479305806311996 -1.9167781671525468 -0.00759869993553935 -0.005301074539766694 0.9999434352613215 173.28707225301414
1.0000649731796771 1.2692511235137469e-05 6.130802926284469e-05 -0.3311740650780074 0.006172770904340314 0.9999022750407901 0.0075962184939590465 -1.9544125611565355 -0.008456621588000703 -0.0074653716473387826 0.9999212139051197 174.70009604998452
1.0000622681019828 1.8195232625856442e-05 8.67401732557358e-05 -0.33372566914074026 0.005807732559298728 0.9998784427329865 0.010747967818189824 -1.9671622224891367 -0.008586363170211983 -0.010619254906075279 0.9998913986293747 176.05640678394644
1.0000745722875346 1.9550659218443844e-05 9.409774285019847e-05 -0.3364241504108664 0.00756990985154838 0.9998422079417648 0.011661757296136131 -1.9838032439187538 -0.007542326341935991 -0.011531529205858126 0.9998916125675885 177.47670956819002
1.0000824889851703 1.8824038404795587e-05 9.135149226520032e-05 -0.3389616847475795 0.008836761682619853 0.999825498150977 0.011324005999978085 -1.985472183430673 -0.006277275623753908 -0.011203619163624352 0.9999063621363601 178.8746431000721
1.000111785582725 1.1438546851571738e-05 5.971102103043374e-05 -0.3413179354864063 0.01289669226388805 0.9997854323041037 0.007405665468223722 -1.9774211569719746 -0.004397275939155288 -0.007291948658094235 0.9999559114800826 180.215522105466
1.0000884192695596 5.521308206442657e-06 3.0386509690889622e-05 -0.3441259260258341 0.010461562705227459 0.9998538618051349 0.003770651372833073 -2.0080055432226183 -0.0023157841964028154 -0.0037096073611082954 0.9999863106967024 181.63429376690908
1.0000568588413443 5.878833476124015e-06 2.9507409266426102e-05 -0.3468673060497983 0.006871498833737074 0.9999142948093567 0.0036626497072393366 -2.0369952642647755 -0.0008465970520903649 -0.003638113077448009 0.9999915480271623 183.02328566930626
1.000030143458641 8.491011122196274e-06 3.971131801805785e-05 -0.3493727757354647 0.003457527392368435 0.9999539639566384 0.004928391732667891 -2.0497634775934266 -0.0012754732531981103 -0.00490792262405178 0.9999849110942082 184.35396281989526
1.0000087193547536 1.2389736863214346e-05 5.6530142511458745e-05 -0.35205578496202417 0.000697240733127583 0.999969440375356 0.0070140202979148275 -2.057788402786715 -0.0017197023022623825 -0.006998156858365869 0.9999710305704678 185.80412061089558
0.9999822004642385 1.6496901345001633e-05 7.460195244613356e-05 -0.35470975362828383 -0.0027197039513576727 0.9999752465734952 0.009253812159677074 -2.081647517014487 -0.0022706621737953354 -0.009246956738548475 0.9999507023916316 187.16758124503298
1.000004878260911 1.6968161760942332e-05 7.760881303964218e-05 -0.35730378326491546 6.57856095421707e-05 0.9999529907710761 0.009626347779975928 -2.0767870378628825 -0.002408378754715732 -0.009607208442286599 0.9999467404567878 188.62592218638548
1.000007030016731 1.7807037626745362e-05 8.162317713134135e-05 -0.36003896135655916 0.00033747348967385835 0.9999458278606346 0.010123817311105631 -2.09945443843829 -0.0023884896615538566 -0.010103750972864258 0.9999419373395396 190.03967398737757
1.0000387335236194 1.9074954133094582e-05 8.924880398110077e-05 -0.3625740878235364 0.004219376781716359 0.9998956976871097 0.01106841923162011 -2.1090868672389727 -0.0026354443246712333 -0.011029526340320105 0.9999311015310186 191.40076032197973
1.0000558650102747 1.8970764580983693e-05 8.991082707121394e-05 -0.3652362055448689 0.0062371661648666765 0.999867989638609 0.011149958707417758 -2.1146934896749667 -0.0031250209065396186 -0.011095388101165313 0.9999280796639312 192.8501322173235
1.0000686288661442 1.9632502557122983e-05 9.399859591641873e-05 -0.3677932581490495 0.00785254771137857 0.9998378132133507 0.011656495212561287 -2.128346788373653 -0.0029902097432718414 -0.01159645548299904 0.9999230570848415 194.2054307239623
1.0000911325235315 2.0677646673312317e-05 0.00010088729458058781 -0.3704415803077227 0.010537528700545069 0.9997811761820153 0.012509217059882774 -2.1327559722565663 -0.0034797055269228114 -0.01242786932467053 0.9999106137517175 195.6525021941866
1.0001160825468898 2.100028673284078e-05 0.00010493321056615607 -0.373095310118257 0.013542854509354474 0.9997143779663222 0.01300981771620088 -2.143658187925726 -0.0038954893468207165 -0.012904449246530196 0.999902299510762 197.0736125683575
1.0000905582906312 1.779167976162857e-05 8.722408081050575e-05 -0.37600982720476833 0.010354985094962582 0.9998043292463002 0.01081617007691784 -2.1867041827861144 -0.003975738638943187 -0.010726266370386392 0.9999275453664787 198.49580914612676
1.000053441866024 8.007252309592469e-06 3.895323932540519e-05 -0.3785598606806269 0.005674144452863954 0.9999264677624284 0.004831295708824736 -2.178902049889185 -0.004293825297887737 -0.004762620727640204 0.9999717566395849 199.94290192994714
0.9999732244093168 8.829084277160032e-06 3.900544484899352e-05 -0.3813212293407018 -0.004661491998952662 1.0000149089939678 0.00483512576601706 -2.198528898370441 -0.005958919842738956 -0.004823371630488605 0.9999599237323289 201.38471850920695
0.9999212618166369 1.4090024954170263e-05 6.272726106132213e-05 -0.3839372383467399 -0.011149126055803569 0.9999972652397717 0.007776653651659594 -2.2038057246843588 -0.006112171643886979 -0.00781574997158611 0.999939853998299 202.81002451183966
0.9999150886252449 1.778806034599678e-05 7.99803174583941e-05 -0.38654793072264426 -0.012156324903886241 0.9999747096094213 0.009913011840970818 -2.205371249665522 -0.007184900523576717 -0.009964440880597093 0.9999117121351275 204.24893673625144
0.9999369833679771 1.8407357704816954e-05 8.280442631647292e-05 -0.38917212622281394 -0.009456249063453867 0.9999786138351716 0.010262829387317542 -2.204894052794236 -0.007269841486686783 -0.010290018544081535 0.9999076520307187 205.70443710285386
0.9999579628771259 1.9339707743105602e-05 8.736797807564877e-05 -0.39202252188695913 -0.006672985680024832 0.999972661454448 0.01082983910049374 -2.234732515452714 -0.006476914137501282 -0.010832931951162214 0.9999088077605535 207.15002071086707
0.9999590555380067 1.8685514533890377e-05 8.4314603149438e-05 -0.3947384272766667 -0.006203272445722503 0.9999759084286169 0.010454054534048176 -2.2485844378713593 -0.004987355468285781 -0.010456136548369029 0.9999240421176473 208.59241173461533
0.9999628191102573 1.762174221961975e-05 7.939753840611997e-05 -0.3974633118527595 -0.005679525491565942 0.9999809924836945 0.00984516733056423 -2.2483747283241144 -0.00473607552998629 -0.009844309184387072 0.9999319193292141 210.1024843976639
0.9999498625048198 1.7493128011138517e-05 7.86130568998409e-05 -0.40026295456957456 -0.007320032621235273 0.9999844945287771 0.009747724910579559 -2.2691467285228466 -0.004876184133980978 -0.009757460517507232 0.9999318429132722 211.56039163393552
0.9999431773312624 1.843034493500227e-05 8.294150367839045e-05 -0.4028458511453741 -0.008017270247974677 0.9999793726754697 0.010284909961714585 -2.2647692699642157 -0.00428306946952895 -0.010299365593654014 0.9999302033181764 213.01041263461377
0.9999402347124661 1.8545663036431334e-05 8.346511235785567e-05 -0.40566087976552206 -0.008236094039694858 0.9999786771729788 0.010350627152605589 -2.2925299922434634 -0.0036292002634541977 -0.01036633446972578 0.9999332798667847 214.4456745243179
0.9999351010006204 1.759053810792416e-05 7.897787667070894e-05 -0.40843142785364245 -0.008824605276257093 0.9999840019968494 0.00979486441053162 -2.311373727109255 -0.0034104684397777045 -0.00981360614845907 0.9999400141050705 215.89606733523763
0.999939929909737 1.666082996272175e-05 7.465400578826695e-05 -0.4111617016942261 -0.008184930741456774 0.9999894030461608 0.009259236744331524 -2.3177583061998974 -0.003232224090591071 -0.009274614609028115 0.9999460646538447 217.3797171579621
0.999932624753147 1.6556921230858127e-05 7.415126476196295e-05 -0.4140358079917517 -0.008930630174980423 0.999989594584056 0.0091976775066454 -2.339718745310895 -0.0025118590816296847 -0.009216212104151411 0.9999499734899098 218.87356504785424
0.9999278931046909 1.580826285741896e-05 7.067059318940092e-05 -0.4166942748492008 -0.009545881294387536 0.9999927469019347 0.008766153581383761 -2.343161942446989 -0.0026350522130123046 -0.008787520677502342 0.9999532869983073 220.330562883949
0.9999374854432658 1.6352588023762354e-05 7.320815300831886e-05 -0.41953376857234037 -0.008361158359918179 0.9999910043968802 0.009080646533485332 -2.364574899176394 -0.0026642892009359556 -0.009096758006695458 0.9999503958472622 221.80768263482585
