1.0 -3.469446951953614e-18 0.0 -1.5585406229479126e-19 0.0 0.9999999999999999 -3.5575383784680614e-19 0.0 2.168404344971009e-19 -2.388632911257127e-19 1.0 0.0
1.0000005914377053 1.1956327172438913e-06 5.3627550915744115e-06 -0.0025724908183114847 0.00020089264314402354 0.9999981306314466 0.0006661498083598322 -0.021923715912692023 0.0005683330602807809 -0.0006705202411875233 1.0000006495569949 1.3269663392242248
1.0000037316296113 1.8269696085791015e-06 8.312126194324207e-06 -0.005051259579434729 0.0006039663497323811 0.999994406432806 0.0010323810811453688 -0.03979067333320005 0.0006267138633196559 -0.001036785216461184 1.0000004127387558 2.620117433890171
1.0000022564511915 2.1530294465766514e-06 9.715492281480971e-06 -0.00766781410575053 0.0005736686742335347 0.9999944704700543 0.0012067491893815072 -0.06788230463530817 0.0013086056372297959 -0.0012170831090065354 1.0000007834715048 3.9439816432133856
1.0000053681310164 2.5449456039893653e-06 1.1598817258498756e-05 -0.010133901882015899 0.0008626640902973017 0.999991623046216 0.001440503117562757 -0.07549140329470364 0.000874038807980466 -0.001446838386904682 1.0000001704409518 5.275855065110369
1.0000074279941866 3.0339157678759693e-06 1.3881255028038927e-05 -0.012613158270836866 0.0011917792263351872 0.9999881822768263 0.0017239158024472017 -0.08502868469822282 0.0012009214177642038 -0.0017329916644421366 0.9999999706828442 6.606422889662988
1.0000170716420134 4.158402894862204e-06 1.9377974084625786e-05 -0.015237969198912724 0.0023174061370468436 0.9999757242968542 0.002406188937561489 -0.11208120593335089 0.0008797254690161207 -0.0024113294769315956 0.9999983291515976 7.939493756793719
1.0000179295681915 4.239668726473134e-06 1.978566672240908e-05 -0.01766751431630369 0.0024216536949806054 0.9999745140382069 0.0024567910446100082 -0.11741735824074176 0.0008694735283303572 -0.002461734586010353 0.9999981975268587 9.261264895432735
1.0000165749849947 3.931399673339983e-06 1.8330837519934477e-05 -0.020129374303312273 0.002341788232606142 0.9999757772375364 0.0022762734193519825 -0.12886519505105284 0.0012635250348684217 -0.0022853709722645116 0.999998904766247 10.573677746781401
1.0000079840143015 2.5876080993313816e-06 1.1899419481575238e-05 -0.022586525035853684 0.0013282440051240203 0.9999873089175576 0.0014779080494902088 -0.1352000354708981 0.0015015502630514297 -0.0014897054880671655 1.0000004957216373 11.906284144945692
0.9999992521824139 2.2426300669130955e-06 1.0002186124707284e-05 -0.025159273355659657 0.00019437808993795838 0.999997626133225 0.001242341001653163 -0.1571133631863771 0.0012810079862291563 -0.0012526342419571623 1.0000007259945307 13.23343942436171
0.9999951233980792 2.07925439894667e-06 9.119448797441625e-06 -0.02762456563063315 -0.0003260932118065831 1.000001914505987 0.0011327381649847608 -0.1636656472669572 0.0012466033752682102 -0.001143026776323954 1.0000008370568267 14.569585194288734
0.9999972209255581 2.9254703350842237e-06 1.2992748793485415e-05 -0.030234169735062787 -0.0001855834380516657 1.0000001518485102 0.001613520691316317 -0.18367036583165225 0.0007115298080446061 -0.0016195517619129096 0.9999997435769585 15.925664061905472
1.00000664954978 5.666793312699911e-06 2.5726602629221485e-05 -0.03272187098469014 0.0008709724573838246 0.9999874600186073 0.0031939473626924637 -0.19540937551922918 0.0002013954118126242 -0.0031943933194703393 0.9999952876720352 17.251090216417573
1.0000223810850841 7.168901995983218e-06 3.327378085999852e-05 -0.03534943487447885 0.002831754271807445 0.9999645970501919 0.004130484038001957 -0.215978894156752 0.00023293290292602533 -0.004128272943815108 0.9999919320631001 18.614597090284196
1.0000328243336352 6.328191735918698e-06 3.0017897694205667e-05 -0.03799098133190748 0.004143577735720112 0.9999510510153324 0.0037265119911371195 -0.24339854585987958 0.0002992439225548381 -0.003723067181384001 0.999993618971849 19.955299446245725
1.0000379520846983 4.919770714012506e-06 2.3935594640181164e-05 -0.0405753478293374 0.004827340047226056 0.9999450166459943 0.0029717751896885677 -0.25196918933854506 0.0005085909825779679 -0.0029699444203255 0.9999964217861821 21.34839174331648
1.0000215235067609 4.254814130688622e-06 2.003075778110575e-05 -0.04344662258629947 0.0027138071905533113 0.9999713361147994 0.0024870193124902 -0.3094042514731285 0.00018189838518103117 -0.0024842947768845794 0.9999972621117854 22.68247032489074
1.00000867339096 5.326724187442594e-06 2.427380932573946e-05 -0.04575357287531366 0.0009583066461428535 0.9999872401385792 0.003013330588271461 -0.28855694830993217 -0.0005300076256426597 -0.0030070315779129647 0.999994425197219 24.053110722009453
1.0000117856796802 1.2938487240791649e-05 5.91997945150022e-05 -0.04831949621590059 0.0010711612829049123 0.9999637173538184 0.007345013697475523 -0.2996307018419384 -0.001750421516110107 -0.007327596365924921 0.999968566780613 25.4248257847374
1.0000167681058036 1.4707365994973132e-05 6.762497419065118e-05 -0.05106677374158896 0.0017051993524779558 0.999949497682039 0.008389563618575688 -0.33240567723062353 -0.0016823364524367393 -0.008370677417172796 0.9999606341375319 26.800203374911245
1.0000556067546797 1.4827844563526996e-05 7.051711856043358e-05 -0.05395475238390925 0.006569026227937662 0.9998871263313218 0.008748218763486297 -0.3767639262305805 -0.001502040979536352 -0.008715551298936565 0.9999583053344122 28.201849951636994
1.0000513230064387 1.0721559358018232e-05 5.123735875959081e-05 -0.05642680349742123 0.00604608406058231 0.9999127285061251 0.006357902771227921 -0.3817587951318013 -0.0014616400642793374 -0.006327170965782934 0.9999763679420884 29.548684387050635
1.0000491460342695 8.00343272859029e-06 3.864551441075696e-05 -0.05939034795709331 0.005637311881858309 0.9999271452432646 0.004795563966004547 -0.44205995762915307 -0.0020788986855007213 -0.004757484044231027 0.9999828378394872 30.921083655621022
1.0000402165731945 6.55855825281923e-06 3.1499618564439624e-05 -0.061684798813797154 0.004484028473564484 0.9999461421261502 0.00390878718519307 -0.41550418762721714 -0.0022765803447178483 -0.003872543776778305 0.9999858561538728 32.310258657909735
1.0000088383959227 2.901431155548362e-06 1.3345722784841854e-05 -0.06469017784791661 0.0004156637928853322 0.9999951732054833 0.0016548538671484919 -0.47993100192516824 -0.003041339907649463 -0.0016284405560950525 0.9999885817474321 33.68742881431986
1.0000079570037357 3.6265463205578663e-06 1.657009833937184e-05 -0.0672918922183774 0.00021194990612599662 0.9999961300771589 0.002054653093086593 -0.49034920274806987 -0.003461667417345945 -0.0020257677564829925 0.9999857359356662 35.08188968986961
1.000006369163001 5.630013976526058e-06 2.554835131886031e-05 -0.07009286766245483 0.00011912195452725566 0.9999939642769643 0.0031695485531237147 -0.5259282515517392 -0.00299623659508305 -0.003145017511851426 0.9999852016717276 36.47450216138885
1.0000012362873658 6.499247498329211e-06 2.9279932511014914e-05 -0.07262367081809742 -0.00045444729521554924 0.9999969036841082 0.0036329204611269357 -0.5238587034635656 -0.0027113332534735995 -0.003613321325589416 0.9999849534340808 37.885379725418574
0.9999989414816752 6.633162248720348e-06 2.9799459565755517e-05 -0.07495750035281896 -0.000716220873265218 0.9999986206660856 0.0036974903847797535 -0.5028469556043225 -0.002607782874351266 -0.0036798310717459652 0.9999851742272549 39.271640149953676
0.999994092957821 7.049409654267397e-06 3.1512902440892446e-05 -0.0775469476416118 -0.001355565962565107 1.0000022951824146 0.003909935576055923 -0.5101231899747228 -0.0027736947071406058 -0.0038939768919220605 0.9999836203877046 40.67331886008894
0.9999896929867697 7.937451265521006e-06 3.540275881133508e-05 -0.08016897450381365 -0.0018921475366900243 1.0000037335173693 0.004392615658148157 -0.5158063921022316 -0.0027297512000440125 -0.004379391407685726 0.9999818196600783 42.10014550822701
0.9999904680374242 7.64795484720776e-06 3.4110580564721904e-05 -0.08275944168342465 -0.0017410205801807067 1.0000034839151697 0.0042325343260933845 -0.5257851117123853 -0.002485042397831134 -0.0042201711675949926 0.9999835818605209 43.490337183184586
0.9999908251975932 7.879546412355165e-06 3.517644392433115e-05 -0.08546842665200927 -0.0017115777327659848 1.000002727521453 0.004364714043030951 -0.5455640948190176 -0.0025515482771107587 -0.004351807948097757 0.9999827320076534 44.90246336837857
0.9999882709411367 7.18068109723316e-06 3.191475137369099e-05 -0.08824310105358449 -0.0017545050609016942 1.0000046852054287 0.0039610369721130596 -0.5747337174091971 -0.0013283475769121959 -0.003956021216117008 0.9999889518212247 46.309092593449705
0.999986237064755 7.761845395028513e-06 3.44939778608173e-05 -0.09099563185272397 -0.0018566662651051322 1.0000039979981197 0.004281474773366919 -0.5962498823209963 -0.0006575086093445553 -0.004280955198852368 0.9999894955889135 47.73758893856366
0.9999827463553286 8.56565770252296e-06 3.805207703070279e-05 -0.09365518241694763 -0.001979593962681784 1.0000027554750641 0.004723453394051975 -0.6124989379933101 0.000727566663850524 -0.00473167598611155 0.999989923248121 49.138078514595485
0.999972614987375 8.961192435364557e-06 3.959421200092441e-05 -0.09644142840212384 -0.003006863317813255 1.0000075403489723 0.004914888653107068 -0.6364659486411037 0.001757510387070706 -0.0049293986927433 0.9999895507962211 50.574317836077405
0.999971862951844 8.859183112022023e-06 3.911147082600913e-05 -0.09916717601605674 -0.0027867495070799646 1.0000067001062356 0.0048547903974944925 -0.6465713730255682 0.0031556243324242523 -0.004876649431952324 0.9999888983399702 52.038867552977756
0.9999640939582118 1.0811608108007853e-05 4.788522509354635e-05 -0.10193844972883243 -0.003632392071400311 1.0000049042874475 0.005942895484266118 -0.6796439828143213 0.0036871766185178627 -0.00596598000381053 0.9999821495005754 53.42620776270068
0.9999602433626674 1.1823560791575718e-05 5.246722973196072e-05 -0.10478890630578135 -0.0038376473805806378 1.0000022478469608 0.006510457455881818 -0.7047300804118655 0.004904424881198254 -0.006538281738085625 0.9999755482012023 54.893018548928936
0.9999584801459702 1.3056584429562909e-05 5.812079830151977e-05 -0.10753414752330771 -0.003937613995815519 0.9999978467188811 0.007211094474494215 -0.7309475346338967 0.00543514983727953 -0.007240800919358025 0.9999689326462001 56.296511998597246
0.9999592796282395 1.2765215649360867e-05 5.6788898074270006e-05 -0.11043752503091274 -0.0037425013192708646 0.9999982072856926 0.007045577712939041 -0.7701314313368486 0.005862484369788671 -0.007077822615589637 0.9999684546770922 57.72976233019527
0.9999536712427761 1.4203730736019396e-05 6.335700506325884e-05 -0.11340873903347808 -0.004528191316979241 0.9999952004055818 0.007860262687460833 -0.8160393099335934 0.005464777320041451 -0.007887932500720951 0.9999639387525432 59.1705969318653
0.9999535656865125 1.4947016390707765e-05 6.680058607937958e-05 -0.11612727398475166 -0.004580178835176257 0.9999919280684362 0.008287289274920395 -0.838882485645351 0.0052913968150299475 -0.008314183558458378 0.9999611111721439 60.574347293861585
0.9999608739125629 1.635755239470793e-05 7.34644959183091e-05 -0.1188990785301057 -0.0037655394308220734 0.9999815664594555 0.009113572827340526 -0.8554479483658801 0.0048767735550905794 -0.009141596470168621 0.9999552607594285 62.03559605957341
0.9999702287665837 1.5838202929080447e-05 7.122852128847354e-05 -0.12171282255479508 -0.0026277734894174587 0.9999785331001334 0.008836510722718566 -0.8864747677040616 0.0047696565286886195 -0.008867489806452761 0.9999580483617 63.45558114910006
0.999977575870083 1.40685999757105e-05 6.319401504177461e-05 -0.12440177030673312 -0.0018008084703120602 0.9999820235006044 0.007840802519004552 -0.903139691968678 0.004388468343296297 -0.007871855464317049 0.9999674246619044 64.87049733773812
0.9999851878889106 1.3364341555997111e-05 6.015268280536905e-05 -0.12711775304849748 -0.0011164589878058353 0.9999803983258435 0.007464277744989482 -0.9179312240622242 0.003224558574779663 -0.00748905980278739 0.9999726883536632 66.30874095895233
0.9999769379936693 1.3198505454756898e-05 5.915431053849494e-05 -0.1297570716708458 -0.0022483940555385875 0.9999885255580148 0.007340628747901841 -0.9363080229539888 0.0027457134622900234 -0.007360970050098576 0.9999742024832035 67.68853657799109
0.9999592326700839 1.5372613853859712e-05 6.885623700933724e-05 -0.1325813107273741 -0.004625973727479034 0.999989926175675 0.00854348011118752 -0.9608197059466603 0.0019485959550712413 -0.008558822040733643 0.9999651166030479 69.14338880878758
0.9999363572260763 1.6580737200590917e-05 7.426782354681043e-05 -0.13521364137262717 -0.007607345533966476 0.9999897300175955 0.009214190766601708 -0.9842431308238009 0.0013222285943961674 -0.00922879825692851 0.9999590609353398 70.4968085230663
0.9999242784325149 1.7359659802091212e-05 7.791305662519865e-05 -0.13788349698519758 -0.009441158433240924 0.9999845957640591 0.009665523222412542 -0.9892270015609737 -0.00016610135761609287 -0.00968308963835728 0.9999529447145589 71.95324313290507
0.9998931520398462 1.7289844310883554e-05 7.800484178478511e-05 -0.1404929240157984 -0.013426304483027594 0.9999710088897046 0.009676606937504129 -1.005124056923674 -0.0006991899166850092 -0.00970501478981651 0.9999515393054086 73.32754228867873
0.9998620610638123 1.6632257187818716e-05 7.591199790780642e-05 -0.14319155787245394 -0.01734868403212842 0.9999447134576404 0.00941706344925303 -1.0289868683998868 -0.0009719826774063809 -0.009458085759997407 0.9999531813016022 74.7157235968765
0.9998545858237048 1.6707380509916464e-05 7.658060711972941e-05 -0.14588475533581532 -0.018457098765567455 0.999933013397876 0.009499326455637735 -1.0347571010527024 -0.0017749689310211849 -0.009551868795346204 0.9999497384331648 76.18157892350114
0.9998502228790747 1.7625292335532797e-05 8.107098306004432e-05 -0.14845928994883018 -0.019095566235971192 0.9999207194615477 0.010055382332572778 -1.0504681504259528 -0.002205897920537751 -0.010115066337855996 0.9999425722632124 77.53738292864763
0.9998513909329966 1.7697732036341812e-05 8.135505007894487e-05 -0.15119867635570372 -0.018895396636501638 0.9999225530519862 0.010090802640408719 -1.0753219107175034 -0.0019601397691021236 -0.010147009005246618 0.9999432047806597 78.94371524782524
0.9998595583999548 1.567162570335727e-05 7.1539413029717e-05 -0.15362201136722856 -0.017872173780917384 0.9999446801551835 0.00887443223965637 -1.0693827591762302 -0.0019204512573861045 -0.008926202582693244 0.9999549786835709 80.31232986963452
0.9998634162226511 1.593143917715846e-05 7.259187916999364e-05 -0.15636462733083978 -0.017338381316498657 0.9999486104355373 0.009005081490984404 -1.0959913735470084 -0.0016765720244062575 -0.009052569164516694 0.9999547234860819 81.7126249598824
0.9998576686269194 1.6510370330466775e-05 7.552641636519755e-05 -0.15891508187731412 -0.01801357816136133 0.9999387631876092 0.009368900976121745 -1.108077922219261 -0.001504428998301263 -0.009417116075490384 0.9999519467061596 83.07125623974557
0.9998609041654251 1.497046124113513e-05 6.822486141933233e-05 -0.16147500136782553 -0.017596795858725728 0.999950911558614 0.008463985224630117 -1.1141327564106622 -0.0014377202497903323 -0.008510083606514214 0.9999602827627602 84.46202831449442
0.9998513727437222 1.5651280439713325e-05 7.180564853694169e-05 -0.1641276913093791 -0.018564220515883176 0.9999373407153163 0.008908427652884271 -1.1349523795852745 -0.000473167141255959 -0.008947665306055536 0.9999591325242192 85.83833552905926
0.9998571550384219 1.6998825028938236e-05 7.78281869894639e-05 -0.16676613912084604 -0.017543024888617142 0.9999406116392229 0.009655330697914792 -1.150469667851931 0.0008784735853757284 -0.00967939628786015 0.9999544943772036 87.23040101266308
0.9998552905766229 1.8682147360483958e-05 8.57906451117896e-05 -0.16933155097574723 -0.01754013329991761 0.9999306093824031 0.010642064238644272 -1.1648540556863118 0.0019239736759742423 -0.010656285364194128 0.9999449978559366 88.58706883437628
0.9998635054036344 1.8793218505336676e-05 8.596552766425834e-05 -0.1717846294730769 -0.016095191963104154 0.9999430507419387 0.010663316005883444 -1.1656115576759565 0.003818110091356821 -0.010662317541396177 0.9999429151790749 89.94229234291186
0.9998737369405716 2.0339790439603822e-05 9.286222293311834e-05 -0.17455352706975688 -0.014784460160721699 0.9999432478095582 0.01151761173916637 -1.197844346559032 0.0039968061638106095 -0.01151798494315519 0.9999330618775002 91.33206180464438
0.9998782959259069 2.0665516357111155e-05 9.424925771648295e-05 -0.177100260636799 -0.014219364894245823 0.9999448969659378 0.011689421144574112 -1.203577598570139 0.003991953356566595 -0.011691028969711355 0.9999310667829566 92.71696516266029
0.9998871700420151 2.0457295560492514e-05 9.30124750352253e-05 -0.17966042116372757 -0.013068150691190272 0.9999531183361928 0.011536106835525745 -1.224507899226497 0.004211059277287402 -0.011539045259525491 0.9999323268844428 94.04153274231405
0.999891487736604 2.0332073616201318e-05 9.23150041168355e-05 -0.18218214823125375 -0.012474807341977737 0.9999569151399607 0.01144956490508556 -1.2275117971189564 0.004465815752538373 -0.011452760855392232 0.9999326722812639 95.42475832655259
0.9998899635426667 1.8838849892044082e-05 8.53308595952576e-05 -0.18480437998695176 -0.012721241029676318 0.9999653388771111 0.010584477900721846 -1.247539750805102 0.004210983202187509 -0.010588194609530808 0.9999428337841292 96.78772721570692
0.9998807463057972 1.8163919674797982e-05 8.241631738847453e-05 -0.18734998627648888 -0.01396419921507841 0.9999625220186624 0.010223575722719692 -1.2595047440269236 0.0037727721821623527 -0.01022695632505158 0.9999475465295424 98.1442154428577
0.9998642054056671 1.883988632077338e-05 8.615686774414173e-05 -0.18984709185793958 -0.016031609051876963 0.9999433063130604 0.010687065380420437 -1.2729302555027644 0.0037139758206409653 -0.010687024094155256 0.9999428559634026 99.46732899820361
0.9998614668677624 2.025331735232283e-05 9.29153795593868e-05 -0.19236917432614775 -0.016430170237251303 0.9999307330561716 0.01152442683854966 -1.2768226318286338 0.003453268671286095 -0.011525903344271664 0.999934014181536 100.8467891957531
0.9998635587482749 2.1845009151838513e-05 0.0001003496725199254 -0.19475117951558274 -0.016093314816696208 0.9999224502257515 0.012445090828579074 -1.28131842150829 0.00379693718407287 -0.012444376311278744 0.9999223932840944 102.14597868588969
0.9998529051815251 2.115300123819823e-05 9.753592491186102e-05 -0.19721016555966664 -0.017187396834297736 0.9999173404684142 0.012096066855250045 -1.2816584021153667 0.004818138197597236 -0.012083905107668852 0.9999242539458425 103.50633596313044
0.9998589989796218 1.5928031984550547e-05 7.27562446575724e-05 -0.19976242532967517 -0.01674282436803235 0.9999537700851303 0.009026609630292183 -1.300953558300852 0.003425773511098425 -0.009027672389637942 0.999959698028696 104.8338198440292
0.9998760258542282 1.5734310131167162e-05 7.122217105740231e-05 -0.20212973185911237 -0.014624234397562354 0.9999716419632368 0.008836459484671082 -1.3094660721023539 0.00344366073969873 -0.008840681717825762 0.9999613368452712 106.10695588649912
0.9998814923576291 1.687843699976939e-05 7.638492494665169e-05 -0.2046889420142711 -0.01411760889329489 0.9999689732630587 0.009476516952619269 -1.3145196516338478 0.002675443097527813 -0.009486240863273588 0.9999563938641637 107.50180025840116
0.999901310836187 2.0032243661807433e-05 9.069947122019272e-05 -0.20712006569587696 -0.011464425033005592 0.9999631437333203 0.011249883374280715 -1.319584684784585 0.0035312932118849194 -0.01125892765563346 0.9999369203823948 108.82565473304712
0.999903109046409 2.180791256302557e-05 9.904785472891428e-05 -0.20964668612102424 -0.01149509515286359 0.9999508510082713 0.012284230333070752 -1.336207160460298 0.0023986056466821135 -0.012297176001815196 0.9999260194813736 110.15085760884865
0.999897511622654 2.132786963330094e-05 9.688176932556207e-05 -0.21209562653651207 -0.012391002200020443 0.9999506278410425 0.01201597364372386 -1.3393530184835052 0.0015033084083179724 -0.012032306476238517 0.9999293682089186 111.49313829160027
0.9998957868074766 1.5250214079573152e-05 6.844838700958002e-05 -0.2147577043216444 -0.012945490394327021 0.9999842526403881 0.008492541187416106 -1.3690285776385829 -1.4199614147012004e-05 -0.008516334170340124 0.9999638333270622 112.83515127527691
0.9998705754216279 1.283788865235648e-05 5.798579236738436e-05 -0.2173579359678243 -0.016248681348872213 0.9999728265974493 0.007195069952700496 -1.3912271894446508 -0.0007820105786369811 -0.0072312581191218556 0.9999722414401416 114.17625555221957
0.9998676461235244 1.3081829425196784e-05 5.9217267426764624e-05 -0.2199429222587249 -0.01725242719927027 0.9999630008469653 0.00734514537402189 -1.4152348394131575 -0.003635923451006224 -0.007410179640448231 0.9999594768831558 115.50084890353682
0.9998563254529671 1.4317359739656269e-05 6.538792006595428e-05 -0.22256362934415103 -0.01884368805811836 0.9999411776619092 0.008109032960856558 -1.4367203919436247 -0.004462454102661858 -0.008191781762763051 0.999948551392229 116.85647313134038
0.9998487883125431 1.910664279962393e-05 8.80863324995726e-05 -0.22483767155251658 -0.01949743971202697 0.9999070793399386 0.010923531047032765 -1.4290595782267275 -0.0032035618837684497 -0.010996319515833975 0.9999287822436203 118.15008196909324
0.9998513471520915 2.010784759085872e-05 9.267589792980317e-05 -0.22748290834088425 -0.019418442366538724 0.9999016146648263 0.011490725743306783 -1.450118746444614 -0.0042684445664350505 -0.011575192169397031 0.9999163556250351 119.52119309906398
0.9998513735416702 1.9504351081934407e-05 8.983308792537715e-05 -0.22991173653861086 -0.019686528016494398 0.9999025417806023 0.011136727082038653 -1.4567078196780514 -0.005478603267078116 -0.011236819932831224 0.9999121271656787 120.83697971003623
0.9998387110911838 1.9046960563057908e-05 8.832316948211103e-05 -0.23236459149012062 -0.021526787180883737 0.9998815258047318 0.010947498151391746 -1.4627255816103661 -0.006672430857758709 -0.011077222827458589 0.9999044962126696 122.1686209822999
0.9998273809976985 1.824889968532993e-05 8.522754431327956e-05 -0.23491451231468957 -0.023205985591710096 0.9998616420306461 0.01056144070870014 -1.4763869967979597 -0.007885905278164206 -0.010723901310278049 0.9998973177719518 123.5199334612101
0.999808909266972 1.81241208094627e-05 8.586388267402506e-05 -0.23743789412637273 -0.025735042826724536 0.9998192978756888 0.010637777517597613 -1.486962123084693 -0.008934082220837735 -0.010843630525432267 0.9998853194271616 124.87031117721938
0.9998188563837177 1.539624235007836e-05 7.243445297418498e-05 -0.23991499680568446 -0.024820008883132454 0.9998514424411972 0.008970008903920593 -1.4993116462766563 -0.010362501316180104 -0.009189484435661102 0.99988550348238 126.18714484891223
0.9998260360203632 1.5146728253296812e-05 7.082029764393129e-05 -0.24247621060090302 -0.024220298161407125 0.9998631316861232 0.008766190677940697 -1.5158550508392155 -0.01166439391222634 -0.00899916585086432 0.9998705408108803 127.53185937868105
0.9998311762198908 1.6096652657778682e-05 7.493682300286275e-05 -0.24484762964304663 -0.023689158184417088 0.9998669830173003 0.009274900066353444 -1.5172121245400974 -0.012142569241920361 -0.009508092352144741 0.99985928195408 128.83918316863918
0.9998293689892885 1.740507089564511e-05 8.115443298976313e-05 -0.24758723699242313 -0.02412561371264535 0.9998526369368195 0.010042262502035137 -1.5496234891366407 -0.013088059292951943 -0.010296717810788258 0.9998378461094761 130.2119342869229
0.9998371654343675 1.7038862653277406e-05 7.899613660393716e-05 -0.24992769141240775 -0.023245524467027746 0.9998690661669897 0.009773519830455957 -1.5402886464389323 -0.01348119822479186 -0.010020631646899297 0.999834713738202 131.54978998386895
0.9998454915927758 1.7905884969278765e-05 8.261532569070799e-05 -0.25267640885289877 -0.022227586269883224 0.9998795288046415 0.010221748754077655 -1.578840441629615 -0.013552965885933185 -0.010454160541898138 0.99982918122261 132.90020299299525
0.99985605656916 1.8961595945631016e-05 8.706860943154021e-05 -0.2550822441747456 -0.020882048698481055 0.9998918941406614 0.010774045321522038 -1.5782991218354834 -0.013403722063779345 -0.010983706698804043 0.9998257931699024 134.23505372975077
0.999857349529923 1.90831143184432e-05 8.758282225979595e-05 -0.25766799191740547 -0.020554448025301927 0.9998953278224698 0.010840256122349824 -1.6013190682385674 -0.012658855610530461 -0.011035695171993218 0.9998362747548362 135.56447352026495
0.9998494805077721 1.798820700712328e-05 8.280545696102873e-05 -0.2602258314220712 -0.02129390551259072 0.9998920240922311 0.010251689174664413 -1.618177640978983 -0.011598365596675765 -0.010444029951619024 0.999857400810753 136.90591373815215
0.9998586691697712 2.049578654000732e-05 9.41760603233421e-05 -0.2629003929980741 -0.020041788782732148 0.9998923503206206 0.01166181138589341 -1.6497742664029609 -0.01110348575233525 -0.011831361350399625 0.9998484787973976 138.24627358234105
0.999856384205818 2.104464287794837e-05 9.686650805804478e-05 -0.2654185292722698 -0.019905265579441882 0.9998899700026365 0.012000127488435252 -1.6578885627422686 -0.009229158903360686 -0.012145952565753022 0.999867153606967 139.60472034541672
0.9998655960494771 2.132779812274825e-05 9.782227461382497e-05 -0.2679584978967918 -0.018643248652363824 0.9999026900865604 0.012119822450198187 -1.669557097502001 -0.008702967389091551 -0.01224604801646182 0.9998716027814594 140.95940830768
0.9998597919313124 1.9978291618752073e-05 9.16892637145663e-05 -0.27036680261980445 -0.018992456530028214 0.9999078192628496 0.01136380366667625 -1.6720374341482067 -0.007045753882105622 -0.011475769731812207 0.9998967723218657 142.28215143721434
0.9998580308451114 1.9247427520715024e-05 8.832550374879245e-05 -0.2729066776524973 -0.01901426788768429 0.999912217194467 0.010948783192136666 -1.6859170597902469 -0.006167671049475495 -0.011051378518841633 0.9999089341255853 143.62692707934139
0.9998722784532874 1.596982839935021e-05 7.244299415779215e-05 -0.27540427967374415 -0.01719668200263999 0.9999501318689826 0.008981172430985599 -1.695272832518805 -0.005952872630997774 -0.009067045554441058 0.9999305574573218 144.96846481224554
0.9998901855763624 1.3753982203030743e-05 6.163928129950653e-05 -0.2781844417347433 -0.01458518442492869 0.9999817369291821 0.007644691916539211 -1.741879313220598 -0.004224348600151618 -0.0076988869960446515 0.9999539247992404 146.30037263573126
0.9999581534663629 1.86770877128907e-05 8.426109961269003e-05 -0.2807583187971 -0.005966017628189593 0.9999754892141602 0.010449517191619738 -1.7422765905394872 -0.0034297049215071653 -0.010453338987597241 0.9999334397317213 147.72410510438442
1.0000130479234919 2.0918310610013383e-05 9.652717541642065e-05 -0.28324853775931985 0.0011582329422433167 0.9999181746316432 0.011970490709642621 -1.754873509514904 -0.002061195759778615 -0.011950205138880085 0.9999229211230424 149.04709976186476
1.0000273405404854 2.1920912024622416e-05 0.00010201062405090604 -0.2859551255911308 0.0030684004519091045 0.9998903774810249 0.012650095976378341 -1.8157080639368932 -0.0014584517903911203 -0.012629444237810598 0.9999167317099802 150.27480867028285
1.000002908363871 1.946732558929208e-05 8.923798934640042e-05 -0.28875529953834617 1.2656364889849017e-05 0.9999384814016617 0.01106795621374889 -1.857834627555169 -0.0015543129943702482 -0.011056039119273619 0.9999350262036483 151.63777822941512
0.9999606664979543 1.3756400626823567e-05 6.138851705654634e-05 -0.2912725044117686 -0.005364071136476295 0.999999690045095 0.007616018138345242 -1.868135346365446 -0.0021370960475700874 -0.0076201634621584635 0.9999649345596623 152.98595867431467
0.9999797293375782 1.4582529904468358e-05 6.56327540616401e-05 -0.29378461702667347 -0.0032240980159704367 0.9999875029005683 0.008141198201716921 -1.8669651799682654 -0.0031514388782722625 -0.008132052339337515 0.9999563963890234 154.38247391198632
1.0000070880359668 1.580009809033084e-05 7.225774217491619e-05 -0.2957510429451569 0.00016097704953636945 0.9999583951102092 0.008962360690989627 -1.8179520525066628 -0.003207718689443865 -0.008936192511628832 0.999949264531893 155.6901269661013
1.0000930930293583 1.9597486930084465e-05 9.596376798079258e-05 -0.29818373248953534 0.010649036055002151 0.999786558095824 0.011898713354440248 -1.8210978928885437 -0.004068229596990661 -0.01180563770497721 0.9999148608854282 157.02340742034764
1.0001104064362918 2.0412500862786176e-05 0.0001015411509468424 -0.30068673787919786 0.012812229064567875 0.9997352804082796 0.012589598341488949 -1.832459026488683 -0.004010124313070767 -0.012485697013084485 0.9999069498722067 158.35899470880992
1.0001108157941068 2.0327260248311288e-05 0.00010118031397735082 -0.30322694884110285 0.012984440004986176 0.9997322257796302 0.012545552633740393 -1.8455634143400654 -0.0034688566559828507 -0.012452110036383666 0.9999103698066102 159.70741361747884
1.0001028256054567 2.0202952818650782e-05 9.97721078242874e-05 -0.3057749088197366 0.011764554856592854 0.9997593429907462 0.012369875929274458 -1.8530965225051317 -0.004483754855776849 -0.012262333438554577 0.9999068439141552 161.084969644622
1.000096197550786 1.9423327289384146e-05 9.54371251618727e-05 -0.3081843118862383 0.010619338753664236 0.9997879206825393 0.011830755368192275 -1.8536688201008313 -0.00592006016977229 -0.011703105403284484 0.9999034717960938 162.4168300844004
1.0000940573752828 1.836590236917006e-05 9.02502037773516e-05 -0.3107088892116844 0.00995306305029463 0.9998075862943858 0.01118485034389082 -1.865991918493912 -0.0077060497143154804 -0.011029766168059452 0.9998957220803641 163.76007473709075
1.0000929267603014 1.7953798965910164e-05 8.820604892693712e-05 -0.3131311805341382 0.009675405827598493 0.9998153674732615 0.010930279604464035 -1.8649768330329253 -0.008318103342355256 -0.010766828117955127 0.9998925746281127 165.10615217395852
1.0000907982479006 1.915870483703251e-05 9.367887335958109e-05 -0.3157064830675532 0.009440802427499716 0.9998118442736942 0.011608553125064638 -1.879871958694064 -0.008185485113103384 -0.011449859513292216 0.9998863302760767 166.46602013882844
1.0000931828893718 1.8300850544897274e-05 8.986173827655827e-05 -0.3179781540271363 0.009821839180757764 0.9998104812691241 0.011136510852964644 -1.866018812037817 -0.007806928805149787 -0.01098082786237713 0.999895295302029 167.78593075642354
1.0000836663331587 1.598372028959079e-05 7.813582413267964e-05 -0.3205602390713916 0.008665063598161627 0.9998456400328566 0.009683810615792566 -1.876760530437982 -0.007695029962659409 -0.009540726666695941 0.9999111218620343 169.16807747182054
1.000065435959324 1.4295728284673126e-05 6.87727252155735e-05 -0.3233522866833396 0.006627048258427883 0.9998882050961074 0.008525295549322362 -1.909511624868119 -0.0066870496004715054 -0.008416035670953986 0.9999302732991439 170.5683568176782
1.000063783340156 1.4143119084413652e-05 6.793787882964893e-05 -0.32559575861934187 0.00647186071198993 0.9998913464858196 0.008422219478397662 -1.8928620189914143 -0.006463838354219128 -0.00831750609213348 0.999932967147743 171.88512078777825
1.0000619551552576 1.5128238651133247e-05 7.237902992841155e-05 -0.32802822720277564 0.006206909047902588 0.9998903661884837 0.00897239437594826 -1.8851194634854975 -0.00663289192881912 -0.00886747184146366 0.9999268368736366 173.2668362873964
0.9999982669776156 1.9485838722793983e-05 8.913931656517903e-05 -0.3310084902113921 -0.0017046814813082758 0.9999510663455048 0.011049079011658214 -1.9336666181955735 -0.006642315026897701 -0.011010169073823786 0.99990549072229 174.70091254657464
1.0000143010402813 2.101850367856005e-05 9.706049978866222e-05 -0.33323666396162893 0.00035356050007168474 0.9999245370680739 0.01203088202966018 -1.9086607617073827 -0.006343698725031522 -0.01197732195636127 0.999896865752997 176.04646901567324
1.0000094879974073 2.4769373412886556e-05 0.00011465355318684305 -0.335964871425737 -0.0001813314522856671 0.9999002652070933 0.014209879267860576 -1.9359439398484177 -0.006063446468603926 -0.014162928021085545 0.999870572791709 177.43577591376192
1.0000165154837182 2.4080188435188568e-05 0.00011170135433971541 -0.33846906864756215 0.0010392137492885312 0.9998950116755485 0.013846833469428294 -1.9303160391381486 -0.004512426119958668 -0.013804661428504837 0.9998865815190288 178.8477868467522
1.000045446573294 1.613436192586526e-05 7.59057970673091e-05 -0.34068137697416084 0.00500245032206586 0.9999027419755543 0.009414903184709927 -1.9038123433239758 -0.0028612076252301057 -0.009369507968349176 0.9999469817236619 180.19123618286397
1.0000311494303173 1.1191113468544261e-05 5.213841311775308e-05 -0.3436040832596365 0.003578283540959147 0.9999437589609825 0.00646975101888792 -1.9479258559710146 -0.0012940970271896714 -0.0064488445592264226 0.9999761257984014 181.61320757230823
0.999992153888689 1.0642064156241027e-05 4.78453470362755e-05 -0.3462180385366092 -0.0008670661490180571 0.9999888872980538 0.005938172573671443 -1.9618508225459657 0.0004787230884299896 -0.005943509243004616 0.9999831732904098 182.9988092733003
0.999973925768264 1.3197030853191044e-05 5.9072427234661785e-05 -0.3486227947748269 -0.0031185418659222825 0.999993272048253 0.007330413492517248 -1.9645495692788977 0.0005335167279356928 -0.007338986120154332 0.999973996839937 184.31861311423688
0.999946963850458 1.8281197915798533e-05 8.227182353046309e-05 -0.3514200012569473 -0.006764629147213767 0.9999793615916276 0.010205330481542393 -1.9841081117066048 -0.0007939534168964859 -0.010216812128443768 0.9999462066467725 185.7805825615846
0.9999218155705054 2.0856190841776062e-05 9.43386754763114e-05 -0.3540010458823079 -0.009873831036129547 0.999962132365187 0.011700264960882802 -1.998707690754797 -0.0007316093762735414 -0.011719768998859983 0.9999299026812419 187.14494870700554
0.9999265237624331 2.0746929879925102e-05 9.380202132401377e-05 -0.35660707802421987 -0.009323973444928642 0.9999637608702955 0.01163370376425735 -1.995612983379324 -0.0008870513517456335 -0.011651994002623003 0.999930287285254 188.60206250052008
0.9999137199878291 2.071742422263094e-05 9.37510324148386e-05 -0.3593941032418927 -0.010946496771209022 0.999960454498494 0.011627285958592987 -2.026775813808023 -0.0010316032816506113 -0.011650397679349826 0.9999299061767828 190.00664322053427
0.999967467297732 2.2473998590250704e-05 0.00010233001908204983 -0.3617527001541429 -0.004440841899374442 0.9999451961481941 0.012689334328030513 -2.007932156656046 -0.0017864261496893512 -0.01269129617213812 0.9999148251085401 191.39695197076978
0.9999604290818206 2.201960536639229e-05 0.00010004506413806768 -0.36451550311858455 -0.005257775768812681 0.9999513654244544 0.01240654714414215 -2.0297933371056005 -0.0015315763521160156 -0.012412124895170715 0.9999192084241836 192.82959878789887
0.9999753546714232 2.2895911761163304e-05 0.00010451457836377549 -0.36704778047066694 -0.0034189680930358773 0.9999375080404103 0.012960014480548052 -2.0429010054710304 -0.0015976282423260568 -0.012959252162685134 0.9999120524657534 194.17360915321464
0.9999889692065433 2.3618206663205202e-05 0.00010835005303529654 -0.3697543084049228 -0.0018472610246488587 0.9999227205799166 0.013434530642981486 -2.051749626371398 -0.002128722156250703 -0.013425230147358788 0.999903962781845 195.63311911844173
1.0000125287922346 2.4482263729594736e-05 0.00011342487025350618 -0.3724023102482466 0.000991590517183935 0.9998924299408112 0.014062528578445794 -2.066420163076944 -0.0025168338907251417 -0.014038858340105537 0.9998939420676021 197.03425209958675
0.9999898117006949 2.11004487594927e-05 9.644226773232369e-05 -0.3752062845812178 -0.001915561275212179 0.9999418986318706 0.011959152996895286 -2.092936204463756 -0.0028999140704066275 -0.011945281158221641 0.9999193848260189 198.4689424593884
0.9999409047734491 1.480553888388858e-05 6.603276233093421e-05 -0.37796879374850395 -0.008208591155962374 0.9999987455255148 0.008189874952059117 -2.116391890545757 -0.0038776530586067384 -0.008205425473462528 0.9999519344014871 199.8943157726158
0.9998718840344586 1.1416024246316964e-05 5.139163621114564e-05 -0.380510293386082 -0.017076671555856196 0.9999712881330787 0.0063725814925438854 -2.101461958342576 -0.005199236113991075 -0.006450640192305318 0.9999563842263599 201.36846904177824
0.9998236071335628 1.70442150270924e-05 7.981861232822453e-05 -0.38313492097190793 -0.02297877817268465 0.9998718675926221 0.0098970215548048 -2.114997623681819 -0.004782561426070086 -0.010011102863721377 0.9999299605638549 202.76171755589343
0.9998132777807737 1.879113711509596e-05 8.868957128550185e-05 -0.38566324201774643 -0.024538420282097323 0.9998358877342597 0.010994045752273853 -2.10068199521946 -0.006017113305228645 -0.01113906432759672 0.9999091516113036 204.2258325323472
0.999835478128067 1.9852898807534367e-05 9.229439523079073e-05 -0.38843124368150994 -0.022118091215172442 0.9998678865706849 0.011437710604309188 -2.1116587359736783 -0.007518855545823205 -0.011584404872241777 0.9998912212820472 205.70989835151957
0.9998495575382477 2.037763699792687e-05 9.40329736147372e-05 -0.3911798074685728 -0.019955291054135203 0.9998934442103953 0.011656644462265098 -2.1332707569788467 -0.005671400411191954 -0.011761047691579984 0.9999046830872007 207.13577014933534
0.999857723611818 1.9793965207026004e-05 9.090959214977682e-05 -0.3937617581137087 -0.018564778770700025 0.9999134446417947 0.011272315437157244 -2.137015399582242 -0.003992992078045701 -0.011348596548111243 0.9999205850415744 208.5490462876186
0.9998543045912991 1.8933235011548907e-05 8.701363831177273e-05 -0.39654692474679726 -0.01891774093131219 0.9999149984563055 0.0107900813828481 -2.138177089513536 -0.003673472441506213 -0.010864964399460083 0.9999277518486822 210.08638945182366
0.9998393211635085 1.868041092958385e-05 8.65683078513568e-05 -0.39929439261549393 -0.020794472065779845 0.9998934369139826 0.010734794172992083 -2.1526447695999886 -0.0037445095402097806 -0.010821096406565105 0.9999278351480603 211.54351488635544
0.9998318451149761 1.966806830555959e-05 9.16320671665151e-05 -0.401915770817782 -0.02163192222873353 0.9998754660470167 0.011362588557548617 -2.1542181562590437 -0.003338666130922767 -0.011448238096987593 0.999923030944759 212.98831023975242
0.9998340480542863 1.9716671287105247e-05 9.17337620215113e-05 -0.404678571850726 -0.02114775187673215 0.9998817701897116 0.011376205651239825 -2.1740556110254214 -0.0023995465845693337 -0.011447042463893223 0.9999274349419017 214.4299809070483
0.9998231833053244 1.841504395053671e-05 8.626745263586879e-05 -0.4074929730220869 -0.022494902608991073 0.9998707025335307 0.010699021143790712 -2.1919693673709566 -0.0023899597335588973 -0.01077551205206088 0.9999349275466342 215.90880839860975
0.9998262883078581 1.7556788984853314e-05 8.205059207594986e-05 -0.41016713958790185 -0.02203570698184336 0.999882689464532 0.010176867764925853 -2.193773650400049 -0.00206181091170491 -0.010246723696246154 0.9999418013455638 217.38181011922805
0.9998192831566048 1.803988092851337e-05 8.475819845565457e-05 -0.41305753758506175 -0.022713172657360774 0.9998695012844663 0.010513028290720908 -2.2166588821566173 -0.001203307140246273 -0.01057309054036999 0.9999413601734445 218.880556763126
0.9998317502508474 1.669912666509704e-05 7.771455454810123e-05 -0.41556389954006023 -0.02132142955177173 0.9998977555701388 0.009639719666155601 -2.1992651369644807 -0.0019014672514782811 -0.009704531814251427 0.9999478097572639 220.34623705522733
0.9998063625027088 1.6969825577663883e-05 8.063940995879215e-05 -0.4186951755007924 -0.024349485874066226 0.9998494109694592 0.01000257830335851 -2.2561097587151004 -0.0013446239858596759 -0.010070049945128778 0.9999461101359619 221.82694660162431
