1.0 -3.469446951953614e-18 0.0 -1.5585406229479126e-19 0.0 0.9999999999999999 -3.5575383784680614e-19 0.0 2.168404344971009e-19 -2.388632911257127e-19 1.0 0.0
1.0000005914377053 1.1956327172438913e-06 5.3627550915744115e-06 -0.0025724908183114847 0.00020089264314402354 0.9999981306314466 0.0006661498083598322 -0.021923715912692023 0.0005683330602807809 -0.0006705202411875233 1.0000006495569949 1.3269663392242248
1.0000037316296113 1.8269696085791015e-06 8.312126194324207e-06 -0.005051259579434729 0.0006039663497323811 0.999994406432806 0.0010323810811453688 -0.03979067333320005 0.0006267138633196559 -0.001036785216461184 1.0000004127387558 2.620117433890171
1.0000022564511915 2.1530294465766514e-06 9.715492281480971e-06 -0.00766781410575053 0.0005736686742335347 0.9999944704700543 0.0012067491893815072 -0.06788230463530817 0.0013086056372297959 -0.0012170831090065354 1.0000007834715048 3.9439816432133856
1.0000053681310164 2.5449456039893653e-06 1.1598817258498756e-05 -0.010133901882015899 0.0008626640902973017 0.999991623046216 0.001440503117562757 -0.07549140329470364 0.000874038807980466 -0.001446838386904682 1.0000001704409518 5.275855065110369
1.000005395865224 3.3181550979349134e-06 1.507505191034519e-05 -0.012626814642489888 0.0009071237016750906 0.9999905045347796 0.0018720933013666508 -0.08967185120014465 0.0010569487910196884 -0.001880057216792514 0.9999996097399121 6.593279805920874
1.0000163970644769 4.416596234903605e-06 2.051083560248722e-05 -0.015246749441454415 0.0022074072798692213 0.9999765086865627 0.00254677680505117 -0.1158798893508817 0.0007627842010280985 -0.002550828049811464 0.9999978699751918 7.9274161206846445
1.0000169658925642 4.905016163240378e-06 2.2743688428531177e-05 -0.017763643648089637 0.0022688848578920964 0.9999751277756898 0.0028239006222270475 -0.13243737996551996 0.000721909847343871 -0.0028274905311143268 0.999997086548919 9.247522077258942
1.0000151872346636 4.237738411480216e-06 1.9646962659179267e-05 -0.02031594457423803 0.002164704361547252 0.9999772146096945 0.0024396351486729497 -0.15190597580108178 0.001242394645218668 -0.0024486221569989743 0.9999985090480837 10.57425528788981
0.9999934202611654 1.779105858277369e-07 5.573347201446015e-07 -0.023008609972497897 -0.000553433114754585 1.000004299711346 6.953638022622998e-05 -0.18934685088082648 0.0011760255942107009 -7.935836719850021e-05 1.0000014297667386 11.898578905073112
0.9999779451037294 -1.3959773702658385e-06 -6.908765582793906e-06 -0.025487148492636003 -0.0025005459984630473 1.00001665251188 -0.0008577837630330742 -0.19829589530098107 0.00106345434678144 0.0008474044650725266 1.000000983201081 13.231372424876444
0.9999426030784825 -7.451206040492292e-07 -4.569328996995286e-06 -0.02814565425846339 -0.006937914172792266 1.0000316428057932 -0.0005672414421173585 -0.22578269433181233 0.0008484218969945122 0.0005537870377066586 1.0000010105003918 14.58116799831173
0.999946453219332 4.471568250310337e-07 7.688963998915468e-07 -0.03070086697248946 -0.006565800665685601 1.0000313058203567 9.562502999931493e-05 -0.24090310931517175 0.00037553909360924344 -0.00010804117647438741 1.000000603244963 15.928904820112994
0.9999586842874519 5.855041427284269e-06 2.521092633321056e-05 -0.03332778245001925 -0.005138442377367614 1.0000232285604496 0.003129853732122389 -0.2692745550072637 -3.3073468198546556e-05 -0.0031391399345330924 0.9999950582486024 17.25725944245998
0.9999957943413487 8.933048907845687e-06 4.0152301726256506e-05 -0.03607601262647099 -0.0005289308085750797 0.9999916268869647 0.004983759525621225 -0.30423278301510026 -2.9554547885585637e-05 -0.004984778801633785 0.9999875945448533 18.623428304968083
1.000008317387317 7.0399064224374586e-06 3.2025467135512325e-05 -0.038757871996383274 0.001116946490379767 0.9999824210775762 0.003975639504557968 -0.33597447476900466 0.000374623199787378 -0.003977343368022575 0.9999927543413432 19.96718299397361
1.0000173411431055 2.1625107572836866e-06 1.0412452273822568e-05 -0.04123909659646352 0.0022200801846410777 0.9999788040600283 0.0012930565941502953 -0.3365380176102353 0.0002964356068592552 -0.0012921994416372172 0.9999996751630157 21.33885978154267
1.0000022593052313 1.6777956156344143e-08 1.6145182110552728e-07 -0.04407175934527435 0.00026075354090853396 0.999997865892271 2.001415022093989e-05 -0.3904281862630891 -8.843788288006704e-05 -1.880940043590195e-05 0.99999983651363 22.667362321680415
0.9999835633374572 3.304347783478212e-06 1.4250103844622077e-05 -0.04644808438585036 -0.0022337048040203967 1.0000139006349087 0.0017689552465479695 -0.37770313969500047 -0.0008581286978000338 -0.0017680739972036333 0.9999965451279981 24.04020324414493
0.9999826031732407 1.0836858596124932e-05 4.8437558731490894e-05 -0.04912916758712572 -0.0024928573933449723 0.9999988130496381 0.006010620275394878 -0.3980386394372592 -0.0014820615219352745 -0.00600712883898021 0.999978270158796 25.434394626159143
0.999994728559364 1.2235465513403196e-05 5.526079526193108e-05 -0.05180326558300008 -0.0010279539003473495 0.999984140611451 0.006856656256127791 -0.42248390899599064 -0.0016647086784566118 -0.00684715938882751 0.9999722660678918 26.806389601897777
1.0000272218186743 1.2175520321514727e-05 5.645293336310991e-05 -0.054681751733113015 0.0030222453734755107 0.9999464605429873 0.007004551061204079 -0.4713229814236721 -0.0015985306525046572 -0.006981996031938738 0.9999715631273277 28.182796413533268
1.0000303796310919 7.421634742597535e-06 3.485014909969538e-05 -0.057037813597490224 0.003404870321882237 0.9999573692976734 0.0043250374886681054 -0.46112758022576333 -0.0016411011132031821 -0.004300477851333824 0.9999865057688239 29.533133774809517
1.0000303484784552 4.1671683337386745e-06 2.0100064873670347e-05 -0.05996468865263188 0.003298033724938346 0.999964857353923 0.0024942226083436575 -0.5114244450804883 -0.0021002915676205797 -0.0024646458376721783 0.9999910009006397 30.929838965135335
1.000011222807871 1.8127372566085348e-06 8.563366574637892e-06 -0.06237116362028028 0.0007770409558738086 0.9999928624749788 0.0010614117316722377 -0.502873102455076 -0.0027503295438298086 -0.0010357882044044527 0.9999907307691135 32.300765113199894
1.0000024819674087 -1.0438270321450754e-06 -4.553649523763789e-06 -0.06523572445812698 -0.0004649002705319049 1.000003482122685 -0.0005682909683895097 -0.5487127780451759 -0.003447850556685163 0.0005936370526128386 0.999987646231406 33.68283557535313
1.0000022239076523 -4.7416506462373553e-07 -2.0281213556250406e-06 -0.06775472384430531 -0.0005306933137102909 1.0000041036076155 -0.00025479205875614193 -0.5481447658420922 -0.003598335758399314 0.0002809096547446598 0.9999869856451157 35.0804796096156
0.9999986999822866 2.065169207742315e-06 9.18572628346272e-06 -0.07063493946134418 -0.0008369281137543807 1.000005724192871 0.0011384080007238863 -0.5932080119522147 -0.0030123327826993562 -0.0011182363837205097 0.9999894151962526 36.47468277362991
0.9999976005952773 3.624133024526105e-06 1.6148988762728278e-05 -0.07303382748031977 -0.0009397090934127553 1.0000050897310047 0.002003041795253564 -0.576250735274314 -0.0028618110043661426 -0.0019844751013736086 0.9999887977919147 37.87889374265803
0.999976428985922 5.1690157752675575e-06 2.246355831578544e-05 -0.07584185887636909 -0.003415422310564834 1.000017742425504 0.002787492090924357 -0.6118555441771938 -0.0021768089890846993 -0.002783660396361495 0.999989866594792 39.27529917130373
0.9999557870953677 5.745722568870765e-06 2.4675014320457407e-05 -0.07863223129825828 -0.00613665946447976 1.0000258517126788 0.003061265924440451 -0.6461979494212424 -0.0028801119549615945 -0.0030668971876697533 0.999985994042102 40.66755419648817
0.9999297486728048 6.0535837232006395e-06 2.5909613025506617e-05 -0.08138523302963409 -0.00932482380293665 1.0000263909940301 0.003214682211447694 -0.6678190946681162 -0.002676912993539768 -0.0032349966274177397 0.9999863982803959 42.09584319474946
0.9999298492648492 6.3416818242342105e-06 2.7214471433110662e-05 -0.08398490615931441 -0.009311066241622265 1.0000258723536815 0.0033766192840614536 -0.6802314298245329 -0.0026712717975329574 -0.0033968684513246386 0.9999858891390007 43.480280603370815
0.9999341036008486 6.236514968536305e-06 2.673815282385459e-05 -0.0867118309901055 -0.008700170538309264 1.0000266527141777 0.0033178656980816516 -0.6986314030711789 -0.0023031493721069763 -0.003335143265059934 0.9999876762695173 44.908492291728145
0.9999344085291528 5.323652786506927e-06 2.2608227399395454e-05 -0.0894970902790585 -0.008448002837951045 1.000028358998458 0.002806098165503501 -0.7318677606402726 -0.0013474732355374332 -0.0028219586308453346 0.9999927185885266 46.30284796562809
0.999935143804286 6.5564999464588075e-06 2.818992632428255e-05 -0.09233109449601846 -0.008134306425617154 1.0000262382039093 0.0034993944664215106 -0.7621572044531308 -0.00035574759926577265 -0.003514210795135985 0.9999931706361357 47.73734223432771
0.9999304721988631 7.914548163595603e-06 3.4356139013499206e-05 -0.09500771565195001 -0.00848246324592772 1.00002316576106 0.004264895200947835 -0.7817348613859805 0.0006789275469472195 -0.004280047662754907 0.9999918980705055 49.13244202097175
0.9999216652653298 8.074280815577664e-06 3.5112210239320865e-05 -0.09782965633607063 -0.009356406756348015 1.000022000811695 0.004358841513264385 -0.8111176266694846 0.001659117979586614 -0.004373708412830844 0.9999921180133877 50.564298463044985
0.9999200395798977 8.362331151673397e-06 3.6434247219386574e-05 -0.10055572278342076 -0.009297038279755936 1.0000213462172396 0.004522750450375578 -0.8233498666821619 0.0028242371700698235 -0.004536160077904801 0.9999908884129832 52.01954010579073
0.9999129046974928 1.010634837497748e-05 4.4461544924891214e-05 -0.10330071654576115 -0.009945316461007696 1.0000153164121974 0.005518180431776916 -0.8471000410536145 0.0038847539339579556 -0.0055289487570769884 0.9999842637095994 53.43389948098548
0.9999210051356979 1.101143465964162e-05 4.854110745918373e-05 -0.10606020256550575 -0.00878073638177206 1.0000139184520063 0.006023781783993798 -0.8647918182404792 0.004591955926402781 -0.0060364518354858 0.9999796157080157 54.88330294805002
0.999945471930469 1.3037105887694911e-05 5.788151372939287e-05 -0.10871295553588353 -0.00566270113929143 1.0000036672750496 0.007181807958852648 -0.8830440354608033 0.004946435324975746 -0.0072040559123503515 0.9999708520213721 56.271094563227145
0.9999511723736142 1.3008132851740142e-05 5.7801355859982226e-05 -0.11152964200154245 -0.004879783045303551 1.0000015636564714 0.007171615799204301 -0.9130991424690293 0.005280796112222058 -0.0071973908271396846 0.9999697937682485 57.69704268708715
0.9999598438777269 1.4233485767930001e-05 6.358283081839104e-05 -0.11433786452529142 -0.003869470907878137 0.9999924385632629 0.007888625981931215 -0.9375646901453181 0.004983754938447983 -0.007916728482820426 0.9999653561888578 59.143230138631054
0.9999603696261588 1.4910183490512638e-05 6.672776972550549e-05 -0.11708398126210892 -0.0037520504222694553 0.9999887846175358 0.00827831616711944 -0.9618552019965927 0.005216220202799932 -0.008307802593884148 0.9999614233591793 60.5558017910547
0.9999788558399103 1.605170209490435e-05 7.243420883056885e-05 -0.11977105037759897 -0.0016249175126631663 0.9999712547400326 0.008986136855487062 -0.9690150766020884 0.0044639715226461995 -0.009018191456719515 0.9999575622159536 62.012065834479245
0.9999989307579443 1.547511932716711e-05 7.041147481578872e-05 -0.12252760676671119 0.0008610295517881127 0.999954411735372 0.008735437513234598 -0.9944872939306424 0.0044319943733152995 -0.008773971865675835 0.9999598158634251 63.425149452718536
1.0000031509028715 1.3824305722434302e-05 6.292120051135455e-05 -0.1252420383502791 0.001255211347422399 0.9999585121259597 0.007807253234630872 -1.015955958793545 0.0038526050145539486 -0.007841406980478556 0.9999689040540116 64.83275693393628
1.0000103239775546 1.3409445096619968e-05 6.130983642428189e-05 -0.12791969988599763 0.0019659675894305815 0.9999531843606808 0.007607789995904956 -1.0232826306015863 0.0030495604851294668 -0.007635401965780622 0.9999718168069149 66.28306688533725
0.9999973120521622 1.3306706879989694e-05 6.029859799944388e-05 -0.13053200706364843 0.00022420160151016486 0.9999700642500381 0.007482548767502412 -1.0395518114084996 0.0024885203854600546 -0.007503225080194825 0.9999733560235856 67.65730165380735
0.9999710578620107 1.6396430340374565e-05 7.384589611121942e-05 -0.13344074373602408 -0.003175139861771787 0.9999784189076871 0.009161923428453728 -1.071303879687058 0.0018694626578473735 -0.009177165137812478 0.9999596501016653 69.12666274236325
0.9999476927408562 1.8174975258172105e-05 8.178097009375147e-05 -0.13605562215341663 -0.006268886289035972 0.9999792135075799 0.010145191007741014 -1.0897235209125775 0.0010131548009455892 -0.010158642653031008 0.9999498632331575 70.492731453675
0.999922926772649 1.969714996336372e-05 8.887369745952606e-05 -0.13877438588035934 -0.009616227948698725 0.9999702678392254 0.011023565888646513 -1.1041303177574973 -0.00019823678996677848 -0.01104157055804013 0.9999388227527819 71.93423103158321
0.9998957220029411 1.932919716637546e-05 8.750210247413914e-05 -0.1413459697728584 -0.013066750847258442 0.9999607781132724 0.010853467234093962 -1.1167147827665203 -0.0005190764637884721 -0.01088010525854575 0.999939895931969 73.30234400432201
0.9998631892975711 1.8339548620363577e-05 8.385022039049872e-05 -0.14400838614082165 -0.017228688165148127 0.9999360600986739 0.010400667093343748 -1.1357899039173651 -0.0010617100358346636 -0.0104422342854274 0.9999431493824739 74.6918177639274
0.9998570367113341 1.8347017471276317e-05 8.414182873180023e-05 -0.14667511270712022 -0.018221852915399447 0.999926082638891 0.010435994303038699 -1.14383560932518 -0.0020832649207824057 -0.010490865849155971 0.9999391900723956 76.13286497124379
0.9998526597806839 1.9004118401036788e-05 8.742164830844563e-05 -0.14924973079139084 -0.01884877324181771 0.9999151833254795 0.010841989412301266 -1.1556660107854062 -0.0024549528117795974 -0.010903397692940287 0.9999332682946781 77.50602117602442
0.9998575064450088 1.9569433039847567e-05 8.986233867318044e-05 -0.15205625576637424 -0.018251183715087542 0.999918129311758 0.011144339399952507 -1.1859737187727823 -0.002474222414342771 -0.011203351140312845 0.9999298746321309 78.9252150185113
0.9998638302188646 1.7359914344558178e-05 7.923926416950403e-05 -0.15455390915564557 -0.017349405518087162 0.9999407396676228 0.009828647429847664 -1.1923519599465573 -0.001955020824237419 -0.00987880937184398 0.9999459057615083 80.28005967232899
0.9998651996489928 1.7664416483530523e-05 8.060971264161059e-05 -0.15731733233047668 -0.017161217532084057 0.9999407850281472 0.00999853596203128 -1.222091393573402 -0.001874224625437491 -0.010047251138132509 0.9999445305092588 81.67791646533986
0.9998717459502461 1.8983077877905707e-05 8.654866563608324e-05 -0.15987769120889725 -0.016308908409691597 0.999940545551515 0.010734534268840757 -1.2320415239572586 -0.0016988767328836804 -0.010778640416151331 0.9999375546442208 83.05156059351643
0.9998706626592833 1.7235333223415e-05 7.840121003802741e-05 -0.16242124567227584 -0.01637626809385352 0.9999503277948838 0.009725248738476744 -1.2384980215880783 -0.0013993062305520923 -0.009767053141404893 0.9999489374287979 84.43147789646876
0.9998745662971333 1.7422515769001737e-05 7.914187372708831e-05 -0.16496246263752234 -0.015706717965978764 0.9999547745432281 0.009817564130756358 -1.2397839934299084 -0.0005753820209974234 -0.00985089092798137 0.9999504174297128 85.83315886440687
0.9998697888948588 1.84071788192873e-05 8.391646007243031e-05 -0.16760731410678814 -0.016054123603131392 0.9999460570652872 0.010409646928890702 -1.2612245357605554 0.0005212371075193321 -0.010435108239763307 0.9999465095917291 87.20235583146291
0.9998752741198639 2.0196601626281882e-05 9.213597700868199e-05 -0.17014623316721755 -0.015108486976903097 0.9999420412638301 0.01142814604426394 -1.2685409448465008 0.0017004458708913812 -0.011444062573430856 0.9999363051963037 88.57587106022761
0.9998936386772146 2.184853622337786e-05 9.942620245713993e-05 -0.1728912620502199 -0.012596620513625832 0.9999458738709688 0.012331037591278644 -1.2999514071463616 0.0027313159943519374 -0.012341870648844813 0.9999252167609599 89.95608839635624
0.9998982904048458 2.2783844781574733e-05 0.0001037600850828475 -0.17547843768367058 -0.011777152962316064 0.9999424965893305 0.012867405664455909 -1.3124434944706789 0.003809486909761006 -0.012874938787910597 0.9999169232417395 91.3332485902236
0.9999015085954711 2.1644450640291926e-05 9.8302416919374e-05 -0.1780284254110599 -0.01132693805811997 0.9999525534388631 0.01219140524014606 -1.3219511179315937 0.004034898117971785 -0.01219905292157076 0.9999249105181854 92.70312219296997
0.9999126061138462 2.1610633591925485e-05 9.798098545364545e-05 -0.1806273236585228 -0.009926326637070116 0.9999566463714897 0.012151536278326946 -1.3453782828879437 0.004134806318681092 -0.012162071178085102 0.9999251327271814 94.03800918382636
0.9999183348415104 2.1093818769623088e-05 9.548418076920978e-05 -0.1831592853347003 -0.009164527367303962 0.9999615009104778 0.01184216157677558 -1.3511899913469787 0.004359321539962072 -0.011854191757902007 0.9999282773730512 95.41438146523609
0.9999214589837491 2.01296141070003e-05 9.091668493839845e-05 -0.18573164478778756 -0.008810038363781768 0.9999683805480457 0.011276467810362142 -1.3666509561920694 0.004209924967067303 -0.011289500978549161 0.9999351745490889 96.77009605607516
0.9999120831225694 1.9189318578078166e-05 8.657850676419367e-05 -0.18828215328560088 -0.010043776859302796 0.9999726061875847 0.010739194302053641 -1.3815237776319884 0.0039006814320976307 -0.010749887578360547 0.9999418092554755 98.116331674063
0.9998976263416736 1.931667573556832e-05 8.74042245458252e-05 -0.19079344412746116 -0.011859242069527418 0.9999662350076666 0.010841542592723238 -1.391300130230688 0.003811187533896001 -0.010848835116087889 0.9999409255733107 99.46357516009091
0.9998941970447436 2.145811662216182e-05 9.75672586901984e-05 -0.19334263150965988 -0.01232688933947625 0.9999498829596936 0.012100540066409541 -1.4034385036403574 0.003624953835977429 -0.012107763706000354 0.9999268487310267 100.82127352419445
0.9998937940133454 2.4058497235114606e-05 0.00010991450942764787 -0.1957769825694884 -0.012419513825053744 0.999929786254362 0.013629615616157248 -1.4136268431977939 0.0034351027119454798 -0.013637568860735435 0.9999075040448164 102.1240677584455
0.999897476079761 2.2959704085242713e-05 0.00010461101705652666 -0.19842671238430357 -0.01193016618646173 0.9999405503795556 0.012972874266121849 -1.4373226962921204 0.003578117758194112 -0.012981015123329364 0.9999159902527818 103.48590883905355
0.9998967377049799 1.8887930041660422e-05 8.540928982581856e-05 -0.2009247292615837 -0.012065115733903524 0.999968080950866 0.010594551705533965 -1.4493713493479918 0.003385240636891326 -0.010603148498223277 0.9999443210546203 104.81566728077122
0.9999049252479965 1.636751489870157e-05 7.347885920977373e-05 -0.20336975784221017 -0.011043135453703945 0.999986253659791 0.009116157689698421 -1.4543202480939865 0.0034082689818044076 -0.009126211220485377 0.9999588332014636 106.14774068827002
0.9999170762143228 1.8660052251776027e-05 8.40450332993375e-05 -0.2059949675149527 -0.009633878667370657 0.9999766618527481 0.010425640800019693 -1.4792401842503011 0.0029632949476276664 -0.010438674698182437 0.999946626770177 107.49054277887079
0.999941846738654 2.2001952956221538e-05 9.975198745059669e-05 -0.20833624524286137 -0.0066525090426418475 0.9999547256462565 0.012371406656623356 -1.4747446448455268 0.0025400900705539976 -0.01238736326566106 0.9999248136544777 108.80727330431857
0.9999509443073265 2.3794747481249365e-05 0.00010833756346007484 -0.2109308777957983 -0.005651620019414067 0.9999390882411763 0.013434637621790311 -1.4937963216611536 0.0019650563604091498 -0.013450012179022058 0.9999113570284199 110.15931054114634
0.9999583039185341 2.196384173435914e-05 9.974688457005626e-05 -0.2134811464171152 -0.00490098870553998 0.9999507482091451 0.012370806491869163 -1.5150792190885956 0.0012365264594689659 -0.012383993530325366 0.9999249633413088 111.4768272082429
0.9999508799707215 1.790562654431678e-05 8.055255729169024e-05 -0.21600874374666487 -0.006092790263015253 0.9999804218119356 0.009992700757896924 -1.5262644988286027 3.32644297264689e-05 -0.010004079306964184 0.9999501627384573 112.82681861307816
0.9999268920585951 1.5063341959609122e-05 6.72126702934647e-05 -0.21858905026752454 -0.009191403333884313 0.9999968722465733 0.008339153843678629 -1.545811367683524 -0.0004998228344371828 -0.008356559928811184 0.9999641773569975 114.16871324957006
0.9999066732050061 1.3857077173481946e-05 6.179958254711577e-05 -0.2209813642735263 -0.012085718457783645 0.9999947746451681 0.007666871084138017 -1.5496761425574375 -0.0022092696944240138 -0.007697842200222342 0.9999640535594209 115.47642617337242
0.9999038638557098 1.7617630488433317e-05 7.932934254877271e-05 -0.22362165454460414 -0.012748908886065996 0.9999728420348499 0.009838131455302226 -1.57151969025524 -0.003610888165212962 -0.009878379352876478 0.9999383117206536 116.84129976217383
0.9998993921581317 2.087269822001296e-05 9.469576204965894e-05 -0.2259449101521904 -0.013485842614996852 0.9999485498773076 0.011740803319752939 -1.5693635510244128 -0.004420701811538073 -0.011789483246730277 0.9999129186268632 118.13761631172248
0.9999031481528671 2.2620972020437335e-05 0.0001028984708926308 -0.22857989096095666 -0.013209093151484011 0.9999375720336573 0.012755439571939609 -1.5887517370126378 -0.005266724548804082 -0.012806695428732104 0.9998947964896608 119.51049915784385
0.9999064477612076 2.1930806659600094e-05 9.957629616802054e-05 -0.23110282005021143 -0.013024001981458547 0.9999437005815558 0.012342310818628424 -1.6052385997746332 -0.006268739737370716 -0.012397126834014158 0.9998923631545633 120.83426241478317
0.999896130748707 2.1816308789160063e-05 9.921962606621536e-05 -0.23350706380983607 -0.014619270965630728 0.9999350741559919 0.012295329518133908 -1.6117799001726554 -0.007669006181067501 -0.012372183899748646 0.9998803838872898 122.13664634011666
0.9998862130214038 2.0964546231894837e-05 9.54305670080955e-05 -0.2360167638509838 -0.01615429441562189 0.9999295176663089 0.011822900537270711 -1.6163331270345098 -0.009021742499363609 -0.011925227152659632 0.9998720748679185 123.50630161103236
0.9998761558978903 1.986752027842084e-05 9.055746049181114e-05 -0.23855930592520014 -0.017666806881575597 0.9999231151471676 0.011216206909729395 -1.6314035376150386 -0.010196887251353523 -0.011346207778860187 0.9998653888354492 124.84724398185573
0.9998734805356357 1.8772108655534456e-05 8.549863408168607e-05 -0.2410195329125496 -0.018212501709980716 0.999924590115445 0.010586800448411093 -1.63917317216222 -0.011148734167803282 -0.010732952374812543 0.9998602718733796 126.17515557263675
0.9998801465867581 1.781075558326614e-05 8.078103002019839e-05 -0.24354998038017078 -0.017623440688061674 0.9999364616714759 0.009999065648386408 -1.6545061296168184 -0.012213677879255782 -0.010147579162468279 0.9998520110523368 127.50822867983604
0.9998849533028475 1.913101801368118e-05 8.683178140873513e-05 -0.2460102044973844 -0.01717230249029097 0.9999329121091388 0.010746660359654173 -1.6627419073364307 -0.012863930775501025 -0.010894616666521181 0.99983483210849 128.83405988901845
0.999884172906047 2.1047611393652452e-05 9.587848401102828e-05 -0.24864762802386894 -0.0174591093922851 0.9999175999507222 0.01186441001338214 -1.6840027827126827 -0.013710751134317203 -0.012024379308227586 0.999809116461789 130.19994423366427
0.999903803304781 2.213055181353625e-05 0.00010056344987010354 -0.25103365961899465 -0.015104731047970998 0.9999299332717995 0.012443426442288555 -1.6817309375587537 -0.014083275971536583 -0.012569148866465794 0.9997965734013142 131.53154434251158
0.999906712651169 2.200582841967169e-05 9.99274585722341e-05 -0.2536981702494782 -0.014747700230787947 0.999933366957648 0.0123646109754 -1.710013898693105 -0.014102375642700858 -0.012484759922225343 0.9997973258139833 132.88111509214463
0.9999329580350294 2.3443744708079653e-05 0.00010656192516802078 -0.25594349055443844 -0.011469548834184336 0.9999394317324134 0.013186628827513746 -1.6915903773793508 -0.014018894681491357 -0.013254082610320858 0.9997887589772925 134.2068136312301
0.9999358292336876 2.4086571303481505e-05 0.00010962441265619958 -0.25859711443885475 -0.01092267837026575 0.9999360331594987 0.013568774731862283 -1.7233844910906768 -0.01317026607821738 -0.013625258843609387 0.9997968465096304 135.53469673103763
0.9999349939167513 2.299013171527982e-05 0.00010440977014487905 -0.26108788866506 -0.010807747938054498 0.9999448786876295 0.012926260725609083 -1.7299654208743012 -0.012195099209911115 -0.012978564684727857 0.9998195721724003 136.88482755965353
0.9999560097237371 2.562130192633981e-05 0.00011711684682057266 -0.26357917709165873 -0.008088743345092818 0.9999270537606787 0.01450112849512797 -1.740881842126384 -0.011708840621097548 -0.014515291082829312 0.9998051561664465 138.21590879960243
0.9999544475624815 2.5667139639999267e-05 0.00011731457236076413 -0.2661180927601561 -0.007931280042759645 0.9999266266226903 0.01453007058060537 -1.7526288118950735 -0.010141443906147778 -0.0145425824760097 0.9998247176470852 139.56966381219058
0.9999643630814887 2.6079026673300754e-05 0.00011944822414880702 -0.268643820371635 -0.006475890436064177 0.9999214768339864 0.014796789449944244 -1.7627826818613266 -0.009142616213285881 -0.014793665858497946 0.9998324738069272 140.92321933163657
0.9999602620151802 2.562066929765426e-05 0.00011717988012491286 -0.27109291285037906 -0.006660009824393774 0.9999258220345255 0.014519304552484348 -1.768768143953386 -0.007692391540452281 -0.014520433663592796 0.999851303255731 142.25292085638878
0.9999611272188903 2.5024659861238793e-05 0.00011434565330261585 -0.2735725988470598 -0.006321811618490235 0.9999303032075818 0.01417051834489533 -1.7733418357056625 -0.006663357802017807 -0.01417035851180435 0.9998655663604799 143.60586202360432
0.9999766811962998 2.0969872658999772e-05 9.543134933952583e-05 -0.27609359850220383 -0.004282659765398378 0.9999551697814835 0.011829281510846258 -1.7853704130378054 -0.00618398681968881 -0.011813780048331612 0.9999000979000436 144.94843866938598
1.000001193511246 1.949777676050514e-05 8.931110933203443e-05 -0.27865179440434396 -0.0009645341514428977 0.999945826957196 0.011073206174939572 -1.80836474256014 -0.004962403700983939 -0.011040146131781127 0.9999179422703316 146.26271351611075
1.000077977688183 2.2986335827743232e-05 0.00011067200750704124 -0.2810781273611681 0.008745845193415742 0.9997969851572215 0.013719969569309544 -1.7980829524429853 -0.004184207057285032 -0.013636002006660734 0.9998909134155136 147.65235475002098
1.000123138626163 2.5188979030111094e-05 0.00012572844874027093 -0.2836768799334405 0.014695679902588183 0.9996519308649002 0.015585530285942896 -1.8269862242693973 -0.0026623051327082526 -0.015502781589563058 0.9998716979731007 148.96274005045285
1.0001446989822982 1.9482647458900215e-05 0.00010107395610036611 -0.2860636410855346 0.01757578923472461 0.9996252053598915 0.012534011970082233 -1.8327931891819413 -0.0017591813659090085 -0.012461597256212547 0.999917808313913 150.2587163003193
1.0001325164475061 1.492120773778638e-05 7.815624166221825e-05 -0.2887817036786299 0.016070383492513773 0.9996942764381915 0.00969488307544787 -1.8558105212599636 -0.0017255053416911487 -0.009627284204599958 0.9999491921762611 151.6614283934198
1.0001060626747766 1.1107675108531362e-05 5.7603853797789885e-05 -0.29122642905377716 0.012551529036085371 0.9997944966827415 0.007146303986787614 -1.864116866417786 -0.0027670021758456897 -0.007068277072009068 0.9999662979269822 152.97836115158145
1.000113281641402 1.1592490662197877e-05 6.057704470825362e-05 -0.29382771585458556 0.013229514870111444 0.9997775937818587 0.00751388352826017 -1.8794800601239536 -0.003741604786078552 -0.007412164521283524 0.9999588815377464 154.35053274664511
1.00014444774281 1.57169386779156e-05 8.330705111964229e-05 -0.296174146168552 0.016996127344498617 0.9996651309602597 0.010330646079257665 -1.8744305699291062 -0.0042050712523380865 -0.01019796406063018 0.9999317130366301 155.67258733157306
1.0001808492480522 2.1584685564143488e-05 0.00011599131386056402 -0.2988571244318888 0.02146838834443318 0.9994929592897063 0.014378445106538382 -1.9056832058650244 -0.004421209752941272 -0.014215539182336881 0.9998814025713081 157.019142675593
1.0002036811348831 2.2141571238568428e-05 0.00012218234845739226 -0.3013297903201701 0.02424937325148012 0.9993956174886536 0.015144541062149417 -1.9106077022692223 -0.0046643556738685385 -0.014958063468288428 0.999869037177661 158.36663142517403
1.0002099098395203 2.2496679297859604e-05 0.00012490500648153235 -0.3039232022101236 0.02514656781976396 0.9993610347060473 0.015482245999596866 -1.9326222789544316 -0.004112942341227959 -0.015308958758805018 0.9998671472642 159.70477939501774
1.000207690886775 2.24962825102204e-05 0.00012453754143218975 -0.30631893960532414 0.024569123493965464 0.9993807840216481 0.01543492217841734 -1.9233135428582935 -0.00545915367726498 -0.015220665806490867 0.9998596191301711 161.07313633499896
1.0001906799223046 2.2529161777692236e-05 0.00012199255545225474 -0.30872509523254454 0.02220802631247433 0.9994599136790869 0.015118044247227671 -1.9239471485689776 -0.006567327215767843 -0.014885992295339245 0.9998559872018098 162.40292482101952
1.000174669853705 2.0611683126350866e-05 0.00011045195563721575 -0.31117966842714667 0.019917705184623512 0.9995472799627932 0.013686681940142852 -1.926259566538611 -0.007914202446487894 -0.01343440988513688 0.999864337846377 163.75204190943177
1.000165332505484 1.9383367256013348e-05 0.00010330624873193441 -0.31352562632477865 0.01863819550187197 0.9995940187810828 0.012800640383096093 -1.9135641429420596 -0.008448895035286839 -0.012545690692238196 0.9998705302907707 165.10793232878711
1.0001656608818086 2.0864270963594223e-05 0.00011038854359136712 -0.31602247432091796 0.018565431715667553 0.9995843458254021 0.013676492296036787 -1.9223291053889056 -0.008955255704979433 -0.013409004638343772 0.9998540163821058 166.45168720800567
1.000165730339679 2.107179612366103e-05 0.00011138672389505414 -0.31836009191676184 0.01868241840892209 0.9995795078658696 0.01380118483958946 -1.9158371404524526 -0.008472015111320876 -0.01354551456766389 0.9998572623234396 167.77529379618383
1.000146162352617 1.800622296111755e-05 9.427993289729463e-05 -0.3209633601113648 0.016346264749906955 0.9996662875925924 0.011683466678263681 -1.9266862683349852 -0.008052782043891336 -0.01146069259585437 0.9998875235013999 169.168693490743
1.0001135882101522 1.466639196216063e-05 7.487478997239994e-05 -0.3237096939770213 0.012536473428800843 0.9997772360546114 0.009281129901654242 -1.950036540483126 -0.007002051166247887 -0.00911619508332154 0.9999214203455211 170.5855784492827
1.0000694186258414 1.2661653372906742e-05 6.151018466391271e-05 -0.3261634500870793 0.007087796081158301 0.9998886214141353 0.0076246819899894345 -1.952382640300346 -0.006838060029233101 -0.007509170597253428 0.9999361876752447 171.93409280125906
1.0000478745525938 1.4833505330425628e-05 7.000944860717485e-05 -0.328700638715909 0.004385159179790012 0.9999172885744166 0.008678039365333158 -1.9619577059863118 -0.006958753426122589 -0.008584176191581217 0.9999265018881861 173.29657704810504
1.0000144283594197 1.9356997586043173e-05 8.923439216025641e-05 -0.3314041263371171 -6.091438160211321e-05 0.9999391871521103 0.011057567807055042 -1.9908907193034244 -0.008262586898451085 -0.010991788234712025 0.9998906907614772 174.66483568901364
0.999987574155719 2.3835552107350985e-05 0.00010933819307048717 -0.33404356305136773 -0.00333597967531786 0.9999293181809839 0.01354793904728122 -2.008731723958321 -0.007995119248050285 -0.013516181363781165 0.9998624471175493 176.04708611642766
1.0000152438670575 2.5739541884697154e-05 0.00011956898646533457 -0.3366117362488949 0.00032072326939577324 0.9998873709590382 0.01481662770245839 -2.0155342232003552 -0.007012309039057128 -0.014757744266782568 0.9998540611814527 177.43909513117796
1.000031944436973 2.543335032076377e-05 0.0001190103594623374 -0.33912131182559396 0.0026525150402874707 0.9998661173660431 0.014749622980216762 -2.014499616403992 -0.005862917165087844 -0.014682946157325549 0.9998646371995775 178.8336007316043
1.0000546173155034 1.8667689520588185e-05 8.839605720646951e-05 -0.34150712867144695 0.005916364816150304 0.9998746102015958 0.010961445407969289 -2.010602333842952 -0.003864635292445363 -0.01089800963606306 0.9999263269977926 180.17233063536528
1.0000271445452702 1.2636634072344874e-05 5.857601951726006e-05 -0.3442867124914349 0.0029525156779845237 0.999945349255634 0.007267591438514361 -2.0377314768568797 -0.0018666974551732596 -0.007242332984942116 0.999968766464278 181.5907785048272
0.9999973579818059 1.2068365039018605e-05 5.4587396063731546e-05 -0.3469593812688456 -0.0005481795096136362 0.9999812225850004 0.006773626887705147 -2.057549139285899 -0.0009813946137311117 -0.006767626341223729 0.999974944165002 182.98261900628543
0.9999747347974481 1.4207229375307398e-05 6.376372905038722e-05 -0.34934518387673097 -0.0033083348822709555 0.9999897532291208 0.007911490517303967 -2.0565378231185125 -0.0007609450094365237 -0.007914162164443428 0.9999671340472223 184.30847089312053
0.9999509941230561 1.878969826515399e-05 8.46948779617072e-05 -0.35208065628346924 -0.006439596814512719 0.9999757822950215 0.010505035592728083 -2.070265311212348 -0.001576560731246223 -0.010514399683439939 0.9999407854107607 185.76225374489837
0.9999308180565888 2.332488683379208e-05 0.00010599710724934269 -0.3547229824147745 -0.009026692444169492 0.999945369800555 0.013143264094784442 -2.0931198125855377 -0.0019396417872952641 -0.013161773762857544 0.999908187622578 187.12374645962674
0.9999538438774276 2.4013998503508854e-05 0.00010941617443158743 -0.3572751241019673 -0.006216106407491905 0.9999385020458094 0.01356645680805211 -2.082754549271528 -0.002158187297814837 -0.013574055321184761 0.9999018392901512 188.58343727146544
0.999963073557654 2.4885871109794205e-05 0.00011371768532009055 -0.3598483745213805 -0.005017031500153529 0.9999282034351469 0.014099228176152029 -2.0866683346349286 -0.001922567825843927 -0.01410285644732009 0.9998954346728519 189.99114061526785
0.99998784821511 2.5897358414158148e-05 0.00011919353580671331 -0.36237119674314555 -0.0020226508633787495 0.999904837457917 0.01477680669394104 -2.0939878708193453 -0.0022900384245889164 -0.014767255796270022 0.9998844149804914 191.35572689999694
1.0000036808353472 2.5795355714088725e-05 0.00011930449554329952 -0.3649918281095556 -0.00013053265711897473 0.9998914386254738 0.014790260111086048 -2.0941001969918673 -0.00262069461414446 -0.01477051594946284 0.9998829578336551 192.80662431169125
1.0000186836670368 2.6904795110277435e-05 0.000125335650629791 -0.3675319430723545 0.0016880167056970794 0.9998640476142093 0.015536572713695015 -2.104794145171128 -0.002819869004050785 -0.015507114499644124 0.9998709143784023 194.16573954560852
1.0000565045827359 2.8676536375556866e-05 0.00013627021232794165 -0.3701900920953839 0.006227548866759733 0.9997875666649846 0.016888968982876625 -2.1065373453842358 -0.0035221276443139285 -0.016829438622195447 0.9998460555354867 195.63014258682256
1.0000859574766219 2.984470312341475e-05 0.0001444036598441938 -0.37284277709046665 0.009860435555539242 0.9997115558875019 0.01789510612390171 -2.120061330068006 -0.0036331169467042667 -0.017815385072249643 0.999828390500547 197.03898237706082
1.0000635320517886 2.5452572527362785e-05 0.00012127346584004826 -0.37556641041988964 0.0070454643260061695 0.9998052100468702 0.015032854537041158 -2.1408195491487696 -0.0037666479958149033 -0.01496521175260286 0.9998743360990777 198.45485438399092
1.0000217796058481 1.610987499558146e-05 7.440051379399462e-05 -0.3781375702180791 0.001794647038004622 0.9999412320558158 0.00922693140053674 -2.134982629675541 -0.004058985376765277 -0.009184297536072193 0.9999423899658691 199.90488369116326
0.9999379017656397 1.5264542079573146e-05 6.814973487213188e-05 -0.3808032557404308 -0.008824093756190256 0.9999962847061209 0.008450778459537818 -2.1405571042155045 -0.004959350011415145 -0.008470611841347925 0.9999429941808455 201.3563749262693
0.9998929215864628 2.134884745409564e-05 9.707946783281299e-05 -0.38335789872178805 -0.014723964955194721 0.9999375777520044 0.012032873962356664 -2.14062253486826 -0.006358547436155043 -0.01210212235036368 0.9998952437165528 202.77093476969833
0.9998808753563808 2.4914214728709652e-05 0.0001143357402603822 -0.38601482509242274 -0.016455455770188112 0.9998965241118185 0.014167524577028006 -2.1494676650420232 -0.007408601034606979 -0.014259829891871086 0.9998577056756262 204.2029892017884
0.9998893435184337 2.5925637109713504e-05 0.00011893831534903645 -0.388716091410778 -0.015373691320449379 0.9998967830721199 0.014737575851066905 -2.154671609810656 -0.007274378529236527 -0.014818836530036643 0.9998508129192558 205.67583873874554
0.9999112847100795 2.6783348406611562e-05 0.00012263952060181157 -0.39141687646567186 -0.012322553673869722 0.9999075647422565 0.01519851837109692 -2.1655762738588984 -0.005819464432371708 -0.015245785909816989 0.9998565539571913 207.12299905279676
0.9999222842131886 2.6282455486557194e-05 0.00012013808228147991 -0.394078502801166 -0.010640690785903182 0.9999179640458149 0.0148911433909007 -2.174789750490614 -0.0044110149819271815 -0.014921997408946794 0.9998711827457326 208.55601382965347
0.9999233165721413 2.5412376770898165e-05 0.00011596755805194604 -0.39673903798769194 -0.010453045209819227 0.9999259898674966 0.014375265492319619 -2.171056562425884 -0.0041459557525681985 -0.014404325434739816 0.9998803797076814 210.046160677911
0.9999125767859596 2.533176274500254e-05 0.00011567094086269766 -0.3994587183392092 -0.011733808236530618 0.9999226171082773 0.014338833152002585 -2.18249681500254 -0.003909517956467738 -0.01437471954781392 0.9998821847019782 211.50139738798265
0.9999045694714109 2.6158834777833748e-05 0.00011973986759114541 -0.40203058096350963 -0.012700624536604147 0.9999112297246093 0.014842644281611812 -2.1756545090764097 -0.0037863562911981397 -0.014883563977077179 0.999875443586197 212.95629952323787
0.9999047503230711 2.6387573960168567e-05 0.00012083339701091404 -0.4047823816457767 -0.012592710617360905 0.9999096982269421 0.014978464837025224 -2.19645996194757 -0.0034052700703311543 -0.015017077627291677 0.9998755078171881 214.3875609646126
0.9999026551016522 2.5573939770148074e-05 0.00011697164951212312 -0.40748658093641876 -0.012786365103290356 0.9999158486731604 0.01450079156523501 -2.2051244648528265 -0.003108475550272654 -0.014539029971348786 0.999884069013134 215.84660232932876
0.9999073926786558 2.4772805919705265e-05 0.00011306858330875072 -0.4101431800967396 -0.012188119976415935 0.9999253995834998 0.014017672982129489 -2.203351737440804 -0.003064405050012535 -0.014052740882231128 0.999891230293206 217.32582648117202
0.9998997603601253 2.4899503367752096e-05 0.00011380113048388364 -0.4129452627215328 -0.012935722900453805 0.9999207378027559 0.01410924713375047 -2.2187320820745846 -0.002171334911729439 -0.014143699886599154 0.9998938999016801 218.80912941972474
0.9998910505602596 2.4051515610043137e-05 0.00010994514572480675 -0.4156411960314181 -0.014034069191952351 0.9999213999630404 0.013631775320616856 -2.224775812684618 -0.0022456775175419995 -0.013671101333441208 0.9999001679049054 220.2752802752042
