1.0 -3.469446951953614e-18 0.0 -1.5585406229479126e-19 0.0 0.9999999999999999 -3.5575383784680614e-19 0.0 2.168404344971009e-19 -2.388632911257127e-19 1.0 0.0
1.0000005914377053 1.1956327172438913e-06 5.3627550915744115e-06 -0.0025724908183114847 0.00020089264314402354 0.9999981306314466 0.0006661498083598322 -0.021923715912692023 0.0005683330602807809 -0.0006705202411875233 1.0000006495569949 1.3269663392242248
1.0000037316296113 1.8269696085791015e-06 8.312126194324207e-06 -0.005051259579434729 0.0006039663497323811 0.999994406432806 0.0010323810811453688 -0.03979067333320005 0.0006267138633196559 -0.001036785216461184 1.0000004127387558 2.620117433890171
1.0000022564511915 2.1530294465766514e-06 9.715492281480971e-06 -0.00766781410575053 0.0005736686742335347 0.9999944704700543 0.0012067491893815072 -0.06788230463530817 0.0013086056372297959 -0.0012170831090065354 1.0000007834715048 3.9439816432133856
1.0000053681310164 2.5449456039893653e-06 1.1598817258498756e-05 -0.010133901882015899 0.0008626640902973017 0.999991623046216 0.001440503117562757 -0.07549140329470364 0.000874038807980466 -0.001446838386904682 1.0000001704409518 5.275855065110369
1.0000074279941866 3.0339157678759693e-06 1.3881255028038927e-05 -0.012613158270836866 0.0011917792263351872 0.9999881822768263 0.0017239158024472017 -0.08502868469822282 0.0012009214177642038 -0.0017329916644421366 0.9999999706828442 6.606422889662988
1.0000170716420134 4.158402894862204e-06 1.9377974084625786e-05 -0.015237969198912724 0.0023174061370468436 0.9999757242968542 0.002406188937561489 -0.11208120593335089 0.0008797254690161207 -0.0024113294769315956 0.9999983291515976 7.939493756793719
1.0000179295681915 4.239668726473134e-06 1.978566672240908e-05 -0.01766751431630369 0.0024216536949806054 0.9999745140382069 0.0024567910446100082 -0.11741735824074176 0.0008694735283303572 -0.002461734586010353 0.9999981975268587 9.261264895432735
1.0000165749849947 3.931399673339983e-06 1.8330837519934477e-05 -0.020129374303312273 0.002341788232606142 0.9999757772375364 0.0022762734193519825 -0.12886519505105284 0.0012635250348684217 -0.0022853709722645116 0.999998904766247 10.573677746781401
1.0000097671710524 2.867627194877778e-06 1.3233908945763572e-05 -0.022658924360159864 0.0015034978244140521 0.999985388606545 0.0016435632567059898 -0.14420589107657472 0.0012955293728292008 -0.0016533537031241964 1.0000001570860586 11.906219325557247
0.9999965483282277 1.6316208343355315e-06 7.164379016039299e-06 -0.025231952534755887 -0.00021582746897807863 1.0000013056076607 0.0008899448497962859 -0.1657280615298927 0.0009491630201158627 -0.000897826893183904 1.0000008732365155 13.235273986533745
0.9999927276339311 1.4653718314137226e-06 6.2868217928330975e-06 -0.027710682943220794 -0.0006701947417570566 1.000004855521232 0.0007809968283140601 -0.17333533534923568 0.0010389219302049007 -0.0007899212738327986 1.000001035559577 14.574157483262889
0.9999947827970507 2.3785530092884644e-06 1.0449874129350983e-05 -0.03032798502525337 -0.0005066050162272758 1.0000030898338694 0.0012978012339485135 -0.19360002528160797 0.0006302376024498034 -0.0013035474906555858 1.000000108607197 15.933340406021784
1.0000030188726865 6.673525605375638e-06 3.0141275590721273e-05 -0.03289273250779731 0.00045882679803522543 0.999989144606042 0.0037418412347932986 -0.21448157120473912 0.00037420576305589827 -0.003744444755478454 0.9999936495639615 17.260665828434355
1.0000446235278366 9.38425953727999e-06 4.46608097118635e-05 -0.03562678535552761 0.0056145702826354855 0.9999235803612836 0.005543154698773211 -0.2505176963409457 0.0003244078716095121 -0.005538132561824733 0.9999852779885195 18.61417584126514
1.000055591571396 8.26537271245674e-06 4.028061772390953e-05 -0.038249611210449216 0.006936802264421419 0.9999075063751913 0.004999758165009305 -0.27546262383272424 0.00014648623280529558 -0.004990136321784009 0.9999878754502827 19.955546238963016
1.0000590610535995 4.706423928885206e-06 2.4352406494629027e-05 -0.040728945632106196 0.007477292365674588 0.9999072158112187 0.003023540688045587 -0.27030439882018364 0.0006353106582990156 -0.0030203603998703397 0.9999964278265021 21.351692728364377
1.0000441485037206 2.597367415917151e-06 1.3842858765716328e-05 -0.04354735911965587 0.005470395090054189 0.9999394841360781 0.0017188094582526973 -0.32426785157354726 -5.546445182588429e-05 -0.0017083878785167995 0.9999984638582604 22.6719767090324
1.0000305144215844 4.395621799447788e-06 2.1140344307343708e-05 -0.0458798771756127 0.0036107313644511974 0.9999609243109345 0.0026242847345927683 -0.30635355840241707 -0.0007977038157656843 -0.0026087110759978912 0.9999948768145691 24.043697514718122
1.000031490256613 1.2513085580506678e-05 5.8248039081742076e-05 -0.048462190284889926 0.0035523384352196957 0.9999388618392255 0.007227135904569281 -0.32011964719384833 -0.0015985623601377354 -0.007202838463339266 0.9999699998725754 25.412483188647702
1.0000365910122275 1.4909804930622605e-05 6.964682090965517e-05 -0.05123026222702772 0.0041930570466080595 0.999919987120704 0.008640284069361544 -0.35334911305499256 -0.001566220097088741 -0.00861439928791783 0.9999589660405495 26.797350635966875
1.0000817943503073 1.2239975204003314e-05 6.058033500023498e-05 -0.05384545241642031 0.009777629845556598 0.9998450950720171 0.007516271087531453 -0.3712177794800467 -0.0016967071310098221 -0.007469738514200107 0.9999677067141752 28.166049121129628
1.000075573274999 8.93798256852707e-06 4.487103644996407e-05 -0.056416382420499574 0.009008440109706068 0.9998712919768981 0.005568162861073877 -0.3877038052155814 -0.0016815010180377214 -0.005524151619739948 0.9999803723092444 29.516400715152123
1.0000757004784588 5.9248774439586704e-06 3.114265130900961e-05 -0.059342880199025935 0.008947069024515633 0.9998803977312339 0.003864727423602479 -0.4340375354554698 -0.0020256386413892297 -0.003814779805018434 0.999987070229857 30.930570780788265
1.000064184922227 3.3719246778154965e-06 1.8698870289116966e-05 -0.06164691005491789 0.007334229500694022 0.999911318673719 0.002319603862798328 -0.4129957619266639 -0.002840465998682878 -0.0022629705674357074 0.9999883097815984 32.30046099042161
1.0000593136763745 6.793668425736366e-07 6.251909239241493e-06 -0.06448874815691207 0.006558498337910107 0.9999253687461792 0.0007734617381904141 -0.4583517014810748 -0.003602015044613903 -0.0007090797104285016 0.9999867682031428 33.67210404619793
1.0000571408297791 2.2474999118345107e-06 1.3131263290586809e-05 -0.06716878556160014 0.0062798980693395505 0.9999283629678747 0.0016275506589078525 -0.476590863644905 -0.0036410495102459067 -0.001564214363467457 0.9999855967887382 35.07506496585388
1.000054764106711 3.767856385354998e-06 1.9811563985943888e-05 -0.06991627592806876 0.006097989064667802 0.9999292465575711 0.0024573999646650318 -0.5059113966090576 -0.0031359697784121452 -0.0024023011315951726 0.9999865702200365 36.465965717439445
1.0000500729757373 5.617660822550621e-06 2.785879437597837e-05 -0.07240132041327109 0.0055586197315026595 0.9999337652559195 0.0034563494874171726 -0.49922140504367274 -0.0029432037788252145 -0.003406636859864913 0.9999846016860128 37.8721056421332
1.0000445128393907 5.734711378194493e-06 2.8028439925583846e-05 -0.07480686460350432 0.004939791002476237 0.9999419227827461 0.0034777251234645 -0.4860008974539131 -0.002623505568485611 -0.0034350846420940096 0.9999859718465601 39.26333869972826
1.0000304579290742 6.753688521267745e-06 3.181705623571786e-05 -0.07766958326620454 0.003070194102599689 0.9999627160727554 0.003947265214986851 -0.5285422450334496 -0.0031769729586023036 -0.0039067013623004816 0.9999816429089398 40.65909798167464
0.9999890008890842 7.623927752116455e-06 3.3953374601188155e-05 -0.0805367767670156 -0.002020133101953871 1.000005290918866 0.004212594183867189 -0.5647724678602835 -0.002917201938555585 -0.0041988056766886885 0.999981723883667 42.08548040737042
0.9999904760519092 8.131490800500699e-06 3.631224796807786e-05 -0.0830829220139405 -0.001790467589588081 1.0000025982329988 0.0045054742157402275 -0.5687469577137407 -0.002709992856624205 -0.0044919202301905775 0.999981411561278 43.477901232869364
0.9999867436319546 8.361598542535112e-06 3.724117976020469e-05 -0.08594208213977383 -0.002196017192942555 1.000004526587518 0.004620972300159658 -0.6038711886796053 -0.002451418223220863 -0.0046107624293686405 0.9999820065635188 44.90476672504989
0.9999887774128404 7.055645544956635e-06 3.136286622816499e-05 -0.0886508827863454 -0.0017034622680587768 1.0000046325221998 0.003892520979766404 -0.623014640912509 -0.001381221278526238 -0.003887007048894115 0.9999890543651645 46.319625012307306
0.9999941982586804 7.556691320815406e-06 3.3822627423052724e-05 -0.09138256360516052 -0.000755652373421345 0.9999969240657001 0.00419842556869575 -0.641877158745896 -0.00015666524239097974 -0.004198880221063644 0.999990950549155 47.74840799112305
0.999986183893868 8.641250040072185e-06 3.8499089568700545e-05 -0.09412839098480484 -0.0015584800738493616 0.9999998453618381 0.004778903508958011 -0.6710774426978923 0.0007017176046174769 -0.004786519511790236 0.9999896348390318 49.13892397910484
0.9999758280590683 9.280836022949185e-06 4.113095384786279e-05 -0.0969139085739448 -0.002628756669655791 1.000004603366653 0.005105522079311149 -0.6967261181985445 0.0016641857678791321 -0.005119526256495433 0.9999885894274896 50.56726040894856
0.9999761354907817 9.084002281629228e-06 4.023957973471213e-05 -0.09960181786099737 -0.002317150141992729 1.0000034256743093 0.004994811229312614 -0.7034146676731583 0.0028835462622745344 -0.005015764755033026 0.9999885425987456 52.02609167035399
0.9999692910591366 1.0921583189363662e-05 4.849266970270087e-05 -0.10235739203959998 -0.0029934586661834383 1.0000014246619549 0.006018243921492231 -0.7303678988549087 0.0036581982126111766 -0.006042405681426201 0.9999817458375859 53.43202664007934
0.99997664573736 1.1867421986520854e-05 5.301093304411466e-05 -0.10514604695246753 -0.0018692979438273702 0.9999915719147978 0.006578076872818505 -0.7508016895378438 0.004598176035644743 -0.006610183546400774 0.9999759787168727 54.88535670650109
1.000010890678131 1.291128285883271e-05 5.903345882575582e-05 -0.10762819194195603 0.0024441098563817813 0.9999503980250111 0.007324649541068604 -0.7474430229972746 0.004868004323888809 -0.007371927922146715 0.9999698742533781 56.27503455431322
1.0000064184176123 1.349636130867915e-05 6.154053578990518e-05 -0.11053944900316473 0.0020331892068795685 0.9999523009528459 0.0076349842478001615 -0.7853954872978979 0.00551237634226686 -0.007687478845586551 0.999965321653451 57.718140504285245
1.0000028664467733 1.4694476552995842e-05 6.694205259754737e-05 -0.11348385836799839 0.0015165096415965668 0.9999520293093365 0.008304876239139418 -0.8261746123967766 0.005175421481376242 -0.008352248852272556 0.9999611920792172 59.167001717771676
1.000002316224266 1.5239308299585738e-05 6.944944485009477e-05 -0.11616712276994165 0.0014129771147102215 0.9999503793468199 0.008615798180638658 -0.8463591816117026 0.005018444968140493 -0.008661354044806445 0.999959083668303 60.5630742091394
1.000033000661096 1.725447238772916e-05 8.03645329671321e-05 -0.11887005684690923 0.005094783090096422 0.9998961540939547 0.009968887719993227 -0.8547847106974209 0.004443541970192574 -0.010019243791013275 0.9999481016611511 62.02248057112824
1.0000442681525556 1.586633064283756e-05 7.457910980511397e-05 -0.12159902985673389 0.006424425784750691 0.9998846870882364 0.009252117490064066 -0.8774001436009833 0.004132823989377078 -0.009301579562025514 0.9999557959785024 63.433027531140134
1.000048165193221 1.4655638684404546e-05 6.920236580788505e-05 -0.12431071043972651 0.006802123962624824 0.9998850995454208 0.008585947788569977 -0.897643149444721 0.0036588715664559197 -0.008629216159651157 0.9999628052576508 64.84457730711742
1.000054586421946 1.3796382704147833e-05 6.565614707582492e-05 -0.12703395876601026 0.007486227751887935 0.9998783852463703 0.008146561129947664 -0.9071834692417633 0.0031533677893839807 -0.008183272606674 0.9999673567941748 66.31026294620344
1.000044613148827 1.3601775183651882e-05 6.408005729973223e-05 -0.12962268397630627 0.006111464587483755 0.9999003790951944 0.007951340039437564 -0.9217837993268556 0.0025460845759011997 -0.007977409258005188 0.9999696514875647 67.67887952191509
1.0000247643306412 1.6171971874636912e-05 7.484750858002777e-05 -0.13245838564230156 0.003456948979064737 0.9999229324171991 0.009286058891876286 -0.9447720398060733 0.0017010986138221089 -0.009300297264165333 0.999958510858011 69.14687402986263
1.0000036676117217 1.7913414303748904e-05 8.197792183369359e-05 -0.13499276460069629 0.0006731583940048341 0.9999424898279408 0.010169599781839081 -0.957157883516315 0.0009707350953732498 -0.010177552285735754 0.9999496367115561 70.49526735722796
0.999980534140072 1.9601300130886457e-05 8.908827280639073e-05 -0.1377528068264211 -0.0024921211210636694 0.9999557430931318 0.011050122695044243 -0.9767447186557923 -0.0003328743278657412 -0.01105325946294193 0.9999384149266907 71.93652775200738
0.9999434904547417 2.00454139077412e-05 9.052762307509995e-05 -0.14039459107522315 -0.007162609013955653 0.9999688163676276 0.011228247425486523 -0.9977545417192499 -0.0006450778964056166 -0.011240924367987523 0.9999356092176147 73.30594680098343
0.9999233642905889 1.896465969727576e-05 8.543096418104539e-05 -0.14296318640250372 -0.009846852814272285 0.9999745058450418 0.010596288143596673 -1.0060495632734894 -0.0014690344169884563 -0.010616991913903232 0.9999400607745209 74.69153361789772
0.9999186424451717 1.923903255787035e-05 8.674880470910013e-05 -0.14565084677577503 -0.010580304582475083 0.9999711798381891 0.01075902222313522 -1.0110974636167869 -0.0021247793407346543 -0.01078378182497765 0.9999359159734273 76.1575435902538
0.9999133609838419 1.9828099048649003e-05 8.95662528205218e-05 -0.1482133767027261 -0.011316002311194423 0.9999652306513724 0.011107729260621643 -1.023592924254298 -0.002480605168504885 -0.01113655841885687 0.9999305924486074 77.52103907671531
0.9999160938416999 2.0490930270520083e-05 9.26596930104866e-05 -0.15101797746826326 -0.010993427041716743 0.9999618965840229 0.011490863896043087 -1.0533469466431193 -0.002555615726389655 -0.011518526255564272 0.9999259465824775 78.9416364164049
0.9999242331180935 1.7748939953746504e-05 7.973248271236954e-05 -0.1534234569320669 -0.009828486026606426 0.9999817851401993 0.009889901033463433 -1.048872914313439 -0.0018683140823057291 -0.009911220891439206 0.9999459078210235 80.29382822183898
0.9999258595713445 1.812525041604285e-05 8.148653205918379e-05 -0.15619319675474772 -0.009660691100172836 0.9999798940057477 0.010107122826843494 -1.0786981000769076 -0.002020810389434558 -0.010128068556480154 0.9999431662103201 81.69480098129957
0.9999188707328006 1.8963180515380734e-05 8.54522127428333e-05 -0.1587952358275809 -0.010379343231928566 0.9999733792366293 0.010598999285536355 -1.086579525690746 -0.0013550145198233424 -0.010621196865010327 0.9999403830613184 83.10075458197518
0.9999246627104168 1.7308463878389427e-05 7.767229740381272e-05 -0.16131741101130403 -0.009691141579890424 0.9999845131161801 0.009634899148291439 -1.0947822156426275 -0.0014937421252810177 -0.009655104098046393 0.9999497158844567 84.46104403964681
0.9999204135814006 1.7465278500477383e-05 7.842784424343368e-05 -0.16387333512634308 -0.009984156107133187 0.9999830754566891 0.009729179928098974 -1.0992199450157105 -0.00044713915991950975 -0.009748364906294117 0.999951717827781 85.85681490515348
0.9999213021039416 1.8935524422137098e-05 8.530574288151903e-05 -0.16647369311217636 -0.009653978596897116 0.9999749871640987 0.010581801018596028 -1.1171153139078305 0.0005332110363097965 -0.01059870929834548 0.9999448066002804 87.21717971023074
0.9999224441496464 2.0623662542098437e-05 9.323847495517593e-05 -0.1690408172122551 -0.009270672363493156 0.9999646285997525 0.011564712844137326 -1.1314589630203389 0.001610081703562857 -0.011579854502326611 0.999934730259652 88.57497751053113
0.9999224766131959 2.1443939729628644e-05 9.711002051995951e-05 -0.17173253795098603 -0.00898132300743068 0.9999592727039249 0.012044131068042084 -1.1519102291111845 0.00288247216823197 -0.012058037942535755 0.9999285242615217 89.9745440703921
0.999932425949804 2.29058828468999e-05 0.00010400718678004925 -0.1744128636725472 -0.007492841957877622 0.999948888066032 0.012897885800977126 -1.1753549324971047 0.004010143651003685 -0.012914024630475534 0.9999159974864944 91.35445026268869
0.9999372991030097 2.2164435450076903e-05 0.00010050079403870773 -0.1770126983802463 -0.0068780386554057205 0.9999538690737547 0.012463634299826973 -1.1899503385281793 0.0040529693823012445 -0.012481171751243216 0.9999213925079021 92.72924163007976
0.9999447341051818 2.1801810015794135e-05 9.882419228046408e-05 -0.17953172654015914 -0.005932858849027077 0.9999548834241034 0.012255935286115275 -1.2050569450837996 0.004150285377139493 -0.012275813407348355 0.9999237082829854 94.05699974551507
0.9999497716691681 2.1612712339424273e-05 9.797517038744995e-05 -0.18205101130098522 -0.0052691117299076985 0.9999545427435066 0.01215068463049225 -1.209621667436923 0.004320322340086451 -0.012172603710725009 0.9999245553445019 95.4319121083812
0.9999512983956823 2.0596893750246884e-05 9.319592276656272e-05 -0.18464036582114343 -0.005135954167330532 0.9999611886672636 0.011558856922322188 -1.2245319354333404 0.00406859093080424 -0.011580369573421703 0.99993218234996 96.79949503239096
0.9999390590035421 1.9318990843935485e-05 8.708799869605014e-05 -0.18720907636239004 -0.006691134522688785 0.9999729846713912 0.010802293834889823 -1.2389396673555195 0.003911783844338534 -0.01082001679533082 0.9999410305630643 98.15788567898095
0.999924236669612 1.9675531568640048e-05 8.876569978427174e-05 -0.18968172001164607 -0.00853270426598286 0.9999715242521395 0.011010151354984149 -1.2468842726846558 0.003908331493820076 -0.011023994481527275 0.9999388128083958 99.49189376411218
0.9999252059872836 2.157700941477804e-05 9.772608483003971e-05 -0.1922342293173569 -0.008501306156923117 0.9999586830851122 0.012120237412281966 -1.2561765877478928 0.0035115107396035054 -0.012134366079215744 0.9999267266327769 100.86412408617299
0.9999209394316189 2.39150885833362e-05 0.00010883893071085018 -0.19466493768652923 -0.008989436135689807 0.9999406970405672 0.013496324561599335 -1.265814760556259 0.0036976367349108984 -0.01350948680508061 0.9999087785327174 102.16735436944423
0.999920127911163 2.2181201363588587e-05 0.00010061236018511885 -0.19724405601760794 -0.009072675358428732 0.9999538620711597 0.012477594767891976 -1.2801090559279495 0.0037758754122940597 -0.012490488535590472 0.9999218607323024 103.53201509489877
0.9999201044284626 1.8403836379998414e-05 8.282088852080093e-05 -0.19969870911234544 -0.00912990202748374 0.9999789063987867 0.010273781387280998 -1.2903238392930607 0.0035336753736628533 -0.010286763605758118 0.9999473757470843 104.84593538645471
0.999937101549248 1.623511647367952e-05 7.26599305024265e-05 -0.20215313159855997 -0.0070280463649976845 0.9999911268838593 0.009014616186754336 -1.3057149503444594 0.0034934137214428403 -0.00903115186989377 0.9999595547699689 106.13664383083977
0.9999388271182088 1.799666924424785e-05 8.08880481172696e-05 -0.20471566744816536 -0.00692873372654968 0.999981291176919 0.010034458384069647 -1.3128670552737116 0.002980622966615226 -0.010050624991526976 0.9999505765649374 107.52397159646465
0.9999676047361223 2.096994951784545e-05 9.521816588543516e-05 -0.20715572746550467 -0.003441035557640146 0.9999518731325527 0.011809854297493065 -1.317185943319267 0.002596148910631194 -0.011828524209068887 0.9999315296727715 108.85610280647418
0.9999732937011594 2.273423268658696e-05 0.00010369589275209079 -0.20968675900862666 -0.002864790537480371 0.9999360812502572 0.012859875694708901 -1.333126975108878 0.002015196341032791 -0.012876071424870726 0.9999188948960717 110.18678765322751
0.9999771971274284 2.182058291791064e-05 9.946584811819088e-05 -0.21206589343701032 -0.00257895255426328 0.9999411659424224 0.012335990627127511 -1.3291485322191954 0.0011280515771606493 -0.012347384395013424 0.9999253479370439 111.52217853695787
0.9999709476165229 1.6672843415862018e-05 7.513177196582371e-05 -0.2147416279932094 -0.003665419789447631 0.9999792187734964 0.009320831501334 -1.362948843354882 -0.00025591074190164606 -0.00932668542802324 0.9999561461727342 112.85336055717389
0.9999511917170512 1.4596309669037341e-05 6.51463560733534e-05 -0.21735315775335012 -0.006326905787783661 0.9999981447789517 0.008082617741918664 -1.3860626547311754 -0.0011834432247524748 -0.008092225997803463 0.9999645379021959 114.19664074462999
0.9999297599939385 1.30432995237139e-05 5.785877393444283e-05 -0.21971637548158302 -0.009278145629949653 1.0000057956362791 0.007178045447473479 -1.3886029945178389 -0.002475019067902989 -0.007197994618959198 0.9999666669903697 115.49414551440701
0.9999285404760535 1.67536157309172e-05 7.50712661180201e-05 -0.22239605269042964 -0.009788106079100906 0.999987432903482 0.00930990106939191 -1.4119697425223394 -0.004073804587481168 -0.009334788612522231 0.9999409115676707 116.8740401838874
0.9999258305207531 2.08760731401237e-05 9.441350478779599e-05 -0.22474837018716246 -0.01018331009091522 0.9999614530878163 0.011706014595021201 -1.4165734176942057 -0.004335370287390953 -0.011733809794984848 0.9999141003827717 118.15630645832286
0.999928713632025 2.2054098297695154e-05 9.997285266251312e-05 -0.22732974226943017 -0.010077187979631756 0.9999533864469462 0.012392882591204532 -1.428013951655588 -0.005458881681978728 -0.012422215435601798 0.9998982638415328 119.53494190237518
0.9999308051178389 2.106234376162558e-05 9.52820917347059e-05 -0.22988793058779564 -0.010042246360914586 0.9999605176030344 0.011810166944353202 -1.4499203338313167 -0.006461396359026304 -0.011841144900795908 0.9998975195430015 120.85406431206832
0.9999190087361709 2.1014462479380935e-05 9.510437466611404e-05 -0.2322700630019307 -0.011795451741010553 0.9999557810732536 0.011785542403407914 -1.4496435870154551 -0.0077466621850314455 -0.011835749377450964 0.9998861309987823 122.17460766195444
0.9999076666771305 2.0029500884958043e-05 9.058493569032372e-05 -0.23478590369680835 -0.013482852173378156 0.9999545215849412 0.011222831812573606 -1.4565728019944473 -0.00899008703981953 -0.011295859570379306 0.9998797162301775 123.53706798980942
0.9998970659569347 1.9287102351151636e-05 8.727657640459144e-05 -0.23727751196866217 -0.015117746750630866 0.999948866891873 0.01080926057460072 -1.4651192284126886 -0.010409938716166935 -0.010909910431032559 0.9998676581308673 124.87889549826245
0.9998955053564929 1.8064781117016482e-05 8.157719924078012e-05 -0.23981559451955017 -0.015507639086644693 0.999953455466888 0.010100619442237377 -1.4807723801794719 -0.011284370066165977 -0.010212482689253571 0.9998639493045538 126.21476925984648
0.9999046816342526 1.715388804131822e-05 7.714982509889794e-05 -0.24233109722573412 -0.014591759142976859 0.9999652939125692 0.009548979988488072 -1.4945213819094239 -0.012282098482729284 -0.009655203665158282 0.9998559181409316 127.5466291703302
0.9999058936802292 1.8445136617082844e-05 8.31703850036516e-05 -0.244712011006861 -0.014621240429222651 0.9999577139723738 0.010292386640714237 -1.4973944049329606 -0.013084845886341965 -0.010404145969865221 0.9998367834208801 128.8524510202351
0.9999105609560737 1.9364601197308096e-05 8.741996335693788e-05 -0.24735745396085665 -0.014244216925155541 0.9999545878629907 0.010815785876168901 -1.5169636773526787 -0.013988390539230629 -0.01092731903659141 0.9998173453192188 130.23032060715664
0.9999138177764983 1.9375096999818195e-05 8.743189112816172e-05 -0.24974722834297167 -0.013899690297720362 0.999956656473319 0.010816320668155022 -1.5165679407147976 -0.014255696767373614 -0.010923906897706889 0.999813124232965 131.55562699107514
0.9999241505842776 2.0059967718444663e-05 9.05745510384338e-05 -0.2524386238462757 -0.012602919067258762 0.9999591041008804 0.011205910117593242 -1.5464570605010743 -0.014195346034353323 -0.01129229718958761 0.9998100043555285 132.91292477818487
0.9999379850663975 2.1448628432351596e-05 9.711695587848591e-05 -0.25483454554834956 -0.010870739820648333 0.9999560624571684 0.012016592096565795 -1.5453067098786404 -0.014132619560993178 -0.012074950990108009 0.9998018716035392 134.24500100933938
0.9999461060436976 2.162815424824882e-05 9.801376610291796e-05 -0.257378225401638 -0.009749586866652957 0.9999572302708 0.0121294784653217 -1.563224446786518 -0.013630458583192749 -0.012169170805007432 0.9998086095713469 135.57387570859336
0.9999357880790074 2.0502097480739126e-05 9.264371591846047e-05 -0.2599218977435476 -0.0107778081586146 0.9999627699168676 0.011468054353571172 -1.5768496929385898 -0.012501416204198451 -0.011520816374001647 0.9998330748078739 136.92188885468488
0.9999514427294526 2.256056975074791e-05 0.00010248124619984043 -0.2625043203057302 -0.00862423962926321 0.9999515501594514 0.01268945257320589 -1.5940706761531804 -0.011567553827857568 -0.012710906267705019 0.9998315975032305 138.27532784913106
0.9999512036076593 2.3107643580023984e-05 0.0001050743515246574 -0.2650556331103739 -0.008381128912090627 0.9999474830057826 0.01301404898837896 -1.6091544096055308 -0.010350953637580032 -0.013032032806485643 0.9998430002552725 139.62106834656106
0.999958675350738 2.3062232342486305e-05 0.00010495991564804367 -0.267592859923648 -0.007197259000631076 0.9999473178774765 0.01300287413650175 -1.6191657227536036 -0.009209533943602802 -0.0130076188561245 0.9998565440029341 140.98162827090928
0.9999499237725292 2.234306269935371e-05 0.00010143359797648577 -0.2700702863513197 -0.007986244000681127 0.9999532321414416 0.012569239346988963 -1.6286050923063364 -0.007881123933649209 -0.012582942275455264 0.999875724416054 142.3116192417286
0.9999476703130602 2.1958720458828754e-05 9.959124014121052e-05 -0.2725750524822008 -0.008071663237079642 0.9999560574094961 0.012342864863657705 -1.6383577381013672 -0.00701401032759568 -0.01235748050558076 0.9998865574490263 143.65535483389226
0.9999660495610811 1.805072156083401e-05 8.146514198725677e-05 -0.2750662090224424 -0.005719948212027484 0.9999785618608594 0.010098065901624197 -1.645729576429951 -0.00670548087337336 -0.010092732616515596 0.9999146229150303 145.00217029985896
0.9999837049362713 1.637328184064986e-05 7.407017957741812e-05 -0.27775368152618374 -0.0031886132903808156 0.9999782788460018 0.009184307952935818 -1.6841552684262617 -0.005195019888652761 -0.009164969293013537 0.9999352590469935 146.31922606128984
1.0000525593198861 2.0313713129970976e-05 9.600418820508738e-05 -0.280327645411889 0.005529956653614897 0.9998691523845705 0.01190314165907561 -1.6862206551188694 -0.004448053732586424 -0.011833975172903482 0.9999122230122727 147.73556758706363
1.0001057707827403 2.186692503622703e-05 0.00010796459889491662 -0.2828284053289406 0.012466842883793001 0.999732068227721 0.013386183663682018 -1.7014055368305407 -0.0029830047600046747 -0.01330553346218041 0.9999018348107809 149.05285903098027
1.0001073815805994 1.761309482258694e-05 8.802129147697187e-05 -0.28536665938578454 0.0129835681269181 0.9997513755524488 0.0109173138327747 -1.7270334010571866 -0.0015707559449091959 -0.01086350972747076 0.9999370782413526 150.34434498053525
1.0001182936532675 1.124810184106699e-05 5.951414976604059e-05 -0.2878583689223301 0.014336622699525023 0.9997543815020337 0.007384190498406756 -1.721838349488071 -0.0015802238259841996 -0.007324946295266909 0.999969176898697 151.74750947636798
1.000084467089545 7.633060019647184e-06 3.965314117843652e-05 -0.2904643265690698 0.009946271154781696 0.999858257257449 0.004920277265452953 -1.7494941514811102 -0.0024248991302154863 -0.004859568433418114 0.9999809445570602 153.06744836461013
1.0000865690051128 8.451838626948732e-06 4.357746465079673e-05 -0.29315691309183617 0.009960271298938934 0.9998554900753197 0.0054059300457703794 -1.777629449698529 -0.0035265798718969784 -0.005325377390776954 0.9999733116463428 154.4332270475564
1.0000738242886615 1.321519897054882e-05 6.442531470637588e-05 -0.29570401425575277 0.008350999947862143 0.9998658292480462 0.00799105546506551 -1.7964299636095187 -0.0036447423575964163 -0.007917386689184855 0.9999555489264333 155.76005979533696
1.0001721411022553 1.6569048007826145e-05 9.095631041851696e-05 -0.2980970929350153 0.02043607786494072 0.9995627514711721 0.011278399839993337 -1.7960144320076814 -0.004201977977476942 -0.011126459504993667 0.9999218445528679 157.08728449265018
1.0001840203209338 1.716197498181221e-05 9.54581642093361e-05 -0.3005611085247238 0.02195682004975911 0.999511789466325 0.011836337302485707 -1.8035347163004212 -0.00399927307149175 -0.011682111395679469 0.9999167125812751 158.41840633706778
1.0001942591085475 1.7811673044937013e-05 0.00010007032651078115 -0.30320201761185966 0.023276604877680247 0.9994643500895958 0.012407867935671247 -1.829800414964724 -0.0037842201973699663 -0.012253495762755832 0.9999111073737198 159.76390181409207
1.0001883137763374 1.7753448045656692e-05 9.889099038844261e-05 -0.30570500388651933 0.022270191973944718 0.9994972150179682 0.012260233845731789 -1.8305347465511346 -0.0049796405872759115 -0.012074685679727809 0.9999058827996201 161.1468693445731
1.0001827097256446 1.6710445840171714e-05 9.313651828098644e-05 -0.3081094362944281 0.021285369406510372 0.9995351314625038 0.01154539306481535 -1.8302012098927496 -0.006267791417889642 -0.011327943626588973 0.9999050398160036 162.48001647724843
1.0001776226305976 1.580330015073239e-05 8.813216989757332e-05 -0.3105394366683064 0.020337134834839787 0.9995695218413032 0.010922736763134863 -1.8323978158291727 -0.00767908431865216 -0.010672168407877568 0.9998998537171774 163.81604073881297
1.0001699230260153 1.4654359278488266e-05 8.166305857320341e-05 -0.31299878994659913 0.019230834756605066 0.999608795359168 0.010119725299754271 -1.8332299577264235 -0.00834837916549837 -0.009860701828499963 0.999901601028931 165.17440658205365
1.0001743194433004 1.6238785596693617e-05 8.970925357700216e-05 -0.31549228566502496 0.019710751034365072 0.999584982694832 0.011116026259623227 -1.8393278886170514 -0.008643056586377778 -0.010844407093482208 0.9998883945114588 166.52819863037578
1.0001791579401866 1.6033409155217018e-05 8.943400048062053e-05 -0.3178999968222447 0.02038376970539682 0.9995664334064246 0.011082659690957158 -1.841961321345049 -0.008321422209369444 -0.010813383964179605 0.9998920392987426 167.84993028148807
1.0001655434106007 1.3144898745287917e-05 7.401826195934801e-05 -0.32043056025803546 0.01870900101084818 0.999632057132104 0.009172511935993029 -1.845002712996147 -0.0082499405498207 -0.008920971998188084 0.9999114078509671 169.23788255344311
1.0001353364001984 1.0185617935943095e-05 5.651303555088429e-05 -0.3232407925992873 0.01528359515760574 0.9997354578094529 0.007005267629732982 -1.8737491070553864 -0.006796022250933796 -0.006820896415327489 0.999941471988207 170.66609243484177
1.000092389246138 8.265831294526627e-06 4.3247109160153736e-05 -0.32567299518518544 0.009915279882839722 0.9998565496066127 0.005359621228597152 -1.8845360802845184 -0.006950676982107259 -0.005217634911291136 0.9999497573943753 171.96502712730322
1.0000819398482836 1.0054725113046656e-05 5.052426622171842e-05 -0.32808659390435657 0.008536092489307845 0.99987512838975 0.006261496288222641 -1.8802965680029677 -0.007313995579380158 -0.00612553443608222 0.9999413736105104 173.32066980801363
1.0000300806841964 1.4507387097833363e-05 6.739784298682473e-05 -0.33095130488244695 0.0019287367413612887 0.9999476064448046 0.008352001127351016 -1.9157772148019092 -0.00805843549062026 -0.008268356111244 0.9999189153632222 174.74902010179645
1.0000313016538207 1.918501027798128e-05 8.931985231835611e-05 -0.33345205373145625 0.002067038080456199 0.9999197952642099 0.011068527115092413 -1.9225991491727972 -0.008117888956111683 -0.010983014808803744 0.9998922335615108 176.10360045562385
1.0000379810607138 2.041707936222513e-05 9.552558936257497e-05 -0.33614578060296746 0.0031026978472046846 0.9998999379362331 0.011839209866780031 -1.9400281923934914 -0.00719859703767554 -0.011753933127844503 0.9998921805107439 177.51775585772108
1.000047098600988 2.0225764722233905e-05 9.521240255034105e-05 -0.33870166309660266 0.004543410093005386 0.9998832561112371 0.01180296300956691 -1.9441589191030062 -0.005823275026107053 -0.011722369862137635 0.9999039895207427 178.91487276767867
1.0000658559480158 1.3374980555831001e-05 6.453417607230798e-05 -0.3411562283464747 0.0073623330381176275 0.9998814521014185 0.008004546684461262 -1.9493397287219796 -0.0036406098559610906 -0.007936208378184187 0.9999554225127695 180.25119370015543
1.0000439868017101 7.270906412937955e-06 3.4973157734183346e-05 -0.34397120000939213 0.00504840238153962 0.9999371215994697 0.004340142909146158 -1.9803794503946677 -0.0018478086677607378 -0.004307294934318256 0.9999857427191018 181.6718011604563
1.0000159556679584 6.800751379839806e-06 3.1284452377689474e-05 -0.34663864266434885 0.0016815451311412485 0.9999774507453226 0.003882830760542119 -1.9992706518311647 -0.0013378669863145104 -0.0038670563267014972 0.99998926864457 183.06487885600436
0.999992250421308 8.89756742922937e-06 3.986561800599906e-05 -0.3490750721964345 -0.0012207040176260165 0.9999967720274567 0.004947600348715664 -2.0041598116426185 -0.0011518082983893489 -0.004942182856928181 0.9999851162204832 184.39245621547153
0.9999626989696189 1.4982693337054626e-05 6.710389526339445e-05 -0.35188988857435743 -0.005050521010550088 0.9999931383246713 0.008324783066275394 -2.028569835329087 -0.0018644561018325248 -0.008328545506577916 0.9999603335157984 185.8425431890607
0.9999444988574708 1.7723572670526322e-05 7.964274022537144e-05 -0.3544902523899723 -0.007322870856230518 0.9999832087163397 0.009878759646046648 -2.046534610077913 -0.0019182638023761587 -0.009890823073962175 0.9999459247328318 187.2026017035078
0.999966140475459 1.834614794460343e-05 8.285034567623718e-05 -0.35707418247406875 -0.004724199834282053 0.9999739298603211 0.010275893128949868 -2.0406540266143707 -0.002315235890916906 -0.010277006866534282 0.999940478764767 188.65989836872293
0.9999670911679688 1.93271100439648e-05 8.747148387047211e-05 -0.35979241195286465 -0.004593802902784544 0.9999674306404519 0.010848492109142117 -2.0606721610521466 -0.0022602504869803555 -0.010849282012640115 0.9999346667446263 190.07607798165327
0.9999994476718397 2.028505066568702e-05 9.294809630545475e-05 -0.36228746944629026 -0.0005833219621512531 0.9999379177613184 0.011526946019157356 -2.0649930090793553 -0.0022954586299685255 -0.01151143777391021 0.9999271289197863 191.43865999840875
1.000015930304063 2.0702748938740065e-05 9.564845445495461e-05 -0.36502004461364895 0.0013034538950955753 0.9999181357795672 0.01186075565554643 -2.078817956122772 -0.0030099389565397512 -0.011830992724434058 0.9999202181487619 192.890403632815
1.000029902005454 2.1409857065227827e-05 9.973551045767254e-05 -0.3675516975989972 0.003059149926260262 0.999894025212667 0.012367077236476103 -2.0910393629599597 -0.0029183349290838262 -0.012330136659483985 0.9999146319002854 194.2380205354926
1.000069478822925 2.3293436930575673e-05 0.00011142414864574561 -0.37019297646027716 0.007859383205173943 0.9998101902920488 0.013813986189663315 -2.092124854500182 -0.00343046259571899 -0.013747196408340786 0.9998936235223346 195.6960133737408
1.000097800597205 2.3994253457202547e-05 0.00011731178267824832 -0.3728929038066191 0.01128093224265428 0.9997395374927881 0.014542432388701029 -2.1059054339755945 -0.003857470142946081 -0.014450413567813618 0.9998813908589104 197.1298733498822
1.0000740152685845 2.037634606798927e-05 9.795002526076166e-05 -0.37567947988499556 0.008299913126655652 0.9998247768032794 0.012144807906271678 -2.1358548952549574 -0.0039783383810348535 -0.012066558940316592 0.999912274018755 198.53961640946983
1.000033047139173 1.1212339384737355e-05 5.234447481236321e-05 -0.37828336735157053 0.0031352482295752687 0.9999486678618101 0.006492225599941064 -2.1357792249777074 -0.004320856503062249 -0.0064387086996141405 0.9999622282177051 199.98207883811148
0.9999499311694334 1.0998029761606284e-05 4.853821284067639e-05 -0.3809842656137445 -0.007496335185758014 1.0000140651111995 0.0060179869267953665 -2.1460185607382583 -0.005700444349255148 -0.006028373693830228 0.9999553763545332 201.43226891973563
0.999910714689667 1.7350408675684617e-05 7.798299553838641e-05 -0.38359771309253393 -0.01252700939833825 0.9999755315468811 0.0096669900903282 -2.1525515716451014 -0.0064155489108420885 -0.009718388429909103 0.9999207516518321 202.8505542312735
0.9998992990470271 1.9610280206614622e-05 8.87514740881151e-05 -0.38619479780838367 -0.0142413326242002 0.9999526094241913 0.010998548177913514 -2.1503081470881376 -0.007738284296117537 -0.011072207721530995 0.9998949464733222 204.29891627958983
0.9999113675858695 2.069071709209433e-05 9.365169863111904e-05 -0.3888506306248782 -0.012610642371131874 0.9999544895717298 0.011606828304035451 -2.155979244226214 -0.007150111922850707 -0.011662207256386238 0.9998936886642321 205.74451984374656
0.9999309731660189 2.132240672841207e-05 9.651003647442391e-05 -0.3916443490382455 -0.009923927018688439 0.9999589265177141 0.011963047344541974 -2.1768964118118017 -0.0060268155417639675 -0.01199227250522419 0.9998992191648559 207.198498609013
0.999942335753157 2.0489242715183292e-05 9.261048421582707e-05 -0.3942623529281626 -0.008285226808988584 0.9999663020292168 0.01148172685346532 -2.1831285800579296 -0.005011941289158025 -0.011497945294081624 0.9999124529918024 208.6206490471565
0.9999410728590951 1.9779194682609594e-05 8.926048525976474e-05 -0.3970084890949738 -0.00835947422930483 0.9999709610469537 0.011067283133486512 -2.186748923581345 -0.004643616489773534 -0.011083918425968968 0.9999195655314467 210.12541125304622
0.9999275256203916 1.9691754996463418e-05 8.883043148019275e-05 -0.39982366724459384 -0.010035299146581893 0.9999696295698269 0.011014022309772803 -2.207753619835594 -0.004614113186279296 -0.011041429033282913 0.9999202248490383 211.59088484015177
0.9999215164633165 2.046235909355411e-05 9.248357143920626e-05 -0.40238716490962395 -0.01071385694220952 0.9999629545670364 0.011466980411722128 -2.2008031842330262 -0.004312096588635756 -0.011497984391779667 0.9999169791796239 213.04163637556104
0.999920559419412 2.0438916810805452e-05 9.237918123066857e-05 -0.40516054055048273 -0.010683038599923866 0.9999631745853623 0.011454917823826521 -2.223590573613422 -0.0036446156738557545 -0.011484020042241154 0.9999210003716973 214.47600823336433
0.9999138832333752 1.9142351694093757e-05 8.633817990810625e-05 -0.4079433497876188 -0.01148058989181365 0.9999690600980485 0.010706704020925394 -2.237098242240513 -0.0035038331169350723 -0.010739689645067519 0.9999300185097841 215.9569881934421
0.9999177376626471 1.8432990819839887e-05 8.297531629514882e-05 -0.41061017616551904 -0.01093030223916493 0.9999751725561705 0.010290427170232356 -2.237168206133992 -0.0031845132545258083 -0.0103195616493911 0.9999360810006279 217.43365895331027
0.9999080507910729 1.842014093873627e-05 8.302204073999133e-05 -0.41352772851332426 -0.011994142370141013 0.9999714775405611 0.01029685961761961 -2.2648510694892123 -0.002563836803905397 -0.010328923063238562 0.999938889215868 218.92604932573292
0.9998982452235837 1.779780125440479e-05 8.027228397098555e-05 -0.41626093238748324 -0.013249045727431984 0.9999691994406532 0.009955961293022198 -2.2756325592644395 -0.0027294796929000593 -0.009994408651512719 0.9999415462808579 220.39171363115815
0.999908423022304 1.799297109953031e-05 8.101676858064395e-05 -0.41899019531442167 -0.01193224152191947 0.999974250419979 0.010048460331284884 -2.283874603904103 -0.0024939412678924256 -0.010079975484604363 0.999941729100525 221.86652010078737
