1.0 -3.469446951953614e-18 0.0 -1.5585406229479126e-19 0.0 0.9999999999999999 -3.5575383784680614e-19 0.0 2.168404344971009e-19 -2.388632911257127e-19 1.0 0.0
1.000000238647032 1.5577085106313615e-06 6.969831035554073e-06 -0.0025870853271003696 0.00012646609624124283 0.9999985863892349 0.0008656600697740401 -0.0246707182802108 0.00043181158941984544 -0.0008690181435815391 1.0000003214297541 1.3227988809172309
1.0000082156031982 2.2032359353937186e-06 1.0184062588107327e-05 -0.005063125922923845 0.0011068556104128092 0.999989656610931 0.0012647294605960767 -0.0412283799558477 0.0003859939910923105 -0.0012663569170276038 0.999999838983803 2.6202779000658296
1.0000174154099644 1.1138496705202089e-06 5.717480548155006e-06 -0.007793506536935879 0.00234692991856493 0.9999780852303375 0.0007102596307116665 -0.08331799672041809 0.0008209976040280157 -0.0007146195048930248 1.0000009003173156 3.9447582094316838
1.0000285154813648 1.5761158986080798e-06 8.349406831021722e-06 -0.010300952768473731 0.0035900383478687584 0.9999640946975051 0.0010368847653639515 -0.10296149041571132 0.00021709829038206105 -0.001033030469014915 0.9999998498397946 5.245869336813123
1.0000278043389899 3.889940956599072e-06 1.871128454199308e-05 -0.012783180391087681 0.0035946722926091784 0.9999618603278145 0.0023233797460838956 -0.11260696813346915 0.0006316194295421303 -0.0023244729198492117 0.9999982730957706 6.577600228103105
1.000038870722614 5.699655622760577e-06 2.7521113880455165e-05 -0.01547765905089191 0.004986038375957352 0.9999415317668129 0.0034167976538747847 -0.14957302166616943 0.0007075410467047415 -0.0034174132827057323 0.9999952374340061 7.905045587382221
1.000038592377215 6.914227101070813e-06 3.301748701402371e-05 -0.018064997122378045 0.004842385589327267 0.9999408219919625 0.004098682703416388 -0.17535470341613682 0.0002210707926101705 -0.004093251205454988 0.9999920567974556 9.22303004223675
1.0000313800797522 5.154787431019964e-06 2.4619469942279348e-05 -0.020588731571942475 0.004123522651311596 0.9999535769598158 0.003056761784223828 -0.19160074912173994 0.0010096860123162583 -0.0030619297833850805 0.9999966700134939 10.548313273572484
1.000013848995739 2.0707313701656682e-06 9.837958655706854e-06 -0.023092510372518662 0.0018321304216116115 0.9999828046784183 0.001221793353372124 -0.20597986604477858 0.0005004262730583539 -0.0012235277855441537 1.0000000475679014 11.870870035904836
0.9999800533479222 4.423290537753505e-07 1.3310419582643687e-06 -0.02576786285089569 -0.0022931503514739228 1.0000158190179642 0.00016555690377500028 -0.23442856756171548 0.0008207268440723887 -0.00017443166296617868 1.000001132325342 13.22570625568145
0.999963703985511 8.349179770762022e-07 2.7215572272706358e-06 -0.0283348898212376 -0.004388784447757517 1.0000256452036016 0.000338162645362596 -0.2526472369857903 0.0005299824275392629 -0.00034804085941978104 1.000000760921284 14.56616938840692
0.9999536461689149 2.1749292082283433e-06 8.5676928276606e-06 -0.030999558835180463 -0.005733082357690419 1.0000291463018736 0.0010639429796093717 -0.28140389844146985 0.00010538391853063362 -0.0010745731253986063 0.9999996229814637 15.913715362849832
0.9999761537267405 7.471968734589288e-06 3.289492437484826e-05 -0.03360410743089222 -0.0029395638408639463 1.0000109517622149 0.004083419570788634 -0.2996520728335731 9.775721802779609e-05 -0.004089400545130344 0.9999918695128892 17.274827719677365
1.000012176716264 1.0358971828505065e-05 4.734726898240069e-05 -0.03625929431276068 0.0014878206900972649 0.9999695611754448 0.005876195702624172 -0.32605932943138505 -0.00010887505871502961 -0.005872908643601471 0.999982637147674 18.627599458734974
1.0000285503774349 7.68620488672371e-06 3.595392202419942e-05 -0.038861324611118894 0.003558325676853002 0.99995499121499 0.004462950838633185 -0.3503184424144212 5.634715075597367e-05 -0.004457611349527385 0.9999902297210522 19.96051097056158
1.0000309283935087 3.3561380933400803e-06 1.6476547869750946e-05 -0.04139667958010164 0.003728336730119809 0.999960905564148 0.002045544967823137 -0.3636701417590858 -0.000502508285074339 -0.002033091837677544 0.999996929291261 21.30513755892026
1.0000101624168785 1.7003364034939156e-06 8.01320143881839e-06 -0.04432274569752758 0.0012379301222674235 0.9999887561803704 0.0009950129008259488 -0.4187258344185996 -0.00010768603163395659 -0.000991848891164841 0.9999993223130896 22.6801724674046
0.9999973256060104 4.337986863001131e-06 1.9355578716652054e-05 -0.04665540100099175 -0.0005498598144086887 1.0000013548709326 0.002402647402583728 -0.403260691059727 -0.0009709571680548378 -0.002396488425677073 0.9999949388215966 24.041047162591717
0.9999994978409164 1.370495674830885e-05 6.222341048149334e-05 -0.049310819586290126 -0.00048103578246310244 0.9999738455888212 0.007719785828205647 -0.42093429006378436 -0.0018670929973386376 -0.007706926846906476 0.9999652989732077 25.432895470466004
1.0000185813498248 1.4770993393973739e-05 6.80098364317218e-05 -0.05187593905037161 0.0018403630936617392 0.9999477702442584 0.008436947171592095 -0.4341113206460085 -0.002083804722841264 -0.008413620128228591 0.9999587934690088 26.794785634205073
1.0000441055103522 1.1945570788597995e-05 5.639436046295113e-05 -0.05473134301464519 0.005019434450380771 0.9999223998332353 0.00699694694096974 -0.48015157523853863 -0.0020427378504792185 -0.006961941952762404 0.9999700918639283 28.17089020243448
1.0000417458346598 7.779040044536556e-06 3.7147021136018895e-05 -0.05724599767073877 0.004783591467520245 0.9999393447675992 0.004609895741372275 -0.4880708002267478 -0.0017876212044716474 -0.00457880296621878 0.9999847583952544 29.5282786540641
1.0000428894936317 5.526233190411914e-06 2.698160499334224e-05 -0.0600862052653791 0.0047520308669072725 0.9999447898056982 0.0033478754061884906 -0.5301269464926193 -0.002561766287056351 -0.0033068363962076917 0.9999866738494999 30.913734293233887
1.0000279926979636 2.925739634630428e-06 1.4379874741794535e-05 -0.06257204311540357 0.002879278720508298 0.9999710532121856 0.0017836355614845411 -0.5279723469242132 -0.002663038795383847 -0.0017494679348536658 0.9999901411156709 32.30008777260707
1.0000166599145468 -2.3720631966983596e-07 -3.525995018733956e-07 -0.06530778515391616 0.0013360944415247954 0.999988348523776 -4.63115513726953e-05 -0.5586431118681734 -0.003268460672128679 7.94128277350677e-05 0.9999887530748549 33.67846044827307
1.0000080533719367 2.5105669995868773e-07 1.4418852964678906e-06 -0.06800797070360515 0.00016710855823320186 0.9999986224085202 0.00017601535938007395 -0.5832743480252998 -0.003715012079283337 -0.00014518752739179353 0.9999863834425508 35.0640743053404
1.000019091916028 2.8410738389401252e-06 1.354395309591098e-05 -0.07068170782107364 0.0016711416244030285 0.9999837125429317 0.001679378247323992 -0.5995360582189324 -0.003121227119930267 -0.0016461220165767648 0.9999881626598044 36.47236446274796
1.0000004470564297 6.167254070349459e-06 2.774383293776151e-05 -0.07350257820357314 -0.0006529419694755786 0.9999990708682105 0.003441826839261121 -0.6387274477654219 -0.0031594275482001418 -0.0034197869424155065 0.9999835068201764 37.85988601560561
0.9999819219329243 6.367357632125481e-06 2.803315535273177e-05 -0.07614194224753495 -0.0028932032840098916 1.0000130114747061 0.003478012251272307 -0.6543405125532229 -0.0028901318326208045 -0.003468442443816301 0.9999846407390368 39.25203182032142
0.9999574004361182 6.8287378820613975e-06 2.9604716785432573e-05 -0.07891167715181202 -0.005996409005169288 1.0000235054900821 0.003672739791347129 -0.6856337781706228 -0.0031481822149170497 -0.0036771724852171154 0.9999826529861102 40.646454870107
0.9999396337877788 7.952798674736028e-06 3.454648028497313e-05 -0.08169602832092687 -0.008230994859239615 1.000023152972721 0.004285763310850706 -0.7110122705236843 -0.003273646832742055 -0.004301289178986113 0.9999795428665846 42.07535019241582
0.9999336941329084 8.123129664137571e-06 3.530588217586406e-05 -0.08426302417262725 -0.008903037861688019 1.0000223955339191 0.00438030257576809 -0.7196712059217241 -0.0029810699231236646 -0.004399002346606898 0.9999805624752345 43.45842826867916
0.9999409485780651 7.964043678344856e-06 3.460388199141048e-05 -0.08706668302754006 -0.007883065045018338 1.000023120497743 0.004293747767675959 -0.7462579464956245 -0.0024502113797271897 -0.004307661883710097 0.99998335891117 44.892628618524455
0.999941500903752 7.11653942229995e-06 3.0754016859349444e-05 -0.08984984803228414 -0.007614195169180942 1.000024980099644 0.00381682758955407 -0.7785186613663215 -0.0015570683610964672 -0.003829991051812133 0.9999886976962564 46.2901753379179
0.9999549350731269 7.871271442227643e-06 3.430832457516214e-05 -0.0924322956430835 -0.00578427724577339 1.0000207162146892 0.004258329088226599 -0.780124228493466 -0.0008367633377968583 -0.004267003375357539 0.9999890974440464 47.71326604222995
0.9999385189669052 1.0287375397892776e-05 4.5200311956438994e-05 -0.095278898069914 -0.007604097640554111 1.000016497318219 0.005609983476571245 -0.8184179316802462 0.0001394642329456434 -0.005623941607257702 0.9999845093037462 49.11904219475166
0.9999310200068889 1.0650467760033033e-05 4.685186397884711e-05 -0.09798282620970566 -0.008321560118415967 1.0000153863353618 0.005815081189941748 -0.834474929865217 0.0010930887451587657 -0.00582998949048821 0.9999844663113541 50.54496613296876
0.9999276547288498 1.054307113511864e-05 4.636450177729627e-05 -0.10078585232363713 -0.008457582630077997 1.00001569079621 0.005754657890215384 -0.857686058452708 0.0023502986108807017 -0.005769151680742131 0.9999849235903585 51.993869782313055
0.9999181441143529 1.3635307726458587e-05 6.06458943621011e-05 -0.10352473172836166 -0.009361548262981826 1.0000031316106708 0.007525318345308037 -0.882166143786056 0.0035863270843730466 -0.0075377500735285706 0.9999717443820155 53.40158773051911
0.999936643003204 1.5272585428790716e-05 6.818319570272538e-05 -0.10620889956572808 -0.006868782050104353 0.9999958116748867 0.00845926397987907 -0.8890904279391325 0.004457621017882656 -0.008477176042339189 0.999962304050485 54.85729557254216
0.9999548747596522 1.6048371563890176e-05 7.19350446983652e-05 -0.10880709458457007 -0.004539336736533649 0.9999862955249192 0.008924105228724293 -0.8987629329211113 0.004748523475326846 -0.008949271654349285 0.9999573833955779 56.253132779750125
0.999963805086015 1.52455853315199e-05 6.834420560572572e-05 -0.11165232946467507 -0.0033117619251957983 0.9999851130895625 0.00847863500474085 -0.9316705127671137 0.0052770326489436315 -0.008509933383880269 0.999959517259838 57.68217126020815
0.9999789323015262 1.5548663831427972e-05 7.009618245948108e-05 -0.11435959830288692 -0.0014469597708027977 0.9999726661732478 0.008695830747820084 -0.9429052890179346 0.005215237056770691 -0.00873329670827678 0.9999578072962906 59.131450368616676
0.9999821811330392 1.6346140600165607e-05 7.389879934437365e-05 -0.11712593123561826 -0.0011003004137749486 0.9999660978974223 0.009167321149209033 -0.9716303901709482 0.004961866399480207 -0.009204259147781219 0.9999544218630844 60.53544216187922
0.9999979908337124 1.8312196219814197e-05 8.361886196161703e-05 -0.11987013816790211 0.0007385487882502779 0.9999398333010026 0.010372172462051013 -0.9874247935005582 0.00440634771794713 -0.010410258748009127 0.9999442104325236 61.98484497665782
1.0000150375623198 1.7616095059173886e-05 8.109701165750572e-05 -0.12250132627012489 0.0027179336128099665 0.9999236666489908 0.010060017645334079 -0.9987185980249835 0.003792445825178007 -0.010096829410730474 0.9999488281465201 63.39172464272144
1.0000213584983328 1.6679679281823845e-05 7.703639459244243e-05 -0.12525228478274392 0.003466464549594553 0.9999202667584509 0.009556906261942002 -1.017070248717008 0.0036298042313893716 -0.009593371239702695 0.9999540876349178 64.83346253127671
1.0000218242350354 1.623098220476099e-05 7.496735257125258e-05 -0.12805022595154683 0.003348285729154918 0.9999240403443974 0.00930076464082932 -1.0385356960490748 0.002844837595579631 -0.009328038407635846 0.9999577181417346 66.28733492310893
1.0000083835788744 1.7029595294934877e-05 7.804733656850888e-05 -0.13063965593168214 0.0015539063645185897 0.9999392586729131 0.009682567353492029 -1.051975388059328 0.0022866114099432885 -0.009702471579730981 0.9999545850056712 67.6615177568557
0.9999899937999859 1.8899958655787738e-05 8.608708572891604e-05 -0.13342117144777813 -0.0008724355799174695 0.9999494658286365 0.010678790951024947 -1.069647355304739 0.0016511113269991966 -0.01069282556752814 0.9999446034225028 69.12321028169595
0.9999694318163836 2.072761821452114e-05 9.411382225395682e-05 -0.13597163239166923 -0.003608552062342927 0.9999542399646374 0.011673051280144196 -1.0804904082510969 0.0008371978523471836 -0.01168375754013624 0.9999330733897651 70.48739054465888
0.9999410054165977 2.2491563151136318e-05 0.00010206638300014814 -0.13873386456169454 -0.007343849169494075 0.9999518666031983 0.012657699341508356 -1.1005710779252478 -7.702667386838926e-05 -0.012671276773323545 0.99991975807149 71.92766152482311
0.9999044445750952 2.2393883691020425e-05 0.00010180049873727433 -0.1412490719009728 -0.011964122094117301 0.9999448814215318 0.012624579729652545 -1.1070758782500554 -0.00043270972150932113 -0.012648329248925626 0.9999193153853773 73.29166377925978
0.9998677425773926 2.1057260628912222e-05 9.646186359325176e-05 -0.14403150603777226 -0.01670649615434432 0.9999232234476132 0.011962859916569254 -1.1373242853669965 -0.0012547324388961594 -0.01200464509144531 0.9999250631645024 74.69777971912852
0.9998545948900978 2.1281069551617668e-05 9.806401754766571e-05 -0.14671037516515356 -0.01845861475562742 0.9999041299438347 0.01216086850185086 -1.1495595261721234 -0.0017867508640950866 -0.012213746955594747 0.9999207641989568 76.12686843460591
0.9998544163425931 2.2319532698111127e-05 0.00010298954534338975 -0.1492493560397674 -0.01856702231543169 0.9998953857762919 0.012770524315147525 -1.1579149615763058 -0.0021713146259225513 -0.012827879687246907 0.9999116275088663 77.49578430123233
0.999862706769366 2.2624772543961696e-05 0.00010408033711952576 -0.15197963162345782 -0.01755391105147245 0.9999037919191286 0.01290554432643936 -1.1780815965398805 -0.00224481882691145 -0.012959444636980306 0.999909637871639 78.91797322654813
0.9998730351221653 2.0859898962008808e-05 9.53394732465954e-05 -0.15453326937367615 -0.016254586296689476 0.9999286974761687 0.011823104452651608 -1.1880402722222727 -0.002170613181326198 -0.011870927478078597 0.9999234351870726 80.28785684796955
0.9998700063628468 2.1296941310965448e-05 9.751086062494791e-05 -0.15724133077802674 -0.016565214341257635 0.9999228774568669 0.012092300812918531 -1.2121687295998786 -0.0018784425996244169 -0.012138931695573776 0.9999213405542183 81.68007480249139
0.999877823097547 2.1798379137566784e-05 9.961693107529723e-05 -0.15984299135147084 -0.015485609390939344 0.9999282899736922 0.012353533010251744 -1.218153581326685 -0.0013930669973764057 -0.01239250827176568 0.9999199041081904 83.0942766560433
0.9998737706586969 2.113019227038826e-05 9.659067474187448e-05 -0.1623361019860924 -0.015960168769761075 0.9999292139650601 0.011978813199764597 -1.2321438837881336 -0.0012650076037478044 -0.012018322160320435 0.9999248675692888 84.41265895098792
0.9998703558106696 2.1228974870767317e-05 9.717701304316176e-05 -0.1649942687295302 -0.01618308091592771 0.9999265456602237 0.012051978657475227 -1.2436881726059108 -0.0003678333972527996 -0.012084930915461402 0.9999264182046494 85.83336329376456
0.9998740748454034 2.3354371694501302e-05 0.0001071212455874865 -0.16760536761553455 -0.015468773865029923 0.9999164737901779 0.013283890803568158 -1.2620512459059163 0.000757926593394975 -0.013306966924912206 0.9999127328665813 87.19759103480425
0.9998879880323602 2.5291275021445056e-05 0.00011593762640898695 -0.17012532155057233 -0.013482930775738632 0.9999141176026044 0.014375564273920763 -1.2667459386719573 0.0019082918923847968 -0.014390200043987614 0.9998982893437287 88.57229439956016
0.9998964391066361 2.6612468210106613e-05 0.00012206673517207067 -0.17270333603648466 -0.012203526843691772 0.999909044096829 0.015134105173440946 -1.2772691678420196 0.00293336273639726 -0.01514454914739993 0.9998865284642289 89.95316106094086
0.9999048635515686 2.7073686752898327e-05 0.00012412490347468372 -0.17537005827149407 -0.010945709286212173 0.9999095893197565 0.015388506313269866 -1.2994841846288434 0.0038769161861857745 -0.01539755683599259 0.9998811584319656 91.33101701865678
0.9999096539922493 2.621186657892835e-05 0.00011991920836158083 -0.17792657132052833 -0.010258340956375085 0.9999192294659199 0.014867752248123414 -1.3074158408452636 0.004289158909932119 -0.014877259562327346 0.999888088730744 92.71153269096584
0.9999347654679251 2.6252595231044187e-05 0.00011996991711353392 -0.1804343381520837 -0.007083781447021065 0.9999211054312153 0.014873856523185753 -1.3234391268547419 0.004538664408666598 -0.014891450556314287 0.9998872267926238 94.02896590025577
0.9999310698823364 2.5439680306611756e-05 0.00011607645706536353 -0.18298146957739866 -0.007506555520716919 0.999928486987514 0.014391809023336562 -1.326286678125747 0.004700025361481935 -0.014408311049600837 0.9998938444009567 95.42695855299321
0.9999298371291478 2.459186126154908e-05 0.00011202913308641172 -0.18544847650212737 -0.007678898744708611 0.9999356590205838 0.013890814769763728 -1.3345949640016948 0.00461419325783511 -0.013906774787167073 0.9999011831690799 96.7562229666192
0.9999240130787622 2.374257299200301e-05 0.00010800093216355514 -0.18799465975538676 -0.00843955376911382 0.999942463393096 0.013392183466646387 -1.348880993955374 0.0044475739583916245 -0.01340606441944115 0.9999084686244807 98.10267994123873
0.9999041217868585 2.3739608065858134e-05 0.00010819589341355012 -0.1905522578447008 -0.011012827377680915 0.9999378261318792 0.01341658703891846 -1.3565890222293668 0.003988414767146752 -0.01342510246888274 0.9999093213087722 99.484793828771
0.9999036688941062 2.6133103832587726e-05 0.00011963141818858904 -0.19301839661371067 -0.011073162548796188 0.9999176261492618 0.014832299074594706 -1.3660030328120554 0.003970174660621037 -0.01484078804965547 0.999889371661284 100.80864638477455
0.9999046293292702 2.8989270057077493e-05 0.00013335929563447328 -0.19552449403481162 -0.010971445229244819 0.9998912570567259 0.01653123618375424 -1.376196318340947 0.003891865875836541 -0.01654022839046734 0.9998628943689527 102.15115423456717
0.9999085455274831 2.77020479738984e-05 0.00012709164976158435 -0.19803485305093746 -0.010535760671385182 0.9999049668262558 0.015755754620144915 -1.387918169153268 0.0036658968882974387 -0.015766179776862965 0.9998758341436456 103.48920558250235
0.9999078638280916 2.360583405936617e-05 0.00010750243143550385 -0.20054112255432688 -0.0106406413103252 0.9999400064833459 0.013330899735069563 -1.400499662297785 0.0035757249411077358 -0.01334129029129998 0.9999112576685831 104.82115838972562
0.9999192062241412 2.152397555902838e-05 9.750947161119689e-05 -0.20303916141405984 -0.009166957856460115 0.999958489116931 0.012093263801985579 -1.4111765031112717 0.0038658801153809664 -0.012105859066357489 0.9999264043437293 106.15704668089784
0.9999291709865386 2.3691561291285315e-05 0.00010774212376207771 -0.20553290990431566 -0.008056208482933775 0.999942960759527 0.013360665403631473 -1.421462199939008 0.0033004923363230522 -0.013375594301497644 0.9999112492743044 107.49230314258573
0.9999586822922097 2.6841182246970657e-05 0.00012300382473704385 -0.20792831189541486 -0.004513066827398146 0.9999096390146762 0.015250101564830578 -1.4180638744376683 0.002756929436353712 -0.015268566000115962 0.999884827631648 108.83411651137519
0.9999688331561306 2.8976569581189507e-05 0.00013348313730283078 -0.2105134300051103 -0.003420913282509961 0.999884535893065 0.01654701472515494 -1.4397609475395199 0.0020055428950437664 -0.01656316782972712 0.9998646717766878 110.16908701768536
0.9999800056905345 2.6409157159143146e-05 0.00012140471740640282 -0.2129680463635452 -0.002191354907921589 0.999901727365262 0.015052273499039868 -1.4503402767746534 0.0013010837668509423 -0.015064577677692544 0.9998882443061429 111.48136125031601
0.9999680919316396 2.30234322587744e-05 0.00010494997767841719 -0.2153845101833223 -0.0038199238150672136 0.9999385698134582 0.013015040637304912 -1.448813590114027 0.0006366490473482156 -0.013025142487024206 0.9999163052049901 112.82649272477167
0.9999470513835147 2.0258097517149298e-05 9.155672119856399e-05 -0.21802459119739553 -0.006664103191135733 0.9999668058749139 0.011355861736613246 -1.4755073199361983 -0.0003941310952873709 -0.011367681979744042 0.999934761565699 114.16962075632965
0.9999310350467641 1.9557676122296946e-05 8.819477185797596e-05 -0.2204042418613846 -0.008976200090683053 0.9999720007843429 0.010938423427777942 -1.4757425764593213 -0.0018346450958122596 -0.010956596844564568 0.9999351381114595 115.4865063171714
0.9999219449251812 2.310793002594999e-05 0.00010499541430078994 -0.22295969250799363 -0.010454943200240336 0.9999446007243527 0.013017746278101395 -1.4878033294764605 -0.0033947533502869873 -0.013045045148501602 0.9999032067556961 116.84801965118272
0.9999202978826925 2.6666199789008097e-05 0.00012199096262550902 -0.22530909292676443 -0.010830173183276368 0.9999140049520922 0.015120826670057758 -1.4870350696786931 -0.004155922439709136 -0.0151521843796859 0.9998692777386154 118.15262679450333
0.9999276739556805 2.835700911841578e-05 0.00013009002302030942 -0.22791525428144166 -0.01013119773637874 0.9999000503191582 0.01612175293803591 -1.5043010032175628 -0.00512393173645981 -0.01615084586653242 0.9998474193227147 119.5190127132914
0.9999256498100386 2.7460503499518105e-05 0.0001257785177753365 -0.23034575675002747 -0.010604297590093965 0.999907448817776 0.015586542771857777 -1.5128937935145903 -0.006112704022479309 -0.015621335321568418 0.9998484832092304 120.82679090436042
0.9999136775479288 2.697089255995419e-05 0.00012351243508192371 -0.23276601192376498 -0.012401037859764645 0.9999056256798494 0.01530336096868777 -1.5169559621346325 -0.007494707357954297 -0.015358301854159472 0.9998406545778858 122.14909834642332
0.99990074753779 2.6184815256973318e-05 0.00011993068743276878 -0.2352656752545906 -0.014246782469436163 0.9999026224123203 0.014857612997393405 -1.5214518358195936 -0.008564813605601535 -0.014936337684479745 0.999836514649254 123.51345070194397
0.9998976035085012 2.4789380537499836e-05 0.00011331780844810375 -0.23775836440885975 -0.014910300304005433 0.9999101747286016 0.0140359828172888 -1.533853628968542 -0.00978253454665371 -0.01412981659897094 0.9998348543487953 124.8386836138784
0.9998931691318588 2.4514186964492285e-05 0.0001121005175383626 -0.24013920678475065 -0.01570810615014471 0.9999065323996194 0.013882235601856738 -1.5325145889241525 -0.010884480519401859 -0.01399364783871176 0.9998233886471706 126.16324985208996
0.9998992169275385 2.3263403358304152e-05 0.0001060190405860013 -0.2426848233967476 -0.015141752007564365 0.9999209224711066 0.01312686101303192 -1.5467410012578224 -0.011708275121524139 -0.013236746297103183 0.9998228896880703 127.50965886890808
0.999896326047039 2.48132046478753e-05 0.00011345790280922795 -0.24514724640944838 -0.01573090160633405 0.9999040876378795 0.014044603959932133 -1.5559671119964977 -0.0127345494340052 -0.014170156961526952 0.9997957116132122 128.8322914577014
0.9999050599641738 2.6761369759082873e-05 0.00012262180919743871 -0.24772187132529627 -0.014846208866438212 0.999893942461881 0.015175967114055049 -1.5664912663259545 -0.01362636400183198 -0.015294362692355231 0.9997657945446837 130.2112767294978
0.9999176359118113 2.77416092148014e-05 0.00012718017502109632 -0.2501449661970275 -0.013353850786225197 0.9998942560922168 0.015739102092305265 -1.5697765022054986 -0.013936112765534827 -0.015835855319496495 0.9997525428280256 131.5386216725319
0.9999287778668307 2.806083954033471e-05 0.00012865987921700946 -0.25269269339308514 -0.011973300612698985 0.9998977218681151 0.01592224203441285 -1.5839949526761508 -0.013950279425554934 -0.015997200539317344 0.9997497533087814 132.88623511183093
0.9999456738611142 2.9547637001000118e-05 0.00013589381830885665 -0.2550127540215428 -0.009839658498117356 0.9998891348387955 0.016818011131261912 -1.5738657246375531 -0.01379278015161694 -0.01685893590389826 0.9997380752764452 134.2163386123995
0.9999527745830376 2.9964719509433316e-05 0.00013798760935900987 -0.2576158742572629 -0.00883732608861519 0.9998859977819695 0.017078955660599318 -1.5978070709284455 -0.013255452644825477 -0.01710392083186946 0.9997421567247363 135.55127086874046
0.999951907966125 2.916418828241736e-05 0.00013410188268552338 -0.26007979241132306 -0.008688939501237485 0.9998941454120007 0.016601908107257455 -1.6012629454755458 -0.012113751113974782 -0.016624223505343972 0.9997667888627625 136.90046421650487
0.9999684929260498 3.177715459673838e-05 0.00014706818800462812 -0.2625461006345088 -0.006400412610713441 0.9998649822759543 0.018209116647001485 -1.6102996281109996 -0.01109327253545977 -0.018201431330565815 0.9997530283717814 138.22609333768685
0.9999723818710444 3.193920322673051e-05 0.0001479486386118526 -0.26497445581085327 -0.005686631722656937 0.9998615051118789 0.018320888875253096 -1.612264445354601 -0.010063961309702477 -0.018306686204313798 0.9997638583011932 139.56224010554197
0.999984770678401 3.240925450706013e-05 0.00015059201369241652 -0.2674695993431012 -0.0038563925617987917 0.9998493893596596 0.018651143549992918 -1.6164032088461795 -0.008763265251774439 -0.01862104811482784 0.9997726532152456 140.9256817899933
0.999991070272941 3.213851900567277e-05 0.0001494830998109381 -0.2699249449394166 -0.0028220480970542645 0.9998470182580924 0.018516528452655914 -1.6210948015501614 -0.0076394854831317175 -0.01848167928127362 0.999786485252184 142.2646165966139
0.9999860644878709 3.1365867580800816e-05 0.0001455449745158047 -0.2722957264493005 -0.00320690837255898 0.9998578294474232 0.018031508769964046 -1.6147896157045338 -0.006583410977176266 -0.018005544480886065 0.9998045854353976 143.60575758133257
1.0000010554426937 2.7458138135280294e-05 0.00012717937391330358 -0.2748641347015989 -0.0011684890028456152 0.9998842821906773 0.01576070988352436 -1.6275317164552416 -0.005795484724825529 -0.01572333819166084 0.999849347684967 144.97140878664828
1.0000384803109792 2.5639954449313898e-05 0.00012040080103381664 -0.27728824622596693 0.0037522916999264445 0.9998511517411006 0.014923727548747804 -1.6347644108443193 -0.004578198723158995 -0.014864110887299569 0.9998709907159016 146.2817128719102
1.0001013367047227 2.9768037441601364e-05 0.00014552853844410508 -0.2798003166682878 0.011750479427844926 0.9996734005218127 0.018034184719798153 -1.6368506221178478 -0.003721919146043061 -0.01794308093171092 0.9998256218638444 147.66368275129926
1.0001505131620014 3.170476110583853e-05 0.0001607764209989157 -0.2823064485872729 0.018176057437423808 0.9994895862685526 0.019921352537159 -1.6543819337725216 -0.0023023494959908686 -0.019835437121893826 0.9997967375425095 148.9734853619651
1.0001778343753072 2.5055395381423304e-05 0.00013221604098761401 -0.2846686272984141 0.02177624353869951 0.9994528341908029 0.016389428827023364 -1.6525384976229598 -0.0013785688317835521 -0.016316681193434546 0.9998636712460808 150.28996438569297
1.0001635342463777 2.0737146714305474e-05 0.000109491452539083 -0.2872694235560536 0.02000877548980797 0.9995462295375896 0.013576655932226048 -1.6642027217528281 -0.0013407760559325961 -0.013508580488513295 0.9999056311867083 151.6783600660149
1.0001400865549677 1.723165451793761e-05 8.988310622802748e-05 -0.289617246141193 0.016848743068321882 0.9996600277556483 0.011147302929303665 -1.662050515526967 -0.0024469597501101522 -0.011059625296483631 0.9999315888536147 152.9882651371526
1.000139705744005 1.7697721146682846e-05 9.203037209193268e-05 -0.29222470510103327 0.016553236955657462 0.9996643524114772 0.011412182367320238 -1.6804895216382998 -0.0035538795035911378 -0.011298463430350077 0.9999236020080404 154.35013833165135
1.0001685919157688 2.2160096827377948e-05 0.00011697967228766989 -0.2946562147533789 0.020130769043763416 0.9995297889405695 0.014501769208817196 -1.6825713978931538 -0.003597855044130716 -0.014369978366137168 0.9998839855735022 155.68751012855765
1.0002349456843314 2.7044198045292345e-05 0.00015129438061841955 -0.29703031866173607 0.02817916568729535 0.9991997142353749 0.018746810929417372 -1.682071864971717 -0.004454635818502882 -0.01854695330004833 0.9998102916955209 157.00460053531484
1.0002533306012376 2.6638726185137032e-05 0.00015278507565069286 -0.2994021457499958 0.03049113607610516 0.9991097154825629 0.018931381097766903 -1.6773312905553632 -0.004326489461435302 -0.018723743205209042 0.9998077932377302 158.33934312457285
1.0002760926071654 2.7106796157994398e-05 0.00015967101823734405 -0.3019422168243577 0.03330790710013525 0.9989805551910422 0.019782906020389544 -1.6899806823920318 -0.0043713426406327485 -0.019558974584144385 0.9997915385639744 159.68971363920423
1.0002610602420783 2.790271989960673e-05 0.00016050329500399627 -0.3043818149753944 0.03120182293357876 0.9990635169910435 0.019884350493130372 -1.6810122957191145 -0.005438089437821529 -0.019629812432040157 0.9997829916564192 161.08084440939598
1.0002528989514825 2.7952039826036057e-05 0.00015913330351650153 -0.3067022851809575 0.0299488481450823 0.9991153563790438 0.019713240097993547 -1.6681158252153916 -0.006505790462427152 -0.019425946849535854 0.9997786648470253 162.42351542356872
1.0002165641023775 2.6276633236602467e-05 0.00014429543912175525 -0.3092933261647581 0.025236656693573188 0.9993180416317243 0.017876365057716455 -1.6847924131894936 -0.007396551996439771 -0.017594161001312503 0.999804750112545 163.78415536628984
1.0001799708126347 2.5579504620400553e-05 0.00013506374387424252 -0.3117980431850311 0.020543300023119 0.9994831776540064 0.016732740177133058 -1.694357776919855 -0.00806018518629411 -0.016471633024899936 0.9998175291816639 165.1286989542915
1.0001554931415406 2.862536987062632e-05 0.0001463772725380909 -0.3143048361088164 0.017471969802148705 0.9995419055835565 0.018131975067318038 -1.7005573240112772 -0.008200357190129145 -0.017896640380678532 0.9997916645268936 166.4894023020018
1.0001696742449748 2.932173661997564e-05 0.00015174931447413777 -0.31663665301103217 0.019252068086593917 0.9994825712584884 0.018796665792952034 -1.6927251011618984 -0.008115904182544213 -0.01854691771607269 0.9997806638384802 167.81577321735705
1.0001284871443972 2.5862796058487986e-05 0.0001295903924978764 -0.31931736473721883 0.0142759284871229 0.9996539352785198 0.01605640337384073 -1.713925421242346 -0.007496409030511812 -0.015867026494646046 0.9998327022748673 169.20590214779497
1.00010832141418 2.2606101704431003e-05 0.00011174771467547346 -0.3218552202116049 0.01191245950197453 0.9997369824265928 0.01384897526675732 -1.7134802889146632 -0.006867938914771732 -0.01369300049443237 0.9998704569925486 170.61344136080487
1.000070983630123 2.0596883854626102e-05 9.87431578549035e-05 -0.32427533830897287 0.007342452393301134 0.9998388274722454 0.012239033260008072 -1.7091827773730728 -0.006569160429059769 -0.012126040808306477 0.999893212466181 171.97295335473882
1.0000406827461863 2.274504168970834e-05 0.00010672301296233582 -0.3268271917737785 0.0035069114997913573 0.9998779359240989 0.013226564891220718 -1.7219662566230638 -0.006892272208544731 -0.013141360225412428 0.9998776400092155 173.32925140346157
0.9999998920645895 2.698308955602878e-05 0.0001248467155995454 -0.32954427302665934 -0.001727997111205577 0.9998925449083257 0.015468522883245352 -1.745028884572012 -0.007646323047672303 -0.015423391427288624 0.9998382317976126 174.73121799612827
0.9999941562519404 3.112905363782635e-05 0.00014467578533507446 -0.33199896913367394 -0.002442192315737747 0.9998558036365568 0.017921910535902225 -1.7496380496486768 -0.007654621314659916 -0.01788342276257279 0.9997972135805604 176.0701606832999
1.000024272631323 3.30685000607938e-05 0.0001555532676929543 -0.3344467818499733 0.0014602304545699336 0.999801220708468 0.019268793817171632 -1.7386404242058373 -0.006931060850332043 -0.01920097246086175 0.9997793818115981 177.47489047608775
1.0000332251915436 3.318926838406441e-05 0.00015667088899219326 -0.33704621536381174 0.002908414226280286 0.9997836663182045 0.019409651815904677 -1.7455318429168918 -0.005431047355008512 -0.01934614303238107 0.999788567872937 178.88381601818512
1.0000480658554185 2.685197817891595e-05 0.0001268568430301566 -0.33945580964874106 0.005235493527721784 0.9998202557053218 0.015724418026063232 -1.744772937115543 -0.003272589260775078 -0.015673155125875218 0.9998661310907487 180.2217189388287
1.0000121614066912 1.9885448759266594e-05 9.161377055886925e-05 -0.34218790950857153 0.0011719606806215345 0.9999251532287894 0.011362309932393077 -1.7687637993873344 -0.0015089917706381597 -0.011347048264619491 0.99993192170844 181.62786385339027
0.999975142259276 1.8969226190372612e-05 8.597463016289664e-05 -0.3447197666579663 -0.003307667982755444 0.9999641429755179 0.01066402024318036 -1.7695677843754818 -0.0009836377043668735 -0.010665734805906147 0.9999410144797128 183.02651047208803
0.9999501767278206 2.0688648469225843e-05 9.361620209134727e-05 -0.3471296818889535 -0.006330369303563024 0.9999633549601149 0.011610850266869803 -1.7701342307297707 -0.0006367520367434774 -0.011621525875652409 0.9999312840756295 184.3586806606169
0.9999429432537533 2.610483573068853e-05 0.00011929561778694113 -0.3497313556631389 -0.007282176071762097 0.9999225164212845 0.014790439855538726 -1.7662462952169815 -0.0008752347371347861 -0.014803323728546905 0.9998886762297329 185.81691808197687
0.9999193019946305 3.0455036051623904e-05 0.0001402826934875955 -0.3524201922461833 -0.01033447354685096 0.9998783847007218 0.017387091855646176 -1.7950260079955778 -0.0013937636588803334 -0.017409426443596557 0.9998452088668391 187.17774611225482
0.9999336839957725 3.2283944518258015e-05 0.00014913715300393779 -0.35497081514435214 -0.008584265585526791 0.9998611883797851 0.01848223143477889 -1.7852020230804937 -0.0015538725048969669 -0.018499028609102665 0.9998251333254605 188.6341819031798
0.9999480361319288 3.3093474247443064e-05 0.00015317081809725032 -0.35753821188073176 -0.006759557923693425 0.999851138908879 0.018981241401644373 -1.7852151707905604 -0.0013652054097119512 -0.018992190992042683 0.9998165102917486 190.05603838597185
0.9999764057772844 3.3941746712484386e-05 0.0001578487249702411 -0.35990797693302545 -0.003261887951455899 0.9998293432439268 0.019559661833961236 -1.7769068519935902 -0.0014792600093171346 -0.019559193293425935 0.9998052188667057 191.40554950596572
0.999988761411946 3.391047216165337e-05 0.00015807528758988803 -0.3625492436923016 -0.0018357740385810386 0.9998209517405097 0.019587328519358762 -1.7797186437569747 -0.00196241129069523 -0.01957929472829568 0.9998031216335713 192.85583710756958
1.000018930590455 3.5666280352562515e-05 0.00016804140479901317 -0.36503082115220997 0.0018230672826054523 0.9997665954052455 0.020819182548599713 -1.7794932428859604 -0.0023543581898163163 -0.020794128575190838 0.9997770566187145 194.23122766079206
1.000062225884833 3.789891633922647e-05 0.00018200280834070374 -0.3675793863906851 0.007116886947764368 0.9996628400699128 0.022544454321490295 -1.7687201754996558 -0.0027247332917092948 -0.022493344172900456 0.9997386852474126 195.69075633431723
1.0000917759664445 3.8455267951934685e-05 0.0001874251445533469 -0.37016070387204086 0.010720568423602863 0.999586317085289 0.023214226842125874 -1.774202114656732 -0.0030197909034913213 -0.02314272997946709 0.9997224923639484 197.09593423121686
1.0000464579765056 3.287992812240313e-05 0.00015602046313103026 -0.37293739530781483 0.005035455744828018 0.999759587508616 0.01933213076448394 -1.7964226911557284 -0.0032741689330230686 -0.019282200277002292 0.9998030871767486 198.53467022783076
1.0000020716746643 2.4809110158480197e-05 0.00011451934423989786 -0.37546678233154035 -0.000530650025002891 0.9999031376749101 0.014196953022970887 -1.7903107097392132 -0.0035138306970077743 -0.014172125702431917 0.9998872571282009 199.96279094949017
0.9999293840061095 2.4154503847455266e-05 0.00010994528513166434 -0.3779716040669269 -0.009846819168313594 0.9999377265979926 0.013628784479457019 -1.778123544995559 -0.0048028157302743455 -0.01365533030371184 0.9998867528700308 201.40439917156615
0.9998867746979557 3.048300129376326e-05 0.00014098249575134883 -0.3805159550754331 -0.015380176983435679 0.99985271978689 0.01746801505911046 -1.7767665597141884 -0.005880598078346512 -0.017539368728145176 0.9998185152556677 202.8196023012649
0.999875807831583 3.417237569973766e-05 0.00015933537756910275 -0.3831821775824382 -0.016954814360125997 0.9997977058731542 0.019735953070624146 -1.7772508913582203 -0.0068289446356112745 -0.019828012439536934 0.9997680388843193 204.29409071949945
0.9998830999891124 3.511005590547782e-05 0.0001637149677057349 -0.38578383252933574 -0.01595459061156313 0.9997952522034927 0.020278266394405976 -1.7786499661337973 -0.006407044631593654 -0.0203582751806992 0.99976094411252 205.72873999026146
0.9999038951987961 3.5630550757103155e-05 0.0001657936213698577 -0.38839578828857163 -0.013070950898611216 0.9998085904431003 0.020537636947583267 -1.778842351072452 -0.005064411764278253 -0.020587060999381145 0.9997663899442755 207.17447551724027
0.9999250219988518 3.506665738620997e-05 0.00016279040220576295 -0.3909727618762075 -0.010201801161089909 0.9998264085217786 0.020168007544391405 -1.7766633564708463 -0.0039700442429851796 -0.02019529617063667 0.9997812955673656 208.6114119824116
0.9999282949706205 3.417943037126864e-05 0.0001584183167095746 -0.39355759135742296 -0.009721886560553247 0.9998380833917089 0.019627874182530498 -1.7671211948736432 -0.0036425252827472906 -0.019651853723379544 0.99979395566816 210.08553578170827
0.9999159799773711 3.4471152539497854e-05 0.00015992421718077823 -0.3962364993314917 -0.01116302856982651 0.9998309529550921 0.019814500728543058 -1.770652194418473 -0.003248901304320118 -0.019845218365754258 0.9997922064337684 211.5534630713036
0.9999055313300529 3.561038342132089e-05 0.00016566702127603712 -0.3987833333407798 -0.012443321959009192 0.9998118135458481 0.020524546907180797 -1.7643812071452731 -0.0031716121324262938 -0.020561518005350332 0.9997781297733841 212.99195564629932
0.9998986823695198 3.527736260620917e-05 0.00016414982826925303 -0.40153143149437653 -0.013220919515340166 0.9998119240725577 0.02033732552540652 -1.7777585012322268 -0.00284615612915071 -0.020376586399577606 0.9997834805094277 214.45429279334292
0.9998992165742097 3.452488491388281e-05 0.00016043597663309038 -0.4041134585065564 -0.013101343618996418 0.9998217717553386 0.0198784211704197 -1.7763247630701322 -0.002608762062606406 -0.019915921338086607 0.9997938327989333 215.89070451023437
0.9999067169019178 3.397779383807614e-05 0.0001576173180004481 -0.40672828614699796 -0.012080088201330432 0.9998332743515882 0.019530315833507096 -1.7694044090608838 -0.0022083621403125153 -0.019561626468064496 0.9998025100711836 217.36975025087628
0.9998939767309794 3.429460696482978e-05 0.00015941685747208607 -0.40942175134833336 -0.01354201800464697 0.9998219314767033 0.01975325573044067 -1.7754632469275555 -0.0016719640711907251 -0.019787672978960197 0.9998000746288068 218.8344668088782
0.9998824469167076 3.317910165965589e-05 0.00015425172123501008 -0.412070312435003 -0.014911863433238437 0.9998258906955637 0.019114774059693914 -1.7726762383502754 -0.0013952488199842417 -0.019152210326084936 0.9998133643957317 220.3137624358459
0.9998930752390827 3.3760735779387804e-05 0.00015681748638074152 -0.4148120815099604 -0.013576496519448682 0.9998280397323865 0.019432114548337466 -1.7782925013783046 -0.0013264448747086265 -0.019464756120645202 0.9998075508884617 221.8072050751504
