1.0 -3.469446951953614e-18 0.0 -1.5585406229479126e-19 0.0 0.9999999999999999 -3.5575383784680614e-19 0.0 2.168404344971009e-19 -2.388632911257127e-19 1.0 0.0
1.000000238647032 1.5577085106313615e-06 6.969831035554073e-06 -0.0025870853271003696 0.00012646609624124283 0.9999985863892349 0.0008656600697740401 -0.0246707182802108 0.00043181158941984544 -0.0008690181435815391 1.0000003214297541 1.3227988809172309
1.0000082156031982 2.2032359353937186e-06 1.0184062588107327e-05 -0.005063125922923845 0.0011068556104128092 0.999989656610931 0.0012647294605960767 -0.0412283799558477 0.0003859939910923105 -0.0012663569170276038 0.999999838983803 2.6202779000658296
1.0000174154099644 1.1138496705202089e-06 5.717480548155006e-06 -0.007793506536935879 0.00234692991856493 0.9999780852303375 0.0007102596307116665 -0.08331799672041809 0.0008209976040280157 -0.0007146195048930248 1.0000009003173156 3.9447582094316838
1.0000285154813648 1.5761158986080798e-06 8.349406831021722e-06 -0.010300952768473731 0.0035900383478687584 0.9999640946975051 0.0010368847653639515 -0.10296149041571132 0.00021709829038206105 -0.001033030469014915 0.9999998498397946 5.245869336813123
1.0000278043389899 3.889940956599072e-06 1.871128454199308e-05 -0.012783180391087681 0.0035946722926091784 0.9999618603278145 0.0023233797460838956 -0.11260696813346915 0.0006316194295421303 -0.0023244729198492117 0.9999982730957706 6.577600228103105
1.000038870722614 5.699655622760577e-06 2.7521113880455165e-05 -0.01547765905089191 0.004986038375957352 0.9999415317668129 0.0034167976538747847 -0.14957302166616943 0.0007075410467047415 -0.0034174132827057323 0.9999952374340061 7.905045587382221
1.000038592377215 6.914227101070813e-06 3.301748701402371e-05 -0.018064997122378045 0.004842385589327267 0.9999408219919625 0.004098682703416388 -0.17535470341613682 0.0002210707926101705 -0.004093251205454988 0.9999920567974556 9.22303004223675
1.0000313800797522 5.154787431019964e-06 2.4619469942279348e-05 -0.020588731571942475 0.004123522651311596 0.9999535769598158 0.003056761784223828 -0.19160074912173994 0.0010096860123162583 -0.0030619297833850805 0.9999966700134939 10.548313273572484
1.000013848995739 2.0707313701656682e-06 9.837958655706854e-06 -0.023092510372518662 0.0018321304216116115 0.9999828046784183 0.001221793353372124 -0.20597986604477858 0.0005004262730583539 -0.0012235277855441537 1.0000000475679014 11.870870035904836
0.9999800533479222 4.423290537753505e-07 1.3310419582643687e-06 -0.02576786285089569 -0.0022931503514739228 1.0000158190179642 0.00016555690377500028 -0.23442856756171548 0.0008207268440723887 -0.00017443166296617868 1.000001132325342 13.22570625568145
0.999963703985511 8.349179770762022e-07 2.7215572272706358e-06 -0.0283348898212376 -0.004388784447757517 1.0000256452036016 0.000338162645362596 -0.2526472369857903 0.0005299824275392629 -0.00034804085941978104 1.000000760921284 14.56616938840692
0.9999536461689149 2.1749292082283433e-06 8.5676928276606e-06 -0.030999558835180463 -0.005733082357690419 1.0000291463018736 0.0010639429796093717 -0.28140389844146985 0.00010538391853063362 -0.0010745731253986063 0.9999996229814637 15.913715362849832
0.9999761537267405 7.471968734589288e-06 3.289492437484826e-05 -0.03360410743089222 -0.0029395638408639463 1.0000109517622149 0.004083419570788634 -0.2996520728335731 9.775721802779609e-05 -0.004089400545130344 0.9999918695128892 17.274827719677365
1.0000144067130228 9.506084253799521e-06 4.354386081744754e-05 -0.03623094045434928 0.0017142541057346156 0.9999700437775634 0.005404343620074016 -0.3275737081913935 -0.00033413342553239114 -0.005398397148357002 0.9999848478820341 18.605142630836855
1.000027206367032 7.4880751482833685e-06 3.497892412333099e-05 -0.03887430807088121 0.003440590387321977 0.9999568853581504 0.004342061999176203 -0.35258743912580576 0.00027566042003666956 -0.004339433053707173 0.9999911073800937 19.95758294976169
1.0000301404021257 3.416418739252483e-06 1.670453550161005e-05 -0.041488441052592646 0.0036893943426028197 0.9999613046179878 0.0020739727301742244 -0.3766021885336362 -0.00023975658177877407 -0.002064697788058949 0.9999974369019679 21.298287108950152
1.000008077529315 1.1450467853231505e-07 8.335456264025633e-07 -0.04450080613461734 0.0009736815308120893 0.9999916788607851 0.00010346263716090723 -0.4434886168461897 -0.00013143319890905765 -0.00010052533481650619 0.9999997504721674 22.66835759704286
0.9999896495596129 3.959053514978467e-06 1.738295256056865e-05 -0.04677040668835165 -0.0014927628079888467 1.0000085459986732 0.002157816905952464 -0.4196474272389548 -0.0009246207693715946 -0.002154552491943743 0.9999956134158894 24.03166379683059
1.0000043748620473 1.314638445141375e-05 5.983676144346076e-05 -0.049241140318539794 8.889183294394365e-05 0.9999716140635705 0.007423758541949934 -0.41694563538949664 -0.0020265351412025907 -0.007407521367318795 0.9999669590845414 25.412092260185563
1.0000107855249103 1.398063538530711e-05 6.397396354823745e-05 -0.05199896507833747 0.000953722678291585 0.9999602500137705 0.007936933663772652 -0.44819550577469025 -0.0017202245744807893 -0.007920237667178812 0.9999641639069852 26.800112574231566
1.0000399321170748 1.2124278522446935e-05 5.695560139867568e-05 -0.05479534605506346 0.004453831052096589 0.9999291447835934 0.007066352920862857 -0.48861841247079724 -0.0022537056051809383 -0.007030837126140297 0.9999687767026149 28.168579007194474
1.0000399634482577 7.884147181178372e-06 3.751628943682284e-05 -0.05721396389466702 0.004540626914473989 0.9999422215606214 0.004655630054293731 -0.4852049741648434 -0.001883986832665699 -0.004624185793633223 0.9999841993222764 29.523317530391473
1.000038941110415 4.874766798543262e-06 2.379122841146726e-05 -0.06006643174415402 0.004245099000237911 0.9999524059118067 0.002951861349861548 -0.5292817749646521 -0.0026357035359493124 -0.002912066808674652 0.9999875700071185 30.906552108379827
1.0000272953387608 2.6103420104339747e-06 1.2924877284829512e-05 -0.06252389302626556 0.002804605198021731 0.9999721751809775 0.0016030577361642179 -0.5230061731535032 -0.0026098274296269914 -0.0015697860919540736 0.9999906730747417 32.29556748494402
1.0000108565066699 -2.16920235935128e-07 -5.251897485145617e-07 -0.06535472038546226 0.0006423004848512513 0.9999946205213278 -6.76109826007016e-05 -0.5640622516783498 -0.003148341784876628 9.614800724645675e-05 0.9999893536314036 33.68028787699372
1.000006651932351 3.1652784839367176e-08 4.043314758396879e-07 -0.06804158317951166 -2.8992039775422793e-05 1.0000002312363658 4.7039927376808045e-05 -0.5877062612449095 -0.003813367052050322 -1.6499219995728814e-05 0.9999858441625751 35.062925713976654
1.0000210244861407 1.7754523424159951e-06 8.855664610174941e-06 -0.07068844918519512 0.0019660566885833872 0.9999816177828651 0.0010975750331932543 -0.6024205776531111 -0.0028763622804076298 -0.001065284844901374 0.9999901180810732 36.463234389987925
1.000007604683951 4.0583620080913985e-06 1.8500668435992825e-05 -0.07340615413674643 0.0003411281621958362 0.9999945276269044 0.0022951381971779887 -0.6260574246043649 -0.002690462472563819 -0.0022720687747462822 0.9999889749491109 37.86298564670509
0.9999816454542616 6.094819879155777e-06 2.679030977765194e-05 -0.07617575638156905 -0.0028078521365885924 1.0000130925728492 0.003324307114504612 -0.6562377846714793 -0.002356379869631161 -0.0033171397353765793 0.9999875157670881 39.26229829065416
0.9999532242688887 5.4696748969743775e-06 2.3393975851205857e-05 -0.07903490686197807 -0.006394753480164868 1.0000267882528788 0.0029025515644580824 -0.6972670814092867 -0.002611712966082135 -0.0029098356694378337 0.9999876827296337 40.66282446386145
0.9999534539020009 6.244868074094245e-06 2.6905143972320205e-05 -0.08162842613295954 -0.006376568635145622 1.0000253919963036 0.0033382559530166084 -0.699803232851891 -0.002657795553547145 -0.003345391753484136 0.9999861221681261 42.08789705142784
0.9999335207873238 6.993162265536354e-06 3.0168685601639168e-05 -0.08435400929664767 -0.008844501442685237 1.0000250405557336 0.0037432609363344206 -0.7302062150848501 -0.0026240185143024744 -0.003761390811444915 0.9999848001703326 43.46183757516417
0.9999532885217974 7.387224084552321e-06 3.208654035923085e-05 -0.0869780464033985 -0.006224026551615795 1.0000227595395446 0.00398191488139336 -0.7345101813634276 -0.0018859320418082067 -0.003989808505468666 0.9999869152302889 44.89592834862208
0.9999476585181255 6.041763566062841e-06 2.592448906579923e-05 -0.08987796180007701 -0.006742029344503932 1.000026333837712 0.0032178547609860424 -0.7810703055387185 -0.0010778998332393694 -0.0032287050981968583 0.9999923075684344 46.29436653438686
0.999963228315385 7.609833541158406e-06 3.3246258612335986e-05 -0.09244061357989351 -0.004637234321941154 1.0000180107530015 0.004126833827388858 -0.7773931544484998 -0.00031455099191879843 -0.004134274979688375 0.9999908965352146 47.730052190010895
0.9999490343965478 8.94940292466527e-06 3.915430787176954e-05 -0.09526406634198685 -0.006146557658661218 1.0000187190209742 0.004860208850984227 -0.8135254809668115 0.0008156299190134548 -0.004873017320534372 0.9999893375707962 49.13264602175285
0.9999449738347279 9.402794207417214e-06 4.118987565960262e-05 -0.09801016192223125 -0.006442301073707508 1.0000179752689773 0.005112832390912248 -0.8342898126621372 0.0017456280714040501 -0.0051274382527439506 0.9999885571949884 50.560931158075334
0.999933926399201 9.693342264836119e-06 4.24706498821125e-05 -0.10087325871345473 -0.007498307544276097 1.000018290973066 0.005271503142896201 -0.8638733024123733 0.0031547676136869547 -0.0052869461426268485 0.9999868203842963 52.01468616567564
0.9999391903534859 1.2777725096918546e-05 5.664753193694691e-05 -0.10342350168159062 -0.006654486253549977 1.0000066302433406 0.007029374043090054 -0.8669048671481343 0.004002472642570414 -0.0070471881309135745 0.9999744870555535 53.413581482353386
0.9999460261446571 1.4407810576875721e-05 6.4223367796515e-05 -0.10628568569767151 -0.005615831158163067 0.9999975859584391 0.007968138023782524 -0.8945368667217843 0.0048485112555457606 -0.007990320625658456 0.999965192633397 54.87553374434125
0.9999682790357768 1.459149298190833e-05 6.539727593596833e-05 -0.10882885880162749 -0.0027636358357230034 0.9999854005211907 0.008113357484725144 -0.8978081065770354 0.005243600538976779 -0.00814639208915546 0.9999626552409137 56.26944467535017
0.9999735194177423 1.4573367207719456e-05 6.54306803256309e-05 -0.1116470946855622 -0.002014603910979413 0.9999811281321919 0.008117130311169687 -0.9299446804566667 0.005681642177883033 -0.008155406356315658 0.9999609798428024 57.6869685018361
0.9999939008438598 1.4937203140139715e-05 6.772561274086698e-05 -0.11430058216524543 0.00060182796842723 0.9999595572425543 0.008401239435903568 -0.9303708325599456 0.00606181447248848 -0.0084531081741717 0.9999569659211583 59.1546632665043
0.9999911002911753 1.641600702743766e-05 7.450636268411495e-05 -0.11706451989658949 0.0001663372985537103 0.9999558010174664 0.009242041556443177 -0.9615600217930846 0.0056707641629323725 -0.009288873168609246 0.9999511517073928 60.54633977144725
1.0000181274989244 1.8206941625279263e-05 8.401618428024657e-05 -0.11968672108134519 0.0033540076360863147 0.9999129102140066 0.010421044163790276 -0.9598461333544199 0.004917737968987008 -0.01047203007017098 0.9999421054163157 62.006250712090704
1.000023460680048 1.7221150370701557e-05 7.967613781387065e-05 -0.12253167958035346 0.003942774713062196 0.9999114865390125 0.009883500583977535 -0.9967967988452413 0.004589673939210061 -0.00993241296781773 0.9999485704497351 63.41710575230908
1.0000346426901248 1.4912533174685563e-05 6.95430969335116e-05 -0.12524981435360816 0.005177125577584565 0.9999075570770524 0.008628074469869419 -1.016210757909533 0.0039013392300047646 -0.0086713427733004 0.9999619626429757 64.83592726843604
1.00002757859326 1.5220547565164902e-05 7.05710180380994e-05 -0.12810910422472963 0.00417161621093293 0.9999192434623276 0.00875573319588716 -1.0475689350155661 0.0033295596491595314 -0.008789815936073376 0.9999619649364775 66.27965954974212
1.0000189729322329 1.598051229807773e-05 7.365434127422398e-05 -0.13066348726267948 0.0029718771684582763 0.9999297636809541 0.00913806296104621 -1.0576942105058154 0.0027453745259095755 -0.009163795769533812 0.9999593328324408 67.64921297654045
1.0000020056949832 1.830222909738645e-05 8.373092010952867e-05 -0.13337998444630608 0.0007166728113641371 0.9999398727793989 0.01038685201855711 -1.0684115585189482 0.0020852183850674647 -0.010404562546937132 0.9999476129849338 69.10591056970996
0.9999774168527971 1.9899339197581786e-05 9.040483253239836e-05 -0.13600523856025942 -0.0024909530130274313 0.9999539132132158 0.011213689109058636 -1.0884197250730334 0.0013987988609177207 -0.011226484492724764 0.9999386913220513 70.47064158960217
0.9999540521270246 2.176100210274194e-05 9.8726619393454e-05 -0.13869390330770803 -0.005614686246097204 0.9999543016887739 0.012244270301082704 -1.0979129386637279 0.0004085441596693078 -0.012255806823635378 0.9999257269338873 71.91738369239361
0.9999154244707674 2.17122595164692e-05 9.843201445061006e-05 -0.1412551345664736 -0.010504141812951139 0.9999547121506186 0.012207614280912169 -1.1119976231560342 -2.8990962373652996e-06 -0.01222698097747539 0.9999254199619154 73.2730726962251
0.9998801908475258 2.0596296776937556e-05 9.386445823644481e-05 -0.1440162765930624 -0.015029858010026615 0.9999401284174732 0.011641525156486247 -1.1375529894545233 -0.00067196144778819 -0.011673958331428515 0.999930587458825 74.68832519511753
0.9998661039749828 2.0654488863772538e-05 9.46226792186164e-05 -0.14668102998629243 -0.016972888999662296 0.9999235874105427 0.011734847572718135 -1.1500826729579674 -0.0015352105305064168 -0.011779952729359451 0.9999268344904995 76.10828303380335
0.9998651231745987 2.173430296661255e-05 9.976361110368166e-05 -0.14924087431765667 -0.017169778697134503 0.9999141296145955 0.012371304786141499 -1.1608795991269267 -0.0018700494042603827 -0.012420169549625916 0.9999179217670829 77.47786585360845
0.9998834082933397 2.1640668559374382e-05 9.870283987207682e-05 -0.15201811186010458 -0.0148709769604225 0.9999340680872062 0.012240057349295227 -1.179860162418812 -0.001745357647358332 -0.012279394749513724 0.9999201089755078 78.93135332676992
0.9998925311784418 2.0410649454545918e-05 9.266096817532187e-05 -0.15446267858326748 -0.013778590783937044 0.9999498150807448 0.011491568954861203 -1.1867561779202196 -0.0019263757276072695 -0.011527942052013993 0.9999283846010317 80.25448766324685
0.9998955591534135 2.0691691633994633e-05 9.391899440273216e-05 -0.15714301359188182 -0.013286722864205168 0.999950701187505 0.01164781216515446 -1.2065420017253805 -0.0014098623687685277 -0.01167964150728791 0.9999284206741982 81.650715980839
0.9998876945753605 2.101412699252389e-05 9.562568673238082e-05 -0.15984025141835742 -0.014208821646580192 0.9999429581433227 0.01185937380940815 -1.2219810557437112 -0.0011663329070227106 -0.011892748159023987 0.9999266652972426 83.07569034411189
0.9998883771152315 2.023130036036408e-05 9.191645232203946e-05 -0.16237089606114846 -0.014034037545167587 0.9999493668356606 0.011400178030902946 -1.2340281146644905 -0.000764887976470764 -0.011430611154946934 0.9999331607840161 84.42352630547767
0.9998846560542939 2.0517317506660998e-05 9.336296168253031e-05 -0.16506083994428544 -0.014366061200784205 0.9999452600552008 0.011579661753375983 -1.250436675384617 -0.00018471121848423195 -0.01160733198762684 0.9999324506190411 85.84013745462656
0.99990068978464 2.2936175393294816e-05 0.00010443730640604938 -0.16758304437947127 -0.012054802843266998 0.9999403345579616 0.012951652894541154 -1.2645955962055386 0.0012424300677347563 -0.012968946570255973 0.9999175594400423 87.17388096213325
0.999918032167757 2.504324204159053e-05 0.00011423889448904405 -0.1701301728345035 -0.009682474620963177 0.9999305440668096 0.01416525385567765 -1.2724120611262881 0.002217137704117899 -0.01417957585505458 0.9999012158778758 88.54971281651268
0.9999146430750901 2.6464470728522482e-05 0.00012107171251106181 -0.17284872028133516 -0.009850832195995677 0.9999179060923516 0.015010820656500404 -1.2943137938391842 0.0033433368969898493 -0.01502306233419247 0.9998878128835393 89.95766851764247
0.9999336877597402 2.6179884233232947e-05 0.00011962000087535423 -0.1753817003231762 -0.007256749815671566 0.9999219003326932 0.014830649697270748 -1.3012603936619547 0.0043641750302710735 -0.014847635725702739 0.9998883394810804 91.32954369332602
0.9999483954545736 2.5294728004032416e-05 0.0001154638035139482 -0.1779057751414888 -0.005377490825415457 0.9999261488807404 0.014316012415959183 -1.3105037975835667 0.004599195909587542 -0.014338458258058772 0.9998951343200942 92.68624411262141
0.9999622662092515 2.4991476251966932e-05 0.00011420724138191756 -0.1803950134899577 -0.0035880921796160904 0.9999219824703185 0.014160239914644787 -1.3222580810249356 0.004897006525654728 -0.014189087056899283 0.9998963865326141 94.01245345266115
0.9999517016023253 2.442330877238351e-05 0.00011133985485394719 -0.1830148013163634 -0.004867748934361805 0.9999318469416381 0.01380516053225305 -1.33511182680197 0.005041357337240073 -0.013830424640425793 0.9999009498838357 95.40606259594843
0.999949119199596 2.321039132032604e-05 0.00010553996250717594 -0.18557127015296607 -0.005190950490774782 0.999942491368398 0.013087046463281016 -1.3507227574091314 0.0050302475613113575 -0.01311119863012591 0.9999106648207274 96.75230762050859
0.999951350454613 2.270162615768817e-05 0.00010314909925024092 -0.18808883805095233 -0.004979136985690686 0.9999456958971792 0.012791184319376564 -1.3673928615397097 0.00473909400318822 -0.012815135710617797 0.9999153953772539 98.07228448479442
0.9999384194904216 2.332073264433611e-05 0.00010598949553192248 -0.190584077091582 -0.006671085633044032 0.9999448935981123 0.013143162950905384 -1.3689145311988726 0.0043553779934272785 -0.013161596677716726 0.9999119522040081 99.44745014410708
0.9999339065997596 2.56593721805181e-05 0.00011712812648601305 -0.19310405186795268 -0.007231191659098484 0.9999264117274015 0.014522201504755354 -1.3836249468875284 0.004356951741941818 -0.014539238920005117 0.9998928853749468 100.77749936494355
0.9999294426548836 2.8670284151382716e-05 0.0001315980451370867 -0.19564634435630507 -0.007838222816492848 0.9998990826949345 0.016313170682132505 -1.3976520665447425 0.004122152288363676 -0.01632866383494792 0.9998658616665941 102.12295612155714
0.9999368392910859 2.6646725574494545e-05 0.00012186471111926694 -0.19807852452278016 -0.006973307292655235 0.9999174672968751 0.015108737489477842 -1.403318863099905 0.0038827735765844537 -0.015125958347251563 0.9998852878989538 103.4447121167277
0.9999350038350913 2.28233809813419e-05 0.00010361844858882774 -0.20061142140656413 -0.007197123843085152 0.9999492989330706 0.012849797906957582 -1.4157477537751457 0.0039011913735099773 -0.01286649989447101 0.9999168437444919 104.79209264836473
0.9999403633070324 2.1088295340069077e-05 9.542514653249458e-05 -0.2031003226318747 -0.0065127811754514525 0.9999610207340277 0.011835031281491088 -1.4275854213826564 0.003984791347013995 -0.011853274061479638 0.9999291746634926 106.11774342123996
0.9999607579250008 2.2716687578947653e-05 0.00010335399016820246 -0.2056978987661015 -0.004021670996079673 0.9999419633923441 0.012817077539448206 -1.4447362834681552 0.003798778271888974 -0.01284012257621173 0.9999173918294059 107.47988770899988
0.9999862990603283 2.5783436820274105e-05 0.00011859726490583123 -0.2080865105210426 -0.0010275611246542363 0.9998994075212838 0.014704603169528188 -1.4431554494423051 0.0030055976258317324 -0.014728377099974465 0.9998926551663864 108.80983519814133
0.9999983001764166 2.680582075615355e-05 0.00012393122064620061 -0.21058541751965915 0.00030686332264954694 0.9998792028380806 0.015364949618849603 -1.4536167312864041 0.002309896877164539 -0.01538471341815866 0.9998833744126202 110.14716559282758
1.0000054633971112 2.557454937441965e-05 0.00011832386519624173 -0.2130758703709752 0.0010589220729989666 0.9998830672368089 0.014670950734526563 -1.4694617780587425 0.0016965007224959976 -0.014685558273471294 0.9998939986453164 111.4558045755293
0.9999889108367107 2.2027318692137768e-05 0.0001007959062061818 -0.21553305128562386 -0.0011660905386397455 0.9999303867407625 0.012500686578696622 -1.4752538685777585 0.0009413236840671178 -0.012509952442050032 0.9999231856991629 112.79084811369452
0.9999682560017713 1.9011162677431623e-05 8.601210495053188e-05 -0.2181392317671927 -0.003964394133424884 0.9999669886526134 0.01066911486027545 -1.4999764172972139 -9.849240410508549e-05 -0.010676270256623183 0.9999429793519015 114.12399142571519
0.9999566335908483 1.841426550106863e-05 8.300677106802806e-05 -0.2206117075849525 -0.005757674627413811 0.9999766295954206 0.010295818773971763 -1.5073761727086659 -0.0016588266336171602 -0.010302693156095465 0.9999427043987512 115.46033634905518
0.9999391221074476 2.1987019139024788e-05 9.966760382208533e-05 -0.2230858317564595 -0.008219086199047359 0.9999558501998744 0.012358502316606138 -1.5114911872155838 -0.0029371528201835384 -0.012374077378638881 0.9999140006534354 116.81224267806905
0.9999488518223788 2.6281654143015323e-05 0.0001201919451947499 -0.22549259268723512 -0.0072082181012316435 0.9999208484205883 0.014898664714622426 -1.51715742348137 -0.0038177892348468636 -0.014908690563036793 0.9998748933306914 118.11992310012944
0.9999540332082093 2.7973704838306357e-05 0.00012838310214786735 -0.2280839495900651 -0.006807268343894696 0.9999048186512887 0.015910951715535204 -1.5338329643901076 -0.004899365692260925 -0.01591729375097677 0.9998526924188521 119.48074267942998
0.999948476020024 2.627581183834056e-05 0.00012016020563815409 -0.23042134117602275 -0.007694623653753336 0.9999212422258605 0.014891835334198895 -1.5315150242723097 -0.005778809852881543 -0.014903698691046194 0.9998620158088841 120.78560979402609
0.9999340307915968 2.6316393008315314e-05 0.0001202746145539306 -0.23294790029428775 -0.00978363886286102 0.9999196315704212 0.014903512487700075 -1.5471063161052216 -0.007094613710534156 -0.01493335678787371 0.9998507270357768 122.11537733896206
0.9999253862218833 2.567704622493186e-05 0.00011722409566336653 -0.23541624553739687 -0.011091385813511486 0.9999221061608724 0.014523666459703863 -1.5471182499515364 -0.008138917242747927 -0.01456822834995375 0.9998462673003062 123.48238101484307
0.9999170964708409 2.4550548066337025e-05 0.00011189561683684884 -0.2379371263389099 -0.01240051355974576 0.9999266845489084 0.01386102014610094 -1.561937649832059 -0.009385889640614835 -0.013923916245872218 0.9998422583697761 124.81244600323922
0.9999072236348546 2.3449409972365123e-05 0.00010676786112950518 -0.24036897311961045 -0.013875450678776099 0.9999278299128576 0.013223153487664074 -1.5668937950056594 -0.010495529944191657 -0.013308959208871523 0.9998375881596783 126.13718654787147
0.9999213042331918 2.3068397339381236e-05 0.00010481157807459558 -0.2429015737853053 -0.01230677503205473 0.999938943085775 0.012978683856722743 -1.579836908051687 -0.011298264948885991 -0.01304838110983237 0.9998308206676105 127.48210981951603
0.999924206164929 2.4636417471489425e-05 0.00011225788875082656 -0.2453665126811988 -0.012187976156225223 0.9999270814141499 0.013897361215727098 -1.5874049163324837 -0.012375667029642863 -0.013969703916318304 0.9998036844400198 128.8135301957124
0.9999352764798726 2.6594473431043944e-05 0.00012161016339435368 -0.2479001138119886 -0.011006276787187276 0.9999145352051525 0.015052288697230194 -1.593500047660869 -0.013236943365404817 -0.015110095092132366 0.9997745288290403 130.18954652464865
0.9999448793045278 2.7167134183748998e-05 0.00012440647376729956 -0.2503775321640233 -0.009880846397602408 0.9999119672371425 0.015397419237809682 -1.604543861323264 -0.0135364063950028 -0.015438706870264688 0.9997649625398104 131.51237791304368
0.9999619717733703 2.8593922381919476e-05 0.00013149760388597525 -0.25290781220674086 -0.007769703166027527 0.9998996901282278 0.016274890198734425 -1.6177369593911746 -0.013588056730428648 -0.01628366310291899 0.9997507755887534 132.8549011191709
0.999978478707436 3.0107634463410332e-05 0.00013920048051838801 -0.25525169168809986 -0.0056753876771391 0.9998809109513084 0.017228733313766766 -1.6092676488395283 -0.013390461473802557 -0.01720575719890296 0.9997383677515156 134.1907938463612
0.9999831893961383 2.9611129094381586e-05 0.000136932278112232 -0.25777548309924336 -0.004950413497442365 0.9998836895741409 0.016950226103880632 -1.6241881609602553 -0.012766343855347808 -0.01691838353852403 0.9997525597069403 135.52201991752085
0.9999818478656451 2.894355008964053e-05 0.00013366164793757445 -0.260239402355082 -0.004883862926129393 0.9998902114035876 0.016548815645480056 -1.6284560336500278 -0.011726570759667494 -0.016519570205187406 0.9997738375803598 136.8675927235433
1.000014858493654 3.159964653247707e-05 0.0001478741821539691 -0.26260497013948614 -0.0005345551883099839 0.9998362345339497 0.018310455065778514 -1.6240224280150901 -0.010613038593120962 -0.018231323278641586 0.999758564753562 138.1974997441913
1.0000154893762316 3.111686018448037e-05 0.00014555328113589222 -0.26504544924431217 -0.00021763665585917968 0.999838971387777 0.01802619083358944 -1.6314291028688697 -0.009549127439284948 -0.01795173396857772 0.999776269295384 139.5160928986086
1.000030357136182 3.213375925559779e-05 0.0001513305047312419 -0.2675437895664691 0.001914937071368996 0.999806778842051 0.018743835825209148 -1.6315013410931556 -0.008273084791777808 -0.018658493130079355 0.9997770172376153 140.8994399793191
1.0000256634445357 3.120368311323139e-05 0.0001465198111855661 -0.27002626958898146 0.0015713865520641645 0.9998210912245461 0.01815106100825924 -1.6430261280578156 -0.007205635452295051 -0.018079557183133504 0.9997978364228697 142.22292977202056
1.000024980311756 3.05553949432498e-05 0.00014332593112678627 -0.27241078443902816 0.00171706936739781 0.9998267446063166 0.0177579103672721 -1.637816320261218 -0.006177611549148671 -0.017695300688216262 0.9998134424936358 143.5667918654678
1.0000424932871879 2.667472816600229e-05 0.00012562790703654668 -0.27491486292564676 0.004087881366810618 0.999837273898211 0.015569627053342461 -1.6416754905321478 -0.0053041456524382195 -0.01549909419971694 0.9998564601533794 144.9364289055444
1.000067470027127 2.5024672574791226e-05 0.00011953466788328158 -0.27746273975061686 0.007437842409410502 0.9998024318608055 0.014817099816980752 -1.6637228070807675 -0.0041978056139477795 -0.014740615103916253 0.9998751734475568 146.24921194064095
1.0001354778532447 2.904554255796915e-05 0.0001458471569149183 -0.2799349984311982 0.016090727314006424 0.9995772710266477 0.018074170997229674 -1.662329311092178 -0.003274912147965185 -0.017971632668624508 0.9998274807665744 147.62465061096609
1.000192822069939 3.0326712450999896e-05 0.00016017202032630497 -0.2823458043410178 0.023489703996412918 0.9993374867917677 0.01984690400119422 -1.6689360447430417 -0.0020380097389936375 -0.01975052131433128 0.9997994685266915 148.93037708385006
1.0002225672966552 2.3879704237922406e-05 0.00013371474992455415 -0.2847063397498718 0.02745450583421328 0.9992641445065275 0.016575212122259934 -1.6673625333396263 -0.0008307087981968529 -0.016507014246040196 0.9998621444128698 150.2447422438785
1.000211843624248 2.0030280311925455e-05 0.00011341753256027798 -0.2872925752971633 0.026039528543495415 0.9993519733697492 0.01406287224955778 -1.6835418464375203 -0.0012017315317609074 -0.01398338931441485 0.9998995385625197 151.60493839152443
1.000182422446517 1.5937488453637502e-05 8.94565127695663e-05 -0.2897043765724664 0.022249458062985082 0.999511475350495 0.011095020621390183 -1.6839706206307392 -0.0018092778257674939 -0.011005348266421265 0.999934695469911 152.9387670949408
1.0001854713344587 1.5793812696588902e-05 8.922887332111487e-05 -0.29234426730584506 0.02242253216522585 0.9995065346879957 0.011066054006280378 -1.6994424650325806 -0.002726025987929287 -0.010947808716370917 0.9999315919783631 154.33183437923466
1.0002183880104982 2.133003424542937e-05 0.00012072944056269611 -0.29467459636994003 0.026340635129779105 0.9993285220463661 0.014966161523709338 -1.6964674678749512 -0.0034834421335677938 -0.014807821523966026 0.9998782152487389 155.635720202714
1.0002664835065334 2.4754478695383775e-05 0.00014619955870585248 -0.2972157788679121 0.032163410143459456 0.9990589090326866 0.018117109281731936 -1.7120905817150591 -0.004153432194547914 -0.017906754559442555 0.9998237939153751 156.97344478047557
1.0002874614873407 2.5045549075760135e-05 0.00015198906829153253 -0.2995839254783613 0.03479485249782324 0.9989362489640734 0.01883336861919525 -1.7111613212680068 -0.0040367129182785596 -0.018614969189852153 0.9998115580380348 158.28915221932058
1.0003083133708068 2.512237761189383e-05 0.00015698724434739207 -0.3021523698200688 0.03738105253660177 0.9988101032480176 0.01945151011186108 -1.7255092138911714 -0.004051917156828904 -0.019220073552874313 0.9998000285423249 159.6476622919517
1.000295616332851 2.5854848523607782e-05 0.0001577260244920724 -0.3045219995560137 0.03556367547779445 0.9988893606302837 0.019541496337401636 -1.7140053787007494 -0.005124544931066586 -0.019272289041175956 0.999792164665058 161.01134905624883
1.000288307756295 2.6002018435649504e-05 0.00015685068403998356 -0.30688740062971465 0.03439268341375745 0.9989419542921026 0.01943146563000566 -1.704621159282053 -0.006298902522447715 -0.01911925251440494 0.9997862709624007 162.3632412906293
1.0002523619394699 2.4361566297516346e-05 0.00014150638702579142 -0.3094716964018045 0.029728860469756757 0.9991643914239341 0.017531877870792776 -1.7199801704273638 -0.007189421779340797 -0.017218741047987585 0.9998131655835284 163.72602130542182
1.0002123792001114 2.3858217255416647e-05 0.0001318716614093008 -0.311993201190845 0.024642814187735167 0.999363996598996 0.01633857486909395 -1.7316495063282147 -0.007727079574067865 -0.01604981790405692 0.9998276147159004 165.07047976983594
1.0001935742715211 2.722883090272056e-05 0.00014514580177613697 -0.31446119331567407 0.022275330692182974 0.9994104302395276 0.01798051323869118 -1.7344655650754326 -0.007870172465534826 -0.017709509489583917 0.9997982439415033 166.42478272168492
1.0002041942562947 2.759784769949293e-05 0.00014865278652198967 -0.3168056813935398 0.02359627964637559 0.9993615628818917 0.018414371829287256 -1.7265275112317047 -0.007861048573262884 -0.018131810806430015 0.9997907688400745 167.75864334161102
1.0002037632132494 2.374420171469792e-05 0.00012990093529629643 -0.3191944071428308 0.02369980036774843 0.9993983477446282 0.016095776812772692 -1.7152804768804826 -0.0071606651392700045 -0.015833481175508417 0.9998363007824087 169.13176093552053
1.0001683577683953 2.0246461403186297e-05 0.00010782246224197108 -0.3218232277881197 0.019451711013002693 0.9995645851943149 0.013363820646139694 -1.7267899142258387 -0.006496473895638511 -0.013154963512574034 0.9998808259663439 170.53636779336114
1.0001198831078895 1.9502753958653557e-05 9.825393149315233e-05 -0.32434926608225134 0.01348806212411152 0.9997260375781625 0.012179151939499219 -1.7438128689650951 -0.006244724207321624 -0.012023065928957525 0.9998971191702121 171.85946230523368
1.0000991881121124 2.1382629948175566e-05 0.00010500245572372577 -0.326808652470932 0.010846881371764589 0.9997689210665694 0.013014302525304434 -1.7414452593234933 -0.006561599542017478 -0.012872966381026424 0.9998839493549775 173.23211596033337
1.000053783087687 2.672229364487043e-05 0.00012663810912124296 -0.32954248363929933 0.005013343217541787 0.9998237107858193 0.015690886567443902 -1.7647176933363444 -0.007429686652538669 -0.015585923116082982 0.9998377382169201 174.6424236065174
1.0000431277926374 2.9954157118631045e-05 0.00014151875987535012 -0.3320241911438712 0.0037547659317310658 0.9998087366914172 0.017532642198150313 -1.7718521227168864 -0.007141104459077354 -0.01744262123820593 0.999809721623208 175.98506460105864
1.0000795017808548 3.2064720962232673e-05 0.00015465144759719326 -0.3344730258525803 0.008418600792467168 0.9997129211931586 0.019158337783111636 -1.7561070039856548 -0.00648766851935182 -0.019038820810205224 0.9997862567036603 177.4115321259917
1.00008556799096 3.233978094008619e-05 0.0001565529742455047 -0.33710459932352643 0.009488230065841664 0.99969014285696 0.019395799277774618 -1.7664253733643667 -0.005077277583521507 -0.019292740041292673 0.9997920970475959 178.8229752314495
1.0001047768778653 2.5158894786866948e-05 0.0001235951020267872 -0.3394554334395114 0.012347268459484502 0.9997067034531922 0.015321172792350023 -1.758344719733127 -0.002965794040849682 -0.015241858395850802 0.9998743035417548 180.16098644360224
1.000063904389812 1.9124290456955934e-05 9.123330252352167e-05 -0.3422614787051383 0.007674615638854828 0.9998445508521001 0.011315457748394337 -1.7913809502720814 -0.0011671258636526112 -0.011284942763998917 0.9999336983808064 181.56774660442272
1.0000350841269694 1.76499212251411e-05 8.233869587752373e-05 -0.3447415405245096 0.004191888271809064 0.9999051436053207 0.010213710931244863 -1.7858566014457533 -0.0007368659637275079 -0.010198168105597054 0.9999465434684057 182.96592870239638
0.9999900380335452 2.0530381592692715e-05 9.375940489840875e-05 -0.3472727318106542 -0.0013368023271969334 0.9999420818361833 0.011628717204354402 -1.805141824493046 -0.0004442567293242159 -0.011628740789170006 0.9999316519212218 184.2817884091809
1.0000097581356255 2.607728489222895e-05 0.00012092548762447685 -0.34969839814355375 0.001079091703406766 0.9998781099735409 0.01499240576246329 -1.7788367577993467 -0.000592129747136914 -0.014986098181647523 0.9998866751290292 185.74251715731205
0.9999828007908053 3.0197137125369256e-05 0.00013976108603356587 -0.35239483214395956 -0.0023710115476083286 0.9998659688179247 0.017322888029015483 -1.8108697070338395 -0.0010481306324959699 -0.017321962233114767 0.9998477729028831 187.09304491284084
0.999998007946595 3.167484482291018e-05 0.0001474833285977572 -0.3549994738418893 -0.0005172512728874685 0.9998366980426278 0.018278032012297846 -1.8067308278519159 -0.0012034418692987079 -0.01827090370814217 0.9998304408237179 188.55404517291853
1.000003883810854 3.238928416780286e-05 0.00015121549808915944 -0.35762505658738253 0.00026220825441357516 0.9998219652260077 0.018739763795320864 -1.8118852437510393 -0.0009816591741971775 -0.018732287319967365 0.9998225525344162 189.9851993472773
1.0000360710766594 3.270593614024958e-05 0.00015447975942803772 -0.3598569656920433 0.004235584735353692 0.9997733727255101 0.019143423302534143 -1.7928303865179995 -0.001088606741343042 -0.019124361404016594 0.9998148317087258 191.30628576778759
1.0000464381032628 3.2882507706593483e-05 0.0001560317265026105 -0.3625948983334536 0.005406190954209529 0.9997546096636851 0.019335012887484154 -1.8044748977402552 -0.0016098476554104576 -0.019305827924827858 0.999809702114811 192.77072033848629
1.000072846547753 3.4308324987117333e-05 0.00016509076201834698 -0.36506193242003787 0.008590305913845594 0.9996843705545534 0.020454805395933574 -1.8043050373611087 -0.0020360362824638984 -0.02040873126880009 0.9997862662913909 194.13780857120943
1.0001186656264736 3.5972131093884446e-05 0.00017791977779056233 -0.3676279398755573 0.01419031927917847 0.9995417205661846 0.022040287341495757 -1.7936106685167896 -0.0024386841757495226 -0.02196636168032509 0.9997516506234164 195.60664640079796
1.000147795346676 3.6488481450125745e-05 0.0001841006876924867 -0.37009412317287915 0.017756441132857383 0.9994388515841485 0.022803945068826815 -1.7912278469189253 -0.002668430045337667 -0.022711084851690235 0.9997340192260679 196.98313226287982
1.0001175700224834 3.1849787363169915e-05 0.00015744383544269176 -0.3728516771317197 0.013942739657432526 0.9995998553575995 0.019508657718092275 -1.8073386539759737 -0.0029359953552499096 -0.019424006512036997 0.9998020052486355 198.4385161125844
1.0000621154714895 2.4014228186916564e-05 0.00011428048951545532 -0.3754568509600295 0.0070341782883043165 0.999818023007652 0.014168029970582304 -1.8114142628886967 -0.0030324264525405653 -0.014111465657733135 0.9998905593235918 199.86317810796302
0.9999742220715493 2.4218845839286962e-05 0.00011077808498048702 -0.3780552528973524 -0.004180294598344372 0.999930421460384 0.01373262786826655 -1.812481026251816 -0.0043655332687383775 -0.013723542851482964 0.9998886143638522 201.29750770863384
0.9999409736308705 3.158940518471938e-05 0.00014577480905013287 -0.38048923947304136 -0.008558154784505799 0.9998688935517241 0.01806169917240825 -1.7971013180300808 -0.005474687636711647 -0.018080006508937273 0.9998119307600417 202.71412224338408
0.9999324738641936 3.448511375700458e-05 0.0001599158351760705 -0.3831941071245828 -0.009814522755482346 0.9998343521003993 0.019808862084878517 -1.803424067684733 -0.00637006072697379 -0.01983779189976997 0.9997717028319884 204.18397695194608
0.9999273120408982 3.544452005075152e-05 0.00016464364905368397 -0.38573921323722477 -0.010319139163784975 0.999821552719902 0.020394431530814713 -1.8039241973073463 -0.005761626025291676 -0.020426224603345183 0.999764652575927 205.59131637537834
0.9999742092324507 3.567145248965266e-05 0.00016630181846396413 -0.38830224812626135 -0.004244834555380529 0.9998126312500628 0.02060135363269908 -1.7860469677126116 -0.004646242134641967 -0.020591693616771788 0.9997690806045324 207.09054026896533
0.9999821140843371 3.52662281381394e-05 0.00016452660802881752 -0.3909883796115937 -0.0030004155695093756 0.9998115882567684 0.020383439347691865 -1.8012597413804314 -0.0034746713719554087 -0.0203719173269901 0.9997804537685389 208.51037265781204
0.999972945375032 3.402332861990667e-05 0.00015815928824291104 -0.3936415194883235 -0.004036131610421746 0.999832027082612 0.01959668870435791 -1.7955831115457304 -0.0030155505314185217 -0.019592407507715112 0.9997983413789058 210.0050906111656
0.9999751591401103 3.4016293872231665e-05 0.00015818139606530498 -0.39612127929820384 -0.0037432871956094432 0.9998307526281207 0.019599512113338137 -1.7859965150704853 -0.00293565558773232 -0.019594194918010503 0.9997986884380483 211.42122127026326
0.9999484056335433 3.548748263166451e-05 0.00016493192802274014 -0.3988345698706076 -0.007029111148281549 0.9998227883320155 0.02043422112045208 -1.7951752081400967 -0.002771936423415883 -0.020444508517581256 0.9997824374273554 212.88300464804584
0.9999565890285285 3.665582785346462e-05 0.0001708049581704348 -0.4013956064680469 -0.0059112160374012995 0.9998058973912973 0.021160670101070603 -1.796932889178264 -0.0023188731040299356 -0.0211669055349659 0.999769386202599 214.29355881525254
0.9999507496901932 3.57922265204029e-05 0.0001664601604457511 -0.4040264791424022 -0.006575205228946867 0.9998183248559438 0.020623830998262673 -1.7968324641365299 -0.002045938611293224 -0.020633191586937404 0.9997816243062211 215.75107700165165
0.9999548396641613 3.4833730650321235e-05 0.0001617896969435986 -0.4066534859692796 -0.0060026673346656265 0.9998290631380367 0.020046681344971694 -1.7911380064053297 -0.001757845513007494 -0.020054454693863345 0.9997944604406516 217.23140105224817
0.9999505311220391 3.5253004293521115e-05 0.00016379921923813574 -0.4093670050553203 -0.006407162283488584 0.9998247857948256 0.020295536139285843 -1.7962647911440208 -0.00117549075506252 -0.020305738321816418 0.9997912980445758 218.71138070484915
0.9999336520583196 3.447328974739809e-05 0.00015985856148206215 -0.4120696047975223 -0.00846644104692185 0.9998358292463999 0.019808413761234846 -1.7994921188710136 -0.001010739176029613 -0.01982465592837397 0.9998014237045613 220.1937835753224
0.9999462374732178 3.463424324122964e-05 0.00016071113749301655 -0.41472993979046846 -0.0068883425983579626 0.9998331417509392 0.019913887332673737 -1.7992549725865323 -0.0009433671895540104 -0.01992578270483836 0.9997996023526 221.66822875194003
