1.0 -3.469446951953614e-18 0.0 -1.5585406229479126e-19 0.0 0.9999999999999999 -3.5575383784680614e-19 0.0 2.168404344971009e-19 -2.388632911257127e-19 1.0 0.0
1.000000238647032 1.5577085106313615e-06 6.969831035554073e-06 -0.0025870853271003696 0.00012646609624124283 0.9999985863892349 0.0008656600697740401 -0.0246707182802108 0.00043181158941984544 -0.0008690181435815391 1.0000003214297541 1.3227988809172309
1.0000053795248014 2.1828576836514096e-06 9.974349921753299e-06 -0.00507448340392403 0.0007742702132973456 0.9999926804272515 0.0012387189923503713 -0.04217398348774028 0.00047353099991410074 -0.0012415858394457615 0.9999999901115381 2.622351101947323
1.0000117618076572 1.7290659699020772e-06 8.21227556608889e-06 -0.007789479609890751 0.001654636336020015 0.9999847724691382 0.00102003971558683 -0.08242858104214063 0.0008648398722210434 -0.0010255259281835803 1.0000006765258436 3.9464943546639146
1.0000235655823937 1.5614329831586254e-06 8.024364570352344e-06 -0.010328430836675444 0.0030124081873985735 0.999970694628944 0.000996581831089414 -0.1032304463995959 0.0003825528213933513 -0.0009954657811391111 1.0000001365098627 5.259888238299469
1.0000267492958859 2.2171123384706615e-06 1.1129998257976845e-05 -0.012862953668042514 0.0034944655741501775 0.9999647800211995 0.001382276448300137 -0.12105237473562666 0.0007690620491168667 -0.001384980728006431 1.000000153838006 6.584118718730464
1.0000316946740635 4.383970288788716e-06 2.115335381719266e-05 -0.015557675768834996 0.004053405436317627 0.9999556574063702 0.002626465756260935 -0.15804922948152128 0.0005227608441247236 -0.002625746118066249 0.9999973980781958 7.911561544475036
1.0000337190231998 4.7906207913308435e-06 2.310480580378321e-05 -0.018041682205610785 0.004275252663424201 0.9999522780839336 0.0028686308549268806 -0.1699605530474779 0.00039094503512545936 -0.0028660338294995177 0.9999965639938796 9.234172937401802
1.0000301357019183 3.95042082258594e-06 1.9110646960584848e-05 -0.020667110902507016 0.003953218786584769 0.9999575025809969 0.00237301949361316 -0.19850523416485774 0.0009393866871995616 -0.0023774024286996043 0.9999984633439765 10.5609315748081
1.000010020488465 9.225232845688769e-08 8.17317243863953e-07 -0.0232156120090746 0.001398426214162302 0.9999877551307806 0.00010172740218879061 -0.21869247250486235 0.0006866604025298835 -0.00010569929366774064 1.000000999945231 11.882355483801707
0.9999785523860539 -1.3476832653146198e-06 -6.6787104568743e-06 -0.025866057792541478 -0.002452326350840149 1.0000164073387634 -0.0008292296002517597 -0.24396208951339968 0.0009421581810517939 0.000819564118222962 1.0000009094503692 13.237574803398612
0.999958855645741 -1.7234307849688102e-06 -8.746654587805198e-06 -0.028471308184833607 -0.004951332977082778 1.0000270355469385 -0.0010861559364091996 -0.2674794735089512 0.0007064472737354104 0.0010750634834061363 1.0000004324253133 14.575577499781089
0.9999509529559069 8.889770400869607e-07 2.783222861952976e-06 -0.031143997537300183 -0.006066293920626721 1.0000303800644215 0.0003456807587106018 -0.2988643086808863 0.00011100460014493879 -0.0003568652990735652 1.000000135766315 15.915844931045726
0.9999617517746087 4.561297458550995e-06 1.9414130321308582e-05 -0.03381233017383283 -0.004730093227807517 1.0000239589749702 0.002410440672433916 -0.326599306632184 8.909993467232937e-05 -0.002419361442646395 0.9999972654026791 17.269976115816043
1.00000507179709 8.56355644054431e-06 3.882584691476654e-05 -0.0364319690064497 0.000585942020575738 0.999983427251457 0.004819138815119456 -0.3482004532643104 -0.00019589880727185495 -0.004816707546478734 0.9999880967025917 18.62449320895476
1.0000181949169382 6.4083346592649915e-06 2.9610411209487477e-05 -0.039097197744536544 0.0022731493696856175 0.999972302343889 0.003675860461797268 -0.37997425038963833 6.025051420619886e-05 -0.003672681657236553 0.9999934160202075 19.958894090134994
1.0000247149323382 1.6831292152415245e-06 8.628686970333374e-06 -0.04159991206819051 0.003063552028438176 0.9999700488820955 0.0010714679839852186 -0.3867420733195289 -2.5918956998324544e-05 -0.0010657452034279033 0.9999994004534496 21.314804306386876
1.0000091397281798 3.617340996187046e-08 5.292297647460555e-07 -0.044481995103686896 0.0010769052264854775 0.9999907455930288 6.561262152427318e-05 -0.4413822929638265 -0.00025938455033447795 -6.13046685695393e-05 0.9999994970597301 22.667332654079242
0.9999913572706359 1.8330523713656205e-06 7.88749037291636e-06 -0.04691188614915407 -0.0012939210209021446 1.0000090881527743 0.0009789426574039653 -0.43638810625716123 -0.000983665261967123 -0.0009746800995700651 0.9999972793820603 24.035364114879737
0.9999941103604586 1.0199971481753348e-05 4.588676241567484e-05 -0.04956925364955338 -0.0011059237106471427 0.9999919981069657 0.005694114137674243 -0.45230785722728745 -0.0016700390683423428 -0.005684789854586438 0.9999795142340865 25.436113186022805
1.0000042836104504 1.1735744800279307e-05 5.332858937218913e-05 -0.05224432204310437 9.525314524663243e-05 0.9999772393397138 0.006616835287007626 -0.4800428088112123 -0.001947628145061295 -0.006601172998095707 0.9999728947622464 26.79397507803666
1.0000368632623293 1.0569873436816132e-05 4.9616256421389704e-05 -0.05498460031844337 0.004101542145771341 0.9999395193368532 0.00615632494856298 -0.5142135980132487 -0.002125117742770558 -0.006123686702943183 0.9999752439754237 28.159251524652156
1.0000377651175756 6.368034732124814e-06 3.0486497479699287e-05 -0.057452836258894475 0.004269387295164791 0.9999492941263647 0.0037834174594948704 -0.5138412751210364 -0.0018760820752570931 -0.0037529685882157285 0.9999878650131773 29.527908279657247
1.0000403356540386 3.2215721658176294e-06 1.6416096297788103e-05 -0.060300707721331906 0.004416515843712896 0.9999525799038624 0.002036432121252674 -0.5576886576073687 -0.0026436079441221607 -0.0019956932237543833 0.9999897702517605 30.90962031996365
1.0000203663729978 1.3447242053939157e-06 6.893513693267397e-06 -0.06282407575347168 0.0018454911071187942 0.9999830598437064 0.0008537600084055801 -0.561278342435019 -0.0030495450204340597 -0.0008203014162962933 0.9999895196719233 32.2911423782551
1.0000132773595596 -2.182549822990834e-06 -9.159083724964365e-06 -0.06564945726196825 0.0008611695968586842 0.9999920611473035 -0.0011404369434529142 -0.6007510547179076 -0.0035130364698678007 0.0011733695183604542 0.999986781026951 33.67990777747929
1.000005440778981 -1.2052798349614091e-06 -5.153861178171671e-06 -0.06820675110981426 -0.00017341040982090175 1.0000011837323688 -0.0006432551093432235 -0.6063350806065642 -0.0037866294230559988 0.0006728055225745183 0.9999857578193484 35.07132527488694
1.0000081992624503 1.3119265586496176e-06 6.189546584139038e-06 -0.07104672430226229 0.0002997169806254543 0.9999972370529379 0.0007661765047054574 -0.6456961539018196 -0.0032044365962125617 -0.0007389128478465156 0.9999888179336802 36.468669925180194
0.9999977186697004 4.053975389731179e-06 1.8089509089076012e-05 -0.07372401139338775 -0.0009765389605128289 1.0000048365115124 0.0022436779903480027 -0.664492060748751 -0.003091449685014928 -0.002223666252540392 0.9999871998151492 37.8676247893019
0.9999769009219037 5.089228709649965e-06 2.2114911752648368e-05 -0.07639880059769223 -0.003465815322426299 1.0000180963821663 0.0027437610442907637 -0.683993194807023 -0.002662914332502265 -0.0027378930076421685 0.9999879383001651 39.26205123445857
0.9999555785734194 5.09514010903038e-06 2.1731172763951026e-05 -0.07918696412898298 -0.006228973478742237 1.0000270821816346 0.0026955825961212866 -0.7172901020279083 -0.003176304727282758 -0.002701094265386574 0.9999856119916068 40.65774535586242
0.9999371617318256 5.9477710771197595e-06 2.5437017925489984e-05 -0.08196337623056406 -0.008541819565118947 1.0000272711841556 0.0031553758747080627 -0.7438400597357817 -0.003290675286333168 -0.0031724685836839136 0.9999836581763211 42.07701952534035
0.9999325755515481 6.30478787208219e-06 2.7046233718377305e-05 -0.08452676697442668 -0.009040385036906134 1.000026248289264 0.0033554281961453115 -0.7502434732976757 -0.0029740675513417712 -0.0033747587696333517 0.9999845622726069 43.46815959341769
0.9999380352639453 6.05797853441177e-06 2.5938752766659643e-05 -0.08730429413860016 -0.00828442020742446 1.0000271626261346 0.0032183521288745988 -0.7755687405182876 -0.002626581179327077 -0.0032339894920011413 0.9999866258668374 44.893512900948366
0.9999391295622568 5.5923171893620255e-06 2.3835663004627156e-05 -0.09009435873545829 -0.007937037917055667 1.000027990444982 0.002958186758816068 -0.8079233480922372 -0.0016834711861486958 -0.002972398064421108 0.999991169079223 46.29446213862226
0.9999459935452422 6.418449516166699e-06 2.7616979318636223e-05 -0.09281304284168791 -0.006895807585775015 1.0000258218996925 0.0034280358109553453 -0.8257710524973685 -0.0008415617858575266 -0.003439610116657964 0.9999922609651022 47.72057269660165
0.9999389034038749 8.147426072593889e-06 3.542943284487823e-05 -0.09556990121652928 -0.007540418118370081 1.000022549808554 0.004397917421296086 -0.8536456770481571 0.00021053189701015877 -0.004411770560403319 0.9999906901514978 49.12310989343736
0.9999290271897425 8.451640563129914e-06 3.680372857990319e-05 -0.09836819190111051 -0.008588026789027753 1.0000217686901498 0.004568633240197041 -0.8818654932782046 0.0010084580743445876 -0.00458373874665031 0.9999908734811899 50.54705436683016
0.9999272747464583 8.766349398869541e-06 3.824223386327723e-05 -0.10110361996942 -0.008522584238282088 1.0000209675447642 0.004747143320878001 -0.8958199568911327 0.0022708679260174014 -0.004761608383896799 0.9999902542462056 51.99980045216841
0.9999180453903735 1.1013174651139726e-05 4.856995205420136e-05 -0.10390229269392284 -0.009431287091012763 1.0000132071698118 0.006027968402314024 -0.9283743013204857 0.0033299996418029443 -0.006040587507757731 0.9999823110138762 53.404626437504334
0.9999338454407223 1.2289218134019925e-05 5.438231649770972e-05 -0.10663983435776529 -0.00726827704933947 1.000009239394646 0.006748376086142222 -0.9417372976659399 0.00422543937073518 -0.006765000038658145 0.9999759170947319 54.86118078875454
0.9999502383525422 1.393788483031004e-05 6.208714584063596e-05 -0.10923263603858106 -0.005128087936235849 0.9999983572539781 0.007703407885101497 -0.9491309385383695 0.004690760218603011 -0.007726619490608873 0.9999677287809946 56.26419369884958
0.9999598302129564 1.3502542188891312e-05 6.020140393560845e-05 -0.11208701907547436 -0.0038177140608081205 0.9999954475960945 0.007469229563090524 -0.9835786635057708 0.005222135577699253 -0.007498487123668544 0.9999677877833154 57.69143038723489
0.9999710159825149 1.373187680198118e-05 6.147647564372577e-05 -0.11484550997765335 -0.0024491343028678206 0.9999875200844731 0.007627375528617992 -1.000959161018894 0.005130320126569786 -0.007660853932859023 0.9999668689116997 59.14167089242326
0.999983832277024 1.4386322730510631e-05 6.484090847256501e-05 -0.11750919565830013 -0.0009499699402668238 0.999974719580087 0.008044756078485517 -1.0190029859445808 0.004717811768563829 -0.00808039381244964 0.9999648593429052 60.53644676651524
0.9999900505256737 1.617329452894764e-05 7.3339911123158e-05 -0.12033520635225002 -0.0002894514226855164 0.999960761496645 0.009098523740237757 -1.043174207645632 0.004219545674349458 -0.009132328863435015 0.9999571479645654 61.99379849928776
1.0000078311495615 1.5770543767569187e-05 7.215257519494075e-05 -0.12300964424573411 0.0018225153800026633 0.9999434643271342 0.008951575310997972 -1.0616965816425745 0.003790443498600267 -0.008986408959572534 0.999959411708823 63.39239521230309
1.0000187091813422 1.4285504373766009e-05 6.576379654313087e-05 -0.12568899991339746 0.0030533143732175624 0.9999373381057413 0.00815988379265094 -1.0785695255547187 0.003254622948438494 -0.008191261853802439 0.999967149884666 64.80107128995793
1.0000227277550775 1.3940397656404813e-05 6.436950075096272e-05 -0.12846831094397929 0.0034084578157481393 0.9999347274485823 0.00798721314932677 -1.0977918373611615 0.0026127770866730426 -0.00801177192229627 0.9999693256431705 66.25462904291881
1.0000090182012666 1.3995415072378531e-05 6.39632633271704e-05 -0.13111179210366408 0.0015651090595963646 0.9999545567694726 0.007936935273262214 -1.1192806983568078 0.001985094140448796 -0.00795381252767728 0.9999700972454655 67.62285160422664
0.9999878693296497 1.6546825325250078e-05 7.500871202201003e-05 -0.1339462234470876 -0.0012067823260396892 0.9999655492388586 0.009306018846882824 -1.1411890284644668 0.0013366797877092619 -0.009317852220409026 0.9999582432461401 69.09495848438867
0.9999576227023472 1.8753676582836457e-05 8.461222968188025e-05 -0.13659160922680944 -0.005130997500732083 0.999972912382787 0.010495904608888702 -1.16352853186899 0.0005880707598802922 -0.010507248138765309 0.9999458388089404 70.46044240338423
0.999930499712321 2.065850043598584e-05 9.337714891650972e-05 -0.1393431515545306 -0.008701511994901382 0.9999649672726477 0.011581389682646033 -1.1794940639343032 -0.00031317074596510694 -0.011597638629042666 0.9999322990260461 71.91314466125318
0.9998999775037707 2.003950327940547e-05 9.07579532579241e-05 -0.14188062438721993 -0.012583849037121871 0.9999586194564043 0.011256702685376057 -1.1873808363520841 -0.0007223952160663983 -0.011283124559098169 0.9999349420675844 73.28331535019541
0.9998652136968538 1.890048867048827e-05 8.64019446821301e-05 -0.14459077222263797 -0.01706573070356733 0.9999342022977062 0.010716539113080991 -1.2115163057478238 -0.0014561758797032134 -0.010761187693578898 0.9999385634761081 74.6766575735408
0.999865153335955 1.8708569148305834e-05 8.550352974049866e-05 -0.14716755640182583 -0.01724079427518257 0.9999338037741556 0.010604605815550389 -1.2074296991654876 -0.002203451843467572 -0.010656673112887538 0.9999369645328301 76.12199624184656
0.9998559521229615 1.969834290136384e-05 9.053705021400214e-05 -0.14986443574095265 -0.01846976812538195 0.9999149406017241 0.011227805817877254 -1.2355156513598549 -0.0025881735137302537 -0.011288966214812792 0.9999284187603985 77.49037249971987
0.9998630990046873 2.0270640747187263e-05 9.293067541249608e-05 -0.15263513942191112 -0.017601844475581125 0.9999202304478054 0.011524233137573484 -1.25970898272252 -0.0026758144541401746 -0.011582334632979835 0.9999246789765727 78.91699465331624
0.9998741839358531 1.837519838647668e-05 8.361359860342178e-05 -0.15518462174403788 -0.016169761611391407 0.9999455348753542 0.010370245104882197 -1.2705118892262337 -0.0024285863193438404 -0.010419725080731248 0.9999385303074232 80.28081195628096
0.9998742589089882 1.8648626001734406e-05 8.489308052979892e-05 -0.1578243877596068 -0.016102512543238634 0.9999444170255706 0.010529014938284821 -1.2899062532437078 -0.0021702080451167817 -0.010576144079343187 0.9999379510752627 81.65631746789867
0.9998783630834195 1.9590656099398654e-05 8.918459907014046e-05 -0.1604922084978989 -0.015493052366658898 0.9999433865142957 0.011061078307864245 -1.3032470141758514 -0.0017253226456643651 -0.011102469288650184 0.9999339232140728 83.07435706479565
0.9998769960859873 1.824477245614131e-05 8.291049025596631e-05 -0.16299980451285678 -0.01562068752159235 0.9999507351228134 0.010283904352846998 -1.3133223592310725 -0.0015374273599821793 -0.010324299788031358 0.9999428950783948 84.41822085112513
0.9998754278383778 1.861069997342174e-05 8.46764367436084e-05 -0.16563110192073 -0.015616880416122728 0.9999484801980714 0.0105032974664474 -1.322243430277639 -0.0006518983647629537 -0.010537019354411979 0.9999432475364654 85.8357423945524
0.9998764931699062 2.0485832344669525e-05 9.345926354432043e-05 -0.16825812045058375 -0.015224354149034145 0.9999393298971795 0.0115918536418901 -1.3450032624427806 0.000508576591684794 -0.01161634026866679 0.9999334856629328 87.1891794009239
0.9998866042041241 2.2590681019632464e-05 0.00010311466999258752 -0.17086424263964806 -0.013725682327786539 0.9999343588342254 0.012787899658087642 -1.3593182065694387 0.0015921405458464522 -0.012804248646960063 0.9999198153838095 88.56870373369931
0.9998985818228862 2.3616450511996373e-05 0.0001077097405368971 -0.17344963971125504 -0.011996212331392402 0.9999352310335954 0.013356831643953317 -1.3714380625733187 0.00267118156430622 -0.013368466448284318 0.9999120873801848 89.94653888387913
0.9999066858530965 2.4314817225265864e-05 0.00011089484315392867 -0.17609241125562322 -0.010798317152501433 0.9999338910538311 0.01375095068591783 -1.393742242009494 0.0035249647608428416 -0.013761222349826272 0.999905661206389 91.31073247612402
0.9999119863755617 2.3301661409236285e-05 0.00010600316273937766 -0.17867206213938902 -0.010036810325062376 0.9999438506617497 0.013145073967457586 -1.402905340895873 0.003985331002789286 -0.013155685387295479 0.9999129051082526 92.69857101094648
0.9999222438616095 2.377956207910356e-05 0.00010818606040390315 -0.18127192158173494 -0.008734896676268675 0.9999419950367063 0.013415293883916622 -1.4314008819705883 0.004110330481976914 -0.013428638946083428 0.9999090002789341 94.01138763367271
0.999927042247358 2.250607444856216e-05 0.00010211781979574766 -0.18379307533475533 -0.008069895886912447 0.9999520408607985 0.012663698498802799 -1.428686819152825 0.004418423626078731 -0.012678536531381518 0.9999180241383786 95.41979526738223
0.9999330248071395 2.2092860601726633e-05 0.00010015373467710644 -0.18627442631663 -0.00734837806013175 0.9999548477027128 0.01242051145535599 -1.4382293012657104 0.004322720254961264 -0.012437166817228005 0.999921297477099 96.7514999587896
0.9999251142685947 2.0903993810343982e-05 9.454792905266027e-05 -0.18883536292791708 -0.008379659075060743 0.9999634333188299 0.011726326916144702 -1.455115951533477 0.004104799880605174 -0.01174044229670145 0.9999302354230685 98.09453025052979
0.9999079072189613 2.1140952059291868e-05 9.58212887804382e-05 -0.1913932143557064 -0.010604940726904393 0.9999583602379873 0.011884244784686521 -1.465909166894884 0.0037109023271491735 -0.011894301848495551 0.9999292474952202 99.46302587840805
0.9999068023363157 2.3571045108175884e-05 0.00010735235184459687 -0.19390550942238416 -0.010755632143205776 0.9999399503612083 0.013312287604581691 -1.47781363126771 0.0036508084633780115 -0.013322273219590338 0.9999113751984776 100.8013351040431
0.9999063931955134 2.626687038326421e-05 0.00012022904222620898 -0.19641963279952138 -0.010819626540310281 0.9999172566230563 0.014906433498481607 -1.4885842670741418 0.003592018452841513 -0.014916520619598564 0.9998889930165403 102.14571328571667
0.9999101223079915 2.4857927369632132e-05 0.00011343749854384605 -0.19896215462316258 -0.01040084923700484 0.9999305198967003 0.014065788422119295 -1.5041196308594145 0.0033942652979010637 -0.01407704982353201 0.9999014855322281 103.48457095576812
0.9999101532170983 2.0875444474275154e-05 9.453804440441409e-05 -0.2014625065264713 -0.010427746467370252 0.9999606739024746 0.011725465049826403 -1.5171090899038895 0.003257197011212164 -0.011736936438995229 0.9999318663489513 104.81142703961717
0.999923440068052 1.9124173065402858e-05 8.617920914672579e-05 -0.2039900017215438 -0.008734546092524425 0.9999748864122232 0.010689905567149398 -1.5333534531756514 0.0034493924951589008 -0.010703638897795593 0.9999431484789004 106.13880060773404
0.9999306357150342 2.0896251166304183e-05 9.44983843559912e-05 -0.20652994055266996 -0.007935858247667859 0.9999635475275711 0.011720612315754457 -1.5455210394067025 0.0030259826171787014 -0.011735644826209347 0.9999321904425873 107.49124652091268
0.9999619524853173 2.436103227633664e-05 0.00011119376983396729 -0.20894936478718618 -0.00416038606676976 0.9999295784259611 0.013788210678038954 -1.548170711982887 0.002518580764697832 -0.013806050289145574 0.999906268094751 108.8193928659699
0.9999719081089982 2.6459331443073886e-05 0.00012143358601857481 -0.2115453669981165 -0.0031107758435703235 0.9999066393760567 0.015055865767223637 -1.5692074172435375 0.0016856008083409254 -0.015070460578896978 0.999888275772183 110.16333632047431
0.9999769099170589 2.3999029168797828e-05 0.0001098001199807911 -0.21397019295790512 -0.002640335785483834 0.9999248743237616 0.01361567063166577 -1.5769795512656521 0.0010133768234715354 -0.013626538376512254 0.9999086685139346 111.47163042358531
0.9999697019409967 2.07243433379984e-05 9.410431920292735e-05 -0.21649768383255513 -0.003707474282814086 0.9999546902687555 0.011671713683530231 -1.589897192434484 0.0002464440139450443 -0.011679935640840992 0.9999323714272753 112.81383730551373
0.9999449890019185 1.735425282938137e-05 7.792048379823432e-05 -0.21909318869843156 -0.007019897262391268 0.9999850233983909 0.009666108200264313 -1.6089754480708034 -0.0008385951422677721 -0.009678188005989088 0.9999514400254829 114.16623913033511
0.9999251833992092 1.6191959779005005e-05 7.246427031351219e-05 -0.22145912013152333 -0.00979135769002635 0.9999903695332296 0.008988852859092516 -1.609442054184653 -0.0022290374427813286 -0.009010627614276803 0.999953025276197 115.47449477921607
0.9999213016235233 2.0241548374849705e-05 9.144469710644526e-05 -0.22406009678645517 -0.010602207581191517 0.999964705851209 0.011339098703651341 -1.6256586122753895 -0.003695204030924053 -0.011367881654702787 0.9999220487701154 116.84268897746762
0.9999214989957244 2.404008782477124e-05 0.00010943047639431266 -0.22645863373083058 -0.010762178576227384 0.9999365264400643 0.013565440255771263 -1.6312396219037404 -0.004517915496265883 -0.013597314836316331 0.9998893849845947 118.1461947380371
0.999927196190663 2.5699816902483713e-05 0.00011732702204354686 -0.22906627615395558 -0.010273309090245979 0.9999239984217231 0.014541551157272443 -1.6478539310086033 -0.005493082245477135 -0.01457240091153712 0.9998690208576994 119.51630688117528
0.9999252155141903 2.466823698683493e-05 0.00011240537715510152 -0.23150356358879412 -0.010730571343011992 0.999931585134197 0.01393062166834994 -1.657561798663492 -0.006435300611800285 -0.013967242093346507 0.9998703270274428 120.82287007556356
0.9999123385018558 2.43563485399622e-05 0.00011101807053074536 -0.23397035000308514 -0.012646398697665914 0.9999270371096303 0.013755972429811969 -1.667995773047095 -0.007847296909090182 -0.013814789415147022 0.9998598082796211 122.142532733791
0.9999011998676544 2.339106593016345e-05 0.00010658873642318189 -0.2364632072089612 -0.014268319434220897 0.9999257037212269 0.013205064802156828 -1.6704038081853163 -0.008911375202980028 -0.01328612808742582 0.9998561262344438 123.5124264514606
0.9998956791925091 2.239602477327636e-05 0.00010197450107259261 -0.23895670660010415 -0.01523045480481442 0.9999266900707798 0.012630504212681129 -1.684115659997256 -0.010144527514748352 -0.012730640420349866 0.9998493673073576 124.8322658200404
0.9998959517103899 2.1384753851598493e-05 9.718268462397006e-05 -0.24137990637312018 -0.015446368286761627 0.9999324834843161 0.01203391358467652 -1.685685079563974 -0.011258336020612401 -0.012144726760013082 0.9998427148619833 126.16732064164776
0.999897496919439 2.0546026676020526e-05 9.319209106043998e-05 -0.24394900442928477 -0.015436537720927887 0.9999384184557849 0.011537174933494878 -1.703162147264398 -0.012070287474617648 -0.01165374264309858 0.9998376124207592 127.51223803005892
0.9999012709840469 2.2405024409064694e-05 0.00010190741395892816 -0.24642114434966264 -0.015200734105529865 0.9999271212882116 0.012613233587319621 -1.7131835566882 -0.013108918287170916 -0.0127337016982594 0.9998095031865802 128.83670550622523
0.9999034242085628 2.3858269123459494e-05 0.00010877212746299592 -0.2489945024920713 -0.015128172216227864 0.9999165810650181 0.013460264157116505 -1.7250324721715888 -0.013977856302489468 -0.013585564744549456 0.9997849631072866 130.20908134630102
0.9999186608745151 2.5207146296096078e-05 0.00011501678090148596 -0.251446993470461 -0.013304837302362652 0.999917119885027 0.014232364507028422 -1.732261541094279 -0.014285194939859941 -0.014330217731053571 0.9997696786409731 131.53511914489238
0.9999305689305549 2.563871450589686e-05 0.00011702864773396188 -0.25401843485254894 -0.011833073761198125 0.9999201901870137 0.014481375935783233 -1.748645299863366 -0.014316884234337739 -0.014555543282747458 0.9997659162770712 132.88621002350146
0.9999470601147957 2.7028927977307965e-05 0.00012376066211497818 -0.25635114673225823 -0.009747441702422081 0.9999134640554556 0.015315351480471175 -1.7405079577935505 -0.014149290418717844 -0.015355488238605827 0.9997566500376787 134.21443730558053
0.9999537445715279 2.7297715460597796e-05 0.00012512595695359017 -0.25897311079849944 -0.00879729181481469 0.9999119892379867 0.015486253765558011 -1.7666439645724863 -0.013614131453864066 -0.015510929285737744 0.9997626499387178 135.55001872833625
0.9999555500531875 2.617431988552292e-05 0.00011975818671470444 -0.26143456657908154 -0.008310253615000542 0.9999222548291178 0.014825797692528188 -1.7693503161635185 -0.012442096472834547 -0.014842973096154708 0.9997901694845376 136.90119086687406
0.9999908524142722 2.8396103706871192e-05 0.00013131059018716318 -0.2637393032846716 -0.0036991916840422518 0.9998905179163352 0.0162588420238513 -1.7596201090932977 -0.01143049941079248 -0.016215008125393338 0.9997827826398735 138.22102798025983
0.9999888745555026 2.8856617837937776e-05 0.00013346615047011927 -0.2662348418608733 -0.0037106342534393173 0.9998861420370239 0.016528514481510433 -1.7705973726748165 -0.010386120061332594 -0.016489571621460967 0.9997915767956449 139.5541917735453
0.9999999025598658 2.939841915909451e-05 0.000136499510067995 -0.2687908004074493 -0.002045266868619295 0.9998711857321997 0.01690727091593405 -1.781501106916254 -0.009067018248803769 -0.016856338848284837 0.999800680849723 140.92114619162302
0.9999982818424067 2.8795468626826443e-05 0.00013351761180419855 -0.2712055990764414 -0.0019833668209028087 0.9998769440405662 0.01654099832147837 -1.783093887526267 -0.007893360811858633 -0.01649672401449713 0.9998187480838229 142.25144400479087
0.9999933853092003 2.8101911896276366e-05 0.00012998238127522326 -0.27365343655083335 -0.00236127740507915 0.9998862806676031 0.016105623996465642 -1.7860566049140323 -0.0068668013079143 -0.01607097054772777 0.9998351071950115 143.5939305658453
1.0000108658327804 2.448999421383706e-05 0.00011338334989421917 -0.2762205186962179 -1.5365486354763577e-05 0.9999011703356518 0.014052592234936316 -1.7996432740454082 -0.00608640575543768 -0.01400416146728996 0.9998726258214841 144.95508092547433
1.0000435190715125 2.2605634648549186e-05 0.00010624445351241807 -0.2787140464266778 0.004289848328250715 0.99986931795454 0.013170579079332376 -1.8163768646677216 -0.004971578128294477 -0.013102584001383725 0.9998930112426797 146.26146037311221
1.0001061031834824 2.6245604628993835e-05 0.00012895948799183932 -0.28127037728196463 0.012286844045704163 0.9996975470829509 0.015983950991098023 -1.8213252514886036 -0.003969815113411212 -0.01588455009532538 0.9998590139783212 147.65517919979249
1.000161045148984 2.8124205152945878e-05 0.00014469489578378147 -0.2836888415923078 0.01942412110542515 0.9994937501385058 0.017932371693233997 -1.8304281611869841 -0.002569525397997885 -0.017833829583720002 0.999833281664866 148.9540153265513
1.000176419320696 2.2313109115776678e-05 0.0001188276921927139 -0.2860946222682951 0.02154183630985264 0.9994856285160207 0.01473230278351589 -1.8361882860131928 -0.0016402139230879099 -0.014651657910566666 0.9998885643907747 150.26073414746003
1.0001618976183546 1.7629593362662732e-05 9.454642235287407e-05 -0.28879318317094155 0.019714804334611306 0.9995778964475148 0.01172556547999546 -1.8592246786833575 -0.001745334675731964 -0.01164628714741592 0.999927674218841 151.65256051286244
1.000137838359535 1.4609878063445367e-05 7.732884693520859e-05 -0.2912481905659251 0.01653993483160001 0.9996838328687125 0.009591640416254578 -1.8670743457600072 -0.002578977518421556 -0.009501432512570651 0.9999470161227366 152.97722439916424
1.0001436024568062 1.473640013685551e-05 7.8616362589714e-05 -0.29380334002684355 0.017052055775073058 0.9996695660022384 0.009750265583885477 -1.8779964619170066 -0.003487505947214525 -0.009635128814911336 0.9999413423825584 154.34364874179033
1.000165573842757 1.922976480024305e-05 0.00010261118887644667 -0.29624819110012607 0.019692420329213825 0.9995663125269326 0.012722376858251715 -1.88185603601235 -0.0038811805162729087 -0.012584177837404288 0.9999064583767419 155.68048174474077
1.0002357070456926 2.1968277220698468e-05 0.00012683297034793515 -0.29865533453517873 0.02826502135405482 0.9992488405274741 0.015720442649589775 -1.8832619203246344 -0.004493426434295405 -0.015516647326825683 0.9998616242087783 157.00737329328436
1.0002681896241956 2.266087120656249e-05 0.0001363843611167522 -0.3010283774406288 0.03228143320533196 0.9990754600037278 0.016902352753963963 -1.8774975532983178 -0.00457200993380294 -0.016673430688230073 0.9998425215881795 158.3473549065336
1.0002724466556636 2.306258302182604e-05 0.00013919319022108207 -0.3036467302441536 0.0328360721378141 0.9990469653176913 0.017250027481109684 -1.9023374286734964 -0.004456260626537077 -0.017022986573815797 0.9998373679275866 159.6867164560608
1.0002656993420551 2.3792725793758338e-05 0.0001413676918103476 -0.3060185107515554 0.03175913024723913 0.9990858030575538 0.017517568329907706 -1.8921821069022882 -0.0055220433858419625 -0.017254166352427915 0.999826165686939 161.04558062129254
1.0002480263175377 2.3950231897050187e-05 0.0001386831153718912 -0.3084342689616615 0.02929405744843582 0.9991867974368941 0.017183414849091326 -1.8886303313654789 -0.006727229839709998 -0.01689100861861133 0.9998228025944241 162.39935230329183
1.0002324195759653 2.2288757396494996e-05 0.00012778290241428642 -0.31093157351085776 0.027156246522595226 0.9992867474902335 0.015832878589179703 -1.896451332913493 -0.007617353914210731 -0.015525092324319438 0.9998369327072196 163.74756968511042
1.000203150115316 2.1495640501101657e-05 0.00011900167693003577 -0.3133826136018276 0.023381180705224554 0.999429289111488 0.014744578149354839 -1.8976257800278133 -0.008242012344394872 -0.01445016366172116 0.999846948182608 165.09980486158904
1.0001794805695507 2.4480686591967643e-05 0.00012968674141532383 -0.3159352370978044 0.020412727421968813 0.9994978437391394 0.01606670481021111 -1.9152698089498152 -0.008370967176171019 -0.015797664496372717 0.9998252806787099 166.43485348282638
1.0001816512211585 2.4651236392204956e-05 0.0001308311579096993 -0.3182761509938626 0.020699080581106533 0.9994873556186811 0.016208498651427254 -1.9082779257154465 -0.008296142591930032 -0.01593889337800533 0.999823800056128 167.7625150927569
1.0001608631435004 2.154435290866938e-05 0.00011297457315674196 -0.32086270070068706 0.018235411449447333 0.9995886063445104 0.013999267511190502 -1.9187744890272942 -0.007769842710335525 -0.01376665804499896 0.9998612161948104 169.14822777926346
1.000132753812879 1.8124779002768113e-05 9.321302868047898e-05 -0.3235282273274311 0.014881315351144954 0.9997024865087943 0.011553096990929823 -1.9317585273038471 -0.007159683752485566 -0.011364921997112507 0.9998970217478671 170.56658764103895
1.000088598414709 1.6485677325490944e-05 8.092291579420326e-05 -0.3259741708294618 0.009466118914962697 0.9998284980724469 0.010030882186955465 -1.9363714792408273 -0.0068542393712960155 -0.009895173774657918 0.9999153173576288 171.900665938291
1.0000563800445488 1.8756547014791083e-05 8.894065434273324e-05 -0.32858407357007197 0.005393564752056915 0.999881093093971 0.011023596921920337 -1.9544004471546566 -0.007172353631438771 -0.010918311231416414 0.9999018780573964 173.26572117369722
1.0000161873895221 2.3349552419055578e-05 0.00010820518176781944 -0.33130567412371 0.00024083571198869717 0.999907939794648 0.013407979924611511 -1.9767684741719886 -0.007891128260750516 -0.013342355678644337 0.9998657931733987 174.6732883273604
1.0000100058680617 2.7548811044763102e-05 0.00012800870458163694 -0.3337741409464074 -0.0005306027971124427 0.9998781263681591 0.01585932937640146 -1.9837767547564131 -0.007907856999942516 -0.015801008296814186 0.9998298342723242 176.00915873172409
1.0000388826695978 2.936938140764983e-05 0.00013840328146873292 -0.3363014651701948 0.0032365054439510606 0.9998214121050555 0.017147279356584503 -1.9751472038445248 -0.007101217329912961 -0.01706222503848666 0.9998166362210062 177.44736424631552
1.0000486436020029 2.944534283802827e-05 0.00013942674623580167 -0.33889586951171924 0.004765138038763071 0.9998007577638148 0.017276464534251242 -1.9839996014879122 -0.005690142833977253 -0.01719640437587015 0.9998259138898692 178.8447593577238
1.0000582037286905 2.30635231538677e-05 0.00010945128445190538 -0.34135826992588 0.0064494318027367385 0.9998349849655346 0.013569650251171302 -1.9900507488341526 -0.003473675183841421 -0.013509288769243078 0.999896635460534 180.1815383606514
1.000027053297939 1.607994415976817e-05 7.454285421200986e-05 -0.34410541655795657 0.0029680516759734727 0.9999288030009945 0.009246969950998201 -2.0158567549107653 -0.0017468777883985337 -0.00922314885819558 0.9999529198647205 181.58792197271694
0.9999914325919068 1.4882805287275147e-05 6.738683320775497e-05 -0.34664496396490696 -0.0013413932614626924 0.99997482950563 0.008360344331833296 -2.0182403081648514 -0.00123708600516594 -0.00835487319265957 0.9999622199636451 182.98378355342678
0.9999476136149826 1.6592035078064754e-05 7.438600748856735e-05 -0.3491676819245169 -0.006708255831016167 0.9999887983485997 0.009228050602852143 -2.0328783037106346 -0.0009024159783477855 -0.009239210251982948 0.9999554152173147 184.31567500791166
0.9999457905843047 2.2742262931054608e-05 0.00010328742807933942 -0.351800390067321 -0.0070061785849750684 0.9999496507341024 0.012808287198283677 -2.035416424209541 -0.0012213605948857597 -0.012820004972525997 0.9999150552414987 185.76244299759847
0.9999274469346758 2.668008073699636e-05 0.00012202344920818949 -0.3544813544275543 -0.009380102281884361 0.999916881759725 0.015127525808796604 -2.062198260758649 -0.0016486465342866296 -0.015147042852200312 0.9998811607107484 187.12782075524865
0.9999585217124348 2.8266871287476944e-05 0.000129861367215289 -0.3569598859580795 -0.005551261828406711 0.9998994783971835 0.016097466746187786 -2.042930812717034 -0.0017840255183105764 -0.016103474866388343 0.9998657513393817 188.58644345850658
0.9999621874186851 2.9448231119012444e-05 0.0001356305212146013 -0.3596253209452234 -0.005069625156420007 0.9998863980526009 0.016811406809412236 -2.0566526737240283 -0.0016663371284608216 -0.016816086264532498 0.9998544461701951 190.0014622045585
0.9999866042191728 3.041778218318067e-05 0.00014095261716348673 -0.3620780270472243 -0.002066177922454629 0.9998616324635182 0.017469772753747805 -2.0569247860073427 -0.0017951808752396283 -0.017463501489210897 0.9998429016136693 191.35864409041966
0.9999969685379593 3.008519592818254e-05 0.00013971109361589308 -0.36470960908142414 -0.0008702437996100446 0.9998564371980124 0.017315867315010273 -2.058865207592318 -0.002201970874666972 -0.017302472040651364 0.9998441511981033 192.80745387366827
1.0000283594609805 3.164792422603174e-05 0.00014884049913876235 -0.3671545969057316 0.0029350612216265497 0.9998016544255155 0.018444820479269357 -2.055742523070844 -0.002617399886152525 -0.018412273135077938 0.9998225944420176 194.17550039398733
1.00006522351523 3.3721260542868975e-05 0.00016156360020176848 -0.36978287127068843 0.00743560885145108 0.9997117781507388 0.02001789301805068 -2.056438610228321 -0.0029635685502403418 -0.019961368480851036 0.999791297629943 195.6280274532458
1.0000969574453715 3.4298740328671945e-05 0.000167293766541992 -0.3724117477064972 0.011297167095844747 0.9996300492311622 0.020726018946053675 -2.0651356236457983 -0.0033181025850648757 -0.020645671980239005 0.9997756567382378 197.0452073744723
1.0000691533824821 2.8557871702845558e-05 0.00013668792844923668 -0.37508634566813276 0.0078114734787921355 0.999762811460678 0.01694074594142555 -2.079445752623384 -0.0034638783208556087 -0.01687411517250449 0.9998456118682231 198.46267748536576
1.000022959376858 2.0861200418205092e-05 9.675675776269583e-05 -0.37766323084219205 0.0020314295479600866 0.9999094282500729 0.01199731433020348 -2.0797756936682905 -0.003656439204208191 -0.01195758048135688 0.9999153917628638 199.88837624261754
0.9999436150973501 2.0209233595384554e-05 9.129969381699429e-05 -0.3802901609270677 -0.00813278371872177 0.9999681801750557 0.011319312856558938 -2.080843823148826 -0.005040658710956897 -0.011334490641938364 0.9999141206087063 201.33849964810213
0.9998991890838134 2.626358436275296e-05 0.00012033776282307346 -0.3828735482536348 -0.013912873413037263 0.9999038118756552 0.014912889822861852 -2.076684783182682 -0.006212600227248532 -0.014974658321689269 0.9998575720509335 202.7878183937641
0.9998895187989127 3.017415078009761e-05 0.00013941146734833482 -0.38548684144990025 -0.01532548537325961 0.9998565403078854 0.017271261354368083 -2.0787427682757396 -0.0071564778918138975 -0.017351278559429837 0.9998111720012134 204.22597489057145
0.9998957583323366 3.1171100878598854e-05 0.00014410735541898491 -0.3881745467089061 -0.014454764743336283 0.9998522683411589 0.01785302776637482 -2.0843114358740142 -0.006729123959582116 -0.01792247586272773 0.9998048435398716 205.6896873310131
0.9999182547757457 3.1739858314353e-05 0.0001465391346896596 -0.39081638943360586 -0.011361112700845059 0.9998618296735312 0.018156288586638352 -2.089353566305347 -0.005392132558311998 -0.018194834540283845 0.9998104470662703 207.1303476003722
0.9999347897068904 3.111532898942074e-05 0.00014344536689017457 -0.3933922125358258 -0.009057774771764972 0.9998736518946519 0.017775338436749874 -2.0890522034279124 -0.00427789560227618 -0.01779622624376595 0.9998250162117402 208.55827348045915
0.9999377641693392 3.069672261561511e-05 0.00014141871991843837 -0.3960672434642591 -0.008571232202809528 0.9998784403137286 0.01752533247889576 -2.0907678059224692 -0.0037554938206013563 -0.01754303300128385 0.9998325291803665 210.03214939155862
0.9999255607571814 3.0734913852603976e-05 0.00014160602340640514 -0.398733566249291 -0.010023505409887962 0.9998762185319735 0.017548814623693825 -2.09314309077748 -0.0034733076074241484 -0.017574092821295628 0.9998335138458283 211.4982605338113
0.9999110939412182 3.198779262152292e-05 0.00014782212659152213 -0.40132603618723467 -0.011798791526810078 0.9998573370578535 0.018317776216612063 -2.091842013207039 -0.0033780627764043412 -0.018352184403870174 0.9998200440540838 212.93986430487283
0.9999118756111415 3.1755761171209027e-05 0.00014668139440473854 -0.4040075191184408 -0.011609562388308708 0.9998605969714003 0.018177152757393643 -2.100145934793221 -0.0029671011094684688 -0.01820913941019188 0.9998247035619662 214.3879325792269
0.9999066577580745 3.099861587551461e-05 0.00014306711996204418 -0.40669281832041415 -0.012214178847760961 0.9998662934888648 0.01773028914547467 -2.1080385233332986 -0.0027735910599100307 -0.017764401622934824 0.9998336028591166 215.839948802442
0.9999172535600822 3.0047118982573853e-05 0.0001383208244240769 -0.4093108906964531 -0.010838202393051968 0.9998813187485124 0.017143435577912543 -2.099979174709613 -0.002505675625284868 -0.017170422990469284 0.9998451622988392 217.32587100374494
0.9999052737686174 3.0495280402467045e-05 0.00014064334541470918 -0.4120332885802101 -0.012198061521271921 0.9998716230879183 0.017431255197250133 -2.111643731474379 -0.0019352126148371852 -0.0174618689856953 0.9998424160103244 218.78161248198714
0.9998943139607817 2.982484908328753e-05 0.0001376029806629453 -0.4147653946773493 -0.013503681662660734 0.9998718450452019 0.017055312226305266 -2.118808358019549 -0.0016877707630846251 -0.01708957057831764 0.9998497384587856 220.26279840716194
0.9999143547370464 2.9769464684015895e-05 0.00013700341636097512 -0.41740953226374905 -0.01101257329225459 0.9998835889204216 0.016981176964750072 -2.1096450602623174 -0.0016778218553314603 -0.017006524259034844 0.9998511879549198 221.76807956784245
