1.0 -3.469446951953614e-18 0.0 -1.5585406229479126e-19 0.0 0.9999999999999999 -3.5575383784680614e-19 0.0 2.168404344971009e-19 -2.388632911257127e-19 1.0 0.0
1.000000238647032 1.5577085106313615e-06 6.969831035554073e-06 -0.0025870853271003696 0.00012646609624124283 0.9999985863892349 0.0008656600697740401 -0.0246707182802108 0.00043181158941984544 -0.0008690181435815391 1.0000003214297541 1.3227988809172309
1.0000053795248014 2.1828576836514096e-06 9.974349921753299e-06 -0.00507448340392403 0.0007742702132973456 0.9999926804272515 0.0012387189923503713 -0.04217398348774028 0.00047353099991410074 -0.0012415858394457615 0.9999999901115381 2.622351101947323
1.00000918874169 2.0121578503916326e-06 9.368692720620716e-06 -0.007729231953681509 0.001364167877315343 0.9999873909574748 0.0011636461504414134 -0.0746018391659071 0.0009945341800495847 -0.0011706349261202008 1.0000006328777553 3.9480308728165383
1.0000162550340481 2.0101665870186913e-06 9.677733709952206e-06 -0.010216097168842447 0.0021003004791824605 0.9999801424292479 0.0012018586558167046 -0.08931402350385095 0.00036379680033039635 -0.0012018573183362083 0.9999998858909953 5.259734960250901
1.0000182630075984 2.677138983202959e-06 1.2767128518860167e-05 -0.012792459070700715 0.002441354879075208 0.9999760812802713 0.0015855260983801518 -0.11201828084310742 0.0007726615438086633 -0.0015893611457523747 0.9999998565837545 6.585364373525595
1.000027415409106 4.4762022840642846e-06 2.1335597388145392e-05 -0.015482309678582266 0.003515866860405935 0.9999619605278777 0.0026490772980455406 -0.14757656803325983 0.0004955852433959217 -0.002648718329880092 0.9999973026009548 7.916524568117256
1.0000288044662438 5.021289234352633e-06 2.387366856950921e-05 -0.018007554000699123 0.0036577584383651798 0.9999594203208746 0.0029640438548296693 -0.1652198634953468 0.00035904984269411215 -0.0029619349592191853 0.9999962403063463 9.236412905436369
1.000025785408965 4.1542650549512145e-06 1.97961044809806e-05 -0.020609911488120043 0.003398410783385628 0.999963802968655 0.00245808811997064 -0.19041202706844473 0.0008745349085579966 -0.0024622016366497436 0.999998201108417 10.56534463391121
1.0000014696729573 -3.988155675496707e-09 3.82412118841817e-08 -0.023155642435161758 0.0003468014204835654 0.9999971472888922 4.985651339103704e-06 -0.2100236231012226 0.000732623815782924 -1.0513045930963418e-05 1.0000010544603404 11.887801440226413
0.9999816160021706 -1.0236251943886165e-06 -5.157006971537488e-06 -0.025729773316060897 -0.0020860460652477224 1.0000144253777836 -0.0006402296790808672 -0.22886111799071637 0.0008788670089063998 0.0006312506295007232 1.0000009921494724 13.229439282474196
0.999954246798859 -1.064597378889684e-06 -5.8835666236626335e-06 -0.028357869774467016 -0.005559695960783904 1.000029054489095 -0.0007305568069366338 -0.2557013524506032 0.000545960320755331 0.0007191818291282868 1.0000005676124675 14.565276497463833
0.9999525744886856 4.224513969440513e-07 7.183867254650488e-07 -0.031029832882879024 -0.005844653262783578 1.0000299749548056 8.929310481681873e-05 -0.28458418881353775 0.00020136152929154326 -0.00010029350731568292 1.0000003397082367 15.916299515217478
0.9999656345080076 5.739584501110104e-06 2.4806522704248204e-05 -0.03368331393094412 -0.004279417777555351 1.0000205135918638 0.0030796589650848643 -0.31303069181103516 -5.1482317167007765e-05 -0.003087303362337024 0.9999951848599009 17.259032367765812
1.0000012463240922 8.982788417001217e-06 4.0585194679492245e-05 -0.0363520688193797 0.00013367714584754456 0.9999861526459328 0.005037435543740947 -0.338471967563727 -9.41175195556226e-05 -0.005036738990521595 0.9999872143755629 18.623626395304544
1.000016550796794 6.249903517880143e-06 2.8812587229553417e-05 -0.03902289381593935 0.00209983840872658 0.9999744371865308 0.0035769086483867893 -0.37086518517621125 0.00019793230170172442 -0.0035754164354768487 0.9999939979121545 19.958364341427103
1.0000230532741912 1.687041078241719e-06 8.561163998527027e-06 -0.041485314180493366 0.002912159675591986 0.9999717292962593 0.0010631774474861623 -0.37140720698641116 0.00021922327745332003 -0.001060417828879047 0.9999998249438615 21.319722652560614
1.000007331692015 -3.395329154776139e-07 -1.222322871504214e-06 -0.04438512266235913 0.0008679348084039782 0.9999926252607968 -0.00015188524818232778 -0.4296682147295199 -0.00018994565243303616 0.00015515726778491298 0.9999996247257242 22.6659208686975
0.9999879136490741 2.4902703927159875e-06 1.0723690457893793e-05 -0.04677628028145269 -0.0017039803003565442 1.0000113633362548 0.0013311304436557285 -0.4193971002135011 -0.0009051485498809983 -0.001328524373881899 0.9999970929483536 24.03603314804754
0.999986394601409 1.0985944041882675e-05 4.9235334043298785e-05 -0.04949183055743486 -0.002092536270923767 0.999995907870833 0.006109324138068689 -0.44477200999282834 -0.0017966336995408263 -0.006102653441941718 0.999976609470552 25.42684007909553
1.0000000278754697 1.1872004107193329e-05 5.3785093456802614e-05 -0.05212627925447057 -0.00042541678126402274 0.9999809687495655 0.0066734708843519145 -0.4647767942679249 -0.0019126087768490264 -0.006660006705899746 0.9999726363253717 26.796678467756543
1.0000330532521384 1.0920694101216807e-05 5.1004056834574266e-05 -0.05489770855017079 0.003697571341472916 0.9999432692081103 0.006328691326999227 -0.5012564849421662 -0.0018165301479421585 -0.006301260830281039 0.9999753087009374 28.168910773625548
1.0000327043556718 6.811053068949205e-06 3.220396938724015e-05 -0.05738134343652609 0.0036725209293122056 0.9999556381537602 0.003996638424520722 -0.5044478082764204 -0.001735012684226073 -0.003970036260381077 0.9999875393601867 29.530203726267274
1.0000353062995255 3.1450373113028895e-06 1.5773889998965326e-05 -0.06021325251024633 0.003832739821769241 0.999959848856834 0.0019568866052479 -0.5463227301261959 -0.002461555942924099 -0.001920889204844065 0.9999907090561716 30.911871531652196
1.000018066524052 1.3768470063044852e-06 6.9256984025526606e-06 -0.06269732517377391 0.0015903196741999057 0.9999855493346399 0.000857901597331496 -0.5440318732007932 -0.002913758866059263 -0.0008269901330031247 0.9999901642932224 32.297855035753564
1.0000074226303708 -2.3896903675671433e-06 -1.033062434099819e-05 -0.06559176790605936 0.00015983805578513588 0.9999978921440467 -0.0012858354796513097 -0.593685849875105 -0.0033981083117656874 0.0013140949399948019 0.9999872086049325 33.6794650550634
1.00000734150269 -1.6193206342669797e-06 -6.915673671289242e-06 -0.06804009877918257 9.81148523177787e-05 0.999998846226068 -0.00086189932741393 -0.5851427486463214 -0.0036284350726954887 0.0008916917185110543 0.9999864555511505 35.07353573095328
1.000004635722811 1.485168041784335e-06 6.817459050504097e-06 -0.0709740496019455 -0.00012007937547066187 1.0000005909999166 0.000844256366105515 -0.6367901070567046 -0.0031029280592690086 -0.00081990299087699 0.9999892593890735 36.46813712874451
0.9999926316844847 3.889445342493761e-06 1.7168160711073053e-05 -0.07361481203187112 -0.001565124003749749 1.0000090790949447 0.002129515524529905 -0.6510635148152684 -0.0028989258666968394 -0.0021136236509613727 0.99998836111715 37.8670316858559
0.9999781318955718 4.807896001017206e-06 2.0875865945393793e-05 -0.07623824060231163 -0.0032793807078549736 1.0000176360155717 0.002590121808155617 -0.6640914606715458 -0.002513255308955951 -0.002584134034523943 0.9999890027700279 39.2618803467838
0.9999553938355294 5.352960389424372e-06 2.2893636363540163e-05 -0.07907665164613932 -0.006223186770456347 1.0000266697811362 0.0028400015408617616 -0.7029791253425748 -0.0030481841949621877 -0.0028457233787025863 0.9999858430424899 40.660471016633124
0.9999326841308459 6.334256390043078e-06 2.717980265786531e-05 -0.08187723256362213 -0.0090491782120344 1.0000261839216298 0.00337189608169251 -0.7314651611405916 -0.0030734162717076094 -0.003391366528246135 0.9999840265430249 42.08449668068757
0.9999276494604534 6.389582987363987e-06 2.7435450744246748e-05 -0.08446289445308919 -0.009583121355034654 1.0000253992954589 0.003404046140533593 -0.7405843069359102 -0.002666187587751552 -0.0034255074397008464 0.9999858146088422 43.475860334375305
0.9999336433933642 6.07526437262744e-06 2.6007320349655857e-05 -0.08723129686892808 -0.008762025469633996 1.000026908878858 0.0032271501889012417 -0.7648429891312682 -0.0023241157784798534 -0.003244694600993395 0.9999878861638687 44.90091653019887
0.9999367257913361 5.108673531395783e-06 2.164174735759354e-05 -0.08995142355728247 -0.008183966013729605 1.0000287601796793 0.002686068677538497 -0.7893129677116584 -0.0014533677393534382 -0.002701106425527255 0.9999927110828619 46.29829363247721
0.999938436670014 6.450730313207337e-06 2.77194806452114e-05 -0.09277587936676109 -0.00776379607317493 1.00002640395335 0.003440929302084652 -0.81918322641645 -0.0005271410902502928 -0.003454892662335793 0.9999929913629406 47.72936903526199
0.9999327576368414 8.061281811078125e-06 3.502360938879216e-05 -0.09548063256630189 -0.008242309400742338 1.0000228827965176 0.004347655635809897 -0.8414207768345274 0.00048415090868700176 -0.004362575842862389 0.999991304240686 49.1281873961951
0.9999237697417372 8.368801331867098e-06 3.6442634163704e-05 -0.09829166884658179 -0.009174239875555216 1.0000214865090022 0.0045238774251168635 -0.8705030168344441 0.0013059680904532723 -0.004539117853428711 0.9999912692346121 50.555344803368286
0.9999212509762415 8.691705947742878e-06 3.792787095003116e-05 -0.10102817756389952 -0.009215869008581332 1.0000205857628683 0.004708112188757624 -0.886123028709221 0.002515302016353327 -0.004721970778788619 0.9999902979900784 52.001261783051056
0.9999134538626445 1.1052406013461677e-05 4.879223135535304e-05 -0.10381257518647703 -0.009953629030706228 1.0000121835264215 0.006055459698010298 -0.9159219358834707 0.0035435364723937794 -0.006066880219715738 0.999981803873658 53.41046974137312
0.9999233452977522 1.2411363385951904e-05 5.496476671115074e-05 -0.10660792265469336 -0.008509483899144653 1.0000089513360613 0.006820445281430302 -0.9366871498779499 0.004505557303584475 -0.006833933012843574 0.9999747322459692 54.86602838052155
0.9999438524756868 1.3944415149650877e-05 6.206190900925239e-05 -0.10918951023613789 -0.0058857500547654165 1.0000003103064516 0.007700177560869139 -0.9436098067222334 0.004848647322728637 -0.007721526463725738 0.9999673000159633 56.264930905854385
0.9999515828130103 1.3165031839030422e-05 5.85300966291192e-05 -0.11206054369280419 -0.004800002862865888 1.0000006547212832 0.007261869213250273 -0.9795400020876937 0.0054092645238994 -0.007288340483689691 0.9999686815945794 57.69477802445865
0.999963978387791 1.3700776685639585e-05 6.118905702104404e-05 -0.11479994455218953 -0.0032712861223872045 0.999992061532946 0.007591566518866405 -0.9944099102235215 0.0053615561430620665 -0.007623376740469101 0.999966359192643 59.14564190503575
0.9999668383500221 1.5115429741198796e-05 6.779822722765096e-05 -0.11755424031210221 -0.0029813280342991496 0.9999840634069508 0.008411113342410988 -1.022799359404514 0.005070692510655762 -0.008442529734011462 0.999960782698373 60.54446394534163
0.9999838463844531 1.653983696098954e-05 7.485071380639334e-05 -0.1202854820740489 -0.0010158333087622292 0.9999644134828315 0.009285654817285188 -1.0351466467107193 0.004416277133825151 -0.009319046785781972 0.9999549336966442 62.00205880039506
1.0000044398893306 1.5541319603323833e-05 7.094090929397651e-05 -0.12290097891073348 0.0014545705527406385 0.9999483665899052 0.008801282672397484 -1.0465313226552224 0.004027772450871288 -0.008837594590339231 0.9999602365604491 63.39984284236694
1.0000110676308152 1.4069908263707534e-05 6.440027740269873e-05 -0.12566788136760568 0.0021938692986557297 0.9999478827772996 0.007990701809351958 -1.0716870300691268 0.0036540396552048847 -0.00802483253975268 0.999967838322935 64.82006797283313
1.0000119489845822 1.4168599709273727e-05 6.489784357447694e-05 -0.12847723755699436 0.0021381836810319063 0.9999479540000138 0.008052641418085447 -1.095607512673007 0.0029175815854293303 -0.008079173731056504 0.9999684917906704 66.26931403722553
1.0000008281904538 1.3973908016419456e-05 6.352033192460007e-05 -0.13108872885720202 0.0006206142918155841 0.9999636299554057 0.007881995452321506 -1.1129668913039654 0.0023089836025180326 -0.007901438770208623 0.9999704010624044 67.63823514464858
0.9999753439620962 1.6963090757653176e-05 7.659056042402107e-05 -0.13396195215210943 -0.0026852807600109057 0.9999727304176695 0.009502073967453714 -1.1389320563218066 0.0016802233934883086 -0.009516369863517038 0.9999564786265858 69.11373469328302
0.9999498879758933 1.887836922694064e-05 8.509887828830756e-05 -0.13655815465975324 -0.00603221072208238 0.9999745023253206 0.010556260001945941 -1.1559960023676628 0.0008528241619422688 -0.010569216895926296 0.9999454739104967 70.4755058250862
0.9999214267798204 2.0635383572673374e-05 9.32996594649781e-05 -0.1393293038241481 -0.009782073110319107 0.9999637913045961 0.011571878995386744 -1.174929567427712 -0.0001070836501294956 -0.011590079989024138 0.9999328019736414 71.92583093043997
0.9998894384797082 2.0057120210626583e-05 9.106954740226527e-05 -0.14187115594004718 -0.013845892960236951 0.9999516653740367 0.011295409999620908 -1.1843529789382736 -0.0005136676739039422 -0.011323893564907091 0.9999349876816048 73.29157429179139
0.9998586844380708 1.8845349181678336e-05 8.640879513456177e-05 -0.1445649014219962 -0.01780545392561504 0.9999272483115496 0.01071760952592031 -1.2051325052804822 -0.0011388792627704863 -0.01076166119168303 0.9999395430202637 74.69079833077784
0.9998544770072729 1.874495064636654e-05 8.612184704779322e-05 -0.14717159450944883 -0.018506272952442192 0.9999205536287717 0.010681439347679912 -1.204500412841665 -0.0019339976284032786 -0.010735912250940408 0.9999371620503384 76.1372960077978
0.9998505307148204 1.9566836282776043e-05 9.016684942453573e-05 -0.14978800681115614 -0.019078178032182085 0.9999089275052951 0.011182222130375175 -1.2235475935015685 -0.0022988445592367806 -0.011242948944202429 0.9999301660012107 77.50141569065859
0.9998582723490108 2.0125744639344287e-05 9.244853098384475e-05 -0.15256242179646143 -0.01814960965085937 0.9999155332093095 0.011464734309617352 -1.2499418339375674 -0.0024454318167846318 -0.011523033646296367 0.9999263692028955 78.92027821654858
0.9998658105921214 1.8346945015663627e-05 8.378225836588892e-05 -0.15514518667166263 -0.017149341497809917 0.999936881862984 0.010391384751506753 -1.263234468942963 -0.0021596246868547248 -0.01044266596601311 0.9999393940234866 80.29142548853822
0.9998655382452996 1.867307845792622e-05 8.532211695285678e-05 -0.15781592922227242 -0.017120284836939018 0.9999351394553472 0.01058241679968665 -1.285392752726381 -0.001879209551177369 -0.01063106056701099 0.9999384841712899 81.67176104328193
0.9998698854559372 1.9478700012709113e-05 8.894354530634735e-05 -0.1604497674494679 -0.016480753944085928 0.9999358757502893 0.01103143303113822 -1.2952437507495373 -0.001434824127207117 -0.011073958727889818 0.9999352225146808 83.0865427200185
0.9998685489307474 1.8173096319023738e-05 8.286469357299958e-05 -0.16295912543167132 -0.016598650106378315 0.9999429098090443 0.010278454332583016 -1.3063165408491368 -0.0012203738549483323 -0.01031950044053101 0.9999439542255025 84.42693418316365
0.9998671294527912 1.8754958312229217e-05 8.564563949591051e-05 -0.16561110930808168 -0.016576693116342387 0.9999394852916775 0.01062354135869016 -1.3186064906417043 -0.0003362983119032921 -0.010657028021701518 0.9999427032568419 85.84088891793726
0.9998684885773943 2.014216025411457e-05 9.211722605304592e-05 -0.16818752666700346 -0.016144228185457826 0.9999342227362212 0.011425701889442506 -1.3337846543361687 0.0008395723939837369 -0.011448778185048516 0.9999357902911384 87.20011208837828
0.9998763626203896 2.2621912429948016e-05 0.00010356621784807945 -0.17084508526466205 -0.014930769573944232 0.9999260762632359 0.012843826106898337 -1.3546680169500405 0.0018901366581819342 -0.012858482303448524 0.9999191393936545 88.57883148722951
0.9998918960519616 2.3903458946332792e-05 0.00010921996228794228 -0.17346249526002558 -0.012769390344851337 0.9999293643326739 0.013543772131162972 -1.3700494511512216 0.0029259665938233727 -0.013553584756835305 0.9999093449068247 89.95985133315361
0.9998987196961361 2.440067561966866e-05 0.00011144140397304587 -0.1760755760452366 -0.01171906869006418 0.999930005465225 0.013818499552583702 -1.38865070323899 0.003830760329015895 -0.013826101768869968 0.9999041945106903 91.32411454820534
0.9999041718959176 2.3362131946851744e-05 0.00010640009979111112 -0.17864452993655283 -0.010942405186053886 0.9999409963185322 0.013194082541102199 -1.396870804151755 0.004274714370784735 -0.013201905215818299 0.999911623854532 92.7102340634302
0.9999154290365568 2.3792150548760868e-05 0.00010829844039828397 -0.18124680034128626 -0.009514431991902828 0.9999409735477709 0.013429051802746905 -1.4255016145726704 0.004408239501050203 -0.013440166273869394 0.9999081144857009 94.02378272104653
0.9999190894956573 2.2389569425265016e-05 0.00010160693304275869 -0.1837394614382254 -0.008999334855277031 0.9999523939956377 0.012600278667810601 -1.4209517410714514 0.004678052795009872 -0.012612437104034431 0.9999181469442029 95.42459701635491
0.9999254655279475 2.2002826556968835e-05 9.973933008425328e-05 -0.18623493324853999 -0.00823260842033719 0.9999557172457848 0.012369051668499898 -1.4310400075222052 0.004566040794323095 -0.012383425002102549 0.9999213215480115 96.76168836564757
0.9999172011515332 2.1007865549458465e-05 9.508782569785101e-05 -0.18881230692336576 -0.009300416711643344 0.99996192150272 0.011793056493271802 -1.4497295568826671 0.004381192877966423 -0.011804712169549389 0.9999288059142455 98.10578195337192
0.9999015884934577 2.1066475572246654e-05 9.557002101847332e-05 -0.19133205680299076 -0.011325117394753505 0.9999566331865503 0.011852996618914192 -1.4561191107399047 0.003998767139150157 -0.011860756020109569 0.9999290554943049 99.47281397549554
0.9998987410527026 2.3480152143873223e-05 0.00010705846436613749 -0.1938561390788574 -0.011689122579192033 0.999937476122363 0.013275771605680947 -1.4694709233588616 0.0039524786935046475 -0.013282967490270121 0.9999112953021788 100.81119684256312
0.999898314568414 2.6316680162072684e-05 0.00012060951245364878 -0.19635903809271898 -0.01175149785120976 0.9999135405666236 0.01495339757421061 -1.4797229537171994 0.003910514699632075 -0.01496067900198834 0.999887714117657 102.15167132539464
0.9999029202292264 2.484249529062163e-05 0.00011347189435338711 -0.19892205150782075 -0.011229500894703717 0.9999281710651162 0.014069939810612931 -1.497212587662677 0.0036876119954501636 -0.014078977740550443 0.9999009492697339 103.49316278449966
0.999902182057674 2.0796681070894135e-05 9.428636695743065e-05 -0.20140087273930365 -0.011355201870601805 0.9999584063862499 0.011694197593336134 -1.5079857121575222 0.0035358668502899976 -0.011703426598212878 0.999931815218034 104.81797829090335
0.9999160875569645 1.910699802262425e-05 8.615051885505669e-05 -0.2039505501665448 -0.009576617711202511 0.9999739960513025 0.010686227732045238 -1.5264904717480907 0.00376620685330258 -0.010698097366876998 0.9999426366621061 106.1475567976595
0.9999224100264601 2.0905941323279623e-05 9.45699925094471e-05 -0.2064880704862653 -0.008894838845527815 0.9999630954677604 0.011729400860712792 -1.5380488492526199 0.003305031301224816 -0.011743027564323563 0.9999317243311708 107.5013800546836
0.9999537107376975 2.434122396104653e-05 0.00011097325915071033 -0.2088963637070736 -0.005118191396280649 0.9999332244675877 0.013760852920089982 -1.5401571563276122 0.0028117646923866064 -0.013778820013351747 0.9999063912310139 108.82577590094351
0.9999633755653287 2.6418638168747288e-05 0.00012105737369503037 -0.21149201585100727 -0.0041025274977969884 0.9999117492081475 0.015009294371821079 -1.5607979246842605 0.0019884523055173514 -0.015025135617222792 0.9998889476735681 110.1712911791289
0.9999693329393282 2.4136229705842144e-05 0.00011026944423696392 -0.21392733741594833 -0.0035157541760042557 0.9999284345380962 0.013673814785254482 -1.5695338556852432 0.0013057969200170436 -0.013686647907892448 0.9999080373050858 111.48110001208168
0.9999623339048154 2.0764203279184656e-05 9.414547785474765e-05 -0.21645546331322765 -0.004554621738320105 0.9999579512623543 0.011676901067335382 -1.5827044875254421 0.0005492207348174916 -0.01168746889942003 0.999932709743613 112.82253036569938
0.9999378420353647 1.7410614547193337e-05 7.814441587591231e-05 -0.21905793902909962 -0.007831987666396768 0.9999852607096844 0.009694039938773266 -1.6027080344144793 -0.0005019156828207402 -0.00970834481547925 0.9999519816989677 114.17466650477186
0.9999171479441369 1.6202710837518938e-05 7.256413075616393e-05 -0.22140919071654888 -0.01072418038623395 0.9999881976594787 0.00900147624669345 -1.6013581612947074 -0.0019386941484688602 -0.009026267525364397 0.9999540137468921 115.48289268388365
0.9999135105418379 2.0220806314457523e-05 9.14129337655147e-05 -0.2240115741960531 -0.011499951400819143 0.9999620533582746 0.011335526423465435 -1.6176897408450512 -0.00338376711397069 -0.01136822291130847 0.9999237096448564 116.85135308659214
0.9999149456795903 2.4080831060618868e-05 0.00010967737091506567 -0.22641996582636117 -0.011516813305786508 0.9999337754352541 0.013596362738495012 -1.6250357546889818 -0.004253793784117701 -0.013632148143897462 0.9998905466390678 118.1524455839853
0.9999192393523756 2.565943638506603e-05 0.00011717477821819068 -0.22900546737968727 -0.011192533441047859 0.9999218006414279 0.014523177528377429 -1.6396306939803726 -0.0051856371116833985 -0.014559837879171797 0.9998714006286078 119.51930082500482
0.9999172801533031 2.466565465415911e-05 0.00011244302151156992 -0.23145400723400267 -0.01164969001086504 0.9999286278547197 0.01393579719945781 -1.6499071395060876 -0.006139279122619555 -0.013979000062371892 0.999872558827061 120.82956040188743
0.999904134401606 2.4365070513978487e-05 0.00011117425744887311 -0.23391817405939236 -0.01360377190804193 0.9999219049768674 0.013775868806706141 -1.6607311368250428 -0.007573036366487466 -0.013842506991071942 0.9998620354658722 122.14603290964735
0.999893227958652 2.327888680074726e-05 0.00010621837802027561 -0.23641183286472978 -0.015192461091364122 0.9999201271123322 0.013159877094327208 -1.6625784494810971 -0.008617512381787552 -0.013248868522879645 0.9998597266610467 123.51887115528163
0.9998877121495944 2.2335551354713684e-05 0.0001018759480213155 -0.23890539322191826 -0.016152516344679606 0.9999197891874415 0.012619067673846105 -1.676425202646897 -0.009844083303556917 -0.012727922984465616 0.9998529475767207 124.83814268874595
0.9998882501840197 2.14512780336365e-05 9.76765974745246e-05 -0.241328502107193 -0.016332635700710765 0.9999247864003902 0.012095964882458019 -1.6776960943976054 -0.010945318320157113 -0.012215895788815666 0.9998458897518903 126.17447847529893
0.9998896255124528 2.0486022221993458e-05 9.308549817187302e-05 -0.24389911768682254 -0.016344859359054616 0.999931438919884 0.011524892727423132 -1.6958646949012248 -0.011761535949016542 -0.011651635691940785 0.9998418741351772 127.51715239197036
0.9998932737750106 2.2079710308023706e-05 0.00010052877489991085 -0.24636069038087446 -0.016122095630248245 0.9999222378009891 0.012443528313951712 -1.7048922040696572 -0.012788645253547214 -0.012575309432756714 0.9998162319286656 128.8401997192313
0.9998949648421155 2.3675430061022296e-05 0.00010806516025380444 -0.248945526586851 -0.01610678744779708 0.9999103372010499 0.013373812739783867 -1.7178778740120644 -0.013656950314350422 -0.013512146871998738 0.999790971534173 130.21386309563718
0.999907438080691 2.486107453751607e-05 0.00011348921067042385 -0.2513903551791176 -0.0146294778408746 0.9999119448323159 0.014044294537431905 -1.7236354339726006 -0.01397692469042549 -0.014161629393548982 0.9997769923251363 131.54221947178434
0.9999243489524506 2.564986155522385e-05 0.00011709836318229039 -0.25396102396128095 -0.012536566634752614 0.9999171414549599 0.0144910710402276 -1.7401707075499055 -0.014009306894068159 -0.014575312907074615 0.9997705412663352 132.8922067683168
0.9999388238420008 2.6973841841131108e-05 0.00012344202783815352 -0.2563003751376167 -0.01070172291113048 0.9999119781912524 0.015276946252347165 -1.733117123866401 -0.01384342262531156 -0.015331605884123252 0.9997618506682757 134.21927804546073
0.9999467760401701 2.7202509028096192e-05 0.00012459219287330433 -0.25890375366235907 -0.00959479563847371 0.9999120830138979 0.0154211869534545 -1.7570071450814688 -0.013311226031344292 -0.015457782397162308 0.9997680982114882 135.55458223849502
0.9999476272467299 2.622640709749359e-05 0.0001199152912412663 -0.26138697005415507 -0.009226887934483974 0.9999212952772093 0.014846147335284839 -1.7621874909019217 -0.012141948977851966 -0.014876100012718668 0.9997939098317032 136.90677325503268
0.9999807996172326 2.8389393947503283e-05 0.0001309544813765742 -0.26369828654304095 -0.004880938921745505 0.999895666941037 0.01621558681075656 -1.7532563126980578 -0.011132973950577893 -0.016188329654545353 0.9997871092085651 138.2266911704004
0.9999796162240527 2.880779396818335e-05 0.00013294046936455288 -0.26619375728150596 -0.004791434498405338 0.9998913117272016 0.016464245371808982 -1.76398319017533 -0.010078418882031204 -0.01643947670793106 0.9997961058304153 139.5609340038348
0.9999904220064239 2.945523123415797e-05 0.0001364152743968455 -0.26875238465315887 -0.0031550773687952886 0.9998774019044325 0.016897520276657432 -1.7754135947897638 -0.008765615555510682 -0.01686008201080226 0.9998038500126595 140.92701779511793
0.9999895763046522 2.879511567107501e-05 0.0001331930031207736 -0.27115691452970664 -0.0029968794891501484 0.9998832360226189 0.01650143519687623 -1.775706121166203 -0.007591743553026649 -0.01646846908294025 0.9998220938468313 142.2574269456261
0.9999844592101369 2.8152417957907905e-05 0.0001299221944651601 -0.2736123706256795 -0.0034024939032419156 0.9998917758311167 0.01609871069544596 -1.7794547473078497 -0.00656657620209336 -0.01607443659640894 0.9998376105196147 143.60062816393466
1.0000021592905337 2.45551180479385e-05 0.0001133103031025482 -0.2761794994604176 -0.0010291817490656694 0.999908925209777 0.014044038115384074 -1.7931546155065652 -0.005785586070100222 -0.014005646047241124 0.9998749341350701 144.9612995640935
1.0000353728707918 2.270810855016167e-05 0.00010621583487059041 -0.27867035412623076 0.003346692385582795 0.999880556342562 0.013167459414086686 -1.8095399760172506 -0.004665981677931757 -0.013109219441166454 0.9998949489339307 146.26775152599782
1.0000979689637268 2.6380692961370036e-05 0.0001287849483999051 -0.2812232948565061 0.011344785479330736 0.9997166100067137 0.0159626942836708 -1.8139143746820454 -0.003665960333246514 -0.01587435459776307 0.9998608846804592 147.66215251440576
1.000153207731335 2.830204548826855e-05 0.00014449727682897722 -0.2836352206856439 0.018519952411732897 0.999518631985271 0.017908171052542134 -1.822464182142034 -0.0022610780774977657 -0.01782136183902342 0.9998348058964301 148.95983398994267
1.0001662920765961 2.2753035414447773e-05 0.00011949605745238808 -0.2860948567181976 0.02034592063056219 0.9995190975462412 0.014815201104045151 -1.835201349047247 -0.001364642019829466 -0.014746047608270441 0.9998880898513178 150.26526529569577
1.0001579309871693 1.7986702643834826e-05 9.570246930609466e-05 -0.2887410558217067 0.019313266752161613 0.9995872750101497 0.011869031130099359 -1.8507573083735172 -0.0013391537436173177 -0.01180224266348576 0.9999272077637213 151.66145126318662
1.0001317121844064 1.4604965835531003e-05 7.658692132967836e-05 -0.29118715636082587 0.015843681254993337 0.9997015956424217 0.009499947517542642 -1.858611865119097 -0.002291067526809791 -0.009419497846394042 0.9999490110612984 152.98116041193794
1.000138367466641 1.4856543880090861e-05 7.854375079221739e-05 -0.29373521996447494 0.01646702898500574 0.9996841716179571 0.009741580038055368 -1.868751400475994 -0.003197143520720756 -0.009636534094312085 0.9999428236780176 154.34715031982893
1.00016776061536 1.8703271230222432e-05 0.00010041879935438489 -0.296101189568379 0.020011892622491673 0.9995608135504745 0.012451114634311429 -1.8640693078629442 -0.003667587645023781 -0.012317110075994299 0.999910971902917 155.67838802415315
1.0002323681230172 2.2075377547534775e-05 0.0001267471274820533 -0.2985759905834283 0.027914349435755423 0.9992616862629237 0.015710168707759625 -1.8729757686637873 -0.004208054350306922 -0.01551867698716097 0.9998633497954702 157.00930148552567
1.0002694593569348 2.2549583801451806e-05 0.0001361023370611788 -0.3009054647795985 0.03251263178648025 0.9990666823848228 0.016867868798555993 -1.8615428757623127 -0.004244189597171213 -0.01665094007852299 0.9998449333223474 158.35043232050657
1.000271176240286 2.310587064696841e-05 0.0001391438078972439 -0.3035508414536886 0.03274292727362956 0.9990508728928212 0.017244265114154594 -1.8898862209228275 -0.004168044483456866 -0.017029534737849877 0.9998390200015735 159.6891367223607
1.0002608125017107 2.3760729419354185e-05 0.00014023975939965612 -0.30599720163112903 0.031234430388809957 0.9991090042511486 0.017378543924762995 -1.8853063334749816 -0.0051554672572346255 -0.017132978584919203 0.999830867298801 161.0644417797933
1.0002479726608142 2.4106285701612842e-05 0.0001394291914835013 -0.30833396007844743 0.029359153587563983 0.9991827593920596 0.017276274957298682 -1.8749915471799474 -0.006407212909962069 -0.016995444625689426 0.9998237141959974 162.40462063062063
1.0002301396768283 2.2251606865966375e-05 0.00012719738447277687 -0.3108201057237799 0.026952190794133857 0.999295052479376 0.015761094151951094 -1.881293969201292 -0.007264663275373325 -0.015467480474681555 0.9998410864670632 163.7534300086683
1.0002224527401322 2.1638378469515315e-05 0.00012290448238971028 -0.3131783842313571 0.02585303419962874 0.9993412183698527 0.01522845543364909 -1.8723813001318748 -0.007909117273324412 -0.014921973483304521 0.9998433147827631 165.0992746083912
1.000217745952332 2.4042716801212297e-05 0.00013367088517503897 -0.31560817361794585 0.025213684246120305 0.9993415019649506 0.01656035665968827 -1.8721785207992083 -0.008153549237979776 -0.016252316379045027 0.9998201894814636 166.44588221294148
1.0002077432116938 2.437792745220782e-05 0.00013360984643987677 -0.3180472358490532 0.024009521941096547 0.9993809814856025 0.016553117403148004 -1.8764760155713087 -0.007983708052129768 -0.016261906723238153 0.9998217110151162 167.7775562181672
1.0001954730059845 2.1434074237065143e-05 0.00011749036590308066 -0.320592902500754 0.022600261018752496 0.9994562684365995 0.014559051803955314 -1.8797260489813317 -0.0074727134752805785 -0.014295750250917678 0.9998566003814042 169.17294273545832
1.0001559663089605 1.7539946181284807e-05 9.333701625779305e-05 -0.32325776797155836 0.017830441074755843 0.9996302919922853 0.01156908512841089 -1.8968209368349904 -0.006863790993635697 -0.011362976452868885 0.9998996530517146 170.57260385796357
1.000092759293241 1.6200399540748645e-05 7.997163832255808e-05 -0.325919143348823 0.010051796429260173 0.9998192360176198 0.009913585852461106 -1.9248474301085639 -0.006546818844570298 -0.009778481508630548 0.9999190787844358 171.9215819265033
1.0000647560365268 1.88312926146985e-05 8.992016920782186e-05 -0.32844538024435865 0.006498532524402589 0.9998642695861039 0.011145529328670257 -1.935143494816238 -0.006883607540554102 -0.011034733379357486 0.9999031525915699 173.2747853799274
1.0000131262831289 2.3966475241414195e-05 0.00011099342763269985 -0.3312234703436777 -6.583837920467496e-05 0.999905732679421 0.013753890134449989 -1.9640196665792666 -0.007563409844735125 -0.013693872112872449 0.9998641702734078 174.6846149998851
1.0000235229681187 2.736281258642302e-05 0.00012779668813452517 -0.3335942213280204 0.0012235348999900374 0.999863796264084 0.015833857404370006 -1.9580781454693865 -0.007571428154992915 -0.015761901687193186 0.9998336627698476 176.02411729488628
1.0000456896516778 2.9535208335868327e-05 0.00013965829357207764 -0.3361685966117612 0.004157841081186171 0.9998078957917665 0.017303219856294044 -1.9551753283496258 -0.0067624160261014225 -0.017214342624886917 0.9998169916676012 177.46284265519247
1.0000582164436034 2.9854546973214283e-05 0.00014211203148357682 -0.33873937715646457 0.006025589421931711 0.9997779935698519 0.01760920061078399 -1.9608848777197314 -0.005370866379635016 -0.017524554317566794 0.9998225634236163 178.86116978320257
1.0000635653232484 2.35402397406638e-05 0.00011213082499815291 -0.3412279579857827 0.007179888956426614 0.9998195558848136 0.013901736256802076 -1.970112208619866 -0.0031856006145431414 -0.013842118139302823 0.9998935675849672 180.19828405460328
1.0000432452668737 1.5976259603060414e-05 7.502543745575808e-05 -0.3438709336346115 0.005048554931337008 0.9999031505792968 0.00930702076277244 -1.9810474036883798 -0.001436440144417648 -0.009280123118597263 0.9999534482103395 181.6132913201617
1.0000067030200794 1.5189888108427599e-05 6.940326356243988e-05 -0.3464525800186401 0.0006130795309923984 0.9999576769121846 0.008610467254951027 -1.9885106657452343 -0.0009783065188388427 -0.00860143948685218 0.9999608869321331 183.00981555272222
0.9999574319854881 1.6633738299007272e-05 7.469733072487574e-05 -0.34896165835237186 -0.005420596456065631 0.9999858803131655 0.009266813778401354 -2.00215092348843 -0.0005977865270042693 -0.009275320115839515 0.9999558599864522 184.338602368526
0.9999584432744755 2.2930745581071707e-05 0.0001043320509545333 -0.3515952006198853 -0.005377820637598393 0.9999449527006099 0.012937823244730052 -2.004746738881501 -0.0009671129375023603 -0.012945344478147236 0.999914179521065 185.7855750323128
0.9999407228244049 2.6884187209627597e-05 0.00012302036335354164 -0.3542730773126676 -0.007664705152427767 0.9999158096380747 0.015251152191220524 -2.0299211711347716 -0.0013513926456596565 -0.01526486542307494 0.9998803532890971 187.15641104149435
0.999968238200527 2.8484231516924183e-05 0.00013109245635352547 -0.3567841953584653 -0.0042823212897125104 0.9998930296921805 0.016250030717532542 -2.015449976961899 -0.00150644769904729 -0.016252615016104963 0.9998642983496813 188.61169214223614
0.9999741845414801 2.9640724915666605e-05 0.0001368231612884751 -0.3594271705560251 -0.003513887868498342 0.9998780496049419 0.016959196099975732 -2.0263213807220306 -0.0013728690375634305 -0.016959926514827504 0.999852994671422 190.0269836388373
0.9999999951158212 3.060282013413705e-05 0.00014234555096575684 -0.36187937076757953 -0.000340487246409029 0.9998467796888528 0.017642315613910456 -2.027125280447545 -0.0015157172289397799 -0.017632218845049365 0.999840910317057 191.38151380830294
1.0000090192265887 3.0284578765932962e-05 0.000141193365059341 -0.3645153263152119 0.0006878325330858335 0.999840831863651 0.01749948803221912 -2.0292546347251244 -0.0019277383340480572 -0.017482490184951915 0.9998420838903119 192.83190324187296
1.000033182020667 3.141427077557081e-05 0.00014798845961716068 -0.3669526707672673 0.0036016803952647926 0.9997960413262361 0.018339723833728092 -2.026358825569024 -0.0023154778471558 -0.018307899526207313 0.9998257995897005 194.19470482870133
1.0000743319205236 3.362622304551796e-05 0.000161860100373069 -0.36956386771292754 0.008622090396565788 0.9996919515495646 0.020054812320722832 -2.0239410817748844 -0.002716943546962493 -0.019997151210251748 0.9997917290806706 195.65166011556767
1.0001042243208202 3.432831898621258e-05 0.00016818828105321921 -0.3722059687522639 0.012257545099640504 0.9996086909598038 0.02083688060142531 -2.035467722537733 -0.0030598948378934227 -0.020757302114004908 0.9997746368286049 197.0635454057102
1.0000803599537393 2.8890377777205517e-05 0.00013925921196020815 -0.37490078380878455 0.009270020753486966 0.9997331510067182 0.01725920975827035 -2.0518721499374712 -0.003165999225389726 -0.01719054127954748 0.9998417516411774 198.48287281573917
1.0000304346502513 2.0946313296344582e-05 9.757373808717547e-05 -0.3774927492355695 0.0030230173155282956 0.9998977118189076 0.012098844827084806 -2.0534282025254726 -0.0033744678910561455 -0.01205696909534342 0.9999157001955372 199.9114556360744
0.9999512199387648 2.0419623770886325e-05 9.235954359537984e-05 -0.38010180969812 -0.007121818924364318 0.9999662491397856 0.011451062436053596 -2.0518677532034153 -0.0047440337963091115 -0.011459623723891298 0.9999146830673924 201.36340450952628
0.9999085754859595 2.6545907143984276e-05 0.00012153545154424024 -0.3826543160041824 -0.012695247734295527 0.9999079775049342 0.01506157754479361 -2.047566869920035 -0.005981050676027471 -0.01511244180214144 0.9998573310385661 202.79625281218787
0.9998975045886683 3.0448782485273385e-05 0.00014056003795576448 -0.38529247442846304 -0.014284961547304333 0.9998610941549194 0.01741382050681494 -2.0504996425363706 -0.006939015457461861 -0.01748307117076487 0.9998108036329042 204.2442793869349
0.9999037095007501 3.128428098068438e-05 0.0001445040628410717 -0.3879389091192528 -0.013411077164487886 0.999857520572466 0.01790261018308514 -2.0521605259932465 -0.0064783780653543165 -0.01796173638166 0.9998062485489921 205.70256171290546
0.9999272354263293 3.188580239832199e-05 0.00014720080145275388 -0.39059357715229104 -0.010186734292725902 0.9998635283891211 0.018238579564204323 -2.058504054253938 -0.005128727106800344 -0.01826808801682099 0.9998109739106085 207.1445214339143
0.9999405408484162 3.1325277642546556e-05 0.00014448664627135315 -0.3931971127166906 -0.00828225466721915 0.9998718246400907 0.01790452216339561 -2.059863874245556 -0.004004605126435205 -0.01792065197903133 0.999824421046335 208.5803873161061
0.9999414280791762 3.058726056849939e-05 0.00014090407477541293 -0.39585702120796457 -0.00806589519883818 0.9998796851315447 0.017461952205104297 -2.0557833621332553 -0.0035311175337121997 -0.017476857712240928 0.9998349099231078 210.07173598973225
0.9999288548691587 3.075531908573563e-05 0.0001416958411183185 -0.398552579175453 -0.009580568366039344 0.9998767955159993 0.01756011086984094 -2.063740890988952 -0.00332240036162265 -0.017582820867980332 0.9998341458731256 211.52914427508472
0.9999187557413435 3.2015319180655685e-05 0.0001478778661247002 -0.4011109493741644 -0.010803680795237703 0.9998604405708853 0.01832491450550468 -2.059404707849703 -0.003183685705771248 -0.018353589292817243 0.9998210071349382 212.96539763060528
0.9999209427215694 3.1923565063398524e-05 0.00014741456479811063 -0.4037999120107134 -0.010439331751317825 0.9998624182878729 0.018268065317737572 -2.0697038654896853 -0.0027700773991114593 -0.0182939528760388 0.999824077606172 214.40871056154455
0.9999167565581591 3.098263334003204e-05 0.0001428667108582496 -0.4064733583954836 -0.0109070382076613 0.9998713162083005 0.01770576080955702 -2.074032858766923 -0.002537395616641177 -0.017733150826242102 0.9998352109983575 215.87005433134112
0.9999253497943111 3.028498045679409e-05 0.00013942275282295582 -0.4091014768449081 -0.009783412461923838 0.9998813495448293 0.017279983729947115 -2.0683916671767113 -0.0022857607382000024 -0.017302021749598356 0.9998438196367015 217.35075649443155
0.999914233222595 3.061711234406822e-05 0.0001411156390245679 -0.4118230204904061 -0.011033563113192585 0.9998747496115553 0.01748988774401809 -2.079293860397923 -0.0017041281559024518 -0.017515400913723264 0.999842318285573 218.80942466893865
0.9999028941013741 2.9917423243260716e-05 0.00013788023530229908 -0.4145462613964513 -0.012392756654654835 0.999876696722366 0.017089784945018522 -2.0854850723576193 -0.001485522763653029 -0.01711920509172649 0.9998499180853241 220.29004173550555
0.9999205911468986 2.9912861501481258e-05 0.00013764414672408744 -0.4172223970062973 -0.010186440946282667 0.9998843404052242 0.01706063309189913 -2.080363735778774 -0.0014475819694174483 -0.017082591198915368 0.9998506679412148 221.79501917727876
