1.0 -3.469446951953614e-18 0.0 -1.5585406229479126e-19 0.0 0.9999999999999999 -3.5575383784680614e-19 0.0 2.168404344971009e-19 -2.388632911257127e-19 1.0 0.0
0.9999997981013202 1.4790999397166354e-06 6.601200642519702e-06 -0.0025368060267179334 5.113621143386024e-05 0.9999992389118402 0.0008198590011208931 -0.018714843863502376 0.00033986347575594216 -0.000822571975090222 1.0000002295058619 1.32151298713781
1.000008801215739 2.864660784491352e-06 1.3178875045840232e-05 -0.005061521380157862 0.0011442701840933614 0.9999887685087935 0.001636485010099673 -0.04302412448807784 0.00022851347544892054 -0.0016366379336353529 0.9999990709625453 2.611381022556417
1.0000143528328331 2.9576769825945953e-06 1.384378674605495e-05 -0.007663385628273095 0.0020354965881006336 0.9999800349944811 0.0017192544222691879 -0.06586773542177973 0.001128306468167833 -0.0017271011982141443 0.9999999342522925 3.9505130818617413
1.000029298212633 1.8135796816948213e-06 9.456122647943802e-06 -0.010234878837207525 0.003688210427258403 0.9999627929452375 0.0011742965983420636 -0.09169497666240234 0.0002213980076092737 -0.0011703515490065364 0.9999997073705627 5.259518916295017
1.0000261019048995 2.3223311248123796e-06 1.1568222810082879e-05 -0.012780911781828611 0.003390759438858977 0.999965894711722 0.001436657784710983 -0.11139640954765223 0.000665126659680061 -0.0014382835873914545 0.9999999662477684 6.581742346992491
1.0000378324292447 4.299970853027454e-06 2.1127916307924627e-05 -0.015465144380581282 0.004769245418411443 0.9999467434406172 0.002623246277147092 -0.1465389857260111 0.00031578410007108114 -0.0026189765974308954 0.9999971288200978 7.911644976356292
1.0000392866118855 4.961982079552604e-06 2.420644206382644e-05 -0.01791992568996161 0.004945570967378538 0.9999433860201407 0.0030053248548801057 -0.155772218350628 0.00029674014665263685 -0.00300059443631291 0.9999960335456578 9.230013559124798
1.000037291714121 3.941130782019256e-06 1.9476618808861182e-05 -0.02045369746090762 0.00483488511295258 0.9999464189547406 0.0024184398890501656 -0.1710490318119268 0.0009079752142978988 -0.002421685337966807 0.9999983300301027 10.565178160413145
1.0000138797651676 -5.278409632124281e-08 3.41459612651163e-07 -0.023013930742207624 0.001898193650322809 0.9999829121769508 4.265311677581501e-05 -0.1918537483308658 0.0007779978048382899 -4.697042033025748e-05 1.0000011015924235 11.890346083621537
0.9999894558753745 -1.2937014421277732e-06 -6.125358394188296e-06 -0.025597571871720192 -0.0011360427318730581 1.0000082240008048 -0.0007605323609741498 -0.21329397711843612 0.0007734619002353941 0.0007531730138057759 1.0000008027568317 13.225643997911058
0.9999670907551391 -1.182724577934724e-06 -6.2046086033919635e-06 -0.028178737051160422 -0.003975416417292999 1.0000238221072766 -0.000770448238204104 -0.2333445676663325 0.0004977078905770817 0.0007612707452478601 1.0000004739065576 14.565767814326101
0.999962958383759 -3.816912360829483e-09 -1.0337539777171764e-06 -0.030824332410730383 -0.004598887395107956 1.0000264484472534 -0.00012838220000758283 -0.25834229644870854 5.9569927962895095e-06 0.00012006229734442125 1.0000000017844868 15.919513298643775
0.9999689487219829 4.755495053356332e-06 2.042512980819991e-05 -0.033568934738713675 -0.003888224603574842 1.0000204962565526 0.002535834219780546 -0.2988210709281777 -0.00014246300240793757 -0.0025423571289107964 0.9999965377932969 17.25905373907608
1.0000099054867124 8.432975859866063e-06 3.8436928474069746e-05 -0.03607729163636855 0.0011482101122644358 0.9999786445900922 0.004770814051031986 -0.3046038723549749 -0.00036550051119872804 -0.004765715953193619 0.9999879864535702 18.622481771847145
1.000031099960222 5.550806756730864e-06 2.6396408122147767e-05 -0.038725332471799226 0.003865429649293227 0.9999559855440118 0.003277004621192389 -0.3340539202595893 1.3845679179842751e-05 -0.0032705180739449747 0.9999947242733943 19.95772627658332
1.000037976984355 1.0774788438416838e-06 6.649340727079645e-06 -0.041089979361950864 0.0046488519978507975 0.9999514063285391 0.0008255824456871208 -0.32473592123138717 -0.0003011769458094776 -0.0008134521361713094 0.9999990918513133 21.308905503838922
1.0000193274016758 -1.5221260677693998e-06 -5.945204326527308e-06 -0.04406372378757349 0.0023108346489713986 0.9999784604935702 -0.0007385832421316358 -0.38859962982731305 -0.00039889993843123515 0.0007469505953564363 0.9999989104075916 22.67106649715415
1.000002550369103 6.727837434938877e-07 3.1010932437331926e-06 -0.0462881295028461 5.984240532653194e-05 0.9999994368359861 0.000384501339602335 -0.35701180214218897 -0.0011456139967209566 -0.00037512289400390956 0.9999972104971253 24.043888770498814
0.9999966296393852 9.647580078670642e-06 4.3448536030194374e-05 -0.04914849789710406 -0.0009144993853059495 0.9999923334074605 0.0053912344832477655 -0.3993777262620372 -0.0022116371621741923 -0.005377360667050556 0.9999791811786383 25.439128701563728
1.0000129836165355 1.0849568976975185e-05 4.96355082450562e-05 -0.05166472721437985 0.0010933245413475706 0.99997154380901 0.006158527819660568 -0.40669207189545087 -0.0023150430020629784 -0.006135777028501464 0.9999744054636559 26.80008675016793
1.0000411960437603 8.976554988191637e-06 4.25795460465778e-05 -0.05460093857809386 0.004645546670475871 0.9999377646062063 0.0052835667248875085 -0.461785420927364 -0.0020987461910356936 -0.005249075915163183 0.9999803080676909 28.18057252412497
1.000044303011458 5.158702330225126e-06 2.540607692177706e-05 -0.05692093223795047 0.004945286254965145 0.9999429346208021 0.0031524260542028534 -0.44718312768810337 -0.0024827890469409754 -0.0031115581097451474 0.9999876395060104 29.530586824035847
1.0000505695018502 9.693228569113144e-07 6.95180259270697e-06 -0.059806953793793124 0.005624335309895933 0.9999385094335588 0.0008611343135772831 -0.49445360269032335 -0.002925135138035888 -0.0008110659627796623 0.9999901233516101 30.918162259397043
1.0000308069920967 -7.617539142905361e-07 -1.971144201474463e-06 -0.06243570364278064 0.0030517736965295725 0.999970742354911 -0.0002475423363009863 -0.5097959876315811 -0.003452443255656289 0.00029141012531943005 0.9999877602320196 32.305636659721436
1.0000229513797754 -4.740485859928284e-06 -2.0011855319556618e-05 -0.06516721304961844 0.0019556598544434364 0.9999792775758314 -0.0024894136236758 -0.5377995035405763 -0.003989909398981963 0.002533035899386325 0.9999815914694257 33.69355990318988
1.000020644681873 -4.47156547457063e-06 -1.8939686834011475e-05 -0.06771144523779955 0.0015683275425659778 0.9999833984575962 -0.0023567948561623096 -0.5408236976513703 -0.004439709014179711 0.002402475585695382 0.9999792075858557 35.08915910706232
1.0000167333172514 -1.914632185887402e-06 -7.811863047674705e-06 -0.07060748192516009 0.0012488861613687893 0.9999887043159041 -0.000973308640072766 -0.5862839234443622 -0.0036980239762439944 0.0010100172745407395 0.9999859607514932 36.49035418588051
1.000000577124439 8.342078316285473e-07 3.746134586644998e-06 -0.0733878063928533 -0.0007593396035357157 1.0000057124222679 0.00046217478051687903 -0.6199667471875245 -0.0037059501184208386 -0.00043653892892171596 0.999986352919583 37.87998573991168
0.999987035659384 1.1376397630793317e-06 4.6372846529039394e-06 -0.07600693565368916 -0.00233075611135832 1.0000158782369806 0.0005734148306471332 -0.6316500996279493 -0.003214029219533816 -0.0005592552348054823 0.9999888838315354 39.27844958201158
0.9999678606802511 1.077053979644041e-06 3.881615207981847e-06 -0.07877042151475447 -0.004839182028670105 1.0000271340057922 0.0004789033234744193 -0.6623052807042169 -0.0037807157866855384 -0.0004755049433271152 0.9999859208495422 40.67225726499014
0.9999401185472414 2.5231578420770173e-06 1.001634730605377e-05 -0.08171190480346567 -0.00833646890520135 1.0000315877468036 0.0012403343300560709 -0.7101103949297045 -0.004012491280779913 -0.001256546696238985 0.9999839341652207 42.08816511551867
0.9999359608726823 3.292135521727746e-06 1.3455116597072382e-05 -0.08426238003877146 -0.008781616809324714 1.0000307342824344 0.0016676599434719446 -0.7155890168741801 -0.0036949864836818723 -0.0016862398052144361 0.9999851050116391 43.4762762790322
0.9999427053152123 2.2272267074067986e-06 8.703045248312138e-06 -0.08709671613428564 -0.00785296932373635 1.0000317989632201 0.0010781625944268143 -0.7465356233891502 -0.003288940961270079 -0.001091707635794479 0.9999880732056179 44.90802369932942
0.9999461997128801 1.4463537973043866e-06 5.230785066751573e-06 -0.0898009146260074 -0.007260296775321829 1.0000318832877502 0.0006477761570749677 -0.769809404195257 -0.002581205007235553 -0.0006588565503885577 0.9999918008802795 46.301913715043646
0.9999474869203752 1.5530185864046087e-06 5.718679211447761e-06 -0.0926626409688911 -0.0068569011590722696 1.0000314400691142 0.0007092948949026273 -0.8033248382545497 -0.0014951403269677845 -0.0007199078418303268 0.9999959341609255 47.73737499038467
0.9999400072601521 3.6214580214268682e-06 1.4949755360135764e-05 -0.09540859244377911 -0.0075534782461798705 1.00003054208382 0.001856024906040554 -0.8295812051255411 -0.0004590651337587168 -0.0018694873736184552 0.9999973454771205 49.141088272526694
0.9999365934961526 4.512119655492031e-06 1.8949176317166038e-05 -0.09822716681552032 -0.007898943802482981 1.0000296021823607 0.0023526450183663492 -0.8621545339005325 -0.00010902520984997269 -0.0023669588313661697 0.9999970303648424 50.5568518322103
0.9999269594600997 4.943730557305931e-06 2.0897297004976575e-05 -0.10105610356400938 -0.0088473022566407 1.0000286947094688 0.0025947863142827903 -0.8905378793497392 0.0009973861726985194 -0.0026100471409394965 0.9999979351218947 51.99703991181592
0.9999258395767433 5.987230501675739e-06 2.561823411182892e-05 -0.1037202842391151 -0.008624150042141565 1.000027146820262 0.0031807040741485037 -0.9028189085582174 0.0026127771883255892 -0.003194877216459192 0.9999962467904958 53.41778944693345
0.9999473206358267 7.4793171422078e-06 3.2443176754818736e-05 -0.10641532939349888 -0.005844768867139886 1.0000218112751655 0.004027493029320306 -0.9131696636941358 0.0031106155154925486 -0.004045041736910744 0.9999926557264984 54.864240989404145
0.999957713579041 9.238955979396293e-06 4.058175782920936e-05 -0.10914355324473464 -0.004451827879028583 1.0000131765370222 0.005037041464921898 -0.9373425413137753 0.00356653562714076 -0.005058099065823552 0.9999873604078741 56.26742752551392
0.999960563934338 8.614801960456914e-06 3.777735529262769e-05 -0.11211302666848338 -0.003958699481612053 1.0000129780974663 0.004688849245447455 -0.9857131190194706 0.004187042215905104 -0.004713305447684343 0.9999877546921885 57.69631558619258
0.9999807828255602 8.388786108693563e-06 3.719029867186425e-05 -0.11471670297390091 -0.0014571793252691565 0.9999999499195541 0.004616034831487073 -0.9839746265115783 0.004144776712777886 -0.004646229776413803 0.9999881673871489 59.146076516722
0.9999925892319054 8.685817742598925e-06 3.891080241322643e-05 -0.11733681808236515 -5.177546142454137e-05 0.9999886819514651 0.0048296112004502486 -0.995807324325112 0.003873449855368219 -0.004860986545821928 0.999987747541451 60.544420341911874
1.0000037978869742 1.076110351922073e-05 4.8829353976360176e-05 -0.12020938937717034 0.0011285840594173185 0.9999718226651658 0.006060241644941141 -1.025800964430764 0.0029295807360583195 -0.006085538154265938 0.9999825694177822 62.00159357582739
1.0000134502212652 1.0668681772539601e-05 4.882671303933837e-05 -0.12306175346320605 0.002207202543050967 0.9999613393558249 0.006060022553789529 -1.0664101630416223 0.0023939371595075904 -0.006081102637041457 0.9999830550126452 63.400234655325065
1.000036952570086 7.929722836941613e-06 3.754259488916397e-05 -0.12556234361407057 0.005084894396697969 0.999935196994216 0.004660345892932028 -1.0607431320181542 0.002210735810004927 -0.004680753657512373 0.999990660983293 64.81042236870269
1.0000346389176262 7.3990457794513576e-06 3.498934155874204e-05 -0.12839009670472384 0.004748288385184542 0.9999409935107296 0.00434359331942245 -1.0836001691918926 0.0019910046990592265 -0.004360996038801037 0.9999921668457404 66.27459978311273
1.0000217514493674 6.259905997521575e-06 2.9113358491884064e-05 -0.1310094199350794 0.002989474209032148 0.9999648738301657 0.0036144822610331105 -1.1053304658158272 0.0012850084709702956 -0.0036236044946374576 0.9999949818141916 67.62836613281576
0.9999855478096877 1.021753895848014e-05 4.568540202313327e-05 -0.13398900650743553 -0.0016999817387659587 0.9999960839729701 0.005670257874798083 -1.147780354686574 0.00042296878985967237 -0.005676298192458229 0.9999846463786712 69.08925886180795
0.9999571191791661 1.2452062348814949e-05 5.5312902643018125e-05 -0.13668804672729026 -0.005251719800876806 1.0000048363493068 0.006864190656909504 -1.1790566943998317 0.0003285717356700578 -0.006874824555615102 0.9999770072465561 70.44460417707887
0.9999297963027872 1.3886560665685166e-05 6.175464296497186e-05 -0.13938129372128147 -0.008904852340329578 1.0000025829570256 0.007662350030031854 -1.1884905263022354 -0.000830405515111731 -0.0076793495896999185 0.9999687807912477 71.89414890608919
0.9999154153584618 1.1845250573485483e-05 5.241556666253904e-05 -0.14187036778883694 -0.010796546526317553 1.0000074011745357 0.006504051601201567 -1.1860427802755376 -0.0013018478455078069 -0.006527312748718089 0.999975593762613 73.28360202050901
0.9999039781111746 1.067986914362988e-05 4.720824603588803e-05 -0.1444816862731631 -0.012438731002068118 1.000005550911003 0.005857437145425564 -1.1951396636805747 -0.002290910949867544 -0.005890134651462726 0.999975978118601 74.68927448424367
0.9998814916440376 1.0806809721422214e-05 4.829163544925073e-05 -0.14728593036163787 -0.01531961517865973 0.9999879654748899 0.005991406572237029 -1.218057546650995 -0.002684577152267424 -0.006038862086568896 0.9999734030303811 76.14016043649141
0.9998758437160348 1.0803498857953411e-05 4.844757536996247e-05 -0.14990063622419544 -0.016104672528319368 0.9999818370731414 0.0060103471938741234 -1.2354823621775919 -0.0030575628150779494 -0.006064358369781147 0.9999715047675554 77.51057006267429
0.9998914143471721 1.324522801511574e-05 5.9258986937837845e-05 -0.15280870712667982 -0.014397196765450773 0.9999851629816232 0.007349794125018984 -1.2901797026378778 -0.004066543663542445 -0.007401842257353808 0.9999571025121299 78.87723667670713
0.9998933935099013 1.0486778236520888e-05 4.652299029409305e-05 -0.15538464363985557 -0.013969505112928942 0.9999981643519735 0.005771441438651007 -1.2914467479863725 -0.003255358707894467 -0.0058161348584287766 0.9999719942341346 80.29823096201663
0.9998953492878427 9.35222764134741e-06 4.1289226008566805e-05 -0.15796985552960574 -0.013532826132869566 1.0000041944404605 0.005123158079100435 -1.302790950453919 -0.0023911429309174895 -0.005160889089364329 0.9999795814522651 81.67942262303933
0.9999030392910307 1.021021176532931e-05 4.507121934432291e-05 -0.16071656018315494 -0.012609686993398476 1.0000063089136666 0.00559214846294869 -1.329656618619038 -0.0025333471263843145 -0.005626641428583444 0.9999764690994267 83.08083582835236
0.9998968791618578 9.54624105976333e-06 4.2144896636873725e-05 -0.1634367083386297 -0.013248925975506618 1.0000051573800965 0.005229678574138885 -1.3559970326792428 -0.0019723723539577884 -0.005264046298180048 0.9999807150071596 84.4698835063717
0.9998969321953954 9.301395493542183e-06 4.102489096477805e-05 -0.16594579460101475 -0.012990954617163857 1.0000071797688372 0.005091561017160741 -1.3579508986684028 -0.0008513062435398799 -0.005119423206232729 0.9999850706518633 85.85079084269876
0.9998983421137264 1.0562207485876121e-05 4.6767342578809146e-05 -0.16856753088929918 -0.012483745418591012 1.0000056619018183 0.005804493525006112 -1.3808357463151884 0.0006297594164990769 -0.0058244744941067655 0.9999840609574748 87.20074484321024
0.999902811103243 1.1114331208454328e-05 4.922054435402084e-05 -0.17112049267338725 -0.011691131032097898 1.0000070431042474 0.006108911344405786 -1.382058302347293 0.0016893839454582438 -0.006124100588198391 0.9999829596467119 88.6092133136249
0.9999171884577819 1.2639622327517697e-05 5.605757990880108e-05 -0.17376400453858024 -0.009722961077190125 1.000006718614703 0.006956714589453195 -1.4047642617298746 0.0025038624719738983 -0.006970307835707432 0.9999771943839113 89.97202516118102
0.9999351471315397 1.3251856726011896e-05 5.882315697770509e-05 -0.17654986016793217 -0.007317588337235482 1.0000053980129757 0.007299431425112661 -1.4382943594187276 0.003284610462354111 -0.007315274197557439 0.9999738852309213 91.3654011586979
0.9999556833558122 1.31844928026488e-05 5.8670939774378575e-05 -0.17911990443471434 -0.0046267192055765415 0.9999999419579696 0.007280296932090511 -1.4561493700733144 0.003911007228159356 -0.007302297262209106 0.9999728571407157 92.70915713389337
0.9999663465343808 1.2147470900792864e-05 5.406718054789335e-05 -0.1816587463303726 -0.0033146102768121894 0.999998588416566 0.006709470784963793 -1.4684335378698008 0.003856786272392051 -0.006733994050738687 0.9999769501238472 94.06047562328544
0.9999561966869942 1.0779418733782714e-05 4.7610708113099854e-05 -0.18433499519598984 -0.004449426317348451 1.000008385789264 0.005908479540812585 -1.4885117091695597 0.004417353992831234 -0.005932626434338465 0.999980706854212 95.45313715007194
0.999960042467152 9.131683987131586e-06 4.012746178326922e-05 -0.18684900096711154 -0.004036310380458002 1.0000118787814563 0.00498042448304153 -1.4968023730377304 0.0041297389646667735 -0.005004475457364034 0.9999864789715593 96.80850977342261
0.9999504443911247 7.992905136904732e-06 3.480918771834652e-05 -0.18947365716101838 -0.005243575166393148 1.000019075697193 0.004320671813134433 -1.5182950155447261 0.004061626886658863 -0.004341684398556711 0.9999897226519401 98.16628953902007
0.9999291071782813 8.047338616623198e-06 3.496214722120434e-05 -0.19208188463023557 -0.007983416374944272 1.000022932724048 0.004339840293726116 -1.5394863213153103 0.0036604521556817832 -0.004354630953969668 0.999990491199913 99.51631432416838
0.9999255111691929 1.05332112784913e-05 4.6325801986416134e-05 -0.19472426681936186 -0.00844910284434669 1.000015723711551 0.005749541057366589 -1.5664485376626538 0.0035752938490930183 -0.005763544155584055 0.9999835380958743 100.85951949691376
0.9999401669102429 1.3798473681934584e-05 6.136552833018371e-05 -0.19730875683809004 -0.006646619777194196 1.0000023257002002 0.0076145655556682885 -1.5881251827348486 0.003496701971041377 -0.007631711154114738 0.9999711886542364 102.19423324419337
0.9999453551266785 1.263575511902676e-05 5.6029516560643844e-05 -0.20001120743473152 -0.006031741218814553 1.0000061012531791 0.0069530102924693525 -1.621387889708752 0.0033653701505358164 -0.006970919197733481 0.9999762173353676 103.54260902885991
0.9999361765065377 7.731254792506942e-06 3.35268232492861e-05 -0.20251032555170898 -0.007185387240902586 1.0000233189468684 0.004161888992949258 -1.6360747318486797 0.0033040644973636917 -0.004177850170332377 0.9999918404228916 104.86121222165313
0.9999474130952828 5.174127326038752e-06 2.199828976269633e-05 -0.20504457460794429 -0.0057152167646556135 1.0000259168071857 0.002731132715080698 -1.6527560949082132 0.003637153175305788 -0.0027500372334706043 0.9999962109297964 106.19037749151836
0.999955925784435 7.241050447132427e-06 3.14561426878713e-05 -0.20768488030264712 -0.004730895424618865 1.000019220477377 0.003904956264073584 -1.6777006470672746 0.0033121619028807624 -0.003924635024448472 0.9999928504211283 107.54143051652798
0.9999921673585451 1.1091281976063558e-05 4.9907641851418445e-05 -0.21022786892089723 -0.00036471346821370567 0.9999835957931877 0.006194025196566652 -1.6936710605664278 0.0027115333856248553 -0.006215899726668511 0.9999819908209314 108.87860658497613
1.000001062496895 1.3127883965517034e-05 5.9616938778159125e-05 -0.2129708383621183 0.0005703727696197858 0.9999677688934598 0.007398091091502687 -1.729745750447042 0.001955161479955466 -0.00741442289892843 0.999974239194663 110.23688294096907
1.0000067268710973 1.0471858324314146e-05 4.762456838015958e-05 -0.2154479097519732 0.0011401671815453457 0.9999726120602632 0.005910957720882473 -1.745473878540543 0.0013590613297150332 -0.00592182358298522 0.9999840821332163 111.53863220254556
0.9999958730805956 6.533178403333312e-06 2.9232627704796474e-05 -0.2180298620429919 -0.0003917856769594021 0.9999964394360117 0.003629136189533666 -1.76250010753987 0.0005384433946948738 -0.0036341838016592668 0.9999942763342153 112.8926792616994
0.9999730934220028 3.1380784228443592e-06 1.32313720814267e-05 -0.220739623818646 -0.003416206053284471 1.0000202985325168 0.0016427668176086016 -1.7944059097488227 -0.0003329508644368741 -0.0016474563560774016 0.9999980103257542 114.25115542993375
0.999959015915287 1.313393867033788e-06 4.783441924970317e-06 -0.22313163101764963 -0.0054756616359673185 1.0000289133439129 0.0005929921449524305 -1.8068505997380286 -0.001720589174458028 -0.0005984632721334266 0.9999952429127219 115.52043581324266
0.9999338545567703 3.4188336598857394e-06 1.4021176850992747e-05 -0.22566455374626584 -0.008930999946189214 1.0000304923490761 0.0017385211672242959 -1.8094985647127753 -0.0031946168393874068 -0.0017574886307433933 0.9999876104843004 116.91144925366909
0.999940343185455 8.681803588952292e-06 3.787072010557691e-05 -0.22821993195750637 -0.008372286181833858 1.0000212650092102 0.0046969051541740255 -1.8356998046655872 -0.004296633052722593 -0.004713457364533792 0.9999719717402739 118.2098621638782
0.9999417743337062 1.0170684844965777e-05 4.468119663255678e-05 -0.23094469510231075 -0.008391686878474037 1.0000169283364317 0.005540444037568116 -1.8719212252404436 -0.005175772081961727 -0.005557392101701919 0.9999618986428322 119.5574008751145
0.9999458082993187 9.010162729141194e-06 3.9403267393553834e-05 -0.23339347004549124 -0.008104679632257075 1.00002041527174 0.004884148148174413 -1.8821621235300303 -0.0061299997562237135 -0.004899103722331587 0.9999582136412115 120.86794917744845
0.9999271055056692 7.439110790966388e-06 3.219995060570408e-05 -0.23593109034269164 -0.010744305162605581 1.0000207809636033 0.003987694124885882 -1.8950217385246793 -0.007543291487975193 -0.0040273687706537395 0.9999498774901001 122.21602486286788
0.9999168161921209 7.681076504438902e-06 3.335772978420239e-05 -0.23857288148049846 -0.012273011181168914 1.0000149209554041 0.0041288467181203525 -1.9155435330599044 -0.008662057256445345 -0.004187510980752559 0.9999381364585607 123.58762411822447
0.9999091785299672 6.387446915506398e-06 2.756595206712415e-05 -0.24128440283295935 -0.01346105587217678 1.0000119283824604 0.0034075292320848143 -1.9499299585036334 -0.009730202765563498 -0.0034843987109973427 0.9999290714057607 124.93601232178489
0.9999138334473865 5.23629189883891e-06 2.2303324930733354e-05 -0.24371917641534602 -0.013108244807520708 1.0000158040726066 0.0027517092921054776 -1.9580644241062584 -0.010734879637521512 -0.002829564488101626 0.9999190340820219 126.24819993180459
0.9999142966724656 3.7242574737594153e-06 1.548060023555506e-05 -0.24640109649548383 -0.013210368382550325 1.000017270524399 0.0019027843470111891 -1.9861172398112619 -0.011446855966504669 -0.001985606620922212 0.9999118711994122 127.60843899703472
0.9999194697775082 5.048339293938983e-06 2.1406117493011486e-05 -0.24911335590324188 -0.012824665591499668 1.000017514622163 0.002634744662318614 -2.018177961924828 -0.012591840944946558 -0.0027178413949087853 0.9998943288677322 128.96760756812944
0.9999205935554267 7.092973779538117e-06 3.065714748139224e-05 -0.25182849213900954 -0.012851143101532393 1.0000136965079909 0.003780339011112236 -2.046927283626458 -0.013332306865173471 -0.003867259384758404 0.9998796244909025 130.34313680698403
0.9999353571164343 7.881779609851883e-06 3.420980856493386e-05 -0.25452033517551487 -0.0110719922796908 1.0000188866535713 0.004220340347416378 -2.07981542407161 -0.013574664725372164 -0.004280982202203232 0.999874246142393 131.68730815044097
0.9999416000065747 8.232818792225371e-06 3.583102164927054e-05 -0.25728376056584906 -0.010266963421137365 1.0000201200701786 0.004421950314907162 -2.1114232787966247 -0.01344212605587709 -0.004469899625301322 0.9998754521256119 133.07683384021593
0.9999540056602118 9.158606657748772e-06 4.016450500227554e-05 -0.25967984742720657 -0.00868991747357093 1.0000198377889686 0.004960137140290552 -2.1157319308605076 -0.013279889613318645 -0.004983892537425229 0.9998754905667437 134.38465680915243
0.9999757627991659 8.63427917170527e-06 3.817794414225713e-05 -0.2624510947820978 -0.005795751179010266 1.0000186791717225 0.004716549976940062 -2.154139362513328 -0.012423063307331266 -0.0046986683509213836 0.9998894274084659 135.7481914791228
0.9999659261882977 7.723354683129499e-06 3.3812324613482396e-05 -0.26534806595809063 -0.006767622273139982 1.000022801060273 0.004178314149547028 -2.20247942883715 -0.01130931478398058 -0.004175784355105242 0.9999069685908094 137.13706129799453
0.9999717123159815 1.0793455700427307e-05 4.795798282332831e-05 -0.26794658936025156 -0.005814261669293016 1.0000122072490472 0.0059360560893741855 -2.219950460908699 -0.010262311048374483 -0.005923358585457397 0.9999113530256422 138.4983023999585
0.9999961359273655 1.0543198401781126e-05 4.7532883318866705e-05 -0.27041587095313857 -0.002501385844679854 0.9999996001876806 0.0058865721879668795 -2.228822816352953 -0.009015012494114892 -0.005840979150326156 0.9999261118905083 139.8263111049072
1.000013698160597 9.441664122707139e-06 4.321612546418765e-05 -0.2732674642617904 3.308545495267316e-05 0.9999853177644012 0.005354697322632763 -2.272092231922553 -0.007438979342242499 -0.005294603787481917 0.999944958822051 141.2126619116505
0.9999959946085013 8.735439060089667e-06 3.925750208568033e-05 -0.2759896374810694 -0.0018871209351139489 1.0000015040870187 0.004865998782564872 -2.309357733003025 -0.006197395773540463 -0.004831287542955024 0.9999580054948967 142.55411009407467
1.000008907505775 8.01697209723562e-06 3.649674049269972e-05 -0.27838379149001613 -4.6326927351150043e-05 0.9999900664090461 0.004525271587974048 -2.3070488539064424 -0.005139889306990498 -0.004484382104426113 0.9999675205846268 143.89037383794357
1.0000108272792254 4.155845409274314e-06 1.9079636886795443e-05 -0.2812362255198909 0.0004142882417577081 0.9999937463660802 0.002365302249418147 -2.3529102095578103 -0.0041489881716196405 -0.0023295426072182037 0.9999812223297545 145.26563136147607
1.0000448587684314 2.259972024635376e-06 1.237138342304587e-05 -0.2838828542886778 0.004903904944010273 0.9999472880047087 0.0015339705133250836 -2.38626540975446 -0.0029751292268028274 -0.0014867245814499021 0.9999891191477395 146.5826785647895
1.0001042500660993 4.696298412876221e-06 2.810985365156015e-05 -0.28660839595378496 0.012558245897600068 0.9998138660411555 0.003488634413418863 -2.4188237772167467 -0.0017331611560375616 -0.0034310511451562968 0.9999895326453282 147.94698404200383
1.000157613247379 7.37525909208156e-06 4.632367509175921e-05 -0.28933572277427294 0.019522786900271816 0.9996355405389343 0.0057492328193136585 -2.4594636413423445 -0.00022881118114626985 -0.005710007047767194 0.9999833414402133 149.27623830694063
1.0001657482776787 1.10414634590765e-06 1.888233735735257e-05 -0.2921435268454275 0.020769240398829422 0.999614211765924 0.002344665592281211 -2.5039293396524505 0.0008243516605564781 -0.002331959891066965 0.9999984634398236 150.63300219424158
1.0001499191408654 -3.630525429473494e-06 -4.303268513266515e-06 -0.2949993356515671 0.018755669795691807 0.9996728898866417 -0.0005342561284984469 -2.553372155196489 0.0006114547283979927 0.0005519472130045808 1.0000007566785294 151.99415706393754
1.000151827938012 -1.0427820970668536e-05 -3.404242333152887e-05 -0.29728393158232075 0.018862893837002265 0.9996612560007461 -0.004229791417481813 -2.540312943267397 3.2467075464433746e-05 0.004264647912543988 0.9999909024102781 153.31768539057865
1.0001618837554758 -1.0069798256248999e-05 -3.1245520623166814e-05 -0.29999735942010214 0.019938285770453652 0.9996331259515275 -0.003882517906675878 -2.5670267103165036 -0.0007410287368405778 0.0039409147148416895 0.9999905647624733 154.70134613006695
1.0001923621382967 -7.244048657284799e-06 -1.472825540079349e-05 -0.3025490579963097 0.023601569245701656 0.9995296635386762 -0.0018302340906604228 -2.586306538201833 -0.0012844138807515594 0.0019145181260059629 0.9999949956209377 156.02858755941773
1.0002278037120869 -3.4544831472270443e-06 7.576742555600365e-06 -0.30514788795035147 0.02792645609037897 0.9993845195675611 0.0009399310973731806 -2.6110598522861177 -0.0016261318284286747 -0.0008315550845162383 0.9999954082407968 157.35752268942602
1.00026128589427 -1.0338702673660938e-06 2.431423500076418e-05 -0.30789532317130125 0.03208558111664836 0.9992219676583756 0.003017718003449159 -2.6506471343374454 -0.0016218936710493583 -0.0028970856024977585 0.999991601956392 158.70260774741394
1.0002718621053874 7.870605799042973e-08 3.134433423377064e-05 -0.31087801791638153 0.03339884005685412 0.9991653195096578 0.0038901438158127147 -2.7149520122860102 -0.0016228204349349044 -0.003765895365134409 0.999988716941108 160.06775832435312
1.0002737907673007 7.138355928443252e-07 3.460051709617369e-05 -0.31350262669602225 0.033350820156433786 0.9991656547042175 0.0042930527954801526 -2.7313021774290176 -0.002905129094809578 -0.004116157745441438 0.9999821232410878 161.44844500082831
1.0002636663613076 9.60570112866141e-07 3.3796968320893303e-05 -0.3160152689791713 0.03184363377869123 0.9992274035537606 0.004192068918192257 -2.7458448313900505 -0.004019258436391399 -0.00397743553907257 0.9999768136226206 162.77518137055992
1.000232625064863 -1.7080697936669442e-06 1.6216003724756284e-05 -0.3185296220977689 0.02780141115882085 0.9993874209098524 0.0020089177183687463 -2.756885269998618 -0.0048540125076907996 -0.0017858418653700135 0.9999778865494316 164.1184835902232
1.000224734750051 -2.843164966537595e-06 9.81228979084225e-06 -0.32110561974869695 0.026654025356171028 0.99942922144423 0.0012127075259273186 -2.773282069213828 -0.005600909411521122 -0.0009707741499906491 0.9999737451283516 165.47203973704924
1.000205411332869 -5.879127924855038e-07 1.6889263455740697e-05 -0.3238030610587558 0.024209366225259696 0.9995096609967911 0.002090985017685634 -2.80719872467902 -0.005801014122892881 -0.0018610878030481904 0.9999709952922484 166.81472488111154
1.0001950251515161 8.134192469623491e-07 2.1645942513026217e-05 -0.32646807958389484 0.022895107156831643 0.999549801072469 0.0026812460876893926 -2.837690538750125 -0.005909792692097207 -0.002458188095777324 0.9999688810434191 168.15472641534248
1.0001629275969128 -2.6477851852516054e-06 1.690915769648636e-06 -0.32932776893249455 0.019039505737974756 0.9996653487889294 0.00020465716202530484 -2.8775727560956366 -0.005327305767077296 -2.595904617181667e-05 0.9999761913083723 169.56066649866764
1.0001337183586736 -7.4658130327052985e-06 -2.3135631578476016e-05 -0.3320977166539376 0.015557559808134962 0.9997495692003728 -0.002878608428303084 -2.90515897307347 -0.004678132671580291 0.0030180208983941257 0.9999760128538723 170.97173920858376
1.0000969116154266 -8.760953515332681e-06 -3.250026849274299e-05 -0.33459481164737037 0.010991376731198528 0.9998429621887436 -0.004042492582263343 -2.922997404391832 -0.004656409881010027 0.004151806852601056 0.9999720723368712 172.27516723263759
1.0000702372402583 -7.554990291707905e-06 -2.942121526783737e-05 -0.33726675814303037 0.007494593938808627 0.9999049131696679 -0.0036610192585647856 -2.9463923570817694 -0.005477299439963812 0.003760175693518729 0.9999679857666166 173.6506545793366
1.000029070137447 -1.992694117889174e-06 -7.5392932071872455e-06 -0.3402631210334345 0.002257580880059942 0.9999788420932423 -0.0009429494765889428 -3.0020045111729536 -0.0060322598018757384 0.0010092695899265385 0.9999703903515968 175.06214075550275
1.000020374213235 2.635413460390021e-06 1.2682607263822965e-05 -0.34283383378517107 0.0011613157624541185 0.9999887220828656 0.001568160275465809 -3.025454330050172 -0.006105006121957611 -0.0015098796966464582 0.9999692235681695 176.38131659551743
1.0000491623271348 3.8051383798119037e-06 1.960313475504673e-05 -0.3456158692969377 0.004618323878438616 0.999949167367121 0.002426306406027496 -3.0433391942958323 -0.006632157264586577 -0.0023341112343908243 0.9999633422048315 177.84234768605796
1.0000528846054466 3.9268596554419e-06 2.0400630959874254e-05 -0.34823945417725316 0.005527486697545958 0.9999369786472286 0.002528608485208152 -3.0666121373101154 -0.004639223290387202 -0.0024558810721332044 0.9999778825472697 179.1915947688305
1.0000631545055942 -2.682109750212769e-06 -8.452839173973522e-06 -0.35072877532925895 0.007409755184611682 0.9999123408290701 -0.0010511031528524424 -3.0833578783190996 -0.0019329737366792232 0.0010945261766005794 0.9999940269414217 180.495590279202
1.0000502964018094 -1.0352350074573427e-05 -4.302703442780778e-05 -0.35361157197816134 0.0060325876636496585 0.9999190044553484 -0.005347297566162847 -3.1140265786711256 -0.0009532580623446785 0.005372293368435465 0.9999833155095289 181.95541620626358
1.0000132131340078 -1.155127268293206e-05 -5.023117009889501e-05 -0.35630219196304735 0.0014918104673224946 0.9999674766253027 -0.006242965118237581 -3.139459448419512 -0.0006650872223702118 0.006252463513706557 0.9999789401980698 183.33215738459143
0.9999900041681526 -1.0239259934144082e-05 -4.5411738936987096e-05 -0.3588217476993519 -0.0013491561404831449 0.9999941096915852 -0.005643525510448972 -3.156378338272018 -0.00048059341088484944 0.005644596125793236 0.9999830038260996 184.65212570995266
0.999968718479989 -3.1001576939575226e-06 -1.4671830317482476e-05 -0.3617547496749621 -0.004179053921750947 1.0000232814716659 -0.0018232062084169078 -3.1937456030204667 -0.0013119167449285793 0.001820802024986403 0.9999950866551447 186.10988449330915
0.9999595021549155 1.4458757858111515e-06 5.3834092107237635e-06 -0.3645577016734993 -0.005401710833494149 1.000028672040694 0.0006675395338742379 -3.2355812742911265 -0.0016600980641132948 -0.000672912549787241 0.9999954081353705 187.47568988650218
0.9999803930931729 1.8969178139632142e-06 7.84444811392066e-06 -0.367277435745415 -0.0029066050475109757 1.0000186923713494 0.0009727581143353049 -3.2416269703573 -0.002103172233900632 -0.0009672204809394165 0.9999935373854895 188.95501368071083
0.9999867318504972 2.640000847733276e-06 1.1359248575046246e-05 -0.369915450303199 -0.002061939398516144 1.0000134632219149 0.001409366637539299 -3.2594930380991487 -0.0018469656779000786 -0.0014020858358537599 0.9999939971455415 190.3363646973119
1.0000050708346442 3.4871961800252843e-06 1.582241319067327e-05 -0.3725417969715481 0.00016192664780300021 0.9999967271984592 0.0019632452417448136 -3.282750053130058 -0.0020862864655549537 -0.001945927823716643 0.9999921918979123 191.6872123877245
1.000020953086711 3.1114601040174716e-06 1.4851315874304548e-05 -0.3753256388782243 0.0020512673389985695 0.999979654739072 0.0018423604627175133 -3.300916337197885 -0.0024568170042835215 -0.0018139675004718572 0.9999909273830201 193.14798891593543
1.000051777369353 4.69717881815615e-06 2.3805585514510797e-05 -0.37804798803134854 0.005778803927204387 0.9999323633587363 0.0029533736215939413 -3.334953456465454 -0.002905233287561944 -0.0029030932107183918 0.999986362597561 194.50393168923782
1.000103456019805 6.529036812093214e-06 3.6360437832356996e-05 -0.3807282304115963 0.01212803713821566 0.9998185371043948 0.004510988892031265 -3.3389284994902813 -0.00321193068965586 -0.004425255618100009 0.9999793153229517 195.97061778299087
1.000113311999899 7.299050209798666e-06 4.0856835293314906e-05 -0.38365934004278346 0.013251702815509287 0.9997925464585946 0.005068304094260747 -3.3885388610740157 -0.003659469989693612 -0.004967623036061493 0.9999744302547456 197.37272973171915
1.000092939319916 6.57278359151095e-07 8.850244679252904e-06 -0.3864555098714859 0.010725461333498396 0.999855488863209 0.0010960450768420413 -3.4138471502061325 -0.003642276991086676 -0.0010084796435826343 0.9999862969030574 198.80848372096804
1.0000462292223422 -7.52470459012243e-06 -3.0940682515686246e-05 -0.38941111567704356 0.004770681486598382 0.9999428553150161 -0.003848126051433032 -3.4602571996183746 -0.0043282526654435565 0.003912607558138544 0.9999751070735469 200.23843449176658
0.9999680772589394 -9.711683619828201e-06 -4.3677112549258754e-05 -0.39210483265792423 -0.005340350521757799 1.0000140524537444 -0.0054343324386026785 -3.473708715240558 -0.006135654151513914 0.005441341586943372 0.9999552147963157 201.67032242685627
0.9999378648856448 -3.288945580546751e-06 -1.5868715570931113e-05 -0.3948066966342895 -0.009375273082664184 1.0000296074072927 -0.0019803101572574314 -3.486705675676807 -0.007396940151959874 0.0019535703036651594 0.999957350035622 203.1087495709169
0.999907516002327 2.0470315958056456e-06 8.028591696322565e-06 -0.3979084948933339 -0.013412076396665105 1.0000175479501097 0.000985201301913456 -3.5441141107909253 -0.008591009398940277 -0.001055462414189622 0.9999470432602221 204.57061896576465
0.9999158247026951 2.791110896573426e-06 1.1272057982969225e-05 -0.40084032541574294 -0.012242109435237904 1.0000226497280844 0.0013892950160261863 -3.588587208278356 -0.00797512725035801 -0.0014448081780622148 0.9999527758403206 205.99604009125918
0.999947421162159 2.2045529476984876e-06 8.63594255014438e-06 -0.4035519322297019 -0.007920288789249757 1.0000318237660968 0.0010655546861157513 -3.5987827819959515 -0.006200958778457013 -0.0010790394959067301 0.9999690113682329 207.45235610692166
0.9999631744235251 9.000564476328854e-07 3.003275339935e-06 -0.40629295954599537 -0.0055792096338197344 1.0000292857647706 0.0003688929921318779 -3.6240305637386516 -0.0044854963055680624 -0.0003678815584209139 0.9999817791976955 208.85784005867762
0.9999438461885698 -1.5154986554230532e-07 -1.91938373265586e-06 -0.4093405174155281 -0.007820785274802036 1.0000323633116714 -0.00024150509794429115 -3.6658737145010973 -0.0037772703782900765 0.00022825970642098673 0.9999860168618973 210.35908347917743
0.9999356811925804 -2.3685880390887648e-07 -2.334853273808484e-06 -0.4122555588915404 -0.008906927844304786 1.0000320109724374 -0.0002935195289470899 -3.700675081911348 -0.004098921446256307 0.00027393553680351396 0.9999841572716935 211.81833786789431
0.9999246329409669 1.0200863309276637e-06 3.2830249100006866e-06 -0.41503776558037375 -0.010156133972118305 1.000030113125366 0.000404850341870953 -3.728818905185836 -0.0035509147970640377 -0.0004306686913022137 0.9999871978399482 213.23371335049828
0.9999279997362625 3.1952506915518264e-07 1.4516672256848287e-07 -0.41797554501747275 -0.009639071701752346 1.0000311551527123 1.5685110645142946e-05 -3.765181279449159 -0.0031096964758156355 -3.8026106953563856e-05 0.9999895501787194 214.69859942732418
0.9999275217181531 -4.2132345311890473e-07 -3.154820075195906e-06 -0.42093343358256424 -0.009636046461364867 1.0000310884620691 -0.0003938611685131672 -3.802902033850116 -0.0028314619087398997 0.00037198459613522425 0.9999908046324382 216.1685648768889
0.9999375562756582 -1.6674290410842452e-06 -8.689514250242959e-06 -0.4237601394403629 -0.008341326131151773 1.0000318049197077 -0.001081112797476803 -3.8259987891354372 -0.0026150757317636086 0.001065317026378438 0.9999912762506281 217.63109326013958
0.999922087720772 -1.2021369434293133e-06 -6.605844892768184e-06 -0.42669709169311204 -0.010137604086228618 1.0000299140775346 -0.0008217671474497238 -3.8563590497337232 -0.0020586467532014846 0.0007991894880253203 0.999993833156995 219.1222879806173
0.9999055160978597 -2.4896190746470648e-06 -1.2151138880476956e-05 -0.42975841773369305 -0.012210872746130346 1.0000226462964121 -0.0015106764268878283 -3.9025596182433246 -0.0021265555065082013 0.0014798315440061184 0.9999927829396652 220.61172454867423
