1.0 -3.469446951953614e-18 0.0 -1.5585406229479126e-19 0.0 0.9999999999999999 -3.5575383784680614e-19 0.0 2.168404344971009e-19 -2.388632911257127e-19 1.0 0.0
0.9999997981013202 1.4790999397166354e-06 6.601200642519702e-06 -0.0025368060267179334 5.113621143386024e-05 0.9999992389118402 0.0008198590011208931 -0.018714843863502376 0.00033986347575594216 -0.000822571975090222 1.0000002295058619 1.32151298713781
1.0000031076542337 2.249313970224126e-06 1.0180927755739679e-05 -0.0050635109415788 0.00048631874514169435 0.9999951481002785 0.0012643590494532389 -0.04130611453777641 0.00044763730550093105 -0.0012673869530096273 0.9999999232952606 2.62014447522052
1.0000077923954704 1.9983560892635616e-06 9.24727252630598e-06 -0.007719483253475474 0.001210261423624884 0.9999888460016222 0.0011485855066677344 -0.07240670289150654 0.0010815255096975748 -0.0011565021704556125 1.000000715877392 3.95242103304125
1.0000148720878568 1.9551182108643733e-06 9.366461731180869e-06 -0.010221252439107171 0.0019358736206465301 0.9999818445477995 0.0011632219920595704 -0.08920557459193065 0.0003964503761479071 -0.0011637788860973564 0.9999999769201602 5.26307376535092
1.0000167436117358 2.429832453854086e-06 1.1583888554001333e-05 -0.012790606369386257 0.002256707425654708 0.9999782261665501 0.0014386322151751039 -0.11116093320922796 0.0007907108793853428 -0.001442828800641624 1.0000000950897863 6.5881616725953425
1.0000258771698938 4.0856806460230766e-06 1.9491551884084826e-05 -0.015506760382313509 0.0033113872774481728 0.9999648887348738 0.0024201756078861486 -0.15016693117259555 0.0004356281815895446 -0.002419375129039263 0.9999978001018609 7.918514360717004
1.0000284519535712 4.76581762936211e-06 2.2699659356523747e-05 -0.018034243147198405 0.0036039860883664513 0.9999604720503262 0.00281832240255951 -0.1681664670045598 0.0003144829720954634 -0.0028157555015434874 0.9999965950180221 9.23805375259895
1.0000267180886826 3.934720494182253e-06 1.885520676953847e-05 -0.02059865641186925 0.00351800079679886 0.99996270834691 0.0023413034008758975 -0.18833827819661553 0.0008913023673263982 -0.0023454916220804847 0.9999984954349161 10.56835917577257
1.0000006401123107 -2.4034891679333703e-07 -1.0472749032586909e-06 -0.023177041708823728 0.0002381677878195796 0.9999980473401829 -0.0001298335748545039 -0.21229231692529035 0.000707605972135586 0.00012440573310605393 1.0000010176624976 11.88953574555612
0.999979819895864 -1.3339456913213227e-06 -6.584611400364381e-06 -0.02573102095758975 -0.0023027406436402836 1.0000155679890825 -0.0008175481604865677 -0.22834230658052793 0.0009072523966398279 0.000808212636190032 1.000000888110477 13.23244393949981
0.9999544435723109 -1.2615003246538997e-06 -6.75604026609245e-06 -0.02834014285242535 -0.005525903396009413 1.000028886245441 -0.000838917439978022 -0.2529226822325293 0.0005876800901568463 0.0008274833523602098 1.0000005339608933 14.567850339107364
0.9999522537448794 2.3242362087554091e-07 -1.3286844930586808e-07 -0.031056202918761017 -0.0058774413455493675 1.000030052169766 -1.6412875344347992e-05 -0.28721193696822034 0.000232780471396056 5.294940444595143e-06 1.0000003930944759 15.919185581240509
0.9999639979800884 5.330106828543846e-06 2.2924471300232035e-05 -0.033712298451982245 -0.004480929600608905 1.0000219489372453 0.002846083519124571 -0.31621906915754405 -4.376872246132646e-05 -0.0028541191405051583 0.9999958884923077 17.26086627033828
1.000000838248314 8.816615044123302e-06 3.981044048013841e-05 -0.03636250423391041 7.661005637309669e-05 0.9999870991874168 0.0049413134350821675 -0.3394476190240162 -0.00012260465541462178 -0.004940485143800145 0.9999876386365381 18.625054923716426
1.0000157307437907 6.052445841651238e-06 2.7878415296962028e-05 -0.039030322823057954 0.0019949702839586157 0.9999759060144391 0.0034609793718012125 -0.37145783722470094 0.00018444128568609677 -0.0034595070690597914 0.9999943821590217 19.959835822765946
1.0000208869302014 1.406846514086929e-06 7.197364415064984e-06 -0.041512934018164235 0.0026443920325288865 0.999974797619578 0.0008938446824676913 -0.3741434789989913 0.00022489614907685268 -0.0008915528068633748 0.9999999962817371 21.3228169346943
1.0000066866167412 -5.539084102952618e-07 -2.20419083212073e-06 -0.04438789911424789 0.0007952942764169052 0.9999932464055792 -0.00027381558254939805 -0.42935082279210574 -0.0001566247388340412 0.00027665602932245366 0.9999996626609873 22.66887399336506
0.999986669648634 2.213694936754884e-06 9.444621535923152e-06 -0.04680445804684146 -0.00185752837484138 1.000012527357826 0.0011723284266964618 -0.4224797035048252 -0.0009009334885256373 -0.0011701560840413486 0.9999972999196635 24.037891946229234
0.9999847755842545 1.0997540038373832e-05 4.9239085746216084e-05 -0.04952465052173316 -0.002298970431787108 0.999997114071382 0.006109769241880723 -0.44826407696314724 -0.0018205696313398315 -0.0061036965949035375 0.9999765166105773 25.429443864629643
0.9999988385880164 1.1973412633616703e-05 5.420611138025008e-05 -0.05215831706680559 -0.0005661822204289721 0.9999816817045349 0.0067257037814342216 -0.4680584170397536 -0.0018816908126815279 -0.006712990871152262 0.9999723972871456 26.799787557754552
1.0000325840299296 1.0620673344469839e-05 4.959893406593623e-05 -0.054917713541534977 0.0036352368311652443 0.9999450901470828 0.006154415730356278 -0.5038267560001237 -0.0018346425909320813 -0.006126978143106902 0.9999763234412393 28.168527975262187
1.0000322993606618 6.570225715193945e-06 3.1086950150307005e-05 -0.05741454512916908 0.0036339608692559713 0.9999566357979486 0.0038580764236591405 -0.5078264652742639 -0.0016826729070757572 -0.0038322085032844095 0.9999882589886725 29.533524684688462
1.0000348522814109 2.800464740227923e-06 1.4197654167226112e-05 -0.06023703368809151 0.003775671936902817 0.9999608921692344 0.0017612091869554827 -0.5487470420650651 -0.002464602135057575 -0.0017254000171650424 0.9999910496206191 30.914231031918668
1.000016980098115 1.4695992807053915e-06 7.289318435310622e-06 -0.06276819742913249 0.0014684434312886765 0.9999866766501044 0.0009031123259249511 -0.5518881149836559 -0.002855571801524709 -0.0008733322955148679 0.999990398476736 32.302071239865334
1.0000068657683419 -2.4704978519550502e-06 -1.0711864781986526e-05 -0.06563989740314498 8.777930232213398e-05 0.9999984199368946 -0.0013332113878109983 -0.5991489867867164 -0.003411048538612328 0.0013612027050846859 0.9999870774851487 33.68175770269968
1.0000071680366476 -1.8288452944738992e-06 -7.853265137142216e-06 -0.06806856949672276 7.157087953210337e-05 0.9999989567099586 -0.0009783918766359495 -0.5885721168194888 -0.0036507378011037287 0.001008226594957451 0.9999862217100891 35.07401035866497
1.0000042066535835 1.3251662567548284e-06 6.083943869115722e-06 -0.07101482207947611 -0.00017625275204212823 1.0000011090771541 0.0007531619280227125 -0.6411361860770122 -0.003115802716683023 -0.0007289779484811242 0.9999892652065345 36.47133678201211
0.9999938129877214 3.616842193238448e-06 1.5981125252300483e-05 -0.07363253862846662 -0.001423031160936358 1.000008452401324 0.0019821423281913965 -0.6530532826969275 -0.002919502257122352 -0.0019654411614138598 0.9999885641777425 37.86797581885165
0.9999778825299447 4.5768184802636586e-06 1.9826567221434884e-05 -0.0762703133819393 -0.0033281500427407547 1.0000181985312628 0.0024598043915604684 -0.6676648053570484 -0.0025926374305858275 -0.0024536465600804467 0.9999889835762189 39.263707852422904
0.9999569318700002 5.008501622326064e-06 2.1358362180520785e-05 -0.07908600829493735 -0.006040489368556326 1.0000268449384166 0.002649411808922878 -0.7038976197980689 -0.0030852526167206035 -0.00265416880687484 0.9999861864240985 40.661556981345626
0.9999321280292325 6.086187553988598e-06 2.6055949892815752e-05 -0.08191277162129801 -0.009118038635964837 1.0000265754443056 0.0032324282255359288 -0.7356361317366265 -0.0030725145109704475 -0.0032522312155283577 0.999984491107808 42.08557878693242
0.9999272967060849 6.094666099696125e-06 2.6100304016799187e-05 -0.08448992069580127 -0.00963583104840985 1.0000258700244298 0.003238316862637442 -0.7436766337471654 -0.002705881620819018 -0.0032600727941062323 0.9999861869376436 43.47703801598114
0.999933570511691 5.793566232393035e-06 2.473215888579663e-05 -0.0872671852376119 -0.00877362995795764 1.0000274010981944 0.0030688882624249586 -0.7688608899521334 -0.0023355022065049396 -0.003086485127737225 0.9999883376109356 44.90287472061117
0.9999367975505136 4.862429961425413e-06 2.0530140735417835e-05 -0.08998484740360772 -0.008179139965696847 1.000029123939454 0.002548085154268372 -0.7930627747164143 -0.0014715884738109475 -0.002563105819962161 0.9999930127676157 46.300082462878656
0.9999379866600142 6.22365257042963e-06 2.6688918041689732e-05 -0.0928241157372618 -0.007821525140361663 1.0000268526725933 0.003313035472246346 -0.8246614938836798 -0.0005353556982360915 -0.003327127888135695 0.9999934035660996 47.73165339760124
0.9999326628056854 7.808580457778838e-06 3.3873577799605056e-05 -0.09552867316566449 -0.008255729613918393 1.0000234924273796 0.00420496708915783 -0.8468006387216556 0.0004768235521787371 -0.004219902212380257 0.9999919047115395 49.130802178840945
0.9999230697930482 8.142179836747102e-06 3.541378329505445e-05 -0.0983335023094479 -0.009257927830044723 1.00002196023194 0.00439623299968738 -0.8751694314862868 0.0013204132324582032 -0.004411494259919532 0.9999918456516189 50.55770351285327
0.9999212140819147 8.593331960309383e-06 3.7479551514840075e-05 -0.10108238033496304 -0.009216994481416212 1.0000208455958668 0.004652491005190431 -0.8919624375596655 0.002530716289261648 -0.004666329045228057 0.9999905473146216 52.005240018481494
0.9999132411912995 1.083625910532418e-05 4.780271779221022e-05 -0.10386126279855738 -0.00998884232859795 1.0000128532752943 0.005932751304575846 -0.9220007459001274 0.0035042856782594865 -0.0059441836341220106 0.9999826064153006 53.41032586356943
0.9999213622230289 1.2196537639695693e-05 5.3986244268857536e-05 -0.10665872964111475 -0.008754777383451373 1.0000096309728734 0.0066991041664087704 -0.9424700299121769 0.004509953964064281 -0.006711924037599154 0.999975544972078 54.86837800379
0.9999411278851061 1.3898867556772984e-05 6.183466884463374e-05 -0.1092820598693452 -0.006227072721552663 1.00000120822564 0.007672015844067965 -0.9546658235776504 0.0048354740844487685 -0.007692296274132229 0.9999675648767389 56.266883229394644
0.9999520720727947 1.2871411363125224e-05 5.71807201597465e-05 -0.11209307261671889 -0.004743189527678611 1.0000016717605633 0.007094572951109602 -0.9829806587318572 0.005391657454052251 -0.007121187534854689 0.9999699468022839 57.69744988881125
0.9999631463820853 1.351044574514522e-05 6.029413579259008e-05 -0.1148446330244911 -0.0033709368585592998 0.999993370881508 0.007480600980467286 -0.9996088291294616 0.005377952197848877 -0.007512125619582771 0.9999671410843854 59.147207086683885
0.9999724031138439 1.4803768014021168e-05 6.647272177123993e-05 -0.11754662933927226 -0.002297776546407365 0.9999817345442604 0.008246826069171757 -1.021108124875479 0.00503706626876273 -0.00828030614246873 0.9999622460521476 60.54779087607241
0.9999833631001415 1.6475102091264432e-05 7.453451363341685e-05 -0.12033589042723664 -0.001089227403770725 0.9999652906127612 0.00924650301843753 -1.041413006637436 0.004356631933188881 -0.00927928271454122 0.9999554568597955 62.002031540373984
1.0000054501438964 1.5398591051899932e-05 7.031974858318275e-05 -0.12296055750060993 0.001581858236556771 0.9999478242229418 0.008724287203287117 -1.0528006818073155 0.004035904414563003 -0.008760965186918622 0.999960891653178 63.40488100853875
1.0000122096154147 1.3833697998231684e-05 6.335863555312262e-05 -0.12570571588836407 0.0023329063650836847 0.9999474739230957 0.007861574593637297 -1.0755343972475098 0.003641611907946092 -0.007895834249096375 0.9999688862498731 64.8238645155829
1.0000116056045263 1.393275856265662e-05 6.378957407302552e-05 -0.12853851554581802 0.0020991470905023565 0.9999494501340208 0.007915246811596286 -1.102132697815057 0.0029336717070711036 -0.00794188446809797 0.999969571567853 66.27415252007141
1.00000006936743 1.3888007992292686e-05 6.309279471994984e-05 -0.13115444560014672 0.000520629093973702 0.9999649092843027 0.007828996051926903 -1.1202660876876191 0.0022833569487700754 -0.007848159058702656 0.9999708324439734 67.64208021931783
0.9999738741820309 1.6880011873068868e-05 7.6166589014659e-05 -0.13402608871591037 -0.002871714485627789 0.9999742122762045 0.009449531962572482 -1.1463266219645822 0.0016628277631534052 -0.009463749406415924 0.9999569749259422 69.11627930421442
0.9999488626244731 1.8860856165852508e-05 8.500631405501061e-05 -0.13662377355009514 -0.0061633907723264115 0.9999748798634833 0.01054478762332911 -1.1633988407969058 0.0008356951404856718 -0.010557833890366238 0.9999455775311038 70.47883450792035
0.9999206829875482 2.0447077226736984e-05 9.241681920502142e-05 -0.1394017592398177 -0.009872657204421546 0.9999648916111569 0.01146252400758439 -1.1831236841836141 -9.911010828260957e-05 -0.011480882394915848 0.9999340753398308 71.92941717204677
0.999889476318345 1.9897819380821496e-05 9.031877013813776e-05 -0.14191772296034189 -0.013841933461285417 0.9999527360012848 0.011202403645507711 -1.1897289951491103 -0.0005169664382099319 -0.01123089260807791 0.9999360275526221 73.29339010424457
0.9998593234519868 1.8583209544122473e-05 8.515151325494278e-05 -0.14462460776285926 -0.017725925643374427 0.9999296807916974 0.010561840654215648 -1.21196508906917 -0.0011381268676087135 -0.010605631205399783 0.9999412100409052 74.693395517632
0.9998564674682306 1.853974177807617e-05 8.507047551234328e-05 -0.14721640174576506 -0.018258058022032467 0.9999245030954041 0.010551186283721372 -1.21020096343213 -0.0019294566915173696 -0.010604647450600314 0.9999385778370907 76.13668991010174
0.9998512761487992 1.9384135188205143e-05 8.927221056310736e-05 -0.14986236793712548 -0.018978933379246082 0.9999112517223677 0.011071423095532678 -1.230745549424616 -0.0022691050810823314 -0.01113139763793839 0.9999315340401979 77.51049981797749
0.999857576335362 1.999185724786516e-05 9.184782686640514e-05 -0.15264419700764711 -0.018229579266631574 0.9999155735816607 0.01139035108715375 -1.2585205973198035 -0.0024165838959584766 -0.011448702030795274 0.9999273441733616 78.92731073700398
0.999865805115602 1.8044485901879542e-05 8.236538327950692e-05 -0.1552041226626387 -0.017145192535648918 0.9999387310433254 0.010215848734033185 -1.2699542643081354 -0.002138089063705017 -0.010266906886478975 0.9999412966945564 80.29409901477533
0.9998656784624791 1.8412605948684227e-05 8.409513347391287e-05 -0.15789041252586855 -0.01710553455679156 0.9999368728391071 0.010430386329415117 -1.2937198673831103 -0.001891087070273238 -0.010479071555494232 0.9999400424800753 81.6758772892338
0.9998702603988588 1.930815573917069e-05 8.81283447254598e-05 -0.16050693884459535 -0.016437227616903218 0.9999373524336048 0.010930432300566457 -1.3030808280678645 -0.001448372644021802 -0.010972919924114952 0.9999362909200787 83.08325636818577
0.9998668910398781 1.794969784891555e-05 8.188022634655987e-05 -0.16304737412811338 -0.016809823859290217 0.9999423308225451 0.010156454955517476 -1.3159694468561267 -0.0012439166291837798 -0.0101983564899317 0.9999451238262641 84.4327617485189
0.9998668718094289 1.8594997827128465e-05 8.490490842124427e-05 -0.16567644295808087 -0.01661168917482899 0.9999401585766651 0.01053176068288169 -1.3270209371889579 -0.000349673220787 -0.010565433694871415 0.9999436451750039 85.83954830058636
0.9998672605607886 1.9895126467064927e-05 9.099970748049587e-05 -0.16825511632102316 -0.016297075557198296 0.9999345482870834 0.011287268576995356 -1.3416443629412176 0.0008380598663124383 -0.011310510324137593 0.9999373603626598 87.20249481127931
0.9998710064674342 2.247752311658295e-05 0.00010306451932172228 -0.1709609799196819 -0.015599900686795133 0.99992204568528 0.012781698260344957 -1.367176476603244 0.0018725353075419126 -0.012796488986838824 0.9999199351127629 88.58723585816442
0.9998891455573299 2.325046758712597e-05 0.00010618116076332768 -0.17346387227032065 -0.01310243109810863 0.9999327689355737 0.013167499824257934 -1.3721824216435359 0.0029640736000591866 -0.013176752026784028 0.9999143328923384 89.95110186681246
0.9998973191927204 2.4219389593255897e-05 0.00011060538558729186 -0.17615697817222098 -0.01189569106379386 0.999930768573089 0.013714999623644399 -1.397721025332866 0.0038187511222636597 -0.013722296032792559 0.9999056472352991 91.328748307375
0.9999022968147349 2.3080863504679194e-05 0.00010509551788546079 -0.178714771266659 -0.011181615431887122 0.99994239684567 0.013032557428082053 -1.404943277873555 0.00424642893727403 -0.013039883074194998 0.9999138170166273 92.71313654018057
0.9999100539690545 2.3903317337096303e-05 0.00010888819476754467 -0.18136810096114442 -0.01018113507722539 0.9999387913663819 0.013502076390858575 -1.440632633627543 0.004411941622462972 -0.01351146593511258 0.9999071449658028 94.0234856535471
0.9999154802891741 2.2488228256598713e-05 0.00010210549167767591 -0.18386659728426463 -0.009438560679156676 0.9999511006331737 0.012661997878343833 -1.43567941558004 0.004718206427581136 -0.012672845677714232 0.9999172678724287 95.4293304414609
0.9999230769382399 2.1860456200922807e-05 9.907628805999342e-05 -0.18632303966220676 -0.008524993901927123 0.9999566353167069 0.01228692554481949 -1.4412007783380425 0.004585016552335258 -0.012300481074054749 0.9999222915472348 96.76517227774092
0.9999140608405603 2.081351539969835e-05 9.420066384560198e-05 -0.18891827493968763 -0.009692328658954865 0.9999626467362414 0.011683175958436673 -1.4610386923711949 0.004372654519244776 -0.011693839962700818 0.9999301290241785 98.1140370551047
0.9998982767340766 2.087214346139718e-05 9.47147081774226e-05 -0.1914195346283965 -0.011730033765052753 0.999956477474718 0.01174704346678204 -1.4666637634218624 0.004027189008028774 -0.011753822429804302 0.9999302538821643 99.47423781014108
0.9998944756382904 2.3399966302951186e-05 0.00010676590001183631 -0.19396464327744378 -0.012220114191755008 0.9999358841629793 0.01323955142173071 -1.483889374584439 0.003946828726731796 -0.013245657169076011 0.999911801816538 100.80699040118478
0.9998995288984606 2.6172880643354768e-05 0.00011989646154678363 -0.1965064565895036 -0.011612150397034254 0.9999153635394393 0.01486516047231714 -1.4942081475640885 0.003859403676847834 -0.014872908091594667 0.9998891285495205 102.16871935615167
0.9999031950984899 2.483233809463109e-05 0.00011341872497767089 -0.19903944085937864 -0.011202467879884777 0.9999283491409945 0.014063370171508438 -1.509312356172452 0.003655934944451952 -0.014072558186655065 0.9999010986708808 103.50421755266312
0.9999026110233732 2.0895735612263752e-05 9.47463168074513e-05 -0.20153320676564992 -0.011298911306549305 0.9999579220853866 0.011751164003677959 -1.524761069384717 0.0035493214496083955 -0.011760446273836229 0.999931123673804 104.8164588944496
0.9999161830412082 1.865195738203103e-05 8.401501090458388e-05 -0.20402677728837698 -0.009570001359594116 0.9999768025155531 0.010421653705501813 -1.5303944420924098 0.0037428302987160865 -0.010433564179232675 0.9999454735592224 106.17236409570434
0.999920929900001 2.0721586588501317e-05 9.370923874830756e-05 -0.20656076056870615 -0.009051802241048805 0.9999641978128168 0.01162274158254332 -1.5495469209738684 0.003424790484527364 -0.011636009421446478 0.9999327870837442 107.49036208777983
0.9999497205181046 2.398501373255396e-05 0.0001092298583232551 -0.20895536650306099 -0.0056113561127842364 0.9999375002387206 0.013544998962523674 -1.5475051530428117 0.002822393298123028 -0.01356247014564987 0.9999093352567663 108.82568492647354
0.9999580533647208 2.5635514125873365e-05 0.00011721525298506123 -0.2115246454626523 -0.0047575031253213424 0.999921154603256 0.014533713514724125 -1.5661357475338729 0.0020151741367115616 -0.014549469929960566 0.9998959701021578 110.16555828720534
0.9999718769005933 2.418999005473002e-05 0.00011058365462820671 -0.2140356823903258 -0.00320016450256213 0.9999264197287728 0.013712717602323801 -1.5837468380633184 0.0013042513129268073 -0.01372540744737588 0.9999075058050175 111.47772168672819
0.9999607574723405 2.0673116526745416e-05 9.368858081501628e-05 -0.21654120568651583 -0.004722946251255499 0.9999591855600107 0.011620337640491894 -1.594009605750423 0.0006716520459083579 -0.011631517413712805 0.9999335076613872 112.81960170619934
0.9999369165212446 1.731215741862177e-05 7.768161750956412e-05 -0.21917430009755706 -0.0079233097047403 0.9999858312826041 0.00963674165691707 -1.6152602460479923 -0.0003965890588067346 -0.009651271273045698 0.9999527708523732 114.18313407751745
0.9999168942346847 1.6077245975841883e-05 7.198229227231242e-05 -0.22152208942818177 -0.010728921660824056 0.9999888317179328 0.008929461514022175 -1.6160008058954884 -0.0018193248646366331 -0.008953953027778586 0.9999551026773128 115.4801202761342
0.9999126590980587 2.0196440239140384e-05 9.130754281656372e-05 -0.22410973859660444 -0.011595248036565139 0.9999618676742313 0.011322524045091457 -1.6296718608478713 -0.0033371882079306584 -0.011355556185585917 0.9999240940332227 116.85228505715882
0.9999143181148242 2.396984870227728e-05 0.00010915532967574492 -0.22650977614421405 -0.011604513667025869 0.9999343462542206 0.01353166573978064 -1.6362901846576177 -0.00429733097499366 -0.013568136588968546 0.9998911515917637 118.1519959432243
0.9999172641466701 2.55069902921172e-05 0.00011646156939306438 -0.22910402258079837 -0.011440134328342908 0.9999222722597099 0.014434868995413542 -1.6525595136544105 -0.005195888586619796 -0.01447330463263689 0.9998725839702642 119.51622737366213
0.999916428092561 2.4637243990339314e-05 0.00011231507500149935 -0.23152893575663544 -0.011755911099188917 0.9999284609281923 0.013919951154521229 -1.661854677528515 -0.006141076738892024 -0.013964009650278567 0.9998727537899845 120.81777774177158
0.999903731393455 2.420776404005523e-05 0.00011043127107688037 -0.23401806913785825 -0.013651965379697102 0.9999229004741915 0.013683897244141038 -1.673651833370697 -0.007564757729577056 -0.013750945625238521 0.9998633751770999 122.14373775532574
0.9998922739981498 2.314379423634834e-05 0.00010559851661490487 -0.23650828197646964 -0.015314229350426829 0.9999202589297532 0.013083084889266395 -1.675094702375008 -0.008632207800015458 -0.01317346163549595 0.99986056862008 123.51647114220158
0.9998873337576971 2.200613638632734e-05 0.00010032533045331539 -0.23904538951264734 -0.016195601309960582 0.9999218465549548 0.012427083162374272 -1.694051417444619 -0.009826656343581068 -0.012536306376738608 0.9998555685688584 124.83707247752812
0.9998897803494514 2.13017888585805e-05 9.693167300087527e-05 -0.2414128416972469 -0.01614228664461783 0.9999274578889488 0.012003714402689911 -1.6918416494468882 -0.010943905602197393 -0.012121189741247986 0.9998470590052156 126.15810581510117
0.9998893879772437 2.0381463422626533e-05 9.259856807683703e-05 -0.2439917621462705 -0.016373905554634915 0.9999318917950055 0.011464582707799624 -1.7092950441860069 -0.011759513711979405 -0.011591707708450222 0.9998425972773789 127.50856876299264
0.9998921547726011 2.183245466609411e-05 9.938403234333103e-05 -0.24643238012866625 -0.016260216653441385 0.9999228696829202 0.01230176587505449 -1.7159772817141044 -0.01278486070892871 -0.012435552599925211 0.9998180331764575 128.83046950221726
0.999893915062382 2.3411257412299033e-05 0.00010683202013646309 -0.24901404913700734 -0.016231887987609654 0.9999113533597905 0.01322120380615199 -1.728184359626212 -0.013633438149096492 -0.013361307098178324 0.9997933599167608 130.20585094804161
0.9999071108576009 2.455952527000496e-05 0.00011205520162501682 -0.2514886394856031 -0.014670097798907496 0.9999141572908716 0.013866761998245738 -1.7364469801639135 -0.013976843985315138 -0.013984754159182251 0.9997794807864614 131.53951897718989
0.9999207087944603 2.5252990400003242e-05 0.00011522102462871182 -0.25408246331768786 -0.012987917430588691 0.9999183596694333 0.01425866442499965 -1.755316440404789 -0.014006083224911918 -0.014350078928058944 0.9997738472226811 132.89192092099603
0.9999369437159298 2.6712219914964627e-05 0.00012217930463580121 -0.25640042669926144 -0.01093630354555289 0.9999137073222826 0.015120632467392696 -1.7465686411283343 -0.013848268005579093 -0.015178999250151592 0.9997641012142341 134.2147023318532
0.9999464194851143 2.7142576803794796e-05 0.00012430105089155795 -0.2590096200368428 -0.009640860131782987 0.9999125669292351 0.01538512516485217 -1.7719332637687855 -0.013319180461337237 -0.015422431763676987 0.9997685233386923 135.54665090488652
0.9999458065673553 2.6210944327214117e-05 0.00011982519367633002 -0.26150336928172707 -0.009448804705234784 0.9999211747695657 0.014835043281950051 -1.7782794536669435 -0.012123242820084144 -0.014868073594351631 0.9997942898916964 136.8994762399501
0.999961017612197 2.8989760184868277e-05 0.00013339255022170476 -0.2639791151762758 -0.007336216746598071 0.9998954973337651 0.01651716976174994 -1.789684957040469 -0.011126451159420936 -0.01652159008370934 0.9997817467926475 138.2197683863798
0.9999646363934014 2.8783875501653053e-05 0.00013246476618788104 -0.26640822272316433 -0.006655458429346104 0.9998966226156422 0.016405259733198427 -1.7914109494541115 -0.01009477970609088 -0.016402545605863586 0.9997965172606824 139.55739689657784
0.9999778388238487 2.9470345918982885e-05 0.00013609477204154334 -0.2689403680504383 -0.004722753802113773 0.9998845223130344 0.01685775263185901 -1.8003462142256914 -0.00878774631112738 -0.01683669919029378 0.9998040094764624 140.91994121325456
0.9999774230332266 2.855053140907518e-05 0.00013163697539927185 -0.2713473615077893 -0.004502975310187602 0.9998928781950691 0.016308876366203463 -1.7995770344585904 -0.007577352061848708 -0.016290009851252084 0.99982514996415 142.25644952093495
0.9999742874667464 2.8045733447529253e-05 0.00012911979040264722 -0.2737867080206885 -0.004667062260729424 0.9998984522985676 0.015999367604988164 -1.8026987638740626 -0.006572519544780668 -0.015985576854664816 0.999838984101013 143.59352436401772
0.999989922518002 2.437150764748007e-05 0.0001119707504465934 -0.27636069092193616 -0.0025470286964781675 0.9999207520464132 0.01387817407269758 -1.8160827984742356 -0.0057773535301714985 -0.013851213662271579 0.9998771456316519 144.95940026653645
1.0000285130388018 2.2601508145491528e-05 0.00010530571153460509 -0.2787959716967325 0.0024915885845128004 0.9998914191141479 0.013054724344631168 -1.8255201814387139 -0.00468014818833739 -0.013001737218514638 0.9998962589660002 146.2660583434983
1.0000852642356894 2.6595291812783056e-05 0.00012860870860721468 -0.2814278905903666 0.009768213548456616 0.999746305472641 0.015940861978092552 -1.8427483734083916 -0.00366044489084464 -0.01586077841064318 0.9998611301011839 147.64687800902442
1.0001448646115507 2.8397106803038086e-05 0.00014386918443260789 -0.28377978822754324 0.017486696246658148 0.9995469579900103 0.017830473151850004 -1.8415446798819841 -0.0022482279564045365 -0.017747688726465795 0.9998361674681597 148.95481004172214
1.0001580179502678 2.276053423772191e-05 0.00011840235592553089 -0.28626720431984526 0.019320012805208855 0.9995497193546974 0.014679814309396319 -1.8580216481751275 -0.0013572325755842366 -0.01461364102365127 0.9998900553201435 150.25894906988
1.0001470998299415 1.8175031264588623e-05 9.519388544614667e-05 -0.288932247821953 0.017968067063778063 0.9996239450033402 0.011806025710916311 -1.8754171170519194 -0.0013394703917866686 -0.011743013792103595 0.9999279032389873 151.65736833423233
1.0001233898354964 1.4626362050875613e-05 7.574517905380791e-05 -0.2913426871239076 0.014791427592681554 0.9997271827292351 0.009395548102664512 -1.8804899478358752 -0.002374441471180543 -0.009317240756824947 0.9999496225699414 152.96973229387734
1.0001316106559057 1.4707897271889689e-05 7.705548977386591e-05 -0.29385655072985 0.01562129765778345 0.9997063410751185 0.009557106078602516 -1.8853365380548197 -0.0032265697647774648 -0.009455342389029857 0.9999444031418645 154.34038522363974
1.0001611829799604 1.8643214811571787e-05 9.923778000687144e-05 -0.296224746414984 0.019183093474025782 0.9995855548031032 0.012304771360700077 -1.882311769454736 -0.003720737511863451 -0.012173513682620622 0.9999124360273548 155.66546487969038
1.0002271211973326 2.1707958210709713e-05 0.0001240513561121411 -0.29869369744240104 0.027265280970043715 0.9992900330609987 0.015376529279675439 -1.8890893137464022 -0.004196679109464838 -0.015188773003766774 0.9998684792993606 157.0026324353868
1.0002661428165645 2.2398797274664553e-05 0.00013470630404188808 -0.3010316275035023 0.032099827678574465 0.9990862630521825 0.01669512306549352 -1.8792549004755106 -0.004248295662341196 -0.016480108066148674 0.9998477363517114 158.34131791651484
1.0002648760954855 2.298102503492036e-05 0.00013726907028741887 -0.3036918039578251 0.03196069735616722 0.9990864895612597 0.01701230546546819 -1.9092594752795866 -0.004167200321326573 -0.01680155626176144 0.9998428787360176 159.68081061192507
1.0002541793095472 2.3600854187654993e-05 0.0001381688235535946 -0.30616160122854486 0.030411860260399895 0.9991454393348413 0.017122318132792188 -1.907681288785871 -0.0051500691536792206 -0.016881949697127818 0.9998351713080783 161.05570970423668
1.000243228675223 2.4025872006958396e-05 0.00013814667264734257 -0.3084927796364813 0.028764598117367826 0.9992075790091453 0.017117542133337087 -1.8968790939304465 -0.006431279873764634 -0.01684022418211497 0.9998261404219129 162.3949717581248
1.0002269868718876 2.2250173884352797e-05 0.0001266332870830814 -0.31098231052596476 0.026554533013781453 0.9993100042600794 0.015691216345016627 -1.9035067844133862 -0.007291905902363053 -0.015400008521502685 0.9998418794940592 163.74420545088927
1.0002188872062228 2.1585884620952192e-05 0.00012204091171965302 -0.31333722794301966 0.025403802026191705 0.9993579852333055 0.01512149146570624 -1.8940933910746134 -0.00793777494234193 -0.014818127751243235 0.999844578857732 165.09042156819288
1.000208479616865 2.3843309835163556e-05 0.00013115091220363708 -0.3158002027983554 0.024062303664131778 0.99938429082562 0.01624848060319331 -1.897217270859046 -0.008156172182184174 -0.015951058388461357 0.9998250106092887 166.4405730333065
1.0001979355786272 2.437156669035309e-05 0.0001319905356604032 -0.3182548828642031 0.022782679578593666 0.9994228923365186 0.016352617358196056 -1.9037642713402285 -0.008023067347465563 -0.016071480082634995 0.9998244012309357 167.77086494900158
1.0001863068045689 2.13446741201221e-05 0.00011565744509932667 -0.3208003148241643 0.0214559173021886 0.9994939945410257 0.014332056620959916 -1.9067475353468613 -0.007499412896518321 -0.014077995593765744 0.9998594388070634 169.16731115904884
1.000148770117749 1.747343494784906e-05 9.209739506970934e-05 -0.32346437061587546 0.016925977382145255 0.9996550710315268 0.011415414705170233 -1.923381557770259 -0.00691179311725179 -0.011215636643222865 0.999900897107158 170.56857910825985
1.0000901491401422 1.595927347435716e-05 7.860343494970885e-05 -0.3260407223248687 0.009720030775243827 0.9998268585110377 0.009743967766795827 -1.9438300138396127 -0.006580751565330432 -0.009610944421607566 0.999920416692958 171.9042627505554
1.0000700964864013 1.836874181431608e-05 8.816702416536296e-05 -0.3285362140473873 0.007158843614389456 0.9998568428815786 0.010928325331436865 -1.9499534559406948 -0.00689664266241019 -0.01081167619835341 0.9999054727294672 173.2590464878429
1.0000111069040443 2.388779160006696e-05 0.00011052291449237814 -0.33135614078614245 -0.00031943805874868995 0.9999085269841139 0.013695601995976222 -1.982688412384468 -0.007575948495510657 -0.013637832968565246 0.9998648178195539 174.67483824841838
1.0000180081667767 2.725432322290243e-05 0.000126982358928427 -0.33375741629345984 0.0005335767140986717 0.9998715523857272 0.015733011055189042 -1.9830256176959224 -0.007594043935894925 -0.01566722757460895 0.9998349370496702 176.0032457658926
1.0000449972119467 2.9233199503401683e-05 0.00013814675845558178 -0.33630415623196075 0.004059877542175688 0.9998123109177544 0.017116115669378904 -1.9750642147696427 -0.006815792392450919 -0.017027389946377855 0.9998197315010425 177.44922474600256
1.0000564617276908 2.957383081889607e-05 0.00014061654266410016 -0.33887499903216345 0.0058107511853298655 0.9997842396409158 0.017424213113507076 -1.9811953312531732 -0.005357125994024379 -0.017341229073486047 0.9998258557481949 178.8457063507671
1.0000598511775343 2.3498864556683458e-05 0.00011164888232896597 -0.34139623751503345 0.006711267957309084 0.9998274149295422 0.013842025986826505 -1.9944422270565112 -0.003218417382006028 -0.013784155241668395 0.9998942031320395 180.18298210720684
1.0000417191755888 1.5672474938442302e-05 7.351232272294404e-05 -0.34400366944567756 0.004853383102994414 0.999907419644549 0.009119472860937181 -2.0010693745288086 -0.0014616166964257812 -0.00909283828760202 0.9999550841192174 181.59751598805218
1.0000034110619767 1.472866583169738e-05 6.712300524866727e-05 -0.34658414372389523 0.00020411262598219598 0.9999635354021521 0.008327813357949115 -2.008215307883201 -0.0009789148883019127 -0.00831987200804227 0.9999632634883154 182.99480621237453
0.9999543746769951 1.617751251861005e-05 7.252960323410416e-05 -0.34910979864317576 -0.00580314645427377 0.9999892714202062 0.00899814344846295 -2.0241577890288065 -0.0006105444496258747 -0.0090075233080474 0.9999582735063197 184.32250683119958
0.9999536237973145 2.2502238099804395e-05 0.00010223112128202863 -0.3517561922622056 -0.005976330460111527 0.9999497104448846 0.012677649672236602 -2.028372975293369 -0.0009670046592003994 -0.012686804448199977 0.9999174898202466 185.76937535138498
0.9999391086484318 2.6216847209428393e-05 0.00011981156049144931 -0.35441929521278376 -0.007867658453668184 0.9999218526859589 0.014853979538543387 -2.0478842195464044 -0.0013624867033151663 -0.014868319612542959 0.9998862877460123 187.15728444892184
0.9999646532751776 2.8120106597508132e-05 0.00012926238235635317 -0.3569685300984157 -0.004731432766290283 0.9998982804561681 0.016023553651597706 -2.0399938972198357 -0.001523827448153716 -0.01602753367650017 0.9998678706856993 188.60432823101263
0.9999703715396353 2.9296256702258244e-05 0.00013506361885210253 -0.35958263339551694 -0.00399197044801624 0.9998837775315599 0.016741479711589076 -2.0492878058095823 -0.0013931302399502884 -0.016743603820308296 0.9998565728748111 190.01066437752658
0.9999975794922957 3.0199221939608903e-05 0.00014028838667866708 -0.36203237311941794 -0.0006386988888157389 0.9998534971474108 0.01738783528153069 -2.048765847583065 -0.0015077512823618792 -0.01737873500166757 0.9998453711263245 191.36974458092826
1.0000034351829152 3.0039251896124552e-05 0.00013975331590351456 -0.3647164159703504 -4.6124657416424936e-06 0.9998497499407615 0.017321335878693608 -2.0567651476175124 -0.001923095346879243 -0.01730684881518659 0.9998451543729906 192.82058910651813
1.0000281164540883 3.11759418712837e-05 0.00014652509547037184 -0.3671469808530099 0.00297292643650815 0.9998064792956751 0.018158718019046942 -2.0536253541279783 -0.0023139519932367887 -0.018129355830881145 0.9998290566745862 194.18072399006203
1.000070856868627 3.335651595071272e-05 0.0001602367330584846 -0.36974054319227573 0.00819015074509461 0.9997030725752621 0.019854090862060206 -2.0499660195550984 -0.0027185963684219503 -0.019798183034967123 0.999795678542057 195.63344955297393
1.0001017347340344 3.413113405382161e-05 0.00016695480887568797 -0.37238974251668927 0.011945430163293603 0.9996181534823213 0.02068438240670168 -2.063113913628228 -0.0030729679526156507 -0.020605895466566576 0.9997777029643362 197.04203605300475
1.0000799424890303 2.8614795542308835e-05 0.00013788618955226325 -0.37509456798988244 0.00920509813777502 0.9997371956493052 0.017089281932729586 -2.0793897096643037 -0.0032243186056846555 -0.017019876777241535 0.9998443771991653 198.46748122472272
1.000028643859665 2.0632982715559564e-05 9.599114123447433e-05 -0.37767610525800827 0.0027973047275130832 0.9999025422915175 0.011902806427492616 -2.079090273979614 -0.0033892428645149507 -0.01186189377028362 0.999917953901711 199.89856321756
0.9999509844508893 2.0005917896659745e-05 9.040872238053835e-05 -0.38030066458623224 -0.00715455479344005 0.99996902115022 0.011209379021743855 -2.077166562574153 -0.004759599754045129 -0.011218136840534017 0.9999173159068145 201.36071589892452
0.9999072306269016 2.619347132452876e-05 0.00011986478897087378 -0.38283070477376036 -0.0128678304650492 0.9999102584074041 0.014854744072893835 -2.0751358187530733 -0.006005862678341719 -0.01490707856603098 0.9998602174159956 202.7709978543897
0.9998902687786825 3.089028105124174e-05 0.0001428701267364061 -0.3855583098328373 -0.015199075539147523 0.9998499578053318 0.017699413669168326 -2.086808672545851 -0.007008111361490157 -0.01777725187642529 0.9998050137303046 204.22958624942152
0.9998936228274277 3.115938090921845e-05 0.00014409817473311757 -0.3882234634910706 -0.014656903886291957 0.9998509641621725 0.017852419838116588 -2.0882781066181426 -0.006447856829124048 -0.01792180098961479 0.9998072170377275 205.699089581041
0.9999246795691058 3.178669637389671e-05 0.00014672693567581614 -0.3908157650625467 -0.010507051358403914 0.9998638618635879 0.018179940140146622 -2.0870021610078395 -0.005141675172031462 -0.018211712446963662 0.9998119116874271 207.14048802739106
0.9999352995530243 3.12850447665592e-05 0.00014427190048088264 -0.3934142952557854 -0.008934464162961918 0.9998719375628212 0.017877936691307262 -2.090422749808892 -0.004010355743085658 -0.017897866004016213 0.9998247954338441 208.56439164217608
0.9999352555771072 3.0426949153688e-05 0.0001401020355143196 -0.3960883066936469 -0.008840335351763758 0.9998811045098002 0.017362675745050706 -2.086192175416072 -0.003566227532425868 -0.01738174178272025 0.9998363786066583 210.0642202376957
0.9999236629958136 3.061767685683288e-05 0.00014104495682394419 -0.3987767107780967 -0.010242071203531102 0.9998769789016864 0.01747949365094615 -2.093353376326608 -0.0033969668423630937 -0.01750577191460027 0.9998351115383426 211.5212177194122
0.9999116054600299 3.193010857931687e-05 0.00014753451026651432 -0.40133926919618657 -0.011695317052763195 0.9998583673650658 0.018282410644368877 -2.092147425867455 -0.0031999096775414924 -0.018315642227468232 0.9998216213643818 212.9458312081059
0.9999146950036691 3.1733997126881866e-05 0.00014654369129029894 -0.40403053858315613 -0.01122138143331696 0.9998622093854643 0.018160308150628843 -2.1011646677271356 -0.0027974653383459978 -0.01818989506038115 0.9998258489341361 214.3961384754167
0.9999099519084212 3.086534372513661e-05 0.00014237253144007032 -0.4067226122427208 -0.011747836989757341 0.9998696428517636 0.01764463497732306 -2.108400689789015 -0.002518329963329918 -0.01767565411798167 0.9998363109093266 215.85483462843254
0.9999212199466857 3.009881907117644e-05 0.00013854131447622918 -0.4093554070746341 -0.010305831324448405 0.99988218925395 0.01717089109084471 -2.1015615046141987 -0.0023282617193322716 -0.0171951742594968 0.9998454865327249 217.34346925813304
0.9999070547869525 3.0471555526018212e-05 0.00014050063652258507 -0.41206293851595077 -0.011928758772875138 0.999873008422237 0.017413782487245826 -2.112008584371082 -0.0017206326211885628 -0.017442551332757714 0.9998435326970634 218.79640658278842
0.9998918674518021 2.9741075731231845e-05 0.00013725404552882361 -0.41482665513040573 -0.013776097454509055 0.9998710567013138 0.01701224930752269 -2.1227326373084345 -0.0015476612955128632 -0.017046689597521765 0.9998509495391651 220.27922606580623
0.9999145227838124 2.969633533007887e-05 0.0001366474879411592 -0.4174568414097765 -0.010954195325495259 0.9998845054843792 0.016937271207406672 -2.1125436139168103 -0.0015105522314709274 -0.01696193516725036 0.9998525134777078 221.78135478109024
