1.0 -3.469446951953614e-18 0.0 -1.5585406229479126e-19 0.0 0.9999999999999999 -3.5575383784680614e-19 0.0 2.168404344971009e-19 -2.388632911257127e-19 1.0 0.0
1.0000003208838404 1.1502688378444564e-06 5.1495299003671575e-06 -0.002540063151964366 0.0001358538421238082 0.9999986829831328 0.0006396321037680174 -0.018431410914704155 0.0004281311236514274 -0.000642932876564631 1.0000004839958605 1.3245808836681219
1.0000080349113272 2.7906680474150403e-06 1.2813681833289021e-05 -0.005036071892452332 0.0010506987616243444 0.9999896984919829 0.0015911501178997173 -0.03935306716081632 0.0002356328755623938 -0.001591510825904423 0.9999991543469692 2.6136574853238677
1.0000154414281694 2.6932889428676887e-06 1.2705991746300976e-05 -0.0077173021383804144 0.0021578075431300057 0.9999790286068299 0.001577994053249913 -0.07360700953779284 0.0010708565370774843 -0.0015851617940191957 1.000000126706599 3.9458602185356337
1.0000280359231293 1.9424823286331994e-06 9.966199792609248e-06 -0.010224638411779407 0.003536668683828067 0.9999644833987921 0.001237634627570897 -0.0901069984943513 0.0002446895469419338 -0.0012342037200150434 0.9999996681548413 5.260929085558625
1.000026240935639 2.45674940293171e-06 1.2179123076488637e-05 -0.012755938316722282 0.0033969733369634894 0.999965710652476 0.0015124883581761714 -0.10913560848070525 0.0006158377513086561 -0.0015135500065782943 0.9999997988335813 6.577993329829921
1.0000392287836275 4.366207052606402e-06 2.1510438796893327e-05 -0.015439830550555738 0.004946499402244016 0.9999443285211688 0.002670729722918006 -0.14296952312962485 0.0003329078892543981 -0.002666430018151504 0.9999970294664665 7.913543503658521
1.0000402814013005 4.863270514850887e-06 2.38202658592538e-05 -0.017881053530632036 0.005080274832404577 0.9999417695207636 0.0029574134600956533 -0.1508926102926422 0.0003465101400958301 -0.002953133351573715 0.9999962479932247 9.230245672405289
1.0000359130284744 3.90518711512744e-06 1.9233697000574238e-05 -0.020459928420383276 0.0046598326780692215 0.9999487326264098 0.002388284006421831 -0.17212703164412652 0.0008908837870417849 -0.0023914605134638025 0.9999983868437292 10.56382168452184
1.0000144741706904 -5.597889384673094e-08 3.5429994926978493e-07 -0.023029578594994906 0.001982302507708155 0.9999820716128967 4.4258087805110116e-05 -0.19332517798722637 0.0008238832413861859 -4.89495717221407e-05 1.0000011476195487 11.892450493601388
0.9999900465965483 -1.0578071238456777e-06 -5.057908301099199e-06 -0.025620936164589728 -0.001082396396773714 1.000007941659416 -0.0006279654743699455 -0.21706888746760306 0.000685538507222055 0.0006212672797828775 1.0000008007200145 13.221749542030976
0.9999656587053105 -1.182169603547098e-06 -6.229387125907242e-06 -0.02816311354989147 -0.004123407002457117 1.00002441211245 -0.0007734888466534734 -0.22981858239651043 0.0006308552941953404 0.0007635945424657827 1.000000637362201 14.572839298806178
0.9999648412384822 1.9634930288267571e-07 -1.0801993267656879e-07 -0.030817699614844193 -0.004368266023491626 1.000025632035878 -1.3418484147166853e-05 -0.2575123035982323 -8.36540884317804e-06 5.5623348981280556e-06 0.9999999847651496 15.919541222064378
0.9999705263549348 4.468261389353398e-06 1.9162676696069924e-05 -0.03351379685013448 -0.0036936876764761626 1.000020054755977 0.002379132896700241 -0.2920795627543487 -0.00014866342683736932 -0.0023852458639185246 0.9999969105054022 17.258580565783213
1.000010615114353 8.513140103591846e-06 3.8834096786607986e-05 -0.03603541415052545 0.001196126665937207 0.9999779659938035 0.00481999696480217 -0.3008881227610111 -0.0005448307974850986 -0.00481313998538446 0.9999873545991522 18.615859135931803
1.0000300657132373 5.5666686738873455e-06 2.6410880456223702e-05 -0.038728134585897134 0.0037440521681493463 0.9999574188369266 0.003278812751214772 -0.3342839491884941 4.5358450953277224e-05 -0.0032729111133135867 0.9999947724417034 19.958252359370903
1.0000387015305858 8.599812773742166e-07 5.718805733558041e-06 -0.041087976947359585 0.004744780460073454 0.9999502736518647 0.0007100503104704373 -0.3241788159950221 -0.0002746578353421648 -0.0006980455275684096 0.9999992329072377 21.310280938335882
1.0000203925652882 -1.2619516872956066e-06 -4.736828295786319e-06 -0.04402425955439632 0.002442720747929023 0.9999771824352939 -0.0005884920259227139 -0.38290727246220846 -0.0004006716526577046 0.000597157248012219 0.9999990093478279 22.67459520080389
1.0000054690125737 1.049999717251185e-06 4.904043480500253e-06 -0.04631313535651426 0.0004157521626241157 0.999996371968668 0.0006083679362582136 -0.3604371631740764 -0.0011748621514255499 -0.0005977063918586776 0.999997018722559 24.042462304128268
0.9999984583573367 9.035278745470401e-06 4.0717602582408894e-05 -0.049114577149318855 -0.0006735875279432289 0.9999923585898479 0.005052528089556618 -0.39487205088839195 -0.002150085697996805 -0.00503813423068944 0.9999811882632639 25.440435507583484
1.0000147432479172 1.0971235210110314e-05 5.027642995332829e-05 -0.05164655775161282 0.001308137628078099 0.9999690623069423 0.006238000596861064 -0.40484221172562784 -0.0023316179055881308 -0.006214226491224413 0.9999738537280864 26.79827341581705
1.0000415878142241 9.191407308211871e-06 4.358656022661984e-05 -0.05456200428540395 0.004673887766847117 0.9999367350430796 0.0054084014863551005 -0.4567587680226812 -0.0021893337972488467 -0.005372660124220425 0.9999792957247529 28.181425980618364
1.0000437146532095 4.9503213671101e-06 2.442615240614253e-05 -0.05695590638382073 0.004860424827176316 0.9999444120406445 0.003030760745409782 -0.4519172833439975 -0.002535379808397081 -0.002989560724498825 0.9999877829893427 29.528844506305468
1.000050672041534 1.1460840623252894e-06 7.750175568068274e-06 -0.059802083634824796 0.005629154220162703 0.9999383518151261 0.0009602285022655475 -0.4937833506823741 -0.0029604350368315057 -0.000909665478364347 0.9999898723372355 30.91845402010174
1.0000321826560352 -4.678266533365838e-07 -5.855602132468808e-07 -0.06242559932075066 0.0032149992409181566 0.9999689417981311 -7.549747399525899e-05 -0.5085224517373049 -0.0034864209911307396 0.0001205931271770688 0.999987618672576 32.30571993463894
1.0000227208899801 -4.743819173654018e-06 -2.0038029487308212e-05 -0.06511532128393059 0.001911037073896846 0.9999797148820525 -0.0024927596692120683 -0.5314321776532138 -0.004061253828825832 0.0025368321984092154 0.9999811657686835 33.69321586035304
1.0000208672101607 -4.692538733306814e-06 -1.9903252957737807e-05 -0.06771309501616313 0.0015885852168427833 0.9999829156094134 -0.0024765737656219783 -0.5407698123410783 -0.00447261279852193 0.0025227051027587872 0.9999787037184125 35.090313117278114
1.0000147140470093 -1.7886343068075627e-06 -7.345795503356295e-06 -0.07061213357212345 0.0009913305308557555 0.9999911205163775 -0.000915451655620906 -0.5869937060209429 -0.0037282646964077303 0.0009510103764101042 0.9999858525777372 36.48976511667782
1.0000044915848336 6.098210746409427e-07 2.8969439435145607e-06 -0.0733250355734309 -0.00026825590241025266 1.0000020552146334 0.00035674933015835444 -0.6117217581007022 -0.0036839010073198624 -0.00032857513249577266 0.999986513933808 37.88199003828534
0.9999895613658488 1.0943294457676361e-06 4.522708822805432e-06 -0.07597438709409293 -0.0020177209991201353 1.000014046595001 0.0005591843019153292 -0.62821257054049 -0.0032168568837629514 -0.000543436760975796 0.9999888781254884 39.27575289520691
0.999965788505601 1.1599123354837787e-06 4.211843265252389e-06 -0.07880461461201338 -0.005116921814529965 1.0000279666659255 0.00051979514847591 -0.6662765355566858 -0.0038716685645084807 -0.0005176815360385226 0.9999853882936296 40.67348457448103
0.9999424762402312 2.547304927278185e-06 1.0137001684985391e-05 -0.08164712250281828 -0.008025072114410147 1.000031608927756 0.0012554221665511125 -0.7018565008811253 -0.003929573328015701 -0.0012698257483896706 0.9999843965687173 42.08909509663222
0.999936972088499 2.6941312098720943e-06 1.0771841374622665e-05 -0.0842329074681623 -0.008640237528012679 1.0000313322994085 0.0013346211778394925 -0.710553697563505 -0.003624544613442699 -0.0013523769764754972 0.9999859923955039 43.48240862018502
0.9999434260958183 2.221078206366897e-06 8.679961507464511e-06 -0.08706351873775565 -0.007767019513749997 1.0000317813451918 0.001075278424264332 -0.7424462415073596 -0.003304836682364522 -0.001088380947060851 0.9999879956766795 44.90787463833038
0.9999445265121267 1.7379598622781212e-06 6.5232132720931604e-06 -0.08979474993274644 -0.007470033882834253 1.000031908097491 0.0008082489207745373 -0.7691455778504457 -0.002589861824264461 -0.0008202476621816809 0.9999916458555572 46.301459861261684
0.9999465389687979 1.7521144907856057e-06 6.601823253282995e-06 -0.09267150597888836 -0.006988149942690383 1.000031502908911 0.000818909354079811 -0.8050968757473358 -0.0015554426393207495 -0.0008298939576073614 0.9999956496769558 47.73438224437257
0.9999404857125054 3.6385897469719958e-06 1.5029057916222987e-05 -0.09540274753133991 -0.00749865250329913 1.000030494826357 0.0018658590494556098 -0.828208351758978 -0.00047955044709917954 -0.001879186276484764 0.9999972808392383 49.143973471043445
0.9999365106965021 4.0444256334693646e-06 1.6841253936110715e-05 -0.09817000716625549 -0.007861106274295626 1.0000301806794216 0.0020910780117115945 -0.8536332182269677 0.00010557077613161572 -0.002105353500088545 0.9999979993743632 50.56319608921725
0.9999306456757718 4.655800727304885e-06 1.9591511017873642e-05 -0.10096771740891708 -0.008395695671274453 1.0000293618935785 0.002432706375747735 -0.8793683811212973 0.0009697948384180727 -0.0024476060721223686 0.9999983208709132 51.99789954635248
0.9999197699830994 6.020794432685245e-06 2.5801233612459014e-05 -0.10380259002575853 -0.009326526823367196 1.0000264252979376 0.0032033679026071296 -0.9111344062726701 0.002842043572920031 -0.003216683778416999 0.9999959658280633 53.426289867076285
0.9999451017035449 7.877276326603844e-06 3.42351006633703e-05 -0.10644293029047623 -0.006105885671042133 1.0000214300903711 0.004249807663090728 -0.9158857318816094 0.0031750734390355254 -0.004267145523457845 0.9999916496556311 54.86741488162017
0.9999612830448936 9.298426129414339e-06 4.090921124052984e-05 -0.10911633375256231 -0.00402972986411966 1.000011361701782 0.0050776978581293436 -0.9357037286534611 0.003472009322145928 -0.005099129099307099 0.9999873146275325 56.25966078641488
0.9999748093501297 8.263073040720714e-06 3.646242360168619e-05 -0.11185138367511606 -0.002299432874318462 1.0000055628254236 0.004525949243972945 -0.956829035234273 0.0036970210218624337 -0.004551574359898955 0.99998954853809 57.68021865879501
0.9999804898062357 8.504194027168788e-06 3.77083436828283e-05 -0.11474102894938118 -0.001497803431256375 0.9999999172686225 0.004680314056941633 -0.9867466698646679 0.004125895664768903 -0.00471029237207698 0.999987912603418 59.147187017148376
0.9999895760361773 8.830179206137379e-06 3.94686404857987e-05 -0.11736612144710624 -0.0004161299326172563 0.9999911930061569 0.0048987936350533695 -0.9996688830098883 0.003917404712038614 -0.0049297408387176675 0.9999873200931556 60.54342874090041
1.0000012827218983 1.0632969128598554e-05 4.814027009713141e-05 -0.12026016704028973 0.000865539661154097 0.9999747190162909 0.005974716400714508 -1.0302703470224366 0.0031495066413682396 -0.006001656354172685 0.9999828037457361 62.009784575438964
1.0000193703125926 1.0742847189540092e-05 4.945199853776403e-05 -0.12299455424774043 0.0029427309307474593 0.999953048257765 0.006137570137096126 -1.058665058336702 0.002395311921805659 -0.006159152691868614 0.999982577651332 63.39755708848699
1.0000272837965474 8.787495337819057e-06 4.090831974242837e-05 -0.12570390840151136 0.0038410263777731487 0.9999487259200895 0.005077897603822147 -1.0798349277039596 0.002018544312730737 -0.005095485390854876 0.9999886991480006 64.80368500502948
1.000038115148356 7.555552995164652e-06 3.5907106222936866e-05 -0.12839129482635653 0.00516557503000877 0.9999350617417434 0.0044574616423720785 -1.0838876724602111 0.0019266587237958 -0.004474128331677362 0.9999916785843267 66.27398120805468
1.0000268220209092 6.732200909185734e-06 3.152115780471836e-05 -0.13101546631705777 0.003582087597446418 0.9999570255282707 0.003913236214885331 -1.1066436051475155 0.0011195397604128244 -0.003920178069862877 0.9999937676620151 67.62585881339348
0.9999919799900204 9.609269928361613e-06 4.310864546633775e-05 -0.13388057189453167 -0.0008739578304389761 0.9999922616415414 0.005350679306534622 -1.132569186820026 0.0005443004758406071 -0.005356463195066258 0.9999865664746476 69.09703900718955
0.9999584120164012 1.2136671616726907e-05 5.387942060325508e-05 -0.13658313530727342 -0.005115239680156946 1.0000056521309517 0.006686399452147243 -1.1661589669484564 0.00022119361847302622 -0.006696511988822233 0.9999780502996538 70.44401867204905
0.9999326112003641 1.3567371064702322e-05 6.027776312846284e-05 -0.1393717286244894 -0.008540369419165231 1.0000042162349354 0.0074792866769025435 -1.1883926032662755 -0.0007639630123572993 -0.007495287403820974 0.9999703476332713 71.8892881105432
0.9999185887503815 1.2036720595498193e-05 5.326949854921417e-05 -0.14182475153917698 -0.010413091196707792 1.0000076845617094 0.006609914371860788 -1.1831529399682785 -0.0013493436533382611 -0.006632091837545231 0.9999747571348041 73.27122553547551
0.9998988622401751 1.1654998620940979e-05 5.177447960744131e-05 -0.14453458229707994 -0.013113378053602291 0.9999988785795316 0.006423569127469721 -1.2084870814089232 -0.0024661875884887134 -0.006459951486236355 0.9999717342739373 74.65904660385189
0.9998768116380399 1.1552278831265111e-05 5.185632902792283e-05 -0.1474682769331652 -0.01599065704743482 0.9999801124700226 0.006433059363890682 -1.2416280410115903 -0.003085173726678162 -0.006486750167485302 0.9999687254196572 76.13603645548619
0.9998761403545797 1.19585374292637e-05 5.3746598809151485e-05 -0.15001779524707948 -0.016060526902614745 0.9999780158700506 0.0066675325575885685 -1.2475259326771062 -0.003024981801602598 -0.006721100454463524 0.9999674737164307 77.52174788489815
0.9998887919619269 1.3250327884507113e-05 5.9345322940277745e-05 -0.15280672618150296 -0.014650726980137082 0.9999834399710507 0.00736091088300483 -1.2851600182047012 -0.0037448063931075307 -0.007412350609136404 0.9999588623956004 78.89852512771604
0.9998923215692566 1.0450705409574892e-05 4.638145557883601e-05 -0.15542242178084795 -0.014102293684605038 0.9999974710682497 0.005753887787122633 -1.2919757626226922 -0.003253858261942459 -0.005799248189287027 0.9999720996568618 80.3167946617391
0.9998994338154835 1.0020277462578428e-05 4.4264421318145975e-05 -0.15804827284804854 -0.013096502994627727 1.0000045283929204 0.005491900170133726 -1.3109320323173186 -0.0027074909233947937 -0.005529389427800122 0.9999762394118602 81.68654728938373
0.9998999354495423 1.0169171414576086e-05 4.4936914651737356e-05 -0.160675203384842 -0.012989655125429695 1.0000045978293957 0.005575511845923692 -1.3283364538985996 -0.0025088194511141164 -0.005611542508551898 0.9999766598474648 83.06381832047833
0.9998948395879111 9.964709156970453e-06 4.4100777831271006e-05 -0.16345908417506783 -0.013504160413670918 1.000002496423483 0.0054722799942295295 -1.3561099059349535 -0.0019810166750780216 -0.005507675418215427 0.999979373671143 84.48177267126509
0.9998987431431334 9.442169834426167e-06 4.1633163517419995e-05 -0.16595319471030873 -0.012828142332700087 1.0000075835051818 0.005166841394522885 -1.3568389569286519 -0.0011282024982368197 -0.0051955885298779255 0.9999839049276499 85.85984805244456
0.9998932227412217 9.711432009467183e-06 4.297670636643422e-05 -0.16848672621739444 -0.013133382232919929 1.0000051970881836 0.005334301652515944 -1.369262229775093 0.0005679566119843689 -0.005355357808089562 0.9999866019340625 87.20760511393868
0.9999005505034587 1.1294006965808373e-05 5.008454110288574e-05 -0.17112448742878442 -0.01198197461089392 1.0000052802963009 0.0062160618860181765 -1.3843952435737181 0.0016443505605353082 -0.006231472719752937 0.9999822916301312 88.60100402800397
0.9999192419721634 1.2367620096294732e-05 5.478814509907366e-05 -0.17376899184950206 -0.009493798697116241 1.0000081602969604 0.006799321436119027 -1.4070668782214288 0.002388516259819589 -0.006813234115833741 0.999978348550669 89.96451866102346
0.9999353113122416 1.356964973397469e-05 6.029147109579743e-05 -0.17656660457338744 -0.007276327051633836 1.0000040189601915 0.00748144856140483 -1.4391217904515838 0.003377688435177112 -0.007497429169406542 0.999972396723159 91.37098482685344
0.9999560129400873 1.3456900770092428e-05 5.993361236552794e-05 -0.17915834330305128 -0.0045714256780429235 0.9999985969138514 0.007436819269213022 -1.458405262345878 0.003975056433891619 -0.007459164729867996 0.9999715646752982 92.72038565865462
0.9999625400026071 1.2162257668557955e-05 5.406454758929242e-05 -0.1817184470268743 -0.003781706113447216 1.0000006943511979 0.006709133966765178 -1.4726956457562648 0.0038819377211423284 -0.006732791950315336 0.99997690628951 94.07453286772052
0.9999616548454433 1.14047186856054e-05 5.056511554543002e-05 -0.1844405631988944 -0.003785718011240326 1.0000035368779738 0.006274922415606606 -1.4998268656719003 0.004354277777885484 -0.006300563659090593 0.9999786243897311 95.46114385917274
0.9999602998169803 9.087763224948156e-06 3.993104696214554e-05 -0.18683945175140385 -0.004001241822138895 1.0000118588011533 0.004956051401611504 -1.4932476133354486 0.004143599760178628 -0.004980239689184722 0.9999865673020146 96.81907373330031
0.9999480572913251 8.04188481656927e-06 3.500876130131127e-05 -0.18950064134471595 -0.005556188223620892 1.0000197968764648 0.00434546959762595 -1.520419271074366 0.003989571455829431 -0.0043655949374370165 0.9999897788749407 98.17176109585054
0.9999299402872156 8.089639657744493e-06 3.515359766415103e-05 -0.19200883978641506 -0.0079007456679703 1.0000228197900638 0.004363630906094286 -1.5353810889678732 0.0035677216870410875 -0.004378562402167932 0.9999905547637288 99.49416702359767
0.9999340831798973 1.0988567988277909e-05 4.8403696834860245e-05 -0.19472580681341106 -0.007392332528881142 1.00001406656209 0.006007267669532118 -1.5650335936844326 0.00354053853361476 -0.006023126958790135 0.9999820729380556 100.86668242331062
0.999940869771081 1.372510577314981e-05 6.102975146161146e-05 -0.19728916033862598 -0.006566488602293189 1.0000025265597003 0.0075729479359221445 -1.5867452057603206 0.003464782316751061 -0.007590181666993732 0.9999715576151125 102.1895340955878
0.9999431940021666 1.213720225646392e-05 5.371770536258193e-05 -0.19996662237413815 -0.006283686650200026 1.0000085349981562 0.006666317067447506 -1.6160664753023777 0.003438712344423094 -0.006683949565451506 0.999978055381554 103.5416473959313
0.9999339146871946 7.474885761476688e-06 3.23571792625087e-05 -0.20245433980447908 -0.007454956282981641 1.0000241117908113 0.004016746341488969 -1.6289556977105792 0.0033545815548873268 -0.004032328201039454 0.9999923587130687 104.86195307278355
0.9999436547694294 5.017691543799177e-06 2.126304014882078e-05 -0.2050316288662882 -0.006184672843739269 1.0000271498638296 0.0026398820808484374 -1.6494079239182857 0.0036250808449262524 -0.0026578986781746142 0.9999964807716908 106.19813904107399
0.9999524135207842 6.515697339067039e-06 2.8120280401509922e-05 -0.2075698445564064 -0.005169607768455836 1.0000221179437376 0.0034910213595251705 -1.6645729238092963 0.0033009150596799933 -0.0035099874028733063 0.999994402664489 107.53626348095395
0.9999853698356791 1.0342283977071015e-05 4.6251555651335464e-05 -0.21019250452796076 -0.0012230130592442772 0.9999925381317655 0.005740594867260997 -1.6847489321220819 0.002648606071419633 -0.005761199276431999 0.9999847622980719 108.89880927315807
1.0000039596692956 1.328735744705184e-05 6.047098417979449e-05 -0.21301115986837452 0.0009370943888872361 0.9999637488963026 0.007503976846309408 -1.733720574806297 0.0019860208771395878 -0.007520672359415635 0.9999734421973686 110.2414884616922
1.0000018697033821 1.0543176670749221e-05 4.775163864304726e-05 -0.2154330349706017 0.0005326701947420253 0.9999779184737347 0.005926715706353122 -1.742879401474851 0.001339965199037594 -0.005937657952633082 0.9999839797607719 111.54196424071664
0.9999965088166606 6.597173367749523e-06 2.954598567674201e-05 -0.21800875107734072 -0.00031343372113072643 0.999995693719203 0.0036680199291918496 -1.7609540314156842 0.0005357652850588818 -0.003672952042876092 0.9999941318573008 112.8878820767703
0.9999720479764604 3.022819848536376e-06 1.2689739428277478e-05 -0.22072178071470458 -0.0035478238904287224 1.0000210091863688 0.0015755213053873969 -1.7934585352669992 -0.00034090338591852526 -0.001580452879872334 0.9999981004552579 114.24549815833728
0.9999523311932648 1.330272559267598e-06 4.7706989203203515e-06 -0.22307258067975755 -0.006320688613679877 1.0000307340908485 0.000591356578828589 -1.8020314054676918 -0.0017867996107448273 -0.0005996915642361156 0.999995006539144 115.50922311885216
0.9999363424740132 4.172532128473433e-06 1.7417893529093854e-05 -0.22566532323562433 -0.008627124851032522 1.0000298853593867 0.00216015213147452 -1.809893067631382 -0.003217365113612267 -0.0021776204043730835 0.9999866759428996 116.91011611586565
0.9999376317673152 8.379618228969085e-06 3.6482461293680345e-05 -0.22813123749197567 -0.008728108805586533 1.0000218847844173 0.004524555073404198 -1.8272855544430577 -0.004381765038278098 -0.004543332501725445 0.9999722335725507 118.19826385984607
0.999944081225655 1.0241655500195165e-05 4.502060780677496e-05 -0.23090079973990238 -0.00812563766981566 1.0000167494639125 0.005582402039784364 -1.8658906128823036 -0.005266948840192272 -0.0055974958528264025 0.9999610348299561 119.55998393007565
0.9999431217201052 8.595497180907685e-06 3.74926481360898e-05 -0.2333474830375022 -0.008447855522942636 1.0000214716129603 0.004647041802939989 -1.8760192013845212 -0.006172489591604804 -0.004664736462105773 0.9999589929149061 120.86987465700095
0.9999281441367618 7.657035041514285e-06 3.3188137947871626e-05 -0.23590899542022595 -0.010619450464603367 1.0000206112783987 0.0041102681452905585 -1.8947151326822462 -0.007561725487182769 -0.004148819648936888 0.9999492102123624 122.20515523956779
0.9999198168517381 7.978117791964182e-06 3.4686134512368176e-05 -0.2385735125145962 -0.011905439464921574 1.0000157088417794 0.004293615365022085 -1.9178770997252392 -0.008684721684005112 -0.004348509327331391 0.9999372140988008 123.57756693382781
0.9999102186637256 6.65395170623348e-06 2.8761258862449466e-05 -0.24125938793293553 -0.013335019290960173 1.0000120837749997 0.003555822225074209 -1.9445914781956701 -0.009744198318835199 -0.00363130550791156 0.9999283892719766 124.94596544229273
0.9999019776121482 4.97361043050315e-06 2.127635766268612e-05 -0.2437345438081323 -0.01458911203558198 1.0000075636890842 0.002624130304231077 -1.960453739467334 -0.010772710479857572 -0.002720830659933341 0.9999188591168987 126.24605564955958
0.9999085011896184 3.5123751493202487e-06 1.4593719843564125e-05 -0.24642545739497926 -0.0139449036843309 1.0000134166454444 0.0017924887122993873 -1.9893217841777873 -0.011512814588991971 -0.0018854452884450885 0.9999111872651673 127.60764007672338
0.9999174314368727 5.219690687837536e-06 2.2195480189310217e-05 -0.24909600890295716 -0.013085350505033315 1.0000159722533395 0.002732604556962174 -2.018597095824027 -0.012625475022566916 -0.002819620138747807 0.9998935636600134 128.95613103436116
0.9999239890245012 8.05476566281653e-06 3.501145023522144e-05 -0.2517553051810806 -0.012443313115802422 1.000013375437545 0.004320399121262519 -2.0416049142714363 -0.013394096688975518 -0.004401365578102593 0.999876486431589 130.32633869037295
0.9999373955024583 8.184270282124428e-06 3.559189050895105e-05 -0.2544936036428763 -0.010843517946297437 1.0000188114228195 0.004391437354824904 -2.0768710645836577 -0.013684700701434026 -0.004448847730755492 0.9998718171260155 131.68563382099484
0.999941065741769 8.624300569784818e-06 3.761212133382105e-05 -0.25718808709386287 -0.010351246818126995 1.0000189262841668 0.004642644603876619 -2.1002375627466603 -0.013522097917959476 -0.004692039836242403 0.9998732148729361 133.07372982521872
0.9999540701008861 9.329326142738445e-06 4.094503461261369e-05 -0.2595610791329136 -0.00870405776488447 1.0000193439766505 0.005056627584888049 -2.109897404466271 -0.013378638572072199 -0.005080645210328513 0.9998735102939906 134.34489812982628
0.9999702849941573 8.668243549881521e-06 3.8205406705085114e-05 -0.262474864608663 -0.006487690651425119 1.0000199854518437 0.004719780867544449 -2.1568912479470668 -0.012475004626285296 -0.004711653594231057 0.9998886260104725 135.7490838599992
0.9999592216458294 8.050300888981163e-06 3.518412150729073e-05 -0.2653557574408273 -0.007610090628102207 1.000022800375192 0.004348376765343807 -2.204582472467123 -0.011353137632416998 -0.0043568617824272906 0.9999056228707145 137.13194247036688
0.999973666605429 1.0756745021480926e-05 4.783492937671086e-05 -0.2679349378827842 -0.005572044878383673 1.0000117266843238 0.005920792177009668 -2.2200462875529094 -0.010264486094404586 -0.00590517001882408 0.9999114340903156 138.49142205527463
0.9999977310121125 1.0523361189096123e-05 4.750090960495951e-05 -0.2703889608921972 -0.002305303837281245 0.9999985161033933 0.005882587596588482 -2.2243867836297424 -0.009023987966318295 -0.005834827135941191 0.9999260505520078 139.83119010188906
1.0000106955592127 9.524206905748081e-06 4.34569170983752e-05 -0.27329404890722675 -0.00035228774514805584 0.9999881991752724 0.005384446654442464 -2.2750844182930177 -0.007494626226221814 -0.0053274690842615565 0.9999442687376592 141.21404160306358
0.9999998943914307 8.775068351299375e-06 3.958419508113772e-05 -0.2759232228735914 -0.001403298925761758 0.9999982057045523 0.0049065272995453026 -2.3069620214834408 -0.006199601690951558 -0.0048679449704203195 0.9999578105884396 142.5280111474293
1.0000071195629394 8.081712601219412e-06 3.6714796972056466e-05 -0.2784257686728321 -0.00027520360509783806 0.999991749598354 0.004552276114145319 -2.3108789604208297 -0.005170351903784369 -0.00451273140671472 0.999967181416061 143.89654170837136
1.0000096703065027 4.701706887082907e-06 2.1492180782463777e-05 -0.2812003441896587 0.0002582748460126776 0.9999942977449525 0.0026646782018129077 -2.35065435843769 -0.004203966378742964 -0.002629401094069733 0.999980154297711 145.25581910825005
1.0000487871260395 1.961452452250989e-06 1.1282671749070694e-05 -0.28385835043616825 0.0053836864183102046 0.9999411565888864 0.0013987673060102403 -2.385205876017195 -0.0030111798079599196 -0.0013487372822187779 0.9999891397777267 146.5738325156451
1.0001151712011564 4.496365602256469e-06 2.8296159905244998e-05 -0.28653291374902523 0.013893154514801028 0.999785374245268 0.0035116826419187455 -2.4085569750213605 -0.0018285710298570964 -0.0034473820693035266 0.99998913453997 147.95096471626718
1.0001649536504242 6.505069090688431e-06 4.329711348778219e-05 -0.289317377073709 0.020444945746212417 0.9996117700898468 0.0053738476009839945 -2.454954249770682 -0.0001817661276667978 -0.005334070719299263 0.9999855065467845 149.28618769756318
1.0001793021226022 7.973062827459909e-07 1.9324829656758476e-05 -0.2920759780377485 0.02242467168883836 0.9995649762216731 0.002399563909908826 -2.49647034413275 0.0007002430569617221 -0.0023815897244906445 0.9999982177273594 150.62885509067124
1.0001705663072804 -4.323697706131238e-06 -4.7805624435247156e-06 -0.2948566464889878 0.02131447842837017 0.9996009581486164 -0.000593546531065657 -2.532113322648613 0.000587476498267375 0.0006150668548597904 1.0000006900121785 152.00993573315213
1.0001526895061306 -9.895724091201277e-06 -3.1611548583333456e-05 -0.29733384415965985 0.01896608403287687 0.9996597007853881 -0.003927627003693686 -2.5472126596888476 1.5482732840925353e-05 0.003963018270174686 0.9999921174061195 153.3145590630117
1.0001546394920011 -9.37605075577129e-06 -2.9099536744796924e-05 -0.30014802407810787 0.01904081455152417 0.9996588502997082 -0.003615770242714348 -2.5842078963401094 -0.0007312234064748271 0.0036714120080082544 0.9999916193857924 154.70816906911796
1.000154546468242 -2.569031665565144e-06 9.885259653604015e-07 -0.30297730335099204 0.018860267408288015 0.999670205129082 0.00012191724312336495 -2.6433691611396477 -0.0014848638227048206 -4.791840532073734e-05 0.9999962162450845 156.01129096726223
1.0002160445361024 1.2477708873828014e-06 2.683851515415778e-05 -0.30550943300396155 0.02638655146311044 0.9994336290612278 0.003330701652919333 -2.6552794723192683 -0.0019807766270137127 -0.003216823094313301 0.9999893347327747 157.36055921412336
1.000255550529145 -9.410861456071035e-07 2.368234672849175e-05 -0.30790045977629066 0.031373490931036856 0.9992505538201347 0.0029392925583874 -2.652030518150662 -0.0016210523409164966 -0.0028209911148698863 0.9999918212929116 158.69928330205383
1.000273289610706 1.1356616353395965e-07 3.177670644434515e-05 -0.3108974387802487 0.033562777111477864 0.9991582937096996 0.003943751374563632 -2.7162301940286393 -0.0016823367397453797 -0.0038165340794140495 0.9999883198790682 160.07281416138534
1.000273762722108 6.229512363609829e-07 3.418189501469093e-05 -0.3134896808589024 0.03334159067329599 0.9991662598333562 0.0042410851571088315 -2.7290770600528496 -0.0029307560807284886 -0.004063124166597348 0.9999822183136216 161.45119817598473
1.000259603807831 9.191688674133752e-07 3.285295860979928e-05 -0.3160208730301471 0.03133273895535328 0.9992481585097023 0.004074895694223861 -2.746309759705096 -0.00404763718847295 -0.0038619481574306315 0.9999770989249893 162.77621171790307
1.0002287517626198 -1.3583353547595017e-06 1.7142951017573658e-05 -0.31860119489639016 0.027302202048774676 0.9994049669781069 0.002123866757242131 -2.7657449408662265 -0.0049350921824867985 -0.0019012894766606324 0.9999771321377067 164.11861293084004
1.0002230227512747 -2.6315049921708106e-06 1.0482791303316518e-05 -0.32115674520686627 0.026428102843970028 0.99943693607032 0.0012958600665967782 -2.778796974158437 -0.005660258244989914 -0.0010535951154835503 0.999973221165728 165.4757607914038
1.0001946705659157 5.673906133350087e-07 2.0483466691525445e-05 -0.32389104667467467 0.02286279480834627 0.9995511795619711 0.0025370433465087493 -2.8164530315234044 -0.0058575094033954615 -0.0023157812845704707 0.9999696209335467 166.8221843188271
1.0001907665412246 9.25893848084669e-07 2.153060379758145e-05 -0.32651453403107406 0.02236427363874413 0.9995661345373864 0.0026669127791146344 -2.843096986674899 -0.005918505990321159 -0.0024476404911636216 0.9999688394976974 168.15634416886198
1.000159233381039 -2.365845217023807e-06 2.4798461371641333e-06 -0.3293272941712233 0.018559653739922424 0.999678212202329 0.00030248236230329736 -2.880722655609409 -0.005421245663959828 -0.00012474224777663995 0.9999755108181254 169.5463564028732
1.0001335222588896 -7.880134620488408e-06 -2.497890927089983e-05 -0.3320669150610824 0.01553048759007311 0.9997495255783428 -0.0031077057698149246 -2.8991743893328334 -0.004690255773315796 0.0032472923124207916 0.9999752125951932 170.98136878898092
1.000098503782642 -8.889362849014495e-06 -3.2918500284719954e-05 -0.3345613072799831 0.01117832230363554 0.9998391728126907 -0.004094554018451198 -2.921956118943413 -0.004704513972934104 0.004206025544904502 0.9999715329565699 172.26125500074266
1.0000698901721974 -7.046898152694714e-06 -2.7218512819399436e-05 -0.33722436882202633 0.007458061174785657 0.9999064417043725 -0.0033871924410610885 -2.947965337443861 -0.0054480008138202375 0.0034855928843745255 0.9999691975280721 173.62016307867057
1.0000360798314738 -2.3923647490264877e-06 -8.924009283445755e-06 -0.3402021061307202 0.0031441029234665664 0.9999691345907404 -0.001114838021684941 -2.9967356358455493 -0.005960980747363234 0.001187330160844762 0.9999707483361923 175.05184539390663
1.000025784650617 2.417134831360704e-06 1.197727320230782e-05 -0.34279021071076693 0.001817738729535407 0.999982593531717 0.0014804715811363007 -3.01775199233076 -0.006174142106353063 -0.0014163198946137011 0.9999688097929038 176.39150560762852
1.0000320096351263 3.6920784622553743e-06 1.8050018166567783e-05 -0.345575127989308 0.0025261943170402177 0.9999739398003887 0.0022338285301013714 -3.0485909408532423 -0.006462360665267261 -0.0021610205768717384 0.9999651470560234 177.7963632461984
1.00006217223827 3.5814643174394284e-06 1.949582033860934e-05 -0.34814844980313653 0.006692698686600461 0.9999207542029324 0.0024163785508616036 -3.0521587658327145 -0.00458671362818729 -0.002336942751104555 0.9999785028888051 179.20564896078136
1.0000638984873902 -2.86132828653321e-06 -9.193941108900667e-06 -0.350733870118627 0.007506719200362678 0.9999107370419639 -0.0011431479244655418 -3.0838020911753476 -0.0019126006197296966 0.0011866315606715526 0.9999939965048367 180.49643096122318
1.0000535875867862 -9.690110200528956e-06 -3.9929759371231006e-05 -0.3536286679385328 0.0064196633434877425 0.9999154565629176 -0.004962259953093825 -3.11467533049057 -0.0010498466733225434 0.0049896994759457535 0.999985032195798 181.96199140809023
1.0000143871623755 -1.1611358858435936e-05 -5.043967764957794e-05 -0.3562695076127061 0.0016463337848573439 0.999965828134263 -0.006268874947200616 -3.1354897183032215 -0.0006262001233548066 0.0062783898231727085 0.9999788726967346 183.33175887285682
0.99999780386941 -9.974234912961746e-06 -4.3998494395945794e-05 -0.3587878110774061 -0.00039384963977224293 0.9999882236396623 -0.005467828404405869 -3.150785797064148 -0.0005401000980953072 0.005471566712058796 0.9999838302630908 184.6582706643658
0.9999695067739891 -3.0017618126085277e-06 -1.4220561068416454e-05 -0.3617811478359191 -0.004076863284462435 1.000022980357649 -0.0017671268082668386 -3.1974398267784 -0.001292776877502804 0.001764964070750804 0.9999952470622876 186.10803012732435
0.9999524823702456 1.6798626257009952e-06 6.336540100881569e-06 -0.36457311109766344 -0.006273988195068368 1.0000305153722786 0.0007858882454673207 -3.237777936594665 -0.001662263593940765 -0.0007942822951697668 0.9999953133554251 187.47442802999893
0.9999761580511021 1.2385759078168551e-06 4.788507795424994e-06 -0.36724231504028054 -0.0034665190025941137 1.0000217192248728 0.0005931682663604734 -3.240290634997445 -0.002254624310585549 -0.0005891090236059385 0.9999932226779416 188.94152205568298
0.9999682599243171 1.994922514680919e-06 7.997216473189673e-06 -0.36991917058306534 -0.004357562348563644 1.0000250860373447 0.0009919363548220245 -3.2644634577212477 -0.001854020887926081 -0.0009929860328974588 0.9999944553203499 190.31625925060018
0.9999996178324753 3.028324621005829e-06 1.3543953555229327e-05 -0.3725141077190487 -0.0005163678544062005 1.0000025881419334 0.0016803901739565544 -3.2808733390545495 -0.0020911139528959925 -0.0016656513139610073 0.9999926751498462 191.68024641364715
1.0000193526304155 3.385202224670883e-06 1.6004203406452073e-05 -0.375376797761865 0.0018410009653812287 0.9999814811797084 0.0019854288115862297 -3.3058362799216403 -0.002508122567274362 -0.0019574304525434142 0.9999904389395547 193.15438175039438
1.000052655034086 4.82406479698598e-06 2.44387181531035e-05 -0.3780574831774641 0.0058850231218066425 0.9999306521765056 0.003031938540137625 -3.3329909841582537 -0.002917624512231997 -0.0029809982680497112 0.9999860760768958 194.51794219396004
1.0000971556011906 6.134992738198591e-06 3.3967541167095276e-05 -0.3806854441623406 0.011381937684054185 0.9998346173960635 0.004214270259836499 -3.3349678516752777 -0.003049809021682488 -0.00413530909733253 0.9999813524946348 195.96458397931593
1.0001151988102819 7.08480911898457e-06 4.0073569741690736e-05 -0.38358905364027585 0.013496843011079814 0.9997877816819017 0.004971195793536363 -3.3811803282585378 -0.0036112356536275557 -0.0048702175356643085 0.9999751704239735 197.36661843216103
1.0000915714549843 1.1946582120451327e-06 1.1138177946788544e-05 -0.38647362380055605 0.010547237336442786 0.9998584643560396 0.0013800669685703106 -3.4150466003927384 -0.003679505074967739 -0.0012928302323740102 0.9999857703363996 198.81316683914267
1.0000469424132152 -7.314799800092059e-06 -2.997643003825991e-05 -0.3893983402475145 0.00485665199055225 0.9999422014337722 -0.003728287507253188 -3.457927005220874 -0.00433985263812137 0.003793438840916746 0.999975496758466 200.24175064163256
0.9999688267532292 -9.594066148466834e-06 -4.315070694586474e-05 -0.39209835363479845 -0.005231265627339653 1.0000141040322041 -0.0053687522994570755 -3.472721662710765 -0.006064280300104557 0.0053764308885115115 0.9999561311194699 201.67113593165183
0.9999327574208492 -2.6066726490480557e-06 -1.2860754921304026e-05 -0.3949268660073844 -0.009969651437621277 1.0000293093648935 -0.001606234439198196 -3.506327375677993 -0.007218909621352164 0.0015743742866685731 0.9999596470044363 203.08779953160757
0.9998973442977879 2.8993135404997705e-06 1.2018782940924691e-05 -0.3978547061484667 -0.01450931278835805 1.0000104434322168 0.0014822642084708257 -3.5406632207261644 -0.007850747830917304 -0.0015591693005057288 0.9999538145552059 204.55621829717745
0.9999118573924639 3.000906968347178e-06 1.2254089386820599e-05 -0.4008144829667228 -0.012686556396209733 1.0000205091086665 0.0015116788561088082 -3.5890699070511043 -0.007759927054948338 -0.0015705468767979191 0.9999546698189711 205.97957500634354
0.999935782749579 2.3405321276284002e-06 9.182727007974595e-06 -0.40355740776881205 -0.00948478729270066 1.000030730820963 0.0011324549843046599 -3.6065334814176766 -0.006732164412651057 -0.0011592236260825558 0.999964528485458 207.420823968806
0.9999524346196517 1.3174156033787798e-06 4.714378155586986e-06 -0.4063939918874316 -0.006953390775074924 1.0000316352608603 0.0005811152693800443 -3.6355635711174417 -0.004665652111366274 -0.0005885521083702437 0.9999805272680521 208.86236323965477
0.999939494604581 -1.558809740506012e-07 -1.9621827117271423e-06 -0.40932730952538626 -0.008357460419244475 1.0000323419506552 -0.0002467995480946504 -3.6655586993706315 -0.003760542619929649 0.0002305631668259785 0.999986109548344 210.35317331039164
0.9999349701958676 -4.0345235797351053e-07 -3.077989236691895e-06 -0.4122264685573922 -0.008991802143068104 1.000031904769463 -0.0003857967694059981 -3.695396825671731 -0.0040836480877355025 0.0003657273208801872 0.999984216643677 211.8257652961835
0.9999272724759606 6.335921523860366e-07 1.5482282172828328e-06 -0.4149962346485401 -0.00983698189446892 1.000030801043922 0.0001893732319698909 -3.7224156612988284 -0.0035895057708847994 -0.00021354673381694474 0.9999870571651917 213.239267682254
0.9999307429819653 5.135302524241631e-07 1.0068099148916737e-06 -0.4179467806599801 -0.009291919408879518 1.0000316370468723 0.00012272305153177726 -3.7611198029507316 -0.003080857554531023 -0.00014332400454156532 0.9999896834956444 214.700781094485
0.9999249194328111 -5.402499482672074e-07 -3.6759651088165077e-06 -0.42091931961840967 -0.009995946435120294 1.0000304267042721 -0.0004587616955766001 -3.80070431049886 -0.0029952186719794504 0.0004348991487447005 0.9999900055884605 216.1705489367657
0.9999351805184334 -1.4816579552330567e-06 -7.870843918851567e-06 -0.42375864840446137 -0.008647042700811318 1.0000317728578614 -0.0009794652417742967 -3.8268740891445394 -0.0026626578027944036 0.0009622874470927427 0.9999911707281793 217.62636402149963
0.9999370450119147 -1.6007354963262083e-06 -8.395071245987425e-06 -0.42660770539062653 -0.008279284325784855 1.0000318598500804 -0.001044017186048157 -3.8500442597703333 -0.0020552408251628294 0.0010286247476124135 0.99999363329216 219.10094385025917
0.9999100683355807 -2.5974678222028674e-06 -1.2689047815927406e-05 -0.4297291472369726 -0.011642691026974142 1.0000247459997187 -0.001577492252633793 -3.8985391302665735 -0.002113907034837819 0.0015489257412098216 0.9999927269539068 220.61344310738366
