1.0 -3.469446951953614e-18 0.0 -1.7787691892340307e-19 0.0 0.9999999999999999 -3.5405977195229754e-19 0.0 2.168404344971009e-19 -2.354751593366955e-19 1.0 0.0
0.9999999161596304 -0.00018309204373211964 -0.0003662755239227835 -0.00897163952390602 0.00018342741406547278 0.9999995638644015 0.0009157646828658496 -0.025499249643076947 0.00036610772664600537 -0.0009158318092684237 0.9999995136088529 1.319733279275058
0.9999990952697965 -0.0013198473149839442 -0.0002597388792079914 -0.01666282701995383 0.0013202522757913924 0.9999979041255813 0.0015648246165519805 -0.038096188945375774 0.0002576730283973389 -0.0015651661517023456 0.9999987419293028 2.613452205794571
0.9999973554515265 -0.0021357689990647126 -0.0008529844949010485 -0.010885517098428764 0.0021371575338546226 0.9999963876417481 0.0016301097142689767 -0.06986127610235597 0.0008494999490852815 -0.001631928396825285 0.9999983075791584 3.94056038782074
0.9999933639767695 -0.0036352182302344764 -0.00023915587272661104 -0.01575078527412832 0.0036355072963945145 0.9999926490655483 0.0012185632184108326 -0.09253233170340353 0.00023472439255965076 -0.001219424606359959 0.9999992289540264 5.257919814981983
0.9999934289813434 -0.00354869023448277 -0.0007408073521605069 -0.006970725822185361 0.003549804363740229 0.9999925627339056 0.001507766777023963 -0.10974331343331 0.000735451308965929 -0.0015103866182828375 0.9999985889215335 6.583178326824082
0.9999882791504686 -0.004822922871704081 -0.0004254201846634099 -0.010256857131143458 0.004824049598668053 0.9999847522419467 0.002687716922085224 -0.1408865249696164 0.00041245108391934227 -0.0026897377174883138 0.9999962975912803 7.914596940381116
0.9999869880951268 -0.005089017903086867 -0.00035432085656264523 -0.020244826615896196 0.005090075145343103 0.999982397792872 0.003048808333828231 -0.1517237149677257 0.00033879921100341535 -0.00305057223931565 0.9999952896015227 9.232393946090454
0.9999876402887414 -0.004877558949316137 -0.0009636873415682529 -0.008253632024738757 0.0048799809768306675 0.9999849004216129 0.002526797893606128 -0.16518146017530377 0.0009513482674094424 -0.00253146948594313 0.9999963432936747 10.56658077914581
0.9999976666684482 -0.001927094459595144 -0.0009761997353024303 -0.019453968522463474 0.0019270102637041278 0.9999981395010524 -8.730975215562676e-05 -0.18010109148974562 0.0009763662557963358 8.542840388822732e-05 0.9999995197061279 11.899670141039428
0.9999994184105421 0.0007336282641033452 -0.0007905476934450054 -0.013902633300352348 -0.0007343796020018211 0.9999992786472736 -0.0009504698177000708 -0.205739608892608 0.0007898498975838235 0.0009510498445577357 0.9999992358209493 13.228379603296062
0.9999931828228555 0.0036409264986388985 -0.0006147798700762671 -0.02311303989355352 -0.003641547108542793 0.9999928584724889 -0.0010110121584744143 -0.2164786582120413 0.000611094509227261 0.001013244032769103 0.9999992999501951 14.57442287454091
0.9999899294607392 0.004487254235663587 -7.428195160530783e-05 -0.038271354835828476 -0.004487304257584713 0.9999896984613867 -0.0006834327325304775 -0.2330909827694094 7.121445512930599e-05 0.000683759185694519 0.9999997637009238 15.926230478704486
0.999994072624723 0.003443043170331242 -1.2757585714650568e-05 -0.024350201924426988 -0.003443011677652778 0.9999921423099796 0.00196494145072506 -0.25948465910296303 1.952286673079424e-05 -0.0019648859206425626 0.9999980694194105 17.269961252569413
0.9999989839785828 -0.0014181035827979752 0.0001450049256016201 -0.019382745223237473 0.0014175224292336946 0.9999912612525133 0.003932943651524907 -0.2753361906115343 -0.00015058098935780357 -0.003932734184140036 0.9999922554339155 18.636574176801062
0.9999922668649435 -0.003930879573713256 -0.000120005415874659 -0.010191566433504742 0.003931143512489478 0.999989668439174 0.0022823496228675326 -0.3047608831294062 0.00011103254602901828 -0.00228280377373627 0.9999973882362327 19.973237611311152
0.9999922119858253 -0.003944477364093816 -0.0001306569165766935 -0.006435292719543309 0.003944489862839394 0.999992216088324 9.357916906007233e-05 -0.29947937049258744 0.00013028678999990693 -9.409381408828548e-05 0.99999998708596 21.335035019162003
0.9999971475403132 -0.002365960986834519 0.0003273283152889551 -0.015006559102733994 0.002366363508962986 0.9999964383103361 -0.0012343771826360016 -0.3565600142828528 -0.0003244066894486045 0.001235148265825106 0.9999991845838863 22.68632564870484
0.9999993047357657 0.0004914308235965184 0.0010719255849659442 -0.024909722018995342 -0.0004915243950604099 0.9999998754176515 8.700146010334621e-05 -0.3407809867725125 -0.0010718827867683216 -8.75282784181627e-05 0.9999994217021126 24.056186273170464
0.9999981539003802 4.641755519397238e-05 0.0019209486708038996 -0.027897830171417858 -5.440891822886505e-05 0.9999913445617453 0.0041602692758483375 -0.3599337227271302 -0.001920739093565214 -0.004160366192787595 0.9999895010012542 25.45474436901942
0.9999968256684729 -0.0014137263715499945 0.002085673925106997 -0.00896634781522819 0.0014028170487663996 0.9999853767747112 0.005222866806541297 -0.37101601992377636 -0.0020930273029116184 -0.005219924508587286 0.9999841856865656 26.822953350024523
0.9999895000647991 -0.004041755499618023 0.002159625214536565 -0.015020429409044855 0.004031550473688165 0.9999807851513651 0.004709131797362624 -0.43437022492762073 -0.002178617057020994 -0.004700375801502977 0.9999865799565325 28.19838017431847
0.9999855319410297 -0.004934037336714402 0.002142707054804926 -0.017113514754435184 0.004929078636782675 0.9999851757951934 0.0023135182731118843 -0.4263992218450684 -0.002154090456239136 -0.0023029232692843103 0.9999950282057523 29.5553509182007
0.999981317971904 -0.005564308460688637 0.002530254712908909 -0.011022675066054963 0.005564034712717795 0.9999845139815999 0.00011535872191641425 -0.4793125728197089 -0.0025308576342579457 -0.00010127813740428146 0.9999967922443816 30.943427107428946
0.9999924530742212 -0.001923295851071644 0.003375608799597034 -0.0142060713571288 0.0019276587383776633 0.9999973104491454 -0.0012896602284732167 -0.4893126592764041 -0.0033731196085382267 0.0012961575470674864 0.9999934709963769 32.32171523580838
0.9999925105028424 -0.0016663887666556985 0.0034931495174784248 -0.0056304320371295055 0.0016777587241681886 0.9999932966531533 -0.003254500283656355 -0.5204734052476113 -0.0034877031362535284 0.003260336639537737 0.9999886029987068 33.71626205073549
0.9999912931922311 -0.001485624021571737 0.0038995471476971468 -0.015026813863285332 0.001497150165356554 0.9999945147569026 -0.0029544873359164483 -0.5341159625641453 -0.0038951368318560398 0.0029602998820740475 0.9999880321927751 35.11226991132827
0.9999938752510699 -0.001220067453368943 0.0032803813437139993 -0.004293773230675993 0.0012255387077120521 0.9999978606545454 -0.0016663551476128388 -0.5858518382940504 -0.003278341538486866 0.0016703652124431306 0.9999932311533618 36.502745622232425
0.9999955361649547 0.00018597327793706993 0.002982124681181033 -0.007083530546406314 -0.00018490612248121298 0.999999918777703 -0.0003581266003616898 -0.5981638474296602 -0.002982191293266392 0.0003575735979643824 0.9999954893260038 37.90434625103602
0.9999951244516941 0.0015096662722555053 0.002733492552783939 -0.004812987282618919 -0.00150958764804557 0.9999988600969851 -3.086213848102382e-05 -0.6166094697941781 -0.002733536259525679 2.6735543013191616e-05 0.9999962635236049 39.29857108641841
0.9999850603453758 0.004368320540865943 0.003285857190764691 -0.006388269727482798 -0.004369240393240699 0.9999904176365005 0.0002727303998994649 -0.6524309858441673 -0.0032846346083108754 -0.00028708303169593124 0.9999945643625989 40.69077413915769
0.9999688424246828 0.007204504162429789 0.0032263429114537945 -0.008692289618831298 -0.007205299329928842 0.9999740139444447 0.00023476042350435797 -0.6801741274932565 -0.003224568011838078 -0.0002579998833351355 0.9999947677828985 42.12055234656426
0.9999601746277073 0.008369261070787544 0.0030991310757474628 -0.011235026812236204 -0.008370993857618433 0.9999648133465733 0.0005463960701991809 -0.7037848989840013 -0.003094449357915597 -0.0005723171321429882 0.9999950484039525 43.500599204181135
0.999968309377448 0.007501844684083716 0.0026650618692235823 -0.014087740148161235 -0.007503028664228789 0.9999717575563967 0.00043435725613904434 -0.7277247828679073 -0.0026617283457440605 -0.0004543395392179495 0.9999963543805465 44.94004608789209
0.9999722694787404 0.0072674038203163266 0.0016263770365886982 0.00998373359754301 -0.007266636769559748 0.9999734837272268 -0.0004773340606771556 -0.7592283705905234 -0.0016298030290886046 0.0004655025377150223 0.9999985635225408 46.341096440462415
0.9999785405908351 0.006487589113831273 0.0009107872153173208 0.004904895217348423 -0.00648750482328114 0.9999789513242135 -9.59322321025747e-05 -0.7803422996997144 -0.0009113904908723048 9.002143454876687e-05 0.9999995806310007 47.7696739678652
0.9999767345301732 0.006819675740776202 -0.00014968907318969318 0.010178355569510134 -0.006819546758065768 0.9999763864400222 0.0008487392674979953 -0.8027658074098303 0.00015547367847609556 -0.0008476987316035153 0.9999996286175135 49.158707438970715
0.9999752535442906 0.0069350053692706064 -0.0011823634084637594 0.006884345116086932 -0.006933843859824636 0.9999754764586368 0.0009840248406838181 -0.8202397330452768 0.0011891587311166694 -0.0009758021918082887 0.9999988168561438 50.599794715745425
0.9999745957818114 0.006686980502958731 -0.0024682108265162398 0.008998922900929726 -0.006684418803680175 0.9999771131660643 0.0010448458841936863 -0.8367283960554417 0.0024751414106124574 -0.0010283208132435514 0.9999964081114363 52.052736463744914
0.9999656442770345 0.007533373137093778 -0.0034581111250075814 -0.0020444703852638135 -0.007525742707726107 0.999969229336847 0.00221440548810362 -0.8659081761092093 0.0034746869543849216 -0.0021883046077479304 0.9999915689045863 53.436693256797085
0.9999715956295125 0.0061118181214857015 -0.004410622706048337 -0.0015211129592522243 -0.006099662131744319 0.9999775759481256 0.0027643687483236536 -0.8865707788809327 0.004427419497005859 -0.002737386982107615 0.9999864522472693 54.91472681780601
0.999977588479345 0.004865526355681441 -0.004598823114382018 -0.013263169769851438 -0.004850459244738902 0.9999828510801592 0.0032818591453037897 -0.9049821089191831 0.004614712614010148 -0.003259479261483197 0.9999840399886261 56.29572286928393
0.9999794504072046 0.0034999756615283336 -0.005371118740489461 -0.014129737514102528 -0.0034858103685908677 0.9999904279666131 0.0026444483688314755 -0.9456261239394772 0.005380323289474328 -0.002625671383906077 0.9999820788305572 57.73353925275261
0.9999845980180077 0.0019145571452095942 -0.005209432222331829 -0.028931131212080297 -0.0018995489403898945 0.9999940359162166 0.0028844147729988104 -0.9543048080148703 0.005214923972666924 -0.002874474838199916 0.9999822708294496 59.18073930458159
0.9999858639680023 0.0009479041084652223 -0.005231952794549548 -0.012693025960653873 -0.0009290923090988215 0.999993099774415 0.003596830807790223 -0.9749241404644259 0.005235326588877839 -0.0035919190715522843 0.9999798445388756 60.581263830711684
0.9999869732907868 -0.0022845769165238776 -0.0045644223810269585 -0.03160952491057427 0.0023056229387105956 0.999986711663627 0.004610921230872464 -0.976270608052722 0.004553828111984301 -0.004621385095727837 0.9999789525080657 62.03965437207684
0.9999868925440297 -0.0027601375494895 -0.004312351639778725 -0.029323728903780363 0.002777872170556278 0.9999876877251512 0.004111911893149456 -1.0136466822219958 0.004300949469508196 -0.004123837240720752 0.9999822477470001 63.432024210454514
0.9999810440603575 -0.004702644312833093 -0.003974500625453466 -0.023843878200673435 0.004713794018357665 0.9999849684564305 0.002800535734369297 -1.0273040743556185 0.003961271296507217 -0.002819217680046182 0.9999881801048128 64.86180320980486
0.9999828217632146 -0.004863743088845499 -0.0032711132832784545 -0.03155600928172943 0.004873238914785895 0.9999839172799332 0.0029011578775327888 -1.0442795579875248 0.003256950466249892 -0.0029170490137235324 0.9999904415069039 66.32218698717853
0.9999910706746901 -0.003396189466436111 -0.002514849575692801 -0.0352458030197845 0.0034029459174978773 0.9999905995560338 0.002687145951997707 -1.063572502643274 0.002505700092390196 -0.002695679907263922 0.9999932273679508 67.68312643384199
0.9999970956021496 -0.001365446166297312 -0.001986036948044877 -0.045229434199887134 0.0013725491587232696 0.9999926517448577 0.0035794639618200647 -1.0817231341293052 0.001981134959219911 -0.003582179570144929 0.9999916215138577 69.1522702492546
0.9999958492251307 0.0025687352007064497 -0.0013050384010144973 -0.05613337613290985 -0.0025623089621110203 0.9999847007231516 0.004902335754692286 -1.1081359048726294 0.0013176113524449987 -0.004898971594205299 0.9999871319076825 70.50177185259899
0.9999808359973378 0.006185440713661384 -0.0002606689323217575 -0.05335304963032386 -0.006183854243992461 0.9999646187815167 0.005702731179112098 -1.1315039263094118 0.0002959336443841532 -0.005701010070615663 0.9999837053219052 71.96200249342711
0.9999494696015955 0.01004755271708771 0.00032389115251657487 -0.06582620156999561 -0.010049203916527782 0.9999339524698854 0.005577115745850872 -1.139092142946922 -0.0002678334145854622 -0.005580088897668079 0.9999843953153055 73.31488826011217
0.9998862086010335 0.015049271813281657 0.0010436616687503192 -0.07813616053544697 -0.015054371501367316 0.9998738583180392 0.005062942699052819 -1.172280390404116 -0.0009673364972142273 -0.005078078361032635 0.9999866386007589 74.72874565934971
0.9998717835336961 0.015937584086004777 0.00155237444659948 -0.0725250295388914 -0.015945248082416062 0.9998600843827092 0.005055765313354244 -1.1847409002600018 -0.0014715806815859729 -0.005079870187794436 0.9999860145863466 76.17898302338658
0.9998603224424054 0.016601490334790157 0.0019303061402472003 -0.07292064613401673 -0.016611624819693308 0.9998476624290661 0.005357788673366797 -1.2081621281447346 -0.001841064957448719 -0.005389105949358258 0.9999837838763391 77.51334475346069
0.9998774711114563 0.015529922850687192 0.001965762393966736 -0.07215331337874833 -0.015540014177846392 0.9998655879439216 0.005226284002606165 -1.2349792680195812 -0.0018843345403772337 -0.0052561917212706945 0.9999844107437789 78.9511337658221
0.9998931016816832 0.01448236032569078 0.0020115701219793605 -0.07642559788009883 -0.014490444392056132 0.9998867506365152 0.004063614043395396 -1.250925401580002 -0.0019524917527182764 -0.004092328285045332 0.9999897202588462 80.29992854550545
0.9998967558823143 0.01429393738955068 0.0014699984665241309 -0.055763989377555334 -0.014299781689349696 0.9998895729515234 0.00404452494365181 -1.277756324507916 -0.0014120240695304168 -0.00406512811732104 0.9999907404172745 81.69606231223459
0.9999064935436983 0.013605401521291915 0.001377383897555224 -0.06664398609016203 -0.013611132363508076 0.9998983752921282 0.004239834558596589 -1.2938950915768985 -0.0013195593786690457 -0.004258185954512763 0.9999900632578671 83.12512941501038
0.999902182255118 0.013939693484111424 0.0011449163226601316 -0.07444880167847066 -0.013943492670962404 0.999897074081778 0.0033793918638283307 -1.3129461848603545 -0.0010976908852246058 -0.0033950255083913324 0.999993634417549 84.45849828738902
0.9999091255366707 0.01347809933361191 0.00028543575192303307 -0.07105502790436512 -0.013479063450480324 0.9999023243294236 0.003695494821669803 -1.327075822067124 -0.00023559964324732343 -0.0036990064852117587 0.9999931308985289 85.8821452392213
0.9999185853555549 0.01273746095405165 -0.0007613911837960903 -0.08374889051014775 -0.012733855108270586 0.9999084885945855 0.004567647171710776 -1.3532926258631237 0.000819501807477605 -0.004557579953577596 0.999989278384572 87.22511284939318
0.9999461262576886 0.01018292201388932 -0.0020131206593215407 -0.08663284834202871 -0.01017149219158145 0.9999325379514507 0.0056089494880262845 -1.363713956549867 0.002070100524122431 -0.005588170991484705 0.9999822433592065 88.61436901497785
0.9999499449319365 0.009537898079253192 -0.003022598887320956 -0.09009647306560736 -0.009518203969418024 0.9999338044120463 0.006464565477856903 -1.3933855356666427 0.003084057436505334 -0.006435472317520078 0.9999745363223119 89.98353070448087
0.9999611172808258 0.007916427145906112 -0.003885110495372961 -0.10532133586461524 -0.0078910609498115 0.9999477283363258 0.006501674183988821 -1.4172499062669204 0.0039363777815837 -0.006470763874303633 0.9999713166655937 91.36309141773823
0.9999703337668178 0.00641867348082643 -0.004258191618635907 -0.12038503050827684 -0.00639298145006223 0.9999614435320368 0.006020070512057608 -1.4288610760780185 0.004296668672305249 -0.005992669505737896 0.9999728129105382 92.74846966904923
0.9999757652402315 0.005475668303966437 -0.00429953135140287 -0.13960516363296172 -0.005450132010845142 0.9999675720405236 0.005928822623051297 -1.4573836017484616 0.004331856563003262 -0.005905246050117208 0.9999731811891507 94.07746393540965
0.9999788533556891 0.004584835855321493 -0.0046121691144372584 -0.16017565683503607 -0.00456127088305323 0.9999765565340727 0.005106975398565974 -1.4643228078865311 0.00463547602869086 -0.005085830158006393 0.9999763230715717 95.47557944444661
0.9999797451683163 0.004394347266431488 -0.004604231528663685 -0.1759670900813815 -0.004373460786794112 0.9999801453276298 0.004536716718834649 -1.4793919336911332 0.004624076416018123 -0.004516488498502582 0.9999791094112294 96.80335071587456
0.999968787949729 0.006632443578248051 -0.004293459765603816 -0.19675416942954937 -0.00661520956368703 0.9999700551447949 0.004015946817965311 -1.513458378162307 0.00431996710713671 -0.0039874194231132335 0.9999827190404889 98.1640941739898
0.9999680910226639 0.006913221652211931 -0.004003033980498425 -0.22561374432848558 -0.006896682820449584 0.999967685396492 0.004130852481588598 -1.5253813899521707 0.004031462466436108 -0.0041031131040727056 0.9999834557539921 99.53085198299542
0.9999646550379874 0.007556333494567541 -0.003686526290564701 -0.23849749637971426 -0.007537398877998738 0.9999584681565843 0.005123435836495539 -1.545025948204835 0.003725087890599603 -0.005095468038972005 0.9999800797684816 100.85637444458158
0.9999647820903448 0.007595034266493682 -0.0035707157350392867 -0.2620623820213832 -0.007572476873336017 0.9999515512295006 0.00628910184805904 -1.5622828406374594 0.003618308992660796 -0.006261841328892749 0.999973848253797 102.21740090527192
0.9999654303657675 0.007515343383584605 -0.00355776121005387 -0.2767783756814566 -0.007494892403104898 0.9999555115781954 0.005727256464173608 -1.5856527107199887 0.0036006455382715753 -0.005700393558585102 0.9999772701781966 103.52997179411283
0.9999642217599303 0.007833445456955399 -0.0031925397192461586 -0.2945183929636771 -0.007823239892408648 0.9999642877542624 0.0031968968895450156 -1.603498912615131 0.0032174686978730964 -0.0031718065772433314 0.9999897937202459 104.86305934874828
0.9999701048281722 0.006891269735282296 -0.003507111442683902 -0.3150827741024796 -0.006884721826488336 0.9999745406268059 0.001875824488972213 -1.6259730627665736 0.0035199492648769403 -0.0018516229688157893 0.9999920906968811 106.1879123875302
0.9999767609431298 0.005980556397007316 -0.003272690163248931 -0.32904533787976714 -0.005971097944829662 0.9999779897370935 0.0028924111292277194 -1.6485716458981894 0.003289916638328988 -0.0028728024226917937 0.9999904616851459 107.54451563160252
0.9999943064184591 0.0021255647026230838 -0.0026208962235909363 -0.33521735456196866 -0.002112858366948968 0.9999860481758505 0.00484141361207243 -1.6641068711251759 0.0026311506213308935 -0.0048358485636554385 0.9999848456955867 108.89508975538376
0.9999972802487883 0.0015401350670920435 -0.0017514203951478214 -0.354360546478276 -0.001530527158064239 0.9999838462376052 0.005474006920335233 -1.6897579537257188 0.0017598229661919245 -0.005471311546366952 0.9999834837523026 110.24362129042858
0.9999990828053145 0.0008177559160795992 -0.0010796576614133528 -0.3712101394686337 -0.0008127658996560493 0.9999890238886424 0.004614272873308531 -1.7114035549208904 0.0010834192551601681 -0.00461339122462735 0.9999887713504263 111.57164851618724
0.9999965483805814 0.002614235415765405 -0.0002626690105075485 -0.38271456195567377 -0.0026136890736595973 0.9999944628333459 0.0020598389257514608 -1.7345128612970873 0.0002680524840886101 -0.0020591453236534847 0.9999978440322663 112.88483163834401
0.9999852906251984 0.005391146866697146 0.0005950285055839105 -0.4028627124324262 -0.005391323777553511 0.9999854230457912 0.00029552405820455654 -1.768974425320876 -0.0005934266685394833 -0.00029872771209429904 0.9999997793028287 114.24557693807567
0.9999711784832843 0.007304199596854033 0.0020714387424166265 -0.42826844386812524 -0.007303145256359724 0.9999731983869902 -0.0005163259332097024 -1.7820375256600762 -0.002075154748438286 0.0005011830398606172 0.9999977212701316 115.54970937887988
0.9999555920323672 0.008712392462455695 0.0035927936326618525 -0.4444305586966679 -0.008717454275568214 0.9999610285681962 0.001395476497172201 -1.8079279704570155 -0.0035804959794144262 -0.0014267345729905615 0.9999925722088264 116.90628629484969
0.9999536908139959 0.008452598495531856 0.004601064334039276 -0.4448142769750423 -0.008469977624573471 0.9999570194000016 0.003770788949043015 -1.8228471845714553 -0.004568993996102683 -0.0038095853166752874 0.9999823055180121 118.21640842672768
0.9999468802450722 0.008690635922242406 0.005541617296408641 -0.44449349961927176 -0.008715025537536798 0.9999523772553736 0.004392216898019165 -1.8476727077956896 -0.005503182693448022 -0.004440279010484568 0.999974999136295 119.57416248743833
0.9999399007738355 0.00878828882728988 0.006554449404083833 -0.4377112866757168 -0.008813233097173684 0.9999539936633695 0.0037864888199615455 -1.8662705655872531 -0.006520871648996068 -0.0038440272225229327 0.9999713504306154 120.89557009065845
0.9999155961559206 0.010310708675594494 0.007905051163657485 -0.4370890339997632 -0.010338678567688223 0.9999404098960956 0.003505482175461964 -1.8774088195694363 -0.007868436758048072 -0.00358691415452244 0.9999626101728548 122.21670153971783
0.9998824252503524 0.012378045947896387 0.009050946405382305 -0.44008067285498575 -0.012407584527484576 0.9999178555334594 0.0032146634395435613 -1.8969218699288244 -0.009010412427984914 -0.003326585926585676 0.9999538720799244 123.59039541567238
0.9998631791642186 0.013043630205988168 0.010172838209276074 -0.4484846454138729 -0.01306982591685046 0.9999114289304561 0.0025127627385627435 -1.9170353268401419 -0.010139162497666325 -0.0026453762186174827 0.999945098173956 124.92225103747427
0.9998406233099681 0.013926979375165785 0.01116992372056688 -0.44526446497511785 -0.013945699068557978 0.999901474410082 0.0015996827901653661 -1.9477574207015333 -0.011146545389430391 -0.0017552002690317614 0.9999363348691734 126.28493005541904
0.9998406170758034 0.013321098603059245 0.011886494459900672 -0.4479118619496977 -0.013337049934482113 0.9999102591498745 0.0012636371622845937 -1.9853908324302658 -0.011868595723213466 -0.001421966558824542 0.9999285546680825 127.65723690763801
0.9998323587821869 0.013016388392977397 0.012877419724893162 -0.45519425156328885 -0.013043768779518725 0.9999128363481118 0.0020444642704197298 -2.016935153142472 -0.012849686825882964 -0.002212091662416654 0.9999149924836523 128.98918678753878
0.9998416147021076 0.011326839875642482 0.01372764315674165 -0.45023856239167176 -0.01136462143390584 0.9999318364331994 0.0026772921594605437 -2.0501204153293946 -0.013696383327900031 -0.002832877636759883 0.9999021871580193 130.38419284341612
0.9998387983345209 0.011277561232973052 0.013971182337146806 -0.4462476158334824 -0.011327883692090118 0.9999296138954741 0.0035279359224904064 -2.083938495681715 -0.013930413621608287 -0.003685631211838639 0.9998961744574554 131.71424630128593
0.9998512424811211 0.010176216390431762 0.013926144856937984 -0.4426264674145125 -0.010226115691148981 0.9999415284020677 0.003516583207065638 -2.122151215078927 -0.013889546232781888 -0.003658470525903999 0.9998968427265741 133.1029504640001
0.9998790158539892 0.007313942543097936 0.013728069385187024 -0.443341791055495 -0.007372722177779668 0.9999638491504116 0.004235962054757598 -2.140657809254638 -0.013696592675159658 -0.00433666289204359 0.9998967930240573 134.43014313564035
0.9998954236199683 0.006041643824473711 0.013139267752125166 -0.4349747697795414 -0.00609891168270572 0.9999720579365057 0.004322803934859145 -2.180633895118059 -0.01311278487713202 -0.0044024871859894565 0.9999043319111485 135.77905822935557
0.9999132028701373 0.005679906216161976 0.01188803542536271 -0.4407441285712599 -0.005725016602698184 0.9999765280201552 0.0037639878154268405 -2.2094861795667438 -0.01186637829191026 -0.003831720382481685 0.999922250467309 137.13127998618668
0.9999383543450772 0.002747013540050471 0.01075831901356757 -0.4423147679611701 -0.0028006764059528904 0.9999836970272888 0.004976132553393835 -2.2305866612180907 -0.010744475021601505 -0.005005956458694268 0.9999297458575934 138.4966223064554
0.9999506230301869 0.0019900564438648082 0.009736076226601404 -0.43981313140334477 -0.0020400300818891014 0.9999847832271254 0.005125582291533144 -2.2677526983007965 -0.00972572869473447 -0.005145191189208866 0.9999394667694742 139.83064290459035
0.9999651253907395 8.666707312306697e-05 0.008351077646200076 -0.447287010607741 -0.00013136770215882963 0.9999856678314698 0.005352277375314335 -2.2933803328060773 -0.008350494792280656 -0.005353187877391205 0.9999508050952286 141.21042818880653
0.9999741021838212 0.0008821065451083583 0.007142608406050561 -0.4558822157622395 -0.0009171383653851124 0.9999875604874514 0.004902828569131824 -2.3265462553468224 -0.007138195337624002 -0.0049092524484013215 0.9999624719969131 142.5380361804539
0.9999808575496061 0.0004114293020474743 0.006173756217650286 -0.4581705757483391 -0.0004394070586840257 0.9999896382112923 0.004531047471957539 -2.3475396203341674 -0.006171828558711113 -0.004533673613315056 0.9999706767353483 143.90110204379738
0.9999860720470777 -0.000670439257503895 0.005235095970580127 -0.45898699240054064 0.0006592648760920892 0.9999975015280029 0.002135955559856864 -2.3864039403875363 -0.005236515360048355 -0.0021324745327268367 0.9999840155992045 145.25667304606733
0.9999746295435548 -0.005812324308264607 0.004117908147509126 -0.47554675332126806 0.005806825937491341 0.9999822343322697 0.0013460255947680432 -2.4227345617949263 -0.004125658874576236 -0.001322079487896158 0.9999906154759672 146.57055126695582
0.9999018106375653 -0.013712590836072633 0.002886858176732881 -0.47338821616677884 0.01370132133012632 0.9998985724236031 0.003888270589216954 -2.4512552206597333 -0.0029398838776750497 -0.003848335093857325 0.9999882736296529 147.9477263657003
0.9997500265949741 -0.022323249318313997 0.0012477455806717086 -0.47222068218797697 0.022315690598809588 0.999734288673882 0.005775984551957215 -2.4697613929788864 -0.001376352893702093 -0.005746696500178094 0.9999825404133382 149.27969987314918
0.9997413267458259 -0.022743547085775237 0.00010327680060777736 -0.4594682664307015 0.022743232743924507 0.9997384182792176 0.002416687211582621 -2.51470013807051 -0.00015821383434702087 -0.0024137132609733766 0.999997074474159 150.61166732274694
0.9997500779615441 -0.022351069048068307 0.0004597096671169641 -0.47976152519620663 0.022351385065883897 0.9997499378403059 -0.0006909196809600341 -2.546767497466352 -0.0004441519540330824 0.0007010221839668764 0.9999996556480365 152.00687261964396
0.9997993109380289 -0.019991175743302322 0.0013002879401476165 -0.49896352288511225 0.0199957120669624 0.9997936791625792 -0.0035735974846032607 -2.5776079733914488 -0.0012285793535551245 0.0035988805731558926 0.9999927692985658 153.31973157326513
0.9997882874277522 -0.020465708846419073 0.002129575718141009 -0.5159964398227278 0.0204727452264888 0.999784846179541 -0.0033358726918291844 -2.612728683826589 -0.0020608467078982824 0.0033787647906848815 0.9999921683974924 154.68600115889163
0.9997209977173254 -0.02346757524373879 0.002683214724737688 -0.5226872928081107 0.023469169506452774 0.9997244022106989 -0.0005636529899200911 -2.642391828931153 -0.0026692478920257827 0.0006264685831145894 0.9999962413175593 156.02813871169957
0.9995018187683222 -0.03141871035797231 0.0029964828118744895 -0.5166563829660895 0.031410667230218056 0.9995029294659002 0.0026951782306820424 -2.6646985728571546 -0.0030796726284004613 -0.0025997140437184116 0.9999918785169959 157.3506833629496
0.9994107340400324 -0.03419725962258713 0.002955013284460964 -0.5055217132275247 0.03418525165126597 0.9994074143136362 0.0040235312775876485 -2.686378135646842 -0.0030908561848464063 -0.0039201425234114545 0.9999875394661315 158.7015528551899
0.9994012161668493 -0.03447632647226412 0.002931214770329514 -0.499030607319979 0.03446402100541003 0.9993973206654723 0.004150508769004312 -2.725127435590664 -0.0030725427366934876 -0.0040470021149470155 0.9999870905426506 160.06361426958028
0.9994036048654336 -0.034304467241367806 0.003954502946418263 -0.5038809807504284 0.034286824648635576 0.99940214197281 0.0044466049210496105 -2.731610840122954 -0.004104677468551025 -0.004308365693764343 0.9999822946452531 161.4270102826847
0.9994770397454225 -0.031925277777421227 0.005140394158559497 -0.5040048616896202 0.03190431992574789 0.9994824807092574 0.004109153041361318 -2.7479113675596905 -0.005268920197214521 -0.00394300338688021 0.9999783453652035 162.77888616560298
0.9995973593972777 -0.027705985105588853 0.0061235183414513755 -0.5005010849826277 0.027693801949242813 0.9996143185450169 0.00206579228007042 -2.7709784330564107 -0.006178391942549238 -0.0018953770151830607 0.9999791172884802 164.12210734913023
0.9996426225133758 -0.025829997395472044 0.006887560851146387 -0.49968706326072965 0.02582274973972873 0.999665887867334 0.0011393995591397889 -2.7930264816971735 -0.006914690902712172 -0.0009611365967747498 0.9999756313329602 165.47824096464458
0.9996820994658174 -0.02419171336913633 0.007103592045604276 -0.4871528599460737 0.02417842214989518 0.9997057549868963 0.0019512423470355812 -2.823060719205091 -0.007148706345462741 -0.0017788684095320147 0.9999728654410693 166.81748689971533
0.9997218388492748 -0.02254172053884112 0.006936553416309683 -0.47316293551221256 0.022525744708577572 0.9997434471095982 0.002372927015358283 -2.845456741360273 -0.0069882642681678535 -0.002216015948583329 0.9999731263537194 168.1606699579859
0.9997936288307692 -0.01922783239523379 0.006556693109724127 -0.46912943116564104 0.01922898860526974 0.99981509949937 -0.00011315018810723946 -2.884132664569572 -0.006553305693594496 0.00023920543902318026 0.9999784982482426 169.55440328950047
0.9998648963505136 -0.015288473932188733 0.006037518257530782 -0.46472351129277967 0.015305237678600132 0.9998791135876833 -0.002740054952073091 -2.9116557525558626 -0.005994897652703002 0.002832090484965794 0.9999780199880792 170.9564831594857
0.9999367592532289 -0.009581789174605861 0.0058878541167999305 -0.4585388267605849 0.009608380822625176 0.999943691831368 -0.004504683685747021 -2.9395776100247546 -0.005844360150072793 0.004560971652753882 0.9999725201153249 172.29689182880333
0.9999616377089465 -0.006246052279701698 0.006140843200986984 -0.45213432257842745 0.006269476047925257 0.9999731168363954 -0.003802534302878077 -2.9703136939014323 -0.006116927807265551 0.0038408883837751542 0.9999739150419025 173.65367078811104
0.9999718308984219 -0.003139649430919095 0.006817625839973215 -0.4461184605088294 0.0031504094786241974 0.9999938080107772 -0.0015680739438113404 -2.99852612694168 -0.006812660999644518 0.0015895081249224943 0.9999755302542999 175.04328287421717
0.9999721013702105 -0.002411173861377092 0.007069846674867308 -0.4237622634624669 0.002406275007255659 0.9999968589546084 0.0007013685645238129 -3.0218612744836344 -0.00707151618658637 -0.0006843370078290727 0.9999747623491178 176.38066239175916
0.9999721357795743 -0.0039065026933115254 0.006361360926426094 -0.402434607711116 0.0038934000426283956 0.999990276464191 0.0020708470422185006 -3.0434532389567033 -0.006369389377385571 -0.0020460220489294215 0.9999776220829883 177.81899455239127
0.9999698245456138 -0.006345666588273876 0.004481353216538786 -0.37358293115620683 0.006335929825594486 0.9999775435009283 0.0021836847336901364 -3.0544995831646404 -0.004495109893965837 -0.002155225334470497 0.9999875744157977 179.16525735864857
0.9999646137927829 -0.00812980733783269 0.002162731320995985 -0.35205672727861653 0.008133031986284142 0.9999658219563088 -0.001486169957429225 -3.0734009550192627 -0.0021505753100359605 0.0015037069681322717 0.9999965569381397 180.50116256005185
0.9999873233889369 -0.004997540250018131 0.0006145407258087638 -0.3512562735437484 0.005001166253703365 0.9999692102769939 -0.006047051152340285 -3.102439273727809 -0.0005843014767103446 0.006050048040109136 0.9999815275841553 181.95224846352227
0.9999996425376453 -0.0007455581985930382 0.0003988349645662674 -0.3611150946930455 0.0007484339587671297 0.9999733701013036 -0.007259403116127256 -3.123624262873816 -0.0003934120752449191 0.007259699166772172 0.999973570647955 183.32552158811424
0.999997870714965 0.002062986944060571 5.1447541601023616e-05 -0.36463904580501294 -0.0020626253463762595 0.9999783510891169 -0.0062484344837613216 -3.131945285435914 -6.433687725278551e-05 0.006248315183684632 0.9999804770184062 184.6614944658007
0.9999896273706356 0.00455318315124615 0.00011690061069650646 -0.35825055887686197 -0.004552792366737038 0.9999846677056354 -0.003152212606955316 -3.1572801802722155 -0.00013125143363289606 0.003151647744752127 0.999995024932187 186.11049633035043
0.9999836128262374 0.005660766971198621 0.0008542752719792829 -0.3555646320265833 -0.00566006912824603 0.999983647503523 -0.0008175294519526528 -3.190594729390497 -0.0008588892197801349 0.0008126808102430576 0.9999993009286858 187.4773173091256
0.9999944865968939 0.003162168309611236 0.0010136385286758467 -0.34358992506205255 -0.0031618928493651046 0.9999949638213463 -0.0002734435660489237 -3.1977019959984365 -0.0010144981845530566 0.00027023704575917644 0.999999448881784 188.93527781455134
0.9999938722326694 0.0034281530309442634 0.0007094072246185696 -0.33114925836294623 -0.0034284536210939945 0.9999940335321293 0.0004226253530612975 -3.230402536049112 -0.0007079542272871637 -0.00042505494350612535 0.9999996590640047 190.3231595148771
0.9999996771504885 0.00024909121018922616 0.0007639719882296533 -0.32609429623860897 -0.00024993319296521144 0.9999993613502207 0.001102194532326886 -3.2543041632038037 -0.0007636970170079697 -0.0011023851397390916 0.9999991007560562 191.69343588296755
0.9999980169286155 -0.001658323037717454 0.0011027727081599336 -0.32639335796789365 0.0016570847133469315 0.9999979964851897 0.0011229840455644954 -3.2796003862667256 -0.0011046328613777332 -0.0011211544507390323 0.9999987613979955 193.1408259958515
0.9999892205026182 -0.004415886821641544 0.001434862394648109 -0.31477517400826294 0.004413473877432152 0.9999888481966117 0.0016806916894768435 -3.308171925871572 -0.0014422682578438591 -0.0016743408732153933 0.9999975582185977 194.50687942034082
0.9999492595342568 -0.009916391181967195 0.0017730073420389432 -0.3090862124813408 0.00991035925849496 0.999945180496736 0.003379463022928516 -3.3255481621352856 -0.0018064223731964592 -0.0033617204648725666 0.999992717809436 195.9700918134179
0.9999191641424826 -0.012531204157911088 0.0021526997183023747 -0.30062803251092085 0.012522190851108105 0.999912978140781 0.004151008417722214 -3.3628758245508865 -0.002204529702359701 -0.004123716420573535 0.999989067445033 197.38571500818253
0.9999529336035646 -0.0093735758876661 0.002503330895246211 -0.3027635667169184 0.009373169658841728 0.9999560557019616 0.00017420085731424477 -3.4010875986802125 -0.0025048539839738846 -0.0001507285068729852 0.999996851487119 198.80684593173308
0.9999895377294794 -0.0036828056223838224 0.0027131868675272356 -0.32276205627097354 0.003698539023081149 0.9999762427570736 -0.005816762458081048 -3.4298792696727776 -0.0026917006361727924 0.005826736548897627 0.9999794017304923 200.2331963625782
0.9999723829895528 0.006213898444798297 0.00407685130126197 -0.33519988748421004 -0.006188518863302242 0.9999615761232643 -0.006208745770789385 -3.480699427299448 -0.004115275521742819 0.0061833447530738345 0.999972414994601 201.664675751595
0.9999180132819996 0.011656173285321881 0.005300973163678913 -0.35753882982653307 -0.011642819483176295 0.9999289859710915 -0.0025431864460027666 -3.5199759358639464 -0.005330240995333014 0.0024812597091773583 0.9999827157882452 203.10706292223662
0.9998821042423682 0.014049031154658737 0.006196959742335042 -0.36025633805000506 -0.014048158555199282 0.999901302754042 -0.00018446586352647141 -3.564412399529114 -0.00619894021095154 9.738823896563441e-05 0.9999807816400951 204.53717990011884
0.9998929313265479 0.013468643389162717 0.005720271039812862 -0.3562597888897051 -0.01347004553553315 0.9999092535130717 0.00020650870920242977 -3.60087918610487 -0.00571697103689027 -0.0002835389212237719 0.999983617786756 205.98367365718073
0.9999472596024577 0.009264432451534379 0.004432639097457958 -0.3462475009154775 -0.009266008959264063 0.9999570134730934 0.0003351186795897071 -3.630950489264424 -0.004429344243929867 -0.00037617388979260265 0.9999901196500394 207.43732972208846
0.9999661472689906 0.007546906403921321 0.0032784917076665613 -0.34334657245913963 -0.007545648168533644 0.9999714527363275 -0.00039613399219945916 -3.6629781631647305 -0.0032813879799556047 0.0003713822412429451 0.9999945472671318 208.85902956537538
0.9999655318340052 0.0077866770878161524 0.0028814563976298615 -0.35185856791322057 -0.007784319742926093 0.9999693584357298 -0.0008285966919806479 -3.681045971779748 -0.0028878203653777542 0.0008061379661231785 0.9999955053055524 210.34406551595723
0.9999536325289746 0.009250423345404466 0.002676274075890143 -0.3515675097576565 -0.009248885874289858 0.9999570561445554 -0.0005865129786244907 -3.715249594986774 -0.0026815848673775603 0.0005617332361735308 0.999996246770359 211.79431196621147
0.9999416999087299 0.01046552452364747 0.002658864311197189 -0.3674488256657496 -0.010465373475760945 0.9999452339729535 -7.097131122192816e-05 -3.7383837253056966 -0.0026594616732063584 4.314116054840462e-05 0.9999964626932282 213.24064019294784
0.9999431322995666 0.010429976651343372 0.002224350005187755 -0.37211402628174606 -0.010429803659693811 0.9999456041107776 -8.96615166175571e-05 -3.7782390607496 -0.002225164365977258 6.645687908049385e-05 0.9999975221089449 214.69472807912717
0.9999488252142437 0.009911018280636775 0.0020294456279842223 -0.36882138727801955 -0.0099094996789087 0.9999506129534732 -0.0007572929944791815 -3.803952362427931 -0.002036851117732688 0.0007371434579687002 0.9999976539243438 216.1709890819282
0.9999626746300142 0.008463341608295823 0.00173815407794475 -0.37313291643294094 -0.008460980045782582 0.9999632779066789 -0.0013618639316603305 -3.8315064594393418 -0.0017496163184637396 0.0013471066341079827 0.9999975620689743 217.63527378672902
0.9999535150561338 0.009564910154506938 0.0012166350563476594 -0.3676056055772138 -0.009563423708161375 0.9999535224106222 -0.001222279514231169 -3.8669334497013175 -0.001228269609215641 0.0012105875176281812 0.9999985129137662 219.1131530302246
0.9999432652265161 0.010589907320275479 0.0011489857379017735 -0.374908678714038 -0.010588136861503302 0.9999427632189921 -0.0015367720879422976 -3.906023987059738 -0.0011651943480223766 0.0015245193041655456 0.9999981590789034 220.6112837767711
0.9999570853969519 0.009227091443004029 0.0008295351786916619 -0.3809909046358511 -0.009225807618212626 0.9999562569014152 -0.0015390835633444845 -3.935903149093454 -0.0008437002301669987 0.0015313644060151075 0.9999984715446254 222.06704632975502
