1.0 -3.469446951953614e-18 0.0 -1.7787691892340307e-19 0.0 0.9999999999999999 -3.5575383784680614e-19 0.0 2.168404344971009e-19 -2.371692252312041e-19 1.0 0.0
0.9999999398638733 -7.08535559765227e-05 -0.00033948727388392647 0.05569069961672338 7.123806521749064e-05 0.9999993559314045 0.0011327230995349811 -0.026761272848715878 0.0003394068273799933 -0.0011327472383819146 0.9999993008434594 1.3159701006825606
0.9999991075624272 -0.0005587901877283866 0.0012135198795759842 0.11108300046058615 0.0005566348298350308 0.9999982684086526 0.0017757635472657302 -0.04833477912174309 -0.0012145101586562628 -0.0017750865086460634 0.9999976870130872 2.5650198957187875
0.9999996659213443 -0.0007369579103192036 0.0003536268276526451 0.1103502796412044 0.0007362903164471555 0.9999979534200237 0.0018844179070216867 -0.07349488545041369 -0.00035501486902977724 -0.001884156941751959 0.9999981619567367 3.897784413580999
0.9999990816152095 -0.0011728103918876402 0.0006791813769637491 0.09599107388983853 0.0011713708126030922 0.9999970747322415 0.0021162266397835756 -0.08916644562131928 -0.0006816613785775856 -0.002115429163273488 0.9999975301452436 5.224875016303551
0.9999989345137452 -0.0014382102493606976 0.00025005046900631765 0.09968768325733887 0.001437607186562672 0.999996096659264 0.002395819103268263 -0.09785175088987014 -0.0002534952039414493 -0.0023954571221109114 0.9999970987584967 6.560065706354954
0.9999960690635743 -0.00275937056972635 0.0004977310486333083 0.08538357635384358 0.0027578507123060623 0.9999916090734297 0.0030291975188677647 -0.12883348572754985 -0.0005060855908108116 -0.003027813000510741 0.9999952881017203 7.89452619409971
0.9999961190521012 -0.0027486389414075277 0.0004548289440263712 0.07141660670445676 0.0027472103618666702 0.9999913820104753 0.0031126733568922096 -0.13977830234076177 -0.0004633806759586658 -0.0031114118248247 0.9999950521851211 9.226629201102588
0.9999961140037363 -0.002785634021904239 -0.00011056393088265649 0.08029356087600625 0.002785970253609866 0.9999911089619344 0.003165495566809349 -0.15318072665287136 0.00010174504706919152 -0.0031657913538748464 0.9999949836943343 10.547060986817591
0.9999998577544185 0.0004871152041371965 0.00021727733740260075 0.056333843714692605 -0.00048717088767419835 0.9999998485249912 0.00025615482189790507 -0.19382787855826605 -0.00021715254575759317 -0.000256260641901386 0.9999999435874796 11.874802713093526
0.9999966700758868 0.0025520502536651906 0.00038323966310031777 0.04787191622225005 -0.0025519219657409477 0.9999966876329537 -0.0003352939320083405 -0.2112838537410316 -0.0003840941135351168 0.0003343148227382606 0.999999870352338 13.195355019682976
0.999984297733445 0.005587693175859802 0.0004265689180906855 0.030426443855380073 -0.005587588555703862 0.9999843588292057 -0.0002469052966696506 -0.21282567307363623 -0.0004279419138236379 0.0002445179289804665 0.9999998785380073 14.540068882370445
0.999982683984889 0.005806660074164131 0.0009562525356236 0.015185547209959516 -0.0058070352761923 0.9999830631136394 0.0003896649082629071 -0.24709835714766995 -0.0009539737686941627 -0.0003952111644866997 0.9999994668702858 15.888865916673302
0.9999875873930333 0.00482229313009115 0.0012532123756447912 0.025900512541443016 -0.004825433085165214 0.99998519627112 0.002514446863520416 -0.2744189562259889 -0.001241068526741275 -0.0025204629975001105 0.9999960534991529 17.229296393311174
0.9999991768732918 0.00016851497315925439 0.0012719500687754005 0.021231692981068653 -0.00017533791017683084 0.999985587841993 0.005365944829600545 -0.305403596853716 -0.0012710275982492588 -0.005366163538674644 0.9999847942729893 18.59114811792525
0.9999973385485195 -0.0019763781863464513 0.0011903066028688633 0.022646827476957794 0.0019710884080619846 0.9999882490793935 0.00442905291100755 -0.3423840153221289 -0.0011990461968296418 -0.004426695008510851 0.9999894832740894 19.93209806889904
0.999995415947778 -0.0027803789586891767 0.0011989920831296068 0.03250078713492869 0.0027787245462853535 0.9999951878876676 0.0013794517620487551 -0.3365978299451263 -0.0012028218124371108 -0.001376113793853045 0.9999983297631126 21.287288206318404
0.9999990143853622 -0.0006989872848037239 0.0012176403102208682 0.003188726154429909 0.0006987162689834295 0.9999997310275461 0.0002230230352610714 -0.3911335755683549 -0.0012177959756604084 -0.00022217203320453832 0.9999992338051268 22.637963713458895
0.9999963226263453 0.0013641036463114412 0.002343918900507695 0.004273371955102807 -0.001367739759467094 0.9999978628392994 0.0015503570140848895 -0.3763541529704546 -0.00234179924024954 -0.00155355721367467 0.9999960512089192 24.000452814549007
0.9999929957078887 0.0021972970150793483 0.0030299209500893372 -0.007963433757191517 -0.0022167452489962386 0.9999768681737762 0.006430331257999462 -0.39885908787505003 -0.003015721764583543 -0.006437002907050851 0.9999747348876463 25.381408791749426
0.9999958096449238 0.0008553091077540447 0.002765708059801853 0.011418302423802623 -0.0008756635856179739 0.999972481688521 0.007366754942645216 -0.4289107052244834 -0.0027593313268575873 -0.007369146046814906 0.9999690404085622 26.77067515560683
0.9999901003646855 -0.0032737348211626088 0.0030136093689969445 0.007251773384554121 0.003251145359830683 0.9999668101913627 0.007470512892853065 -0.47335545077157914 -0.0030379660765270274 -0.007460641397451334 0.9999675542687638 28.145032864270146
0.9999899762061351 -0.0033659947441821887 0.0029525540071591236 -0.0022091457571824097 0.003352150610767584 0.9999834235350594 0.004681424528569407 -0.4756784367374526 -0.0029682629614278394 -0.00467148028429722 0.9999846832247901 29.49310418912243
0.9999875971094626 -0.0036040146173338863 0.0034375449337266666 -0.0001774101074400944 0.0035941772445702205 0.9999894404713329 0.002863709171643244 -0.5194382727524248 -0.0034478297733912104 -0.0028513185582273557 0.9999899911742056 30.89243504058773
0.9999900325981809 -0.0016219546036221385 0.004159804674524143 -0.028852904451003053 0.001615550668138243 0.9999975054890776 0.0015424036271417315 -0.5036608683248548 -0.004162296356898201 -0.0015356679038018314 0.9999901584558025 32.265954979257586
0.9999884006076062 -0.0001466155707363203 0.004814266274981462 -0.027667350804096796 0.0001471923032146938 0.9999999820340786 -0.00011944055353039072 -0.5471741072892051 -0.004814249083574305 0.00012014779743254515 0.999988404215189 33.6478196718589
0.9999873454504065 -9.871142613290633e-05 0.005029831093368798 -0.03441904363278586 9.713779678490776e-05 0.9999999462650131 0.00031310384455014587 -0.5503626880259933 -0.005029862154820702 -0.0003126112976433708 0.9999873012970503 35.041287915279725
0.9999901512343146 0.0003267197868744645 0.004426137496334741 -0.032604722937202034 -0.0003336816113712719 0.9999987083622406 0.0015722374887684625 -0.5972043857483387 -0.004425618471014286 -0.001573698952526895 0.9999889686230967 36.43067026611982
0.9999912707256506 0.0007815351215038477 0.004104592415992023 -0.044463883351895356 -0.0007916937093014383 0.9999966265675407 0.002473878630852129 -0.5864190544531701 -0.004102645491136676 -0.002477106661763934 0.9999885160531291 37.842997980322544
0.999989550860125 0.002759422077917766 0.0036446892643777467 -0.029566428631205732 -0.002769736092725441 0.9999921659789573 0.0028278166742752523 -0.6007787233195621 -0.003636857877263615 -0.0028378820085121236 0.9999893597866732 39.236236356750716
0.9999704149800499 0.006334618364657021 0.004363687312363275 -0.05967870151562986 -0.006350184519558712 0.9999734913983721 0.003562536918932686 -0.662026688390327 -0.004341004689669885 -0.003590141812904428 0.9999841331519749 40.62676896256403
0.9999567079188195 0.008388198551294156 0.0040274557479170175 -0.052991862000588 -0.008402204786085337 0.9999586686590481 0.0034733191407036682 -0.6594314510725862 -0.003998154732753603 -0.0035070083537425863 0.9999858577235289 42.060800228204855
0.9999525914868901 0.008951349381834546 0.003832506720098391 -0.057418540411137114 -0.00896478269525463 0.9999536824537228 0.003502233216153768 -0.6779079497274911 -0.003800979813571608 -0.003536424843872212 0.9999865230331276 43.448176584162155
0.9999590273369271 0.008286221349292036 0.003644471107914166 -0.07987625835780024 -0.00829912000308255 0.9999593016180571 0.0035383233178292645 -0.6977209044179784 -0.003615003756752201 -0.003568424320108934 0.9999870989627774 44.87834288402665
0.9999626673388473 0.008222836297490736 0.0026549722231134797 -0.06876217497362185 -0.008231023652844225 0.9999613579908618 0.003087521957676261 -0.7337592776969678 -0.0026294816622455305 -0.003109259896871435 0.9999917091287491 46.27999000435372
0.999964626871487 0.008243509209859954 0.0016701934544183913 -0.07707343076836877 -0.008249620254517805 0.9999591802699761 0.0036853190468529883 -0.7644394059259149 -0.0016397454521664794 -0.0036989672252236818 0.9999918144038954 47.711415957896726
0.9999659935877359 0.008222033233096912 0.0006401724685236474 -0.07744439486758559 -0.0082246067553602 0.9999576648883743 0.004126050355060389 -0.7780264383997576 -0.0006062208920149213 -0.004131175296927934 0.9999912829054508 49.09933179361182
0.9999609790814901 0.008830534839616698 -0.00024889560885225665 -0.09065133173396005 -0.008829388601328009 0.9999518461431127 0.00428337604343253 -0.8045548294190852 0.00028670815209072705 -0.004281011397487066 0.9999907953282559 50.531238029008456
0.9999619708989175 0.008572127205337423 -0.0016047958571104085 -0.08354676809481308 -0.008565291759895965 0.9999544159802766 0.004219212761729214 -0.8119750848108639 0.0016408904740976104 -0.004205306854914963 0.9999898113862841 51.992659493328375
0.9999562596181283 0.00906925044838249 -0.00228637765860072 -0.11135314328210233 -0.009057746956997431 0.9999465136955733 0.004992693356649672 -0.8343851166196066 0.002331535555662073 -0.004971765650890953 0.9999849226330728 53.398262075356655
0.9999621828583698 0.008116483388962993 -0.0031233839724882136 -0.13212802502876336 -0.008098116814883968 0.9999501041953419 0.005848900723111594 -0.8638419639958016 0.0031707009064480887 -0.005823386129710453 0.9999780171768456 54.8478593139617
0.9999780848736394 0.005492185078075154 -0.003696709051482034 -0.12558869476076787 -0.005466162885971324 0.9999604682988814 0.007013052947343774 -0.8815282377904221 0.0037350802199919188 -0.006992692586652959 0.9999685752237355 56.24689506257871
0.9999844318040132 0.004059455268137099 -0.0038284406430950943 -0.16551244916551397 -0.004034845309058656 0.9999712884659517 0.006414224269581873 -0.898599429455703 0.0038543693098434815 -0.006398677378271538 0.9999720999977454 57.66671799701341
0.9999863681707667 0.003654365251557816 -0.0037294870359412735 -0.18005982011645644 -0.003627895174886554 0.9999683567125749 0.007079827323180858 -0.9319651357819492 0.003755241620506969 -0.007066200769287035 0.9999679829754465 59.11470162105807
0.9999891352518521 0.002939208449230241 -0.0036180685395772374 -0.17714108496816738 -0.0029117743211917544 0.9999671483538425 0.007564640539468642 -0.9500643723543651 0.0036401840490153823 -0.007554023506587749 0.9999648422808847 60.51638765038126
0.9999950657944784 0.00037712969445790733 -0.003118678192783812 -0.1930969717029542 -0.00035115349769713165 0.9999652799771186 0.00832559484890165 -0.9599050721182858 0.0031217100117805255 -0.00832445880085059 0.9999604783792264 61.97557103078757
0.999994139465468 -0.0016245810689563042 -0.0030135972124237104 -0.18885783437330586 0.0016492791918977841 0.9999649272211755 0.008211224072638206 -0.9862626965802097 0.003000151978323252 -0.008216146376785654 0.9999617462856552 63.387238597516514
0.9999938902822075 -0.0024444949459701583 -0.002498768086785822 -0.1959130848989969 0.002462561498011053 0.9999706659591425 0.007252793013280055 -1.007342000664914 0.0024809655876724544 -0.007258902214062044 0.9999705761445017 64.79490383172725
0.9999954152841568 -0.0025745234246703046 -0.001594127004521873 -0.21284162532873396 0.002585563660712052 0.9999724183677567 0.006962568394848385 -1.0281801463852762 0.0015761578794944062 -0.006966658326926033 0.9999744903759463 66.23902988004569
0.9999991700413144 -0.0009283622874940532 -0.0008933421321359818 -0.22504633435987006 0.0009344717895630062 0.9999760133083553 0.006862912435152464 -1.0472619142649722 0.0008869495153116999 -0.006863741677532303 0.9999760509002361 67.61041576924514
0.9999979696553136 0.001998664199593746 -0.00025694893845980044 -0.24615967374193426 -0.0019964893474191687 0.999964360343146 0.008203174681559806 -1.0752474528507636 0.00027333520206170416 -0.00820264519389297 0.9999663203841184 69.06071569766875
0.9999873296767433 0.005004591499977418 0.000542716253950131 -0.2576520961463582 -0.005009396199624743 0.9999447132478552 0.009245344999150508 -1.0901547171164705 -0.0004964171087211858 -0.0092479467240827 0.999957113607194 70.43394481965137
0.9999605619318324 0.008726223380747742 0.0016515415962629384 -0.2781215288545449 -0.008742488026757252 0.9999106634917314 0.010111080767710666 -1.1134127071854938 -0.0015631626283645695 -0.010125120793822735 0.9999475178491537 71.87428605697215
0.9999213795327971 0.012322644355028403 0.0023210261800849135 -0.2925442669491651 -0.012345085246566448 0.9998746319367183 0.009915609218133283 -1.1221196659236399 -0.0021985488500862087 -0.009943483117989113 0.9999481454189185 73.2460305948479
0.9998710517801263 0.01581571930841532 0.0027825880967432062 -0.2958885710117759 -0.01584144494408489 0.9998295805319182 0.00947937520141689 -1.139407078651859 -0.0026321909678562365 -0.009522233266650307 0.9999511981311447 74.64430031855046
0.9998498161033895 0.016919441845962398 0.003752024000876339 -0.3174541230669849 -0.016954652391750334 0.999810557581702 0.009559746508965497 -1.1491233053398242 -0.003589567929843499 -0.009621925251370931 0.9999472653871277 76.09604208244836
0.9998320410992014 0.017894431694800483 0.003959654099130934 -0.312090905340792 -0.017933322120714936 0.9997890348003634 0.010014084935128814 -1.1625098227004487 -0.003779622703385935 -0.010083412942251981 0.99994201793623 77.45817505562874
0.9998378250089563 0.017524245672331167 0.0041502351075681995 -0.3147881811654966 -0.017566485144001866 0.9997919244064614 0.010369500281605588 -1.1981782942400396 -0.0039676542024132365 -0.0104407238673321 0.9999376225565288 78.87869747407427
0.9998551674377064 0.016649001203786148 0.0035291452677733122 -0.304033665979926 -0.01668050382902593 0.9998195230272355 0.009092975733091242 -1.203317855877235 -0.003377119653392329 -0.009150526885630119 0.9999524303281585 80.23362443122136
0.999863011706977 0.016161426348804478 0.003572965125138534 -0.32527651025310145 -0.01619388026789262 0.9998260953932234 0.009248635185219156 -1.2354763065509693 -0.003422872916385144 -0.009305228592909115 0.9999508471222438 81.63682974866444
0.9998670379940768 0.015941595536076356 0.003431009553640351 -0.3429476497583448 -0.01597347297677288 0.999827540723238 0.009472962135887636 -1.2322133318571207 -0.0032794039837149643 -0.00952650792753663 0.9999492442894942 82.97308242338717
0.9998610145461664 0.01638424663569848 0.0030835065664627324 -0.35524735765718674 -0.01641081604899068 0.9998266268918585 0.00879780176377422 -1.2491088060664546 -0.0029388268575859956 -0.008847182040887257 0.9999565443885859 84.3769542007097
0.999873180310502 0.01575251111706241 0.00234129252175814 -0.3660181320916993 -0.01577298719618224 0.999835089555154 0.009000367098276427 -1.2552488809779405 -0.0021991282148857722 -0.009036155039862001 0.9999567549334468 85.76236644661333
0.9998727916788537 0.015897921606177375 0.0012870542020689307 -0.3717330464163968 -0.01590974219630175 0.9998257655073246 0.009763133195581326 -1.2806788396602957 -0.0011316165153435395 -0.00978236814841197 0.9999515111839353 87.1504794269421
0.9998895451237559 0.01486260441540687 2.2444010946516416e-05 -0.37505521961952293 -0.014861966967845627 0.9998301353593052 0.010900568777545843 -1.2933860318718486 0.0001395706628406887 -0.010899698545048754 0.9999405867828793 88.55434735527706
0.9999250860637836 0.012208028351017367 -0.0008867204568470946 -0.3791082370939439 -0.012197120197154309 0.9998604856970732 0.011412248931537533 -1.3109858591684573 0.001025917900324648 -0.01140057879394304 0.9999344850045955 89.92297372534932
0.9999283649752014 0.011790340139592185 -0.0020622234855450436 -0.3819083878605561 -0.011764937694764048 0.9998596829184735 0.011924795121651168 -1.32926682488175 0.0022025317059624397 -0.011899679203198578 0.9999267705673094 91.29630594633366
0.9999407854699072 0.010690230076283036 -0.002035806099318692 -0.40342549963827146 -0.010666290995076138 0.9998778085465786 0.011427958388293216 -1.3459759194725722 0.002157725036585274 -0.011405567421585933 0.9999326263615463 92.66729310367832
0.999954674257858 0.009237205377190185 -0.0023072585764842284 -0.40870911023630285 -0.00920981189063323 0.9998901400742307 0.011614093307985086 -1.3699505638454936 0.002414287079202859 -0.011592317710633689 0.9999298922406731 93.98460629160607
0.9999585179212357 0.008664536390218702 -0.0028085978670308546 -0.4251292810290207 -0.008633022592270613 0.9999017343372484 0.011045026261621533 -1.3717777688333535 0.0029040221640547047 -0.011020321628338903 0.9999350574790205 95.37656347228746
0.9999623786134697 0.008304450183728482 -0.002505482486493811 -0.437593222005505 -0.00827739263428175 0.9999093115629395 0.010623249739236782 -1.382524209046478 0.002593475743672939 -0.010602111433007193 0.999940432788354 96.74353185450599
0.99994782557628 0.01004826260382952 -0.001838074514574274 -0.4632679465182935 -0.0100293869179476 0.9998996437816893 0.010005687515681018 -1.3998057148387761 0.0019384299993189596 -0.00998673092031867 0.9999482525117458 98.08516422571253
0.9999303723323366 0.011661000870109696 -0.0018087330346057478 -0.47259312336314524 -0.0116421795608675 0.9998813260050121 0.010089280733035647 -1.4100585362382942 0.00192616966663337 -0.010067520854109923 0.9999474660705526 99.4285779595285
0.9999289260118742 0.011810330616122522 -0.0016306392919928905 -0.47327635259716444 -0.011791661822341742 0.9998697516582788 0.011019820978412325 -1.4163567244631117 0.0017605747899589721 -0.010999810035983 0.9999379503561414 100.80443721058317
0.9999233402672855 0.012275796164577014 -0.0016181423924089254 -0.5063346984434857 -0.012254967732934122 0.9998491474121313 0.012308460906755574 -1.4253406729432438 0.0017689946072978087 -0.012287687313654675 0.9999229387338833 102.09904070565794
0.9999228614084528 0.01223663289575474 -0.0021297922080882985 -0.47084627723572803 -0.01221159990434336 0.999860506509977 0.011394927582537573 -1.4459020884910874 0.0022689308618178243 -0.011368040658827974 0.9999328075487659 103.4608749052842
0.9999234344161264 0.012267782792952802 -0.0016207339035765951 -0.46944304431323347 -0.012252319000657017 0.9998823378000072 0.009229911227363432 -1.457565140985458 0.0017337739038048026 -0.009209346977340315 0.9999560900170325 104.76855411454466
0.9999463387799521 0.010217402702546532 -0.001710034013569663 -0.5185863753343996 -0.010203630046027753 0.9999169071207352 0.007878122170134056 -1.4735276701564481 0.0017903860256972544 -0.007860251030251578 0.9999675049605038 106.07597162886356
0.9999510150938983 0.009828374714621887 -0.001170657503415406 -0.5205838363409782 -0.00981736070657847 0.9999106751618649 0.009069793015212086 -1.4860304110842364 0.0012596943721284897 -0.009057856152357864 0.9999581833341503 107.45673446191053
0.9999777947705056 0.0065904933802796335 -0.00098759697599237 -0.5256565877991561 -0.006579656260418512 0.9999221491692184 0.010602062726861977 -1.4847333548642063 0.0010573930124753528 -0.01059532947173768 0.9999433088524458 108.77883922036698
0.9999868857114722 0.0050955910190853045 -0.0005131729276696103 -0.5232154138445881 -0.0050890103487401805 0.9999138567523728 0.012098803809135512 -1.5196962897148307 0.0005747793353453388 -0.012096033842369949 0.9999266751114487 110.10238350124874
0.9999855836903687 0.005357747213775131 0.00035629507517571154 -0.5341736159600661 -0.005361449045340963 0.99992112192886 0.011358027605243492 -1.508051248359189 -0.00029541354667275655 -0.011359774350050726 0.9999354320460796 111.43719720995104
0.9999776815388821 0.006349973688162474 0.0020770768277633862 -0.549966235737789 -0.006366953707732695 0.9999455087081193 0.00827293934373524 -1.5403618032528492 -0.0020244308627859493 -0.008285979522998876 0.9999636214496597 112.7849046996297
0.999951656798222 0.009542583063939828 0.002371319607496266 -0.520047844530835 -0.009558282659595466 0.9999318746983022 0.006699642865486739 -1.5601933554861847 -0.002307226352226968 -0.006721984864303588 0.999974745493472 114.13729246124187
0.9999160302941847 0.012400785724054708 0.003762027187251808 -0.540772143566004 -0.012423462055778206 0.9999044308829117 0.00606520567067844 -1.5651782910463543 -0.003686454645096781 -0.006111433906109278 0.9999745298880315 115.41841114690895
0.9999013530701206 0.01279925330523215 0.0057847400931367145 -0.566390563853691 -0.0128459926217038 0.9998845488454375 0.008116001648721852 -1.5940568517986422 -0.0056801939514743265 -0.008189511925224796 0.9999503324103063 116.79954648362607
0.999895122515172 0.013391098911822202 0.005515651616527244 -0.5807472403246478 -0.013448141401283645 0.9998550885321228 0.010437885758248963 -1.592474707900485 -0.005375078021301461 -0.010510966534953604 0.999930311630007 118.0879805418628
0.9998886534410014 0.013345990090043391 0.006675720308720913 -0.5797113641778691 -0.013419877786161081 0.9998477980230591 0.011148439261474383 -1.6082974723292562 -0.006525917834223599 -0.01123678549818673 0.9999155699585757 119.45250299063504
0.9998824851917559 0.013198189312113083 0.007798947343141077 -0.5865286763226994 -0.013280985009606736 0.9998549635997374 0.010661483540585858 -1.628984359413197 -0.007657104572977521 -0.010763808577175118 0.9999127507794402 120.77679727734
0.9998438319100121 0.015344322627458738 0.008767184342257463 -0.5686774589292174 -0.015437139062065177 0.999824450877721 0.010618954811832372 -1.636422768727926 -0.00860270532138549 -0.010752636930499066 0.9999051826332623 122.09141178934081
0.9998054100590952 0.017001749411256532 0.010004123847718599 -0.5664123442033522 -0.017101638887524053 0.9998038941276011 0.009985353165944372 -1.6429267070394078 -0.009832394331709125 -0.010154497235255012 0.9999001001119873 123.44479662654196
0.9997769776569791 0.017806038948462853 0.011355169791066844 -0.5765946617839384 -0.017913806244605254 0.9997947765457141 0.009460464279183721 -1.6543077822399757 -0.011184386986903593 -0.00966176889075333 0.9998907738878507 124.78497581385078
0.9997462346553516 0.01881773859081888 0.01238381844088755 -0.5628282166573175 -0.01892552605278653 0.9997835214247203 0.008644929283911085 -1.6688574146445778 -0.012218460616619686 -0.008877105958423457 0.9998859465991348 126.1186772982172
0.9997326871460427 0.018345482648437654 0.014071157424457824 -0.6008836346814588 -0.01846285711162452 0.9997954486234856 0.00825735238902357 -1.6826637131726603 -0.013916795205158703 -0.008514939032064985 0.9998669004532276 127.45837388980469
0.9997257861129772 0.0184720392778685 0.014392230474537327 -0.5620510040210958 -0.018600718383534103 0.9997877448301283 0.00885881554115857 -1.6884314824971691 -0.0142255364564844 -0.009124092339285812 0.9998571823263028 128.76842827160183
0.9997182874372793 0.018285238161332533 0.015132606557226655 -0.5482826655425332 -0.018431530362607598 0.9997841806691605 0.009584926750683856 -1.7150691948142949 -0.014954079236677648 -0.009861143849823952 0.9998395538060937 130.13766361325582
0.9997430253902333 0.016519374636841597 0.015523962251746922 -0.5268075062961972 -0.016669772278661246 0.999814875015173 0.009609080722931979 -1.716910781173662 -0.015362353665363784 -0.00986539254335279 0.9998333221688777 131.46211436291642
0.9997449677025829 0.01615029278284702 0.015785042169199726 -0.5291112338972124 -0.016310311848487066 0.9998163511291068 0.010061698785789514 -1.7488120234839943 -0.015619645195375757 -0.01031659189094441 0.9998247819571486 132.8157554873094
0.9997844629568796 0.013704225964872033 0.015595569548787866 -0.5251993654874328 -0.013870368605149758 0.9998476646126395 0.010595304364495217 -1.747214058074854 -0.015447994644073182 -0.010809337193137937 0.9998222430466975 134.14243077817525
0.9998098769284814 0.012757063093167155 0.01474677287956504 -0.4836029716377438 -0.012915867864349662 0.9998590769340527 0.01072411571154106 -1.772923888837756 -0.014607887724825162 -0.010912544392620823 0.999833749175496 135.47742368963534
0.999815860048745 0.013439906660558193 0.013697257954032198 -0.47270532215046807 -0.013580532306224103 0.9998554900309706 0.010225860726703222 -1.7883577491492633 -0.01355784508818239 -0.010409993995792805 0.9998538977568978 136.8130091772722
0.9998354614794193 0.012437272584622207 0.013204703483571698 -0.4965092125141789 -0.012595988314564197 0.9998485963717508 0.012005225441569954 -1.821542804979563 -0.013053393076357826 -0.01216957664906999 0.9998407424845697 138.16143071337578
0.9998617697856862 0.011789084160665179 0.011724282230182969 -0.4546799232969728 -0.01192966991013308 0.9998569012963229 0.011994162326340735 -1.8376015754349306 -0.011581205281132026 -0.012132371426377372 0.9998593307289398 139.50503616779517
0.9998881293940576 0.010435823818694921 0.010715514953823776 -0.47413456697429057 -0.0105641972674714 0.9998722603173563 0.011994198753068359 -1.8435614018232827 -0.010588977698039934 -0.012106058006559447 0.9998706500885156 140.86779576130735
0.999900718136375 0.010709155123401029 0.009157939122194146 -0.4595616740804884 -0.010814401610508747 0.9998751491641161 0.011521059962356733 -1.8495765592030031 -0.00903341568219538 -0.011618953991499089 0.9998916927879643 142.20530685034333
0.9999100557767361 0.010637943291774346 0.00816789454492027 -0.4486539844820956 -0.010730237318119944 0.9998781246857199 0.011340097121912415 -1.863435411143056 -0.008046264441505522 -0.01142672081935622 0.9999023390696578 143.55118449618055
0.999931634550225 0.008654103642083374 0.007863377374615987 -0.4402199924293312 -0.008726362258444535 0.99991958532034 0.00920182104986923 -1.875142995507565 -0.007783112181367134 -0.00926981082577723 0.9999267442008225 144.89719152230887
0.999966911818997 0.005235547817711584 0.006226098471968139 -0.44398329202533515 -0.005285327638519562 0.9999539843883521 0.008005899425719852 -1.9018051418603172 -0.006183897221390204 -0.008038541652817055 0.9999485693070884 146.2111575309952
0.9999731219431925 -0.004608978778246927 0.005701992451564837 -0.4537221512023568 0.0045462371265703235 0.9999295151881661 0.010967970355178472 -1.9019489102894442 -0.005752142167236421 -0.010941753155117341 0.9999235925290014 147.60641588961877
0.9999326029575079 -0.010874190964142211 0.004067127778654349 -0.4376527773847605 0.01082186363530611 0.9998611176305351 0.012674095762079955 -1.922835501621432 -0.004204383808238618 -0.012629227900475281 0.9999114089554387 148.9223746040326
0.9999245360779289 -0.011977099772713166 0.002733357665422121 -0.39859579779182536 0.011949934354382697 0.99988108443404 0.009747617489929451 -1.9529654147754947 -0.0028497810459702307 -0.00971421863179325 0.9999487550388838 150.22131098201564
0.9999318060699365 -0.011342937160868533 0.0027786687474729028 -0.4249195188825894 0.01132361188047339 0.999912252335367 0.006874840487869838 -1.9681100467244175 -0.0028564060444492443 -0.00684290722290409 0.9999725074037682 151.62514619837486
0.9999738550070126 -0.006304640653327021 0.0035413021188895853 -0.4026813284441715 0.006289774633826789 0.9999714259069142 0.004193577971460198 -1.9957845025422065 -0.0035676402292215545 -0.004171194412638912 0.9999849364249753 152.93760881164278
0.9999587548869016 -0.007753363934870382 0.004730104312851563 -0.4251800976456127 0.007731106981317525 0.9999590420301967 0.004705766374247559 -2.0055216407418084 -0.004766396495136591 -0.0046690034241166 0.9999777406858228 154.31208046193456
0.9999506982573506 -0.00851333291028956 0.005111186963683902 -0.42154357460839376 0.008483618497961056 0.999947149102111 0.005807513170447051 -1.9994254366787694 -0.005160358556678006 -0.005763865592543625 0.999970073826578 155.6416199822904
0.9998143356590914 -0.018522866522577376 0.005310145009751303 -0.4160351470826957 0.018474581407350244 0.999788800468963 0.009002460116648335 -2.0075780683401425 -0.005475775330885239 -0.008902686131398609 0.9999453775386967 156.9645665157349
0.9997510057964255 -0.02170475425254341 0.005179774352125752 -0.39580453861201037 0.02165027241446331 0.999712005112594 0.010352416631713742 -2.025232441964018 -0.005402979709168262 -0.010237695594992382 0.9999329964536222 158.30624157744228
0.9997321103481966 -0.02263378780690359 0.004839338521751589 -0.377428668464943 0.022583080282541485 0.9996920309070558 0.010288236926839573 -2.038430230068652 -0.005070710345119719 -0.010176193823410793 0.9999353643979219 159.64586169228494
0.9997444092612582 -0.021728107539165792 0.006245438709052202 -0.3932479161350455 0.021664421377263387 0.9997143778746692 0.01009036714795934 -2.0379996291191875 -0.006462899992538039 -0.009952484501966747 0.9999295870073808 161.0185367453516
0.9997726424158643 -0.0200595810539091 0.007230262649312695 -0.385996489918258 0.0199898700884602 0.9997542037656301 0.00958838554457656 -2.0447705075022777 -0.007420825092954613 -0.009441673706045128 0.9999278904744973 162.35406185580172
0.9998095448758002 -0.017566103604025815 0.008503293181729533 -0.3990471380314379 0.01749379093808747 0.999810796708572 0.00850517798771576 -2.0655218289086004 -0.008651087891390052 -0.008354803443968552 0.9999276753511593 163.69946603687927
0.9998202731632911 -0.01633413790231935 0.009623789632368157 -0.436071296458012 0.016264280840213342 0.9998411300748687 0.007292994459278492 -2.0510284224976387 -0.009741386295087225 -0.007135159815330626 0.9999270947836237 165.0526286087167
0.9998074222334625 -0.01694396900922228 0.009900524074869521 -0.4361821041330269 0.016859728076994436 0.9998214677738643 0.008531244710073741 -2.0636545694058626 -0.010043310498958471 -0.008362681781985947 0.9999145950845768 166.40527643954422
0.9998039213124219 -0.0174498943618401 0.00936056251920818 -0.40615021173219445 0.01736920654991303 0.9998118713377938 0.008633225626936705 -2.061322336622577 -0.00950945119976802 -0.008468947437395478 0.9999189203443899 167.722563633262
0.999823665897078 -0.01610291071285632 0.009660921023709513 -0.4266567168872765 0.01603966801212779 0.9998496490385359 0.006588501845135472 -2.064415145820978 -0.009765563370756753 -0.006432382208171336 0.9999316267754854 169.10217247646233
0.9998799573206176 -0.012635607395936272 0.008967295658168511 -0.41109310440373936 0.012591620578510784 0.9999084950229632 0.004944963179578032 -2.1006606057626365 -0.00902895847749533 -0.004831456866613033 0.9999475660890744 170.50804846323385
0.9999465761865497 -0.0061042828190922774 0.008341613661592103 -0.4010440713618923 0.006082738889679411 0.999978105097494 0.002605687099686258 -2.1108206712941966 -0.008357337577529371 -0.0025548080750015744 0.9999618131998141 171.8786098134714
0.999950659644954 -0.004587765995870794 0.008810828101061544 -0.4032060442617597 0.004559079096187109 0.9999842502467465 0.0032732322776446144 -2.112336336078451 -0.008825706899333333 -0.003232901566009194 0.9999558266437858 173.2356785196349
0.9999570800730715 -0.0002882754562020789 0.009260395045274837 -0.40070746366170235 0.00023633128219382495 0.9999842365196397 0.005609889303793742 -2.1380394107229876 -0.00926186704075275 -0.005607460109480511 0.999941385384364 174.6144156829819
0.9999511057549514 0.0016560926460362883 0.009749023572528555 -0.40453197720511896 -0.0017374597334911517 0.9999636819385893 0.008343622594284662 -2.1582405874665067 -0.009734852510885055 -0.008360153333173559 0.9999176668497837 176.00309423808048
0.9999616668302634 -0.001227064844868472 0.008669440047149944 -0.4073903714858188 0.0011471045961583444 0.9999568166528712 0.009222200161246334 -2.1724153232518066 -0.00868038263534146 -0.009211902064115443 0.9999198926981745 177.41840558562106
0.9999672929558443 -0.0032692574903017083 0.007397633767382344 -0.41283312268998973 0.0031996614632015218 0.9999506973850573 0.009400263727636731 -2.1800233698793092 -0.007428001547204995 -0.00937628652536554 0.9999284524605672 178.8120290561073
0.9999669424789643 -0.005989315688545032 0.005499278147801208 -0.40221817357408135 0.005959231033453576 0.9999672778122929 0.005470910480562228 -2.184242742232046 -0.005531865672018366 -0.0054379582549171634 0.9999699130811832 180.15159637950453
0.9999898208150126 -0.0031886686516966294 0.003192282435427772 -0.4189382872936858 0.00318197440918638 0.9999927325738857 0.0020999603304546117 -2.219861378557408 -0.0031989555818462885 -0.0020897812296978673 0.9999926997203136 181.56826776611325
0.9999986003001587 0.0004028462292378389 0.00162391940584321 -0.39336931746081083 -0.0004047515997783555 0.9999992299564456 0.0011731424214350445 -2.235498250898301 -0.0016234456956205124 -0.0011737980854875827 0.9999979933080103 182.95690905056122
0.9999919391371206 0.0035855207482797993 0.001807124114825793 -0.4249996986326745 -0.0035903606177239084 0.9999899580519367 0.002681997777816598 -2.2480072714719634 -0.0017974897590549838 -0.002688464440124815 0.999994770580096 184.289146122361
0.9999762808668505 0.006034283722776966 0.003320408954379114 -0.45231923681777875 -0.0060505103122519355 0.9999696967865261 0.0048986574347429975 -2.262719044769383 -0.0032907487209918552 -0.00491863151034169 0.9999824888636362 185.74463756373612
0.9999615259668986 0.008248082740007942 0.0029859174552126487 -0.44671757890288616 -0.008269547890188444 0.9999395307486838 0.007249099225162771 -2.2858033391521873 -0.0029259459707196653 -0.00727351265776525 0.9999692669537538 187.11295123886003
0.9999764628252695 0.005965351008648714 0.0033894505465896464 -0.4568621524652928 -0.005991393413287261 0.9999522067282282 0.0077257668939390055 -2.290270258466183 -0.0033432019189632237 -0.0077458927374092065 0.999964411439048 188.56184895594174
0.9999806778513457 0.0052513543013332975 0.0033267395130545663 -0.4599291428234244 -0.005278852895631951 0.9999515235937645 0.008311689506975441 -2.310721718580819 -0.0032829308892633148 -0.00832909044129948 0.9999599235047018 189.9766393129176
0.9999924728990168 0.0015413767969955795 0.0035606606965500943 -0.466771356999532 -0.0015733183064991227 0.9999583934139384 0.00898532750740731 -2.316160572236218 -0.0035466630668224836 -0.008990862102097012 0.9999532916982372 191.33816091091342
0.9999909049193756 -0.0008252666407054104 0.004184378057393585 -0.48728959602284055 0.0007866819684731914 0.9999572369333076 0.009214414362180071 -2.328040384816056 -0.004191803816067059 -0.009211038959074077 0.9999487914588339 192.78718364430432
0.999988456716626 -0.0025147563262952685 0.004094196216251962 -0.4589186264892571 0.0024746192710013177 0.9999491207546629 0.009779169424889695 -2.3418440324224044 -0.004118580474786035 -0.009768925151574449 0.9999438011181018 194.14477228546122
0.9999768106104757 -0.0050173197903487995 0.004604862128050295 -0.4629329894927936 0.004968913765859421 0.9999329057963035 0.010463928123302954 -2.3559136205602047 -0.004657054426909427 -0.010440804506533174 0.9999346485863481 195.60324793373096
0.9999554006703344 -0.008099811808916259 0.004856926319241442 -0.444644503112129 0.008045729784401443 0.9999065425339776 0.01105316322686618 -2.376899149159976 -0.004946001353738533 -0.011013592953297178 0.9999271162635565 197.01198685640537
0.9999712444705962 -0.005533665383843206 0.005185440390137349 -0.4663467838529482 0.005488703376466871 0.9999475644972535 0.008645367644435744 -2.403657903406891 -0.005233009495493782 -0.008616657859470554 0.9999491831167264 198.44198387948444
0.9999851708677359 -0.000663287751932454 0.005405377030535619 -0.4869702046030228 0.0006488061347902693 0.9999961971525638 0.0026804345693143303 -2.4018438146594154 -0.0054071348288578305 -0.0026768878268688865 0.999981798413939 199.87632976057463
0.9999303127773463 0.00954392051412878 0.006948608158046479 -0.476464900608294 -0.009563364363544321 0.9999504324816857 0.002770318152074245 -2.428260564287343 -0.006921824619797541 -0.0028365772255148566 0.9999720206923475 201.3332549986919
0.9998394938802997 0.016295094653256827 0.007446900724702935 -0.4878019464794171 -0.016337932175676723 0.9998501193203108 0.005728080804409241 -2.436006628036685 -0.007352445576866937 -0.005848828493123153 0.9999558653980696 202.75552520200057
0.9998269636768664 0.016615727152563133 0.00836422607518094 -0.453089851102859 -0.0166823105871146 0.9998291982071085 0.007954556471603563 -2.4390605243447925 -0.008230627400433206 -0.008092714827141426 0.9999333801482577 204.1884941132669
0.9998532088369769 0.014546559334301937 0.009053085632432185 -0.5095495334667277 -0.014621022192725368 0.9998593686891991 0.008213926557814047 -2.446676436774418 -0.008932328864087043 -0.008345086360277304 0.9999252837238132 205.6332079005606
0.9999004062893182 0.011824822028253221 0.0077039642340996336 -0.5038219227698459 -0.011891630173374378 0.9998915783893702 0.008684504794779438 -2.4721464576858567 -0.007600436870222908 -0.008775252742090308 0.999932611876687 207.09080505592541
0.9999183057255082 0.011142488341707411 0.006263130900036512 -0.4768816119376704 -0.011194139879869199 0.9999031184280001 0.008273150188343213 -2.4922320068033845 -0.006170341153935755 -0.008342584850663507 0.999946162632888 208.53181057653708
0.9999258952232373 0.010689593120634264 0.005825516471999267 -0.4936502738941622 -0.010734827116293758 0.9999120394571095 0.00778953516376412 -2.496802697779259 -0.005741737574446525 -0.007851493992454172 0.9999526921249371 210.0335228202584
0.999907731305028 0.012179717330314994 0.006015258838527174 -0.5043690134047787 -0.012226538048767721 0.9998947595383939 0.007809074348442366 -2.5200309631784865 -0.005919513966359761 -0.007881899766266708 0.9999514163231068 211.5021031525126
0.9998979755834152 0.013137022978134003 0.00560865623989899 -0.49881767501957586 -0.013184003324604052 0.9998776092693431 0.00842309730269319 -2.5218867016892266 -0.0054973158280563275 -0.008496182656664162 0.9999487958868606 212.93973234551922
0.9999000124553025 0.013246048784226888 0.004950480387404204 -0.502642339071472 -0.013286494033524242 0.9998778753992941 0.008228207200683551 -2.5446159914004904 -0.004840884981177806 -0.008293159180240801 0.9999538936072948 214.382308639462
0.9998892852049773 0.014075388604063294 0.004827083756620341 -0.5139494626538886 -0.014112347337994168 0.9998706926456755 0.007709712988112056 -2.5646212667368187 -0.004717942766132774 -0.0077769810516462165 0.9999586289335262 215.83769540819927
0.9999084429316174 0.01264399641591488 0.004820278329680155 -0.5289971429820973 -0.012679081846546054 0.9998928320966884 0.007318827368888648 -2.575335856699259 -0.004727222917836299 -0.007379274133256819 0.9999615990993929 217.3287616249874
0.9999030484949346 0.013375095701568331 0.003873034573530039 -0.5026035191646478 -0.01340290478195344 0.9998839272165101 0.007245292870791875 -2.5976025378356744 -0.0037756788480882947 -0.007296500493334104 0.9999662520941398 218.80622467262444
0.9998987172894614 0.013572392713846596 0.004283140189942652 -0.5333037075293265 -0.013600792908674986 0.9998852413805267 0.006672520802695474 -2.6001519332273175 -0.0041920869396154525 -0.006730099234057856 0.9999685655900452 220.27522613690587
0.999906540813443 0.013119426060564559 0.003845812068296443 -0.5128966500328722 -0.01314569237903639 0.9998898820796748 0.006885820006101143 -2.6276159749451584 -0.0037550508815612322 -0.006935732469056679 0.9999688971189449 221.7632772495438
0.999892872760578 0.014251289122008386 0.003338222396757234 -0.5276258876086583 -0.014272722562725448 0.9998770965619509 0.006487002086424882 -2.6404961423725086 -0.003245364245323658 -0.006533952810979074 0.9999733871804736 223.25896641545387
