1.0 -3.469446951953614e-18 0.0 -1.7787691892340307e-19 0.0 0.9999999999999999 -3.5405977195229754e-19 0.0 2.168404344971009e-19 -2.354751593366955e-19 1.0 0.0
0.9999999228620967 -8.554520881816526e-05 -0.0003833501757301277 -0.0046482276551321824 8.588472341039023e-05 0.9999996040741096 0.0008857060256319584 -0.022970834491229816 0.00038327428916098104 -0.0008857388989382313 0.9999995342839701 1.3230741010844673
0.9999997507522658 -0.0005456251660111329 -0.0004480945768040015 -0.01526224382966047 0.0005461978939848462 0.9999990329978315 0.001278933222917766 -0.041932118152477015 0.0004473963642293963 -0.0012791776776191516 0.9999990817705136 2.6206652562103194
0.9999985792949189 -0.001316067356398382 -0.0010532688071467691 -0.012869012096205449 0.001317353953509029 0.9999983860291276 0.0012216855068356738 -0.07244475865032143 0.0010516593767442611 -0.0012230713229625509 0.9999986990546511 3.951149632070504
0.999997758595602 -0.002084867064790632 -0.0003689656206464864 -0.028315294335037742 0.002085322842246197 0.9999970583092919 0.0012388696865384397 -0.08876576783165586 0.0003663816887695887 -0.0012396363453020603 0.9999991645331314 5.261654049754318
0.9999968843593422 -0.002382496432376877 -0.0007449729389705623 -0.025338930679197652 0.0023836867105979966 0.999995877805107 0.001600751912904698 -0.1112551187286504 0.0007411561464251892 -0.0016025227379956708 0.9999984413037308 6.585486088953116
0.9999940177927867 -0.0034292952339953324 -0.0004520143218385924 -0.034259848845570005 0.0034304823698922144 0.9999905999823476 0.0026517413807591707 -0.14611010942923264 0.00044291650863978005 -0.002653276194685127 0.9999963819692524 7.916259357245632
0.9999932784155171 -0.0036522939592231515 -0.0003222998580261389 -0.05297990526902753 0.0036532119855990242 0.9999891378322744 0.00289452138215037 -0.16449368058037278 0.0003117247431404025 -0.0028956794106152666 0.9999957589257461 9.236836060121222
0.99999391735542 -0.0033778608392217094 -0.0008690866904785818 -0.05091971671556024 0.0033799734446491887 0.999991309337757 0.002440701390224447 -0.18967634494818375 0.0008608348628597558 -0.002443624080517911 0.99999664382763 10.5667944930661
0.9999997414014771 -0.0001795931528600237 -0.0006963781022830266 -0.0733774428718038 0.00017960374338257465 0.9999999837566623 1.5128702979527698e-05 -0.21023866421689136 0.0006963754328339216 -1.5253771911057254e-05 0.9999997574148148 11.888106776597864
0.9999972769145492 0.0021612550571424288 -0.0008804174186797601 -0.06860056957545152 -0.0021618193036861463 0.9999974582889802 -0.0006402786730248095 -0.2285461502057248 0.0008790314490113015 0.0006421802431492747 0.9999994074546138 13.23097407413083
0.9999855919600356 0.005334375582997665 -0.0006002482839412376 -0.09908967993083645 -0.005334752805260664 0.9999855728982114 -0.0006280275080579124 -0.2518870349364907 0.0005968895390724305 0.0006312206434994716 0.9999996226420506 14.568158266387178
0.999982497064753 0.005913225200492999 -0.00019829188994420315 -0.1177888846020658 -0.005913191082156929 0.9999825017778267 0.0001741299751666915 -0.2835585059726175 0.0001993181065446793 -0.00017295439764520318 0.9999999651797 15.916130427251435
0.9999909422449124 0.004256009312468005 4.24832828372205e-05 -0.11222644429747188 -0.004256121130135307 0.9999861064750835 0.0031100317036702406 -0.31073817274299 -2.9246368926653683e-05 -0.0031101844122983224 0.9999951629373702 17.260929664003484
0.9999999864644363 -0.00013468225247824546 9.45102103033905e-05 -0.11877014150388684 0.00013420321231820583 0.9999872365121352 0.005050623814862772 -0.3350188125928622 -9.518923735028079e-05 -0.005050611162290948 0.9999872410520724 18.625003334243537
0.9999974702186898 -0.00224307531875792 -0.0001678463593641252 -0.11274116827270808 0.0022436542973525726 0.9999912463768189 0.003531739103352837 -0.37001540373375197 0.0001599229498230419 -0.003532106826060199 0.9999937493039596 19.959230867378444
0.9999955824161703 -0.0029629942353818148 -0.00023625662374067847 -0.1204462724720974 0.0029632467315003266 0.9999950319516998 0.0010748191986877536 -0.36969159527237366 0.00023307078769118695 -0.0010755145563713729 0.9999993944733052 21.324145716363134
0.9999994659964611 -0.0010133928064597897 0.0002025924528076008 -0.1312286163587443 0.0010134029822846304 0.9999994852658709 -4.980775295172608e-05 -0.4266566141745948 -0.00020254189079607675 5.0013036076463117e-05 0.9999999782375824 22.665152894170355
0.9999981491718414 0.0016770553227966204 0.000942940503302182 -0.14133860171144857 -0.001678309795863104 0.9999977057819301 0.0013310558969810262 -0.4182210810165818 -0.0009407061641398106 -0.0013326360064931824 0.9999986695751322 24.03599187963593
0.999996459033405 0.001938434194754808 0.0018232917035447707 -0.15916703781729516 -0.0019495176050090919 0.9999795144979795 0.006096717751169115 -0.4407684028126421 -0.001811436414595547 -0.006100250822414 0.9999797526135531 25.4281493003551
0.9999981873634837 0.0002343627121976933 0.001889535941117729 -0.14863597377892887 -0.00024707613693333765 0.9999773166959485 0.006730902283822394 -0.4586483735543918 -0.0018879157617850738 -0.006731357073699542 0.9999755620039995 26.797469733202572
0.9999910893481178 -0.0038050235656091978 0.0018283948705258 -0.15633524792685954 0.0037932643252462997 0.9999723726206788 0.006392584317476738 -0.4979677341156017 -0.001852668441863264 -0.0063855918917855884 0.9999778956731675 28.169166089985993
0.9999912822278703 -0.0038259719649276717 0.0016725472750859943 -0.16370916836988836 0.003819352365594107 0.9999849310273395 0.003943381755202145 -0.5020587853557243 -0.0016876094787144586 -0.003936959403600775 0.9999908261196125 29.533452775391844
0.9999888487598181 -0.0040127371873227916 0.0024900411756819418 -0.16545246627750568 0.004007877881052465 0.9999900602619936 0.001953531749421793 -0.5439017564940931 -0.0024978556440544367 -0.0019435302173708628 0.9999949916897121 30.913498678104368
0.9999943786274078 -0.0015364766827541364 0.00298026159070234 -0.17886183772607572 0.0015339593935734409 0.9999984649558853 0.0008467892189531323 -0.5439151750733116 -0.002981558338935464 -0.0008422128715699427 0.9999952004803123 32.297972288951975
0.9999940646422627 -0.00024164762465504058 0.003436901413431018 -0.1825297208114175 0.0002457139506432983 0.9999992703514852 -0.001182759860285376 -0.5870607843125805 -0.0034366133859587023 0.0011835973611169575 0.999993394368849 33.680513403226804
0.9999931299014916 -0.0003384513771303166 0.003691287787203409 -0.19805408227651528 0.00034123301492273647 0.9999996583062166 -0.0007529588446762865 -0.5838917216359174 -0.0036910319984680994 0.000754213279163842 0.9999929036950856 35.07444594087044
0.9999950880290281 -2.0496446732701235e-05 0.003134246594344507 -0.1938187088972424 1.767924975004491e-05 0.9999995958608154 0.0008988690025832913 -0.6306610505951571 -0.003134264015431437 -0.0008988091913851741 0.9999946842495128 36.46754139360766
0.9999947996114512 0.0014130613937990743 0.0028989668590414398 -0.20505037915779273 -0.0014195639488129566 0.9999964786877626 0.0022421980965291327 -0.6453597566828626 -0.0028957885302929812 -0.00224630174806866 0.9999932842444049 37.867691393928524
0.9999918958526964 0.003083251426582807 0.00258878105152516 -0.2046990273598313 -0.003090081857861194 0.999991744676919 0.0026385559051884007 -0.6590794248590065 -0.0025806245651799984 -0.002646534119726825 0.9999931680922138 39.263630059148404
0.9999768484052021 0.006050955505505608 0.003112648838904199 -0.22260096720715808 -0.006060062507857101 0.9999773608840616 0.002924615085672678 -0.6967794577978271 -0.0030948819150778393 -0.002943410282826664 0.9999908789776348 40.659921059198375
0.9999563932424171 0.008789470634141212 0.0031554404231444668 -0.2354579431667817 -0.008800229703289848 0.9999554562263043 0.003411969961263616 -0.7242040945934077 -0.003125310720025377 -0.003439589848836725 0.9999892007673359 42.08406307951318
0.9999502340918058 0.009589938355438562 0.0027499825605955827 -0.23525002134017886 -0.009599264481665676 0.9999481518199332 0.0033982074932136577 -0.7359061471230471 -0.002717251606086183 -0.0034244362608788353 0.9999904448429227 43.475276125438306
0.999959897955609 0.00862322079082689 0.0024171322166117028 -0.24741340842214385 -0.008631186353793112 0.9999572908835641 0.003304398447175716 -0.7572651487875817 -0.002388534625342755 -0.0033251287228435317 0.9999916191742804 44.90242282688033
0.9999660528359445 0.008100035924283605 0.001510820443174337 -0.23901722788764188 -0.008104187390482766 0.9999633463833507 0.0027618930894808364 -0.7834912813644151 -0.0014883937569461722 -0.0027740433626956564 0.9999950446706595 46.30102218515427
0.9999718841399517 0.007477862825239689 0.0005590010711069449 -0.24907279208602887 -0.0074797767726081914 0.9999658900539111 0.0035030962253682144 -0.8096216551547528 -0.0005327863732328721 -0.0035071790104511504 0.9999937078972 47.73098515139049
0.9999673249628588 0.008074398428219847 -0.0003912526932060706 -0.2612206665376307 -0.008072576648637008 0.9999574942606541 0.0044545700710395065 -0.8333294913525005 0.0004272040754975887 -0.004451266194706534 0.9999900018138214 49.12983770156451
0.9999588914341766 0.008980305714368225 -0.0012528084925346747 -0.27807659439910193 -0.008974456523040983 0.9999491514344189 0.004599314560251261 -0.8617825769987327 0.0012940481523549476 -0.0045878823120345 0.9999886383246749 50.556986470952076
0.9999563512373022 0.009023074185518403 -0.0024248150974444526 -0.28553588595830753 -0.009011246197398036 0.9999476575926213 0.0048455686706410355 -0.879312174507681 0.0024684103143101706 -0.004823506665726612 0.9999853202619476 52.003780405463836
0.9999475846277435 0.009665887760381927 -0.003376178761959456 -0.3058950078091871 -0.009644886399784627 0.9999343743509232 0.0061824896123596155 -0.9056978256200675 0.003435716743429169 -0.006149602825645854 0.9999751888139098 53.408322991813776
0.9999552318323447 0.008362889140029276 -0.0044267809729205574 -0.30634567508717253 -0.00833133506976404 0.9999400933437504 0.007099196832035308 -0.9290204392442903 0.004485885959648904 -0.007061998167679541 0.9999650018973637 54.86987877120285
0.9999716447828556 0.005841446925208696 -0.004752589524666053 -0.32237173532001295 -0.005804250457695196 0.9999527096429226 0.007803150883232889 -0.9354334162012417 0.0047979468761341106 -0.007775344564897461 0.9999582609960606 56.26604044959258
0.9999752873044844 0.004568534935345791 -0.0053435240692867704 -0.334301053945053 -0.004528970688518593 0.9999624151803059 0.007393014124436984 -0.9688941898747119 0.005377098937288492 -0.007368630912352757 0.9999583941836294 57.69603551591352
0.9999819097614708 0.0028116000578259854 -0.0053174278837542135 -0.3532462545799352 -0.002770789401023624 0.9999667710872602 0.007666775736510665 -0.981554518895808 0.0053388075557033714 -0.0076519037272002825 0.9999564718106835 59.1478094501471
0.9999848549716474 0.0023792095953424127 -0.004962778971243207 -0.3627480057196654 -0.0023373780814214262 0.9999618369445251 0.008417916596712743 -1.0067015419069152 0.004982617992102617 -0.00840618938789518 0.9999522536152631 60.54563525039991
0.999990061880385 0.0009680460993938067 -0.0043518981276490145 -0.38188247370569883 -0.0009274159773895009 0.9999560581605971 0.00932853933377967 -1.0248532805218715 0.004360737729364978 -0.009324410793854045 0.9999470182670313 62.001667199795556
0.999990572188689 -0.001615623136218526 -0.004030544694540563 -0.3906978023130133 0.001651867533200858 0.9999580867132444 0.00900533981239181 -1.03668617065777 0.004015826872599157 -0.00901191301732114 0.9999513280998661 63.400471390218016
0.9999902598244537 -0.002509417326728283 -0.0036308508511300602 -0.4028962816385999 0.0025387160072632784 0.9999640742584259 0.008087342422555762 -1.059749710830054 0.0036104262047656874 -0.008096481510191685 0.9999607051373759 64.8217266157043
0.9999926352280761 -0.002457774545042788 -0.002947682522458933 -0.40954916985087975 0.002481580401944239 0.9999641169446354 0.008099788629834324 -1.0805011804879305 0.0029276695504426393 -0.008107044048204667 0.9999628516077186 66.27467464354238
0.9999969876300387 -0.0008883408749794774 -0.002288138716580515 -0.4258576633456187 0.0009065951743937126 0.9999676754871857 0.007989121490874784 -1.1001375156078266 0.002280967889735742 -0.007991171998882789 0.9999654685847259 67.63844655494286
0.9999953014720463 0.002597337730465033 -0.0016281471568480622 -0.4478626787885619 -0.0025813956393478258 0.9999494427955536 0.009718448993278216 -1.1254466311493978 0.001653307083945954 -0.009714200633700296 0.9999514492652607 69.11561705962231
0.9999830144615182 0.005782947871317947 -0.0007268353575728167 -0.4633833611223912 -0.005774811168868974 0.9999256631312335 0.01073870454323755 -1.140892371435288 0.0007888827704678591 -0.010734325020257436 0.9999420742899707 70.4778867607859
0.9999554507379211 0.009434439656286292 0.00029642404976032693 -0.48586227775823354 -0.009437265281222513 0.9998868688620195 0.01171270754315126 -1.161680740374971 -0.00018588768927444007 -0.011714983421039282 0.9999313599508786 71.92527014563227
0.9999101936347194 0.013383858628698257 0.0006906237854373601 -0.492040861338634 -0.013390834412162204 0.9998460049403554 0.011342485956178039 -1.167046266259678 -0.0005387112414247338 -0.011350715591025722 0.9999354334400958 73.2899745559913
0.9998490256422826 0.017321181245449152 0.0013793319981459003 -0.5074474116209846 -0.017335074707478602 0.999791482781839 0.010792876605271628 -1.1868586346494476 -0.0011920991048767224 -0.010815158206356435 0.9999408038752772 74.69148822768561
0.9998323624539965 0.018179331258645882 0.002181480365140121 -0.5211093828219409 -0.0182018310070843 0.9997762222060841 0.010779559655124525 -1.1901393784140828 -0.0019850271725790477 -0.010817459758670505 0.9999395192873016 76.13656359701801
0.9998193695383787 0.018834254705734927 0.0025493323189299507 -0.5303296984200161 -0.018861974762847594 0.9997579591291387 0.01132471259435851 -1.2093109320404225 -0.0023354229441402505 -0.011370752684800874 0.9999326236222015 77.49963995503002
0.9998356106914174 0.01792426443505086 0.0027335492210897603 -0.5351514793723312 -0.017954876020057124 0.9997712969745257 0.011617926602211665 -1.2358650634482249 -0.0025246814665122997 -0.011665097518243562 0.9999287732055046 78.92089588970163
0.9998559034136808 0.016809425729718736 0.0023697200118479008 -0.5376090832526593 -0.01683327202218295 0.9998039107564962 0.010429814522498722 -1.2451721796536053 -0.0021939363206099137 -0.01046820198082374 0.9999428000597304 80.28409291469688
0.9998563021065309 0.01682234004819609 0.002093793274133896 -0.5424510481313178 -0.01684389505479625 0.9998004305887865 0.010741612339417509 -1.269174388003204 -0.0019126765155449673 -0.010775336650237954 0.9999401151017554 81.66808905474372
0.9998695618833109 0.016064853444287125 0.0016672319989277404 -0.5522647188406671 -0.016082383687663564 0.9998091098402557 0.011095082428212687 -1.2783883691991142 -0.0014886729853737085 -0.011120448501535797 0.9999370577589809 83.08006076548527
0.9998676944794235 0.016201325903048534 0.0014527677224104507 -0.5663221468620674 -0.016215536342316917 0.9998147409379132 0.010370160270261474 -1.2890039891758258 -0.0012844883389481153 -0.010392345864804788 0.9999451731164148 84.42692882931122
0.9998678945172769 0.016242712555777073 0.0006064320135888129 -0.5706418147963425 -0.016248242134651557 0.9998115365302569 0.010624786499610456 -1.3007039821686048 -0.000433742399269255 -0.010633236582924671 0.9999433714717608 85.847631137853
0.9998746444626168 0.01582339483478747 -0.0005616883468163982 -0.5833681712801302 -0.015815881339773297 0.9998085993254899 0.011516190765346376 -1.3183691291512858 0.0007438061439581016 -0.011505863790325654 0.9999335287188952 87.19631345234907
0.9999193955749055 0.012589142439311415 -0.0016479721634823437 -0.5898477239620615 -0.012567024696568441 0.9998390178369032 0.01280657357324599 -1.3260522806543502 0.0018089308106537774 -0.012784831462967732 0.999916634456002 88.56825344094162
0.9999261022876522 0.011849002941035395 -0.0027186503938282074 -0.5910732122353095 -0.011811263856913334 0.999839088048481 0.013501558394602075 -1.3447370489104162 0.0028781931889906255 -0.013468450240063705 0.999905153933443 89.95068690356158
0.9999373502965099 0.010589731579619257 -0.0036267114451911976 -0.605074496052415 -0.010537930059321774 0.9998462321840281 0.014016562910324633 -1.3686619040903765 0.0037745857421952163 -0.013977467031932604 0.9998951859723366 91.32624186899761
0.9999470633121178 0.00943877209143247 -0.004096355216381187 -0.622063024534353 -0.00938315143914174 0.9998663041627863 0.013391425777665764 -1.3761865876492358 0.00422220653364318 -0.013352280432428249 0.9999019399884278 92.70788718271288
0.9999561125954799 0.00835620710225313 -0.004236349805927353 -0.6331331552176156 -0.008298206213480017 0.9998740465366721 0.013528889399287867 -1.4029597145137847 0.00434886680257173 -0.013493141823046957 0.9998995061980178 94.02172554322382
0.9999544422398018 0.008391395530655248 -0.004549494368138387 -0.6538342517938113 -0.00833211887230911 0.9998821347882374 0.012895438700872525 -1.4023522243459665 0.004657169271132662 -0.012856944549305738 0.9999065005115685 95.41759942190829
0.9999608376671234 0.007673277818782047 -0.004409525471897753 -0.6624252091761713 -0.00761790139678985 0.9998935894148607 0.012440958028056368 -1.4095908412939115 0.004504519569206097 -0.01240687973494168 0.9999128855315876 96.75767577521417
0.999955101075106 0.008471929421758694 -0.0042452584480176855 -0.6752703900821514 -0.008420632708930684 0.9998930317709039 0.011959012270275899 -1.428910887939886 0.00434612062453534 -0.011922727806353981 0.9999194766629559 98.10415826494996
0.9999365159154872 0.010613289472283741 -0.003784467439907985 -0.7021747968501386 -0.010566911567824909 0.9998713035387361 0.012071319704133682 -1.4371284099720427 0.003912097142340257 -0.012030563483114803 0.9999199773232181 99.48326320512302
0.9999328469024633 0.010987234414101347 -0.003685421682260472 -0.7084234166079608 -0.01093631620616865 0.9998482088622322 0.013563046954352136 -1.4527811097975103 0.0038338829784015 -0.01352183149491233 0.999901225835311 100.81156933807175
0.999932803375741 0.010999593300175463 -0.003660279755811637 -0.7299734840679628 -0.010942819524990221 0.9998248138177143 0.015185400683929477 -1.459564470255494 0.003826672091925691 -0.01514432680551452 0.999877995537488 102.16054798661783
0.9999383023594531 0.010550482206934643 -0.0034754523411789483 -0.7439517624228439 -0.010499852783065415 0.9998429403793777 0.014277523703623984 -1.476387135014534 0.003625541564977605 -0.014240151367860785 0.9998920309463651 103.49348225055918
0.9999389865774642 0.010528945229938459 -0.0033413177648684523 -0.7588403638703574 -0.0104882551657695 0.9998733442985477 0.01197045882067147 -1.4883084079256053 0.0034669311751977976 -0.011934684114815332 0.999922768874735 104.81404596032814
0.9999526086521399 0.009069696914214026 -0.003538505489946257 -0.7713120543502296 -0.009030355548667348 0.9998989394188799 0.01098014770537861 -1.5038471606379893 0.0036377348139880975 -0.010947673604374888 0.9999334554552464 106.15865915690708
0.9999600391427984 0.008338533116930969 -0.0032231908266746375 -0.7832219433694735 -0.008299268561955307 0.999893443974186 0.01200928191563912 -1.516135800902002 0.003322987461214187 -0.01198205213339419 0.9999226911074371 107.49585667083534
0.9999861461836961 0.0045517044460869184 -0.0026437499745236995 -0.7894598902286857 -0.004514059856182762 0.9998907561493586 0.014074765839670789 -1.5202090704240818 0.002707525575224736 -0.014062637087678274 0.999897450518814 108.86542333841074
0.9999920086320636 0.0035369595437777825 -0.0018634858420068165 -0.8076285765716547 -0.003508271041845319 0.9998786245876077 0.015179859252441742 -1.5393976175265751 0.0019169503827248975 -0.015173200634510966 0.9998830428073152 110.1894872108614
0.9999948028082817 0.0029836696658134473 -0.0012215008482271239 -0.8163372745165924 -0.002966321192025774 0.999898065531153 0.013966369794846039 -1.5469886572706142 0.0012630474869135505 -0.013962674123603781 0.9999017193955563 111.50120294500421
0.9999909241987822 0.004237159271483687 -0.0004449636125701561 -0.8267230521792291 -0.004231598265000115 0.9999210378039757 0.011832655524257382 -1.5579685654007167 0.0004950653744587132 -0.011830665463002384 0.999929892677543 112.82849999890301
0.9999735349685448 0.007244983745474037 0.0006629923266955173 -0.8300465042782947 -0.007251268126827569 0.9999234550671939 0.010025124876997693 -1.5802439020684067 -0.0005903097534446275 -0.010029667299628515 0.9999495273816109 114.17584960238395
0.9999469141255427 0.010099322372587063 0.0020426938453571237 -0.849466162285579 -0.010117773221607701 0.9999061851546851 0.009233177918165978 -1.5771567972427114 -0.0019492535279055831 -0.009253355468460034 0.9999552869121213 115.49249670966533
0.9999348549451708 0.010829235149802342 0.0036074244338999482 -0.8604456015627135 -0.010870309979827984 0.999874001690816 0.011567935195618127 -1.5939465432230637 -0.003481698299617003 -0.011606395657889767 0.9999265819832142 116.85092106783934
0.9999293053947492 0.011012467022700824 0.004484390953983041 -0.8667005586940344 -0.011073285519883075 0.9998438590287103 0.013770981464820559 -1.596930379969747 -0.004332038633192618 -0.013819665149428069 0.9998951196485185 118.15752215865747
0.9999290415594798 0.010587421969415232 0.005460615654047577 -0.8657003915149648 -0.010666828426333107 0.9998347062647872 0.014723414616125039 -1.6135121479554206 -0.005303830482067005 -0.014780617610981624 0.999876693760629 119.52002784233025
0.9999205774158489 0.010866936814637473 0.006383457182917119 -0.8661757899016871 -0.01095699801051099 0.9998384694642086 0.014247076665453471 -1.6240601549828102 -0.006227604493146911 -0.014315888938877004 0.9998781287065625 120.83951443054276
0.9998853836652857 0.012960763393055009 0.007825478874155613 -0.8645343058323622 -0.01306923448529669 0.9998169598265154 0.013972901615328367 -1.6356924534385249 -0.007642947660725348 -0.014073573392017862 0.9998717517171387 122.15211390040064
0.9998551075501224 0.014522241567953662 0.008880786867817908 -0.8683773888425947 -0.014641080138891496 0.9998021316344062 0.013466119845116725 -1.6370806463488565 -0.008683472119399726 -0.01359419329024329 0.9998698891451342 123.52456681341214
0.9998285082332302 0.015520164037161093 0.01010339538620194 -0.8727083035805079 -0.015648646573548333 0.9997960753653412 0.012764308855810726 -1.6513516861352462 -0.009903231715141604 -0.012920224604006094 0.9998674881181664 124.84324204618346
0.9998106305504304 0.015903045717205064 0.011215887816743316 -0.8646524397630824 -0.016039397496615877 0.9997972500780429 0.01217359857370263 -1.648683163596465 -0.011020017423975629 -0.012351189595661307 0.9998629942794122 126.17790609448312
0.9998046281752755 0.015683128239307825 0.012030998821064882 -0.8594089389989233 -0.015823746375016063 0.9998065380994109 0.011683127224845628 -1.6681282652761302 -0.011845444291065287 -0.011871220381292584 0.9998593698986276 127.53127135573607
0.9997911728991349 0.015710250008472672 0.013068993902873836 -0.8582893336968229 -0.015875510803835827 0.9997940903363572 0.012639031696042437 -1.678601534901863 -0.01286774160093992 -0.012843869532303247 0.9998347144606144 128.85301551919727
0.999789159591464 0.015089362635513737 0.013926502225727914 -0.8484044772281415 -0.015277596581451867 0.9997920127770349 0.013510228132219122 -1.6882496730808125 -0.013719746108907213 -0.013720143383803906 0.9998117453962997 130.2234571730461
0.9998090842798206 0.013379088457212505 0.014240609357364287 -0.8321296398621183 -0.01358318558462656 0.9998050109545532 0.014333079477701554 -1.6946044709151784 -0.014046070232457126 -0.014523776192320556 0.9997958630826079 131.54998328599592
0.9998275747270623 0.011897443498867868 0.014257335995420208 -0.819762574467712 -0.012106206725595647 0.9998194403632293 0.014646721585197532 -1.709723970776703 -0.01408050433221203 -0.014816798666829702 0.999791079114134 132.90371353259513
0.9998542269237074 0.009660578913911968 0.014078284727264006 -0.8095009843183877 -0.00987853068033514 0.9998311463124729 0.015494951126819798 -1.7041728118278534 -0.01392621852372613 -0.015631765451888296 0.9997808301563547 134.2350627035466
0.9998729410663019 0.00842072836425477 0.01353488249550163 -0.7928277913448384 -0.008633412938440596 0.9998389568044005 0.01573291609935152 -1.7249832850197215 -0.013400221302103044 -0.015847769629357276 0.9997846179394013 135.56564339890153
0.9998876029399155 0.008509356125530571 0.012343918861835291 -0.7889907965496207 -0.008697303561293593 0.9998458403988684 0.015252945946562037 -1.7337849603062445 -0.012212224199386015 -0.015358590669043878 0.9998074691024722 136.90855571417706
0.9999171928614937 0.006082874736404096 0.011340460710235176 -0.7771888949009611 -0.006273589658602256 0.9998382093536766 0.016858149185110687 -1.7421416604250237 -0.011236080856268872 -0.01692789893620481 0.9997935770576293 138.24403973792434
0.9999320091496811 0.005488574349343266 0.010288470508766502 -0.7626226480579884 -0.005661752068124466 0.9998415040927823 0.016879314566952405 -1.7460316983125619 -0.01019419730352204 -0.016936418026897437 0.9998045989525107 139.5778842844373
0.9999532444607955 0.0036104996913078257 0.008970684729577884 -0.7626108313087419 -0.003765535784134873 0.9998428003948642 0.01732614318027382 -1.7526866760540787 -0.008906719245804166 -0.017359112859120125 0.9998096476600539 140.93822672846176
0.9999652189942333 0.0031582247521129243 0.007719224004032381 -0.7637949429353075 -0.003286578815753753 0.9998556095465758 0.016672086137219214 -1.7514311764889317 -0.007665455861200422 -0.016696876428648436 0.9998312133078954 142.26773278789383
0.9999704292103627 0.0037463738623867236 0.0067160544360576144 -0.7569603279109787 -0.003856627903773763 0.9998567681047075 0.016479371832226385 -1.7549937470169297 -0.006653355144141223 -0.016504786169886033 0.9998416499125182 143.6123783809619
0.9999806122863765 0.0019038193613998573 0.005928787901043872 -0.744037537435322 -0.00198867750748473 0.9998951988665499 0.014340029388144082 -1.7716319435804588 -0.0059008662189632705 -0.014351542094424498 0.999879599260404 144.96748534340054
0.9999825531708476 -0.0035154736939506295 0.004747084253215441 -0.7641266743256832 0.0034507262407894087 0.9999018406331467 0.013579454209050854 -1.7778702093149419 -0.004794356890438508 -0.013562836663158535 0.9998965264484169 146.28122106305744
0.9999290251595752 -0.011348466188055682 0.0036272542192052762 -0.7503212466354987 0.011287458891116103 0.999801483251182 0.01641911517588631 -1.7839442430492656 -0.00381286623008438 -0.01637700765991704 0.9998586178425458 147.6715051150864
0.9998226029804492 -0.018725199350755888 0.0020321144628946347 -0.7436616744507096 0.018684933865431873 0.999658022546387 0.01829511379496433 -1.7898396865628785 -0.002373999363020373 -0.018253898715479513 0.9998305653031985 148.97109053271592
0.9997905444031931 -0.020433385038629 0.0011593557210274304 -0.7152612637641397 0.020413414090210306 0.9996760027170764 0.01520467376975721 -1.8038462177886125 -0.0014696631568453088 -0.015177822939650455 0.9998837301334116 150.2801192069662
0.9998099565603153 -0.01945547225345675 0.0012391009469012262 -0.7356309334905773 0.019438905617869595 0.9997364383808639 0.012214037438736763 -1.8177669236369631 -0.0014764043473909762 -0.012187629698821107 0.9999246381177912 151.67101798892185
0.9998676824630254 -0.0161040251304906 0.002297379614381286 -0.7385545161642112 0.016080639202873767 0.9998220915243702 0.00985892135305673 -1.8229289727972033 -0.0024557394066952024 -0.009820673691417647 0.9999487605433345 152.99015179368524
0.999857873786038 -0.016562599049163435 0.0031484208686180125 -0.747358229655791 0.016529897729503272 0.999811916414811 0.010143680971996184 -1.8334302106585083 -0.0033158346939767868 -0.010090196397560322 0.9999435949972921 154.35769612315556
0.9997904075947573 -0.020163733146876847 0.0035446802294077915 -0.7508633251531024 0.02011657123189391 0.9997147727711626 0.012872321230404337 -1.8293149777537956 -0.0038032235498969063 -0.012798316711038135 0.9999108653176394 155.68438040005492
0.9996069639772773 -0.027765884279157126 0.0038695268721102597 -0.7489340488424607 0.027700113366692945 0.9994862196650595 0.016124528432295244 -1.8384239008270336 -0.004315250925382708 -0.016011004869565783 0.9998625037146793 157.01676779557778
0.9994832965773994 -0.03191064763583703 0.0038536243744605398 -0.737967891782667 0.03183914148795951 0.9993419537273469 0.01737609266126623 -1.835083329785343 -0.00440557123735468 -0.017244418594915267 0.9998415979405726 158.35823491812087
0.9994689743429692 -0.03237163289237188 0.003721115288285164 -0.7294697199438466 0.03230108509344217 0.9993219684507965 0.017670406922855125 -1.8577336050986744 -0.004290612526540877 -0.0175408277393217 0.9998369417108293 159.70162023047328
0.999503649672875 -0.03114282510826722 0.0047517079115333245 -0.73454790148557 0.03105363755412689 0.9993589866539064 0.01781256278311506 -1.8478785130337212 -0.005303395962294321 -0.017656164016371986 0.9998300524919864 161.07234865958915
0.9995575988949814 -0.029124409228188333 0.006031192005262824 -0.7399842139709003 0.029013703505101785 0.9994223832213244 0.01769477111201167 -1.841349678754585 -0.006543058579156524 -0.017511956026654375 0.9998252446214659 162.41315681178492
0.9996287416233292 -0.026331820465844757 0.007001011071497319 -0.7421375854850427 0.026216598873672874 0.999527114714671 0.01606975074281702 -1.8485884505642702 -0.007420846800131093 -0.01588024230108754 0.9998463626665067 163.758698933781
0.9996502567962741 -0.025313424302892053 0.00765471381954609 -0.7452284282400461 0.0251914793829216 0.999560474083066 0.015628435979170113 -1.8404961671354823 -0.008046959271190006 -0.015430136752747342 0.9998485671970563 165.1066309630102
0.9996709456202764 -0.024406777452206586 0.007893649663708369 -0.7454650082206168 0.024271470805419693 0.9995641400267258 0.016805524956123676 -1.84057150746953 -0.008300378531522684 -0.016608404839094936 0.9998276174448794 166.45343103591344
0.9997084579990836 -0.022866801823420935 0.007752960053937429 -0.7390473523743326 0.02273294051552325 0.999598119449484 0.01693555424916286 -1.8457908753645038 -0.008137106925259324 -0.01675436955017401 0.9998265242493692 167.7863521099262
0.9997611531704728 -0.020605568419958788 0.007283349094950297 -0.7386942887647947 0.02049789140556006 0.9996838433364145 0.014561930100368698 -1.8537517676683462 -0.00758110389008329 -0.014409158992781768 0.9998674427143026 169.18414128271942
0.9998379645255228 -0.01667000121688862 0.0067938036859825765 -0.7433697697765049 0.01658826187255747 0.9997914044036257 0.011915420068425744 -1.8683942629996562 -0.006991017175513127 -0.011800792167172669 0.9999059290656847 170.59002719555627
0.9999309190274713 -0.00974178614541174 0.006576837515160034 -0.748687362210471 0.009673352554946207 0.9998995621947487 0.01035817358700742 -1.8809946959886754 -0.00667708461921817 -0.010293838156319067 0.9999247238837086 171.93304050597266
0.9999618848422844 -0.005296986882975134 0.006940519144235243 -0.7529008071711536 0.005216189067833183 0.9999190154618833 0.011608353823403469 -1.9018704665253634 -0.007001446949384036 -0.011571708527401792 0.9999085334668693 173.29022815395112
0.9999700945596979 0.00022698031164563627 0.007730360445685105 -0.7661368481954856 -0.0003362962705788239 0.9998999296677502 0.014142756094227223 -1.921691517242455 -0.0077263773802907845 -0.014144933112942888 0.9998701035428048 174.6871016431615
0.9999698704147242 -0.0010533551459259126 0.007690820119961039 -0.7651276613334033 0.0009274685030135968 0.999865839202744 0.016353696482993733 -1.9137685510271547 -0.007707015201789761 -0.016346071074572147 0.9998366906038174 176.0377455290003
0.9999713775109955 -0.0031214635201653324 0.006892070461391873 -0.7629478364290413 0.0029993642677607797 0.9998396262025572 0.017655754766490672 -1.9174049487242832 -0.006946077520866466 -0.017634577924498487 0.9998203707017845 177.45288056811862
0.9999665130660151 -0.006215791725982035 0.005323222068197066 -0.760245865051691 0.006119787751224659 0.9998216739894531 0.0178652848491111 -1.9128889114008363 -0.005433320133332101 -0.017832109948570846 0.9998262323473042 178.8413295040435
0.9999720608446251 -0.00674945087972465 0.0032128577712215176 -0.755870720965986 0.006702946550339513 0.9998756865492763 0.014271718234473596 -1.929734657377762 -0.0033087848986090365 -0.01424978415380501 0.9998929920725388 180.1781177033141
0.9999884288274318 -0.004575915187259456 0.0014843246346606922 -0.7687407631706715 0.004561325332620839 0.999942663993243 0.009688293355381482 -1.9380653654526632 -0.0015285724591351355 -0.009681410948979547 0.9999519657209852 181.59231797768967
0.9999993781451841 -0.00023159925908484806 0.0010909046574769934 -0.7983577359151866 0.0002218697223584417 0.9999602761753243 0.00891049056291634 -1.9432520991845204 -0.0010929250707096987 -0.008910243157722158 0.9999597057296061 182.98945388275712
0.9999891407355086 0.004593577588360851 0.000785778789592957 -0.8176689642936226 -0.004601053148945431 0.9999414742767753 0.00979174839788589 -1.9540534955908289 -0.0007407537002977228 -0.009795257672650019 0.9999517509426126 184.32226015230995
0.9999841430102413 0.005521744028084614 0.0011063731691493414 -0.8131022400445842 -0.005535979595728541 0.99989615286242 0.013305503614785422 -1.9585571663437729 -0.001032788767213797 -0.013311417754591558 0.9999108657817963 185.76738329755906
0.9999693162716896 0.007664353914830532 0.001619932151404589 -0.8240010845807189 -0.007689154530704453 0.999843992072654 0.015901837247503138 -1.98227224320705 -0.0014978022348063958 -0.01591380554679681 0.9998722455326396 187.13218893586577
0.9999881106001668 0.0045612000508528944 0.0017245596601939697 -0.8282946584065337 -0.004589335136539895 0.9998503751404259 0.01667828934675555 -1.9676081942163997 -0.0016482287350992185 -0.016686005965174822 0.9998594203948723 188.59074991272198
0.999988997885591 0.004420223804200912 0.0015702620887281993 -0.8294107511418838 -0.004446939522615007 0.9998380560458501 0.017438073614582366 -1.9835026483237639 -0.0014929277185637949 -0.017444864965446113 0.9998467121811119 190.00760476505593
0.9999979824282027 0.0011410279260625489 0.0016532377791909799 -0.834111561273746 -0.0011706955563443554 0.9998362791537335 0.018056698287009693 -1.979808051101336 -0.0016323640361607724 -0.018058597649919402 0.9998355977085015 191.36186720203125
0.9999978848198431 -0.00012345453304666784 0.0020530752069838174 -0.8413802385928504 8.641303075609258e-05 0.9998374014534804 0.018032281568272406 -1.9849956103078998 -0.002054967705946326 -0.018032066367935473 0.99983529728462 192.8088370851104
0.9999930919641248 -0.002887206527090503 0.002340954886446825 -0.8447538425137423 0.002842675460293438 0.9998190739847991 0.018807936592663724 -1.9813621934947814 -0.00239483393112235 -0.01880115245815797 0.9998203745888252 194.17464127270065
0.9999635696063668 -0.00811165418146601 0.002657167466562983 -0.8418178092297235 0.008055442095416518 0.9997569189647645 0.020523469857832623 -1.977520971463325 -0.0028230010711101493 -0.020501317916649744 0.9997858403858015 195.6308301384461
0.9999311788026329 -0.011361820918311252 0.002923473564216103 -0.8367196753305916 0.01129701873844651 0.9997092506052571 0.0213023848508774 -1.9876663774662198 -0.0031646576973488553 -0.02126789266752094 0.9997688041196429 197.0471388642638
0.9999562760279822 -0.008813521175178285 0.003125362381862507 -0.8486783102936724 0.008757411645287674 0.9998079150071564 0.017533990214569677 -1.9972995108922544 -0.00327929850307132 -0.01750585380957318 0.9998413830642964 198.46523477132465
0.9999909216582269 -0.002429846919450607 0.003500350407495608 -0.8601557419952917 0.0023859626891625 0.9999191848471423 0.012487231416291185 -2.001712050025382 -0.0035304098750213384 -0.012478766588683604 0.9999159047594306 199.90002488747677
0.9999577175178191 0.007728657723712882 0.0049830728893747915 -0.872103167512227 -0.007787447467021307 0.9998990062922376 0.011888351013218255 -2.002659875836476 -0.004890689038641473 -0.011926653999587061 0.9999169145903846 201.34706344801646
0.9998928835606627 0.013222923896990254 0.006275002930528548 -0.8973622725776258 -0.013318791291228295 0.9997913142729777 0.01548992346274501 -1.9929863244257076 -0.0060688718489831 -0.015571840003786367 0.9998603335436038 202.78536585052214
0.9998514112900537 0.015603800228425238 0.007326440146201962 -0.8900866908025178 -0.015732837898917218 0.9997160260090079 0.017898189430147884 -2.002127844231067 -0.007045080437236912 -0.01801079601767235 0.9998129715454142 204.20812915500568
0.9998812598953726 0.013819666210189221 0.006817837451462328 -0.8888699685957218 -0.013943087568624082 0.999733479998375 0.018399981117535706 -1.9979851562586222 -0.006561739304564831 -0.01849285837620008 0.9998074603487465 205.671760651083
0.9999280274623492 0.010693764563796376 0.0054390509940738085 -0.8816549599292971 -0.01079374697190726 0.9997669196356098 0.018697632043055648 -2.0028790574211985 -0.0052378356113135715 -0.018754994440808453 0.9998103896565788 207.11902231169114
0.9999523903832697 0.008772016667679643 0.004274187185940349 -0.8787787823209308 -0.008849765233628036 0.9997892478223668 0.018524081733100883 -2.0066864465865355 -0.004110793170957669 -0.018561025731032972 0.9998192785236865 208.55493886147775
0.9999571724798162 0.008449534748620324 0.003776050171596614 -0.8887086596632482 -0.008515929002893833 0.9998030312199191 0.017927011079538733 -1.998078152447952 -0.0036238317968454036 -0.017958400242757893 0.9998321677702048 210.03336970164582
0.9999417391874438 0.010163078670726996 0.0036373127355522647 -0.89091161624412 -0.010226958289844445 0.9997857356809259 0.017997001622747855 -2.005474311796451 -0.0034536287238465784 -0.01803315210884354 0.9998314247302499 211.487491627323
0.9999307432791428 0.011229026347514371 0.003523860156679935 -0.9000403803872461 -0.01129327269884066 0.9997599602132368 0.01877455626662484 -2.00111902108427 -0.003312194568505839 -0.01881305229282795 0.9998175325707382 212.94058720184083
0.9999339640464155 0.011068794482641297 0.0030901962866985372 -0.9113815170797798 -0.011124871432101016 0.999762104958636 0.01876088325817253 -2.010208312143543 -0.0028818010123084436 -0.018794022778302152 0.9998192236281699 214.38852327107824
0.9999324459961785 0.011265941683677156 0.002860415914662912 -0.9141982731214486 -0.011315948548240144 0.9997719037544902 0.01811324899235115 -2.011806101339403 -0.002655700868186756 -0.018144394053263763 0.9998318499741492 215.8622532566197
0.9999438985120511 0.010273601511425418 0.0025793255572446345 -0.9206608741575155 -0.010317695921314146 0.99978997832678 0.017707185068424777 -2.0088988328045034 -0.0023968674685942134 -0.017732804721202065 0.9998398885163552 217.3341272511004
0.9999324396745721 0.011444752110950987 0.002033153025398614 -0.9192798595896328 -0.01147944365700485 0.9997728043178989 0.01796001497127866 -2.017873873429922 -0.001827143323178912 -0.017982141414124478 0.9998366387283836 218.7949915406569
0.9999191839090038 0.01257439406911326 0.001873562490617703 -0.9270446758093185 -0.012605493210272937 0.9997650907906845 0.01763135840422975 -2.022977990161941 -0.001651418851088299 -0.017653551042252306 0.9998428001228786 220.27689196410606
0.9999406168472462 0.010751665203776638 0.001778890654456112 -0.9336905841449897 -0.010781279524484908 0.9997874743380264 0.01757185775411421 -2.0185674362882238 -0.0015895859837826082 -0.017589993352824133 0.9998440205134279 221.76311065938341
0.9999251571883797 0.012161774577676766 0.0013308769385713339 -0.9421126523346783 -0.012183043168379076 0.9997752712732143 0.017348787582143532 -2.0207098062023974 -0.0011195858898871195 -0.01736370363193413 0.9998486127060763 223.25760762112787
