1.0 -3.469446951953614e-18 0.0 -1.7787691892340307e-19 0.0 0.9999999999999999 -3.5575383784680614e-19 0.0 2.168404344971009e-19 -2.371692252312041e-19 1.0 0.0
0.9999998614187687 -0.00015101254842660866 -0.0005043382833133444 -0.0035401846388293883 0.00015135338734295276 0.9999997601770014 0.0006758237540845572 -0.02134683799374299 0.0005042361476661043 -0.0006759000073520444 0.9999996444529277 1.325791064538594
0.9999996306299277 -0.0006369317409321857 -0.0005771118299648199 -0.014844023559243327 0.0006375283318539836 0.999999262111019 0.0010340860082797675 -0.036614813686494836 0.0005764528115183147 -0.0010344535718317283 0.9999992988042724 2.625379462132778
0.9999983210711093 -0.0014578683769816587 -0.0011101689910761137 -0.01335803568293374 0.0014587840411483602 0.9999985961970702 0.0008243486220001435 -0.0735922535980371 0.0011089657353177253 -0.0008259667508503672 0.9999990439874696 3.9516710397090073
0.9999974084589296 -0.0022137111805595293 -0.0005315643715934099 -0.028024983447993083 0.002214114404769745 0.9999972608764112 0.0007589029452403796 -0.08806110877356782 0.0005298829691871411 -0.0007600779365617858 0.9999995707531674 5.26581687306871
0.9999968309091665 -0.0023726913934443653 -0.0008417299582591302 -0.027035157059760187 0.0023736697024948385 0.9999965065691294 0.0011629866735795124 -0.10403721371660497 0.000838967681272081 -0.0011649809986963554 0.9999989694764851 6.588594804888165
0.9999936890530965 -0.0034916896888988105 -0.0006557140743753643 -0.034249828427989404 0.003493013917656225 0.9999918409658213 0.0020290022967220252 -0.14355298191548838 0.0006486241346895208 -0.0020312799480747485 0.9999977265923615 7.924979291317415
0.9999933074057157 -0.003632941696759968 -0.00043229941589729374 -0.054786224959845906 0.003633907042444472 0.999990859177144 0.00225305932311447 -0.16122141838939902 0.0004241102690886642 -0.0022546152221961362 0.9999973684174125 9.240008129605316
0.9999942554626086 -0.0032608879663962604 -0.0009250159904462257 -0.05588610208434214 0.0032623610991239834 0.99999340597859 0.0015953038957709261 -0.18626645233211728 0.000919807862849732 -0.001598312497425726 0.9999982996747568 10.569977397931488
0.9999993969408203 -0.0006445571109558717 -0.0008891927351722331 -0.06965414876969395 0.0006437573955142706 0.9999993883167362 -0.0008994118372179494 -0.20693149841168618 0.0008897719880680462 0.0008988388879052899 0.9999992001975728 11.89018718051002
0.9999965299797039 0.002454631341969024 -0.0009564557488570415 -0.07246965644498023 -0.0024564038639491043 0.9999952600993253 -0.0018563037247491625 -0.2363445257439257 0.0009518947528141535 0.0018586467589138942 0.9999978196625997 13.234702664819
0.9999844219118756 0.005541061758737611 -0.0006727228868785521 -0.09812512340762292 -0.005542356753568418 0.9999827628742113 -0.0019381040451540192 -0.25640678663191097 0.0006619721908582624 0.00194180235692396 0.9999978955964286 14.569379633700615
0.9999832798418405 0.005772734481676393 -0.00033994304640874284 -0.11459532298974076 -0.005773179244247993 0.9999824623992858 -0.0013211006719937941 -0.2861107584600197 0.000332310747848798 0.0013230411565067891 0.9999990695655863 15.921516708948753
0.9999915081888616 0.004111902231330827 -0.000275321612737043 -0.10373343297435993 -0.004111519172803492 0.9999905973116723 0.001378660904942492 -0.313560761119056 0.0002809879674197475 -0.0013775172380526882 0.9999990117458527 17.269364155151116
0.9999998794648024 -0.00046674965298146125 0.00015236836527875337 -0.13268115967924335 0.0004662162952027392 0.9999938286885365 0.0034821294858679457 -0.3414999349184464 -0.00015399271784843948 -0.0034820580976813917 0.9999939257606129 18.621905319349327
0.9999972243452271 -0.0023232221091362745 -0.0003923565861124127 -0.11646152852944844 0.0023238244586682444 0.9999961119458576 0.0015414049991139217 -0.37980396012415696 0.0003887740687033882 -0.0015423125174733527 0.999998735063043 19.966186174983648
0.9999952454785566 -0.0030812583982338677 -0.00012194743040948807 -0.13422938984652236 0.0030811472734556568 0.9999948457455491 -0.0009027787752337144 -0.38157468053876553 0.00012472850656199933 0.0009023987650031193 0.9999995850595914 21.31618217971469
0.9999994095889672 -0.0010772763411209078 0.00014247559971644662 -0.14347812548602507 0.0010775597010228444 0.9999974125211151 -0.0020034506919470135 -0.43952269789452897 -0.00014031697444945985 0.0020036030754814233 0.999997982940695 22.66930596547049
0.9999989658267184 0.0012386812622609223 0.0007307620560152413 -0.1431658621100663 -0.0012380935585854357 0.9999989101540897 -0.000804249454108502 -0.4372836026172603 -0.0007317575309025786 0.0008033438860614801 0.9999994095839989 24.03972654345109
0.9999977808257253 0.0013252176998301756 0.0016377245442161302 -0.15600500599157566 -0.0013305972097884125 0.9999937093219047 0.0032879825576793945 -0.4606953810696659 -0.0016333570845837914 -0.0032901544773151327 0.9999932534905037 25.431778408227014
0.9999981013272743 -0.0004450776758977478 0.0018971692127287539 -0.15092911060311748 0.00043718627658911706 0.9999912600422338 0.004157968940004961 -0.4833238898340593 -0.0018990034077773967 -0.0041571317090878515 0.9999895559656095 26.79926467208805
0.9999905922039065 -0.00395423825775424 0.0017831184385237095 -0.15937066702057429 0.003948236825615384 0.9999865712614127 0.0033568909338310667 -0.5192662274267807 -0.0017963685888632843 -0.0033498192405371054 0.9999927758584733 28.169749810686714
0.9999873478743728 -0.004737424740747585 0.0016914214758604752 -0.17375921106734213 0.0047359983049373115 0.9999884267846365 0.0008465284795758394 -0.5302357720271936 -0.00169541240790377 -0.0008385072114692029 0.9999982112384976 29.528427817049053
0.9999870524710087 -0.00450767233291295 0.0023613110021105375 -0.17157860195189562 0.0045100783680327525 0.9999893149468317 -0.0010144847794373718 -0.5799258984623764 -0.0023567130060878462 0.0010251213676102505 0.9999966975079146 30.916964721372576
0.9999940329257215 -0.0021075043926032377 0.002737251337981304 -0.1778098108555869 0.0021140112168830678 0.9999949418857811 -0.0023763746504253643 -0.5828055864053158 -0.0027322295053286115 0.0023821471012414265 0.9999934301251016 32.30179239525254
0.9999945745090416 -0.0003494879572348737 0.003275487035266994 -0.18647562771511636 0.00036354909384486885 0.9999907180020313 -0.004293220407715861 -0.6289991744122472 -0.00327395648352534 0.004294388002803787 0.9999854196118683 33.6836202034068
0.999993830752395 0.00010491586454929903 0.003511047418441982 -0.2022389184098407 -9.01605349890762e-05 0.9999911656435689 -0.004202440512540237 -0.6449539191430529 -0.003511457603455878 0.00420209811432984 0.9999850059037917 35.077587054959146
0.9999954571945371 -0.00010887267135278357 0.003012265103200091 -0.1988357724380982 0.0001167195639730223 0.9999966003633793 -0.0026049257677799374 -0.6898741598382985 -0.003011971514016825 0.002605265578261788 0.9999920702759671 36.46950751332625
0.9999950300147264 0.0012016676819064254 0.002914779978721868 -0.2138953274516865 -0.0011971116610468317 0.9999980598753028 -0.0015643437947390907 -0.7104553165373102 -0.0029166543928988483 0.0015608467350889032 0.9999945284253908 37.87032730796822
0.9999917452343323 0.003269752484237049 0.0024120901873849244 -0.21126568741985996 -0.0032671498167730134 0.9999940772194755 -0.001082249593092976 -0.7364978085633175 -0.0024156147946298376 0.0010743600199998456 0.9999965052700873 39.26823003997016
0.9999844791327509 0.00472904962895828 0.0029457728760474023 -0.22571219686286442 -0.004725462805766946 0.9999880864661195 -0.001223493515287786 -0.7579016036008022 -0.002951523993759856 0.0012095544080679404 0.999994912727228 40.663273005169124
0.9999620184207643 0.008162073376908732 0.0030565111398744745 -0.24288067442553268 -0.008159594844559017 0.9999663715569184 -0.0008226694143479369 -0.796653928303315 -0.0030631233023219193 0.0007976982874891715 0.9999949904619965 42.08524714087621
0.9999533319774847 0.009265006541728578 0.0027374264962525896 -0.24567241060329298 -0.00926296349996634 0.9999568103263835 -0.0007582940193701808 -0.8242841565854404 -0.0027443340998533346 0.000732901959151565 0.9999959657325702 43.47676251209933
0.9999621317409956 0.008409417780790384 0.0022398127883025473 -0.2529168465883487 -0.008407427721190923 0.9999642549366998 -0.000896675182632756 -0.8529430538801106 -0.0022472734334451207 0.0008778101756674997 0.9999970895999131 44.90541628862196
0.9999672085224943 0.007986262411291177 0.0013421911933066794 -0.2450040330648131 -0.007984350312123988 0.9999671101360891 -0.0014243642323658054 -0.8896867781299315 -0.0013535225113993916 0.0014136010235314125 0.9999980848516116 46.299407186005034
0.9999715026450345 0.007515390497749497 0.0007160926336349505 -0.27021562552738754 -0.007514714607803353 0.9999713198869737 -0.0009425942269053641 -0.9201612633939601 -0.0007231561220748079 0.0009371861469928635 0.9999992993628435 47.73100850638508
0.9999708718085175 0.007613615553642649 -0.0005370062586718182 -0.2645739423207463 -0.007613773434125941 0.9999709722841995 -0.00029164923206308993 -0.9453659685815154 0.000534770209936945 0.0002957293803971712 0.9999998132828627 49.134420832370374
0.9999628939179424 0.00850962960440145 -0.0013405112850770908 -0.28747129917077513 -0.008509930942318361 0.999963765945488 -0.00021883794822747093 -0.9770981714009922 0.0013386005954233668 0.00023023748340316 0.9999990775702334 50.554897169659476
0.999961903457804 0.00838394408735508 -0.0024292163696248764 -0.2984246158852919 -0.008383858426035048 0.9999648538076488 4.566762044886616e-05 -0.9973930510849182 0.002429514071490193 -2.529968343798174e-05 0.9999970484084065 52.00178588642083
0.9999549149307941 0.00884682589874463 -0.003449891521818853 -0.3162725059091223 -0.008843308386799774 0.9999603629137434 0.0010336911894588223 -1.0339381758966444 0.0034588999567105884 -0.0010031361601531446 0.9999935148466724 53.406064950951986
0.999964130687687 0.00731184886863415 -0.0042748310716766835 -0.328057540428919 -0.0073045880886568725 0.9999718560496278 0.0017117583223779387 -1.0592077968540246 0.004287227242394566 -0.001680471084866277 0.9999893977977554 54.86184949632324
0.9999752539870357 0.004909330729282546 -0.0050388357727401325 -0.32448881643465816 -0.004897661863461629 0.9999853021866214 0.002325581236981651 -1.0785395259259551 0.005050179188631784 -0.002300845227534778 0.9999846007872941 56.269311044710676
0.9999804223836947 0.0032051899514415182 -0.0053741594834501895 -0.3497955516261011 -0.0031954672617440835 0.9999932440840384 0.001816805108552832 -1.1093153634499624 0.0053799468374579485 -0.00179959663145136 0.9999839086880333 57.69716166880053
0.9999845521876841 0.001799905726992861 -0.0052588698256886505 -0.3701159919900787 -0.0017900858957193956 0.9999966466826392 0.0018714215870705637 -1.1322831667221234 0.005262221019555426 -0.0018619788913569661 0.9999844209162875 59.141332962048146
0.9999862976117313 0.001601339685092149 -0.004984003159415981 -0.3773507910865014 -0.0015893502014335667 0.9999958361900193 0.00240864502694674 -1.168744996186226 0.004987839889200295 -0.0024006907489328225 0.9999846789563152 60.542619124053196
0.999989785540778 -0.00044334505192658927 -0.004498027499381822 -0.3924053206161624 0.00045790667394901563 0.9999946566614976 0.003236814569613771 -1.191942831123155 0.004496568821833602 -0.0032388412512702174 0.9999846452748369 62.00208659244222
0.9999875373819965 -0.0027912444756725135 -0.00413932738704916 -0.403495326985582 0.002802814596328137 0.9999921745537049 0.002791962950986912 -1.21552713623462 0.004131502295417543 -0.00280352997951977 0.9999875353806956 63.39917885659417
0.9999864055707444 -0.003627776406822056 -0.0037453851836652874 -0.41390589811784984 0.003634036538014536 0.9999920092241141 0.0016659114712877499 -1.2466936146421386 0.0037393120184182737 -0.0016794997241461565 0.9999915983814591 64.81900897363637
0.9999898614648384 -0.0034380214641576198 -0.00290808796382877 -0.42670184907370773 0.003442824567456969 0.9999927152208843 0.0016481683949912404 -1.278913954655012 0.002902400587593266 -0.0016581637540757413 0.9999944132690122 66.27266028504248
0.9999961724423373 -0.0015570989551083395 -0.0022870378116213183 -0.44266841437706284 0.0015604940231888006 0.9999976821810002 0.001483404330844828 -1.31032415075507 0.0022847228977409847 -0.0014869675918395865 0.9999962844795229 67.6411282483828
0.9999980239268261 0.0010838982018251606 -0.001666524078509028 -0.46032526474527813 -0.0010794099137062235 0.9999957945659899 0.0026917886049811855 -1.3377308084611097 0.0016694348380750083 -0.0026899844784050216 0.9999949884745085 69.1115023282638
0.9999898008062074 0.004437485665212354 -0.0008408297614899026 -0.4729604495776755 -0.004434291524161966 0.9999830858315908 0.0037636574080960024 -1.3649075372224848 0.0008575167905801867 -0.00375989061574193 0.9999925639171916 70.46808841609757
0.9999642759029664 0.008451037154517279 0.00016392295734699502 -0.4970359279055895 -0.008451691168106977 0.9999541120162698 0.004510298822258807 -1.3955632592208365 -0.00012579873983914903 -0.004511523217407544 0.9999898151150114 71.9230937787601
0.9999282804512148 0.011962354765869392 0.0005796502829292151 -0.5035391278188637 -0.011964582203172631 0.9999204067904339 0.004003608943599636 -1.4093712512733576 -0.0005317115986056382 -0.004010257167803182 0.999991817526668 73.28488831266135
0.9998718472690841 0.015954240032968935 0.0013233378627310066 -0.5186718845942625 -0.015958772124424248 0.9998665698080679 0.003487149868494452 -1.4368302961058774 -0.0012675265687198654 -0.0035078219084403047 0.9999930442561888 74.68429876991347
0.9998321431886192 0.018201775452767813 0.002093028657722714 -0.532744041790873 -0.018209030941507644 0.9998280732084552 0.003500752310866525 -1.4682053139739641 -0.002028949072233762 -0.003538276791369687 0.9999916819458871 76.12131407008306
0.9998355344449926 0.017966213350658275 0.0024737000722432068 -0.538724665804012 -0.01797550867732549 0.9998312531147474 0.003787668421935853 -1.489370591075869 -0.0024052327853305087 -0.0038315115853865757 0.9999897671335527 77.49091258573098
0.9998531632762471 0.016959325069568723 0.0024562444254696246 -0.5424312913204761 -0.016968510548274196 0.9998489248530115 0.0037679126094890217 -1.5251065776608548 -0.002391972293286611 -0.0038090382371107714 0.9999898847957727 78.90848228316628
0.9998716700347848 0.0158604776723098 0.0022558082287676817 -0.5485845262468216 -0.01586644252953978 0.9998706059910559 0.002650908920665487 -1.5452648387913657 -0.002213471844798155 -0.0026863604445325332 0.9999939419853875 80.28118439181927
0.9998765659853475 0.015585361106956061 0.0019872780675252596 -0.5542444373170036 -0.015590660762446824 0.9998748686051836 0.0026792665620598588 -1.5821451189549778 -0.0019452722229259818 -0.0027099188913921194 0.9999944361112336 81.65536021522577
0.9998861185987539 0.015009817394748472 0.0015669009091076591 -0.5616390763872893 -0.01501445761224888 0.9998827994418213 0.0029922368535144138 -1.6023519097057197 -0.0015218044657555841 -0.0030154223303647367 0.9999942956526213 83.07607572934891
0.9998883376358452 0.014882726856429199 0.0013478369629719492 -0.5792399464173618 -0.014885645310740398 0.9998868239161627 0.0021810457755543594 -1.6296094690602734 -0.0013152246218023959 -0.0022008657115039996 0.9999967131810157 84.42543080904669
0.9998851094913335 0.015148388447502367 0.0005423156195191819 -0.5858224860672054 -0.015149686294748034 0.9998821788697291 0.0024729381122240023 -1.6514873871205176 -0.0005047907377271168 -0.002480869966706591 0.9999967952299759 85.84097453361164
0.9999014664612536 0.014022138795244244 -0.000661026198057686 -0.5979107031805796 -0.01401995292039471 0.999896581636635 0.0032042138396093482 -1.6850665888797114 0.0007058878283760072 -0.0031946306351864143 0.9999946480152971 87.1808485130596
0.9999148510698815 0.012914616901271807 -0.001871695810452052 -0.6017778821256906 -0.012906237477246134 0.9999069316759085 0.004422335511614908 -1.713990252909905 0.0019286345495496155 -0.004397802502004128 0.9999884697866193 88.57260974358107
0.9999347070594017 0.011049146654684866 -0.0029151235243882216 -0.6077845849337477 -0.011035093213105123 0.9999276198223463 0.004793939805911285 -1.7405831727430405 0.0029678817251759517 -0.004761458240389782 0.999984259976072 89.95489525268064
0.9999507770742203 0.009120396113809623 -0.003906632295300697 -0.619088234117588 -0.009100381269783424 0.9999455291794075 0.005110944507519447 -1.7661191966937475 0.003953033673858241 -0.005075141198740041 0.9999793080235136 91.32817195960858
0.9999563118888528 0.008329985180413123 -0.004240947355921424 -0.6359480316962123 -0.008311406689957964 0.9999558679556149 0.004379803299662521 -1.7901194966557838 0.004277244255278326 -0.0043443638115890195 0.9999814156741803 92.70339834423828
0.9999640535708232 0.007218890271189211 -0.004447377413484763 -0.6506553909324049 -0.007200189053369377 0.9999652292051217 0.0042068601661661 -1.8201498714457172 0.004477592017879222 -0.0041746870778493865 0.9999812614079384 94.0237315976923
0.9999654723755269 0.006901659540122601 -0.004628296573290003 -0.6717171580103006 -0.006884590967886291 0.9999694786069463 0.0036938158082577928 -1.8407646746113415 0.004653649166142153 -0.003661824422032458 0.999982467146841 95.4209533738673
0.9999720060773745 0.006018619551366128 -0.004445588787960885 -0.6768894171432476 -0.006006364493093915 0.9999781389718663 0.0027649910491758627 -1.8604394024475446 0.0044621334109267935 -0.0027382118817921176 0.9999862956911789 96.76543730425499
0.999964509362515 0.007232197761146367 -0.004321493674403346 -0.695054432909697 -0.007222931538308847 0.9999715898528105 0.0021560987833710156 -1.8900104424502995 0.004336964600693643 -0.002124808460043821 0.9999883378998385 98.09844621543655
0.9999581287460557 0.008235277789839925 -0.003990103903802703 -0.7163292403188737 -0.008226135311585038 0.999963514076434 0.0023024402429471283 -1.9096268098438476 0.004008919896272865 -0.0022695207565674802 0.999989388866062 99.48863456380398
0.9999579237156379 0.008251291063498388 -0.004008362354481022 -0.7242822273157995 -0.008236334230199305 0.9999591098493361 0.003733824412703704 -1.942059231196915 0.004039007667754035 -0.0037006531777229418 0.9999849956831729 100.808590405427
0.9999546895652224 0.00869782818261922 -0.0038686658145210997 -0.7474362756082296 -0.00867806935690809 0.999949363049631 0.005095337732567876 -1.965187550696637 0.003912788623426294 -0.0050615344199489015 0.9999795352721025 102.14115439307454
0.9999545437469954 0.00879618608727709 -0.0036793374340937973 -0.7606055630989549 -0.008781257376992858 0.9999532251541335 0.004054262089045103 -1.9899071633562508 0.003714827694069944 -0.004021768677523329 0.9999850126075133 103.49746069810664
0.9999557422872501 0.00873883676527581 -0.003485136039720004 -0.7713561670324134 -0.008733757266161463 0.9999607792346494 0.0014702024839673923 -2.0136906682890547 0.0034978475057427113 -0.0014396991218727246 0.9999928461423604 104.82163761698445
0.9999642539250753 0.007550048084504268 -0.0038062610209492215 -0.7939808751925265 -0.007549811735038605 0.9999714968402871 7.658805578823813e-05 -2.0379336302366258 0.003806731095237475 -4.7848773765927206e-05 0.999992753231704 106.13534575418905
0.9999752865410552 0.0061838425935289345 -0.0033446045068731252 -0.799105700539719 -0.006179203492816907 0.9999799345114811 0.001395718774857598 -2.072706652074676 0.0033531685850434483 -0.0013750173245330398 0.9999934327754921 107.50423178227726
0.9999919422426048 0.0028373641525997534 -0.0028398599191347164 -0.807512280382833 -0.0028283881304547783 0.9999910078044288 0.003159831538269173 -2.0904046333083808 0.002848800218413325 -0.0031517739176365814 0.9999909752913633 108.85380437524566
0.9999961132268388 0.0018571011684905556 -0.0020795912266568344 -0.8254615450945908 -0.0018488288651956055 0.9999903993463639 0.003972788604782954 -2.1195564041355035 0.0020869493110459545 -0.003968928436513286 0.9999899460764906 110.17935739716118
0.9999980435936238 0.001324581891585178 -0.0014691109679847605 -0.8349799103819646 -0.001320334614521283 0.9999949571480804 0.0028883207259165437 -2.1466447819659202 0.0014729295035377857 -0.002886375416225911 0.9999947496455338 111.49571078158489
0.9999963906913487 0.002595331977551155 -0.0006948744035476186 -0.8466622450788066 -0.0025950362038158013 0.99999654195772 0.00042645550699134095 -2.1698349395045655 0.0006959788532454403 -0.0004246507544707644 0.9999996676431151 112.81786536978788
0.999984824584944 0.00547341392651457 0.0006263624226592536 -0.8450746984106698 -0.005472447957813934 0.9999838491334344 -0.0015342088026033996 -2.2055392673341547 -0.0006347497214358481 0.0015307578110829757 0.9999986269351663 114.171475608585
0.9999642418777058 0.008250925072402143 0.0018539649676835306 -0.8675854861414825 -0.008247073547844467 0.9999638376292707 -0.002075868417856378 -2.226336760482362 -0.0018710259190170026 0.002060504439071129 0.9999961267828539 115.47892613689133
0.9999519410458768 0.009227363902703494 0.003312300951998931 -0.8787579153750893 -0.009226509200121687 0.9999573974909317 -0.00027340759570758843 -2.2546653800158243 -0.003314682951952466 0.00024283348123369804 0.9999944769370736 116.84456692480485
0.9999524842736525 0.008806039026277019 0.004181250671986598 -0.8877195301991355 -0.008815560467028484 0.9999585790358845 0.002264094770935333 -2.2791129402808927 -0.004161140123985615 -0.0023008473076611973 0.9999886954411167 118.13733501337542
0.9999501730554403 0.008572842831135331 0.005114465669860624 -0.8877189946616296 -0.008588414303770294 0.9999585272666519 0.0030303307709593484 -2.3096601661271707 -0.005088275437617891 -0.003074104991965119 0.9999823295071479 119.51361564236727
0.9999387480455418 0.00921809126953104 0.0061259232898893505 -0.887173286482632 -0.009231214207353289 0.9999551498924183 0.0021172878948297353 -2.33435389991296 -0.006106131703353291 -0.002173707961847977 0.9999789948511338 120.82982118713299
0.9999123829716791 0.010900569403641314 0.007510256177836288 -0.8853017166154057 -0.010915500346295409 0.9999385230620496 0.0019498650697060017 -2.3582439115093448 -0.007488540462644879 -0.0020316724745303074 0.9999698965780417 122.13612127494055
0.9998845617547178 0.01251061688405355 0.008622505793530078 -0.891874210173054 -0.012521803770200011 0.9999208246474954 0.001244546876744294 -2.3791171989796225 -0.008606253781408628 -0.001352372563223121 0.9999620510187283 123.509444032393
0.9998625522745124 0.013346848578027069 0.009835556198634137 -0.8916803664188511 -0.013351501430168437 0.999910781727935 0.0004074641113079319 -2.4043774567317278 -0.00982924115655569 -0.0005387275617859944 0.9999515467181823 124.83355259081593
0.9998376057568269 0.014311437458089157 0.010951933271760684 -0.8846697112504655 -0.014306401858662048 0.9998975134315986 -0.0005380852972218921 -2.431885350590722 -0.010958512547061112 0.0003813151622254423 0.9999398809902676 126.15899123024106
0.9998322092685008 0.014024309686543585 0.011784397218465617 -0.8808707996162934 -0.014016036677912009 0.9999014628738019 -0.0007844069884372773 -2.461184543560858 -0.011794237782438982 0.0006191048396345738 0.9999302538967213 127.5014623000796
0.9998292855092302 0.013316395573710239 0.012809114707469834 -0.8809649402381607 -0.013318104816926336 0.9999113089698466 4.807757049310189e-05 -2.4922727539363643 -0.01280733951692081 -0.00021866249932465416 0.999917958752361 128.83064973615083
0.9998314063684041 0.01230385055927011 0.013629896408569776 -0.8733634418885298 -0.012319260599098984 0.9999235667283406 0.0010471624823466027 -2.5181480917199575 -0.013615971650745571 -0.0012148962055006734 0.9999065603036127 130.1997771955312
0.9998437137050887 0.01080686627869791 0.013991418275309284 -0.8585275111374918 -0.01082852166860202 0.9999402851021361 0.0014728792501735228 -2.5395655021880135 -0.013974666750432001 -0.001624155464212112 0.9999010305043116 131.52345656604638
0.9998546125568083 0.009795439020797868 0.013957188327000684 -0.8452595555984932 -0.009817780961554515 0.9999506292086633 0.0015330832124190836 -2.5741135279438843 -0.01394148320388267 -0.0016698889682684368 0.9999014183969498 132.86444949446383
0.9998735468312582 0.007938591366465807 0.013779299772852764 -0.8353299302133199 -0.00797242523492124 0.99996533438201 0.0024021837510758795 -2.5905277988421456 -0.013759753311005887 -0.002511734468939212 0.999902175402233 134.20088896451108
0.9998927224443737 0.006479836223187985 0.013136031270974574 -0.8206409073682988 -0.006508651526385903 0.9999765028785825 0.0021520127700272785 -2.6240700086213127 -0.013121779029253185 -0.0022372797957148213 0.9999114028197879 135.54698138287856
0.9999131837449161 0.005398013734853992 0.012020250260963906 -0.8146590591727312 -0.005420148544315977 0.9999836735125383 0.0018096155745631621 -2.651012012941258 -0.012010286696568732 -0.001874610043773469 0.9999261166929968 136.88871365978628
0.9999380642380503 0.002114313692588669 0.01092691028502095 -0.8046455092591771 -0.002145532289968944 0.9999936482041334 0.00284609307949065 -2.6653188871689277 -0.010920824266657636 -0.002869360892675337 0.9999362491475451 138.2158076435947
0.9999503709891452 0.0015693439233435214 0.009838329252966712 -0.7902194875951635 -0.0016005961485783104 0.9999936961636622 0.003169499494095973 -2.694079814484976 -0.009833294027489538 -0.0031850894428552845 0.9999465793368686 139.5643390913691
0.9999634878407421 0.0004741196581644954 0.008532186241125006 -0.7913243728027541 -0.0005010576363693054 0.9999948963267352 0.003155354486235563 -2.71720919175726 -0.008530647398418446 -0.0031595144501926245 0.999958621902462 140.93278131392884
0.9999729560393288 0.00010866779667817461 0.00735359692859911 -0.7918717503494661 -0.00012898633935060771 0.9999961755381366 0.0027626565677344936 -2.740442431776141 -0.007353269212418946 -0.002763530416673572 0.999969145686669 142.25013921196728
0.9999799813526861 -0.0003139352876410425 0.006319679210447101 -0.7866860188835298 0.0003011028666487295 0.9999978913694543 0.0020314017007674926 -2.760090163314453 -0.0063203041457018565 -0.002029458195941716 0.9999779672817645 143.59908134557625
0.9999834623768119 -0.0019018241560522162 0.005427526733789985 -0.7813890035267332 0.0019025743933309101 0.9999981812516782 -0.00013304573922792397 -2.788294524912947 -0.005427264291518279 0.0001433698210495866 0.9999852620121787 144.9482434627145
0.9999796662978829 -0.004664794577597092 0.004348182789174062 -0.7948483707683031 0.004669687480956593 0.9999884745091915 -0.001115733633750417 -2.8372877432023995 -0.004342928373641997 0.0011360156309864007 0.9999899241674647 146.259471990014
0.9998927871681248 -0.014297847003158786 0.003160024407276761 -0.7859615787365594 0.014292411328281266 0.9998963506233681 0.001736369262421393 -2.846359501720673 -0.003184523481471158 -0.001691018752517266 0.999993499609888 147.65303495110908
0.9997432505386717 -0.02260584149444094 0.0015520755600119918 -0.7790578195230677 0.02260044276883086 0.9997387518531932 0.0034129203660322473 -2.869489670504033 -0.0016288221531587626 -0.0033769665536429014 0.9999929714921456 148.95398962411957
0.9997421866174167 -0.022692513889417586 0.0007810989094722094 -0.7505615565487043 0.022692087267295637 0.9997423486920433 0.0005526332902768058 -2.91199741022758 -0.0007934383618189312 -0.0005347660419388748 0.9999995422397762 150.27243427012203
0.9997196394645775 -0.023664142508352252 0.0008067413205351686 -0.7752229930496612 0.023666553547699642 0.9997150365197708 -0.0031208968824381527 -2.930698946929708 -0.0007326581428017218 0.0031391147733443774 0.9999948045710952 151.65336885272097
0.9998070811225945 -0.019551741631522013 0.001878815030501663 -0.7792335765745178 0.019561830570197954 0.9997934670785972 -0.005509806225906509 -2.969212315966499 -0.0017707008382710646 0.005545496467270856 0.9999830558988986 152.989146362554
0.9998074279456258 -0.019438045786528142 0.0026961846040744852 -0.7842976907949281 0.019452653035507528 0.9997956447185108 -0.005501189382995497 -3.0016416471234706 -0.0025887014752412596 0.005552578077692456 0.999981233572834 154.35240341518931
0.9997090810570979 -0.023919262870015293 0.0031019544672956233 -0.7898394415435004 0.023925976031689562 0.9997114318678321 -0.002144915379639316 -3.0250623864611574 -0.0030497548049901553 0.002218508735861916 0.9999928885799853 155.67146586376367
0.9995120433167141 -0.03104562220312061 0.0034415983490676 -0.7902611700098685 0.031044492083644015 0.9995179306412856 0.0003819027935416122 -3.0515031937691557 -0.003451795958820082 -0.0002748737476904485 0.9999940047544486 157.00545103122428
0.9994631610279247 -0.032581791049785175 0.0034375323335578273 -0.7720104008237424 0.03257673886623544 0.9994680871101876 0.0015162284607658965 -3.085865531051343 -0.003485105595464297 -0.0014034308969785663 0.9999929421834017 158.35942942430276
0.9993804046511209 -0.03503835397186424 0.00333474615538021 -0.7727944879587798 0.035032231968762956 0.9993844193082156 0.0018775488247679763 -3.114021076307866 -0.003398479853288682 -0.0017595619085067258 0.9999926771095068 159.69285532464755
0.9994181867019444 -0.033823991952133904 0.004384705669486759 -0.776219311966884 0.033815769317241964 0.9994262070954133 0.001936578223988138 -3.131221349197184 -0.004447692934438534 -0.001787179307328574 0.9999885119404308 161.0552913896618
0.9994906572655539 -0.03140898606508092 0.005648152474374563 -0.7813921206033912 0.03140034910132204 0.9995055879117237 0.001611776093186387 -3.1474640813204604 -0.005695984690057932 -0.0014336011868766717 0.9999827501213652 162.40401283855653
0.9995924020514394 -0.0277754641423617 0.006599496522522147 -0.786652573808173 0.027778262644080558 0.9996140543182286 -0.00033247373918423 -3.1787680719885416 -0.006587715417879294 0.0005156608080563656 0.9999781678081906 163.75118566586391
0.9996656907704722 -0.02479036904463859 0.007344678770632104 -0.7864959113419108 0.02479975134715351 0.9996917319261566 -0.0011888865345319655 -3.202856246902212 -0.007312942321919089 0.001370635337953459 0.9999723207302074 165.10672330789708
0.9996646777708031 -0.02477004825526499 0.007548293458468686 -0.7826342786674101 0.024771044317947466 0.999693149870658 -3.826933560513213e-05 -3.2283126544296787 -0.0075450299662458455 0.00022523564435532984 0.9999715104866459 166.44150444116053
0.9996942145957882 -0.023570954373808628 0.007475789102904298 -0.7814422389103785 0.023573233858611993 0.9997220892183817 -0.00021673014403245105 -3.249524950444464 -0.007468603593846826 0.0003928924277688382 0.9999720324034723 167.77362032622173
0.9997752746622688 -0.020010762833431575 0.006997825234687131 -0.7803183808701787 0.02002853997586741 0.999796334329704 -0.002479403327911775 -3.2884648281941398 -0.006946785853643456 0.0026190024381996697 0.9999724411131462 169.1655732441541
0.9998657388149128 -0.015088374117371604 0.00639103487315525 -0.7851632920641787 0.015124574481429792 0.9998696304683519 -0.005654140434255048 -3.3237099810808335 -0.006304890427144353 0.005750043115619394 0.999963592014484 170.5512093211719
0.9999253739662701 -0.010510041844985553 0.006227803388346303 -0.7924956868717965 0.010552985665888135 0.9999204875260518 -0.006903123142651591 -3.3546811965945667 -0.006154756612261254 0.006968330060234008 0.9999567797365437 171.89736637792518
0.9999670809561698 -0.004730013289443278 0.006592722575096518 -0.7941293850443629 0.0047680918606949636 0.9999719736707482 -0.005772102461863067 -3.395366205629172 -0.0065652362431500785 0.005803347279965544 0.9999616086765291 173.29465661294986
0.9999721612435382 -0.0013707321505539057 0.007334701090947855 -0.800974728448318 0.0013971246102474025 0.99999256422509 -0.003594375526890002 -3.434824449068438 -0.007329720247928849 0.003604523033407585 0.999966640747539 174.68282745833912
0.9999711215910123 -0.0020842556813619687 0.007308342634065054 -0.8030924931198362 0.0020952605813256506 0.9999966822610664 -0.0014984481919250144 -3.4549721156384727 -0.007305195856172032 0.0015137178387380572 0.9999721709952686 176.03416096835926
0.9999716545241313 -0.0038254783367890014 0.00648505014804868 -0.8019934313792997 0.0038297026079244685 0.9999924624623104 -0.000639054998675815 -3.489286617364029 -0.006482557123789517 0.0006638727191118944 0.9999787676344438 177.44719224805763
0.9999697598687483 -0.005968595391618835 0.0049855019838989535 -0.8027030385206413 0.00597131978662996 0.9999820301632543 -0.0005316796364318735 -3.5126039267636124 -0.004982239435693606 0.0005614336047018281 0.9999874309594681 178.8519262540773
0.9999720320471912 -0.0069311949033662515 0.002809568014359282 -0.8002648475554219 0.006943294489061936 0.999966564547225 -0.004319773287125414 -3.5458171720600014 -0.0027795331225328305 0.004339160223110995 0.9999867228520489 180.18719251904653
0.9999904911035155 -0.004199414667314496 0.001175851341750608 -0.8164720530237526 0.004209428509723789 0.9999537526984872 -0.008647148071492259 -3.5889644544784374 -0.0011394841044309015 0.008652015683487266 0.9999619213746471 181.60198223831736
0.9999997227314448 -0.00010355530471867214 0.0007374378505633982 -0.8430896276977007 0.0001107900187313493 0.999951802665429 -0.009817335227834673 -3.621591545923618 -0.0007363857411323898 0.009817414400725609 0.9999515368806772 183.00335908319676
0.9999970324098478 0.0024025382080054437 0.00040370530936390914 -0.860067556865211 -0.002398987097982473 0.9999603285862408 -0.008578235169176138 -3.6488035655490987 -0.0004242988745791394 0.008577241396221198 0.999963124770188 184.33397434615242
0.9999856327893043 0.0053066811907871774 0.0007571924214317067 -0.8570135926645863 -0.005302466762563247 0.9999710149864557 -0.00546379390484341 -3.6871767472444015 -0.0007861651577831749 0.005459700521902238 0.999984786690908 185.7801016822978
0.9999852031877393 0.005312986374839385 0.0011685771491555107 -0.8693890129456703 -0.005309523583567356 0.9999815620514285 -0.0029469521915156355 -3.722036044642276 -0.0011842128226505803 0.0029407040529398736 0.9999949749362482 187.13773127635784
0.9999890403156086 0.004485594641824665 0.0013411497582228476 -0.8782749996481554 -0.0044822127589382865 0.9999867939325352 -0.0025143066920144835 -3.7507022844014184 -0.0013524103241623485 0.0025082678645514064 0.9999959397800118 188.5948961135248
0.9999948026739106 0.00300914666483429 0.001157435825534851 -0.8770261839936713 -0.003006936440135757 0.9999936612454956 -0.0019067794177465302 -3.782839283787904 -0.0011631663678055 0.0019032892077867267 0.9999975122630773 190.00589573474915
0.9999991436043035 0.0002460009509170835 0.001285408734878419 -0.8828492602405855 -0.00024426228741348654 0.9999990553903426 -0.0013526104042554886 -3.8137590888422115 -0.0012857403738875657 0.0013522952965191238 0.9999982590820592 191.36703847735976
0.9999972452281464 -0.0016587305953636097 0.0016607690271531249 -0.8921693086260585 0.0016606537680402475 0.9999979515223887 -0.001157228452704415 -3.8467213801493214 -0.0016588462358816767 0.0011599832526294875 0.9999979513306938 192.81940139935193
0.9999866905645977 -0.004764427092779782 0.001979630552758159 -0.8916520279902228 0.00476520684075195 0.9999885705951849 -0.0003891998542426429 -3.876196452290054 -0.001977753779559088 0.00039862803637776033 0.9999979647893934 194.18311942728096
0.9999486273790149 -0.009894031624575562 0.0022024426802028565 -0.8884575936385376 0.009891658115507351 0.999950486340626 0.0010862582381397905 -3.8993142920041484 -0.0022130812880186345 -0.0010644166358019665 0.9999969846382666 195.64569166709413
0.999899925363426 -0.01393724766839704 0.0024274264071039034 -0.8847183279652555 0.013933594526908535 0.9999017738489565 0.0015157793235597182 -3.9289677990110103 -0.002448313966875839 -0.0014818048737436167 0.9999959049966308 197.04467135966001
0.9999275692118376 -0.011714186590652547 0.002763001336710932 -0.8958182807982444 0.011722304446511593 0.9999269689794364 -0.002940114974200172 -3.9612969405997687 -0.0027283587286436746 0.0029722908319773983 0.9999918607379238 198.46784943360637
0.9999884225684392 -0.0037519565533144523 0.0030128989608580277 -0.9139709659229577 0.0037759498066834516 0.9999608893199908 -0.00799762639675659 -3.994060186333913 -0.0029827746359103046 0.008008910523185307 0.9999634795351823 199.90778444591103
0.9999783878403913 0.004914528357338093 0.0043670652234123275 -0.9309617687725937 -0.0048760711035631295 0.9999496216894675 -0.008773712036127068 -4.024388442294755 -0.004409964254794112 0.008752228469047834 0.9999519742004507 201.3315418430463
0.9999104738056745 0.01202935675131361 0.005859942573860392 -0.9472107643970137 -0.0120029018827859 0.9999177054229559 -0.004529101151707695 -4.0589188056206655 -0.0059139430100482344 0.004458359446236577 0.9999725737753284 202.79225922207664
0.9998921883719314 0.012982315846549988 0.006860836867139739 -0.9418536423746937 -0.012963670536303092 0.9999121719788019 -0.0027552871219722243 -4.086708213968372 -0.0068960048868305255 0.0026660484894478155 0.9999726682741497 204.22982113828442
0.99990401052704 0.012294220969472617 0.006389197071276908 -0.9381548902951309 -0.012280662787011587 0.9999222631333217 -0.0021570910609966416 -4.125548826712228 -0.006415220693873477 0.0020784204650194063 0.9999772622941486 205.68591944109144
0.9999487755948249 0.008792639440095716 0.005013548076404588 -0.9358587374073022 -0.008782476036960335 0.9999593407418181 -0.0020457266095293474 -4.1558157241451505 -0.005031331993111452 0.0020015904893707845 0.9999853395566098 207.13383503345202
0.9999662371332138 0.007298322586802777 0.003776118417665602 -0.9329538735638144 -0.007288952899798556 0.9999703369258689 -0.0024892668670417743 -4.1923520648719705 -0.003794174202100992 0.002461658918982594 0.9999897721840458 208.56253855048615
0.9999665688360877 0.007460298295349536 0.0033474091404795646 -0.9422308278440723 -0.007449458296438411 0.9999670056031672 -0.003239335134252822 -4.21901843619149 -0.003371465389131523 0.003214290515098644 0.9999891507177463 210.04192820554553
0.9999537267071681 0.009051068302956647 0.0032592316688495725 -0.9498087269778142 -0.009040499729531082 0.9999538747813388 -0.00324309955307412 -4.257084448676369 -0.003288435132741751 0.003213484460238616 0.9999894297979688 211.52212781679268
0.9999452922718202 0.009999605910918264 0.0030692549904876814 -0.9555654436970218 -0.009992094173497541 0.9999470683511156 -0.002453278014802891 -4.285783667166409 -0.0030936246071444433 0.002422475559233314 0.9999922805176185 212.95121319556898
0.999947311935681 0.009906702925468686 0.002688972066191746 -0.9695696255076659 -0.009899319298330954 0.9999472309555291 -0.0027456883515383948 -4.321765453394431 -0.0027160311229027013 0.0027189247416777936 0.9999926152824546 214.39550299890973
0.9999512634458566 0.009566774617040755 0.0024387575095486786 -0.9710912941658532 -0.009558325523934375 0.9999483556349952 -0.0034531866159652645 -4.3542766423773065 -0.00247166763181301 0.003429707943680816 0.9999910639395998 215.87067719521406
0.9999577898094819 0.008932874341467239 0.002149962447537286 -0.9779809319646044 -0.008924031747334315 0.9999518229422377 -0.004088211324042442 -4.38837628243815 -0.0021863785353674597 0.004068852501859221 0.99998933203563 217.33710884872872
0.999950892309068 0.009786142586813665 0.0015634460727852674 -0.9795848969932015 -0.009779611216051406 0.9999436398492364 -0.004132354282902216 -4.424346474151239 -0.0016037979044749096 0.004116861532727491 0.9999902395928435 218.81446459672128
0.9999421910302366 0.010658133224017456 0.001420834658121452 -0.9890909788299371 -0.010651517548998818 0.9999327563130554 -0.004585635293425413 -4.462624850217314 -0.0014696135564317477 0.004570236240387934 0.9999884765208243 220.29021375653133
0.999948587296364 0.010052591417046033 0.0013297175581145507 -0.9983336512474 -0.01004622039049943 0.9999384208755723 -0.0047146511952202395 -4.496358653194694 -0.0013770302582549812 0.004701050252686388 0.9999880018840488 221.7860097224953
