1.0 -3.469446951953614e-18 0.0 -1.7787691892340307e-19 0.0 0.9999999999999999 -3.5405977195229754e-19 0.0 2.168404344971009e-19 -2.354751593366955e-19 1.0 0.0
0.9999995697529869 -0.0009035185326197251 -0.00021011709727722632 0.0012891276216170067 0.0009037963589094387 0.9999987129066772 0.0013256453147696286 -0.018216159629967657 0.00020891910052226294 -0.0013258346730921405 0.9999990992574778 1.3106429997350186
0.9999984914113391 -0.0016463472776147795 -0.0005538206543660954 0.0004448320977667435 0.0016473747404579762 0.9999969137961306 0.0018597182201260834 -0.04203318006571238 0.0005507572513022893 -0.0018606278005930716 0.9999981173641419 2.6252990057821393
0.9999972076975708 -0.002142432796446426 -0.0009972864943659633 -0.00875398121561449 0.0021438541898050785 0.9999966848577956 0.0014262395352295646 -0.07275463354535475 0.0009942276511918846 -0.0014283736168884309 0.9999984856298682 3.943721014188272
0.9999955983811268 -0.0029323050613709323 -0.0004525581775607396 -0.02144409533359568 0.0029328980992808663 0.9999948345132529 0.0013149338878795692 -0.0866900714968919 0.00044870009177326044 -0.0013162554311238312 0.9999990330699249 5.259438541323554
0.999995412287769 -0.0029261954177629973 -0.0007828069676920216 -0.016818350346574952 0.002927472858477536 0.9999943775220783 0.0016354884341469957 -0.10211816899244944 0.0007780168748967133 -0.0016377726078209728 0.9999983561947219 6.581854493505522
0.9999909553728892 -0.004211803091654696 -0.0005915166124848407 -0.024738408195698898 0.004213304049884537 0.9999878494571881 0.0025591015622568785 -0.1390272906164674 0.0005807310448149182 -0.0025615707032125975 0.9999965505482414 7.918711935780843
0.9999904919084697 -0.0043403423578031106 -0.0004213384111337471 -0.04457561846757824 0.004341484566030972 0.9999867992394632 0.0027482453001505956 -0.15717794412286246 0.00040940456079378005 -0.0027500484550049163 0.9999961348038121 9.236129073847064
0.9999915215980517 -0.003996552767935488 -0.0009921198783224814 -0.041599277933711425 0.003998601441570125 0.99998986027789 0.002071357548535385 -0.1813890377210168 0.0009838316138636271 -0.002075307117353983 0.9999973625853625 10.569088848192903
0.999998325225376 -0.0016621627837304087 -0.0007660043255291859 -0.06700446712684964 0.0016619325338905182 0.9999985736077522 -0.00030126437830780114 -0.1969480149229264 0.0007665040479891388 0.00029999083280962533 0.999999661239057 11.885584112740442
0.9999981699696614 0.0016798847449097784 -0.0009154453466127401 -0.061445183540773655 -0.0016810136912765172 0.999997826051021 -0.0012337298164932767 -0.22969422544522095 0.0009133709086521243 0.0012352664572087197 0.9999988199351503 13.228389410114618
0.9999872384708974 0.005012505812188295 -0.0006306108520503593 -0.0880019964781876 -0.005013357348750832 0.9999865142685721 -0.0013555585673774133 -0.2517514467084589 0.0006238076538854389 0.001358702768360053 0.9999988823951944 14.566993502734991
0.9999871127292788 0.0050673962662069316 -0.0003096127402547413 -0.10550493185402604 -0.005067629906480299 0.9999868725949945 -0.0007574792546947067 -0.2769388701992891 0.00030577025318563773 0.0007590385064674437 0.9999996651826852 15.919480080463828
0.9999942117743685 0.0033958931499823795 -0.00021052523163321308 -0.09543908861130317 -0.003395480991792827 0.9999923745146307 0.0019291519779625896 -0.30643036047298405 0.0002170748399508535 -0.0019284260179588657 0.9999981170243663 17.26460175191386
0.9999995069509282 -0.0009918599102334558 4.8098262433735224e-05 -0.11001507908546677 0.0009916599290150496 0.9999915296268735 0.00399465676780524 -0.332936964252208 -5.205999601425818e-05 -0.003994607179054386 0.9999920201701694 18.62355491153359
0.9999950976395512 -0.003104895235644181 -0.00040537172307403323 -0.1033676025572107 0.0031057254441539447 0.9999930488109946 0.0020632000327088945 -0.3733265519026109 0.00039896292091417423 -0.0020644489300706776 0.9999977894376524 19.964037218804748
0.9999929464634039 -0.0037528826601088434 -0.00015132792362456326 -0.11590931653223885 0.0037528217244867657 0.9999928771113252 -0.00040255505412478394 -0.37124164925996883 0.00015283760046266555 0.00040198431864003496 0.9999999075247259 21.31382594060584
0.9999983966557817 -0.0017882163264132493 9.471580244858478e-05 -0.12235246124824622 0.0017883498986956212 0.9999973810146499 -0.00142820374123947 -0.4299855912745256 -9.21616259712591e-05 0.001428370865929582 0.9999989756307809 22.667100417316654
0.999999526870303 0.0005817783862939836 0.0007796109626317649 -0.1342422134281922 -0.0005814793060975668 0.9999997572717401 -0.00038384800991981367 -0.42524257992916237 -0.0007798341541273774 0.00038339450841408493 0.9999996224330047 24.033777310758722
0.9999984037434912 0.0005865888675708076 0.001687727862087928 -0.14442373747872458 -0.0005928578397781043 0.9999929187021194 0.0037163241796262874 -0.4461035753599393 -0.0016855360958536896 -0.003717318902458418 0.9999916702186428 25.427603892190696
0.9999980251725037 -0.0007833699253937641 0.0018264682868631395 -0.13840670823728446 0.0007747633692823403 0.9999886166326919 0.004708114746604869 -0.4748083115246305 -0.0018301358417885537 -0.004706690458844538 0.9999872487518352 26.798260041347707
0.9999861371143207 -0.004934766629460737 0.0018367543312766193 -0.14539111648377687 0.00492757735882654 0.9999802603411038 0.0038984487002068323 -0.5015972151441187 -0.001855956162266991 -0.003889343978771436 0.9999907141710864 28.161006281971
0.9999855706563995 -0.005108104599520269 0.0016630560218259833 -0.15921163729738913 0.005105711958979494 0.9999859289783978 0.0014399804714439037 -0.5177461065139414 -0.0016703883314404852 -0.0014314686313961962 0.9999975803462164 29.523151626812133
0.9999839850044199 -0.00511295782029722 0.0024263979176930516 -0.16139633612168167 0.005113933354255997 0.9999868453925395 -0.0003958799622371228 -0.5686408147854259 -0.0024243420866853233 0.00040828207339701513 0.9999969779293985 30.91248108022957
0.9999923104489771 -0.002712003944448437 0.0028326816127913646 -0.17016709127203355 0.002717124606306357 0.9999946789293107 -0.0018053651062725387 -0.5652635217116614 -0.002827770622862467 0.0018130480128493328 0.9999943582672762 32.29887998870424
0.9999940806417106 -0.0009469702558744294 0.003307859504012578 -0.17318114994880174 0.0009592706063872806 0.9999926247653994 -0.0037188994922252574 -0.6161417501693839 -0.0033043137027789857 0.00372205068789341 0.9999876138459335 33.67963294195279
0.9999934849685544 -0.000626114861220689 0.0035549973270582 -0.1889560872540984 0.0006390447198866521 0.9999931814930308 -0.003637112660520159 -0.6273572823924193 -0.003552696140150075 0.003639360841989066 0.9999870666154712 35.07488328976925
0.9999949747256309 -0.0008464251584969999 0.003055174816093252 -0.1869531540522903 0.0008527382733236697 0.9999975029819296 -0.0020656394153314907 -0.6702749225052009 -0.003053419037762206 0.0020682343433212117 0.9999931994942809 36.46487945661151
0.9999955184474575 0.0004690205617354738 0.002956874654781 -0.20219842780517344 -0.0004657985564047694 0.9999992971707545 -0.0010902708828790504 -0.6874571312601869 -0.0029573841869055557 0.0010888887123364922 0.9999950340857875 37.866983458768225
0.9999938041331083 0.00251514438034386 0.0024628728945576724 -0.19851090233260688 -0.0025137578456240423 0.9999966803438616 -0.0005659746663602917 -0.7150302147429523 -0.0024642884355432137 0.0005597801047078632 0.999996806957609 39.26345511279796
0.9999871999907236 0.004086417559602023 0.0029834614666413993 -0.21373434200910163 -0.004084266367628157 0.9999913951847952 -0.0007268647916211098 -0.7377077220674192 -0.002986406320781271 0.0007146702498049136 0.9999952852987953 40.65885576834953
0.9999671786811588 0.007506575495829786 0.003048421358675177 -0.2284488102758287 -0.007505806200833675 0.9999717962304524 -0.00026388031601371224 -0.7763874754492104 -0.0030503164776734485 0.00024099079666035287 0.9999953187334966 42.084717434243316
0.9999590572046017 0.00864049819632225 0.0026880643604874016 -0.2300990855275004 -0.008639828798164904 0.9999626419962785 -0.0002607471872263087 -0.8023771035708265 -0.0026902171534631527 0.00023751209588740782 0.9999963531514173 43.47469368799023
0.9999665874666002 0.0078516210210799 0.002275078902899397 -0.24097599452549556 -0.007850843396381453 0.9999691201463711 -0.00035075415598440746 -0.832770704648596 -0.0022777628307670654 0.0003328811506196756 0.9999973504882579 44.901306685635845
0.9999718125245035 0.00739001373630453 0.0013273431181250804 -0.23005534123462734 -0.007388799311603326 0.9999722811999049 -0.0009178737773721714 -0.867647591020677 -0.0013340895395481654 0.0009080404462331801 0.9999986978319779 46.2962627872503
0.9999750030498953 0.007051639943692885 0.0005173350338189442 -0.2470280854991295 -0.007051408066916922 0.9999750374678116 -0.0004495556494117023 -0.8988722411675304 -0.0005204922692067452 0.00044589647527230696 0.999999765131623 47.72774767203416
0.9999742416470523 0.007157241687370944 -0.0005384403544895576 -0.2512390410124036 -0.007157091243907279 0.9999743480309127 0.0002816735726730416 -0.9243697139113842 0.0005404425937047741 -0.00027781266187601136 0.9999998153713926 49.127261775730645
0.9999681350462658 0.00784349806088749 -0.0014860723569309234 -0.2661853944417517 -0.007843104080307561 0.9999692056460083 0.0002710992164336159 -0.9521938321697685 0.0014881530859368842 -0.00025943517003477795 0.9999988590474931 50.554098728376395
0.9999670379983392 0.0076859915358850825 -0.002616950519019792 -0.2762347258688264 -0.007684998684898465 0.9999703941408399 0.00038942688668255817 -0.9693901855113777 0.0026198663949099275 -0.00036930280439274643 0.9999964999539536 52.00507309043962
0.9999591074078612 0.008245702611079654 -0.0037137414893780984 -0.29062765938779944 -0.008240821505857723 0.9999651622136473 0.0013278695431322646 -1.0067851410476545 0.0037245616434841955 -0.0012972109972849948 0.9999922224153966 53.415411197491736
0.9999608727860302 0.007609366646345817 -0.004511143035181178 -0.303245340600082 -0.007599377819249101 0.9999686436201098 0.002227386136919792 -1.0439294854411765 0.004527950963784978 -0.0021930171579200393 0.9999873440923577 54.870408863172045
0.9999780607577213 0.004327779912974938 -0.005014808689650933 -0.31205297696686873 -0.00431357214592395 0.9999866620202256 0.0028405782251421916 -1.0544646285560233 0.005027035626449505 -0.002818884228890545 0.999983391269529 56.26440731743819
0.9999814847401345 0.002908842929143984 -0.005344978377027093 -0.3375741310425749 -0.0028957985946721993 0.9999928141302077 0.0024466391732436994 -1.0858829859540249 0.00535205731184315 -0.0024311159467088335 0.9999827224351762 57.69557418424492
0.9999845133420129 0.0014275470723791135 -0.005379142344066793 -0.3516588105859543 -0.0014148540019431888 0.9999962077550778 0.0023627665170493466 -1.108677431247652 0.0053824953621492855 -0.0023551192765104176 0.9999827409350661 59.14357490475222
0.9999858751844235 0.0010511795517705522 -0.005210032738798822 -0.35369062320038247 -0.0010371530815437829 0.9999958328261667 0.0026941872676332786 -1.1386321579051426 0.005212843544893761 -0.002688745669265026 0.9999827983119056 60.54827983005355
0.9999889900437943 -0.0009961097099506818 -0.004585580595255063 -0.37497994771381377 0.00101343150948828 0.9999923548600357 0.0037766619768793363 -1.1655101023398724 0.004581783958521105 -0.003781267645353359 0.9999823544844989 62.00043668682603
0.9999859163480755 -0.0032056192139652134 -0.004229788117112136 -0.3850828172410593 0.0032199326129963325 0.9999890988795879 0.003381442107026994 -1.1899588384853939 0.004218902751404222 -0.003395014184570766 0.9999853372659693 63.40407068446545
0.999984215910843 -0.004097794641718878 -0.003843957166187996 -0.39452572087951576 0.004105990311647359 0.9999893092354369 0.0021265588261412285 -1.2169869373088449 0.0038352021961145654 -0.002142308553437608 0.9999903508262895 64.81294851295034
0.9999898061263002 -0.0033638766940451287 -0.0030119721833123023 -0.407035089694769 0.003370719279610513 0.999991743693591 0.0022695354245393985 -1.2565912828755699 0.003004313134199811 -0.002279664846690605 0.9999928885929954 66.26763958246843
0.9999955916722955 -0.001709002742907948 -0.0024281564973961086 -0.42040525841032483 0.0017139876663958102 0.9999964250980103 0.0020523241762185206 -1.2831732798870275 0.0024246405960184378 -0.0020564770003865087 0.9999949459996813 67.63265003628563
0.9999981856613368 0.0006894347375704379 -0.001775767338087662 -0.4412472343158321 -0.0006837344526779013 0.9999946184480034 0.003208673048695162 -1.307429592618968 0.0017779701051775416 -0.003207453138958848 0.9999932755125412 69.10282236455076
0.9999930614178995 0.003624547703975644 -0.0008600941049479322 -0.4580351870334375 -0.003620902993624004 0.9999846151006524 0.004202217190289537 -1.3315095224863729 0.0008753120862969693 -0.00419907380179099 0.9999908007628293 70.44781224749839
0.9999651304557569 0.008350646355296486 6.75280993517977e-05 -0.479891042924789 -0.00835088335760983 0.9999519881218513 0.005126813351150155 -1.3708245656719362 -2.4712650439409883e-05 -0.005127198608216943 0.9999868555260562 71.91902556619729
0.9999308866032875 0.011747361387423026 0.0004706270686539941 -0.48449800206878935 -0.011749409568623765 0.9999203297561853 0.004613625690341455 -1.3818647809791125 -0.000416391677568702 -0.004618836516877763 0.9999892464259901 73.2798222845791
0.9998789209500071 0.015513635112387722 0.0012126526041801192 -0.5001393428476073 -0.015518459127785222 0.9998712796021724 0.004074517504849153 -1.405537798587428 -0.0011492860279809208 -0.004092842757633292 0.9999909638486812 74.6729984760428
0.999848641928201 0.017275151387769316 0.002064542130501495 -0.5183684008102893 -0.017283324749665117 0.9998425975063178 0.004008359256995602 -1.4317171302852851 -0.001994972319800748 -0.004043434802875346 0.9999898353076269 76.11973693973407
0.9998482199394565 0.017263392065287535 0.0023478360292031705 -0.5218854016862616 -0.01727335328427621 0.9998415998552512 0.004290281062355077 -1.4552298391684075 -0.0022733995172430207 -0.004330184981144909 0.9999880405037642 77.49379350014303
0.9998624028695119 0.016414481154166785 0.002395849630739755 -0.5263995165480164 -0.016424706257799432 0.9998558074800875 0.0043119967344572765 -1.4912085841429927 -0.0023247251719404147 -0.004350754638938693 0.9999878332183788 78.89625403865307
0.9998768926935826 0.01554414545827182 0.002139850773031782 -0.5307388473008796 -0.015550961701637184 0.9998739366714735 0.003205993685047135 -1.511166408199128 -0.0020897467590686187 -0.003238875815264074 0.9999925712922765 80.28249456250593
0.9998817872423875 0.015260681339915604 0.0018769945811829395 -0.535601929721389 -0.015266829691259861 0.9998779910772801 0.0033055876403510942 -1.5491642328239317 -0.001826320204047542 -0.0033338527102372345 0.9999927749632812 81.65570268813
0.9998918978805371 0.014626885829167956 0.00149890901466109 -0.5482802208605393 -0.014632277950482343 0.9998862761289473 0.003651203611585564 -1.5694693910298663 -0.001445332934624906 -0.003672741444479419 0.9999922109605188 83.06146482782914
0.9998935225811842 0.014539731732185316 0.0012408326859206895 -0.562143588005511 -0.014542919360735544 0.9998908683771088 0.0025990131524733224 -1.5888580646254526 -0.0012029084182604741 -0.0026167818076886637 0.999995852722936 84.42477808077318
0.999888751770655 0.014910056410450703 0.0004174473781404992 -0.5679034188557727 -0.014911128304719736 0.9998851990302644 0.0026920347310017087 -1.606678409216051 -0.00037726109568946746 -0.0026979599226120456 0.9999962893362466 85.83483904132294
0.999901083218616 0.01404568361871248 -0.0007365548915867616 -0.5817766155626081 -0.014043275502893218 0.9998963324602844 0.0031797453604170104 -1.6345806054705359 0.0007811402997883817 -0.0031690872608321112 0.9999946733396349 87.18380430296621
0.999914616914973 0.012924267346512659 -0.0019292895629502483 -0.5883799195656005 -0.012914982280833692 0.9999053140586946 0.004750387406719511 -1.6725759698461011 0.001990502334437324 -0.004725065168117027 0.9999868557456593 88.57300121644609
0.9999365323242532 0.010854645975548298 -0.003017938602326145 -0.5945526543721149 -0.010838549975125691 0.9999272161963264 0.00529982718536584 -1.700459549838432 0.0030752469565753287 -0.005266780853912177 0.9999814017682456 89.95358020109279
0.9999499628024686 0.00918791367331691 -0.003956526996526273 -0.6056866899267461 -0.009165594365314902 0.9999421855380222 0.005622942314489041 -1.7256402683855454 0.0040079617032742374 -0.005586397157072081 0.9999763639300127 91.32255411275074
0.9999521034068889 0.008724486254650244 -0.004435561311903332 -0.6196697808944178 -0.00870364080323273 0.9999510887605808 0.0046975250119676865 -1.7475980002470715 0.0044763282370093305 -0.004658694586249204 0.9999791293121597 92.70680144634893
0.9999644924870194 0.00695873987192478 -0.004752860289103836 -0.63458478462071 -0.0069362441589462505 0.9999647412043322 0.0047333791729331776 -1.780662986824902 0.004785631471144245 -0.004700244204855048 0.9999775024700344 94.05703560819322
0.9999641481391651 0.006961962347565199 -0.004820113356992852 -0.6567595456864932 -0.006941471549930198 0.9999668551322712 0.004254952765764512 -1.8004905249738383 0.004849576828725168 -0.004221341630533471 0.999979330731285 95.42644633200183
0.9999714986669865 0.005950645223531638 -0.0046466820646190315 -0.6644119850209247 -0.00593516141199203 0.9999768121348716 0.0033390212388909506 -1.8191435856076867 0.004666444045423484 -0.003311347337870016 0.99998362951023 96.78141977056856
0.9999634248103265 0.007235798554678674 -0.004559850543057518 -0.6843023629071877 -0.0072236633300905425 0.9999703383281664 0.0026722961197354375 -1.8469197645537743 0.00457905187531168 -0.0026392596161252963 0.9999860332034137 98.11151909748054
0.9999560209341543 0.008368888065316894 -0.004232952153581797 -0.7059569600552302 -0.008357636716721399 0.999961512692094 0.0026689062634280662 -1.8635499563557634 0.004255125377619129 -0.002633411472860088 0.9999874794519139 99.46913496888429
0.9999569704153916 0.008261458345286738 -0.004219667978935202 -0.7101845687725974 -0.008243615793054077 0.9999570800257237 0.0042285839151053484 -1.897862320769499 0.004254421503176083 -0.004193616731746788 0.9999821565834897 100.78267959844896
0.999954585231453 0.008638722531110641 -0.004024912570646183 -0.7370306034618885 -0.008615892567891666 0.999946889310399 0.005655525711893887 -1.920901344324077 0.00407355567041287 -0.005620590773909246 0.9999759072660757 102.12633969941743
0.9999543639187377 0.008768090621594116 -0.0037934997631168775 -0.7480981070093183 -0.008750733912788744 0.9999512769878587 0.004568186122679822 -1.9435323725119433 0.0038333695293528867 -0.004534781840754719 0.9999823703645309 103.49079699169319
0.9999557487755525 0.008641795274810123 -0.003717504457757501 -0.758957683835704 -0.008634380300015742 0.9999607105430246 0.0020062067764424624 -1.9651611280713384 0.0037346959439289976 -0.0019740197006454245 0.9999910776100357 104.80126034704381
0.9999650687170478 0.007357979873449574 -0.003965029005346609 -0.780401673251611 -0.007355484304128581 0.9999727408671263 0.0006437303105233106 -1.9910363270279414 0.003969657812254643 -0.0006145431365608234 0.9999919320479999 106.11745325859185
0.9999746981965354 0.006195200376809358 -0.00349606065255039 -0.7849906231419872 -0.006188990384075437 0.9999792558972156 0.0017844286228787597 -2.0216912654108197 0.0035070433201889097 -0.0017627464301965842 0.9999922966597751 107.4905704319615
0.9999897417791174 0.003269327920875761 -0.003134935380038457 -0.7949198124102138 -0.003259184159362327 0.9999894547373879 0.0032354501958402476 -2.0284134108951957 0.0031454803372062503 -0.003225199742776395 0.9999898519716974 108.81453967945485
0.9999952555294654 0.0020500171307216673 -0.0022992043727055223 -0.8132173720393489 -0.002040257313088889 0.9999889329278455 0.004239265806117858 -2.0640386788167557 0.0023078696931053606 -0.004234554811419418 0.999988371076361 110.15469384357284
0.9999977992539679 0.0012782048771155258 -0.0016636329360946015 -0.822587056337351 -0.0012726793858756106 0.9999936848331715 0.0033182197727736774 -2.0930998910933467 0.0016678639382287802 -0.003316095266566012 0.9999931108490344 111.4783825630919
0.9999970076914452 0.002279151481214315 -0.0008888594983980299 -0.8367735936570415 -0.0022783771357460427 0.9999970248499366 0.0008713740936859702 -2.120611121576539 0.0008908429233025695 -0.0008693463487122782 0.9999992253183884 112.80418039369376
0.9999860915012371 0.0052670312563141385 0.00027418218093831835 -0.8396337731399297 -0.0052667806525543166 0.999985718121789 -0.0009080663468841527 -2.1536507498959137 -0.00027896110359128083 0.0009066096737011489 0.9999995501194368 114.16016040407241
0.9999641789025104 0.008308829525218511 0.0016137682615783027 -0.8562627477875412 -0.0083059492407584 0.9999639141219755 -0.001783726228112143 -2.170407643627536 -0.0016285308440829645 0.0017702584856667735 0.9999971070306862 115.46119772227146
0.9999512867104251 0.00936184688645928 0.0031273010860374886 -0.8708627939985416 -0.009361907567070156 0.9999561763831085 4.570905263102163e-06 -2.191996111115636 -0.00312712150911567 -3.384819159375894e-05 0.9999951099687486 116.82984722528313
0.9999493154684564 0.00923653759369093 0.004006601010708087 -0.8801691250091478 -0.009246133646422077 0.9999544140463817 0.0023830362710772586 -2.2159609357663026 -0.0039844076972144985 -0.0024199611079412375 0.9999891340805687 118.11971819450832
0.9999502228018563 0.008687704677342476 0.0049066987273121195 -0.8782536746933356 -0.00870388577206839 0.9999567214567618 0.003285970828254335 -2.2512690104626003 -0.0048779392384843915 -0.0033285146753612737 0.9999825631949913 119.50056261206471
0.9999387675701331 0.009357409835010702 0.0059076202221770326 -0.8763802356962138 -0.009371825624896774 0.9999531620476976 0.0024171503333837306 -2.275704438115775 -0.0058847257509368955 -0.0024723675630824635 0.9999796284904088 120.8207485797339
0.9999116688520636 0.011119657632203505 0.007280637895975383 -0.8779953473278053 -0.01113604873489144 0.9999355399804096 0.002214571828954349 -2.302383300133338 -0.0072555439173645165 -0.0022954537995672317 0.9999710435647842 122.11963299567233
0.9998829700829275 0.01278398000749784 0.008403330815904522 -0.8822186862235312 -0.012796185423072575 0.9999171451354796 0.0014001906689647707 -2.318948789705269 -0.008384735257702603 -0.001507557416739628 0.9999637110808692 123.48696183660385
0.9998641134546333 0.013380403723982037 0.00962909109300443 -0.8837632553150924 -0.013387704928312226 0.999910139774369 0.0006940939685352164 -2.34630326115672 -0.009618939376228586 -0.0008229110994236072 0.9999533983220426 124.82454147628093
0.9998344479291562 0.014693965939226731 0.010731452275942915 -0.8762167988664293 -0.014691544319742376 0.9998920270780512 -0.00030454751095824355 -2.3718975545734935 -0.010734769488640127 0.000146835486136151 0.9999423699177122 126.14276039595937
0.9998264232693065 0.014606198869372554 0.011566427965519592 -0.8732904035946201 -0.01460000357563996 0.9998932220842746 -0.000619970305868119 -2.4017922102850595 -0.011574249315418162 0.0004509928109174303 0.9999329144256729 127.48665914849461
0.9998245340092784 0.013845943251674033 0.012617092354716112 -0.8750742416105075 -0.013846568955921876 0.999904130970285 -3.78374224753382e-05 -2.4274783382560408 -0.012616407728056743 -0.0001368726590510997 0.9999204005899994 128.81554992690366
0.9998268668647037 0.01286980481118732 0.013438913395284769 -0.8663129538380214 -0.012885667188639087 0.9999163775141519 0.0010943452906893966 -2.4584626259660896 -0.01342370672383934 -0.0012673252125544247 0.9999090948578517 130.1891706041877
0.9998438741689109 0.011067805470595143 0.013774285754769735 -0.8526358791613577 -0.011092414885244341 0.9999370126628901 0.0017114510027538895 -2.478907828152431 -0.013754477303968813 -0.0018639739274004105 0.9999036653350659 131.5126838104449
0.9998515752556548 0.010402662257480433 0.013733610518348666 -0.8388581663549602 -0.01042467522682337 0.9999444877424265 0.0015321891791026821 -2.5114340545529505 -0.013716910446568798 -0.0016751302234766755 0.9999045155922031 132.85329553825903
0.9998723713217775 0.008418041294284884 0.013578572643515563 -0.8289547976739189 -0.008448166668205796 0.9999619748398955 0.0021627233303558448 -2.521623774996683 -0.013559851566422223 -0.0022771613899333566 0.9999054680101704 134.18671731050176
0.9998888638413685 0.00743116167622082 0.012924310122656862 -0.8141976630317271 -0.007461287246971051 0.9999695552851308 0.0022842308965644272 -2.5637161560581614 -0.012906943245910105 -0.002380409068310767 0.9999138685223912 135.52447039084856
0.9999092711058697 0.006487740395831237 0.011805031727462605 -0.8093225493561551 -0.006508789978236189 0.9999772941528093 0.0017455213746812386 -2.588796571006829 -0.011793440190263975 -0.0018221995089394434 0.999928794640599 136.86588631185495
0.9999392038838604 0.002631213681230869 0.010708186244461541 -0.7990151275082569 -0.0026615519526200972 0.999992482112087 0.002819905096280438 -2.601290993447975 -0.010700686870804792 -0.0028482341004514304 0.999938689548909 138.19903828387524
0.9999515823890517 0.0021391505513975086 0.00960504636530757 -0.7841178520758476 -0.0021689043033573637 0.9999928789223081 0.0030883591138426846 -2.6299275727939553 -0.009598372310682744 -0.0031090420643704467 0.9999491012546982 139.54218583263926
0.9999641729256622 0.0014433405398230287 0.008340841539603162 -0.788379342692032 -0.0014715718601261774 0.9999932065293407 0.003379552229768731 -2.6595922254412265 -0.008335907733395256 -0.0033917053591678388 0.9999595036654055 140.90865580609983
0.9999743328321057 0.0005991292186603211 0.00713965873064982 -0.787133818444807 -0.0006201987085556557 0.9999954587881156 0.002949196020875607 -2.6792592734026317 -0.007137859959287137 -0.0029535483833523207 0.9999701633054167 142.2215162523398
0.9999811580116081 0.0006852678340155578 0.006100330713031174 -0.7841864716656237 -0.0006989588352280312 0.9999972414371782 0.0022424485155457534 -2.7001950381759126 -0.006098777720664901 -0.0022466701832480726 0.999978878465734 143.5736571462918
0.9999852220523634 -0.0012927653588941154 0.0052805721600949415 -0.774713831220408 0.0012928823465107372 0.9999991640509601 -1.872500294411367e-05 -2.727433594666894 -0.005280543984951721 2.5551890543572316e-05 0.9999860575010993 144.9231782158594
0.9999829491288964 -0.004058492019715693 0.004198821796671255 -0.7885495870574899 0.004062081887694172 0.9999913912269598 -0.0008467332874222597 -2.7783912318610002 -0.004195349544640738 0.0008637748313979398 0.9999908264230257 146.22903113532766
0.9999094380414627 -0.013121611061671173 0.002989824873954188 -0.7792069342241776 0.013115476684453592 0.9999118613230185 0.0020624854806523475 -2.7931868102449293 -0.0030166247393754227 -0.0020230857468817327 0.9999934035261115 147.60799034071883
0.9997545990270296 -0.022108664648483885 0.001395950586712342 -0.7743522170853157 0.022103449652427304 0.9997490341173472 0.0036477787701726778 -2.8073848004169535 -0.001476247888420097 -0.003616028331361645 0.9999923724858804 148.92482662899545
0.999786429554256 -0.020655375958957473 0.0006713643584757556 -0.7440235475153629 0.020654820036859742 0.9997863247056326 0.0008266406625595599 -2.867171511749218 -0.0006882955341140505 -0.0008125972061975865 0.9999994329669122 150.24845428293
0.9997527570253347 -0.022226591023030012 0.0006351982607212218 -0.7725849233246522 0.022228253428067044 0.9997491675744022 -0.0027398320760480058 -2.8835355009464743 -0.0005741418544471133 0.0027532740914652646 0.999996044913097 151.62958124137532
0.9998340136261418 -0.01813757572339382 0.001724399521149146 -0.771599877936822 0.018146473119933115 0.9998213367601428 -0.005291508697289397 -2.914815426143022 -0.0016281164352345493 0.005321922268600299 0.9999845130689898 152.95030525497356
0.9998344597135013 -0.018013482547341395 0.002562738298776901 -0.778295890261145 0.018026704518601108 0.9998238120904067 -0.005232847499385366 -2.94983125460202 -0.002468025179701872 0.005278179098201489 0.9999830246927759 154.31812281775126
0.9997372021029751 -0.02272855657882783 0.0029898920542085483 -0.7865946598798317 0.022734146390177075 0.9997398368683943 -0.0018485569735706448 -2.973583185360939 -0.002947099411646314 0.0019160438778834537 0.9999938216693941 155.64180938944838
0.999530926145566 -0.03045429578587924 0.0032347396025161307 -0.7863548222263759 0.030453527861804615 0.9995361425566491 0.0002870091842818843 -2.983650556069362 -0.0032419800784736375 -0.00018836530095590597 0.9999947270259145 156.98173251993094
0.9994623982655175 -0.03262615059535306 0.0032324509033082142 -0.7677937067602287 0.032623021169013874 0.9994672103469748 0.0010168317617540931 -3.0092818994617416 -0.0032639042655764183 -0.0009108327873416762 0.9999942586378263 158.3371976893318
0.9993873295143723 -0.03485693616407663 0.0031558817075452066 -0.7665064694745967 0.034851776866527975 0.9993910869016138 0.0016760348100234176 -3.045868300428438 -0.0032123817555986265 -0.0015650198694595967 0.9999936156358545 159.66625364720232
0.9994119337605321 -0.03403244819190819 0.004192745205039208 -0.7717444166656191 0.034026471124240426 0.9994198223410503 0.0014892931627883761 -3.0543276243061075 -0.004240997314909045 -0.0013457530331641503 0.9999901013939004 161.02826752529472
0.9995025370264529 -0.031062210207203317 0.0054605465472933835 -0.777678283153095 0.031055458490002213 0.9995167948538715 0.0013173134956463764 -3.075879192783848 -0.005498827113106838 -0.0011470783987093268 0.9999842234284666 162.37959509719124
0.9995854355810597 -0.028066716761611574 0.006419998865236175 -0.7868218558323867 0.028069151266141713 0.9996059419411378 -0.00028911690009633304 -3.1117318028826566 -0.006409354990625734 0.0004692009977197848 0.9999793497931002 163.72015744324014
0.999666124698616 -0.024818489416062003 0.007188999950084773 -0.7850153324106162 0.02483037292751359 0.9996904486525041 -0.001568264292645791 -3.127047963021555 -0.007147853238274417 0.0017462462968855787 0.9999729290391678 165.07950945081723
0.999664290174075 -0.024840058399820425 0.0073673914381169854 -0.781976178436538 0.02484245534019218 0.9996913512482429 -0.00023377708545284408 -3.1553723823744138 -0.007359311085836511 0.00041672273016423556 0.9999728330688631 166.42175944315053
0.9996562526832992 -0.025199723078749778 0.00723536000924944 -0.7800116446177097 0.025205675201578515 0.9996820182096553 -0.0007323975160018909 -3.1649114257368307 -0.007214603690423798 0.0009145179338498363 0.9999735562222606 167.7487818791727
0.9997706037096774 -0.0203169826286307 0.006779394344540191 -0.7775172827879753 0.020335643546802187 0.9997895773985787 -0.0026949064089377504 -3.2170160199322515 -0.006723216008991561 0.0028321516310927004 0.9999733882843918 169.14237684438572
0.9998615637340335 -0.015481924720825001 0.006096178322466636 -0.7854736611997541 0.015518193483086494 0.9998618963606958 -0.005947593406701042 -3.250744010973346 -0.006003256735775011 0.006041371854598311 0.9999637307065168 170.53910853519625
0.9999064983022905 -0.012310447916383437 0.00595378377950275 -0.7893565334619196 0.012353371091228794 0.9998975768567485 -0.007227033158923976 -3.2717014025094886 -0.0058642064596013095 0.007299906877550788 0.999956160257158 171.88329528765195
0.999972040295816 -0.0038319962792147683 0.006421405046777417 -0.7921915808145439 0.0038703017466269318 0.9999747285805075 -0.005963468744926205 -3.334611530439818 -0.006398391324049827 0.005988154909438177 0.9999616005541753 173.28055706021576
0.9999726225971439 -0.0018627744788232963 0.007161294357231458 -0.801165132389301 0.0018884311956841333 0.9999918173217832 -0.003577585005916058 -3.362274855965657 -0.007154572132036231 0.003591010750623034 0.9999679578529395 174.6369001994392
0.999971180376963 -0.002671842612595029 0.007106312901828944 -0.8016416492904568 0.0026836724523804593 0.9999950283387324 -0.0016556558360540596 -3.3837832032995445 -0.007101854521177281 0.0016746791776831016 0.9999733791982907 176.0331358560502
0.9999711388194541 -0.004352104081847176 0.006227417627063216 -0.8019635647384027 0.004357145008193336 0.9999901907132176 -0.0007960897868724583 -3.417543170327549 -0.0062238924012642536 0.0008232005970314403 0.9999802925547125 177.4597393836687
0.9999743163648376 -0.005350325296943034 0.004768714934721236 -0.8004796331094246 0.005353728064813974 0.9999854229817283 -0.0007010086199999051 -3.443764840422807 -0.004764895199814244 0.0007265210408223398 0.9999883839002593 178.86582992283994
0.9999760512140314 -0.006401660255050347 0.0026297824205261822 -0.7987601955076875 0.006412688955587836 0.999970589661503 -0.004206806959079114 -3.486606847114553 -0.002602774751774656 0.004223570278106341 0.9999876934313158 180.196301985749
0.9999871009738824 -0.004982345846414712 0.0009869770243359614 -0.8142156802738382 0.004990642864647118 0.9999506508737654 -0.008590069502782679 -3.524809729983225 -0.0009441297072368927 0.008594884523079787 0.9999626175903121 181.61245982627025
0.9999998256826711 8.214217140968712e-05 0.0005847119149533849 -0.8452871032092528 -7.621344030226199e-05 0.9999486629258083 -0.010132408591755489 -3.552633669361288 -0.0005855142533680842 0.010132362462713032 0.9999484948755012 183.01503674054482
0.9999987881281186 0.0015406213536066022 0.00022411117029010985 -0.8595281865584272 -0.0015387103431988326 0.9999644417503554 -0.008291417720864966 -3.583692890144459 -0.00023687716337582603 0.008291062992980061 0.999965600490105 184.34456058875688
0.9999879630596197 0.004881591498071011 0.0004937525338634982 -0.8584563038087094 -0.004878721912888587 0.9999721057976505 -0.005655590929914495 -3.620470692059751 -0.0005213470946213289 0.005653114080703911 0.9999838851189019 185.7824762328725
0.9999770142445121 0.006706045117930214 0.0009999645618920306 -0.8694410842071716 -0.006702675697562518 0.9999719719548888 -0.0033360841159551665 -3.663312511887419 -0.0010223085549812452 0.0033293050566894954 0.999993935287287 187.14976655703455
0.9999872772704291 0.004905076320100789 0.0011770793135394805 -0.8800892852283219 -0.004901547242519956 0.999983538682271 -0.0029828189512685517 -3.6840896675473127 -0.0011916909953231768 0.00297701154769552 0.9999948586232281 188.60494648110196
0.9999958367158178 0.0027217560352286426 0.0009584318419434278 -0.8726313009700333 -0.0027194873687124664 0.9999935158510425 -0.002360645980662973 -3.7111151454797744 -0.0009648508134129678 0.00235802975451195 0.9999967543732232 190.0162709500519
0.9999994253002684 2.0194580493074904e-05 0.0010719108278245725 -0.8814283612607443 -1.820718450344129e-05 0.9999982810854616 -0.0018540482282684248 -3.738949651172083 -0.0010719465191269945 0.0018540276836682427 0.9999977067525125 191.37032718063602
0.9999970732510265 -0.0019402549779352074 0.001445304449841806 -0.8870051292783716 0.0019425285953851724 0.9999968756790815 -0.0015732806405291176 -3.7760998262183616 -0.0014422474916847307 0.0015760836148775315 0.9999977179376055 192.83151046599184
0.9999856267827879 -0.005044694826586734 0.0018158444331939352 -0.8904277293514652 0.00504624254662117 0.9999869075753085 -0.0008485915762055864 -3.8042708219252397 -0.0018115399272904168 0.0008577425928928137 0.999997991297053 194.2025483885521
0.999946439323465 -0.01015425254450536 0.0020024115860366055 -0.8879967926028817 0.010152966900156452 0.9999482450616258 0.0006514993239148012 -3.8284067548185146 -0.0020089236085474873 -0.00063113401365051 0.9999977829441163 195.67250597016974
0.9999015408806188 -0.013848849631070253 0.002262282388368971 -0.8837408629831198 0.013845720941822012 0.9999031727682458 0.0013932298050076284 -3.8695537405030853 -0.0022813581585760094 -0.001361769712573941 0.9999964704864533 197.05580010552399
0.9999302853388919 -0.01152043112992532 0.002589235835697634 -0.895880174209339 0.011526478742840712 0.9999308469439998 -0.002332725372502913 -3.9094837337851884 -0.0025621829977481225 0.0023624075766275213 0.9999939271041401 198.48062764176203
0.9999873589008538 -0.004167277855266651 0.0028135108085264485 -0.9153422369374196 0.004189100633181881 0.9999608399702009 -0.007795508713352071 -3.937904400310624 -0.0027809148216240585 0.007807196408793005 0.9999656565070457 199.9033678778134
0.9999784649654279 0.0050616996881457385 0.004177175681474115 -0.9318287994983043 -0.005025116913666346 0.9999493329745138 -0.008722367418814537 -3.9637910964512466 -0.004221114405008467 0.008701188957218772 0.9999532346561661 201.34148633949815
0.999907351258686 0.012369947804315159 0.00568095643999506 -0.9484161344777848 -0.012343608048113477 0.9999130094744082 -0.004648532503590607 -3.9998864885275363 -0.005737964844457367 0.004577978408696333 0.9999730585705633 202.79341862762334
0.9998915022226891 0.013130487302543141 0.0066763807527211155 -0.946206816617493 -0.013110081451830548 0.9999092810688263 -0.00309118577771634 -4.023456496254007 -0.006716364425052996 0.0030033225500612293 0.9999729348816911 204.2254427631406
0.9999038355955716 0.012389387343248745 0.00623077994019989 -0.9425043827502015 -0.01237423673992006 0.99992039933387 -0.0024644048810275416 -4.06324554598431 -0.00626081696441887 0.0023870667895991102 0.9999775517863491 205.68983416068957
0.99995552826004 0.008106953474715144 0.004818588538296611 -0.9382368335013396 -0.008096012461442027 0.9999646140520746 -0.0022858791670957285 -4.086751769225623 -0.004836949955143034 0.0022467661992299857 0.9999857778744465 207.12227399721957
0.9999683314921944 0.007131853122740455 0.003531667198305814 -0.9347178201183421 -0.0071225947149535646 0.9999711824418672 -0.0026273457075527947 -4.130436293516324 -0.0035503035705808 0.002602107918027213 0.9999903121402556 208.55630883757973
0.9999697234582261 0.00711870778632584 0.0031426351103972694 -0.9436373258708382 -0.007108552297310789 0.9999695137980739 -0.0032310948282428544 -4.157711708343723 -0.0031655407938902497 0.0032086574761975217 0.9999898418806404 210.0362552437197
0.9999586748390386 0.008601237365461614 0.0029440303865399154 -0.9528367505297333 -0.008590998005991115 0.9999570643893448 -0.0034733485493357737 -4.192037632338841 -0.0029737793327938083 0.0034479129172571093 0.999989634210762 211.51518339929956
0.9999511015450088 0.009495857602759478 0.0027610124220343924 -0.9559605465273581 -0.009488045062052062 0.9999509849068255 -0.0028292766407880866 -4.217820808115859 -0.002787743737330005 0.0028029417334949794 0.9999921859688059 212.96038417034467
0.9999520841760766 0.009503065529368703 0.0023496976987978984 -0.9724800591842307 -0.009495830064886832 0.9999501954183151 -0.003071793583916085 -4.252586269115926 -0.00237877233292473 0.0030493341211023694 0.9999925214721483 214.40999546612426
0.9999567141677332 0.00906839513100247 0.002081822122572575 -0.9788740848035794 -0.009061402663729934 0.9999533521956059 -0.003344313813226662 -4.2962680030301135 -0.002112052751018028 0.0033253048836066807 0.9999922407586628 215.85549406119318
0.9999620219015962 0.008519476984679355 0.0018366410470074237 -0.9863638931800189 -0.008511606138087484 0.9999547363572304 -0.004251801560704607 -4.324357335043956 -0.0018727812017491439 0.004236007398646488 0.999989274407037 217.35131455649875
0.9999537989259799 0.009538846734302091 0.0011876012622536432 -0.9855365905274072 -0.009533522634430896 0.9999448246585569 -0.0044113043906946845 -4.360156714844066 -0.0012296146005388476 0.004399778640592109 0.9999895649424992 218.82269414093594
0.9999464184010837 0.010299452901389646 0.0010399878081655952 -0.993237362203078 -0.010294221294650524 0.9999349239971539 -0.004916991216925162 -4.394824263932704 -0.0010905625461888056 0.0049060219817272455 0.9999873707302 220.30767182839352
0.999951151463271 0.009834013837899004 0.0009933973424781533 -1.0042816810049715 -0.00982888376900876 0.9999389736722857 -0.0050440061045204055 -4.430766084767209 -0.0010429396377864516 0.005033995817721847 0.9999867854933594 221.79169187531974
