1.0 -3.469446951953614e-18 0.0 -1.7787691892340307e-19 0.0 0.9999999999999999 -3.5575383784680614e-19 0.0 2.168404344971009e-19 -2.371692252312041e-19 1.0 0.0
0.9999999398638733 -7.08535559765227e-05 -0.00033948727388392647 0.05569069961672338 7.123806521749064e-05 0.9999993559314045 0.0011327230995349811 -0.026761272848715878 0.0003394068273799933 -0.0011327472383819146 0.9999993008434594 1.3159701006825606
0.9999991075624272 -0.0005587901877283866 0.0012135198795759842 0.11108300046058615 0.0005566348298350308 0.9999982684086526 0.0017757635472657302 -0.04833477912174309 -0.0012145101586562628 -0.0017750865086460634 0.9999976870130872 2.5650198957187875
0.9999987837727571 -0.0014505077679240596 -0.0005731330917117027 0.013543024779616629 0.0014513635265211555 0.9999978286984271 0.0014953728218554065 -0.08108452504229009 0.0005709628469393315 -0.0014962028564511395 0.9999987176889724 3.929521449017031
0.9999978449229694 -0.0020633160001173947 -0.00022995483438690862 0.01872570886109772 0.0020636534420850304 0.9999967808033798 0.0014763854602100326 -0.09571902371036227 0.00022690786489219924 -0.001476856853284522 0.9999988837030022 5.250199034990448
0.9999971299959689 -0.002369917089087313 -0.00035141963574428095 0.017072806621754373 0.0023705538570745043 0.9999955297770654 0.0018223327077584893 -0.11030535702189748 0.00034709931837131327 -0.0018231605712312378 0.9999982778027416 6.568648427170177
0.9999941613249179 -0.003411710418238607 -0.00019378491741713273 0.011878524608207338 0.003412212766204367 0.999990659741932 0.002652777346769183 -0.14386801937597704 0.00018473261730759995 -0.0026534231432699235 0.9999964626038766 7.904396826415875
0.9999934821028954 -0.0036029820210280172 -0.00023297412692453744 0.003792934885486904 0.0036036805578737695 0.9999887948344289 0.003069802341560463 -0.1590108409270518 0.0002219110952628731 -0.00307062195517967 0.999995261007381 9.225409376589766
0.9999942635292721 -0.003321538192151698 -0.0006635482079279823 -0.006989049774676332 0.003323404718749442 0.9999904684605324 0.0028316009501517217 -0.18292807459491672 0.0006541366704026087 -0.002833789999843676 0.9999957708615749 10.556128192638926
0.9999999001627526 -7.871759117803259e-05 -0.00043986073207941665 -0.030572671764934615 7.89032771182363e-05 0.9999999077887866 0.00042213327610031567 -0.21933051094368047 0.0004398274997224297 -0.000422167949027334 0.9999998141633548 11.874258170515475
0.9999981454717418 0.0018510532304272884 -0.0005316492665618539 -0.025534575546432767 -0.001851149072506073 0.9999982704935072 -0.00017961170420651142 -0.23196821942471044 0.0005313159208754684 0.00018059553486804095 0.9999998425447169 13.214835391897774
0.9999840611272177 0.005628582383225392 -0.00044332827993779516 -0.05048633398685412 -0.0056288558559281195 0.9999839673880825 -0.0006172194411688974 -0.24889540532643434 0.00043984713805250535 0.0006197050419172244 0.999999711250343 14.55553282526014
0.9999819958286352 0.006000571781546213 -3.383375209582316e-05 -0.07105596506605802 -0.006000557282751543 0.9999819065394099 0.00042416758179196647 -0.28265951928409805 3.637839097579481e-05 -0.00042395693661955017 0.9999999094686185 15.910175589301335
0.9999883503891124 0.004811041273541174 0.00039109996441949 -0.06801113844595476 -0.004812245726351988 0.9999834957794128 0.003138545609928043 -0.31216595476262327 -0.00037599386669009147 -0.003140391181499397 0.9999949982734376 17.246918882539838
0.9999999272459262 -0.0002677925409651401 0.0002716544461787711 -0.06807320024460276 0.00026631546765781486 0.9999852602673835 0.005422944062567976 -0.3356825638513933 -0.0002731026846946392 -0.005422871428701286 0.9999852588319936 18.615514792428236
0.9999982985229935 -0.0018396317632506948 0.00013678112461084475 -0.06615536295628213 0.0018391091819293087 0.9999913593472708 0.0037281234788378243 -0.36751047103483286 -0.0001436383260864807 -0.0037278656520488506 0.9999930411689224 19.944506196861745
0.9999958924897228 -0.002855835196313817 0.00024333824429415853 -0.08501524729450344 0.00285545770008158 0.9999947395944131 0.001538551415526534 -0.3733442782801056 -0.0002477308330088332 -0.0015378502817700486 0.9999987868221765 21.302991000314293
0.9999995719142306 -0.0008075149787362904 0.000451766379065216 -0.09007728336874934 0.0008073452772436023 0.999999603478521 0.00037581255838094055 -0.42624968865806856 -0.0004520697120435036 -0.000375447672462207 0.9999998273356846 22.65773261770684
0.9999980214424095 0.0015820866844625872 0.0012058656538924662 -0.09256760342134865 -0.0015843492256598975 0.9999969823085855 0.0018775552367387342 -0.4150802223693451 -0.0012028916600546307 -0.0018794620714784884 0.999997510333189 24.021563301573796
0.9999963098919437 0.0017180948762249093 0.0021043650710301284 -0.10825428159168915 -0.001730541131530425 0.9999809379369473 0.005926971540086687 -0.43574360892637687 -0.002094142030330883 -0.00593059147573335 0.9999802211306696 25.411776491692144
0.9999975508734795 0.00041816186965269037 0.002173336129060656 -0.09997766237764612 -0.0004332948661659392 0.9999756347857545 0.006967215311800807 -0.46634916070652765 -0.002170369929270307 -0.0069681400794894145 0.9999733669039146 26.782303054720888
0.999990176374533 -0.0038430727224182514 0.0022086092340547203 -0.10681409909294497 0.003828254246241161 0.9999703937068495 0.006675040986590162 -0.4922575110181523 -0.0022341966963943596 -0.006666520422443491 0.9999752826291919 28.14938331879636
0.9999890912135979 -0.00423201950495208 0.0019767329452508205 -0.11174764975733696 0.004223770276721144 0.9999824310909728 0.004158998370142056 -0.4939031133933999 -0.0019942993433042576 -0.004150603811602361 0.999989397571943 29.510681758769834
0.999988107800244 -0.0040644264190643 0.0026953116759090125 -0.1125610896441046 0.004058568774154074 0.9999893980080596 0.0021752896524883545 -0.5421165115073158 -0.0027041246314494045 -0.00216432471305089 0.9999940016846934 30.902910505160644
0.9999935121351602 -0.0018020379988148878 0.003119030829410579 -0.12187199809776318 0.001797944063088362 0.9999975191988456 0.0013149107859787056 -0.5370995138870827 -0.0031213928735119626 -0.0013092944339386963 0.9999942713090222 32.284550518061224
0.9999932117402218 -8.777048497169218e-05 0.0036835817425405625 -0.1298599158873108 9.13350567976548e-05 0.9999995277684116 -0.0009675333715326212 -0.5854163261342756 -0.003683495394230357 0.000967863265953744 0.9999927475225905 33.66440419520262
0.999992090763726 0.00028847324080184204 0.0039667615822545485 -0.14405992011801183 -0.0002857954660634276 0.9999997309374724 -0.0006756082347785901 -0.5915128896532346 -0.003966955745652532 0.0006744692250595823 0.9999919041415057 35.059202234265996
0.999993925916215 0.0001693580107955204 0.003481300413378537 -0.14331483196014944 -0.00017312038679022194 0.9999994013147518 0.0010804626712806868 -0.6285561963745457 -0.0034811156374812023 -0.0010810588111377394 0.9999933565487433 36.45345996853942
0.9999935407877332 0.0015058132435483594 0.003263573315622704 -0.1562883576074654 -0.0015136312381052756 0.999995987978485 0.0023943578634989375 -0.6413090983659737 -0.0032599550399591915 -0.002399282290140358 0.9999918080334264 37.85384738629512
0.9999886268946705 0.0037680712791308265 0.00292364786649593 -0.15643516858706896 -0.003776469321146189 0.999988744352849 0.0028721862025043294 -0.6627020907553937 -0.002912792600670111 -0.002883194660643227 0.9999916013770371 39.248688128722755
0.9999773618788237 0.005778733001182683 0.0034470229868540053 -0.1745138573958236 -0.005789772483035558 0.9999781152900101 0.003201169562147644 -0.6930199329708097 -0.003428449133056957 -0.0032210546376417125 0.9999889352087494 40.645440682179554
0.9999526020300166 0.009103901952922667 0.003451470225540346 -0.18225351962623043 -0.009117080075780923 0.9999511357952423 0.003821634736941399 -0.7232165397691745 -0.003416510070424375 -0.0038529210097701418 0.9999867411396901 42.06989687731501
0.9999480283216076 0.009722776553982654 0.003067287687776963 -0.18259929744796644 -0.009734677716203736 0.9999450541742543 0.003889049152531026 -0.7379873378091507 -0.0030293070506436422 -0.003918706171440456 0.9999877334436081 43.462092033885135
0.9999568997611111 0.008880315967440036 0.0027089836522397187 -0.19318612848180755 -0.00889051822697702 0.999953344017195 0.0037773659118933616 -0.7563851578551347 -0.0026753132826906625 -0.0038012874546031845 0.9999891963965496 44.88455313037952
0.9999619582020907 0.008520485051670811 0.001866404863615628 -0.19033589908899046 -0.008526649531651938 0.9999581364218006 0.003319889980507772 -0.7859351207216938 -0.0018380398094445937 -0.003335677936855222 0.9999927474039457 46.281890907202786
0.9999652437801196 0.008275372575764668 0.0010146053708929138 -0.20343941022151163 -0.00827917591212574 0.9999584954741167 0.0038029715256815088 -0.8110542164575795 -0.0009830923344243008 -0.003811239525770054 0.9999922539610547 47.71516043650007
0.9999653805177893 0.008320480999532275 -8.569533200463407e-05 -0.2042572275140384 -0.008319998720847552 0.9999547844564264 0.004605071217006721 -0.8291019857744928 0.0001240078784889788 -0.004604198903993488 0.9999893929316103 49.11820105404645
0.9999586837042707 0.009043171266904945 -0.0009229931523900484 -0.22366228172808572 -0.009038592377560958 0.9999473861498737 0.004850649305487225 -0.8544898570791173 0.0009668099276471524 -0.004842106438903402 0.9999878095689372 50.53787202358512
0.9999560332961338 0.009113200171005123 -0.0022093060672966026 -0.22912865532128024 -0.009101877805499212 0.99994566250964 0.005082112502200681 -0.8661308147258426 0.0022555005218076536 -0.005061780333186772 0.9999846454332914 51.99289905249288
0.9999495943566695 0.009523195036983522 -0.0031807978752803664 -0.2448030946868326 -0.009502875330562939 0.9999347249713605 0.0063435933409803835 -0.8953291671658375 0.003241001803634797 -0.006313046996775383 0.9999748203592165 53.39277605361064
0.9999552674625914 0.00849007791242732 -0.004169127549386456 -0.24958276632227622 -0.008459608312515878 0.9999377705247751 0.007272559482504215 -0.9164813840004105 0.004230613066241935 -0.00723696512897479 0.9999648635121415 54.851989674194485
0.9999739060545089 0.0055459328271751885 -0.004629235277035022 -0.2602326824601044 -0.005509924498449393 0.9999547463832896 0.007755380466988251 -0.9210113365099396 0.004672037007246473 -0.007729671522048135 0.9999592112979624 56.25066913716388
0.9999827170329717 0.002912521348142188 -0.005107136129024919 -0.2768805772288554 -0.002875241534176661 0.9999692808479695 0.007291800166257874 -0.9304903165494252 0.005128217204870193 -0.007276990042226197 0.9999603726230291 57.68416544160155
0.9999811282900319 0.003164843553494225 -0.0052656255918101195 -0.2869777830770189 -0.003125733112801287 0.9999675916470852 0.007419262202718924 -0.9657761736804553 0.005288936198464691 -0.0074026634009125005 0.9999586130140925 59.139008915717795
0.9999845372182656 0.002743083733792044 -0.004837437510271443 -0.29770615226385905 -0.0027018119185036613 0.9999600730070057 0.008517781779025747 -0.9961271616129623 0.004860609772057648 -0.008504580397781911 0.999952022147554 60.53344707568349
0.999990978113678 0.0005937261391058017 -0.004206087445243786 -0.32137969180368686 -0.0005542592896203612 0.9999558697780827 0.009378234957141402 -1.0067134086566452 0.004211470296365796 -0.009375819273407108 0.999947177375838 61.98603496855819
0.9999921983080042 -0.0013431868543719305 -0.003714723060160293 -0.3356649984441348 0.0013780160236325587 0.9999549696482256 0.009389341965710025 -1.0290283671070783 0.0037019444647233227 -0.009394387847999711 0.9999490192474978 63.3778702962577
0.9999904939236177 -0.002744543946460138 -0.003388146800878262 -0.3401989232583059 0.002772009063289777 0.9999631228695753 0.008128275358286363 -1.0389102174374019 0.0033657137380336496 -0.008137590224946003 0.9999612250507137 64.79455593707519
0.9999937050071134 -0.0022342482101653776 -0.002756461414678936 -0.3459373744368053 0.0022570210342919787 0.9999631208798406 0.008286297756700941 -1.0665221825681255 0.0027378463511214604 -0.00829246714986728 0.9999618688696403 66.25395415547344
0.999997772323056 -0.0009065184647425156 -0.0019061929058370346 -0.3634918073408031 0.0009221346460712692 0.999965893149173 0.00820744797123042 -1.0865299398453172 0.0018986878556370174 -0.008209187616859244 0.9999645014843138 67.60227212216981
0.9999974008347952 0.0018164489129634713 -0.0013779809723684512 -0.3831112184820329 -0.001803189281337274 0.9999526422862306 0.00956356069806181 -1.1023194611021883 0.0013952875593118055 -0.009561051271239162 0.9999533186487414 69.08186849417247
0.9999885588920915 0.004762091230856667 -0.0004522854164550477 -0.40136304184686145 -0.0047570344275323 0.9999325899411103 0.010591798837177114 -1.1117020457325488 0.0005026940909733659 -0.010589526330737772 0.9999438030385419 70.43770277639045
0.9999587121113238 0.009071536359974168 0.0005303597121535991 -0.42259775480594786 -0.009077134274848644 0.999890019509688 0.011728364503375846 -1.1439429059895887 -0.0004239071248073143 -0.011732694648139076 0.9999310797163468 71.90157500538115
0.9999136138933895 0.013106986656732912 0.000985708073070238 -0.4243062287240216 -0.01311727838333817 0.9998503305244321 0.011280673128580873 -1.1481559346220118 -0.0008377049729569235 -0.011292628674280863 0.9999358853400567 73.26105458883437
0.9998593566119002 0.016685576264612638 0.0016907091723316824 -0.44189655228485303 -0.0167029535176031 0.9998016762977775 0.010845250441514182 -1.1646357948560562 -0.001509414731055712 -0.010871965191302516 0.9999397592063742 74.65118183579536
0.9998407631897663 0.017674654591283125 0.002460651017597881 -0.4561874498897698 -0.01770051216495551 0.9997837446708069 0.01091585113957469 -1.1735244451350624 -0.0022671851740402663 -0.010957667945197749 0.9999373927328443 76.10800589369643
0.9998190572177208 0.018799954746626303 0.0029007716251512805 -0.46278220704597095 -0.018832067401965275 0.9997568539762739 0.011471103433401157 -1.1926890087614317 -0.002684410307286917 -0.011523655586140212 0.9999299972017323 77.49008965162255
0.9998394146529103 0.017680644951568965 0.0029222688686250885 -0.4675953176647275 -0.01771308632806883 0.9997772568294003 0.011475336339705369 -1.2139621283538247 -0.0027187268271724315 -0.011525256208072902 0.9999298860391976 78.88728156146021
0.9998569039654303 0.01671253208267473 0.0026196988720673716 -0.47209325203561603 -0.016739147859684063 0.9998048613373234 0.010490005563706209 -1.2233874836954417 -0.002443873312023963 -0.010532356230679359 0.9999415467695074 80.26967689865091
0.999861565178151 0.016462074851346722 0.0024187868738785702 -0.476394819146859 -0.01648700340906483 0.9998070919020648 0.010675099128757871 -1.2489247535985337 -0.0022425861712521067 -0.01071350009269381 0.9999400940674845 81.64305409401587
0.9998701219141276 0.015989926410003463 0.0020153205651903434 -0.4869683227950594 -0.016011668225465375 0.9998082023257151 0.011277636331228946 -1.261781976118952 -0.0018346056032467746 -0.011308440491309584 0.9999343745453623 83.04884669628805
0.999871123405417 0.015966726678499864 0.00167337353367927 -0.5019876142205458 -0.015983256416394184 0.9998183851649207 0.010379414208923576 -1.2637839811675364 -0.0015073444744030562 -0.01040482271971708 0.9999447322618408 84.41744967657213
0.9998653987565983 0.016384051067854278 0.0008644056438900116 -0.5048119010032295 -0.01639239946090255 0.9998078945954902 0.01074537968318564 -1.2807143555744323 -0.0006881867878728337 -0.010758103248361314 0.9999418931198708 85.81135045415168
0.999875650847992 0.01576921720706918 -0.00012078087649071184 -0.520113523517743 -0.01576689996773823 0.9998138408624984 0.011121534190113991 -1.2938246465221233 0.0002961363134029681 -0.011118247128229645 0.9999381465313163 87.17180767483646
0.9998914115821518 0.014676879610560203 -0.0013244656028538106 -0.521248981588853 -0.014659249312369673 0.9998148798521723 0.01246244231834511 -1.3083882693218216 0.001507130319667439 -0.012441673627664383 0.9999214635774171 88.53474825143013
0.9999283617556162 0.011721451718054783 -0.0024246431009626217 -0.5265220992701657 -0.0116881022591179 0.9998427089183096 0.013339629335191465 -1.3291453512621794 0.0025806217755253297 -0.013310334504479321 0.9999080834739213 89.93304933532562
0.9999325745222277 0.011102357509934942 -0.003403532698658545 -0.5395262623970525 -0.011054620777779878 0.9998445236668316 0.013737680772449965 -1.3453594695398678 0.0035555244840141495 -0.013699130020873708 0.999899841031318 91.2872790076606
0.9999415451594745 0.010156997009140266 -0.0037069725912547437 -0.5546368881200636 -0.01010653638975709 0.9998593207112418 0.013386438158594591 -1.3597213523733962 0.0038424174441925277 -0.013348191277091285 0.999903526161571 92.66178350525593
0.9999533230742118 0.008704262850725621 -0.004193739869013185 -0.5694743085045749 -0.008647632010523114 0.9998736527675818 0.013337802489812188 -1.3822829628086224 0.004309306114681036 -0.01330091427538876 0.9999022530096594 94.02096391806627
0.999954584128119 0.008522666764358585 -0.004265419761768313 -0.5878706963795118 -0.008466222138660466 0.9998786007737036 0.013080780199671788 -1.3887031204273521 0.004376385453613814 -0.013044074400598238 0.999905345213696 95.39662124559253
0.9999592767225726 0.008021051789577025 -0.004136133419208027 -0.5905297871979993 -0.007969804997422848 0.9998930663615473 0.012261242299281095 -1.3922568347187982 0.0042340395540889295 -0.012227779055107794 0.9999162736655076 96.76475497108446
0.9999491608008026 0.009248792584320644 -0.00401691690221888 -0.6074203863349555 -0.009200985932973285 0.9998885017480197 0.011761205122757324 -1.409230331333637 0.004125246327242843 -0.01172364783810488 0.9999227662355894 98.10097341139935
0.9999380745148656 0.010519982432626057 -0.003630023989190982 -0.6324135562443247 -0.01047629268481354 0.9998748812853625 0.011851965481073565 -1.4170666016087516 0.003754252600066804 -0.01181320259254391 0.9999231739705207 99.44061277342554
0.9999294511087712 0.01130673350698124 -0.0036401304017214687 -0.6392456400762334 -0.011257985242533387 0.9998502214419231 0.013145055037571466 -1.4271337921886327 0.003788213152502616 -0.01310314740417103 0.9999069741638286 100.76475830853424
0.9999227958486006 0.011932892694210464 -0.0034653108525728137 -0.6606853841094501 -0.011882227984079705 0.9998272791729165 0.01429071384100427 -1.425022093693031 0.003635242193980216 -0.01424843521791301 0.9998918777151482 102.11683118857589
0.9999394094101064 0.010496931848699197 -0.003315403460839424 -0.6715404446779824 -0.01045034032814412 0.9998505624809225 0.013771096974180254 -1.4551419333214504 0.003459462584384751 -0.013735615762378984 0.9998996774628016 103.46331917728193
0.9999397122645297 0.010509519975232978 -0.003181477052727723 -0.687382331306425 -0.010471571036035063 0.9998765007035885 0.01171876957927719 -1.467641246014827 0.0033042430735546902 -0.011684748259279926 0.999926271605133 104.78909411038696
0.9999514034013225 0.009297837318665814 -0.003277351105078932 -0.6959285964980575 -0.009262517967704812 0.9999005755121679 0.010632256023561456 -1.4794664896240277 0.0033758825362415973 -0.010601383027402572 0.9999381051369355 106.09046392238668
0.999960620260974 0.00837602892387916 -0.0029325830531055593 -0.7092422961646264 -0.008341740256689772 0.9998988965109075 0.011515734432798552 -1.4906102103167367 0.003028742948132085 -0.011490818335430837 0.9999293914170941 107.45730114414305
0.9999812823484499 0.005592961435359944 -0.0024806692012736883 -0.7173150950798164 -0.005559741327052725 0.9998973885769843 0.013202333090137144 -1.4860736178006428 0.0025542550222635903 -0.013188294360687278 0.9999097682705492 108.786212941728
0.9999905441464413 0.004019038212407071 -0.0016610054751296387 -0.733692548472197 -0.00399456917005966 0.9998871609820014 0.014481323208022237 -1.5100382675493984 0.0017190191969478903 -0.014474551563252584 0.9998937605261121 110.14565694631874
0.9999938838614227 0.0033360812176991706 -0.0010501399931764817 -0.743980243721206 -0.003321497558319981 0.9999020569300248 0.013595742041044682 -1.5228545497724038 0.0010953937422448208 -0.013592171121521415 0.9999070221795788 111.46863662493982
0.9999887653232611 0.004725792703702302 -0.0003689185100040366 -0.7593094498434618 -0.0047213352229319005 0.9999253370897028 0.01127072512205696 -1.533391089463841 0.00042215412050815564 -0.011268856937215181 0.999936415305454 112.77634748596017
0.99996993986366 0.007721292195934426 0.000707813891373765 -0.7595277053201437 -0.007727716264427831 0.999924321020561 0.009572598714012118 -1.554613695852122 -0.0006338475393009942 -0.009577780939482316 0.9999539311146928 114.13663701333404
0.9999424493109031 0.010487770385881346 0.0022593621387312066 -0.7772007417680586 -0.010507318023315164 0.9999058909595343 0.008820743379238551 -1.5593095266049468 -0.00216663975773304 -0.008843975756481605 0.9999585440230826 115.44019436121778
0.9999289625141959 0.011307874966786906 0.0037685364394497898 -0.7891257766031673 -0.011349023772854799 0.9998741815934353 0.011082448509468658 -1.5741052592955593 -0.0036427436456821197 -0.011124430674785466 0.9999314863830989 116.80071994880333
0.9999159946725162 0.012086915967569377 0.004680815808857909 -0.7941266750955979 -0.012147215059282682 0.999840728416796 0.013075281611625801 -1.567224468432178 -0.004522030830113773 -0.013131042358981295 0.9999035588313595 118.10575967665106
0.9999142565362855 0.01183961607566984 0.005594912352257767 -0.7910201755403219 -0.011916112822751356 0.9998331773754748 0.01384282114128504 -1.5850840425363433 -0.00543008575497064 -0.013908304095452611 0.9998885304100794 119.46868540733713
0.9999076123864812 0.011889712704011283 0.006587973989162363 -0.7928195212585613 -0.011978106417881076 0.9998365240666669 0.013544376398418288 -1.599274016662906 -0.006425858802610337 -0.013622036791689015 0.9998865677922176 120.77667049822074
0.999874803289143 0.013641031308248603 0.008018727138227481 -0.7918806443356528 -0.013746431705821068 0.9998178604750682 0.013239392716655085 -1.6080637485111493 -0.007836668292849625 -0.013347964340360582 0.9998802020624131 122.10435800943888
0.9998453652266561 0.015067928047268562 0.009066595106278894 -0.7945487360143967 -0.015183753197576207 0.9998022159033214 0.012844561028083224 -1.6081372742543965 -0.00887126169671782 -0.012980240014893783 0.9998763994029559 123.46632642652786
0.9998140642565339 0.016295000141976497 0.010310666722471147 -0.7970843682191491 -0.01641915681583631 0.9997922977753783 0.012073633995795221 -1.6233796938424618 -0.01011178615200922 -0.012240681774985784 0.9998739507998317 124.78996719878087
0.9997925363871613 0.016928031475409153 0.011328102014586693 -0.789517719279481 -0.01706060601212219 0.9997858760805802 0.011710583004949442 -1.6301272954695867 -0.011127440211048844 -0.011901418008909996 0.9998672593506289 126.14404196957355
0.9997826974475295 0.016911364648476514 0.012188666469124126 -0.7861402454877007 -0.017047361557337232 0.9997926069734207 0.01114138894180795 -1.6442538413034664 -0.011997723539369612 -0.0113467527205831 0.9998636436185764 127.46909190497946
0.9997825127266556 0.016160730017209878 0.013181730293597925 -0.7837980983952634 -0.016321378034081974 0.9997927067327318 0.01217194405413653 -1.652506583061858 -0.012982291396102661 -0.012384441060382221 0.9998390299085798 128.7887588587329
0.9997790381208619 0.015583372853447231 0.01410791934660834 -0.7762641568643275 -0.01576990670241107 0.9997883992115906 0.013208591172255747 -1.6672908847210934 -0.013899100863343072 -0.013428153414276549 0.9998132324045247 130.1612258298967
0.9997963136292952 0.014074605069526592 0.014465016906517412 -0.7600890037981993 -0.014271990178151929 0.9998051903748297 0.013634207953649518 -1.6696261124699194 -0.014270304085266236 -0.01383787570243287 0.9998024162893598 131.48590001983294
0.9998053488138164 0.013467589047835064 0.01441833899355866 -0.7453655952460142 -0.013665510723133958 0.9998125224538631 0.01371764519179794 -1.6854760960679707 -0.014230893462826985 -0.013912009274946159 0.9998019492228863 132.82650194055816
0.9998277878924833 0.011914293971547148 0.014228286377817116 -0.7347629690116813 -0.01212115326428537 0.9998207893935517 0.014541896810277769 -1.691734627348275 -0.014052481260905993 -0.01471185604710412 0.9997930231118601 134.16619969855304
0.9998548939204622 0.010132857792961872 0.013693658320773447 -0.7208157453655138 -0.010334500227319843 0.9998380178022972 0.01473554476287217 -1.7051842683452736 -0.013542128145375872 -0.014874923950684888 0.9997976532296741 135.49805097042457
0.9998751933748117 0.009671667934681447 0.012492257488769715 -0.7158936647448619 -0.009852400529444033 0.9998465033467663 0.014487924801775682 -1.7123935057390907 -0.01235021860382275 -0.014609195622365888 0.9998170050082033 136.85196567232458
0.9999104869196639 0.006968642281174021 0.01142174088319343 -0.7026162180339113 -0.007150803985846548 0.9998466424845008 0.01598616659506525 -1.719536171381238 -0.01130858834009525 -0.016066410567076413 0.9998069745114309 138.1786406140758
0.9999248156652145 0.006523026083749301 0.010383310695657906 -0.6879140461701512 -0.0066879232065588596 0.9998508021636824 0.015926239427164934 -1.7282100398502434 -0.010277875109048774 -0.015994485119883887 0.9998192545300973 139.51822510998298
0.9999400078635043 0.006060481132597635 0.009124211585730083 -0.692172460826914 -0.00620570406134429 0.9998531670721899 0.015972900114588014 -1.735641257997558 -0.009026069141486417 -0.016028564336288593 0.9998307932851589 140.88251677062425
0.9999553038174891 0.005258010724378906 0.007857715123031888 -0.6889938683724304 -0.005381255579764581 0.9998615342512022 0.015746568410498474 -1.7336564553196459 -0.0077738321176003345 -0.015788149281229798 0.9998451389472932 142.2081709564571
0.9999652614869947 0.004721972104502743 0.006868682267119281 -0.681786123921884 -0.004827210543525369 0.9998699695719503 0.015386422230749475 -1.7365899335798678 -0.006795135434966579 -0.015419044606768973 0.9998580295211573 143.55582531657353
0.9999775266027634 0.002860000131699728 0.006063554209884152 -0.6704388962961466 -0.0029393744436211344 0.9999095809684104 0.013122117419675328 -1.748749454629479 -0.006025477190406131 -0.013139645833662863 0.9998955162070111 144.91868418711036
0.9999880642241926 -0.00016499244749409656 0.004883051543149151 -0.6831799842755117 0.00010409783075667443 0.9999222630803525 0.012468237846336596 -1.774779474085429 -0.004884729517547705 -0.012467580954801003 0.9999103454019574 146.212364888949
0.999946057113842 -0.009687263714978868 0.0037469719024053345 -0.677438656911957 0.009628281953983017 0.9998342604447871 0.015451466312775582 -1.7665201293189845 -0.003896033626011444 -0.015414556207367864 0.9998735982017427 147.59485872386233
0.9998589901164869 -0.016647197227606495 0.0022069707311724515 -0.6663339208471997 0.016606961161900368 0.9997151061607938 0.017143959229360472 -1.777941460375203 -0.002491741044898777 -0.01710489100681562 0.9998505958066574 148.92066388249276
0.9998369093130183 -0.018007690599088952 0.0013703521122064289 -0.6336209903994761 0.017986757589324845 0.9997401664358732 0.01400271946884805 -1.7979466287833772 -0.0016221528129220226 -0.013975787824817357 0.999901018090474 150.22417202168617
0.999844056840998 -0.017606692719893416 0.0013661558120700386 -0.6602920155461245 0.01759051746155365 0.9997840408455936 0.011065502867429775 -1.8112105450699922 -0.0015606878086411391 -0.01103974609313892 0.9999378421989261 151.61950783765005
0.9998964674923587 -0.014175695578211049 0.002470620265230692 -0.6680792881013649 0.014153295357598211 0.9998605811020107 0.008860167959278834 -1.8205640489776815 -0.0025958750690271938 -0.008824283386505942 0.9999576958324911 152.93320663283677
0.9998899080697188 -0.014475272671047076 0.003261630804969683 -0.6720305559957845 0.014445408788007834 0.9998551445163226 0.00900111863002705 -1.830281593212791 -0.0033914522646704597 -0.00895301225183393 0.9999541697606316 154.30131899830317
0.9998223752974585 -0.018466113268140676 0.0037710115153845934 -0.6751894620338297 0.018420223410826695 0.9997599692128851 0.011861674288227502 -1.8263258580225683 -0.00398914570367831 -0.011790104702267616 0.9999225370733261 155.6334696283926
0.9996257222101826 -0.02706557181865437 0.003983756924865016 -0.673231141857888 0.02700391808652966 0.9995258720654356 0.01479254803714881 -1.8224841340304818 -0.0043822372420709525 -0.014679434734350365 0.9998826482111152 156.97036585011193
0.99952693288916 -0.030494196503671772 0.004001799960242458 -0.6568003835259344 0.03042457452642871 0.9994019031761091 0.016437189436532745 -1.8346926756427366 -0.004500645745804825 -0.016307660776124777 0.9998568919550574 158.31231941269016
0.9994990909731497 -0.03140930921494304 0.0038758780079958186 -0.6466517989682832 0.03134195924989775 0.999374799467137 0.016361289263778157 -1.8448287743395355 -0.004387351955806805 -0.01623161642804492 0.9998586328942346 159.65321984574013
0.9995218816507129 -0.03052102677304336 0.004947223559631619 -0.651464517150563 0.03043521836867708 0.9993992181351627 0.01658011692695812 -1.836698367263798 -0.005450293994986922 -0.01642162013535784 0.9998503011396515 161.0120725629377
0.9995850309821317 -0.02813094856526807 0.00619802952709354 -0.6541022810230934 0.028026144492810573 0.9994727636015681 0.016392987586581583 -1.8377853641771453 -0.006655912538149516 -0.016212478426139168 0.9998464153920414 162.35084073805245
0.9996541982486943 -0.025308211701296466 0.00713991250361626 -0.6617131981309673 0.02520093883468094 0.9995738128526479 0.014734494749585011 -1.8418143471824153 -0.007509773898040383 -0.014549467298504204 0.9998659491634656 163.70413753200535
0.999677523427445 -0.024166955184533524 0.007797912501177065 -0.6640457386767846 0.02405210616860884 0.9996055375962868 0.01450053062756048 -1.8443175579601023 -0.008145270866625802 -0.01430829858366949 0.9998644543902256 165.05029577923756
0.9997105554285128 -0.022643411722240984 0.00812903935858796 -0.6648760359661885 0.02251244648759207 0.999620811465065 0.015856324565720482 -1.8536125388486353 -0.00848499890828568 -0.01566873075969429 0.9998412352317438 166.3979255688157
0.9997498631685058 -0.02090984639511935 0.007936588109913654 -0.660385316846597 0.020785503345468144 0.999664742948388 0.015439059054731533 -1.8501440373965015 -0.00825675634995962 -0.015270231476963237 0.9998493116489058 167.73553447110004
0.9998058103021932 -0.018212683857873904 0.0075259449614704 -0.6530540160223872 0.018111816902835566 0.9997480315927939 0.013260294178863518 -1.8609714334759795 -0.007765554851138916 -0.013121410867545202 0.9998837556100739 169.10187523710394
0.9998712096568243 -0.014450662591597031 0.006981580525228527 -0.658838557985089 0.014374774672439 0.9998383450599213 0.010800443853485123 -1.877212292824363 -0.007136526081594705 -0.010698694407708686 0.9999173005456057 170.5186604298824
0.9999336406423097 -0.00936612335269725 0.006707463096621627 -0.6649482008165 0.009305816363713198 0.9999164975838895 0.00896658403024843 -1.8775846870985844 -0.006790885705334409 -0.00890357075643844 0.9999373031821988 171.86137777469753
0.9999567582180399 -0.00609674745146304 0.007022206112444791 -0.6681191810681867 0.006025689905898843 0.9999308772533301 0.010096126277450528 -1.893574867733402 -0.007083274840452718 -0.010053376254186492 0.9999243755604994 173.22532629787975
0.9999668557721686 -0.0024893140422253806 0.007751818055502566 -0.6780764233107791 0.00239255566153764 0.9999194290061886 0.012466401450304167 -1.9027331962133829 -0.007782226919431262 -0.01244744184197219 0.9998922432610154 174.58318564560037
0.9999689827103229 -0.0005834425498741028 0.007854503155136553 -0.6772209687619275 0.00046595616543954055 0.9998881134208053 0.014951371758984372 -1.9164518674522468 -0.00786234826043257 -0.014947248441541635 0.9998573714501866 176.00968683410952
0.9999689086158897 -0.0035735254792360095 0.0070293476777307596 -0.6779184167556349 0.0034594563290527257 0.9998632179819847 0.016173356995648962 -1.9145939033193746 -0.007086182678238787 -0.016148536732059307 0.9998444932973295 177.39854451794238
0.9999698056159063 -0.005449181660134861 0.0055402426443811985 -0.6730766985327759 0.00535986345569499 0.9998574531403348 0.016010785412186635 -1.9153038345622255 -0.0056266990406446254 -0.015980607338517853 0.9998564699236109 178.7993975640789
0.9999682581189621 -0.007230287830906654 0.003347492340889703 -0.6675793053292544 0.007188586524761379 0.9998984331251778 0.012306406653809011 -1.9217949291002707 -0.003436131488764025 -0.012281952520721739 0.9999186700142022 180.13492862766222
0.9999883996888123 -0.004495367031858705 0.001729789426612233 -0.6861670583466979 0.00448011945722622 0.9999519436669007 0.008720027398423338 -1.9559996921588825 -0.001768906165075125 -0.00871217674695797 0.9999604836929871 181.55032841038104
0.9999990527521097 -0.00072931175389572 0.001167305475709881 -0.7137154724087555 0.0007204508296089571 0.9999710613266578 0.0075734705753296005 -1.953216610857492 -0.0011727952094678646 -0.007572622562917924 0.9999706395386694 182.94867461641252
0.999998795242598 0.001297983318377804 0.0008513234862663921 -0.7294292156193183 -0.00130548659739418 0.9999597815850068 0.008873044386026591 -1.9577357405471536 -0.0008397722476526542 -0.008874145262778481 0.9999602713757881 184.2763691533976
0.9999853988817619 0.005243762915677288 0.0013057432007203445 -0.7252849021182645 -0.005258753201815467 0.9999170889902708 0.011754176531322437 -1.9723093032687282 -0.0012439989211888707 -0.011760871723244184 0.9999300647372849 185.72915305472824
0.9999809251556693 0.005917382056603507 0.0017702838622847756 -0.7367930350074234 -0.005942319668182381 0.9998782306898758 0.014429575018638703 -1.9834116662470875 -0.001684683118826914 -0.014439819657118493 0.9998943211433594 187.0982293854125
0.9999898331650776 0.004138792930700905 0.0017899592678041543 -0.7412338581073759 -0.004165045151087811 0.9998800156851765 0.01492000783192786 -1.979422074099786 -0.0017279938120692599 -0.014927311699814826 0.9998870883288646 188.53863394590724
0.9999919863047055 0.0036387563164246087 0.001669363465318318 -0.7357823935768866 -0.0036642968295506817 0.9998722158862267 0.015560360772913912 -1.9867732384251686 -0.0016125299100787423 -0.015566353428458234 0.9998775366977788 189.95356947995208
0.9999984054076901 0.000455972062863786 0.0017266363806539514 -0.7468723983433841 -0.00048394584131247146 0.9998680753006628 0.016235694761024308 -1.9918867971895664 -0.0017190057036271743 -0.016236504789171633 0.9998667015840578 191.30062280059033
0.9999973041595623 -0.0008260017895342642 0.002170114945474126 -0.7575666423811003 0.0007899256205667771 0.9998623513409917 0.016572699825335078 -2.000579266673444 -0.002183505482865767 -0.01657094124278326 0.9998603083505143 192.76541927897162
0.9999912017568697 -0.003359886231225632 0.002511489879502405 -0.7514149733816953 0.0033151995946520737 0.9998397835217413 0.017590245188096505 -2.0084728797914435 -0.002570188922834714 -0.017581764676478262 0.9998421253801917 194.1410029913114
0.9999603064489767 -0.008457417189690463 0.00280314710786347 -0.7496919037343743 0.008402758924948763 0.9997847679008127 0.018968697832491437 -2.001561898797054 -0.0029629702062632293 -0.018944391092640227 0.9998161485290346 195.59530204831717
0.9999187657418882 -0.01236596909418104 0.0030894562182789452 -0.7473572834930282 0.012302395541118494 0.9997280173641352 0.01981268131465465 -2.009711301001838 -0.003333619209531208 -0.01977306451132667 0.9997989362411331 196.9905960453615
0.999937728335075 -0.010680540976531667 0.0032350441420725376 -0.75406531531638 0.010626673243189803 0.9998117390740219 0.016234537519274433 -2.0156762895063207 -0.0034078290270227168 -0.01619914911890094 0.9998629777485415 198.4259948196802
0.9999851682867127 -0.0041253356069406565 0.0035559559494251526 -0.7716971191281036 0.004084924409638816 0.9999278343596849 0.011297763308743798 -2.026862114130205 -0.0036023066918521238 -0.011283070148595552 0.9999298553969014 199.84785517071148
0.9999707130355833 0.0056730965246845075 0.0051370264980834714 -0.7855452628491807 -0.005726346920329485 0.9999294050278512 0.010411240051256558 -2.025325114830707 -0.0050776003011065276 -0.010440351739493628 0.9999326062433481 201.29272583732433
0.9999056479121128 0.012149269896214222 0.006410186537285518 -0.8020560353468581 -0.012237681556872108 0.9998279684686168 0.013938172106690638 -2.020664276014611 -0.0062397456850430124 -0.014015303113078442 0.9998823115006051 202.74298955966623
0.9998846940762611 0.013247036383594951 0.007423917620808095 -0.797844674153168 -0.013367495883981775 0.9997758530162029 0.016418093829018973 -2.020344004321896 -0.0072047630821228505 -0.01651544024357954 0.9998376526332965 204.1720510085015
0.9998776951193541 0.014046959478819773 0.006875878349889228 -0.7961648690976559 -0.014161363425139902 0.9997571895970712 0.016882466131461445 -2.036922653560804 -0.006637062045504788 -0.016977773475620246 0.9998338385034621 205.6341217958646
0.9999375714640292 0.009669040101282219 0.0056002519820983225 -0.7898453266079982 -0.009764039129170135 0.9998045323779479 0.01719187569923407 -2.035395552782752 -0.005432928824437721 -0.01724548385797571 0.999836524924504 207.06738828236368
0.9999641069937087 0.007238566578423627 0.004403165689372452 -0.7889698088886965 -0.007311250526157679 0.9998334582670109 0.0167212844296514 -2.0357588930415638 -0.004281394596667434 -0.016752877232199242 0.9998504942077203 208.50877904428424
0.9999622252996624 0.007769595803167929 0.0038963242838931265 -0.7924781244652987 -0.007831927879379386 0.9998373519891821 0.01624593740233018 -2.038792148903602 -0.0037694664933517696 -0.016275839771372445 0.9998604343431345 209.981314761223
0.9999534479111143 0.008885813572889676 0.003760892554084002 -0.8018087226291026 -0.00894621557241052 0.9998261353409535 0.016360450120306427 -2.0429902332702023 -0.0036148630508660963 -0.01639333458968178 0.9998590857461559 211.4440260700479
0.9999460932015737 0.009723619130425626 0.003641689774696885 -0.8061442115298891 -0.009783989222014278 0.9998085754371809 0.016943613873703287 -2.035373905282462 -0.003476239698511505 -0.016978331090486052 0.9998498147394528 212.87830085355307
0.9999514998476147 0.009315345711046672 0.003197228492631744 -0.8153554732613932 -0.009368574577015525 0.9998106103626002 0.01705793743122722 -2.0479205335110913 -0.0030377226299158184 -0.017087063933677496 0.9998493909041786 214.3227177749868
0.999942663043764 0.010312072358062094 0.0028864803249619535 -0.817945039058471 -0.010358477091699772 0.9998093536953363 0.01655168364743332 -2.0592781044926776 -0.002715248085465971 -0.016580634497080957 0.9998588450334174 215.78805258768816
0.9999512346399992 0.009513828485681367 0.002648658452404891 -0.8269699096524655 -0.00955500197637436 0.9998264601908993 0.015992231032500727 -2.058275945203223 -0.0024960516601874438 -0.01601675942328445 0.9998686079418364 217.2954903065554
0.9999530295297778 0.009468859799352978 0.002068673464489306 -0.8274155308343398 -0.009500950914725383 0.9998253017604785 0.016096518414812 -2.063980595131639 -0.0019158965442506281 -0.016115417042139837 0.9998683026672122 218.7536698988196
0.9999350437671328 0.011250119277977023 0.0018283978391033533 -0.8400478024061963 -0.011277459177139617 0.9998131193321436 0.015701762486344428 -2.070573051694513 -0.0016514095736199523 -0.0157213625581296 0.9998750479986942 220.24531669546886
0.9999516721732078 0.009662426613891812 0.0018140591663410512 -0.8392593708585259 -0.009689531189488062 0.9998316827531869 0.015579446812702472 -2.0684828751184265 -0.0016632186959593183 -0.015596271588211048 0.9998769874442865 221.74071148621948
0.9999300237532076 0.011754965902566557 0.0013297922168828624 -0.8500914064966022 -0.011774285785582731 0.999809041621768 0.015596361965582823 -2.0784939311898483 -0.001146203663803708 -0.015610928260062934 0.9998774850656751 223.20336108002473
