1.0 -3.469446951953614e-18 0.0 -1.7787691892340307e-19 0.0 0.9999999999999999 -3.5575383784680614e-19 0.0 2.168404344971009e-19 -2.371692252312041e-19 1.0 0.0
0.9999999398638733 -7.08535559765227e-05 -0.00033948727388392647 0.05569069961672338 7.123806521749064e-05 0.9999993559314045 0.0011327230995349811 -0.026761272848715878 0.0003394068273799933 -0.0011327472383819146 0.9999993008434594 1.3159701006825606
0.9999991075624272 -0.0005587901877283866 0.0012135198795759842 0.11108300046058615 0.0005566348298350308 0.9999982684086526 0.0017757635472657302 -0.04833477912174309 -0.0012145101586562628 -0.0017750865086460634 0.9999976870130872 2.5650198957187875
0.999999819408184 -0.00046686921446578364 0.00037844160587086886 0.10923936915906193 0.000466140642939112 0.9999980422364426 0.001923079589384545 -0.07236865612352263 -0.00037933872209118405 -0.00192290287231219 0.9999980792713757 3.894194655296411
0.9999994633659841 -0.0007651920022570449 0.0006983918519611293 0.09641349764761799 0.0007637557172559071 0.9999975976687552 0.002054588123879604 -0.08125264783329461 -0.0006999623860236418 -0.0020540536598770867 0.9999976454550021 5.222319225547228
0.9999994063347596 -0.0010164037423972781 0.00039275404067621884 0.0989141964035146 0.0010154756769541664 0.9999967086581725 0.002356157881270003 -0.09231291655798715 -0.0003951475870859005 -0.0023557576956570268 0.9999971471278797 6.555127758039774
0.9999975555815397 -0.002111161057721066 0.000657140815008675 0.09142116496287372 0.0021091579777241225 0.9999931722236403 0.0030342964587509527 -0.11495291075746689 -0.0006635422701854259 -0.00303290308548942 0.9999951805934559 7.888590142401475
0.9999974145382365 -0.0021798905766191173 0.0006473006350990902 0.07813083865190758 0.002177798624083004 0.9999924593739891 0.0032153358221328992 -0.1262710719925252 -0.0006543048868401446 -0.003213917879716432 0.9999946212938579 9.209328673827226
0.9999979288372758 -0.002032282372743917 0.0001102393935156563 0.08295283484130908 0.0020319692061917544 0.9999940954127006 0.002771324110120116 -0.14901518004976405 -0.00011587086313684164 -0.0027710944201711093 0.9999961537976066 10.539412935568935
0.9999998827597727 0.00039443068950316233 0.00028089970417170254 0.06026404425124181 -0.0003946108020876152 0.9999997164810002 0.0006413429590939505 -0.17888135448394668 -0.0002806466824073978 -0.0006414537426767406 0.9999997548870734 11.861346953199398
0.9999959584177909 0.002820352247447695 0.00035882686212198385 0.061212113360966276 -0.002820305178048538 0.9999960142056777 -0.00013212336691323487 -0.20175018844332088 -0.00035919809699599156 0.00013111083238540202 0.9999999268930575 13.188484814937395
0.9999763482569622 0.006835736864401242 0.0007586930544759896 0.022390104602841486 -0.006835464326638664 0.9999765724909865 -0.0003618160029017394 -0.20875247238166364 -0.0007611486242339947 0.00035662142842705354 0.9999996467363208 14.530975860452262
0.9999781280746985 0.006534291007970561 0.0010229375937587267 0.014221636603564045 -0.0065347446416158025 0.9999785513857025 0.00044033436733121163 -0.23274931699914014 -0.0010200384665306548 -0.0004470093853148057 0.9999993798511707 15.88779006105026
0.9999838187687969 0.0054733001061265255 0.0015508635799351975 0.019267620162456298 -0.005478591524564672 0.9999791159165758 0.0034282321607614 -0.27019280057242123 -0.001532067575159964 -0.0034366733064891243 0.999992920996979 17.211686132876657
0.9999987511599463 0.0007394083439184133 0.0013967657584073305 0.02232181013704048 -0.0007472823544275847 0.9999837865144875 0.005645199472602807 -0.2987246730760896 -0.0013925691175239094 -0.005646236311774123 0.9999830902401172 18.58556748490561
0.9999989710919233 -0.0009929677883486893 0.001035293732679232 0.024101697136678486 0.0009883309974859627 0.9999895223549049 0.004469718079723535 -0.3300422075885662 -0.0010397212554839983 -0.004468690354376865 0.9999894748374687 19.92939527298931
0.99999718782084 -0.002091125856688336 0.001118725967527402 0.022629922738309306 0.002088953597339998 0.9999959372860378 0.001939505307954809 -0.33518025471537266 -0.001122777265328433 -0.0019371629227502912 0.9999974933817297 21.29366539640182
0.9999987388060634 -0.0003049387578099444 0.0015586536845313946 0.0021120690995069594 0.0003039818855480672 0.9999997652240469 0.0006141223701073765 -0.38133508249889564 -0.0015588407195244402 -0.0006136478036867388 0.9999985967239611 22.622695404299737
0.9999949771265525 0.0022761244078037396 0.002205669574414001 0.004212026765367548 -0.0022805844924111297 0.9999953559590989 0.0020216325817852326 -0.3694825490525453 -0.0022010580284427582 -0.0020266526831034795 0.9999955239999048 24.00041003355565
0.9999924364909066 0.002568167966117108 0.0029208686072976888 -0.0011743682883059506 -0.0025869961140412637 0.9999757836562283 0.0064606156936269305 -0.3896774547696412 -0.002904206168627079 -0.006468123231525178 0.9999748641672577 25.396159968267142
0.9999945297016476 0.0010659904700536463 0.0031311712273603774 0.0043776984268686855 -0.0010891163853446705 0.9999720761505205 0.007393290504066465 -0.41087041129293383 -0.0031232028737973655 -0.007396660414510318 0.9999677669888182 26.765412432317426
0.9999909763767945 -0.0029344834328333853 0.003071804045339288 0.0012669762642581461 0.0029114311755721028 0.9999677688997445 0.007482294027056304 -0.45951561292036047 -0.0030936619607564737 -0.007473283306122814 0.9999672891102207 28.13835238365562
0.9999898535977397 -0.0033170179379846 0.003047966886163481 -0.007749832720962371 0.003302690517960045 0.999983530146423 0.004693790102600026 -0.4525356753077492 -0.0030634863274215914 -0.004683676073464587 0.9999843389909188 29.489762425865127
0.9999882982973007 -0.0032925566853778086 0.003544340272212514 -0.007007836633575695 0.0032822308753814138 0.9999903640346233 0.002915268974178117 -0.49916638455875995 -0.0035539051051710693 -0.002903601569308982 0.9999894693708518 30.891336954479183
0.9999913287311332 -0.000643830135977002 0.004114359146888847 -0.022661918730737737 0.0006376000606814654 0.9999986485585438 0.0015153699180918215 -0.4925853807046172 -0.004115329573898782 -0.0015127334882431692 0.9999903878014332 32.26574993852557
0.9999877953501921 0.0006885505608764152 0.004892346380240234 -0.02334319622998974 -0.000687738245997516 0.9999997494423521 -0.00016772748626004574 -0.5330408773500003 -0.004892461056912412 0.00016436079218081845 0.9999880183306435 33.64467556774939
0.9999866304901449 0.0010752788687187816 0.005057926460319185 -0.03852232976133698 -0.0010770617544112043 0.9999993588005228 0.00034976892117686 -0.5431752492457783 -0.005057547545236146 -0.000355211947792783 0.9999871474332884 35.038986280687965
0.99998932309353 0.0011320010969471652 0.004480209336430705 -0.034937781495264456 -0.0011390987040954493 0.9999980999235007 0.0015819624529888666 -0.5795268988432056 -0.004478410417705672 -0.0015870489916747772 0.9999887124916554 36.43320239918485
0.9999896964048809 0.0016083418258064528 0.00424503508072303 -0.04589066418637287 -0.0016196757551252654 0.999995129694645 0.002667815536551628 -0.5739840403752487 -0.004240724003104794 -0.0026746636793569395 0.999987431135833 37.84074786913963
0.9999876289328383 0.003329567164765768 0.0036953974266321268 -0.0343284770983016 -0.0033411693461667166 0.9999894951842989 0.003137851809490413 -0.5910511106715727 -0.0036849112278767473 -0.0031501600011576204 0.9999882488896142 39.23552403521549
0.9999680945663442 0.00664299256992434 0.004436269888784457 -0.0587460030996308 -0.006659114360919147 0.9999712422866236 0.0036291608670416895 -0.636898648743649 -0.004412034193444742 -0.003658586779221568 0.9999835742114348 40.62619883342327
0.9999477612870205 0.009308840821910554 0.0042213935869437535 -0.06316749046679143 -0.009324540788519535 0.9999496257320005 0.0037146948053871903 -0.6516326256033389 -0.004186601786035184 -0.0037538633889069475 0.9999841903105131 42.05224728421504
0.9999470291749111 0.009432106081240852 0.004119976079494431 -0.07323182809313306 -0.009448084596390183 0.9999478535704085 0.0038760621353291468 -0.661853090721851 -0.004083202150701497 -0.003914782780713839 0.9999840008379826 43.4398879478464
0.9999521593151198 0.00900955694026874 0.003808798950874305 -0.08397518460920399 -0.009023957497423905 0.9999521365452507 0.003780585773468057 -0.6810577301446942 -0.0037745555622642844 -0.0038147754265206247 0.999985600003798 44.86808939187885
0.9999585416715102 0.008640131663184274 0.002874551761689236 -0.07194770256638705 -0.008649512701758367 0.9999572553652931 0.003267015543448614 -0.7130359455277843 -0.002846201683991102 -0.003291743639599768 0.9999905317335533 46.260066415772755
0.9999643675394015 0.008251405478463154 0.0017826788194777595 -0.07489982733986375 -0.008258304027757984 0.9999583045109499 0.0038973928664598136 -0.7374846028504725 -0.0017504456662433936 -0.003911975978435843 0.9999908161489842 47.69541340640021
0.9999630098374863 0.008562163736172712 0.0008174909295094982 -0.08082994783365051 -0.008565941660746517 0.9999521021892083 0.004734763816631515 -0.7570284769435202 -0.0007769120127894297 -0.004741591355939324 0.9999884567929156 49.093366620186806
0.9999554290845095 0.009439634134531855 -0.00018201758952794125 -0.08795372465130565 -0.00943864248149369 0.9999437219469195 0.004844067195482678 -0.7860815104958438 0.00022773359055404895 -0.004842133394872195 0.9999882508725135 50.52864656528043
0.99995557302227 0.009315608075564202 -0.0014392375500884356 -0.08716950923027693 -0.009308364913408316 0.9999443731538804 0.004960338705099323 -0.7938726827162426 0.0014853661900873188 -0.0049467214897705334 0.9999866617297489 51.98378848402571
0.9999499832042403 0.00970630201554959 -0.002412211628202709 -0.11126799308518415 -0.009692096262765402 0.9999360184077856 0.005832870745396648 -0.8117499081322042 0.002468673108852804 -0.0058091997405254 0.9999800792301936 53.39359242370103
0.9999517962091153 0.009316997945521877 -0.0030981899728803504 -0.12779648988435652 -0.009296147154134496 0.9999344920374166 0.006677821562061224 -0.8430946477781993 0.003160204538403116 -0.006648698576598443 0.999972903593892 54.843011289536314
0.9999780553422531 0.00567187788930323 -0.0034232466445557655 -0.13942811094596952 -0.00564588926464233 0.9999555263760447 0.007554416818113619 -0.8504306505078059 0.0034659424287296547 -0.007534923923215366 0.9999656054950359 56.230949983899016
0.9999808051339544 0.004801198083301545 -0.003916355961229839 -0.1526810153587692 -0.004771656397715589 0.999960354569421 0.00751801780233975 -0.8761746935203976 0.003952296528042409 -0.0074991861447153505 0.999964070138954 57.66499922611254
0.9999879775719374 0.003485249740263206 -0.0034493090743031585 -0.18699465226537215 -0.0034569796203076835 0.9999606637612225 0.008168244980309394 -0.9031253945334161 0.003477642065425231 -0.008156222753252024 0.9999606902498068 59.1012768900573
0.9999872497198884 0.0034386985239206174 -0.0036980720566324983 -0.16764324284895502 -0.0034073921129865996 0.999958586465825 0.008438900163363941 -0.9215233457634683 0.0037269380614943846 -0.008426191955206452 0.9999575537148007 60.51581091742141
0.999994114049717 0.0016106557965463175 -0.003029462926591866 -0.19238635983259192 -0.0015824809698774837 0.9999556893781287 0.009279818643456407 -0.9316728428966113 0.0030442755475690014 -0.009274970141991256 0.9999523525267063 61.971962413445006
0.9999947850069927 -0.001266856392406748 -0.002970695265793602 -0.18661824521222556 0.001293361441564448 0.9999592254892762 0.008937257426513983 -0.9509907888631823 0.002959252172860003 -0.008941053179153079 0.9999556492178652 63.385210248092804
0.9999956506687481 -0.0015936289335128952 -0.0024817309518749423 -0.20288461741907382 0.0016135460399537994 0.9999663428485328 0.008044229889065054 -0.9722114165026671 0.002468828121651549 -0.008048199448609952 0.999964565062199 64.79695538983728
0.9999967108526046 -0.001878288961628576 -0.0017465149426163834 -0.21503581622336332 0.001891896788173657 0.9999676132168401 0.007822610745233955 -0.9769711567902886 0.0017317654080238672 -0.00782588939574112 0.9999678777085435 66.2465688405773
0.9999992238342651 -0.00023172063027862393 -0.0012241873995661153 -0.21953707415468177 0.0002410653383712255 0.999970795233565 0.007638754144889184 -0.9944698950292175 0.001222381700045348 -0.007639043476479545 0.9999700749532153 67.6236702006994
0.9999971660149671 0.002364088804321358 -0.00028114322469378243 -0.24873285459454297 -0.0023614729266269166 0.9999570052926742 0.008967218805141383 -1.0173439231714738 0.00030233047126398743 -0.00896652965884693 0.9999597541628533 69.08026354896559
0.9999825177288822 0.0058870888204797505 0.0005535438735268276 -0.2589158585159972 -0.005892475900319465 0.9999296610599222 0.010293282694105496 -1.0428220155579642 -0.0004929075020642134 -0.010296364695125963 0.9999468695480762 70.44213309453772
0.9999529079160534 0.009559327443092385 0.0016736755688448559 -0.2824153908101926 -0.009577500853172723 0.9998913050160025 0.011209355386336363 -1.0584882611595476 -0.0015663398740357513 -0.011224857370904836 0.999935772516506 71.88764482621983
0.9999157994970644 0.012800711583348095 0.002129711372696905 -0.2890956418603331 -0.012823222625395389 0.9998582049825895 0.01091489431825629 -1.066105554372994 -0.001989691136195377 -0.010941285265560334 0.999938162791585 73.24745797828497
0.9998554493862896 0.016813123114702067 0.0025296603172152 -0.2914363139814862 -0.01683820146333273 0.9998057687726472 0.010242057531181448 -1.0787723466035857 -0.0023569681958513916 -0.010283172179175805 0.9999443489870581 74.64947875530227
0.9998389639568648 0.017605072793982407 0.003479586347037884 -0.30786074851243844 -0.01764033455577949 0.9997905473395111 0.010376901868316347 -1.0895041188322196 -0.0032961716968265544 -0.010436612096885057 0.9999401043959864 76.08855031456747
0.9998245179153847 0.01831765331896164 0.00392388905323824 -0.3156732281298879 -0.018359344527158948 0.9997724055256791 0.010866078664524824 -1.1035650010619276 -0.0037239552428200554 -0.010936212119957179 0.9999332634836462 77.45448271132348
0.9998329585473985 0.017841029120871474 0.003968959226688877 -0.31190207164178363 -0.017883994299005168 0.9997788226598661 0.011066551151031799 -1.1331051110793795 -0.003770643032211704 -0.011135683652516597 0.9999308870117088 78.87483893268525
0.9998511136695465 0.016913308817446543 0.0034191280750694095 -0.3055874148542367 -0.016946222560466996 0.9998080026185726 0.009837859700293241 -1.1394238276355182 -0.0032520811200659975 -0.009894336488111347 0.9999457615655843 80.23910583109469
0.9998540278611714 0.016766739441196207 0.0032862405441014065 -0.31663431989812574 -0.016799244242439164 0.9998076035343233 0.010126270281283864 -1.173206284467672 -0.0031158240038123715 -0.010179998696446663 0.9999433280275105 81.63949134665887
0.9998690087372736 0.015889924553763618 0.0030782504941069275 -0.3352857139348474 -0.015922071629467738 0.9998158082464664 0.010716214530075919 -1.1770622439993652 -0.002907403903328344 -0.010763823146422272 0.9999378416250505 83.00487359348324
0.9998713320047796 0.015796210640820423 0.0027926915538868703 -0.34752305487642066 -0.015822470504242653 0.9998282979043664 0.009644904115589348 -1.1824239640778555 -0.0026398593220888066 -0.009687850605749114 0.9999495870758005 84.38418765964373
0.9998802801220232 0.015345741490616254 0.001983331458882542 -0.3568556563659472 -0.015364704702493463 0.9998326657679018 0.009928058704421953 -1.188118195613405 -0.0018306463048409962 -0.009957343627160664 0.999948748708026 85.77127703364073
0.9998762135133885 0.015705375073092373 0.0009480526225902025 -0.3643884557571633 -0.015714596893170476 0.99981967632847 0.010661440266418395 -1.2121188084681758 -0.000780439806334122 -0.010675019010781097 0.9999427158019398 87.15348119124486
0.9998928931859876 0.014634299330187665 -0.0001984975320663972 -0.37027471771914167 -0.014630920002155625 0.999822706639971 0.01185291103722354 -1.2245699462708826 0.0003719214279370622 -0.011848737553221432 0.9999297320801107 88.53467069445587
0.9999301821699278 0.011754055041303647 -0.001213649718402935 -0.37727448961401844 -0.011738085349196948 0.9998539698808409 0.012419995529204374 -1.2469801151690998 0.0013594579242335618 -0.01240488272269377 0.9999221323511956 89.91153406227785
0.999935417907934 0.011172762163739636 -0.002080713603005229 -0.3862750790002921 -0.011144899086722178 0.9998539902887094 0.012953352809167965 -1.2586512807459975 0.0022251347265664118 -0.012929327176611256 0.9999139369381358 91.27500583334589
0.9999435734239093 0.01034547147351899 -0.0024127080758005117 -0.39763060727321764 -0.010314729054851045 0.9998696131826731 0.012424291417170238 -1.2764395704605251 0.0025409288670119245 -0.012398704181220287 0.9999199047045275 92.65120529739642
0.9999547972090097 0.009151378210868482 -0.002579881915935243 -0.4039715698123565 -0.00911897474294174 0.9998827205213678 0.012304044775429747 -1.2891959624409197 0.002692178552854337 -0.01227996297146736 0.9999209742242025 93.98093774722382
0.9999614578744519 0.008248715403406378 -0.003006898168597039 -0.42133659370892096 -0.008212389662137146 0.9998954738419585 0.011899498291470951 -1.2986226324565482 0.0031047397153888545 -0.011874346082961543 0.9999246774164608 95.34630079281172
0.9999645874067895 0.007894239061050653 -0.002916316160748003 -0.42546690207073634 -0.007860459301765876 0.999903910483894 0.011418537171098767 -1.307617983318872 0.0030061768582574093 -0.011395209459681444 0.9999305536443956 96.71418273619749
0.9999527434244083 0.009397107087724219 -0.002491038143115676 -0.44932446302913887 -0.009369409768043516 0.9998966226844814 0.010906792458252702 -1.326779183790043 0.0025932731503571934 -0.010882937707285862 0.9999374163464514 98.051428778344
0.9999340756455166 0.011246889594989309 -0.0023133972624357485 -0.4605520195542158 -0.011221034231227039 0.9998776159291848 0.01090144838853534 -1.3333082176782576 0.0024357217398451115 -0.010874771232649644 0.9999379013810394 99.40113050441839
0.9999287157927255 0.011713132816783685 -0.002316424136234266 -0.456942326090372 -0.011684069406622411 0.9998574829706675 0.01218590549493273 -1.3490388332311756 0.0024588293527934933 -0.012157971822538648 0.9999230659847067 100.75502512545461
0.9999279943391406 0.01181269209795827 -0.0021133883757103226 -0.4943972384899661 -0.011782481520750837 0.9998356556460132 0.013778056845477463 -1.3593075660090648 0.0022757971981856757 -0.013752164069856264 0.9999028446504523 102.05900313730608
0.9999321044896691 0.011464394469820588 -0.002086633549239281 -0.4870789945266457 -0.01143647648351991 0.9998509604097016 0.01293305823285818 -1.378217810768751 0.0022345924380716303 -0.012908316665771646 0.9999141873012953 103.43049264985858
0.9999300527692391 0.011652913349703645 -0.0020246353165504806 -0.4922578119658986 -0.0116308515842065 0.9998763121518071 0.010586959572661776 -1.3897546877628142 0.002147754005623176 -0.010562671030138525 0.9999419068829857 104.75446470195223
0.9999423896324783 0.010515569830031083 -0.0021541075351618776 -0.5124617467365726 -0.010495222868598294 0.999902148531141 0.009248982694279548 -1.3992285451373467 0.0022511552730028615 -0.009225842210046986 0.9999549070544557 106.08681403349975
0.9999548891991655 0.009359028959020474 -0.0016211477476748843 -0.5264254257741768 -0.00934177936748803 0.9999029018531692 0.010340118039257936 -1.41626991309698 0.001717763954330003 -0.010324507395729739 0.9999452254200911 107.43054362922179
0.9999776226554596 0.006561942027916047 -0.001301956048466589 -0.520300730749353 -0.006545622030826465 0.9999045577328182 0.012166768926548558 -1.4109474456711633 0.0013816695453660504 -0.012157974800152986 0.999925134520023 108.75193120730862
0.9999894117942156 0.004586438731403507 -0.00037532626829755544 -0.5456283487608946 -0.0045808760112498095 0.9998959392659713 0.013679408524236552 -1.4438365810379985 0.00043802702842275646 -0.013677544634193 0.9999063620716359 110.10931046703483
0.9999890398889892 0.0046811311794776695 8.428444640745355e-05 -0.5418844259373055 -0.004681814839308863 0.9999130310748482 0.012329270084218389 -1.4513012359683815 -2.656217824587785e-05 -0.012329529804794863 0.999923988108028 111.41376186146645
0.9999828890762797 0.0057038224744430975 0.0012992129506555433 -0.5770047656458653 -0.005716626368814711 0.9999329144282023 0.010074067403595179 -1.4630640522934844 -0.0012416651972856736 -0.01008132234406526 0.9999484112737549 112.7640837235576
0.9999580477002883 0.008980630219083808 0.0018030815118629856 -0.5511085458513161 -0.008995156219721887 0.9999257876296929 0.008216228760745662 -1.482271056753211 -0.001729160928646083 -0.008232103238653086 0.9999646206135399 114.11661340602167
0.9999266911563333 0.011562037953911228 0.0035960490025130918 -0.5766403439854713 -0.011589250626734361 0.9999036498467344 0.007640701429459766 -1.4919384691166027 -0.0035073607336216007 -0.007681816969036994 0.9999643434175864 115.41387132015863
0.9999095950601226 0.012442042575553812 0.005098750687371218 -0.5897594902996667 -0.012490531810279646 0.9998759919511523 0.009591004219514214 -1.5086308357482219 -0.004978787132116637 -0.00965382344875951 0.9999410059443744 116.77813420246368
0.99989972980811 0.012939770356287978 0.0057526208713133044 -0.5871610687588554 -0.013006445320915576 0.9998468662518144 0.011707965414641175 -1.5086026898622817 -0.00560024203165751 -0.011781612841082409 0.9999149118231738 118.07341457106531
0.999896685779162 0.012747712111854987 0.006641805395816389 -0.5828454172436741 -0.012830945846886856 0.999837741111923 0.012643508347029748 -1.5268161900981667 -0.006479552437449094 -0.012727422993519257 0.9998980088501823 119.43893864303826
0.9998891841671756 0.012727321294707203 0.007722347682145819 -0.5860033050203746 -0.012820970151296112 0.9998433662271184 0.012201055802537513 -1.5403145627301154 -0.007565851974587344 -0.01229871196750205 0.9998957443481714 120.76457248288702
0.999855789187592 0.0143263500462027 0.009119018188103949 -0.5836028088903373 -0.014435183582487614 0.9998240022936402 0.011982902183731318 -1.5465799601802959 -0.008945742757646643 -0.012112809063741584 0.9998866203427852 122.07222549569637
0.9998194709443019 0.015990486337922438 0.010263032277700429 -0.5893999735101864 -0.01610835674624219 0.9998040377749592 0.011506821038008201 -1.5519847211163291 -0.010077022289591928 -0.011670064541759544 0.9998811245406068 123.43041086360277
0.9997855269100376 0.017147963840477613 0.011612384627722447 -0.5950930279258299 -0.01727444387893754 0.9997915830217594 0.010880448100675002 -1.5645512787538238 -0.011423387836461697 -0.011078712246098492 0.9998733761544776 124.7714210582475
0.9997559373188832 0.018267723730731128 0.01242400981713063 -0.5744919106640389 -0.018395470969983223 0.9997782799991617 0.010246830623531034 -1.5757097244439984 -0.012234069921226944 -0.010472875476950992 0.9998703147957203 126.10146456798068
0.9997511555024604 0.01774723804750081 0.013515271699651832 -0.5796951414392646 -0.017879072686307142 0.9997931334678433 0.009696859120675624 -1.5904783574886445 -0.01334038449554347 -0.009936086834306128 0.9998616445876998 127.43910677237184
0.9997564810902936 0.016852442949401095 0.014246881883113505 -0.5608581799033759 -0.017004631501611956 0.9997989093056028 0.01062936975030032 -1.5959886322419599 -0.014064887301271773 -0.010869044489921915 0.9998420089273157 128.7562980304054
0.9997311505024744 0.017543173982762846 0.015161257100597013 -0.5553730564927167 -0.017720086907300134 0.9997755294218214 0.011614186753789783 -1.6223952528908403 -0.014954105400765092 -0.011879723314373333 0.9998176068192327 130.1264233714351
0.9997734779211799 0.014420046208941325 0.01565423517798647 -0.5478613384809522 -0.014613615987805365 0.9998172872018337 0.012322113163394531 -1.6188546992101125 -0.015473690806071536 -0.012548087159944541 0.9998015355071683 131.45105517896198
0.999780338205544 0.01382946805177174 0.01574868627021174 -0.5344118676829233 -0.014021633081457124 0.9998277787712997 0.012157575157798254 -1.6396731051257516 -0.01557784252219241 -0.01237572714524937 0.9998020665116748 132.79839501462573
0.9998172075994092 0.011156591415138712 0.01552681014470447 -0.5233301973489508 -0.011358776960638986 0.9998510434439344 0.01299496562398189 -1.632113129513768 -0.015379519092378781 -0.01316895607194158 0.9997950034831008 134.12850794299305
0.9998379754243772 0.01050047358319179 0.014620633839810155 -0.48609279784823256 -0.010693182101689546 0.9998561544096806 0.013165347128919263 -1.6565672418279056 -0.014480289559972076 -0.013319555378004897 0.9998064365962666 135.46250815376118
0.9998533223053265 0.010385017989643211 0.013619297251521927 -0.4845350441994709 -0.010556161682422495 0.9998654592037794 0.012555116930655736 -1.6623563967403483 -0.013487080915405162 -0.012697043126063146 0.9998284271531661 136.80646075096396
0.9998879085394811 0.007458834801420865 0.012982146580008654 -0.49633098769206696 -0.0076419678226873474 0.9998711820371323 0.014114519817773041 -1.6746555542489494 -0.012875197451773873 -0.014212147122411603 0.9998161051736711 138.1385718680053
0.9999113275968509 0.006804345375641702 0.011447175192214226 -0.45433010329496626 -0.006966458074023625 0.9998751617252496 0.014182010973720151 -1.6835256064859883 -0.011349247793853929 -0.014260499963808416 0.9998339025630589 139.49107681686735
0.9999285953885365 0.005738853080471718 0.010481874112574337 -0.4727095567581229 -0.00588997310879293 0.9998783361323585 0.014443723744360574 -1.6954874122888157 -0.010397709306077802 -0.014504430634338157 0.9998407418845453 140.84430748928864
0.9999408053248249 0.0060100381911011615 0.009070021063313696 -0.46109690589871527 -0.0061375308985906 0.9998818280937618 0.014094700025973564 -1.700235840279022 -0.008984240304389761 -0.014149533505481586 0.9998595271969193 142.17651256071784
0.999950674703089 0.005914365899246295 0.007979250076655422 -0.44996408260329546 -0.006024455991842275 0.9998860148968257 0.013844246101797197 -1.7092236713249722 -0.007896461280443823 -0.013891634143082652 0.9998723260490622 143.52789721787977
0.9999649270970392 0.0039045213669069026 0.007409405378843119 -0.44565699296647937 -0.003989330683980729 0.9999263043192946 0.011466088014852091 -1.7159465235957618 -0.007364090365305666 -0.011495244657650039 0.9999068104181909 144.87572623025264
0.9999806740455806 0.0009654863490329083 0.006141610215562275 -0.4515514677562572 -0.0010313701649516394 0.9999418642192834 0.010733333837006817 -1.7456340772828867 -0.006130890790441907 -0.010739460886046997 0.999923535154263 146.18182865039222
0.9999493364541315 -0.008542726152769112 0.005324130892203726 -0.45705973257260535 0.008470356164031339 0.9998733928215084 0.013470388996009802 -1.7393913336172102 -0.005438531111522368 -0.013424609507047509 0.9998950956167111 147.56959495547076
0.9998777188494673 -0.015186715258024236 0.0037297509794226016 -0.4426079754682525 0.015128374177107884 0.9997699923359553 0.015201799343488937 -1.7585791936686526 -0.003959758827438247 -0.01514351566520168 0.9998774896181315 148.8871896802969
0.9998508470638114 -0.01705823613524677 0.0027018915895745876 -0.4111959708121917 0.017023879370003107 0.9997798415897875 0.012266045355846527 -1.7731575191196691 -0.0029105340783605943 -0.012218219388072066 0.9999211188424606 150.18861626679197
0.9998537305530976 -0.01688052799910121 0.002750506518452429 -0.4333310063972801 0.01685484941932204 0.9998164773922344 0.009106348026934179 -1.7844395472286625 -0.0029037219379622545 -0.00905865683651476 0.999954753543524 151.59127223089814
0.999914380916797 -0.012534956409645855 0.0037557580285456104 -0.4262256801899575 0.012509627766520159 0.9998993486094013 0.006693418540766373 -1.8018750620142348 -0.00383928203407143 -0.0066458624397602774 0.9999705457777185 152.90356098946236
0.9998961989527133 -0.013608583774568285 0.004732629615120146 -0.4384911997779995 0.013575413721845748 0.9998835438031357 0.006971869337498149 -1.8107671107071905 -0.004826956140345505 -0.006906898366932811 0.9999644969926508 154.27529249546413
0.9998377156210162 -0.017257548492474083 0.005169086595241102 -0.44324391865448487 0.0172055211008181 0.9998025028086699 0.009946125342236427 -1.8135134039541319 -0.005339711897552929 -0.009855574589676511 0.9999371755884228 155.59754009207688
0.9997074963272424 -0.023563967528362574 0.005446212412844027 -0.44544588348879993 0.023486329591384948 0.9996274497934005 0.013905176525748507 -1.8314438952184786 -0.0057718450282476874 -0.01377319791953603 0.9998884861940793 156.94285647012043
0.9996600348974269 -0.025498124909487142 0.005446123408337071 -0.41502787814568326 0.02541615335661071 0.9995699734382145 0.014624887834448574 -1.842786320509998 -0.005816689125291584 -0.014481496636401072 0.9998782187760147 158.28820971449215
0.9996334433093104 -0.026623923057144727 0.004913831651657287 -0.39325550924690894 0.026547785881245907 0.9995356127737072 0.014959072783865799 -1.862438466211396 -0.005309819368491135 -0.01482313835258259 0.9998760325100866 159.62937874607127
0.9996344950312056 -0.02629848696807374 0.006266253359213163 -0.4082589266248516 0.026203128644753028 0.9995464391602975 0.014842911011978462 -1.8497639498624248 -0.006653757882299797 -0.01467329067503801 0.9998702025995326 160.99204400669194
0.9996773578086949 -0.024241005730554196 0.007586430908800652 -0.412516752295349 0.024130885515091398 0.9996067380955969 0.014285290028178965 -1.8471851843557419 -0.00792973790884735 -0.014097613948036696 0.999869179711267 162.33054865688226
0.9997252520500325 -0.021722095523162552 0.008807439542932002 -0.4280938771452509 0.02160694326565172 0.9996824677737653 0.012965477967726246 -1.8533187270860583 -0.009086281003859956 -0.01277161411042659 0.9998771551387452 163.67446990139464
0.9997474676739088 -0.02036118250524231 0.00950910825482127 -0.43405375574217603 0.020245132690997182 0.9997212773762737 0.012145046435619172 -1.8468115579693687 -0.00975374617130572 -0.01194946647240471 0.999881030265099 165.0296380123706
0.9997457270738223 -0.020193282570244463 0.010035564258432059 -0.4423685691038619 0.02006201140953899 0.9997140395518408 0.01301363937900788 -1.8512727368974948 -0.010295483439408042 -0.012808996986821385 0.999864957189162 166.37625711220434
0.9997488505619555 -0.020227014857445474 0.009649024994008682 -0.42142735640897266 0.02010148698373214 0.9997142828359419 0.012933789224069557 -1.8439169015261763 -0.009907880874230501 -0.012736581387346431 0.9998697982182402 167.70092577764515
0.9998027852421506 -0.017615625562389756 0.009169535080580705 -0.42000176360526253 0.017514684986732462 0.9997863732921898 0.01097467889656143 -1.8585370425461671 -0.00936090283811608 -0.010811913201511224 0.9998977327845338 169.09070662882527
0.9998761961996437 -0.013594953784352968 0.007922721875693779 -0.41455278346042357 0.013528349325916084 0.9998731980364087 0.008400690474785881 -1.8825316666357097 -0.008035924929158961 -0.008292469234730782 0.9999333272073916 170.51729024720518
0.9999319348565149 -0.008652570013292107 0.00782679387218388 -0.4128102592132936 0.008598828876194372 0.9999394011829299 0.0068741612513388214 -1.8837106237988874 -0.00788579939952689 -0.00680639222052098 0.9999457421218899 171.85335039159736
0.9999494377030874 -0.005828536289985978 0.008194523546743675 -0.41007886888237577 0.005763680244207982 0.9999520567708123 0.007916068494053635 -1.8946022652074814 -0.008240270456902498 -0.007868437769885822 0.9999350907059704 173.21216969302063
0.9999571205692879 -0.0017649649302744902 0.009090760759232614 -0.4119669388672172 0.0016745425270541792 0.9999491484779709 0.009944664886036314 -1.9120361334075513 -0.009107851226509103 -0.009929015785904374 0.9999092267239869 174.59123704777565
0.9999572710960422 0.0005939704909551334 0.009225138869159707 -0.42232531366104237 -0.0007087352555070281 0.9999223422726817 0.012442150726136381 -1.9325246119135417 -0.009217032964356116 -0.012448157506126437 0.9998800376423429 175.98882455585291
0.9999628844751741 -0.0026397612586126305 0.008201301317968604 -0.4130975209810301 0.002528401722166505 0.999904874174596 0.013559121561285073 -1.9311089218522037 -0.008236314691124787 -0.013537882381096867 0.9998744365465728 177.41142081859576
0.9999645322326951 -0.004803414044330585 0.006918200852859796 -0.41453764263420845 0.004710068927741742 0.9998984995523683 0.013446405917863507 -1.9314514074257885 -0.006982087886277631 -0.01341334405600617 0.9998856597874672 178.80069122348408
0.9999639727179143 -0.0070021985908643 0.004798176187367885 -0.4138070944033218 0.006955035884170513 0.999928020452076 0.009776572986380124 -1.9407113314916267 -0.0048662887252640145 -0.00974284945817337 0.9999406962996045 180.13620428852406
0.99998762660605 -0.0037770038468221585 0.003237419657089148 -0.4315663644731433 0.0037567447399084273 0.9999734663336174 0.006241273180547226 -1.9743855969950301 -0.0032609073395476794 -0.0062290339127744785 0.9999752825031802 181.5560684373545
0.9999977021858873 -0.000710563385796217 0.002022554447950223 -0.4283525415967462 0.0006991628098657297 0.9999838964041888 0.0056318825604962045 -1.9863578380924989 -0.0020265238537319394 -0.005630455633406943 0.9999820954242339 182.94738532789648
0.9999958759628068 0.002065134041524074 0.001995815084300611 -0.4496070252228086 -0.002078757565188421 0.9999743902457767 0.006848183800373497 -1.990155696823471 -0.001981621716521648 -0.006852304508938862 0.9999745592250915 184.2769823558044
0.999984165492925 0.004859444048581754 0.00283805588064645 -0.45876384958190697 -0.004886287072800142 0.9999426590240701 0.009529053933383207 -2.0041126169128307 -0.002791587467829164 -0.009542770790806454 0.9999505700605749 185.72675146648479
0.9999683735972549 0.007300248449629599 0.003155656268883987 -0.4725998771948927 -0.0073373339498358555 0.9999022172688379 0.01190459752632633 -2.0236495768092633 -0.003068441430691811 -0.01192737536878383 0.9999241583162451 187.09891933872245
0.9999851820016656 0.004316234454331002 0.003317513096695266 -0.47408445825378304 -0.004357403380432062 0.9999123264615905 0.012504096505429338 -2.017638095711819 -0.003263251892357504 -0.012518367209911898 0.9999163173336566 188.5475012970831
0.999989276322481 0.003492112242284894 0.00304177407583176 -0.4611552182035298 -0.003531274112132979 0.9999097046974534 0.012965822627810967 -2.023290989921983 -0.0029962215529348076 -0.012976425180555187 0.9999113135909198 189.9556115381017
0.9999938746959568 0.00033681476755901933 0.0034838384194017177 -0.48150090633365894 -0.00038445304847519596 0.9999063169121786 0.013682455556816549 -2.0312953333136963 -0.003478903872530853 -0.013683711387044151 0.9999003216679546 191.3199727176033
0.9999921683593401 -0.0014805868370790266 0.0036702982648278626 -0.47533558874022086 0.001430517295522014 0.9999063953158093 0.013607138536766686 -2.0316526984957077 -0.0036901015586738883 -0.013601781809348847 0.9999006824095086 192.77414205839423
0.9999859906566582 -0.0034899576973785595 0.003979785840984113 -0.4675531510422256 0.003432060204147278 0.9998895131193625 0.014463143014460417 -2.0440836692607647 -0.004029822212790336 -0.01444928180955671 0.9998874830646176 194.1305623306541
0.9999560374912522 -0.00813592059732839 0.004661533555063001 -0.4814976909791574 0.008060634826870076 0.9998403327153861 0.015947890954529316 -2.046396954983374 -0.0047905404265792505 -0.01590961522895977 0.9998619579058434 195.59667409970618
0.9999194761647074 -0.011760058837368964 0.004768880183288775 -0.4641871531252897 0.011678539041249266 0.9997910630003777 0.01677623476106868 -2.0604998522831024 -0.004965173700889159 -0.016719190637389 0.9998478962905633 197.00284922021325
0.9999494009132583 -0.008781151868312704 0.004907850839256766 -0.4735240283677653 0.008711067349268565 0.9998623103532842 0.0141236548286931 -2.0860519423002164 -0.005031197450172215 -0.014080187832156149 0.9998882114331377 198.42029707518296
0.9999797442666438 -0.0036523218703808525 0.005212639651849481 -0.48969881703121115 0.0036091018506632776 0.9999592328649292 0.008276894620649998 -2.0792866335556073 -0.0052426574668106365 -0.008257914174362585 0.9999521595520754 199.8555011832485
0.9999546595959413 0.007122746413494465 0.006320223675662878 -0.4859780474391806 -0.007169901397798685 0.999946395346473 0.007469870169512728 -2.0843638866438976 -0.006266679415259044 -0.007514847011616396 0.9999521267537128 201.3115590049119
0.9998758156464282 0.013726439589997998 0.007741970924721039 -0.5022942465557196 -0.013809854650475517 0.99984603372855 0.010825746285993691 -2.0891644780497587 -0.007592180603523027 -0.010931317610655314 0.9999114286205164 202.74897654310493
0.9998536432562228 0.014725783437932141 0.008708808086598257 -0.4933459070759464 -0.014838754172870613 0.9998046993571481 0.01305276028107462 -2.096674619348954 -0.008514895839450278 -0.013180078048042708 0.9998768834659608 204.1614691907273
0.9998711408716645 0.013344468704756748 0.00892338392349476 -0.5258792738348533 -0.01346447654881337 0.9998178535726738 0.013526550799907082 -2.0986471626177767 -0.008741254655674614 -0.013644956745979347 0.9998686941898111 205.6254832523
0.9999204814545785 0.010207673320542395 0.007405008869346567 -0.5071293173321112 -0.010310764428493083 0.9998485557795572 0.014019759631014766 -2.110175645101509 -0.007260778900061068 -0.01409499638187985 0.9998742981824018 207.08270217651497
0.9999391088338456 0.009339837878566869 0.0058775877872534465 -0.47669681244569134 -0.009419692315799363 0.9998616651145501 0.013708393281478977 -2.124271695724074 -0.00574874101628544 -0.013762923903677428 0.9998887607638182 208.51807646491355
0.9999474935204385 0.008686487654408504 0.005436462196697283 -0.4880310386028508 -0.008757513317880676 0.9998747880793546 0.013180065917619154 -2.1209364406900186 -0.00532129344650406 -0.013226984031867811 0.9998983601990968 210.00467271214214
0.9999358111485896 0.009881379994593991 0.005543635584171097 -0.5043989395777875 -0.009953866518231363 0.9998632786213887 0.013203962398514074 -2.134574616104107 -0.005412404728081799 -0.01325829572444339 0.9998974564768479 211.4675741888211
0.9999293154028177 0.010687283743005632 0.005210196266057036 -0.49723899571451535 -0.010758057732787046 0.9998475850833803 0.013750302394692228 -2.130371724165577 -0.005062449188522071 -0.013805382328500248 0.9998918856690956 212.90006091177045
0.9999309730323521 0.010790470372491675 0.00464918271243879 -0.5062111966817259 -0.0108539478567737 0.9998451509647098 0.013851567697993578 -2.1483791213468564 -0.004498998229774523 -0.013901073831603977 0.9998932538834652 214.34175636297286
0.9999267077234804 0.011217694737464428 0.004554391821356129 -0.5155707206253138 -0.011277516512429258 0.9998475692092363 0.013328765462472062 -2.1588851330505294 -0.004404179931706864 -0.013379151064583565 0.9999007958372947 215.7908567468707
0.9999350889632693 0.010534515349978419 0.004340717345395675 -0.5178048122155845 -0.010589624473153321 0.9998610428907762 0.012874578912372937 -2.161929757282028 -0.004204487068220175 -0.012919710036029732 0.9999076974306583 217.28485322306605
0.99992878060328 0.01144436602845653 0.0033852894325367517 -0.4994531390719746 -0.01148706876198469 0.9998511217077505 0.012875623985656682 -2.17777567514275 -0.003237432346560376 -0.012913594304628344 0.9999113751302308 218.7547476626437
0.9999177072833311 0.012320245080802289 0.003576338476602558 -0.5186989547902764 -0.012363790720021464 0.9998464235946086 0.012420383616156223 -2.180263928862473 -0.003422767345191308 -0.012463578861819395 0.9999164684442801 220.23758657722644
0.9999332595558628 0.010950633360423005 0.0036823962155841682 -0.5349278331473695 -0.01099575394206644 0.9998618568300525 0.012464376132695855 -2.1903297332998752 -0.003545394994797778 -0.01250403522935286 0.9999155360717457 221.7275165223691
0.9999104525471316 0.01299894131398639 0.0031803118733501126 -0.5323363461684149 -0.013036958162569546 0.9998400967440246 0.012240044613634662 -2.2027230093864345 -0.0030206959556663905 -0.012280410391194934 0.9999200302610625 223.21674763216808
