1.0 -3.469446951953614e-18 0.0 -1.7787691892340307e-19 0.0 0.9999999999999999 -3.5405977195229754e-19 0.0 2.168404344971009e-19 -2.354751593366955e-19 1.0 0.0
0.9999998987722333 -0.00012609343698170503 -0.00043192070481847217 -0.0026443987521826986 0.00012646883295877077 0.9999996142534039 0.0008691940753185074 -0.02467025678481396 0.0004318109757452718 -0.000869248629226804 0.9999995289733451 1.3227987774326777
0.9999991843711488 -0.001257494096284225 -0.00022353351504144432 -0.015044598834098914 0.001257839690802948 0.9999980040665051 0.0015523208815539176 -0.0383031846166093 0.0002215810546127698 -0.0015526008145824424 0.9999987701658177 2.612350863827458
0.9999974798317717 -0.00206690792413047 -0.0008764835528042257 -0.011814241130830037 0.002068343098334315 0.9999965169332112 0.001639534969096589 -0.06926603599420847 0.0008730918073931723 -0.001641343737378304 0.9999982718500617 3.9407965926247845
0.999993166579219 -0.0036931634948278533 -0.00016535760664541065 -0.018966414843129123 0.0036933655665467528 0.9999924139435087 0.0012373766236403114 -0.09087421512758567 0.00016078653290673654 -0.0012379789159195896 0.9999992207778667 5.254318132776971
0.999993563851065 -0.0035181817628076196 -0.0007033187999786899 -0.008938203244399614 0.003519247336562163 0.999992653307449 0.0015192840894952071 -0.11015689608009424 0.0006979685757993377 -0.001521749491838024 0.9999985985588751 6.581388125764941
0.9999882445177009 -0.00483542008405052 -0.000359923338488069 -0.016245451914054423 0.004836395173058627 0.9999844996934627 0.0027585589874090438 -0.14268191174760408 0.0003465789999028126 -0.002760267341699203 0.9999961303966453 7.911791110174357
0.9999878915195576 -0.004909887225159514 -0.00033140250067580134 -0.022809671866922003 0.004910871450655137 0.9999833315625752 0.003036434028480311 -0.15541063064063942 0.0003164884576228825 -0.0030380247933350984 0.9999953351098685 9.230225989416038
0.9999884473550431 -0.004717978254318354 -0.0009196969053138378 -0.017743977383139407 0.004720223428838738 0.9999858481368309 0.002454182180229196 -0.1730267097314635 0.000908105190798427 -0.0024584950483972578 0.9999965655685897 10.565657192203807
0.9999979404193245 -0.0018737097390143977 -0.0007799810887509273 -0.03894773147575881 0.001873769106073132 0.9999982416616423 7.523382727057316e-05 -0.18985469304396094 0.0007798388170183479 -7.669517749965115e-05 0.9999996929852153 11.890194226551497
0.9999993527615377 0.0008517262984492069 -0.0007543448695411538 -0.022835728631752535 -0.0008522652225278222 0.9999993816962909 -0.0007143196398191848 -0.21290046918793443 0.0007537360613616517 0.00071496209220832 0.9999994603559901 13.22429980462083
0.9999918173429557 0.004005888125918559 -0.000564002664798604 -0.04209711300130807 -0.004006288465970872 0.9999917227285408 -0.0007100244949429238 -0.2341662684030689 0.0005611537642797736 0.0007122782529413525 0.9999995888833869 14.56836780148913
0.9999889489034637 0.004701278445253842 -6.544653575254935e-06 -0.06281812534184043 -0.00470127943810289 0.9999889429416929 -0.00010943079553543108 -0.2563891453277056 6.030116681782476e-06 0.00010946035300284337 0.9999999939910317 15.918911607758984
0.9999925246251739 0.003862996720385748 0.00016716192435216738 -0.05408234858299116 -0.0038634173478336717 0.9999891773639573 0.002592135819957703 -0.2941885063189633 -0.0001571467144763066 -0.0025927623129818195 0.9999966264386806 17.25780313404017
0.9999993241822341 -0.0011094680687171957 0.00034744485496424906 -0.05274273268824161 0.0011077862102294115 0.9999878461104178 0.0048042104804578364 -0.3039313803354612 -0.0003527707761176958 -0.0048038224326129465 0.999988399354406 18.622890084467546
0.9999922446016849 -0.003938223349668386 -3.3744407709791974e-05 -0.04673935834370002 0.003938312425491626 0.9999869718506085 0.0032474325640276264 -0.33362350938231905 2.0954858013926946e-05 -0.0032475403359249707 0.9999947265077649 19.957917700379795
0.9999890824851781 -0.004669951316298656 0.00016270092006886116 -0.04104824614378039 0.004669832785993177 0.9999888347127507 0.000723260185387202 -0.31863117624935683 -0.00016607670644445223 -0.00072249251362283 0.9999997252114377 21.312341563249138
0.9999976076609183 -0.0021642682347840416 0.0003172052076020628 -0.039301702134387585 0.0021645519490401197 0.9999972556048201 -0.0008963785867374659 -0.3856907595893766 -0.00031526436058867285 0.0008970630690404487 0.9999995479427249 22.67589504789381
0.9999993970383979 9.935260819756916e-05 0.0010936422224880698 -0.04512264416360977 -9.971647629396056e-05 0.9999999396980482 0.00033265693981738035 -0.3513245769006476 -0.0010936091983594397 -0.00033276579913155797 0.9999993466419452 24.043769694297836
0.9999974186504318 0.0007683794558581225 0.002138290691935013 -0.062331153968097436 -0.0007796742108892992 0.9999857234205223 0.005286309042857466 -0.39689213785793626 -0.0021341984493090916 -0.00528796267022895 0.9999837411908962 25.44183897546577
0.9999965685014398 -0.001157750424285918 0.0023500221763999556 -0.04735555218414439 0.0011435571320328741 0.9999811530856834 0.0060320599478794505 -0.40436396780576056 -0.002356961699909288 -0.006029351980285878 0.9999790456027624 26.79759924481209
0.9999875411213561 -0.004522614812132382 0.0021127153663231006 -0.04828527094632298 0.004511393264163017 0.9999758499299112 0.005286480919845033 -0.4626483984653456 -0.0021365732369727397 -0.00527688386515277 0.9999837946436104 28.18105833217558
0.999985618876774 -0.004794343957432981 0.002403396588152918 -0.046444923267687115 0.004787244763095515 0.9999841866740565 0.0029510477035641102 -0.44292721848770145 -0.002417507121762895 -0.0029394996687523013 0.9999927574729537 29.53446081077342
0.9999803905119685 -0.005553695002976287 0.002893972029943799 -0.04901763732536352 0.005551170859205997 0.9999842052434843 0.0008796354271732144 -0.4952025754054228 -0.00289881179112024 -0.0008635532551830297 0.9999954255707243 30.91887682308255
0.9999903965878074 -0.002769616681854095 0.0033964634302248212 -0.0542756738656098 0.0027711163512134027 0.9999960650243548 -0.00043685926242512406 -0.501879994599716 -0.0033952404196212803 0.00044626707611256604 0.9999941365747657 32.3038620042461
0.9999901393557494 -0.0019712910220337342 0.003979348022970471 -0.0463355174035138 0.0019817338865242545 0.9999945989116817 -0.0026219983805555337 -0.5348204568460555 -0.003974158146148563 0.0026298585913627982 0.999988644888464 33.69367476648718
0.9999892399806489 -0.0015040896725872412 0.004388353287436785 -0.0519486130902637 0.0015147280755967614 0.9999959199945802 -0.002421898209976069 -0.5396987465331792 -0.004384693003262922 0.002428519364819939 0.9999874382989411 35.09099729555754
0.9999924941932821 -0.001247762239277101 0.003668058464978286 -0.04215492007329977 0.0012515247656305316 0.9999986929462423 -0.001023616015930364 -0.585507255107269 -0.0036667767518405135 0.0010281990230820509 0.9999927487489252 36.490629487430404
0.99999280009313 0.0007451568310032977 0.0037208206725389795 -0.05351014972923743 -0.0007466326996118135 0.9999996431530981 0.0003952650787178956 -0.6206145530068937 -0.003720525124442778 -0.0003980403246173414 0.99999299960161 37.880508335809175
0.9999919808733089 0.002415664043408084 0.0031941753275580385 -0.04182663010028363 -0.0024174062157572406 0.9999969313925368 0.0005416243441691084 -0.6326851368419874 -0.0031928574129707387 -0.0005493416301843668 0.9999947519269108 39.27613613573222
0.9999809981900841 0.004916141613922294 0.003719516816940516 -0.04953571194106984 -0.00491797129062223 0.9999877901419497 0.0004828404513935972 -0.6622730539152234 -0.003717098004172005 -0.0005011237640881924 0.9999929660017345 40.672403642288735
0.9999578309722418 0.008249699035624166 0.004034690827408679 -0.06159759069732888 -0.008254589341541508 0.999965214134279 0.0011967847893323363 -0.7086835164884495 -0.004024677702521563 -0.0012300390652680063 0.999991144445131 42.08890232122244
0.9999549810857142 0.008739017300631126 0.003696669287074284 -0.059018249477617274 -0.008744950022344556 0.9999604955242608 0.0015916214632131329 -0.7144918915994548 -0.0036826143550404544 -0.0016238770340095822 0.9999919006525299 43.47584284894774
0.999964315397166 0.007788234828630778 0.0032728150006078004 -0.062460654092188476 -0.007791726143052433 0.9999690872937567 0.0010552142154177733 -0.7419326567916805 -0.0032644958484350783 -0.0010806774633269037 0.9999940875820921 44.911182515502844
0.9999692875784928 0.0073985627527442255 0.002585567009172083 -0.056558251226530715 -0.0074003203326338815 0.9999723923534659 0.0006706752905399076 -0.7720036014963041 -0.0025805338125217724 -0.0006897887337486628 0.9999964325103646 46.30120568980379
0.9999758051890959 0.006794643216677569 0.001490586468743632 -0.04586527709346171 -0.006795681122900004 0.9999766696238385 0.0006920549359635494 -0.8010560076980727 -0.0014858495518607255 -0.0007021677599868191 0.9999986496038685 47.73802515730347
0.9999697778731268 0.007755434893678596 0.0005445679647745579 -0.047830806635806945 -0.007756524898565436 0.999967861447237 0.002027907857896044 -0.8315192472361447 -0.0005288231993246426 -0.0020320705707458863 0.9999977955149639 49.14005244976154
0.9999727534226818 0.007381423655292119 8.355635967753953e-05 -0.07597273361364339 -0.007381595534870573 0.999970154343815 0.002280895454356447 -0.8552289725675631 -6.671761448246555e-05 -0.002281450137578963 0.9999973952637768 50.55701115087974
0.9999653678250074 0.008281254374574106 -0.0008270171321813076 -0.08767186806745732 -0.008279256565036114 0.9999628673435756 0.002391205176070458 -0.878086262833481 0.0008467886741286272 -0.002384275330438092 0.9999967990858193 51.99253546947292
0.9999597951022041 0.00857557889188217 -0.0026206110958203474 -0.0668374069841616 -0.008567260236658093 0.9999582775029214 0.0031694358265517667 -0.900962511648872 0.0026476817301116715 -0.0031468570132170332 0.9999915435030813 53.41966648904972
0.999977141955623 0.005981388107548448 -0.0031525457733520153 -0.08215446770283868 -0.00596832183678837 0.9999736275720239 0.004138031656083745 -0.915831356475207 0.0031772140778580705 -0.004119121749344008 0.9999864689851298 54.86624484819565
0.9999843843169455 0.004314795661066033 -0.0035515695026440194 -0.07801940141753634 -0.0042966383154187555 0.9999777416938336 0.00510441211492432 -0.935372967788458 0.0035735152518073217 -0.0050890727029529025 0.9999806654808621 56.26799336727905
0.9999813819260788 0.004461949359200821 -0.004162546424793795 -0.08629780187845133 -0.004442080468632299 0.999978755297128 0.004770417476371611 -0.989805124570561 0.004183743711059231 -0.004751838394690694 0.9999799579638761 57.69490784794929
0.9999905894893655 0.0013403413320007187 -0.004126064440989668 -0.099329183042041 -0.0013212216431940562 0.9999883941116408 0.004633143273902629 -0.9839025725912914 0.004132226900648806 -0.004627648323615378 0.9999807546051488 59.14563912175386
0.9999928794849281 0.00028129429710767925 -0.0037632227596143403 -0.0991221472426726 -0.00026292521944215174 0.9999880541754125 0.004880817155205748 -0.9992231744786246 0.003764551072925212 -0.004879793054560898 0.9999810077111886 60.54183686074677
0.999994994405703 -0.0010195088084516118 -0.0029952898981785983 -0.11766596169961603 0.0010376595491198553 0.9999810727044508 0.0060644449343850056 -1.0246934177321074 0.0029890507080050895 -0.006067522790639335 0.999977125113348 62.00109498068996
0.9999938836397864 -0.0024536281116177595 -0.0024924669241367433 -0.12701035204666036 0.0024685041731180007 0.9999790554563194 0.0059829032016776576 -1.0599086376524913 0.0024777351154870514 -0.005989019391269151 0.999978996020057 63.39756109400696
0.9999843920915098 -0.005129665195738854 -0.002214071180111355 -0.1314815251815251 0.005140051023762991 0.9999756940319452 0.004710755046974178 -1.0610942784983879 0.0021898529580093415 -0.004722062051701926 0.9999864532476702 64.80899028357813
0.9999859352395275 -0.0049169434608096405 -0.0019882135665789122 -0.10889504203193529 0.00492551390242141 0.9999785002170669 0.004328788405183709 -1.0842365133559622 0.0019668865826596438 -0.004338520578722175 0.999988654235971 66.27116296117718
0.9999943480200938 -0.0030726168204260104 -0.0013649014188746344 -0.10009355062709985 0.0030773548491210174 0.9999892000914845 0.003482755006781801 -1.1028282865980532 0.0013541856239327873 -0.0034869356757963924 0.9999930037074436 67.63248450994645
0.9999991943414994 0.0011287575673828137 -0.0005807063531989994 -0.13691396714358975 -0.0011255836087403813 0.999984583750952 0.005437400349636119 -1.1399872005937055 0.0005868349616063397 -0.005436742443893526 0.9999850486175164 69.09401338879667
0.9999878234186196 0.0049150050989690275 -0.00044241282832663785 -0.1257651623654446 -0.004911875890451788 0.9999647017319547 0.0068168007913133365 -1.17557498268406 0.0004759018679905678 -0.006814544847541792 0.9999766674770575 70.47114198226636
0.9999570020275762 0.00922693266007816 0.0009261698115189676 -0.1465278112263248 -0.00923391687789052 0.999926610076457 0.007842783834003846 -1.1948540407546269 -0.000853737068056915 -0.007850998946367755 0.9999688159885696 71.91185536869502
0.9999419684064667 0.010693323761965693 0.0013086723683414226 -0.13050727606391035 -0.01070156903058405 0.9999218432829107 0.006464036588959685 -1.1841144523943892 -0.001239448150917562 -0.006477666453158458 0.9999782515662646 73.28960440207099
0.9999152128593234 0.012787876042190123 0.0024570898770904506 -0.1594989521202851 -0.012802546066899956 0.9998997400975389 0.006050173293092346 -1.199113331285948 -0.002379474860345522 -0.006081117450256267 0.9999786788268574 74.69333842757814
0.9998862368365096 0.014735475947602815 0.0032216609878738013 -0.16355706343538154 -0.01475435555448558 0.9998736419480108 0.005916854424945463 -1.207725830466627 -0.003134066499930554 -0.005963714962840114 0.9999773056067441 76.12874351903261
0.9998656189782464 0.016122393203844045 0.0029685658731929583 -0.12315969730718042 -0.01613954717153135 0.9998526479646759 0.0058478557315801314 -1.2314313610093195 -0.0028738472585354453 -0.005894981325895271 0.9999784948661912 77.51810203011638
0.999882254951456 0.0149179646313864 0.003595904636791922 -0.15326804411555792 -0.014942629852756704 0.9998643193489145 0.006932585575171779 -1.2806093084741481 -0.0034919969660548466 -0.006985501715788506 0.9999695038952523 78.9062742619144
0.9998947259800162 0.014136351492166688 0.0032711606476022517 -0.1562736648699363 -0.01415476451496036 0.9998837081433342 0.005675637898438345 -1.28816922462222 -0.003190547691845502 -0.005721343030876747 0.9999785430881566 80.30142729376054
0.9999043431950594 0.013613130636401339 0.002446855739019819 -0.12887502033308113 -0.01362544165181136 0.9998942304095695 0.005086783497224369 -1.3021864164775183 -0.0023773500854219532 -0.005119636511269956 0.9999840686363906 81.69238457534811
0.9999155596727 0.012736882043693134 0.002577854219596035 -0.14795547924365898 -0.012751128333549145 0.9999030910884561 0.005587234358695832 -1.3285249597692381 -0.002506440665624763 -0.005619633239255103 0.9999810685585492 83.08619498090528
0.9999066634031033 0.013504306920060417 0.0020731969746485062 -0.14780816491515728 -0.013515145742599936 0.9998945890538816 0.0053058127345076474 -1.3567783546049048 -0.00200132727900877 -0.005333337181103257 0.9999837749694606 84.45963476662503
0.9999191959304786 0.01267660686558622 0.0009514296907969335 -0.11499583517337732 -0.01268121452323016 0.9999070733670541 0.005003144864901544 -1.3554990022937699 -0.0008879184488553588 -0.005014805982276942 0.9999870315767406 85.84705510635345
0.9999219619708264 0.012481988995947579 -0.0005195073556929701 -0.11377473939737576 -0.012478750557052977 0.9999051384201395 0.005830520934283396 -1.3804757509601462 0.0005922346265381402 -0.005823583254040512 0.999982867422551 87.20389780712313
0.99993538476426 0.011254887271352387 -0.0015980549662944923 -0.11985802168950445 -0.011244949639324698 0.9999181826005749 0.006097477937972299 -1.3805917590053174 0.0016665507894829971 -0.006079114030175288 0.9999801332953704 88.60582325975292
0.9999539401039712 0.009314414848526097 -0.0023150209066140097 -0.1377476550536495 -0.009297404213474147 0.9999304706030858 0.007253430429410271 -1.4132916640328987 0.0023824216113045235 -0.007231572803631598 0.9999710137940075 90.00233094752247
0.9999674973275781 0.007445287523543824 -0.0030938585714503806 -0.14627239776712453 -0.007422679130802472 0.999946125758148 0.007255992650258836 -1.4336531490437698 0.0031477151151079385 -0.007232792242473427 0.999968888822864 91.35800694535423
0.9999814774204107 0.004659296866849522 -0.003916088931543833 -0.1527358460167698 -0.004630745465339127 0.9999628612430443 0.007268585688448904 -1.4564372611723977 0.003949810330759334 -0.007250316794112926 0.9999659153762013 92.71270646323178
0.9999873154301864 0.0031969286898199294 -0.003892121860613473 -0.17483125802151467 -0.003170703367048131 0.9999723552143289 0.006725730536160201 -1.4688347177251044 0.003913516280608799 -0.006713304597221986 0.9999698075146223 94.06830482491009
0.999980449921215 0.004461801319232909 -0.0043808774775317885 -0.18755139220316147 -0.004435529592426169 0.9999722316694913 0.005988486796264048 -1.489047537324006 0.0044074756431844424 -0.005968938333831093 0.9999724725929025 95.45166558126625
0.9999833461210923 0.004068588012546655 -0.004093171957351439 -0.20311451774849842 -0.004047850363618679 0.9999789950397373 0.005062054245054343 -1.4967895710079564 0.004113681745125353 -0.005045401500525393 0.9999788105530758 96.81150051277207
0.9999784400955385 0.005198839618382691 -0.004011407858124241 -0.21011696093770035 -0.005180635448121543 0.9999762957326965 0.004535305743227391 -1.5227599938642271 0.004034891442126355 -0.00451442641696386 0.9999816696388845 98.16163816082629
0.9999617922577585 0.007967779101363249 -0.0035956219445811115 -0.24086228000054044 -0.007952035680685246 0.9999588249841016 0.004371896724083501 -1.5383868516927794 0.0036303085119461648 -0.004343137264440461 0.9999839788848957 99.51419162909228
0.9999592718269956 0.008292692370613901 -0.003561729354854986 -0.24344440967316489 -0.00827193038258509 0.9999489370619442 0.0058050368480308465 -1.5648752504055032 0.0036096871764723015 -0.005775338165338788 0.999976807548887 100.86509598618325
0.9999713304279547 0.006726779389677881 -0.003476886677290568 -0.2680211648588718 -0.0066997033401745044 0.9999475908952 0.0077414113406084435 -1.589634414596808 0.0035287795270578385 -0.00771789544851255 0.9999639902584551 102.18898829869737
0.9999728690798867 0.006569538729330459 -0.00333200322604315 -0.2786022739071912 -0.00654719212415119 0.9999562955565177 0.006673924165122735 -1.610424980342554 0.0033757024962200784 -0.006651927969024896 0.9999721778604098 103.53804979502442
0.9999697837744724 0.007043557680247046 -0.0032893483570920843 -0.29179271945522706 -0.007030051196797194 0.9999668839307458 0.004099931184612725 -1.630661777515661 0.0033181178118506655 -0.004076683101256864 0.9999861852825719 104.86823241564984
0.9999795806279962 0.005295986910463635 -0.00357642736680865 -0.3051152962747538 -0.005285213680987666 0.9999814875411692 0.0030151452862651946 -1.6545674242581376 0.0035923296339825687 -0.0029961816020758676 0.9999890589755462 106.17868616873564
0.9999833023531903 0.004764913344920809 -0.003269648373958592 -0.3208502971975685 -0.00475220791128202 0.999981170048685 0.00388279234290969 -1.6750467303227616 0.0032880882563878925 -0.0038671895430896627 0.9999871165807298 107.5460044377746
0.9999963177993868 0.00023697620059744302 -0.002703372856556467 -0.33090294969934 -0.00022017188242827272 0.9999806645460523 0.006214664684131785 -1.692048468043968 0.002704793546843737 -0.006214046718657637 0.9999770345971125 108.87885869421613
0.9999981878092834 -0.00015727103563524178 -0.0018972719929973457 -0.348332694222089 0.00017048591916299198 0.9999757153217183 0.00696704379185075 -1.7193082466713703 0.0018961303700657873 -0.006967354763144641 0.9999739299913528 110.26251503791767
0.9999990957426266 -0.0001602300553502356 -0.0013352296890374324 -0.35523070196853856 0.00016776810967615227 0.9999840397922439 0.005647301389478542 -1.7346674635865003 0.0013343036284341485 -0.0056475204040990585 0.9999831624336031 111.55493070897991
0.9999998232888088 0.0002520794019245081 -0.0005384023243623559 -0.36772760269980614 -0.00025009740600201447 0.9999932042004801 0.0036781794125113638 -1.7632854107546363 0.0005393259073029073 -0.0036780441826358965 0.9999930905362164 112.88930888841548
0.9999930370723688 0.0037095170170737537 0.00040655129989649566 -0.37590534745264825 -0.00371010214665201 0.9999920699477511 0.0014474772392125694 -1.7916350755879773 -0.00040117866744259346 -0.0014489755384565798 0.9999988697619618 114.24637403368887
0.9999835618809064 0.0054590714370997325 0.0017534248281856424 -0.39698307663815546 -0.005460190877015186 0.9999848920220599 0.0006340772311034075 -1.8047586469682146 -0.0017499370122982787 -0.0006436408577590924 0.9999982617207751 115.5259865966912
0.9999581468616058 0.008562385748271062 0.003223361718587085 -0.40728219364916035 -0.008568408341986616 0.9999615623383389 0.0018590972839203034 -1.809476776183369 -0.0032073197820724317 -0.0018866385954357306 0.9999930768214844 116.90216016596473
0.9999543623188364 0.008542872859442076 0.004276983657045979 -0.40904379266551244 -0.008562551354993599 0.9999527422146076 0.004603918913827933 -1.8336852293534986 -0.004237451197215231 -0.004640330788405658 0.9999802554718635 118.20918521165672
0.9999513371585323 0.00835321094582002 0.005248539734501478 -0.4115829638027499 -0.008381504520615597 0.9999503372530052 0.005391977966717631 -1.86790928537351 -0.0052032391840720095 -0.005435706346558301 0.9999716892963013 119.56906165381524
0.9999489172827853 0.008005853892272645 0.006170017624126531 -0.41300855078053056 -0.008035641873730627 0.9999561057385506 0.004818202150516034 -1.8823520351636596 -0.006131173488018804 -0.004867536172718476 0.9999693574295824 120.87898814352431
0.9999138052169503 0.010709587771748312 0.0075951858568656695 -0.4126330991579749 -0.01073988623788693 0.9999344861873452 0.003959570796255579 -1.891998373727119 -0.007552283531929243 -0.004040801015666462 0.9999633167945109 122.2138804740115
0.9998859830966434 0.012344372289834555 0.008696968240442575 -0.4172387404992509 -0.012379213781816303 0.9999155185431221 0.003963694228653218 -1.9146924470684195 -0.008647304918931372 -0.004070904012266338 0.9999543248829218 123.58691922592621
0.9998612261469147 0.01348634346464576 0.009779926435434924 -0.4217273396377177 -0.013519159233398265 0.9999031763347378 0.0032970172034122794 -1.945475656560708 -0.009734515621399525 -0.0034287761163894737 0.9999467399285343 124.92619656890611
0.9998463640997179 0.013828851539978228 0.010770841816246208 -0.4196444562460994 -0.0138571704700091 0.9999007103673074 0.0025589583784824273 -1.9588925156252672 -0.010734385833608934 -0.0027078186769864338 0.9999387184585625 126.25093851331813
0.9998504924838797 0.012949034063869533 0.01145928318204423 -0.41995588101142867 -0.0129706358138428 0.9999142346946666 0.0018127032927494535 -1.9837628600493051 -0.011434828581989779 -0.0019610665080866205 0.9999326971888145 127.61799240390654
0.9998383286607929 0.012779978340148046 0.01264866273012591 -0.4282108371599321 -0.012813039256700683 0.9999146933816958 0.002536141826836626 -2.0170483795478584 -0.01261517294256115 -0.0026977996701885573 0.9999167861793073 128.9690956420478
0.9998275209480061 0.01287644136453412 0.0133837807208126 -0.41217683298277563 -0.01292555755257443 0.9999100177450863 0.003589764062788099 -2.044310612794962 -0.013336354156359018 -0.0037621378048193306 0.9999039893771154 130.3431027083053
0.9998463469053729 0.01104433347198644 0.013612687369695311 -0.40401316937063736 -0.01110174208208268 0.9999297664979487 0.004148905781440253 -2.078473602215993 -0.013565910547634296 -0.004299392915603687 0.9998987355163538 131.67620040597382
0.9998541421029564 0.010428639194568028 0.01352545693579087 -0.39649911291888484 -0.010490236360247263 0.9999348899633921 0.0044911911706226795 -2.105803412388979 -0.013477740416404557 -0.004632421423377656 0.9998984404331708 133.0704618963354
0.9998719364657117 0.008888663457658253 0.013307979412838612 -0.3914220646283668 -0.008952028181671944 0.9999488401210422 0.004709389625035313 -2.1204147914496603 -0.013265439516444974 -0.004827920021864107 0.9999003546845385 134.40108529365045
0.9999057648412448 0.005784379011710045 0.012449995625133586 -0.38199611016225005 -0.005842701089703643 0.999972104847156 0.004653212024860259 -2.1547867237897482 -0.01242273343499443 -0.004725515219145732 0.9999116686962508 135.75291658641228
0.9999112765595887 0.006976969623507612 0.011347285834937097 -0.38990765404496736 -0.007023561066581135 0.999967046680447 0.004071259858422332 -2.2033347965469017 -0.011318507801428561 -0.004150597075177712 0.9999273293191802 137.135193147104
0.9999331535823536 0.0052432642051745346 0.010305170731549271 -0.3840979303152102 -0.005303499304256033 0.9999689619749527 0.00582649043727703 -2.2158565912742256 -0.010274301914486568 -0.005880754534627218 0.9999299252651861 138.49204296043453
0.9999570180082281 0.0020896612154468275 0.0090330202781866 -0.3696542574580926 -0.002143050703623935 0.9999802699518576 0.005904832171420254 -2.228401495754982 -0.009020503715130041 -0.005923936701450812 0.9999417670450376 139.81872822896864
0.9999721657455124 0.00010864851346842341 0.007460290629179308 -0.39193220877560364 -0.0001482561369252275 0.9999858973513548 0.005308777400882185 -2.2728684564264947 -0.007459609254645653 -0.005309735767553909 0.9999580795865074 141.2158359598525
0.9999789273570718 0.0018293105378378036 0.006228841611346477 -0.3959776442482676 -0.0018592483271568103 0.9999867327601875 0.004803904807085888 -2.309914808068016 -0.006219971659976803 -0.004815384630708473 0.9999690615305112 142.55449812353802
0.9999866452535434 0.00040210270811463084 0.005152439515097258 -0.3908337285036487 -0.0004253860837923531 0.9999897005988447 0.0045185996282897075 -2.3111632877743107 -0.005150569938530559 -0.004520731144822199 0.9999765170315529 143.89061214309754
0.9999912510320063 -0.0005602409317599904 0.004145358287075082 -0.38611448179892327 0.0005505231842346352 0.9999970988822244 0.0023450266647674937 -2.353703900980237 -0.004146660389310618 -0.0023427240747306145 0.9999886583592026 145.265171683258
0.9999828865353095 -0.005032039085451617 0.0029841631188959102 -0.3980952073528821 0.005027705217094841 0.9999862979265242 0.0014581264288221875 -2.383480574681982 -0.0029914598301345238 -0.0014430980049020693 0.9999944843011073 146.5805200759158
0.9999270571497191 -0.011946277243101227 0.001779565280352519 -0.40571617525464976 0.011939660647838874 0.9999219337574353 0.0036838680099647966 -2.4157490182461645 -0.0018234350152104867 -0.0036623519541422347 0.9999916310955538 147.96706067376007
0.9998108552669553 -0.019448248089436397 0.0001390825654277992 -0.40393298666316946 0.019447117116097035 0.9997940917633339 0.0057951447431139605 -2.4594503918551056 -0.0002517593549777957 -0.005791343966133159 0.9999831983355291 149.28072202650074
0.9997774188077226 -0.021081374880931064 -0.0008297466303280382 -0.38699545262272095 0.021083311731492655 0.999774847823157 0.002397419603249271 -2.495918865770148 0.0007790189790550213 -0.0024143798216962253 0.9999967819454195 150.6283091585914
0.9998279736591911 -0.018539732948418715 -0.0005489970727107266 -0.4116786168985521 0.0185395544159312 0.999828073001418 -0.00033068484561882 -2.549045746472364 0.0005550335420474199 0.00032044981805807863 0.9999997946252368 151.97208409287978
0.9998214115936336 -0.018898170095750504 6.398166382240553e-05 -0.42552501074165683 0.01889827247437295 0.999812358032588 -0.004254881348062734 -2.5400961789502334 1.6439812608544076e-05 0.004255330716813943 0.9999909459040267 153.32089414785446
0.9998005465853703 -0.019952546953917044 0.0008734561188648929 -0.4470110271648236 0.01995578568985859 0.9997933752320276 -0.0038695546376048932 -2.5667048750223738 -0.0007960682395414633 0.003886213437342946 0.9999921317785905 154.6943191955337
0.9997139752768619 -0.023877444157983686 0.0013547326102545242 -0.4538005866268646 0.023879721733081144 0.9997134111392734 -0.0016895195873786494 -2.5829965877509222 -0.0013140030599922106 0.001721387034020839 0.9999976551075512 156.02808206563043
0.9996281620255317 -0.02722007250789476 0.001614105526753152 -0.43894621518847443 0.027218399510790706 0.9996289586211001 0.001050627321987837 -2.619134007726402 -0.0016421049145266017 -0.0010063032874552864 0.9999981454197853 157.3528553127082
0.9994839342379775 -0.0320847071164906 0.001561011562665933 -0.4346870407105645 0.03208002964592105 0.9994809918696539 0.0029357457741052977 -2.6506053350635113 -0.0016543940632089429 -0.0028841534699868853 0.9999944723033669 158.70341155913863
0.9994510159755379 -0.03309490747639734 0.0015471747241090521 -0.42888612332810394 0.03308884522304847 0.9994452152244738 0.0037934289541472015 -2.71438453181545 -0.0016718596909760493 -0.0037401522443299387 0.9999916080371926 160.06634217332376
0.9994365483410731 -0.033447393242149195 0.002803160883432188 -0.4445080249886426 0.033435340260314986 0.9994318785988342 0.004242414339269066 -2.7266845939293614 -0.0029434662911377372 -0.004146299359686301 0.9999870720188921 161.44448576611057
0.9994735801304786 -0.032206622263995247 0.003911022039532853 -0.4441065198944227 0.03219056359184242 0.9994733306021781 0.004102321870494814 -2.7357238278656184 -0.0040410844905038115 -0.003974264373497848 0.9999839372984172 162.77382279126712
0.9996024592783538 -0.02777642410081799 0.004836700267451314 -0.44679247376884895 0.027766964732508892 0.9996123978050276 0.0020124185814972195 -2.7584492800589717 -0.004890723753407681 -0.0018773180891947308 0.9999862781522558 164.11796174802174
0.9996266942491859 -0.02674799115953056 0.005569301253624179 -0.4516301263149981 0.026742226813697513 0.9996417494776692 0.0011072528953068959 -2.7686569009650666 -0.005596923309321813 -0.0009579040279852026 0.9999838783018251 165.47112927754407
0.999686106822023 -0.024383150730276325 0.00575758583682477 -0.44996681201700206 0.024371377093719407 0.9997007544257063 0.002106555902667677 -2.805684013257633 -0.005807227862126807 -0.0019655743889280875 0.9999812061314752 166.81640880318528
0.9997216448865744 -0.022856100594167095 0.005850762371706999 -0.43820750659565516 0.02284107000351747 0.9997356669384012 0.0026233125182393356 -2.8355036093116874 -0.005909175012190614 -0.00248894465964478 0.9999794431884556 168.15414516393298
0.9998046646888789 -0.01903371376445792 0.005324492459972982 -0.4447543455214213 0.019033224843369424 0.9998188415789535 0.00014271744279072726 -2.8767383926335777 -0.005326244774933863 -4.1347284786696384e-05 0.9999858146000106 169.56273643881127
0.9998602496563227 -0.016039940098956686 0.004711846092121261 -0.4601309687245553 0.01605327324234305 0.9998672021864562 -0.0028054234556002117 -2.8984091918303587 -0.004666221940580018 0.0028806720223473158 0.9999849639349545 170.97568454059652
0.9999305835911678 -0.010736036747326521 0.004854433997650225 -0.4522422724585462 0.010755792591279546 0.9999339048449446 -0.00406187855843844 -2.9237966299531717 -0.004810505074725479 0.004113809975855278 0.9999799676007557 172.2923634929926
0.9999590196074835 -0.007201640247372066 0.005485936347538809 -0.4466869384562837 0.007222045899737758 0.9999670426568198 -0.0037088603385251597 -2.9474693799712726 -0.005459046131647152 0.0037483281159109943 0.999978074182445 173.6529668541698
0.9999789326234053 -0.0024912662827922642 0.005993989611194235 -0.472734837946192 0.0024971127656206217 0.999996413618275 -0.0009680779266040843 -2.9981106354270053 -0.005991556881525655 0.0009830252258759724 0.9999815672807656 175.06212411208372
0.9999806792587235 -0.0011051414365135393 0.006117170881385272 -0.45586672793837413 0.0010959601979490356 0.9999982683400298 0.0015040565929267276 -3.024901413418909 -0.00611882299958659 -0.0014973233813135236 0.9999801588140728 176.38481594639322
0.9999676011545815 -0.0045537731645615386 0.006637755918147238 -0.4606928625688823 0.004538098403519958 0.9999868832581446 0.0023746511481024172 -3.042404875151249 -0.006648483034719845 -0.0023444514599226646 0.9999751502985684 177.8424780197771
0.9999741064882472 -0.005503134365830152 0.0046370116954117906 -0.4049055558067966 0.00549146132768699 0.999981730351594 0.0025264219935002127 -3.067730844333288 -0.004650830609150818 -0.0025008926464552927 0.9999860575556864 179.1974941116433
0.9999702819434103 -0.00743929985296095 0.0020228838297589365 -0.42783394723910334 0.007441721430011962 0.9999715995846223 -0.0011919722842887257 -3.0795104268193088 -0.0020139591104332876 0.0012069906302573346 0.9999972435659255 180.4925273974549
0.999979396359555 -0.00635836607267843 0.0008820693170295522 -0.44216809677141544 0.006362959131577863 0.9999656819898473 -0.005305429864539308 -3.1133129555747683 -0.0008483052564900208 0.0053109332346189175 0.9999855370779004 181.95500217815732
0.9999987416556425 -0.0014171470768786828 0.0007130108829744583 -0.43695033957231855 0.0014215286783041889 0.9999798773185693 -0.006182573254018527 -3.1405090616181286 -0.0007042349841323346 0.006183579163164429 0.9999806335128242 183.33375544802809
0.9999989064407264 0.001390401283811367 0.0005038848909461643 -0.43974768335440306 -0.0013875009033275524 0.9999827262480743 -0.0057115715206729 -3.1540128884920082 -0.0005118176113438639 0.005710866245900452 0.9999835618891785 184.65322792947313
0.9999900304642115 0.0042786168757646785 0.001277655463690488 -0.4376720758641792 -0.004276295848269588 0.9999892111383297 -0.0018140862976046715 -3.1934922804976806 -0.0012854035698712035 0.0018086046126680854 0.9999975383394766 186.11111410777352
0.9999846222571416 0.005279063364419839 0.0016990383147978314 -0.4378624630460591 -0.005280196289022442 0.9999858400109899 0.0006628083889017636 -3.2328079674007144 -0.0016955153920346206 -0.0006717694681126449 0.999998336974158 187.47156236935214
0.9999934305980116 0.0029476195418982115 0.002109572788292324 -0.4303008089036875 -0.002949662229643873 0.9999951834021023 0.0009657486928677209 -3.2411616647029944 -0.0021067161450485433 -0.0009719648953502372 0.9999973085106891 188.9546324271262
0.9999955575849099 0.002337812091749111 0.001849173721350938 -0.4263604333855549 -0.00234027699949648 0.9999963746249614 0.0013318575160704569 -3.258056347089288 -0.0018460535398728017 -0.0013361792047579576 0.9999974033511954 190.34585329739502
0.9999978041405916 -2.8160952961540572e-05 0.002095453134512251 -0.41267530112641243 2.403790497067064e-05 0.9999980639508003 0.0019676169466555163 -3.283684469296094 -0.002095504663065874 -0.001967562292794985 0.9999958687696309 191.6874770937257
0.999993803416437 -0.0025453889485898135 0.002431898594950679 -0.4165720812313889 0.0025411246571189466 0.9999952312568241 0.0017550342103686183 -3.293439058166564 -0.002436354446829758 -0.0017488436082069275 0.99999550284994 193.15065334556488
0.9999784950856674 -0.005891041630006708 0.0028818406911550283 -0.4082350320241346 0.0058827642629736745 0.9999785707499388 0.0028724758797079313 -3.3305081133484418 -0.0028987010526911675 -0.0028554609673425656 0.9999917219015744 194.50986641818622
0.9999200635842768 -0.012264579621632892 0.003073522807003833 -0.3977658930075725 0.012250987590869017 0.999915259703833 0.004403033426927075 -3.3336868171448315 -0.003127263969661374 -0.00436502784855082 0.9999855832705421 195.97421069601637
0.9999025976915668 -0.01350730263661427 0.003513960677247992 -0.38847881562348713 0.013489373138489616 0.9998961238745789 0.00507722972427159 -3.38579331973419 -0.00358217563672818 -0.005029334149482253 0.9999809367245299 197.37381891698797
0.999929813178188 -0.011266934340550679 0.0036640036286472227 -0.4090061868682666 0.011263373853178585 0.9999360749828958 0.0009911341978050903 -3.4083832547896997 -0.003674936760061702 -0.0009497955976842599 0.999992796335947 198.79934937019905
0.999976990456431 -0.005189610169509 0.004368811711183942 -0.4300472440421111 0.005206548390952215 0.9999789394527928 -0.003874596520932051 -3.453735667604343 -0.004348612426418692 0.0038972538821448522 0.999982950343096 200.23846403599063
0.9999667377177667 0.005406217927572239 0.006107066506030918 -0.45219981087807976 -0.005372589907316516 0.9999703898071487 -0.00550951880222672 -3.4733847990489792 -0.006136671857352654 0.005476524887978892 0.9999661738915767 201.66534453033606
0.9999299591749921 0.009233217188424495 0.00740435215225713 -0.4706305627799581 -0.009218683507355857 0.9999555176014674 -0.001994671276475534 -3.4850477796717203 -0.007422440651443854 0.0019262732259210929 0.9999705979874419 203.10771853592504
0.999879940211097 0.013006967097019095 0.008421635538680436 -0.4704774337158619 -0.013014887512099085 0.999914910017794 0.000886261336897278 -3.5417347719105385 -0.008409392080479304 -0.0009957615944966157 0.9999641446456589 204.5712337505028
0.9998981563178576 0.011806167652397588 0.008018190325654997 -0.477339247514442 -0.011818225347342528 0.9999290994186912 0.0014579826412645892 -3.5921147597080707 -0.008000409319383837 -0.0015525949682225681 0.9999667908950693 205.98296628543744
0.9999431971347786 0.008513045707772358 0.006413309944215882 -0.4381643349145093 -0.00851850020449053 0.9999633777785526 0.0008235741640912137 -3.599207770130239 -0.006406064491253359 -0.0008781591834042213 0.9999790953654812 207.45958200825464
0.9999715476018418 0.006013881921667186 0.004553812039953198 -0.4002431155265527 -0.006015250608217147 0.9999818670842341 0.0002868360864394963 -3.6254627511680524 -0.004552004852526045 -0.0003142202530017752 0.9999895902019572 208.8582482065919
0.9999632458812783 0.007714134022347138 0.0037415252231205757 -0.3993487531762882 -0.007712977995747712 0.9999702022438406 -0.00032343670502746986 -3.662408958539207 -0.00374390908528291 0.0002945665186247869 0.9999929481605071 210.3547104747522
0.9999496986233014 0.009160494729535801 0.004084794238712436 -0.413203322574225 -0.009159180373298695 0.9999579958638091 -0.00034050449899700435 -3.7028150534689046 -0.004087742196407555 0.0003030740062159808 0.9999915992172125 211.817361954352
0.9999427219909773 0.010093603326943482 0.0035597598935989683 -0.4078830655383171 -0.010095053502215401 0.9999489678159541 0.00038946317678938396 -3.7282328817160852 -0.003555647445237439 -0.00042537684891634937 0.9999935881901766 213.23455515872098
0.9999471994985093 0.009803909820533314 0.0030792124066814307 -0.4167028098885878 -0.009803940785109135 0.9999519402150073 -5.244827155510799e-06 -3.763800305257019 -0.003079116101022776 -2.4943871368785193e-05 0.9999952591977271 214.69049763370353
0.9999506216971469 0.009515974605099451 0.0028636300631430097 -0.4193209322614914 -0.009514749950844932 0.9999546364226558 -0.00044119340402804934 -3.801044706278561 -0.0028676987871562665 0.0004139248978475739 0.9999958024742396 216.16949385011412
0.9999595112348766 0.008622652496720763 0.0025740511563072735 -0.42283253506927015 -0.008620068237499976 0.9999623328251922 -0.0010135942747344418 -3.824410076183719 -0.0025826942898953677 0.0009913647539769382 0.9999961734339929 217.62611090382475
0.9999470873298614 0.01007990658717087 0.002053777864764114 -0.4166120664239459 -0.01007813733923815 0.9999488355540448 -0.0008703131504972595 -3.856663952155973 -0.0020624456352427815 0.0008495688552216442 0.9999975122708383 219.1155455553371
0.9999302652771002 0.01162020240352074 0.002106051793191647 -0.42158584288512735 -0.011616868630405435 0.9999312598737112 -0.0015886844995356285 -3.8956006912272523 -0.0021243680398981934 0.0015641080097076464 0.9999965203057138 220.61347052430256
0.9999650086025701 0.008162333848128098 0.0018324468703772925 -0.43292405846850923 -0.008159616725395552 0.999965606118332 -0.0014856826917721132 -3.912213039593525 -0.001844510641138273 0.0014706786657628344 0.9999972174371627 222.08297425148638
