1.0 -3.469446951953614e-18 0.0 -1.7787691892340307e-19 0.0 0.9999999999999999 -3.5575383784680614e-19 0.0 2.168404344971009e-19 -2.371692252312041e-19 1.0 0.0
0.9999999398638733 -7.08535559765227e-05 -0.00033948727388392647 0.05569069961672338 7.123806521749064e-05 0.9999993559314045 0.0011327230995349811 -0.026761272848715878 0.0003394068273799933 -0.0011327472383819146 0.9999993008434594 1.3159701006825606
0.9999991075624272 -0.0005587901877283866 0.0012135198795759842 0.11108300046058615 0.0005566348298350308 0.9999982684086526 0.0017757635472657302 -0.04833477912174309 -0.0012145101586562628 -0.0017750865086460634 0.9999976870130872 2.5650198957187875
0.999999819408184 -0.00046686921446578364 0.00037844160587086886 0.10923936915906193 0.000466140642939112 0.9999980422364426 0.001923079589384545 -0.07236865612352263 -0.00037933872209118405 -0.00192290287231219 0.9999980792713757 3.894194655296411
0.9999994633659841 -0.0007651920022570449 0.0006983918519611293 0.09641349764761799 0.0007637557172559071 0.9999975976687552 0.002054588123879604 -0.08125264783329461 -0.0006999623860236418 -0.0020540536598770867 0.9999976454550021 5.222319225547228
0.9999994063347596 -0.0010164037423972781 0.00039275404067621884 0.0989141964035146 0.0010154756769541664 0.9999967086581725 0.002356157881270003 -0.09231291655798715 -0.0003951475870859005 -0.0023557576956570268 0.9999971471278797 6.555127758039774
0.999997534520986 -0.0021516309506955187 0.0005490357167842002 0.08471731761078632 0.0021499223274341686 0.9999929020392564 0.0030941398313612907 -0.11226952591608885 -0.0005556893110771656 -0.0030929518775399327 0.9999950624167359 7.893723159196673
0.999997274021992 -0.002293701166644492 0.00043690684142646445 0.07670142422178892 0.0022923448705147956 0.999992628538548 0.0030802629071775907 -0.11780886947231481 -0.00044396885826826103 -0.0030792530278655164 0.99999516053448 9.224598964609477
0.9999968690508906 -0.002499910915195344 -0.00011107350858681974 0.08235784118451417 0.0025002081166721236 0.9999930661392329 0.002759824025625356 -0.11939222728177451 0.0001041734354307643 -0.002760093144215898 0.9999961855099321 10.542665476346482
0.9999999708325411 0.00014315525004879488 0.00019452905111542866 0.037307239943089016 -0.00014338147577796882 0.9999993129925318 0.0011633813936764235 -0.17366741975005268 -0.00019436238880685347 -0.0011634092744877641 0.9999993043507635 11.871053531757415
0.9999991882365816 0.001265873098430223 0.00014522235747805342 0.04177626510774649 -0.0012659696701378875 0.9999989767004095 0.000666273961771497 -0.17987201726858154 -0.00014437880233158238 -0.0006664572820020122 0.999999767494639 13.206767017716949
0.9999980799190086 0.0019429218718358572 0.0002553622420182421 0.02475105411639531 -0.0019430183805352642 0.9999980409987904 0.0003777320557376341 -0.17896463217030473 -0.0002546278592306737 -0.0003782275127265952 0.9999998960541302 14.53281887198492
0.9999981892600546 0.0018183659593937126 0.0005612659873974108 0.014805636976638299 -0.0018189395777192105 0.999997822478624 0.0010229857454784558 -0.20243661327195223 -0.0005594046493350886 -0.0010240048231551998 0.9999993192397125 15.900018182003251
0.9999989386154723 0.0009756412899859365 0.0010820775897516402 0.01080099309243946 -0.000979491303025386 0.9999931723583221 0.003563121446940862 -0.2301501436569339 -0.0010785939616288613 -0.003564177620805072 0.9999930666120269 17.22070709191422
0.9999945182587213 -0.0031792195387060247 0.0009252142975046125 0.01576665099134983 0.00317329914003024 0.9999749189627768 0.006331793729170115 -0.26226693464304374 -0.0009453213290435063 -0.006328823159716135 0.9999795259730374 18.596341944097116
0.9999856910684799 -0.005335378146074675 0.0003891089243331213 0.037238823050433946 0.005333623966986105 0.9999761892542808 0.00437874092574405 -0.286894383899526 -0.00041246192893307785 -0.004376602991797065 0.9999903375641976 19.945045778836388
0.9999805101126025 -0.006167213266546441 0.0009720516683580718 0.016666290781147508 0.0061651295776059215 0.9999787213226562 0.0021326207511830697 -0.29033974048521605 -0.0009851833924696296 -0.0021265863985452846 0.9999972535176881 21.280722564519877
0.9999907838475546 -0.004081232169296154 0.0013325807245956785 -0.01130458794987866 0.004080056482972657 0.9999912858088778 0.0008839907871856495 -0.34203950457090126 -0.0013361769957916869 -0.0008785456486716721 0.9999987213925906 22.63322104393317
0.9999962207802222 -0.0018243525810178168 0.002056737338346399 -0.010405244750534004 0.0018195891765522745 0.9999956636379485 0.00231555552056394 -0.32891722912681964 -0.002060952981442792 -0.0023118043950617548 0.9999952040039295 24.002418325270558
0.9999942596815902 -0.0018261793035387903 0.0028540636744742707 -0.012412691506963572 0.0018078985054570187 0.9999779192030109 0.006394732600155016 -0.34583402735945296 -0.0028656788196653746 -0.006389536157107237 0.9999754805546702 25.3900141570255
0.9999921135533438 -0.0028571281612094143 0.0027585607641647933 -0.0003671007945745125 0.0028360872919125715 0.99996708584767 0.007601567204460206 -0.36934168847996607 -0.002780188848801111 -0.007593683881197509 0.9999673027222447 26.768137807597483
0.9999718174563208 -0.007019066780826299 0.0026640207097004464 0.008889906681086052 0.006999130070940201 0.9999479704324858 0.007420821785870183 -0.4074915190963685 -0.002715969568566047 -0.007401966959084541 0.9999689167133902 28.13772723345147
0.999972852006358 -0.0067999256718626715 0.002838357423882015 -0.018457303006164286 0.006785707415427602 0.9999645293629634 0.0049894069393624785 -0.4226392562741617 -0.0028721845800821853 -0.004970011314370703 0.9999835246346348 29.489201207853
0.9999703328616384 -0.007021586986367102 0.0031671319855790317 -0.010119767922994287 0.007011333384897348 0.9999701803767759 0.0032372137046525447 -0.4597204318129907 -0.003189768186973638 -0.0032149119029553116 0.9999897448058989 30.892405794507496
0.9999805952314769 -0.004882439211497534 0.003869232341223593 -0.03487622920098852 0.004875010001779194 0.9999862598639424 0.0019272659632841515 -0.4519718003053089 -0.003878589262236911 -0.001908366049490782 0.9999906572963599 32.27149239663758
0.9999820457420832 -0.003898384788110597 0.004550912007749004 -0.030102511522408566 0.003897850153111903 0.9999923953623053 0.00012639765294348838 -0.48996163322138153 -0.004551370530669317 -0.0001086566059542863 0.9999896365537146 33.64811422691024
0.9999815739746934 -0.0037616994790195084 0.004764592187014903 -0.044287342707055685 0.0037591701800133524 0.9999927886268328 0.0005397486546800616 -0.4911552895413686 -0.004766588602126896 -0.0005218277999142588 0.9999885035956856 35.043469914027625
0.9999843763553595 -0.00359441663764184 0.004281030744909545 -0.04640560305408957 0.0035868775968761167 0.9999920051514449 0.0017674662664138793 -0.5323723576196764 -0.0042873498895152325 -0.0017520831471705073 0.9999892743579021 36.438954761289686
0.9999877156889603 -0.0030486119297784796 0.003908253514197031 -0.056018886411502086 0.0030381008575321583 0.9999917598140062 0.002692627420490095 -0.5219468847706711 -0.003916430414120086 -0.002680720722379134 0.999988737589082 37.841078962473325
0.9999934425106255 -0.0007158685456212215 0.003549996264306257 -0.04636703545172453 0.0007040066183027424 0.9999941692595028 0.0033415295743950985 -0.5470404118291428 -0.0035523679585588424 -0.0033390085038567468 0.9999881157795709 39.2354561202156
0.9999885369299031 0.0024022859128102203 0.004141863323696222 -0.07282069625182885 -0.0024182748376132433 0.9999896276360848 0.0038596075628677205 -0.5936762070771137 -0.004132548828156771 -0.0038695795585161107 0.99998397406665 40.62790035073158
0.9999800432389382 0.004894393159088644 0.003994750893784489 -0.07081329263504534 -0.004909890108360618 0.9999804241262535 0.003878704952025048 -0.6049841145358609 -0.003975689119195671 -0.003898241410880952 0.9999844986828441 42.05294617256808
0.999980375009766 0.004937396029511409 0.003856385717997216 -0.08351389856053953 -0.004952921419313433 0.9999796269755382 0.004026687476517711 -0.6147404135337379 -0.0038364261222459967 -0.004045708908637044 0.9999844569143305 43.44090885007589
0.9999832029729969 0.004563559760491356 0.003573190421963873 -0.10017270779777221 -0.004577971656946917 0.9999813782002823 0.004035521786092538 -0.6339590596952376 -0.0035547078353035146 -0.004051812046261959 0.9999854733283977 44.874741723947885
0.9999875120432679 0.004219676860459855 0.002677700539620608 -0.08877191740564123 -0.004228692033646238 0.9999853806142702 0.0033699745929771986 -0.6647890165812118 -0.002663441412087039 -0.0033812557475275526 0.9999907365503956 46.264626771777266
0.9999936479574416 0.0033131687426504594 0.001314135995027753 -0.07898495084900028 -0.003318247003231597 0.9999869634520047 0.0038810009195242804 -0.6820134086364729 -0.0013012605593249597 -0.0038853369731251253 0.9999916054030288 47.70582784978274
0.9999911602738956 0.00419533034431949 0.0002803030937845968 -0.07681692753197426 -0.004196574526585499 0.9999806361641266 0.004595222076878893 -0.7124874332393358 -0.00026101921002619384 -0.004596357862790076 0.9999894026258531 49.10683595643254
0.99998746139737 0.00499942942586764 -0.00028765127404093154 -0.10656224621258965 -0.004998016096573803 0.999976363325237 0.004721507658702801 -0.7312510215710728 0.0003112493490521385 -0.00472001086900795 0.9999888122488187 50.52627089867251
0.9999841114858055 0.0053565888008705684 -0.001756052059968479 -0.09904638740126011 -0.005347859709927109 0.9999735048528722 0.004938623103052708 -0.7500417612855647 0.0017824598606000217 -0.004929153618313534 0.999986263048453 51.98621428958954
0.9999784710037268 0.00595927165260544 -0.0027467423574318046 -0.12171639554663635 -0.005943686045574331 0.9999663857218091 0.005648011435260567 -0.7698744964949634 0.0027803083012508042 -0.005631564182844651 0.9999802774939744 53.39908528678355
0.999980781606626 0.005210011198711622 -0.0033603845576647526 -0.14294703421708874 -0.005188507959736731 0.9999662097345017 0.006376423985361874 -0.7944987385176496 0.0033934925413461044 -0.006358866190793834 0.9999740241811282 54.84934856006683
0.9999929386105874 0.0011722988013531813 -0.0035704951955259985 -0.15728864959533234 -0.0011453148494404257 0.9999708410026602 0.007550191926053966 -0.8063880831082091 0.0035792424729276474 -0.00754604942258084 0.9999651224768695 56.231446361421646
0.9999910365491589 0.0005930131160459201 -0.0041922724018310115 -0.16903553069867983 -0.0005612953482117891 0.9999712432619364 0.007562909194712719 -0.8311062876397346 0.00419663711084178 -0.007560488454833138 0.9999626129318024 57.66918449000192
0.9999930582754999 0.00020924222423591987 -0.003720162804911423 -0.20228957463650804 -0.0001801629875196869 0.9999694440343834 0.007815275868300721 -0.8579800956617015 0.003721684738286154 -0.007814551538373835 0.9999625402264519 59.1032911233915
0.9999916140999432 0.0004315819535618097 -0.00407252482569277 -0.17875139482009988 -0.0003963626823835298 0.9999625538483797 0.008644871060885633 -0.8861997290477388 0.004076103647092968 -0.008643184542997588 0.9999543393327299 60.528755908138585
0.9999914544686286 -0.002552249494525054 -0.0032522315555896493 -0.21169776102294285 0.0025825162392484093 0.9999530796794032 0.009336436302891939 -0.8862005428310981 0.003228250325568597 -0.00934475564374311 0.9999511257809806 61.97611337112107
0.9999842187875393 -0.0046370172382354385 -0.0031717893138422312 -0.20442424082061061 0.004665446624550717 0.9999484784395688 0.009015212989556546 -0.9110003395046263 0.003129822472403893 -0.009029868709285425 0.9999543318026465 63.39047648984063
0.9999844173881433 -0.004956349983538609 -0.0025689643278792645 -0.22399392649594418 0.004976727239033739 0.99995571735072 0.007987209451695149 -0.9304684254309668 0.002529263382472565 -0.007999870180795652 0.999964801835855 64.79438071786508
0.9999837957695974 -0.005384068147978984 -0.0018493274907710252 -0.2346638499501848 0.005398242301728584 0.9999554221920287 0.007746779960152968 -0.9369324400585936 0.0018075360199884057 -0.007756637697666054 0.9999682831922541 66.24648963270849
0.9999921675207333 -0.003709922360427732 -0.0013789039627945228 -0.23324264355900481 0.003720171436449128 0.9999649105222062 0.007505867142481268 -0.9503741753977356 0.0013510095139463987 -0.007510938258365636 0.999970879868078 67.62520404481116
0.9999988696740694 -0.0014532904525039452 -0.00038548549880424343 -0.2697301511308746 0.0014565865783629263 0.9999611587979139 0.00869248216538002 -0.9710660315447814 0.00037283786339659835 -0.008693034003572917 0.999962145361009 69.07791691158037
0.9999983477881348 0.001812171305027731 0.00014301474313187386 -0.26908663259916954 -0.0018134833598125932 0.9999505370811034 0.009779297993593375 -0.9878193058747081 -0.00012528590878531799 -0.009779541385014669 0.9999521712945841 70.43770782589675
0.9999802106867541 0.006169406155146896 0.001231524184574537 -0.2903069050395422 -0.006182314123418035 0.9999229137517371 0.01076780177246896 -1.0175992109693581 -0.0011649983985937908 -0.010775202570578046 0.9999412671704017 71.89378830443809
0.9999564422083203 0.009156224314272536 0.0018103106209071092 -0.29934129522031977 -0.009174957621194416 0.9999014550531424 0.010625457723478952 -1.0231697285787607 -0.0017128432863053867 -0.01064160464059392 0.9999419095226557 73.24288337267531
0.9999133152651521 0.012956055559356633 0.002345751682603995 -0.3092740641099937 -0.012979190674245897 0.9998644395160279 0.010131299481545203 -1.0385799880370703 -0.002214172192097814 -0.01016086741928877 0.9999459256455753 74.65488957667264
0.9999044056746637 0.013442215501424874 0.003238259608704522 -0.32717151886237716 -0.013474474389027075 0.9998576505785467 0.01015466146980683 -1.044491691997671 -0.0031012977511683986 -0.01019732479671609 0.9999431966460338 76.09182383244638
0.9998953672425176 0.01401548434145186 0.003580605323259144 -0.33097395432990756 -0.014052379881413488 0.9998461758080102 0.010495493014320283 -1.0587247817343117 -0.0034329554039880354 -0.010544711083928203 0.9999385100518167 77.46473946974953
0.999901205390448 0.013547519237810671 0.0037475527794890552 -0.33209945430047366 -0.013587356965865834 0.9998491752601368 0.010817138826260031 -1.0898364917522265 -0.003600442455784637 -0.010866989710248805 0.9999344705269815 78.8832287043393
0.9999129087003081 0.012826094270592635 0.0031090662033252687 -0.320300562962437 -0.012855228264988361 0.9998718682097542 0.009538883443505891 -1.091841073330677 -0.0029863214602381624 -0.00957802064165795 0.9999496704354477 80.25634246875849
0.9999137485742612 0.012740837419605036 0.003188486597219275 -0.3395779699601549 -0.012771538019889528 0.999870408927772 0.009800673199336404 -1.1243837293701509 -0.0030632048656818044 -0.00984054995632254 0.9999468887654982 81.65354315626492
0.9999145405599008 0.012725316472885367 0.0029963094248670556 -0.36029030571863246 -0.01275434777625813 0.9998698710642578 0.009877630211352304 -1.120794512100086 -0.0028702237831942585 -0.009915002249888056 0.9999467258536083 83.01134617993094
0.9999187553602742 0.012430808118089155 0.002820932769657226 -0.3753479320106563 -0.012456157706885396 0.9998805196456466 0.009153720314390743 -1.136341837922416 -0.002706807804899827 -0.00918811479555472 0.9999541248164089 84.388942742485
0.9999259201081464 0.012014189392962605 0.0019528243306470184 -0.37971105695130986 -0.012031601551209737 0.9998856315932263 0.00916320486649488 -1.1393929971659114 -0.0018425126595485199 -0.00918602185027178 0.9999561101118427 85.78850077699697
0.9999292098946899 0.011871667567595005 0.000799175363734832 -0.3847991607512641 -0.011879189791898127 0.9998776517991004 0.010176753287723193 -1.1694587764008968 -0.0006782626039357833 -0.010185526639403775 0.9999478961472581 87.15716700068407
0.9999379605135708 0.011134425320431967 -0.00031570571672378134 -0.39030454691526684 -0.011130167403934634 0.9998746917001294 0.011257010840392889 -1.1797471273183957 0.00044100654838356975 -0.011252798834420154 0.9999365880076255 88.5388581149473
0.9999597554035025 0.008787437356943744 -0.0018078981492615212 -0.381592353666966 -0.008765244053847284 0.9998903204935758 0.011938069131610525 -1.1988662207174847 0.0019126050652565182 -0.011921742263592194 0.9999271043485874 89.90663821088513
0.9999671203981011 0.007677943661167078 -0.0026090770365094535 -0.39335280150950785 -0.007645231744480746 0.9998948200262966 0.012324744523861652 -1.2176768040187178 0.0027034315458702605 -0.012304392543179735 0.9999206435470152 91.28552401210763
0.9999716037981299 0.00702642280900119 -0.0027241439894301056 -0.41329028978017035 -0.0069933033799595284 0.9999037515562953 0.011982543196446213 -1.2356172036028261 0.002808076456167657 -0.011963152415817052 0.9999244959997476 92.66398194486976
0.9999759887735322 0.006319639359255433 -0.0028432405558529265 -0.4268040212724184 -0.006285517557589372 0.9999099814951847 0.011854163135213617 -1.2543163775756399 0.002917898903263978 -0.011836007504280797 0.9999256946403329 93.98992016009804
0.9999803481283384 0.005358829201306226 -0.0032536579816733395 -0.4447271738759885 -0.005320836996969648 0.999918846738743 0.01157534606430756 -1.261821261278945 0.0033154245284072164 -0.011557806637929146 0.9999277099251617 95.36697520266824
0.9999824671163031 0.005110992902784248 -0.002990517713655629 -0.45389118906586956 -0.005077687774685418 0.9999261585393077 0.011040587015212287 -1.2684710442481324 0.003046725517401652 -0.011025208750345116 0.9999345789825562 96.73796448841554
0.9999693897190748 0.0072885698870962965 -0.002845409200752832 -0.45881903361237075 -0.007258085927516071 0.9999176804366989 0.010580763215949085 -1.2936649391408945 0.0029222938551058428 -0.01055978732742574 0.9999399737479718 98.0769275617535
0.9999599512039395 0.00866071816429671 -0.0022556432026394125 -0.4977119324854486 -0.008635895827864237 0.9999044793299489 0.010791363868614222 -1.2966880564634353 0.0023488889098298277 -0.010771452408606315 0.9999392274242191 99.41958019702177
0.9999577291436054 0.008935749252825103 -0.0021661689285966345 -0.4957313287299373 -0.008909354491001033 0.9998894632585585 0.011903137491615654 -1.3114761322270898 0.0022722931403604827 -0.011883335411836745 0.9999268088373878 100.77046456628807
0.999953720187843 0.009353950604119407 -0.002249681272242978 -0.5279919242525548 -0.009323232016244255 0.9998681075531856 0.013298302828360208 -1.3194096171176122 0.00237377643479371 -0.013276713355714438 0.9999090429020717 102.08145772008764
0.9999546436980815 0.009242777473801742 -0.0022981702879494087 -0.5097007497899012 -0.00921364529042113 0.9998809220496254 0.012379437680279921 -1.338070918191376 0.0024123172275395104 -0.012357701921524428 0.9999207308270617 103.44593032398046
0.9999530093683663 0.009418512941892453 -0.0022957883346401003 -0.5113788361860581 -0.009394980468179711 0.9999053171975446 0.010054402000780225 -1.3493472324250402 0.0023902686878554983 -0.010032360858409292 0.9999468177651886 104.76482255629014
0.9999689514659507 0.007472561239130502 -0.002501382113656236 -0.5387713953308313 -0.007449650263447964 0.9999313264186981 0.00904683205748272 -1.367128173703319 0.0025688135652766667 -0.009027916930437464 0.9999559479897696 106.06892805500834
0.999973964379738 0.0069845868748204636 -0.001812757920511802 -0.5488581877036663 -0.006966323419555741 0.99992679486428 0.009893192688534638 -1.375646549964128 0.0018817252476962902 -0.00988030705678831 0.9999494180452456 107.4349183588141
0.9999941163662124 0.0031404820300802118 -0.0013800715754548137 -0.5551141461887723 -0.003123368924931656 0.9999203050207153 0.012232259598839832 -1.3873339634856563 0.001418376911686844 -0.012227877400596644 0.9999242307436004 108.75655497884435
0.9999976179295789 0.002079913640195082 -0.0006618834499854363 -0.5720398974822565 -0.002070922291491059 0.9999093114318954 0.013307148115709686 -1.407238768183325 0.0006895012124910078 -0.013305745972359602 0.9999112369198551 110.10594026942445
0.9999981131173291 0.0019390781475339298 -0.00011719274400299627 -0.5668239715914603 -0.0019374846612879026 0.9999219982314721 0.012338703524252783 -1.4109090985461183 0.00014110933491208216 -0.012338453428208728 0.9999238684320138 111.4206498004302
0.9999945209845288 0.002948977862554097 0.0015038375035293834 -0.5992527332974094 -0.0029631997635325485 0.9999500637723313 0.009544077280445722 -1.431957699259485 -0.0014756172521019793 -0.009548481348487608 0.9999533234399751 112.77492571507837
0.99997914510008 0.006089952776131827 0.002149844339156582 -0.5804803476140232 -0.006107029821005179 0.9999491257978582 0.008028076531152041 -1.4475757024782268 -0.002100844532000979 -0.008041038431349045 0.999965463479958 114.11658192669208
0.9999525944273981 0.009141250206841499 0.0033535692120510627 -0.5948217393215522 -0.00916512897342357 0.9999322552276148 0.007175331671113323 -1.4541700722655655 -0.003287750795729796 -0.007205727561104421 0.9999686335995034 115.41152787806023
0.9999389669866146 0.009673066616794098 0.005337983507122193 -0.6127407081990446 -0.00972294240345407 0.9999085671589232 0.00939796424799117 -1.4753507977266982 -0.005246588742235615 -0.009449291757484308 0.999941590388709 116.77871899262522
0.999933599860647 0.010133241564569757 0.00548755572426781 -0.6131452829925725 -0.010196311784746571 0.999880848262968 0.011589845635343545 -1.4751594521789877 -0.005369459611939244 -0.011645029129989371 0.9999177777189466 118.07275159469681
0.9999270206708903 0.010233371691230588 0.006421169594762811 -0.6078303080320825 -0.010311722644850047 0.9998713066551099 0.012289773095467643 -1.490109328656169 -0.0062945779394853255 -0.012355089762217823 0.9999038604004853 119.44007904158715
0.9999217764938263 0.009984747887452313 0.007532973322231505 -0.6132591718517113 -0.010073085117330783 0.9998798597817737 0.011781297783239478 -1.5058287420963155 -0.007414435638646613 -0.011856256725575741 0.9999022228788873 120.77036882072358
0.999892053108454 0.011808710771761061 0.008742794697889335 -0.6033722540035531 -0.011909918921687974 0.9998616019611424 0.011615970863786391 -1.5132109092038653 -0.00860441579039399 -0.011718843164855337 0.9998943107853909 122.07315828837932
0.9998574319950305 0.013565136721224526 0.010054984976189542 -0.6109926104608501 -0.013677342895004298 0.9998440049238257 0.011175694134610028 -1.5171297302454465 -0.009901817457631006 -0.011311626540795306 0.9998869941713565 123.43549921029111
0.9998275155394243 0.014534211269961374 0.011562691817426557 -0.6263846954049841 -0.014656821180645674 0.9998364936829586 0.01059072832891671 -1.531447525661739 -0.011406874317406937 -0.010758374113080107 0.9998770627441236 124.78198567857336
0.9998011727235186 0.01571773450709468 0.012270607445953348 -0.6015980755944287 -0.015839716583693528 0.999825453875638 0.009907835255074196 -1.5424137199659673 -0.012112737951318108 -0.010100228452680214 0.9998756257463006 126.11054892620349
0.9997969540291978 0.015036444347845805 0.013414768782827685 -0.606452412365478 -0.015163745770349533 0.9998404715753094 0.009438869137744344 -1.5588219353036792 -0.01327070283000761 -0.00964037094751055 0.9998654667963499 127.44956215241106
0.9997914330428052 0.014720496557823325 0.014156177521465287 -0.5916171013989862 -0.014865253056793962 0.9998377302692018 0.010175333731605821 -1.5627451785109567 -0.014004095613148373 -0.010383646858917192 0.9998480210423937 128.75597834470992
0.9997725136994405 0.015112196825825108 0.015051322954398795 -0.5857062537240354 -0.015278199473065836 0.9998230385438005 0.010975803103909353 -1.5893815399062892 -0.014882792203132555 -0.011203263593767863 0.9998264796357095 130.12839162234175
0.9997992432158226 0.012921054609713052 0.015314032277528904 -0.5640870959213271 -0.013095891731522194 0.9998495765835134 0.011371976681104344 -1.5864107876679474 -0.015164792029758 -0.01157024481391077 0.999818062708298 131.45548300766632
0.9998031047683176 0.012369055140997561 0.015516383080274128 -0.5558865847023341 -0.012550350277547218 0.9998534701049822 0.011641608698900059 -1.6103945404520705 -0.01537011505647275 -0.011834052794560459 0.9998118396768976 132.80530985047236
0.9998279104224918 0.010412418834412237 0.015353535547396565 -0.5504975310697002 -0.010603926696964073 0.9998663308997867 0.012444962483255783 -1.613317736672284 -0.01522190236920967 -0.01260562884443674 0.9998046768296787 134.12781540831529
0.9998512822016249 0.00926275592437939 0.014546986498570662 -0.5191165429409268 -0.009446686490906858 0.9998756587022661 0.012626451012713905 -1.6340777523871153 -0.014428223183051168 -0.01276199430243803 0.9998144617264456 135.46569487771876
0.9998678362634479 0.00914227173276837 0.013443543372731766 -0.5069211701425125 -0.009304367761299318 0.999884169158887 0.012044792322730528 -1.640793936392154 -0.013331870548816235 -0.012168284345505681 0.9998370837704831 136.80854087883898
0.9998976836475432 0.006069568391753398 0.012953091105737134 -0.5292487545044746 -0.006247126995795537 0.9998864757862205 0.013711635610543779 -1.655926963589328 -0.012868397982892464 -0.013791152557116782 0.9998220883957886 138.1421822465325
0.9999200959889272 0.005478980852770649 0.011392207947291694 -0.4864343630727649 -0.005632458484270628 0.9998932232194373 0.013483974820789897 -1.6629840344644788 -0.011317114029942763 -0.013547063797413392 0.9998441878568862 139.4947933108772
0.9999359514801553 0.0044832718076665435 0.010391978134856664 -0.5047754154924808 -0.004626121732957405 0.999894582326624 0.013763111377994484 -1.6770907579356953 -0.010329179729510857 -0.013810304694200299 0.9998512807057675 140.8492825182564
0.9999458227614385 0.005292136960049717 0.00896352747787789 -0.49175024361914693 -0.0054096674737231865 0.9998990466387794 0.013138951027270432 -1.677354042779511 -0.008893090192530402 -0.013186729154951697 0.9998735035588785 142.18131012967305
0.9999559377499871 0.005052050314191698 0.007911974665654905 -0.48255710785462036 -0.0051546906445667316 0.9999021248656983 0.013006531372216011 -1.6914571745770148 -0.007845491281959667 -0.013046742311596698 0.9998841086744702 143.5315553100715
0.9999685222994159 0.00286929611094791 0.00739740168213441 -0.4737940806750595 -0.002948900337713131 0.9999376242208273 0.010772727415901538 -1.6989205120092028 -0.007366030732507234 -0.010794202724482808 0.9999146097421131 144.88491008997988
0.9999821803688703 -0.0002700593501102494 0.005963725281092154 -0.4779285498177732 0.00021120475782330714 0.9999512957691263 0.009867192032463177 -1.7299671335723157 -0.0059661000460849226 -0.009865756824974564 0.9999335340359072 146.18846894255623
0.999943937774601 -0.009173582285012867 0.005288356181406114 -0.4828822499443125 0.009105570204781149 0.9998773248262892 0.012744562577002561 -1.7301369574507388 -0.005404621170697207 -0.012695694828792795 0.9999048001693907 147.57624940994342
0.9998648450373312 -0.01603320944796221 0.003637013495042615 -0.46779353057573836 0.015979477517222982 0.9997693279559666 0.014350859265218856 -1.7450553354065608 -0.003866265184065426 -0.014290802366249763 0.9998904064758622 148.89398071978044
0.9998399803050441 -0.017717532866645666 0.002470389542214519 -0.4351781600923243 0.017688097198094936 0.9997777846449222 0.011467891509097572 -1.763152716440979 -0.002673023543781226 -0.011422360139657431 0.9999311899498636 150.1979633328082
0.9998401155890397 -0.01771861275081649 0.0024070797187486833 -0.45998367761810793 0.017698457182273253 0.9998101373607051 0.008151922070504263 -1.7722351744429405 -0.0025510636622796783 -0.008108017252084028 0.999963875412223 151.60304132267916
0.9999097455099354 -0.013015712299671616 0.003330477737518475 -0.43764463037676715 0.012996817211124934 0.9998996668150196 0.005633740685713024 -1.793299333323286 -0.0034034710101569993 -0.005589946702386512 0.9999785842097094 152.91619290519023
0.9998825606281023 -0.014634129940955929 0.00455051731386135 -0.4663996061203589 0.014606426374948115 0.9998749384339116 0.006062985154359957 -1.7977398395187172 -0.004638675117690257 -0.00599580642828153 0.9999712660844889 154.28991090853447
0.9998739084298839 -0.015135504640287163 0.004804555716484143 -0.4628946196466887 0.01508982120228799 0.999841894890017 0.009406514031546236 -1.8273684031889565 -0.004946168837770881 -0.009332828231045014 0.9999442153082513 155.62331259691658
0.9996637828199059 -0.02538466045017634 0.005285862022262313 -0.4722535614168262 0.02531817707197389 0.9996039401644502 0.012286281522394103 -1.8173582253683056 -0.005595652050353088 -0.012148322488280374 0.999910549467986 156.94027592985017
0.9996363813137714 -0.02647774434959943 0.005102373108863216 -0.44460845904813195 0.02640965995258664 0.9995669460502463 0.012978837492485776 -1.8321998822039443 -0.005443814294726565 -0.012839366434271783 0.9999027530487803 158.2925901184004
0.9996009685349608 -0.027838151834976607 0.004789677114742179 -0.4223852190276758 0.02777114288705106 0.9995227325492627 0.013530363629289768 -1.8534537455649325 -0.00516405189825412 -0.013391950019391939 0.9998969888154722 159.6268440944628
0.9996080217812182 -0.027348300521054365 0.0059894283061868595 -0.43634054145513995 0.02726787084077388 0.9995420292097161 0.013122311623251948 -1.8436937613509619 -0.006345558768422974 -0.012953849234689821 0.9998959604241492 160.99149506199345
0.9996548219436676 -0.025272838682582014 0.0071777849010386564 -0.4365721996949721 0.025181607102703202 0.9996043832072838 0.012528516764993697 -1.8465518197112718 -0.007491577053099598 -0.012343444254541144 0.9998957523937109 162.32985847098897
0.9996976947284382 -0.022981729320905 0.008738379837527782 -0.46216083747173464 0.02288107525845442 0.99967263036568 0.011449388007601662 -1.8599095394526464 -0.008998646643005469 -0.011245983467302769 0.9998962707257988 163.6837672835438
0.999716803381194 -0.021837556894785712 0.009456963451902008 -0.47164937971690113 0.02173772863772333 0.9997082168434012 0.010533390786079053 -1.8511762491154728 -0.009684228398225006 -0.010324835039081402 0.9998998017292423 165.03867482437687
0.9997096244342635 -0.02200449036688562 0.009821875001035582 -0.47441949751979556 0.021890558198956016 0.9996935314712391 0.011560561747938495 -1.863949203810907 -0.010073250015500593 -0.011342198715466975 0.9998849354598048 166.38819414143492
0.9997093300510104 -0.022187331057295624 0.009432802375898549 -0.4511236713138703 0.022079379236506165 0.9996912390983503 0.011398573353129519 -1.8592580971516943 -0.009682794623439007 -0.011186989905112412 0.9998905413804265 167.7109938279954
0.9997485989737913 -0.02036428128224578 0.009382692098282065 -0.4609295557749954 0.020275030427259297 0.9997491973736621 0.009511334436728512 -1.8652044121824352 -0.009574031184306511 -0.009318709070005319 0.9999107458088763 169.09286276705976
0.9998296661369591 -0.016612383641928026 0.008041606692975146 -0.4485974019730071 0.016554022738986374 0.9998365389757151 0.007270464166800143 -1.8960514861932458 -0.008161072626367569 -0.007136104941796267 0.9999412347207473 170.5214401479078
0.9999094550649154 -0.010913074366709904 0.00787315035553048 -0.4478209329757882 0.010870646473433316 0.9999262677875136 0.005411840955866262 -1.9009772704120158 -0.00793163033873164 -0.005325764797092199 0.999954361690511 171.8628528145712
0.9999258727932917 -0.00908291429723486 0.008108612874421325 -0.43749405969229627 0.009031792089552897 0.9999392449662167 0.006319263966439376 -1.9068745750402858 -0.008165518252744123 -0.006245560340936098 0.9999471572449982 173.22646398135285
0.9999488428864786 -0.00467125094973684 0.008971679758299999 -0.44341211360611077 0.00459604082344894 0.9999542788933503 0.008385494801011377 -1.9278939821304617 -0.009010441068099076 -0.008343831770420957 0.9999245933662133 174.61137476264986
0.9999570777301088 -0.0020921158294412955 0.009025838402953935 -0.45040540532825635 0.001990059193004221 0.9999341570552112 0.011301380964324951 -1.954268907588547 -0.0090488886686193 -0.011282934144127095 0.9998954010334753 175.97948944357975
0.999951939584192 -0.005578880055505655 0.00806192489784789 -0.44351289180505443 0.005481468045397127 0.9999123112355078 0.012055012914438319 -1.951674706641405 -0.008128472105552634 -0.012010242587623428 0.9998948354760419 177.41342843818563
0.9999464731650101 -0.007747652047070572 0.0068574563700548215 -0.4499239796646222 0.007665198691113383 0.999898980752173 0.011969670288867643 -1.9562300080348636 -0.0069495010525923145 -0.011916466047991615 0.999904846607797 178.80375332233876
0.9999408721135666 -0.009718736648644677 0.004878365492126917 -0.4446936223557936 0.009678078544950458 0.9999188017291281 0.008290038132027467 -1.9652665889874164 -0.004958538486362212 -0.008242334906170322 0.9999537373340056 180.14095988006426
0.9999692519125722 -0.007141325583000442 0.0032398627629208884 -0.46163149467901227 0.0071267901537433054 0.9999645858214634 0.004476154125546235 -1.9943801472990919 -0.003271713972182074 -0.0044529267499665804 0.9999847335474212 181.56008858308542
0.9999918390739014 -0.0035350797759753066 0.00195576179263804 -0.457072320169456 0.0035270375958534415 0.9999853730800616 0.004100442162752634 -2.017403402767436 -0.0019702287389614477 -0.00409351073034805 0.9999896806301543 182.9511390990921
0.9999983197391308 3.7573243051005484e-05 0.0018327873928947703 -0.46983973710557686 -4.785077163097992e-05 0.9999842746080754 0.005607873533245118 -2.0260411389903776 -0.0018325480159162397 -0.005607951919913649 0.9999825961694893 184.27970290652095
0.9999933920128657 0.002153880182374306 0.0029286055923184685 -0.49067189834747793 -0.002177449691796704 0.9999650763279762 0.008068756947357009 -2.0354339855215984 -0.002911124418584444 -0.008075080678896023 0.9999631585339758 185.7321665940676
0.9999848793505054 0.004486153126450593 0.0031804867377797147 -0.5089605616289024 -0.004519148817834542 0.9999352461277169 0.01044417782829781 -2.0580605829886185 -0.0031334268645585384 -0.010458393205442876 0.9999404000475188 187.1059399087076
0.9999924520065665 0.0018496373097565601 0.0034168366553223853 -0.5113556574690752 -0.0018868364973010626 0.9999386380681116 0.010916040764357447 -2.05327764823301 -0.0033964365536614527 -0.010922405596188421 0.9999345804972793 188.55575729922492
0.999995538703219 0.0014549012513507984 0.0026087999006252 -0.47595812163306983 -0.0014840547200062684 0.9999360857441449 0.011208122358732512 -2.0601398536323883 -0.0025923266599720456 -0.01121194417776574 0.999933783883106 189.95494768439113
0.9999910760884128 -0.002492105065313808 0.0034113287405453233 -0.5117888037668107 0.002450526441367286 0.9999233188402061 0.012138836503140083 -2.0686066710681037 -0.0034413186926740037 -0.012130368860333827 0.9999205025786649 191.32479744615833
0.9999836159955408 -0.0043004196509741095 0.0037781135093729445 -0.5176898193032315 0.004254518429220484 0.9999180495302881 0.012074489070049568 -2.0741264066607643 -0.0038297295748603967 -0.012058217419267563 0.9999199630789698 192.777074710603
0.9999727357489248 -0.006191728170515432 0.00402371388925233 -0.5074010709696176 0.006139435646219488 0.9998981869213047 0.012881114431434722 -2.0912396048721593 -0.004103060917560322 -0.012856060150324285 0.999908939158245 194.13278766652152
0.9999280880120112 -0.011105685597092376 0.004525767045353294 -0.5144534275647349 0.011039564355095214 0.9998356270265726 0.014382174084147275 -2.095315028984599 -0.004684747418671259 -0.014331177607014524 0.9998863287847156 195.59585850266512
0.9998793870324071 -0.014749227266768866 0.004865356933954025 -0.5056465325554824 0.014674142533446713 0.9997779520803924 0.015123361356195507 -2.10718630308412 -0.005087334901935382 -0.015050142622784438 0.9998737981522469 197.00913230907568
0.9999192291657848 -0.011666789365589446 0.005041942695734116 -0.5092957072785003 0.011602529380927389 0.9998534021153144 0.012591885309064292 -2.134591541107211 -0.005188110858680417 -0.012532369197577158 0.999908007382193 198.42361461290693
0.9999668858380486 -0.006240708406724667 0.005223102456064641 -0.5214930394074828 0.00620464869620844 0.9999570009183856 0.00689192567137941 -2.1370708706803696 -0.0052658888049440435 -0.0068592900613236646 0.9999626095764901 199.85530890123633
0.9999675800903433 0.0046433472780148975 0.006578608650532726 -0.5213343490920553 -0.004682947641930729 0.999970932689426 0.006016958126416535 -2.1413877908982024 -0.006550479150902434 -0.00604757045446398 0.9999602582650781 201.32383161189213
0.9999096438327961 0.010961527523371204 0.007781328015588643 -0.5434495707998945 -0.011032180720937293 0.9998977748917768 0.009095646092537399 -2.142724219690502 -0.007680831035855809 -0.009180669444826631 0.999928357503254 202.75198798332443
0.9998950651354029 0.011779996227952222 0.008431511457842104 -0.5083270804526756 -0.0118755672127119 0.9998647693584043 0.01137602405985642 -2.1498131771253868 -0.008296362431193778 -0.011474959527771547 0.9998997428099234 204.16755238421396
0.9999152079981619 0.009717455703160058 0.008668786168069645 -0.5460009476340062 -0.009820552862449204 0.9998806012899913 0.011930629617719193 -2.154089677835789 -0.008551816474964564 -0.012014750505855107 0.9998912501880634 205.6310935692834
0.9999464524447859 0.007220133973669816 0.007413629344707212 -0.5388373220505256 -0.007311691162438946 0.99989641077906 0.012397858444842442 -2.1718592936607615 -0.00732334778294273 -0.012451400982974857 0.9998956601509581 207.08703651836367
0.9999616348694312 0.00647022034151804 0.005904661788204146 -0.5109339833318169 -0.00654065581863737 0.9999067445706964 0.011988410751137523 -2.1843589104724677 -0.005826543970413549 -0.012026571411927556 0.9999107024948496 208.5311419813242
0.9999661072482294 0.006143302739596345 0.005481257125680342 -0.5320651860421521 -0.006205647053827704 0.9999154138139322 0.011430449261615256 -2.18275404180189 -0.005410573225144178 -0.01146407682562243 0.9999196470907745 210.0321031517453
0.999957153580168 0.007311253239453999 0.005677725822753854 -0.5476442337441908 -0.007376041905057634 0.9999069537787196 0.01147509485929666 -2.2021943179247065 -0.005593300671192874 -0.011516482564191006 0.9999180394487817 211.48716131633884
0.9999528474816662 0.008232554553696113 0.005150519068685225 -0.5344259762627581 -0.00829410372238396 0.9998930572894148 0.012044992369636028 -2.198058555690488 -0.005050807619020849 -0.012087143597719518 0.9999141914688877 212.92274956114875
0.9999561104099043 0.008114351963302112 0.004683431856122789 -0.5478215184060753 -0.008169904492297344 0.9998950197272343 0.01196671209196626 -2.2181281789262535 -0.004585838452764268 -0.012004450307923806 0.9999174282197596 214.36345593881117
0.9999518612811057 0.008692763924240928 0.00455092979279886 -0.5549585898303555 -0.00874432799323401 0.9998963746511087 0.011435764181965166 -2.2301946740300975 -0.004451050170207581 -0.011475008730913429 0.9999242532941829 215.81893713041657
0.9999565037463162 0.008295111518303507 0.004264003678679841 -0.5547900534475194 -0.008341835164424612 0.9999040500699813 0.011059134404486632 -2.2363399675659585 -0.004171858138755599 -0.011094223211019702 0.9999297544377538 217.30401636216396
0.9999496715968861 0.009419777939610378 0.003452830729040404 -0.5384725101964234 -0.009457585046840283 0.9998936473824576 0.011101712768056257 -2.255825320685797 -0.003347888116945265 -0.011133809700786338 0.9999324126791823 218.7887888258605
0.9999495923143521 0.009376631445676938 0.0035904869501832545 -0.5567243322666752 -0.009413804191662807 0.9999007707667572 0.010479929771532176 -2.2550982643198387 -0.0034918645170516362 -0.010513201855179476 0.9999386378514282 220.26332449723094
0.999957243777375 0.008531103128373733 0.0035680362038415393 -0.5589782363192043 -0.00856851621162576 0.9999070526507764 0.01060502730226299 -2.2725647639388784 -0.0034772322685332245 -0.010635146860729626 0.9999373992937284 221.75539492248205
0.9999361756961793 0.010856756076792776 0.00312655725026608 -0.561400810757628 -0.010888972422329214 0.9998858133990615 0.010478094508636737 -2.2896975526568353 -0.003012442369845379 -0.01051147096026576 0.9999402152973549 223.24684199271434
