1.0 -3.469446951953614e-18 0.0 -1.7787691892340307e-19 0.0 0.9999999999999999 -3.5405977195229754e-19 0.0 2.168404344971009e-19 -2.354751593366955e-19 1.0 0.0
0.9999998184232816 -0.0001920851292522164 -0.0005711883356860027 0.002362340360531358 0.00019247475088568847 0.9999997488291841 0.0006821250811968831 -0.02260592772998818 0.0005710572149626968 -0.0006822349104356856 0.9999996042250158 1.3271691263019685
0.9999998223313858 -0.0005124454803113691 -0.00030452778115740283 0.025172886951361197 0.0005128689643779938 0.9999988995587956 0.0013920652212668478 -0.041249718535285675 0.0003038141153531991 -0.0013922211840833435 0.9999989847084136 2.6154319877640364
0.9999987895465484 -0.0013219846275220031 -0.0008205259333909963 0.02917552846795702 0.0013231182199890529 0.999998169111911 0.001382435799478388 -0.07688176755262624 0.0008186969426259964 -0.001383519805839418 0.999998707804065 3.9352211322063195
0.9999959969816506 -0.0025998273031355105 0.0011166575421558463 0.08572641667098763 0.0025986349975078826 0.9999960532015548 0.0010680231778256802 -0.1008079201227815 -0.001119429904308087 -0.001065117135231866 0.9999988061996542 5.18692800831039
0.9999959489411963 -0.002624732339430629 0.001101311378474114 0.09935160002607732 0.002622948603730975 0.9999952508811472 0.0016181321599790992 -0.11488819804528827 -0.0011055534039601884 -0.0016152369506148476 0.999998084378136 6.500669989447385
0.9999919911133883 -0.003814884855388105 0.0012101114066937933 0.08196900787630798 0.0038117715504456216 0.9999894457759129 0.002564903254767453 -0.15336980712546813 -0.0012198835462349995 -0.0025602700910641934 0.9999959784418747 7.850719180702747
0.9999920188297866 -0.003802746314948315 0.0012253179969125235 0.07091935147821975 0.003798998117112687 0.9999881413127464 0.0030471037659044868 -0.1662514079073222 -0.001236890930659525 -0.003042424521735049 0.9999946068617959 9.163054850982052
0.9999934921813829 -0.0035233503527954436 0.0007756308663491431 0.07280124883078759 0.0035214052670480434 0.9999906865893482 0.0024952823758124915 -0.19107999387395858 -0.0007844154606403975 -0.002492534872140817 0.9999965859749741 10.491500899674229
0.9999996962388972 -0.0002900608778673465 0.0007234558250948182 0.04676641200288943 0.00029020995741897704 0.9999999366824669 -0.00020594368840026452 -0.2190475682536061 -0.0007233961043612458 0.0002061535848007395 0.9999997170988026 11.830240246852638
0.999997669795751 0.0020217257631125586 0.0007569845191438484 0.04213733234421338 -0.0020211531848175895 0.999997671270187 -0.0007565696621275364 -0.23937381115646705 -0.0007585123975589064 0.0007550379314447431 0.9999994272875671 13.164454568447574
0.9999835030931459 0.005702702542928165 0.0006875426469499116 0.02854410111611192 -0.005702069494847373 0.9999833201024781 -0.0009197455098413024 -0.2684960931904594 -0.0006927762735302362 0.0009158099351785883 0.9999993406758183 14.517487791827127
0.9999834382415155 0.005619481734139661 0.001242842828559086 0.005115296860972885 -0.005619246256385829 0.999984193258957 -0.00019317080778999 -0.2931059669628335 -0.0012439088087295258 0.0001861837690085569 0.999999209012028 15.874662826257488
0.9999913728804245 0.0038794587249665457 0.001484573851964183 0.016578839582371094 -0.0038834086442331795 0.9999889033219169 0.0026669040313703355 -0.31416629146455505 -0.001474211356679982 -0.0026726462850478715 0.999995341819717 17.203980836165485
0.9999988945658176 -0.0001431522596738264 0.0014799921912416242 0.003963682186207941 0.00013644671833334086 0.9999897305870961 0.004529911853863849 -0.35004977736724513 -0.0014806255811460392 -0.004529704994231002 0.9999886446952672 18.57687630751434
0.9999964446797106 -0.0024613743621889114 0.0010258017755940246 0.012869689509083446 0.0024582555101418935 0.9999923855508428 0.003030811111380338 -0.38491188996873443 -0.001033254010133897 -0.0030282787099700486 0.9999948809435467 19.9151487238851
0.9999950061393444 -0.002958454034704563 0.0011114188870955143 0.0046724647066528 0.002957984964924448 0.9999955354211327 0.0004236253568423176 -0.3851440868017737 -0.0011126672947085847 -0.00042033568607300145 0.999999292643681 21.27361906882659
0.9999981342136192 -0.0010847356374419203 0.0015984122741865097 -0.012359385845744704 0.0010861673764749925 0.9999990095290058 -0.000895086504143501 -0.4483525654020238 -0.0015974398944286466 0.0008968209971761224 0.9999983219463666 22.623794579697964
0.9999965310969045 0.001371568194382145 0.0022486875076992282 -0.0159677147490274 -0.001372399429922815 0.999998990507037 0.00036811277381580286 -0.4354048470686808 -0.002248180535671757 -0.00037119760085858617 0.9999974039434583 23.99290677303598
0.999993680595022 0.0017881718769274576 0.0030726555531987994 -0.029918993589767316 -0.0018032129850405242 0.9999863723795944 0.004899334651420915 -0.4637725212134392 -0.0030638530828345552 -0.0049048444384814415 0.9999832775114469 25.381926073733595
0.9999943852387406 0.00025598307980568245 0.003341252371119416 -0.021187311413283307 -0.0002754599099550996 0.9999829672414847 0.005830038400114694 -0.49231388683082516 -0.0033397033467079873 -0.005830926159321473 0.9999774230846092 26.740659076147814
0.9999875001995124 -0.0038472255342782754 0.0031934792546872348 -0.023137955015351194 0.0038305259696171604 0.9999790438322281 0.005219095772629059 -0.5302315292114476 -0.003213491637197324 -0.005206797926818344 0.9999812811868078 28.119745332702514
0.9999878978902866 -0.003751349924686641 0.003182994803747244 -0.024626951435727323 0.003743529238017896 0.9999899683499618 0.002459508622561312 -0.5308023831361743 -0.003192189618061317 -0.0024475632659767743 0.9999919096452283 29.47252440540119
0.9999812568767751 -0.004571613783358783 0.004072622433227299 -0.04471277816051493 0.0045693782621861485 0.9999894045813735 0.000558122859040931 -0.577084171417615 -0.004075131147868657 -0.0005395030494762488 0.9999915510832209 30.856910970457644
0.9999885328854832 -0.001996594037628847 0.004352897637668831 -0.04067270050421749 0.00199967160994681 0.9999977537241083 -0.0007027497972632813 -0.5837316611598616 -0.00435148512198259 0.0007114461236704084 0.9999902791610038 32.24872009577967
0.999987934599455 -0.0004217006632295187 0.004894162871391377 -0.041992737262801415 0.00043532535490117645 0.9999960323343983 -0.0027831289624195774 -0.6265795847921796 -0.00489297022139561 0.0027852259952438683 0.9999841505508466 33.62860053804603
0.9999870961254861 -2.524142532592255e-05 0.005080054234656897 -0.05633660728284614 3.823866261351387e-05 0.9999967265506426 -0.0025584030093892584 -0.6356184574963352 -0.005079973458998579 0.002558564305140163 0.9999838236754428 35.024095555943056
0.9999896767559362 0.00012378009491653512 0.004542143222642772 -0.053578007818263274 -0.00011920868731093992 0.9999994861705063 -0.001006701705207487 -0.6836163255884274 -0.004542265883073339 0.0010061498732819665 0.9999891776803187 36.40708381239357
0.9999883166296066 0.0017766099421339188 0.00449558266279791 -0.06286458875102127 -0.0017765494107431666 0.9999984217835609 -1.7483612443602487e-05 -0.7105725761572786 -0.00449560700939651 9.496785931406207e-06 0.9999898946600668 37.81077573559985
0.9999866570052638 0.0033964619403275527 0.003892281609428599 -0.05003837688722264 -0.003398718142610541 0.9999940601003564 0.0005731362706496686 -0.7290497858799365 -0.0038903121826472787 -0.0005863574024089236 0.9999922607958136 39.21057716986609
0.9999708734667467 0.006092659150207021 0.00459692457620055 -0.07264182463793589 -0.006095181508557733 0.9999812812014764 0.0005348095696619948 -0.7639485983794961 -0.004593580503011353 -0.0005628130942063202 0.9999892910698648 40.60286148932666
0.9999495321682297 0.008946021812572015 0.004571848176764212 -0.0765088091693295 -0.008950288742398905 0.9999595280498054 0.0009135718047688867 -0.8066501749599587 -0.0045634906973087905 -0.0009544450819985607 0.9999891317320169 42.02540746445783
0.9999460754414067 0.009462922814260302 0.004277766348845679 -0.08795684524166915 -0.009466974535732243 0.999954756814672 0.0009277596178024078 -0.8169720120768588 -0.004268793851981432 -0.0009682071167254595 0.9999904199386985 43.41796348561059
0.9999526288209768 0.008923557595106935 0.0038871864957112064 -0.09026190101705024 -0.008926233053201178 0.9999599350519887 0.0006713224886375125 -0.84772936779174 -0.003881040498871242 -0.0007059886374724173 0.9999922195197924 44.84752713475111
0.9999614759400267 0.008246885951091002 0.0030059098389902156 -0.08064705440784273 -0.008247358383252882 0.999965979511408 0.0001446281309060862 -0.8764366745175183 -0.0030046150990751656 -0.00016941338216316097 0.9999954717814462 46.24064547547857
0.9999652845841888 0.008042242568690083 0.002179896002812112 -0.09147390454480814 -0.008043457299943362 0.9999675002815201 0.0005488101562073629 -0.9145492663464924 -0.0021754116763028457 -0.0005663250200025891 0.9999974734253883 47.664422197155794
0.9999673027240884 0.008014250289176073 0.0010794717979897641 -0.09190583036213468 -0.008015637773613167 0.9999670464207032 0.0012867170330928283 -0.9378938461556319 -0.0010691242429886603 -0.0012953276466688402 0.9999985895481585 49.069061584887656
0.99996121435282 0.008804486234731467 0.00022537338853362027 -0.10716678035955861 -0.008804791665084776 0.9999602717358698 0.001389464921463301 -0.9656331855797913 -0.00021313092751022917 -0.0013913954298938494 0.9999990092964436 50.49351424473958
0.9999579309980037 0.009129244729214352 -0.0008905634051554738 -0.1134801819000544 -0.009127827206762362 0.9999570864964737 0.0015836527193230168 -0.9920785821088097 0.0009049828183752017 -0.0015754572265350112 0.9999983494698103 51.94482722633606
0.9999448577302542 0.010348055835507122 -0.0017886342446534005 -0.13817465277141294 -0.010343026612429694 0.9999425924009506 0.002798879445082731 -1.036089507208888 0.0018174946794251026 -0.002780225281127294 0.9999944835168216 53.334334734631334
0.9999719757467557 0.006967052223533211 -0.002740052031101477 -0.1377920350943854 -0.00695778149975107 0.9999700864707204 0.003378676380542349 -1.0456008664243548 0.0027635097170812944 -0.003359517086128517 0.9999905382875177 54.803347212832776
0.9999853632025847 0.004297273425462454 -0.0032873709200735447 -0.1422847610566227 -0.0042840602190729205 0.9999827591228043 0.004016004539018564 -1.0467471684203535 0.003304572394728215 -0.0040018625474442585 0.9999865323614614 56.20468943311241
0.9999862213957261 0.003797738849190698 -0.003624111554407905 -0.1626755827979344 -0.0037844095457782827 0.9999860758697606 0.00367781419992763 -1.0954584436276074 0.0036380287798427687 -0.0036640484805047853 0.999986669662551 57.63829292138199
0.9999899172659332 0.002423450569083202 -0.0037805082318607157 -0.1679287100317696 -0.0024093493260926606 0.9999901405288396 0.003730131960361233 -1.1241087174146807 0.003789511071577158 -0.0037209858637499813 0.9999858968394778 59.084740880922645
0.9999926899625061 0.0017753576120923993 -0.0033864609333215737 -0.1789335719384872 -0.001761913720278457 0.999990572149039 0.0039687876349140455 -1.1537760481298136 0.00339347531348782 -0.003962792053171532 0.9999863902131247 60.48280666661191
0.9999962049061627 -9.763339829681889e-05 -0.002753295533198246 -0.1949707278605599 0.00011150481202071641 0.9999873009379627 0.00503840531560498 -1.1801562026740198 0.0027527688890236195 -0.005038693301560664 0.9999835167838096 61.93442993518689
0.9999951905328212 -0.0017425649335240153 -0.0025656143187950857 -0.19899652294979542 0.0017551710736578088 0.999986359214455 0.0049194263625065545 -1.2102463492760567 0.0025570071221329106 -0.004923905892520261 0.9999846083170332 63.34364608833867
0.999994470965572 -0.0026203151138816244 -0.0020474343260228818 -0.20840866792447799 0.0026274371818509733 0.9999904807280372 0.003483535939214817 -1.2406536726244162 0.00203828704933358 -0.0034888962521176844 0.999991836463199 64.75341724196102
0.9999938926758294 -0.003302015626695111 -0.0011451229828915825 -0.21899335324158642 0.0033055464910087054 0.9999897466796106 0.003095140187590734 -1.2656006369489934 0.0011348911389654334 -0.0030989066012981708 0.9999945543863923 66.24801179683986
0.9999987356859357 -0.0015351114219348157 -0.00041480254136987875 -0.23833023619345006 0.0015363457587567186 0.9999943446011631 0.0029917226606989825 -1.2869910252629397 0.0004102076050704795 -0.002992356216483881 0.9999954387572074 67.5775714014043
0.9999978948230562 0.002037447957484494 0.0002432119621961252 -0.2585568369993724 -0.0020385259564618726 0.9999877203079162 0.004517039723319704 -1.320995141333969 -0.00023400575851309393 -0.004517526098458004 0.9999897685476147 69.058297830248
0.9999856971811726 0.005238524918454224 0.0010785550573757512 -0.27901347015079203 -0.00524441419305734 0.9999709484398251 0.005531582508669723 -1.3463774196253058 -0.0010495464754031025 -0.005537159893190964 0.9999841190300683 70.39999059252472
0.9999542265763197 0.009342203843854417 0.002065904507705226 -0.2921396109534526 -0.009355780380507382 0.9999340386322495 0.006662415260078593 -1.374996425636714 -0.0020035267608587417 -0.0066814385845968835 0.9999756718330656 71.85641050660041
0.9999174096311205 0.012623163133834023 0.002414465037854585 -0.2934328120997528 -0.01263735977099181 0.9999023979937335 0.005957487196307875 -1.3984130224795215 -0.002339027242076474 -0.005987507754358323 0.9999793391369771 73.228163599764
0.9998703856114783 0.015810802416127916 0.003038168206156861 -0.30987890373983684 -0.015826502532039658 0.9998611549694854 0.005214656394058387 -1.4197817404539355 -0.002955298716133219 -0.0052620641897875 0.9999817882778692 74.61933438148958
0.9998361620867323 0.01769126043091416 0.0038299143051928296 -0.3183918712552508 -0.01771099887211631 0.9998297172407922 0.005182382552953533 -1.4338179465885297 -0.003737579570090967 -0.005249365204126125 0.9999792371147458 76.05624930409174
0.999831217059097 0.017886429659416128 0.004196782488307311 -0.32307642577993134 -0.01791046077686749 0.9998230041672611 0.005759842103198027 -1.4655474195145863 -0.0040930170069130275 -0.00583403637361481 0.999974605291525 77.42336631118441
0.9998544984343918 0.016531476129492205 0.004206211813000809 -0.3277927002274936 -0.016554626349787 0.9998476724092173 0.00552959017434546 -1.4997694950345868 -0.004114159147064896 -0.005598417994890333 0.999975865412228 78.82197078883983
0.9998689503096297 0.015692298343510658 0.003979188695050008 -0.3324046438447207 -0.015709891231734368 0.9998667830629949 0.004428937255160254 -1.51027087053035 -0.003909158722642766 -0.004490869563248324 0.9999822751253787 80.1962339266037
0.9998734810388703 0.015487784506838829 0.003626349399678962 -0.33148555820416714 -0.015503866668083996 0.9998699088072793 0.004449226873213338 -1.5474346934987557 -0.003556969274415466 -0.004504886496996417 0.9999835268462354 81.58858079415789
0.9998874591525371 0.014648995245905298 0.0032366547682464316 -0.34056026222051117 -0.014663771316797273 0.9998819488317866 0.0045893624584352494 -1.569162470412641 -0.003169043393487706 -0.00463630763307123 0.9999842307819279 82.99408292349587
0.9998820066250935 0.015083837442423826 0.0029069984225461097 -0.3541129455199984 -0.015094041861451853 0.999879880526767 0.0035205761725822585 -1.591802374852465 -0.0028535456759203924 -0.003564039203278669 0.999989577395018 84.34952839289159
0.9998801174834545 0.015352381955276075 0.002013701083350607 -0.3538226410051901 -0.015360391173037623 0.9998739266207156 0.004023591232993564 -1.6151991262062901 -0.0019516756623960546 -0.004054040201174033 0.9999898778079447 85.74793599843959
0.9998885720599098 0.014904243331567542 0.0008408075200368359 -0.3633042630244665 -0.014907955522894718 0.9998783107069564 0.004595288614360283 -1.6461155401439427 -0.000772215965516129 -0.004607311393526183 0.9999890881225297 87.11864834331938
0.9999144843205633 0.013077392226664479 -7.632831511228573e-05 -0.3721956051830082 -0.013076680478996891 0.9998957427823666 0.006124052908083732 -1.6754862046289216 0.0001564070165981314 -0.006122531215368167 0.9999812448992086 88.49879394143926
0.9999409393313121 0.010788551071294443 -0.0013133878865844903 -0.37470103933274046 -0.010779122169998715 0.9999174955954371 0.006986597916196095 -1.7024705857280844 0.0013886549170562304 -0.006972028261374955 0.999974730912561 89.922358869669
0.9999477799920823 0.00999367088005347 -0.002136306358704679 -0.3857091058475014 -0.009978440162589886 0.9999255349853735 0.007025328234148709 -1.736202926860237 0.002206356288316266 -0.0070036445137724584 0.9999730401171731 91.26383420499884
0.999964689209404 0.008018134021448787 -0.0025159172392909277 -0.39904301228797145 -0.008001578896283884 0.9999467122701002 0.006522834564406627 -1.7564133386617162 0.0025680843552927874 -0.006502473064066285 0.9999755610978819 92.62552506870317
0.999976542264017 0.006274084880098595 -0.002747865173777509 -0.40650255551665243 -0.006257414306206965 0.9999622169077854 0.006034031338793549 -1.778964814826506 0.00278561961560481 -0.006016695388887711 0.9999780196116458 93.97704055512416
0.9999783978884633 0.005828459504395901 -0.0030385521405447763 -0.425336821417196 -0.005811157450764911 0.9999670268258161 0.005672364622822612 -1.7991121643895374 0.003071513361111204 -0.005654584701270598 0.9999792955278881 95.33781093964174
0.99997778654836 0.006013897688721184 -0.002873921920442652 -0.4315703563274179 -0.006000578645820586 0.9999713195481532 0.004620946661839291 -1.8153728190647638 0.0029016296440702864 -0.0046035989178601485 0.9999851936046992 96.70469604532103
0.9999631582258864 0.008220694108986758 -0.0024702949669684685 -0.4475562543490901 -0.008210191906966388 0.9999573401726541 0.004232091732575408 -1.851668071943204 0.002504980530769028 -0.004211654310406595 0.9999879934508271 98.01884233354583
0.9999535149315006 0.009365375253804294 -0.0022929669895584703 -0.4660959294988936 -0.00935617801743565 0.9999482707037367 0.003989720479071416 -1.8682652408500149 0.002330213804980376 -0.0039680816965778475 0.9999894121620292 99.37944809174806
0.9999606037458545 0.008600022829977775 -0.0021978491737580947 -0.4702645581302956 -0.008587795467309537 0.999947922853234 0.005513743542484869 -1.8918558991747807 0.0022451532300294913 -0.005494651759181831 0.9999823838919564 100.7323827384593
0.9999553692107829 0.00919371038876704 -0.002176063336762477 -0.49429027884054566 -0.009178711277707365 0.9999347162364525 0.006805478886501538 -1.9134686982344191 0.002238489071183927 -0.006785201838114487 0.9999744747784284 102.07597858180085
0.9999572199536264 0.009053648317512616 -0.001894648123021811 -0.4987524498346648 -0.009042556003615174 0.9999423886441822 0.005783735123799814 -1.9446922852539545 0.0019469030421762985 -0.005766355355754607 0.9999814791880945 103.43383509582968
0.9999621015689666 0.008509093409322124 -0.001841394439927412 -0.5097907661001919 -0.008503038795431848 0.999958496714532 0.0032715741599425013 -1.9721879268000124 0.0018691563061882023 -0.003255792796262882 0.9999929530110635 104.74586909168617
0.9999681416919888 0.007720988183116261 -0.002025320387666792 -0.5228299906670187 -0.007717448433695041 0.999968688721228 0.0017500236919116736 -1.9913439400974835 0.0020387690577450103 -0.0017343376752196771 0.9999964177422488 106.07869740829983
0.9999753359994614 0.0067621277205398116 -0.0018976312284128465 -0.5375434308606971 -0.006756226655551932 0.9999723735064345 0.0030992964684844037 -2.0254098765903126 0.0019185368062804447 -0.0030863992683183676 0.9999933966581691 107.44393062542127
0.9999921284196163 0.0037893390214331513 -0.0011764351114724862 -0.5403826626347108 -0.003783969973983313 0.9999825657060434 0.004533195477451048 -2.036082040197614 0.0011935925199668604 -0.004528708292032294 0.9999890330103999 108.80068442456925
0.9999972205260458 0.002310655336977124 -0.00046883606246760686 -0.5569288869479079 -0.0023078579089379665 0.9999800356878985 0.005882348179500078 -2.064487133335674 0.0004824188270801063 -0.005881249940730751 0.9999825889351519 110.12541321691879
0.9999982530719436 0.00185887217942472 0.00019607225530467566 -0.5615793692087225 -0.001859778994251664 0.9999870831618947 0.004730193824336743 -2.093201676011364 -0.00018727690907751672 -0.004730550306598437 0.999988793348181 111.41945806081563
0.9999951214619316 0.0029456798387205354 0.001039239513956596 -0.5726372688319104 -0.0029480406862108432 0.9999930613384936 0.00227735283186621 -2.1182450992372193 -0.001032524036301566 -0.002280405488444792 0.9999968668170108 112.78044175447532
0.9999797176293463 0.005989187103073342 0.0021665545515004003 -0.5699161385536751 -0.005989887543743761 0.9999820102950505 0.0003167735910981587 -2.154508097721891 -0.0021646185425670426 -0.0003297445936237691 0.9999976028432244 114.11608269715519
0.9999616660427842 0.008074954120608924 0.0033854907670862406 -0.5913896087208359 -0.008074219280497489 0.9999673763286565 -0.0002308219897112507 -2.179078893118064 -0.0033872444838603886 0.0002034779471481723 0.9999942425670705 115.41652160695794
0.9999424155118561 0.009536825201010615 0.004920834224789191 -0.6012148352057314 -0.009544979830029622 0.999953106979237 0.0016362224036228334 -2.1969955190300277 -0.004904999518707473 -0.0016830974825012806 0.9999865539882915 116.79141211647337
0.9999343589063169 0.00982473905998716 0.005895113642222222 -0.6044830740035441 -0.009847546146700156 0.9999440915274868 0.003852229951169061 -2.2164705242577067 -0.005856937393764149 -0.003910029570036903 0.9999752036664961 118.09413943812403
0.9999350429195641 0.009028573475431453 0.006956636329865357 -0.5975490489703503 -0.009061405807585167 0.9999478873162481 0.004702509488854095 -2.251251570852413 -0.006913817429421893 -0.004765241027616143 0.9999647451790448 119.4814564944108
0.9999230267772022 0.009573344902111834 0.007892501086184982 -0.597969867199115 -0.009606196032909138 0.9999453103404801 0.0041348937730637985 -2.2692477508285274 -0.007852485344556766 -0.00421039249351373 0.9999603047436512 120.78835922664265
0.9998884219180351 0.011681065519469092 0.009311090250619394 -0.5928953093213385 -0.011716571320451622 0.9999242599124462 0.0037678139744302627 -2.2971367093100596 -0.009266373726601083 -0.0038764876997747716 0.9999495523049661 122.09458812121754
0.9998594827517564 0.013134893468025571 0.010415819659547187 -0.5953907222626015 -0.013167437023659941 0.9999086173628436 0.0030619532584359463 -2.3142827857111343 -0.010374650279590076 -0.003198672715267353 0.999941065822495 123.45127367769527
0.9998400598717747 0.013652379765384675 0.011552799420096559 -0.5979406337033394 -0.013682622434302402 0.999903155535318 0.0025427205326972653 -2.3426749040697166 -0.01151696738100548 -0.002700386496479506 0.9999300312367599 124.80214809786855
0.9998119041085282 0.014680882134771589 0.01267391299373846 -0.5880420573368834 -0.014703798880857887 0.999890419431107 0.0017168185590401494 -2.365204992399247 -0.012647320836393819 -0.0019028503386706234 0.9999182088704519 126.10781983963031
0.9998093131747756 0.014117481572895656 0.013491996604740214 -0.5839187633352663 -0.014135149271364309 0.9998993556664789 0.0012149603147450666 -2.3963896209880473 -0.013473487670231949 -0.0014054400513423449 0.9999082407217037 127.4634156404854
0.9997962246825364 0.014009503143681198 0.014534197641148817 -0.5783047281491983 -0.014037113026736072 0.9998998559742273 0.0017993098286979193 -2.417092874198291 -0.014507535916631512 -0.0020029613872055226 0.9998927540207428 128.80067196401973
0.9997890915091465 0.013571153094372512 0.015414158182604148 -0.5675501836286316 -0.01361981299103697 0.9999025754598675 0.0030561931117878056 -2.449122742467337 -0.015371181697909487 -0.0032654865488138153 0.9998765240607522 130.1567750454812
0.9998127290153431 0.011309919880345121 0.015703266783633194 -0.5506309773793401 -0.011367785832322874 0.9999289022113586 0.0036005546415242787 -2.469832370371812 -0.015661429652735554 -0.003778391806156612 0.9998702132647203 131.48157930517718
0.9998231209553429 0.010391955351921105 0.015675906557014733 -0.5344921818601971 -0.010452313864501154 0.9999382535816311 0.0037733515916139214 -2.4987498503727816 -0.015635727443474128 -0.003936533733049323 0.9998700054141741 132.80514797026112
0.9998462046436021 0.00829003317383299 0.015454526692098767 -0.5267804842536347 -0.00835410764497598 0.9999567557103046 0.004086026427075734 -2.5094245304354357 -0.015419986377667104 -0.004214506871632599 0.9998722228111153 134.14443397778808
0.9998677420658874 0.006612380284147756 0.01485849230329121 -0.5075484735325578 -0.006674848192456144 0.9999690761356481 0.004158507764867799 -2.549893838701435 -0.014830536436810638 -0.004257136026609787 0.9998809589038877 135.47972641577155
0.9998823696259029 0.006913594886115972 0.01369120549112965 -0.503205993668306 -0.006963376266400961 0.9999693052515727 0.003591651341116309 -2.575752807713591 -0.01366595517301664 -0.0036865659360293254 0.9998998204302025 136.82174070082507
0.999900607391027 0.006249985347448011 0.012637761484993234 -0.4946444549161064 -0.006315570342762875 0.9999667623151024 0.005156340552105962 -2.609955385726093 -0.01260511544355673 -0.00523564281931537 0.9999068452131885 138.16445880805156
0.9999303154599591 0.0025318939742703193 0.011530556748416668 -0.47363813332125343 -0.0025918276319465833 0.9999831946932021 0.005185823377797094 -2.6165876865466116 -0.01151723398814866 -0.005215347317027072 0.9999200735400523 139.50140825879686
0.9999487325159828 0.0010097913690221378 0.010075349433526944 -0.47551715755486335 -0.0010613472024732515 0.9999863653645258 0.005112986186836517 -2.6464030098848648 -0.010070049857400861 -0.00512341759438992 0.9999361703040348 140.87329301396582
0.999959285928743 0.0006862197453570721 0.008997532613259083 -0.47174707352572215 -0.0007288162304704675 0.9999885393260862 0.004731811864133826 -2.6577099050968824 -0.008994183189021848 -0.004738176847202432 0.9999483258363929 142.18362579210853
0.9999682478567615 0.00025580072513950534 0.00796478817552157 -0.46268705514343367 -0.000288855094874977 0.9999913503682536 0.004149186785954713 -2.6750294193404907 -0.007963658587689267 -0.00415135578556056 0.9999596723773677 143.52561500865863
0.9999744076233675 -0.0013991369333142042 0.007016161548288823 -0.4581174799260579 0.0013848481779871 0.9999969582380432 0.002041006541228148 -2.7029150904193884 -0.00701899644584441 -0.002031238021733838 0.9999733035210194 144.8777311517699
0.9999754157731392 -0.0035772366458906597 0.006030857192217952 -0.4653471909594231 0.003570499025225264 0.9999929899705512 0.001127626406032496 -2.7542311149891447 -0.006034849211081505 -0.0011060655286327192 0.9999811784268969 146.17243901783976
0.999901545285774 -0.013162995995847422 0.004861613639763521 -0.45148182546599663 0.013141851101053955 0.9999041531856391 0.004356165823020079 -2.768428692832203 -0.004918488274081681 -0.004291846405909744 0.9999786940345017 147.56209608205447
0.999760302593785 -0.021623191237089764 0.003431467246223869 -0.4297709353378312 0.021605424732671494 0.9997533976283897 0.0051331809497007636 -2.7857878752181398 -0.003541617085143867 -0.0050578123124965235 0.999980937558226 148.87783611334388
0.9997144156107481 -0.023782510273673882 0.002340818300351916 -0.40994701656764265 0.023777692549277266 0.9997151368742461 0.0020655360563274112 -2.818732794729614 -0.002389275318471264 -0.0020092869330835435 0.9999951270514473 150.19161693795772
0.999743471091683 -0.022484594086011653 0.0027267280244634706 -0.4208315666710838 0.022486628124351073 0.9997468866460869 -0.000717072724706136 -2.85688736005653 -0.0027099149919734863 0.000778203728646169 0.9999960253701384 151.58164065256128
0.9997785624312351 -0.02073765719557437 0.0035743093389897437 -0.43932090062294515 0.020750287226759825 0.9997784469506942 -0.0035330704946947254 -2.8734348890585806 -0.0035002501322623373 0.003606456175368513 0.9999873707794176 152.92345645210412
0.9997994667264656 -0.019564513064430387 0.004272724431588973 -0.44277696115927556 0.019579372512145497 0.9998023057525585 -0.0034637518685212707 -2.9096554949497513 -0.00420411347656739 0.0035467146226001653 0.9999848730056428 154.30422522033663
0.9997859672651185 -0.020106541345675327 0.004873055186711728 -0.44039847722995185 0.0201060233972407 0.9997978413800436 0.00015552625768829755 -2.952041807632221 -0.004875197562164488 -5.751519016340262e-05 0.9999881144970092 155.61279752532602
0.9995788380522643 -0.028546756496969253 0.005218161642659812 -0.4347304048110532 0.028529585189750465 0.9995873805336235 0.0033363831666177123 -2.9682387851312666 -0.005311251889441354 -0.0031861060585124568 0.9999808194792564 156.96799290519786
0.9994964609316762 -0.03127978803695296 0.005329112372395412 -0.41196661701844695 0.031260037498848085 0.9995042494406768 0.0037503889751870053 -2.9932206570195956 -0.0054437822888039325 -0.003581912297472049 0.9999787673413667 158.29966246903714
0.9994192166879263 -0.03369171265764607 0.005108600588136043 -0.40971511023358004 0.0336729914280592 0.9994260260093322 0.0037078567394708893 -3.02365454405252 -0.005230592864559482 -0.003533681453973126 0.9999800767958648 159.62657331841135
0.9994589058397139 -0.03231461584186217 0.006136866611667875 -0.4085921847919918 0.032291737935510836 0.9994712943233235 0.003791503553791863 -3.0320194845167663 -0.006256143519453623 -0.003591281945976395 0.9999739813398546 160.9843742191241
0.9995044928739251 -0.03058682593677143 0.007430666176148669 -0.41177791323995927 0.030561476325752925 0.9995267551549727 0.003501700218107529 -3.042742454343413 -0.0075342561783637565 -0.0032728730072572585 0.9999662610708379 162.30943741764708
0.9995638447539489 -0.028330886571049825 0.008335534044000562 -0.41825609031323346 0.02831459517590282 0.9995969259122683 0.002066255642681456 -3.0763981513681626 -0.008390713765835497 -0.0018293371699742453 0.9999631240407861 163.66298335209993
0.9996446513231502 -0.025071798384329283 0.009054060625652526 -0.4170071581882979 0.02506472338967054 0.9996854305100871 0.000894241068050355 -3.095249627609743 -0.009073633490503781 -0.0006669857621202971 0.9999586112927009 165.0242717868529
0.9997064117494759 -0.02236928007729306 0.009311585618827683 -0.4135632991768979 0.02234721602478534 0.9997472258877015 0.0024670349444785473 -3.1318605906121473 -0.009364418474504522 -0.002258222656424148 0.9999536029689137 166.35322021150907
0.9997005657935895 -0.022705625150869317 0.009123231279599638 -0.4110344377261615 0.022685850102049876 0.9997400763163423 0.002265393619058603 -3.1410687440026575 -0.009172297885782686 -0.0020577470411870637 0.9999558163349044 167.6997817941794
0.9997838482264103 -0.01884772857761249 0.008776102076253994 -0.4055475588300716 0.018850280121885 0.9998222960518943 -0.00020796446218470895 -3.1791817820321358 -0.008770623610611709 0.0003733515217293682 0.9999614676392043 169.07036743260238
0.9998409890830716 -0.01586281569329734 0.00814663390943001 -0.4093578816165293 0.015885180328712 0.9998702099599367 -0.002687800448865882 -3.211474019648117 -0.008102941160237008 0.002816783882225268 0.9999632033560382 170.49544560680707
0.9999046808483407 -0.011328571888694784 0.007892572045412207 -0.41168658233246086 0.01136343203139555 0.9999258150374883 -0.004385980402788284 -3.2241035476678874 -0.007842300306525253 0.004475249144106188 0.9999592344011017 171.8399961654771
0.999946761839562 -0.00607503791426421 0.00834070832174561 -0.41083131692171393 0.006104895992264915 0.9999750316629188 -0.003558972934054576 -3.2723282478157314 -0.008318879878146385 0.003609702700256161 0.9999588822931258 173.21329853665665
0.9999572696300719 0.0009971188497536988 0.009190466430862142 -0.42236967784824997 -0.0009902172016183122 0.9999992243573338 -0.0007554842098361421 -3.3348451099603946 -0.009191213387295906 0.0007463513911947198 0.9999574813706118 174.56489920937108
0.9999577887145377 -0.00025723846868398563 0.00918447738583491 -0.42088516930409553 0.0002426414374875653 0.9999987058816 0.0015903960520968637 -3.34519279601669 -0.009184875385966665 -0.0015881004082664973 0.9999565570536272 175.99188941476245
0.9999636465152276 -0.0017893613298330998 0.008336896520794224 -0.41925974275492545 0.0017718353713113352 0.999996206051221 0.0021091418950296035 -3.3741913350658406 -0.008340639611009473 -0.0020942936453476543 0.9999630231455836 177.36953186514438
0.9999644861927073 -0.004920897116413131 0.006841866550066049 -0.4090701744963654 0.004906735123056914 0.9999857878497205 0.0020851959688218077 -3.3887260776157375 -0.006852030924303694 -0.0020515507197566914 0.9999744200756686 178.80285211898916
0.9999686253476858 -0.006436512097333516 0.004617320147367781 -0.4062706818449778 0.006445690187493025 0.9999772748924612 -0.0019755427167430437 -3.4206648623356726 -0.004604500003975013 0.0020052425981402396 0.9999873887086781 180.0806410432927
0.9999892975528298 -0.0034820945617800563 0.003046277404285461 -0.4219358956235423 0.003498784218085575 0.9999788058683811 -0.005490566296727727 -3.4672615345049174 -0.003027094430099207 0.005501165915093034 0.9999802867401465 181.4952386541816
0.9999968943142429 0.00026483403043508786 0.002478150044944219 -0.4450085765804592 -0.0002471973558765073 0.9999746612014879 -0.00711448162616281 -3.499028640595608 -0.0024799716238455057 0.007113847080706707 0.9999716210559403 182.88034559126356
0.9999896090127656 0.003924598056118535 0.0023193516991229617 -0.4570566954099414 -0.003910429767605565 0.9999738578220637 -0.006082122900378457 -3.5227569425241647 -0.002343161157160249 0.006072990157789252 0.9999788139671464 184.21180902634518
0.9999712426247985 0.0070906766591244735 0.002690021680061507 -0.4514971971137844 -0.007083155840475863 0.9999710072121706 -0.0027952912994871327 -3.5647484479156857 -0.0027097644273244986 0.0027761571229642156 0.9999924750340061 185.67039091334453
0.9999687643079264 0.007290084182668332 0.003053697703541176 -0.46404231037119215 -0.007289276640967498 0.9999733948858032 -0.00027564824911108536 -3.6053527077502348 -0.003055626217409013 0.00025338039360595213 0.9999952994603896 187.03179438088898
0.9999771335147121 0.005924193289344295 0.0032613453890795365 -0.46725584047216523 -0.005922971286686734 0.999982385197151 -0.00038434166893352686 -3.620943683583253 -0.0032635651319405374 0.00036501603060852013 0.9999946079363553 188.4857625173141
0.9999781363942769 0.005853953044178197 0.003075379544902888 -0.46443399962986165 -0.005854868670655342 0.9999828184449093 0.0002886858693140417 -3.661124744632618 -0.0030736370114561144 -0.00030668550897401534 0.9999952293364475 189.90075791619998
0.999993467655699 0.001761868182705256 0.00315602081087711 -0.4687382550909378 -0.0017642752003864132 0.9999981548532997 0.000760017085455383 -3.6752467254163546 -0.0031546762037251994 -0.0007655802238814861 0.9999947309366644 191.25448702125723
0.9999938858663914 0.00026545966105207333 0.0034867986574731633 -0.4769629386588538 -0.0002692272850965951 0.9999993804396591 0.0010801098278921094 -3.7176261602459957 -0.003486510065379163 -0.0010810419839651418 0.9999933377736298 192.71891685636257
0.9999872551606546 -0.0032151363099422944 0.003892611464377544 -0.4682246130060256 0.003208663003927288 0.9999934608870894 0.0016681306787009519 -3.7347884220677225 -0.0038979496055076206 -0.001655619367246986 0.9999910324142743 194.10089765846575
0.9999556458793775 -0.008456225096936429 0.004147112862733539 -0.4661213569830878 0.008443165848892835 0.9999593736107428 0.003156591319008371 -3.754908600676352 -0.004173637576816609 -0.003121436601135776 0.9999864185970708 195.54013427952518
0.999919223781821 -0.011957693297897573 0.004308073558191912 -0.4623549655272246 0.011942155416263495 0.999922156335064 0.003614717606781057 -3.78979188121379 -0.004350962250393227 -0.003562977997119944 0.9999841870304408 196.9595822094023
0.999939269091826 -0.00998386761549588 0.004666961607007467 -0.4655447696860533 0.009982509504834945 0.9999501240959452 0.00031434799430915604 -3.8203231044096833 -0.00466986764054955 -0.00026774090890515435 0.999989060263038 198.3779671730894
0.9999830652697005 -0.0032333837443269137 0.004838844220784875 -0.48289255860746777 0.0032571307159138287 0.9999826525352792 -0.00490772081077957 -3.8625038948762405 -0.00482289214577892 0.004923398551431177 0.9999762496442034 199.81452472392473
0.9999558756238104 0.00677276261765778 0.0065097222928170665 -0.49448201016041804 -0.0067322460087218365 0.9999579561873673 -0.006225972638497917 -3.8824342114195436 -0.006551616193163901 0.006181872991403693 0.9999594295595975 201.28104938379735
0.9998884866734513 0.012769704041636572 0.007742664398788069 -0.5177827620674321 -0.01274981426828579 0.999915303915888 -0.002612903073703353 -3.9116641158553054 -0.007775375284302187 0.0025138942132584526 0.9999666113766464 202.69513634712658
0.9998437919846938 0.015367884515629133 0.008730390700200704 -0.5069610465898707 -0.015369187148137727 0.9998818837242033 8.201736052393277e-05 -3.9410210967628925 -0.008728099804006332 -0.00021618356623219758 0.9999618860394519 204.15105538104152
0.9998570458386302 0.01481274530858585 0.00815294007071491 -0.5067668190171607 -0.014816289684640428 0.9998901626840478 0.0003743873965389844 -3.976097276817323 -0.008146499557467182 -0.0004951302126474927 0.999966694137476 205.6387712407857
0.9999092212269196 0.01161647853466238 0.006826910771628859 -0.4979224075406834 -0.011619815707844297 0.9999323867549941 0.0004492537845087526 -4.013207407764089 -0.006821231011845751 -0.0005285404605848581 0.9999765954491249 207.0604613816271
0.9999430697183933 0.00900414993295554 0.005725608458825345 -0.4905173079691998 -0.009003732546107132 0.9999594607103396 -9.877269449575486e-05 -4.035804382780073 -0.005726266195407025 4.7215222806487244e-05 0.9999836036856701 208.50191367305604
0.999928313618903 0.010788254999668973 0.00519433902299538 -0.49808760238269273 -0.010783882121247212 0.9999414744341042 -0.000869262990640501 -4.0665503458692 -0.005203413293245409 0.0008131855485999329 0.9999861315106295 209.96935177643596
0.999924559881439 0.011085518650224115 0.005290160856664955 -0.49504343265192274 -0.01108103580386759 0.9999382196612837 -0.0008760891754337018 -4.095899798186631 -0.005299546380849933 0.0008174026332343148 0.9999856232242849 211.45417229550776
0.9999093914485819 0.012481649359936186 0.005041557035048713 -0.5022219859399146 -0.012481266314365864 0.9999221001882853 -0.00010759489209175054 -4.1231188285230225 -0.0050425076873730134 4.4660122504013975e-05 0.9999872854772294 212.87007157444333
0.9999176644900799 0.012016822669199928 0.0045011320687617165 -0.5153533823106613 -0.012015448428732211 0.9999277566591582 -0.0003324012596999747 -4.164229635604723 -0.0045048016806109835 0.0002782907709760237 0.999989814603553 214.33341842574518
0.9999070853168583 0.012906482956465798 0.004386730459522385 -0.5130864549546507 -0.012901755089762207 0.9999161588416491 -0.001104551897593972 -4.200877627810606 -0.004400618924748519 0.001047852760818295 0.9999897682238836 215.81715359650923
0.9999278380567759 0.011324244093487205 0.004010006589693939 -0.5186138040740423 -0.01131769211349555 0.9999345865416851 -0.0016530305047034498 -4.225858132336792 -0.00402846394468631 0.001607527225142938 0.9999905936205168 217.28230735296833
0.9999235204372103 0.011859522885817465 0.003507843965750118 -0.5123457857894026 -0.011854036789499338 0.999928488822839 -0.0015808481445097212 -4.256728480702191 -0.003526341520452036 0.0015391451546343748 0.9999925979441914 218.72980907349168
0.9999050689372463 0.013365343719904405 0.0033497271081294406 -0.5169799780304265 -0.013357855325316935 0.9999082522951938 -0.0022482719206124743 -4.29547006381146 -0.003379468993571299 0.0022033133556182065 0.9999918622644782 220.23336437577072
0.9999400308466275 0.010499343883740237 0.003114236370464694 -0.5260887083250408 -0.010493624691642217 0.9999432339252994 -0.0018473744259147053 -4.320454278379806 -0.0031334560738166236 0.0018145840430345036 0.9999934443453341 221.71928080148615
