1.0 -3.469446951953614e-18 0.0 -1.7787691892340307e-19 0.0 0.9999999999999999 -3.5575383784680614e-19 0.0 2.168404344971009e-19 -2.371692252312041e-19 1.0 0.0
0.9999999398638733 -7.08535559765227e-05 -0.00033948727388392647 0.05569069961672338 7.123806521749064e-05 0.9999993559314045 0.0011327230995349811 -0.026761272848715878 0.0003394068273799933 -0.0011327472383819146 0.9999993008434594 1.3159701006825606
0.9999991075624272 -0.0005587901877283866 0.0012135198795759842 0.11108300046058615 0.0005566348298350308 0.9999982684086526 0.0017757635472657302 -0.04833477912174309 -0.0012145101586562628 -0.0017750865086460634 0.9999976870130872 2.5650198957187875
0.9999997223379816 -0.0006392689260750709 0.0003829631671068343 0.10771396608068752 0.0006385484970479974 0.9999980317708238 0.0018784858160234776 -0.07167576924115904 -0.0003841633018523375 -0.0018782407901019064 0.9999981623132307 3.89384128513935
0.9999993167343872 -0.0009661391511049978 0.0006581097039067491 0.0949160340777769 0.0009648279867554808 0.9999975548415834 0.001989828122299046 -0.0854851810897586 -0.000660030599672355 -0.00198919183798667 0.9999978037349931 5.223222161119235
0.9999992511357361 -0.001167774025492875 0.0003661067518680619 0.09605550246580236 0.0011668891426810084 0.999996419499381 0.0024081851880627544 -0.10514216688425881 -0.0003689176862738796 -0.002407756224926838 0.9999970333003927 6.553813862212096
0.9999971379326654 -0.0023313152169430525 0.0005376802749671914 0.0812487419408555 0.002329579938959603 0.9999921473447305 0.003205979120124287 -0.12743745465253634 -0.0005451502439635287 -0.003204717436149464 0.9999947162846355 7.892969998175202
0.9999967173721942 -0.0024968173019033237 0.0005754586949548294 0.0661845389027782 0.002494910952921767 0.999991474718997 0.0032902742074131805 -0.13998214559706254 -0.0005836690490584992 -0.0032888277509017638 0.9999944214555676 9.219214163526654
0.9999966450773157 -0.0025894069665509546 -6.934945963998473e-05 0.07676028900283659 0.002589610155122603 0.9999918180459422 0.003107693041096568 -0.159495544430517 6.130181809867489e-05 -0.0031078622624140344 0.999995168705804 10.539675376689061
0.9999997173729981 0.0007383905975432668 0.00014153525093707335 0.049997074030135966 -0.0007384707549256833 0.9999995667038225 0.000566792964541651 -0.2009132866807522 -0.00014111668652858934 -0.0005668973356180988 0.9999998293566655 11.869467039464602
0.9999986383242353 0.0016390355342125705 0.0001921188230075805 0.04691873148653468 -0.0016390907010607695 0.9999986155665552 0.0002867916438204129 -0.20702959749327038 -0.0001916485114086344 -0.0002871061602372239 0.9999999404203235 13.20314196087124
0.9999968363771721 0.002504792181239518 0.00023075450578685305 0.03148053629937313 -0.002504810631293997 0.9999968598388718 7.899727224245005e-05 -0.22291768886032948 -0.00023055592901652356 -7.957502196287681e-05 0.9999999702557204 14.53296414494078
0.9999965090389292 0.0025444463985470223 0.0007125299761381585 0.014036579706262067 -0.002545064781079449 0.9999963845370607 0.0008680797734245673 -0.2470373795395423 -0.000710318677048757 -0.0008698901964550428 0.9999993693685558 15.889272679108926
0.9999978910320608 0.0017282773168290277 0.0011094987765264432 0.015162026321235485 -0.0017319345807633958 0.9999930427396779 0.0033037671211707895 -0.27245867733861484 -0.0011037813223874102 -0.0033056817985090007 0.9999939270484137 17.215973275423885
0.9999954582133026 -0.0028618609382791878 0.000945150906522879 0.025166482847983063 0.0028560907613808077 0.9999776127881848 0.0060511703308690715 -0.3047988386174204 -0.0009624474314607009 -0.006048443527210412 0.9999812448371085 18.586727890552268
0.9999894882439457 -0.0044724924826353915 0.001010059427717222 0.024567666247901757 0.004467655190062104 0.9999787768635511 0.004741927092407378 -0.33156338827132076 -0.001031246307354908 -0.004737364738290959 0.9999882468839196 19.914187068439198
0.9999838415481164 -0.005489533350625393 0.0014770495331883295 0.050798457362812265 0.00548614747658877 0.9999823359052754 0.0022869315518095784 -0.33815331507713026 -0.0014895777531165391 -0.002278791326466891 0.9999962941263927 21.269169075300223
0.9999923798257119 -0.0034280242739671875 0.0018678724448085305 0.026584544215503873 0.003425615284969546 0.9999932985787597 0.001291492344338054 -0.38256955594879655 -0.0018722873514568172 -0.0012850839117246689 0.9999974215451983 22.61406840070548
0.9999953394117147 -0.0012875287805243617 0.0027682900982854697 0.009314121912437155 0.0012804748399999032 0.999995932968979 0.002548416614344259 -0.37476324881769063 -0.0027715602313630574 -0.002544860058319875 0.9999929210439606 23.976783656571815
0.9999934148509915 -0.0013921860787702196 0.003351429381314752 0.0028867666166347977 0.0013696441847083022 0.999976489235966 0.006719006342312144 -0.38569636236264504 -0.003360704972209061 -0.006714371959428344 0.9999718110371149 25.367559864346973
0.999993294908678 -0.0021540418951424833 0.0029614604840537562 0.008449947471831254 0.0021303874631948966 0.9999659891774825 0.007967554962532231 -0.4104623584699436 -0.002978522454647232 -0.0079611926338996 0.9999638732545834 26.758530529991166
0.9999728363953295 -0.006674202877566433 0.0031275388677616286 0.013436055820686826 0.006649072408929941 0.9999460690468719 0.00797802128362659 -0.453731697324233 -0.003180617391088891 -0.007957009488549592 0.9999632841616122 28.120183448785472
0.9999732241267638 -0.006554259244539989 0.003254647024548347 0.010983748625051457 0.006537056919005236 0.9999647547992426 0.0052683998569074625 -0.45582385722039637 -0.0032890630455617697 -0.005246983073772608 0.9999808254311715 29.4679564575732
0.9999699217925885 -0.006847294613518615 0.0036428119860064624 0.0017564176537108456 0.006834765134109785 0.9999707222131965 0.003441030836984327 -0.4928767060171158 -0.0036662673910229605 -0.0034160296316969973 0.999987444531763 30.875495754564234
0.999978122312995 -0.005070817724102268 0.0042475539495465 -0.019061250925797052 0.005061933789873496 0.9999849837917665 0.0020997643570862348 -0.4782010846690597 -0.004258138047515884 -0.0020782176158511147 0.9999887745706313 32.25305468368926
0.9999793826790855 -0.003988022282351129 0.005032882480138513 -0.006275308661459346 0.0039858592537673505 0.9999919597213137 0.00043978769585641147 -0.5174632212387784 -0.0050345963223383606 -0.0004197182685277497 0.9999872382540369 33.63182716585084
0.9999791325582994 -0.0036702404244866194 0.0053163703814098125 -0.01879069488120503 0.0036657534320099494 0.9999929168339766 0.0008535387696265904 -0.5346837311644711 -0.005319465865778283 -0.0008340324647838475 0.9999855037284872 35.02171540324519
0.9999826833975407 -0.0036314564865542864 0.004630922065467632 -0.014653872136948465 0.0036222306821231173 0.9999914414789436 0.0019991018901399753 -0.5624230887098496 -0.00463814247324884 -0.0019822930370105873 0.9999872789909677 36.417599115339556
0.9999862117487848 -0.0028228665636718473 0.004428063445862881 -0.03224296768943058 0.0028094652491050115 0.9999914635750695 0.0030297982384795853 -0.563317690336683 -0.004436578734455623 -0.0030173160261866196 0.9999856061806923 37.823567383768626
0.9999907164529405 -0.0014206453469962632 0.004068019388547595 -0.02948279942317726 0.0014064365487324558 0.9999929084574747 0.003493560952607658 -0.5756747121207623 -0.004072953992394861 -0.00348780717316196 0.9999856230180271 39.21594780221906
0.9999892975614532 0.0007035427372563277 0.004572722845898135 -0.04663975013561293 -0.0007215953669560881 0.9999919484955557 0.003947435186486147 -0.6087402334976354 -0.004569909222277199 -0.003950692669609443 0.9999817538098931 40.614365884811185
0.9999773196059233 0.005035922735953083 0.004472108145634932 -0.051025782737557944 -0.005053817380209141 0.9999792329695298 0.003999070961035108 -0.6349820748476367 -0.004451876634137923 -0.004021581557899214 0.9999820036740152 42.037560326953354
0.9999784750610881 0.005000632772762138 0.004247714866881848 -0.058808695763098016 -0.005019241572925472 0.999977804524307 0.004381515899395771 -0.6461885103257976 -0.004225710588689367 -0.004402741981749949 0.9999813794411614 43.42988778935185
0.9999799810652958 0.004881284637010989 0.00402622953235831 -0.07394181625565505 -0.004898886339693816 0.9999784366294528 0.004373465133399842 -0.6715151105104755 -0.004004794920304318 -0.004393101709208325 0.9999823309794965 44.857940346913416
0.9999845746562699 0.004643941840950796 0.003047006501567943 -0.06647422237441267 -0.004654795400264371 0.9999828132111687 0.0035645715423811104 -0.699456438657799 -0.003030400723871911 -0.0035786998211125784 0.9999890047275005 46.26035949716358
0.99999037416397 0.0038317823595357377 0.002137526385955834 -0.07361076605395109 -0.0038402759781878803 0.9999846914626824 0.003983607288171889 -0.7122353796222658 -0.002122229523776193 -0.003991777713737497 0.9999897808730365 47.68900102967369
0.9999906699554975 0.004248403816415315 0.0007817032873463805 -0.058021569370352424 -0.004251910279150169 0.9999806559913657 0.004539703635505705 -0.7346786989953767 -0.0007624017328411296 -0.0045429851042847825 0.9999893899586318 49.0958200356876
0.9999856938806921 0.005348483947603712 -7.578085833426251e-05 -0.07027427265310834 -0.005348059052681723 0.9999741837559727 0.004798968155798919 -0.7618218774403129 0.0001014461182221899 -0.004798494319437356 0.9999884820147733 50.514503846413646
0.9999878505381711 0.00480568924291583 -0.0010973221267651526 -0.08641065539490253 -0.004800497108335637 0.9999774956541335 0.004686514803728687 -0.7619931017118883 0.0011198194641467792 -0.00468119027025527 0.9999884161653647 51.964734320105144
0.9999799481613642 0.0059909909880135875 -0.0020521419552793265 -0.09914386158229417 -0.005978961744565938 0.9999651961849393 0.005818801063183047 -0.796473818691137 0.002086931098325155 -0.005806414828006334 0.9999809649540675 53.380447798650685
0.9999811336477438 0.005228776380952543 -0.003223698192698763 -0.09492942856190432 -0.005207995571622943 0.9999658205726237 0.006421407723126565 -0.8117748539250949 0.003257164393686765 -0.006404497701559151 0.9999741863152741 54.84225877810593
0.9999945764760252 0.0006946984089858561 -0.003219379705502707 -0.12215785468939089 -0.0006706412035299208 0.9999718914740208 0.007467697185231838 -0.8181880434351998 0.0032244772893407847 -0.007465497785614356 0.9999669340018126 56.21815852037957
0.9999921007454515 0.0008100206942604033 -0.0038913114209288818 -0.13322413556322144 -0.0007804731530370833 0.9999709004642159 0.007588747299964583 -0.8516500469662912 0.0038973455633847156 -0.007585650443725221 0.9999636336459256 57.65956489911443
0.9999938542768095 0.0005757602025174462 -0.003458309057306702 -0.165160630479264 -0.0005472320450308253 0.9999658641148617 0.008244461204746704 -0.8763280689886193 0.0034629381368094007 -0.008242518204747768 0.9999600336823066 59.098120322622776
0.9999925642686861 0.0004789100686085129 -0.0038264924661181214 -0.13776927167906228 -0.0004461252180107851 0.9999632276484468 0.008564129921977574 -0.897644338863351 0.0038304535356540118 -0.008562359318866904 0.9999560058514403 60.525078730896745
0.9999940067477 -0.0020764940989007642 -0.0027703139076361754 -0.18189050742480872 0.002102165437160278 0.9999545813769195 0.009296024834342335 -0.901204659847384 0.00275088518323301 -0.009301792963050247 0.9999529535364333 61.96364714836393
0.9999849341535876 -0.0047505385624686935 -0.002750245557822153 -0.173827591449927 0.004774707356727768 0.9999494481487718 0.008848915620379316 -0.920302405907504 0.0027080696492933934 -0.008861914094905483 0.9999570655007642 63.378554009103354
0.999988263639679 -0.004248574893523064 -0.0023285609277036937 -0.1784857828648362 0.004267635818562147 0.9999569218473657 0.008242677107450578 -0.9501133820182706 0.0022934411873853236 -0.00825251797971074 0.9999633173676716 64.7888425687725
0.999989082164568 -0.004488393774603163 -0.001299952635312508 -0.2034726388990618 0.004498576515849747 0.9999583674809251 0.007938898282768593 -0.9615724930381735 0.0012642657269730383 -0.007944659697759822 0.9999676414858948 66.2253503683997
0.9999958219371526 -0.0027390673686488627 -0.0009239159447594107 -0.20096825684833028 0.0027462157161171653 0.999965602535091 0.007826368229306706 -0.9798371253574002 0.0009024472973608988 -0.007828872955677869 0.9999689466882695 67.6083983812331
0.9999999605775404 -0.00027495550459317834 -5.6962646748172406e-05 -0.2316317576933116 0.0002754605434621988 0.9999588833250878 0.009063982427684055 -0.9972766185886068 5.446812473753368e-05 -0.009063997939802946 0.9999589196449514 69.06643567615178
0.9999953449511683 0.002946371792859547 0.0007930731713355667 -0.24265666254093304 -0.0029541892259767385 0.9999452024719576 0.010043147978371754 -1.0118495847453848 -0.0007634389215482749 -0.010045444314872325 0.9999492518181828 70.43693510904826
0.9999783369736344 0.006343310485395981 0.0017572663508290097 -0.2579107527266462 -0.006362147778290223 0.9999200294910023 0.010929670964805176 -1.0265444004105846 -0.0016877956591008882 -0.010940614402384344 0.9999387252745914 71.86942665210522
0.9999461665768468 0.010110023527217743 0.0023348131794186993 -0.26803999140538914 -0.010134936888567873 0.999889046325636 0.010916872786214147 -1.042486125246252 -0.002224184462355286 -0.010939948499357838 0.999937683323875 73.24621208220063
0.9999077630805951 0.013253693565317012 0.002967306671017355 -0.27994194982979426 -0.013283569741659326 0.9998588663101732 0.010285633924056164 -1.0526700896484054 -0.002830565475598253 -0.010324101845311797 0.9999426987682679 74.64036383980243
0.999897202020878 0.013833489599812378 0.003770931710373155 -0.2921000078171949 -0.013872273613067893 0.9998490595999332 0.0104603094211057 -1.0617121043356366 -0.0036256602415936662 -0.01051154573372396 0.9999381790856849 76.09573335620736
0.9998857410210485 0.01453939267849478 0.0041365360931290476 -0.2938669345391184 -0.01458327407449157 0.9998355100834444 0.010783363434895835 -1.0733743909026603 -0.003979072447666442 -0.010842455799966035 0.9999333018424974 77.46091495236266
0.9998939067749236 0.013922433747231193 0.004282639690299495 -0.2938145872104856 -0.01396955265327842 0.9998399580603178 0.011176309577660502 -1.1011302999844363 -0.004126353199187617 -0.01123495063632551 0.9999283719809763 78.8794577654842
0.9999064987593572 0.013218594461055406 0.003501781084420506 -0.2768478051148975 -0.01325225991051638 0.9998644391809091 0.00977143276368465 -1.1063161764073026 -0.0033721420509510757 -0.009816925836548453 0.9999461268608811 80.24701615419205
0.9999096073254579 0.012978085616828254 0.0035137507406263055 -0.3002299671022608 -0.013012539193818529 0.999865661895533 0.009966544766444754 -1.134524481042137 -0.003383932317404478 -0.01001136688754508 0.9999441592079894 81.64885366651323
0.999903294409725 0.013506861667557626 0.0033115686324691803 -0.318500311181809 -0.01354022658901163 0.9998555990649953 0.010268559418570664 -1.1404804772619612 -0.0031723946878567206 -0.010312405992138382 0.9999417934030093 83.01492772721275
0.9999109307858737 0.01296294529331463 0.003176872089299774 -0.3323493360110882 -0.012991911541018343 0.999872601108249 0.009273177259259696 -1.1469161234135863 -0.003056259921354971 -0.009313625136820965 0.999951956676487 84.39151610930111
0.999911811657257 0.013066101691164905 0.002376103055213451 -0.34048616316000746 -0.013088241898931059 0.999868703380966 0.009553740229773015 -1.1581354698668902 -0.002250961122821515 -0.009583996909892915 0.9999515389144146 85.77616019806298
0.9999187318513597 0.012695961293660175 0.001158546568327256 -0.34484911404377805 -0.01270752923323484 0.9998631499746597 0.010592452540928325 -1.184047676557325 -0.0010239067324724375 -0.010606314194244617 0.9999432272466119 87.14332018496083
0.9999312225248954 0.011727985391051809 6.745842696127195e-05 -0.35563564146034576 -0.011727988419247413 0.9998654467131554 0.011469210103134916 -1.1936200769773948 6.706139253874585e-05 -0.011469212666564846 0.9999342241706826 88.53536385700392
0.999941022283497 0.010780161025172468 -0.0013191116961946755 -0.33901534281468904 -0.010763514877567987 0.9998696369832538 0.012035605792806525 -1.2142979017675803 0.0014486856327659446 -0.012020697928252461 0.9999266993825852 89.88066012660467
0.9999491487392831 0.00978901078647543 -0.0024238764532597203 -0.33904129472383276 -0.009757603649130501 0.9998724120044362 0.01264709059252254 -1.2331984365745146 0.002547369926810701 -0.012622796504657148 0.9999170845246143 91.26128137190307
0.9999568886481607 0.008993888488054675 -0.002308850599992201 -0.36970696383768353 -0.008964672626248036 0.999883338558619 0.012367050275434993 -1.250072559051967 0.00241980933116335 -0.012345819277596362 0.9999208595074341 92.64103683780876
0.9999639549731293 0.0081089090714117 -0.0025168087581786238 -0.38760693798612755 -0.008077801082985836 0.9998937558795885 0.012133676085830462 -1.2685832399524266 0.0026149324683907137 -0.012112908693716389 0.9999232168423356 93.98504681754036
0.999969405728472 0.007376163200717943 -0.0026038055602596996 -0.4155710382893286 -0.007344583899812263 0.9999017851090882 0.01193638278081247 -1.274014312295579 0.0026915947718271086 -0.011916893970197068 0.9999253686975252 95.34248959335994
0.9999719230120276 0.007074175874106444 -0.002471680455781473 -0.4209249878594881 -0.00704551577412024 0.9999099910515358 0.011417990770752893 -1.2831490791963407 0.002552231081718292 -0.011400256156512667 0.9999317578138412 96.71745985122183
0.9999626573899488 0.008405544845142362 -0.0020076403606431262 -0.43785394400139266 -0.008383660643377155 0.9999079163790964 0.010671129790468687 -1.3007688368460222 0.0020971523351643903 -0.010653900145281007 0.9999410464477755 98.06609437015027
0.9999443781599705 0.010356886441624441 -0.0019938561416758386 -0.4465815158072306 -0.010334674740963685 0.9998877756275746 0.010845767299876744 -1.310057990557265 0.0021059609487958375 -0.010824558406632954 0.9999391950869769 99.39240816783348
0.999945393327247 0.010315981317189277 -0.0016705887001905542 -0.45459107544402366 -0.010295341264899293 0.9998758868667715 0.011925469787235599 -1.3220950420344353 0.0017934044422542941 -0.011907619540283281 0.9999274935238283 100.75839259514355
0.9999409999875093 0.010727654466263274 -0.0017070283711252755 -0.4822279149564256 -0.010703660731546346 0.9998516610983413 0.013493978843925438 -1.335193115340953 0.0018515340615104083 -0.01347491152177047 0.9999074950162461 102.0566169370685
0.9999418029397835 0.010619361608961627 -0.0019025942150973582 -0.46136194277388265 -0.010594693402634768 0.9998652667440967 0.01253797631113886 -1.3550550701519861 0.0020354833581445464 -0.012517089491895297 0.999919586410046 103.43307547468187
0.9999414803208523 0.010710048592857837 -0.0015266844750702043 -0.46131161440179047 -0.010693518713781833 0.9998881831047567 0.010453227542778401 -1.3645021451982777 0.0016384684871236347 -0.01043629040948445 0.9999441980779854 104.74778875767923
0.9999594209939177 0.008860251449653604 -0.0016285845190362478 -0.4994407732974392 -0.00884524357604623 0.999920353242432 0.00900271370971857 -1.3733208046165275 0.0017082212658311804 -0.008987943347114185 0.999958148554323 106.04158031467573
0.9999641341344406 0.008367203945467529 -0.0013116106843299468 -0.49463778814448867 -0.008353373646881462 0.9999129056862622 0.010217739736272878 -1.3884959894969848 0.0013969904885176238 -0.010206417102777426 0.9999469373288056 107.42768873270384
0.9999876497988275 0.004709135294683543 -0.001588799184266345 -0.47145287002228764 -0.004689388931649104 0.9999144404894792 0.012211524738502358 -1.393497297429967 0.0016461691182139315 -0.012203923671886167 0.9999241743160384 108.74130739649692
0.9999950938756147 0.003131635282060479 -7.126933847329464e-05 -0.510108168279252 -0.0031304094555125693 0.999906514269593 0.013310268902195553 -1.4234627379737366 0.00011294560361527987 -0.013309980762974155 0.9999114119064978 110.10354889859627
0.9999949821353717 0.0031533375084262716 0.0003035808224375661 -0.5083723026888805 -0.003156883651777207 0.9999170103663456 0.012490254865256813 -1.4260840620023898 -0.0002641696516488144 -0.012491150808579468 0.9999219476390299 111.40704770118839
0.9999876726254302 0.004444923798840527 0.0022129717704831306 -0.5289512616493728 -0.004466104844947675 0.9999433669835922 0.009660058922247323 -1.4418475599578122 -0.0021699083932504902 -0.009669823395254854 0.9999508918008224 112.77162412980485
0.9999680178562682 0.007465857024228212 0.0028677920829593318 -0.523202033182805 -0.0074892997186705125 0.9999379018181644 0.00825244875666835 -1.460547696951023 -0.002806002626675648 -0.008273662746611088 0.9999618356981492 114.09847263524017
0.9999368042800757 0.010411637013183964 0.00424090106632511 -0.5378528826596229 -0.01044305811892747 0.999917676419324 0.007455396913904886 -1.4658624324892298 -0.004162929400090812 -0.007499213893435236 0.9999632152269159 115.39536391002018
0.9999206104064771 0.011011030368583797 0.006126179476977647 -0.5640071772625568 -0.011070065344296129 0.9998917979967081 0.00968741321592371 -1.4835087068365207 -0.006018848712412664 -0.009754461539039135 0.9999343098110013 116.77270737745118
0.9999162435926644 0.011352119917635222 0.006215718166772936 -0.5608221428531083 -0.011424744610832555 0.999865393676717 0.011775812532486492 -1.4858958488220173 -0.006081201560853724 -0.011845839462586402 0.9999113436065549 118.06218340500854
0.9999097144544323 0.0114156178203235 0.007088482842618155 -0.5490908479137677 -0.011503757455471771 0.999855441384521 0.012520380204439787 -1.5023201913217636 -0.006944530843375319 -0.012600794233879479 0.9998964913800693 119.43276899419388
0.9999005454479706 0.011455304130960797 0.008226493775401467 -0.5555162925712857 -0.01155234609367331 0.9998630845329012 0.011847173120829457 -1.513252297428041 -0.008089655144679873 -0.011941030406307503 0.9998959792247825 120.751822475691
0.9998683599732182 0.01320996255749928 0.009421230694498864 -0.5478554457911257 -0.013320370963318501 0.9998421912197303 0.011754165344680297 -1.5224548324674094 -0.009264472631618653 -0.011878112550512025 0.9998865335558684 122.07311655633613
0.9998366371777399 0.014717080655929703 0.010493162670586857 -0.5386862071379985 -0.014835460196430679 0.9998261582815745 0.011294351277246076 -1.524818335531691 -0.010325119506660247 -0.011448177325788388 0.9998811585084643 123.42914540841006
0.9998020880581978 0.015982913190659614 0.01184614553761705 -0.5510493983787137 -0.0161102026570948 0.999812660182975 0.010728743973091944 -1.5383551846754637 -0.011672450677878846 -0.010917464649776883 0.999872273271968 124.7656977976515
0.9997753090999196 0.01662507651377667 0.013150593355358545 -0.5492744518640276 -0.01675869482146762 0.9998083834405551 0.010116451536479186 -1.5483379739925618 -0.012979887792623419 -0.010334565448501433 0.9998623501600256 126.11076785293986
0.9997605184293639 0.016505329360284156 0.014369406827199834 -0.5601733885358146 -0.016646159515819253 0.9998140327492222 0.009736803003097894 -1.5645619587343382 -0.014206026641097984 -0.009973666854071042 0.9998493460391614 127.44781371475325
0.9997699850931072 0.015502206777762862 0.014820879030821016 -0.5292170378514731 -0.01565725553437892 0.9998232955345427 0.010403273194176655 -1.565492560522562 -0.014656987654080019 -0.010632934786004659 0.9998360432640298 128.7401146689674
0.9997477885693399 0.01599884638542858 0.015760587728053107 -0.5234822938116304 -0.016175027364652914 0.9998073919998389 0.011115189215403748 -1.5917010637717237 -0.015579723216370456 -0.011367313999030683 0.9998140109027297 130.11802612990022
0.9997695097844428 0.014518076593070257 0.015816217094285687 -0.48702173442458613 -0.014692233516251721 0.9998320901604859 0.010951246204150854 -1.5907366338614102 -0.01565457167942606 -0.011181097822695897 0.9998149415954165 131.44025814552762
0.9997864492110933 0.01294615169733707 0.016107547947552904 -0.48911326395994764 -0.013129859421554894 0.9998493578734847 0.011352020955984936 -1.6061958073367237 -0.015958157826966114 -0.011561086787918827 0.9998058203831568 132.78715844768132
0.9997987896723568 0.012017941417221548 0.016060797851641315 -0.4912324772790553 -0.012212956465671995 0.9998522079034491 0.012099837592221621 -1.6143807243592103 -0.015913010388912116 -0.012293553043450709 0.9997978018856057 134.1115683418014
0.9998253390133843 0.01081482417716675 0.015242408710253865 -0.4534719794648549 -0.011001620584546415 0.99986474899509 0.012224896009455755 -1.6356676271869706 -0.015108138325663805 -0.012390452234675263 0.99980909220226 135.45020984847903
0.9998390542721155 0.011063103174641056 0.01412350095410296 -0.44316178993716593 -0.011228174909664507 0.9998689498549821 0.01166238509385333 -1.6414468927425665 -0.013992629071334275 -0.011819089451875778 0.9998322436566072 136.7847208449912
0.9998720473365471 0.006937641622419796 0.0144138153807106 -0.5110037672312895 -0.007125781983011925 0.9998895501122845 0.01304265375653663 -1.642879559658318 -0.01432173931898626 -0.01314369487290541 0.9998110476826354 138.11968606550147
0.9999000103103173 0.006602239557318827 0.012505191186311602 -0.44291708828365395 -0.006764405925275165 0.9998930014346732 0.01297029310421695 -1.6495256887978746 -0.012418221205914397 -0.013053586650218616 0.9998376826548018 139.46541967086577
0.9999215605389692 0.0053098056359478455 0.011343664726999238 -0.4536106670771024 -0.005460985527914874 0.9998961312339597 0.01333808029003378 -1.6664948759837548 -0.011271664802713752 -0.013398981906090688 0.9998466966765643 140.8281628990883
0.9999354349632437 0.0057656831314290245 0.009791976217373748 -0.4300336535795767 -0.005892880887606719 0.999897986481578 0.013011171798051861 -1.6703856294034352 -0.009715959820563884 -0.01306803493484153 0.9998674045020836 142.1593142266497
0.9999463494738094 0.005705412411472159 0.008645602277312514 -0.41753932708930386 -0.005813718954519149 0.999904289302568 0.012554398152875113 -1.6829062021098102 -0.008573147496332636 -0.012603987950451161 0.9998838135641032 143.51153436806374
0.999956599056083 0.0038506169250845518 0.00848367568713277 -0.40696231715623077 -0.003939278999294413 0.9999375430238535 0.010459069565166138 -1.6918069834185911 -0.008442872657369314 -0.010492035400015434 0.9999093134334714 144.85719008065536
0.9999739634645527 0.0010561848374181556 0.007138408184903607 -0.401039786352337 -0.001125759450221804 0.999951838535807 0.009749526820632933 -1.7240084865598329 -0.0071277676808389895 -0.009757309294525524 0.9999269922547748 146.1627559788392
0.999943778106207 -0.008390634494681661 0.006483663697033369 -0.4078843398290237 0.008308206222618535 0.9998856290983946 0.012637342209841336 -1.7264260081799132 -0.006588958020091229 -0.01258276433567337 0.9998991247481659 147.56410741837414
0.9998715185852927 -0.015272790806223992 0.004867052303823723 -0.39532124460325846 0.015202341895543977 0.9997836401870329 0.014197239165974337 -1.7381596710674299 -0.005082831150115167 -0.014121424753960823 0.9998873687523709 148.8759365355092
0.9998510989210391 -0.016804456158218302 0.003923041342881908 -0.35051213253306207 0.016759067237753993 0.9997953654064377 0.011329649786669522 -1.7557902692335028 -0.004112627493233692 -0.011262216481720792 0.999928121803812 150.16758280423255
0.9998609905571725 -0.016288708098123467 0.0035605567296882745 -0.38069604432856546 0.016259211132595017 0.9998344937681071 0.008162298284112973 -1.7697889042964383 -0.003692921033833386 -0.00810327194820367 0.9999603488717986 151.59244688230783
0.9999238962041946 -0.011505450584936409 0.004452687048918615 -0.35269270217685067 0.011480252577146185 0.9999181711748473 0.005644000680387443 -1.7893501857631182 -0.00451725983807812 -0.005592453276287827 0.9999741590791466 152.8924462908896
0.999899622692056 -0.012989030331284485 0.00565947413726952 -0.37443526173283836 0.01295404364415027 0.999897022491732 0.006175528622225086 -1.7980559843188317 -0.005739105946420932 -0.0061015957699596685 0.9999649159783018 154.26677453034964
0.9998832946283595 -0.014168943131513302 0.005712984309566235 -0.3590798950278006 0.014124051317142413 0.9998696454689908 0.007823249449816723 -1.7976607444003645 -0.005823087257524409 -0.007741646088023965 0.9999530781825425 155.58780518816627
0.9996964897877445 -0.02384339033406912 0.006198471719386589 -0.3688803474511234 0.023773827610311278 0.9996561354543656 0.011064174783465365 -1.8051778232051459 -0.00646014825808868 -0.010913455486930406 0.9999195782517516 156.90498986136149
0.9996241952204601 -0.02669041310432372 0.006252214145299381 -0.35597559437195847 0.02661116936288279 0.9995685467054801 0.012432461566874638 -1.8193127367655393 -0.006581344686219581 -0.012261410874783036 0.9999031671634772 158.26049645067383
0.9996072673673494 -0.027446034164352394 0.005659172805761064 -0.32921864891785096 0.027373791521800334 0.9995474737557053 0.012470895962446098 -1.8343345369399287 -0.005998889013049154 -0.012311085434848918 0.9999062208549416 159.59969087755834
0.9996199156895672 -0.026643188892093425 0.007082700503176954 -0.3418341362774272 0.02655303112222195 0.9995688425919272 0.01253257578748107 -1.8301121947774244 -0.007413555142854469 -0.012339745401967367 0.9998963795720892 160.9639733666497
0.9996591556099953 -0.02479657647052834 0.00816715420720863 -0.3422295444867576 0.024697203458015626 0.9996223316795393 0.01205164487629634 -1.8334537293808308 -0.008462909969263289 -0.011845831479245407 0.9998940220986999 162.30492802505964
0.9997001704509754 -0.022509097842618973 0.0096389691008437 -0.35975532372377544 0.02240230940787139 0.9996879989494775 0.011047229613657967 -1.8516847413433855 -0.00988462572948051 -0.010827982347767265 0.9998925187084795 163.64825491771956
0.9997145033789431 -0.02158710828919455 0.010242485112213175 -0.37062730178870634 0.021480030372169844 0.9997146440064306 0.010451738900000111 -1.8538245692262658 -0.010465186051623165 -0.010228746249136474 0.9998929205807878 165.00708823770935
0.9996964626906488 -0.022069042766542524 0.010951705172286764 -0.38557795198351097 0.021941469258586137 0.9996915468505922 0.011635423236512017 -1.8534725015747997 -0.01120511067338359 -0.011391595147604518 0.9998723303763006 166.360443315646
0.9997066070847611 -0.021912164360501144 0.01032263607222282 -0.3534169989865345 0.021792296164105943 0.9996953942707182 0.011585097897857949 -1.8572641916232588 -0.010573347190091028 -0.01135674516820147 0.9998796070855342 167.681188376657
0.9997444517040747 -0.020101600214363927 0.010342000245886156 -0.362901713009826 0.020002024492468462 0.9997534314865494 0.009643403839493617 -1.8685822800429381 -0.010533298963947767 -0.009434078703846662 0.9999000188859192 169.06734502692353
0.9998145162267962 -0.016710214872593422 0.009576109706907985 -0.35893374186330623 0.0166396452348532 0.999834149952919 0.007402349853627012 -1.8908105668289623 -0.009698217177752919 -0.007241633891643222 0.9999267489757184 170.48187595510134
0.9998880983056099 -0.011729537340079803 0.009284871442086319 -0.3478131579136931 0.011677348245135236 0.999915824707583 0.005655353733854575 -1.888247231993241 -0.009350425352953742 -0.005546298305676749 0.9999409023113146 171.82715917349017
0.9999117261629438 -0.009539726144814558 0.009248433569807106 -0.32856565576453617 0.009479807510484533 0.9999339317193512 0.006501187170282687 -1.9013866655975906 -0.009309842867802056 -0.00641294002704759 0.9999360984686152 173.19538626252847
0.9999371677674259 -0.004457015301601336 0.010285696118427392 -0.3362178088017785 0.0043692202785279525 0.9999539674781288 0.008542413622521039 -1.9279981627917737 -0.010323297175336303 -0.008496936567197657 0.9999106118048907 174.58105359556973
0.9999458035548374 -0.0016682702468770426 0.010276518710193052 -0.3347974826507484 0.0015483492189775454 0.9999307469853667 0.011666355102906695 -1.9495899580360563 -0.010295270523899487 -0.011649811408168181 0.9998791373442303 175.95618799933038
0.9999436983008235 -0.0053080375155827916 0.009188306696985494 -0.3322153946131776 0.005194054479201538 0.9999098128239193 0.012384991126336342 -1.9483118904211483 -0.009253218798709727 -0.012336569496289296 0.9998810864260187 177.38324094955317
0.9999460963402288 -0.00646985700423261 0.008120676016646986 -0.338957751587921 0.006369153197518204 0.999903251273701 0.012366162198855883 -1.9549849759802873 -0.008199898335252606 -0.012313774018911443 0.9998905603286381 178.77013444529788
0.9999418384200092 -0.008849670565850159 0.006164667359251802 -0.3335117073953767 0.008797372899053333 0.9999255177168496 0.008459623929247906 -1.9602635607827774 -0.006239073605452344 -0.008404899180402303 0.9999452143125102 180.10748189426707
0.9999668470955207 -0.006915808659713795 0.004298408264174615 -0.3487346258208179 0.006895139543874065 0.9999646838087284 0.0048050157945839144 -1.9847128575355673 -0.0043314873922928486 -0.004775218454855362 0.9999792175348908 181.525680384751
0.9999927479914711 -0.0027346338430803262 0.002650613069134562 -0.3138526489879828 0.0027236687794601235 0.9999877553076876 0.0041316895142701395 -2.003070468703545 -0.0026618794925815283 -0.0041244402361910884 0.9999879516212694 182.9166894710662
0.9999958203452649 0.0003406116884182783 0.002871111076874513 -0.3534732186808877 -0.00035658414488445 0.9999844545808848 0.005564480527539565 -2.0171729095547732 -0.002869171355116814 -0.0055654811702396095 0.999980396444209 184.24499928521064
0.9999889068762752 0.0025223749851463004 0.003977907623519257 -0.3714475697266395 -0.002553461629242547 0.9999660914448373 0.007829163207192074 -2.019770131786833 -0.0039580249812898975 -0.007839233945015579 0.9999614394799861 185.6969348233982
0.9999735799412012 0.005893640649069923 0.004254928039044054 -0.38304734905660665 -0.005936587786736924 0.9999308409834995 0.010152348690386814 -2.04606859987763 -0.004194799824119943 -0.010177340420258276 0.9999394108618866 187.06609862926535
0.9999844517031792 0.0031629569494080164 0.004592608700938489 -0.3887653036466622 -0.003211795497761927 0.9999379587653368 0.01066597356325133 -2.045404096879262 -0.004558588131422875 -0.010680558454698537 0.999932570198477 188.5178511284793
0.9999910346839324 0.0017867204249673108 0.003839034175228754 -0.35829722165052175 -0.0018302784312653102 0.9999336541490393 0.011372659323638136 -2.0536610008353104 -0.0038184600221420582 -0.011379584088148103 0.999927959619314 189.921247597743
0.9999885527715602 -0.001251355392061143 0.004618272699648134 -0.3924728992139336 0.0011955241974712996 0.9999264131982216 0.012072236913617309 -2.0631615863004336 -0.004633039896170813 -0.012066577696299386 0.9999164628323451 191.28834475817317
0.9999804274547078 -0.0034972620424530577 0.0051878585444321765 -0.40704969895950366 0.003433545607479516 0.9999191889181405 0.012240359001412748 -2.0710065494737795 -0.005230247482765025 -0.012222306911477156 0.9999116259569271 192.74321970180827
0.9999733049221529 -0.005315274999656453 0.005013711910415311 -0.37988476847294506 0.005250932658481552 0.99990479577352 0.012760371614592833 -2.0776098282315987 -0.005081059886805572 -0.012733704554640976 0.9999060133822352 194.0946616313771
0.9999318671431181 -0.01015755395404123 0.005751972288884497 -0.39173369545460685 0.010074267361984883 0.9998465941242892 0.0143282008500936 -2.083966970596224 -0.005896629861797164 -0.014269277990807938 0.9998808016266778 195.55745748154322
0.999888050719002 -0.01369805288066144 0.006020746874869098 -0.3746504576436928 0.01360546415647964 0.9997925210173612 0.015159361676262712 -2.095093420190863 -0.006227151947384878 -0.015075749822408942 0.9998669633236327 196.9768053004704
0.9999248413937932 -0.010599485234865827 0.006161370996548094 -0.37800696181014387 0.010520554753008367 0.9998639421770178 0.01270492216747178 -2.125465360224341 -0.006295198849765842 -0.012639146478184303 0.9999003062536694 198.39027392862053
0.9999641723978357 -0.005413076158405385 0.006507882951908089 -0.39514081213738456 0.005367798084803185 0.9999614071352387 0.00695492452362294 -2.12287400708978 -0.006545279877326233 -0.006919742470623124 0.9999546372065439 199.8345504470059
0.9999535308906208 0.005119731900897144 0.008168500564701663 -0.396805327019996 -0.005171727376754322 0.9999664206625943 0.006356948294884339 -2.1311701817770223 -0.008135681083565386 -0.006398898274573997 0.9999464309596298 201.2921858288809
0.999889167198955 0.012014305380665852 0.00879259702308008 -0.4101160558692735 -0.012096683864657148 0.9998828684009692 0.009376552869907883 -2.1368895843761058 -0.008678915089051602 -0.009481875095848961 0.9999173818238883 202.730336207125
0.9998733196733778 0.01268171986706456 0.009618656994913186 -0.36810009449685105 -0.012793500932838878 0.9998502897699947 0.011650081874664271 -2.1375413490141373 -0.009469474700321145 -0.011771662569745135 0.9998858719906306 204.1431983788605
0.999894361814032 0.01064518837860997 0.009896724664664833 -0.4042721902876153 -0.010764067499467905 0.9998696112446649 0.01203724971301481 -2.1418901670839876 -0.009767296268571533 -0.012142507371631894 0.999878572345559 205.60199231779828
0.9999272056440329 0.008551344614604566 0.008512221005302202 -0.39303317217308914 -0.008656123166718259 0.9998862761170989 0.012349347290722875 -2.164370172638605 -0.008405650138880352 -0.012422131405926894 0.9998875115205347 207.04889133445965
0.999949358492882 0.007203884814960003 0.0070274095326609744 -0.36989369016135076 -0.007287015601865494 0.9999029200108086 0.011876445943935174 -2.1706633354384826 -0.0069411713406336145 -0.011927053580663342 0.9999047782319216 208.47506620338848
0.9999517884846322 0.007139378864798958 0.006741659095789695 -0.39152410287557515 -0.0072159787324324026 0.999908901200023 0.011406969921114726 -2.1731740934766632 -0.006659606812756321 -0.011455067868287556 0.9999122116740017 209.97886506522255
0.9999391867185033 0.008511312020386096 0.0070128753345354376 -0.4059297767299733 -0.008591679030874771 0.9998968399166971 0.011510542579751865 -2.1911655981872946 -0.006914182641803538 -0.01157009518877656 0.9999091593606106 211.4501321260033
0.999936265036393 0.009308025451661013 0.0063895628037536085 -0.3868986391478239 -0.009383354944845147 0.9998856114752682 0.011862404104426854 -2.1832902172227056 -0.006278416873298762 -0.011921603827252067 0.9999092243007659 212.89221470900392
0.9999410728421194 0.009288703744752016 0.005618790912112709 -0.38566273884257374 -0.00935514470098113 0.9998852351571403 0.011916282922502146 -2.203722518242813 -0.0055074597069894845 -0.01196814557036369 0.9999132119227375 214.3426090895132
0.9999315007382102 0.010140084998479952 0.005845724124927911 -0.4121682642638374 -0.010205455132292384 0.9998844875358309 0.011263227331018354 -2.21704771136603 -0.00573083926422267 -0.011322114309790307 0.9999194803617116 215.79858526637352
0.9999404486331814 0.009333783209525125 0.00565505644386972 -0.4148322695726744 -0.009395029619233558 0.9998964315035166 0.01090227967093766 -2.2266923516639863 -0.005552711704219102 -0.01095476006661396 0.9999245774669518 217.28664069000357
0.999937084675438 0.010138840204457274 0.004799019934135551 -0.39155103009936787 -0.010190615092662452 0.9998887746864721 0.010889887022037614 -2.243389695270063 -0.004688075725251173 -0.01093810706576809 0.9999291873719076 218.76349346062702
0.9999334640655048 0.010398940912054228 0.004992940162675765 -0.4102564625746615 -0.010450679048699528 0.9998907809791692 0.010450332082777325 -2.2410510790810645 -0.004883722857674151 -0.01050181658629294 0.9999329282994355 220.2509013499206
0.9999405359504391 0.009775986026112087 0.0048326642427531825 -0.40710160308515364 -0.009826888858983513 0.9998952772858585 0.010623875715521378 -2.258258189060903 -0.004728299684065344 -0.010670734245211127 0.9999318869858181 221.73381333115202
0.9999238214768693 0.011558302534063421 0.004330919440230109 -0.40777659867050303 -0.011602012037056363 0.9998805997594311 0.01020683914839463 -2.271424326779278 -0.004212428941023714 -0.010256309193512681 0.9999385298920039 223.224002667146
