1.0 -3.469446951953614e-18 0.0 -1.7787691892340307e-19 0.0 0.9999999999999999 -3.5575383784680614e-19 0.0 2.168404344971009e-19 -2.371692252312041e-19 1.0 0.0
0.9999999398638733 -7.08535559765227e-05 -0.00033948727388392647 0.05569069961672338 7.123806521749064e-05 0.9999993559314045 0.0011327230995349811 -0.026761272848715878 0.0003394068273799933 -0.0011327472383819146 0.9999993008434594 1.3159701006825606
0.9999991075624272 -0.0005587901877283866 0.0012135198795759842 0.11108300046058615 0.0005566348298350308 0.9999982684086526 0.0017757635472657302 -0.04833477912174309 -0.0012145101586562628 -0.0017750865086460634 0.9999976870130872 2.5650198957187875
0.9999998525594272 -0.0003946200029986968 0.00037303802557418276 0.10718860258987942 0.00039398845634078423 0.999998491606227 0.0016916138600258405 -0.07455902893128202 -0.0003737050377315297 -0.001691466670669405 0.9999984996412596 3.895579924021946
0.9999994262148418 -0.000855987894548417 0.0006440939435640391 0.09640071233059805 0.0008548955535662966 0.999998199094968 0.001694390387632794 -0.08469911941336679 -0.000645543214390762 -0.0016938388145725676 0.9999983570903299 5.224723646711533
0.9999992365939251 -0.0011776681070073541 0.0003740478373481888 0.09659543833955825 0.001176866785407401 0.9999970272052296 0.0021355474876563825 -0.10291350288499444 -0.00037656172155471385 -0.0021351056937646226 0.9999976497596176 6.551134528010323
0.9999966680146081 -0.002520671797916209 0.0005569361598559788 0.08399519880180056 0.002519032261910392 0.9999925479651097 0.0029254890992327625 -0.13301164355445513 -0.0005643062525554684 -0.0029240764666348916 0.9999955656576656 7.89175438642225
0.9999961112813582 -0.0027427375229894697 0.000504794779431937 0.07934010600971163 0.002741164241663383 0.9999914634616822 0.0030917661288830493 -0.14175731117753532 -0.0005132704138822652 -0.0030903704388684284 0.9999950930698971 9.221952293155407
0.9999958869070575 -0.0028625582728202727 -0.00017869793894181862 0.09317099725716513 0.002863033978453099 0.999992202204554 0.0027200297598297157 -0.15892216052237076 0.00017091031865133495 -0.0027205302419339356 0.9999962847459204 10.546769259158413
0.9999993382464106 -0.0011146177871267562 0.00028484397912710243 0.04577933619413119 0.0011143564221438081 0.9999989592595925 0.0009163447080621694 -0.18045401468774952 -0.0002858650801262632 -0.0009160267009189077 0.9999995395878679 11.864796719242078
0.9999999101740137 0.00018464536797429057 0.0003815210632252999 0.043918558798996296 -0.0001848307685131615 0.9999998648488975 0.0004859423900547093 -0.19679572297142442 -0.00038143131650195507 -0.00048601287264587323 0.9999998091505501 13.19626281985287
0.9999980884623616 0.0019321103432075456 0.0003000305148110707 0.03370413345624139 -0.0019320915017170702 0.9999981314954812 -6.34930691795779e-05 -0.1951108208760447 -0.00030015265536395574 6.291326140714e-05 0.9999999529749212 14.530700341007014
0.9999976746256108 0.0020065406666927715 0.0007902756193090589 0.01472589685047999 -0.0020069514687116423 0.9999978512841974 0.0005192073191419228 -0.22181852409630903 -0.0007892321770378147 -0.0005207921677641006 0.9999995529434039 15.887699632114009
0.9999985113033569 0.0011311272881211025 0.0013030510563642962 0.019730996371179185 -0.0011352178781936662 0.9999944172350216 0.0031427345520642384 -0.2509791962315405 -0.0012994890562639456 -0.0031442091821209323 0.9999942126210418 17.215955764653188
0.9999927708336364 -0.0035907248403837175 0.0012509925575649337 0.022421354516240506 0.0035837925879526576 0.9999784505213657 0.005500447005969706 -0.2796990855345765 -0.0012707162937030875 -0.005495924049007636 0.9999840899226676 18.58213181636974
0.9999859102647891 -0.005178033396667342 0.0011692948342590362 0.022234677601004962 0.0051728572114147515 0.9999769953969077 0.004387506993869719 -0.3075587594672988 -0.0011919866896526342 -0.004381396661264438 0.9999896912120068 19.91367991824601
0.9999788979580021 -0.006229452356095065 0.0018432504450236367 0.05537861455008449 0.006226466544009688 0.9999793008548917 0.0016214093441709128 -0.3162878924077416 -0.0018533129384498007 -0.0016098982173488627 0.9999969867237593 21.263408314572594
0.9999900209780834 -0.004021493729063739 0.0019456465754550247 0.021681967952527442 0.0040204533094893875 0.9999917729540245 0.0005384922298547054 -0.3647203473742071 -0.0019477962755516589 -0.0005306644808112451 0.9999979622390694 22.61588297741365
0.9999939619155888 -0.00187758137302769 0.002924179736991779 0.01696977041064906 0.0018721654788687956 0.999996529228858 0.0018537862672456946 -0.3548054393693446 -0.002927650468177499 -0.0018483005581793777 0.999994006304204 23.978141370737905
0.9999907171653076 -0.0017431576101035046 0.00394043044888234 -0.0003604797994273337 0.0017173333991470537 0.9999770896362828 0.0065475922467279814 -0.3749374823916761 -0.003951753985971909 -0.0065407645580598545 0.9999708005918894 25.349710445144115
0.9999904334792716 -0.0025661176985858278 0.003542315345947748 0.017192065896333403 0.0025388774412461994 0.9999673375037038 0.007673201496796607 -0.3987799252290438 -0.003561890277871767 -0.0076641347326276395 0.9999642863493754 26.74037302823979
0.9999615436091311 -0.007916531370723961 0.0037735722202195633 0.0165213612260249 0.00789079831237876 0.9999458398349959 0.006786213091877984 -0.4175829757641467 -0.00382709142913849 -0.006756175745295828 0.9999698532744073 28.088374671824045
0.9999684700537805 -0.0069823428199942104 0.003782300865327633 0.002650085817588653 0.0069639327303730285 0.9999639460002971 0.00485904632416657 -0.43840083501164223 -0.0038160923435448593 -0.004832553516702942 0.9999810417513945 29.461289266094987
0.9999655980163129 -0.007206128734963525 0.004107859024243647 0.002358946588734208 0.007195531227647274 0.9999707605466761 0.002588894212864086 -0.47907730763011797 -0.004126395163798135 -0.00255924696344789 0.9999882114872708 30.86041065784648
0.9999734650934109 -0.005484908792787823 0.0047942566671532955 -0.018244196504307142 0.005478174877580025 0.9999839912068745 0.0014166590239116698 -0.46752955118267225 -0.004801950566717941 -0.0013903576758628842 0.9999875040074747 32.24034816468353
0.9999747181969995 -0.004470372925238272 0.005529805114791932 -0.005837637648003359 0.00447383828845032 0.9999898035827687 -0.0006144066659727457 -0.508686329778566 -0.005527002570953594 0.0006391306070322299 0.9999845217545589 33.618677179379105
0.9999752205119666 -0.00409797995588815 0.0057240662037229256 -0.012393149540574452 0.004099546168037071 0.999991562535309 -0.0002618661040987172 -0.5202697559589047 -0.0057229452686543975 0.00028532570228050004 0.9999835831055758 35.0121211935723
0.9999793635425701 -0.003890605716166654 0.005112307417474772 -0.009087442130266805 0.003884119291720953 0.9999916399348112 0.0012781518974800787 -0.5623037597844359 -0.005117237894486189 -0.0012582687267442103 0.9999861152189617 36.40470668096068
0.999983948891475 -0.0028917799333207407 0.004872327765038497 -0.02701101393869803 0.002880176860672599 0.9999930038629106 0.0023867974169874645 -0.5671043436532137 -0.004879196180645712 -0.002372725981137186 0.9999852816971871 37.8150847374145
0.9999879613507355 -0.0016688713609929514 0.004614328746746861 -0.021271799879893402 0.0016555556470885056 0.9999944590754649 0.0028880704290817384 -0.5746346588596349 -0.004619123385026484 -0.0028803964343349533 0.9999851833956324 39.20302302299252
0.9999878476603843 0.00011924300197949794 0.004928520869114796 -0.034986669082842356 -0.00013378985140368067 0.9999956358388392 0.002951339221253289 -0.6036619399536397 -0.004928147847785068 -0.0029519627959137137 0.9999834994986143 40.600254882646844
0.9999796963778299 0.004193981913234761 0.004797639549538576 -0.034137082742311926 -0.004210823940372225 0.9999849893099039 0.003505727296555997 -0.6353449083293765 -0.004782864978387286 -0.0035258582018780453 0.9999823461050911 42.02499405733343
0.999979505666528 0.0044479989799245615 0.0046047311252390135 -0.04515629818066717 -0.004465071243852963 0.999983172110727 0.0037038685070660553 -0.6554350977404717 -0.004588179218998818 -0.0037243531243600528 0.9999825387479332 43.415446997112845
0.9999805552751811 0.004515803453428397 0.004300765868896589 -0.0534827434617067 -0.004531950463908021 0.9999826915664255 0.003752066158227202 -0.6788462552683163 -0.004283748195307132 -0.0037714841325139853 0.999983712569656 44.84667984924697
0.9999842891177418 0.004378084268944859 0.003500555923495986 -0.05207348570612715 -0.004390009538499594 0.99998456268521 0.0034062024606357775 -0.7144258104518212 -0.003485589534972135 -0.003421516488036697 0.9999880718722992 46.248393045072966
0.9999898151401926 0.003770491384205237 0.0024805255138138195 -0.05481595856137621 -0.0037799314667418355 0.9999855904246056 0.0038119637345838055 -0.7324529766315842 -0.002466116999628766 -0.0038213012029078824 0.9999896579073142 47.681197349265844
0.999989000514396 0.004491501875557945 0.0013510197696138375 -0.05047964501474538 -0.004497653402325169 0.9999793742982135 0.004584986323996327 -0.7597606162876932 -0.001330398538206838 -0.004591012403012524 0.9999885762567406 49.07881863846533
0.9999854701522303 0.00536349594805912 0.0005407271474733265 -0.06350704983192915 -0.005366036545543061 0.9999740283305287 0.004811270690764449 -0.7824210369483747 -0.0005149079129882974 -0.004814102443940669 0.9999882795752346 50.497278690241174
0.9999862539582091 0.0052064544513673 -0.0006202543529144876 -0.07309320671066477 -0.00520337613498442 0.9999746239391722 0.0048658363688911695 -0.786801684029067 0.0006455724268875525 -0.0048625421665547215 0.9999879693886681 51.95531637315843
0.9999769445446959 0.006511943831695865 -0.0019248246627890234 -0.08003705559274552 -0.006500100448786764 0.999960288734296 0.006096692568796264 -0.8246786224722347 0.0019644497156581535 -0.0060840405796184155 0.9999795624873766 53.369223348278744
0.9999813347200676 0.005483875770112407 -0.0026939380839452586 -0.09423255214258731 -0.005465640441567993 0.9999624128179548 0.006730507769092121 -0.8352753458255342 0.0027307463307394133 -0.006715658184126315 0.999973721137845 54.828037897148015
0.999995098418768 0.0007394565752147078 -0.0030424226748249922 -0.09859554566640871 -0.0007164673424344967 0.9999712386317319 0.007550402831270877 -0.8401837669903676 0.0030479186292510334 -0.007548186177687619 0.9999668669936461 56.215562453923894
0.9999946404155317 0.0002839346735308288 -0.003261673642768868 -0.1267927453138875 -0.0002597489273802392 0.9999724883502957 0.007413168779381722 -0.8707565816350394 0.003263689046204472 -0.007412281980613396 0.9999672026710028 57.63866799452156
0.9999955237660002 0.00016236208432647038 -0.002987654752783017 -0.15005024407130552 -0.00013948521556643272 0.9999706845922482 0.007655749344270301 -0.895939327204093 0.002988810430662455 -0.007655298495116717 0.9999662311421912 59.0788209097398
0.9999958194554183 0.0003174876800906305 -0.0028740681337750913 -0.14565728143821927 -0.0002935997290116404 0.9999654435364869 0.00830816045062179 -0.920372087417235 0.0028766068045419785 -0.008307282058678386 0.9999613563561917 60.4926546646679
0.9999930387126716 -0.0029902639431273487 -0.0022317813951106048 -0.16691254722651866 0.003012196226221354 0.9999465621198806 0.009889366561828514 -0.9428683216833261 0.0022020905115104033 -0.009896020477151971 0.9999486084710448 61.94255682579994
0.9999883367904211 -0.0043635165636992535 -0.0020702677749450393 -0.16463351479045885 0.004382354639664807 0.9999482265510815 0.009183636340263994 -0.9579475315887275 0.0020300878200666087 -0.00919260205667194 0.9999556864267861 63.36410958773673
0.9999868249461781 -0.004938445816784589 -0.0014006038418321225 -0.17867825206423613 0.00494967342672001 0.9999547076485766 0.00812916819922995 -0.973893599010623 0.0013603950704066117 -0.008135993786302852 0.9999659768887252 64.76658705482104
0.9999835530717328 -0.005673320362781157 -0.0008408495071584542 -0.1785824262141987 0.005679871113215626 0.9999518358777475 0.008004060184185868 -0.9823762956710448 0.0007953994848582868 -0.008008704612961708 0.999967613472411 66.22380031571701
0.9999932720208659 -0.0036190258228800728 -0.0005988064710010636 -0.16808269243089763 0.00362356613126949 0.9999633026108035 0.007762937134043294 -1.0017927739181016 0.0005706902811908657 -0.007765054870752064 0.9999696886599129 67.61006495664012
0.9999991436864454 -0.001233759498513596 0.0004364246069645866 -0.20837231665963307 0.0012297540616091791 0.9999581809345586 0.009062233845306843 -1.0184131153641964 -0.00044758700357831293 -0.009061689567553835 0.999958841878116 69.07151120971373
0.9999964633908947 0.0023545579562397672 0.001236632567216112 -0.21857355103058546 -0.002367146921607545 0.9999443670695957 0.010279074955660496 -1.0407893746760277 -0.0012123611862884206 -0.010281966097034932 0.999946404241374 70.42962111178703
0.9999810841496818 0.005668125541913181 0.0023882394215477935 -0.24087976212960632 -0.005694297293917695 0.9999222018168531 0.011097986277208701 -1.0579903034192748 -0.002325149029249536 -0.01111137591608615 0.9999355634279801 71.87018666316905
0.9999539932289682 0.009150157842130526 0.0028785448219632434 -0.2493319662661152 -0.009181232902433575 0.9998976344983928 0.010973855443866483 -1.0697648245925164 -0.0027778378752632144 -0.01099977938419128 0.9999356421642632 73.24551759299311
0.9999177163911981 0.01227922536260927 0.0037122831607853176 -0.2675582270360177 -0.012317612285621535 0.9998689983668241 0.01050059801112376 -1.0820401675936033 -0.003582857931222991 -0.010545460663031034 0.99993797627033 74.61896375440743
0.9999030253390688 0.013196916987794464 0.004447614210250962 -0.2748984422270425 -0.013243805601739676 0.9998552267424836 0.010683033180123258 -1.0917400703454063 -0.004305987568619235 -0.010740900752899005 0.9999330435187641 76.07826421174207
0.9998932383380629 0.013815105100078787 0.004759702449774798 -0.2744704615476702 -0.013867334695199776 0.9998420016593519 0.011120646434559152 -1.1078261948101862 -0.004605317906406536 -0.011185463790080933 0.9999268355461892 77.44417363374049
0.999898289605289 0.013381271725530166 0.004934772895973997 -0.2726259968803785 -0.013436851124842372 0.9998446544836174 0.011406926036798146 -1.1382399904321756 -0.004781367519896137 -0.011472073875056088 0.999922762039304 78.86327024192558
0.9999089701175147 0.012839479279931135 0.004147194673941272 -0.25388637794266117 -0.01288019440646351 0.9998675948808552 0.009944512428822678 -1.136100426522174 -0.004018963535201743 -0.009997024058268876 0.9999419520354906 80.22311749131218
0.999913270482903 0.012513532163916357 0.004106458244277738 -0.26999832475728414 -0.012555384651878523 0.9998678254943628 0.010329273177094226 -1.1679594320396987 -0.0039766601114998475 -0.010379935697967206 0.9999382196455787 81.6256437796611
0.9999097603298233 0.012878995621569776 0.0038213403196236074 -0.2867240745974947 -0.01291860208734686 0.9998611333965924 0.010527282223455663 -1.1741650516174804 -0.00368522914508696 -0.010575698835319076 0.9999372848730901 83.00371070616957
0.999919755661912 0.012156325154511937 0.0035645435583630805 -0.2974912163733488 -0.012190259370492711 0.9998790554069626 0.009657751348189577 -1.1788856319021794 -0.0034467099646264317 -0.009700429276537682 0.9999470095265588 84.37047355954624
0.9999228882891432 0.012107066701450623 0.0027634011226198227 -0.30597202776449317 -0.012134707298901527 0.9998741969223585 0.010214657767197313 -1.1935063405831643 -0.0026393841508476233 -0.01024740337033214 0.9999440106203086 85.75515094289656
0.9999288919366874 0.011801957290097032 0.001710218853929859 -0.3118306961735429 -0.011820447714598175 0.9998669865205116 0.01123771801996134 -1.2193017563393316 -0.0015773644285925177 -0.011257134709770852 0.9999353923336097 87.12789330904812
0.9999404047583531 0.010903150086729242 0.0005551803882958329 -0.32020187610121087 -0.010909130163165075 0.9998655931079617 0.012238734354532033 -1.2292730724189875 -0.0004216650371053664 -0.012244061768654904 0.9999249497607164 88.52468696966673
0.9999577650312084 0.009183263631833753 -0.000368513057750635 -0.32001208549960425 -0.009177730545639204 0.9998742328626427 0.012933975975697681 -1.2472030081346652 0.00048724287315705136 -0.012930047858355855 0.9999162847271671 89.89583701472391
0.9999648483939024 0.008239781015679197 -0.0015517618974258854 -0.31954380811756244 -0.008218387789096825 0.9998774792328337 0.013322336034923724 -1.2633073974350093 0.0016613450565430685 -0.013309115022365887 0.9999100496534807 91.27037791940921
0.9999720845732182 0.007303313919016514 -0.0015784999602432193 -0.34374549178504443 -0.007281937733453088 0.9998870385768567 0.013148516220686619 -1.2873622123746693 0.0016743495438185678 -0.013136654901696174 0.9999123085849134 92.64341591226884
0.9999759578230522 0.0067358119313004235 -0.0016469963095750615 -0.35576219618312455 -0.006714189032212593 0.9998955378234063 0.012799731061170713 -1.3008988887693633 0.0017330409983185664 -0.012788365341836309 0.9999167236768649 93.96940205737889
0.9999820728579115 0.005568350253111276 -0.00220168649051912 -0.36780240733916986 -0.0055401764996386264 0.9999052428060852 0.01260205774156865 -1.3071585976323745 0.0022716507380948045 -0.01258963434518406 0.9999181670110628 95.32218309756188
0.9999828936379388 0.005498389380060921 -0.0019950266722567446 -0.3774247627956767 -0.00547386914475326 0.9999118711749967 0.012094901658701482 -1.3141003265432254 0.0020613535153533044 -0.012083774488044893 0.9999248637892113 96.70408967049572
0.999975061607286 0.006850598451027487 -0.001716230550406781 -0.38555706028407255 -0.006830392547704989 0.9999103695120661 0.011515150443505246 -1.3352635977747835 0.0017949625561720624 -0.011503140979229215 0.9999322256354426 98.03833368130363
0.999958021761556 0.009028384986491113 -0.0015629960582999732 -0.40107214357027954 -0.009009828766252856 0.9998933011274554 0.011498232979327198 -1.338700255951599 0.0016666399119458354 -0.011483668211523725 0.9999326715748313 99.37886865887837
0.9999582724073046 0.009045458751046048 -0.001277927253927093 -0.40846690079619613 -0.00902844985302924 0.999878058417437 0.012741875980583139 -1.3494217477888748 0.0013930276624889342 -0.012729806849605351 0.9999180023875671 100.73844778394253
0.9999572006773834 0.009196122843715095 -0.0010139605564208564 -0.44380838797212846 -0.009180515447356846 0.9998534288036733 0.014451264989171472 -1.366425925483398 0.0011467076550865792 -0.014441338096877596 0.9998950609056333 102.04467404903276
0.999958805095424 0.00899164905107213 -0.0012402973733666913 -0.42564910216749474 -0.008974142464329076 0.9998690808769664 0.013464244781117038 -1.383206649151812 0.001361200883866652 -0.013452559790650626 0.9999085837089743 103.42568990377593
0.9999574610823955 0.009165545698445188 -0.0010338160703818253 -0.4183349545531566 -0.009153351043415442 0.9998949186342893 0.011241346456789203 -1.3918362225692094 0.001136740614807829 -0.011231405609983754 0.9999362796471947 104.72947857063052
0.9999727534801223 0.0072938842694769265 -0.0011364561056694989 -0.46440390381859425 -0.007282265397757399 0.9999243455064197 0.009913217748811836 -1.404028584185099 0.0012086761003499578 -0.009904671874939892 0.9999502170520288 106.04134175596755
0.9999766757025353 0.006788881157922397 -0.0007477488237940374 -0.4498609552701695 -0.0067801756629443915 0.9999155440947232 0.011087556345279083 -1.4165032331313825 0.0008229578524274238 -0.011082228091734979 0.999938251576639 107.40784021561207
0.9999959098691716 0.0026862592144018546 -0.0009819622885946675 -0.43530954330201943 -0.0026729113546412435 0.9999073020610635 0.013350761375180417 -1.4277010701963637 0.001017734965100541 -0.013348082336639332 0.9999103924454718 108.71799195987778
0.9999990927304883 0.0012377032904671587 0.0005316271640879509 -0.4657705512841522 -0.001245217947555343 0.9998958944157349 0.014375317697537538 -1.454393004724118 -0.0005137794725983249 -0.014375966930810556 0.9998965284521678 110.0878802181654
0.9999978370931287 0.001927984544210116 0.0007801810212106164 -0.45860722991442743 -0.0019379875695700668 0.9999132234945564 0.0130303370316017 -1.4477442440468766 -0.0007549910848178212 -0.013031821087031343 0.9999147971860408 111.38712122436696
0.9999919715820452 0.002839553964983207 0.002827313785698631 -0.48064193861942306 -0.0028694411808078864 0.9999394520907577 0.01062348630356567 -1.4668206271809803 -0.002796976863054402 -0.010631514033826268 0.9999395720891188 112.75074835144454
0.9999766423001748 0.005936342578431428 0.0033874301660077742 -0.46873855949252236 -0.005966958235815004 0.9999407861152602 0.009100531944913183 -1.485942382796593 -0.0033332059825194344 -0.00912053221334262 0.9999528517028595 114.07019014361626
0.9999530183702466 0.008438519557130198 0.004769950413266491 -0.474484168897333 -0.008479847677426378 0.9999260994069772 0.008711367503967473 -1.4920531783656537 -0.004696087256360803 -0.008751406857785853 0.9999506786035939 115.36866440684126
0.9999358879445966 0.009268508429898053 0.0065049779140136255 -0.49438978052556837 -0.009336230031970162 0.9999017208187936 0.010458658113190928 -1.5092738336306222 -0.006407402982779849 -0.010518719766484148 0.9999241479825564 116.75038864158087
0.9999337036050927 0.009555197829143781 0.006425462934522098 -0.5053999903577334 -0.009636520985506027 0.999872320965541 0.012746734753041106 -1.5085111193964365 -0.006302845488274493 -0.012807809053515631 0.9998981118916759 118.03692482232157
0.999926329473371 0.009684158766449583 0.0073179696453507794 -0.4905883491566967 -0.009782884145432331 0.9998599626971231 0.013577561988621449 -1.5227279245215437 -0.007185458187478078 -0.013648152842268085 0.9998810414811089 119.40780753289489
0.9999150389045809 0.009766207033044386 0.008633432542904182 -0.5044143268536689 -0.00987646288738177 0.9998690211897006 0.012821698920608958 -1.5311650117268876 -0.00850708308911498 -0.01290587760604939 0.999880526792312 120.7314816943967
0.999885143899248 0.011572352997830389 0.009786707057963223 -0.495482463007051 -0.011697431970259374 0.999849381627901 0.012821238875581766 -1.5401834353128114 -0.009636861902608821 -0.012934245874049425 0.9998699096253848 122.0526213522322
0.9998573319244307 0.012784448333587274 0.011039640073545007 -0.49641642977732914 -0.01292165294806482 0.9998390298109265 0.012447705760467675 -1.5441326759207605 -0.010878726879393898 -0.012588580516996436 0.9998615808900735 123.40689989663454
0.9998219223889574 0.014236483366177742 0.01238733310636736 -0.5023892177145237 -0.014382625740172152 0.9998270571763015 0.011789650003748379 -1.5576052778967708 -0.01221734867350435 -0.011965713143827574 0.9998537683573832 124.74569421210126
0.9997976791684825 0.01480169033322471 0.013620229787372064 -0.4996734359129916 -0.014954982625474523 0.9998251866257711 0.011222509433547787 -1.5647358066544153 -0.013451737808106044 -0.011423929411481137 0.9998442601652049 126.09103353890391
0.9997827837461697 0.014635399693933595 0.014838812854948076 -0.5069486344111714 -0.014796354239325467 0.9998322468039305 0.010795655908380272 -1.5786090657452987 -0.01467832608992502 -0.011012871464259047 0.999831617526001 127.4279875131015
0.9997838848311126 0.014199626047357122 0.01518401197594832 -0.46778789129751547 -0.014376680769905368 0.9998291791352503 0.011615663221491193 -1.5820431989815162 -0.015016481416185787 -0.011831448825301204 0.9998172443525398 128.7178561803803
0.9997682685903535 0.01435104699580677 0.01604545219212247 -0.45914729208186594 -0.01455101479138916 0.9998170385144721 0.012416017763216936 -1.6055782183934966 -0.015864334969268087 -0.012646618441436741 0.999794171777119 130.0928328957683
0.9997917513907886 0.012043650945953967 0.016474352676007786 -0.4464035713347016 -0.012259723306810317 0.9998393179739345 0.013078128389165071 -1.603103173100971 -0.016314198499010384 -0.013277376150216574 0.9997787546314097 131.41544762554548
0.9998015961224181 0.011377203482421756 0.016350156191869476 -0.42171310154376046 -0.011593855574327428 0.999845426955863 0.013217591705086577 -1.622753097712508 -0.016197251026768552 -0.013404530892869885 0.9997789593770671 132.76485244065492
0.9998247276879986 0.009052212519744461 0.016388146156609013 -0.4235739279790537 -0.009281931791758688 0.9998589689600624 0.013995997537525545 -1.6178075290307432 -0.016259141538365798 -0.014145658353996319 0.9997677433629759 134.09738051579322
0.9998441334614874 0.008455005536870772 0.015499085425886698 -0.38479311667807126 -0.008676608975768893 0.9998602927185809 0.014286760103327965 -1.6419498275997602 -0.015376126743329173 -0.014419013057355119 0.9997778087109905 135.43383861634123
0.9998521004418057 0.00911506411878754 0.014583992331976383 -0.3804232265217028 -0.009316925596425444 0.9998609019420766 0.013833715334495645 -1.6502655444199512 -0.014455869735632856 -0.013967547576071233 0.9997979473102696 136.77773887581628
0.9998791570879355 0.0057894404103448925 0.014427529024348204 -0.42383158461524933 -0.006005220831616403 0.999870089885106 0.014957963813799085 -1.6548403248746846 -0.014339057702237675 -0.015042797036985031 0.9997840295199161 138.10757444296723
0.9999038076135232 0.005649020200202116 0.012667441940664787 -0.36327661790229004 -0.0058432472723106334 0.999865130582195 0.015348521493359414 -1.668135300001228 -0.012579030433138665 -0.015421064376042782 0.9998019597737547 139.45582428264788
0.99992291561813 0.004301720115678817 0.011647232458700734 -0.3814053149266682 -0.0044829167548385476 0.9998686391146048 0.015575877955417072 -1.6785532854154803 -0.011578700366577635 -0.015626891173896804 0.9998108490961141 140.8166398469655
0.999940492895202 0.004199984886165466 0.010068306427672211 -0.3596552952986758 -0.004351223310855127 0.9998773248073377 0.015046667190216662 -1.6747472402059886 -0.010003876354957798 -0.015089581548726212 0.9998361000613954 142.1510251538926
0.9999524342266031 0.004203156539812477 0.008801292992094931 -0.3311546433874398 -0.004333254009617575 0.9998808610905606 0.014815078006201158 -1.683017593435089 -0.008737975050349284 -0.01485251184254846 0.999851514317603 143.5018067820792
0.999960372959955 0.001990058353049217 0.008677106716210175 -0.33277776672010084 -0.0020991696112023107 0.9999186189825364 0.012583675847725781 -1.6926987817465293 -0.008651359036259871 -0.012601392155480656 0.9998831726258339 144.83871780401222
0.9999730722690666 -0.0005256650262170839 0.007319728175423167 -0.33352425799522056 0.0004381507128998416 0.9999284711462615 0.011952431130511245 -1.7274769263850358 -0.007325488188044761 -0.011948902363686375 0.999901775652346 146.15056609518322
0.999927030510484 -0.010025570029416925 0.006739556095376949 -0.34070613965369845 0.009925084502549976 0.999841486376374 0.014781569688444046 -1.721039730923914 -0.0068866820153563185 -0.014713600697814837 0.9998680330748044 147.56152323922203
0.9998455100737632 -0.016777601861217142 0.005240999513296196 -0.331644443622273 0.01668937631526799 0.9997254432094573 0.016446972415096232 -1.737301578150748 -0.005515501767955701 -0.01635696281546005 0.9998510034045892 148.88303466700927
0.9998262066922166 -0.01820941942656753 0.003996682189491307 -0.28325804645168384 0.018154195618243746 0.999744803732937 0.013444425508688062 -1.7530106339860356 -0.0042404777803438515 -0.013369532653342609 0.9999016321344262 150.17491448859946
0.9998294862234334 -0.01806781959088909 0.0038147590072620265 -0.3146709255504885 0.018027905985765317 0.999784938066329 0.01025047364897617 -1.762283807205975 -0.003999142634797585 -0.010179953868827656 0.9999401859091346 151.58168348948118
0.9998880916710916 -0.014107146716204043 0.004979212936732509 -0.30388589404966565 0.014067916485225523 0.9998703998281865 0.007827979370301427 -1.7729517544574114 -0.005088998506094648 -0.007757056340407944 0.9999569641578095 152.90112431249386
0.999881637900792 -0.014188032254412454 0.005950625660482315 -0.3066970633890515 0.014138662112518473 0.9998659397516662 0.00825837428614944 -1.7954266161603167 -0.006066998503922558 -0.008173263067359136 0.9999481933061064 154.26591419590343
0.9998730817689986 -0.014778789896846499 0.005950440233862923 -0.3093781328572119 0.014708959693450282 0.9998243768625275 0.011613006600983217 -1.8115783712086904 -0.006121021890378647 -0.011524008124014742 0.9999148615385356 155.60604708379813
0.9996365319982498 -0.026125232601842588 0.006654030414367048 -0.3263866416148526 0.026027231815294736 0.9995573405773324 0.014412012284647134 -1.7918531890309197 -0.007027602698668889 -0.014233588242079539 0.9998740009447349 156.93057804607497
0.9996047619434283 -0.02734162149556226 0.006538779433097716 -0.29553795935654814 0.027238504473934683 0.9995107766761335 0.015371115118024041 -1.8113609411025493 -0.006955852294642564 -0.01518693356827382 0.9998604768504017 158.28678503319534
0.9995810834859487 -0.028344534079128684 0.0058519163554228044 -0.264198587937977 0.028249694063559844 0.999477611570405 0.01569900488231207 -1.8293544190645052 -0.0062938408780464005 -0.015527113742423205 0.9998596383024134 159.62357949894405
0.9995880054154559 -0.027780507145097597 0.0072154593871971845 -0.27674175768353015 0.027663254177416014 0.9994912915491532 0.015871436099916043 -1.8220521301941213 -0.007652705997906754 -0.015665294348443656 0.9998480057708155 160.98648060783438
0.9996121147335547 -0.026441041560173864 0.00874593641590842 -0.2995907583077066 0.02630442709917214 0.9995356096214406 0.015383179437367719 -1.8107143843258773 -0.009148622932868698 -0.015147155952723788 0.999843420923689 162.32597787558194
0.9996580813697179 -0.024107636437574537 0.010126313546324948 -0.31291108849682664 0.023961677977491998 0.9996106540110001 0.014296096285052915 -1.826398789727414 -0.010467016869831102 -0.01404856496902973 0.9998465279126291 163.67087877539763
0.9996757322642099 -0.023078240770760698 0.010762208634740183 -0.31663778641824963 0.022930939136536058 0.9996443344917787 0.013615305378753549 -1.821651193251172 -0.01107259910720147 -0.013364103060064254 0.9998493878064357 165.02705708078577
0.9996572885278272 -0.023650605471877723 0.011222939134183986 -0.3170742501373067 0.02348693662369688 0.9996190147227219 0.014497903460998409 -1.8116415433314026 -0.01156154851827592 -0.014229342655937558 0.999831914074901 166.37508385451852
0.9996652944399155 -0.023574347876549558 0.010655947806007936 -0.284072558363076 0.023421153468489588 0.9996236986260771 0.014279730646387313 -1.8080153228991436 -0.010988574211542318 -0.014025376801685472 0.9998412574210317 167.69787693675957
0.9996964009993113 -0.022107217936094742 0.010880108231682242 -0.3020260070271661 0.021970363156054384 0.9996799577371869 0.012541340938202908 -1.8120750853207137 -0.011153881225529537 -0.012298493687008423 0.999862159492244 169.07877399479818
0.9997999278915369 -0.01769383033595886 0.009329124909328159 -0.28405479619785656 0.017598925474448957 0.9997935160469628 0.010158891715968729 -1.8436272344846139 -0.009506949095175122 -0.009992676806738838 0.9999048776385598 170.51391034443313
0.9998904145422562 -0.011623396566681782 0.009168182801244805 -0.28562802470236176 0.011549775792432895 0.9999009547688417 0.008042594054944004 -1.8446030221813985 -0.009260757771928887 -0.007935822387793357 0.9999256277762768 171.8666046561557
0.9999079800643711 -0.009913633712169799 0.009260199075544484 -0.26252107778654993 0.009829427934264416 0.9999103272122473 0.009095046361873855 -1.8515178803762664 -0.009349534428019503 -0.009003187139074635 0.9999157608634174 173.2237227287759
0.9999244114339512 -0.005075348881324828 0.011198761777336329 -0.29835621472362334 0.004944105442834117 0.9999191398016923 0.011716213934216138 -1.8779543705315007 -0.011257321058076988 -0.011659960680112543 0.9998686503921647 174.60231617400382
0.9999412300858754 -0.00301519838075639 0.010413691188690467 -0.2721085093080857 0.0028630944135711652 0.9998894564739227 0.014590322560916545 -1.890024084717964 -0.010456533611205061 -0.014559649983989847 0.999839325840062 175.97476542221176
0.9999353177208304 -0.006391640655339835 0.009407832851518952 -0.26559047999736723 0.0062494439387051105 0.9998669510941228 0.015067333745400972 -1.885166336344718 -0.009502886923092993 -0.015007565715088243 0.9998422216083651 177.40491830774943
0.9999320165336368 -0.00823852308173445 0.008251609800814423 -0.27395470301892244 0.00811244056679951 0.9998515863727786 0.015198470993305811 -1.8777400088174507 -0.00837559879856624 -0.015130497339567804 0.9998504475142657 178.80011566143298
0.9999318997876234 -0.009878811020475468 0.006213283829667875 -0.25338121106463884 0.009806370095098483 0.9998848221936892 0.011583498542765963 -1.896841258364513 -0.0063269999149843745 -0.011521780157695408 0.9999136050938718 180.13562131701696
0.999966128399811 -0.006665783639549533 0.004827980422457767 -0.3004066312601606 0.006626958301233358 0.9999459308193628 0.008013666530723986 -1.9278281886058513 -0.004881137150325845 -0.00798140041831202 0.9999562349144548 181.55676919591895
0.9999895971254048 -0.003152114601586575 0.0032969414805535955 -0.26703603630220774 0.003129438939315967 0.9999715693746686 0.006860542836178254 -1.9331188634162455 -0.0033184732383604847 -0.006850154019661754 0.9999710311418705 182.9461719916041
0.9999940804043682 -0.00011551250799268949 0.0034388686418576385 -0.30750598455316197 8.685044548982675e-05 0.9999652701607822 0.008333722255941848 -1.9421326103703056 -0.0034397121435840077 -0.008333374417762173 0.9999593607989093 184.2746078621264
0.999989425785742 0.0025438548581751515 0.003831072855934187 -0.27965621467702306 -0.002585253856277876 0.9999379016922243 0.010840167095910446 -1.9460620461075961 -0.003803259453856396 -0.010849956978236392 0.9999339046408091 185.72407955698532
0.999976825636583 0.005323015834901532 0.004244253371197804 -0.3079654277583688 -0.0053794118775602195 0.9998958964357519 0.013388734965372988 -1.9662054373396134 -0.004172543423185393 -0.013411256541970654 0.9999013591748415 187.0917890841302
0.9999864207827307 0.0026452336264253954 0.004490099065321056 -0.30729546177667716 -0.0027073321203224575 0.9998999920517619 0.013880786967144157 -1.9601763071493856 -0.0044529324605366224 -0.013892754938567122 0.999893575713514 188.54056485964978
0.9999883210009625 0.0016510180483436457 0.004542246517647096 -0.3145557328158623 -0.0017172861730178944 0.9998915851995661 0.014624252871680942 -1.9701605269373328 -0.004517609535527036 -0.014631882698160958 0.9998827427322107 189.9545383358311
0.999986958314925 -0.0018609371732807387 0.004756061509055382 -0.3257469014163363 0.0017884840785663617 0.9998829803883105 0.015192986711856055 -1.966518236985429 -0.004783778542207354 -0.015184282723380566 0.9998732684806222 191.31518640122482
0.9999807042418184 -0.0033746020389400153 0.005215670192764183 -0.3323617162984396 0.003293396301195418 0.9998744352901471 0.015500554267658619 -1.9795200110460245 -0.005267323923083015 -0.015483078202085752 0.9998662558507718 192.77024045263352
0.9999720643499725 -0.005309138165938539 0.0052615191840453875 -0.3136210351101657 0.00522367172154759 0.9998563143452803 0.016126496944787582 -1.9818331015913249 -0.005346381418076922 -0.016098562300519807 0.9998561158981633 194.11566293627428
0.9999480080348303 -0.008497698489975145 0.005636520438222417 -0.30628936277392005 0.008400579557428392 0.9998195880092402 0.017035893848975272 -1.9761255271708524 -0.005780269905956533 -0.0169876584046192 0.999838991009822 195.56293753992773
0.9999155108629999 -0.01163270801989844 0.005800970256708664 -0.285183419775378 0.011528039083807371 0.9997757868281518 0.017761767045600015 -1.9859737353544316 -0.006006287545198336 -0.017693392892326982 0.999825418940788 196.99673791833766
0.9999462999219919 -0.008400557392420627 0.006068601412133071 -0.3018750038946069 0.008306642027382379 0.9998478519362782 0.01533860036246728 -2.02108461056292 -0.00619653138956153 -0.015287367268729068 0.9998639404444005 198.4163985688621
0.9999731620388407 -0.0034336835678846767 0.0064718645223144815 -0.31819808439005326 0.0033709652246213077 0.9999474939793408 0.009677079623388344 -2.01556929419858 -0.006504753281400827 -0.009655003662431376 0.9999322322466069 199.84228545713066
0.9999443347753629 0.0067796955707564955 0.008084743128931593 -0.32377023157064433 -0.006852739923872457 0.99993564291248 0.00904157066048368 -2.0199663709413724 -0.008022924392926664 -0.009096470179384945 0.9999264407496969 201.3048884899667
0.9998784490693271 0.012896518314631794 0.008761670915151802 -0.3267022148626594 -0.013007089349380241 0.999834974877223 0.01268221849335506 -2.0281266729495444 -0.008596669273215876 -0.012794641049396208 0.9998811901599526 202.7329817340222
0.9998602424158517 0.013617009013196246 0.009699106884484672 -0.30121016699367553 -0.01375851785690211 0.9997976439491638 0.014675638595969862 -2.0198375479046047 -0.00949730669997327 -0.014807033193981108 0.9998452644947685 204.16559166272697
0.9998809316482944 0.011464166872392744 0.010329345752296992 -0.35087281974472373 -0.011618941323250628 0.9998192237007915 0.015050586093660721 -2.017615319132294 -0.010154936867544775 -0.015168810406871763 0.9998333783423903 205.62248858109405
0.9999216654627818 0.008943424007589268 0.00875660278512191 -0.32689614071868756 -0.009078419180890406 0.9998386547791488 0.015499894440521309 -2.0314495098838368 -0.00861656853722412 -0.015578176681022802 0.9998415250216853 207.07345536562642
0.9999409408194452 0.008039306381490146 0.007313304002009318 -0.2984931828244647 -0.008148587248170278 0.9998537237984946 0.015037670798011554 -2.0378806784473373 -0.007191342392923881 -0.015096376079076787 0.9998601822372872 208.5047702235962
0.999946083259259 0.007699936290289502 0.0069671763130951065 -0.3142047023792244 -0.007801101465350121 0.9998628151136734 0.014611426322221727 -2.0378500125601877 -0.006853714037859317 -0.014664990460441998 0.9998689737451678 209.97611711953897
0.9999334229782681 0.009165022219071044 0.0070108462329010485 -0.31892769781697844 -0.0092667950531156 0.9998501164229011 0.014624336319997882 -2.0479319864509686 -0.006875763624657382 -0.014688331041354401 0.9998684797538809 211.46344511786802
0.9999305099310131 0.009947847901745787 0.0063257896678542876 -0.29735393259649545 -0.010042571368821689 0.9998352087566355 0.01512290008468678 -2.03939843676432 -0.006174307433383258 -0.015185376689412047 0.9998656321039998 212.9001360186159
0.9999335997070606 0.00991986883780424 0.0058645002059544895 -0.30969012784127936 -0.010007673145008045 0.9998353411491921 0.01513727463194531 -2.052333381342057 -0.005713375256366415 -0.01519495981613003 0.9998682265878035 214.35253040086727
0.9999303840952373 0.010327191641144123 0.005707543974344075 -0.32395480213208794 -0.01040973904767871 0.9998388252406438 0.01462740209003141 -2.0658782497519517 -0.005555564536005035 -0.014685798126416447 0.9998767239196442 215.8028105589833
0.9999392045678853 0.009512101618244891 0.005577371738527603 -0.32990548841949474 -0.009590381717862804 0.999853457133918 0.014180580077593817 -2.0648804438744914 -0.005441667744756493 -0.014233207370442796 0.9998838952898812 217.29822049457894
0.9999411889671879 0.009787068662646716 0.004672459421755622 -0.30571331316043626 -0.009852787972121529 0.99984983847515 0.01425563350295487 -2.0766285424380753 -0.004532237306280808 -0.014300832152087514 0.9998874661807754 218.76999960672282
0.9999328306313687 0.010584891516544308 0.004721681689230395 -0.31608338359599114 -0.010648973438257164 0.9998486255601534 0.013759554827305436 -2.070054861939944 -0.004575323928309984 -0.013808911946139741 0.9998941845825985 220.2631934475475
0.9999389197801765 0.009967954981859234 0.004774574855461087 -0.32638517231524034 -0.010034314164419505 0.9998504926696611 0.014082075994378806 -2.091130539285318 -0.004633491902743122 -0.014129125724526093 0.9998894431683457 221.75088873110255
0.9999207816144348 0.01181162267433146 0.004349257657132516 -0.33101510261034095 -0.011870011798878397 0.9998363333254285 0.01365318295988157 -2.093795553929985 -0.004187279926696187 -0.013703727392211235 0.9998973320010935 223.2445318400344
