1.0 -3.469446951953614e-18 0.0 -1.7787691892340307e-19 0.0 0.9999999999999999 -3.5575383784680614e-19 0.0 2.168404344971009e-19 -2.371692252312041e-19 1.0 0.0
0.9999999398638733 -7.08535559765227e-05 -0.00033948727388392647 0.05569069961672338 7.123806521749064e-05 0.9999993559314045 0.0011327230995349811 -0.026761272848715878 0.0003394068273799933 -0.0011327472383819146 0.9999993008434594 1.3159701006825606
0.9999991075624272 -0.0005587901877283866 0.0012135198795759842 0.11108300046058615 0.0005566348298350308 0.9999982684086526 0.0017757635472657302 -0.04833477912174309 -0.0012145101586562628 -0.0017750865086460634 0.9999976870130872 2.5650198957187875
0.9999997876649735 -0.00036763142123670545 0.0005380692657276438 0.10454571607408251 0.00036653295192993693 0.9999978515642665 0.002040225355757239 -0.07147447086886928 -0.0005388182045187578 -0.002040027741917858 0.9999977739781775 3.8873880791685087
0.9999994842191195 -0.0006521967350909073 0.000778590449708901 0.09391848633032968 0.0006504948512553142 0.9999974031374136 0.002184164247355257 -0.0799702895630693 -0.0007800129967056491 -0.002183656693631289 0.9999973116075924 5.21442880527266
0.999999404876163 -0.0009227085092202506 0.000582115655168439 0.08912481069904642 0.0009212738007540258 0.9999965492721404 0.0024602228563393187 -0.09000132938014571 -0.0005843837623331636 -0.0024596851515974274 0.9999968042169718 6.545649628199611
0.9999985418257732 -0.0015380160680926163 0.0007421969695389269 0.08703263301917234 0.0015357839096044532 0.9999943239844622 0.0029988937492696865 -0.11515900201697132 -0.0007468051641606869 -0.0029977495794958607 0.9999952278781072 7.884677398303625
0.9999983721433757 -0.0017394241694461826 0.000479705646859472 0.08750393934879053 0.0017379458328591543 0.9999937914659641 0.003065382616211969 -0.12054703647752528 -0.00048503470758247706 -0.0030645439824532766 0.9999951866441089 9.209174893130488
0.999998594451804 -0.0016765711300371373 -1.4359197279743786e-05 0.0840747493317382 0.0016766074118423173 0.9999938857753906 0.003068777652818293 -0.12713230017011815 9.214088853782632e-06 -0.003068797473448804 0.9999952911878046 10.540428004097116
0.9999990881399523 -0.0013416427535286012 0.00015400092983488146 0.03779425904498848 0.001341172125622377 0.9999945493420256 0.0030170417500562704 -0.13154622149921802 -0.00015804789344311433 -0.003016832515486907 0.9999954368609805 11.870856170926288
0.9999999076820689 -0.0004178182238359397 -0.00010032098279159885 0.0746895884912557 0.00041812585339379843 0.9999951509689885 0.003085969541160978 -0.155424003994738 9.903113292437601e-05 -0.003086011263652003 0.9999952333526759 13.210224270194495
0.9999999027244533 0.000301268582278324 0.00032216193704836713 0.030508597369876267 -0.000302225960330197 0.9999955267240838 0.0029757673314200275 -0.16187054094057923 -0.000321264015475547 -0.002975864466273816 0.9999955205000683 14.532230475151103
0.9999998121990803 0.00029851494546188906 0.0005352484803181996 0.02182569637975735 -0.0003003795884061579 0.9999938753705515 0.0034869748021482696 -0.18128162330919328 -0.0005342043303585035 -0.003487134993533334 0.9999937772382307 15.90246205551292
0.9999993538955813 -0.0003816603325608615 0.001070768866408971 0.022295553302850338 0.00037655908440052677 0.9999885988657877 0.004760287806784201 -0.19600254787049054 -0.0010725735582077331 -0.004759881616047676 0.9999880964854029 17.231305351481158
0.9999969313274665 -0.0022527309580028052 0.0010307976075091042 0.020997425316853086 0.0022459340623219772 0.9999760375778877 0.006548285667189976 -0.20286674198018861 -0.0010455245158372563 -0.006545950595630346 0.9999780284633737 18.588930299214123
0.9999790454081626 -0.006412267297181423 0.0008897088045364447 0.024253647737530783 0.006407422988109961 0.9999651857712233 0.0053452939277387115 -0.25923181169690074 -0.0009239533567561272 -0.005339481278218613 0.9999853180171231 19.929408772525512
0.9999797966378722 -0.006299612323912672 0.0008492405838117459 0.020213655881514768 0.006296426592844462 0.999973318724724 0.003703625576286681 -0.24546305399791457 -0.0008725494006062776 -0.0036982036369607413 0.9999927809473902 21.297192788070554
0.9999903435551227 -0.004283829115411199 0.0009806180811254943 0.0024159820109030256 0.00428143213486569 0.9999878728414855 0.00243382469084107 -0.31279687819292 -0.0009910323595661707 -0.0024296027827834655 0.9999965574361674 22.65157240014945
0.999992291654708 -0.00338005087144495 0.00199797266133437 -0.009515482795323063 0.0033727532934567754 0.9999876700679233 0.0036447553909586825 -0.3018985259189727 -0.0020102676517988124 -0.003637988694531824 0.9999913618928068 24.012273318491395
0.9999915938796039 -0.00300694718578892 0.002787552093133596 -0.012869268063304067 0.002983716576002665 0.9999610963271969 0.008300798803966697 -0.3128033594933176 -0.002812403941466554 -0.008292411919915367 0.9999616624088247 25.377498681054547
0.9999899001167969 -0.003957974640772889 0.002129344839727002 0.015227791825587873 0.003938404814526323 0.9999506773780538 0.009117662555085577 -0.32840982376654404 -0.0021653274673673817 -0.009109184420536716 0.9999561660973274 26.784732368074007
0.999952902690366 -0.009354380648423965 0.002586112284326774 0.005924626273296228 0.009331245966518178 0.9999175837391315 0.008817798243796228 -0.35857255161538637 -0.0026683844055859704 -0.00879325146338107 0.9999577783349431 28.134537767723174
0.9999610250841402 -0.008388546625980318 0.0027532909126321103 -0.01071172164151632 0.008368921737752735 0.9999400304943508 0.007063749215235214 -0.37539085979372544 -0.002812380620149875 -0.0070404319600901955 0.9999712610026954 29.485137485995622
0.999957574579847 -0.008737604240063684 0.0029160462198350575 0.002194599567252986 0.008724158862574482 0.9999513986457826 0.0045923183951789535 -0.41096455426130035 -0.0029560306022030046 -0.004566683594583897 0.9999852035311544 30.898037792250545
0.9999632030453006 -0.007792618527770833 0.0035871527733588307 -0.015076698970114676 0.007779802138399955 0.9999633528069247 0.003573193584177725 -0.3761179925414618 -0.0036148661508624198 -0.003545154823685866 0.9999871822259836 32.25844425311503
0.9999699149322059 -0.006583570840804307 0.004101931036660224 -0.008522009247370357 0.006577524742369178 0.9999772639927096 0.0014858188945665208 -0.4257327088218932 -0.004111620114893034 -0.0014587936610860885 0.9999904832029389 33.64210980409832
0.9999693972788877 -0.006406104681495002 0.004490694985193978 -0.021493780563247883 0.006397013028150425 0.9999774660135454 0.00203609463180494 -0.4368580231203627 -0.004503637605800651 -0.002007305318437522 0.9999878439105288 35.03543607199458
0.9999718016255544 -0.0062257820107146315 0.004199476712857502 -0.03420794675832497 0.006212314017849718 0.9999755428206905 0.003212616813858119 -0.46975840440058503 -0.00421937541101719 -0.003186437809839458 0.9999860216427415 36.42061362577808
0.9999746292644083 -0.005954063039133671 0.003910239497295394 -0.04362038893981416 0.005938124100703207 0.9999740647972349 0.004075341315737244 -0.4579893602368164 -0.0039344032523240735 -0.004052018506036148 0.9999840506794114 37.83630928508155
0.9999855292205203 -0.004209153344467996 0.0033502817141572703 -0.034769536452782954 0.004193805667864599 0.9999807404495823 0.0045750100806986925 -0.47396930369501195 -0.0033694743889739857 -0.004560893530224112 0.9999839223154285 39.22765414423541
0.999988874790787 -0.002864013918019239 0.0037480298312493523 -0.04356055806351608 0.002845546849204895 0.9999838319449551 0.0049232820947919375 -0.49608899449403315 -0.0037620698950799765 -0.004912562219341992 0.9999808565963102 40.62629149098809
0.9999902849968666 0.0020098798898049103 0.003923046760690415 -0.06014596736862292 -0.002030409779079703 0.9999842298674891 0.005236167946212943 -0.5288931692722096 -0.0039124611515814825 -0.005244082571045128 0.9999785958920547 42.045945014370695
0.9999921165119442 0.00164346669429454 0.0036146829414265783 -0.0671889500758562 -0.0016630140947419122 0.9999839753998064 0.005411407329296645 -0.5322680464355799 -0.003605731850290025 -0.005417376042309362 0.9999788251415608 43.44111536917531
0.9999924369782407 0.0016962126322875182 0.0034998357677339907 -0.09047958665952528 -0.001715659838787617 0.9999830653370695 0.005561074716566604 -0.5633226823056023 -0.0034903440245701222 -0.0055670372938887965 0.9999784125626787 44.87103450273131
0.9999947688467269 0.0016887694406524318 0.0027586840349956144 -0.09065364183247471 -0.0017034745319247742 0.999984308193176 0.005336810245659588 -0.5884462783812168 -0.002749628332349101 -0.005341481780316275 0.9999819538942256 46.26524408616421
0.9999970340096058 0.0014722843327587727 0.0019401935342702387 -0.10505180099193515 -0.0014826232097029128 0.9999846530445078 0.005338118126605814 -0.6084188166744174 -0.001932304689581443 -0.005340978974587335 0.9999838699403123 47.70282708375572
0.9999985065864979 0.0015083521685191493 0.0008436214426294981 -0.10495231732301268 -0.00151298348773494 0.9999836407051156 0.005516267248863897 -0.6210652401105998 -0.0008352872341221308 -0.0055175355053321655 0.9999844294274295 49.09868225441845
0.9999972896068565 0.002300954349960982 -0.00035550439806719485 -0.102131089178671 -0.0022988403941066275 0.9999803225993024 0.00583692981291251 -0.6409553776985598 0.00036892794746835986 -0.0058360968617566684 0.9999829017876404 50.51612428934811
0.9999970746390295 0.0019864928167983437 -0.0013800557631275156 -0.12383026475988793 -0.001978377248139686 0.9999808883653873 0.0058573824719486195 -0.6350481975214578 0.0013916651584376322 -0.005854635184113652 0.9999818930954311 51.97293870017594
0.9999926118008609 0.0030210112832315715 -0.0023769360309759823 -0.12935913941036858 -0.003004611930251465 0.9999718664996616 0.006873028438392334 -0.6728932932892135 0.002397632863896473 -0.0068658360283205405 0.999973555479505 53.37494132381293
0.9999898917819693 0.002338017488569946 -0.0038405724603353744 -0.11832394370317526 -0.0023096871732093075 0.9999702137844707 0.007364569981767535 -0.6802782995889565 0.003857676889445108 -0.0073556251680444796 0.9999655059634178 54.853857570559136
0.9999910686911033 -0.001793934418166691 -0.003826791468231925 -0.14358097826025823 0.0018257371046568847 0.9999636943425211 0.008323261119292257 -0.6902660532975275 0.0038117214784561095 -0.008330173662763998 0.999958038617485 56.23292664447527
0.999987579195867 -0.002254535444889674 -0.004445055542928946 -0.156866061414361 0.0022916570175374774 0.9999623965391576 0.00836383942394172 -0.7167572817945655 0.004426032201999722 -0.008373922247980637 0.9999551428319859 57.674503512772986
0.99998886134894 -0.002210235631129452 -0.004170375514151826 -0.18110855484319632 0.0022460098229020037 0.9999605567784663 0.008593039116622197 -0.7423537694287479 0.004151218737808026 -0.008602310277361608 0.9999543827852219 59.12285236790174
0.9999884283244814 -0.002098739767795005 -0.004328799306677407 -0.16647602050866905 0.0021392162940209094 0.9999538390753747 0.009367148227598479 -0.7667881843260363 0.004308940650685417 -0.00937630025871144 0.9999467576002029 60.534439626060625
0.9999799631390255 -0.005223063939077403 -0.003576719689036641 -0.19746516626864807 0.0052615390057417465 0.9999274739952619 0.010833418033465792 -0.7817961368223136 0.0035198769553895577 -0.010852020228686378 0.9999349199490236 61.97426016134854
0.9999795115463762 -0.005403590426180655 -0.003431865181854253 -0.18991211025885346 0.005438951733157215 0.9999313411338195 0.010379345451025784 -0.8018508459351423 0.0033755441162318734 -0.01039779874691371 0.9999402439610389 63.39692634130373
0.9999687292913824 -0.0074515508756051695 -0.0026485529642002927 -0.21213949407028485 0.007474277189306388 0.9999344227123622 0.008676718520939156 -0.8000332453423028 0.0025837244957079447 -0.008696243380606317 0.9999588490163069 64.79450442099984
0.999969711170595 -0.007527003289926932 -0.0019801434501603658 -0.2211689418817432 0.007543605960734464 0.9999352930860235 0.00851490687015609 -0.8105216219986074 0.001915923758518724 -0.008529586549441241 0.999961786967534 66.25437603973708
0.999978142819237 -0.006496995856632087 -0.0012259422750973172 -0.2327820658968353 0.006507000086180933 0.9999440449500578 0.008340617994756059 -0.8280874644541956 0.0011716848231217315 -0.008348413059375273 0.9999644649478764 67.60897351801269
0.9999938576165853 -0.003413606397856605 -0.0007949993649929197 -0.246255644065869 0.003421133267477297 0.9999474229807392 0.009666804717085212 -0.8494729175536889 0.0007619589723268665 -0.00966946532722783 0.9999529593251809 69.07060012312125
0.9999999216883038 -0.00037739662631366966 0.00011914679558282064 -0.26254745286003334 0.0003760880514239763 0.9999416238304126 0.01079849456273549 -0.867903506854578 -0.00012321515731111908 -0.010798449119844976 0.999941687458923 70.43887318494833
0.999993877537957 0.003217147004081348 0.00137653470562324 -0.29144044754967247 -0.0032331123487437325 0.9999256519143294 0.011757449970619479 -0.8850519114274414 -0.0013386070217735616 -0.01176182871062875 0.9999299313046961 71.89228826058061
0.9999714530672599 0.0072485345880947995 0.0021334911662972745 -0.30387352087688546 -0.007273040043044793 0.999904968261091 0.01171141947700459 -0.9015873500721431 -0.002048397951854193 -0.011726602353595598 0.9999291429219096 73.25094403988163
0.9999482220998768 0.009877453404297047 0.002447246285585977 -0.30631750697511184 -0.009903932857220283 0.9998898445625244 0.01105490267227774 -0.903946839592946 -0.0023377826112908713 -0.011078567859546189 0.9999358979991664 74.65404684601855
0.9999401694533125 0.010457136101470421 0.003210264501889555 -0.32194418369956523 -0.010492472875878523 0.9998822816172946 0.011195130226479378 -0.9059493129196209 -0.0030928178472381627 -0.011228144255723273 0.9999321793273553 76.07551258572222
0.9999167608328446 0.012381018628936865 0.0036306690319026693 -0.3230083488263329 -0.012422712243903379 0.9998544401574544 0.011695073477567989 -0.9304445158102292 -0.0034853439155169623 -0.011739202984050887 0.9999250189344274 77.47575517066853
0.9999244847163422 0.011674772928546028 0.003837254046529971 -0.3322635569463643 -0.011719796159206285 0.9998601776830042 0.01192776110760595 -0.9614426573612669 -0.003697463913818178 -0.01197183245647283 0.9999214989128415 78.87714757778096
0.9999364747512932 0.010784393230878785 0.003277697914260103 -0.32274967506784763 -0.010818847703977313 0.9998844148991369 0.01068220003041281 -0.9572435148751779 -0.003162118274750502 -0.010716982572467856 0.9999375716974622 80.25622098744118
0.9999388409867852 0.010601434896177181 0.0031502132612850255 -0.3358031523810302 -0.010634013763196963 0.9998882084781919 0.01051134237001058 -0.9803642355590173 -0.0030384260312519666 -0.010544199131330846 0.999939792103316 81.6463176452954
0.9999278922661494 0.011643922737950004 0.0029375682932746274 -0.3555480406726841 -0.011674928183408591 0.9998738658875543 0.010767933454828748 -0.9892679406274596 -0.002811817010122227 -0.010801453121930324 0.9999377092077426 83.01170565521697
0.9999338937392014 0.011202650582552225 0.002590125193164659 -0.36892221455457846 -0.011228561531095707 0.9998847775248648 0.010215238755109896 -0.9925360200603394 -0.002475389203742922 -0.010243647052442245 0.9999444685298744 84.37990309563361
0.9999327274940815 0.011476347223608938 0.0016834238250251856 -0.36941111208654764 -0.011492951336174386 0.9998818357968631 0.010209139862301974 -1.004119187489408 -0.0015660613954638013 -0.010227800785081778 0.9999464683391972 85.77776791330244
0.999942465051955 0.01069706712306958 0.0007995730925585232 -0.38540255559524145 -0.010705140195603296 0.9998834541336382 0.010884766604732558 -1.0228501890150699 -0.0006830448762133836 -0.010892700114632711 0.9999404394946236 87.15082142475882
0.9999400905388691 0.01094582972332809 6.418182786932904e-05 -0.3959171382574259 -0.010945804882281036 0.9998667393926082 0.012111681663514196 -1.0454628817377327 6.839914507857656e-05 -0.012111658828113306 0.999926648833114 88.51285996525296
0.9999775468850393 0.0064300881028183515 -0.0018867104803994474 -0.3755912746480898 -0.006406703246363039 0.9999056677256896 0.012149477847678234 -1.0387683791666817 0.0019646548911049677 -0.012137117705636588 0.9999244123996945 89.86558107879156
0.9999793047210356 0.0059382541830563535 -0.00247532838955528 -0.4035786290013593 -0.005905935235849512 0.9998997935934316 0.012865562854264184 -1.0717062819159167 0.002551479553857974 -0.012850677728601285 0.9999141713384717 91.24554948218554
0.9999834330999277 0.005058112379493056 -0.0027475461972352507 -0.4175907859076171 -0.005021902595858013 0.9999024970030022 0.013029849810308195 -1.0954985211048789 0.0028131849958090475 -0.013015836299407823 0.9999113330719575 92.6020864606821
0.9999854183653899 0.00445769623676873 -0.003048276047796012 -0.42823880508213974 -0.00441902441190499 0.9999111325196203 0.012577729927602888 -1.1029964025411059 0.0031040731267411997 -0.012564076371043705 0.9999162508557429 93.946828410278
0.9999865336405428 0.003960836831751139 -0.003353251499409949 -0.44550818820586124 -0.003920102970607134 0.9999194913411569 0.012068290332267051 -1.1054708693363615 0.003400782359361905 -0.012054982968566464 0.9999215529608888 95.33566924615684
0.9999873231353612 0.003831701115689149 -0.003266744869927141 -0.4425918281999013 -0.0037933950661202956 0.9999249086648143 0.011652775992115212 -1.1135947481274917 0.0033111498094514145 -0.011640236452632211 0.9999267679148149 96.70827752467852
0.9999830737884657 0.005079868644624927 -0.002836733361435792 -0.4652766134128681 -0.005048583602317181 0.9999275316620542 0.010929008820319818 -1.1276203458953815 0.0028920459702130017 -0.010914502569435845 0.9999362528245371 98.08706209135381
0.9999716018135781 0.0070054116322199695 -0.002778444666461749 -0.47599909961546505 -0.006974299172303344 0.9999145818928323 0.011053871702685162 -1.136248019945802 0.0028556445081894272 -0.011034180313606333 0.9999350439744837 99.42266884020384
0.9999740767091398 0.0068477936614563285 -0.0022256715090161923 -0.5013193334786826 -0.006820369774248739 0.9999034797010696 0.012104290450053727 -1.1445239377060488 0.0023083445743692335 -0.012088797009712363 0.9999242634023475 100.77559703175108
0.9999675574048514 0.007601849082206059 -0.0026638332370283353 -0.5114951706963192 -0.007565090925722539 0.9998796071434561 0.013547716720838583 -1.155387693184612 0.0027665004726959617 -0.013527125331788193 0.999904677139661 102.05544853590544
0.9999733408163686 0.00661381423456062 -0.0030943656343642425 -0.4795884538704921 -0.006572585207368576 0.9998919375213462 0.013149692455653297 -1.1836790444934802 0.0031810011516977092 -0.013129004180213752 0.999908751082754 103.40297563871832
0.9999756875022162 0.006434951738910582 -0.002686220897739657 -0.487941307479398 -0.006405732012852978 0.9999217179741131 0.010748233823590284 -1.1968371123859844 0.002755175221964685 -0.010730765514650143 0.9999386279615329 104.73262692714279
0.9999844234701261 0.004925587594334485 -0.002625145668636304 -0.5099378389271192 -0.004900385148414169 0.9999426572208565 0.009522000938681939 -1.2076562404196791 0.002671896818363083 -0.009508988587467296 0.9999512188658194 106.02985673887066
0.9999889157472168 0.004282002882863528 -0.0019577595713465047 -0.5475781337614244 -0.0042607299017379165 0.9999332025586198 0.010744142863904587 -1.2171439515487874 0.00200363542646793 -0.01073568250486858 0.9999403635084426 107.39733262730496
0.9999953786495513 0.0028141674070350613 -0.0011502757842455668 -0.5627431422500514 -0.0028010446768363577 0.9999327353494563 0.011255173311600574 -1.1893571650174692 0.0011818724620402477 -0.011251899548525152 0.999935996921802 108.7457767172064
0.9999991237964924 0.0007794656018492085 -0.0010699703638896766 -0.5457960026639883 -0.0007654855292073878 0.9999151423586409 0.013004695689706112 -1.231767881698147 0.0010800163834166622 -0.01300386550589272 0.9999148629025277 110.08884373493981
0.9999999784591889 5.091467225065531e-05 0.00020122012711007138 -0.5713008690660911 -5.3318041483932724e-05 0.9999284500124923 0.011962107191056342 -1.2375178743926867 -0.00020059669032164982 -0.01196211789769044 0.9999284311892015 111.46169643158822
0.9999974920095512 0.0019265399444754593 0.0011421106392628965 -0.5862850159664599 -0.0019370940592438515 0.9999547582810093 0.00931284372113875 -1.253345657752569 -0.001124117490368309 -0.009315032924505999 0.9999559822926308 112.72949193372544
0.9999898945612862 0.004251195539297003 0.001462226303334474 -0.5680801413260934 -0.0042632914367379295 0.9999558753492631 0.008370884431388326 -1.2789450716478965 -0.0014265756306029737 -0.008377033904008862 0.9999638944409064 114.09181337997073
0.999965759496888 0.007427805287581246 0.0036479489052761585 -0.6058915062349798 -0.007454090377998978 0.9999459691791651 0.0072453621449637545 -1.2835349100277345 -0.0035939349626525697 -0.0072723063470509774 0.9999670980534557 115.40436590244947
0.9999577134570556 0.0076476663921745 0.005107297315158209 -0.6138613766743947 -0.007696045594168801 0.999925058250862 0.00952096515064688 -1.3080169983445344 -0.00503410181833513 -0.009559868725126704 0.9999416316597128 116.76601103301675
0.9999509841446944 0.008181290811703379 0.005576358754957017 -0.6164008947467627 -0.008246037623584841 0.9998976859180505 0.011688480339376235 -1.3052200330975163 -0.005480161812279872 -0.011733890515687097 0.999916138302717 118.05338804975963
0.9999446741086867 0.008401722062567465 0.006329279272309998 -0.6066248226882712 -0.008478587445457602 0.9998894231518006 0.012216997904312531 -1.3182266642653349 -0.0062259360964853 -0.012269985578995194 0.9999053381054916 119.42999402780325
0.9999332473301492 0.008802400441791616 0.0074845586119715824 -0.6126894229057356 -0.008888689861716044 0.9998935008745381 0.011574891646351906 -1.3352594443387789 -0.007381875296660486 -0.011640647141850615 0.9999049971115404 120.74648695877906
0.9999082881609048 0.010334146071455746 0.008753323670475812 -0.6071980029121888 -0.010435038880617802 0.9998787309530099 0.01155999009580971 -1.3412540827770365 -0.008632800257797156 -0.011650271411204614 0.9998948674400323 122.06463838206152
0.9998823469623231 0.011706827361753396 0.009911730684621797 -0.6085963612311173 -0.01181627619331362 0.9998690541868932 0.011056677643116186 -1.342790689933189 -0.009780994986898826 -0.011172496759938708 0.9998897476472676 123.42159165522727
0.9998480577665757 0.013198693717358908 0.011386651757717338 -0.6250781592252037 -0.013319819591734124 0.9998548032550187 0.01062802160347109 -1.3592569015417302 -0.011244723393355057 -0.010778075118686486 0.9998786872863931 124.7624280268951
0.9998252991207984 0.014162967384416183 0.01219760480204538 -0.5988464032568278 -0.014284075972845598 0.9998489702819859 0.009899587498178875 -1.3678704002902284 -0.012055556077896327 -0.010072089744770378 0.9998766006727094 126.11418508430428
0.9998184838123949 0.01351759522831588 0.013426616021435793 -0.6084282144286641 -0.013645845937825255 0.9998616975109437 0.009506669773517513 -1.3840370703800202 -0.013296252889695352 -0.009688161883237801 0.999864665430252 127.44113630466136
0.9998192969709169 0.012875100236747795 0.013985891878606578 -0.586009702940711 -0.013020701731981176 0.9998614542107831 0.010369847556830855 -1.3877271658557617 -0.013850442528189882 -0.010550080027096946 0.9998484190373973 128.73614493903818
0.9998049739840972 0.012998505399694767 0.014867845371402205 -0.582158181555471 -0.013162850047554206 0.9998527519760437 0.01100971267135484 -1.4075925069927226 -0.01472254753687055 -0.011203268928892141 0.9998288520336007 130.11974078384358
0.9998156464336656 0.011667034402129064 0.0152497026382715 -0.5638025708571281 -0.011835602643456932 0.9998693328716416 0.011010709202637692 -1.4088755419348784 -0.01511924894974676 -0.011189168977145999 0.9998230897557183 131.43585449922375
0.999827400843875 0.010423484044557299 0.015379189890500019 -0.5560725549911459 -0.010595848806445067 0.9998814833888597 0.011169027913538252 -1.4285687437186092 -0.015260948297956675 -0.01133005593845958 0.9998193503276355 132.791231479122
0.9998358624295364 0.010370975222573298 0.01485567409931507 -0.5321083611734027 -0.010547662503839863 0.99987397656578 0.011864983019077596 -1.4486524400021525 -0.014730751727151081 -0.012019728399111376 0.9998192492059417 134.12915430472108
0.9998585662717469 0.007900932169408329 0.014846639722373321 -0.5426658294995468 -0.008082497943789508 0.999892795681447 0.012209438315345471 -1.454385540285237 -0.014748583391443975 -0.012327709661009486 0.9998152363625126 135.46063991224344
0.9998747158754465 0.008387120344250166 0.013424185354351411 -0.5162363942014752 -0.008548011533499527 0.9998917839285719 0.011972967259904996 -1.4701021528508487 -0.013322315041076279 -0.01208621756221169 0.9998382065443575 136.80719833783698
0.9998672019399667 0.01035027759686792 0.012587701159826907 -0.5133720297870965 -0.010515912918793849 0.9998580492565797 0.013164229228611737 -1.5193039821559478 -0.012449661941437594 -0.013294852473581082 0.9998341126478423 138.15291936931752
0.9998786659320539 0.010681229907382819 0.011338638512017305 -0.49132220883893285 -0.010828852501012834 0.9998563524214673 0.013038807301336169 -1.5361648250986526 -0.01119774018189028 -0.013160009952257945 0.9998507012305783 139.47668220565672
0.9999034901655032 0.00926227689591375 0.010354736486108497 -0.5035562906487768 -0.009398347508001084 0.999869098009496 0.013170342646496448 -1.5404235644846558 -0.010231394524593132 -0.013266389250997901 0.9998596508913363 140.84559007974448
0.9999138141067117 0.009852238776399014 0.008677426706669718 -0.49387392021764265 -0.009960655504878704 0.9998717496313216 0.012540719627110132 -1.5407581033269393 -0.00855276037249944 -0.012626071901519582 0.9998837095363174 142.1856143010827
0.9999197394435272 0.009707165843365385 0.008141596122901123 -0.49919682489297285 -0.009807598280032975 0.9998751690289555 0.01238779207946176 -1.5520643811829689 -0.008020330115725375 -0.012466647579126905 0.9998901224638203 143.5230931316921
0.9999406888505828 0.007821961797008635 0.007578633433260295 -0.48948902325046006 -0.007900166989602733 0.9999152835834576 0.010344710291685193 -1.5622678919728903 -0.00749707609553883 -0.010403969409649398 0.9999177722529105 144.88163445700667
0.9999746042385296 0.00416955404958757 0.005779766010395152 -0.4821832663068307 -0.004222532875852008 0.9999489061236778 0.009184517583234207 -1.5963417236535302 -0.005741175835255434 -0.009208689767429664 0.9999411177312494 146.18465266493612
0.999974440976964 -0.0048498108603408484 0.005253259893747111 -0.4901168048888655 0.004785681046738136 0.9999147067079188 0.01215222429716123 -1.5990759282870315 -0.0053117482540317425 -0.012126773502851773 0.9999123595063618 147.58497370569884
0.9999303189646542 -0.01120109811284523 0.00372728197863692 -0.48422980487943157 0.01114818115821502 0.9998408579162026 0.013927558389801318 -1.6184548333286537 -0.003882693075305489 -0.013885035750324515 0.9998960598370273 148.90258724706754
0.9999151089703957 -0.012747972436639658 0.0026951929816592967 -0.4305551967169272 0.01271859729817164 0.9998624065244487 0.010649191904740743 -1.6340187072951797 -0.0028305779752553313 -0.010614009006840801 0.9999396635002918 150.2100536533774
0.9999460991587811 -0.010077596108943135 0.002498168713814148 -0.4615915604805533 0.010055326720743205 0.9999109643085385 0.008772334223499548 -1.6675020223454717 -0.0025863505396335317 -0.008746741647262473 0.9999584017851442 151.6187930746028
0.9999629343641083 -0.00767606912978892 0.003899727426499258 -0.5023524225283932 0.007646230626991948 0.9999418121022476 0.007609701448578624 -1.7134966343549616 -0.003957913431725544 -0.0075796013151649255 0.9999634416130129 152.92803241520616
0.9999768404466062 -0.0056029413718193775 0.003863370309527531 -0.45702642562470136 0.005579448647140203 0.9999660410887281 0.006065180423877727 -1.699548414275984 -0.003897222288056344 -0.00604348459241523 0.9999741436403408 154.29138139826674
0.9999490414661906 -0.009155065237343054 0.004254323189922603 -0.44933181715175324 0.009123542717313091 0.9999312128612304 0.007370922787323077 -1.6666286496127154 -0.004321512184789057 -0.007331732810530483 0.9999637844559129 155.5866524164809
0.9997863995280526 -0.02008737078586907 0.004863421187072515 -0.4648117040205689 0.020036570932183854 0.9997464152406133 0.010278182187569188 -1.6657018747840784 -0.005068649972778841 -0.010178540660539453 0.9999353509578598 156.93131931138814
0.9996608343390819 -0.025451067830942146 0.0055190071645602485 -0.48147296518201843 0.02538421680947059 0.9996073833914066 0.011862571512843957 -1.6691312437229506 -0.005818755903194295 -0.011718452668264698 0.9999144063093257 158.29408961317046
0.9996608025353195 -0.02561234678831404 0.004720971399839213 -0.44395622583977523 0.02555649130852399 0.9996068289310815 0.011534873356961168 -1.6815295990106547 -0.005014550839603631 -0.011410309493839733 0.9999223265412136 159.62593820901773
0.9996726176984129 -0.024910038553342742 0.005843578498823864 -0.4529536437227175 0.02484114186842107 0.9996243315522567 0.01158073551991668 -1.6761262645522985 -0.0061298603258928205 -0.011431783230835725 0.9999158660319096 160.998653522467
0.9996992095250649 -0.023612462985403385 0.00662888191686971 -0.43802117757978415 0.023538672815627933 0.9996624358587871 0.01099750922204775 -1.683305525765898 -0.006886323094848427 -0.010838166383402733 0.9999175529516424 162.3242191675797
0.9997182081135785 -0.022083520290723836 0.008707612130931375 -0.4922477509188583 0.02199630146804826 0.9997081563271207 0.009988237449143138 -1.6919431456962508 -0.008925647058486584 -0.009793887752248421 0.9999122024375047 163.67241667868566
0.9997286909950689 -0.021347922780260906 0.009317220959653146 -0.49929366646071394 0.021259826692160044 0.9997292829608064 0.009454128815326483 -1.6943122372706472 -0.009516525436202178 -0.009253481480496926 0.9999119005292363 165.0243086214183
0.9997299284264429 -0.0211256550402328 0.009683848406536359 -0.502082050027838 0.021026493631439935 0.9997265799887063 0.01022994726154975 -1.7090217939020753 -0.00989731581221786 -0.010023567240091992 0.9999007806956618 166.38886469464094
0.9997231394644863 -0.021679060429662493 0.009146735479690644 -0.47117452801837456 0.021585018753336727 0.9997143892576811 0.010258014842551297 -1.7157115701986914 -0.009366507979203544 -0.010057742520235167 0.9999055507096377 167.70977922495544
0.9997651172976476 -0.019832492364657877 0.008739707956073352 -0.4686034260853035 0.01975896694479306 0.999769312658105 0.008420491867042516 -1.7194307092131118 -0.008904691901085652 -0.008245826578648953 0.999926353688902 169.09784188938778
0.9998114507311902 -0.017737733600681493 0.007901633300714628 -0.44904026429926913 0.017682477390653078 0.9998190857443726 0.007008977413163338 -1.7438807750805585 -0.0080245278280279 -0.006867935538670515 0.9999442176489132 170.50419613938917
0.999896040183807 -0.011960361920128948 0.008053482758318003 -0.46642343030023625 0.011920305535590616 0.9999164313589005 0.00500365897616227 -1.753954457376369 -0.008112655992728599 -0.004907138902551816 0.9999550513871849 171.7804690551896
0.9999052534158294 -0.010922982042391224 0.008376913016139612 -0.4827492990694528 0.01087407128286421 0.9999236909150641 0.005862329667011526 -1.746859735509242 -0.008440308611063017 -0.005770683180540946 0.9999477288341794 173.15049212003316
0.9999347448962176 -0.006650143508001739 0.00928878654910956 -0.4772770670296873 0.006580035582824091 0.9999497892861798 0.00755791163480178 -1.7631871211300822 -0.009338582132144129 -0.007496298031536278 0.9999282956265722 174.54751458035696
0.9999457433958348 -0.0049003609977284306 0.009192210833224738 -0.46692340712098 0.0047979414487209805 0.9999265355545872 0.011131183291769507 -1.7939608031212875 -0.009246083121076056 -0.011086475869433973 0.999895794568882 175.95076564592856
0.9999389094923652 -0.007625619076526454 0.008001701844617027 -0.46307857170691696 0.007533909581884454 0.9999062986041463 0.0114295321688329 -1.7911788154749781 -0.00808811000630531 -0.01136855004636169 0.9999026645346273 177.36997486017688
0.9999417489490704 -0.00844921483769911 0.00671636009339569 -0.45785947954915657 0.00837330775002435 0.9999016488046126 0.01125079651343511 -1.7957241049594994 -0.006810760494099526 -0.011193903201309736 0.9999141513499853 178.7682258800272
0.9999307907879255 -0.010524031128112628 0.005259127182400112 -0.4698989126171246 0.010485191619660121 0.9999179489504243 0.0073590836109596195 -1.8024797400959431 -0.005336143334764949 -0.007303431469872688 0.9999590918929062 180.10654127940575
0.9999547016756002 -0.00898496403283585 0.0031408647790859582 -0.48580950597627565 0.00897166976758431 0.9999508422751572 0.004221630554234013 -1.8435207725019656 -0.0031786418445875087 -0.0041932605930454035 0.9999861563034265 181.52493954043288
0.9999859644539203 -0.004925880853390852 0.0019510515351599794 -0.47770688762325997 0.004920172245250652 0.9999836321812184 0.002920148584431241 -1.8428797244645263 -0.0019654040680887616 -0.002910508140933907 0.9999938330445236 182.91472279398985
0.9999963754300611 -0.002032519395651241 0.0017657851306398871 -0.5000802517235848 0.0020246540066027018 0.9999880720495682 0.004444831913049259 -1.86224522368754 -0.0017747984217559292 -0.0044412407830404016 0.9999885626692906 184.2442041975464
0.9999965147886698 0.0009793181307610989 0.0024518050702034464 -0.48748903084879325 -0.000995555129184783 0.9999775257035384 0.006630004353392518 -1.8731386449853846 -0.002445257285469549 -0.006632422283021907 0.9999750155328707 185.6997748942961
0.999990427785809 0.0029023296457731445 0.0032742660580427083 -0.5367277819154805 -0.0029314862843895237 0.9999557819339284 0.008935354921716038 -1.8875943947206846 -0.003248188198289418 -0.008944868032504143 0.9999547182787657 187.07347778723116
0.9999941172158684 0.0006134445169345771 0.0033747922399307065 -0.5313984116738223 -0.0006454138268704212 0.9999548551038951 0.009480041833031179 -1.8988754281383102 -0.0033688246826573164 -0.009482164386183718 0.9999493685070324 188.52037978572392
0.9999957158612071 -0.00153921439277749 0.002489795960653395 -0.48976113860256065 0.0015138215699548926 0.9999471512173626 0.010168732016908735 -1.8994780768278667 -0.002505316440028634 -0.010164919542948793 0.999945197398479 189.92610101801682
0.999988871295346 -0.003627407004475204 0.0030164901435059946 -0.5150743272718001 0.0035949681603698307 0.9999363906699298 0.010690687969827278 -1.9225803358925655 -0.0030550779922970768 -0.010679725015526503 0.9999383030826462 191.2866761346593
0.9999712787024241 -0.006563818096447287 0.003789205024553096 -0.5455061997598352 0.006521859109474051 0.9999184321464939 0.010981547971281012 -1.9230364852006725 -0.0038609771474904793 -0.010956520113449395 0.9999325214841227 192.72933517543683
0.9999598003103306 -0.008148903421645825 0.00374074188581979 -0.519742553807394 0.008105112986433051 0.9999001458818577 0.011576069968795453 -1.936549247728477 -0.0038347009476619575 -0.011545285696932984 0.999925997985003 194.09513732143014
0.9999330755471115 -0.010861501654766396 0.003983995920454002 -0.5076913971917306 0.01081084889168012 0.9998631439701744 0.01252273379599184 -1.9448893767814455 -0.0041194667176948615 -0.012478825575291157 0.999913650724912 195.54977296090232
0.9998794465910643 -0.014810462355383525 0.0046628858838085405 -0.5128145748372493 0.014748381176978853 0.9998057031591016 0.013078270850805759 -1.9492466168559102 -0.004855675536664902 -0.013007924443369998 0.9999036035120114 196.95166450357775
0.9999163697871183 -0.012094263872764221 0.004580636263506495 -0.526451009682445 0.012045549510175611 0.9998721369583946 0.010517340806722541 -1.9762107390558126 -0.004707250452837955 -0.010461285151473824 0.9999341994873007 198.3966448036493
0.9999642082899433 -0.00670631045567823 0.005158250943217707 -0.5486657885215688 0.006681001091099259 0.9999656356000766 0.004908343334269387 -1.9875122935199183 -0.005190990991497212 -0.004873705462788984 0.9999746499801894 199.82886521014112
0.9999685163909654 0.0032013484375566547 0.00726068838457573 -0.5653650524650968 -0.0032337464022350656 0.9999848489926576 0.0044547361608810844 -1.9936628420487255 -0.0072463178241343774 -0.004478075219464822 0.9999637181991203 201.30754429595123
0.9999280538987001 0.010062150040933108 0.0065299422939121745 -0.5285108194354001 -0.010110813770250384 0.9999210376113143 0.007462573823592425 -2.0047860971589686 -0.006454337676548952 -0.007528060101793051 0.9999508337073146 202.73505321922818
0.9999135405585567 0.010489921261356849 0.007929246004286055 -0.49558867042260923 -0.010571578502368069 0.99989078772932 0.010327359913793169 -2.0172380520687914 -0.007820047494089858 -0.010410291869474482 0.9999152327457498 204.15124777905964
0.9999279946911807 0.00825965175836863 0.00870537619848807 -0.5631372400215502 -0.008351510786101789 0.9999092708616645 0.010568932151835431 -2.0192246900377007 -0.008617291388326663 -0.010640874384869404 0.9999062526447446 205.5996107504383
0.9999549842624171 0.0060176101758177844 0.007336062367502894 -0.5537909234797246 -0.006096404907447748 0.9999234599611488 0.010766061258378295 -2.0350601263838457 -0.007270715511301545 -0.010810300434565389 0.9999151334475535 207.0413865971322
0.9999705423791093 0.004912604710827002 0.0058975151982065925 -0.5377783822658833 -0.00497284447202369 0.9999351682247223 0.010243542913410406 -2.0434324683018756 -0.005846810860764501 -0.010272568790330117 0.999930142125195 208.46297623978677
0.9999683650497374 0.005619992857640637 0.005628905291396367 -0.5580540947593327 -0.005673582339919847 0.9999383015113015 0.009550059804723135 -2.0513281608099008 -0.005574887192285883 -0.00958169393532825 0.9999385539978096 209.97926827237055
0.999961485983091 0.006390827869425263 0.006015302380770844 -0.583420272880836 -0.0064498659753748485 0.9999307165296751 0.009846896932730722 -2.072685378184683 -0.005951956291802786 -0.009885315778218528 0.9999334251565507 211.4265970128768
0.999962264390857 0.006894656329717745 0.005285215211399263 -0.5592527408230916 -0.006948072951649512 0.9999242883644894 0.010155876719923896 -2.0669124923320923 -0.00521479421228932 -0.010192215744503899 0.9999344601808621 212.86778075766514
0.9999607627400225 0.00771904370067358 0.00434618607173676 -0.551904964222651 -0.007762174678691873 0.9999199119358393 0.009995917745675806 -2.0890029284351552 -0.004268679421316632 -0.010029261588837874 0.999940594378612 214.3186290070884
0.9999562053560879 0.00835148914635751 0.0042237407277951914 -0.5648367741069583 -0.008390958783556507 0.9999204732689204 0.009414826786950312 -2.1042465207479273 -0.004144777346927215 -0.009449855891599038 0.9999467591039289 215.7747242945538
0.999959223993222 0.008082535290542151 0.004027773771606937 -0.5733468548644318 -0.008118099260832031 0.9999275042475297 0.00889284703055279 -2.1172576463212547 -0.003955605352729838 -0.008925182461922893 0.9999523460156984 217.29269916225712
0.999951001185233 0.009363698137199434 0.0032119104855948205 -0.55647943177192 -0.009392104418620758 0.9999158767868378 0.008945822616442514 -2.1426161775378487 -0.0031278745644531467 -0.00897555106193211 0.9999548269210143 218.76236152290915
0.9999507047411083 0.009228778531117563 0.00366302040893202 -0.5888439554632754 -0.009259299338017087 0.9999218130036103 0.008404360375368024 -2.1399913907803043 -0.00358517232449789 -0.008437863253152784 0.9999579736174992 220.2579821622359
0.9999526255059599 0.009066355785686694 0.003542304445249992 -0.5808986845659396 -0.009095930236860263 0.9999231487626561 0.008423813816260601 -2.160013712356945 -0.003465659208245005 -0.00845563546723571 0.9999582448449084 221.74653726764313
0.9999345848094138 0.01092237631343347 0.003395257929397157 -0.6160084426567441 -0.010950092526784798 0.9999059748737336 0.008254508371547292 -2.17890800088094 -0.0033047801163787207 -0.008291146958880192 0.9999601668610514 223.21901889461975
