1.0 -3.469446951953614e-18 0.0 -1.7787691892340307e-19 0.0 0.9999999999999999 -3.5405977195229754e-19 0.0 2.168404344971009e-19 -2.354751593366955e-19 1.0 0.0
0.9999999228620967 -8.554520881816526e-05 -0.0003833501757301277 -0.0046482276551321824 8.588472341039023e-05 0.9999996040741096 0.0008857060256319584 -0.022970834491229816 0.00038327428916098104 -0.0008857388989382313 0.9999995342839701 1.3230741010844673
0.9999998614799965 -0.00044119084120656203 -0.00028703813051930704 0.019923145934804654 0.0004415942863425556 0.9999989128125885 0.001406899851823958 -0.04372117089320729 0.0002864171325046032 -0.0014070264389658335 0.9999989691207195 2.612840981929765
0.9999987027984808 -0.0013300114011958481 -0.0009085546857690363 0.02471119143443007 0.001331344364324685 0.9999980362425217 0.0014680023821135436 -0.07481263894096007 0.0009066005195831466 -0.0014692101056562822 0.9999985097483217 3.9425257706541985
0.9999953204294664 -0.0027362689034251785 0.001368195001461894 0.08604205939674871 0.002734840284695079 0.9999957142213575 0.0010450757912334196 -0.10074659557706259 -0.0013710488609003325 -0.0010413291232340023 0.9999985179273504 5.176545372932135
0.9999956647979676 -0.0027045747451672868 0.0011643308443807538 0.09679558699376761 0.0027027924053490693 0.9999951773034573 0.001529797002387692 -0.1167720449467675 -0.0011684627768220196 -0.0015266434529133783 0.9999981520248337 6.500663775540987
0.9999926241535259 -0.003634951949709935 0.0012404715627345212 0.0837745898947259 0.0036317904895151465 0.9999901751540955 0.0025415915503845675 -0.15371786398974302 -0.0012496980417510898 -0.0025370677173765658 0.9999960007624454 7.847963772699761
0.9999916119058614 -0.0038836318675719815 0.0013013564567965644 0.06825955948196541 0.0038798395278864563 0.9999882558754205 0.002904298640280341 -0.16690943349021023 -0.0013126205085596692 -0.0028992252776305627 0.9999949357466151 9.16277127841929
0.9999931537886139 -0.003629439301208978 0.0007207998153096705 0.07389259406951751 0.0036276474704775626 0.9999903642555232 0.0024721578517034855 -0.19319394971601217 -0.0007297654761463312 -0.002469526164462782 0.9999966844356294 10.49346805176909
0.9999997110590395 -0.00030113535896239205 0.0006979977398630876 0.0437672043928653 0.0003012374087352828 0.9999999439587774 -0.0001460753237407841 -0.21713769378040743 -0.0006979537713827509 0.00014628554824585755 0.9999997457299801 11.83235853030275
0.9999977470245374 0.0020366604270647915 0.0005982954591762281 0.047833215067422344 -0.0020361990748347615 0.9999976297778236 -0.000770931734814865 -0.23869001412416507 -0.0005998642186951907 0.0007697117633635748 0.9999995238527573 13.170435836312334
0.9999859622189685 0.005249557354119475 0.0007193770341955127 0.02970440232884443 -0.005248874681306715 0.9999857751400834 -0.0009480730519054086 -0.26301719885115343 -0.0007243438273454388 0.000944283838343273 0.9999992918261886 14.515264348410641
0.9999824175195966 0.005800338380379226 0.0012331733353348477 0.005699791776100922 -0.005800182194917832 0.9999831702927611 -0.00013049667533725554 -0.29430970319027916 -0.001233909611017626 0.00012334174985238335 0.9999992311257584 15.871840425502116
0.999987058075713 0.0048394521113976335 0.0015695149385953017 0.009109108312834707 -0.004842972171437747 0.9999857491583528 0.002246577338159839 -0.33078786455135656 -0.0015586204984455636 -0.002254149427162238 0.9999962447483087 17.20144082656173
0.9999989989989064 1.1126545019474188e-05 0.0014148778619079093 0.007064769257782044 -1.749179453645021e-05 0.99998987989513 0.0044988665663601435 -0.35270922898543333 -0.0014148136022652355 -0.00449888689927113 0.9999888790972316 18.57962091467692
0.9999960660877428 -0.002582620295375388 0.0010944801479528365 0.013374110035366212 0.002579151060378898 0.9999916825605025 0.0031595545959394885 -0.38437884845528225 -0.0011026310649436973 -0.003156719396238146 0.9999944096475837 19.91176097254309
0.9999946053418616 -0.0031025406313394503 0.0010786726959328531 0.0068881470668912745 0.0031020747825701977 0.9999950946063426 0.000433463735503051 -0.3873266616070691 -0.0010800123341768277 -0.0004301152789691734 0.9999993242861271 21.277852248373158
0.999997971338487 -0.0012424865464174609 0.0015854179983810861 -0.003965032462676495 0.0012440382990014914 0.9999987478382265 -0.0009781047368121313 -0.44630735823846646 -0.0015842008657957678 0.0009800750948359511 0.9999982648775451 22.620479199216067
0.9999965187620383 0.0014478849811146869 0.0022059223376013556 -0.012480572404631088 -0.0014486663019875282 0.9999988885225888 0.0003525932153437786 -0.4384224315068004 -0.0022054095575299365 -0.0003557876395643848 0.9999975047873483 23.994306928899157
0.9999935067098856 0.001891642394833146 0.0030672834408291545 -0.03313888088622867 -0.0019076396177434285 0.9999845515089189 0.005220886579667966 -0.464766422229291 -0.003057360259791704 -0.005226704052323798 0.9999816668871077 25.38445761852522
0.9999947193898763 0.00021515545199778802 0.003242669304358538 -0.018948134515503617 -0.00023374024708461456 0.9999835444412378 0.005732033774825091 -0.48793339747644326 -0.0032413829353917316 -0.005732761559031154 0.9999783142043083 26.741070744404038
0.9999872219992799 -0.003944474218231211 0.0031617986517876147 -0.0243425434238795 0.003928629058431972 0.9999797719174184 0.00500216185029766 -0.5264332533242314 -0.003181465857654604 -0.00498967649134555 0.9999824905470251 28.120777892864474
0.9999881485921787 -0.0037336192944983047 0.0031245433721602952 -0.020793021776882192 0.003726396504306822 0.9999903788368195 0.002314345980406238 -0.5324848713393663 -0.003133154459873144 -0.002302675304625488 0.9999924404844307 29.475917753919813
0.9999815618036951 -0.004483103006414711 0.004096077504969465 -0.043511315452666934 0.0044810680025376415 0.9999898319769288 0.0005059310707923138 -0.5771381141855445 -0.004098304342695981 -0.00048756694333503486 0.9999914830513316 30.85201419706744
0.9999891156853831 -0.0016665766256526264 0.0043578711221767255 -0.041265672725491934 0.0016699037936316 0.9999983169589987 -0.0007599329194517783 -0.585470908481643 -0.004356597669938461 0.0007672018935648166 0.9999902156785551 32.24641878903034
0.9999880066948711 -0.0005822474605904904 0.0048628654810435636 -0.04061134351154245 0.0005960313294247864 0.9999958078891125 -0.0028335402115442034 -0.6280962037464579 -0.004861195686860432 0.002836404708516149 0.999984161664161 33.630024225398536
0.9999870261075624 3.863455353882855e-06 0.00509387938877083 -0.05615679128309863 8.355285997702772e-06 0.9999971231109444 -0.0023986871869283743 -0.6382865913031013 -0.005093874433892658 0.002398698678858449 0.9999841492154274 35.02322908533131
0.999989794635766 8.328019560743978e-05 0.004517044806469606 -0.05328928511067889 -7.937660437177911e-05 0.9999996232861957 -0.0008643651153084353 -0.6824657411854589 -0.004517115471773573 0.0008639977671108713 0.9999894245292723 36.407895632004205
0.9999883652927075 0.0020553242468876404 0.004364048912617982 -0.059929343180920455 -0.0020569246216481443 0.9999978189244126 0.0003622307103057502 -0.7136655083885812 -0.004363295261304325 -0.00037120302085461596 0.999990411882913 37.80965886817914
0.9999867124871749 0.0034551278741395096 0.003825825229730363 -0.04674649925879558 -0.0034573227868356995 0.9999938625938274 0.0005671861599687707 -0.7275435175493076 -0.0038238423712779676 -0.0005804057471937088 0.9999925206491048 39.20804480230111
0.9999690319600875 0.006426666149625724 0.004542364481097783 -0.06856276276048272 -0.006429123859150742 0.9999791943313813 0.0005265774631720481 -0.7645377378652732 -0.004538886220148497 -0.0005557645921439486 0.9999895447615772 40.60241099589955
0.9999489499299616 0.008993489626259753 0.00460593787258284 -0.07752225409848638 -0.008997498964309892 0.9999591601223323 0.0008503643773772409 -0.8054417338003705 -0.00459810241186499 -0.0008917629081765892 0.9999890310438416 42.02563091032019
0.9999410846631549 0.009980309300954678 0.004268560790748183 -0.08643402952195516 -0.009984114758620785 0.9999497781749651 0.0008709781205068315 -0.8185099359091225 -0.004259654144666036 -0.0009135446295095641 0.9999905103439345 43.41678264496317
0.9999535017743375 0.008808943072555576 0.003923875191988302 -0.09060266044823252 -0.008811526942170697 0.9999609719492959 0.000641553142421519 -0.8453199165372876 -0.003918070976802598 -0.00067609866019429 0.9999920957716697 44.846197832432374
0.9999619469815271 0.008212046768030884 0.002943953605360438 -0.07818702001403866 -0.008212111663656268 0.9999662800035812 9.775278879642483e-06 -0.8742514481455843 -0.0029437743094818435 -3.3950987203501575e-05 0.9999956665087976 46.24031219140641
0.9999703484857514 0.007441880013786335 0.001980039934899613 -0.08096209553837838 -0.007442667434426942 0.9999722267806698 0.00039036445926035097 -0.9047922487914185 -0.001977080064579793 -0.00040508967518000665 0.9999979635249929 47.666818249514975
0.9999677027381897 0.007968467756638268 0.0010473712551449727 -0.09052561780542359 -0.007969721972766958 0.9999675232564601 0.0011983242043723766 -0.9346534272003921 -0.0010377885193868796 -0.0012066327885282152 0.999998733514695 49.07303137556692
0.9999597364046287 0.008971323724579589 0.00020223922660006152 -0.10764964465411982 -0.008971620333688968 0.9999586084739996 0.0015137327625462718 -0.9699804009959428 -0.00018865068424984868 -0.0015154862643678598 0.9999988338554529 50.49273538115727
0.9999610432191113 0.008791379175698343 -0.0007897314474048598 -0.1174119484874278 -0.008790217793678204 0.9999602951622788 0.0014629385361858082 -0.9895282096203378 0.0008025614070709542 -0.0014559396694710644 0.9999986180672403 51.93767468416342
0.9999526752724661 0.009565659414380919 -0.0017735137242714505 -0.13973672149331423 -0.009561068913725816 0.9999509652217762 0.002579367021380165 -1.026716922004861 0.0017981002602761806 -0.0025622883258929613 0.9999951007467479 53.33223044434343
0.999967666931553 0.007538978217457152 -0.002798013225208059 -0.13468013868271875 -0.007529783689552313 0.9999662636159596 0.0032823776077848415 -1.0518824320091806 0.002822664844346589 -0.0032612031164462496 0.9999906985182764 54.801031830670404
0.9999836879085651 0.004854649412801961 -0.003009365558546637 -0.15378281777321154 -0.00484266718479506 0.9999803685017442 0.003976329233825806 -1.053119333330239 0.003028610423413617 -0.003961691100007553 0.9999875661871042 56.199449923881986
0.9999837169895683 0.0042958256552159315 -0.003756543961806553 -0.1569034992062975 -0.004282399144583826 0.9999844400725056 0.0035750073906743144 -1.1050418696547755 0.0037718434400813112 -0.003558862234645278 0.9999865537617936 57.637856932837124
0.9999895013643718 0.0026057615356700776 -0.0037692381461480757 -0.16781413541563528 -0.002591034624547751 0.9999890116834811 0.003906796088430556 -1.127632508983215 0.0037793772299218563 -0.0038969889277354983 0.9999852647878843 59.08542593610877
0.9999927019394086 0.0018684534988431265 -0.0033324075585794873 -0.18089069767517124 -0.0018551029298313907 0.9999902595593385 0.004004919717020335 -1.156912424799661 0.003339858391087936 -0.003998708612809347 0.9999864277490426 60.4753245622921
0.9999961348584404 8.586561779812263e-05 -0.0027790088570058104 -0.1939397468922337 -7.195423600882093e-05 0.9999874693569774 0.005005591929287542 -1.1791987785292743 0.0027794040814219426 -0.005005372721488185 0.9999836104471777 61.93284176630101
0.9999958221535801 -0.00135272398138731 -0.0025545666627784184 -0.20039052342089228 0.0013654178860274153 0.9999866979987879 0.004973877383586939 -1.213820767862753 0.0025478046181560193 -0.004977344753642543 0.9999843672460396 63.34652477260368
0.9999930202617531 -0.0031244223441750114 -0.002048759076119865 -0.20890453593898636 0.0031309811791605194 0.9999899594810777 0.003205914660049485 -1.2324402865682333 0.0020387220492318813 -0.0032123069722927344 0.9999927623240296 64.75777353348745
0.9999939139344777 -0.003258700748024746 -0.0012461805706361429 -0.21649196407806204 0.0032624166153792204 0.9999902042835085 0.0029913157086896803 -1.2600014922253209 0.0012364206678130278 -0.002995363121094692 0.9999947495193737 66.24964377028958
0.9999988081608346 -0.001498571564910782 -0.00037143221156255555 -0.24017874280938273 0.0014996824672470262 0.9999943496877477 0.0030085781031598427 -1.2882289028371945 0.00036692157681355946 -0.003009131606254241 0.9999954052377903 67.5783949640314
0.9999973415023371 0.002293786941552303 0.00023563957042825687 -0.26237719291922457 -0.0022948485365417116 0.9999867516637598 0.00460762088012619 -1.3241215216455418 -0.00022506756342077837 -0.004608149480298236 0.9999893570951933 69.05717341994537
0.9999848263703558 0.005406346232353334 0.0010575633771314754 -0.27779393086693427 -0.005412160291668712 0.9999698196092129 0.00557390356838075 -1.3484158988707866 -0.0010273970895482455 -0.005579542807822685 0.9999839064490738 70.4009833685614
0.9999596078115339 0.00872985459227639 0.00213830959877814 -0.290373544932932 -0.008742893634448131 0.999942769106659 0.006166063551387545 -1.373009418618977 -0.002084358554887476 -0.006184509630850391 0.9999787034176201 71.85404007161338
0.999919538519809 0.012443130638268771 0.0024667710123457195 -0.29566129283600895 -0.012457451866962168 0.9999051286457085 0.0058775530395602455 -1.3943517353274022 -0.0023934020243839907 -0.005907809928120574 0.9999796844970827 73.22419532286048
0.9998647662098119 0.016164843059818697 0.003024417574302023 -0.30979123803531117 -0.016180162771481762 0.9998560296246973 0.005111007511852992 -1.4212562610566886 -0.0029413637588354188 -0.005159252011254488 0.9999823650921782 74.62260486633046
0.999819000159358 0.018638713034821886 0.0038164444852706383 -0.3157081752474027 -0.01865930299994504 0.9998111433051092 0.005432143770103044 -1.443461223890247 -0.003714475865848107 -0.00550237286668773 0.9999779630365178 76.05404090094748
0.9998321009187547 0.01784483609254913 0.004163142136197186 -0.3243176702738368 -0.017868151329417752 0.999824490635578 0.00563179736849134 -1.4618566135151734 -0.004061913304538388 -0.00570523957139797 0.9999754752484126 77.41126473689845
0.9998550745664259 0.01649680550127071 0.004205381370984746 -0.3279561801251565 -0.016519787040796242 0.9998484686690265 0.005489661138952553 -1.499261980211534 -0.004114182596052632 -0.005558337670949364 0.9999760889043074 78.83978976760807
0.9998674781183117 0.01575301230257754 0.004107160559464846 -0.33785642681972616 -0.015771544828288978 0.9998654079239859 0.004519341920084048 -1.5147676364145177 -0.0040354148576051355 -0.004583519374393491 0.9999813532127845 80.21475662403975
0.9998714179146833 0.015621160764334372 0.0036231114878298625 -0.3314831715171948 -0.01563816686961081 0.9998666057419946 0.004713650289039704 -1.5473575406576272 -0.0035489957936179223 -0.004769703123178554 0.9999823271226692 81.57688223984256
0.9998855325997892 0.01478915957869696 0.003194123099417798 -0.33753510420525795 -0.014802993895115885 0.9998809606169873 0.004351551978383903 -1.5655905854992598 -0.003129387338153991 -0.0043983365477557775 0.9999854306776123 83.00032020154084
0.9998787425919508 0.015301723172124899 0.002890907183560954 -0.3502816652804556 -0.0153117582538794 0.9998767078499167 0.003481263808595159 -1.5945013801877181 -0.0028372816601640385 -0.0035251066303905562 0.9999897616741213 84.34579100148235
0.9998827900755168 0.015178721429872179 0.0020031199785150782 -0.35213757759897957 -0.015186152204549504 0.9998776608892312 0.0037475424861799804 -1.615077583136079 -0.0019459921774746755 -0.0037775230063845197 0.9999909716754953 85.76471890615994
0.9998980469274831 0.014253841637815654 0.0008507138456728099 -0.3642209827258524 -0.014257834908046954 0.999886406836394 0.004887494519379622 -1.652976981675269 -0.0007809517004152137 -0.004899125668706192 0.9999876942653384 87.11441409848442
0.9999206522530529 0.012596761764038528 -0.00010373016862905539 -0.36942010057527597 -0.012595885242182803 0.9999017120278181 0.006157108727706784 -1.6754359752949899 0.0001812796245232865 -0.006155313732817307 0.9999810394464532 88.50194968327024
0.9999380513370217 0.011073523655280141 -0.001127179833462124 -0.37756347396703194 -0.011065693027492642 0.9999161133047166 0.006731776543823786 -1.6952864081704926 0.0012016298711680562 -0.00671888663513018 0.999976706054601 89.88198351989618
0.9999462754636662 0.010150272767168421 -0.0021019329936727486 -0.38541307264764635 -0.010135950169680243 0.9999260735175072 0.006716400469745745 -1.7318483069961974 0.00216995109010524 -0.006694734687651748 0.9999752356159929 91.26009215217752
0.9999624048392954 0.008285458963268709 -0.002557353198673818 -0.3980583301540783 -0.008269738615599927 0.9999472123105472 0.0060978710916929834 -1.7438838255422653 0.0026077420873742395 -0.006076493326981478 0.9999781377191178 92.63261519735586
0.9999761663379944 0.006350777910127345 -0.00270820202176476 -0.40677556922563385 -0.006334451146249715 0.9999619646045389 0.0059953385424925745 -1.781473696888459 0.002746174314321507 -0.005978040803142034 0.9999783605464531 93.95340050631926
0.9999706818880965 0.007050512698688926 -0.0029875767638003186 -0.4238302729928227 -0.007035091745869526 0.9999620365971741 0.005141289910552269 -1.7929074330735804 0.0030237123342503514 -0.0051201214097836845 0.9999823206072719 95.34873380179872
0.9999778070021165 0.006020614106384273 -0.002852663986413484 -0.43231340100881166 -0.0060079039266854335 0.9999720798312398 0.0044434963123819 -1.8119395747551519 0.002879337162663054 -0.004426259260905491 0.9999860587291071 96.69507354699388
0.9999661380617147 0.007824261571344887 -0.0025502234510338647 -0.44313696048089224 -0.007813581267789298 0.9999607721737315 0.004171579700958239 -1.8482959414437552 0.002582763163188924 -0.004151512154916809 0.9999880470719171 98.02094452446106
0.9999512840608815 0.009600385016293785 -0.002293923927069201 -0.4678790834008259 -0.009591354441328009 0.9999463336253229 0.003916096262427217 -1.86570003997924 0.0023313970519404357 -0.0038939037346717715 0.9999897010001453 99.41005046021877
0.9999575633922776 0.00894779512724338 -0.002192795801941156 -0.47009392699932756 -0.008935866148781831 0.9999455419415229 0.005391054237021691 -1.895575902170377 0.002240914628533958 -0.005371231043731591 0.999983063948521 100.74851648852906
0.9999536769705465 0.009364845640305139 -0.002223410550158199 -0.4921369459412974 -0.009349518486629146 0.9999331239751357 0.006806915626290413 -1.9136737131320278 0.002287007769602569 -0.006785812634074741 0.999974360845392 102.08965693925288
0.9999572992849157 0.009040969925237575 -0.0019132293071984264 -0.5006027630534363 -0.009029630662046007 0.9999420909993143 0.005854949739877476 -1.9432607564011442 0.0019660531088189315 -0.005837424098898769 0.9999810293799973 103.43438739408504
0.9999615995091871 0.008572400276239355 -0.0018202853495998083 -0.5132820513704215 -0.008566276764511343 0.9999577110381542 0.0033459013297809617 -1.973992424077445 0.0018488909355071088 -0.003330179851139233 0.9999927457278208 104.74778399963144
0.9999673283847316 0.007807602473618139 -0.002093677741620737 -0.5269584308934303 -0.007803347595021115 0.9999674867859947 0.0020330158576510344 -1.9968764586453924 0.002109482828471307 -0.0020166117880120143 0.9999957416724625 106.09479313172854
0.9999763378705064 0.006601355488792795 -0.0019354038224504962 -0.5399142727375512 -0.006595249278727951 0.9999733060803523 0.0031448094667212967 -2.02834319589294 0.00195611233159399 -0.0031319706515455445 0.9999931821709231 107.43935355241945
0.9999932497506318 0.003470755950726199 -0.0012059427444621302 -0.5402208404017433 -0.003465168090427048 0.9999833913965257 0.004605382346838887 -2.0403706900782397 0.0012219069803905357 -0.004601172559381902 0.9999886680145206 108.79323258497872
0.9999982508873676 0.0018102846280688024 -0.0004701998228900414 -0.5587028373288653 -0.0018073177242183477 0.999978924605658 0.006235699534313281 -2.0751148873050367 0.00048147834988226815 -0.006234838951562789 0.9999804472909541 110.13682865275536
0.9999988572302163 0.0014986583229901068 0.0001988949686101526 -0.5642079866614578 -0.0014995694375248957 0.9999880077203855 0.004662157057989882 -2.0966901966296043 -0.00019190561546026568 -0.004662450079920285 0.9999891123068556 111.43052901285893
0.9999946152619824 0.00309904390855159 0.0010795229411836881 -0.570615068953465 -0.0031014926600324098 0.9999926049482825 0.0022739387148129507 -2.114305452052793 -0.0010724680111199474 -0.00227727464911156 0.9999968319106809 112.76485803800867
0.9999800719824222 0.00592559099566194 0.0021778430601442616 -0.5700863474005938 -0.005926452562121252 0.9999823626965375 0.00038918856772425156 -2.1564529239124077 -0.002175498660499587 -0.0004020877062437313 0.9999975527610955 114.10723833910778
0.9999642233800944 0.0077705007155041295 0.0033423443996908287 -0.5921438136414595 -0.007769953644820253 0.9999697978361914 -0.00017678344448615854 -2.17916034566806 -0.0033436174327265487 0.0001508072584638168 0.999994398722033 115.4208271411651
0.9999420921329443 0.00956514680515539 0.004931564800414089 -0.6008978955781501 -0.009572819276123808 0.9999530022623024 0.0015344115989469659 -2.194061416654008 -0.004916656570644098 -0.001581531757522854 0.9999866625311716 116.79060741043364
0.9999359584179183 0.00963684928204984 0.005933816912870004 -0.6025139786403908 -0.009660666776706843 0.9999453412459672 0.003998256966512544 -2.2209565067158317 -0.005894962473548366 -0.0040553256222319945 0.999974401545498 118.09555208706671
0.9999333097043783 0.009230395504534387 0.006940888162369593 -0.5972305898884532 -0.009262146223700304 0.9999467253711057 0.004556214050744246 -2.251281522540687 -0.006898463311253576 -0.004620197809081367 0.9999655318912748 119.47403754840512
0.9999252702531712 0.009365563757005858 0.00785748754460129 -0.5986884754312828 -0.009397988299631623 0.9999474334531909 0.004099776380441639 -2.2745399720513086 -0.00781867844448661 -0.0041733146642625955 0.9999607250818121 120.77791397667862
0.9998883026257813 0.011688125601779415 0.00931504004783799 -0.5931953730443975 -0.01172316992161595 0.9999243751375254 0.0037163584273667183 -2.298978650618401 -0.009270899116232566 -0.0038251451939944046 0.99994970807918 122.10541291088765
0.9998576467147559 0.013295039146974257 0.010388850455579812 -0.5963417975303807 -0.013328287673101642 0.9999062515262525 0.0031376645678634985 -2.317845099170512 -0.01034616201595021 -0.0032756835647935276 0.9999411116773458 123.4711776980867
0.999834615701363 0.014040476878773064 0.011558815903293329 -0.5994407804161264 -0.014068319933958283 0.9998983193535537 0.0023309576189156685 -2.3443404759198043 -0.011524913811661998 -0.0024931852858230065 0.999930477774708 124.78498338999866
0.9998186621726272 0.014249772181623961 0.012632764289495318 -0.5886687043112867 -0.014269793333868233 0.9998970621162555 0.0014960633767743961 -2.3597176924754093 -0.012610146402366776 -0.0016760590532228455 0.9999190842403894 126.12046944573648
0.999811681278444 0.013953606164352865 0.01348698721398771 -0.5816803907681062 -0.01397027388296239 0.9999017584412698 0.0011423435858958927 -2.3969232694156632 -0.013469723556925774 -0.0013305453923946645 0.999908393899738 127.46644915635645
0.9997986890467039 0.013806268851747221 0.014559130826310761 -0.5792426062217844 -0.013836974895368389 0.9999022435046928 0.0020103717459244524 -2.418859878419616 -0.014529953070851474 -0.0022114214061458937 0.9998919892043646 128.80575749670666
0.999785772731837 0.013828261745478035 0.015400902204568844 -0.5667119267817547 -0.013871553039186479 0.9999001194141237 0.0027076274442064787 -2.45201781003113 -0.01536192346912148 -0.002920681884008205 0.9998777329861758 130.15491562159684
0.9998129646159409 0.011370720389625073 0.015644247507234692 -0.5502392991908184 -0.011429928323276132 0.9999278292855825 0.003700403353617899 -2.472036195156313 -0.015601043514837671 -0.003878523947385322 0.9998707738956283 131.47959620471832
0.9998325743084538 0.009367344852657361 0.015718657206574883 -0.5340392409631152 -0.00943411620231635 0.9999467648651261 0.004179103659916127 -2.5014479448341183 -0.015678674638644245 -0.0043266956889124126 0.9998677206828931 132.82875029916224
0.999843709424942 0.00847611990234481 0.015514899281595914 -0.5244501998005175 -0.008547894009925297 0.9999530430767238 0.004565650791811293 -2.5178754498772764 -0.015475473050653886 -0.0046975570247348945 0.9998692127920303 134.1513000809995
0.9998665138973221 0.00672927105282011 0.014888629489559034 -0.5060215503316925 -0.006792245802216344 0.9999681827210803 0.004183175295409943 -2.550159063444971 -0.014860007306209615 -0.00428374420827884 0.9998804077064235 135.49351715045117
0.9998820092593772 0.007025192637480049 0.013660681474167104 -0.5048355856495916 -0.0070749298345446935 0.9999685067451958 0.00359595600603925 -2.5796835094439348 -0.013634990120911758 -0.003692180146498571 0.9999002224450644 136.8259831060211
0.9999182333891842 0.0023521238570980334 0.012569568445937013 -0.49284211557015545 -0.0024164816354800348 0.9999840375092734 0.005107381544907338 -2.5857591264635893 -0.012557355667526042 -0.0051373381557758635 0.9999079560492163 138.1594128087573
0.9999304192550562 0.0025198497033077118 0.011524192283436686 -0.47475397961583554 -0.0025787051244007594 0.99998369498588 0.005095100163421923 -2.613582249467104 -0.011511166463481218 -0.005124463229811816 0.9999206133078484 139.49650056096092
0.9999491649272023 0.0003413790308250987 0.010077253000306987 -0.47612589317174214 -0.00039423542610132496 0.9999861745400452 0.0052435967229791545 -2.6424873936940596 -0.010075324470894704 -0.005247303069969994 0.9999354747390532 140.86927848230738
0.9999595798283879 0.0008297084245240923 0.008952669931533255 -0.4730399229468525 -0.0008715107287370219 0.9999887327181123 0.004666358995527656 -2.6614014433006465 -0.008948698094407305 -0.004673972813865182 0.9999490360886448 142.1821213759325
0.9999668800284522 0.0015926154701257633 0.007981379968829576 -0.46484708307279476 -0.0016271482976821473 0.9999893361379715 0.004322036627943912 -2.6834118781437586 -0.007974412184589047 -0.004334880451210109 0.9999588079295303 143.5204980253953
0.9999750319558679 -0.000531624288485898 0.007046477695809598 -0.45532599687239406 0.0005170917335680838 0.9999977361495448 0.0020640520194299575 -2.710339817562401 -0.007047559637689394 -0.002060356843185972 0.9999730430499499 144.87725441386513
0.9999758439939556 -0.003482200971032195 0.0060154564257743764 -0.4672191733420539 0.003474807564019697 0.9999931951209603 0.0012391202935194909 -2.751813952515867 -0.0060197308646958506 -0.0012181878242775036 0.9999811392485202 146.1892455745701
0.9999025469937276 -0.013046447486183117 0.004968575165811356 -0.4473691583296867 0.013025424819742846 0.9999061742161225 0.0042404081992766796 -2.7738810537631484 -0.005023431668428108 -0.004175277224687998 0.9999786658672692 147.57673925701172
0.9997549239209463 -0.021878193202833157 0.0033818289141497996 -0.4326505524746278 0.021860071479508025 0.999746959076881 0.005306136611710429 -2.7879289536020804 -0.0034970621446153505 -0.005230909266278963 0.9999802038748065 148.875240138199
0.9997343817653257 -0.022937963163057167 0.0022395911393453833 -0.41441033896020113 0.02293255587176797 0.9997341056686799 0.002411605366079899 -2.8247011739226364 -0.002294313150027531 -0.0023596052778828177 0.9999945841790613 150.1959036629501
0.9997452063265753 -0.022406890013693677 0.0027301491589532476 -0.4196189702273816 0.022408831024358047 0.999748658055696 -0.0006819120864070969 -2.8537042386284455 -0.002714183657105522 0.0007429178246854848 0.9999960406304426 151.5890484724156
0.9997852777241912 -0.02042232317894864 0.003511007331766044 -0.4359447365893361 0.020434962091792214 0.9997846956603235 -0.0036020329853261447 -2.869187396638481 -0.003436689806805157 0.0036730069411466896 0.9999873490093304 152.91481242278383
0.9997900105247944 -0.020048900665425678 0.004239864207595114 -0.4422585268140604 0.02006411656424572 0.9997922969367726 -0.0035768989289121666 -2.902252155447074 -0.004167271037138489 0.00366121703834997 0.9999846145500353 154.302751490218
0.9997275356181895 -0.022837654561374363 0.0048266002231191225 -0.4396246366560394 0.02284087537777739 0.9997389252855816 -0.0006129253645784077 -2.9281285889430495 -0.004811342747539252 0.0007230021740757361 0.99998816405162 155.62329376717958
0.9996236550183756 -0.026923232269137013 0.005261928776628989 -0.4318440252459066 0.026904119454429887 0.9996312807765825 0.003670265913160661 -2.9816884770405605 -0.00535880447190838 -0.0035273171112080014 0.9999794204100109 156.96686682976627
0.9994534400219792 -0.032633660131921746 0.005278773005927523 -0.4147666583575677 0.03261583300295105 0.9994620796808784 0.0034291008809754575 -2.9775965039502137 -0.005387838009435927 -0.0032550551276733187 0.9999801877099982 158.282446480355
0.9994118074653762 -0.03391190847910273 0.00510113206705249 -0.40989643040259516 0.03389298249431251 0.9994184235624832 0.0037523859394654998 -3.0210259166624835 -0.005225416373349455 -0.0035772862745484255 0.9999799488197983 159.62394810938432
0.99944559057016 -0.032727018069073015 0.006119948384541439 -0.4110035863437539 0.03270384292638168 0.9994576722768732 0.003849675340776439 -3.030060886010409 -0.006242618283275964 -0.00364739525556759 0.9999738627680581 160.98255547359682
0.9995069282068585 -0.030518302620491943 0.007384691440471664 -0.4153514697499074 0.030492681107322298 0.9995286577895257 0.0035579019714500255 -3.045847189379951 -0.007489792480568848 -0.003330968665396557 0.9999664032607539 162.31545776220395
0.9995583076002953 -0.028521104389774822 0.008350827038599355 -0.418177182811278 0.028505058013833566 0.99959157776883 0.002034533671270126 -3.07383476611691 -0.008405444229042063 -0.001795594230751357 0.9999630614887998 163.66216231021934
0.9996393155491007 -0.025292566276264923 0.00902911437211657 -0.4166591038120621 0.02528593775865754 0.9996799001206358 0.000847730296726086 -3.090339712705951 -0.009047666190553673 -0.0006191148950548887 0.9999588773676633 165.02457028548235
0.9996936053989497 -0.022947238084377507 0.009280064596680768 -0.4148155338096116 0.022925326318154672 0.9997341514459189 0.002460862105842712 -3.1252572825997786 -0.009334068278788694 -0.002247359620992252 0.999953911206682 166.35177816833516
0.9996946043621899 -0.022952269602355607 0.009159221549449021 -0.41030092147986974 0.02293065592096912 0.9997340361898941 0.0024580274398190677 -3.1393975717225593 -0.009213203611489577 -0.0022472498303445694 0.9999550323593803 167.70012954529372
0.9997740579819795 -0.019387760325068473 0.008714800626447267 -0.40586550802974397 0.019390979664062103 0.9998119366782366 -0.00028491441133496114 -3.174395249544633 -0.00870763857455387 0.0004538385897858919 0.9999619848044292 169.08764998732195
0.9998455480317002 -0.015562220695884301 0.008166846681333563 -0.40747213169522234 0.015585033079081129 0.9998747999561066 -0.002736996016386908 -3.2177173306034805 -0.008123231143385982 0.002863853932609734 0.9999629050366792 170.48293870200732
0.9999068097552569 -0.011151635861339769 0.007874823147109054 -0.4113718608964761 0.011186240668203857 0.999927909248076 -0.004363979437130995 -3.2289652566793046 -0.007825590599749719 0.004451662526406635 0.9999594705914611 171.83277266497015
0.9999532683305531 -0.004771829635718901 0.008407782714121582 -0.41266173190126837 0.004804662077787665 0.9999808948473021 -0.0038891074274140488 -3.280290805604892 -0.00838906463588366 0.003929322325623151 0.9999570910861756 173.20026919776157
0.9999576735075657 0.00022041647440338048 0.00919796806290287 -0.42253388607972986 -0.00021399057903401762 0.9999997323833381 -0.0006996011153054618 -3.3223986991954213 -0.009198120582881964 0.0006976032462010066 0.9999574530551015 174.59557195430887
0.99995816366377 -0.0009390126873158947 0.009098856288669108 -0.42270161422146035 0.0009258635396043238 0.9999985212177978 0.0014492540277413052 -3.344399369303641 -0.00910020446916735 -0.0014407691172427565 0.9999575543273068 175.939419541281
0.9999629383717682 -0.0017674292056572873 0.008426036225901889 -0.4212565135636163 0.0017510077760670064 0.9999965542375019 0.0019558839192202137 -3.3729979048621 -0.008429464788803825 -0.001941057406067113 0.9999625875066172 177.35361439479547
0.9999661457210551 -0.004631199252588657 0.0068014276381221555 -0.409893521682796 0.004615273335487955 0.999986575505388 0.0023554308529903202 -3.393365190895389 -0.006812245375479809 -0.0023239607006700744 0.999974095921235 178.74460089688773
0.9999729929943411 -0.005679873744864209 0.004663939176507433 -0.405169555981185 0.005689017465429581 0.9999819170689739 -0.0019495149006068515 -3.4292609371150458 -0.004652782234728066 0.00197599552856029 0.9999872234452185 180.07837859433047
0.9999906993846163 -0.003072437693808147 0.003026760501559476 -0.4182295160212679 0.003091050305468924 0.9999762254573573 -0.00616392113091086 -3.466431335806888 -0.0030077505370932614 0.00617321979809573 0.9999764221171104 181.49427448020322
0.9999967895507496 9.064052207840081e-05 0.0025323261395575163 -0.44327896279999623 -7.176120306910325e-05 0.9999722127966005 -0.007454427210031829 -3.4948788405881097 -0.0025329316666151606 0.007454221704113095 0.9999690089361475 182.88370317161667
0.9999871423148846 0.004527168998271623 0.002284718829929044 -0.4583940043820123 -0.004512496593176974 0.9999694219233886 -0.006386908600152157 -3.528008483124747 -0.0023135637832471835 0.006376516817450897 0.9999769934617353 184.21349249938686
0.9999720388303814 0.006969886208583282 0.0027096554549403684 -0.4516179967661204 -0.00696200702606815 0.9999715406070616 -0.00290662155029941 -3.5627337320915546 -0.002729837394745927 0.0028876756912444815 0.9999921046254001 185.66536387199338
0.9999533797808652 0.009161582445887745 0.0030501894111129484 -0.46684130092167553 -0.009159008367354253 0.9999576881700682 -0.0008570039404879263 -3.6086779479537565 -0.003057912123954054 0.000829027288249477 0.9999949809290102 187.03315174702715
0.9999822025369616 0.005013151549080409 0.003234642971379941 -0.4639410692853828 -0.005012275150302427 0.9999873995283769 -0.00027909158970919676 -3.6166067573839027 -0.003236001615799216 0.0002628737059772136 0.9999947295795385 188.4935651414296
0.9999811953000242 0.005313520040188317 0.0030619510992053716 -0.4639325061241041 -0.005315048793826287 0.9999857543730298 0.0004912410069138298 -3.6604864471266847 -0.0030592975193278883 -0.0005075062003526428 0.9999951915546007 189.9040138189155
0.9999940415652399 0.0014885633645444502 0.003114645165939436 -0.4673453376072269 -0.001491632212965872 0.9999984042004927 0.0009831745657084756 -3.6748937084704787 -0.003113176940335611 -0.0009878146306639482 0.9999946661596718 191.25897638355275
0.9999939014732002 -0.00014916272479450696 0.0034892365131402015 -0.4746950598177819 0.00014621771077575826 0.9999996329132748 0.0008442708877903714 -3.7061765771867767 -0.0034893614602167023 -0.0008437555644824451 0.9999935561937169 192.7098894029935
0.9999890872938668 -0.00261978294409374 0.0038680794955305827 -0.47050811096680645 0.0026139662176463633 0.9999954463787745 0.0015081108295757239 -3.739537134605622 -0.003872013130609693 -0.0014979833672447505 0.9999913817407243 194.08614515876192
0.999955011251794 -0.008522274507713626 0.004164891801562313 -0.46703412076527406 0.008509121462495156 0.9999587854594604 0.0031657897334978805 -3.7533901086101276 -0.0041917002276892785 -0.0031302077901243486 0.9999863156283955 195.54114124268426
0.9999213855105161 -0.011761541094285904 0.004346143699722851 -0.46332592008871654 0.01174556110686439 0.9999242305979461 0.0036844058566294297 -3.7937568366468812 -0.004389149053025066 -0.003633068371573612 0.9999837679584755 196.960841678503
0.9999506452912112 -0.008763775803060168 0.004680088671152244 -0.4685912240576222 0.008763911521331031 0.9999615961503231 -8.370139567815837e-06 -3.828366627517738 -0.0046798359786063655 4.938562097736503e-05 0.999989048285506 198.376721771363
0.9999835013479035 -0.0030170989140970213 0.004888164882459219 -0.48039256535325037 0.003042431733775065 0.9999819382345468 -0.005183320327617548 -3.860450761145416 -0.004872438419231154 0.005198106826505143 0.9999746191897515 199.81414127442213
0.9999561950604597 0.006744069894307 0.00649041400203931 -0.4965454869324613 -0.006702889214430066 0.9999573995925596 -0.0063458876615809495 -3.8828338514132152 -0.006532935175354 0.006302105278708982 0.9999588012616586 201.27307513704812
0.9998944875455625 0.012285556315323524 0.007751055349067337 -0.5157950022029331 -0.012264083442639594 0.9999208396337322 -0.002811894995379252 -3.9000997561089643 -0.007784988127883579 0.002716538766335155 0.9999660066072218 202.711948972128
0.9998303444675443 0.016190597501720888 0.008783324998283644 -0.5092275929426481 -0.016193184086615707 0.9998688568793794 0.00022332748492117963 -3.951054021916834 -0.008778558062769042 -0.00036551960723024294 0.9999614009084917 204.14899282878272
0.9998627963660213 0.014406488714726141 0.008175664865496177 -0.505951415961613 -0.014409558328752136 0.9998961268330423 0.00031655947679188744 -3.975437542304929 -0.008170255813757236 -0.00043432377638332815 0.9999665285778232 205.62164503113874
0.9999146845563428 0.011151641654145792 0.006801799563011196 -0.4950548257688918 -0.011153806198183697 0.9999377551029855 0.00028027319471500203 -4.003482670922828 -0.006798251254387917 -0.0003561152472350416 0.9999768282092119 207.06779512738788
0.9999463670839654 0.008629041775784673 0.005727353728719148 -0.4911478478743919 -0.008628371676513523 0.999962764864168 -0.00014179671066072772 -4.030306097146684 -0.005728364524387269 9.237136886956207e-05 0.99998358851603 208.50357823692218
0.9999321633671543 0.010430190998486218 0.005184569534081128 -0.4987000712357167 -0.010425772671446374 0.9999452641459186 -0.0008786355787878929 -4.067104227796054 -0.00519345052936648 0.0008245228442360613 0.9999861740183785 209.97298922426788
0.9999256216480138 0.011021058279280939 0.005223736796196498 -0.4954700204729507 -0.011017982996651273 0.9999391096775093 -0.0006172632487661076 -4.100510208719459 -0.005230222058565657 0.0005596623013892462 0.9999861656790884 211.42964537726098
0.9999096725291313 0.012491670838452457 0.004960334405704144 -0.5018375565158515 -0.012491642934404539 0.9999219757236602 -3.6771410405672063e-05 -4.124565605566405 -0.004960407135514461 -2.5194643322375653e-05 0.999987696784699 212.8750859196348
0.9999124018438299 0.012449816405680209 0.004493404636778185 -0.5145908702022118 -0.012447832004675106 0.9999224125281075 -0.0004695026287106312 -4.164066076165547 -0.00449890160771295 0.00041352835737359337 0.9999897943846198 214.33351042521875
0.9999114850400295 0.012562107328820543 0.004383550947969594 -0.5136077280230553 -0.012557054304609154 0.9999204625735398 -0.0011785349871704213 -4.198755388196509 -0.00439800754797737 0.001123386197990558 0.9999896977108511 215.81098507671697
0.9999292557424359 0.011187335253753197 0.004040670585833191 -0.5171717471143179 -0.011180039270412941 0.9999358379869174 -0.001823912777249212 -4.222577960329659 -0.004060816397314286 0.0017786089198568787 0.9999901731094697 217.29061840684327
0.9999147416827167 0.012582446747475825 0.0034916146705671024 -0.5115599015038993 -0.012576607542676164 0.9999194839871393 -0.0016895314530548993 -4.256303987142386 -0.0035125922781828033 0.0016454747646960954 0.9999924770235978 218.74756385609754
0.9999058071015575 0.013306718696993972 0.0033627567798543674 -0.5173098631282854 -0.013299910473241396 0.999909473006292 -0.0020391682185694586 -4.298211810250026 -0.003389587286355125 0.00199425181116004 0.9999922667967701 220.23410182366848
0.9999315006700789 0.01127663736830832 0.0031355054968861895 -0.5201508381607497 -0.011270514047888834 0.9999345570024754 -0.001963988837775423 -4.320401982522354 -0.0031574477590397497 0.0019285155790483733 0.9999931556501478 221.7254192113626
