1.0 -3.469446951953614e-18 0.0 -1.5585406229479126e-19 0.0 0.9999999999999999 -3.5744790374131474e-19 0.0 2.168404344971009e-19 -2.405573570202213e-19 1.0 0.0
0.9999999398638733 -7.085355597652096e-05 -0.00033948727388392647 0.05569069961672338 7.12380652174889e-05 0.9999993559314045 0.001132723099534982 -0.026761272848715878 0.0003394068273799933 -0.0011327472383819155 0.9999993008434594 1.3159701006825606
0.9999997823768358 -0.0005830223848929568 -0.0003087581986814061 0.016274819841767173 0.0005834210137068835 0.9999989946177801 0.0012924326735175955 -0.039073658654594216 0.0003080043982013794 -0.0012926125535567506 0.9999991171429926 2.615095272968959
0.9999985803686988 -0.001401553965791261 -0.0009353650170898804 0.016489821642684317 0.0014025491616031435 0.9999984503132728 0.001064060422614786 -0.0751509712389322 0.0009338723093436702 -0.001065370828146797 0.9999989964340864 3.944241534793276
0.9999976502388467 -0.002137622405450325 -0.0003606797145880329 0.003594350516386711 0.0021379818651541226 0.9999972157063951 0.0009988041184216961 -0.09071499403376954 0.00035854367554660847 -0.0009995729165160228 0.9999994361504071 5.258644064739211
0.9999971020329305 -0.002312230192053493 -0.0006704622522754999 0.004911715365616199 0.0023131299403113363 0.9999964214040752 0.0013441001793743131 -0.10539508826687827 0.0006673520415953354 -0.001345647175820984 0.9999988719374683 6.581736582121956
0.9999937533256382 -0.0035055969056274963 -0.000451778970000825 -0.0017873546358841037 0.003506616640642824 0.9999912617662197 0.0022759669663515772 -0.14555864767387977 0.0004437964390932908 -0.0022775370073481833 0.9999973079318807 7.9184536210612455
0.9999934464845998 -0.0036123522734779114 -0.0002406315946823323 -0.022290195202045275 0.0036129371033885496 0.9999904105463027 0.002474973827803862 -0.1622396463727675 0.00023168883166408034 -0.002475827041062361 0.9999969082960025 9.232654585361162
0.9999944821432796 -0.003233886348125683 -0.0007600430607210286 -0.02469565222329035 0.003235267435844324 0.9999931054007305 0.0018226877768840264 -0.18688439776164428 0.0007541435208477708 -0.0018251366962290815 0.9999980500706526 10.564001746039835
0.999999548592087 -0.000629642161134954 -0.000711594152515494 -0.038437251196234264 0.0006291597202731231 0.999999572203159 -0.0006780491344668325 -0.20697790735946003 0.0007120208360826897 0.0006776011352700596 0.9999995169419235 11.883825396171853
0.9999966106599819 0.0024781918936417546 -0.0007982654822272319 -0.039185557216033395 -0.0024794833753093272 0.9999956126587307 -0.0016207498537245586 -0.23639636546051068 0.0007942455164485166 0.0016227236758839113 0.999998367970184 13.229161539879588
0.9999847184155647 0.0054979658102152495 -0.0005790470382198065 -0.06243932741653016 -0.005498970300800265 0.999983354460603 -0.001747037048837782 -0.2554728199924611 0.0005694322960421946 0.0017501945436315175 0.9999983062818862 14.564518723192995
0.999983293319454 0.005777114384680844 -0.00019498589384841082 -0.08060462275664834 -0.005777325279311747 0.9999827094676385 -0.0010969457947908774 -0.28539418949940737 0.00018864535577880733 0.0010980539824661068 0.9999993793450815 15.913907329089142
0.9999916722327883 0.004079597930064632 -0.00011107615079630068 -0.07080754835565761 -0.004079420356044255 0.9999904673537475 0.0015567718656193327 -0.31343657787887247 0.00011742610614701534 -0.0015563058087687007 0.9999987820611473 17.261553465185887
0.9999998302554325 -0.0004727462241475369 0.0003405897538526809 -0.09810411775226899 0.00047147988508305406 0.9999930115625809 0.0037087101794931695 -0.34043908451733035 -0.00034234067828234544 -0.003708549041195322 0.9999930647095131 18.61465891730428
0.9999972234675312 -0.0023431048761007357 -0.0002508382666386163 -0.08171188590838069 0.002343536109237097 0.9999957535052626 0.0017322835222135684 -0.37816751532229176 0.00024677830191165867 -0.0017328665935688002 0.9999984681360846 19.9595509230813
0.9999952708638296 -0.003074878847152362 5.809071847160622e-05 -0.09934346887581577 0.0030749175898789165 0.999995044273356 -0.0006755044274582296 -0.3797806374367547 -5.601334138701582e-05 0.0006756798727946631 0.9999997701594973 21.30901080087278
0.9999993637634548 -0.0010842056641564932 0.00031140475354171485 -0.10840241865151373 0.0010847557955497352 0.9999978422117203 -0.0017716871203334403 -0.4374741884703891 -0.000309483235908496 0.0017720238272403077 0.9999983820742113 22.66280459764085
0.9999988643077885 0.001222276843223298 0.0008817151749472554 -0.1067671131456229 -0.0012217632040778074 0.9999990837388802 -0.0005829393030103002 -0.43485048818362915 -0.0008824269554047221 0.0005818614050639725 0.9999994413791525 24.03314171576605
0.9999975253942878 0.0013227795379588793 0.001788703384119668 -0.12007095420305225 -0.0013290641655101217 0.9999929326490793 0.0035168511326541733 -0.4582261309237338 -0.0017840388720044963 -0.0035192198003282282 0.9999922161174789 25.42485622517597
0.9999977769316851 -0.00046004830575290326 0.0020577878346170623 -0.11543677956520143 0.0004510676163769767 0.9999903820942222 0.004362597319772762 -0.4803763826183566 -0.0020597752190081643 -0.00436165950390546 0.9999883665576181 26.792267339238347
0.9999904342247133 -0.003932277293210568 0.0019153752582786888 -0.12192426553336261 0.003925420779269665 0.9999859209924324 0.0035705577323353974 -0.5160435806670864 -0.0019293888746741603 -0.0035630049889887575 0.9999917911923574 28.16421593632022
0.9999869913090569 -0.004744186374548622 0.0018734772856217011 -0.1383123088871266 0.004742184983926137 0.9999881817748446 0.001071440991504214 -0.526547888004335 -0.0018785384177567902 -0.0010625426933899746 0.9999976710442993 29.521193089387566
0.9999866306889075 -0.004517529920759447 0.0025160238890768473 -0.1357461057834326 0.004519578174386463 0.99998945950673 -0.0008088773838691582 -0.5762137640861019 -0.002512343453827944 0.0008202379580602804 0.9999965076622289 30.910820377540716
0.999993534474402 -0.0021113902643297155 0.0029108499504494245 -0.14248870663131288 0.002117688752226522 0.9999954197658177 -0.0021623687871379213 -0.5785848276759714 -0.0029062712608948515 0.002168519127208964 0.9999934255325016 32.29579809962712
0.9999940359566507 -0.0003480905078974469 0.0034361153865530005 -0.1490200655520356 0.0003621190778449884 0.9999915993649661 -0.004082899571447184 -0.6243542289573405 -0.003434665595978315 0.004084119587350591 0.9999857614161202 33.67717430896422
0.9999932391245651 0.00013381131751943193 0.003674752230856446 -0.16489563679945013 -0.00011917770852766865 0.9999920641630612 -0.003982136109495077 -0.640965221106923 -0.0036752562373441443 0.003981671319584563 0.9999853192824407 35.07062097183271
0.9999949158554561 -9.022143863645499e-05 0.0031874954901199995 -0.16215786958787975 9.775520445399338e-05 0.9999972022474662 -0.0023634595850746355 -0.6854313953886298 -0.003187273608841726 0.0023637592124296685 0.999992126931562 36.46306070732007
0.9999944831337094 0.0012131431124997281 0.003092246398751011 -0.17728288882564577 -0.001209026311900798 0.9999983808461782 -0.0013328775669943318 -0.7053712450059584 -0.0030938586257878735 0.0013291316342138257 0.9999943307058475 37.86291551831656
0.9999913744907412 0.0032760565607992034 0.002553114736745444 -0.17277598676248274 -0.003273872810719226 0.9999942718201213 -0.0008591215819852493 -0.7309661067595383 -0.002555914859845081 0.0008507556150444288 0.9999963717487448 39.261418156421065
0.9999838351240914 0.004764581493012321 0.0031029418977209598 -0.18771185341513516 -0.004761487630535999 0.9999881602463611 -0.0010037987764081528 -0.7523895645394184 -0.0031076881044687964 0.0009890079490348174 0.999994682052795 40.656417334113655
0.9999615536992273 0.008154898536895811 0.003223156799337475 -0.20531334189928593 -0.00815299024503799 0.9999665808629673 -0.0006049173070752907 -0.7903015008127868 -0.003227982397267742 0.0005786156920850212 0.9999946226502386 42.07877951236773
0.9999528444580792 0.009266017973460265 0.002906846091875726 -0.20768461300063684 -0.009264460883020097 0.9999569333314539 -0.0005488785076900132 -0.8176942715725187 -0.0029118070689048365 0.0005219222686749811 0.9999956244768946 43.47078118375405
0.9999615593070087 0.008433349520838863 0.0023996893562694007 -0.21458552692336852 -0.00843176538544585 0.9999642277716457 -0.0006697223007070149 -0.846430280851661 -0.002405251720611546 0.0006494629467667135 0.9999968964745692 44.89889292628337
0.9999668553500412 0.008001135364396835 0.0015066582805733132 -0.2066399807721208 -0.00799931939684349 0.9999672754902587 -0.0012078307373435094 -0.8826937315121288 -0.0015162731227731192 0.0011957384820818727 0.9999981355597829 46.2925898774994
0.9999710039662407 0.007567105730396005 0.0008544722545884172 -0.23026240264101971 -0.007566470438385344 0.9999710964429745 -0.0007448623110007003 -0.9129493909972948 -0.000860084082937017 0.0007383753833508388 0.9999993575277042 47.723980931106745
0.9999707329518703 0.007640970588586464 -0.00038573480765320884 -0.2251481049729011 -0.00764100421844785 0.999970803539067 -8.449968603581207e-05 -0.9379289498915921 0.00038507791792349454 8.744460983007392e-05 0.9999999220345106 49.12777810673633
0.9999628144429177 0.008539773173279705 -0.0012008267840540265 -0.2471507767342866 -0.008539795401263452 0.9999635352082166 -1.2923461323188339e-05 -0.9691890527039781 0.0012006727336258028 2.317778874447097e-05 0.9999992789246069 50.549139078861884
0.9999616312673136 0.008455610374468969 -0.002288804069696395 -0.257874313429817 -0.00845509289042976 0.9999642272436085 0.00023591452485522899 -0.9895044691467689 0.002290717187386309 -0.00021655343470482191 0.9999973528581759 51.996518875905416
0.9999545588887898 0.008937964781230903 -0.003315556871927434 -0.275267691183745 -0.008933856028724887 0.9999593083430198 0.0012521557815779486 -1.0265066746376803 0.003326613962247792 -0.001222478208125923 0.9999937195766816 53.40077491922061
0.999964594914784 0.007343267368972565 -0.0041091748685024385 -0.28824807442865114 -0.007335454034632721 0.9999712645958663 0.0019134031781352593 -1.0503208952288878 0.004123107770315549 -0.0018831928166600463 0.9999897267348381 54.855640879065746
0.9999760961155642 0.004898506196286818 -0.004879735188800175 -0.2843184539006959 -0.004886164768837467 0.9999848421137401 0.0025379018145801576 -1.0693133888938975 0.0048920935652371125 -0.0025139980159889397 0.9999848735078557 56.26256702787286
0.9999810974791196 0.0032529875471997635 -0.005217541586418319 -0.30913224649056026 -0.0032424285483936286 0.9999926808782326 0.0020309733298022326 -1.100216322474597 0.005224110572448297 -0.0020140174799308276 0.9999843260836603 57.69092125552668
0.9999852926404124 0.0018418121386950086 -0.005101197671959058 -0.32932821273729795 -0.0018312749176748744 0.9999961816695205 0.0020695606738822007 -1.1228626268581428 0.005104990368836521 -0.0020601885869314896 0.9999848472385562 59.13499314617411
0.9999869172816244 0.0016718601021658746 -0.004834266967637265 -0.33609392233723 -0.0016592392646917762 0.9999952081088457 0.0026135582628320237 -1.1592415976547186 0.004838613717048754 -0.0026055029213868006 0.999984899476846 60.53590002758587
0.9999905629138826 -0.00035781265816107154 -0.004329670384448548 -0.3516038256256339 0.0003727319237800588 0.9999939947894845 0.0034454977269328248 -1.182265105446012 0.004328411909777341 -0.003447079089034073 0.9999846911353335 61.994910908541975
0.9999881361890395 -0.00280918779201381 -0.0039794398786273675 -0.3621535306312738 0.0028211928717075743 0.9999914772882806 0.003014335239078301 -1.2047184276715899 0.0039709384674820975 -0.0030255263057061346 0.999987538845501 63.392693695439434
0.9999870481664068 -0.0036086426783889496 -0.003589038297331059 -0.37194011521763337 0.0036154700550160603 0.9999916637940949 0.0018975545433781425 -1.2359613844594446 0.003582161086582837 -0.0019105060648652856 0.9999917590137612 64.81269224996645
0.9999904890278288 -0.0033860930324471107 -0.0027488593594643795 -0.3846982665400355 0.0033911844101749238 0.9999925394781016 0.001849554365660868 -1.2680421411292566 0.0027425763219027146 -0.0018588586998832153 0.9999945114472453 66.26674089154393
0.9999965420460868 -0.001539712534599889 -0.0021319427484906097 -0.39998744616335236 0.0015433307694858855 0.9999973700000533 0.0016965024234617985 -1.298956928080094 0.002129325196867223 -0.001699786883933129 0.9999962883444574 67.6351855834729
0.9999982401376762 0.0011148623736303232 -0.0015089065710638776 -0.4179667841638993 -0.001110477961187394 0.9999951683687507 0.0029034598628224022 -1.3261490764260675 0.0015121363688093685 -0.0029017792049171017 0.999994646547731 69.1052448842882
0.9999897344834947 0.004478852051735055 -0.0006861503109280675 -0.4302934865346081 -0.004476085929678717 0.999982055533895 0.003981616840072288 -1.3530232856529767 0.0007039711335084578 -0.003978504781383898 0.999991837929851 70.46216193851237
0.9999637117577781 0.00851321049159553 0.00031685431693728033 -0.45383125097905425 -0.008514613854614458 0.9999525809907485 0.004726218177511233 -1.3835585070198697 -0.00027660402192827534 -0.004728744663015024 0.9999887811694624 71.91768007063303
0.9999277061680613 0.012001612997672995 0.0007373568677636903 -0.46052087081135984 -0.012004619168412035 0.9999190519876238 0.0042164699298659 -1.3968487406845556 -0.0006866927952316785 -0.004225016885394224 0.9999908388006509 73.27810386676884
0.9998706938705983 0.016010285093814133 0.0015054133618166328 -0.47443530345784585 -0.01601576449408338 0.9998648922771943 0.0037003406609857265 -1.4240360390671498 -0.0014459665800730629 -0.003723972614614148 0.9999920205718369 74.67809189014449
0.9998360324848504 0.01796813422328411 0.0022481659941754237 -0.488808645705288 -0.017976321662244464 0.9998316564310835 0.0036756913768923784 -1.4523851635223692 -0.0021817423963120513 -0.0037155025231953615 0.9999907174763868 76.11556007806038
0.9998358449441545 0.017925965409148346 0.0026349349912092937 -0.4947230102444309 -0.01793639514536883 0.9998311727854705 0.00398894781748989 -1.475538048031453 -0.0025629846162823996 -0.004035554337911392 0.9999885726389689 77.48491803457581
0.9998529502907119 0.01694701261200553 0.002622311142458429 -0.4983002002266448 -0.016957358047228747 0.9998483157364062 0.003974112782168354 -1.511120921298388 -0.00255456425333589 -0.0040179959490916515 0.999988664889514 78.90288022867288
0.9998700132090058 0.01593920553236486 0.0024286566727175166 -0.5047839073474671 -0.015946151624671563 0.9998687399208951 0.0028676155898283598 -1.5318292527187551 -0.002382630572746035 -0.002905970632775785 0.9999929391768797 80.27635764413178
0.9998758692784103 0.015609307411211738 0.002143716069261244 -0.5095317890521123 -0.015615465390826113 0.9998739060777567 0.002886039851710314 -1.5677994888351123 -0.002098396852368057 -0.0029191567973749274 0.9999935376050956 81.64993840156147
0.9998858381759003 0.015009514434245658 0.0017392685548020042 -0.5172688182608314 -0.015015032807840228 0.9998821351433399 0.003203849139578027 -1.5875765498496355 -0.0016909754774621952 -0.0032295986305052025 0.9999933551243759 83.06852490303655
0.9998882208477641 0.014874988884554099 0.0015101255411316668 -0.5343145779258244 -0.014878579921865063 0.999886440428874 0.0023946072851407318 -1.6146217995403478 -0.0014743344187223564 -0.002416808199354725 0.9999959926792266 84.41918064897932
0.9998848486176162 0.015159126321754023 0.0007002539236993018 -0.5405267456991507 -0.015160956401965294 0.9998814608381965 0.0026850906968128893 -1.6361986858455528 -0.0006594673416034738 -0.0026953980883172063 0.9999961499583396 85.83384829536283
0.9998994146915994 0.01417372260383008 -0.0005158003996981824 -0.5521374359134775 -0.014171870240711554 0.9998936741171278 0.003434907529579492 -1.6703562417575368 0.000564431032862438 -0.0034272522508791486 0.9999939676624088 87.1783052643846
0.9999145572675991 0.012959647510109648 -0.0017104578096939812 -0.5560910002161306 -0.012951593490321853 0.9999053629532972 0.004639115659236847 -1.6983654134358666 0.001770417393273188 -0.004616566228644548 0.9999877763965632 88.56704148919617
0.9999348144575043 0.011082647520188345 -0.0027462208480860412 -0.5622946556517404 -0.011068805343346696 0.9999262097901482 0.005005651573615655 -1.724465300514787 0.0028014943159595344 -0.004974928002327514 0.9999837007307192 89.94872132915975
0.9999511386445227 0.009150469663572258 -0.0037402140629588638 -0.5733279271298408 -0.009130503595313377 0.9999441586961171 0.005321034910622836 -1.7496087505228142 0.0037886954969389335 -0.005286624993983933 0.9999788484717644 91.3226464363648
0.9999567696012013 0.00835387459658938 -0.004083097130956217 -0.5896410213567755 -0.008335196998102546 0.9999548173682112 0.004570309627290625 -1.7730011088806175 0.004121092790788347 -0.004536078731189421 0.9999812201200322 92.69673454061032
0.9999647139351332 0.007227973105291501 -0.004281035642038646 -0.6039899366782091 -0.007209152821209875 0.9999643530322824 0.004395542561085808 -1.8027065283794599 0.0043126542670452106 -0.00436452491457687 0.9999811757951317 94.01860807454887
0.9999661773588595 0.006906557662646011 -0.0044658231841858955 -0.6248593886907075 -0.0068891353126049795 0.9999686447307637 0.0039050458873159115 -1.8233913639728332 0.004492653964058631 -0.003874148233454753 0.9999824033678075 95.4161724141158
0.9999726863147718 0.0060240616362917465 -0.004282205688965108 -0.6296411825437611 -0.006011308227202238 0.9999774767810807 0.002984981651341432 -1.8430668868771536 0.004300091318764493 -0.002959158528639326 0.9999863762092925 96.75976869135927
0.9999651208165444 0.007239988311004036 -0.004164096131618212 -0.6475536786764854 -0.007230144490360286 0.9999710434376908 0.0023743023143374645 -1.8721738566682473 0.004181165829490857 -0.002344112539056303 0.999988511432522 98.09569368051845
0.9999581296036638 0.00831055460404738 -0.003830626138638173 -0.6689163842014829 -0.008300992965208446 0.9999624074965463 0.0025054195223580406 -1.8916969974372064 0.003851303888500702 -0.002473516677071032 0.999989524535746 99.48363013987395
0.999958243589729 0.008290608901456446 -0.003844067625650407 -0.6768387743658357 -0.00827545601260298 0.9999579905484467 0.003941317433652582 -1.9236149021946696 0.003876582390121591 -0.003909341532394673 0.9999848444680626 100.80409993059129
0.999954957104542 0.008734626698942004 -0.0037134932985081566 -0.6994037485557938 -0.008714851677515345 0.9999479338671969 0.005308571627401054 -1.9466818978174683 0.0037596686641881445 -0.005275970084398479 0.9999790142995247 102.13574135301648
0.9999544459001595 0.008872515384538232 -0.003519171676005217 -0.7124571237519733 -0.00885754399353472 0.9999517505571569 0.004247409868611471 -1.9708693910934452 0.0035566873907606766 -0.0042160452565232626 0.9999847873566172 103.49372424672913
0.9999557569905936 0.008800875816697147 -0.0033209367463872762 -0.7233183205154451 -0.008795346605184278 0.9999599155341073 0.0016760734284113179 -1.9945616184908002 0.003335554825170386 -0.0016467905260527074 0.9999930810567162 104.81713658729142
0.9999644215618523 0.007607865433105734 -0.0036436206159358073 -0.7455864337450813 -0.007606875020878171 0.9999710264915869 0.0002857374041888324 -2.0185332774349902 0.003645689206991793 -0.00025801068532750517 0.9999933211714144 106.13055432728831
0.9999753458415652 0.006256761347388877 -0.0031875740035382854 -0.7504341716925667 -0.006251575188215683 0.9999791229086605 0.0016344928600171913 -2.052640457322832 0.003197734359153548 -0.0016145252436351998 0.9999935838840388 107.50045408360377
0.9999922060770747 0.002894418731381236 -0.002685165793696787 -0.7581856573351591 -0.0028853322987637342 0.9999901193331252 0.003381730058053251 -2.070109071618747 0.0026949276355850947 -0.0033739561764261593 0.9999906768516363 108.846853932584
0.9999963807983662 0.001899087804124149 -0.001905741097842668 -0.7753252983795226 -0.001891103389207529 0.9999894638243864 0.0041828184965198405 -2.0991615802635675 0.0019136647232011973 -0.004179199489988853 0.999989436035757 110.17100068882819
0.9999981960610019 0.0013800913279753656 -0.001305074004326933 -0.7854914378997193 -0.001376039240605806 0.9999942459007113 0.0031007552665955613 -2.1258430442695535 0.001309345933331257 -0.00309895390318166 0.9999943410343366 111.48924129343884
0.9999963006709619 0.002656690811489516 -0.0005836374045339848 -0.7987594510696737 -0.0026563128162893305 0.9999962621930968 0.0006477705912244628 -2.1486471311723223 0.0005853561990040075 -0.0006462178866374371 0.9999996198807202 112.81152044142964
0.999984862858115 0.00546612744356056 0.0006288843330827091 -0.8007264408743509 -0.005465298785418684 0.9999842038328375 -0.0013124804670518833 -2.183677585774807 -0.0006360486397955401 0.0013090235811990803 0.9999989409485942 114.16948042079244
0.9999638266994845 0.008269629815096853 0.0019895979654792678 -0.818566206720712 -0.008265897222288328 0.9999640747324933 -0.0018772867620077181 -2.2052845896633153 -0.002005051126709292 0.001860773074026438 0.9999962586383204 115.47436811832493
0.9999514524988311 0.00923778900340841 0.0034286853887346277 -0.8304314734285295 -0.009237791228547121 0.9999573305885445 -1.5362800554537486e-05 -2.2323332548496517 -0.003428681297386126 -1.6311429686984402e-05 0.9999941219198459 116.83899893019242
0.9999512735867064 0.00886722036626284 0.00433852979950457 -0.8375232880469026 -0.008877967894378473 0.9999575539608178 0.0024641391669172107 -2.2571243803169416 -0.0043164959444064715 -0.00250253647912491 0.9999875525072008 118.13154647670868
0.9999490257346828 0.008600066468233108 0.005290063888175743 -0.8368223325073761 -0.008617328625643432 0.9999575921592844 0.003248930363966826 -2.2869837385410543 -0.005261898973457877 -0.0032943510383379084 0.9999807296469982 119.50713648118067
0.9999376222239331 0.009236670412550049 0.006279774402883424 -0.8367807226868532 -0.009251494517856982 0.9999544764351975 0.0023355784170337036 -2.3114067423951905 -0.006257916084596312 -0.002393530076464308 0.9999775544951949 120.82523918084242
0.9999104960317142 0.010968065961362385 0.007661686223853846 -0.8350011136050189 -0.010984748506069187 0.9999373788395257 0.0021386269140924764 -2.3355945876181883 -0.007637750483450986 -0.0022225972407891163 0.9999683619108471 122.1317877158437
0.99988290832864 0.012536279688230293 0.008775608250580972 -0.8413043183945308 -0.012549505153258977 0.9999201954075382 0.001453536005872301 -2.355729293714285 -0.008756686722360652 -0.0015634953831664094 0.9999604371739625 123.50436082623935
0.9998607283814559 0.013386339944025043 0.009966429494039884 -0.841637279714041 -0.013392528211457498 0.9999101624285532 0.0005543406296942432 -2.3823689420828886 -0.009958114383921253 -0.0006877391296470391 0.999950180242011 124.82688755136832
0.999836486157641 0.01428978405083315 0.011081651041429129 -0.8344996280181788 -0.01428695014160395 0.9998978802397027 -0.0003349392881155035 -2.407956483119654 -0.011085306533806238 0.00017656152654746608 0.9999385405106008 126.15184383051894
0.9998303673104935 0.014043787269661764 0.0119167366957712 -0.8301859877378526 -0.01403788489459373 0.9999012964876315 -0.0005788831810520736 -2.4372041534046835 -0.01192369119310723 0.00041149921254621046 0.9999288255923234 127.49585513143195
0.9998270565571084 0.013358005067525075 0.012939113157533294 -0.8301542264822164 -0.01336233167098193 0.9999106893432617 0.0002479166655038866 -2.468013977851798 -0.012934646978338722 -0.00042077051947659076 0.9999162554204736 128.82370090527303
0.9998302243593861 0.01224896653330669 0.013765364205508694 -0.8223110920585492 -0.012267436886517123 0.999923960708013 0.0012581032253960159 -2.493560087973122 -0.013748908194160993 -0.0014267553930352118 0.999904461380007 130.1928112122284
0.9998407573775236 0.01091239136310407 0.014120183453220496 -0.8076067310471864 -0.010936777990670256 0.9999388287526269 0.0016509588888138443 -2.5151188967763924 -0.014101304985365016 -0.0018051253298615299 0.9998989422515326 131.51795654122003
0.999852530076175 0.009826805248387303 0.014083748840941006 -0.7941000342644187 -0.00985213338159998 0.9999499698772887 0.0017300960218508347 -2.5491078688158644 -0.014066044100393131 -0.0018685958897193358 0.9998993223061157 132.8591190120329
0.9998712999088963 0.007986375420578482 0.013914072514303604 -0.7839623283610128 -0.008023249043820967 0.9999644428429374 0.0025962552470133815 -2.5651912753968373 -0.013892844272725129 -0.002707557225892299 0.9998998239860689 134.19595742663557
0.9998911063909858 0.006462092376996832 0.0132671290988713 -0.768859696151158 -0.006494028168960232 0.9999761158747417 0.0023654367575281993 -2.5982765802701264 -0.01325152767254939 -0.0024513363291464646 0.9999091898565051 135.54100046616335
0.9999116082348263 0.00541297028632619 0.012143947683388135 -0.7626536614873541 -0.005437797238208383 0.9999831904240224 0.0020122725925281405 -2.6250247168360397 -0.01213285220101542 -0.0020781310846016464 0.9999242347612401 136.88283680190784
0.9999365180361502 0.002151887144587904 0.011060256879854008 -0.7531719869618894 -0.002185672621860006 0.9999929800034268 0.0030434819399222006 -2.639271412477128 -0.011053630939001045 -0.0030674628874719032 0.9999342017895197 138.21142279970664
0.9999490495192044 0.00162927135480686 0.009962120483763385 -0.7381655081896026 -0.0016627299238301209 0.9999930023406969 0.0033512088925992884 -2.667817949715932 -0.009956591582372677 -0.003367602522244218 0.9999447612398751 139.56108230794024
0.9999623606231149 0.0004984250739949996 0.0086619233191819 -0.7392356893950296 -0.0005274837074884199 0.9999942402606821 0.0033527908671315064 -2.6906694951142804 -0.008660203042890065 -0.0033572337531004395 0.9999568639988873 140.92841541741856
0.9999720681006421 0.0001327599201020515 0.0074729779763007195 -0.7399199944189012 -0.00015489298758958152 0.9999956035093286 0.002961244646403088 -2.7136925077410843 -0.007472552615913964 -0.0029623194975057325 0.9999676922853112 142.2459916962453
0.9999791650706458 -0.0002884462569463231 0.006448738651482427 -0.734205799439871 0.00027405286384448065 0.9999974698677526 0.0022327454581739254 -2.7329964939394555 -0.006449366905582119 -0.0022309316822848022 0.9999767140310629 143.59415281672102
0.9999827581946481 -0.0018950435773734346 0.0055580690906559 -0.7291070618636775 0.0018946940575576311 0.9999982027404622 6.817193839498598e-05 -2.761027680529435 -0.005558188759692518 -5.76399176714232e-05 0.9999845514854011 144.94270014816564
0.999979294309029 -0.004625498219905825 0.004473894359206711 -0.7418879178092435 0.00462961567166402 0.9999888689018573 -0.0009103433807035791 -2.8094791968063086 -0.004469634146319578 0.000931036968382452 0.99998957771344 146.2545808869714
0.9998929105832086 -0.014260552644981609 0.003286946585226289 -0.7329266301215186 0.014254237808007157 0.9998965271013238 0.001936952477607326 -2.8184914977408146 -0.0033142287656149055 -0.001889892155848661 0.9999927220692646 147.64826220150437
0.9997438574081764 -0.022569827356579003 0.0016800219543620027 -0.7257525996518204 0.022563642385571077 0.9997388747193747 0.003614472684991888 -2.841260138039612 -0.001761161426851615 -0.003575639501790864 0.9999920565238866 148.9497636789263
0.9997432485525922 -0.022641212428694792 0.0009013757288348968 -0.6967952552412495 0.022640539229076877 0.9997433874749841 0.0007517843776499002 -2.883677633990048 -0.0009181658096002146 -0.0007311837197210809 0.9999993111701065 150.26769275245599
0.9997203343457857 -0.023630051835424794 0.0009347456504979574 -0.7215675892446887 0.023632690586727685 0.9997164481331374 -0.0029187780928896967 -2.902029675099026 -0.0008655097977208982 0.0029400524423645745 0.9999953034804421 151.64831784740232
0.9998074812703436 -0.01951887126399541 0.0020035144716416924 -0.725330434164005 0.01952924677830193 0.999795258938237 -0.005296104024252665 -2.939772856795957 -0.0018997304607404097 0.005334211675186682 0.9999839684751121 152.9857040862935
0.9998078355557619 -0.01939947379090537 0.0028199980091401997 -0.7304607053943972 0.019414202136179066 0.9997975194447498 -0.005292339783015698 -2.972468103374781 -0.0027167586399579613 0.00534607091727542 0.9999820192106297 154.34746820205632
0.9997090436180168 -0.023903948533623633 0.003229451778770909 -0.735689427903744 0.023910310373207753 0.9997122147904326 -0.0019454189585458963 -2.9954092451437018 -0.0031820194643719076 0.00202207018157578 0.9999928929648001 155.6665437807804
0.9995129601909869 -0.03100184559694118 0.0035676283979294747 -0.7358138951806852 0.030999948650752188 0.9995192141110966 0.00058636010365227 -3.0216823657183682 -0.0035840916779724253 -0.00047547820855019034 0.9999934640801311 157.00057641301203
0.999464103075621 -0.032539587897201475 0.0035611615293555 -0.7174702059239793 0.03253361896884664 0.9994691582811074 0.0017220038047450425 -3.0558357984136038 -0.003615304712026125 -0.001605223519738768 0.9999921763819544 158.3549050272306
0.9993811661193297 -0.03500433865828108 0.0034613672013462217 -0.7180507905072322 0.03499728118176577 0.9993852439193978 0.0020795596260015517 -3.083572552239214 -0.0035320332082818245 -0.001957134291770671 0.9999918471481425 159.68846826686917
0.9994169727216485 -0.03384340624567202 0.00450981990975944 -0.7215613944752224 0.03383412611051878 0.9994252158896216 0.002118908492605268 -3.100721918263567 -0.004578939200483188 -0.0019650873047233025 0.9999875857943291 161.0507311832966
0.9994900830318455 -0.03140465609687899 0.005772476907878903 -0.7262832166466504 0.031394682095862 0.9995054251849353 0.0018107939023574455 -3.116431955317235 -0.005826489834508548 -0.0016286454737393053 0.9999816995947143 162.3990277515396
0.9995919391802562 -0.027761848780238164 0.006725688059781717 -0.731339428598079 0.0277633817892676 0.999614513988125 -0.00013439010150105246 -3.1476024210570803 -0.006719365049370227 0.00032106314059151294 0.9999773732666567 163.74663426753318
0.9996655851780788 -0.02475706267228095 0.007470318983596017 -0.7311698296753522 0.024765190682156834 0.9996927981983881 -0.0009972764305835984 -3.1715892634179172 -0.0074433350811284466 0.0011819468489371536 0.9999715994755467 165.10146567547562
0.9996647757207261 -0.024726229315830163 0.007677875647561067 -0.7273609532273255 0.02472557313755535 0.9996942599702203 0.00018059618096797259 -3.1959787496905068 -0.007679994323340725 9.304260466473115e-06 0.9999705083620457 166.4384411363536
0.999693166802405 -0.02357708867153612 0.0075956005337683855 -0.7255206199047766 0.023577759739981184 0.9997220059803387 1.396756199344501e-06 -3.2172639484867727 -0.007593522573741871 0.00017769094455340987 0.9999711530009628 167.76899126422015
0.9997753008263962 -0.019964629084471212 0.0071247074538122535 -0.7244136667670171 0.019981273742519064 0.9997977717372626 -0.002272514537761783 -3.256087398690633 -0.007077897325369469 0.0024143647042123646 0.9999720367118969 169.15997506055612
0.9998651914456483 -0.015068742653872659 0.0065216521219383095 -0.7290901457827079 0.015104329062421306 0.999871113151245 -0.005442087788146526 -3.2909955621862217 -0.006438806693911388 0.005539859453798176 0.9999639252088796 170.54609670110892
0.9999234027827678 -0.01062246454773836 0.006352309073296217 -0.73652066339199 0.01066497251872728 0.9999207103889778 -0.00669561694710105 -3.320418912928635 -0.0062806819830598095 0.0067628514297067436 0.9999574075270111 171.8974651542546
0.999966629785647 -0.004635355352496456 0.006727020776112875 -0.7373780695811604 0.004672888558206684 0.9999735443225978 -0.005574474085931494 -3.3628253744187644 -0.00670100371046806 0.005605722802441131 0.9999618354790307 173.29452323175306
0.9999712922036941 -0.0013184898391773812 0.007461659451672995 -0.744284428770587 0.0013439156557455909 0.9999933049152449 -0.003403529572401186 -3.401571565268376 -0.007457122608949392 0.0034134597798799447 0.9999663692383945 174.68217400690972
0.9999704532894543 -0.0020022493644497406 0.0074218296447489856 -0.7469576369139326 0.002011929777810362 0.999997134878506 -0.0012970622474484546 -3.421635343729706 -0.007419211966158501 0.001311956157023991 0.9999716166261957 176.03073292759788
0.9999712604677902 -0.0037220049181992693 0.0066049170651296205 -0.7451253671335879 0.003725137939092505 0.999992954891298 -0.0004620714196891282 -3.4555785284992413 -0.00660315125883274 0.0004866623849324205 0.9999780805331155 177.4438446558651
0.99996975113311 -0.00586582262218267 0.005107734986059372 -0.7458048464648739 0.005867610846466255 0.9999827292686894 -0.0003351119494672406 -3.4787558263529643 -0.005105681495845358 0.0003650720297564075 0.9999868992807944 178.84816319476778
0.9999719547913566 -0.006888940720193635 0.002938050104228096 -0.7431166902073572 0.0069009990482402795 0.9999677257254528 -0.004113843900207948 -3.5115080866211468 -0.002909615502803842 0.0041340040966906764 0.9999872219902676 180.1838495792204
0.9999905592980936 -0.0041404572999248004 0.0013183078295700226 -0.7584398418525042 0.004151450347562303 0.9999556976516547 -0.00844796946286389 -3.554461557925807 -0.0012832710836712697 0.008453362768426002 0.9999634462677572 181.59857410650395
0.9999996192289883 -1.7666683865553978e-05 0.0008724855682050298 -0.7852014454222925 2.605682159251624e-05 0.9999537524171487 -0.009617294179698746 -3.586613586042326 -0.0008722753937345298 0.009617313442189636 0.9999533721214496 182.9993504788827
0.9999969097872807 0.0024277128699803727 0.0005353714340501983 -0.8021711847842484 -0.0024231441981979315 0.9999619883653112 -0.00837557166951997 -3.613353044314909 -0.0005556846208049882 0.008374248668684116 0.9999647809664453 184.3307128021918
0.9999852179726292 0.005365277174839242 0.000881832045736762 -0.7988539056411876 -0.005360561909123613 0.9999717684511018 -0.005265613695331629 -3.6514755577732094 -0.0009100587087732374 0.005260808843931667 0.9999857477394232 185.77641705020147
0.9999825215933783 0.005766255772247375 0.00130644266371719 -0.8110252615211113 -0.0057625703875313645 0.9999794547839896 -0.0028076332064860487 -3.6883090322782968 -0.0013226054681825406 0.0028000557175727977 0.9999952051888343 187.13129699427833
0.9999879820725218 0.004675754004798608 0.001474119418044135 -0.8200138625834652 -0.004672309347337072 0.9999863660087681 -0.0023318085649984424 -3.715384982047057 -0.0014850024108449226 0.002324893043006894 0.9999961948117049 188.59047450692117
0.9999941761628641 0.003160514709103162 0.0012879375640129235 -0.8185190002896259 -0.00315830005255609 0.9999935365883573 -0.0017181176490962862 -3.7469091066366795 -0.0012933594865488954 0.0017140399821983427 0.9999976946404272 190.0016978627419
0.9999989377548907 0.0003422077761142733 0.001416821923660798 -0.8239650988829818 -0.00034057232630934145 0.9999992756795428 -0.0011544052893395298 -3.7771173041373536 -0.0014172160646230942 0.0011539215563743292 0.9999983299793758 191.36276563615743
0.9999972632586918 -0.0015033327730358138 0.001792615539956173 -0.8332317497864858 0.001505076194489561 0.9999983954144687 -0.0009715513079727648 -3.810185714729133 -0.0017911522506866221 0.0009742466938738079 0.9999979213050458 192.8145667217324
0.9999868928452162 -0.0046626138719422835 0.002115225447284385 -0.8322409635600743 0.004663038569011794 0.9999891088140486 -0.00019575094598505506 -3.839182076669388 -0.0021142898774130277 0.00020561176743215167 0.9999977437470693 194.17893819756608
0.9999493822867 -0.009787213240035722 0.0023330954282650275 -0.8291096996442919 0.009784242077990843 0.9999513116253768 0.0012817861529826554 -3.862071312993446 -0.002345527144542694 -0.0012588937168509368 0.99999645683677 195.6414663463716
0.9999012597772821 -0.013817772694492258 0.002557316376417056 -0.8250244646178037 0.013813421503720726 0.9999031249888705 0.0017117282155500316 -3.8916423594668212 -0.0025807211234844876 -0.0016762339304640219 0.9999952650463797 197.04001114983134
0.9999284716937807 -0.011604635733912417 0.0028955033261409144 -0.8361951417403819 0.011612587704179759 0.9999288051553435 -0.0027445249922319528 -3.923615634606141 -0.002863448211845835 0.0027779530332933326 0.9999920417870239 198.46435014330925
0.9999883514783305 -0.003665914161442024 0.00313974363337029 -0.8539534227305297 0.003690305562530107 0.9999627835082637 -0.0077982842951419915 -3.9558724014988544 -0.0031110392113266657 0.0078097802293194685 0.9999646637576932 199.90300939517687
0.9999773623943842 0.005007523563647007 0.0044943744756261545 -0.8708931277131847 -0.004968819943129978 0.9999508298254157 -0.008581886115191426 -3.9859033269132933 -0.004537127874133992 0.008559360272871562 0.9999530748077713 201.3260144726345
0.999908592163322 0.012115528773943753 0.0060017711884799065 -0.8877790498957003 -0.012089620748237793 0.999917523224312 -0.0043344951910918115 -4.020458060554227 -0.006053791398781392 0.00426153992641697 0.9999725950648887 202.78611305640422
0.9998896911201467 0.013102579754886807 0.006994853074954333 -0.881290164389875 -0.013084965268080145 0.9999111157589752 -0.002558182603013851 -4.048077717968157 -0.0070277507310601405 0.002466373047509843 0.9999722634737829 204.2248092629531
0.9999015937989418 0.012421345996419737 0.006520188505019153 -0.8772066831121905 -0.012408800880900073 0.9999210847604654 -0.0019611074804302964 -4.086570787731085 -0.0065440341126658235 0.0018800068072943018 0.999976820324037 205.6812130218283
0.9999471497203549 0.008905511280798062 0.005137082923493283 -0.875109284139528 -0.008896001106956318 0.9999586788932784 -0.001871280344930229 -4.116159538249385 -0.0051535357993353174 0.0018254819852200877 0.9999850542275491 207.12695924458313
0.9999656107483034 0.007318590635941408 0.0039007103427117686 -0.8717071756967135 -0.007309662672050005 0.999970642925904 -0.002298289269238915 -4.151850672623368 -0.003917416400969058 0.0022696973983223445 0.9999897511062646 208.55699083289286
0.9999654546003424 0.007549866881270827 0.0034769389301186346 -0.8812458780506085 -0.007539309311177682 0.999966958805639 -0.003039757939127306 -4.179029524925495 -0.0034997741143974787 0.0030134392678841013 0.9999893353233283 210.03890138489191
0.9999526641559531 0.009120653699308548 0.0033886734114444384 -0.8884937940848436 -0.009110356261943401 0.9999538725717182 -0.0030420647724565737 -4.2166391291144905 -0.003416263011714031 0.003011048806860605 0.9999896313100758 211.5178996503896
0.9999441352196672 0.010074839807694276 0.0031975027279842827 -0.894171966254953 -0.010067644721442419 0.999946769225697 -0.002258598690460136 -4.244984834867806 -0.0032200878170124706 0.002226281231662255 0.9999923373216828 212.94718974144752
0.9999461606673699 0.009986469652572673 0.0028188954203577565 -0.9084099968098531 -0.009979299801342375 0.9999469632321284 -0.00254643304789334 -4.28088800271212 -0.0028441760346539697 0.002518165391426746 0.9999927847249053 214.39036625088715
0.9999502384325544 0.009640031429866457 0.002567184132301245 -0.9092278164662938 -0.00963164750447176 0.9999483050316507 -0.0032586274170858806 -4.312939857771459 -0.0025984649153593343 0.0032337391085033203 0.9999913954168987 215.86660799845714
0.9999567884648043 0.009012653036581227 0.0022788750543693216 -0.9158524038563405 -0.009003738631392765 0.9999518895349186 -0.0038924704738796 -4.346843501451686 -0.0023138471017389575 0.003871783950183098 0.9999898276469262 217.33307998060891
0.9999498264141732 0.009872902489309686 0.0016942345372876115 -0.9173088081654227 -0.009866165951891735 0.9999435665741586 -0.003939855201726088 -4.382467931261421 -0.0017330368823399644 0.00392294199712462 0.9999908035110306 218.81003467828836
0.9999408283413442 0.01076800309960577 0.0015459309165271901 -0.926600299949814 -0.010761113622050993 0.9999324249521937 -0.004398180094090192 -4.420449892981649 -0.0015931862059495269 0.0043812839876363145 0.9999891329939069 220.28549934348447
0.9999475502400801 0.010137511576877672 0.0014586318197796376 -0.9359574920622297 -0.010130829870459948 0.9999384753471326 -0.004517945329790635 -4.453906089714476 -0.0015043429324937607 0.004502931296043351 0.9999887302163833 221.780881212866
