1.0 -3.469446951953614e-18 0.0 -1.7787691892340307e-19 0.0 0.9999999999999999 -3.5405977195229754e-19 0.0 2.168404344971009e-19 -2.354751593366955e-19 1.0 0.0
0.9999995697529869 -0.0009035185326197251 -0.00021011709727722632 0.0012891276216170067 0.0009037963589094387 0.9999987129066772 0.0013256453147696286 -0.018216159629967657 0.00020891910052226294 -0.0013258346730921405 0.9999990992574778 1.3106429997350186
0.9999992981916973 -0.0011460164816519264 -0.0003004390932627556 -0.014014773075119773 0.0011464480277792247 0.9999983061457961 0.0014399168185401981 -0.03519006561430629 0.0002987884424556569 -0.0014402602735533161 0.999998918187671 2.616023262302702
0.9999977676500574 -0.0019062380948823895 -0.0009115660305865284 -0.013410510879310309 0.0019073624125793519 0.9999974196265061 0.0012339796977348424 -0.07219609905779399 0.0009092114972684387 -0.0012357156534796732 0.9999988231707765 3.942331667085794
0.9999963890062249 -0.002665509910245445 -0.00034210345375030584 -0.02617423852673162 0.0026658907008193893 0.9999958226726111 0.0011169870409266291 -0.08658294504515013 0.00033912471439572324 -0.0011178950381781868 0.9999993176526757 5.2573049903172455
0.9999959685675951 -0.002760150647298787 -0.0006666482592355757 -0.023377940289907695 0.002761106579052902 0.9999951556077522 0.0014370272294762735 -0.1012573956524419 0.0006626786754534496 -0.0014388621498783423 0.9999987452662005 6.580441267761487
0.9999920395690376 -0.003960125582332063 -0.00048806617371386913 -0.02940431071419187 0.003961282737417381 0.9999892916834547 0.0023926453236622386 -0.13927947131298768 0.000478585814055387 -0.002394559689836882 0.9999970185159059 7.917717511333531
0.999991447857384 -0.0041240404092706216 -0.0003106572404047636 -0.04819203412161269 0.00412482433383188 0.9999882015709582 0.002565645537609606 -0.15692129496013243 0.0003000727769943599 -0.0025669050500678288 0.9999966604722924 9.23444908716242
0.9999923005969752 -0.00382096560871637 -0.0008938525726002185 -0.04655878157090754 0.003822638514112157 0.9999909318741542 0.001877125106220153 -0.17927176045598586 0.0008866721132820962 -0.001880527563608494 0.9999978387128629 10.56855185368859
0.9999988460490321 -0.0013506941319240302 -0.0006953610143007208 -0.0693852991522796 0.0013503296177392928 0.9999989507340817 -0.0005245365988209923 -0.19779146445272322 0.0006960688316772353 0.0005235970377463773 0.9999996206676103 11.885015126372808
0.9999971816250295 0.00222304024021429 -0.0008335639237922875 -0.06536899846724556 -0.0022243261270720556 0.9999963330994323 -0.001544721682744613 -0.2324493417072491 0.0008301269574801951 0.0015465714752586482 0.9999984595023494 13.22799950345531
0.9999879307172161 0.004878505499274085 -0.0005818879552810833 -0.09328962348278047 -0.004879360880493721 0.9999870047638337 -0.0014772103795932287 -0.25023397895706306 0.0005746738615881382 0.0014800318170166411 0.9999987396274672 14.566288045834646
0.9999867588516266 0.005143388206951925 -0.00016633950056348166 -0.11189572197108194 -0.005143546775612708 0.9999863060060855 -0.0009652652875471054 -0.2795308895306515 0.00016137250112828634 0.0009661080962995662 0.9999995202969845 15.9139487159068
0.9999937541662351 0.0035322700898551907 -0.00012120143391308497 -0.09946677701060078 -0.0035320628621663243 0.9999923658118125 0.0016711841007930135 -0.3076447638956149 0.00012710359411839092 -0.0016707456075093188 0.9999985962261491 17.262557979841123
0.9999995667850851 -0.0009117201987127576 0.00018761032902989009 -0.11912890277361211 0.0009110014790046413 0.9999923790009484 0.0037963158599026523 -0.33605827430200486 -0.00019107009010342364 -0.0037961433759618295 0.9999927763680077 18.620794293453024
0.9999959126986653 -0.0028429878045472014 -0.0003033313979566954 -0.10617427154041165 0.002843559068420074 0.9999941536505179 0.0018991661815615539 -0.3731923174575115 0.00029793034519976836 -0.0019000209953592563 0.9999981505775494 19.961057066706253
0.9999935868306468 -0.0035813617981368152 -1.2256716922868062e-05 -0.12207469976629792 0.003581353993922556 0.9999934053644356 -0.0006025996040525587 -0.3730692543066232 1.4414764270312538e-05 0.0006025518584429751 0.9999998183616936 21.310821508336183
0.999998649541295 -0.0016228966406639355 0.00025908481535452145 -0.1299367892290306 0.0016233147996147952 0.9999973676081573 -0.0016216113927877381 -0.43070072844786883 -0.00025645244854252355 0.0016220298125043313 0.9999986516245287 22.66316967814869
0.9999993529817174 0.0007395392015959422 0.0008643598423552226 -0.13643181846203867 -0.0007390925723301254 0.9999995932385454 -0.0005169779654439489 -0.4287872491180126 -0.0008647418897863744 0.0005163387993247793 0.9999994928070634 24.0325435190493
0.9999981300926982 0.0007644764725262213 0.001776341183754697 -0.149066568179663 -0.0007709086437014756 0.9999931392665627 0.0036231367912752527 -0.4513134176682006 -0.0017735593409050896 -0.003624499483697499 0.9999918587113823 25.42632627071447
0.9999976842696598 -0.0008259695664440975 0.001987267873846201 -0.1450031724239496 0.0008168872961311566 0.9999892387452515 0.0045667369673499806 -0.47525080785784557 -0.0019910186385980804 -0.004565103105862234 0.9999875977614485 26.794245628222388
0.9999884595149117 -0.00441116707392316 0.0019032736448141316 -0.1491611499650892 0.004404128231537739 0.9999835050439355 0.0036869076356036545 -0.5092489209928179 -0.0019195059748863263 -0.003678482893272379 0.9999913920922222 28.163680528704305
0.9999855211865257 -0.0050804996765935785 0.0017736824394550617 -0.16202991176016476 0.005078396654884064 0.9999863987438631 0.0011883635480639675 -0.5205813279173708 -0.0017796959448540609 -0.001179338896909622 0.9999977209173209 29.521866224074664
0.9999843678699609 -0.0050031251763009345 0.002496550420663559 -0.16308263180433868 0.005004880995142196 0.99998723230318 -0.0006974169533657874 -0.5686499972822179 -0.002493029492058167 0.0007099010088574692 0.999996640414924 30.911512710874604
0.9999925308195832 -0.0025795998781885914 0.002878189880556384 -0.17266022710787277 0.0025854258324571125 0.99999461305511 -0.002022234021003231 -0.5700931832835204 -0.0028729580655359006 0.002029660307357115 0.9999938132744149 32.29734621119573
0.9999940554186482 -0.0007431356982603929 0.0033670286710162935 -0.17496668699261575 0.0007564913217290269 0.9999918451197791 -0.003967040943411341 -0.6174773770511631 -0.003364053451033732 0.003969564570528778 0.9999864627569218 33.67907341369079
0.9999933489650372 -0.00020559806575785183 0.0036413953248491384 -0.18955916851531135 0.00022000334275257272 0.9999921507391696 -0.003956015476250802 -0.6354454788969238 -0.0036405537043243752 0.003956790364904488 0.9999855449825649 35.069949930620304
0.9999949517086895 -0.0005507782611708523 0.003129409734164792 -0.18835439262338732 0.000557940599957063 0.9999972261978284 -0.0022882959275386623 -0.6771063424480535 -0.003128140976329988 0.002290030448401959 0.9999924852169741 36.46370961342285
0.9999950508409641 0.0007916852534038711 0.0030449188144791514 -0.20363444852163273 -0.0007879255586465839 0.9999989260324438 -0.0012357624098404032 -0.6976843184040308 -0.0030458941376714137 0.0012333571506795398 0.9999946006629387 37.86364013163001
0.9999928441502371 0.0028141497301668855 0.002528281600775539 -0.19993302760818288 -0.0028122630684452874 0.9999957646762136 -0.0007495406933560106 -0.7233044305904787 -0.00253038042705302 0.0007424251513203449 0.9999965229821397 39.260257175739135
0.999985926165835 0.00430770078735832 0.0030969630124003684 -0.21683117923376968 -0.004305043929187107 0.9999903598898771 -0.0008641367928861454 -0.745839265545227 -0.0031006558630855665 0.0008507920853463952 0.9999948310276483 40.656168212946795
0.9999635969850376 0.00793280136564888 0.003142507633133798 -0.23059131222669832 -0.007931373638568065 0.9999684372653236 -0.0004666930474472599 -0.7850090529317264 -0.003146110896986066 0.00044175166140450554 0.9999949534060956 42.08252948335789
0.999956478744103 0.008890454571569496 0.002828501240252602 -0.23317132309373859 -0.008889320313817178 0.9999604037131655 -0.00041353331964297685 -0.8106734532114348 -0.0028320659815168434 0.0003883718717711426 0.999995914274583 43.47204176723138
0.9999645946800231 0.008075501499528267 0.0023655121488835354 -0.24274759439048293 -0.008074326765898112 0.9999672740993636 -0.0005059594845738665 -0.8390854503650795 -0.0023695208131045533 0.00048684165819658514 0.9999970741722712 44.89989652541457
0.9999703251670417 0.007567939721411338 0.0014405067493824615 -0.23332940162521532 -0.007566394255068213 0.9999707959143469 -0.0010756451844809248 -0.8741136217067469 -0.001448605222392491 0.0010647138392647798 0.9999983839612894 46.29454541683488
0.9999741584577149 0.0071631845444892215 0.0006092535471432456 -0.24848724694388957 -0.00716277290528585 0.9999741185798989 -0.000675921395481861 -0.9046139276630113 -0.0006140795813950894 0.0006715399920801771 0.999999585969573 47.729734999448134
0.9999729913371708 0.007337359044411457 -0.00042396031694608605 -0.2536520415939966 -0.007337327980294609 0.9999730785739712 7.590008120874036e-05 -0.9318609509073388 0.0004245058449355108 -7.27873027524069e-05 0.9999999072487313 49.127125888171975
0.9999665260474164 0.008064676939254898 -0.001381213565528787 -0.2671938539726513 -0.008064570321244484 0.9999674773779565 8.312175418911603e-05 -0.9599782139656772 0.001381839111251454 -7.198008656731018e-05 0.9999990426704544 50.55274722350349
0.9999638782022677 0.00812455476178938 -0.0024967736694652197 -0.27794958658317814 -0.008123701217373177 0.9999669402420737 0.0003520211337392231 -0.9821564826307934 0.002499551352689094 -0.0003317253895993571 0.9999968210977997 52.00405324302034
0.9999577590144324 0.008473202495752995 -0.003561600951399375 -0.29362802399170673 -0.008468628485904902 0.9999632987025248 0.0012975352544869739 -1.0167772181491346 0.0035724648173680856 -0.001267318604421206 0.9999928156769139 53.410902191090955
0.9999634467970244 0.007352514439765035 -0.0043641239064972324 -0.3071744760649838 -0.00734374789190397 0.9999709909957988 0.002021521419596223 -1.046543418542968 0.0043788609442272424 -0.0019893985491790432 0.9999884338725772 54.86622304756008
0.999977667020546 0.004513502996846972 -0.004928867271570923 -0.31193764801085433 -0.0045005502709752135 0.9999863983794837 0.002635927049906283 -1.0603504957956182 0.0049406979149846045 -0.002613685625857661 0.999984378958841 56.26342113492679
0.9999817924445951 0.002886834560802351 -0.005299146137827643 -0.3352264289545618 -0.002875504590645477 0.9999935663113527 0.002144484571416259 -1.0910636875987583 0.005305303266827713 -0.002129207855041379 0.9999836599875294 57.694823721051726
0.9999850355595675 0.0015179339402969522 -0.0052559033935648865 -0.35323537491301377 -0.0015065090377595885 0.9999964954957457 0.0021770229563454024 -1.1151491760706933 0.005259189997369473 -0.0021690723606436063 0.9999838178973001 59.14108943668885
0.9999864914841706 0.0011764784144230513 -0.005062878212703557 -0.3561095536897058 -0.001162993365277855 0.9999957708724901 0.0026656490845200892 -1.150199784191597 0.005065993309955085 -0.002659725039231177 0.9999836306584949 60.544816288574644
0.9999894097416068 -0.0008648518611069234 -0.004520224397234314 -0.3738399547376047 0.0008808456185246966 0.9999933552188872 0.0035374605249281076 -1.1719356651280866 0.004517135366685028 -0.0035414047549748987 0.999983526839234 62.001585016104215
0.999986462793002 -0.0031692221548137393 -0.0041267733667648965 -0.38636430373080677 0.0031821104928606934 0.9999900690842115 0.0031202404785217954 -1.1955280571525784 0.004116843999544378 -0.0031333301506927935 0.9999866168334574 63.40123630095563
0.9999853501276489 -0.003925302853060534 -0.0037271337649772127 -0.39437121390674795 0.0039328939160420875 0.9999902026392864 0.0020314933279954902 -1.2274607038013823 0.0037191233385776854 -0.002046122028935627 0.9999909907161514 64.8147730810774
0.9999887640807985 -0.003707538309788705 -0.0029539586523176734 -0.4061999448802359 0.003713453028531181 0.9999911065751149 0.0019992578107867927 -1.2600295818466054 0.002946520307478608 -0.0020102047731709117 0.9999936385299927 66.27126440794034
0.9999956817045176 -0.0017949776253315952 -0.0023269349653003827 -0.42067365685450775 0.001799239737560793 0.9999967054583797 0.0018307937421484046 -1.2904303451888348 0.0023236412632935523 -0.0018349725867794933 0.9999956167760042 67.63477926779781
0.9999982337336156 0.0008345593632238506 -0.0016840534721637196 -0.4397789516975543 -0.0008294670659229706 0.999995088831704 0.003022300061435617 -1.3165288409291906 0.0016865676352359428 -0.0030208979179082644 0.999994014816489 69.10575255372656
0.9999913336650689 0.004086615721017205 -0.0007950834559323141 -0.4561976478002492 -0.004083305797608619 0.9999831705138832 0.004121323764715597 -1.3434858082920738 0.0008119124132628889 -0.0041180415640133215 0.9999911912282553 70.46244062942304
0.9999660913619468 0.008234214716076355 0.00011754447945913258 -0.47753388048081136 -0.008234692873235626 0.999954058730556 0.004906146977763941 -1.3738653635869733 -7.714081473842328e-05 -0.0049069486626469325 0.9999879578800617 71.9183770723247
0.9999296213186402 0.011850366455904015 0.0005667423369668694 -0.4845256807822754 -0.011852708006328703 0.9999204113566803 0.004322533119031257 -1.3879917629067418 -0.0005154736700277822 -0.004328946430265018 0.9999904972097902 73.27689290633496
0.9998775347026786 0.015598249785233269 0.0012689212688148912 -0.49961699237116686 -0.015602939245148262 0.9998711485414331 0.0037728824038198074 -1.4132035047956344 -0.0012099075044406354 -0.0037922193438276568 0.9999920775662867 74.67940098056539
0.9998438821128229 0.017546263755515754 0.002083262848812646 -0.515416928998927 -0.017554014647931528 0.9998388393712919 0.003761901387790461 -1.4415506728834468 -0.0020169199633183316 -0.0037978838009150276 0.9999907540125242 76.12187248246437
0.9998439522211262 0.017500457801209353 0.0024093854933977836 -0.5195110559397801 -0.017510273817523063 0.9998382170154654 0.0041146267791556095 -1.4653345319942448 -0.0023369880386894903 -0.004156173793930771 0.9999886322874231 77.49590288704997
0.9998611071822798 0.01648655746888003 0.002441254972052901 -0.5251784267569405 -0.016496400834192963 0.9998556498717304 0.004067950662962633 -1.4996314249937774 -0.0023738362724811234 -0.004107657666050096 0.9999887459604547 78.90251393971961
0.999876295299178 0.015568564566464715 0.0022391645965052047 -0.5304377706577993 -0.01557514122141282 0.9998743488885776 0.0029498221979933964 -1.5211260910930915 -0.0021929589294925845 -0.0029843326648924993 0.9999931423201338 80.28212239862147
0.9998813577058335 0.015277899826642788 0.0019637341765229265 -0.5358265449039845 -0.015283709515882225 0.9998787630673779 0.002977822970761213 -1.5571676717118466 -0.001918001378951609 -0.0030074828871529853 0.999993638137435 81.65867971716973
0.9998915839077301 0.014641454426326465 0.0015646748035990023 -0.5450008625559836 -0.014646540941316438 0.9998873217951548 0.003289770321832674 -1.5756074496988586 -0.0015163316029688796 -0.003312330806628362 0.9999933645787983 83.0689725143917
0.9998939202416153 0.014505185811523559 0.0013220488126928706 -0.5612063001109608 -0.014508446731937089 0.9998916452003968 0.002490555882954109 -1.6027584517748397 -0.0012857796940208474 -0.002509472619690607 0.9999960246502876 84.4237893709899
0.9998884670413868 0.014926221375063222 0.0005112290305169674 -0.5663899270676828 -0.014927573554313952 0.9998847960239959 0.002749957450633809 -1.6241083425844758 -0.00047012369963116683 -0.002757282214097042 0.9999960881815078 85.83893206402543
0.9999038137581295 0.013852749128374288 -0.0006815698604360565 -0.580155829364117 -0.013850272620917467 0.9998979043150702 0.0035143888278461946 -1.657951716239797 0.000730184285557611 -0.003504610943896148 0.9999935922469323 87.18533166039174
0.9999174765144877 0.01271659993755618 -0.0018243389713373515 -0.58582165766786 -0.01270776944343613 0.9999078594249899 0.004773393537540274 -1.6874548722959366 0.0018848723740038137 -0.004749816446325606 0.9999869431668332 88.57214352429983
0.9999380456169844 0.01074216285343121 -0.0029173335042615325 -0.5905382516120274 -0.01072719116472758 0.9999294548666492 0.0051002630745323385 -1.7123249614224847 0.002971915811707443 -0.0050686524072363825 0.999982738093861 89.94912834315781
0.9999531440558788 0.008877603294929195 -0.0038597701721426714 -0.6033189922175669 -0.008856682503804897 0.9999461760879889 0.005404083655259508 -1.7372685120743752 0.003907538069085208 -0.005369645798677775 0.9999779487862902 91.32105864821196
0.999957013597611 0.00823652843354705 -0.004257996061874489 -0.6187333440595248 -0.008216476754675683 0.9999551726924661 0.004705542682326677 -1.7621693793826954 0.004296562889830874 -0.004670354784166472 0.9999798634686381 92.70266193816063
0.999966745420436 0.006747415180448653 -0.004580438726816376 -0.6299442094302998 -0.006726482179892397 0.9999669328360136 0.004570304674917042 -1.7905818096954789 0.004611125400766772 -0.0045393425502723095 0.9999790657317085 94.04399506503094
0.9999673491260704 0.006606798834899183 -0.004653049366154846 -0.6539895090762613 -0.006587918631195114 0.9999700517619916 0.004061393830640801 -1.8116599203690238 0.004679743225874498 -0.004030607400280548 0.9999809269267271 95.42393002447945
0.9999733829263683 0.005771392623038428 -0.004463680759154014 -0.6597392937250466 -0.005757447314168997 0.9999785246569657 0.0031308203680346725 -1.8303192952907792 0.004481654474537262 -0.0031050376972254594 0.9999851366511713 96.77932910191078
0.9999661397553485 0.006950464956203677 -0.004405718653631036 -0.6791937354360147 -0.006939195111188429 0.9999726254625628 0.002568250499249017 -1.8590549035385224 0.004423448959643769 -0.0025375914552531087 0.9999869967843693 98.10793365054178
0.9999586030831246 0.008124051760106716 -0.004097789386770102 -0.7006658810836042 -0.00811334846578017 0.999963648718705 0.002621990616689048 -1.8779497231443216 0.004118941964024699 -0.0025886353417215293 0.9999881665761872 99.4665284080679
0.9999578553117169 0.008230180396051598 -0.004068378747491286 -0.7059430358611446 -0.008213512036076872 0.999957875322477 0.004097049840207325 -1.9104475078433996 0.004101927177042173 -0.004063461583239151 0.999983331102074 100.7866542061784
0.9999564465679537 0.008487316834193973 -0.003882060593726467 -0.7303018724311326 -0.008466158124478542 0.9999493919579382 0.005434860310640759 -1.9330818299531431 0.003927991847433601 -0.005401757581149127 0.9999776957031287 102.12743182876156
0.9999564589525264 0.00857484387632073 -0.0036813348290844925 -0.7445728523562705 -0.008558608072980239 0.9999536774025379 0.004403781855875377 -1.95809350913698 0.003718926359252144 -0.004372083104378361 0.9999835271062818 103.49109904658866
0.9999570979936625 0.00855595550401052 -0.0035493340703979005 -0.7547151509003291 -0.008549469465773694 0.9999617621253485 0.0018387162185877963 -1.9806924456026622 0.0035649306277433777 -0.0018082924558085367 0.9999920106455177 104.80734057335532
0.9999658205313349 0.007305008876096006 -0.003872285097400437 -0.778161687391834 -0.00730332890739975 0.999973230022404 0.0004479293505071836 -2.004896956511756 0.0038754538916719434 -0.00041963348584901037 0.9999924023572064 106.12311692914945
0.9999759236632055 0.006050085529295516 -0.003398314378073645 -0.7819724484897068 -0.006044090462963217 0.9999801647416593 0.0017717521286930151 -2.03778663641869 0.003408966512659952 -0.00175116979379118 0.9999926561521227 107.49283279594412
0.9999916283414765 0.002810536946944506 -0.0029739062940855295 -0.7901218464773802 -0.0028001884048972966 0.9999900301351671 0.0034783012386359747 -2.0534293375936197 0.0029836527935610704 -0.0034699446945347973 0.9999895285981091 108.8226349828151
0.9999963026357258 0.0016942684607389466 -0.0021270079168764122 -0.8068637639838877 -0.0016851939829659454 0.9999895022516916 0.004260928259885065 -2.084450545303516 0.002134204928149017 -0.004257328171682015 0.9999886601010848 110.15015259846587
0.9999981516652069 0.0011437593683684124 -0.0015454695605589142 -0.8185190499448353 -0.0011387601673634468 0.999994129301727 0.0032318088822044498 -2.1107398083366915 0.0015491570327234687 -0.003230043055363392 0.9999935834482006 111.47589271875873
0.9999967921546417 0.002395561482607937 -0.0008227758031466624 -0.8330318350853337 -0.002394942012265369 0.9999968484290396 0.0007532522152850542 -2.1331830683705957 0.0008245777422389695 -0.0007512793159434697 0.9999993778259915 112.79840092959037
0.9999858948213148 0.005289109518932215 0.00048525170073575406 -0.8315060557596566 -0.005288544648770132 0.9999853441759585 -0.001158766303554378 -2.169503322646646 -0.0004913734736714107 0.001156183702800834 0.9999992108949355 114.15037527075194
0.9999665598452409 0.007989079685099544 0.001747507464272992 -0.852089475025287 -0.00798608917456618 0.9999666452886752 -0.0017119308200583669 -2.1891738958462117 -0.0017611260791298596 0.0016979178511637473 0.9999970077491742 115.45764744156482
0.9999533501081538 0.009101681008002455 0.0032337276001430304 -0.8643120087763042 -0.009101744798714801 0.9999585782613636 4.828144526756016e-06 -2.215315496561273 -0.003233549983108288 -3.4260487674152235e-05 0.9999947714746625 116.82466305546566
0.9999544497005133 0.0086059034517225 0.004127582342507924 -0.8729165290397574 -0.008616618709431275 0.999959534610412 0.0025851580345128797 -2.241056393047806 -0.00410516804317122 -0.0026206061379286283 0.9999881399368782 118.11835280162309
0.9999531359110246 0.00826320238755723 0.005044348888171525 -0.8727579510617306 -0.008280308295106701 0.9999600066647031 0.0033795832373823033 -2.2705419383035954 -0.005016221389223453 -0.003421193689911228 0.9999815663060099 119.48694778279737
0.9999411233362505 0.00899739806877959 0.006066026319777996 -0.8719599482022173 -0.009012223351499031 0.9999564583555508 0.002421000359377243 -2.2938886406696763 -0.006043980000389079 -0.0024755262537664493 0.9999786708074255 120.81958438314895
0.9999150988239548 0.010694987745667182 0.007443948071278743 -0.8691450433504267 -0.010711858962950401 0.9999401394262619 0.0022301717820284272 -2.319005131704495 -0.007419651438218944 -0.0023097210073645905 0.9999698065217191 122.11848873300237
0.9998867272198414 0.012381837936992305 0.008557031945249722 -0.8770858235838952 -0.012395220585223573 0.999922032280901 0.0015125791633450922 -2.338183938170871 -0.008537636983880452 -0.0016184741622486123 0.999962243931966 123.48932122085513
0.9998653924961789 0.013187259157177906 0.009761816354063554 -0.8770714329230925 -0.013194814419861695 0.9999126926827827 0.0007098710630361962 -2.364331038622642 -0.00975160364662124 -0.0008385808829487139 0.9999521003536324 124.81394897810735
0.9998412408520942 0.014122801635465757 0.010864600132615462 -0.8708071544795457 -0.014120960747158628 0.9999002639659428 -0.00024622013051586766 -2.3916088388443413 -0.010866994777849703 9.276244866752509e-05 0.9999409481629186 126.13490361681718
0.9998367554346832 0.013784109702360218 0.011681642570604035 -0.8666058193146211 -0.013779759449611101 0.9999049520617075 -0.00045288716037805753 -2.420649434041195 -0.011686775889585133 0.00029184300911832796 0.9999316647104344 127.47782470900276
0.9998315817378886 0.013227132752913564 0.012722071040698535 -0.8670081368066989 -0.013232137667611926 0.999912403631564 0.00030923991025352707 -2.451008027659116 -0.012716867351246471 -0.0004775280332237534 0.9999190233443923 128.809900274473
0.9998360506043913 0.012014833911148663 0.01354679497906304 -0.859621401679135 -0.012034053647993613 0.9999266928689354 0.001338084346308931 -2.4765500119474506 -0.01352972618411528 -0.0015008878534949804 0.9999073426273068 130.1744128934262
0.9998465012000284 0.010659574287433039 0.013904944958272365 -0.8441690252805258 -0.010684036277102613 0.9999415025504792 0.0016860813716831954 -2.4980722302276126 -0.01388615981749885 -0.0018343835295948209 0.9999018999871421 131.50068122127396
0.9998576242839974 0.009634041413276515 0.013853389133697122 -0.8310529538330941 -0.009660597877786711 0.9999516216485244 0.0018512786268790654 -2.531412510337967 -0.013834884802771476 -0.0019848471066592167 0.9999023233995165 132.84095034501843
0.9998760574297899 0.007754817368294793 0.013701553737662159 -0.8217413743978228 -0.007792040361536605 0.9999660893911382 0.002665368807835447 -2.548062218888092 -0.013680420815664389 -0.0027718015643460486 0.9999025768532296 134.17505467713198
0.9998922179948431 0.006685901539476981 0.013071002476599706 -0.8070005836333227 -0.006718299698178089 0.9999744642273488 0.0024362585616636875 -2.582864871384436 -0.013054381215169265 -0.0025238109330591434 0.9999116028451165 135.5133623670109
0.9999147163751857 0.005321966058542223 0.011926300739925863 -0.800415570079924 -0.00534730840791044 0.9999835105891448 0.002094004004081428 -2.6076029177261306 -0.011914960869522845 -0.0021575990649518135 0.9999266865464927 136.86092246771477
0.9999388865122786 0.0021159447969061294 0.010851083868818247 -0.7912691261158169 -0.002149892897865135 0.99999282854866 0.003117822149101589 -2.621962962352422 -0.01084440982527511 -0.0031409603309583184 0.9999362645377144 138.18534494021134
0.9999514627144115 0.001502512170763911 0.009737282823687262 -0.7764563018277908 -0.0015360298852739934 0.9999929185050164 0.003435630067246561 -2.650294805615211 -0.00973205261291365 -0.0034504201297415687 0.9999466894523011 139.53661284744447
0.9999641796972634 0.0004328356489974698 0.008452927414075469 -0.7788466284741073 -0.00046218597188748753 0.9999938707799442 0.003470560002196228 -2.6732653491079557 -0.008451374133549718 -0.003474342572088077 0.9999582507348503 140.90358115711726
0.9999734995245952 -0.00010774441353778204 0.007279330087214158 -0.779117658185927 8.540012952232973e-05 0.9999952845233736 0.0030697943084258667 -2.6945011810803785 -0.007279627127577971 -0.0030690913561675455 0.9999687933635862 142.21538082775558
0.9999804763097462 -0.0004976089766252096 0.0062289157718217626 -0.7739022937807021 0.0004831149458343377 0.9999971730650596 0.002328188275714415 -2.7138393991319045 -0.0062300572150344805 -0.002325133578957457 0.9999778898231075 143.56701151984015
0.9999834213762488 -0.0020442177440372737 0.00538313619721193 -0.7670723854337976 0.0020434223298930933 0.9999979004613438 0.00015328082043633876 -2.7429075691301805 -0.00538343868917072 -0.0001422782553986066 0.9999854990643626 144.91318053583566
0.999978365857121 -0.004983469778222099 0.004293350464568576 -0.779132523573866 0.004987063010488799 0.9999872229192741 -0.0008265556934326054 -2.790073412067107 -0.004289176855578657 0.0008479490449198079 0.9999904419239273 146.219375222009
0.9998899963850097 -0.014503074915198252 0.0031074042396795547 -0.7712245372857205 0.01449678357636407 0.999892839211642 0.0020379766770572743 -2.8002479165475442 -0.003136628438604892 -0.0019927051511346924 0.9999930953184551 147.5973803573309
0.9997350513221077 -0.022968911718197982 0.0015020844730022534 -0.7650697231152728 0.02296327250731238 0.9997295713565963 0.003670458702308013 -2.81962792582293 -0.0015859848375571885 -0.003634993496831229 0.999992135705526 148.91210145410795
0.9997330471459194 -0.023094554001283605 0.0006899448171037614 -0.7375936098102238 0.023094003510993857 0.9997329797837635 0.0007975784617959357 -2.863784277873043 -0.0007081803641929665 -0.0007814319550826017 0.9999994439217185 150.2365360254588
0.9997207360304882 -0.02362033011023952 0.0007279831681035081 -0.7603242258600686 0.023622352059927618 0.9997167342508587 -0.002904434505997762 -2.884906111466792 -0.000659173309867165 0.002920820152948892 0.9999955171394448 151.6205529820176
0.9998056813728626 -0.01962721579569499 0.001836274533142645 -0.7661758331752608 0.019636490692487834 0.9997937852296807 -0.0051764121203669135 -2.9216147479989654 -0.0017342974578170238 0.00521146435399026 0.999984916310771 152.94322634739686
0.9998044193114624 -0.019602556560254836 0.0026197160164214165 -0.7708969285296582 0.019615992045099062 0.9997940403511493 -0.005204779288161604 -2.95338577209245 -0.002517149695784832 0.005255149783003783 0.9999830235332517 154.31135142945323
0.999700534531992 -0.024282289566749396 0.003035074138146918 -0.775528015579448 0.02428801024901986 0.9997032689213863 -0.0018618981871795766 -2.9745738780049593 -0.0029889626387004206 0.0019350565838840994 0.9999936608070882 155.63606155492627
0.999505322749138 -0.03127115648990393 0.003350307392192389 -0.7770487675494867 0.03126925375374716 0.9995108053905295 0.0006194269034349743 -3.001036247586939 -0.003368038917228895 -0.0005143588585259152 0.999994195855501 156.96936631456765
0.9994535941494772 -0.03288221726159797 0.003357516534246299 -0.7584857447473983 0.032876464964599186 0.9994578821572493 0.0017549534262604645 -3.0353482317687748 -0.003413403408961125 -0.0016436112392131629 0.9999928235818927 158.32222312332476
0.9993732029370838 -0.03525044800490835 0.0032568616253789134 -0.7595920397949947 0.03524362913581779 0.9993764834811143 0.0021285894767474776 -3.064423599801877 -0.003329864927937772 -0.0020124716698525836 0.9999924309481142 159.65541705057495
0.9994068627015587 -0.03416583028856819 0.0043149519931080784 -0.7632585701116749 0.034156774678478045 0.9994141622046864 0.002155724481558969 -3.081034075818361 -0.004386076614204587 -0.0020070610078570072 0.9999883669489817 161.02388911866035
0.9994869150647814 -0.031540622570772454 0.00557635498411251 -0.7689253841987596 0.03153067274002266 0.9995010472274881 0.0018636739566023264 -3.0967108780472286 -0.0056323545552900405 -0.0016868915140341046 0.9999827153373744 162.36991170789645
0.9995876526231765 -0.02796272091466409 0.006527707375110688 -0.77427971506653 0.027963646046558426 0.9996089395282579 -5.020115094214968e-05 -3.128540395780976 -0.0065237514353223905 0.00023271898044147 0.9999786930243393 163.7122120061505
0.999665709638371 -0.024806330007446666 0.0072880019175482315 -0.7745655729416245 0.02481465239227753 0.9996915140040034 -0.0010534963888935184 -3.1510045946116527 -0.007259620904522478 0.0012339934986249851 0.9999728872112401 165.07074477991662
0.9996629695786894 -0.024863021956779575 0.007468426837752982 -0.770559402474021 0.024862171307458762 0.9996908670230428 0.0002069496980044401 -3.175950618175964 -0.007471264125065466 -2.1198617544740357e-05 0.9999720894886378 166.4095962941157
0.9996882803948428 -0.023843468569781912 0.0074047995545787546 -0.7698507098510894 0.02384341856855573 0.999715700744929 9.525268927120378e-05 -3.1964263006395637 -0.007404966154101392 8.133276392188562e-05 0.9999725795513215 167.73919104924676
0.9997720895908675 -0.020188790493887103 0.006941298618876502 -0.768539051296657 0.020204667964403775 0.9997933896352522 -0.0022247309524773555 -3.236056487267887 -0.0068949504306161005 0.002364470614630136 0.9999734341124015 169.1288730375175
0.9998617202836299 -0.015382870267423864 0.006317248594665067 -0.7747086427758316 0.015417176577964336 0.999866468469865 -0.005418107262044162 -3.269154374383745 -0.006233059531797473 0.005514752310315989 0.9999653676350391 170.5146913980855
0.999920675834278 -0.010985321905386885 0.0061615548401218745 -0.7811811666033692 0.011026505593641977 0.9999168252600488 -0.006690196267761355 -3.297179035750193 -0.0060875489139606866 0.00675760613898528 0.999958637395245 171.8835293337162
0.9999669020929868 -0.004853546019832795 0.006529764341830498 -0.7821581043193593 0.004889753058229014 0.9999726968541658 -0.005540384005595017 -3.342302850659221 -0.006502696103720492 0.005572129684473045 0.9999633324815951 173.26643758678645
0.999971524115684 -0.0019582255749254866 0.007288094398714646 -0.7888991719430125 0.0019816162162504015 0.9999929051153388 -0.0032035782192309085 -3.376791693833648 -0.007281769979580505 0.0032179292714048023 0.9999683098730218 174.62636263849382
0.9999710946167695 -0.002296292248277843 0.007248239986816573 -0.7920127294825725 0.002305712896547976 0.9999965077129606 -0.0012916062288691195 -3.401231063855616 -0.007245249381700028 0.001308281288352186 0.999972897010055 176.02759925413653
0.9999719204046679 -0.003908326561071039 0.006394012621379047 -0.7913001056135633 0.003910986723047469 0.9999922706328835 -0.00040354927433631203 -3.4332827039572407 -0.006392386537647292 0.000428544857946593 0.9999794766580331 177.45235667089722
0.9999693303259656 -0.006104217097748679 0.004906827291228644 -0.7905108934108185 0.006106254878031642 0.9999812765104977 -0.0004003402620236321 -3.4579531263869594 -0.004904292068802547 0.00043029033894575964 0.9999878813085687 178.85501672413892
0.9999699306705476 -0.007258114105389665 0.0027308508428410877 -0.789662419157479 0.007269037866311371 0.9999655337781559 -0.004011525400613871 -3.490790275345616 -0.00270164084272158 0.004031255522127185 0.9999882249866474 180.18954034255182
0.9999873498600415 -0.004879989221700137 0.0012189475901897941 -0.8023185691528973 0.00489011263977095 0.9999523860914199 -0.008444663504798403 -3.532057261159437 -0.0011776797905342729 0.008450517640891393 0.9999636002477829 181.60443266268098
0.9999996084210674 -0.0005360095599774919 0.0007041685546953576 -0.8305708628054606 0.0005427294931623014 0.999953984922236 -0.00957775973028547 -3.564555249546465 -0.0006990024484098403 0.009578138342639961 0.999953884267151 183.00430084052084
0.9999975944194883 0.0021618238540098656 0.00037103853757690917 -0.8483428719115786 -0.002158658658401991 0.9999629804870837 -0.008329336815436069 -3.5914170407086563 -0.00038903140075085174 0.008328515995807174 0.9999652416336988 184.33509938765363
0.9999875357831156 0.0049478972529794305 0.0006682683083755745 -0.8454498741926404 -0.004944311678391209 0.9999739161816751 -0.005265049681292961 -3.629963749595329 -0.0006943018655322616 0.005261680030252135 0.9999859162343223 185.77278273226227
0.9999881322834062 0.004746365504553406 0.001098771694854932 -0.8568174873966781 -0.004743359135622165 0.999985042742762 -0.0027230211688271237 -3.662135611271813 -0.0011116798104599845 0.002717777034863243 0.999995688917794 187.1453328332174
0.9999888488734222 0.004542321017306442 0.0012920687639212905 -0.865654025023333 -0.004539301072448395 0.9999869806765312 -0.0023309294616165924 -3.695227851276982 -0.0013026398842197694 0.0023250384234087236 0.9999964486554981 188.5979456037809
0.9999947628100542 0.003040219497852147 0.001109690910060696 -0.863935291526713 -0.0030383251347318174 0.9999939307639741 -0.001704998919476131 -3.728360955397331 -0.001114867841846216 0.001701618420406686 0.9999979307791964 190.00916435470967
0.9999992593448666 -0.00013980666734155975 0.0012090350566833557 -0.8721253388184962 0.0001412224928385962 0.9999993043783542 -0.0011710247296876882 -3.753219888590762 -0.0012088706016908715 0.0011711946294814474 0.9999985834655725 191.36024977458425
0.9999967945234297 -0.0019609409429532706 0.0016017673558718236 -0.8792573309471914 0.00196238259194614 0.9999976705285359 -0.0008988822074325181 -3.7886502968118623 -0.001600001105490274 0.0009020226270439723 0.9999983131732302 192.82134479516742
0.9999850392714658 -0.005110116364691967 0.0019513977749295742 -0.8801374998402078 0.005110488085607488 0.9999869241838945 -0.00018538111784928798 -3.8169434945346925 -0.0019504251043574725 0.00019535094884082986 0.9999980788367693 194.19246220648637
0.9999459617915811 -0.010168921433473775 0.002160219052365485 -0.877057471296304 0.010166144101799243 0.9999474873343119 0.0012930884974305032 -3.839903140289111 -0.0021732551107390514 -0.0012710575385684337 0.9999968306810916 195.65868206711625
0.9998964253310163 -0.014195864829885253 0.0023698196531155985 -0.8731498862044693 0.014191729989567874 0.9998977557187062 0.0017529684236229227 -3.8703210535766437 -0.0023944624553189865 -0.0017191550409312061 0.9999956555168612 197.04937355981426
0.999923848291514 -0.012038009936346615 0.0027173421578206005 -0.884865745814692 0.012045375421121506 0.999923778520287 -0.002710363563500337 -3.9014871310360935 -0.002684507882700162 0.0027428886365805406 0.9999926349606998 198.468114598771
0.9999876343982945 -0.003997216208134327 0.002958601417937758 -0.9020118325556532 0.004019537882655551 0.9999632118181149 -0.007577487707685616 -3.936754695780655 -0.002928203973065463 0.007589286372994594 0.9999669136277599 199.90049960001105
0.9999794239971552 0.004754583512779615 0.004306450250386641 -0.9204435186338474 -0.00471751369465275 0.9999520830515022 -0.008577684675486608 -3.964508941352566 -0.004347027591227951 0.008557192611546884 0.9999539378396483 201.32421623087671
0.9999138829960408 0.0117521841275781 0.005840611097063266 -0.9377373092093226 -0.011727059487102754 0.9999219140211425 -0.004317634117146128 -3.998943478224947 -0.005890897160400686 0.004248769181189711 0.9999736222945212 202.787165485932
0.9998945707891072 0.012833441575550287 0.006793383452092816 -0.9306412868845979 -0.012816864598939642 0.9999147895749866 -0.0024782257418034634 -4.026591660490933 -0.0068246093297548585 0.00239089463139267 0.9999738538200188 204.2222504174219
0.9999062273910045 0.0121439462097758 0.006329373754103508 -0.927352433377703 -0.012131940331907728 0.9999245390003404 -0.0019319312211839958 -4.065209055081136 -0.006352357941162922 0.0018549625066585336 0.9999781030883658 205.68362758865467
0.9999510906740056 0.008555463606565781 0.004961883633057763 -0.9252958372414424 -0.008546449461291803 0.9999617944797262 -0.001835157033648145 -4.093907973139695 -0.004977395103564848 0.001792660822483018 0.9999860058518151 207.1194311920864
0.9999687032573414 0.0069820888901166575 0.003720608896805349 -0.9230988486695839 -0.006973635078040059 0.9999730836731006 -0.002280429310196686 -4.12968162756956 -0.0037364312298787273 0.002254411813600359 0.9999904783068222 208.5493493375657
0.9999696709207321 0.007053114774517524 0.0033031500254559914 -0.9312282474124765 -0.007043282820134911 0.9999707587106812 -0.002978910142425646 -4.156107044849246 -0.0033240643160031965 0.002955554830553743 0.9999901075949199 210.0237951167543
0.9999572610393171 0.008670257502570384 0.0032097842053813727 -0.9385735096386312 -0.008660599104029594 0.9999579630997077 -0.0030109925050299407 -4.193651472207629 -0.0032357556327941225 0.002983065218914336 0.9999903155546572 211.5104498635191
0.9999484432092689 0.009693365582406101 0.003024825455450738 -0.9449691227278124 -0.009686469787462348 0.9999504712997843 -0.0022863229166132097 -4.222035325457255 -0.0030468380635868117 0.0022569052002923747 0.9999928115504917 212.94888012143915
0.9999507233652797 0.009566442926994307 0.002652167593181875 -0.9596840718744697 -0.009559844006133243 0.999951203543075 -0.002489967281794392 -4.258532734450738 -0.0026758585354415537 0.0024644903195418554 0.9999933830105419 214.3906031503701
0.9999539828659227 0.009295145465606182 0.002373268585806218 -0.9615881044955578 -0.009287548425067068 0.9999517734099159 -0.003192541244207067 -4.291807524344609 -0.002402829472661196 0.0031703525430147646 0.9999920876046315 215.85849245473884
0.9999611216558264 0.00855878361356769 0.002121882199427298 -0.9677908868224576 -0.00855057049066219 0.9999560306825166 -0.003850255170914906 -4.323873214954276 -0.0021547425883465467 0.0038319622467750413 0.9999903365266064 217.3369821732524
0.9999529353999548 0.009586250603311445 0.001493574546213859 -0.9690352574828018 -0.009580378789629668 0.9999465385308449 -0.0038905583470270903 -4.360561684206362 -0.001530790697961676 0.003876066299850353 0.9999913163560544 218.80648988905813
0.9999452216148003 0.010379943811918311 0.0013455534996687864 -0.9777978484961942 -0.010373979143007844 0.9999366528045065 -0.0043670309135255166 -4.397414704000749 -0.0013907979198779434 0.004352833029656449 0.9999895592072904 220.28313645246473
0.9999518417880107 0.009734253344508014 0.0012483574753082642 -0.9887996214071859 -0.009728572008719663 0.9999426423858532 -0.004479603476864248 -4.431477079561507 -0.0012918915810675394 0.00446724309322235 0.9999891873181684 221.77657400813814
