1.0 -3.469446951953614e-18 0.0 -1.7787691892340307e-19 0.0 0.9999999999999999 -3.5575383784680614e-19 0.0 2.168404344971009e-19 -2.371692252312041e-19 1.0 0.0
0.9999999398638733 -7.08535559765227e-05 -0.00033948727388392647 0.05569069961672338 7.123806521749064e-05 0.9999993559314045 0.0011327230995349811 -0.026761272848715878 0.0003394068273799933 -0.0011327472383819146 0.9999993008434594 1.3159701006825606
0.9999991075624272 -0.0005587901877283866 0.0012135198795759842 0.11108300046058615 0.0005566348298350308 0.9999982684086526 0.0017757635472657302 -0.04833477912174309 -0.0012145101586562628 -0.0017750865086460634 0.9999976870130872 2.5650198957187875
0.9999987794233007 -0.0013280170360213776 -0.000823118089893475 0.029240992998018134 0.0013291537401210179 0.9999981619011906 0.0013818618979728502 -0.07722477566170388 0.0008212815113991332 -0.0013829542887012671 0.9999987064669911 3.9351406210261377
0.9999982158630673 -0.0018761699015771485 -0.0002196808310186637 0.02023913641173236 0.0018764888959837689 0.9999971729661171 0.0014604266964736916 -0.09404275362926649 0.00021694022101134713 -0.0014608363470453108 0.9999989094467472 5.249960147259199
0.9999971940508334 -0.002335400382767064 -0.0003972383888403684 0.02525970653925122 0.0023361141199852078 0.999995641383476 0.001805486393983715 -0.10881700682458312 0.00039302015865692354 -0.0018064093562254692 0.9999982912091985 6.5658172856739885
0.9999938360036699 -0.003493319564661413 -0.0003530969101636001 0.016464851089176405 0.0034942920500765206 0.9999899987881978 0.002791458621770353 -0.14383447491301155 0.0003433419532746357 -0.0027926752916035843 0.9999960415332088 7.904709968470082
0.999993727753959 -0.003537500045850614 -0.0001747879937541079 -0.0017229687013941702 0.003538040197532984 0.9999886472667083 0.0031918025780631886 -0.16270063363193682 0.00016349502432070782 -0.00319240102558617 0.9999948909099258 9.221173935324606
0.9999945347020497 -0.0032215426492317838 -0.0007431233922072463 -0.0029349850368333187 0.003223540747999786 0.9999911508259817 0.0027031555090090867 -0.18406498743993455 0.0007344085499032024 -0.0027055362754509872 0.9999960703518925 10.554571217755761
0.9999997373454664 -0.00047473615873739987 -0.0005476627352881201 -0.024241239849852648 0.0004748653040762534 0.9999998594857741 0.00023564928088820443 -0.20755718730115935 0.0005475508335958444 -0.0002359092897569661 0.9999998222678788 11.872946871380838
0.9999978200266607 0.002016518793659959 -0.0005418389812469311 -0.021841350701100066 -0.002016707808307379 0.9999979057957705 -0.0003482775909717854 -0.2304566467359198 0.000541135583529135 0.0003493695675418406 0.9999997925569755 13.211011703376107
0.9999843464106543 0.005583513617997179 -0.00036235019164737137 -0.04744200230961463 -0.005583702556661758 0.9999842750243021 -0.0005215180308773458 -0.24925736412542907 0.00035943262025558737 0.0005235331286900594 0.9999997983608547 14.551453196695135
0.999982992778049 0.005832164454968455 -8.540994739171699e-07 -0.06854492070843522 -0.005832164103373399 0.9999829226178494 0.0003746280481948376 -0.27840966211544615 3.0389774553624387e-06 -0.000374616707416528 0.9999999298265702 15.904415813061405
0.9999905878707431 0.004323892551376022 0.00035793214168622204 -0.06181238058663238 -0.004325032475148746 0.9999853757453954 0.003246905759672776 -0.3059813534381947 -0.00034388766227304 -0.0032484233345691648 0.9999946647293891 17.243059396817237
0.9999999156771917 -0.00022155667471312687 0.0003457732290819489 -0.06874819675586441 0.000219675147179018 0.9999852216641392 0.005432144556642856 -0.33227267127432897 -0.00034697167191154545 -0.005432068247416189 0.9999851860132755 18.61040601100184
0.9999978238359797 -0.0020853274249275633 -6.11216304698672e-05 -0.060248965798102225 0.0020855404613839956 0.9999909094021311 0.003719089970258427 -0.36563048988751545 5.3365562200511935e-05 -0.003719209420293274 0.9999930822932038 19.947758599300805
0.9999954410920295 -0.0030153565504880773 0.00015945090472015426 -0.0684843332060939 0.003015142290524001 0.9999945719513275 0.0013285256199621139 -0.36740754981695717 -0.00016345603016972412 -0.0013280388199038327 0.9999991047970916 21.299769739658156
0.9999994173047683 -0.0009714577977403931 0.00047081003956896844 -0.08316139352956274 0.0009713231877050872 0.9999994873123828 0.00028618993187831074 -0.4214534966559338 -0.00047108785914370087 -0.0002857324609129584 0.9999998482162521 22.651167237814477
0.9999980316827997 0.0015314896174290528 0.0012614155660993875 -0.0949031220010777 -0.0015337180317204022 0.9999972619097784 0.0017674513540599892 -0.413179613962139 -0.0012587053838664607 -0.001769382565976438 0.9999976424695186 24.016770039437027
0.9999962705021272 0.0018528724221732757 0.002006450875855311 -0.10258878456721662 -0.0018649023605849567 0.9999801984681463 0.0060103920430814115 -0.4304812779170788 -0.001995274819252516 -0.006014111580642594 0.9999799244680257 25.4108448955023
0.9999976005392784 0.0003484220289958276 0.002162757526108801 -0.09949019121142152 -0.00036372601536387855 0.9999748718838547 0.007079781275310735 -0.46002844630716866 -0.002160236605168925 -0.007080551076894475 0.99997259921123 26.782255446763944
0.9999901459327126 -0.0039207368783987315 0.0020822747201856475 -0.10016889242309612 0.003906924205358516 0.9999706091380645 0.006596726174617276 -0.4895473980333488 -0.002108077720461305 -0.006588526005667657 0.9999760733798924 28.152241597213973
0.9999897715677899 -0.004067593135386982 0.001977739651910189 -0.1103823893112936 0.0040593800220783995 0.999983193501508 0.004139340762924856 -0.4960617563353166 -0.0019945437320231787 -0.00413127010381555 0.9999894771450315 29.51023057506236
0.999987597511051 -0.004170892990383821 0.0027218532185083284 -0.11180157257387043 0.00416447988016941 0.9999885491468918 0.002357684532519963 -0.5401086528198645 -0.0027316559295088735 -0.002346320229227587 0.9999935163960453 30.899989479101496
0.9999933641287171 -0.001802852351005203 0.00316566401507364 -0.12342307120585197 0.0017991668582291748 0.9999977008919766 0.0011667075372603281 -0.5363892199979274 -0.003167760404930744 -0.001161004256283743 0.9999943086634588 32.28367299480831
0.9999929048596803 -7.290442019529907e-05 0.003766287287277773 -0.1273692460054699 7.62404419672822e-05 0.9999996049307569 -0.0008856216489523151 -0.5804257191928172 -0.0037662215525926654 0.000885902529331664 0.9999925153456191 33.66459034941003
0.9999922226418297 0.0002748945438572183 0.003934347862975313 -0.14118644178192397 -0.0002727071956723885 0.9999998079737419 -0.0005564923919817007 -0.5843401350746329 -0.003934500417166796 0.0005554151529073172 0.9999921055766858 35.0581767093999
0.99999411879149 0.00017797045787112595 0.003425012833352519 -0.13689009387341627 -0.00018165705055897367 0.9999994045163446 0.0010760891232696758 -0.623842386998599 -0.003424819570300639 -0.0010767049908649532 0.9999935556358265 36.449763920068285
0.999993407139662 0.0016202158275626898 0.003249704472409608 -0.15501002484937298 -0.0016281147175506473 0.9999957235098245 0.0024294458010377675 -0.6401720793656709 -0.00324575462096358 -0.0024347207223064837 0.9999917685702706 37.85285735462566
0.9999898622531606 0.003455837033152568 0.0028866206230255993 -0.15046865144430294 -0.0034643734509982463 0.9999896258653609 0.0029574117189882293 -0.6574522395497839 -0.002876370584788294 -0.0029673821281377055 0.9999914605297486 39.24457867236838
0.9999752630954702 0.006147398049818549 0.003417994463430556 -0.1689740128054335 -0.006158374574382557 0.9999758846199721 0.003210079892835561 -0.6924373462935471 -0.003398178683271676 -0.0032310498412195794 0.9999890062870478 40.64461693406967
0.9999547207754527 0.008897705028887426 0.003374496806227571 -0.176737436275906 -0.008909998149949777 0.9999536603950875 0.0036454100282901996 -0.7162084576159615 -0.0033419049302412865 -0.0036753118037854515 0.9999876617994601 42.07034135469489
0.9999477389835384 0.009774861822783441 0.002995222826431179 -0.1780814289297774 -0.009786275921215124 0.9999448170975989 0.0038198932595649346 -0.7344698331462023 -0.002957718860001085 -0.0038490057860276566 0.9999882184559018 43.457436817646396
0.9999572094433443 0.008868750103203055 0.002631451652066467 -0.18805380319074233 -0.008878282935077655 0.9999539871482873 0.003633138742689826 -0.753112909818551 -0.0025991093891174714 -0.003656346127700244 0.999989937829732 44.88477383585124
0.9999630595117448 0.008410531891207041 0.001772723721599858 -0.18217673233560155 -0.008416192317175808 0.9999594314517382 0.003209855947755828 -0.7813595640896173 -0.0017456553544003487 -0.003224657026453804 0.9999932771137321 46.2805051154135
0.9999672651398015 0.008039488983847942 0.0009139199967745182 -0.1971446924410309 -0.00804292173379422 0.9999603739920914 0.003816002098059546 -0.8057023919074243 -0.0008832051469946408 -0.003823227849562286 0.9999923014088614 47.71395092421353
0.9999644532978599 0.008430982054867522 -0.0001032657589024686 -0.20313368425829026 -0.008430391501320992 0.9999529979563463 0.004788569140614589 -0.8274009377660687 0.00014363326117681954 -0.004787528452931932 0.9999885294052729 49.11105204954047
0.9999594752410158 0.008937021577901478 -0.0010851265127323228 -0.2137763116748563 -0.008931735993805647 0.9999486754271564 0.004782323928293785 -0.8488275238334779 0.0011278106498284284 -0.004772438164063228 0.9999879758677326 50.54017607404436
0.999957232292325 0.008963845532028307 -0.0022766281722884363 -0.22079392895269376 -0.008952444831853758 0.9999475763777571 0.004969733022856815 -0.8610500469740888 0.0023210569419373894 -0.004949139196952373 0.9999850592489175 51.99294972395481
0.9999480848222515 0.009645881663329777 -0.003283991410737872 -0.23793014696414552 -0.009626019468286985 0.999935599412816 0.0060113888732272235 -0.8895347386042515 0.0033417653521095204 -0.005979465153612004 0.9999765390289983 53.4019319283147
0.9999573169658602 0.008310686133673084 -0.004036919230227552 -0.2537550679852899 -0.00828130694198792 0.9999394938839484 0.007240755641705142 -0.9145313506181394 0.004096850970961476 -0.007207015768785223 0.9999656367823679 54.850060972463815
0.999973545047883 0.0055620622231274345 -0.004687499131493749 -0.2546724986307031 -0.005525073090664526 0.9999537874250779 0.007867438605105262 -0.919536332044684 0.004731042098954046 -0.007841331859737965 0.9999580645041022 56.25234359068404
0.9999811613779745 0.00352420908299468 -0.005025616691419031 -0.27780855800068033 -0.003486774574997219 0.9999662572918497 0.007438190984389024 -0.9367435309767161 0.005051661286422411 -0.007420527819681486 0.999959707436837 57.68080621339923
0.9999843468691956 0.0026714444924924845 -0.004916237029781972 -0.29851240216118324 -0.002632837982105409 0.9999657796917448 0.007842678883608038 -0.9638898994398362 0.004937020499335913 -0.007829612625929454 0.9999571605857248 59.12622176068905
0.9999855504366381 0.002465882171015955 -0.004776853504608731 -0.2982818925266669 -0.0024259574548548025 0.9999622302541696 0.008345825143875761 -0.9866244340217614 0.004797253317490793 -0.008334116277029627 0.9999537633702564 60.532612754352336
0.9999910452086805 0.0008099141318728686 -0.00415373715716507 -0.31782144835864706 -0.0007705841734309262 0.9999549424946684 0.00946145753859738 -1.0067635661031333 0.004161213327566032 -0.009458172199528304 0.9999466122214857 61.9874994279398
0.9999911071198117 -0.0018251498191614954 -0.003801908092219246 -0.32743474755742746 0.0018597432925886413 0.9999567247740109 0.009115367709132143 -1.0207484051229794 0.003785106979451767 -0.009122357401813356 0.9999512265958388 63.38802971574896
0.9999912548121576 -0.002419147444322754 -0.00341145455761337 -0.33913785034613064 0.0024471337019802523 0.9999631929883789 0.008223393406800396 -1.0425830121712287 0.003391435684465794 -0.008231669940251592 0.9999603681059818 64.79974421512487
0.9999936573583784 -0.0024402093724321203 -0.002594343900850117 -0.35097459036264184 0.0024614850623026676 0.9999631082196041 0.008229415838773232 -1.0626211587374883 0.0025741669176074554 -0.008235749743846162 0.9999627723559623 66.25203967646759
0.9999978119631063 -0.0007144405944208947 -0.001966123452166228 -0.36329053684766843 0.0007305079247256954 0.9999662476858272 0.008183510477066676 -1.0851573848632476 0.0019602106311980014 -0.008184929002376475 0.9999645816314126 67.61101225494785
0.9999972820726523 0.0019109531347588637 -0.001335702018731724 -0.38349538013539336 -0.001898041739256613 0.9999521003485747 0.009601793905820355 -1.1014168612150754 0.0013539867393062913 -0.009599232782421472 0.9999530096235826 69.08826582035292
0.9999883461546772 0.0048090154764126435 -0.00042534102727479666 -0.39967648764637753 -0.004804249125604093 0.9999325363710112 0.010575533205403116 -1.1119500788972547 0.00047617028356748605 -0.010573366727983672 0.9999439870224155 70.43514556877132
0.9999546464637126 0.009509784813808623 0.0005186403965128723 -0.42169611867923334 -0.009515244429956013 0.9998850993085543 0.011800352579542053 -1.142475271065921 -0.00040636201601027076 -0.011804752621587528 0.9999302389112853 71.89890763983206
0.9999171125725772 0.012848933178834837 0.0008202867030155665 -0.4253807812122464 -0.012857301065887596 0.9998549088365992 0.011173679434320854 -1.1399594123999224 -0.000676597875180723 -0.01118330017958955 0.9999372360380298 73.27108710799521
0.9998574015548586 0.01680844220626228 0.0016287366796754155 -0.4407890514139381 -0.01682518088247898 0.9997993095023988 0.010874467731323745 -1.1636282597146874 -0.0014456270596853462 -0.010900321064921963 0.9999395447550005 74.6531835021308
0.999834902694257 0.017989590941541744 0.002557718755938681 -0.4594231211450095 -0.0180163901328352 0.9997785833434164 0.01087170734811918 -1.1723706933785414 -0.0023615750582017953 -0.010915993544496336 0.9999376300794053 76.10673918578544
0.9998264540936905 0.018413917754746326 0.002826531278642343 -0.46306939671213176 -0.018444750542344686 0.9997660266267001 0.011299700358245356 -1.1878394471882634 -0.002617798405688195 -0.011349874241520912 0.9999321614423667 77.47601413882064
0.9998384547254766 0.017736939031657014 0.002909536121533651 -0.4632559868094204 -0.017769473647928268 0.9997752189065784 0.011565358249502165 -1.214334709361227 -0.0027037482788397106 -0.011615191086288851 0.9999288860123647 78.88606264407366
0.9998564204538678 0.016758753864930073 0.002506512298720536 -0.4671712376203071 -0.01678397408466044 0.9998050113418293 0.010403727766922327 -1.2192547710128965 -0.002331670233940447 -0.010444303458671896 0.9999427382803446 80.25118854034581
0.9998582685351444 0.016670130506477417 0.0023557480337997438 -0.474211846040306 -0.016694506805832225 0.9998029873511708 0.010736850907629488 -1.248887346574318 -0.002176299391993052 -0.010774657432970987 0.999939583414384 81.64431916798415
0.9998700973651755 0.01600012449884551 0.0019453459858316668 -0.48571366625600165 -0.016021000964814673 0.9998085213684235 0.01123602089671374 -1.2572498371364396 -0.0017651959014634408 -0.0112657279307754 0.9999349816158901 83.04928965560826
0.9998687394711027 0.01611348541140519 0.001690968853166858 -0.4995603054952008 -0.01613013054954008 0.999816434079913 0.010340071156825158 -1.2647232360209077 -0.0015240439845646966 -0.010365989677387917 0.9999451102682068 84.40629105045328
0.9998727367639891 0.015930354011894347 0.00085677069651337 -0.5061965092676003 -0.015938632414510413 0.9998154493197599 0.010725079799287801 -1.2746612312711465 -0.0006857583111279885 -0.010737370867397768 0.999942117627363 85.80246695989901
0.9998726953347868 0.015953201849809334 -0.00029737480289943486 -0.5139110636290466 -0.01594880576106537 0.9998084962595336 0.011340477950102438 -1.293251110506993 0.00047823483693261015 -0.011334291717390223 0.9999356504933351 87.16432316196703
0.9998915740497524 0.014661271859646378 -0.0013737582461862828 -0.522673005098855 -0.014642694299176844 0.9998124174874296 0.012677593389841986 -1.309196690807445 0.0015593703374873133 -0.012656103549639875 0.9999186924018287 88.5577981940722
0.9999228339978494 0.012167508103531642 -0.002505546348063914 -0.523810963692054 -0.01213258724620166 0.999835117298364 0.013510683450035733 -1.3297865260944266 0.0026695248129078785 -0.01347924240210367 0.9999055873789727 89.93641636101322
0.9999346374336486 0.01090728168100489 -0.003428124133163149 -0.5380170714856947 -0.010859040680690142 0.9998459569927434 0.01378925452053435 -1.341265732014774 0.0035779996506379464 -0.013751127362345723 0.9998990471177521 91.30064637284988
0.9999403189117547 0.010248007533087286 -0.003786413312557595 -0.5544147645861333 -0.010196928076962247 0.9998599287455784 0.013271984197510713 -1.3546096099326153 0.003921894680413893 -0.013232582598682428 0.999904754220377 92.67493263328561
0.9999557805895185 0.008388271790859853 -0.004251321644641251 -0.5646611589312848 -0.008330743573121139 0.999875863923771 0.013373685608786743 -1.3754551685199723 0.004362976390941359 -0.013337677834679585 0.9999015305522245 94.02933990716795
0.9999584349395252 0.008022521230371922 -0.004332149693039799 -0.5848145968416113 -0.007966377206057602 0.9998860174555595 0.012825324285039947 -1.3797758853823818 0.004434547724544593 -0.012790279922936354 0.9999083675714827 95.40501148468701
0.9999614710141609 0.007669128275905299 -0.004270940682613207 -0.5928916776823574 -0.007616093399477375 0.9998953650330736 0.012298541298613614 -1.3895012928437804 0.004364813261994763 -0.012265539816321551 0.9999152488842263 96.7628572736171
0.999951879034267 0.008946031447245519 -0.004025929695055162 -0.6109807206991384 -0.008898500590074484 0.999892269629821 0.011673295891203443 -1.404665615702793 0.004129926010153385 -0.011636909662735905 0.9999237601221085 98.079505552167
0.9999362633913706 0.010683379941251276 -0.0036516457165775076 -0.6324037609178943 -0.01063969532021489 0.9998740031545854 0.011780268216308235 -1.4110340634534921 0.0037770390299173323 -0.01174066522678191 0.9999239424914091 99.43596141672552
0.9999347689294578 0.010829195748214261 -0.003631304661896639 -0.6370978992741584 -0.010780762582464819 0.9998560431290874 0.01310222103650899 -1.422188274995247 0.003772668755682099 -0.013062218399995565 0.9999075684447627 100.76542236730056
0.9999320477072996 0.011143746159543376 -0.003422989484404469 -0.6627021531649955 -0.011092416575296936 0.9998309260918105 0.014665522304596288 -1.4306360638635498 0.003585839918204806 -0.014626556823175516 0.9998865963700253 102.11070168693897
0.9999382911554134 0.010612566580582078 -0.0032843996802320134 -0.6729201374348973 -0.010565829873440692 0.999847084407778 0.01393452757877504 -1.4513635473082342 0.00343177884658681 -0.013898965571784997 0.9998975155794692 103.45814671993122
0.999939923511782 0.010477941023945312 -0.003219019910559991 -0.685760045351311 -0.010439728832994124 0.999877440663564 0.011666864770799796 -1.4619243945152058 0.0033408704016997222 -0.011632558411578868 0.9999267584078947 104.78016734117148
0.999952016945614 0.009236419217975293 -0.003263792269029221 -0.6960039733683807 -0.009201430038868908 0.9999017178662646 0.010577727071993327 -1.4743114104626833 0.003361172110168345 -0.010547188181805285 0.9999387277994984 106.1085102390875
0.9999619114562587 0.008208223686445897 -0.0029665936108295965 -0.7072882343713021 -0.008173321128767648 0.9998994063641519 0.01159197945187031 -1.4893625175507 0.003061445018253705 -0.011567291244778458 0.9999284101061413 107.46373075276836
0.9999820264194327 0.005451300408511823 -0.002496026201225276 -0.716644880920138 -0.0054179274424697626 0.9998983613261749 0.013187611036815476 -1.480960467937511 0.0025676623651518043 -0.013173850985288628 0.9999099243281564 108.78765761863495
0.9999918394215198 0.003681782915756167 -0.0016629958739567735 -0.7328627853700129 -0.0036571872637184795 0.9998873297036479 0.014558601581833011 -1.5110979355958196 0.0017164102708696221 -0.01455240117893055 0.9998926350187636 110.13552316497939
0.9999931668724347 0.003548051648909452 -0.0010380412639666966 -0.7402309332530176 -0.003533837158175253 0.9999041146697333 0.013389304037986898 -1.5158509264115414 0.0010854477756260552 -0.01338554454579813 0.999909820437555 111.44677592660533
0.999991641404527 0.004083007771239787 -0.00021485009109652392 -0.7528361196696056 -0.004080301275177895 0.9999270304218707 0.011370355173268617 -1.5367840912463882 0.0002612596931219147 -0.011369383707394029 0.9999353323400373 112.78511649916027
0.9999710187875912 0.0075736884852728665 0.0007751211050106284 -0.7563602661340106 -0.007580653630395289 0.9999269362508484 0.009415724266316759 -1.5523295893495543 -0.0007037527616304737 -0.00942132750274901 0.9999553706651673 114.13576386270378
0.9999418833001971 0.010539556937848932 0.00226886321626822 -0.7717013310533742 -0.010559175150562376 0.9999053915550702 0.008815428565017613 -1.554405691382485 -0.0021757380287301164 -0.008838873746008419 0.9999585693791037 115.43768623238897
0.999930483133533 0.011155722083512691 0.003818212084739567 -0.7853797970939307 -0.011197901118708397 0.9998744691534293 0.011209503461268236 -1.5677737070411075 -0.0036926829796983225 -0.011251480400390266 0.9999298816820391 116.80878967449722
0.9999177994155479 0.011939235211512113 0.00467429686356413 -0.7923340961473252 -0.011999017325637077 0.9998437937526945 0.01297735338897409 -1.564417320270089 -0.004518627406733904 -0.013032373874322956 0.9999048650933638 118.10374511223354
0.9999179338009498 0.011517253835455894 0.005610570907863616 -0.7901691234258108 -0.011594153210104275 0.9998365590198585 0.013871945802014346 -1.5818176924170144 -0.005449887639686684 -0.013935857481907649 0.9998880390327265 119.46675624812713
0.9999101987819674 0.011686346189631694 0.006559242568422723 -0.7906914966078129 -0.011773281837107581 0.9998412304785559 0.013375488494892368 -1.5959258712001232 -0.006401891102488724 -0.013451511439994764 0.9998890301574453 120.78847780293054
0.9998773306422841 0.013449311767153409 0.008027431337177609 -0.7886289507885312 -0.013555957323270838 0.99981856446697 0.0133818607304156 -1.6055511424465203 -0.007845998711894118 -0.013489038972557101 0.9998782356518394 122.09942884676623
0.9998456631044339 0.015016849079393383 0.009118343207410444 -0.7922276292587012 -0.015132950326721904 0.9998035578390199 0.012799983634953372 -1.6063964376647732 -0.008924337302551339 -0.012935995819238936 0.9998765004808342 123.46366707631574
0.9998190123154275 0.015989262008127218 0.010309513918375101 -0.7947267881411656 -0.01611375524708327 0.9997968552860843 0.01210764593614096 -1.620654636760812 -0.010113828117705153 -0.012271579831219192 0.9998735514087943 124.79433106634733
0.9997917547839177 0.016931131643724263 0.01139226964563796 -0.7848790651099835 -0.017062158124502236 0.9997882471517134 0.01150407143591468 -1.6271579123054833 -0.011195081289821605 -0.011696052708546352 0.9998689276617548 126.1178056568896
0.9997932891714824 0.016245430431737318 0.012225583024104423 -0.7829516695905625 -0.016383983154748694 0.9998016983577354 0.011319412382646781 -1.643066496771514 -0.012039270953619988 -0.011517376513506554 0.9998611933618148 127.46353749315278
0.9997848583342739 0.015958424436543286 0.013250120677534337 -0.7795766862738871 -0.016120186775431214 0.9997957194246393 0.012192581214977984 -1.6487550607627086 -0.013052840643277637 -0.012403552748933067 0.9998378744722589 128.7844576388624
0.9997751595710707 0.015772979621673417 0.014171922290254439 -0.7723133217854017 -0.015959573098154513 0.9997861466812381 0.013151158419448998 -1.6656252728400869 -0.013961459793908915 -0.013374379601402272 0.999813084336681 130.15627258961933
0.9997992171715337 0.013823845131335192 0.014506089014413193 -0.7564033286470637 -0.014022749421637396 0.9998078071366278 0.013700777971358949 -1.666927833698069 -0.014313904814047613 -0.013901442614670136 0.9998009111933082 131.48475136222174
0.9998108108450214 0.013025203006697924 0.014445988243165696 -0.7427808323416816 -0.013223976724532738 0.999818006669567 0.013750636562359685 -1.6839806735148124 -0.014264255531959574 -0.013939068776435786 0.9998010969070351 132.82497305143448
0.9998456183899349 0.010209472315172132 0.014300560923219467 -0.7327610926588826 -0.0104191704098139 0.999838152087796 0.014666647032184295 -1.6772976390176273 -0.014148508864813494 -0.014813383041082148 0.9997901696761285 134.15362331362468
0.999861847858432 0.009421313155552377 0.013693941710289809 -0.7149787017597484 -0.00962350864539429 0.9998445293700089 0.014775154326173276 -1.6999467616812007 -0.01355261248259175 -0.014904897163350835 0.9997970647767893 135.4886590800087
0.9998750656315781 0.009554825705648496 0.012591998188558948 -0.7101283459270482 -0.00973563506034071 0.999849250982641 0.014376812413672061 -1.7098925039091206 -0.012452733061650139 -0.01449760763765952 0.9998173577268635 136.83525684638602
0.9999025415441793 0.007849297925025407 0.011545385450857515 -0.6986296444419702 -0.008029768269918124 0.9998449915353766 0.01566894167614917 -1.7219458030904202 -0.011420606579920167 -0.01576012168238596 0.999810576214401 138.1657804900026
0.999923532893516 0.0065865937854946615 0.010466381479889306 -0.6807512296773779 -0.006753878142126081 0.9998487193491453 0.016028835031497563 -1.7298818512251077 -0.010359223556555164 -0.016098298331868655 0.9998167488486797 139.51352664190745
0.9999434752941888 0.005359981500361237 0.009182418594160314 -0.6845219001805283 -0.005508630370877887 0.9998529427643876 0.016240315275026472 -1.737066074342748 -0.009094021219355247 -0.01628998016370002 0.9998259525160285 140.8738502399948
0.9999601071323987 0.004113103395297957 0.007928841230244605 -0.6824666418546168 -0.004239801470369483 0.9998625327289619 0.016029339632313767 -1.7324235064565743 -0.007861821594506654 -0.016062317202028473 0.9998400840772255 142.1921211854757
0.9999682463124501 0.004010446322515863 0.006886413149206268 -0.676002828615974 -0.004117798168016503 0.9998691125328886 0.015646135040432628 -1.7351513234484834 -0.0068227643834864755 -0.01567399538384503 0.9998538772016378 143.54438580520332
0.9999788386998517 0.0022342239002390366 0.006109860742996717 -0.6648726310772235 -0.0023156023876316394 0.9999082742288664 0.013344703555656963 -1.7455558145766794 -0.006079485758800322 -0.013358569432558781 0.9998922884364239 144.89324841806177
0.9999873876536953 -0.0007678237093289679 0.004963364485860894 -0.6781104612657061 0.0007055043877502425 0.9999210538149486 0.012545453170872885 -1.7706080389480792 -0.004972605753590143 -0.012541793510408983 0.999908984161424 146.20036731545795
0.9999420436390771 -0.010049941307189642 0.0038610953233595767 -0.67036303819509 0.00998843288302918 0.9998279134900284 0.015632485350701 -1.7670349712823004 -0.004017536767406259 -0.015593013353617097 0.9998703502629156 147.57618678986097
0.9998483102224973 -0.017267233091080365 0.0022801794731083565 -0.6580442348640496 0.017225646654032496 0.9997045765453313 0.01714749880337781 -1.77423526142203 -0.0025755959159518525 -0.017105620459027242 0.9998503708350628 148.89852309281892
0.999817998359593 -0.019027557271023038 0.0013864450874703955 -0.6302215569168621 0.019006147845459988 0.9997200065724836 0.014095204498837558 -1.791080554232256 -0.001654254329811739 -0.01406628842952425 0.9998996964575448 150.2072759679051
0.9998288638746433 -0.018443384217398273 0.001443797685617164 -0.6544621962602674 0.018426177294831807 0.9997681497378449 0.011141038930349118 -1.804546831132096 -0.0016489415312973734 -0.011112528827553871 0.9999368943570855 151.59870679911114
0.9998853297633613 -0.014920799460317151 0.0025878718545700925 -0.659022611190127 0.014897765103577867 0.9998511448561278 0.008703143827275033 -1.812199555069464 -0.0027173447217788823 -0.008663592485833893 0.9999587782513721 152.91535414325293
0.9998751867802093 -0.015424864396950896 0.0034182500660540726 -0.6637153862458314 0.015393882372641072 0.9998417883637665 0.008912161061652454 -1.8213556206545731 -0.0035551784271099646 -0.008858428726599308 0.9999544434348814 154.28642053903985
0.9998222260018591 -0.018474525252940077 0.0037693927748339556 -0.668722951857553 0.018428500449998463 0.9997593592788712 0.011900163588100057 -1.8256777094578855 -0.0039883359042605735 -0.011828584007751249 0.9999220858529941 155.61310670814836
0.9996176806374604 -0.0273508247532902 0.004052769812377182 -0.666704076045624 0.027287613484389947 0.9995164469173576 0.014908336262542716 -1.8209847065531906 -0.004458565738224221 -0.014792046367746834 0.9998806511563614 156.95242021347266
0.9995665176708083 -0.029154546502901623 0.004097458588346169 -0.6491961213053806 0.029084970482829497 0.9994469138206691 0.016122374120357906 -1.8387792723343597 -0.004565233217251212 -0.01599621118324664 0.9998616303645769 158.30435841282056
0.9995246814550921 -0.030576212743604808 0.003937812875934909 -0.6414480435682224 0.030507728460119184 0.9993997549140593 0.01641366460758278 -1.850459467264225 -0.004437317283471383 -0.016285729456455154 0.9998575324682897 159.63186304940965
0.9995465447581612 -0.02968715892257685 0.0050376039838885955 -0.6476448602864003 0.029599517543884075 0.9994229626060783 0.016661643932072694 -1.8430796909174518 -0.005529334420948728 -0.016504978272900997 0.9998484946003773 160.9986666680993
0.9996066105167959 -0.027328034437525416 0.006308941851546666 -0.6506669097399378 0.027221881844019035 0.9994958647836367 0.016339688682140464 -1.841487977524937 -0.006752293422234436 -0.0161615198429542 0.9998465941386081 162.34125321488514
0.9996772238325735 -0.024350676714165215 0.007245184734303761 -0.6566490848165661 0.024241629564679318 0.9995969188402027 0.014776441862418593 -1.8486238148757508 -0.007602081324394069 -0.014596037557560409 0.9998645728529391 163.69099552015322
0.9997002021899267 -0.023156515467039653 0.007954969681159291 -0.6587910629332923 0.023040646626344564 0.9996313762614891 0.014361065002911937 -1.8473566799471826 -0.008284590201256863 -0.014173472196625885 0.9998652300434732 165.04195915582696
0.9997501412266007 -0.02076953037373872 0.008263276480324565 -0.6590674230423628 0.02063562102621233 0.9996594508556161 0.01597352331982745 -1.864959879095313 -0.00859222571815045 -0.015799014641512378 0.9998382693183345 166.3774175278178
0.9997686047302805 -0.019960796969377977 0.008018952147225264 -0.652209135130335 0.0198349567013418 0.9996834614409148 0.015477448143913504 -1.8522117387342691 -0.008325356729368396 -0.015314811446798526 0.999848060949899 167.71546230314075
0.9998318785498324 -0.01667379512777447 0.007628840504670198 -0.647632973446047 0.016571355500995425 0.9997742269707034 0.013299821347556594 -1.871868577899508 -0.007848877266041658 -0.01317116537469464 0.9998824508543762 169.10387481235634
0.9998773094052504 -0.013999183537740104 0.007027731744654233 -0.6527448175130577 0.013922194180377155 0.9998438092252843 0.010887132285737972 -1.8792449039825718 -0.007179045637794493 -0.010787955287077494 0.9999160371358402 170.5124690480362
0.9999389633465822 -0.008735815487718561 0.006764253461889342 -0.6567761609310452 0.008674097616771133 0.9999209681698945 0.009100408382818054 -1.88153819052392 -0.006843218929420389 -0.009041179295454883 0.9999357116474253 171.8538025031482
0.9999578495282273 -0.005824799521276394 0.0070972453330014965 -0.6581607928610334 0.005752269309021514 0.9999314593344477 0.010197451668118772 -1.8900302499459738 -0.00715615759080389 -0.010156196764103757 0.9999228175576762 173.21710115978036
0.999967965143226 -0.001175709738576964 0.007917474507506869 -0.6703338130724105 0.0010750953306340062 0.9999187713799567 0.012700189190678913 -1.91343704767378 -0.007931763778050388 -0.01269127054484714 0.9998880031149611 174.57613785247506
0.9999681342822719 0.00014037324741503383 0.00798189964802603 -0.6698288388902796 -0.0002596877836701459 0.9998882227460621 0.01494906585620434 -1.920346255707675 -0.007978909666500954 -0.014950662583604852 0.9998563970332139 176.00335942016073
0.9999719872488256 -0.00243948119894152 0.007076274394393247 -0.6693686364124176 0.0023242738428970334 0.9998653625144106 0.016243601332845706 -1.919295630399662 -0.007114948210663477 -0.016226699417566375 0.9998430235484719 177.40556243624704
0.9999738970784476 -0.004501905423282524 0.005651373397070222 -0.6664546273796474 0.0044101431814395145 0.9998599189876571 0.01614599101909482 -1.9212032462720028 -0.005723269941834968 -0.01612064650533232 0.9998536737636053 178.80821034731898
0.9999662694108614 -0.007483405270870403 0.0033850699911041797 -0.6620401029477776 0.007440709533355745 0.9998947541479737 0.01245457570069475 -1.9180234590148961 -0.0034779166473069816 -0.01242896851437716 0.9999167089502072 180.1479353508303
0.9999910369203463 -0.0038451047477946147 0.0017723589359707826 -0.6764374373103021 0.003829443201120773 0.999954324358174 0.008756971750091545 -1.9556471363755887 -0.0018059496012532833 -0.00875010628082711 0.9999600862965919 181.56138242945684
0.9999990152025164 -0.0006381789098920936 0.001249929786041904 -0.7050957133645877 0.0006279701265967039 0.9999665832260028 0.008150955860154891 -1.9590217061058803 -0.0012550898849619653 -0.008150163073674725 0.9999659992179025 182.95651735880188
0.9999964832766326 0.0024577508848714824 0.0009964396647359213 -0.7227996881384318 -0.0024667582542338296 0.9999551752732634 0.009141255352770031 -1.9594605368696285 -0.0009739281462284796 -0.009143681362579335 0.9999577213845408 184.28500856498061
0.9999852277311365 0.00525965098525766 0.0013712704356562961 -0.7180075262186176 -0.005275669473428923 0.999914657761524 0.011951757658344844 -1.97126090660319 -0.0013082914356545318 -0.011958815712011314 0.9999276349330662 185.7308465653281
0.9999755049405197 0.006771775510299126 0.0017699050374929278 -0.7269432234050188 -0.006796612329416964 0.9998728544185455 0.01442501527234523 -1.9849006710209192 -0.0016719971668013192 -0.014436691577504929 0.9998943876057438 187.10194963479552
0.99998797433354 0.004524935604560682 0.001891068475546869 -0.7356473040626357 -0.004552749998475013 0.9998775453186589 0.014972202149027366 -1.9793048642292561 -0.0018230887970370905 -0.014980631957561212 0.9998861220245444 188.5483259851488
0.9999891519836493 0.004310886351025034 0.0017641338121961966 -0.732025211462004 -0.00433824373202542 0.999865617042865 0.015809095417665103 -1.9917893544921674 -0.0016957456598346 -0.01581657747645251 0.9998734721594822 189.96337223793145
0.9999976435284885 0.0010476726576248065 0.001901399564000197 -0.7380007406559197 -0.0010787639781216843 0.9998645171351745 0.01642509167680271 -1.9957365588620468 -0.0018839339835070039 -0.01642710445594067 0.9998632911737694 191.31542610487193
0.9999974759974292 -0.00026550983209347283 0.0022310326585234476 -0.747602762240958 0.00022830639298322165 0.999861200052127 0.016659186607658666 -2.001568273786961 -0.0022351463445683664 -0.01665863552712298 0.9998587370163107 192.7759203447973
0.9999921055280047 -0.002954238081852939 0.002657323228262167 -0.7432500292471682 0.002907133819017166 0.9998416055318262 0.01755882706632164 -2.0059662703060015 -0.0027087754931041375 -0.017550963595884907 0.999842300673972 194.14775053573956
0.9999646091448982 -0.007896011618255728 0.0029040438637036995 -0.7442144684720658 0.007839390879746362 0.9997884145240831 0.019017626450549108 -1.999569203970459 -0.0030535930517875676 -0.018994187831347327 0.999814931076645 195.59222659426248
0.9999281199023098 -0.011572313603323567 0.003136335541483473 -0.7352852350402991 0.011507913455091846 0.9997371785170913 0.019827803669981586 -2.0101461719519693 -0.003364965074843867 -0.019790286146004244 0.9997984904921561 197.00401446821692
0.9999476210929593 -0.009661160927751135 0.0033789131310898715 -0.744541885875502 0.009604234579513187 0.9998181240628143 0.016476572965027834 -2.01865603138407 -0.003537481696034821 -0.0164432583796271 0.9998585427350251 198.42170054180656
0.9999878134411209 -0.0033365938181638584 0.0036386975831908188 -0.7615148732133545 0.0032949483076419213 0.9999296827818474 0.011391786459815829 -2.0276632593218844 -0.0036764517856310635 -0.011379658531438025 0.9999284909799854 199.85062706563545
0.9999643095555061 0.006725708063890756 0.005113165160411527 -0.7746747160347693 -0.006778302450574874 0.9999235748451536 0.010339201863474087 -2.020397357393109 -0.005043236350858945 -0.01037349163820444 0.999933476005382 201.3040815148596
0.9998937711411418 0.013042425936370956 0.006507037188012788 -0.7958865689493384 -0.013131170103483551 0.9998187288529575 0.013787016835554855 -2.017283943890644 -0.0063260420281649665 -0.013870997546908898 0.9998837815559022 202.74483193311067
0.9998654920513366 0.014603958542453561 0.007464728323875397 -0.7918386347005054 -0.014723194813465177 0.9997607549322941 0.01617592229178774 -2.021760987443025 -0.007226710524384064 -0.01628365147725474 0.999841296081607 204.1605718196235
0.999872167546861 0.014341304027683808 0.007069337582035672 -0.7923983388437192 -0.014458942178352703 0.9997529688543831 0.016880174369157834 -2.035607882830193 -0.006825508086805063 -0.016980232018501563 0.9998325280571891 205.63984250820687
0.9999280862393474 0.010583507098001533 0.005640186936656593 -0.7802622444121214 -0.010678087960238598 0.9997982757582491 0.017011356348902697 -2.034331302558365 -0.005459009811786445 -0.017070359750629264 0.9998393881178701 207.06616764525631
0.9999551465366975 0.008360473682241775 0.00445054845835387 -0.7776216888063301 -0.008433803837132008 0.9998246244214594 0.016720985726671914 -2.0370042358116898 -0.004309972930974734 -0.016757771118402265 0.9998502894149353 208.50870010014415
0.9999527674872895 0.008875269626905914 0.003961359456934054 -0.7838738852585659 -0.008938842318372029 0.9998267033173613 0.01632974107517842 -2.0400576794043994 -0.0038157424213216525 -0.016364380074255228 0.9998588136218706 209.99261865503044
0.9999414710676489 0.010098548080893345 0.0038824924142988773 -0.791538720984294 -0.010160730578719166 0.9998147908724568 0.016344525758433454 -2.0486074445975753 -0.003716717663545462 -0.01638301841779972 0.9998588814028769 211.45944501006144
0.9999311652298747 0.01112593971625726 0.003725351775803667 -0.7950196357830543 -0.011187427444452227 0.9997943851958522 0.01691238647043993 -2.0393797463139105 -0.0035364198818778883 -0.016952899752681137 0.9998500352192292 212.8961827870034
0.9999378280507223 0.010664261682350209 0.0032578421288918464 -0.8058264998392881 -0.01071837331778152 0.9997968468129683 0.017069903128689702 -2.0516560634873793 -0.0030751426207717733 -0.01710376097046045 0.9998489910294499 214.33769592810535
0.9999312247659674 0.011318014473595395 0.003073802789978999 -0.81102974638896 -0.011367275266475015 0.9997990606426183 0.016511311581242697 -2.0597668484021896 -0.0028863101098429663 -0.01654511710677149 0.9998589542118981 215.8055331359388
0.9999418660213241 0.010424557168244258 0.002755569851266013 -0.8202101758639517 -0.010467613999249122 0.9998155593524167 0.0161020604447455 -2.058514215521865 -0.002587204968823867 -0.01612996893325276 0.9998665563346466 217.2881878660495
0.9999441722569229 0.010344918418993081 0.002152907674075057 -0.818098515250618 -0.01037837483064714 0.9998156083248901 0.016156692176538767 -2.064530272438107 -0.0019853711887103612 -0.016178134192869193 0.9998671543159446 218.76226090797988
0.9999162817207824 0.012786222085151566 0.001985458580755097 -0.8251351579088069 -0.01281607535843168 0.999792539476442 0.015831179481093777 -2.074612463566093 -0.0017826258384061719 -0.015855300229627615 0.9998727077505106 220.24954957980432
0.999939765581534 0.010817112518927838 0.0018588337379581944 -0.832807690090354 -0.010845215549999353 0.999815734714339 0.01583912671904729 -2.0726211087301536 -0.0016871577339643688 -0.01585833243049442 0.9998728253113078 221.7363836115953
0.999914115274171 0.013024971482586717 0.0014533283195198015 -0.8387847309362861 -0.013046144794146952 0.9997922759398492 0.015658962354605597 -2.083488670428769 -0.0012490689838545075 -0.01567657813854757 0.9998763347182932 223.20969856253316
