1.0 -3.469446951953614e-18 0.0 -1.7787691892340307e-19 0.0 0.9999999999999999 -3.5575383784680614e-19 0.0 2.168404344971009e-19 -2.371692252312041e-19 1.0 0.0
0.9999999398638733 -7.08535559765227e-05 -0.00033948727388392647 0.05569069961672338 7.123806521749064e-05 0.9999993559314045 0.0011327230995349811 -0.026761272848715878 0.0003394068273799933 -0.0011327472383819146 0.9999993008434594 1.3159701006825606
0.9999991075624272 -0.0005587901877283866 0.0012135198795759842 0.11108300046058615 0.0005566348298350308 0.9999982684086526 0.0017757635472657302 -0.04833477912174309 -0.0012145101586562628 -0.0017750865086460634 0.9999976870130872 2.5650198957187875
0.9999986025017716 -0.0014801966676700681 -0.0007771829606653916 0.0184822067389383 0.0014812385082171222 0.99999800308574 0.0013415493027534192 -0.07772663914383861 0.0007751957185932799 -0.0013426986472316023 0.9999987981159763 3.937674845133431
0.9999980380168942 -0.0019808908418311316 6.067419367813704e-06 0.007954226922492756 0.0019808790475101777 0.9999968129966945 0.0015652831782002287 -0.09476585707218114 -9.168054510175173e-06 -0.0015652681176440953 0.9999987749252057 5.243139114869331
0.9999965479656846 -0.002542324305850512 -0.0006638120992170315 0.008651999051672491 0.002543604748677439 0.9999948929001858 0.0019350050077629826 -0.10907114606806698 0.0006588893562294643 -0.0019366868404283937 0.9999979075529516 6.576068860988016
0.9999936944521047 -0.0035134027135251093 -0.0005167799405917319 0.010494288966904967 0.0035149922181829125 0.9999889947794645 0.0031072727831307117 -0.14486997389067346 0.0005058571982040441 -0.003109069726543771 0.9999950388853636 7.91055059143158
0.9999934109527344 -0.0036228917674114274 -0.00022958886495038668 -0.0124953574082622 0.003623663524664358 0.9999874687498741 0.0034541858882195485 -0.16565841539635287 0.00021707186769838308 -0.003454995146721044 0.9999940079267374 9.22714854786098
0.9999936501588731 -0.003479829827369647 -0.0007683944025114445 -0.011531837285257935 0.0034821518269864994 0.9999893127646567 0.0030412118743673297 -0.18029032835270598 0.0007578033574615565 -0.0030438682870739782 0.9999950802887627 10.556852135338524
0.9999997498459214 -0.0005878420244057169 -0.00039338297798056747 -0.03077850405439394 0.0005880680710014848 0.9999996619730428 0.0005746553099363946 -0.21162010129787995 0.0003930450721887893 -0.0005748865133536338 0.9999997575108542 11.868561603132195
0.9999956907993387 0.002874108838294063 -0.0005982265290610986 -0.02780972164969954 -0.002874255499101362 0.9999958395213685 -0.00024413218761068161 -0.23849481931553754 0.0005975224277786672 0.0002458505936456259 0.9999997912626517 13.216372508931842
0.999985243101966 0.0054158555068367295 -0.0004267036999136729 -0.04846916297669219 -0.0054159542419848945 0.9999853072246211 -0.00022975046331932754 -0.25513334649717145 0.00042545317055086066 0.0002320580807089186 0.9999998825696349 14.558029589929625
0.9999831212700114 0.005809253008490972 9.870703036740126e-05 -0.07033364955419866 -0.0058093162178188 0.9999829153955682 0.0006486706411922178 -0.28276220347012715 -9.493705999721273e-05 -0.0006492331299755934 0.9999997847416013 15.905466553061297
0.9999905726932771 0.004336052199315281 0.00023058180640097843 -0.07205463018008484 -0.004336799356823439 0.9999850055969061 0.0033437643870923473 -0.3069096292615832 -0.00021607962786846435 -0.0033447329204974925 0.9999943830200392 17.250904858680958
0.9999998931284703 -0.0003178708815221691 0.000335711432561012 -0.07244593419964951 0.0003159770474856268 0.9999841217886386 0.005626395579878493 -0.3311855176231466 -0.0003374945933200366 -0.005626289011843721 0.9999841153589533 18.614676033042567
0.9999971978708365 -0.0023626505350146255 -0.00014878231756578798 -0.06874392652605801 0.002363223495122876 0.9999893062049098 0.0039752542329535056 -0.3642589786733307 0.00013938860514816948 -0.003975594776308415 0.9999920875777248 19.952042904265888
0.9999945407565849 -0.003303689590632701 6.400689560163444e-05 -0.07973267394202371 0.003303601010720865 0.9999936439762882 0.0013409781904730835 -0.37052765943482846 -6.843666892720015e-05 -0.0013407594403429142 0.9999990988399227 21.302840093014293
0.9999994397908051 -0.000946521391667822 0.0004738327975409018 -0.09866134570178826 0.0009462311812934582 0.99999936477213 0.0006124543383444939 -0.42239010531292187 -0.000474412237211276 -0.0006120056508258905 0.9999997001907024 22.657218690045276
0.9999977233044486 0.0017000753647789576 0.0012896234151725011 -0.09962648932584006 -0.0017027525519276061 0.9999963920786259 0.002077610662741305 -0.41468729697509454 -0.001286086774715051 -0.0020798018834627457 0.9999970101972635 24.020374611057566
0.9999960091844889 0.0019591592660134207 0.0020355120718719656 -0.11554819837276369 -0.0019721687336845175 0.9999775176236483 0.006408962435438928 -0.432681062020857 -0.0020229102964636364 -0.006412951357968033 0.999977390688268 25.41743693517224
0.9999976834929452 -0.0004894845446061866 0.0020960480060439046 -0.10314699404258754 0.00047346636444780925 0.9999707348195745 0.007635792759801717 -0.44675117249415497 -0.0020997244385835613 -0.007634782811599885 0.9999686501325996 26.78391236528653
0.9999888130165159 -0.004186922210096498 0.0022008027776993116 -0.11031804078072648 0.004171339770566563 0.9999665326622669 0.00703800201610138 -0.48200092502478864 -0.0022301968721257738 -0.007028743119449152 0.9999728111258704 28.148187243146662
0.9999892307077558 -0.004146655381919799 0.002084160769779653 -0.11528270443026475 0.004137336172298535 0.9999815123243105 0.004456170148554812 -0.4897026240183408 -0.0021026006142095483 -0.004447499367787717 0.999987899335867 29.509083561280605
0.9999871840617698 -0.004194852619427002 0.0028345957494977534 -0.12188173706741046 0.004188037126179333 0.9999883352839132 0.0024061660446932985 -0.5356298949486104 -0.0028446564348390373 -0.002394263856845167 0.9999930876896626 30.89934477794558
0.9999943782499994 -0.0015731939295825295 0.002961171297117286 -0.13275191996201816 0.001567682102935803 0.9999970361625224 0.0018628033409468531 -0.5305605664806629 -0.002964093320466891 -0.001858150726492688 0.9999938806928665 32.2878444953386
0.9999931791701467 -4.448179663520645e-05 0.0036931882063090393 -0.13430895305105203 4.5586177410962894e-05 0.9999999542761283 -0.00029894749721821575 -0.5717409615303668 -0.0036931750520636775 0.0002991138254162455 0.9999931354686467 33.66348357620017
0.9999920622117499 0.00043117880013829237 0.003961010270027615 -0.15573626144982783 -0.000431165150448185 0.9999999070393839 -4.307059986325922e-06 -0.5856574483294374 -0.003961012093691081 2.599179153705646e-06 0.9999921551550783 35.058174531177485
0.9999944623469982 0.00015516821193556005 0.0033243348306255084 -0.14519408062646205 -0.00016010958656345955 0.9999988827752804 0.0014862076331703046 -0.6154990163898221 -0.0033241007841304593 -0.00148673168765982 0.9999933699674944 36.45356987196046
0.9999937908064466 0.0012693953743890185 0.0032873980418797366 -0.1569038122146416 -0.0012799088094984073 0.9999940674547052 0.00319795096632145 -0.631430812593587 -0.0032833193500286075 -0.003202138740751736 0.9999894830037124 37.853131372966864
0.9999892418743264 0.003626985010042061 0.0028915588030003834 -0.1609713062277095 -0.003637463011916529 0.9999868082897354 0.003626584529875463 -0.6554206452146922 -0.00287836733119808 -0.0036370635249359 0.9999892433258719 39.246664937135236
0.9999724581381725 0.006698882283707155 0.003194985362457183 -0.17295589347309778 -0.00671043066502567 0.9999709415699338 0.0036174782769799285 -0.6882368006376844 -0.0031706597254832682 -0.0036388184469131105 0.9999883528891443 40.6496713199047
0.9999551042648261 0.008885379098672106 0.0032923361825486757 -0.18084884338363688 -0.008898702755656539 0.9999521863759557 0.004054388967362528 -0.7057717855035364 -0.0032561542534610324 -0.004083504548289021 0.999986361130416 42.06911208215562
0.9999495345267139 0.0095926763498442 0.0029847851673151637 -0.19011731185141423 -0.009605656925888151 0.9999443366843764 0.004365192830346908 -0.7228773672442654 -0.0029427453879812644 -0.004393643452688894 0.9999860179742371 43.458619583501466
0.9999567508655202 0.008906578298284392 0.002677544648386074 -0.19485120183021543 -0.008918280569851667 0.9999505922147837 0.0043906058368723645 -0.7445226629291476 -0.00263830730211754 -0.004414295133061256 0.9999867765778545 44.88246900050113
0.9999634368920339 0.008395725951032091 0.0016237761104988366 -0.1919720538728832 -0.00840190801450975 0.99995733686661 0.0038382816131944946 -0.7718934758626876 -0.0015914818064794991 -0.0038517841722583183 0.9999913154337542 46.281044246239304
0.9999726712264566 0.0073484518613602685 0.0008105807748865872 -0.2017223382499771 -0.007351848580459488 0.99996385951034 0.004269661592899152 -0.7834762425009443 -0.0007791761402710612 -0.004275504264665932 0.9999905564292175 47.714955353983804
0.9999683523927849 0.007955337842962687 -8.2434753493565e-05 -0.2161092802167769 -0.00795474990056165 0.9999525862832807 0.005616685409994751 -0.80723526270953 0.0001271134897365472 -0.005615852024376455 0.9999842229004308 49.11223659172998
0.99996262738178 0.008565802071576112 -0.0011708347431451638 -0.22529593889670865 -0.008559172201988388 0.9999479382168559 0.005555307761113154 -0.8320671795916578 0.0012183595610406948 -0.005545078885373782 0.9999838837218789 50.54486539035432
0.9999611098257368 0.008477601527632538 -0.0024308611122123404 -0.2320169313687487 -0.008464399794545127 0.9999496447237461 0.005390915508372179 -0.8443676363591518 0.0024764409521723747 -0.005370130188781028 0.9999825143209213 51.991293387602674
0.999951688503935 0.009264525811173305 -0.003284690707977026 -0.25255141631096345 -0.009241357019895518 0.9999327955684348 0.007000120405247182 -0.8723146872702487 0.003349323046486827 -0.0069694273666112295 0.9999701041157805 53.39696262338979
0.9999651661316586 0.007190284848322181 -0.00423866771854977 -0.2548315356632572 -0.0071544625201907745 0.999939067350048 0.008406858242075408 -0.8869520349902482 0.004298857520347032 -0.008376240183451109 0.9999556782353536 54.85388779001246
0.9999700140613167 0.0062214229853702965 -0.004611382955259125 -0.27247723325885453 -0.006181009997343225 0.9999428167535741 0.00872687504854987 -0.9074834656131371 0.004665413243339863 -0.008698110540858414 0.9999512872155337 56.24748298264128
0.9999787235925589 0.004032332462301873 -0.005127634876181825 -0.2849616966406516 -0.003990353916632749 0.999958656528152 0.00817082095564597 -0.9296637347812486 0.005160370790972889 -0.008150186199942112 0.9999534714429646 57.67892977076741
0.999984154981529 0.0019719218784192373 -0.0052726934388342694 -0.29815754694058083 -0.0019282090930698393 0.999963838775904 0.008282701922359297 -0.9376117051791355 0.005288836066444109 -0.008272403996219245 0.9999517966173095 59.13032295546526
0.9999860913081354 0.0020126544586160254 -0.004875079414478477 -0.31042416729360195 -0.00196631087778772 0.9999530123432043 0.009492456354754873 -0.967300463630745 0.004893955801655079 -0.009482738597845477 0.9999430618179929 60.526548345478595
0.9999913103561643 5.418046536047674e-05 -0.00416848518038545 -0.33063917705919954 -1.0150365915185741e-05 0.9999442214409205 0.010561907984455084 -0.9805130502701572 0.004168825278228685 -0.010561774105188382 0.9999355328395422 61.97671505904613
0.9999916523294831 -0.0016707873381108743 -0.003728771469826189 -0.3465092635128424 0.0017093108508655138 0.999944953289003 0.01035222885143004 -1.0030240900092304 0.0037112701624713727 -0.010358516269871137 0.9999394619800195 63.38877321368232
0.9999894554013093 -0.0031552220563561897 -0.003336713713571927 -0.3513745996151661 0.0031857930808630013 0.9999526348388631 0.009196672978302439 -1.012929701660525 0.0033075384113554953 -0.009207206264284425 0.999952142630545 64.79202687109347
0.9999880850553808 -0.004007768604682329 -0.0027870304339902333 -0.364788858096745 0.004032821602104775 0.9999509855341402 0.00904228239666556 -1.0207861590431166 0.002750654693744999 -0.009053414432521067 0.9999552337947929 66.24688545785288
0.9999967540636342 -0.001366244690238081 -0.002150636198944993 -0.3756987720548014 0.0013862340415594192 0.9999556005525077 0.009320690627440014 -1.054194605945889 0.0021378065561169285 -0.00932364184264029 0.9999542486997012 67.61422340229218
0.9999984601930948 0.0006664668717971849 -0.001623400605575356 -0.3957673233394071 -0.0006495040455807045 0.999945424560354 0.010427178085681547 -1.0609254444060454 0.0016302615227031362 -0.01042610783191121 0.9999443177143137 69.08927087900996
0.9999900210995911 0.004386338058435349 -0.0008471894318880927 -0.41124027296170507 -0.004376339703516896 0.9999247109990201 0.011463855741964502 -1.0749357803757071 0.0008974100794049517 -0.011460033986504584 0.9999339289581953 70.45666253604581
0.9999683524203379 0.007951005364396115 0.000275054228354986 -0.43466652639171627 -0.007953861995541836 0.9998874258234723 0.01272288377078956 -1.0972030210104629 -0.00017386355215273132 -0.012724669122431908 0.9999190230072799 71.9017710489194
0.9999157196797819 0.012969170474382053 0.0005950826379401738 -0.4416431174488874 -0.012975560527524214 0.9998387635700507 0.012412965752499018 -1.109665346521872 -0.0004340008474443299 -0.012419641368926242 0.999922779096262 73.27040539537539
0.9998589643517649 0.016735236693995452 0.0014082665998399176 -0.4574501974008857 -0.016750811456814875 0.9997890153286529 0.011888447520283747 -1.1260151245254533 -0.00120901358755564 -0.011910360680262976 0.9999283382309279 74.66278984837201
0.9998353279237635 0.018007270463298537 0.0022483769117824658 -0.46923934138933476 -0.01803261165492943 0.999767640074799 0.01181062326513509 -1.1317514256994547 -0.002035177555109741 -0.01184922273866936 0.9999277243753026 76.10882163171388
0.9998330734891843 0.018076903445663012 0.002655310125163631 -0.48045032311781133 -0.018108284733032307 0.9997602256069469 0.012311838371831425 -1.1453104699266943 -0.002432113732936691 -0.01235786656685166 0.999920680833291 77.47333147499393
0.9998563414150679 0.01675026303791695 0.0025932948529557697 -0.48153510151357914 -0.01678142019228573 0.9997810604147893 0.01249860842955986 -1.162516876019516 -0.0023833722915484953 -0.012540332325828341 0.9999185264826597 78.89082963138557
0.9998710386772176 0.01584758484573036 0.0026000058539729495 -0.493535599774912 -0.015876830222454397 0.9998061799996354 0.011641680903785645 -1.1734765989687896 -0.0024150095905776997 -0.011681459669151057 0.9999288530839042 80.25478214305957
0.9998765119908731 0.01557240500729723 0.0021120921029464355 -0.4936726345762287 -0.015596198190949977 0.9998092180609144 0.011759511850258557 -1.193177253756788 -0.0019285654270969849 -0.011791000541344169 0.9999286239243704 81.64067873211012
0.9998825590888614 0.015219762763012382 0.0017963335002021937 -0.5015359455904232 -0.015240504015713037 0.9998099120320981 0.012160052414557495 -1.2072208312371187 -0.0016109190530986196 -0.012186001605376535 0.9999244502996072 83.05702086562597
0.9998874005402955 0.014932320208967292 0.0014872852069119907 -0.5142285040565765 -0.014948619122570039 0.9998206593376353 0.011627036694171412 -1.21784098768331 -0.0013133999436894226 -0.011647960596154335 0.9999312976384406 84.40464340023784
0.9998905396631007 0.014775415152022653 0.0007718563713207279 -0.5183948338199914 -0.01478362860285455 0.9998184894667427 0.012018006459056058 -1.2273662435242303 -0.0005941452779193229 -0.012028102049853938 0.9999274832486864 85.81497262957404
0.9998941191734244 0.014547644813381198 -0.0003412255361480341 -0.5329205117254001 -0.014541699337032405 0.9998027359919105 0.013528788382918717 -1.2512070485293314 0.0005379702882766539 -0.013522394222573354 0.9999084235312493 87.16525262747135
0.9999046282625073 0.013727064183546425 -0.0015172511506258866 -0.5374118765720585 -0.013703717274422576 0.9998016145384002 0.014454747571789186 -1.265280942916787 0.001715371553504673 -0.014432577312968101 0.999894373532279 88.53631562588826
0.9999354058590276 0.011021183833760412 -0.002778054307557892 -0.5409485752687645 -0.01097751617684957 0.9998231066413197 0.015272510711784214 -1.2754793235999653 0.0029458842969275036 -0.015241028372206719 0.9998795091568885 89.9407880605911
0.9999506792350883 0.009276874537220255 -0.0035466419248720155 -0.5536305216465895 -0.009220836836180808 0.9998373026889059 0.0155030427103034 -1.2863034126310604 0.003689885001667486 -0.01546957539687985 0.9998735305024399 91.30345913502293
0.9999626686254678 0.007613236148298257 -0.004086559307414665 -0.5647621108984359 -0.007549654279292427 0.9998536007807841 0.015355120808497174 -1.3014734753173882 0.004202863566190886 -0.015323695782042884 0.9998737521808209 92.67155395115503
0.9999697700050741 0.006547738802575901 -0.00419358691745185 -0.5751857139702952 -0.006485881745465303 0.9998724073560596 0.01459802565229174 -1.304595237839585 0.004288636279391567 -0.014570385540894876 0.9998846490862969 93.99360275920917
0.9999708874747204 0.006183706022281859 -0.004470566158598735 -0.5968910986949482 -0.00612035437338504 0.9998825854313794 0.014048367160358781 -1.307433897249145 0.004556912617645127 -0.014020597012558098 0.999891322805339 95.39948131709376
0.9999693388784276 0.006321422991122259 -0.00462178457440455 -0.6148029091854752 -0.006257660726500387 0.9998868048810376 0.01368280358963967 -1.3219651007912203 0.0047077566086190835 -0.013653462777493582 0.9998957045595311 96.7397844703643
0.9999619565266603 0.007492079214204587 -0.00446701511863835 -0.6264662845358535 -0.007433458774766446 0.9998878872458777 0.012998332203088846 -1.3330147059430026 0.004563899239479603 -0.012964632593632595 0.9999055401083405 98.07500435385856
0.9999540395565746 0.008711628436748229 -0.004003283389131196 -0.6505784177107683 -0.00865809924903864 0.9998753948181452 0.01319970333782098 -1.3386211107066872 0.004117775828306113 -0.013164436118185921 0.999904866253254 99.46211819385492
0.9999471894685013 0.009500570448040242 -0.003918852715267677 -0.6601294216147099 -0.009441022650608078 0.9998437624468366 0.01494382153155571 -1.3534034392567287 0.004060215627093712 -0.01490603466752125 0.9998806552752447 100.7844096124247
0.9999457660034441 0.009709393623116201 -0.003767319787899929 -0.6798308933153301 -0.00964507428394831 0.9998135003138221 0.01673132230213573 -1.3680767986040228 0.003929068522908521 -0.016694079156121408 0.9998529242627866 102.12972983824616
0.999952657984895 0.009066669392416939 -0.003532317728025452 -0.6930243654258627 -0.009010347836403705 0.9998369772562109 0.0156471261194475 -1.3781065669718315 0.003673609521848981 -0.01561455825925843 0.999871336811503 103.46481418800717
0.9999494545425457 0.009388412734142522 -0.0035980604233065935 -0.7121178043415319 -0.00934060778693931 0.9998708169448067 0.013080614810555368 -1.3821273942560268 0.003720402149883836 -0.01304634584104452 0.9999079715054286 104.79896486732825
0.999955607142138 0.00872609440020887 -0.0035551365478994094 -0.7196283388340466 -0.008682186511170495 0.9998880738157805 0.012184395456189889 -1.3978875553447492 0.0036610611386558604 -0.012152988446665588 0.9999194475129071 106.12293805163002
0.9999661341524201 0.007482887995903374 -0.0034259179010077217 -0.7367350787908598 -0.00743714252817388 0.9998855292767874 0.013176390409701543 -1.4057564687455475 0.003524123495304583 -0.013150465408141517 0.9999073186175029 107.47470779555282
0.9999883525540183 0.00386134039248991 -0.00289565092552122 -0.7436188743467986 -0.003816415386948553 0.9998746988800302 0.015362991684579797 -1.4121049677002009 0.0029546100993967216 -0.015351762046154805 0.9998777893789283 108.79828957714442
0.9999951698649849 0.0023976747475837456 -0.0019777246703411838 -0.7590113552727582 -0.0023647978668051885 0.9998616994117127 0.016461767133490766 -1.4321334054427126 0.002016921296789057 -0.016457011029689772 0.9998625399661186 110.14222695978944
0.999996207707407 0.002308180713050019 -0.0015022869259806164 -0.7740810794545786 -0.0022845804919390074 0.9998768516849313 0.015526176404982092 -1.4365041792701463 0.0015379392851575862 -0.01552268573873888 0.9998783330884065 111.46682818114704
0.9999942074640674 0.0033487215941404476 -0.0006091755545146317 -0.7779717173645381 -0.003340518531725528 0.999909883111019 0.013002561049717046 -1.4447293581427407 0.0006526626799234429 -0.013000451029015222 0.999915277566357 112.78901115684232
0.9999783824781758 0.0065637307086709945 0.0003898751401763161 -0.7868980736607772 -0.006567587967919104 0.9999191371953555 0.010889713877986406 -1.460958991818257 -0.0003183664829030453 -0.010892039228084177 0.9999406293013408 114.14877320801773
0.9999525315343738 0.009518758534306174 0.002080359444364437 -0.7955393925180485 -0.009540696968563744 0.999896132304551 0.010802764519376902 -1.462031678621751 -0.0019773146142071647 -0.010822100026746018 0.9999394843584114 115.44842796478353
0.999941134047695 0.010302176227364953 0.00340493538490636 -0.8140339885517881 -0.010345969832485483 0.9998606068031505 0.013104498840860648 -1.4711125952188555 -0.003269456169975483 -0.013138955055024644 0.9999083350574788 116.80553712458077
0.9999401121603609 0.00998438596412689 0.004481530106358576 -0.8141936068408505 -0.010051425729600168 0.9998340355634174 0.015194412981069215 -1.4782236785528022 -0.0043290798022088154 -0.015238549091990293 0.999874514972314 118.10872097113949
0.999941923398698 0.00932241265655484 0.005407627665806832 -0.8136634397895115 -0.009409011051251238 0.9998242412146883 0.016215955227826605 -1.490731816567727 -0.005255505833081775 -0.016265894212185956 0.9998538894985993 119.48111730821913
0.9999298783663703 0.010019223380341174 0.006312962581079679 -0.8164620379953276 -0.010118253579497345 0.9998231033407503 0.01585506185193141 -1.4944671058971906 -0.006152990940450657 -0.01591782654172651 0.9998543711468374 120.80186968248607
0.9999018535885823 0.011645857029495953 0.0077882721582992415 -0.8124990659304818 -0.011766987504437111 0.9998076278411481 0.015692206237169288 -1.499453786423099 -0.007604025351850377 -0.015782310918402098 0.9998465369548536 122.10536425861932
0.999868299059833 0.013631183382988264 0.00880768683970223 -0.8186213511410437 -0.01376458463967618 0.9997887037153211 0.015267094046712164 -1.5030815716820594 -0.008597717964523624 -0.015386317813759438 0.9998446581692323 123.46981450963403
0.9998462675824047 0.014393401652139511 0.010013548841739234 -0.8198010778895976 -0.014537450565485933 0.9997896996423365 0.014464406351187311 -1.5100926238612498 -0.009803251796112963 -0.014607754465261073 0.9998452429065028 124.7857015234388
0.999811845788708 0.01574298274716813 0.01133276134023451 -0.80584246522142 -0.015899407815231033 0.9997777009688936 0.01384765369088 -1.5171689365528915 -0.01111223963393729 -0.014025232670189196 0.9998398926717242 126.13803436732115
0.9998192789207242 0.01464352580151982 0.012123391395816738 -0.80008763915303 -0.014813092973667574 0.9997920251234599 0.014017089866389986 -1.5278555889774044 -0.011915611414275131 -0.014194141887961878 0.9998282575222895 127.48652142613143
0.9998114397642069 0.014306228987594264 0.013130753890889817 -0.8067476182000695 -0.01449913833666981 0.9997865895871315 0.014715648129090014 -1.535879112585557 -0.012917427299927604 -0.014903258254317958 0.9998054975672812 128.81296951942434
0.9998117322660783 0.013423250637267452 0.014011293186193775 -0.7933232980343157 -0.013641173905620425 0.9997856395531435 0.015575408335964975 -1.5416711562320184 -0.013799218263516147 -0.01576360678587034 0.999780521053524 130.1785848598188
0.9998231526450057 0.012158459138798611 0.014346960707916672 -0.7743716847677888 -0.01239249695560566 0.9997897241658545 0.016338099458257305 -1.549074596668782 -0.0141452989569539 -0.016513005098738674 0.9997635876458527 131.49438840905808
0.9998555646582308 0.009315379503264465 0.014215256261069911 -0.7682538903943816 -0.009561218769813671 0.999804191657071 0.017325168211543097 -1.551328566293981 -0.014051083452398522 -0.017458581359728394 0.9997488509590098 132.8518169723365
0.9998731107266293 0.007415936747390345 0.014098450877824213 -0.751283067257386 -0.00766747906447604 0.9998108778523486 0.017872277422829066 -1.5473127853548128 -0.013963246035611849 -0.017978109548132712 0.999740874097241 134.18569840929592
0.9998853758279875 0.006743274510626211 0.01355593764708339 -0.7351023447464514 -0.006984002750758862 0.9998173547578665 0.017789908269969172 -1.5637512445467627 -0.013433500605848336 -0.017882544168964627 0.999749846550891 135.5265022256892
0.9999022433234807 0.006173425319528797 0.012545621143493509 -0.7227305359411111 -0.0063971363833746 0.9998198433498118 0.017870576214230344 -1.5698465701724496 -0.012433039335363499 -0.017949085643935946 0.9997615965118248 136.87846501186513
0.999925509867095 0.004233620447073429 0.011447758441507257 -0.7150906568530753 -0.004451938750857438 0.9998074169962867 0.019113062527715066 -1.5744856462427455 -0.011364637290720408 -0.019162603884240507 0.99975178901296 138.19394701906566
0.9999403043316286 0.0031935147768943992 0.01044936540891082 -0.7007041161055791 -0.0033936318052654813 0.9998101003997226 0.019189747215260063 -1.5781509059840164 -0.010386099199731113 -0.019224063342159616 0.9997612536674951 139.5554192744469
0.9999576306833421 0.001595953592551041 0.009065857623989662 -0.7035313079454455 -0.0017731829205500085 0.9998068227482988 0.019574805263949988 -1.5824979501250633 -0.009032866573418813 -0.019590051696707363 0.9997672915228704 140.89488632057285
0.9999692279901571 0.0008926742039478451 0.007793985554869333 -0.7059359725338392 -0.0010429798465005583 0.9998131531126012 0.01930209957140603 -1.5786121094978134 -0.007775299428133264 -0.019309634951805453 0.999783317884305 142.2339235404398
0.9999774723706609 0.0011589370607161644 0.00661147642579241 -0.7078420735706967 -0.0012824967960347817 0.9998240338857067 0.018715139839355573 -1.5756228541142825 -0.006588623902595462 -0.018723197793506813 0.9998029965459567 143.57941736527138
0.9999837444655175 -0.0007128049058813812 0.005657094746778741 -0.7011735582273624 0.000619172851167988 0.9998630826301582 0.016535797824957663 -1.5796926053569709 -0.005668107455667617 -0.01653202662792292 0.9998472706643494 144.93685368708208
0.9999796985502791 -0.004555673637305779 0.004455147160287379 -0.7198023343951978 0.004485687424018147 0.9998683296210202 0.015594935601538356 -1.593476464579347 -0.0045256063559261355 -0.015574634903947797 0.9998684661675713 146.24771580670634
0.9998962285103492 -0.014024605671819271 0.0032928195727063058 -0.7024210201446126 0.013960085381541852 0.9997246390085646 0.018861658360108603 -1.5851454867610184 -0.003556440463817302 -0.01881373337252854 0.9998166807834559 147.621597895055
0.9997778410858056 -0.020990753589583716 0.001912261952461534 -0.6897331149366202 0.02094754458035663 0.9995734837535526 0.020348241617896123 -1.5952423509266564 -0.0023385714471348164 -0.020303664264352383 0.9997911243398288 148.938977121144
0.9997340953311885 -0.023042318795223796 0.0008889213987725785 -0.6725724469367869 0.02302325020113617 0.9995817718391515 0.017498895570571334 -1.6028256683733526 -0.001291764850416358 -0.017473776998493673 0.9998464874506899 150.25425712566786
0.9997660972597242 -0.02159519631607307 0.0011824858327337806 -0.6847257098933691 0.021575709241005957 0.9996611761372388 0.01456096439310644 -1.6143468568725454 -0.0014965321760256115 -0.014532045841810561 0.9998932843254251 151.63246760040312
0.9998201465361335 -0.018857693601757902 0.002015436150523253 -0.6973773868753157 0.018832317770647772 0.999751300448018 0.011944917251286843 -1.6173475646174267 -0.0022401886803515465 -0.011904813800901033 0.9999266257903099 152.9602324887917
0.9997987735110008 -0.019835014231170164 0.0029974500774877233 -0.7000960531344798 0.019797022305220256 0.9997294155146224 0.012213666591297466 -1.6182907054660325 -0.00323889752704779 -0.012151868513708718 0.9999209176904191 154.31309899364055
0.9997421413579252 -0.02246329421736589 0.0033243366243728588 -0.7073515537309378 0.022410169868412932 0.9996327344733121 0.015237468485606366 -1.6254663870258808 -0.003665399743653695 -0.015159040702836623 0.9998783767697443 155.6590253194144
0.9995810359583258 -0.028697654721153855 0.003767912404559969 -0.7023948678176166 0.02861996393093815 0.9994046529366014 0.019267520616674586 -1.6363309033986926 -0.004318602190230434 -0.019151611053263132 0.9998072641633651 157.00452913088918
0.9994751469153321 -0.032184914107158645 0.0036826610252807925 -0.6944555268819563 0.032104334945217236 0.9992809337913146 0.0201724327661895 -1.630478843688783 -0.004329261311229255 -0.020043616186503875 0.9997897333700259 158.3340032793384
0.9994090046551973 -0.034181389060200795 0.003643355648695383 -0.6817695698800572 0.0340997167724733 0.9992078236154882 0.02051668958520004 -1.6376730598340652 -0.0043417587650687196 -0.02038032729346703 0.9997828721257325 159.6859043383466
0.9994395404041336 -0.03315433188807663 0.004625509898612362 -0.6901717095948248 0.033052473762451115 0.9992415121803437 0.02058966538502062 -1.6213425165463482 -0.005304638534506389 -0.02042524153782795 0.9997773103662644 161.05093734659417
0.9995791642161199 -0.02839615510286681 0.005928983087292101 -0.694271916842436 0.028269238429039393 0.9993902632085615 0.020492729398757983 -1.6339245782730416 -0.006507283221983904 -0.02031649786180169 0.9997724216960484 162.39905537565608
0.9996749214246395 -0.024544133934126463 0.006901954181522454 -0.693815770277773 0.024410993112905666 0.999526065870925 0.018754920686904215 -1.6368652264634962 -0.007359007000172411 -0.018580340649465833 0.9998002880374277 163.74015445123985
0.9996865710400205 -0.023872851610202195 0.007539671539022597 -0.6998739065941652 0.023732252336068915 0.9995523544915758 0.01821732194792053 -1.6313993215231375 -0.007971196519783003 -0.018032679054824023 0.9998056223656303 165.09051697021457
0.9997150066257843 -0.022530362421716285 0.007892294150671036 -0.6943627337081977 0.022374667450253592 0.999563546531846 0.01928965235383904 -1.6180059294172793 -0.00832345307632481 -0.019107567826281348 0.999782786900875 166.44057635292748
0.9997391112970654 -0.021505544679818696 0.007695511860753599 -0.6901585433774962 0.021351713800924158 0.9995810036011441 0.01954281307210598 -1.6230314106713506 -0.008112566977026982 -0.01937340256493872 0.9997794044352989 167.7792576092049
0.9998072270297003 -0.018293361416202143 0.007131740460591467 -0.6948576605700574 0.018166056262301576 0.9996813931466572 0.017524456628651073 -1.637137537394014 -0.007450050072134034 -0.017391523111360236 0.9998209998190546 169.1542294940571
0.9998761302156621 -0.014245863071400739 0.006691758125400333 -0.6901975084882388 0.014147835902804958 0.9997951378432307 0.01447484260641486 -1.6390896869054559 -0.006896594433313326 -0.014378375981802078 0.9998728415596977 170.5501548366464
0.9999315553347502 -0.009815862400552006 0.006366593062437783 -0.6963387835185956 0.009730950641045748 0.9998650787863735 0.013233775288966663 -1.6366058982349092 -0.006495635528839829 -0.013170916751599404 0.9998921610202164 171.90213298584933
0.9999697637014131 -0.003982492321029476 0.006679180321501136 -0.7078246316136798 0.0038879009038113 0.9998928076814536 0.014115854999399812 -1.645114624872658 -0.006734681206293249 -0.014089460466152037 0.9998780581510955 173.28315979250658
0.9999717303846357 -0.00033281056074109007 0.007511835724798769 -0.7181887591875917 0.00020714339092999141 0.9998601258844023 0.016723807878062477 -1.6570217910833986 -0.007516351494975545 -0.016721779398528914 0.9998319291534867 174.69004199111737
0.9999707877361251 -0.001063013168603499 0.007569259263815923 -0.7156808928997955 0.0009219478919403647 0.9998262863914761 0.018615774008911658 -1.6502480426798454 -0.007587733819542438 -0.018608252097158478 0.9997980592358288 176.04016458305125
0.999972283521532 -0.0026842095092246086 0.006944581953215814 -0.7137852088317914 0.002544040378584621 0.9997944425708079 0.02011468241723957 -1.6549351386349462 -0.00699714703956394 -0.020096458000519176 0.9997735605190863 177.40603420093322
0.9999767778688946 -0.004400393226900286 0.005203871057370893 -0.7131909534433902 0.004293166011137054 0.9997818630127246 0.02044003668670981 -1.6629827547986353 -0.005292680530132056 -0.020417221337887627 0.9997775375605856 178.8212905305813
0.9999825898942527 -0.005050443145865377 0.0030517114653314265 -0.7144367357532586 0.004998198551738055 0.9998448338740497 0.016891600644147745 -1.666722955774088 -0.0031365482628742235 -0.016876053825969985 0.9998526695849211 180.15493141148377
0.9999924211113214 -0.003666163155103753 0.0013103337725580777 -0.7233841288843625 0.0036497185717303676 0.9999172039390719 0.012339562850449105 -1.676379391981031 -0.0013554642370724823 -0.012334687219973535 0.9999230061412754 181.57243111887115
0.9999989590031598 0.000955241113135127 0.0010814374487286772 -0.7489470742619253 -0.0009676261451998279 0.9999332858083687 0.011510327083714671 -1.670994706870855 -0.001070370245050701 -0.011511361755395187 0.9999331691971615 182.97291386392
0.9999900175817855 0.004404154491765745 0.0007537590292010785 -0.7616608244350642 -0.004413357437205763 0.99990990379133 0.012677009884933324 -1.6789187265597572 -0.0006978596573517959 -0.012680210198463044 0.999919359381076 184.30154433251053
0.9999776028698716 0.006610387783049509 0.0010471484627505303 -0.7642561643908458 -0.006626188192493035 0.9998519226360472 0.01588163837226765 -1.6818962578235488 -0.0009420096827013455 -0.01588822158937268 0.9998733304965256 185.75097006933754
0.9999734765316501 0.007163329451116038 0.0013164084719174546 -0.7824901943314182 -0.007186559771468663 0.9998015180377641 0.01858165475824507 -1.6881072663183783 -0.0011830407592468687 -0.01859062272741767 0.9998264795297047 187.10794952136808
0.9999850859197891 0.005233535352668347 0.001561421658619309 -0.7836453978208515 -0.005263184688290019 0.9997934496692883 0.019630509042705045 -1.6768209786595087 -0.0014583622911485137 -0.019638434712171197 0.9998060837330597 188.57028622342278
0.9999908213880457 0.004125777444078924 0.0011554626699670815 -0.7923045928368442 -0.004148295815328693 0.9997870321476741 0.020215884549668214 -1.6815979274766362 -0.0010718104276289503 -0.020220492597692475 0.9997949704368015 189.9718996202497
0.9999984433649836 0.0011901913165922864 0.0013025790040683703 -0.7983087406157026 -0.0012170327354796796 0.9997828476336256 0.02080327857856067 -1.6795053393101493 -0.0012775363557138535 -0.02080483188666417 0.999782739839265 191.33409265576304
0.9999984178771874 0.0002274722023618246 0.0017642283253912327 -0.7994630351851002 -0.00026416045554922014 0.9997831353982171 0.02082336143928411 -1.681101074558117 -0.0017591091227280964 -0.02082379494269867 0.9997816137077871 192.78999276380839
0.9999912833023346 -0.0036176061118604382 0.0020847669498766275 -0.8022389934007392 0.00357083733849556 0.9997512210610828 0.02201692735566936 -1.6752311353293048 -0.0021638970396291694 -0.022009291506367837 0.9997554244146493 194.16211700877008
0.9999657302317866 -0.007903864791668684 0.0024631880645669506 -0.7934957964939182 0.007844007537914845 0.999694696992137 0.023430414615755634 -1.6665365958284029 -0.002647627079329618 -0.023410290848335784 0.9997224356608424 195.63232322739898
0.9999271878199584 -0.011754504948693125 0.002729594404094004 -0.7895849022523567 0.011685559638519158 0.9996428780708435 0.02403256111639449 -1.6644348218580864 -0.0030111106989598557 -0.023998914876593707 0.9997074498610763 197.0136604957806
0.9999497022348371 -0.009620829346174704 0.00283419414937525 -0.8046376852553807 0.009559242588544958 0.9997338523441794 0.020996317233030765 -1.672663731051089 -0.003035442059187412 -0.02096816881922186 0.9997755358056126 198.45888423474872
0.9999926529800208 -0.001744892892957704 0.003413113191311694 -0.81091885644707 0.0016917013588819436 0.999878036591478 0.015525787551940612 -1.6802443046823314 -0.0034397880307873623 -0.015519899817201458 0.9998736423020949 199.8849001518385
0.99996843096879 0.006453913113754773 0.004635090442656922 -0.8362989183515994 -0.006522803111914418 0.9998661490358745 0.015004567920840149 -1.6607884297162139 -0.004537632225404761 -0.015034328321100781 0.9998766818297582 201.3237991963086
0.9998873654433845 0.013676480236094635 0.006181446989713639 -0.8508261566102284 -0.013786885544753283 0.9997395689557238 0.01818560080367142 -1.6562966275460995 -0.005931122626393459 -0.018268775744456376 0.9998155197935022 202.78406829228962
0.9998564577941916 0.015384191659443915 0.007098621025349179 -0.8525247003429316 -0.015531984089712899 0.9996533921401669 0.021256836112515165 -1.6579055365458766 -0.00676914190247273 -0.021364040955549127 0.9997488466995644 204.21565151392596
0.9998771770459421 0.014264950794074336 0.006491684792607371 -0.8492875555642493 -0.014402736151142258 0.9996608311773324 0.021697553442554036 -1.6593148327394789 -0.006179968988911065 -0.0217883869435275 0.9997435041967229 205.65948732994087
0.999925320151192 0.01108042769725974 0.0051554070871451165 -0.8405165484062596 -0.011191164957168258 0.9996959697230674 0.02197102546133531 -1.6586714322657254 -0.004910391726178352 -0.022027080118245414 0.9997453154686159 207.098612636619
0.999947293475522 0.009378942732468433 0.004176803580649639 -0.8309854547272171 -0.00946710440911848 0.9997215870007924 0.02161301523378547 -1.6597363275837937 -0.003972933790994514 -0.021651418753154655 0.9997576865772745 208.55567573193548
0.9999490734108479 0.009385324285252782 0.003710290605650048 -0.8377554468108905 -0.009461631004160028 0.9997323167301588 0.021113323597731576 -1.649206432442089 -0.0035111423145114872 -0.021147354189941073 0.99977020424577 210.02018166893262
0.9999431050854162 0.010122101044129746 0.0033659536046671858 -0.8488832419348362 -0.010191212129942435 0.9997234925274198 0.02119145335667845 -1.6439697392222854 -0.003150521110988724 -0.02122455124147128 0.9997697698215224 211.47279745698083
0.9999410398459667 0.010308033198790768 0.003414859282197859 -0.8521892446573565 -0.010380263005550637 0.9997072416048148 0.021855919884209797 -1.6286367306631386 -0.003188568258207903 -0.02189007883002861 0.999755298805434 212.92146662636594
0.9999475935835959 0.009791802385505696 0.002988423344787867 -0.8631574094580978 -0.009855564947598743 0.9997066397165992 0.022124700121552817 -1.6285610443212704 -0.0027709061855928484 -0.022152993687542796 0.9997507524171021 214.3797951358886
0.9999384082799215 0.010777492667549418 0.0026505238751161697 -0.8673074437189453 -0.010831634312677715 0.9997136138195487 0.02133930774391372 -1.626476193802084 -0.002419780756931938 -0.021366703352012306 0.9997687775968729 215.8213889319015
0.9999328362989631 0.011349762245912921 0.002346436527645808 -0.8805284609159242 -0.011396621515030115 0.9997139384381201 0.021027561095454974 -1.6336333884216543 -0.002107107645128439 -0.021052890677566116 0.9997761428940716 217.30686175354563
0.9999526271419849 0.00959625859677519 0.0016295009881744553 -0.8805917454647743 -0.00962866570818687 0.9997287893576398 0.021204634772221443 -1.619524568363285 -0.0014255739954327404 -0.021219320592770076 0.9997738285142521 218.78760151561173
0.999932038961567 0.011580719713758045 0.0013432659603326656 -0.8912218544499084 -0.011606171333508391 0.9997161414438515 0.02080705023528823 -1.6234726740134509 -0.0011019241230281283 -0.02082122675978214 0.9997826075148435 220.2657573418692
0.9999473077794641 0.010173892066474254 0.0013687817549619462 -0.9013278552290285 -0.010200286309023133 0.9997295308190263 0.020900224380692896 -1.6193764376567619 -0.0011557749961382572 -0.02091308548629685 0.9997806294629589 221.74864457970128
0.9999202482937682 0.012590180265898218 0.0009921611134770057 -0.9050947526266453 -0.012608025766118691 0.9997062289790868 0.020700083233359392 -1.61784815304977 -0.0007312519117647349 -0.02071094197653945 0.9997852380202653 223.23439275475303
