1.0 -3.469446951953614e-18 0.0 -1.7787691892340307e-19 0.0 0.9999999999999999 -3.5575383784680614e-19 0.0 2.168404344971009e-19 -2.371692252312041e-19 1.0 0.0
0.9999999398638733 -7.08535559765227e-05 -0.00033948727388392647 0.05569069961672338 7.123806521749064e-05 0.9999993559314045 0.0011327230995349811 -0.026761272848715878 0.0003394068273799933 -0.0011327472383819146 0.9999993008434594 1.3159701006825606
0.9999991075624272 -0.0005587901877283866 0.0012135198795759842 0.11108300046058615 0.0005566348298350308 0.9999982684086526 0.0017757635472657302 -0.04833477912174309 -0.0012145101586562628 -0.0017750865086460634 0.9999976870130872 2.5650198957187875
0.9999998335181454 -0.0004864899696833142 0.0003103102226972693 0.10955530187419162 0.000485897195587821 0.9999980624957305 0.0019075920938272073 -0.0730963280311655 -0.000311237670608163 -0.0019074410343499699 0.9999981323980923 3.900747151491118
0.9999994154786745 -0.0008662023355105724 0.0006470997915858519 0.09433017553347757 0.0008649333153571016 0.9999977073167841 0.001958889950482259 -0.07889224865953776 -0.0006487951562187005 -0.0019583291447080008 0.9999978720033289 5.224881301003626
0.9999992797576832 -0.0011911155490253785 0.00014741076618595425 0.10008643854386864 0.0011907924458416513 0.9999969291760435 0.0021733958693114864 -0.08724542005541154 -0.00014999908995606912 -0.0021732188101123663 0.9999976273074025 6.560714972469599
0.9999971935267754 -0.0023478680498721753 0.00031695131201677786 0.0854514385348667 0.002346931255618249 0.9999929686358637 0.002924822814735495 -0.11123232985484796 -0.0003238162062831928 -0.0029240707989293367 0.9999956724671875 7.900833506297608
0.9999965603861085 -0.002579315217331528 0.00047576615876400636 0.07147385369162422 0.0025778896461594696 0.9999922567071687 0.0029733829802152745 -0.11863074716293331 -0.0004834318049971424 -0.0029721463364831384 0.9999954663095715 9.214435031124754
0.9999961359296411 -0.002773277905246006 -0.00019250756851023213 0.08136909966358807 0.002773834668245597 0.9999917903971518 0.002953806858568941 -0.12375528168085576 0.00018431427896939564 -0.002954329485274541 0.9999956189736015 10.547392364872804
0.9999983590198369 -0.0018087978767189344 0.00010104830661654537 0.028085832570477465 0.0018085571607949578 0.9999956391971344 0.0023346744018751843 -0.1316887127607946 -0.00010527082694095926 -0.002334487863623757 0.9999972695386372 11.869219511954082
0.9999997904980723 -0.0006385223927140894 -0.00010627236074774171 0.050524919643405546 0.0006387537146745319 0.9999973964795176 0.0021906680434657425 -0.15538808993031133 0.00010487330415152895 -0.0021907355091568136 0.9999975948371433 13.209030461725904
0.9999999987392284 -4.962163844673961e-05 7.702505737526783e-06 0.036830177060693185 4.9605214608785045e-05 0.9999977548635111 0.002118444430363219 -0.15921837345125578 -7.807608062228256e-06 -0.0021184440873172755 0.9999977560645089 14.54303353407239
0.9999997640275989 -0.00018363681673689777 0.0006619845463491172 0.01041367386693623 0.00018199915196046718 0.9999969253110566 0.0024731041210779943 -0.18220220614183874 -0.0006624367178796639 -0.002472983104929512 0.999996722760446 15.887578981106326
0.9999991674299933 -0.001092476855651293 0.0006867578559735894 0.01169231049646921 0.001089049258528086 0.999987047466327 0.004971807361947867 -0.19929646505942603 -0.0006921805995780794 -0.004971055406014287 0.9999874046678295 17.234736831417578
0.9999799744520291 -0.006281068030083589 0.0007738786217651463 0.020030115702518773 0.006275677166583685 0.9999573062621568 0.006782442009531859 -0.2342968712276336 -0.000816446624725878 -0.006777449703126728 0.9999766995240682 18.58504851699605
0.9999723960814876 -0.007406886435994202 0.0005874672269986746 0.023652780242566104 0.007403169848436449 0.9999540185145239 0.006095401780579814 -0.2559719626111953 -0.0006325882111489279 -0.006090884517809175 0.9999812503035037 19.933446278295403
0.999967493262108 -0.008047203208665069 0.0005049250109179593 0.020229646703868252 0.008044933843452923 0.9999581900712234 0.004347083980331327 -0.2530325567534342 -0.0005398858097238027 -0.004342880661501372 0.9999904239096618 21.29775485910656
0.9999808849667868 -0.0060949083796229195 0.0010400970628222997 0.003079773978163017 0.006091688798105451 0.9999767285516962 0.0030714287477061207 -0.3005768725383845 -0.0010587930216293538 -0.003065034144501001 0.999994742247227 22.63996668337957
0.9999899803546127 -0.004015923057071047 0.0019777665611346367 -0.016019789810177404 0.004007111232202426 0.9999821165079316 0.0044395627541689645 -0.296194708304704 -0.001995560298955171 -0.004431593223369584 0.9999881892896776 24.007926701086262
0.999987389691722 -0.004129886865364613 0.0028573591511072286 -0.013671354740493295 0.004105210952214345 0.9999546902231737 0.008588639913573441 -0.2978789553409046 -0.002892700033193603 -0.008576801709624852 0.9999590345398143 25.389783488140242
0.9999851835137212 -0.004850310635975947 0.002471284969925774 0.002929569940156418 0.004826021115781532 0.9999409019255607 0.009741774326421345 -0.322647574361851 -0.0025183897579793245 -0.009729703700114244 0.9999494940139503 26.77819201020713
0.9999472488623126 -0.009939430318261208 0.0025898321985676894 0.0024647241199954317 0.00991398327615825 0.9999041918061058 0.009660234542504502 -0.35933832695051876 -0.0026856015179589836 -0.009634049581128767 0.9999499850656236 28.144675435333088
0.9999532877163915 -0.009311257868122438 0.002592850754183091 -0.012756850378233944 0.009292664283665838 0.9999316631212725 0.007093339598591223 -0.37025537001518516 -0.0026587216992935894 -0.007068913890939821 0.9999714804201987 29.49809016848191
0.9999503841066674 -0.009498670303953016 0.0030007667077899024 -0.00968467930613981 0.009482782582555329 0.9999411747480753 0.005265345871290008 -0.4032725865900254 -0.003050604224274816 -0.005236629101639918 0.9999816355948024 30.888301876012743
0.999962781928327 -0.007803704315836593 0.0036792622031617565 -0.03502686482647001 0.007789528601395366 0.9999622430300927 0.003851720249652661 -0.3790775766547019 -0.003709181281105997 -0.003822917244245654 0.9999858135364881 32.26612073695634
0.9999665194924889 -0.006904316729305995 0.004392074433057402 -0.02511892705053928 0.0068949241504593466 0.9999739180077791 0.002150189905722377 -0.42158649558863304 -0.00440680584134672 -0.002119834929104007 0.999988043107218 33.64997398844292
0.9999659633613703 -0.006773380555910124 0.004710992252562617 -0.04583923004870244 0.0067613559662171915 0.9999738551340438 0.0025638068111620872 -0.4256612461283263 -0.004728235120547255 -0.0025318668930920094 0.9999856166154486 35.04649725331931
0.9999698613729303 -0.00657060795369661 0.004135634136101756 -0.043957279512418124 0.006555200326298921 0.9999715642505278 0.003728274454793047 -0.4622984318876408 -0.004160013914120634 -0.0037010522440126606 0.9999844981260254 36.43963992231439
0.9999744133018289 -0.005960856874447697 0.0039548627183664704 -0.06080260970990126 0.005942580824291792 0.9999716839997239 0.004617025397195286 -0.4521827611077917 -0.0039822724924402815 -0.004593405254137771 0.9999815208943694 37.84200827306314
0.9999823620962801 -0.0048284661629347594 0.003458528804588279 -0.052334229048143735 0.004811284929662285 0.9999761292013186 0.004959088366282395 -0.45222472227366173 -0.0034823913270627255 -0.004942361021724827 0.9999817228404677 39.2383815627349
0.9999893903720793 -0.002258657939581526 0.004014675045472796 -0.06969835906910393 0.002236082679275709 0.9999817140958466 0.0056188436093557725 -0.49641379413020864 -0.004027293014871928 -0.005609806955743935 0.9999761552024314 40.633590850758615
0.9999906787486046 0.0018137936367666804 0.00391823558303458 -0.07588037782743318 -0.0018356847902470915 0.9999826875195135 0.005590610379948385 -0.5145838986139014 -0.003908027860963936 -0.005597751022465585 0.9999766959776478 42.05383720634376
0.9999924137725781 0.001298216303152776 0.003672469739048944 -0.08449651206480796 -0.0013190064073269024 0.9999830878189897 0.005664300393358971 -0.5153289368709492 -0.003665054447673339 -0.005669101543551431 0.9999772140706372 43.44663702034087
0.9999929075552102 0.0015934943003229037 0.0034125674607376733 -0.09755192978159936 -0.0016134370916088756 0.9999815920298547 0.005849138697608326 -0.5433630894268676 -0.0034031843560745905 -0.005854603289676154 0.9999770707140043 44.871972504566955
0.9999962686166278 0.0012778882868884206 0.002414488634388235 -0.0891125919075813 -0.0012898923110667279 0.9999867845744936 0.004976630911329069 -0.5688805199564614 -0.0024080973470910604 -0.004979726869103035 0.9999847015756893 46.26719954884848
0.9999989445795168 0.0006395919998431832 0.0013045162751538794 -0.09296774582865626 -0.0006466026178269099 0.9999853145503143 0.005380760962899812 -0.5825566468354177 -0.0013010557317057816 -0.005381598893073145 0.9999846727059243 47.70800728044197
0.9999992883933939 0.0011918670581959924 5.161073932377874e-05 -0.07963423504689233 -0.0011921541457786747 0.9999814503451372 0.005973084181537706 -0.6084957840432259 -4.449065868337098e-05 -0.005973141577613078 0.999982159641719 49.111550541598056
0.9999975980731791 0.0020595017065114475 -0.0007498638350666785 -0.09592709538030841 -0.0020548897780225464 0.9999792822407211 0.006100206502519992 -0.6285364972832466 0.0007624117545115448 -0.006098651085140189 0.9999811124146493 50.534624122048015
0.9999968391861063 0.0017036764637516928 -0.001849080372169421 -0.1074881209255396 -0.0016924361648598943 0.9999801843077436 0.0060635511920859465 -0.6300179317439308 0.0018593742227509444 -0.006060402698101122 0.9999799069238025 51.981475622581144
0.9999929669898604 0.002597612745992209 -0.0027052484937367446 -0.12290398749957113 -0.002578413525634032 0.9999716366788775 0.007076554536922645 -0.6590328814156108 0.0027235541478920944 -0.007069529661679139 0.9999713015931679 53.388723440137326
0.9999913309917449 0.0018244675329042379 -0.0037428931965791364 -0.13504780861424237 -0.0017954050527237732 0.9999683296883789 0.007753459989384804 -0.6768017028157167 0.003756920917654359 -0.007746672922356834 0.9999629366196902 54.84724532494566
0.9999903591725027 -0.0022155789383539355 -0.003791143400574626 -0.15672459659535792 0.0022492366127077196 0.9999578928568934 0.00889682200549766 -0.6898721791504351 0.0037712724809762016 -0.008905263588203654 0.999953235803603 56.228023779213736
0.9999874365643044 -0.00208748141888033 -0.004557316014643244 -0.1645371686788299 0.00212858380663156 0.9999569377647284 0.009032814688436112 -0.7179163809329414 0.0045382643245987266 -0.00904240201463665 0.9999488182573721 57.671159595568774
0.9999894709709646 -0.0023424118161022005 -0.00394601700348444 -0.20629718244743495 0.0023797477382837967 0.9999521973676984 0.009483658243968721 -0.7370522847976132 0.003923614079784189 -0.0094929491037965 0.9999472431985066 59.105217421789916
0.9999873625844816 -0.0024019190938666043 -0.004416497608032239 -0.17321968103320307 0.0024455138577323815 0.9999480816497 0.00989209079195144 -0.7550642758064903 0.004392508688401412 -0.009902766584507595 0.9999413188248061 60.531510822437085
0.9999789007532183 -0.005404002343416162 -0.003604831111073445 -0.2061739011244355 0.005442202098141884 0.9999282380782543 0.010672446744107717 -0.752710546752299 0.00354689880302726 -0.01069183999243779 0.9999365500254056 61.97639940106897
0.9999667339876183 -0.007393658245586899 -0.0034445229123113903 -0.20452669261113474 0.0074287892237093825 0.9999193551902653 0.01030030070797759 -0.779818716443861 0.0033680885196699325 -0.010325546893332658 0.9999410177959228 63.39040073403908
0.9999652928831979 -0.007819218671186299 -0.0028762566036011914 -0.22398168755015957 0.007845601577560445 0.9999261752666532 0.009278498847895951 -0.7888529013028995 0.0028034938982989203 -0.009300742960910118 0.9999528171920402 64.79635778515669
0.999964572344714 -0.008183870630070771 -0.001969345728139009 -0.2405120092088118 0.008201239139617744 0.9999260567599679 0.008978901790229225 -0.8018230928756627 0.0018957181057553533 -0.008994734936618707 0.9999577496086158 66.23481071026285
0.9999786705293058 -0.006326611895099466 -0.001622489865940603 -0.23423769831329755 0.006340790445372507 0.9999404012168682 0.008887540739228287 -0.8165689945450825 0.0015661652865673183 -0.008897639212729293 0.9999591887412835 67.61292249047004
0.9999935615076111 -0.003521005583299139 -0.0006924354352839937 -0.2711148965439947 0.003527882294327194 0.9999418174757783 0.010193905112844133 -0.8425526657664304 0.000656502414804768 -0.010196282508979491 0.9999478010536627 69.07373391023121
0.999999948867016 -0.0002810203255130036 0.00015262446167575586 -0.2792006456740228 0.00027930558998972774 0.9999381171535854 0.011121323992444216 -0.8565514869034897 -0.00015574033906793163 -0.011121281013766726 0.9999381445155797 70.42860484657835
0.9999944437778376 0.0030671739470319445 0.001305700457562447 -0.30367840810548524 -0.0030827138961831 0.999922395088548 0.01207065352368323 -0.8767772815040927 -0.001268576432422109 -0.012074611796697585 0.9999262945169847 71.88539988811372
0.9999773569484023 0.006453776092460612 0.0019063981861697674 -0.31211159232744223 -0.006476136524285726 0.9999074406400718 0.011965359043502322 -0.8837226482646039 -0.0018290001283360325 -0.011977434445708077 0.9999265952181297 73.24123041832942
0.9999539790507177 0.009293396868174836 0.002381708993748557 -0.324491248799034 -0.009319726344822261 0.9998928017041818 0.011292821508090665 -0.8890878084378164 -0.0022765051903881417 -0.011314498906049332 0.9999333976018527 74.64577543022418
0.9999421109121401 0.010277191951683237 0.0031865546611445036 -0.33421017583857426 -0.010312934515921513 0.9998817136340759 0.011410615287554328 -0.8988748567558382 -0.003068908902318597 -0.011442817697903018 0.9999298193980658 76.09786818734057
0.9999363159486069 0.010720513655422752 0.003526274739900009 -0.33518399281153644 -0.010761497114437453 0.9998722772608806 0.011816063873837372 -0.9116276928224062 -0.003399150358664698 -0.011853259613524895 0.9999239701164535 77.4590917947982
0.9999383226928503 0.010596932997029318 0.003325026450365889 -0.3220375717267834 -0.010636284026146496 0.9998708378892736 0.012048942720048991 -0.9368071961221912 -0.003196915405304904 -0.012083565743106098 0.9999218805342943 78.87417324993764
0.999948223691316 0.009678392672280246 0.0031430294328990797 -0.3356518897808122 -0.009711435140538878 0.9998958780483087 0.010673383136662091 -0.9331626029447648 -0.003039401230209598 -0.01070335405066294 0.9999380982100873 80.24902614375533
0.999950076861988 0.009524140738731271 0.003022335085242994 -0.3468016308876656 -0.009556306287142064 0.9998958760505615 0.010812681664234313 -0.9664563434294029 -0.002919039124359939 -0.010841024439603901 0.9999369737136788 81.64492225723757
0.9999416391860615 0.010434868986022798 0.0027985193797428446 -0.36694900453805834 -0.01046504370605233 0.9998848070632923 0.010993429142733702 -0.9660862220668683 -0.0026834822357834722 -0.011022074407931867 0.9999356543294029 83.02835890969368
0.9999484876287418 0.009795378087838483 0.0026594432538332713 -0.38088006992314727 -0.009821716013922214 0.9999009812323758 0.010077779705519894 -0.9732915839687696 -0.002560464465361877 -0.010103381076137199 0.9999456813810037 84.38873051024638
0.9999500689796139 0.009817541956407244 0.0018642419197083902 -0.3896751255166914 -0.009835748573468087 0.9999014072427899 0.010021669655225721 -0.9765099574952271 -0.0017656700983534948 -0.010039505681793804 0.9999480440181094 85.79887978029885
0.9999545863453485 0.009500842749002779 0.0007478059558099607 -0.4031524023447276 -0.0095084441695455 0.999895183534068 0.010918399708530918 -1.0010911698644904 -0.0006439936209166452 -0.010925014557358474 0.9999401128727677 87.15687622118341
0.9999604043005574 0.008896724287550633 -0.0001952129799092108 -0.4091188698966579 -0.008893763979018705 0.9998893171004566 0.011927050167138003 -1.0093719669574444 0.00030130308461289823 -0.011924841971168753 0.9999288511515718 88.51467137377035
0.9999750302901245 0.006977998203937263 -0.0011163874799886182 -0.4185856848719717 -0.006963572086438378 0.9998983370116373 0.012442841908828117 -1.0323615881702848 0.0012031002244723653 -0.012434757421389693 0.9999219616372254 89.90858568588119
0.9999779929480078 0.006253566449608195 -0.0022150642921729318 -0.4255357510575799 -0.006224013186513805 0.999894731660446 0.013106764089448383 -1.044505603413892 0.0022967953404862407 -0.013092689323556015 0.9999116492103688 91.2587790630956
0.999982799725931 0.005346599014147024 -0.0024112479207020277 -0.4332949399665451 -0.005315601132500696 0.9999054271953726 0.012683889597962426 -1.0666585346455444 0.00247883577322629 -0.012670854455256078 0.999916648941213 92.64252222554252
0.9999847968403955 0.004756086271923167 -0.0027902898258179137 -0.44128056094428525 -0.0047202187050560725 0.9999079145163431 0.012723286803255528 -1.0803264347651438 0.002850546181193075 -0.01270992284733636 0.999915162530149 94.00035772512537
0.9999877109961363 0.0037529168441535667 -0.003239360894239565 -0.4547340358945269 -0.0037131761623073597 0.9999188270240819 0.012188178201199155 -1.080129349869252 0.0032848394521477814 -0.012176000348507285 0.9999204742657587 95.38979323204119
0.9999896302850427 0.0036876665958424787 -0.0026721575336710185 -0.47731734893249134 -0.00365591806684986 0.9999238079505536 0.011790358737968744 -1.095679237018504 0.0027154330873504027 -0.011780467523526293 0.9999269208383353 96.75316773563112
0.9999834687972765 0.0051337132882590935 -0.0025898079942339274 -0.4782922673688985 -0.005104593113484735 0.9999250494588672 0.011128279282632167 -1.109647197118661 0.0026467435142857464 -0.011114875627893591 0.9999347250181759 98.08377369983121
0.9999736193476578 0.006907911359731356 -0.0022452953469677384 -0.5060618139845922 -0.006881564872584304 0.9999097609850078 0.01153750240616547 -1.1119518769410457 0.0023247929830037465 -0.011521747128008556 0.9999309199584424 99.41396763086877
0.9999718746998444 0.007186997769916331 -0.002144027430057441 -0.5092021440602128 -0.0071602047800179095 0.9998992911532745 0.012253123230955334 -1.1242683583998014 0.002231874874911232 -0.01223742718124865 0.9999226290663761 100.73721706436166
0.999971660728322 0.007340249546328653 -0.001672859410112283 -0.5484072354161197 -0.007316539660337176 0.9998784979467561 0.013764359802208938 -1.1369234697910986 0.001773690150588291 -0.013751730466162957 0.9999038673497775 102.093581002129
0.9999685750704442 0.0076679926704651385 -0.002012645095349562 -0.5286866137945173 -0.007641778993448589 0.9998898409733977 0.01272435236738155 -1.1481784512995148 0.0021099938131118653 -0.012708572574564495 0.9999170166157667 103.45122910772486
0.9999702688000807 0.007550108553015582 -0.0015675962951904048 -0.5130151634767756 -0.0075331824723403355 0.9999161118886427 0.010536619929604845 -1.161871824498925 0.0016470175639692482 -0.01052449788887298 0.9999432595321174 104.75259233528847
0.9999834763513143 0.005508183317283098 -0.001645274203937702 -0.5594895735781338 -0.0054923417538934784 0.9999399529188969 0.009482865936633562 -1.1807880462589113 0.0016974089247364479 -0.009473673029203194 0.9999536830914696 106.08582558251061
0.9999856427274685 0.005240177403669262 -0.0011202087223676255 -0.5618331660547203 -0.005228303889467205 0.9999327473555367 0.010352082453981793 -1.1866462269308329 0.0011743802412050124 -0.01034607724357826 0.9999457882916258 107.44175344882555
0.9999966652387062 0.0022271328046510625 -0.0013074344516806685 -0.5449785527708297 -0.0022113750786593184 0.999926357538439 0.011932699595160032 -1.182916644033048 0.0013339139979380709 -0.011929768812413736 0.9999279480523403 108.76464406176176
0.9999998231671099 0.0004925642242138897 -0.00033323399707383176 -0.5695389799577166 -0.0004880413075449945 0.9999095674629572 0.013439445939026339 -1.2172155178694077 0.0003398236916929134 -0.01343928119607136 0.9999096310400775 110.11065401714102
0.9999995943734297 0.0008844565063004838 0.00017025989777042232 -0.5623177822079025 -0.0008865366906009378 0.9999198225169629 0.012631808539037623 -1.2028517500120781 -0.00015907396479608398 -0.012631954606405475 0.999920201027513 111.43131017120321
0.9999962619044631 0.0018837279210113158 0.0019818540881046485 -0.5993103843140339 -0.0019026573434015133 0.9999521742460721 0.009593180691512411 -1.2345303296641579 -0.001963688520419114 -0.009596915809516542 0.9999520204163497 112.779907437151
0.9999855388939725 0.004829840444457643 0.0023652987100625344 -0.5677453911927801 -0.004849360595001758 0.9999536496460658 0.008317587883478588 -1.2514126043529334 -0.0023250166453201724 -0.008328937954284878 0.9999626108457806 114.11366811912717
0.9999595408726837 0.008057863066674704 0.0039984306841719655 -0.597945141345219 -0.008087389367561107 0.9999397377253895 0.007423952189717208 -1.2510340964882452 -0.003938368866784713 -0.007455988838813173 0.9999644481072517 115.40796967519735
0.9999512894241726 0.008003058147221827 0.005776662364269207 -0.6145461310420184 -0.008057789383744535 0.9999222730783923 0.009514191827039437 -1.2818635111755983 -0.00570007120614728 -0.009560275703868526 0.9999380532381659 116.77902262543067
0.9999469389285529 0.008537186586880222 0.005765046399922715 -0.6094898457217068 -0.008604840878460694 0.9998931857329532 0.011814137825527003 -1.2787382775227945 -0.0056635715813077026 -0.011863118497390366 0.9999135914541649 118.06723697376331
0.9999395873355252 0.008727164597636821 0.006682683941163074 -0.6030222814817929 -0.008810484196212557 0.9998825342426484 0.01254165456114219 -1.293862719382489 -0.006572446416748501 -0.012599774817296261 0.9998990192119083 119.44178556453127
0.9999319662800142 0.008619366630273248 0.00785934591683356 -0.6080135202516394 -0.008712351438908993 0.9998915388390177 0.011874573891330979 -1.309358593854474 -0.00775614282345548 -0.011942239639268281 0.9998986074389653 120.77535816743604
0.9999052286691463 0.010426109756580544 0.008990544942168235 -0.5987304206581753 -0.010531852329435869 0.9998749660822358 0.011795435912187912 -1.3144971379950936 -0.0088664410499978 -0.011889005369816621 0.9998900128372681 122.0860827467252
0.9998761522463679 0.011744497049675864 0.010476017217743836 -0.6134429768450884 -0.011862774917879104 0.9998657775644152 0.01130050666693316 -1.3164038927299802 -0.010341893199462472 -0.011423381984584998 0.9998812687445507 123.44118564804913
0.9998414679401475 0.013084018169689689 0.012076730914656839 -0.6327974837326459 -0.013214140109591852 0.9998548115221838 0.010758364465272638 -1.3263825708163535 -0.011934215876863734 -0.010916242749427157 0.9998691965117315 124.78746265037289
0.9998263862685104 0.013536313099004178 0.012804902216013037 -0.6029882090468899 -0.013666349107057914 0.9998553704573928 0.010122702225009607 -1.33789119606879 -0.012666027245031403 -0.010295941251855727 0.9998667737978894 126.1085657803843
0.9998180188049853 0.012984177653054943 0.013976422158775393 -0.610507769335397 -0.013122016462109278 0.9998657197375243 0.009816068806755522 -1.3541992769177065 -0.013847092982811369 -0.009997681504195001 0.9998541415519391 127.44887556717038
0.9998111622852265 0.012838786100555905 0.014587848164832388 -0.5900915999422042 -0.012991094839316434 0.9998615844928019 0.01039438977309504 -1.3558796769507606 -0.014452378847073746 -0.010581939245928073 0.9998395627831339 128.7666633139083
0.999797768928596 0.012895589763716069 0.015431298771076867 -0.580004611673766 -0.013066169967351009 0.9998540738550028 0.011004827403024053 -1.3803470074225366 -0.015287134485158265 -0.011204230075809488 0.9998203682400629 130.13133632047487
0.9998152665084675 0.011157850379741718 0.015650406017708243 -0.5539847901377364 -0.01133378817960468 0.9998730623645291 0.011198411756438277 -1.3788715386336472 -0.015523470492673393 -0.011373721641542503 0.9998148130130307 131.4560915247554
0.9998187121113687 0.010517292039082181 0.015872285872997355 -0.5488909658107837 -0.010701362889314555 0.9998759514959461 0.011556923156247777 -1.405054455151362 -0.015748770725859482 -0.011724683343380548 0.9998072354318926 132.80510429507152
0.9998491337239666 0.007560371616959455 0.015638112408471697 -0.5439125305703914 -0.007750899522289319 0.9998960355374962 0.012159016604923205 -1.3913421572911044 -0.015544561220697375 -0.012278391892499196 0.9998037846047251 134.13175478386694
0.9998621942347422 0.007426101410153619 0.014847408742338523 -0.5076988285152156 -0.007609866983985574 0.9998946674060102 0.012358965523963417 -1.423002066118269 -0.014754067132196836 -0.012470249432305375 0.999813387779146 135.46417123965773
0.9998701396508429 0.008272054866500785 0.013830290307479336 -0.5022546367538643 -0.008435326558212521 0.999894927190473 0.011788971900405947 -1.4331839872756338 -0.01373131924895677 -0.011904104225317808 0.9998348579507131 136.81410678531665
0.9998898111348408 0.006131223298606452 0.013519381732299086 -0.5330637956331588 -0.006312505975726182 0.9998901907103714 0.013407415741090027 -1.456433893508979 -0.013435694443755183 -0.013491279830802012 0.9998187173098639 138.14176939773947
0.999912768140283 0.005588499043659283 0.011967655725675558 -0.487438281699428 -0.0057455408019467785 0.9998973139856091 0.013128223469313274 -1.4661177531795822 -0.011893060745267293 -0.013195839178922628 0.9998422000161712 139.4953067852732
0.9999296688527581 0.004743551611003349 0.010869961527101193 -0.5024271030276081 -0.004886561372524877 0.9999013601781845 0.013167818193357802 -1.476160525808682 -0.010806427993688396 -0.013220009075112858 0.9998542156096524 140.85406379926548
0.9999383307988544 0.005928431168491592 0.009390862477669758 -0.48718175230241095 -0.006045989667459593 0.9999030947249046 0.01253982359517591 -1.4741185480155172 -0.009315611749958107 -0.012595827576996293 0.9998772747207946 142.18684050593959
0.99995033563578 0.0054526167485172035 0.008342375475271483 -0.47660519240514554 -0.0055546071611382525 0.999909518067213 0.012251613126443215 -1.4916243838548093 -0.008274817979787626 -0.012297343516238035 0.9998901453296949 143.53299455965177
0.9999613408876793 0.0034459041807018203 0.008089652339054313 -0.4688732046949756 -0.0035295502372071057 0.9999402241393535 0.010348450427435688 -1.5010747008456327 -0.008053509676948777 -0.010376603400462259 0.9999137298188735 144.87913509373251
0.9999784539986177 0.0008469045067324389 0.006509554228318315 -0.45257909737422597 -0.0009068875847710149 0.9999571095457219 0.009217191680230172 -1.537642331860522 -0.006501469491421601 -0.00922289669765373 0.9999363325069246 146.1858875859701
0.9999430578904597 -0.008755548004354154 0.00610093200294044 -0.47258687203178934 0.008679502410423269 0.9998856743446335 0.012381618008667276 -1.5356191822633538 -0.006208642874828667 -0.012327960150418012 0.9999047325372903 147.5436575012722
0.999852633402556 -0.016562164332935947 0.004517322764710654 -0.4679687835617641 0.016498068018087415 0.999767615851095 0.013875447112165285 -1.5410561204058142 -0.004746080834476719 -0.013798875491941247 0.9998935272077814 148.87858410666541
0.9998537002757591 -0.016775273351671532 0.003341894985221045 -0.4115270302083877 0.01673841849354321 0.9998019292229562 0.010766970597380668 -1.5731691571847752 -0.003521852216141021 -0.010709457551106397 0.9999364500183149 150.20315082741712
0.9998784554727067 -0.01520315291476435 0.0034552043378332626 -0.4463317442146671 0.015172699617761493 0.9998472494408214 0.008675653272616678 -1.5949946840970661 -0.003586574131771158 -0.008622174172293601 0.9999563963477184 151.58679342939794
0.9999464578152015 -0.009704902371885864 0.0035911539771583114 -0.3980735469023593 0.009685410551099647 0.9999384817595436 0.005406062149646987 -1.6125989750868954 -0.0036433986639098225 -0.005370990992115251 0.9999789388275855 152.90205134865948
0.9999275846927724 -0.01096023847017758 0.004969764454893081 -0.4185503443408456 0.010930643966581116 0.99992259421894 0.005943616869763657 -1.624845120673977 -0.005034523644556569 -0.005888863838650103 0.9999699869747223 154.2705001870165
0.9999057425810127 -0.01235886059457208 0.005980345698693804 -0.45011625733098304 0.012317651147258708 0.9999004696941185 0.006879401409267147 -1.609523914526415 -0.006064772542160337 -0.006805089282321929 0.999958453781685 155.6061948126573
0.9997177279718088 -0.02308133576385695 0.005631725067122097 -0.41866313565913726 0.023026452753434457 0.9996885395813696 0.009623216581248272 -1.6049422364831485 -0.0058520881858166425 -0.009490821729851563 0.9999378367496944 156.94349210676182
0.9996141635742266 -0.02707854228174866 0.006186803091456526 -0.4307592760133928 0.02700566216863829 0.9995682660873475 0.011574784730922822 -1.6294043445559157 -0.006497560874252609 -0.01140324024191918 0.9999138701969648 158.28683727957244
0.9996123373081874 -0.02729135373193012 0.005509729100943555 -0.4004527845858178 0.027228184109803065 0.999566138342237 0.01123214449162314 -1.642530455012279 -0.0058138795494600114 -0.011077770482636065 0.9999217378392588 159.62665023298987
0.9996283166379768 -0.026365625587319905 0.006934145033009435 -0.41513748638831754 0.026287451835879005 0.9995924263426907 0.011133331613782632 -1.6403566269379937 -0.007224856710682551 -0.010946912725795777 0.9999139795724153 160.9968004710407
0.9996596060258502 -0.02482751026684817 0.008016658999201343 -0.41720318875940393 0.024742150109973444 0.9996379085877414 0.010577226405997116 -1.647241326980275 -0.00827636312212426 -0.010375276780294696 0.9999119238421468 162.3353487762209
0.999706210295626 -0.022341880479500642 0.009398589466189626 -0.4300323915342367 0.022251523337345314 0.999706203928055 0.009611218966087498 -1.6708487852014147 -0.009610561705787507 -0.009399262516407532 0.9999096413995623 163.67839952962683
0.9997175834223634 -0.02155812332259191 0.01000003634016268 -0.44467641336633 0.021469972134264305 0.9997304076156713 0.008840383342940418 -1.670104314325725 -0.010187923333194434 -0.008623186315743095 0.9999109194681199 165.03101292187569
0.999702080254782 -0.022059231224859293 0.010447060026080398 -0.45148560900111623 0.02195603380161628 0.9997099979793428 0.009892042884387688 -1.6744215084750966 -0.010662242110388418 -0.00965972001126852 0.9998964978430228 166.38042513996527
0.9996987801923042 -0.022377018241893528 0.010080572774207621 -0.42485271642148925 0.022278035997309494 0.999703517492922 0.009826811151096983 -1.6821452458179265 -0.010297479653855244 -0.009599275921494187 0.999900902995246 167.70416621198464
0.9997326935342056 -0.020859199845317766 0.00997172368701487 -0.4322675800018312 0.02078007501380604 0.9997522720940758 0.007973889718729503 -1.6851203989549035 -0.010135583220648843 -0.00776454520904659 0.999918487570735 169.08328657461894
0.9998072376395076 -0.01750788320858594 0.008886034255509944 -0.4152074320234317 0.017456889469212394 0.9998308854112299 0.005784252580097552 -1.7090252769620673 -0.008985802269611287 -0.005628015166315658 0.9999437888187648 170.51248473139736
0.9998843047519735 -0.012492599524934108 0.008678253564271462 -0.4122959000640275 0.01245652450832953 0.999913599107574 0.004198726695005671 -1.7177193723246649 -0.008729957500062916 -0.004090140108015751 0.9999535282151074 171.8235380245847
0.9999056118575989 -0.010400793132018759 0.00897724316083483 -0.4113030955436333 0.010355604323909364 0.9999335479967952 0.005065672572707539 -1.7261298944100087 -0.009029334375820812 -0.00497222973788131 0.9999468726118973 173.19304811139918
0.9999306609447611 -0.006083438845715633 0.010082910727580033 -0.4194433439544626 0.006013147735928131 0.9999575105712328 0.0069870664233122005 -1.7437714742595691 -0.010124988551365219 -0.006925952038523283 0.999924755064161 174.5695607493338
0.9999346279001398 -0.0053322007006862526 0.010114720736643462 -0.4243971136817878 0.005238358794180909 0.9999432031688632 0.009281703718226451 -1.7546914737545727 -0.010163639010695604 -0.009228112586969595 0.9999057667480886 175.9662518165983
0.999931816403489 -0.007470971134188216 0.008974806394340128 -0.4173258432048574 0.00737557545488263 0.9999164492225066 0.010615811271427075 -1.7734583914499484 -0.009053367717884493 -0.010548893280307003 0.9999033740217369 177.38249811633312
0.9999319457527486 -0.008669127251315044 0.0078070552625684915 -0.41991604688375556 0.00858743147039648 0.9999086495367193 0.010437844115478143 -1.7776371350010827 -0.00789682974165958 -0.01037009141512876 0.9999150470318163 178.7733896284115
0.9999207552470375 -0.011163539129939322 0.005818817443159209 -0.40704605342060435 0.011124943966185559 0.9999161780110651 0.006623636596452965 -1.7838820824628294 -0.005892273416460045 -0.006558377805926929 0.9999611336397647 180.1120904724162
0.999951390312924 -0.00907276097403789 0.003860315226207728 -0.4264013488448678 0.00906120121133043 0.9999544412018802 0.003001690069897137 -1.8187767347491364 -0.003887373296868085 -0.002966565114040876 0.9999880438366027 181.5315547340822
0.9999821452844789 -0.005397731054049544 0.00256390756235787 -0.4045996660369739 0.005391742008571185 0.9999827330656201 0.0023372379917320635 -1.8353891462981164 -0.0025764792890922003 -0.0023233723724669204 0.99999398182805 182.92204185570188
0.9999946780838687 -0.0022534502150589487 0.0023591889600569683 -0.4239704637695644 0.0022445218778806737 0.9999903353422592 0.0037803888040229983 -1.8485771625657825 -0.0023676852741349127 -0.0037750735046292016 0.9999900713927625 184.25075613795556
0.9999940616490136 3.641676386930033e-05 0.003446062208049124 -0.43511416057151586 -5.675376843701681e-05 0.9999825837594125 0.0059016061769187845 -1.8542280198692849 -0.0034457875596133223 -0.005901766821671527 0.9999766475741593 185.70257861378596
0.9999872493227562 0.003160538434300579 0.003938551464715376 -0.4658957103730091 -0.0031920078596329856 0.9999628284473212 0.008009545113580489 -1.8788718487996723 -0.003913090911865372 -0.008022015031032944 0.9999601667026344 187.07520612536814
0.9999902965790695 0.0012690601741326395 0.004218558612171296 -0.46252367404402395 -0.0013049376645890799 0.9999629138620639 0.008512816092249308 -1.8885028663137384 -0.004207599235011751 -0.008518238610273107 0.9999548668401149 188.52696049330345
0.9999935147098574 -0.0007766496243584754 0.0035167256293391356 -0.4358765096831726 0.000743953397696253 0.9999565781931514 0.00928914729487321 -1.8944649256813098 -0.003523787629729293 -0.009286470951647405 0.9999506709716032 189.92537322240918
0.999986138926881 -0.0034715468125324517 0.0039585763154175516 -0.45421420217917974 0.0034322377474350803 0.9999451618928787 0.009894086265712929 -1.9115559801484412 -0.00399270734740086 -0.009880362536834986 0.9999432167491349 191.2882779980931
0.9999672091215287 -0.006406495076430022 0.0049535356886195045 -0.4945021612299638 0.006355568350858135 0.9999274819478151 0.010229251456915953 -1.919346478462475 -0.005018710532372438 -0.010197433688126322 0.9999354103583672 192.75326240074588
0.9999566392756591 -0.008049250832292241 0.0046828563710026565 -0.45994271715756807 0.007998776703745056 0.9999107683933172 0.010699290158129062 -1.930378838559683 -0.004768560176199715 -0.010661369306800415 0.9999317956923702 194.11823603424108
0.9999320901245448 -0.010539432704648152 0.0049734809649530105 -0.447772094998121 0.010481350061744497 0.9998782045312994 0.011563623575602441 -1.9410873315942772 -0.0050947496704858534 -0.0115107097110061 0.9999207704044395 195.57085024464135
0.9998919338542523 -0.013709434411849067 0.005307733715755795 -0.43294783169870144 0.013644657672632605 0.9998342476309864 0.012054068474858778 -1.9502495083489513 -0.005472108859220489 -0.01198034384975343 0.9999132599302638 196.97013250200436
0.9999271786153673 -0.010640401741464788 0.005693797771045655 -0.4540324579402333 0.010584220080930622 0.9998958824415324 0.009808085884633945 -1.9920518124838213 -0.005797567402138459 -0.009747107416784419 0.9999356889851886 198.39470917245856
0.9999639341877179 -0.005997213798070266 0.006013631520787875 -0.4752313887558395 0.005974441637484892 0.9999749415856765 0.0037976623955584664 -1.9831133615672405 -0.00603625672867603 -0.0037615974038651915 0.9999747066722555 199.83935538770274
0.9999602685923253 0.004612438060205308 0.007628017421165336 -0.47628769466711485 -0.004640422424909758 0.9999825536934784 0.003654968748404757 -2.0048198022741026 -0.0076110266639715365 -0.0036902208245196107 0.9999642266288075 201.27346203688586
0.9998978135254187 0.01151941223944588 0.00846555540363194 -0.495610791151751 -0.011575112411226066 0.9999114859836321 0.00656025886225975 -2.011422284415876 -0.008389236461378187 -0.006657578381167845 0.9999426470335577 202.72894276287673
0.9998856839488732 0.012163398295827115 0.008981689903883542 -0.44349979750394414 -0.012246300684186936 0.9998823785028599 0.009233488266178778 -2.02526797146218 -0.008868323611274046 -0.009342425391710943 0.9999170325182193 204.14034079877615
0.9999046205875856 0.01015764714158169 0.00935798674086809 -0.48337652897028593 -0.010245638688764625 0.9999032977774249 0.009403297400607327 -2.0280303447211256 -0.009261567201422552 -0.009498279258075918 0.9999119991579737 205.6037132353161
0.9999383657141663 0.007544486116553296 0.00814527427466275 -0.48279714924653216 -0.007624526786916752 0.9999225110179785 0.009840658697393744 -2.0542577756494516 -0.008070401067216695 -0.009902156231693025 0.9999184046335303 207.0386698825626
0.9999571712324993 0.0064613411563803095 0.0066262179535524265 -0.4562802632120757 -0.0065226592647029576 0.9999357188770083 0.009274321558362202 -2.062171466755286 -0.006565868004982818 -0.009317145095766345 0.9999350379805008 208.47123322082618
0.9999605471159096 0.00637084226401652 0.006190038265954611 -0.4716341703860256 -0.0064250460721844045 0.9999408442964836 0.008776485683154462 -2.067588696288395 -0.006133758995592212 -0.00881591088017399 0.9999423266930744 209.97260866509345
0.9999508601316239 0.00747503626514009 0.00651161619375143 -0.4889785598808318 -0.007532305638946964 0.9999327759796252 0.008815208820679515 -2.0880430553501768 -0.006445284989094837 -0.008863823301034374 0.9999399436637143 211.43155047406265
0.9999501303763579 0.008143580386981961 0.005780903671235624 -0.46804619172788486 -0.008196869958772314 0.9999235746205026 0.009255066486716555 -2.0888182443065535 -0.005705092960674929 -0.009301990440603489 0.999940460670056 212.8655232520554
0.9999478493772312 0.008672748180219486 0.005392768459461122 -0.4866831693554979 -0.00872144761224796 0.9999208014724007 0.009073431020893875 -2.108713814831269 -0.005313650219981101 -0.009119990765488742 0.9999442938918245 214.3195377778375
0.9999414075931411 0.009383848035419386 0.0053967361908432545 -0.5041451252724546 -0.009429815998236602 0.999918931697262 0.008556203716080998 -2.1269307771387354 -0.005316009014041154 -0.008606592789275514 0.999948831993677 215.77461795066588
0.999949797833368 0.008502906524608615 0.005301167876348208 -0.5103353892036245 -0.008546160532838519 0.9999299354947261 0.008190681153882292 -2.139178749210375 -0.005231152292367102 -0.008235574760199583 0.999952404042685 217.26440774299246
0.9999506795497755 0.008909882703054093 0.004387760659141163 -0.4828476199800395 -0.008944944766043747 0.9999276944693513 0.008037027660306124 -2.159107833492715 -0.004315834784793219 -0.00807587970971013 0.9999580759883436 218.730057069217
0.9999432318145086 0.00963476861487648 0.004550205007510102 -0.49875017973212277 -0.009668741891836379 0.9999250987637132 0.007504152994528083 -2.160644155430504 -0.004477563786663933 -0.007547721907649523 0.9999614909152588 220.21866434332415
0.9999551237911246 0.008478477195392834 0.004226797230175813 -0.5044525974395546 -0.008510321668982255 0.9999351051299593 0.0075736365187358485 -2.179013274983414 -0.0041623103743343905 -0.007609268199781586 0.9999623863961183 221.68457782852994
0.9999412734438917 0.010150707249974175 0.00379641767028234 -0.5080777566676442 -0.010177983689439115 0.9999220239222306 0.0072356578444013496 -2.197514332826292 -0.003722674905328152 -0.0072738729443718305 0.9999666156734388 223.18627693089766
