1.0 -3.469446951953614e-18 0.0 -1.7787691892340307e-19 0.0 0.9999999999999999 -3.5575383784680614e-19 0.0 2.168404344971009e-19 -2.371692252312041e-19 1.0 0.0
0.9999999398638733 -7.08535559765227e-05 -0.00033948727388392647 0.05569069961672338 7.123806521749064e-05 0.9999993559314045 0.0011327230995349811 -0.026761272848715878 0.0003394068273799933 -0.0011327472383819146 0.9999993008434594 1.3159701006825606
0.9999991075624272 -0.0005587901877283866 0.0012135198795759842 0.11108300046058615 0.0005566348298350308 0.9999982684086526 0.0017757635472657302 -0.04833477912174309 -0.0012145101586562628 -0.0017750865086460634 0.9999976870130872 2.5650198957187875
0.9999998069217022 -0.0004956009572172557 0.0003748834515169641 0.11100615506438695 0.0004948783596172499 0.9999980242354986 0.0019252582649989538 -0.07329833146999577 -0.00037583690083717487 -0.001925072408823001 0.9999980764194565 3.897138061956455
0.9999993424412464 -0.0008230296820076581 0.0007985873036840587 0.09164715899429328 0.0008214198219128419 0.9999976341474504 0.002014191484198337 -0.07961810347835845 -0.0008002432196552618 -0.0020135342227129926 0.9999976526421956 5.214647451168547
0.9999992615557269 -0.001126528688829587 0.0004558766782707525 0.09658314782465634 0.001125464755756542 0.9999966579229639 0.0023275458790488865 -0.08930878946167795 -0.00045849723868173213 -0.0023270311317809393 0.9999971873491088 6.543940297629251
0.9999972863866353 -0.002262388124105376 0.0005557189190097682 0.08383694154895667 0.002260685805019933 0.999992807696684 0.0030452997655225195 -0.1116178852582508 -0.000562604617051019 -0.0030440352536915934 0.9999952086511094 7.880888987100481
0.9999970043835901 -0.0024109412813434743 0.00042259929441883616 0.0760595900025101 0.0024096443214379083 0.9999924654005663 0.003043476994042401 -0.11802788098712666 -0.0004299337883218123 -0.00304244962073274 0.9999952793174535 9.213335129293526
0.999997064593175 -0.0024229362466929878 -1.3730247411666667e-05 0.07247660735227057 0.002422966447731866 0.9999926772192196 0.0029622183250460894 -0.1262397551170771 6.5528838445441575e-06 -0.0029622429541941797 0.9999956125275367 10.536517965292045
0.9999990365095137 -0.0013877448054300419 3.386125874866078e-05 0.035961816939084484 0.001387661864019455 0.9999962994350514 0.002339980384817513 -0.1361855044068902 -3.7108430206182416e-05 -0.0023399311873177845 0.9999972616689358 11.86941274163642
0.9999999135652842 -0.00041577575718128833 7.814536567170554e-07 0.04932522407212994 0.00041577305628231337 0.9999974881757662 0.0022024472448988644 -0.15649792890223913 -1.6971741896316256e-06 -0.002202446772713273 0.9999975746099204 13.201633694055095
0.9999999805939314 0.00015273600644142606 0.00012443387080760546 0.034954597674027824 -0.00015300706107342077 0.9999976095913627 0.0021811465473083273 -0.16083103436590784 -0.0001241004424714096 -0.002181165587247607 0.9999976135551325 14.536076752768109
0.9999997321132953 1.9502958096054984e-05 0.000731706235998523 0.009977356033414781 -2.1384753530508116e-05 0.9999966925031056 0.0025718719055344073 -0.18186509504032766 -0.0007316537165141265 -0.002571886914032069 0.99999642503358 15.882320403128144
0.9999990358921287 -0.0009027621547735322 0.0010551010582737193 0.010866691639704953 0.000897493162924326 0.9999871783623642 0.004983734978417149 -0.20067628483590189 -0.0010595867429156276 -0.004982783324228366 0.9999870244887701 17.214781189797513
0.9999803011873964 -0.006178716435570206 0.001104857250490077 0.01416435384059965 0.006171167726683448 0.9999584434807716 0.00671028994123567 -0.23500051864806065 -0.0011462724062160274 -0.0067033396235430115 0.9999768753814242 18.57595689979077
0.9999726007214049 -0.00733103773931571 0.0010264999108011452 0.016735507864785566 0.007324719712539188 0.9999549958487565 0.006029489890411133 -0.2545545679269848 -0.0010706562170567366 -0.006021805974811567 0.9999812955990935 19.911018049969897
0.9999680884840274 -0.0079372824313421 0.0009064057370646037 0.014462839253374445 0.007933375074566458 0.999959555825932 0.004236538991132177 -0.2510566488537147 -0.0009399957601797769 -0.004229213016585091 0.9999906150383532 21.29199767587995
0.9999812799809165 -0.0059644136534863085 0.0013658209380558704 -0.00013891836411956265 0.005960189241708115 0.9999775048115003 0.003076687698900465 -0.29809950779307687 -0.0013841409658367154 -0.003068489606774048 0.9999943342459272 22.635990491766805
0.9999904369325158 -0.0038598147203115895 0.0020561814000501963 -0.00505881992643973 0.003850612673203503 0.9999826371034065 0.0044607474130302005 -0.29429733463276075 -0.0020733635286478 -0.00445278727956499 0.9999879368508835 23.996299520732958
0.9999874970870753 -0.0040049048680868594 0.0029943974070539 -0.005624273467352385 0.003979023751645874 0.999955104086072 0.008599835706551193 -0.2989830510091701 -0.003028704743446484 -0.008587813568881589 0.9999585373426202 25.378196863948038
0.9999847346856683 -0.004754315180908681 0.002815473798487235 -0.0015742186624836466 0.004726220549149427 0.9999397975927425 0.00990272791015421 -0.32301032414699266 -0.002862385223379426 -0.009889270380722915 0.9999470031365147 26.760035609085083
0.9999480257449856 -0.009731064606263677 0.003041743564823572 -0.0018210842732749033 0.009701440451492634 0.9999067896140097 0.009606983101239657 -0.359019720030253 -0.0031349464724399322 -0.009576974670147276 0.9999492255439099 28.127781257809147
0.9999537793188492 -0.0091939876442221 0.0028124420482041183 -0.014093728465401266 0.009174062359947785 0.9999332926660707 0.0070176054683651 -0.36849450929926475 -0.0028767744524494775 -0.006991479719548301 0.9999714212807537 29.488865874846084
0.9999515983188069 -0.009244303647637722 0.0033680682065087572 -0.013602027249324411 0.009226238559835708 0.9999431764995996 0.005340438485748665 -0.4069733448350904 -0.0034172457398768978 -0.00530910549357319 0.9999800677150565 30.88033509125452
0.9999620623765939 -0.0078054282380596324 0.0038664080210999677 -0.030844711783935476 0.007790684912334037 0.999962379326497 0.003813810533440427 -0.37543168905035673 -0.0038960313142815837 -0.0037835439453251774 0.9999852527569085 32.26832721553108
0.9999664814801634 -0.006776758440891749 0.004594722464315477 -0.024117358357081953 0.006767293396967579 0.9999749539151801 0.0020725042878859228 -0.41908021142125707 -0.0046086526327675905 -0.002041341016912402 0.9999872965407332 33.6457873217272
0.9999678130114213 -0.006383992701862575 0.0048597933634745 -0.03545574074919769 0.006372051751961833 0.9999766509468273 0.0024687060311481407 -0.4317585093135977 -0.004875440502773277 -0.002437659755310275 0.9999851438345431 35.0375377849604
0.9999713742247683 -0.006303454356592728 0.004185356235490634 -0.029796372188551905 0.00628874402845986 0.9999740348203484 0.0035187178487809563 -0.46343488486114404 -0.004207427991601926 -0.0034922965493045686 0.9999850505933822 36.434302797231965
0.9999763242243603 -0.005584512295964654 0.004020475719855129 -0.04782912519610315 0.0055660856284454035 0.9999740208575654 0.0045799882844499 -0.4574046668898458 -0.00404594861006022 -0.004557501619810196 0.9999814295650761 37.83716364034698
0.9999829356779988 -0.004610755563585376 0.0035873801691773703 -0.04625917015171732 0.004593189676634801 0.999977497011203 0.00488958818288916 -0.45414506990518416 -0.003609844439105672 -0.004873027317400942 0.9999816111432055 39.23235371908778
0.9999908594814907 -0.0012365796835322098 0.004092900062463227 -0.061821308163336045 0.0012138409918326844 0.9999838425244387 0.005553492313599596 -0.5044998424987294 -0.0040997016091699765 -0.005548473527003915 0.9999762031592042 40.632202847256075
0.9999892828015765 0.002182408794470885 0.004083059493042617 -0.06952248991057766 -0.0022054153760595174 0.9999816709048762 0.005638616834610791 -0.5233810536708527 -0.004070679226856915 -0.005647561356291898 0.9999757670153214 42.05313520963901
0.9999909829263469 0.0017643880432341467 0.003862771338132137 -0.07690686651053394 -0.001786086963301737 0.999982605877116 0.005621195450089219 -0.5239902532081545 -0.0038527864997150696 -0.005628044118026907 0.999976740305642 43.437754503836814
0.9999917824791598 0.0020311865227770976 0.0035084549619785184 -0.08650938117677687 -0.0020514903757427863 0.9999811148611919 0.005793212438276804 -0.5480776536927592 -0.0034966219002137283 -0.0058003625070534555 0.9999770644505638 44.8702177905393
0.9999953953146072 0.0018459205950524743 0.002408718894236746 -0.07467673425778504 -0.0018579778285250786 0.9999857087030312 0.0050130140779490245 -0.5780996052217668 -0.0023994310434119507 -0.005017466439249948 0.9999845337599805 46.27569532445532
0.9999986114524759 0.0008841573284073543 0.0014125719250848911 -0.08092350923435498 -0.0008917044057039332 0.9999852852570887 0.005351087063359719 -0.5856430025192931 -0.0014078200512976594 -0.005352339334753823 0.9999846851355454 47.70933625361452
0.9999986432408405 0.0015763224402699071 0.0004782489192394026 -0.08449506784746967 -0.0015791367717425753 0.9999810976606713 0.005942276468940944 -0.613810150837182 -0.000468872970378377 -0.005943023745117437 0.9999822301559651 49.1003012069055
0.9999975587262931 0.0021423433585044437 -0.0005412039827440026 -0.09124379582312947 -0.0021390471549973976 0.9999795941119148 0.006019621189827853 -0.6294249804953546 0.0005540890860387428 -0.0060184489541579185 0.9999817354631423 50.53063040954997
0.9999968709797106 0.0018881512981339813 -0.001641008659202255 -0.10231848570605026 -0.0018781791183131516 0.999979890131274 0.006057373851036594 -0.6347965754878265 0.0016524130414629508 -0.006054272911311903 0.9999803074635887 51.98198992666594
0.9999925254171639 0.002898465092527059 -0.002558906051080127 -0.1160541685623046 -0.002880241593667846 0.9999706689781647 0.007096858105256641 -0.6628776456263383 0.0025794012147741033 -0.007089434935608445 0.9999715428991753 53.394494156647625
0.9999914182078765 0.0022650403585043038 -0.003468874807141124 -0.13110426106788448 -0.0022378759730048775 0.9999669591244854 0.00781489425002929 -0.6836368532495642 0.003486461544168617 -0.007807064431092376 0.9999634465016887 54.849867488385414
0.9999908937864047 -0.0018910142855123324 -0.003825755479578719 -0.13688658771012308 0.0019244563194132681 0.9999598089316284 0.008756539484046741 -0.6902314141404098 0.003809043306250967 -0.008763822418820092 0.9999543422654419 56.23915202886366
0.9999878636444717 -0.00212699699076002 -0.004443921945804461 -0.15182457350213677 0.0021668612038267115 0.999957286369106 0.008984995484678614 -0.7178832422259915 0.004424621452757332 -0.008994515980886237 0.9999497594472299 57.6763345605694
0.9999886251720734 -0.0022324830782929853 -0.004214918875260989 -0.17360740386073528 0.002271286327964528 0.9999548794436067 0.009223899884813206 -0.744329978514774 0.004194136857442094 -0.009233368435843568 0.999948575744897 59.12324693499938
0.9999897118717077 -0.0019502055187135218 -0.0040954663240687144 -0.17415842689752087 0.0019896891935011485 0.9999513717305649 0.009658949475957612 -0.7631171748571806 0.004076430584513606 -0.009666999000890098 0.9999449644129742 60.53189139536133
0.9999816407560367 -0.005025724200776615 -0.0033852987328482926 -0.19801777754315686 0.0050634103909997594 0.9999242654754752 0.011217182269021183 -0.7818441943033373 0.0033286681752088816 -0.011234117707097462 0.9999313549327379 61.981400767546354
0.9999678487821498 -0.007385692189874983 -0.003122972262464824 -0.20313359198058178 0.0074175705782331455 0.9999192121694285 0.010322246330289366 -0.7884001262218281 0.0030464832965589146 -0.010345079525393189 0.9999418474482124 63.39433959354642
0.99996912449488 -0.00739951232850776 -0.0026452368690641093 -0.21305592398117157 0.0074240763196181045 0.9999282593237591 0.009399961975602777 -0.8052018297984761 0.0025754921892596296 -0.009419310369511357 0.9999523205831917 64.7953555447116
0.9999652271436879 -0.00809339721578049 -0.0020103309392650063 -0.21601507403392578 0.008111568225903266 0.9999247680902026 0.00920111998274382 -0.8123961551554533 0.001935711551002848 -0.009217107147137771 0.9999556479978792 66.25471204588513
0.9999769458128346 -0.006640175749640485 -0.0014198290225358996 -0.2258519499055518 0.006652643096618614 0.9999376930881333 0.008963942812707883 -0.8276582882161014 0.0013602185243747887 -0.00897318194492018 0.999958815060104 67.6251782121821
0.9999904829409475 -0.004320323341100026 -0.0006073208536800307 -0.25650103798430873 0.0043262657977022004 0.9999391345066228 0.01014941856618345 -0.8414198682208125 0.0005634351750024285 -0.01015194960224758 0.9999483088962042 69.09660116040783
0.999999286880343 -0.0011720186342009456 0.00022937587416208558 -0.2647827926715711 0.0011694166252218564 0.9999384468617876 0.011033356094511207 -0.8561117208178106 -0.000242293065762358 -0.011033080206810774 0.9999391043652306 70.44451459882096
0.9999951586729604 0.002858896836704714 0.0012285504011621184 -0.2797519219262309 -0.0028734996020185963 0.9999232267808312 0.012053362390394349 -0.8825361810909277 -0.0011939968531209757 -0.012056834514066897 0.9999266008641722 71.90451736115277
0.9999796454094986 0.006121536383775503 0.0017987632095656542 -0.28898720874116024 -0.006142624480122552 0.9999095897974218 0.011961622111591547 -0.8874132214102916 -0.00172537721457536 -0.01197242800385258 0.9999268393453484 73.25673561857634
0.9999589126168842 0.008793482579439845 0.0022017551683336982 -0.29616450445512466 -0.008817954925780375 0.9998965546270774 0.01136326233886596 -0.8929195468638169 -0.002101604926482406 -0.011382210659348456 0.999933012025529 74.659577429851
0.9999510297511655 0.009401858993712183 0.0030891956780326334 -0.31648245962390387 -0.009436646220348318 0.9998899628757641 0.011446041466291662 -0.9030892229982233 -0.0029812419271768144 -0.011474632828447398 0.9999297200295126 76.11323624235533
0.9999421850093217 0.010147565278491094 0.0035571813122284926 -0.3216054668962515 -0.010188720893178991 0.9998790690612799 0.01174892499443813 -0.9102076307502223 -0.0034375284372307317 -0.011784489095248466 0.999924651768825 77.47470280271133
0.9999483142052381 0.009504853925127779 0.0036092454977291813 -0.31854820834443465 -0.009548322025330265 0.9998797012921808 0.012223440883434519 -0.9418215120471347 -0.0034926295759485004 -0.012257271589482192 0.9999187771174504 78.90558930744285
0.9999565637241489 0.008766671262399661 0.0031648261749692135 -0.3226695904142072 -0.008800468006979489 0.9999026531756748 0.010827555149932708 -0.9423133353776115 -0.0030695967237987687 -0.010854937010923795 0.9999363719348711 80.26063762323565
0.999958092956399 0.008647140516802095 0.0030065390072894606 -0.33242740520403846 -0.008679581258959571 0.9999023801333001 0.01094966154494962 -0.9716529743018982 -0.0029115624850844747 -0.010975298397200073 0.9999355307363825 81.66501836561672
0.9999552628069186 0.009088556323066188 0.002621166151689675 -0.3419904888326396 -0.009117773835907856 0.9998939168899216 0.01135874917392863 -0.9761660637247114 -0.0025176536627387466 -0.011382140444780881 0.9999320518413513 83.04457702696622
0.9999626504120133 0.008304243921555283 0.0023952659705335196 -0.3555589914419516 -0.008328746256725986 0.9999111549458336 0.010407411544447416 -0.9775356810664062 -0.0023086276661317276 -0.010426972604393132 0.9999429726144556 84.39972865228584
0.9999582652695898 0.009002872064241588 0.0015543474186712467 -0.36322645102529244 -0.009018677129541427 0.9999044184139628 0.010479385253436642 -0.9873652043369886 -0.0014598544023820253 -0.010492966269154119 0.9999438816681192 85.79197715290145
0.9999639635954629 0.008476470417410318 0.00047004464092683025 -0.37305582585399266 -0.008481279616494447 0.9998990420227661 0.01140059964364003 -1.0075546462012754 -0.0003733603634174989 -0.011404175618011457 0.9999349005730571 87.15472565193434
0.999969349582777 0.007796460784472367 -0.0007176882786597992 -0.37436395213384066 -0.007787017204372128 0.9998935915737471 0.012335635557185956 -1.0193557690922166 0.0008137862876964874 -0.012329669063482483 0.9999236555950873 88.54366183755754
0.9999749811840238 0.006830558210052903 -0.0018386036307719207 -0.37352040021563326 -0.006806622775669917 0.9998958757088148 0.012724293140622078 -1.0326019181837256 0.0019253263849965286 -0.012711460369860683 0.9999173525355879 89.87718838464215
0.999982060062045 0.005390852372925009 -0.002611177805560075 -0.3858209593343434 -0.0053551196964731875 0.999894482422133 0.013503581741709285 -1.0505808663737572 0.002683698333428573 -0.013489356590775079 0.9999054130427573 91.25216305007632
0.9999843199230406 0.004734729564413206 -0.0029903560850047827 -0.3972127910870176 -0.004694792397606343 0.9999015357418619 0.013224135100252216 -1.0714238182541276 0.003052674613583858 -0.013209888910253478 0.9999080857876054 92.63376582677617
0.999985523833759 0.004333957893188167 -0.0031888740789578584 -0.40705444233355803 -0.004292204573682597 0.9999064674995395 0.012985886011576193 -1.0825500898502856 0.003244856383196627 -0.012972010987457188 0.9999105949278609 93.98073679347313
0.9999877498759366 0.0034598846608803607 -0.0035396727688710846 -0.42633443567885954 -0.0034152856345172613 0.9999156737630897 0.012529213399195908 -1.0841023864123989 0.003582724227507818 -0.012516971173487986 0.9999152411735573 95.37219738734046
0.9999893763623988 0.003194320906340981 -0.0033231708363532847 -0.4344247197207491 -0.0031537307848248835 0.9999212284609583 0.012148697725795297 -1.0958989066897549 0.0033617161979060985 -0.01213808852068174 0.9999206796951351 96.73134494091698
0.9999831325254571 0.004953924011801777 -0.0030320432696749463 -0.44724434183133094 -0.0049185204124255226 0.999920913759576 0.01157473059934279 -1.115443706491461 0.0030891440827081795 -0.011559622430298629 0.9999284136016412 98.05470862089392
0.9999744171105204 0.006594990816698338 -0.002769693514544545 -0.47358290760216515 -0.006561685824602753 0.9999080594681097 0.011866629632244134 -1.1175976922247697 0.0028476994307139025 -0.011848152431787136 0.9999257531943924 99.40534330717145
0.9999751907428212 0.00656821601034264 -0.0025448810135203148 -0.4742383239421454 -0.00653508425410671 0.9998965189858877 0.012815771611626624 -1.1270608948090648 0.0026287946550181615 -0.012798822909441744 0.9999146361467139 100.7838824399415
0.9999733863792167 0.006804542342500532 -0.0026314859118861723 -0.49691123467055603 -0.0067656097739009075 0.9998715260358118 0.014531275061218901 -1.1441683746611684 0.002730026752903079 -0.014513085018049444 0.999890952718432 102.06529267245419
0.9999733363610327 0.0068775944491095845 -0.0024546370516415885 -0.504357812947225 -0.006844501163873983 0.9998888544864024 0.0132450551707312 -1.150218531241069 0.0025454585730307067 -0.013227901511260364 0.9999092675198069 103.45918051842393
0.999975289407561 0.006742774516202525 -0.001988856151488063 -0.5071636963691668 -0.006720451587448344 0.9999166379260126 0.011025095875535601 -1.1607302457094695 0.0020630302746428185 -0.011011457651278492 0.9999372438877917 104.76063948853987
0.9999814130927445 0.005566107853245787 -0.0024883522672650205 -0.529563353935425 -0.005542149595305006 0.9999391948474544 0.00953368730014562 -1.1701137297085715 0.0025412667164843978 -0.009519719471833256 0.9999514572779028 106.06400842271235
0.9999887016757473 0.004327769671827601 -0.001966448302751031 -0.5353950278120875 -0.004305803305252525 0.9999297767409291 0.011040907977775948 -1.189872493064189 0.002014092897892324 -0.011032316316811562 0.9999371137395773 107.42505942438564
0.9999983763177043 0.0008691874588569086 -0.0015785661295692453 -0.5440102436890445 -0.0008489104846555011 0.9999177063773246 0.012800774216906874 -1.1938396715932913 0.0015895626406833615 -0.012799413625408748 0.9999168206951493 108.76142025615296
0.9999993897199798 -0.0007892814928919262 -0.0007730423032842678 -0.5611059782203415 0.0008003211393320248 0.9998961951188614 0.014386051078459158 -1.2254834040933995 0.0007616074898920068 -0.014386661264607595 0.9998962165839734 110.10432245951905
0.9999997609362548 -0.0006914612022040981 3.1524964065803105e-06 -0.5645348177392608 0.0006913559331637401 0.999908898533757 0.013480231952758989 -1.215674509050067 -1.2473256708805079e-05 -0.013480226815777744 0.9999091375394047 111.41433188626623
0.9999990762745689 0.0007757720998146462 0.001116077040369441 -0.5586079145645977 -0.0007873843101292985 0.9999451717862952 0.01044190810982165 -1.238338186626915 -0.0011079153921031391 -0.010442777451431557 0.9999448589419979 112.7554736341198
0.9999898589343124 0.0039841081338271534 0.0020997395649715255 -0.563566195325113 -0.004002649938660005 0.9999523703778163 0.00890144785909741 -1.2508255551827538 -0.0020641753918347484 -0.008909762288349842 0.9999581767833365 114.10203250949044
0.9999712978487956 0.006742723280309121 0.0034553077604861223 -0.5821512850061332 -0.006770802076852054 0.9999436209091539 0.008179929939010218 -1.25692553579826 -0.0033999582304589295 -0.008203090526461633 0.9999605740167988 115.40185849354677
0.999961448586788 0.0071345368141357505 0.005118565753113695 -0.5942238116620346 -0.007186509330169272 0.9999220710335378 0.010208131814610815 -1.2809346097318697 -0.005045336994880653 -0.010244523100518065 0.9999347950335788 116.77241165239671
0.999955186455056 0.007693922791875295 0.00551621457328325 -0.6139514411512759 -0.007762619920398521 0.9998912108546839 0.012542256540130947 -1.2758103782009893 -0.005419115763838739 -0.012584515003803268 0.9999061271766225 118.06788184065819
0.999949097134057 0.007746886315888979 0.006464432152658 -0.604785414693533 -0.007831568018535427 0.999882487099211 0.013178715643962524 -1.2897968571824328 -0.00636157901401267 -0.01322867171115862 0.9998922604740903 119.44020280686009
0.9999445412353675 0.007300510622853457 0.007590585593179111 -0.6108389178862685 -0.007396805832182668 0.9998915303668093 0.012736356414669633 -1.3026174516087659 -0.0074967809635124606 -0.012791796411472416 0.9998900780674949 120.76121736320083
0.9999179248874729 0.009237608968655832 0.008877502781245663 -0.6091478890465357 -0.009348906029414458 0.9998771849494285 0.012578274505619966 -1.3077474135511984 -0.008760220039575245 -0.012660237331074754 0.9998814814433461 122.07647297144044
0.9998908941880618 0.010808783596529557 0.010068261947116656 -0.6050471200194342 -0.010929855821759742 0.9998676750144285 0.012048681828033685 -1.3089979738313415 -0.009936698900583865 -0.012157412138085626 0.9998767220725528 123.43285232513595
0.9998604300194619 0.01230416964325351 0.011301675422016797 -0.6075332267848249 -0.012435771512934252 0.9998548171648347 0.011648871402008702 -1.3185922837722182 -0.0111567058569269 -0.011787790855190562 0.9998682792741906 124.77365530158725
0.9998398847112892 0.012937525107520866 0.012362255405045834 -0.5987609369919296 -0.013071843998887469 0.9998557259176594 0.010846855419045261 -1.3312804702228365 -0.012220141412277185 -0.011006716362687135 0.9998647510220277 126.11321013813902
0.9998391618464249 0.01206346190532218 0.013271145446025862 -0.5922471277550123 -0.01220145543677233 0.999871820910661 0.010366593452697654 -1.3424344694149175 -0.013144388460533101 -0.010526853604721461 0.9998581951472122 127.45007404436042
0.9998197989622295 0.012509661062002592 0.014278583870641504 -0.5909729173692467 -0.0126666551116138 0.9998597286697068 0.010958049998653683 -1.3477855485854047 -0.014139500689983774 -0.01113693746161846 0.9998380084509463 128.76944783606166
0.9998054618564429 0.012654885700258533 0.015129186454051521 -0.580151793705776 -0.012832308223708825 0.9998493484818642 0.011688123591667382 -1.3754301800277597 -0.014978996608076747 -0.011879992421202024 0.9998172310181562 130.1296049832908
0.9998259430519143 0.010483015567930305 0.01543340416922604 -0.5592180492808972 -0.010665131048311273 0.9998739071449374 0.011765407373126006 -1.3683423156491448 -0.015308122463259521 -0.011927959030872218 0.9998116748570669 131.45262897187692
0.999833534506181 0.009770833289442449 0.015408895973660824 -0.5453366992254818 -0.009957052668162932 0.9998777584861478 0.012055090411578814 -1.3937069396033457 -0.01528922537101027 -0.012206511079388424 0.9998086020211332 132.80099191797976
0.999836313063906 0.00963363517978444 0.015314703193787233 -0.5392960908086546 -0.009831520281384867 0.999868471615958 0.012898864072887406 -1.4099214890758636 -0.015188427198531137 -0.013047319764570367 0.9997995194673948 134.12232409763706
0.9998651361970367 0.00745118264228668 0.014635206984563854 -0.5127860635192018 -0.007641465297988216 0.9998864395558512 0.012989072769414951 -1.4175827795957667 -0.01453676226877266 -0.013099155692015209 0.9998085290010994 135.45380797817634
0.9998762690190764 0.00791256257058404 0.013595513756575086 -0.5041132301405089 -0.00808216720253422 0.9998896365838738 0.012465682410642281 -1.428091166445476 -0.01349537894799076 -0.012574021477815897 0.9998298698929703 136.79599640391183
0.9998985462586101 0.006603705219495139 0.012620945272468317 -0.501116891175784 -0.006776839002012219 0.9998828458268767 0.013724761658474268 -1.451250528014937 -0.012528833443923568 -0.013808899611243878 0.9998261562009103 138.14743527445566
0.9999162624923753 0.005933881249977168 0.011500306564353139 -0.48063237590545616 -0.0060951180401024995 0.999882910209537 0.01403621791651925 -1.4665456633923273 -0.011415671699263224 -0.014105138557878738 0.9998353501977303 139.48672269016706
0.9999356807696862 0.004820667710362728 0.010266230269411857 -0.4859511945924719 -0.004964901536010119 0.9998886794449912 0.014070482374688276 -1.4719498857515083 -0.010197259157569362 -0.014120548468226034 0.9998483015014868 140.8580686762544
0.9999451530830656 0.005334340417442204 0.009013081293273236 -0.4820524994532694 -0.005456187601579574 0.9998933240402309 0.013548821420352266 -1.4722724670043128 -0.00893984653331638 -0.013597255636477835 0.9998675881242809 142.18761652817304
0.9999536315745032 0.005311478046338306 0.00803261466115494 -0.47354116881608793 -0.0054175574532237675 0.9998976384712447 0.013242456578445198 -1.4860619944938074 -0.007961456075460503 -0.013285359957446409 0.9998800500191148 143.53279423228537
0.9999682807079229 0.0032333341858735458 0.007278951078856943 -0.4512845428864427 -0.0033151271915386376 0.9999311874379201 0.01125301393978803 -1.4923741810446485 -0.007242066044022893 -0.01127678786964151 0.9999101892330119 144.89119068602034
0.9999816403495319 0.00017901222022081824 0.006056973201621155 -0.4663568677293369 -0.00024031175799780775 0.9999487497076257 0.010121274891011636 -1.5260810064546968 -0.006054851451585689 -0.010122544824540725 0.9999304340089309 146.19412911275927
0.9999563074296953 -0.007829812390742394 0.0051065921988354725 -0.4478781918925405 0.007762459653112423 0.9998843411728532 0.01307855052187383 -1.5366790172595646 -0.0052084046023598805 -0.013038339617226205 0.9999014322526212 147.6043242239444
0.9998836224962628 -0.014847357772000701 0.003506771329134093 -0.43763575566778934 0.014794697766367501 0.999784048481964 0.014593604876368314 -1.5469496394979367 -0.003722690811087963 -0.014540025159300633 0.9998873582774243 148.93382241687092
0.9998617823114638 -0.0164117506905981 0.002659083478429392 -0.39980986565549426 0.01637957462461638 0.9997973703175363 0.011701616469621565 -1.564664926650412 -0.002850588911620115 -0.011656444657841169 0.9999279981285233 150.21451581997567
0.9998605824170452 -0.01652603575568868 0.0023886990652550654 -0.4414260412744183 0.016505346649355317 0.9998281859595535 0.008436354738804826 -1.5721702576652565 -0.002527708358865877 -0.008395752407281791 0.9999615602767572 151.6314390335557
0.9999096171107883 -0.012934958719911883 0.003666669737400519 -0.43179857734739835 0.012912662496022638 0.9998983806279002 0.006040823895914895 -1.5884649394695036 -0.0037444352510878545 -0.005992931545167902 0.9999750316748303 152.948899643115
0.9999043470042984 -0.013056707887666953 0.004562810151588059 -0.43667383761358614 0.013027199844533864 0.9998944150920177 0.006438223376153668 -1.6088493172163412 -0.004646390776173823 -0.006378167013042221 0.9999688645326082 154.3110399769277
0.9998547420730277 -0.01630025204051862 0.0049796136739616095 -0.43856430474101193 0.016261532703660785 0.9998379708382416 0.007719754713965627 -1.572349652661768 -0.005104641202851491 -0.007637657341698245 0.9999578035222412 155.63118679564738
0.9996106531831568 -0.027414623835917543 0.005194270330624138 -0.4341478286991516 0.027357750242336894 0.9995682097158092 0.010721363156710738 -1.577051657186658 -0.005485950086021149 -0.010575085460699159 0.9999290334402908 156.96653711950196
0.9995212179464494 -0.030512030610332586 0.005133308663973821 -0.4189730735605809 0.030449418747654743 0.9994659088283632 0.01186296735857397 -1.58565828119834 -0.005492530684591286 -0.0117009815204529 0.9999164560784322 158.2940792473993
0.9994911626205895 -0.031505984523696025 0.004978832695579318 -0.4113067306888488 0.031445103779359225 0.9994350313980724 0.011866906579096606 -1.5967552312170386 -0.005349898826592156 -0.011704308544883801 0.9999171904425076 159.63933848448985
0.9995292669291491 -0.030082240036725258 0.006025228869159248 -0.41095631075231587 0.0300101456799962 0.9994808979057713 0.011718612696461515 -1.6031579880668065 -0.006374623807268994 -0.011532278560909331 0.9999131815914032 161.0276488124549
0.9995675521652254 -0.028480802479109512 0.007317960715890937 -0.4214145744114464 0.028397827788295315 0.9995339199746953 0.011202954944392397 -1.6088576391762546 -0.007633619741507048 -0.0109902962512351 0.9999104666093447 162.361714545249
0.9996232847468959 -0.026150138933261527 0.008334196466724484 -0.42008731300459135 0.026064728061879344 0.9996082448050203 0.01019739513235853 -1.638471561011745 -0.008597595517896258 -0.00997632522318379 0.999913273380549 163.69948593554983
0.9996365544639365 -0.02545347635609586 0.008881414709779165 -0.4288043530972053 0.025369469437040902 0.999633507337338 0.0094467468844198 -1.6291721348318187 -0.009118613046085968 -0.00921799688219142 0.999915936179359 165.05712989374192
0.9996178919738015 -0.02607377914988833 0.009177586394269455 -0.4270270091208615 0.02597833603423113 0.9996087207001935 0.010369742300334826 -1.6325436558532909 -0.00944437455318187 -0.010127361687217352 0.9999041155685213 166.40759797119364
0.9996061695154277 -0.026594519945957882 0.008957532022592255 -0.41149372239068716 0.026501448343699115 0.999595154948419 0.010353716175249047 -1.636824272100953 -0.009229258491113768 -0.010112251165465084 0.9999062771882011 167.7299777140837
0.9996552906937279 -0.02483958266186883 0.008502642447368872 -0.4109901311789289 0.024767086630044843 0.9996568720467498 0.008528164325285853 -1.6441169214492988 -0.008711561723330211 -0.008314639043389346 0.9999274851034756 169.12206336225063
0.999741265830783 -0.021335156286872797 0.007887490940495075 -0.40923543542396645 0.02128569058916594 0.999753563968687 0.00630322943787759 -1.6700051444723631 -0.00802002823486848 -0.006133707983406856 0.9999490270849469 170.54310355446043
0.999838179532181 -0.016299258363249018 0.007612420289501777 -0.4077606481087095 0.016263733323301457 0.999856663493765 0.004705681164674258 -1.677702370505303 -0.007688028909632102 -0.004581113387177362 0.9999599530010272 171.85614468058046
0.9998619903283025 -0.014522209307376426 0.008068813443847477 -0.4175697305336872 0.014478359163826969 0.9998802388012212 0.005466732072448632 -1.6797003866075912 -0.008147236823566962 -0.0053491545191705885 0.9999525034082476 173.2136312413701
0.999925724760997 -0.008263377514905416 0.008958882140558271 -0.41813070924744655 0.008194305469888983 0.9999366297808403 0.007719440996338157 -1.7138644464313024 -0.00902210382505224 -0.007645455953104997 0.999930071875517 174.63943604411327
0.999930224219384 -0.007639958397361084 0.009009869247337153 -0.4152316645964636 0.007548792087408426 0.9999204035422778 0.010109515617178216 -1.7243153679475922 -0.009086389131602219 -0.010040796772807635 0.9999083057605712 175.99437816793522
0.9999163581197902 -0.010118135695147423 0.008056060526292952 -0.4225901454752576 0.010027053919144395 0.9998862464682762 0.011267311109170891 -1.731736208710318 -0.00816914898426683 -0.01118559034288247 0.9999040691838964 177.41521096603668
0.999915261471842 -0.011250358460229381 0.006549757761466326 -0.4079880212626713 0.011177514029485445 0.9998764266980589 0.01105416210465128 -1.7391364564520129 -0.006673312226684426 -0.010980015584326847 0.9999174496722112 178.80766985618556
0.9998954044062923 -0.013738916476356666 0.004519119002745473 -0.3975752117737025 0.013706697948114646 0.9998809581126179 0.007084915188176496 -1.7428296886461192 -0.004615920479691643 -0.007022232062240078 0.999964690142402 180.14618571815143
0.9999203093125195 -0.012320805569294952 0.002751869958918891 -0.4263349184335017 0.012310131409945867 0.9999167655161271 0.003862990225112161 -1.7803214511567114 -0.0027992362924812407 -0.003828806563706359 0.9999887521935642 181.56440194080912
0.9999614153026403 -0.008457887788080843 0.0023731945547204787 -0.4497239757119089 0.008450374041181838 0.9999593061196089 0.0031586822642572926 -1.7963909469535007 -0.002399813960029657 -0.003138506059230852 0.9999921953045892 182.95970074329762
0.9999841022426647 -0.005274078162770706 0.001994836074886801 -0.46770012751342477 0.005265708863047386 0.9999774085097145 0.004177890941279029 -1.801322606110553 -0.002016825698633996 -0.0041673203726408144 0.9999892828691517 184.28905153631092
0.9999936471518746 -0.002469669104981748 0.002570291307664887 -0.45049669908973444 0.0024526688929827293 0.9999752353264226 0.006596449335888596 -1.8152857762459418 -0.002586518915434633 -0.006590103482004391 0.9999749399131559 185.7362380587666
0.9999961563628541 -0.00039995020183014075 0.0027435931840491456 -0.46758069155125576 0.00037559999856859316 0.9999605894463923 0.008870088799923815 -1.83205763174797 -0.0027470328762624952 -0.008869024385188232 0.9999568961790163 187.10929851616132
0.999991719719615 -0.002888481986006105 0.002866560984857717 -0.46070159880539446 0.0028612057529968423 0.9999510243918937 0.009474297446658602 -1.8381736605611234 -0.0028937871674782098 -0.009466017358043399 0.9999510090551854 188.55701441377064
0.9999898455277771 -0.0036937879747925614 0.002581623568278497 -0.46139715101991885 0.0036674918354739384 0.9999420906031717 0.0101175558002235 -1.8534869709599073 -0.0026188463868383753 -0.01010798517269089 0.9999454836536122 189.96234801983675
0.9999713866373293 -0.007047137851037603 0.0027502302723269095 -0.465585430124674 0.007017357181097108 0.9999182151348602 0.010692040399131287 -1.8606650249916956 -0.0028253538573476686 -0.010672435318406986 0.999939056392909 191.33041040456268
0.9999556494980713 -0.00887884183644998 0.0031408944354131716 -0.4695902368256518 0.00884452075126551 0.9999028053827667 0.010777487064708128 -1.868559318437355 -0.0032362810245840997 -0.010749229574169968 0.9999369882889092 192.78142878668461
0.9999338693148652 -0.010975052207731463 0.00343587548716537 -0.4704175164774794 0.010934926722566247 0.999874226627517 0.011487309937076797 -1.8848750366991214 -0.003561517462729739 -0.011448979441078108 0.9999281156477214 194.13723923718783
0.9999029848067795 -0.013382470665928826 0.003863996403124099 -0.46124073972754326 0.013334770788672817 0.9998376619674268 0.012117490873235177 -1.8833667596499255 -0.0040255314251648276 -0.012064790010429182 0.9999191146979716 195.59844925359096
0.9998559480109052 -0.016443823826199085 0.004205222868909139 -0.45046919327100704 0.016389696784651242 0.9997863174951163 0.01259750670117006 -1.8957861346847922 -0.00441147582865798 -0.012526769908265702 0.999911805569003 197.0156278715666
0.9998991479986418 -0.013493926281247565 0.004428069601722576 -0.46696780164869256 0.01344753867816966 0.9998560755102185 0.010343691572432971 -1.9325742354733841 -0.004567009682262846 -0.0102831019418316 0.999936698114027 198.43301391436646
0.9999510445923933 -0.008745941129305943 0.004627844736217147 -0.4868357563467289 0.008725370769374737 0.9999520461850493 0.00444670946569898 -1.92732619695578 -0.0046665138627745096 -0.004406112190389239 0.9999794046976036 199.8712687842436
0.9999768649042996 0.001672822908017139 0.006593278638342234 -0.49538684211678136 -0.001701642617464385 0.9999890129832941 0.0043678744348995754 -1.9484808816151142 -0.00658590007058479 -0.004378992869854688 0.999968724679032 201.32172604232832
0.9999412549481655 0.00783930265647448 0.007485450990170452 -0.5248449990689159 -0.007896864263028946 0.9999392391917811 0.007691389599234162 -1.9607598249461466 -0.007424701658873887 -0.007750049511281127 0.9999424036079663 202.76234571921728
0.9999278059708929 0.008219874884902762 0.008764501827017638 -0.4987013668315601 -0.008308469369946715 0.9999142714338856 0.010120233893041487 -1.9657425210473445 -0.008680564128294356 -0.010192323067669793 0.999910378160591 204.19673689474453
0.9999452672696877 0.006442956439502387 0.008243225762298655 -0.49870098699695703 -0.00653011478477257 0.9999225973166679 0.010590419539817458 -1.9751982042535232 -0.008174354785339606 -0.010643669315728202 0.9999099420567839 205.64603541448488
0.9999685797241898 0.0040264634371172375 0.006828407975798175 -0.4908049199564457 -0.0041018881893247015 0.9999303356676031 0.011067896310649137 -2.0002560778874687 -0.006783368364032335 -0.01109555813657317 0.9999154336745588 207.10373995415716
0.9999799502060409 0.0025939249111405164 0.005776741369039858 -0.4846140610101092 -0.0026564339338710895 0.9999377220741674 0.01083952641197724 -2.015597318911876 -0.00574826516514769 -0.010854654824754464 0.9999245641116655 208.53153800611142
0.9999835019764068 0.002475355331624618 0.005183472988473533 -0.4926617616614133 -0.0025273594502705455 0.9999463010438931 0.010050247956374441 -2.011578700407349 -0.005158317134459359 -0.010063182842627548 0.9999360600123578 210.01796731951973
0.9999776611620579 0.004271082567300926 0.005141500565608955 -0.4969347435313756 -0.004322790496108947 0.9999397693281769 0.01008817144231319 -2.032292571881456 -0.005098103899319964 -0.01011017191245572 0.9999358948243731 211.4984554949917
0.9999761255730328 0.004815156677267439 0.004956061570447517 -0.5009770518785989 -0.004866949332043961 0.999933114797457 0.010491841661278693 -2.0289668939700993 -0.004905210628167889 -0.010515712282076609 0.9999326770847788 212.9336633871372
0.999976770197306 0.0051516529122580396 0.004463130412534001 -0.511811552741406 -0.005197571654303812 0.9999330468933466 0.01033861625701481 -2.0497233752416637 -0.004409570994132509 -0.010361573737699446 0.999936594725715 214.37195530700419
0.9999756099542538 0.005581015498994266 0.004199018510705607 -0.5244940646850129 -0.005622395538169817 0.9999351059948762 0.009908202423617781 -2.0663623915239753 -0.004143448530761696 -0.009931569501695745 0.9999420962034907 215.8219499827544
0.999978834227231 0.005213732808936215 0.0038920537220062078 -0.5166797069706018 -0.005249662145307279 0.9999431694157603 0.00927895432838959 -2.07436764752321 -0.003843454863317417 -0.00929919008339063 0.9999493751769498 217.32440309537856
0.9999744433456967 0.006320371397561772 0.0033414895115964835 -0.5162799894745098 -0.0063520626567809295 0.9999341260418774 0.00956006729249089 -2.1010611136560606 -0.003280846488492092 -0.009581048510909561 0.9999487184624465 218.80707775419432
0.9999746879748959 0.006331275231533914 0.003246283202082768 -0.5204747886709148 -0.006359760866156394 0.9999406951357864 0.00884079539606944 -2.0955447180863134 -0.0031901174356038955 -0.00886121737940705 0.9999556500045268 220.27824910462493
0.9999805775232292 0.005416022431347757 0.003084034781361499 -0.5160698648714952 -0.005443361912950735 0.9999453427945878 0.008926435034579013 -2.1147300608607695 -0.0030355206938950724 -0.008943049356510158 0.9999554027461399 221.76353410500852
0.999970438678667 0.007196016879788475 0.0027090770233948085 -0.5267357466853377 -0.007219300587648386 0.9999362227923304 0.008685163164955132 -2.131483497462049 -0.0026464058823440803 -0.00870446423632197 0.9999586135622994 223.26407753759705
