1.0 -3.469446951953614e-18 0.0 -1.7787691892340307e-19 0.0 0.9999999999999999 -3.5405977195229754e-19 0.0 2.168404344971009e-19 -2.354751593366955e-19 1.0 0.0
0.9999999248783489 -0.00029769725439353703 -0.0002482332267114617 -0.006132990704760989 0.000297924535227782 0.9999995361109303 0.0009159794083115252 -0.02401464562712484 0.00024796044872376797 -0.0009160533122992545 0.999999549681134 1.312042013509974
0.9999987177044641 -0.0016000004135301362 -6.775277218447665e-05 -0.012161562688426795 0.0016001156474211194 0.9999972151652515 0.0017347302178682008 -0.03937783467264562 6.497702144895841e-05 -0.00173483643872326 0.9999984930593203 2.6079203625826715
0.9999968755217755 -0.002341747339195701 -0.0008747388967957822 -0.013206887288270857 0.002343123099959094 0.9999960147352476 0.001574891757281413 -0.07184459927286355 0.0008710474872006985 -0.0015769364874788471 0.9999983772733094 3.9446929901357457
0.999993988420733 -0.0034646097159333963 -0.00014002341208760034 -0.01449019423991738 0.0034647739579529106 0.9999932912682375 0.0011885936626508415 -0.09139748867693835 0.000135904472246871 -0.0011890716876921266 0.9999992838191908 5.253570903827633
0.9999927729343566 -0.0037313644314500762 -0.0007286992147300957 -0.017281582520244504 0.003732513698658492 0.9999917829731096 0.0015818730431391861 -0.10831362507577463 0.0007227907448083609 -0.0015845815196033899 0.9999984833370316 6.583386648637878
0.9999876348714756 -0.0049483792642343 -0.0004936116891974926 -0.012912699017422228 0.00494976667465593 0.999983689677424 0.0028495933043194465 -0.13657264653428436 0.00047950281299625726 -0.0028520013842357455 0.999995818074485 7.91501587433871
0.9999859602081876 -0.005296266020853743 -0.00017017427486069794 -0.017966099808159094 0.005296813733976816 0.9999802068952751 0.0033955227122317703 -0.14796653027196577 0.0001521873310085626 -0.003396376484247236 0.9999942207166578 9.227580477791253
0.999989866140295 -0.0043746372622400186 -0.001063094395794351 -0.01845224211361543 0.004377195905088499 0.9999875009182576 0.002416227836654865 -0.17015592351750014 0.0010525110789786488 -0.002420856768598924 0.9999965158314734 10.574535125547069
0.9999984276827903 -0.0016547204066241095 -0.0006376000531835002 -0.02298595087549312 0.0016547343421363016 0.9999986307010373 2.1161015360515952e-05 -0.1844435188481694 0.0006375642185646499 -2.2216040483131962e-05 0.9999997965096432 11.891063464677899
0.9999986615305843 0.0013156035343358276 -0.0009726872867277382 -0.02460211296002955 -0.00131648150657461 0.9999987262321152 -0.000902448310300162 -0.20711347460278906 0.0009714988648387955 0.0009037276432396578 0.9999991197334938 13.244298304235981
0.9999919236241005 0.00394575078033025 -0.0007640214010504783 -0.027991858774203564 -0.003946672613599497 0.9999914816295202 -0.0012084913123073884 -0.21994959438324488 0.0007592465502099716 0.0012114969146558893 0.9999989779099662 14.584956096218495
0.9999886075651896 0.004773305857640927 -1.6785477219323584e-05 -0.02776803982704791 -0.004773314924690596 0.9999884466571307 -0.0005674735302301474 -0.23623796707268413 1.4076558978984646e-05 0.00056754719521329 0.9999998388459785 15.92165226267439
0.9999955694472327 0.0029580976681594416 -0.0003327734818489665 -0.025560398486602035 -0.0029574121097430415 0.9999935406036047 0.002042662402913054 -0.2535944359208412 0.00033881375731992474 -0.002041669247245746 0.9999978583941119 17.28582423593867
0.9999988975988403 -0.001417130868033462 0.0004433328833753369 -0.01755459353908568 0.0014152842925034773 0.999990435377908 0.004138371661905431 -0.27372138996222484 -0.00044919329179286946 -0.004137739737796343 0.9999913386302263 18.627057387789737
0.9999933298387298 -0.0036503220033092063 -0.00012422643591068782 -0.01678108244620976 0.003650593909131526 0.9999907786099812 0.00226182529001221 -0.2971168789254335 0.00011596891163743431 -0.002262263745431492 0.9999974343539804 19.98216246994502
0.9999914516226469 -0.004128029899660853 0.00023676306928602274 -0.01771334569367033 0.0041279787412367465 0.9999914562503366 0.00021728368478221295 -0.3051689793888594 -0.00023765801961179132 -0.00021630447535254997 0.9999999483653538 21.32594373880213
0.9999964828163614 -0.002643762720611866 0.0002118437016112027 -0.01843341009930315 0.0026440097350046866 0.9999958160035068 -0.001173534949532365 -0.3425383484682188 -0.00020874028572190426 0.0011740909641384072 0.9999992889684743 22.69656945773947
0.9999993695675293 1.5683160256690573e-05 0.001122773427727352 -0.02660673453975985 -1.5624067319298246e-05 0.9999999984924242 -5.26409773322516e-05 -0.34143787720379126 -0.0011227743465388866 5.262340379693228e-05 0.9999993683032627 24.06165275140994
0.9999977724183423 0.00020454338994162734 0.002100791008826807 -0.020018183479377966 -0.0002134242327394304 0.9999910391020775 0.004228021413024633 -0.3617458415816076 -0.002099907544059816 -0.00422846043625988 0.9999888551922527 25.44901947603812
0.999996090172728 -0.0016914241039518267 0.0022268204499672995 -0.014011837555691443 0.001679140121114418 0.9999834277435014 0.005506788804155283 -0.37552155799872794 -0.002236098046233575 -0.0055030282353500815 0.9999823581164257 26.814652359481023
0.9999860839014396 -0.004760287352924679 0.0022741321654452806 -0.017682330109002532 0.004748833735924449 0.9999761451726242 0.005015740866794348 -0.4219377297309449 -0.00229795447403187 -0.005004871684833073 0.9999848352163808 28.186495226156282
0.9999844228500994 -0.005204805898100158 0.0020159519282045204 -0.02084299707750325 0.0052005224139820855 0.9999842206019024 0.002124407389669703 -0.42454165463095267 -0.002026977415023994 -0.0021138903302996364 0.9999957114047244 29.56203896949695
0.9999795940760238 -0.005794468581824043 0.002689902631902124 -0.012595068783518716 0.005793911470416423 0.9999831920379634 0.0002149980372943085 -0.46839963275462293 -0.0026911034463464527 -0.00019940858965238222 0.9999963590908587 30.942033782474436
0.999992364533753 -0.0023479146556239124 0.003123808314720467 -0.022797382941178924 0.0023517570160417178 0.999996482004426 -0.001226871782946428 -0.48526094761109584 -0.003120916999523375 0.0012342088819924217 0.9999943682848577 32.32534996296343
0.9999925405060939 -0.0016652813695742022 0.00348507919128017 -0.01479247416607224 0.0016762833897074059 0.9999936138199591 -0.003156325549039733 -0.5186388039525597 -0.0034798010613377073 0.003162144051240306 0.9999889458514308 33.71536714052031
0.9999916615538735 -0.001459062277169661 0.00381417970776889 -0.013807641370722365 0.0014707685491378124 0.9999942117223944 -0.0030681198721576202 -0.5356904957311476 -0.0038096813766239244 0.0030737041291594583 0.9999880192611901 35.11408907488556
0.9999930773561335 -0.0015642142093747792 0.003376163549303991 -0.004238609940296095 0.0015693031751379625 0.9999976358717033 -0.001505169860463874 -0.5779685186565257 -0.0033738014457733115 0.001510457698600536 0.9999931679651568 36.49927376206206
0.9999953049851771 -0.00011774484589273555 0.003062049614407913 -0.004573019045411811 0.00011817406219866156 0.9999999832187692 -0.00013998992531410993 -0.597112360152129 -0.0030620333388033816 0.0001403511282493858 0.9999953021137042 37.9072042341064
0.9999940027040413 0.0018683752946185702 0.00291611559909091 -0.005529042592537406 -0.0018685152650080939 0.9999982533024149 4.523366668965167e-05 -0.6218355601193242 -0.002916026238564743 -5.068220197768215e-05 0.9999957471002318 39.294169980917474
0.9999838253632206 0.004615257271494484 0.0033239144875095144 -0.006969451583962977 -0.004615910980664887 0.9999893287824173 0.00018893378277030573 -0.6519350194667884 -0.0033230073202382103 -0.00020427362507257322 0.9999944579298966 40.69111230653034
0.9999711827514304 0.006833386737016491 0.0033073376600236933 -0.008615996056762332 -0.006834288444653115 0.9999766118507775 0.0002612795516163027 -0.6735519487206657 -0.003305475162846223 -0.0002838753299491531 0.999994496607179 42.11701484357791
0.9999612842164526 0.008315229949940179 0.0028787158168089664 -0.0027141473412845424 -0.00831672146289592 0.9999652872847127 0.000506347358608382 -0.6991200654510924 -0.002874405737059248 -0.0005302692470735255 0.9999957282921543 43.50611794394308
0.9999705560884312 0.007232789125753982 0.00256392391907572 -0.005016053779114862 -0.007233997983210777 0.9999737274178508 0.0004623443740736673 -0.7257791283629276 -0.0025605127352739876 -0.00048087819423986 0.9999966062579391 44.9370772841323
0.9999739100854155 0.007011836421760327 0.0017358819902962574 0.005636207434648002 -0.007011289358670746 0.9999753689989729 -0.0003212966501952545 -0.7546730684444126 -0.0017380922609282609 0.000309117498803682 0.9999984417383956 46.330929975264894
0.9999789509594754 0.006427822586330112 0.0008835852721971156 0.007457447384140836 -0.006427884712283153 0.9999793386964938 6.70177380485027e-05 -0.7783160255626259 -0.0008831363130346061 -7.26959172893135e-05 0.9999996073920628 47.766903983258175
0.9999776017515388 0.006692247429874548 -9.902339328320608e-05 0.008657507249428167 -0.0066921614642686065 0.9999772472359699 0.0008485275265439942 -0.7997101003322818 0.00010469970548876331 -0.0008478458623981306 0.9999996350977611 49.15928707610747
0.9999747976934379 0.007003591449941731 -0.0011634725174192418 0.008167165227193005 -0.007002371761978408 0.9999749323728419 0.0010494903695863146 -0.8227350115931685 0.0011707936530374256 -0.0010413168797468052 0.9999987724509719 50.58980195032221
0.9999722322071852 0.007024112379756077 -0.002489305303515283 0.007711323915898224 -0.007021359287024938 0.9999747303722238 0.0011131689877618251 -0.8399749439981802 0.0024970616352220504 -0.0010956597996111487 0.9999962821017487 52.04681594887207
0.9999659119008902 0.007474489303170064 -0.0035081367825444657 0.002545987415583359 -0.007466904038246483 0.9999697667555019 0.002170468701604495 -0.8642230848456165 0.003524254164368242 -0.002144199844597223 0.9999914909870232 53.44100386555535
0.9999730812824438 0.0060444727274258985 -0.004159451876158274 -0.006783637596247921 -0.0060319637404491495 0.9999772669859082 0.003013459206285375 -0.8839618546603463 0.004177572446340969 -0.002988288491856895 0.999986808927406 54.90117649183984
0.9999776800140979 0.004732527421130512 -0.004716210298458077 -0.009546130584258447 -0.004717284186910445 0.9999836309773865 0.0032380573857565672 -0.9041553961343761 0.004731457696223226 -0.0032157374789527687 0.9999836360412778 56.2981090533449
0.9999831076201638 0.0024620093241442143 -0.005265260639804209 -0.014688268503774665 -0.0024479837815190872 0.9999934429385718 0.00266860621449924 -0.9269729526565575 0.005271796696053748 -0.002655671921254138 0.9999825776368223 57.72308800517325
0.9999839712744226 0.001591237296035909 -0.005433704494585937 -0.017803360843846955 -0.0015755765943060752 0.9999945965055677 0.0028852244672141667 -0.9465469527394061 0.005438266672182998 -0.0028766170654606813 0.9999810749915542 59.18721947292964
0.9999863758748835 0.0006159937313417541 -0.005183493523194804 -0.01518905950316815 -0.0005970470496738239 0.9999931387366298 0.003655956060710973 -0.9690164409845493 0.00518571044505734 -0.003652811538679265 0.9999798824906645 60.58447156005672
0.9999875793875593 -0.0020401835804891525 -0.004547385612277158 -0.029587583438504608 0.0020609511859426867 0.9999874478486341 0.004566905001385332 -0.9789557934604565 0.0045380115955622555 -0.004576220309724638 0.9999792321184422 62.039721475275755
0.9999846082682362 -0.00345008982694312 -0.004345124094993801 -0.026719976652780947 0.0034681732782897833 0.9999853284345087 0.00416109169486982 -1.0026962742547891 0.004330704574705385 -0.004176097374931454 0.9999819024451168 63.430658121657785
0.9999818412183594 -0.004522344072554767 -0.003983169117900867 -0.026549998627400845 0.004534360573261884 0.9999851808965029 0.0030128981010785977 -1.0222595652708957 0.00396948506726719 -0.0030309045750306594 0.9999875283291175 64.85916723475069
0.9999833416589801 -0.004755962274637763 -0.0032706616672869312 -0.030476486862560326 0.004765241951715498 0.9999846268303892 0.00283523636118199 -1.0460776115471817 0.00325712738757757 -0.0028507746802319944 0.9999906320617947 66.31857172614298
0.9999915586951678 -0.0031717959243366435 -0.0026119435208970657 -0.03702672307150018 0.0031789270987119984 0.9999912192813274 0.0027305270047790777 -1.066313388646295 0.0026032601341715532 -0.002738807187278158 0.9999928609629937 67.68622904588615
0.999997451589014 -0.0009870977460565734 -0.0020303821322461874 -0.04286972493188576 0.0009945038920407736 0.9999928447215665 0.00364985826757323 -1.0847593875189097 0.0020267650117394165 -0.0036518682620375396 0.9999912780049649 69.14736335389073
0.9999959700609738 0.0025145598811260363 -0.001317893679123135 -0.0550535901629344 -0.0025079429884174156 0.9999843611930567 0.004998759304384872 -1.1045002135034303 0.0013304428647621263 -0.004995434058943708 0.9999866376925798 70.50985393620013
0.9999816879783169 0.006035087097687184 -0.0004487971409517643 -0.0574779000147088 -0.006032425666448239 0.9999654850830084 0.005713010939078367 -1.1264034695189573 0.00048326021444312765 -0.005710199104466914 0.9999835799091557 71.95768403106379
0.999943670378365 0.010610488380344296 0.0002712607973052695 -0.06739532532158367 -0.010611834112783748 0.9999282210014232 0.005562539420672898 -1.1439419803247324 -0.00021222008067981108 -0.005565104777155009 0.9999844921660016 73.31835053618474
0.9998964811075671 0.014349247043281724 0.0010611987702016375 -0.07705910749056383 -0.014354417710970527 0.9998842881689161 0.005035970664971785 -1.1655992299722575 -0.0009888136701274974 -0.0050506823470233015 0.9999867563398531 74.72341383654745
0.9998722387001054 0.01588645722322681 0.0017682516696212829 -0.08003804709438386 -0.015895211567114577 0.999860902746736 0.0050514798473323816 -1.1846313830498045 -0.0016877557316449746 -0.00507894130899509 0.9999856778147411 76.16457075620886
0.9998613386766867 0.01654417187926218 0.0018957200294796883 -0.0756408877925654 -0.016553891119650235 0.999849292409907 0.005230793393204449 -1.206657638379312 -0.0018088953347289041 -0.005261449742336628 0.9999845224017342 77.52587776181034
0.9998829675418947 0.01516497195435591 0.0020186154660713075 -0.07518041272433951 -0.01517491360363581 0.999872333815222 0.005003809184340931 -1.229490969599655 -0.0019424752921956728 -0.005033856000801593 0.9999854434350585 78.94927190985194
0.9998907033322154 0.014652010262134326 0.0019748291119364584 -0.07539617677849268 -0.014659732154313591 0.9998847239707149 0.003953613539713747 -1.2485228615724209 -0.0019166732349692685 -0.003982131976911154 0.9999902344457382 80.3171347552531
0.9998971640045746 0.014254892550462448 0.0015682537451323683 -0.06446795202560515 -0.014261031235632243 0.9998904060602865 0.003974782024492642 -1.2725314452501093 -0.0015114219087217216 -0.003996738277936041 0.9999908708011664 81.70537538413564
0.9999079296997687 0.013501337369855256 0.001358668791931789 -0.0689671628952373 -0.01350700715124118 0.9998997292139811 0.00425350542573203 -1.2899444977421262 -0.001301104652714072 -0.004271465446772291 0.9999900308046566 83.11325435958229
0.9999077878739221 0.01353965053055603 0.0010457438424410204 -0.0713101575012466 -0.013543338594772903 0.9999017926646111 0.0036031984280709035 -1.311392250843235 -0.0009968551773648616 -0.0036170291132760868 0.9999929616649544 84.46699678041199
0.9999054282274067 0.013750199039538745 0.0002580571652683538 -0.0740393243429933 -0.013751077990229005 0.9998982958494995 0.00378230685312791 -1.3289277586306363 -0.00020602346291651702 -0.0037854978028466174 0.999992813754778 85.86978532880623
0.9999196804444067 0.012652535089638005 -0.0007389070449582088 -0.07990892958598154 -0.01264905572347899 0.9999096972706122 0.004538581644309586 -1.3505943646073117 0.0007962649533223027 -0.004528870730665328 0.9999894275912743 87.23478673897273
0.9999344064026662 0.011292279896936175 -0.0019150135764102502 -0.08459768553033824 -0.011281163844146317 0.9999200065829466 0.005719772947452606 -1.372706121269404 0.0019794498361904423 -0.005697794307611599 0.9999818082961129 88.61661810878125
0.9999538363214795 0.009112946869559964 -0.003046210703783728 -0.09338086382601196 -0.009093517762426256 0.9999386021537172 0.006332446288552896 -1.3929967925931985 0.0031037311864118024 -0.006304453322158718 0.9999753100593357 89.99487678929421
0.9999647996187907 0.0074840196240412655 -0.0037932770514887784 -0.10469574573756205 -0.007459542989608302 0.9999515274621175 0.006426348773160699 -1.4134792761599686 0.0038411884313717445 -0.006397826584952754 0.9999721561599918 91.36414814688935
0.9999726378314604 0.006039928506337542 -0.004271162810939006 -0.11935368558726459 -0.006013826583159962 0.9999633237810452 0.006097949910400607 -1.4305894193228172 0.004307837710912174 -0.006072097152623044 0.9999722857060487 92.73503132786396
0.9999782074582263 0.004850328698826692 -0.004478716577077303 -0.1372658928402578 -0.004823891573949593 0.9999709893537485 0.005894957913491629 -1.4515307124156185 0.004507179515503267 -0.005873224727357084 0.9999725949116064 94.09270878294024
0.9999790324257646 0.004519424595118822 -0.004637832744463944 -0.15687341509880806 -0.004496072276694227 0.9999772249844042 0.005033374016092827 -1.4633011978621147 0.0046604754696964925 -0.005012416553268519 0.999976577555132 95.46840660565735
0.9999791962753872 0.004472238234017477 -0.004648234513628622 -0.1747835349724909 -0.004450998772043771 0.999979652719555 0.004569766326301456 -1.4849660273692498 0.004668577416315428 -0.0045489820689106186 0.9999787553528784 96.80523571888781
0.9999721556116455 0.006035777662949939 -0.0043883218746631645 -0.19672922416137345 -0.006018104637717618 0.9999737724941399 0.004029485283164526 -1.511032910037312 0.004412528232943497 -0.004002963791494945 0.9999822527849005 98.16947285178682
0.9999694767870646 0.006659723501448105 -0.004085774799586134 -0.2210187727253712 -0.0066431313050126384 0.9999696869122716 0.0040612899174537025 -1.5241933235346112 0.0041126983654463265 -0.004034023703315858 0.999983406049088 99.51711255514941
0.9999634627317038 0.0076959406969968214 -0.0037209777186367416 -0.24065672512413286 -0.00767678617743458 0.999957348412177 0.005135009786991497 -1.5470454661604627 0.003760338065256001 -0.005106257127040211 0.9999798927998379 100.86239303265198
0.9999604608582566 0.008096042129907725 -0.0036784232734750387 -0.2619310001585423 -0.008072811682465078 0.9999476501664212 0.006287022653582968 -1.5614772671874735 0.003729131028601831 -0.006257078984287346 0.999973470924552 102.2010826708509
0.9999643674376458 0.007690069663727188 -0.00348233555178725 -0.2768998966515357 -0.007670256888904973 0.9999545211270284 0.005667702506576654 -1.5857291075796343 0.003525762508237594 -0.0056407902634942044 0.9999778750011469 103.544661616196
0.9999637054116396 0.007862099321557538 -0.0032825646905839173 -0.29599637842510157 -0.007852087612071134 0.9999645145482179 0.0030519470212637726 -1.6055377643382445 0.0033064431992713616 -0.003026061334914347 0.9999899551459301 104.87991606747174
0.999966315495927 0.007424149050816768 -0.0034999803323474536 -0.3137157521432795 -0.007417604569026929 0.9999707232922946 0.0018792860438811006 -1.6246483032778063 0.0035138302621188695 -0.001853261316029889 0.9999921091819355 106.19895261880131
0.9999780269136814 0.005701014076922957 -0.0033829145402776923 -0.330241961970392 -0.005691055891914808 0.9999794658691257 0.002946138777926696 -1.6478315072212473 0.003399641343016718 -0.0029268217512571997 0.9999899380293475 107.54956428763505
0.9999930089068638 0.002535381647046503 -0.0027484482735134173 -0.3385902573504512 -0.0025217825090121703 0.9999846173261856 0.004940215311915484 -1.6612982743813736 0.0027609315634225143 -0.004933249887047307 0.9999840200265673 108.88643845506749
0.9999973702911875 0.001362383505406995 -0.0018448079694698754 -0.3541503667372947 -0.0013519568561637836 0.9999831730754916 0.005641434165910591 -1.6874348630768379 0.0018524628849137872 -0.005638925343490327 0.9999823852982425 110.22666497530393
0.9999990889987371 0.000857194061772322 -0.00104269693837029 -0.3667780088465388 -0.0008524166182904752 0.9999891772188151 0.004573710916118232 -1.7127552738753717 0.0010466063034295086 -0.0045728180289001386 0.9999889969160924 111.5691990950368
0.9999970975588446 0.0023644297754050305 -0.00046296953079306676 -0.385409753520797 -0.002363401329934474 0.9999947655004006 0.0022098212049286047 -1.7330655960142785 0.0004681921156384785 -0.002208720653972245 0.9999974511719253 112.88429705548887
0.9999847981554565 0.005486315547782511 0.0005511711524153746 -0.40460657801128064 -0.005486463264395686 0.9999849138195048 0.00026620496962257876 -1.764512598646693 -0.0005497023994784026 -0.00026922491215652846 0.9999998126722025 114.24557384398761
0.9999715146638007 0.007248489537024396 0.0021045778818448947 -0.425696318828517 -0.007247974619199831 0.9999737012376527 -0.00025241280553270253 -1.7816769467717255 -0.0021063523242973617 0.00023715168923439905 0.9999977535155176 115.54729683663007
0.999953835848645 0.008886217079067955 0.003655311544818302 -0.4407525171267514 -0.008891926352276576 0.9999592671102343 0.0015484784227400258 -1.805998712566599 -0.003641402845021922 -0.0015809097346004386 0.9999921204217209 116.90997881123965
0.9999555072190561 0.008237680556305998 0.0045961058273414675 -0.4441836822309807 -0.008255354778411866 0.9999585519313285 0.0038397335683419717 -1.8233434634573764 -0.004564285212174833 -0.003877505291139667 0.9999820659635763 118.21724678703664
0.9999480387358656 0.008598124712522219 0.0054765013270007745 -0.44342534442823456 -0.008622521087917041 0.9999529383426669 0.004446712016288426 -1.846075940659889 -0.005438010665755645 -0.004493702298419171 0.9999751170278137 119.58194165167224
0.9999393276022003 0.008870586599632947 0.006530987267691896 -0.440001924549705 -0.008896054048581533 0.9999528990113601 0.0038807215660636198 -1.8606369375417477 -0.006496255921371174 -0.003938586208239344 0.9999711426796776 120.90401658375843
0.9999170309908666 0.010241554393779358 0.007812917594549178 -0.4390376989468946 -0.010270289396430852 0.9999406100341995 0.0036465850988310162 -1.876239924124596 -0.007775107540684326 -0.0037265235449690354 0.9999628296686499 122.21816888670566
0.9998880084018485 0.012039578565555719 0.008889273315716609 -0.44348364529058537 -0.012069243173703741 0.9999217484108295 0.003290965299824122 -1.8951331654015973 -0.008848956626475965 -0.0033978836096356622 0.9999550741644866 123.59128298678267
0.9998620812074855 0.013181236076103752 0.010103145701103825 -0.44727429791344936 -0.013206409605146522 0.9999098415152202 0.0024289130588348723 -1.9224141658906087 -0.010070219590116313 -0.0025620043989035522 0.9999460119448706 124.91616691143888
0.9998390502733678 0.01416597858008043 0.011009022202494433 -0.4488616758062909 -0.014183092224748617 0.9998983226905107 0.0014779078078297266 -1.9511068296983352 -0.010986967752427091 -0.00163381195028384 0.9999383066928386 126.29836319817777
0.9998363506080628 0.013584341286163709 0.011947286165326743 -0.4501382875401818 -0.013599569833522954 0.9999068084077656 0.0011942504093008946 -1.9857383818256675 -0.011929950681486137 -0.0013565329509045213 0.999927915446431 127.65766273043559
0.9998315842109946 0.013086474695659888 0.012866521187403744 -0.4534177112263741 -0.013114603214711144 0.9999117859463826 0.0021041720720613288 -2.016619313641091 -0.012837851068711539 -0.0022725570607518703 0.9999150089177461 128.9946516765123
0.9998444532048798 0.011184059700474007 0.013637675127656531 -0.44948518859434927 -0.011225019386290922 0.9999327032199291 0.002930528429989102 -2.046182817293156 -0.01360398329896822 -0.003083155821633873 0.9999027081591126 130.3753527890626
0.9998444731086786 0.01083715989296933 0.01391350204510918 -0.44730169238432227 -0.010888439353812285 0.9999341843518093 0.003615090277682962 -2.08015767002144 -0.013873410177632037 -0.0037660244283794614 0.9998966674340781 131.70594738376832
0.9998569071561847 0.009592998278194476 0.013933397986031838 -0.4447942831880376 -0.009645437484277045 0.999946631898495 0.0037012040599694795 -2.113842223257026 -0.013897149914780622 -0.003835068234992816 0.9998960753356539 133.0934967692421
0.9998808128552865 0.007238434717737604 0.01363690348516932 -0.4435235120038895 -0.007299139978132956 0.9999636497641149 0.004407008090973376 -2.1376643010200853 -0.013604509086647594 -0.004506020582947424 0.9998973012798554 134.4346537431724
0.9998997182892825 0.005620147562688895 0.01299874227790535 -0.4385920632858771 -0.0056770716758828355 0.9999744393898055 0.004346427793193946 -2.1724276004595726 -0.01297398354974031 -0.004419786798440274 0.9999060662035992 135.76988245986809
0.9999162388584508 0.005351424814331344 0.011784630471937228 -0.44266248009733594 -0.005399497982299394 0.9999772161451205 0.004051249432748988 -2.206303195589813 -0.011762683006936165 -0.004114541259544712 0.999922351901984 137.13888982251677
0.9999395042175065 0.00250677247380329 0.010709995295337357 -0.4404092052031806 -0.0025590437920890866 0.9999848686320482 0.004869682254511498 -2.2319077176700985 -0.010697626953256045 -0.004896795095971163 0.999930788689746 138.4905827784237
0.9999517248559301 0.0020241646348578314 0.009615129667781696 -0.4445237592633976 -0.002074183075915494 0.9999843551556206 0.005194921651893826 -2.2668155420085827 -0.009604464671445512 -0.005214614502041452 0.9999402792408247 139.84369171709102
0.9999651569139223 0.0006389641197150978 0.008323261908107197 -0.4468081753978467 -0.0006836054724015305 0.9999853923263495 0.00536169910766363 -2.291331346133704 -0.008319715090035153 -0.00536720221641091 0.9999509865366 141.19634376609562
0.9999746194467032 0.0004702115284557322 0.007109104681590687 -0.453955275103123 -0.0005049423265102238 0.9999879438237705 0.004884387378041388 -2.3225586228361776 -0.007106722874357966 -0.004887853188357456 0.9999628009959456 142.54014308700135
0.9999814356580721 0.00029730803446500684 0.006086045748465898 -0.45956026572138553 -0.00032419728230622964 0.9999901895059029 0.004417667667579644 -2.347391648773697 -0.0060846731438954456 -0.004419558818360959 0.9999717217238362 143.89507348104902
0.9999863991624653 -0.0011477327551949693 0.005087652405094855 -0.4618334757005613 0.001137094914662901 0.9999971624919256 0.0020933277620762583 -2.384791906116159 -0.0050900409780549214 -0.002087514183510586 0.9999848667665535 145.2454722120143
0.9999729943843455 -0.006085194434934854 0.004120791559484363 -0.47086962127911725 0.00607923018715638 0.999980457772229 0.0014584328062434324 -2.4174988784570592 -0.004129586224626204 -0.0014333422001561594 0.9999904459759067 146.57762002403064
0.9998882187483201 -0.014666108730350933 0.002907795847861025 -0.466942041253365 0.014654383866907216 0.9998845631321059 0.004013655802083974 -2.4397160153859025 -0.0029663251397966674 -0.003970595258676939 0.999987717567314 147.95074474283103
0.9997529357875747 -0.022192265252574776 0.001253296880422688 -0.46355875226231447 0.022184853784591303 0.9997379339405771 0.005647627588503464 -2.4680661341177426 -0.0013783021935706067 -0.005618428146441766 0.9999832666338199 149.27304151421208
0.9997198177490072 -0.02367009620599784 0.00011201726974253978 -0.46198043923978904 0.02366977326708227 0.9997171241970098 0.0023266753535435697 -2.5105563202037593 -0.00016705822264188202 -0.002323372064582537 0.9999972870133028 150.62428066806646
0.9997321818988939 -0.023137169908196892 0.000485641841785487 -0.477676077307655 0.023137473452131165 0.9997320969422906 -0.0006258296252901979 -2.541683029289916 -0.00047103184903388336 0.0006368985726422319 0.9999996862441635 151.9911504766872
0.9997826253351862 -0.020810598879668685 0.0012732084537018101 -0.49868541069361927 0.020815013851571064 0.9997770148778292 -0.003557487127020115 -2.569110648820566 -0.0011988912122041311 0.003583215758565706 0.9999928615858967 153.32960591486295
0.999787863467047 -0.0204803106875696 0.002187452224450749 -0.5135729370035074 0.020487715289064127 0.9997842641423621 -0.0034174097699871107 -2.61020941974204 -0.0021169908789126076 0.0034615007965233093 0.9999917681455042 154.68230421990884
0.999714921391953 -0.02372756555337096 0.002660560993316987 -0.5191110690595823 0.023728795237806917 0.9997183395922461 -0.00043099582411230513 -2.636780550494135 -0.002649585359447943 0.0004940048934908763 0.999996367819936 156.026431969094
0.9995283769402773 -0.030552654307465545 0.0030917630980413164 -0.5126489471978811 0.030543908280493012 0.9995293964246004 0.00283819667803771 -2.663750077076775 -0.0031770228090686947 -0.0027424236186512733 0.9999911927788462 157.361573210417
0.9994092392455619 -0.034239138136995854 0.0029755526862852958 -0.5037061817799702 0.034226068546977025 0.9994047007229345 0.0043382512867128475 -2.68858446471059 -0.00312231958466339 -0.004233847002635929 0.9999861627327233 158.71506493211533
0.9993833642585214 -0.03498397620237491 0.0030021049005195975 -0.49838131017477905 0.03497126814849705 0.9993795483922077 0.004186726782776644 -2.717827903325375 -0.0031467108496207197 -0.004079157733011459 0.9999867292518909 160.0666729632475
0.9994141009693756 -0.03399166925559599 0.004002647873848994 -0.4993912541962648 0.03397321504962076 0.9994121936526891 0.004592151592157809 -2.732851402418577 -0.004156390335010193 -0.004453478296413422 0.9999814453011139 161.4282336252819
0.9995074256704174 -0.030964618683202876 0.005108660624321344 -0.5039881189839641 0.030944275263741113 0.9995130486239017 0.004014656896480992 -2.7535042447921225 -0.00523048571137405 -0.0038545956270045526 0.9999788918306523 162.77929032650945
0.9996266814551493 -0.026631143703096476 0.006105727771318038 -0.5039208604628023 0.02661909819922415 0.9996435552946205 0.0020459646435792168 -2.779057327479174 -0.006158038312219829 -0.0018826718916424082 0.9999792668374552 164.1266626845184
0.9996726376094779 -0.02465420001822976 0.006840178625963319 -0.49966989902228315 0.02464800009618471 0.999695702224314 0.0009894668474091537 -2.8019269685320753 -0.006862492265760379 -0.0008205462014776681 0.9999761161634915 165.47812421589896
0.9996977575535194 -0.02352097293600589 0.007152439001927719 -0.4881136504692173 0.023507438903712312 0.999721719671689 0.0019706674393961707 -2.824941522148236 -0.0071968012392849825 -0.0018019363088658232 0.999972479156854 166.8315625748079
0.9997443587313813 -0.021514923575028454 0.006951637212185151 -0.475370832091605 0.02149855000301428 0.9997659463062842 0.0024217656106965764 -2.853853506294873 -0.007002114846108279 -0.002271696409872773 0.9999729045213714 168.17412928053136
0.9998069477862931 -0.018520914855739583 0.006560707697756657 -0.47339994888675196 0.01852107657592452 0.9998284694873002 3.629376461152313e-05 -2.8858922245514007 -0.006560255083007004 8.522463283034085e-05 0.9999784776601892 169.55423578092595
0.9998641568879773 -0.015303263700847959 0.006121920184247695 -0.4645251073785448 0.015319615368846342 0.9998791812518322 -0.0026329212960229755 -2.911158245892806 -0.006080888767598763 0.0027263491647351876 0.9999777946562848 170.93984533576293
0.999942663122821 -0.008964236852822003 0.0058577248095473735 -0.45818943187352656 0.008990332150571136 0.999949712415395 -0.00444371004310588 -2.946410772581619 -0.005817596264045603 0.004496118246545789 0.99997296987879 172.28898459803278
0.9999650698773617 -0.005687436649066213 0.006124712474762957 -0.4539495972269705 0.00570924843786272 0.999977402012015 -0.0035496395022370304 -2.970760170831089 -0.006104386237181358 0.003584483097993569 0.9999749436576869 173.6626509750414
0.999972533379838 -0.0030204917414034284 0.006768243964889471 -0.443059771312304 0.0030299274022484064 0.9999944516659887 -0.0013842590011550163 -2.9929176122014276 -0.006764025842080468 0.0014047283035977976 0.9999761370583675 175.04018560237455
0.9999707862311266 -0.00266322377379586 0.007164770334270354 -0.4227295682039115 0.002657113875420395 0.9999960981883218 0.0008621774702909683 -3.015707844028377 -0.007167039155026226 -0.0008431146809130281 0.9999739610114207 176.3998939186167
0.9999704828246634 -0.004190539523270729 0.006439943319240984 -0.3942375130393291 0.004177293808052571 0.9999891348214779 0.002068924700120213 -3.03748711676904 -0.0064485438018384795 -0.002041962127745052 0.999977123072064 177.80062843342864
0.9999668798026452 -0.006764942177890941 0.0045249163902159025 -0.3781545907379975 0.006755171740754745 0.9999748265411981 0.002171158735062625 -3.0502082614615706 -0.004539490627130842 -0.002140520271844719 0.9999874055171725 179.17228876695262
0.9999627289878189 -0.008337854271802952 0.002240721635991373 -0.35636609007319076 0.008341083788282048 0.9999641820658903 -0.0014355826692189417 -3.0687314902429397 -0.002228671887815211 0.0014542192473688776 0.9999964591261585 180.49937040772824
0.9999831069339239 -0.005753928682851945 0.0008235046524815619 -0.354176612270803 0.005758698634454058 0.9999659444319843 -0.0059116291427982305 -3.0937067062782773 -0.000789461586217687 0.005916271714028268 0.999982187080426 181.94980420281888
0.9999987653049319 -0.0015247641614085962 0.0003801128313004284 -0.35478040773388153 0.0015274490407128395 0.9999731584739081 -0.007165837616666643 -3.1143147963031512 -0.00036917645305322897 0.007166409514736717 0.9999742528099953 183.3233519705508
0.9999980232635388 0.001988267666791968 1.6038457768996007e-05 -0.35498923910774266 -0.00198813296789117 0.9999794171163324 -0.006100219224150689 -3.133336882227108 -2.8167003786385867e-05 0.00610017539777095 0.999981393360198 184.66732058304103
0.9999907517018494 0.004298958615944488 0.00012432852974600416 -0.3562258489507031 -0.004298559813286794 0.9999861115656575 -0.00304943728733734 -3.156200810186524 -0.0001374362220998716 0.003048874708522539 0.9999953427260847 186.11244255878844
0.9999904279148292 0.004313455036138592 0.0007336056295496772 -0.35271909422805425 -0.004313129969942174 0.9999905996272533 -0.0004444944013004515 -3.1797751453640655 -0.0007355161027975481 0.00044132601612910746 0.9999996321230696 187.48302088209638
0.9999930982040482 0.0035609891058675687 0.0010596677622760897 -0.3449432807395883 -0.0035608928940621797 0.9999936556902796 -9.28849667462779e-05 -3.196144190395698 -0.0010599918916562804 8.911096216062097e-05 0.9999994342372831 188.9289226672541
0.9999946187383635 0.0031863930108866085 0.0007806338418504277 -0.3370566603865294 -0.003186639741886259 0.9999948731161933 0.00031476067421240886 -3.2241795819976775 -0.0007796269542569686 -0.0003172465872854187 0.9999996457675958 190.3165941651185
0.999999695089194 5.0406999782103695e-06 0.0007808951570264554 -0.3297165924822184 -6.012777544956924e-06 0.9999992251831937 0.0012448279678315343 -3.250641164553807 -0.0007808883421507983 -0.001244832307522461 0.9999989203019053 191.70375821559512
0.999998180745841 -0.0015370753527837195 0.0011295611265229831 -0.3234528827344654 0.0015358382303606814 0.9999982206852829 0.0010953650910966845 -3.2801566298220184 -0.0011312428699670485 -0.0010936282946452216 0.9999987621318678 193.13955456752234
0.9999872619089829 -0.004838631324925695 0.001436549706901006 -0.3163471810098899 0.0048358082609561304 0.9999863818770233 0.001962399623430866 -3.3044911133077957 -0.0014460255923558108 -0.0019554277809261797 0.9999970426508654 194.52840958258824
0.9999508508308415 -0.009733368892284162 0.001886124326292602 -0.3101403732843677 0.009726743050262538 0.9999465996872685 0.0034911650125461612 -3.327497092030901 -0.001920004562336024 -0.0034726476374369467 0.9999921271184762 195.9804705523367
0.9999170512421071 -0.01269843889152457 0.0021541351243350272 -0.30236943941696004 0.01268931198524503 0.9999106694758315 0.004199335505277338 -3.3645557090077576 -0.0022072678818391253 -0.004171652753670861 0.999988862577841 197.38402390885517
0.9999405060709238 -0.010666751947403288 0.002281388734975728 -0.30717937980762877 0.01066713695194209 0.9999430922470955 -0.00015635407361770824 -3.3950116134259 -0.0022795913081768244 0.0001806806711552329 0.9999973854040262 198.81016085254015
0.9999901453437001 -0.003526369263707963 0.0026970249815248025 -0.3211512961287175 0.0035414956774415876 0.9999779116522707 -0.005624412065693653 -3.4339697333055943 -0.0026771318854561564 0.005633908257280222 0.9999805458302737 200.22928516565213
0.99997519344683 0.00580613113963172 0.003987646585345568 -0.33536575590657663 -0.005781580375545386 0.9999644302449607 -0.006140975895361653 -3.478929856085518 -0.004023160402466837 0.006117768779081039 0.9999731931810478 201.6609119929791
0.9999093135446763 0.012363232137855285 0.0053399581883489845 -0.3544548103541763 -0.012350588061775303 0.9999208615681887 -0.002394494831528659 -3.5218777900952096 -0.00536913974429503 0.002328326100218631 0.9999828754683776 203.10435468936168
0.9998750582930395 0.01456254311252295 0.006148179434144942 -0.3588929106920022 -0.014562444188963292 0.9998939601448769 -6.101219134465019e-05 -3.5682793838421305 -0.006148416495225021 -2.8527958210278833e-05 0.9999810978986255 204.53426957079273
0.9998990585313337 0.012990964648490668 0.005753916890202154 -0.3532681273030988 -0.012993292949586815 0.999915516161124 0.00036730176147016893 -3.5998169168727494 -0.005748659659277307 -0.00044202702723771697 0.9999833786210044 205.98346185617748
0.9999471522830421 0.00928475695072361 0.004414285198195717 -0.3518225703563098 -0.009286581928407183 0.9999568015620007 0.0003929715256705248 -3.631007791460539 -0.004410446235825129 -0.0004339443912456087 0.9999901797773897 207.42157074037257
0.999968292197728 0.00728906833380674 0.003206878656416499 -0.34472024865885176 -0.007288736839997036 0.9999734301777182 -0.00011519203993552975 -3.663328749694754 -0.00320763336448855 9.181429168247898e-05 0.9999948513138859 208.85262824757305
0.9999645194083913 0.007936903531954578 0.002822317011944962 -0.3505083508217357 -0.007934978559585677 0.9999682775903717 -0.0006927808386983339 -3.683662118158003 -0.0028277262559572207 0.0006703612428813714 0.9999957772792306 210.3275714415884
0.9999594548859198 0.008617265665817568 0.002613675818596861 -0.35479748334827005 -0.008616373212008371 0.9999628161626145 -0.0003527374200909365 -3.7091484768152205 -0.00261661848610699 0.0003302027140414569 0.9999965221291506 211.77231075846836
0.9999488025508795 0.009786781929101974 0.0025712171778095342 -0.3637940239775346 -0.0097869208672561 0.9999521061048942 4.1212282534603424e-05 -3.734843315453907 -0.0025706909143961175 -6.637447833481503e-05 0.9999966935641749 213.24282107401797
0.999950524385902 0.009671072166023038 0.0023279013774031155 -0.36724169435068577 -0.009671205300178835 0.9999532317683623 4.567102536711686e-05 -3.770720954820293 -0.0023273510150318057 -6.818238476175159e-05 0.9999972893889855 214.70824533917283
0.9999508497281651 0.009728070273768825 0.0019138331494176783 -0.3696948371066496 -0.009726621110079863 0.9999524023886768 -0.0007653894155486781 -3.800585462498849 -0.0019211879811369607 0.0007467366753688156 0.9999978757069244 216.16578702732693
0.9999602675096041 0.008744119475646852 0.001733135865789848 -0.3716874013644858 -0.008741877829576148 0.9999609477822832 -0.0012971128357800014 -3.8336814045454823 -0.001744410441621794 0.0012819104562443201 0.9999976568648761 217.64827395277473
0.9999580983813044 0.009079922877685689 0.0011646732283181814 -0.3713906006113861 -0.009078486257500417 0.9999580290231622 -0.0012334097672052373 -3.8646750676115373 -0.0011758237123516812 0.001222784633544726 0.999998561116225 219.11630133349385
0.9999515365880975 0.009794958829907366 0.0009915825227920026 -0.3793045280998597 -0.009793457676928557 0.9999509055204577 -0.0015082300491739116 -3.8997071099646345 -0.0010063069796878014 0.0014984459565799883 0.9999983710008566 220.60723533206746
0.9999588112590101 0.00903969386223744 0.0008122201209484941 -0.38052927228090483 -0.009038416122438206 0.9999579296099003 -0.001563989918970731 -3.9318554901740073 -0.0008263240122800904 0.0015565843411873672 0.9999984471150182 222.0949081297534
