1.0 -3.469446951953614e-18 0.0 -1.7787691892340307e-19 0.0 0.9999999999999999 -3.5575383784680614e-19 0.0 2.168404344971009e-19 -2.371692252312041e-19 1.0 0.0
0.9999999398638733 -7.08535559765227e-05 -0.00033948727388392647 0.05569069961672338 7.123806521749064e-05 0.9999993559314045 0.0011327230995349811 -0.026761272848715878 0.0003394068273799933 -0.0011327472383819146 0.9999993008434594 1.3159701006825606
0.9999991075624272 -0.0005587901877283866 0.0012135198795759842 0.11108300046058615 0.0005566348298350308 0.9999982684086526 0.0017757635472657302 -0.04833477912174309 -0.0012145101586562628 -0.0017750865086460634 0.9999976870130872 2.5650198957187875
0.9999986934589968 -0.001481485027364629 -0.0006467485260198426 0.02007746961055748 0.0014823621249374364 0.9999979796942353 0.0013576477787487042 -0.07869905550689946 0.0006447359402245989 -0.0013586047466135965 0.9999988692543376 3.929348690347536
0.999997981710173 -0.002002506046469803 -0.00016293514571475288 0.018464047977075543 0.002002712132550658 0.9999971832279819 0.0012738434034203453 -0.09329126549497974 0.00016038382237274504 -0.0012741671683391567 0.9999991753874146 5.251658287471802
0.9999973111090353 -0.002314265794663768 -0.0001481611332165816 0.012178789690599693 0.002314491021132306 0.9999961397295554 0.001537417845674335 -0.10871289807073165 0.00014460258137108926 -0.0015377566579925094 0.9999988071968048 6.560260774506343
0.9999941911433805 -0.003403666166293529 -0.0001809437300417981 0.009765277201362393 0.0034040795731720037 0.9999914812330741 0.002334458897005313 -0.14885236008572594 0.00017299648661201405 -0.0023350613268820672 0.999997258776996 7.902537472766878
0.9999932577033896 -0.003671852697845016 -4.528311054649266e-05 -0.009277107097058784 0.0036719594797231855 0.9999897892616731 0.0026340236128787843 -0.16285192219356173 3.561090686685043e-05 -0.002634172180394096 0.9999965299286467 9.217904346086078
0.9999943310004722 -0.003315153485355481 -0.0005896846928532503 -0.011521472972080105 0.0033162853905551494 0.9999926412878637 0.00192863068557456 -0.1896573195768757 0.0005832866978842844 -0.0019305753508878486 0.9999979663262825 10.550750930792262
0.9999997423707294 -0.0006566282793237024 -0.00028999718446461346 -0.03129958179400325 0.0006565075873841281 0.999999697875504 -0.0004162279426729178 -0.21000385782567582 0.0002902704281232335 0.0004160374585549376 0.9999998713281469 11.866691523820192
0.9999971452345965 0.00232373882120784 -0.0005565568596699519 -0.022180400801308377 -0.002324550755828887 0.9999962289171044 -0.0014624020128800232 -0.24448834487160293 0.0005531565659176859 0.0014636916093535726 0.999998775811952 13.214752968032828
0.9999869962980308 0.005086955512204457 -0.00036070478229610734 -0.050036354400663785 -0.005087552012811519 0.9999856611885853 -0.0016715986016869826 -0.25469796106846476 0.0003521962905640953 0.001673411997858362 0.9999985378241492 14.56021715531708
0.9999829853869602 0.005833430456104068 3.7420941273558044e-06 -0.06764786829777616 -0.005833426265148357 0.9999826928135025 -0.0007649988643933039 -0.2879656178661491 -8.204598733717056e-06 0.0007649640296200127 0.9999997073812641 15.908855086963671
0.9999920165688164 0.003987601924399239 0.00025655874856487094 -0.0627489726582098 -0.003988094262401673 0.9999901521652256 0.001946967871930235 -0.3158821985698468 -0.0002487925088883766 -0.0019479755501642215 0.9999980717448933 17.249097107129554
0.999999744275547 -0.0005832325475228217 0.0004138721813019793 -0.07625499757677352 0.0005816559852797106 0.9999926132972802 0.0037993454004341576 -0.34143695371465504 -0.0004160850580851351 -0.003799103771711005 0.9999926968152961 18.608489973449256
0.9999964705767415 -0.0026564700580085695 -4.477374600030072e-05 -0.06559842577232546 0.0026565480271341004 0.9999947828761726 0.0018376530798639686 -0.3805061984736259 3.9891847073960686e-05 -0.0018377655718355857 0.9999983105119326 19.953321901114638
0.999994516476449 -0.0033033031614785238 0.00023496867943098316 -0.07359305561387905 0.0033034025159852584 0.9999944543671596 -0.00042280270370085714 -0.38414889687680914 -0.00023357075072920276 0.0004235765924463634 0.9999998830135773 21.299022349618376
0.9999992659183765 -0.0011150735453173445 0.00047410561855878715 -0.0825349415155949 0.001115901854621043 0.9999978456240243 -0.0017502882043364503 -0.4386785735425981 -0.0004721529383344624 0.0017508160105668851 0.9999983558556589 22.65152181590706
0.999998991558807 0.0008008390539895726 0.0011728335402947886 -0.09173847374738638 -0.0008001301312103807 0.999999496979436 -0.0006048421833469915 -0.434531882457958 -0.001173317431277424 0.0006039031661891139 0.9999991293123299 24.021656840606763
0.9999973820846113 0.0010876100650787195 0.0020131888046385376 -0.10769936869483848 -0.0010949910762360375 0.999992670313254 0.003668830249971166 -0.455738396456557 -0.0020091839587718253 -0.003671025140611967 0.9999912433377859 25.417515377382024
0.9999976619506474 -0.0004955947654382963 0.002104871185295632 -0.09083761176098404 0.00048595920106682226 0.9999894128513334 0.0045758089008639076 -0.4844124771131537 -0.0021071168219710277 -0.004574775408950143 0.9999873156629638 26.78580275527804
0.9999877392987493 -0.004512156721414641 0.002040025170234776 -0.10374423584538481 0.004504285643222215 0.9999824568539827 0.00384673735985805 -0.5169361804275588 -0.002057346634042301 -0.0038375014105818924 0.9999905204079457 28.15544247422788
0.9999870692014702 -0.004697281388259053 0.0019485857159291487 -0.11222752339054706 0.0046946873314455875 0.9999880903008616 0.0013338518949552753 -0.528004788675782 -0.0019548281503362344 -0.0013246866674329941 0.9999972119209507 29.50885594019211
0.9999852945557456 -0.004712794013185306 0.002683329010916456 -0.11617206034492206 0.004714691021679124 0.9999886401035584 -0.0007009609497033101 -0.5732842601330523 -0.0026799952707445744 0.0007136017288104466 0.9999961541897756 30.901320673588454
0.9999922152715754 -0.0023164628870030873 0.003194276661813186 -0.13186589042253086 0.0023225898130169124 0.999995467871698 -0.001915674652142269 -0.5761302001860654 -0.003189824866679441 0.0019230787758425787 0.9999930633665117 32.2848931603555
0.9999926616006757 -0.0009196871081274191 0.003718995346622041 -0.1324448047587406 0.0009336968217648397 0.9999924686529361 -0.0037670739854874873 -0.6252916208302621 -0.003715503125197672 0.003770518833373135 0.9999859890116085 33.66849911801009
0.9999921544850247 -0.0002770099539405376 0.003951485677673413 -0.14611879302910452 0.0002919557673216177 0.9999928046538341 -0.003782248292455712 -0.6374872455217184 -0.0039504098618465865 0.003783372355799255 0.9999850400634032 35.060505832974044
0.9999941077273891 -0.0006095134775778027 0.003378314520631732 -0.1423680284268776 0.0006172167397031306 0.9999972111746126 -0.002279624029691925 -0.6784172512752225 -0.0033769159247259008 0.00228169579798615 0.9999916951148757 36.451499220190236
0.9999945632815006 0.0005520802416681507 0.0032509410966778613 -0.15356794014506908 -0.0005487746896274005 0.9999993316543636 -0.0010176139722533745 -0.699105994909075 -0.0032515010041351843 0.0010158244278264308 0.9999941979020454 37.85321719922139
0.999991942296236 0.0029063974499706526 0.0027691505516356857 -0.14934884031034945 -0.0029042206827806878 0.99999547081765 -0.0007898428850145247 -0.7258210718651349 -0.00277143384203251 0.0007817943118276687 0.9999958539656195 39.25358398673256
0.999981008243078 0.005177893703927372 0.0033425385495659994 -0.16651837563439287 -0.005175766533597328 0.9999863977295617 -0.0006448308984980977 -0.7577448246141926 -0.003345832232901918 0.0006275184639903541 0.9999942057947115 40.651874109449025
0.9999644565683459 0.007753156725106843 0.003312725222057814 -0.17620363622142204 -0.007752111129556581 0.9999698979837234 -0.000328505727772638 -0.7858343182185342 -0.0033151727396475085 0.0003028134402171757 0.9999944589494193 42.07387350739182
0.9999528459009005 0.009182540369238578 0.003160207372994309 -0.18722403999933473 -0.009181550706707696 0.9999577949834205 -0.0003277178167259016 -0.817346966674666 -0.003163083546608438 0.0002986867606768332 0.9999949528295936 43.464052884113805
0.9999638738805301 0.008088348402202203 0.0026133388580618973 -0.19131321812090168 -0.00808712021125712 0.9999671833231929 -0.0004803965380990249 -0.8419454813445931 -0.0026171389336007746 0.000459244802725127 0.9999964698310333 44.88931777207205
0.9999677637838303 0.007831969237881743 0.001769643112216108 -0.1850100820299861 -0.007830302259994568 0.9999688940718588 -0.0009472444555114131 -0.8789942248489797 -0.0017770070066975496 0.0009333570933173532 0.9999979855420079 46.28916918801087
0.999972639988814 0.007338251042326495 0.0009323794091223745 -0.19816274445519433 -0.0073377666727676176 0.9999729417966817 -0.0005223698382983576 -0.9098457623998848 -0.0009361875416310826 0.0005155139690014736 0.9999994288982427 47.7172448063946
0.999972434161177 0.00742334836166765 -0.00015748325803991662 -0.2007000153803205 -0.007423338433498365 0.9999724444350613 6.657861430193588e-05 -0.9363979610179556 0.00015797316767010333 -6.540773458751845e-05 0.9999999853832796 49.11987002457573
0.9999662761834478 0.008124020234589838 -0.0012028181805934038 -0.21033735029192557 -0.008123798014986505 0.9999669833748145 0.00018995671561120817 -0.9626999642467422 0.0012043217811957157 -0.00018017886835118102 0.9999992585730323 50.547716128268426
0.9999651985086543 0.008068474986812837 -0.002121664902538183 -0.22887889495889097 -0.008067689820592663 0.9999673839924831 0.0003786152098762362 -0.9873437371040472 0.0021246507289744343 -0.0003614851141984035 0.9999976775930428 51.986730386050795
0.9999564711747758 0.008652345603095656 -0.0034917969513679255 -0.23243304177383392 -0.00864818569747983 0.9999618779023933 0.0012048422196088038 -1.0201398627725355 0.003502088844379394 -0.0011745920984161187 0.9999931778335888 53.40515131924887
0.999965011293597 0.007309233239972016 -0.00406832582993465 -0.25376500401715096 -0.007300462175192899 0.9999710038185726 0.002166746184893471 -1.0489729577034788 0.004084045463657118 -0.002136969765449089 0.9999893769140391 54.8551903513578
0.9999782950041417 0.004613380802970845 -0.004703851636673339 -0.2564783910259818 -0.004601334035129593 0.9999861146096689 0.0025687197823621153 -1.0634050495244352 0.004715637204666118 -0.0025470200932480236 0.9999856376288561 56.25588878172778
0.9999823692591715 0.003200177355298226 -0.005002001605891316 -0.2811038682885554 -0.003190394584130061 0.9999929848301103 0.0019625693529665734 -1.0966660600804157 0.005008247510609911 -0.0019465764374730432 0.9999855640493952 57.685372589694516
0.9999851292084456 0.0018015926171366008 -0.005147388925289051 -0.29052694335321844 -0.0017908650591894016 0.9999962166291695 0.002087949337435182 -1.1205976118664425 0.005151131521801315 -0.0020787000555441055 0.9999845723113119 59.1372766371729
0.9999883166183103 0.001081800901639454 -0.0047112973543824545 -0.3040606545655339 -0.0010692037317352014 0.9999958491516016 0.0026755343866467834 -1.1529887859977848 0.004714172594497209 -0.0026704658479422528 0.9999853224915466 60.53138088523612
0.9999911193127468 -0.0002700027619714999 -0.004205756370516187 -0.31951895324681245 0.0002852734191325836 0.9999933682501082 0.0036307125570211036 -1.182092750808235 0.0042047485348781916 -0.00363188017909551 0.9999845646532904 61.99087433304726
0.9999884731499296 -0.00289582347317225 -0.0038298525753596704 -0.3315558608267689 0.002907932214341472 0.9999907796177574 0.0031598425454690475 -1.1997204376465216 0.003820667242093483 -0.00317094313750771 0.9999876737386187 63.39120579927074
0.9999864795395251 -0.0037861076656966405 -0.0035645652736124543 -0.3369692464001197 0.003793598437722862 0.9999906056082605 0.0020969741338574275 -1.231165303108533 0.003556592719384975 -0.0021104683526467476 0.9999914482526642 64.8106573501715
0.999989381415651 -0.0036796163444864673 -0.0027744332235852503 -0.3484835407188448 0.0036851535520498226 0.9999912232635031 0.0019932470510120224 -1.263205684969163 0.0027670747244113044 -0.002003450136920895 0.9999941647281055 66.26493922617546
0.9999962277137628 -0.001918834464860698 -0.0019653580052136775 -0.36675595667773353 0.001922473301807533 0.9999964385490789 0.0018512110524222514 -1.2935365573230435 0.001961799005545676 -0.001854982454106116 0.9999963551875628 67.62176307354056
0.9999987664471951 0.0007494262248400121 -0.0013803843272557107 -0.3844052499493468 -0.0007452471269270176 0.9999951453089856 0.0030255521540180842 -1.3188424147498619 0.0013826451732973548 -0.003024519755696776 0.9999944702724344 69.088392882075
0.9999907127409415 0.004275014210663052 -0.0005465129081850776 -0.39975865335955096 -0.004272733506505011 0.9999824303272897 0.004108867524188892 -1.3457647557260775 0.0005640688239097371 -0.004106494344727269 0.9999914092292695 70.4561608842828
0.999969511891721 0.007797316597581366 0.0004208621030837643 -0.4188151036463565 -0.0077992972262124595 0.9999574397868531 0.004928447334598828 -1.3734212837697408 -0.0003824155557174882 -0.004931579607056163 0.9999877665659173 71.89900896736278
0.9999275604586257 0.01200657702885967 0.0008461179967351161 -0.42782014799179374 -0.01201012584750878 0.9999185395030767 0.00432102569089019 -1.390622183472499 -0.0007941684080937912 -0.004330874755304357 0.9999903063631066 73.26440334860315
0.9998760584946771 0.0156676781765214 0.0015464379928885497 -0.4407164951927713 -0.01567341231187391 0.9998700664067516 0.0037675576709872713 -1.4179685611655175 -0.0014872083011087936 -0.003791328760014422 0.9999917069838122 74.6645357772903
0.9998414380019393 0.01763475545115712 0.0024726926229831636 -0.45894529786383714 -0.01764381097383916 0.9998375302905655 0.0036890384652509267 -1.444873668976428 -0.002407235795618182 -0.0037320813302879597 0.9999901383425419 76.10467158976984
0.9998399207395211 0.017680196289038608 0.002746544975926507 -0.4612631428145355 -0.017691457022567664 0.9998349607442409 0.004130819536534843 -1.470452470794873 -0.0026730582115234254 -0.0041787487541332284 0.9999876963323342 77.47218142248299
0.9998542832081523 0.016834201754307488 0.0028323063927166575 -0.4670922460933653 -0.01684562304930616 0.9998498684774191 0.004057774586085078 -1.5020999511500863 -0.002763572009429091 -0.004104895357597031 0.9999877561756115 78.88658649501119
0.999869240022901 0.015979715668544454 0.0024802225506854445 -0.4698446192274834 -0.015986748272372335 0.9998681659089773 0.0028416057883817783 -1.5259935114529968 -0.0024344877246340454 -0.002880884980693987 0.9999928868589821 80.2520357343679
0.9998765445792688 0.015545261840735673 0.002289191260190389 -0.47881750932128153 -0.015551895882448633 0.9998748308204451 0.002908825638978595 -1.559812439698634 -0.002243686455966442 -0.0029440678609292674 0.9999931491430656 81.63658789094349
0.9998891182947048 0.014798170928726715 0.0016628941758236938 -0.4801612027258996 -0.014803362922538258 0.9998854498621195 0.0031539876040313224 -1.5770227186252426 -0.0016160305782960986 -0.00317825438315789 0.999993643551104 83.0461241878333
0.9998918597670687 0.014641114542943784 0.001380760923093294 -0.4937197209153397 -0.014644783857564724 0.9998891539402095 0.00268517702603152 -1.6106162353166273 -0.001341293998837905 -0.0027051076590818793 0.9999954416503926 84.42032569218576
0.9998954332157889 0.014441929037301557 0.0007438306026461854 -0.5034784791190925 -0.014443953075662229 0.999891787245033 0.0027903505000356397 -1.6306946660083868 -0.0007034521248436337 -0.0028008026420721388 0.9999958303208881 85.80129259330633
0.999902501148259 0.013957921911005922 -0.00040568141374772246 -0.5129987396068326 -0.013956395565703996 0.9998962996730175 0.0035509093976134154 -1.6623977185544547 0.0004552027010174687 -0.0035449014186725828 0.9999936132125428 87.16322256305693
0.9999289144353948 0.01182411254993879 -0.0015350594811303258 -0.5210531591696727 -0.011816939581036126 0.999919591616489 0.004601115909095887 -1.6855851045980184 0.0015893402991317362 -0.004582649231704761 0.9999882365943734 88.52914740681358
0.9999515901997758 0.009509459179045087 -0.0025273340340695198 -0.5261381752796492 -0.009496389413620836 0.999941727367943 0.005134245468364237 -1.711261211929686 0.002576010878594845 -0.00510999648249668 0.9999836259207616 89.89068362484741
0.9999552013078489 0.008781087645708051 -0.0035338154152543496 -0.5338399867522009 -0.008762453500503023 0.9999478027625236 0.005254633856247222 -1.7376516053968156 0.0035797726664869313 -0.0052234336748571975 0.9999799502870739 91.24245474385957
0.9999622145926267 0.0078061801664604325 -0.003825299266208805 -0.557503839457479 -0.007787743830593336 0.9999581011455944 0.004811134457347999 -1.763132398228107 0.0038626959027388496 -0.004781162319268216 0.9999811098593521 92.62446909410276
0.9999690406669978 0.006678697050782819 -0.004160852273056315 -0.5627756581259107 -0.006660152742319564 0.9999678972380985 0.004454982754087882 -1.7914387339207805 0.00419047253567827 -0.004427133014897794 0.9999814200484481 93.94781974806614
0.9999708556022866 0.006225063801265678 -0.004420011950665057 -0.5872952060922321 -0.006207888913604742 0.999973168755342 0.003888945406699717 -1.8095304186652414 0.004444102667813654 -0.003861393207031163 0.9999826696514775 95.36435001053543
0.9999741502089149 0.005696304670597059 -0.004387596989596623 -0.5902474057014439 -0.0056820948638140675 0.9999785936126147 0.00324439904467186 -1.8334382961905844 0.004405984527012647 -0.0032193845067150944 0.9999851113255611 96.7121540472471
0.9999677322911075 0.006937803909260095 -0.004049843392494109 -0.6121458299051907 -0.006927570616676391 0.9999727895659178 0.0025355289379712137 -1.862737125599643 0.004067324542385342 -0.002507391604215819 0.9999885848681049 98.05640968164349
0.9999572257742803 0.008441455529292041 -0.003780003307639522 -0.6346482946364184 -0.008431804676637534 0.9999611697303913 0.002561975632829018 -1.8845500790399041 0.0038014836552335346 -0.002529993856161421 0.9999895738759643 99.4072157721509
0.9999561009488805 0.008562534365763017 -0.0038051484354651565 -0.6379186947703825 -0.00854709956469892 0.9999552536593342 0.004054353936950619 -1.9148202681110993 0.0038396940411151454 -0.0040216530610708585 0.9999845414126859 100.72366321167083
0.9999544912509895 0.008812462085612517 -0.003654574239364077 -0.6623961878362977 -0.00879281071048379 0.9999469823872196 0.0053590029352797225 -1.9368321328615554 0.003701606809320885 -0.005326625188993068 0.9999789623683399 102.09883240077352
0.9999556273275333 0.008787655208383933 -0.003394181265979732 -0.6760628034452701 -0.008773035530136374 0.9999522769093079 0.004298577641479654 -1.9599471232373384 0.003431793996276791 -0.004268609722915165 0.9999850007716167 103.4336375862351
0.9999555319927843 0.008822495305752732 -0.0033313042748462614 -0.6873938658663439 -0.008816677637935949 0.9999595884155914 0.0017571995370929717 -1.98380518874061 0.00334667281988942 -0.0017277504055595936 0.9999929073078195 104.75839282460922
0.9999637470694037 0.007791765648724803 -0.003434080972732187 -0.7031051945241611 -0.007790025797444256 0.9999695221582269 0.000519874264076876 -2.007717740080711 0.0034380273382272914 -0.0004931038562268712 0.9999939683932828 106.0889621994553
0.9999752053186706 0.006319776512558717 -0.0031063087855941153 -0.7133214779680668 -0.006314726031833659 0.9999787283294589 0.0016331369547069557 -2.042007262057132 0.0031165640340605713 -0.0016134810118220064 0.9999938418377969 107.43778121221497
0.9999924245247108 0.0028848137939937023 -0.002613184408470596 -0.7217662310279527 -0.002875605186580003 0.9999896670210656 0.003520901928357491 -2.057420883694169 0.002623314777295738 -0.0035133608428038676 0.9999903872140466 108.76521955170891
0.9999967027476464 0.0018593040650117668 -0.0017712921842666398 -0.7369908961886799 -0.0018517270629508599 0.9999891698416299 0.004269813651641607 -2.089426053040731 0.0017792120364699554 -0.004266519710277315 0.9999893155519366 110.10412462224848
0.999998520314934 0.0013007559472467045 -0.0011257876580772635 -0.7475481017304643 -0.0012972759775955536 0.9999943954542041 0.003086444042627168 -2.1150239437815253 0.0011297961568896937 -0.003084979081096331 0.9999946032190179 111.42797965697847
0.9999966349500454 0.002561365841020487 -0.00041168965895947555 -0.7607115959988605 -0.0025610966457088333 0.999996506868816 0.0006534819285576299 -2.1372416572685338 0.0004133620624557097 -0.0006524253677103178 0.9999997017368001 112.74614966333883
0.9999835973643875 0.005688248111267445 0.0006699442037730406 -0.7629791032503153 -0.0056873054118702394 0.9999828453517839 -0.0014012747113616752 -2.175889875322801 -0.0006779035681441293 0.0013974415732060398 0.9999987938005995 114.09374341558778
0.9999634188772598 0.00829633197371833 0.002081289970213642 -0.7813112954980318 -0.008292561615294194 0.9999639708786267 -0.0018139417466808197 -2.192320888532306 -0.0020962642252242954 0.00179661619610036 0.999996188914503 115.40532798383022
0.9999501660807468 0.009319534541571509 0.00357933158757494 -0.7918013161562827 -0.00931938052566721 0.999956571848225 -5.987459064174741e-05 -2.221656619292861 -0.0035797344502692093 2.6514450062037267e-05 0.9999935923763952 116.76092760075836
0.999950453000331 0.008903584337253278 0.00445170932241855 -0.7980158495679608 -0.008914318536523762 0.999957393464337 0.00239712332287025 -2.2455993537505416 -0.004430177033811159 -0.0024366885587736547 0.9999872179561198 118.08240794866101
0.9999495166682879 0.008488565381129257 0.005376649507571904 -0.7980427873165128 -0.008506227604957742 0.9999584728486378 0.0032705791519526974 -2.2737183197819513 -0.005348664155526024 -0.0033161491141919276 0.9999801972747597 119.43165541557664
0.9999343903200164 0.009501921056446302 0.006397541448759647 -0.7962391493705905 -0.009516294271613124 0.9999522549622608 0.002219900932759943 -2.2996975458025797 -0.0063761432120749825 -0.0022806362198497195 0.9999770714822572 120.76553460363833
0.9999091419222099 0.010955941275340195 0.007853358030431816 -0.794609034575401 -0.010972510881169444 0.9999376580123097 0.002069811363151213 -2.3225903053132098 -0.007830192365393026 -0.0021557944050200344 0.9999670197719279 122.07749331054521
0.999883616934142 0.012378423155582664 0.008917802628731649 -0.7989737633757268 -0.012391556225355666 0.9999222151002867 0.0014188421712321385 -2.3445445694911036 -0.008899546681179794 -0.001529182527087985 0.9999592290003455 123.44062087870287
0.9998629348231145 0.013086043879659247 0.010142336856641182 -0.8013560312223744 -0.013093077256858578 0.999914085241744 0.0006272921349119215 -2.371278570027826 -0.010133257564361203 -0.0007600005717880895 0.9999483684088536 124.77216656731028
0.9998381314125837 0.014073276228284484 0.011209542380591367 -0.7947704249593518 -0.01407127518944163 0.9999009615815906 -0.0002574461522488479 -2.3954343038908568 -0.011212056264521826 9.967192453005341e-05 0.9999371379508181 126.1013048450793
0.9998393392976892 0.013288224519738361 0.01202990669017981 -0.7899719786766567 -0.01328446649936414 0.9999116806340512 -0.00039231941848687587 -2.427218500415119 -0.01203405846295817 0.00023244549995685235 0.9999275610761945 127.44300824971583
0.9998292736593616 0.013047223900586439 0.013084091697977472 -0.789047973263911 -0.013051907812258762 0.999914783083467 0.00027259097213303414 -2.455901573514498 -0.013079421262352325 -0.0004433168004062999 0.9999143624351746 128.79004546227347
0.9998265637960659 0.012356635452068266 0.013933982307885806 -0.7777027028782302 -0.012372212273324239 0.9999229285143426 0.0010321940892144674 -2.484459639850371 -0.013920155125254298 -0.0012044092781857147 0.9999023845730171 130.13495119082
0.9998419309375268 0.010631285465714416 0.0142509258813334 -0.7652600996411287 -0.010655883107499983 0.999941861221496 0.001651168218334563 -2.5057001288398375 -0.01423254451120376 -0.0018027634521738751 0.9998970870625962 131.45946879924048
0.9998609250801632 0.008770866948328657 0.01418458234330176 -0.7509060716555673 -0.008798026388713687 0.9999595789985175 0.0018534076080601164 -2.5321298862684856 -0.014167754192991948 -0.001977946209481284 0.9998976759976439 132.80010973944744
0.9998787635948693 0.006724613526504417 0.014044133147418526 -0.7430125304007303 -0.006761850929135281 0.9999737437069516 0.0026056251016277313 -2.5502705895898092 -0.014026243762314362 -0.002700273586729876 0.9998979812981295 134.1382447574432
0.9998929249451485 0.0057693543531455345 0.013448166742488046 -0.7272426975134323 -0.005803395812106879 0.9999800510051503 0.0024936318754736064 -2.5844081394682394 -0.013433512952691795 -0.0025714099484197123 0.9999064599129913 135.49706937816256
0.9999127268538237 0.004946662459681568 0.01225027357616607 -0.7178909109192166 -0.00497202389927638 0.9999855572439618 0.0020406594886554974 -2.6121965256288093 -0.012240003227764387 -0.0021013900821152892 0.9999228802637514 136.81814527375747
0.9999329861104925 0.0029496121243621576 0.011194779035365678 -0.7121470240341958 -0.0029827630646797132 0.9999912128677733 0.002945728532657384 -2.6345000661092817 -0.011185992851850526 -0.00297892255322005 0.9999329975444907 138.18436004443328
0.999946913033655 0.00201709716645148 0.01010457504198683 -0.6983461666669635 -0.002051438476160003 0.9999921518695536 0.0033893660756233617 -2.6612304801184203 -0.010097659909956433 -0.0034099151190190974 0.9999432032555718 139.5029446578973
0.9999610053669573 0.0008909522692699028 0.008786009047626019 -0.698415625101139 -0.000918812817152872 0.9999945614129485 0.003167479826522379 -2.6812797630827947 -0.008783139930539046 -0.0031754290656522007 0.9999563855973232 140.8618232248567
0.9999709516237315 0.00074732460225394 0.007585342455438844 -0.696833913011152 -0.000767515861202544 0.9999961694876158 0.0026593101142133903 -2.702632892617731 -0.007583326670554839 -0.0026650547831462866 0.9999676947948498 142.1776204014629
0.9999780537222352 0.0008787713865887909 0.006566569855709732 -0.6918940178822321 -0.000891616877345537 0.9999976943973119 0.0019535149256879533 -2.7236854222101683 -0.0065648385760371615 -0.001959326951763201 0.9999765316877571 143.52507416179765
0.9999835570542128 -0.0003409287948342721 0.0057244558958905855 -0.6859353935938146 0.00033957884861651397 0.9999999143068767 0.00023679498812220108 -2.752399518547687 -0.0057245366191292085 -0.00023484719008124444 0.9999835871259729 144.89360492713075
0.9999824744878746 -0.00361357697685356 0.004689646990862287 -0.6947566770894458 0.003617265518097072 0.9999931548441101 -0.0007782352757223258 -2.8014713784984564 -0.0046868030728930985 0.000795185357356246 0.9999887007120601 146.19580585549556
0.9999078125834717 -0.013134795787086463 0.0034414370019271614 -0.688363316231487 0.013128412279998121 0.9999120678049447 0.0018712131266208785 -2.8144401385127495 -0.0034657126815530203 -0.0018258600436360669 0.9999923275039267 147.55779381213907
0.9997802993628846 -0.020878687276913617 0.0018529521664899904 -0.6794670260261264 0.020872259333956252 0.9997762881654932 0.003423799936877781 -2.838740920403127 -0.0019240222456114726 -0.0033843724768665416 0.9999924220509749 148.86515666295523
0.9996661352303562 -0.025820913872965673 0.0009478821410841129 -0.6630034594856826 0.02582040187030444 0.999666446425702 0.0005502172280554303 -2.857295676772977 -0.0009617731621157364 -0.0005255588219284741 0.9999993993893149 150.1784535658049
0.999705069517619 -0.024256661896344324 0.0011782773226753523 -0.6713816228057432 0.02426023699248009 0.9997008096113104 -0.0031196413798029793 -2.8893537113848393 -0.0011022528010876625 0.0031473066710374633 0.9999944397333775 151.5636186920247
0.9997834329006904 -0.020693611958228157 0.0022049331797211738 -0.684616432941445 0.020704631569762016 0.9997726420748249 -0.0050972918680208005 -2.9237993270752485 -0.0020989506707435393 0.005141840410309361 0.9999845778212177 152.89091494343742
0.9997786860393734 -0.020819187908286907 0.0030233038016789938 -0.6875726871083401 0.02083501583973135 0.9997688725405157 -0.005301283641181076 -2.954864027731325 -0.0029122368617803683 0.005363101099697905 0.9999813778361978 154.26415443753112
0.9997064434444475 -0.023985197632638254 0.0034259650008196096 -0.6904475051801336 0.023993198983279628 0.9997094451989835 -0.002313348412220714 -2.9821266295127495 -0.003369483736238713 0.002394869241891621 0.9999914555516302 155.59056156712214
0.999508497277737 -0.0311368782250826 0.0036412465299225684 -0.6894267591754766 0.031132837118405053 0.999514580478726 0.0011618413957131368 -3.010649209667997 -0.0036756554191264956 -0.0010479080062366058 0.9999926956941839 156.9298985173319
0.9993488114687343 -0.03589787830899957 0.003646275949105073 -0.6786086522229302 0.03588886742496345 0.9993526400931255 0.0025079789907560025 -3.0294385137367192 -0.00373394693155825 -0.0023754851258089324 0.9999902073053555 158.2636977757149
0.9993575047983397 -0.035661702751273464 0.0035805781828280887 -0.6682721287555864 0.035653837789817414 0.9993616949521292 0.002237529299879995 -3.066002400896836 -0.0036580870910180273 -0.0021084303556360207 0.9999910864183539 159.61376939280242
0.9994047288794813 -0.03418446359815963 0.004648690893775314 -0.6729897651829209 0.03417362658374712 0.9994130498023216 0.0023914745900764553 -3.085380804030387 -0.004727714014767339 -0.002231188401605772 0.9999863351634077 160.9730305614323
0.9994576346067607 -0.03240469355302738 0.005862802465857053 -0.6778946526980607 0.032393186371112825 0.9994731057077695 0.0020475494221582177 -3.101508796453723 -0.005926064096961856 -0.0018565240562710803 0.9999807173525608 162.30379548107638
0.999590914194186 -0.027753675570393314 0.006909251375541096 -0.6817610728324524 0.027755084008636136 0.9996147476415393 -0.00010776821246801665 -3.136762050161473 -0.006903599187631495 0.00029949101113169825 0.9999761250233988 163.67825467632736
0.999649881291694 -0.025343322250354232 0.0076046602296828535 -0.6819914782382892 0.025350439415216103 0.9996782724388985 -0.000840735094784406 -3.16022399985659 -0.007580907219990237 0.0010332222620416448 0.9999707307169658 165.00816708145186
0.999712853500669 -0.022639103076958725 0.007853761384084744 -0.6817874020097259 0.02263516517445338 0.9997436176563894 0.0005901263794399242 -3.186513496122837 -0.00786510841287192 -0.0004121857249526492 0.9999689846019327 166.36763954564495
0.9997252972406181 -0.022112843281613868 0.007768669787661319 -0.6781860270671718 0.022111550091147743 0.9997554778985419 0.00025250762581537154 -3.2123478782117982 -0.007772354492836392 -8.06609084719975e-05 0.9999697915400595 167.7167692155893
0.9997621914721531 -0.020562081978525132 0.0072636974226415844 -0.6756131693620259 0.020577089462873677 0.9997862743569738 -0.0019972457839508274 -3.2365445128192234 -0.007221078063133683 0.0021462366374758496 0.9999716244439529 169.08132065013095
0.999841510811347 -0.016544507124151453 0.006575147003298212 -0.685133918158565 0.016580529141693646 0.9998476140163806 -0.005462123211379607 -3.274062981279432 -0.006483777457921783 0.005570277068125668 0.9999634656510223 170.49536002302443
0.9999280133679544 -0.010077175509971677 0.006512958772519399 -0.6861022717613865 0.010119953395006775 0.9999272161883951 -0.006568779118803531 -3.3118256919016638 -0.006446290543944676 0.006634217237476347 0.9999572153315117 171.83459163219942
0.9999571825783724 -0.0062172467865904135 0.006854113105420699 -0.687909877043545 0.006256056807433198 0.9999644383873635 -0.005655413892939815 -3.340954911795936 -0.0068187088387000536 0.005698051586266173 0.9999605179262406 173.20956989720224
0.9999687793527965 -0.001970865464177435 0.007652190452848694 -0.6981901422684922 0.0019971076496430647 0.9999921465063647 -0.003423227111608795 -3.3832479445764148 -0.007645384285091794 0.0034384025598345534 0.999964862122672 174.5878142429128
0.9999680127995318 -0.002554550436695332 0.007579423481332205 -0.6995705352935049 0.0025637941245094525 0.9999959813117453 -0.0012100894303842804 -3.4046230672063875 -0.0075763024285929815 0.0012294828367550668 0.9999705435694561 175.97954163224904
0.999962975202032 -0.005348934127298031 0.006740707836675549 -0.6978571923531796 0.005351305450987158 0.999985625962698 -0.0003337531235197296 -3.429551582983843 -0.006738826291430648 0.00036981236983603416 0.9999772254669108 177.40465668524254
0.9999548879874978 -0.007955028162327418 0.005190330564514296 -0.6970357681590105 0.00795624049036812 0.9999683259560616 -0.00021286866719839685 -3.4548059540151774 -0.0051884732276263395 0.00025415459778085496 0.999986507481629 178.77915112244585
0.9999557733727318 -0.008889695832229674 0.0030699543655673084 -0.6939946413268445 0.008902189969094275 0.999952050230084 -0.004080226123663256 -3.486210176926452 -0.003033535451871053 0.004107375076209073 0.9999869634793127 180.11843282771255
0.9999797342999824 -0.006184707698977344 0.001510095931522214 -0.70608257086621 0.006197088672069346 0.9999460493872548 -0.00833633006139478 -3.5295419578114684 -0.001458456825845354 0.008345519488629157 0.9999641119592062 181.5351863252783
0.9999972437954456 -0.002113064002536148 0.0010234093324744081 -0.7317219069842673 0.00212256331733438 0.9999538337360884 -0.009371505631709387 -3.5612559787896165 -0.0010035595866143515 0.009373652240216024 0.9999555627680988 182.93362652924006
0.9999969752244907 0.002344515757147559 0.0007434948914280528 -0.751961488886289 -0.002338219199401993 0.9999623227036125 -0.008359779190433089 -3.594649425304932 -0.0007630665840580816 0.008358015613507016 0.9999647800315428 184.258985618969
0.9999949591122601 0.003008963721332681 0.001013845833588703 -0.7455855085205478 -0.0030038475727534276 0.9999829344429336 -0.0050107612532467784 -3.6235552169376715 -0.0010289058218068954 0.005007690653448407 0.9999869321073498 185.70102602905243
0.9999926934886865 0.00351645796320464 0.0014991625047813663 -0.7605076713809332 -0.003512588268996155 0.9999905122744656 -0.0025762553157382432 -3.6587346686650815 -0.0015082077044421011 0.002570970600879589 0.9999955576988139 187.0672812563983
0.9999926069885011 0.003466178910645405 0.0016648026894812748 -0.7659128370436928 -0.0034625853213046086 0.999991679421256 -0.0021567563078941556 -3.691875375057127 -0.001672264683890422 0.0021509758827161626 0.9999962884086427 188.50991969550645
0.9999981073168137 0.0012806233312215717 0.001464706982520943 -0.7646525193740142 -0.0012783424535951172 0.9999979705467147 -0.0015571593929986523 -3.721857892987002 -0.0014666982699156781 0.001555284079538555 0.9999977149400863 189.9272615860131
0.9999977090297464 -0.0014518956392854353 0.0015728759446429895 -0.7713414000916516 0.001453588497199225 0.9999983650645263 -0.0010756145435772302 -3.7509042797703898 -0.0015713118265939941 0.0010778984173921836 0.9999981845542661 191.28405896871462
0.99999387234813 -0.0029538316390266394 0.0018788697829923136 -0.7761925185110046 0.002955291900300602 0.9999953329548964 -0.0007747993645290062 -3.786142460923901 -0.0018765725463631754 0.0007803472446483492 0.9999979347633621 192.74256496731687
0.9999765541163009 -0.006455240246449235 0.00228497306641905 -0.77782789491905 0.006455081422108719 0.9999791627718484 7.705927446394642e-05 -3.814614006585031 -0.0022854230826777674 -6.230777497741929e-05 0.999997386474597 194.10865215378507
0.9999342045206877 -0.011189210649038722 0.0025274904670983993 -0.7763460033985594 0.011185035981649017 0.9999360674201696 0.001660130124112598 -3.8350227361295928 -0.0025459046367950437 -0.001631750844764464 0.9999954278673862 195.5743630104305
0.999900975414931 -0.013793638438565828 0.002788353749300801 -0.7720607539520392 0.013788969031462196 0.9999035040576897 0.0016872746770084338 -3.8638316565615085 -0.0028113585765571396 -0.0016486590914880596 0.99999468907729 196.9788023901911
0.9999258848914364 -0.011788788444952241 0.0030412505877389206 -0.7796205399249312 0.011795911913804089 0.9999276999135984 -0.0023348228215193372 -3.8969309494127855 -0.0030135062285059507 0.0023705241581088304 0.9999926496686773 198.38171221366778
0.9999840839099544 -0.0045898749096980815 0.0032810037036704654 -0.800218801330157 0.0046147409137043995 0.9999603821046327 -0.007611726555665179 -3.9337081895932946 -0.0032459371246881304 0.007626746545244603 0.9999656477226576 199.80947219982565
0.9999784014136716 0.004468779469106834 0.004819410032506336 -0.8128519049430107 -0.004428618674874463 0.9999556486955203 -0.00831191836155953 -3.960383811139935 -0.004856340832971602 0.008290395670532559 0.999953841578799 201.26182015489866
0.9999142504197741 0.011524509782658813 0.00621912056595752 -0.8328258622952109 -0.011498613834969376 0.9999251358131035 -0.004183859055279563 -3.996934374240353 -0.006266872434844605 0.004111989102659735 0.9999719085299588 202.71230337873396
0.999893210384614 0.012678562394320546 0.007267864746007673 -0.8259974000211345 -0.012662654668505949 0.9999173370794734 -0.0022307433479269423 -4.025050713192648 -0.0072955472008722645 0.0021384747046214814 0.9999711005374763 204.15407654519632
0.9999145293549042 0.011253329942793138 0.006655563843622761 -0.8201926457370655 -0.011242326281727643 0.9999353774232974 -0.0016885211840748484 -4.059196548640101 -0.006674135795980559 0.001613552873376254 0.9999764258980796 205.5834433613825
0.9999606858188543 0.007095535472143856 0.005317911619024276 -0.8185387295013771 -0.00708736403629041 0.9999736769205596 -0.0015539472196458909 -4.083790378858184 -0.005328798174853459 0.0015161961807133588 0.9999846524088493 207.02347829809145
0.9999742958461482 0.0058610278722486045 0.004129890119025236 -0.8130117222338613 -0.005852730686517604 0.9999808356672547 -0.00201837897461331 -4.120515944250637 -0.004141641099872125 0.001994155997444514 0.9999894350170847 208.49354991244252
0.999973299652981 0.006319214886942816 0.0036698087072956805 -0.8225281175298742 -0.006309288987330231 0.9999764236679319 -0.0027101649141871133 -4.147039845414399 -0.0036868486153072274 0.0026869387193006328 0.9999895936973071 209.95282283117183
0.9999636212587663 0.0077098778632946645 0.003648825899718231 -0.8275425193285442 -0.007699747670268214 0.9999664855788766 -0.0027823769466151058 -4.184821704940145 -0.0036701557107575574 0.0027541807398896966 0.999989472164994 211.43718635595235
0.9999538785561056 0.008971488671819168 0.003428284709396513 -0.8351035831533498 -0.008964007224186466 0.9999574208127265 -0.0021916103830488935 -4.2085840452064245 -0.0034478010372460685 0.002160778172434746 0.9999917218163531 212.86157259770556
0.9999566908135892 0.00878918507549679 0.0030605077071987276 -0.8479017450834359 -0.008782130300792319 0.9999587655590885 -0.0023111444029757164 -4.248712991275133 -0.00308069484753628 0.0022841665725163236 0.9999926459220667 214.3172732045158
0.9999539625564031 0.00917062027604719 0.0028235571133116933 -0.8459117399354799 -0.009161631929611037 0.9999529743304768 -0.003180196321361281 -4.283937144341377 -0.002852588950738334 0.003154181579713421 0.9999909568945835 215.77549327058108
0.9999630177970114 0.008270290449830721 0.0023590929224789224 -0.8572491666976549 -0.008261650012822636 0.99995921282045 -0.003649363330219628 -4.317222949382643 -0.0023891782018255507 0.003629738435801924 0.9999905583669354 217.22763038082465
0.9999674265483246 0.007851542151561176 0.0018705918734127562 -0.8553223260402774 -0.007844923343834383 0.9999630324891885 -0.0035200638891658537 -4.352009449245851 -0.0018981608160626724 0.0035052746432994043 0.9999920549846226 218.7090508706675
0.9999528337032462 0.009537010517534607 0.0018373296786360653 -0.8661752260105116 -0.009529440212171583 0.9999462448591178 -0.0040862186758558825 -4.3930895699984935 -0.0018762013856889693 0.004068517295141685 0.9999899634659305 220.2121934568556
0.9999654831251352 0.00814093444522698 0.00166064127298484 -0.872959201363554 -0.00813386008247993 0.9999580002780044 -0.004223507780114008 -4.421493150506272 -0.0016949549736737588 0.004209854652181781 0.9999897020714185 221.71063608259897
