1.0 -3.469446951953614e-18 0.0 -1.5585406229479126e-19 0.0 0.9999999999999999 -3.5744790374131474e-19 0.0 2.168404344971009e-19 -2.405573570202213e-19 1.0 0.0
0.9999999398638733 -7.085355597652096e-05 -0.00033948727388392647 0.05569069961672338 7.12380652174889e-05 0.9999993559314045 0.001132723099534982 -0.026761272848715878 0.0003394068273799933 -0.0011327472383819155 0.9999993008434594 1.3159701006825606
0.9999991075624272 -0.0005587901877283849 0.0012135198795759842 0.11108300046058615 0.0005566348298350291 0.9999982684086526 0.001775763547265731 -0.04833477912174308 -0.0012145101586562628 -0.0017750865086460642 0.9999976870130872 2.5650198957187875
0.9999986232200898 -0.001430135824638315 -0.0008415879599840037 0.031248357755077897 0.0014311475773320717 0.9999982526480902 0.0012027115171101901 -0.07682847730356178 0.0008398665206583878 -0.001203914321128429 0.9999989226074563 3.935772955960213
0.9999975080327472 -0.002217559999541754 -0.00025760208541057835 0.01914597930020836 0.0022178510364785353 0.9999968970300716 0.0011344882293110048 -0.09360369337421767 0.0002550855129933973 -0.0011350567461371008 0.9999993232888409 5.250264149498295
0.9999969430830068 -0.002413045844536065 -0.0005394785380039356 0.025376523997471964 0.0024138212726851783 0.9999960483801574 0.0014410715290674285 -0.10801785694890154 0.0005359990811593662 -0.0014423693556200226 0.9999988161376538 6.57248255224309
0.9999938741129247 -0.0034769065160398446 -0.0004035615765268911 0.014685473496807046 0.003477855818715181 0.9999911310321061 0.0023753674951675135 -0.14692049307081867 0.00039529910220769283 -0.00237675651741669 0.999997097379852 7.90899762454166
0.9999935676740165 -0.0035824870572401264 -0.00017436113722088032 -0.005934045627935031 0.003582928668502088 0.9999901997573601 0.0026005779976078307 -0.1632049115521051 0.00016504290773014692 -0.0026011860420199467 0.9999966032906081 9.224220294353046
0.9999941762245704 -0.0033254802024663983 -0.000767269077038505 -0.004189017121665011 0.0033269907552001075 0.9999925139405937 0.0019756493248291374 -0.18524426254182036 0.000760693416621782 -0.001978190553279927 0.9999977540520885 10.558369361153156
0.9999995351484803 -0.0007265355792587993 -0.0006339156245072323 -0.02325945422997735 0.0007261836531555609 0.9999995821547497 -0.0005552896076251632 -0.20782488962514356 0.000634318850488003 0.000554829021309477 0.9999996449025813 11.874346612357495
0.9999964384154889 0.0025735792516844037 -0.0007069939394174626 -0.021497549180579806 -0.002574617349890367 0.9999956035638193 -0.0014711231477248185 -0.23937737111780533 0.0007032048372097274 0.0014729381735463364 0.9999986679776401 13.220841183265737
0.9999857834030819 0.005298880617881162 -0.0005956882887261155 -0.040993972652534356 -0.0052998360623966005 0.9999846542644579 -0.0016133765614769896 -0.2535507467024129 0.0005871301056137727 0.0016165107023524835 0.9999985210849804 14.561113252494387
0.999983949867059 0.005664350661458218 -0.00012299744727327887 -0.06317082138791491 -0.005664462150689644 0.9999835311013884 -0.0009227166172394127 -0.285679462382997 0.00011776883998995224 0.00092339853566597 0.9999995667327654 15.908147366993672
0.9999919080581012 0.004022827268765096 -2.5912311958611618e-05 -0.053346149732002676 -0.004022775581728395 0.9999903538245704 0.0017633892691843792 -0.3126921683778342 3.3005876398848905e-05 -0.0017632707983857771 0.9999984448923179 17.258440828954924
0.999999796501147 -0.000511098045275795 0.0003818086426840466 -0.07864348825821518 0.000509639847131 0.999992613337635 0.0038096634737628515 -0.3398837927015427 -0.00038375296324839187 -0.0038094681879819953 0.9999926703161435 18.610008047644946
0.999997152148656 -0.0023793168137029204 -0.00018587440788956472 -0.06380433192397313 0.0023796626441237347 0.9999953972891585 0.0018821802184413056 -0.3776909575935664 0.00018139526634613243 -0.0018826172120886269 0.9999982114227982 19.95350847296324
0.999995078891188 -0.0031332625796098995 0.0001576823285904768 -0.07781213922992132 0.0031333416123790134 0.9999949649723474 -0.0005021910901403274 -0.379245727500245 -0.00015610805149118812 0.0005026827038382862 0.9999998614700282 21.301403217173565
0.9999992815132066 -0.0011441255227004447 0.00035770402942097166 -0.08864152631549282 0.0011447130390736492 0.9999979895089368 -0.0016463925808816468 -0.4361688671713301 -0.0003558196618209683 0.001646800900060206 0.9999985807182237 22.65700963140678
0.9999988836115206 0.0011440306766323741 0.0009612330468862739 -0.08559571241332686 -0.0011435933491332631 0.9999992423717909 -0.0004554690990157409 -0.43384900860770675 -0.0009617534709729801 0.0004543693396780776 0.9999994342884965 24.02641364298753
0.9999975482071761 0.0012567954184964517 0.001823196444481372 -0.10035724153542333 -0.0012634944756346293 0.9999924385934742 0.003677817148266923 -0.4570156646441311 -0.0018185605455880414 -0.0036801118016727254 0.9999915747709662 25.42048320038571
0.9999978139120029 -0.0004559191199305021 0.00204066471343176 -0.09450933016754848 0.000446559679015298 0.9999893909992341 0.004584590678505707 -0.4793553126425315 -0.0020427334354408393 -0.0045836694659385484 0.9999874085270182 26.78867249483515
0.9999901252480139 -0.0039868647773448635 0.001963243196556606 -0.10237207095412601 0.00397948683504197 0.9999850585592508 0.0037478442564711566 -0.5149458347210368 -0.0019781561749889565 -0.0037399946160361097 0.9999910496281905 28.15856968570146
0.9999866899156258 -0.004788098437924453 0.0019220077726232044 -0.1177086777951651 0.004785752559850054 0.999987799798956 0.001223445621322727 -0.525380511494628 -0.0019278424634089394 -0.0012142311022384693 0.9999974045285408 29.51480778881825
0.9999861220853348 -0.004614037980598319 0.0025428920004943113 -0.11470398113825372 0.004615813079409918 0.9999891072809354 -0.0006925193435266473 -0.573074804191245 -0.0025396692058085833 0.0007042472664368635 0.9999965270503126 30.906611987646365
0.9999934681486302 -0.0020729657068073396 0.0029608242334711954 -0.12261718870956818 0.002078868809739967 0.9999958550958374 -0.001992007203180117 -0.5765921319041186 -0.00295668284986748 0.0019981494002112242 0.9999936326904935 32.289197473992
0.9999937524719253 -0.00033840194972020385 0.0035185943390517145 -0.12948050054652707 0.00035227100274127544 0.9999921691545424 -0.003941767927264661 -0.6216198825838232 -0.0035172331839564246 0.003942982880551264 0.9999860408786663 33.670404295768634
0.9999929793980055 0.00010548222681215288 0.00374566850871013 -0.14425649615725775 -9.114241562183795e-05 0.9999926677325373 -0.0038283383602805473 -0.6381103668894252 -0.0037460451858196808 0.003827970172180506 0.999985656789672 35.06455939390544
0.9999946990594533 -0.00016502903494557825 0.0032518645056969896 -0.1421990127060526 0.00017225788180972625 0.9999975146789954 -0.00222282769871421 -0.6818355835698159 -0.0032514898692363615 0.002223376121522918 0.9999922421738962 36.45656169808929
0.9999943842477986 0.001150071371891089 0.003147826350021198 -0.15636349314193276 -0.0011464221106244525 0.9999986690388936 -0.0011608784900289718 -0.7018443153387204 -0.003149157520652625 0.0011572632575865933 0.9999943717564388 37.85615709795061
0.9999913681603286 0.003219944222480682 0.002625940129362978 -0.15338673827677252 -0.003218097892282036 0.9999945719060566 -0.0007071141179495536 -0.7272653335039126 -0.0026282029664183404 0.0006986574953019252 0.9999963022048378 39.25438965760239
0.9999836361614611 0.004789247790048466 0.0031289790010564545 -0.16721366251155437 -0.0047866535965494575 0.9999881943362228 -0.0008361488548063379 -0.7496834265906069 -0.0031329468511795836 0.0008211578486795464 0.9999947551561229 40.65094116789015
0.9999619994192002 0.008090671786855394 0.0032466496979253303 -0.18289002487847306 -0.008089288800532016 0.9999671847952727 -0.0004390407549351781 -0.7863491316958907 -0.003250095568616468 0.00041276098867477993 0.9999946332371125 42.07367260740098
0.9999528769546301 0.009246664570511183 0.0029568645005655105 -0.18666900807159753 -0.009245537152788037 0.9999571811289457 -0.0003949329692072769 -0.8138858611740986 -0.0029603899547274424 0.0003675765607391818 0.9999955504775759 43.46475397644752
0.9999618338600017 0.008381511313202614 0.002465983883872335 -0.1946225611796244 -0.008380263130837177 0.9999647517111536 -0.0005162783829299381 -0.8419125572708588 -0.002470224364963692 0.0004955930901125924 0.9999968261828378 44.891975605207875
0.999966731448334 0.008002260164748906 0.0015810799557053371 -0.18638885682166642 -0.00800062692903367 0.9999674568279691 -0.0010369527694942392 -0.8784910892158582 -0.0015893266038490197 0.0010242686560594414 0.9999982124545679 46.28605456805544
0.9999715555062219 0.007488478122571708 0.0009004772974597498 -0.20916204360234708 -0.007487965916420746 0.9999718015528809 -0.0005713855237991815 -0.9078890497926452 -0.0009047307907937079 0.0005646265338449807 0.9999994313286824 47.71891902926683
0.9999702930248362 0.007704846368034836 -0.00021998532110925422 -0.20998206804082953 -0.007704824168738422 0.9999703120180328 0.00010384342599092935 -0.9339063377112895 0.00022077890607562884 -0.00010214540099183237 0.9999999704116734 49.11872551234616
0.9999633294197815 0.008492849097609985 -0.0011005951249174494 -0.2283261527536921 -0.008492684148570228 0.9999639245103659 0.00015495886960658855 -0.9637170599959853 0.0011018715553947945 -0.00014560619067466147 0.9999993823396708 50.54194180157942
0.9999623386059616 0.00839349681592481 -0.0022069342725645727 -0.2380148259795251 -0.008392563358258368 0.9999646884562949 0.00043213300876046855 -0.9841233091726967 0.0022104836359418487 -0.0004135949146978934 0.9999974713494032 51.98907612453485
0.9999541619963297 0.008921757137289012 -0.003475072630430417 -0.2454617356822705 -0.008917173473503813 0.9999593534858854 0.0013324461583079177 -1.02030622588661 0.0034868194370153665 -0.0013013972914777735 0.9999930742069598 53.400972251549064
0.999969170453253 0.006703742830520448 -0.004088759421091005 -0.2659107284474575 -0.0066949990314632245 0.9999752800541085 0.002148553483840511 -1.0398851770066584 0.004103062045223597 -0.002121113054824962 0.9999893328277839 54.84957395125747
0.9999762018200493 0.004917623272007245 -0.0048386729532008356 -0.2625610769696488 -0.004904636438356433 0.9999843480573986 0.002692246393071414 -1.063227174725573 0.004851837083951876 -0.00266845045113506 0.9999846694120071 56.2577607688277
0.9999814418828363 0.0031777596004687178 -0.005197857037187314 -0.2862292422509813 -0.0031665447334708425 0.9999926440684742 0.002164441914323033 -1.093204136755229 0.005204697319554532 -0.0021479425485327634 0.9999841486140059 57.68553750845252
0.9999853265140628 0.0017699121008778991 -0.005119976033240584 -0.3054256214791178 -0.00175865087686034 0.9999960266176087 0.0022031565426377684 -1.116040927251716 0.0051238555177158356 -0.0021941200130799533 0.999984465855583 59.13044284304561
0.9999873311841724 0.0014931389831853306 -0.004807077620183865 -0.31367834703680847 -0.0014798089023648894 0.9999950536648167 0.0027753943017781763 -1.1510198708420147 0.00481119830092787 -0.00276824564418085 0.9999845944797512 60.53044071189759
0.9999906755481844 -0.0004287328861360927 -0.004297091730854995 -0.328967001232355 0.00044419562619354806 0.999993428146056 0.003598104152933296 -1.1745499155336168 0.00429552123137826 -0.0035999794260575375 0.9999842942038571 61.990857728098725
0.9999880056484765 -0.0029151140738428987 -0.003935818336170173 -0.3400305116379886 0.00292764440621077 0.9999906530552994 0.003181618368323554 -1.1968036986299595 0.003926507102427597 -0.0031931029473081392 0.9999871932397486 63.386751528518374
0.9999868323715406 -0.00371602103568878 -0.00353924707637078 -0.34993555876525506 0.003723304455671119 0.999990960086234 0.0020534712638900785 -1.227495418990814 0.0035315846398537194 -0.0020666219597137736 0.9999916284601806 64.80690849320726
0.9999904141561115 -0.003444372791630842 -0.002703311310116155 -0.36270315291330557 0.003449823780569008 0.9999920206974229 0.002014262193189108 -1.2602535008151983 0.002696352099429883 -0.0020235688718711247 0.9999943174135955 66.26059063699115
0.99999640840723 -0.0016957980130475718 -0.0020754374889221192 -0.37785493016121274 0.0016996433380130661 0.9999968399719809 0.0018523648894533007 -1.2893118914338018 0.002072289870532463 -0.0018558857769812207 0.9999961306457822 67.6270026900933
0.9999983835397269 0.0010523892378775717 -0.0014578719521013313 -0.39593948381656885 -0.0010479024659396279 0.9999947230789045 0.003075014786432566 -1.3176305176319276 0.0014611004973954192 -0.00307348217075151 0.9999942094310892 69.10163959607554
0.9999901833919659 0.004387599176556569 -0.0006181292760124686 -0.409004249391624 -0.004384989222523404 0.9999817217610533 0.00416269393156029 -1.3443608839827297 0.0006363822670333627 -0.004159942663680724 0.9999911449090741 70.45612879719775
0.9999650415971864 0.008353615204515137 0.0003642512616223116 -0.4320041152659264 -0.008355295330196397 0.9999531708637901 0.0048831481982586035 -1.3736681552698722 -0.0003234422869197041 -0.0048860210204985195 0.99998801102029 71.91120848478066
0.9999258784864807 0.012149289234781927 0.0007951578183803243 -0.4386071699276939 -0.012152661750586387 0.9999165495499164 0.0043825536916307275 -1.389432533288069 -0.000741846609605657 -0.004391892229388574 0.999990080423867 73.27434843323708
0.9998716654941179 0.015947166779006414 0.0015298279160597885 -0.4520108319906957 -0.01595297150346328 0.999865293958254 0.003859621681723091 -1.4149320296337553 -0.001468071930223827 -0.003883531747797909 0.9999913814352194 74.67289798883412
0.9998321332193668 0.018176509856222982 0.0023064742675557846 -0.4669149538203755 -0.018185332621536966 0.999827169847556 0.0038631803177450906 -1.4452775593966258 -0.0022358566910127176 -0.0039044759089040953 0.9999898779540455 76.10958001636922
0.9998361020012885 0.017907223246314337 0.002664665838442633 -0.471966850071631 -0.017918211815487167 0.9998308089586232 0.00415826783950436 -1.465876008951972 -0.0025897521868613656 -0.004205332449136726 0.9999878041056817 77.4801541919114
0.9998539856796664 0.016879612601625075 0.002661945988277834 -0.47564794067393457 -0.016890493335915892 0.9998488611392538 0.004118999682060628 -1.5010852880095849 -0.0025920167625509073 -0.00416335992297877 0.9999879738680559 78.89940071954358
0.9998708199283232 0.01587904398233328 0.002489855251686347 -0.4822522432292746 -0.015886523084652295 0.9998692616803373 0.0030129674151005534 -1.5218100471008542 -0.002441686894931232 -0.003052133413022218 0.9999923612928676 80.26716500655222
0.9998764120177102 0.015566333346927435 0.002202253084303946 -0.48730098038111846 -0.01557299402180514 0.9998741125140168 0.0030399049154775253 -1.557308257824173 -0.002154655855489363 -0.003073824964635387 0.999992954503138 81.64313215751257
0.9998860690521704 0.014991967905831594 0.0017577762015943774 -0.4937790907227638 -0.014997791536788242 0.9998819233029734 0.003347497452876292 -1.5773448007624677 -0.0017073832172816448 -0.00337347890694458 0.9999928522149129 83.06647567058948
0.9998888887618008 0.01482589659353956 0.0015501240873049553 -0.5115962184173323 -0.014829820798623026 0.9998867784592266 0.002550826407852082 -1.603800867560058 -0.0015121304179294358 -0.0025735311056528766 0.9999955451888758 84.41339317012421
0.9998852050742103 0.015133234919063224 0.0007495573499043007 -0.5178832540142465 -0.015135304855716637 0.9998814325642308 0.002836088696115002 -1.6255493769508524 -0.0007065493386516817 -0.002847107973655595 0.9999956973726035 85.83012225355772
0.9999004076704446 0.014103430799894508 -0.0005176325888335428 -0.5277672200990505 -0.014101471908505699 0.9998940441846204 0.0036123301548523557 -1.6594156295590974 0.0005685240411127128 -0.0036046710953805275 0.9999933415420088 87.17293053109385
0.9999154016232703 0.012898617846151966 -0.0016778616323359433 -0.5328210351471577 -0.012890418658958245 0.9999053485080052 0.004809486711211242 -1.6870007288050028 0.0017397387014550026 -0.004787451603205356 0.9999870267260617 88.5608330881973
0.9999352742763716 0.01104934376389154 -0.002712789995662868 -0.539094700810087 -0.01103522356665149 0.9999257641799799 0.005166236004614919 -1.7128884335325776 0.002769672364583491 -0.005135965484104679 0.9999829752449114 89.94371039014874
0.9999515643318385 0.009116938658160323 -0.0037081522021034027 -0.5497684892705359 -0.009096522425830884 0.9999435768361545 0.005486022477951104 -1.7380400586848512 0.003757959028253085 -0.005452025586619753 0.9999780763443008 91.3158112790078
0.9999570180604961 0.008338040272067962 -0.00405451480631682 -0.5664577436543805 -0.008318807548085913 0.9999541751836826 0.004737614439582001 -1.761169610886743 0.004093831778156738 -0.004703682181774772 0.9999805577730462 92.69151612446385
0.9999646319786247 0.007224272774317233 -0.004306350129784089 -0.578209752827317 -0.007204577692974438 0.9999635961294956 0.004571705375596876 -1.7912725274356696 0.004339220978567945 -0.004540518347895289 0.9999802772373656 94.01463559004719
0.9999663929962092 0.006895890225011846 -0.004433909494441013 -0.6014625665608758 -0.006877909528693448 0.9999681133694014 0.004057908118510661 -1.811099679238608 0.004461751380813628 -0.0040272758043032875 0.9999819367536692 95.41031042592756
0.9999729163179332 0.00600935082128142 -0.004249036733907277 -0.6061615984808383 -0.005996032129431115 0.9999770923852788 0.003140432267539953 -1.8304741733207752 0.004267811720641081 -0.0031148699217624877 0.999986041591179 96.75484513675465
0.9999651122088465 0.007248114798550806 -0.004152008430363486 -0.625187010084542 -0.007237617615077598 0.9999705878033098 0.002537801063170702 -1.8596215835699101 0.004170280938108227 -0.002507661933912725 0.9999881601283374 98.08975789190255
0.9999587103635316 0.008247202868640216 -0.0038159124790734618 -0.645778052706893 -0.008237103306941572 0.9999625497949153 0.0026550242998611717 -1.8782765243841837 0.0038376664223061076 -0.0026234826707193415 0.9999891947729909 99.47694786491058
0.9999585524795103 0.008261393363330797 -0.003826575207560748 -0.6533825519836776 -0.008245679644432864 0.9999575806846736 0.004104341036293676 -1.9104372684817683 0.0038603207916634024 -0.004072618297975511 0.9999842557318878 100.7978661646075
0.9999553742704109 0.008702270180972096 -0.0036769465024540015 -0.6762321592551965 -0.008682125253981458 0.9999474045086544 0.005459755955700854 -1.93308834110036 0.003724265701672939 -0.005427588716692428 0.9999783353322846 102.1305765758346
0.9999549376032568 0.008831657572845443 -0.003482034118725829 -0.689175642361185 -0.00881625438185398 0.9999513913649456 0.004414587673582758 -1.9573832465469725 0.0035208532889930044 -0.004383690339154363 0.9999841933043555 103.48851129641682
0.9999562682034613 0.008754683809643277 -0.0032889461595379667 -0.699951021798859 -0.008748728814570355 0.9999600713825725 0.0018208249645254061 -1.9804557337546713 0.0033047558634759127 -0.0017919712832562295 0.9999929336919842 104.81142679201045
0.9999647283757668 0.007581676089339397 -0.0036138856315670606 -0.7222476597723964 -0.007580154990290049 0.9999711758003939 0.00043455113974139335 -2.004257420892319 0.0036170763957052714 -0.0004071420159865535 0.9999933754782736 106.12536179815683
0.9999757288185066 0.006204768432080188 -0.003169006833338816 -0.7267029147344122 -0.006199228895715646 0.9999792445537009 0.0017550028982512486 -2.038487870724528 0.0031798307154971128 -0.0017353149450668151 0.9999934386608188 107.49295081348329
0.9999923359807492 0.0028802342372450367 -0.0026518334457515612 -0.7348375798680922 -0.002870812441973146 0.9999895779780652 0.0035499824839749635 -2.054890300019255 0.002662030817027183 -0.003542342434580388 0.9999901826555206 108.82935251800544
0.9999964990999557 0.0018726713564183898 -0.0018694607219187876 -0.7513471844979318 -0.0018645667661532864 0.9999888971920544 0.004327688261299678 -2.0843472189639414 0.0018775444655564934 -0.004324187464352608 0.9999888880551082 110.16062024666576
0.9999982882023359 0.0013252326576062082 -0.0012912576863720344 -0.7625463379914302 -0.0013210187581870212 0.999993817296342 0.0032588771283563038 -2.1107154307945835 0.0012955685853498818 -0.0032571658404590737 0.9999938561688817 111.4823067145142
0.99999643148225 0.002612939447770416 -0.0005563853295252486 -0.7751228723604974 -0.0026124901379962736 0.9999962617743692 0.0008070546046711277 -2.1334062903811013 0.0005584920821229283 -0.0008055981918293571 0.9999995195494603 112.80186263106624
0.9999847284565314 0.005484340660728504 0.0006818000908865418 -0.775906972933498 -0.005483530825537007 0.9999842637401098 -0.0011845559718742732 -2.167956266772618 -0.00068828592987053 0.0011807992296943449 0.9999990659868206 114.15953578860206
0.9999644687196335 0.008180538505341216 0.0020347169672728475 -0.7941879791823911 -0.008177068550521667 0.9999651082929004 -0.0017081465167610083 -2.1891617239157783 -0.0020486197059065366 0.0016914478327455388 0.9999964710730639 115.46528824230016
0.9999505653109559 0.009318403733642849 0.0034690444873215764 -0.8063541830102252 -0.009318755555018543 0.9999565758446014 8.509303965895416e-05 -2.2156484782363868 -0.003468101209279209 -0.00011741601732669253 0.9999939792234765 116.8314624375107
0.9999513019204371 0.008848730858833139 0.004369637903553834 -0.8143747807003274 -0.008860239237547002 0.9999573116103332 0.0026212853086992286 -2.241152436010464 -0.004346256688247591 -0.002659873750010668 0.9999870174756547 118.12357903221172
0.999949103439816 0.008592918371070193 0.005286990706816138 -0.8138167292933479 -0.008610941891886416 0.9999571596790975 0.0033956596316283803 -2.2710225685591814 -0.0052575860264729496 -0.0034410128441159887 0.9999802584125024 119.49770773939662
0.9999378012043548 0.00920347943736201 0.006299974179625979 -0.8129571501483636 -0.00921934556499868 0.9999543908939655 0.002493956544991554 -2.294828825677633 -0.006276734294606555 -0.002551883115147363 0.9999770449831973 120.81695692177682
0.9999112667094427 0.01088174456186609 0.007684160604161269 -0.811041860568686 -0.010899808298410224 0.9999379208161087 0.002312729555207659 -2.318307965735989 -0.007658517691430747 -0.002396280265954459 0.99996780195229 122.12226570650853
0.9998830773872612 0.012504304651843953 0.00880192570905795 -0.8175219708050183 -0.01251906800715458 0.9999203144602677 0.0016240985615824227 -2.3386098526904706 -0.008780916841092001 -0.0017341006108899687 0.9999599433916545 123.49509438757474
0.9998611606558232 0.013336339833440531 0.00999006633877942 -0.8175481438621355 -0.013344041726961405 0.9999107160703636 0.0007046071075533102 -2.3654570384092386 -0.009979778350086923 -0.000837817161049477 0.9999498497823465 124.8177239163974
0.9998361441778574 0.01429163509252707 0.011110082448049879 -0.810424259779079 -0.01429043338373118 0.9998978689572008 -0.00018763014211616605 -2.390592531717359 -0.011111630245199743 2.8831503379144797e-05 0.9999382635120307 126.1417077377896
0.9998310674858252 0.013973870692596743 0.011940159079313478 -0.8060900872772006 -0.013969903859076174 0.9999023297602787 -0.00041564597437749066 -2.4191776372226865 -0.011944802074716647 0.00024877288778093034 0.9999286273575665 127.48770462122226
0.999826826843132 0.013347494522022385 0.012967678556069142 -0.8060867922105052 -0.013353699938807263 0.9999107585555402 0.00039198986008014906 -2.450172573801817 -0.012961290314900361 -0.0005650884771090226 0.99991583926989 128.81460245799636
0.9998303044911303 0.012212020538088508 0.013792343928158349 -0.7982381982540574 -0.012232759371991444 0.9999241684167197 0.001420226609972175 -2.4754416775970935 -0.013773955359838235 -0.0015887040577962632 0.9999038724639159 130.1840945016776
0.9998404705534397 0.010899766197627989 0.0141502127051293 -0.7833829943984294 -0.010926360257979113 0.9999386793115638 0.001803411582994346 -2.4969684655663844 -0.014129689432904729 -0.001957734242916263 0.9998982543982649 131.50886047578786
0.9998522670570773 0.00981171755204637 0.014112910474238684 -0.7699692927494605 -0.009839255491029956 0.999949820238528 0.0018831033564142123 -2.5307662515514004 -0.014093727003519877 -0.002021685727777978 0.9998986346832779 132.85017243592685
0.9998712661952827 0.007948128902573364 0.013938374075529706 -0.759742878735489 -0.007987249918152094 0.9999643110780304 0.0027532572641529108 -2.546550480895551 -0.01391599456054811 -0.002864232155273412 0.9998990655386643 134.1871104935333
0.9998907912687083 0.006441644278781944 0.013300779949030925 -0.7446928285859673 -0.006476191797019864 0.999975762772819 0.0025559380830965698 -2.5795029435348833 -0.013283994251954069 -0.0026417974005273244 0.9999082739922798 135.5322023826664
0.9999115528344553 0.0053674419050492635 0.012168692250660671 -0.7381166158062675 -0.005394236194283546 0.9999830962521868 0.002170123505732881 -2.605856981752504 -0.012156839568198232 -0.0022355724029105204 0.9999236038127995 136.87458884596214
0.9999362803956264 0.002141441491358198 0.011083743938856729 -0.7283441933616377 -0.0021769631730857277 0.9999925303366728 0.0031937603867785505 -2.6199338822635077 -0.011076822829626585 -0.0032176858400461456 0.9999334730309938 138.20127847037182
0.9999488784936751 0.0015967112864123572 0.00998453386022591 -0.7132938824670478 -0.0016318786852158656 0.9999924907675155 0.003515022423550117 -2.648286534806876 -0.009978847248597386 -0.003531136340993609 0.9999439752693808 139.5522372262215
0.9999620538695473 0.0004806448905429689 0.008698264632267066 -0.7147338111441811 -0.0005113871977840872 0.9999936302225106 0.003532420934976816 -2.6710931009975627 -0.008696512118269417 -0.003536735137443421 0.9999559301165698 140.91852913306454
0.9999717744606722 0.0002039296030701878 0.007510572620621474 -0.7149803249557405 -0.00022756775729812322 0.9999950235629372 0.003146595307423036 -2.6942067559920906 -0.007509894192901044 -0.0031482157133339086 0.9999668445608001 142.23732075154885
0.9999788451163997 -0.00027289640814644016 0.0064988348219472926 -0.708522039135329 0.0002574006576615828 0.999997122495833 0.002385108825080859 -2.713112280901755 -0.006499467556456844 -0.002383385605500396 0.9999760379071913 143.58515927956088
0.9999826987278211 -0.0018380270138731569 0.005587835932712025 -0.704291709024403 0.0018368044372616237 0.9999982879977906 0.00022393781585840837 -2.741001600482688 -0.005588238442031308 -0.00021367017786917564 0.9999843628428797 144.93479965510818
0.9999790568769341 -0.004642645638504004 0.004509064242232072 -0.7168295902694519 0.004646086072513385 0.9999889235520785 -0.0007527624356544419 -2.789022829054673 -0.004505519869638427 0.0007736961935040629 0.999989550785224 146.2461966462471
0.9998925577061171 -0.014277625279515021 0.0033200112169200326 -0.7078750323883485 0.014270713428445459 0.9998959700746218 0.0020966059294301293 -2.797775410207538 -0.0033496006705806113 -0.002049001763358502 0.9999922908519289 147.63976623510632
0.9997431093571792 -0.02260055530446644 0.0017117823523231258 -0.7008238201931543 0.022593966115117388 0.999737591573757 0.0037763322349931424 -2.8201003894506598 -0.0017966805188120224 -0.0037366862330134457 0.9999914045197589 148.94136193965517
0.999742561284327 -0.022670190163999918 0.0009346868594789792 -0.6718080500552017 0.022669337576185108 0.999742599350701 0.0009144253205537046 -2.862399531402986 -0.0009551765446480047 -0.0008930011796122525 0.9999991450923401 150.25944543401144
0.9997203517915464 -0.02362808474234835 0.0009653128327913169 -0.6964809824475784 0.023630672736725627 0.9997169408662927 -0.0027621456893915557 -2.880701322362769 -0.0008997754562544379 0.0027841843256167886 0.9999957193509583 151.64064780626367
0.9998065384650867 -0.01956375153781363 0.0020359955876332134 -0.7001517080655686 0.019573976173785555 0.9997952567432876 -0.005128746763928853 -2.9179375386354955 -0.001935241370166117 0.005167607196221784 0.9999847752210543 152.97720382626875
0.9998060703151465 -0.019484134846881225 0.002861863213814663 -0.7054690654164395 0.019498608898553496 0.999796777292888 -0.005119409995994623 -2.950201063599058 -0.002761534579656603 0.005174219661088596 0.9999828005390554 154.34056133231047
0.9997087986475262 -0.0239097160692405 0.0032624209065477304 -0.7105059897015511 0.02391562773691261 0.9997123873545609 -0.0017847459362699174 -2.9733722116077135 -0.003218810096146032 0.0018622491173716925 0.9999930856188772 155.65866523159403
0.9995113774025401 -0.03104886403085874 0.0036020102361913895 -0.7106473685704626 0.03104635537792234 0.9995176636918255 0.0007508646080515529 -2.999357542156668 -0.0036235866522296043 -0.0006386684146686777 0.9999932308361301 156.99252081965554
0.999462340714894 -0.0325901032389362 0.0035936961742919844 -0.6921846708879336 0.03258349172800681 0.99946724177921 0.001883797396940974 -3.033275324015231 -0.003653175059439323 -0.001765689393123593 0.9999917682905073 158.34656677925196
0.9993798656667824 -0.035038361752116616 0.003492461501518329 -0.6926238964983291 0.035030678977500396 0.9993837318067635 0.0022378902165008092 -3.0608580885718726 -0.003568721512577069 -0.0021141591382231014 0.9999913972399348 159.6799407097724
0.9994174060002722 -0.033825794033473376 0.004545792318308562 -0.6959770058090639 0.03381560253256512 0.9994254403361814 0.0023009243765447144 -3.0775137929252674 -0.0046210114694962175 -0.002145865178251941 0.9999870206711329 161.04233066618565
0.9994894319041997 -0.03141918391871233 0.005806064666015295 -0.7009679857075393 0.03140816321631486 0.999504680706011 0.0019800360433446145 -3.093217707729294 -0.005865400418489072 -0.0017966672800536015 0.999981184352401 162.3911911524084
0.9995911745494904 -0.027781428671197726 0.0067584011016454506 -0.7057924512539857 0.027781838798592615 0.9996140096643562 3.347431639220292e-05 -3.1241116329274354 -0.0067567229574198705 0.00015430020848716558 0.9999771611791022 163.73854244835397
0.9996661856582677 -0.02472171618319459 0.0075069306497137925 -0.7056630585168384 0.02472883141412035 0.9996938289896619 -0.0008562571694295644 -3.147606495578127 -0.0074834647298062254 0.001041609006508336 0.999971455992361 165.09459175043327
0.9996644266328284 -0.02473244546326332 0.007703263832271823 -0.7012895699163109 0.024730686407389235 0.9996940973807441 0.0003237457013819485 -3.1729747006630182 -0.0077089150560444115 -0.00013313003623154044 0.9999702770074154 166.42931003228523
0.9996935854144646 -0.02354385419858629 0.007643442929902066 -0.7003072592262587 0.023543448646530272 0.999722804333531 0.0001432442834588057 -3.193544074528345 -0.007644697367435293 3.675263973573365e-05 0.9999707781953595 167.76191871997517
0.9997743654834944 -0.019999794960273466 0.00715725763781427 -0.699059379358723 0.020015457969635865 0.9997974159458867 -0.002123323742869802 -3.2317475824313475 -0.00711334225352922 0.0022661005029239577 0.9999721321835425 169.1531724821998
0.999864630119684 -0.015091722244443363 0.006554492470190989 -0.7038052480491552 0.015126517948230726 0.9998715844024435 -0.005291800219234352 -3.266661512529596 -0.006473788942417236 0.00539023063991946 0.999964517102436 170.54017671219484
0.9999227407177217 -0.01066784534858425 0.006380414367656133 -0.7106145802187396 0.010709503843196458 0.9999213239880145 -0.006530876773173792 -3.295513106465075 -0.006310242536577233 0.006598703417871058 0.9999583181043449 171.88793951244725
0.999966352837958 -0.00464555252923585 0.006761068429318572 -0.7115354892897101 0.004682175600078466 0.9999743988087807 -0.005411002918397381 -3.338065650167237 -0.006735758812960784 0.0054424774794434635 0.9999625037897812 173.28661706648282
0.9999709803169631 -0.0013303741323030353 0.007501242389240697 -0.7184522769703285 0.0013545859212829095 0.9999938869359344 -0.0032235362385752172 -3.37619764895876 -0.007496908660531141 0.003233603840762011 0.9999666695244477 174.67515467654275
0.9999701841348562 -0.0020068254547913715 0.007456775618291488 -0.7211141384759537 0.0020153591993596863 0.9999973226910939 -0.001137073018381598 -3.3962687585955407 -0.007454474377885688 0.0011520672272167867 0.9999715513683476 176.02315422853678
0.9999709319801212 -0.0037510201757908618 0.006638151405722006 -0.7193526876401248 0.0037530799675027544 0.999992912816419 -0.0002978297040174498 -3.4300058717579134 -0.006636987755578127 0.0003227345743944271 0.9999779228710246 177.43648463242272
0.9999694256756209 -0.0058908248133708475 0.005142558698637903 -0.7198168106307363 0.005891783416739203 0.999982628634481 -0.00017120200231014417 -3.452973889854792 -0.0051414612786152124 0.00020149562264991011 0.999986762297267 178.84102983758424
0.9999717989605238 -0.0068988955720564755 0.0029675807463063683 -0.7170079474797938 0.006910603321467 0.99996830788751 -0.003953071508966343 -3.4854772063055983 -0.002940215121100486 0.003973467887591504 0.9999877832673807 180.1767574832096
0.9999905374156254 -0.0041394490734863 0.0013379267922118611 -0.7329234709519489 0.004150396599744007 0.9999570592654796 -0.008285760512705484 -3.528189839850858 -0.001303570973623824 0.008291235202453168 0.9999647774396528 181.59137387158194
0.9999995925168614 -1.654170607209675e-05 0.0009026039126915995 -0.7591994203028594 2.5079188109993628e-05 0.9999552572400137 -0.009459539553556917 -3.56021348239541 -0.00090240713476943 0.009459558522718669 0.9999548501872998 182.99232641411663
0.9999968325258504 0.002452246236494986 0.0005669419034797546 -0.7760673463457246 -0.0024475061107424754 0.9999632537622406 -0.008215889681087444 -3.5869870864728908 -0.0005870685115330657 0.008214476224200306 0.9999660882901396 184.32335585749004
0.9999853920721689 0.005327088753115652 0.0009152914883248848 -0.7728361793223926 -0.005322355778362755 0.9999728398107371 -0.005098252694153632 -3.624546233280006 -0.0009424255575681741 0.005093306809379055 0.9999865849391566 185.76913331701618
0.9999825423178117 0.005756416236661636 0.0013336874039339573 -0.7848934454637284 -0.005752875685587718 0.9999799572154376 -0.0026437852611789696 -3.661224235711985 -0.0013488795180431406 0.0026360666176231166 0.9999956158277438 187.12453689276697
0.9999880795422087 0.004644843073153829 0.0015053901374656729 -0.7938534544819527 -0.004641575089070494 0.9999868791567516 -0.002167326509392312 -3.6878852688502457 -0.0015154374071336834 0.0021603133327620827 0.9999965182406629 188.58354467961587
0.9999942178262605 0.003135179636461671 0.0013171783563054615 -0.7921459848238996 -0.003133137106551288 0.999993890378694 -0.0015500525992859558 -3.7193734389091917 -0.0013220301153781563 0.0015459167653730625 0.9999979311857067 189.9939097097733
0.9999989066056243 0.00029832242003877824 0.0014483759313255536 -0.7977173537608186 -0.0002968940773833903 0.999999469536055 -0.0009862971756618608 -3.749196706384562 -0.0014486695208215015 0.0009858661033958107 0.9999984647100679 191.35576897446467
0.9999971541870402 -0.001536652688560295 0.001824916764372441 -0.8068445251802565 0.001538124632374396 0.9999984927513215 -0.0008053976932848051 -3.7820944101533804 -0.0018236765519067427 0.0008082023692908153 0.9999980105031004 192.80841617152294
0.9999867414981588 -0.004688831986348693 0.002128777015669327 -0.806254612637854 0.004688914843279327 0.9999890064043678 -3.3790462628082015e-05 -3.8108619796549985 -0.0021285953545475095 4.377167494807967e-05 0.9999977335789191 194.17264573164599
0.999949044868449 -0.009814444151792941 0.00236312622345829 -0.8028041836426706 0.009811044252524293 0.9999508245748269 0.0014463169964134606 -3.833483106969619 -0.002377205012144748 -0.0014230585817904895 0.999996161891468 195.63467563441412
0.9999008894027552 -0.013839249737115023 0.002585836770241775 -0.7987316417999215 0.013834430480905918 0.9999025459340517 0.001872740632523898 -3.862886150271875 -0.002611502313432802 -0.0018367814685363395 0.9999949031302051 197.0329803512558
0.999928053382185 -0.011632774294487563 0.002926881523420961 -0.8097495370052106 0.011640330282602038 0.9999289266343176 -0.002577669657096218 -3.894646497932377 -0.0028966882968564684 0.0026115541328450257 0.9999923944600727 198.45777208508107
0.9999882218114617 -0.003677996488142845 0.003166794798598345 -0.8273368375368202 0.003702089591318682 0.9999639922317191 -0.00763601776860819 -3.9267449842057527 -0.0031385957940756114 0.00764765174431508 0.999965830733943 199.8958096322201
0.9999773053476954 0.0049930190753645 0.004523112371734748 -0.8444894518829352 -0.0049548178742279654 0.9999522920054107 -0.008418046235172552 -3.956534840634304 -0.00456492844150083 0.008395444157876403 0.9999543379278901 201.3189387582605
0.9999082606303182 0.0121283427593492 0.006031053145596022 -0.8607374011406794 -0.012103275645693575 0.9999180335979001 -0.004175743507378049 -3.990789161443231 -0.006081204168418103 0.004102365005161064 0.9999730944134739 202.78134817394087
0.9998894599513013 0.013103518852996973 0.007026069035212331 -0.8546905856720531 -0.013086964948028766 0.9999114889367033 -0.0023970134516077377 -4.018204100867544 -0.007056857060382215 0.0023047986075707115 0.9999724439528475 204.2176778850356
0.9999018181722262 0.012388116576998478 0.0065489357790639215 -0.8505422219603105 -0.012376620768770682 0.9999217989525998 -0.0017931168457650491 -4.056388244539048 -0.00657063754339122 0.0017118871292985055 0.9999769478133795 205.6744584174529
0.9999471500934312 0.008893085445733034 0.005158491768511332 -0.8488620006828654 -0.008884356157379291 0.9999590664670156 -0.0017127830725179576 -4.085629558521449 -0.005173512978562962 0.001666862704239001 0.9999852280540795 207.11823378964698
0.9999654579399282 0.007323361696108705 0.003930812864173229 -0.845031584047802 -0.007315030529679045 0.9999709767671832 -0.0021297810285116226 -4.121476471381442 -0.003946296271760241 0.002100953484391668 0.9999900063177042 208.5504166231564
0.9999655770971251 0.0075199571300631355 0.003506401859373549 -0.8544402771892703 -0.0075099053106218 0.999967678104173 -0.002871251523185159 -4.148025297106802 -0.0035278805151198285 0.002844819993610237 0.9999897304741266 210.03186035636415
0.999952707982805 0.009104408628572482 0.003419287269931662 -0.8616457525508898 -0.009094586674167017 0.9999545036974775 -0.0028773336238687155 -4.185499850144083 -0.003445328420135665 0.0028461005964435836 0.9999900146596421 211.51100448500867
0.9999442871448886 0.010049024222856091 0.003231052403212033 -0.8673416522244317 -0.010042291165587582 0.9999473832950845 -0.0020935741126623802 -4.213613451190895 -0.0032519210499835213 0.0020610103402381266 0.999992588593332 212.93988743299766
0.9999464319063951 0.009950160152515809 0.0028508966439080036 -0.8810420237664387 -0.009943391652288738 0.9999477337616839 -0.00237880855815934 -4.249180966009456 -0.0028744174098502416 0.0023503335890714665 0.9999931068025786 214.38334887552637
0.9999503876324723 0.009616022098871219 0.0025989179337456325 -0.8820636540135651 -0.009607971385753266 0.9999490591759872 -0.0030928887469333583 -4.281096581178311 -0.0026285270545096367 0.0030677650274971878 0.9999918397965071 215.85939455183723
0.9999569440357999 0.008987669979199385 0.0023090790696790753 -0.8887403183827112 -0.008979031695894467 0.9999527504063295 -0.0037247771394865827 -4.314704219007864 -0.002342447235857527 0.0037038835394851252 0.9999903970460587 217.32600513302316
0.9999499386466424 0.00985620705789091 0.0017249240738550719 -0.8901118640283543 -0.00984964918932557 0.9999443832105178 -0.003770267787009017 -4.350194137468716 -0.0017619888316782349 0.003753089213151952 0.999991404820092 218.80323566180263
0.9999410834641346 0.010740072140833687 0.001574937531735047 -0.8994438915010685 -0.01073332520495069 0.9999334407037141 -0.004232011070014632 -4.387881432466045 -0.0016202849502385784 0.004214857494042254 0.9999898047732876 220.27825026190638
0.9999477755736332 0.010111289137646985 0.001485912623154291 -0.9087232307913629 -0.010104741379844124 0.9999394825651492 -0.004350337036421541 -4.4210377992025345 -0.0015298103486149392 0.004335095158738548 0.9999894332581284 221.7738790853375
