1.0 -3.469446951953614e-18 0.0 -1.7787691892340307e-19 0.0 0.9999999999999999 -3.5575383784680614e-19 0.0 2.168404344971009e-19 -2.371692252312041e-19 1.0 0.0
0.9999999398638733 -7.08535559765227e-05 -0.00033948727388392647 0.05569069961672338 7.123806521749064e-05 0.9999993559314045 0.0011327230995349811 -0.026761272848715878 0.0003394068273799933 -0.0011327472383819146 0.9999993008434594 1.3159701006825606
0.9999991075624272 -0.0005587901877283866 0.0012135198795759842 0.11108300046058615 0.0005566348298350308 0.9999982684086526 0.0017757635472657302 -0.04833477912174309 -0.0012145101586562628 -0.0017750865086460634 0.9999976870130872 2.5650198957187875
0.999999849750992 -0.00041059617249973417 0.0003631941342665452 0.10873897359487465 0.00040992665549983466 0.9999982201444487 0.0018416479307388023 -0.07100988103763908 -0.0003639496906565941 -0.001841498806760986 0.9999982382097159 3.8947313133544026
0.9999994949293692 -0.0007273223967447714 0.0006936463856955614 0.0931392283235092 0.0007260322160235338 0.9999980094081382 0.001858508950106337 -0.07943885658982093 -0.0006949967972856071 -0.0018580044373036604 0.9999980323971923 5.216637020637784
0.999999520887239 -0.0009017470257577046 0.00038089313493654044 0.09378486319189137 0.0009009429566518307 0.9999973763411507 0.00210608898696445 -0.09117596848411776 -0.00038279132565879285 -0.0021057448554247463 0.9999977096519781 6.553716382803773
0.9999979684871906 -0.0019409387850376023 0.0005438582970722829 0.07782138921281251 0.0019394124352590109 0.9999942178772844 0.0027933649902232923 -0.1140232307699528 -0.0005492769468837795 -0.0027923046030245637 0.9999959506565775 7.8925339424443575
0.9999978642094492 -0.0020362911462879912 0.00035369264015923363 0.07402334874696993 0.002035326881217594 0.9999942676316138 0.0027059462028738326 -0.11941495053020024 -0.00035920073497568085 -0.0027052205948689895 0.9999962763712344 9.220640092457856
0.9999969920711828 -0.0024191090463050995 -0.000404676331330688 0.0873967347129238 0.002419932321862172 0.9999949788043023 0.0020460424800063754 -0.12142163376199275 0.0003997247351089203 -0.002047015653809586 0.9999978249716522 10.553060685363251
0.9999989906939549 -0.0014179982985233 8.884936484723619e-05 0.02726369672318748 0.0014178828073123564 0.9999981656757809 0.0012877309643703559 -0.12968255332391498 -9.067520870421897e-05 -0.0012876037108876751 0.9999991669270323 11.868379163876567
0.9999999946503814 0.00010230539939703152 -1.5252929092392101e-05 0.04052095495114096 -0.00010229214591603482 0.999999619109188 0.0008667859198419089 -0.1501406595156667 1.5341602157056084e-05 -0.0008667843721248858 0.9999996242247509 13.199845801634277
0.9999999463824089 0.00032737323024165186 7.837061978867256e-06 0.030644419822013706 -0.000327380566174206 0.9999994928914916 0.0009523860127845942 -0.1680646501943715 -7.525272202540435e-06 -0.0009523885464374716 0.9999995464496781 14.535421950765707
0.999999816855723 0.00025400515467605654 0.0005493362355169582 0.010326014921324962 -0.0002546574456763137 0.9999992623250484 0.0011876443803546868 -0.18884977614232923 -0.000549034207939795 -0.0011877840785654238 0.99999914386453 15.887317763895474
0.9999990498832708 -0.0007655434468971864 0.0011463763077388565 0.01200050969288792 0.0007627039841236419 0.999996645481968 0.0024753395298111663 -0.19815017671308383 -0.0011482675371295807 -0.0024744628794226282 0.9999962792500405 17.210072009205792
0.999981491624552 -0.0060033987902304645 0.000987734866883324 0.012887580629171946 0.005998750886192304 0.9999712258701394 0.00464353433662505 -0.24095243942639738 -0.001015583515731337 -0.004637523302922392 0.9999887309201599 18.569728166158075
0.9999729121783765 -0.007283107687221907 0.0010636079460855478 0.016849722708486656 0.007279082764188668 0.9999665104040383 0.0037407239045077604 -0.2701479383501283 -0.0010908165099483816 -0.0037328805532894018 0.9999924378320663 19.91632956840797
0.9999696194499867 -0.007779652547287611 0.0004870243913125806 0.043313877930773535 0.007778727604890434 0.9999679890430381 0.001874106996029113 -0.27486844411183353 -0.0005015887427804269 -0.0018702616600506498 0.9999981252630575 21.310282941137928
0.9999829278811172 -0.00572508566430442 0.0011693371258718903 0.012145206144080697 0.005724205972209682 0.9999833318929269 0.0007545826718371027 -0.32380729692632404 -0.0011736377838468066 -0.0007478762723557562 0.999999031626463 22.643488722385825
0.9999896587388953 -0.004076171028440045 0.0020167432452341083 -0.001827778837290961 0.0040721664669538336 0.9999897367231734 0.00198592615607838 -0.320552963907204 -0.0020248176907260163 -0.0019776931390933046 0.9999959944123531 24.005893424704958
0.999988052983956 -0.004104660107271993 0.0026543669338253703 0.00021220242686886825 0.0040881552359670285 0.9999724607737672 0.006193922319365138 -0.32802114553189765 -0.002679718001624076 -0.006182996972938749 0.9999772945711966 25.388131069252072
0.99998575532484 -0.004559518501289904 0.002774878036719875 -0.008203721785570106 0.004542464538551675 0.9999709460262453 0.006121528543841657 -0.34295047750562024 -0.002802708869717933 -0.006108836674207204 0.9999774132126109 26.770415119458523
0.9999704809329923 -0.007185103668785348 0.0027224180064553223 -0.0007483064862809016 0.007169621622167449 0.9999583092689571 0.0056547537607123015 -0.3866087147039375 -0.0027629347272634316 -0.005635068233970649 0.9999803059038049 28.134563317785076
0.9999626507994819 -0.008141940474023977 0.002899279924064302 -0.01267574727291268 0.008131749709274888 0.9999607774817321 0.0035097200989893493 -0.3995433025469849 -0.0029277423831420455 -0.003486012855163903 0.9999896379642375 29.479283568844856
0.9999630934027527 -0.00799964393043796 0.003133295745296174 -0.011433281120857564 0.007994661818967089 0.9999667628858323 0.0015995302164564882 -0.45166130655831926 -0.0031459875397918968 -0.0015744215657249572 0.999993811958557 30.897118465743826
0.9999725723699301 -0.006362430717147684 0.003791305258019369 -0.03264480588149604 0.006362110586683886 0.9999797568997753 9.660126949872686e-05 -0.43216643703903956 -0.0037918434490684296 -7.247791010807399e-05 0.999992808306954 32.26860254423124
0.9999811217605323 -0.004363374411896612 0.0043263260628230845 -0.0200674649877189 0.0043678107258924015 0.9999899444860539 -0.0010164401009117971 -0.4917896489349841 -0.00432184781643488 0.0010353175129563302 0.9999901248232146 33.65274046126668
0.9999800582112653 -0.004307321664624823 0.0046184598029444714 -0.037998852973781784 0.00431076345823238 0.9999904381528796 -0.0007354695717737174 -0.5071679082912801 -0.004615248128259845 0.0007553640148881704 0.9999890643924899 35.04854663062619
0.9999833179619082 -0.004128071427094489 0.0040401527952307935 -0.03785369574923701 0.004127058492185663 0.9999914500914121 0.00025908807165041627 -0.5486248802330022 -0.004041188127389703 -0.00024240980095886018 0.999991804982037 36.43368848910907
0.9999862921735992 -0.003530548756578409 0.003866613501692759 -0.05390047276115645 0.0035274006070668672 0.9999934418715776 0.0008207641187588314 -0.5405619643425162 -0.003869486217786859 -0.0008071137831096034 0.999992187789089 37.83817723789629
0.9999907127981335 -0.002590424654009535 0.0034444194934041524 -0.04790901928965686 0.0025867974441051017 0.9999960954408149 0.0010571556983751279 -0.5488905880946583 -0.0034471448169301087 -0.0010482358806865658 0.9999935091739511 39.240977791537865
0.9999911363385305 -0.0015464732295824273 0.003916078649314448 -0.06169398047474176 0.0015424494107107983 0.99999827961191 0.0010303497083989348 -0.5664994068377032 -0.0039176656505164895 -0.0010243002383391166 0.9999918013165525 40.62820208364175
0.9999825578879277 0.004334397880003342 0.004012095642450733 -0.07486436504410324 -0.00434016300050971 0.9999895600280794 0.0014292753473106896 -0.6261441437193471 -0.004005859045886295 -0.0014466635953637396 0.9999909300854664 42.047590262251774
0.9999866637707869 0.0035317504308767893 0.003768158366740133 -0.0830464755646243 -0.003537241221306257 0.9999926906198433 0.0014514261091927967 -0.6287112596650368 -0.003763005066098744 -0.0014647356662558838 0.9999918471357487 43.44387157828418
0.9999854666810052 0.004092030336621043 0.003510229491537401 -0.09057212163139657 -0.004097815799822091 0.9999902550206805 0.0016424910400811236 -0.6654170628060825 -0.0035034744562547912 -0.0016568514760443248 0.9999924902247327 44.87188804667105
0.9999905964471185 0.0035986756956741936 0.0024200303897284575 -0.08541973845376291 -0.0036000754101851726 0.9999933548663631 0.0005741835668178817 -0.6991766133621964 -0.0024179482119563705 -0.0005828904716266771 0.9999969068762249 46.28540666703059
0.9999949527552606 0.002868045423651119 0.0013670318890340908 -0.08988579254991245 -0.002869228861561975 0.9999955101708025 0.0008643894052996356 -0.7195338266792919 -0.0013645467580157727 -0.0008683073880650792 0.9999986920254562 47.714535361080046
0.9999940148837103 0.00345663022356149 0.00014798000012035254 -0.08174834117916414 -0.0034568265820698416 0.999993118836105 0.0013463419313960313 -0.7522906297676009 -0.0001433251868801389 -0.0013468454436570537 0.9999990827322002 49.113218284788786
0.9999901392578143 0.004370986970971022 -0.0007847613854056654 -0.09390989622327765 -0.004369896194211527 0.9999894905127746 0.0013866792592419465 -0.7805075345083817 0.0007908143626081667 -0.0013832362910175132 0.9999987306349429 50.53161570785266
0.9999902270935592 0.004067920705106729 -0.0017313947881190674 -0.11571863480140174 -0.004065109052418284 0.9999904178901534 0.0016245072093913143 -0.7848177641599926 0.0017379867121374807 -0.0016174530610164255 0.9999971816215157 51.98160317303091
0.9999840188888525 0.004925154834680929 -0.0027757525586393147 -0.1229712714949224 -0.004918994951051618 0.9999854335235489 0.002221764737960821 -0.8201831231125147 0.002786654898012402 -0.0022080753684295606 0.9999936794615125 53.39251181394862
0.99998572431226 0.0037949289324351555 -0.00376160497920683 -0.13136629646108752 -0.003784864710819058 0.9999892485715574 0.0026790944331797563 -0.8376445063632817 0.003771731830214492 -0.002664819079819623 0.9999893363360265 54.85240976952975
0.9999930580374375 -1.0055565488487767e-06 -0.003726106418968503 -0.15979216404814123 1.5273362884512046e-05 0.9999926687816312 0.003829118551779901 -0.8669196984432888 0.003726075569668116 -0.0038291489588596715 0.9999857268915432 56.229914073022854
0.999990436718898 0.00047560570021142924 -0.00434744303275578 -0.17374738600073877 -0.00045769576281393543 0.9999914091677723 0.00411972148401471 -0.9130687603996068 0.0043493654184928714 -0.0041176923647658695 0.9999820636587555 57.66742285051333
0.9999916215757141 0.0006887259102031518 -0.004035148855820069 -0.19876412420928768 -0.000670898064128264 0.9999900162555724 0.004417837152080752 -0.9503676502130727 0.004038151593635251 -0.004415093054843431 0.9999820999865922 59.114183512333256
0.9999897511385732 0.0007480769652803533 -0.004465197520031885 -0.16979456414966732 -0.0007264364955795275 0.9999879935328502 0.004846140758962398 -0.9733490634848624 0.004468769576586741 -0.004842847508758001 0.9999782882323797 60.54250573231959
0.999990703304968 -0.002486405305385587 -0.003522937622848389 -0.21104264919052246 0.002505638914885368 0.9999819241365779 0.005465635256608026 -0.9799155330313714 0.003509284459387407 -0.005474411762716827 0.9999788576496059 61.98617419551137
0.9999841240352862 -0.004438292642973718 -0.0034717769810783472 -0.20260748859687608 0.0044548252070121565 0.9999787065247796 0.004768754803843155 -1.0115739040419351 0.003450538221310177 -0.0047841453485724045 0.9999826027220079 63.401655144621934
0.9999832892470975 -0.00497334927895882 -0.0029473759087197196 -0.21781933086821959 0.0049838987317522565 0.9999811623692989 0.00358268792474454 -1.0298641457405242 0.0029295026795685295 -0.003597317547863898 0.9999892386053358 64.80555084384993
0.9999818115001522 -0.005662718518990318 -0.002076124139415007 -0.2351510842602165 0.005669255593999015 0.9999789485403748 0.003156265096076346 -1.042129738325277 0.0020582075700654894 -0.0031679778265203376 0.9999928638256551 66.25060824049021
0.9999920281026505 -0.0035657630888466015 -0.0017969604046577925 -0.22812211225187806 0.0035708932404537926 0.9999895353647805 0.0028596987390353905 -1.0694633967636493 0.0017867447454832553 -0.002866092750786838 0.9999942965132959 67.63768739835005
0.9999987053178251 -0.0013318190439083853 -0.0009031175495981327 -0.26242641983473713 0.0013353700687107131 0.9999913358088371 0.003942726359800788 -1.0957303100703002 0.0008978588059347086 -0.003943927328811815 0.9999918196110792 69.09557137979914
0.9999985005956858 0.0017316491184912325 1.3954193885252087e-05 -0.27419835155316524 -0.0017316953792301751 0.9999876999895718 0.0046476986376400055 -1.117304167962611 -5.905835840728721e-06 -0.004647715926199456 0.9999891992930898 70.45655338057945
0.9999842935996446 0.0055147305399541385 0.0010001457852725952 -0.2915391129081839 -0.005520134495708288 0.999969731838554 0.005483022109964352 -1.1468633567872952 -0.0009698782010863917 -0.005488457042283238 0.9999844679671234 71.90454749949171
0.9999583719224422 0.00893480931673166 0.0018502939010376694 -0.3131732849386464 -0.008944485670919392 0.9999460109830604 0.005288791312775412 -1.168509019821368 -0.001802939812223376 -0.005305121187783221 0.9999843024247863 73.25178170913064
0.9999275807428201 0.011763797366462714 0.0025389597395373735 -0.3316594967293688 -0.011775476659559558 0.9999199248695482 0.004634870584162987 -1.1866425286236855 -0.0024842329605256623 -0.004664432490354236 0.9999860357294488 74.65032858080399
0.9999094754979067 0.013066066263681824 0.0032122723435067772 -0.3373699698829862 -0.01308103513765839 0.999903470358609 0.00468364342725667 -1.2064904654614883 -0.0031507657318797914 -0.004725239390742259 0.9999838722624839 76.09163853812251
0.9999012870272662 0.013600321288638278 0.0035280918763125673 -0.33670741317171 -0.013617575024719634 0.9998952060909482 0.004913096754650818 -1.2312261336453072 -0.0034609027486834374 -0.004960655929459346 0.9999817068535571 77.46777262252891
0.9999087340712566 0.012980202196456335 0.0037467120864585327 -0.33946897205346327 -0.012998796760453214 0.9999031021132501 0.004981736436324833 -1.2658170370502355 -0.0036816853996039095 -0.005029984628540151 0.9999805720332327 78.89332786772393
0.9999190143818584 0.012442600952424727 0.002673262492811465 -0.3119193191478862 -0.012451917537047281 0.9999163572951857 0.0034968832848540957 -1.278472803919479 -0.002629528790745515 -0.003529887408679216 0.9999903126883211 80.25072816123027
0.9999252636661411 0.011886679731374868 0.0028590037328371553 -0.3434268048030298 -0.011897298827245835 0.9999222821709951 0.003726114095421657 -1.322553038270243 -0.0028144906479213353 -0.003759850121992396 0.9999889710224718 81.65605259755739
0.9999312695339696 0.011458587604221892 0.0024813211037040964 -0.3541137794352388 -0.011469421363503377 0.9999245586709924 0.004396517524600152 -1.3461843830565514 -0.0024307562308828355 -0.004424674761185989 0.9999872567563783 83.02726010687263
0.9999369677647164 0.010986427721817897 0.0023149256587044046 -0.37100889258480996 -0.010993359156975972 0.9999350625785782 0.0030027829605685126 -1.3516798992620984 -0.002281785666505635 -0.0030280425638742653 0.9999928121791317 84.40454575521399
0.9999431094522406 0.010568781720796415 0.00144176610942043 -0.3781078281183891 -0.01057256890500119 0.9999406120811994 0.0026444510462640585 -1.3571264388887148 -0.0014137319780339966 -0.0026595438328957093 0.9999954640832087 85.80396249191853
0.9999430342983712 0.010664034965724427 0.0004544143151815655 -0.3947957742279302 -0.01066552625761167 0.999937290625596 0.0034148777388529642 -1.3934116569355897 -0.00041796947675376886 -0.0034195298509828447 0.9999940660409838 87.15273311387985
0.9999559874690446 0.009347105308126769 -0.0008091507896680445 -0.4009741086236197 -0.009343428257487728 0.9999465122713597 0.004435421575513894 -1.419638927546486 0.0008505659374599462 -0.00442766621415068 0.9999898361042658 88.54979487014387
0.9999711582615057 0.007357706196451482 -0.001883291269400438 -0.401799196955952 -0.007347670186032025 0.9999590563831953 0.00528179081375406 -1.4553685534331786 0.0019220761918743944 -0.0052678007856381175 0.9999842778276694 89.92999927355946
0.9999750207776816 0.006438910667094438 -0.002915172679486832 -0.4112175768385826 -0.0064236382401941195 0.9999657515828183 0.00521848110116638 -1.4746805807361798 0.0029486744260545034 -0.0051996248426789855 0.9999821344539784 91.3043630002919
0.9999765833281657 0.00621318455537149 -0.002868643461716144 -0.4302524987733104 -0.0062004205497831555 0.9999709322196795 0.004437286587921706 -1.4945783401268944 0.0028961300050449725 -0.004419395979787053 0.9999860405907244 92.67608897624332
0.9999781023308532 0.005836377592618507 -0.003119541325256798 -0.43990707543624064 -0.005822605451377341 0.9999733422430267 0.0044059141757126635 -1.530727325826968 0.0031451730130275584 -0.004387653931643098 0.999985428087 94.02416752885073
0.9999806312901106 0.005222802049591382 -0.003385168676099288 -0.4662037817390645 -0.005209374437848426 0.999978576507898 0.003963452101848255 -1.540442095923537 0.0034057967704064604 -0.003945740808264934 0.9999864157501789 95.39350188348746
0.9999842638312036 0.005004135494869076 -0.0025358832234090595 -0.5005968733592602 -0.004996194408278582 0.9999826256434898 0.0031283320948787548 -1.5662800558169523 0.0025514939795710178 -0.0031156131686516913 0.9999918913861942 96.77655196765852
0.9999751492123545 0.006575505167007744 -0.0025423751862951325 -0.49719168538798 -0.006569048375080379 0.9999751979580539 0.002539898656962507 -1.595573361496162 0.002559013464822419 -0.002523134609741905 0.9999935426025393 98.11200388295734
0.9999668285148913 0.007800367783499998 -0.002344378728535047 -0.5164270994385686 -0.007794275405965774 0.999966252057896 0.0025969274704435567 -1.6201256659649235 0.002364556801370581 -0.0025785686517572322 0.999993879910984 99.47945286350324
0.9999695815442768 0.007226684555211705 -0.0029344498871536513 -0.48576668279371055 -0.007214695013117852 0.999965665886627 0.004076179335269184 -1.655107556423128 0.0029638066509564426 -0.0040548842710877815 0.9999873868053816 100.78169916414718
0.9999720117335777 0.007086985955305773 -0.0023979909564515404 -0.5375201105424199 -0.007073644674021161 0.9999597060564822 0.00552718986512298 -1.6902257317300582 0.0024370656588510093 -0.005510072748714974 0.9999818497427223 102.10508042452791
0.9999716536787174 0.007024115308889546 -0.002711756585534445 -0.5214685877614402 -0.007011201843625625 0.9999641743476847 0.004742687352296263 -1.7178263802535587 0.0027449728532751277 -0.004723540342496924 0.9999850765369485 103.48800083801856
0.9999705677449471 0.007348745029840087 -0.0022044434879370314 -0.5126140076935731 -0.007344562755110568 0.9999712241483711 0.0018995494842939497 -1.7325033491441784 0.0022183395465531913 -0.0018833029472840937 0.9999957660629413 104.78630731496058
0.9999858951100415 0.004904266164558968 -0.0020390540316272956 -0.560730201415739 -0.004902269028502169 0.9999875002242106 0.0009834444989960782 -1.766216937846487 0.0020438517906819593 -0.000973434660797598 0.9999974375459445 106.08823732919772
0.9999886675754474 0.004439674270778893 -0.0017187209394247185 -0.5572749319834338 -0.004436019393261192 0.9999879036665668 0.002124678938525887 -1.7873129810110338 0.0017281331790902478 -0.002117030627874993 0.9999962658631856 107.47125531262537
0.9999940476096413 0.0031035958167479607 -0.0015074581645104824 -0.5514849809845844 -0.0030998729899629346 0.9999921552155702 0.0024658264269497004 -1.7664093901295246 0.0015150993972424486 -0.0024611388726580013 0.9999958236273978 108.82780140548407
0.9999993101952703 0.0009848391246614534 -0.0006400767151621949 -0.5714620676256085 -0.0009822541076459582 0.9999914110284963 0.004026542796992941 -1.8170119370285829 0.0006440367720753162 -0.004025911382109283 0.9999916885934945 110.14446513367136
0.9999997361601731 0.0007191517397054049 -0.00010246461694624585 -0.5735176636503574 -0.000718838888076838 0.9999951763110186 0.0030216925653784262 -1.836429891709816 0.00010463718940372782 -0.003021618172774962 0.999995429427268 111.46578422335817
0.999996625454882 0.0020543536380991587 0.0015901913665734187 -0.5910908611703263 -0.00205441624960845 0.9999978889774767 3.765734125226453e-05 -1.8694354996099403 -0.0015901107826285848 -4.09241302448831e-05 0.9999987349345492 112.80907220589224
0.9999900951863729 0.0038461281995130093 0.0022398265129115087 -0.5668900917972739 -0.003844299335872086 0.9999922741555104 -0.0008203652986382197 -1.9164594561552604 -0.0022429646289324947 0.0008117466243762349 0.9999971550829474 114.16487391917816
0.9999708532891782 0.0065934055987056425 0.0038496189181168013 -0.6027797286599956 -0.006586850147003129 0.9999768389197101 -0.0017131967215783615 -1.9328200767338708 -0.0038608258857132666 0.0016877899559507251 0.9999911226524621 115.45854924451095
0.9999505173495381 0.008148513215241349 0.005706537758361907 -0.6269697741561281 -0.008147261273243214 0.9999667810741109 -0.00024269244215484862 -1.9509139113067404 -0.005708326258963066 0.00019618778127876497 0.9999836881247939 116.8279722005011
0.9999520849241936 0.007803807117101439 0.005910028737836645 -0.6253706385121535 -0.007816178188070502 0.9999673045894771 0.0020729512482874812 -1.976997251604368 -0.005893659092159423 -0.0021190458033280043 0.9999803870184928 118.12355462024269
0.9999507618668196 0.007450583948014086 0.006554588581828774 -0.609228830457643 -0.007469779075096615 0.9999678700236382 0.002908837591978455 -2.012646663472363 -0.006532705994528185 -0.002957655753563068 0.9999742876789266 119.50129462577632
0.9999358767186668 0.00810190571084606 0.007912115020699355 -0.6200725078250228 -0.008117717309183552 0.9999651136881309 0.0019682706840373704 -2.0319537184728893 -0.0078958929188288 -0.0020323728249533627 0.9999667616122165 120.8242450730321
0.9999129247221871 0.00977897086719702 0.008860851376106968 -0.6031498482544206 -0.009794444932398687 0.9999505804522647 0.0017045596168672682 -2.0575787147132765 -0.008843745384540554 -0.001791198348317238 0.9999592890560087 122.1226516944571
0.9998847113960316 0.011556822314526002 0.009849048373841146 -0.5948733352787355 -0.011565898706906306 0.9999327386214645 0.000865012961134857 -2.07586101871676 -0.009838389943535357 -0.0009788263509849893 0.9999511227932817 123.47884025179935
0.9998540617134918 0.012616702000493502 0.011518423556245357 -0.6203327639083034 -0.012622486485961648 0.9999202409910241 0.0004295604255354768 -2.097463265572707 -0.011512086195504864 -0.0005748888935245712 0.9999335684773435 124.82863751860404
0.9998300940795773 0.01320601821184857 0.01286017218824012 -0.6201292204524127 -0.013192325617401069 0.9999123172881772 -0.0011490487762794164 -2.1296215568433725 -0.01287422002213047 0.0009791979867514186 0.9999166443380803 126.18295353608755
0.9998152701372092 0.012999201541088638 0.014157907061507964 -0.632200620739215 -0.012979509642866769 0.999914664468653 -0.0014819386616312946 -2.152555271004136 -0.014175964108171856 0.001297902239243618 0.9998986736097548 127.50794509005964
0.9998177839406991 0.012267382525650955 0.014625669778022645 -0.6022990207244076 -0.012256044553698732 0.9999245180444055 -0.0008646475337278636 -2.1737572739468276 -0.014635174004029718 0.0006852371366597074 0.9998926653034137 128.82420532806384
0.9998192788461508 0.011806597787687173 0.01490012993311147 -0.5657486233756531 -0.01180432863063862 0.9999302976294528 -0.00024028426608983756 -2.2091880444659506 -0.014901929558547017 6.435481562875055e-05 0.9998889580097551 130.183863712153
0.9998104632305801 0.011269213660064295 0.01587584374297564 -0.5812694994232357 -0.011267119842710591 0.9999364994993917 -0.00022137287002698582 -2.230859761043572 -0.015877331659630112 4.2455882805479285e-05 0.9998739463221644 131.51868034096853
0.9998144955519186 0.011055550941179226 0.015771786672431815 -0.5563992098953898 -0.011052713187304906 0.9999388812319495 -0.0002671286933382318 -2.275994880515244 -0.01577377730892346 9.275811143983652e-05 0.9998755819311761 132.8568335481532
0.9998376911757616 0.009244209572882096 0.015464018771396642 -0.5451592821119509 -0.009250086821380668 0.9999571694425966 0.0003085363793648259 -2.2891076440753086 -0.015460505570662664 -0.0004515298208214968 0.999880377287655 134.1952586710676
0.9998494334203437 0.00885062531524269 0.014925712883331319 -0.5268731719712265 -0.008850095258701287 0.9999608319880454 -0.0001016030559122846 -2.3310047144702173 -0.01492602878532156 -3.050621816028803e-05 0.9998886001600621 135.5393734444979
0.999867654103489 0.008541047828694186 0.013846471244643312 -0.5113916387627478 -0.008534056322566787 0.9999634252455999 -0.0005639791268193433 -2.356797665834671 -0.013850782957468381 0.00044573793454690945 0.9999039739515581 136.87827457517673
0.999881151652728 0.00790384098035713 0.013236761533938782 -0.5326165021312165 -0.007908261355371057 0.9999686895706071 0.000281598397497005 -2.3915081469598864 -0.013234122494882712 -0.0003862447025928959 0.9999123505644908 138.21639608331262
0.9999109267541004 0.006513456227341843 0.011649611098164371 -0.4833457888943973 -0.0065214223845261755 0.9999785266948755 0.0006459198834638698 -2.4305528059023245 -0.011645154755569362 -0.0007218343936043029 0.9999319323431726 139.57604416515952
0.9999253103786118 0.005574053158854834 0.010876745431518668 -0.5046162773865126 -0.005584336477323907 0.9999839886146362 0.0009152657714368481 -2.4545364551988373 -0.010871470457989493 -0.0009759368315039915 0.999940427560991 140.9323766073016
0.9999394437056793 0.005798152013770874 0.009353627644293734 -0.49187942863938344 -0.005802719011905401 0.9999830577567087 0.000461154168315578 -2.474393342310051 -0.009350796121065865 -0.0005154027224763454 0.9999561475210175 142.25990228311653
0.9999490363608065 0.005800892639495875 0.008262827659706732 -0.48009090063315574 -0.005800580017149106 0.9999831745875943 -6.184505142973799e-05 -2.505899844763137 -0.008263048089411428 1.3912709131024495e-05 0.9999658603351542 143.6080901931663
0.9999597167342117 0.003944969557351291 0.008062389437702907 -0.4700142558834285 -0.003925530176924282 0.9999893533948971 -0.002425555049657738 -2.5316879086798556 -0.008071873025804385 0.0023938082380740703 0.9999645566423554 144.95295801616516
0.9999791407759624 0.0012717427342915071 0.00633251036460866 -0.4741858382533744 -0.0012488102900126584 0.9999926533986743 -0.0036240342036446124 -2.586779686578304 -0.006337073219911777 0.003616050580453716 0.9999733824831051 146.26702418354535
0.999961639583545 -0.006755241283164338 0.00557549016200405 -0.46555456429636455 0.006757544033069784 0.9999770898363618 -0.0003941992505707191 -2.6207307506882094 -0.0055726999863762805 0.0004318607674169922 0.9999843791305842 147.67804985597095
0.9998700585363607 -0.015618548124757145 0.0039908659901283505 -0.4587983821517138 0.015614121365758722 0.9998774443004329 0.0011382369905484472 -2.6375569519961473 -0.004008154832667631 -0.0010757752264350178 0.999991388661863 148.96224220296943
0.9998423054908931 -0.01748345862349513 0.0031133322683733334 -0.47499213333827917 0.01748174017892338 0.9998470152334527 0.0005786884815675561 -2.694839789854903 -0.0031229737142785883 -0.0005241707541795077 0.9999949861255887 150.2362799527424
0.9998657731757611 -0.016157816539174086 0.0027130442749403313 -0.4552404180756902 0.01617045799429332 0.999858185750177 -0.00470368656817846 -2.718102511076483 -0.0026366584474732807 0.0047469264838204935 0.9999852572501068 151.66347860045883
0.9998974475855603 -0.013737349680762892 0.004047165746160059 -0.48280722635797335 0.013762556095648745 0.9998856496269408 -0.006267352682088494 -2.7558317833433956 -0.003960606474741764 0.006322409433895563 0.9999721699780139 152.99152725207017
0.99992973540558 -0.0112032724413746 0.0038743971272214408 -0.43599004852338064 0.011230427131292561 0.9999120179819119 -0.007059305315390847 -2.79494557772262 -0.003794969254945514 0.007102320582426708 0.9999675770974694 154.38249023498844
0.9998141218945142 -0.018636252765385837 0.004940825487617512 -0.4696929580788447 0.01865837658538115 0.9998159256420376 -0.004469877854377853 -2.7812764012881215 -0.0048566146475625535 0.004561234892650611 0.999977803966071 155.68981906093813
0.9996599743669932 -0.025549228720556913 0.005212731082391032 -0.46259835986942455 0.025563765336704798 0.9996694356727407 -0.002741037107268574 -2.801656274035373 -0.005140976990280776 0.0028733621989006464 0.9999826569193184 157.02249508665722
0.9996428750337686 -0.02625780741960731 0.004964871328931975 -0.42715049222643603 0.026268972889237092 0.9996524970563251 -0.002196860143047692 -2.837617227470331 -0.0049054617053739015 0.0023264977297085647 0.999985261815445 158.3741695800558
0.999606999968074 -0.027650820507799434 0.004612780158766589 -0.4140993073501916 0.027661579479537048 0.9996147342347853 -0.0022847595288396166 -2.8692992894284544 -0.00454782792098473 0.0024114584756295757 0.9999867509741377 159.71617881270421
0.9996195085807975 -0.02695599926802659 0.005849117112864783 -0.4256663789674367 0.026970492443065625 0.9996333178604297 -0.0024129575410874403 -2.8866205671475185 -0.005781929152988847 0.0025697930763083805 0.9999799825259474 161.06639659416805
0.9996643440514613 -0.02497312947586144 0.006895073830017038 -0.4319731238800439 0.024993874440852104 0.9996832846354741 -0.0029388196257960513 -2.9130420305470714 -0.006819499108083989 0.0031101678890246365 0.999971910245938 162.41603533275028
0.9996795546170678 -0.023712616909464117 0.008860016310779146 -0.4806305295764478 0.023744191595693166 0.9997120256386995 -0.0034755081412755715 -2.9635862337722823 -0.008775052202867544 0.00368476845346681 0.9999547094409703 163.75858105967478
0.9996834856823849 -0.023278666282086295 0.009541077493988151 -0.4870533573470416 0.023317185648092292 0.9997203303232277 -0.003945882568666071 -2.976119632718903 -0.009446555060349332 0.00416710482317393 0.999946697493324 165.12287027624345
0.9996479162490975 -0.024486747984589885 0.01021972210053711 -0.504353956392287 0.0245237437587752 0.9996930845029504 -0.0035103829136564255 -2.9899928299688967 -0.010130628505010453 0.0037597729120305914 0.9999416155289957 166.48018325993803
0.9996726759465765 -0.023730628619077807 0.00956024268591451 -0.46666670170479974 0.02377026291897151 0.9997092296357015 -0.004053489850580055 -3.015547256833436 -0.00946127178963155 0.004279412638262165 0.9999460840247945 167.7983479707135
0.9997233329903726 -0.02158243972890707 0.009351779608885263 -0.47074606641009553 0.021636303108080873 0.9997496750639848 -0.005697156513781373 -3.0562455294009236 -0.009226480871052016 0.0058979183770078185 0.9999400415037888 169.19148225240636
0.9997807551259907 -0.019177686952756824 0.008405832328679938 -0.44869874778476837 0.019238786766002408 0.9997886380976156 -0.007249014215482599 -3.1002123770567773 -0.008265037033698228 0.007409143089466079 0.9999383949798157 170.58708974650773
0.9998745227228607 -0.013676347813417 0.007993518449768778 -0.4513686683133526 0.013754481521970636 0.9998573507127967 -0.009802675795374093 -3.1165309394693135 -0.007858314047572132 0.009911392696330493 0.9999200023947215 171.97196205487373
0.9998834810094619 -0.01286202361280857 0.008221482231629978 -0.43659550157688354 0.012937159095415705 0.9998744282653691 -0.009151918090643897 -3.137308023831125 -0.008102738350634955 0.009257214540910929 0.9999243219383493 173.34365324636374
0.9999438681326516 -0.004937170035797741 0.009374697293047638 -0.45959016029824346 0.005001609500060218 0.9999639424729263 -0.006862772751459756 -3.2029449281912457 -0.009340477383293775 0.006909276253813214 0.99993250641085 174.6983691431178
0.9999441469635251 -0.004690767773161943 0.009470990667356535 -0.45220345825635094 0.004733083791287316 0.9999788953941869 -0.004450469410463002 -3.2355274331460464 -0.009449915469276794 0.0044950479305269206 0.9999452453182942 176.0635066089096
0.9999324448158985 -0.0075919127241809575 0.008801629465446995 -0.4700474425698266 0.007623723655068273 0.9999645081802305 -0.003586252786469549 -3.267672442069735 -0.008774091305360368 0.0036531117922156686 0.9999548340244632 177.4572403288983
0.9999339890043655 -0.008833726165840796 0.007347307796746964 -0.4621239365880348 0.008862289731630389 0.999953263119018 -0.003864115575686988 -3.2914947246300854 -0.007312830488195466 0.003928974562164612 0.9999655422374729 178.87016382604685
0.9999366988664256 -0.009988044416675727 0.005180467576034126 -0.4371185881576227 0.010026620775808367 0.9999217952527599 -0.007474640078720138 -3.3359836607912663 -0.005105405838649947 0.0075261096694921046 0.9999586453944049 180.2018280887561
0.9999606139549473 -0.008214256260877392 0.003361033489380175 -0.46708033586531505 0.008251968881831565 0.9999013690107704 -0.011364737119253466 -3.386027781078999 -0.0032673494091409994 0.011392024884448704 0.9999297706308428 181.61958070875173
0.9999846071890657 -0.005184634842469832 0.0019760961194689166 -0.44400510680341565 0.0052070754775217325 0.9999200255041265 -0.011525144377746058 -3.432040380287948 -0.0019161845880812693 0.011535256887905994 0.9999316307046355 183.0139089696193
0.9999943320238576 -0.002257243204721173 0.002498155302511106 -0.5058444320788047 0.0022836071221715108 0.9999411976038158 -0.010601248462295657 -3.461293364184892 -0.002474079026537932 0.010606893392712697 0.9999406846123837 184.34277245240494
0.9999957954063007 0.0009717122936525316 0.002732205491567547 -0.48132795055061606 -0.0009464496159291578 0.9999569323757445 -0.009232422650302092 -3.4865553194529166 -0.002741059319805998 0.009229798120280446 0.9999536476344171 185.79641196976053
0.9999857402920509 0.004316299928854001 0.0031446403973868888 -0.5024086221892918 -0.004294612655900799 0.9999671716945754 -0.006871087505927562 -3.531245373485343 -0.0031741951128107055 0.006857484648214062 0.9999714492852845 187.1622426032691
0.9999886637672213 0.003291352259356818 0.003440833555947259 -0.5048141853588037 -0.0032677072423643256 0.9999711642140761 -0.006855132075131397 -3.5612058050796627 -0.0034632972897312288 0.006843810862215224 0.9999705834775907 188.61548638960076
0.999994844269756 -0.0008604888013089337 0.003093702993207332 -0.49575792255077494 0.0008786339285996574 0.9999823936327525 -0.005868596566124445 -3.5898395260947678 -0.003088598928454438 0.0058712846605317014 0.9999779940424124 190.02674932510658
0.9999915970117624 -0.0022863222316559413 0.003402740679659016 -0.5148516555993995 0.0023063726261579928 0.999979934120926 -0.005900169277134209 -3.622321531077645 -0.00338918300356349 0.005907967806991033 0.9999768044063142 191.3869490055352
0.9999786931135425 -0.005089207884028059 0.004088189513587803 -0.5345266382939693 0.005111344556240179 0.9999722342252787 -0.005422631170965149 -3.663122024971187 -0.004060479451760081 0.005443411891281464 0.9999769406184646 192.83877599764406
0.9999707275466753 -0.006624147255064416 0.0038294562904923795 -0.5038542548656991 0.006643375973875397 0.9999652795507987 -0.00503043146659804 -3.6990171059118944 -0.0037960013357093737 0.005055724839246924 0.9999800148080293 194.19253868665277
0.9999155636606413 -0.012210941440543632 0.004445050473362245 -0.5147436261076797 0.012226304052796923 0.9999193203457715 -0.003445327040349739 -3.7301744611128367 -0.004402621535519932 0.003499382750062501 0.9999841854942878 195.65958673548383
0.9998651462523558 -0.015779990425116745 0.004547661674511666 -0.49235467978554714 0.01579222491560016 0.9998717386235673 -0.002666819213359599 -3.776781142078258 -0.004504996385290774 0.0027382773485082946 0.9999861033231141 197.06241896596163
0.9999267164275923 -0.011044347273689003 0.004958243965593126 -0.5119902396701981 0.011071120043976673 0.9999241056670863 -0.005404923388653754 -3.8446459464613425 -0.004898174229677304 0.005459420730751004 0.9999731009426811 198.49281906445043
0.9999632691760132 -0.006667146812961941 0.005386043628185084 -0.5408638541373226 0.006731829206159636 0.9999043533101031 -0.01208166783417567 -3.8478534636163113 -0.005304978675502572 0.012117482238614613 0.999912508083116 199.93016244541923
0.9999686575663714 0.003922529396951929 0.006877328492095039 -0.5407858569516332 -0.0038364631135237486 0.9999147198167245 -0.012483374964511414 -3.894144455607932 -0.006925708993259695 0.01245659933622919 0.9998984286830757 201.36590357834345
0.9999169643795046 0.010649981558828793 0.007255495905992922 -0.529404094713813 -0.010585083464921692 0.9999041436956867 -0.008925214423304798 -3.928248569019535 -0.007349854419009687 0.008847673455052225 0.9999338469659969 202.8270495049929
0.9999071552463882 0.01035710451850698 0.008855013053710432 -0.5429824762549569 -0.010288760149474939 0.9999171965642727 -0.007729259552055385 -3.945072705408729 -0.008934333339152029 0.007637434975297373 0.9999309212481022 204.25279201190315
0.9999260222275123 0.0087882989774655 0.008409272318733115 -0.5427098102823649 -0.008729565330761909 0.9999374243796826 -0.006995858294798297 -3.988609711155633 -0.008470228519613798 0.0069219316012871296 0.9999401692526065 205.69888133196847
0.9999558280566131 0.006068255333782812 0.0071776184898537185 -0.5435970686602021 -0.0060185374652782985 0.9999578871795349 -0.006928281635069545 -4.030829557902129 -0.007219359418187916 0.006884776970538404 0.9999502391064732 207.1561219783951
0.99997164591907 0.004705976799130104 0.005878872107406447 -0.5204491997007639 -0.004663010554891227 0.999962474511065 -0.007301089730827205 -4.072316551624036 -0.005913010764680392 0.007273469617016913 0.999956065503609 208.58345759436367
0.9999751963305226 0.004538161600708576 0.005386261234921317 -0.532321873685695 -0.004495720221884528 0.9999589584754199 -0.007865740458680357 -4.102692142881121 -0.005421736640739759 0.007841330391387027 0.9999545581194658 210.08222689076072
0.9999648210983393 0.006235211111521017 0.005610588330973059 -0.5489123781902228 -0.006190562042993501 0.9999493109708995 -0.007940556836767688 -4.150365899674773 -0.005659815469078499 0.007905544957185979 0.9999527333039614 211.55458526566957
0.9999594954338903 0.007453785152573668 0.005044657405265934 -0.5347165601635732 -0.007413986632918819 0.9999416045958377 -0.007862583294815905 -4.168266435574114 -0.005102969265194155 0.007824863954390665 0.9999563646496661 213.00124661485359
0.999960681443646 0.007808593071027439 0.004202550331501579 -0.5316604304005167 -0.00777335664447837 0.9999350352980243 -0.008336673583515997 -4.2093326928056785 -0.004267375373564293 0.008303678036157868 0.9999564182672128 214.44492262057634
0.9999598907827382 0.007952473998758675 0.004120069283751773 -0.5510925685156389 -0.007916825461452228 0.9999316987428768 -0.008597775325679192 -4.260262867790126 -0.004188161824006602 0.008564812772359383 0.99995455060624 215.88588634263246
0.9999641549935552 0.007094483530777835 0.0046213658063507315 -0.5971398887373423 -0.007050247344287402 0.9999298371904302 -0.00951917659258643 -4.286707641182978 -0.004688575604337691 0.009486253790990103 0.9999440125542325 217.39382418513154
0.9999619643556621 0.007982945453130667 0.003513176777375294 -0.5587719928589949 -0.007948340477548556 0.9999208158741559 -0.009756325220309768 -4.333213534292427 -0.0035907831135150474 0.009728030395553453 0.9999462344033576 218.86772815162513
0.999947440755342 0.00967280252114865 0.0033989116857478185 -0.564332062836175 -0.009637378254971123 0.9999006273639475 -0.010288651938495685 -4.378967714766881 -0.003498094329961775 0.010255354774717791 0.9999412937922543 220.36044142113798
0.9999428501716497 0.01010729015160147 0.003484115041808459 -0.593997910631713 -0.01007022593948447 0.9998942013357756 -0.010496509276228973 -4.428815274548868 -0.003589838004490711 0.010460823778214182 0.9999388402424321 221.8162881888388
