1.0 -3.469446951953614e-18 0.0 -1.7787691892340307e-19 0.0 0.9999999999999999 -3.5405977195229754e-19 0.0 2.168404344971009e-19 -2.354751593366955e-19 1.0 0.0
0.9999999208899222 -0.0003413672839265528 -0.00020417825168177108 -0.005941645564908735 0.00034155384817174776 0.9999995237121635 0.0009142842701428317 -0.023672045149128837 0.00020386606569128708 -0.0009143539536074199 0.999999561197869 1.3114864380502467
0.9999991754370584 -0.0012825086174197645 -6.556469764447859e-05 -0.01146181411412047 0.0012826002737839504 0.9999981745904777 0.0014162450498755737 -0.04293151875124768 6.37482381074801e-05 -0.0014163280023768473 0.9999989949752354 2.609471458414049
0.9999978370056548 -0.0019686957688935317 -0.0006709864894883667 -0.01973188658084175 0.0019695405783784394 0.9999972659730758 0.0012605368425242186 -0.07161492790598092 0.0006685030990994424 -0.001261855675016296 0.9999989804120434 3.936983712962322
0.9999964906773834 -0.0026488955946253005 -4.459635093167287e-05 -0.026364859467577467 0.002648954582597191 0.9999955462994321 0.001374924305334805 -0.09296284228669822 4.095412613830439e-05 -0.001375037639097015 0.9999990537968206 5.24399351578096
0.9999956977178814 -0.002901550344388845 -0.000430760754389799 -0.036591910457388015 0.002902347951064886 0.999994054188248 0.001862245964474496 -0.11239028141636564 0.0004253548304081235 -0.0018634882050134762 0.9999981732413147 6.578066426289154
0.9999918837891377 -0.004021297395359573 -0.0002480488283079622 -0.040936019568913865 0.004022056392467752 0.9999869874099189 0.003138163015896271 -0.14179059332501132 0.00023542613651215375 -0.0031391352712635784 0.9999950451903588 7.905578464473564
0.9999909144458334 -0.004261117328021034 0.00011794422679859513 -0.04853267317936784 0.0042606544756483185 0.999984144449325 0.00368207372169697 -0.1607029792567693 -0.00013363211287409794 -0.003681537817610149 0.9999932141881346 9.221895664230749
0.9999941206973878 -0.0033682634785685353 -0.0006429428621962537 -0.06059316546787116 0.0033700230138919516 0.9999905259632461 0.0027551630404652897 -0.18797325866154968 0.0006336567119071454 -0.0027573136265530733 0.9999959978431242 10.563276278149603
0.999999730757103 -0.0006954468097473913 -0.00023417983186973363 -0.07188657971119107 0.0006955759533036135 0.9999996059286598 0.0005516479289457735 -0.20796958068896287 0.0002337961180476182 -0.0005518106808120867 0.9999998204223794 11.881862338295434
0.9999967977867236 0.0024557662619818683 -0.000611247094174542 -0.08388376161276465 -0.0024559874682921878 0.9999969188473331 -0.00036114516635619016 -0.2338692672241346 0.0006103583738351643 0.0003626452298662287 0.9999997479759742 13.233605220510942
0.999986584002354 0.005158023070686543 -0.0004760277714111014 -0.09901661748155652 -0.005158195944197787 0.9999866309217881 -0.0003619426207991994 -0.2552328383528537 0.000474154538405323 0.0003643932123439417 0.9999998211978633 14.573027280298033
0.9999834711036345 0.005744682145187859 0.00023692920317540107 -0.11049256340654018 -0.005744824110981957 0.9999833175628416 0.0006013346332165116 -0.2803798618233375 -0.0002334707939033783 -0.0006026858265057041 0.9999997911304374 15.905373166789634
0.9999921438744361 0.003963521860250263 5.173473541855581e-05 -0.11479018896548251 -0.00396366829896793 0.9999869486234574 0.003223650596964978 -0.30257254740522344 -3.8957051532631515e-05 -0.003223830397435659 0.9999948026867427 17.269869943734378
0.9999996189926615 -0.00049314583874468 0.0007202940786007522 -0.11453907332963037 0.000489109042692077 0.9999842344758416 0.005593886838378194 -0.3290842757837212 -0.0007230413813337131 -0.005593532513999456 0.9999840946762496 18.612227297845074
0.9999964444147024 -0.0026663530766691153 -4.1509501663728474e-05 -0.11980817394834578 0.0026664947019434983 0.9999888600774622 0.0038948070932657134 -0.3584206466924031 3.112411435167049e-05 -0.003894904004564386 0.9999924143487078 19.971739874690183
0.9999938216846882 -0.003473675994455012 0.000538677277860938 -0.12415702611160431 0.0034727432406793744 0.9999924850232909 0.001723353177681939 -0.37154836884395576 -0.0005446596446662423 -0.0017214718732142607 0.9999983699386422 21.311578994056262
0.999998917358489 -0.0013723448622373745 0.0005309937193554047 -0.13525400250984115 0.0013719217958110732 0.9999987417403662 0.000796458436550214 -0.4109629220009807 -0.0005320861110957053 -0.0007957291066141286 0.9999995418493389 22.68293139192376
0.9999985722425222 0.0011035837424389332 0.0012796936298749648 -0.15023209686674158 -0.0011059133982729294 0.9999977301861125 0.0018211479189600157 -0.41348488345488665 -0.0012776810425393378 -0.0018225605848605833 0.9999975228982108 24.04908461060908
0.9999960574317698 0.0014320571620951338 0.002415436594606503 -0.15264978477777041 -0.0014476151382119239 0.9999781402534205 0.006451622005939271 -0.43338703926442196 -0.00240614490047256 -0.006455093318924747 0.9999762708361807 25.420671501954207
0.9999971000272614 -0.0005821982110918843 0.0023368753396010595 -0.15467235675593402 0.0005647679381647116 0.9999720698400496 0.0074525548632302634 -0.44447692678350786 -0.002341149126173912 -0.007451213603266575 0.9999694987526163 26.799364176437805
0.9999872145820717 -0.004370520342967371 0.00254346880179525 -0.15951169888973737 0.004352432872392351 0.9999655064046127 0.007074059747215644 -0.47953908503316695 -0.0025742986019634045 -0.00706289915894899 0.9999717438211466 28.163291728335913
0.9999871760843403 -0.004596930909674548 0.002125065190529822 -0.16632896456440788 0.0045878516177780115 0.9999804106362378 0.004257928405811525 -0.48394411856325226 -0.0021445971420223663 -0.004248124397189338 0.9999886770060068 29.539482099775046
0.9999830033633491 -0.00496820222478659 0.0030512229422287513 -0.16853272040284079 0.004960046873938327 0.9999841218400292 0.0026746954730424276 -0.5191732532138266 -0.0030644631788883797 -0.0026595158495201633 0.999991767984846 30.918825783134686
0.9999925562791906 -0.0019981224304231465 0.003300742354426355 -0.17768770917137847 0.0019934116368989247 0.9999969908342082 0.0014299053667739714 -0.5292884469629117 -0.0033035898258183434 -0.0014233150085725956 0.9999935302114398 32.30187521365832
0.999992781893961 -0.0006720115492429776 0.0037395943715005 -0.18411214031779347 0.0006730637245140648 0.9999997342646519 -0.0002800978725994888 -0.560181496971378 -0.0037394054649469172 0.0002826128452672894 0.9999929684613637 33.68567119745774
0.999991888596743 -0.00022313393816166156 0.004021561527019265 -0.18886128933963064 0.00022357632822365102 0.9999999690058405 -0.0001095518020327765 -0.5796308955223621 -0.004021537297576254 0.00011045004499470638 0.9999919074841289 35.078436490698365
0.9999933815247374 -0.0004958784581208381 0.003604305271251675 -0.18932168516595876 0.0004902476227633124 0.999998658378166 0.001562977317747044 -0.6098444728573257 -0.003605075785774555 -0.0015611999985863246 0.9999922830097097 36.46640023677007
0.9999938346297369 0.0006453127697570744 0.003451706410503714 -0.19582309905451228 -0.0006558721751926599 0.9999951064213932 0.0030589157311774486 -0.6278724578887565 -0.0034497158510094893 -0.0030611608080417163 0.9999893643191207 37.871662364302416
0.9999898748288425 0.0030965768626132865 0.0032651875851577665 -0.20366575493368064 -0.0031073627334743895 0.9999897160407675 0.0033033489906112556 -0.6492369204657259 -0.003254925204629633 -0.003313461730886358 0.9999892131567361 39.25871334013255
0.9999775943566068 0.005650231997165288 0.0035896596345569654 -0.21258269590155238 -0.00566291408993902 0.999977725956998 0.0035325634348431466 -0.6755231851875392 -0.003569620174517814 -0.0035528122910554994 0.999987317586055 40.65606095479456
0.9999642960961914 0.0076496571449662576 0.003590162472070253 -0.21749744710735688 -0.007664251063553752 0.999962351214776 0.004068835706638655 -0.6949412494125665 -0.003558902406603549 -0.0040962064235616795 0.9999852775431631 42.07815440950668
0.9999553007184915 0.008889633865636605 0.003220397365009368 -0.2237720328663672 -0.008903079992824933 0.9999516087775925 0.004185127047477187 -0.7136170437683205 -0.0031830375450521546 -0.004213611517921305 0.9999860567762143 43.46792380626827
0.9999634356939553 0.00805284917771942 0.00287730458193238 -0.2300503760599141 -0.008065221602395251 0.999958168167261 0.004314409857347704 -0.7377113377742779 -0.0028424411643427957 -0.004337458292360026 0.9999865534001227 44.895492164225494
0.9999692715721331 0.007583006389908501 0.001988444676058094 -0.23117088290550017 -0.0075903911426565196 0.9999642257649075 0.0037327158952196906 -0.7616296596996702 -0.0019600684955734353 -0.0037476943456634317 0.9999910564183454 46.292309788905094
0.9999740425275533 0.007103551916204553 0.0012057396768879966 -0.2399943232224137 -0.007108723340919525 0.9999653149199671 0.004339933560787954 -0.7842022717332002 -0.0011748690085642487 -0.004348392267055609 0.9999898555319319 47.72455194075925
0.999972285606345 0.007443588093608148 0.00014491387246501407 -0.2484197964315227 -0.007444243540666067 0.9999586727400945 0.005218818293463706 -0.8034579435474167 -0.00010606115506726671 -0.005219752539731943 0.9999863713748978 49.12789841845164
0.9999670048125338 0.008079137417433683 -0.0008466440256412857 -0.2596065178554785 -0.008074415430939692 0.9999526024058095 0.005440291653689301 -0.8254984081890611 0.0008905568397612329 -0.005433276108661308 0.9999848430961323 50.5498181394565
0.999963973375041 0.00826265639478469 -0.0019443353971880146 -0.27192743805917086 -0.0082516042914678 0.9999501311452158 0.005625501370432065 -0.8449449766034036 0.0019907201925337646 -0.0056092549348008705 0.9999822864916013 51.99662736814927
0.9999586546989934 0.008528413577508132 -0.0031551592937531015 -0.28376968841517775 -0.008507009192288287 0.9999411238730537 0.006736438134361614 -0.8658843702184646 0.003212424937014405 -0.006709318786567922 0.9999723323047811 53.40463048000578
0.9999676687225451 0.007090398172356913 -0.0037931176542180586 -0.29886203649431187 -0.007060262620771321 0.9999438684338542 0.00790016997295653 -0.8834914657094626 0.003848920422511025 -0.007873134307317144 0.9999615990513033 54.85726487083288
0.9999755469665453 0.0054238412568583284 -0.004414453062705275 -0.3088301929647245 -0.005386807518131185 0.9999505587398949 0.008358372365863556 -0.9015188518380605 0.004459569674733547 -0.00833438834140731 0.9999553241122101 56.26281349474986
0.9999816525197066 0.00348254121243756 -0.004956461897708271 -0.32169537993171354 -0.003443098161092474 0.9999625154408167 0.007944356005347519 -0.922108862809169 0.00498394308149565 -0.007927144824549266 0.9999561593881979 57.687652102647846
0.9999849915051733 0.0024426088563333035 -0.004904121987821721 -0.3372301497098994 -0.0024017812172684692 0.9999625545737524 0.00831389794778398 -0.9398436861192724 0.004924246374349109 -0.00830199471011782 0.9999534132616446 59.14284700453575
0.9999884192196399 0.0015103181976545092 -0.004569502618590235 -0.347596138749676 -0.0014688597413677323 0.9999578543311195 0.009062671362825023 -0.9578704381349794 0.004582997945864089 -0.009055854634956504 0.9999484924926675 60.54336099900115
0.9999921304492267 -0.00030441820487946136 -0.0039555482911231695 -0.364418374897744 0.0003438774632017697 0.9999501512266027 0.009978817882247 -0.973834841379086 0.003952313720174888 -0.009980099777031496 0.9999423867580797 61.99904385488027
0.9999917063581444 -0.0019059634135984507 -0.0035992380655329834 -0.3740469166809187 0.001940977095493587 0.9999505863782293 0.00974973864643572 -0.9934914995380899 0.0035804778796069835 -0.009756644017995426 0.9999459925843377 63.39784647514037
0.9999904291653972 -0.0029729442239166386 -0.0032098564960354042 -0.3852045805921266 0.003001634158215581 0.9999552591614791 0.008970499463325825 -1.0109121421336908 0.0031830443662747253 -0.008980048600367992 0.9999546124521234 64.8225179817493
0.9999922595330235 -0.00301300560951342 -0.0025303500022395655 -0.3980009981996978 0.0030350719292233375 0.9999570025993941 0.008762493014019553 -1.0316994586110901 0.002503839982072611 -0.008770105155080874 0.9999584071590242 66.27163241181944
0.999997015917072 -0.0014564462800483978 -0.001961356695952959 -0.4125939919794919 0.001473610383250631 0.9999603845162108 0.008778260971732222 -1.0512495565815638 0.0019484941022008715 -0.00878112522580901 0.9999595467900393 67.65627814704673
0.999998688226824 0.0010459308230748475 -0.001236757675740946 -0.42890025852175795 -0.0010335498032020794 0.9999497688322219 0.009969532868679814 -1.0671380275804423 0.001247123107073784 -0.009968241738547491 0.9999495381497829 69.10063597292414
0.9999870855473109 0.0050578409381569454 -0.000496963749992874 -0.4446776960970277 -0.005051807203725082 0.9999214176974882 0.011473346480578182 -1.0854414812009734 0.0005549551148148972 -0.011470687973943327 0.9999340554992882 70.4860864741661
0.9999644140528492 0.008424495202074745 0.0004455231620101826 -0.4614592209828378 -0.008429333225869421 0.9998890303205942 0.01228305334348983 -1.1022668306316263 -0.000341995217991882 -0.012286371950928791 0.9999244612007792 71.9219144325916
0.9999165375431537 0.012887421192241283 0.0009123005617340716 -0.47471680241122743 -0.012897500140807396 0.9998439568787603 0.01207130523874123 -1.1158268229705257 -0.000756590263524623 -0.012082064381961619 0.9999267229626516 73.30402450541366
0.999868756536836 0.016116012550502535 0.001656442029929718 -0.4889707950012916 -0.01613411337082167 0.9998029419317078 0.011565799975620383 -1.1310580212587997 -0.001469721152911906 -0.011591007503086037 0.9999317419038732 74.70542795253697
0.9998387295483694 0.017790236426677035 0.0024540449814099904 -0.5025157244891381 -0.01781770155779471 0.999773208892936 0.0116644903920914 -1.145295123335886 -0.002245974565371056 -0.011706334938076634 0.9999289561372828 76.12433311158263
0.9998293006128925 0.018280633616708862 0.00268104878649816 -0.5100361560268938 -0.018312154732415438 0.9997573294337215 0.012245296206371195 -1.159607836908364 -0.002456546600155502 -0.012292301976321824 0.9999214292594507 77.50538402203469
0.9998504875754395 0.017066233524586485 0.002783186194975312 -0.5156117889700109 -0.017098929773184272 0.9997796099112943 0.01218024006788581 -1.1755904515438103 -0.002574702195673107 -0.012226008727905609 0.9999219447638665 78.9186989893795
0.9998649927570227 0.01624069023587586 0.0024972383612119047 -0.5198912364163957 -0.01626802094029388 0.9998033180895571 0.011343573998833291 -1.1904671353419303 -0.00231251991532829 -0.011382667895044293 0.9999325412867568 80.29400459698088
0.999870746724962 0.015922458428417913 0.0022282553513076966 -0.525419957314937 -0.015947309903493252 0.9998053286279702 0.011618441886628082 -1.2079987959174028 -0.00204282758002324 -0.01165247508379713 0.9999300208921301 81.68145628505658
0.9998769233965311 0.015581547327800309 0.001831230020370808 -0.5324944136243515 -0.01560211625840726 0.999808500242561 0.011812571587656076 -1.219633248387098 -0.0016468213275593262 -0.011839689044093705 0.9999285523200607 83.08021359944522
0.9998761542168951 0.01567730526476206 0.0013777839364456312 -0.5418228392276281 -0.01569209851731925 0.9998110097842158 0.011476183836890952 -1.2361318960802077 -0.0011976080043452054 -0.011496383118808634 0.9999331972250329 84.44952135125747
0.999878484828324 0.01557776144408356 0.0005906653921850665 -0.5507928169812752 -0.015583670634032975 0.9998083243367119 0.01185174388131736 -1.247683050779205 -0.00040592856279165796 -0.011859508694902451 0.9999295911609357 85.83858707600857
0.9998870906085093 0.015021899863573798 -0.00038538197946865285 -0.5620713322377957 -0.015015782881263345 0.9998062956270746 0.012723895738774936 -1.2629017209366682 0.0005764444750290146 -0.012716672541938001 0.999918973695897 87.20626185779581
0.9999083228876651 0.013446665055931676 -0.0015915346693629341 -0.5696794754005601 -0.013423143681990947 0.9998123484275492 0.013967360988392002 -1.2760400924480226 0.0017790506010852982 -0.01394471738912159 0.9999011850401239 88.57820446378456
0.999933101621498 0.011240564871782953 -0.0027279940785560025 -0.5789772018024817 -0.011199378443583053 0.9998296575626741 0.014670712336463835 -1.2866928576301366 0.0028924367346852406 -0.01463917935101569 0.9998886579260066 89.96270804144679
0.9999498365820703 0.009382376799467865 -0.003506465129838489 -0.588289682919434 -0.009329701992208232 0.9998477098682292 0.014748347240490803 -1.299031312901805 0.003644306000049128 -0.014714893438453194 0.9998850888766755 91.328135465222
0.9999584026636779 0.008155543864215424 -0.004084118184293649 -0.6025938933148339 -0.008095293688996084 0.9998612582241367 0.014557834098201926 -1.3094383434622339 0.0042022789673826794 -0.014524166690849395 0.9998856881901862 92.69340599776964
0.9999668108020732 0.006915346808078273 -0.004307580567069074 -0.616827301435437 -0.006852393413963733 0.9998719412806646 0.01446187235808229 -1.3240260884237 0.0044070381903179735 -0.014431875436758702 0.9998861430184507 94.05247134036532
0.9999628095206652 0.007388521096962308 -0.004448517449300053 -0.6335485762470068 -0.007326097711468092 0.9998767047623114 0.013888973163960011 -1.3315450312150003 0.004550588334809518 -0.013855866635340589 0.9998936479046492 95.42163986098845
0.999964790694447 0.007161166330275473 -0.004374362229254116 -0.6489326304513245 -0.007101491691662671 0.9998835376986289 0.013508510809245464 -1.3442358408204806 0.0044705898619789314 -0.013476970961681052 0.9998991874654244 96.76987664456828
0.9999587596465427 0.008037857695076275 -0.004227508081057591 -0.6652526936171643 -0.00798186257864621 0.9998823370985016 0.013099688546668492 -1.3602070021226293 0.004332304468745007 -0.0130654051895245 0.9999052586813735 98.12646189397199
0.9999473133059491 0.009494249629263037 -0.0039025386150442123 -0.6835066018196378 -0.009441783337976664 0.9998676395929402 0.01324975614645716 -1.3665076950949082 0.00402781891628993 -0.013212211407494165 0.9999046025283368 99.4731880553444
0.9999412561273006 0.010181753353084983 -0.0037170099639581384 -0.6987962780871483 -0.010125676319894287 0.9998391122763859 0.01480608854504807 -1.38192679495576 0.003867164222471394 -0.014767581840303096 0.9998834750014807 100.82829926903737
0.9999355233217185 0.010719167136922132 -0.0037481493301711214 -0.716033593655667 -0.01065678359200525 0.9998105875977487 0.016285635017536066 -1.3887961276541558 0.003922008171769299 -0.01624464208918157 0.9998603549846841 102.1644188744908
0.9999406134796315 0.010293862603385854 -0.0035785299363526087 -0.730547385571205 -0.010237893113509467 0.9998301966721252 0.015321990200037498 -1.4011513862206109 0.0037356450793790403 -0.015284443985537155 0.9998762077085114 103.5104642622522
0.9999401044880315 0.010396461873117602 -0.0034206705250382215 -0.7455622044444064 -0.01035061513141169 0.9998598517520666 0.013158329647941155 -1.4137078651745207 0.003556991507104575 -0.013122135748443857 0.9999075744170435 104.84986594894794
0.9999445330806176 0.009902551883069596 -0.0035875060060520368 -0.758713936661398 -0.009858593614966781 0.9998785480572032 0.012070513021840637 -1.4241295942620609 0.0037065995002782065 -0.012034475991658545 0.9999207131163647 106.17566474146975
0.9999615927098786 0.008034830735437912 -0.0035006537281463555 -0.7729264447569559 -0.007987822217609042 0.9998804174477038 0.013241809262773843 -1.4353860721599434 0.0036066311220558874 -0.013213338350655957 0.9999061955571158 107.52072019842598
0.9999835134467762 0.004936698952157004 -0.0029328865077964594 -0.7814373230398166 -0.004890860621705214 0.9998688960432848 0.015436003698293463 -1.4425894526456882 0.003008705164450232 -0.015421405182846456 0.999876556364653 108.84960557721945
0.9999912376098378 0.003643081362441544 -0.002062195777954559 -0.7931813569130526 -0.0036090518575523983 0.9998610946037925 0.016271639180053348 -1.4542493608801772 0.0021211884254184825 -0.016264054355173092 0.9998654815057324 110.18791394938523
0.9999941220910452 0.003158035950564013 -0.0013351345678579822 -0.8024100252892999 -0.00313733667094285 0.9998790728943305 0.015231438068254862 -1.4659335747672417 0.0013830746718724763 -0.015227160076273337 0.9998831035223087 111.52170361800084
0.9999897111936574 0.004491008120753717 -0.0006390174149381975 -0.8130608556641523 -0.004482335075010462 0.9999056810358691 0.012982207358602315 -1.4721999606556617 0.0006972604112767508 -0.012979209756834063 0.9999155234059545 112.84002815424938
0.9999711862259681 0.007579294427229492 0.00042543906033501206 -0.8233666768030938 -0.007583610469061031 0.9999076786271807 0.011274887430246194 -1.4890960725029243 -0.0003399441118387841 -0.011277789150108455 0.9999363459307796 114.18762752434706
0.999949504665994 0.009870166008521301 0.001888894229424585 -0.836524926635978 -0.009890485671576217 0.9998898284561065 0.011068390197066626 -1.4955379801390023 -0.0017794394203718127 -0.01108651360094078 0.9999369594194208 115.49754810262908
0.9999301465270027 0.011334638118648328 0.0033508241690573784 -0.8472211738940496 -0.011377505477055303 0.9998499403341363 0.013063276943018653 -1.5061596023119486 -0.0032022540894496333 -0.01310048871237326 0.9999090572473535 116.85301592122572
0.999930337632772 0.010998743266644444 0.0042833990508348374 -0.8497996368148201 -0.011063486713081966 0.9998202587998577 0.015396407829635066 -1.512934920816427 -0.004113288346433061 -0.015442724917351863 0.9998722933994727 118.16866512444659
0.9999262044863533 0.011022547716433621 0.005107739534482539 -0.853026505144151 -0.011103416492512804 0.9998089873795747 0.016084244332082547 -1.5231536481626862 -0.004929474945385351 -0.01613977106893669 0.9998575938943987 119.5274475104449
0.9999169513280388 0.011339734612569036 0.00612379336424931 -0.8546345643170231 -0.011434379876102853 0.9998121808612603 0.015647938463698077 -1.527225632484621 -0.005945200219686149 -0.01571666101641576 0.999858810613562 120.85843227170444
0.999890550818569 0.01276784600136013 0.007474521228372138 -0.8579573374296215 -0.012882136873016287 0.9997976911857451 0.015447565305201937 -1.5350184673650316 -0.007275777535045684 -0.015542162697536669 0.9998527412774116 122.17883537014355
0.999856367142864 0.014619430501835371 0.008574223284627149 -0.860732701184552 -0.01474819371140406 0.9997764365028622 0.015151495868978201 -1.5373291124084754 -0.0083508008547102 -0.015275774227745023 0.9998484459388787 123.53767671940926
0.9998297981899181 0.015607290523802556 0.009838043489133535 -0.8594721970210688 -0.01574765551677823 0.9997729435103976 0.01435523617451745 -1.5475921101355608 -0.00961176415751562 -0.014507719297236593 0.9998485585675191 124.85738954522836
0.9997989228314261 0.0168864373684457 0.010814901701570161 -0.8582789097886809 -0.01703445749904752 0.9997604372714721 0.013743921021663053 -1.5546210083939072 -0.010580225876576454 -0.013925383695119295 0.9998470595586453 126.20951487443973
0.9998047861960084 0.015874012334522833 0.011764573774203282 -0.8532537425433555 -0.01603344995677205 0.9997791749845899 0.013584174121312005 -1.5644639341865467 -0.0115463414800724 -0.013770149282044992 0.9998385194550686 127.55445311280292
0.9998005463735731 0.015394507562757807 0.012723072481519632 -0.8468033556663725 -0.015580062088318912 0.9997717925328895 0.014615900774277293 -1.5705577216962316 -0.012495165431301076 -0.01481121213262493 0.999812231789597 128.87979798327513
0.999802092031143 0.014577212976047513 0.013538153482734707 -0.8383462432614885 -0.014787038202317571 0.9997700522669546 0.0155301681368734 -1.575676561520729 -0.013308654959446456 -0.015727284095889953 0.9997877435933039 130.23899405418723
0.9998131720180331 0.013474870895572155 0.013858170328566144 -0.8267503207994737 -0.013698161842764064 0.9997758110080402 0.01614583884890272 -1.5840490388949782 -0.013637501525483164 -0.016332654135547898 0.9997736058543311 131.56535428481294
0.9998339346826013 0.011824617923000167 0.013866558503797657 -0.8154202871949612 -0.012053479393553505 0.9997905698680496 0.016538744164140827 -1.592015380815535 -0.013668091240289771 -0.016703138256668366 0.999767067099368 132.92355773335743
0.9998574498094454 0.009932364756156045 0.013653870274732784 -0.8045209321559859 -0.010168828515989088 0.9997976015356446 0.017359461537660506 -1.5928812563864183 -0.013478687373978558 -0.017495831149983068 0.9997560806925744 134.26564903691437
0.9998809148317784 0.00827361431843668 0.013027027633542325 -0.7936020616022796 -0.008497795113644813 0.9998151196437602 0.01724859472619859 -1.5999132125566478 -0.012881912046895198 -0.017357242024116676 0.9997663639538756 135.588240641104
0.999899937105067 0.007747973264523224 0.011835737296319865 -0.7864890840445968 -0.00795090249277642 0.9998205296062069 0.017195689465339593 -1.6041884569026141 -0.011700382364979204 -0.017288073945193938 0.9997820880338536 136.94346575501854
0.9999252234845553 0.005773481536498731 0.010780275758575337 -0.7774915208675066 -0.005969471633554586 0.9998158605353435 0.018237610403319927 -1.60637204520593 -0.010672997065014397 -0.018300599565136803 0.9997755624095084 138.28118649373675
0.9999420837222793 0.0047016461484051305 0.009681101303789718 -0.7707364722525226 -0.004880154152211817 0.9998169786085961 0.018498469707829222 -1.6112257918397466 -0.009592356992298134 -0.0185446439733452 0.9997820176765126 139.63075336840484
0.9999581317200285 0.0037063315106755463 0.00836647558367525 -0.7657521215316423 -0.0038634077697237293 0.9998151030890302 0.01883703036789497 -1.614307561248435 -0.008295113055004862 -0.018868565168586655 0.9997875616101203 140.97548381539022
0.9999684354623728 0.0035206622856869497 0.007122711287629873 -0.7651415453878966 -0.0036506678176624644 0.9998254675053126 0.018322312896520712 -1.6191092750118137 -0.007056962048868336 -0.018347737572636587 0.999806761236847 142.316646347584
0.9999750620411547 0.003484981269894637 0.0061424914401394136 -0.7641096596393764 -0.0035949207231367186 0.9998319032631515 0.017978925439718144 -1.6184825973364017 -0.006078803188383528 -0.01800055920429009 0.9998194977207565 143.6610606728183
0.999985257987168 0.0016004081845731842 0.005188690092659061 -0.7613573874743059 -0.0016831499621223836 0.9998708695245728 0.015981591850255925 -1.6265377118156463 -0.005162443427707307 -0.015990089905138796 0.9998588231365939 145.00223496891005
0.9999853520493607 -0.0034928238303969655 0.004134716216161278 -0.7620902881288287 0.003428841345943531 0.9998758146390244 0.015381753329614205 -1.637183623455807 -0.004187928840781105 -0.015367351029337319 0.9998731448419153 146.34753123646195
0.9999270957109935 -0.01168132926459454 0.0030577481345819583 -0.7532978462225157 0.01162355746633746 0.9997654336471631 0.018274861893954945 -1.6357631434694468 -0.003270505829635747 -0.01823798801484524 0.9998283250586611 147.69852049987082
0.9998208760070734 -0.01887332324061076 0.0014190066735005609 -0.7438975315247838 0.018841505428680017 0.9996258919602349 0.019826088327848965 -1.6401324201293523 -0.0017926601194307396 -0.019795801152072637 0.9998024368015465 149.0325266932067
0.9997656240222921 -0.021649019693220847 0.00013028696654427134 -0.7397401306091693 0.021643722854824757 0.999622718097526 0.016910668587640915 -1.6480813287592067 -0.0004963372355661329 -0.016903885554367813 0.9998569959297557 150.37052052882348
0.9997862494333902 -0.020664855173096526 0.0006474654439167081 -0.744923950077518 0.02065361118622963 0.9996862358714059 0.014172443079473566 -1.6581819807329017 -0.0009401338426199451 -0.014156041474638175 0.9998993562567192 151.72678574360265
0.9998483164884194 -0.017356885352131306 0.0014431066857021493 -0.7573840130680829 0.017338867162854554 0.9997814435434706 0.011680274780764185 -1.660538246159714 -0.0016455246040124243 -0.011653481455612057 0.9999307419119937 153.06536494239444
0.9998499444024611 -0.01716834954270173 0.0023100788523168184 -0.7629717513946801 0.017139666843660264 0.999782154538149 0.011911140776584837 -1.6739839259133378 -0.002514070442010967 -0.011869759680094986 0.9999263914188713 154.42384756441047
0.99979521097492 -0.02003551803050202 0.0028485328042747024 -0.7634481048875161 0.019991081941359165 0.9996897886874767 0.01485540387440528 -1.6768252232104939 -0.0031452851216933553 -0.014795416671752087 0.9998855948703683 155.7598813462631
0.9996530757512887 -0.026127548885981317 0.0033285631498807975 -0.7558740594792366 0.026062348851872374 0.9994924237706753 0.018320720253449767 -1.6866653671507552 -0.0038055494692700448 -0.018227614513533857 0.9998266209031834 157.10049848826247
0.9995509738478076 -0.02978783478237911 0.0032458548842049188 -0.7474501087741852 0.029718319176751377 0.9993642751023155 0.01969434319842251 -1.6905877282675315 -0.0038304435603469483 -0.019589038932024943 0.9998007787861104 158.4502097015555
0.9995216901682249 -0.030764113120360093 0.003155981605149096 -0.7446408568942154 0.030695803780458393 0.9993327762934432 0.019793177046088278 -1.6970957844095516 -0.0037627956967424317 -0.019686834744254807 0.999799114778519 159.78802832388152
0.9995566585674714 -0.02947926896985138 0.004178398139875292 -0.7471449288775682 0.029388199530473686 0.9993599211386688 0.02039808197354845 -1.6921996186430222 -0.0047770445655675575 -0.02026624343342454 0.9997832061140084 161.14923055676198
0.999638668070078 -0.0263534379413623 0.005294299894928769 -0.7545460525248202 0.026243414319341418 0.9994579875784154 0.019874965731710038 -1.690702277235996 -0.005815204468109287 -0.01972884413027326 0.9997884556796913 162.4972388024681
0.9997211302009359 -0.02276848572930356 0.006265612268923786 -0.7592166661197488 0.022651522242221698 0.9995787425239875 0.01814513770577945 -1.6961017082467507 -0.0066761106897605255 -0.01799815225109097 0.999815731054363 163.84892483280044
0.9997723856254362 -0.02017035982740606 0.006952232611988535 -0.7621606902085397 0.020047888353031038 0.9996500701755281 0.01725744350715182 -1.6931520960784063 -0.007297889265099036 -0.017114138197675655 0.9998269085632943 165.2009764286739
0.9997986311836458 -0.018683075885557496 0.007323917888859858 -0.7629904909455489 0.018544574387393924 0.9996560593515281 0.01854350953629554 -1.6943052119599713 -0.007667849323406986 -0.018403956853833083 0.9998012294756581 166.55642833146578
0.9998209794755042 -0.017523055926033527 0.007138033826791172 -0.7613650785937016 0.017386126273925624 0.9996718300678445 0.018813685558062152 -1.6962427700350247 -0.007465365217444222 -0.01868621511356153 0.9997975263468897 167.90804318015464
0.9998724530125296 -0.014503461189508174 0.006687849929155452 -0.7653722743681463 0.014391140387952263 0.9997595036247239 0.016547808710409433 -1.7026846085721343 -0.006926242597881526 -0.016449452607512793 0.9998407086497368 169.28493188259034
0.9999245779449414 -0.010648909032317749 0.006118755939517489 -0.7685122155945827 0.010562458217049162 0.9998463219313535 0.013991675427797475 -1.7101846607475037 -0.006266812217344252 -0.013925991304157427 0.9998833901161247 170.65392325542564
0.9999716181451713 -0.0047325007597613065 0.005862282235842765 -0.773564478002765 0.004657560112687328 0.9999080981989239 0.01273193932634617 -1.7194597471013688 -0.0059219978839391545 -0.012704274280335213 0.9999017608519069 172.0250295212486
0.999980604774164 -0.0009742336319172491 0.006151499985672774 -0.7806304103243935 0.0008898796558813871 0.9999057458673056 0.013700638263118434 -1.7240343223194137 -0.006164268313748791 -0.013694898705612713 0.9998872194126602 173.39144731421362
0.9999736829101732 0.0021319711541970482 0.006934564791681856 -0.7895090920292733 -0.0022425882075991273 0.9998697477458851 0.015983064081641064 -1.726610311059109 -0.006899586687708098 -0.015998195138469135 0.9998482152088565 174.77104382269314
0.9999727977010858 0.0021264527034325987 0.007062723242958614 -0.7904025502974285 -0.002255957567302927 0.9998285411578859 0.018379307286867357 -1.727582807490955 -0.007022430127704732 -0.01839474088986773 0.9998061407018143 176.14345159921135
0.9999798239369311 0.0002157695632331296 0.006348635169906194 -0.7913108016595363 -0.0003404260544449221 0.9998070460996463 0.019640638225283474 -1.73192973376647 -0.0063431728442923715 -0.01964240357749625 0.9997869473761447 177.53594540096458
0.999985792458345 -0.0027060954919995647 0.004592595978875645 -0.7882007331889537 0.00261494047724296 0.9998017362469318 0.01973956103468756 -1.7253075112334906 -0.004645102947155692 -0.019727271601895833 0.999794607796348 178.91773905965533
0.9999897658870173 -0.0037814011788112473 0.002483774318249022 -0.7906022512900918 0.0037407065757572213 0.9998619438711639 0.016189512038687445 -1.730962470338368 -0.0025446506596082785 -0.0161800555964043 0.999865856281655 180.2577514133216
0.9999983417516771 -0.0015863021688225943 0.0008945071525178871 -0.8011620468613707 0.001575468813095728 0.9999269425960386 0.011984463347749235 -1.7392467703574637 -0.0009134528497387025 -0.01198303444063437 0.999927783638693 181.67167277140015
0.9999958694345199 0.002861973614481224 0.0002649832823891009 -0.8193860946697566 -0.0028647329153191183 0.999934572908407 0.011074439445733112 -1.7426601006561788 -0.00023327120275292812 -0.01107515302865553 0.9999386414043087 183.06049523350322
0.9999779934885232 0.006633962087190163 5.542678864629532e-05 -0.8347261331691544 -0.006634138702328137 0.999900623928087 0.012439070732663168 -1.751344142541991 2.7099055012604978e-05 -0.012439164951387787 0.9999226302298222 184.41763016842646
0.9999658958034376 0.008252877118324021 0.0003118203372391988 -0.8453576616625476 -0.008256724368442553 0.9998453785860076 0.015525637948750915 -1.7541203672354047 -0.00018364094447045898 -0.015527683386135666 0.9998794213960153 185.85452625871665
0.9999624678979041 0.008633975413205368 0.0007191983535786224 -0.854075794077291 -0.008645535520096281 0.9998002541955423 0.018019612535753265 -1.7571634506424547 -0.0005634738387655211 -0.01802515443815085 0.9998373749328937 187.22866271965032
0.9999695778422681 0.007753312382228113 0.0008541204782882251 -0.8643621929963127 -0.007767903718679735 0.9997956964960039 0.01866078634012078 -1.7524870791412621 -0.0007092631180719159 -0.018666853737652252 0.9998255075390359 188.6690879946708
0.9999767865750474 0.006774047635170725 0.0007338778902669857 -0.8714698491355563 -0.006787033971607272 0.9997880550390772 0.019436593703690656 -1.7575167942908037 -0.000602057972575917 -0.019441123755828637 0.9998108222271217 190.07269526833863
0.9999921451857484 0.0038960236632698004 0.0007283956109236643 -0.874600546244076 -0.003909965251840801 0.9997876356504266 0.0202335308013416 -1.7563989117956749 -0.0006494106496981653 -0.020236220273546834 0.9997950158230801 191.46189056453693
0.999997419885318 0.0020186491422267937 0.001041765953182979 -0.8795272624356248 -0.002039481617953023 0.9997898313243055 0.02039935508328781 -1.7567532157841874 -0.0010003679342042904 -0.020401427515959865 0.9997913687508939 192.89410568648896
0.9999982391907949 -0.0012216383083707653 0.0014245066005032104 -0.8815665875001633 0.0011907522483617476 0.9997684635655116 0.021484909940069786 -1.752933178142079 -0.0014504236695449106 -0.021483176296114806 0.9997681578332616 194.29762951597195
0.999981469222244 -0.005826020300022701 0.0017659867808910755 -0.8815949864062097 0.005783903246811535 0.9997191177898886 0.022983297589416765 -1.744040601701159 -0.0018993920465568582 -0.022972657841138423 0.9997342893551254 195.73344288030918
0.9999566178574117 -0.009093217977272906 0.002018861603398419 -0.8814800306767212 0.009042954515780457 0.9996794527431675 0.023647763392011828 -1.7471203899466792 -0.0022332488991194718 -0.023628481484647038 0.9997183140631145 197.14295334868115
0.9999737051456361 -0.006917106563580595 0.002177766100699089 -0.8878283882721659 0.006873049594524221 0.9997837535896303 0.019626696852532415 -1.7452419930465917 -0.002313055299395263 -0.019611213256334532 0.9998050060371085 198.57770216908486
0.9999965101879065 -0.00010526640458566501 0.002639798215080095 -0.9024044964054216 6.661826594913864e-05 0.9998928801205895 0.014636387527429563 -1.747764690615653 -0.002641056371462524 -0.014636160876650955 0.9998893976929236 200.00553850278715
0.9999522534932934 0.008987849660995521 0.0038352675159381818 -0.9199630394095175 -0.009041981066945768 0.9998563203093126 0.014338107606314687 -1.7466558131232017 -0.00370584801243612 -0.014372101715165935 0.9998898486254424 201.43496915352824
0.9998551124107186 0.016205918526543402 0.005207912551147492 -0.9403076498643277 -0.016297223904111383 0.9997052342596451 0.017995697301063585 -1.746084193651908 -0.004914741034407541 -0.01807796482950916 0.9998245008557467 202.88478349788397
0.9998277791723073 0.01752314960260131 0.006111561269520927 -0.9461220662622125 -0.017644490091754873 0.9996361903178448 0.020399975823479105 -1.7462789813666253 -0.0057518664667406995 -0.020504298317899548 0.9997732191789762 204.31252294896015
0.9998507747390704 0.016335551314826245 0.005619428704980264 -0.9461968226592039 -0.016450443406039003 0.9996431651884159 0.021045789033130508 -1.7427397476829114 -0.005273629360129199 -0.021135090988444002 0.9997627202331743 205.7771058162149
0.9999059458313544 0.013001616346650936 0.004365482382608501 -0.9432764874732714 -0.013091578098761637 0.9996884057499582 0.021253282386430265 -1.7410733803915772 -0.00408779542880822 -0.021308434906789082 0.9997645925602658 207.21617135385884
0.9999338914847273 0.011041924309504087 0.003207576331118023 -0.9409132437389549 -0.011107445601761572 0.9997139175999921 0.021182719916996363 -1.743626532217894 -0.0029727609448222743 -0.02121694796266108 0.9997704755689408 208.65025923462608
0.9999296889287089 0.011536935241486088 0.0027415871912606603 -0.9476258294397926 -0.011590728021718967 0.9997228755528896 0.020489683656572697 -1.7354634132638946 -0.0025044394728013382 -0.020520020407686978 0.9997863054438573 210.12411003754787
0.999917077653809 0.012625822068051656 0.0025350356663670194 -0.954597132165522 -0.012675710762067856 0.9997046324246042 0.020735821296025057 -1.7318534621458475 -0.002272480285014175 -0.0207662356290684 0.9997817758387764 211.56568728863948
0.9999051941555499 0.013555942611133442 0.0024164208882962728 -0.9632371555579806 -0.01360461966014271 0.9996780807468542 0.02141609721538044 -1.725614236909119 -0.002125327774261377 -0.021446941762689374 0.999767728865008 213.0456359370879
0.9999116674010361 0.01311569854389014 0.0021530948413718788 -0.9702274965333944 -0.013159005848497718 0.9996820132279838 0.021510765065337858 -1.7280942984705674 -0.0018702816171759754 -0.021537197984179125 0.9997662982712914 214.50342929999474
0.9999100598860781 0.013296197370983455 0.0017559166901413125 -0.9754644663232204 -0.013329766865153019 0.9996961286106576 0.020735664389817075 -1.7248847298043746 -0.0014796777401023223 -0.020757205800011936 0.9997834510384369 215.96267631266605
0.9999206982444355 0.012510763924112408 0.0014415200041821721 -0.9826331215665827 -0.01253756962659277 0.9997134437389307 0.02039214983147696 -1.7229866190570682 -0.0011859856397166517 -0.020408606266480486 0.9997910192823055 217.4451500472994
0.9999145921725786 0.013038209034601254 0.0009019060888607745 -0.9895066894081792 -0.0130539519332338 0.9997049774115633 0.02048298069878188 -1.7206525117859073 -0.0006345786601175097 -0.020493005144014392 0.9997897949370047 218.90577600482334
0.9999109200511553 0.013331434035223763 0.0006517643483716512 -1.0005570860556792 -0.013341956551962002 0.9997029623771462 0.020395568920629697 -1.7184654878741858 -0.00037966858463760276 -0.020402448308039875 0.9997917763040371 220.39538576102072
0.999911885374012 0.013268135531278282 0.0004219418720559816 -1.008915716951083 -0.013273989124199994 0.999702987485446 0.02043864102649973 -1.7200741023566453 -0.00015063388790862364 -0.02044244134806499 0.9997910201196681 221.8718448264785
0.9998990785965267 0.014206762428033608 -2.206577811461369e-05 -1.0216479486719323 -0.014203438241647806 0.9996963293911102 0.020137312856683753 -1.712779809242369 0.0003081451384685087 -0.020134967568878302 0.9997972235102344 223.3590661738647
