1.0 -3.469446951953614e-18 0.0 -1.7787691892340307e-19 0.0 0.9999999999999999 -3.5405977195229754e-19 0.0 2.168404344971009e-19 -2.354751593366955e-19 1.0 0.0
0.9999999141507749 -0.00031842487957154525 -0.00026514927552763706 -0.005672866381571063 0.0003186686941025734 0.9999995260962845 0.0009199221799930036 -0.024196248018421046 0.00026485624691540343 -0.0009200066138964874 0.9999995417196708 1.3120242740679018
0.9999988506754811 -0.0015157901241731869 3.20995847975891e-05 -0.01631615776291122 0.001515735963352853 0.9999975263450676 0.001627834650264226 -0.04301543610976739 -3.4566962575283784e-05 -0.0016277841557533095 0.9999986745611651 2.6060928187008567
0.999995686587249 -0.0028770329219801136 -0.0005911782075782789 -0.02171742980313065 0.002877791909196001 0.9999950313163691 0.0012867213970246948 -0.07775827869958989 0.0005874733812717122 -0.001288417158396719 0.9999989974281918 3.9393643484342813
0.9999938677689232 -0.003501526507143601 6.116916464921963e-05 -0.028064182650484087 0.003501435958763172 0.9999928532916229 0.00142594066349399 -0.09788747172971217 -6.6161700712481e-05 -0.0014257177647497875 0.9999989814752894 5.243740087282153
0.9999937778448312 -0.0035092351607635824 -0.000359922991841125 -0.040775948834397606 0.0035101139988331503 0.9999907884796904 0.0024702328083456575 -0.11362730306837741 0.0003512510805110218 -0.002471480855217459 0.9999968841981782 6.579469325940627
0.9999870142769661 -0.005081179568429475 -0.0003910212479971342 -0.04378851098114358 0.005082583688740549 0.9999803234806356 0.0036769535321166755 -0.1436190043697896 0.0003723303277051212 -0.0036788932513567426 0.9999931635345914 7.906742884272624
0.9999872397287006 -0.005050686955225517 0.00010463164230998601 -0.05228254398053911 0.005050160680819156 0.9999769575414431 0.004536546671965061 -0.16178221938357623 -0.00012754191518175514 -0.004535960463225054 0.9999897043452792 9.224153161751317
0.9999913190761233 -0.004083687042138474 -0.0008278144577664768 -0.060816724042903156 0.004086085915406101 0.9999873979054232 0.0029168349491878348 -0.19115358849954112 0.0008158926560892287 -0.002920192204455956 0.9999954033887032 10.56326695341293
0.9999991843778727 -0.0012647283730715143 -0.0001780657490968638 -0.0696427893646882 0.0012649537534126683 0.9999983923852496 0.001270872441255591 -0.20764500715198214 0.00017645817043264824 -0.001271096673869765 0.9999991765877791 11.876693084856793
0.9999967916618526 0.0024367089600392253 -0.0006921777190742025 -0.0850935780975741 -0.002436565780628487 0.9999970099706474 0.00020784918039143326 -0.2332445318718686 0.0006926821759453529 -0.00020616198348937174 0.9999997388448508 13.231745639857433
0.9999877562476961 0.004911139292237944 -0.0006066753953804262 -0.10383234031604621 -0.004910965477949027 0.9999878996155603 0.00028818405003375 -0.25438577386033295 0.0006080834176839434 -0.0002852011695334509 0.9999997744479009 14.573235765642032
0.9999842205546796 0.005614170526497911 0.00019929895100599302 -0.1119168854791815 -0.005614462664976732 0.9999831213257475 0.0014949526814501918 -0.27517795110985954 -0.00019090268310461406 -0.0014960480820762165 0.9999988626974824 15.909073578895935
0.9999942716535887 0.0033842989002337244 -5.6343817262670664e-05 -0.12141532179508863 -0.003384053584915672 0.9999866656589689 0.0039008577254806076 -0.2981926169120175 6.95447432865451e-05 -0.0039006447890477117 0.9999923900383906 17.27949877820743
0.9999984078638223 -0.0017055387766956673 0.0005247958358825693 -0.11997902687857949 0.0017023217248274963 0.9999801230175279 0.006070886795271753 -0.32491508682727455 -0.0005351395775453505 -0.006069983876136631 0.9999814342887181 18.613756365824305
0.9999948053789953 -0.003202477498718671 -0.00036518060206155783 -0.12798938474092167 0.0032040849622486742 0.9999847910057617 0.004489052370676743 -0.34873457669938973 0.00035079899233608075 -0.0044901992077606406 0.9999898574749124 19.97119749059635
0.9999918101287592 -0.00400818884496283 0.0005604497345571117 -0.012903056414356535 0.004007448980556166 0.9999911048160309 0.0013155363152569466 -0.3022984218058807 -0.0005657177137004161 -0.0013132795898222092 0.9999989776292566 21.328331313647034
0.999997410545808 -0.0021906506026549612 0.000616405533561478 -0.023350620198365372 0.002190706870536848 0.9999975963117184 -9.039330725510076e-05 -0.3418846722099457 -0.0006162060837609205 9.174344100988702e-05 0.999999805936121 22.699814705542124
0.9999990443796088 -0.00012068593034630058 0.0013771989396980369 -0.041197697733387835 0.00011939959820437933 0.9999995566276387 0.0009340706209281595 -0.3567918763868848 -0.0013773111738941276 -0.0009339053085048471 0.9999986154155404 24.060496665218132
0.9999965104728815 8.196129649651676e-05 0.00264051656426185 -0.043746366825068946 -9.641840909465488e-05 0.99998500499094 0.005475444784318282 -0.3738343004409892 -0.0026400284138043536 -0.0054756803778492884 0.9999815234154218 25.432077133045507
0.9999955884395579 -0.0017895671960160928 0.0023707712951418223 -0.0521315528539154 0.0017740637960828726 0.9999771351215361 0.006525482923576013 -0.38878204654593734 -0.0023823950738425612 -0.006521248361712614 0.9999758984655793 26.80711720442362
0.9999776586904161 -0.006030961474150118 0.0028826437350440662 -0.0568306984102631 0.006011979991200319 0.9999604838385905 0.006548805140290838 -0.42213242240861093 -0.0029220256567479208 -0.006531328556686699 0.9999744014279991 28.169082428547625
0.9999761123804456 -0.006512595876757805 0.0023153346154336433 -0.05535656268207048 0.0065061074326644396 0.9999749173907823 0.0027991332627363345 -0.42775989131188114 -0.002333506359027517 -0.0027840026303431542 0.9999934020156493 29.547957451989543
0.9999730508170094 -0.00649303674542937 0.0034260948086102068 -0.05860067791073778 0.006488173552335852 0.999977930834232 0.001428789834728489 -0.46313978804327255 -0.003435296671166313 -0.0014065222522411792 0.9999931101902121 30.927591182998647
0.9999868254305626 -0.003764460958793042 0.0034896716922246758 -0.07558355029189574 0.0037631622087356664 0.9999928475582942 0.0003787310206608109 -0.48234704969860365 -0.0034910727451590963 -0.00036559383189240836 0.9999938393550094 32.3088081978
0.9999896277008152 -0.0021670165906538304 0.004006062640832018 -0.022943329601427226 0.002175212653735912 0.999995547990982 -0.002042656378280674 -0.520935563853631 -0.004001618675235326 0.002051349274732689 0.9999898894534766 33.70952645029164
0.999989038750535 -0.0017761239150665183 0.00433217847669465 -0.032905695206654526 0.0017851679720983608 0.9999962337018262 -0.0020846474439631044 -0.5400925884477428 -0.004328459935611189 0.00209235830601065 0.9999884431662596 35.09954098403566
0.9999906957842808 -0.002024922010870704 0.0038089425510082616 -0.02926622138984518 0.0020277197471885063 0.9999976771632094 -0.0007307652592309401 -0.5724015096562416 -0.0038074542830212254 0.0007384819472640843 0.9999924789375203 36.492330795883504
0.9999925763349445 -0.0006299859692542754 0.003801367948283697 -0.04222695266654895 0.0006245525613464229 0.999998782003236 0.0014303583183967153 -0.5963276287134706 -0.0038022647440197387 -0.0014279735703748458 0.999991751800945 37.895040766363316
0.9999897102578423 0.002612362703939208 0.0037087652070262687 -0.05143067478048112 -0.002619015750440725 0.9999949681323799 0.001790103576414858 -0.6254844562943284 -0.0037040704569260875 -0.00179979850566148 0.9999915202556333 39.27828227703294
0.9999806736904268 0.004932489404034389 0.0037845460622433777 -0.05341583323652491 -0.004937085557986979 0.9999870853097829 0.0012059889102337545 -0.6499222713607541 -0.0037785489771281072 -0.0012246502554654724 0.9999921113663787 40.67755315522789
0.9999728262192189 0.006174323052449601 0.004027970986261582 -0.06979151685154839 -0.0061822243865311205 0.9999789846373318 0.0019520239511935482 -0.6634989246495676 -0.004015834248675654 -0.001976872768205517 0.9999899824722699 42.09237753206422
0.9999597395464763 0.008245623800005111 0.003539627215375976 -0.07265234332092121 -0.008253330391867028 0.9999635904516162 0.0021680235209995064 -0.6943985005190265 -0.003521621929154485 -0.002197149995015924 0.9999913853163548 43.484080498842616
0.9999726696887081 0.006673173909684297 0.003182548644924831 -0.07800064919561758 -0.0066807602175228764 0.9999748537324231 0.0023789407394982174 -0.7177801963782355 -0.003166593796515343 -0.002400137616523805 0.9999921059786291 44.91437281514563
0.9999755590070587 0.006587605315325097 0.002341972313460021 -0.07914340253162461 -0.006592267499074403 0.9999762938413367 0.0019884108587108337 -0.7479621376931416 -0.0023288181239542556 -0.0020038012105847336 0.9999952806809084 46.31458558699866
0.9999828463711281 0.005713404346533614 0.0012899475530030863 -0.08428395984033057 -0.005716693384437374 0.9999803818722256 0.0025603316874722383 -0.7721184316408091 -0.001275294142514678 -0.0025676620570803674 0.9999958903590889 47.748270850191275
0.9999745055212571 0.007131738496445419 0.0003558077663034934 0.0008596323900124658 -0.007132213844699956 0.9999736518075504 0.0013517510922714142 -0.8053988629194725 -0.00034615808472369274 -0.0013542543590308125 0.9999990230842277 49.14611977012494
0.9999687747297009 0.007887502772629233 -0.00048667027845352784 -0.01484246413552806 -0.00788648608319056 0.9999667838799801 0.0020577877605577966 -0.8323134967058675 0.0005028849634807204 -0.0020538854341320004 0.9999977643287462 50.5663159450681
0.9999710828983538 0.007463133885785738 -0.0014611575975981485 -0.036273380957351775 -0.007459667190824854 0.9999693816455517 0.0023641387659311575 -0.8492649117961961 0.0014787568698886948 -0.0023531707057978333 0.9999961379268576 52.008986111196535
0.9999649865425871 0.007878630087029404 -0.002820080673317198 -0.04210185121910274 -0.007868650936087603 0.9999628020013406 0.003532557448330906 -0.8760526110967318 0.002847807728363256 -0.003510243608387945 0.9999897840411826 53.4205232854299
0.9999757383123711 0.006003045936981654 -0.0035335828189842645 -0.05622152091707631 -0.005986348649314185 0.9999709554936665 0.004717182408760349 -0.8975977857449078 0.003561797954931362 -0.004695914803268486 0.9999826308427116 54.872310461662394
0.9999848353140302 0.0037482038711094253 -0.004034859991386024 -0.06908961548888563 -0.0037271749264907615 0.9999794983004493 0.005206837000294624 -0.91306744911847 0.0040542939030878775 -0.0051917195197504025 0.9999783041437647 56.27463250578883
0.9999898505600143 0.001871352793629575 -0.004098390503046242 -0.09569213868760591 -0.001852359338270328 0.9999875505698036 0.004633300385362969 -0.9372682726724403 0.004107010370747104 -0.00462566176398296 0.9999808676809029 57.690009837011175
0.9999900412356357 0.0003956826922327022 -0.0044453183944561155 -0.10405970476127242 -0.0003730917445197322 0.9999870187401264 0.005081648669674842 -0.9595739593955782 0.00444727178897834 -0.00507993965518334 0.99997720773848 59.154251775576135
0.9999926209509258 0.000238089567369551 -0.0038342338936684017 -0.12112946996060382 -0.00021538813333363618 0.9999824531565319 0.005920049480992766 -0.9871001242922476 0.003835576445911964 -0.00591918006814377 0.9999751255252762 60.54838353282901
0.9999917565487725 -0.002142755707598693 -0.003448975120251943 -0.13346876197964944 0.002165912671323914 0.999975045032956 0.00672444262666038 -1.006932574227028 0.0034344805092227366 -0.006731857506797976 0.9999714428153614 62.00903119280928
0.9999891864253254 -0.003287103400766201 -0.003289678152176753 -0.052485439467082465 0.0033074994735329197 0.9999752240198803 0.006213838377323688 -1.018418727286763 0.003269171399463623 -0.006224651915103953 0.9999752828117517 63.42140534253416
0.999986241821779 -0.004152567718940405 -0.003205050445376414 -0.055019664911209465 0.004168514194071413 0.9999788874256075 0.004984795449015943 -1.0383416996944022 0.003184283351286678 -0.0049980872635086125 0.9999824395809015 64.84002830183023
0.9999858259947866 -0.004337855198401786 -0.003087202958694379 -0.03425027281388908 0.004347881620053498 0.9999852718749827 0.003248376834413051 -1.059000694155093 0.0030730667642956053 -0.003261753648372177 0.9999899585645695 66.3166678214425
0.9999926171729312 -0.002941262049014794 -0.0024727670963541905 -0.05211189378390489 0.0029491302128900887 0.9999905815568308 0.0031842461850128518 -1.0776698256725838 0.0024633783152500756 -0.003191515251083565 0.9999918729682795 67.694020296844
0.9999986577435683 -0.00017551826319915642 -0.0016290187124861182 -0.07719862062295496 0.0001831507693826704 0.9999890021621255 0.004686364180425236 -1.1050586703263916 0.001628178395712641 -0.004686656339715969 0.9999876920698878 69.13801589215072
0.9999944735266354 0.003067654940355921 -0.0012815621916607007 -0.06106814406931273 -0.0030605557279123506 0.9999801618000157 0.0055053618656507874 -1.1169302413272606 0.0012984254322886888 -0.005501409259744871 0.999984024167904 70.50620563567553
0.9999791904067803 0.006433145683042473 -0.0004830901681708163 -0.08150929466645646 -0.006429987679797247 0.9999596248430601 0.006277256854790999 -1.1394109387144338 0.0005234532200741593 -0.006274020092810918 0.9999801811391338 71.94928887758832
0.9999432991706897 0.010642167662351744 0.0003777393158516094 -0.10855785381419471 -0.01064432562119549 0.9999237419478539 0.006261680606258453 -1.1616663934969278 -0.0003110726772075638 -0.006265346475439086 0.9999803241406708 73.32131899879725
0.9999016257485941 0.013971267118915198 0.0012419689186892056 -0.08830982624520824 -0.013977797308249069 0.9998876490431066 0.005413917938076284 -1.175158354985118 -0.0011661901836337448 -0.005430745454552568 0.9999845733829584 74.71598793995643
0.999864287166491 0.01631297556535895 0.0023008773390317426 -0.11105026142323404 -0.016325538117564972 0.9998513227117106 0.005550614304272819 -1.1990093445648762 -0.0022099883985375133 -0.005587424196205912 0.9999819481573199 76.14235864934487
0.9998567382018999 0.01677541883510923 0.0022557377173015826 -0.0924545597606967 -0.016787584850821206 0.9998440246392518 0.005486659472143163 -1.2156239313715715 -0.0021633450465092735 -0.005523741951735235 0.9999824039509253 77.51954529449728
0.9998895999643359 0.014682549455326842 0.0022826716451420977 -0.10198383404424421 -0.014695190725119111 0.999876208778291 0.005623035221393658 -1.2375304744152333 -0.0021998287599259854 -0.0056559588542277805 0.9999815852710894 78.93453949566634
0.9998981940351764 0.014122822788033666 0.002036518732345149 -0.1135985582662804 -0.014132296671802904 0.9998890187247702 0.004714706688523265 -1.2672700190578556 -0.0019697079133228065 -0.004743007492862377 0.9999868119775579 80.32067020170247
0.999901434126886 0.013923828943885216 0.001802494326886205 -0.08657904309884024 -0.013931798643466619 0.999892881925772 0.004486612851825051 -1.281951012528291 -0.001739830561511903 -0.004511282711096713 0.9999883105899325 81.71059656520944
0.9999110334342687 0.013234531696366425 0.0016650395237187531 -0.10183073476965085 -0.013242848382095733 0.9998993715608994 0.005086624662913344 -1.3036720567896791 -0.0015975530097481231 -0.005108222098868153 0.9999856768425887 83.1008645780458
0.9999062798292774 0.013636941120520102 0.00121052151368249 -0.08968118184758833 -0.013641612371014553 0.9998991958392239 0.0039375887711307275 -1.3176695270642074 -0.00115670291723792 -0.003953733292327429 0.9999915149792978 84.46725999567428
0.9999075227796705 0.01358974352773288 0.000514515456481759 -0.09932437154680596 -0.013591869958211478 0.999898026021258 0.004381627877660035 -1.3407138776315108 -0.0004549178259301372 -0.0043882160005999475 0.9999902682578435 85.86102510745783
0.999921937979235 0.01248499514684552 -0.0004927604302272565 -0.11179721379373322 -0.012482117296637684 0.9999071511923259 0.005466788016439483 -1.369070845422454 0.0005609675509175938 -0.0054602106920696464 0.9999849355949422 87.22353764854151
0.9999335769179315 0.011396599223983096 -0.001720246608654865 -0.10049391241286369 -0.011385693982446004 0.9999158244162724 0.006221742495574551 -1.3786278641585257 0.0017910086672564775 -0.00620174315922274 0.9999791651201378 88.61460811008895
0.9999532495016237 0.009221293652363958 -0.002909730028046475 -0.11231268089005025 -0.009200265971825338 0.9999320471116051 0.007159349385324464 -1.405607777005335 0.0029755510231818973 -0.007132244542066089 0.9999701381497379 89.99680915859693
0.9999725755196999 0.0064242330695883886 -0.0036847548154363245 -0.12346608361360717 -0.006397034514824873 0.9999525532448867 0.007346374574027193 -1.4260186546028224 0.003731775129143775 -0.007322601752071203 0.999966226113136 91.35064735069795
0.9999744340959135 0.0057730590175190544 -0.004219351208510218 -0.12774537363265306 -0.005746175337300579 0.9999632894554776 0.006356195415006514 -1.4369237854584005 0.0042558913695061856 -0.006331787913951216 0.9999708975066225 92.74077018552268
0.999981880822776 0.004021551887013459 -0.004479411838453816 -0.14242653628547663 -0.003992950727545295 0.9999717021822836 0.006375828180214609 -1.4605153642319282 0.004504926190320581 -0.006357826716749563 0.9999696413840644 94.09506762544248
0.9999776950641056 0.004900551102562141 -0.0045380562967579805 -0.16001850674051113 -0.004873833629129739 0.9999708355090585 0.005879956209248169 -1.48041776774341 0.004566739362900067 -0.005857707448733223 0.9999724157022045 95.45569644887254
0.9999771322260658 0.004875445104564752 -0.004686687685479847 -0.1731381440353414 -0.004851871085859228 0.9999755872803271 0.005028339540786561 -1.4938112830694275 0.004711089065955159 -0.0050054854556076545 0.999976375103664 96.8014369022651
0.999974209696557 0.005634487529251412 -0.004453366401953837 -0.1910746895153306 -0.005613784216791558 0.999973440874043 0.004647900964814426 -1.5215069283125775 0.004479437046392954 -0.004622780955091909 0.9999792820601947 98.16727073951702
0.9999634711505755 0.007442322922141451 -0.004203352279864269 -0.2090890719724075 -0.007421910216333346 0.9999606892914067 0.004851302409573016 -1.5432818108166686 0.004239292363920025 -0.004819928397996878 0.9999793981376033 99.5123989898957
0.9999603823109967 0.007987363683931667 -0.0039288427528928445 -0.223937553733589 -0.0079616497222879 0.9999470643684895 0.0065177150755763675 -1.569736119873063 0.0039806944789666536 -0.006486176926151204 0.9999710413754637 100.86219595505713
0.999959668643319 0.008029705183874034 -0.004023045691349297 -0.2458950459415428 -0.008001124006286569 0.9999429904669548 0.0070709154839823495 -1.5715222526008419 0.004079594056060577 -0.007038441565102475 0.9999669080836121 102.19137049039584
0.9999626480634645 0.00772430341931539 -0.0038778332801860816 -0.2597480591509238 -0.007699554130883114 0.9999501499459676 0.006357240271053369 -1.5981180543667541 0.00392674555922819 -0.006327145362383208 0.9999722735705607 103.53951056085518
0.9999623542856395 0.007845062456077006 -0.003707422688549118 -0.2741250729975918 -0.007829634789341707 0.9999607040830443 0.004157778802444225 -1.6197505008557609 0.003739895355257679 -0.004128594604654235 0.9999844838281987 104.88134755871971
0.9999660932381272 0.007270952188002512 -0.003865954722862517 -0.2966942367933755 -0.007262190092850611 0.9999710401964554 0.002275824746241603 -1.6348750842603537 0.003882390507941366 -0.002247672335334152 0.9999899374596991 106.20968095470893
0.9999794387686006 0.0051512697564769505 -0.0038192201755859953 -0.311242088830503 -0.005138017041084788 0.9999807734406354 0.003471820746000389 -1.6617495659440136 0.003837031357058961 -0.0034521262178515834 0.9999866799226794 107.54350222946377
0.9999931006628742 0.0020183012729987565 -0.003118505648071963 -0.3255856328397051 -0.002000617403623996 0.9999819614719444 0.005663414414253457 -1.6688277849813364 0.0031298801402997833 -0.0056571365193672785 0.9999791001134738 108.87776313998151
0.9999973816942845 0.00042706529174087616 -0.0022481581874332053 -0.33887433761843566 -0.00041312704616094757 0.9999807150659847 0.006196678243321618 -1.694157962938168 0.0022507614132593616 -0.006195733367846172 0.9999782732472671 110.21379204075907
0.9999989795346168 -0.0001535193468035715 -0.0014203377902437199 -0.3456156615650136 0.0001609997059774087 0.9999861111308915 0.00526798091239238 -1.7201850645850136 0.0014195094506166213 -0.005268204315438651 0.999985115399137 111.55247378169923
0.9999977097457032 0.0019741419181687394 -0.0008265967858493877 -0.3735343160745255 -0.0019718555725104277 0.9999942529698702 0.002757864348087718 -1.7394961612428874 0.0008320365234089793 -0.002756228158911456 0.9999958554531204 112.87391682362758
0.9999889106853693 0.004705475724972525 0.0001923426329365071 -0.38294315644572774 -0.004705628985516699 0.9999886063319802 0.0008026649615825761 -1.767518957149073 -0.00018856353654722038 -0.0008035611729347253 0.9999996593664767 114.22319568869777
0.9999743356815868 0.006939821293843405 0.001779563603568514 -0.40931967233805366 -0.0069396828844628606 0.9999759165737125 -8.419295449311117e-05 -1.7853857107379218 -0.0017801051805799433 7.184118420661976e-05 0.9999984130297022 115.53335194481411
0.9999524339933743 0.009158249550267124 0.003355026042186285 -0.4181609591070011 -0.009164000926855136 0.9999565599550128 0.0017027360317224643 -1.811111377314241 -0.0033392864995812352 -0.0017334005395907466 0.9999929222171305 116.8986581138514
0.9999564420223318 0.008229403025898259 0.0044035180474763114 -0.4280749673583582 -0.00824816055299734 0.9999569156908891 0.0042584769931365675 -1.8252793939114467 -0.004368283967688954 -0.004294612513737047 0.999981237021161 118.20921098808441
0.9999525406721286 0.008177832860498984 0.005295228149082072 -0.4281557175022831 -0.008204740184476781 0.9999534383608577 0.005079701296316074 -1.851945165581495 -0.005253441086724875 -0.005122906291245404 0.9999730782292756 119.56329303862927
0.999942429142369 0.008702113496478304 0.006277866576931579 -0.42962860073758813 -0.008730292780795113 0.9999518760073133 0.004475229100701316 -1.8729178354531644 -0.0062386210334650525 -0.004529779162046485 0.9999702799098837 120.88985062396436
0.9999184615188519 0.010150120263575809 0.007748893856086183 -0.4365321996145954 -0.010180660212443973 0.99994052385676 0.003911895844743472 -1.886061308469852 -0.007708727417338621 -0.003990465810219078 0.9999623251394246 122.21155467051132
0.9998846464055474 0.012346789383946582 0.008845939820487243 -0.4403038107378563 -0.01237932529931353 0.9999167744335609 0.0036327043333188227 -1.9030662937083367 -0.008800352118275647 -0.003741792130475724 0.9999542753486504 123.56552576743265
0.999862540592616 0.013124493256860862 0.01013151374326603 -0.43805640088246556 -0.013154168506980295 0.999909367530334 0.002867857735088082 -1.928804387196946 -0.010092957170967889 -0.003000735221053891 0.9999445623620175 124.90255158368821
0.9998397608892493 0.01411025050572478 0.011016049487959312 -0.4510169760751235 -0.01413124577449422 0.9998984738347 0.001830287267553085 -1.9564031977090552 -0.010989106186786743 -0.0019856645277271643 0.9999376463936583 126.2896014678255
0.9998318459463924 0.013808200514972738 0.012067037800947804 -0.44132459196389007 -0.013825412169222359 0.999903521177765 0.001344004946601533 -1.9849644031162337 -0.012047316315284226 -0.0015106107485246827 0.9999262873926283 127.62549303903984
0.9998361012364012 0.012789071456852815 0.012814456288674333 -0.4473434014009432 -0.012817370291084727 0.9999155885022704 0.0021285957964618588 -2.01520750747139 -0.012786152916954514 -0.0022924945981443816 0.999915625818852 128.98636677430414
0.9998426148478792 0.011316843951580847 0.013662889721364143 -0.4360996104364774 -0.011364134370267032 0.9999296847546445 0.0033885133334201527 -2.0343551494980954 -0.013623582884440603 -0.0035432470138256275 0.9999009167839898 130.33245424543418
0.9998472400097348 0.010789675677686619 0.013750619027451162 -0.43699058487674114 -0.010840034786003422 0.9999347898568903 0.003593007674703303 -2.0737822497241774 -0.013710956116432707 -0.0037415160663173655 0.9998990002672724 131.68524311308136
0.999864394619466 0.00888132818784498 0.013867745572662151 -0.42178527405503274 -0.008937997331054921 0.9999519355563072 0.004029739409370444 -2.098819958510539 -0.01383129075503493 -0.004153142905338062 0.9998957179605557 133.05358556052877
0.9998823662136419 0.0072793514155427095 0.013500546950093815 -0.43023474140036744 -0.007338882168579483 0.9999635423328134 0.00436518363262996 -2.1260907682724572 -0.013468280181019018 -0.004463749145416996 0.9998993351173601 134.4211874742978
0.9999020882020863 0.005472424384703533 0.01287891980357031 -0.4156115805408221 -0.005531181300717697 0.9999744375405702 0.004531038376330707 -2.150463728215238 -0.012853795904680785 -0.004601830459033523 0.9999067971978649 135.7398220784002
0.9999196358284509 0.004636392286198556 0.011799396112578622 -0.40771602865554846 -0.004690778495680163 0.9999784836694974 0.004585717299413718 -2.172015711537557 -0.011777882040424237 -0.004640697211016704 0.9999198694988963 137.108573018811
0.9999421430843769 0.0025168804573712606 0.010458288523780071 -0.4233351097888066 -0.002565928081504405 0.9999857611588802 0.004679048631498141 -2.221594399971779 -0.010446363882963307 -0.00470561321855249 0.9999343631859452 138.48617339882418
0.9999553679571593 0.0005329301064366894 0.009432819578538263 -0.4153163248101679 -0.0005866725721171305 0.9999836081969447 0.005695537926829694 -2.240949009686511 -0.009429630426276222 -0.00570081780495399 0.9999392895275083 139.82997854531536
0.9999670755407887 0.00038941820313056347 0.00810531887592646 -0.4286375380161883 -0.0004345786352517129 0.9999843891832502 0.005570684927657668 -2.278585529302526 -0.008103023699439866 -0.005574024017848334 0.9999516344591914 141.19961160029845
0.9999750577255723 0.0010321476274152905 0.006987031045922458 -0.4265329025105752 -0.0010660447724525372 0.9999876731476324 0.004849443474140067 -2.3054581428048193 -0.006981940162404501 -0.004856771096743735 0.9999638314862079 142.53734117103136
0.9999827620060673 0.00044692676999649825 0.0058545668077452555 -0.44426174304586996 -0.0004733588933467075 0.9999896990244338 0.004514175024344997 -2.3371935282097356 -0.005852489485279191 -0.004516868604892759 0.9999726727564776 143.8964050365037
0.9999869969035348 -0.0013009176321290249 0.004930886803424184 -0.4356675758672075 0.0012888479584058643 0.9999961677498531 0.0024501743025939974 -2.3584776382110846 -0.004934055796877802 -0.0024437873225057155 0.9999848413810312 145.2495093831355
0.9999739126941148 -0.006042237041261993 0.003957943274937871 -0.4391763879387597 0.0060352425457886275 0.9999802090910481 0.0017768696882214019 -2.3926573328113263 -0.003968601545022361 -0.0017529362135265483 0.9999905886616877 146.57394637098741
0.9998891365551827 -0.014606308897917492 0.0028931562319770713 -0.42946705858946294 0.014592926835433373 0.999882963645946 0.004594070754080393 -2.403072498314976 -0.002959920289427073 -0.00455134189847486 0.9999852619694019 147.93131643937056
0.999727767248211 -0.023301527705578272 0.0011959113414218825 -0.41729239663476647 0.023293590086597038 0.9997089988468342 0.00627106700642683 -2.4180941380925036 -0.001341688877974555 -0.006241502852136213 0.9999796215487575 149.26282189467616
0.9996745928967307 -0.025508824440341193 9.050913537442902e-05 -0.4094965051014229 0.025508355427916664 0.9996685237584971 0.0034880381243319477 -2.446901560019623 -0.00017945489626363157 -0.003484594401781326 0.9999939126805882 150.60039174016765
0.9997396485599104 -0.022816630570638832 0.00019097222447742664 -0.45061446690368756 0.022816698810117185 0.9997396021994317 -0.00035502981949192856 -2.52354900616327 -0.00018282192549923205 0.00035929476737557635 0.999999918741542 151.99646387834446
0.9997929616705554 -0.020319157010698176 0.001079657473683166 -0.4617846112256462 0.02032272342741922 0.9997876888103476 -0.003400618998862431 -2.5390905864518034 -0.001010330625588364 0.003421856604428151 0.9999936350436032 153.33100771406967
0.9998044205890125 -0.019673972815544002 0.002013795918032109 -0.4677227738558274 0.019678961698789403 0.9998032557592906 -0.0024876158850742646 -2.5661961516905962 -0.001964458594578492 0.00252675883781454 0.9999948781815416 154.6822886679758
0.9997025370030603 -0.024260203468075343 0.0025060011931698784 -0.46826271677374887 0.02425872196479037 0.9997055213193621 0.0006205246268846152 -2.588462545075155 -0.0025203174936180434 -0.0005595476480042162 0.9999966674459061 156.01025043322036
0.9995606509290605 -0.0295160865184258 0.002702914353768956 -0.48549203591173634 0.029506643432467367 0.999558561046949 0.003470020024127602 -2.6500878765431812 -0.0028041428252323234 -0.0033887415859289323 0.9999903265584716 157.36543286501373
0.999461247843266 -0.032719999119892824 0.0025721011673111006 -0.4743917365421766 0.03270796839261211 0.9994544170244197 0.004588802601881456 -2.672198379337811 -0.0027208437134560648 -0.00450220223240755 0.9999861634952719 158.71221820953502
0.9993662776057038 -0.03550530373161764 0.002533095113247394 -0.4689461291607684 0.035492337635215546 0.999357475700288 0.004992970472769548 -2.6937116841380204 -0.002708744693295269 -0.004899900915775398 0.9999843267125681 160.06311249323477
0.9993870895007906 -0.03482889979113424 0.0035203779455901894 -0.47309082853118745 0.03480924544609453 0.9993788474672647 0.005498698694073954 -2.700712372389075 -0.0037097051860343518 -0.005372786860193199 0.9999786853956101 161.40883410233343
0.9995208696471721 -0.03059516364172305 0.0046869068635423655 -0.48420334040267576 0.03057179535321103 0.9995201706505491 0.004979337454082197 -2.724402937606131 -0.004837001994724357 -0.004833664612839576 0.9999766192735509 162.7601428629605
0.9996667157503055 -0.025175154540949034 0.005715682000898067 -0.4860536099877841 0.02516045912690456 0.9996799689525027 0.0026288726369565413 -2.7569112497298685 -0.005780035564602467 -0.002484187316750971 0.9999802098025011 164.10683617870274
0.9997155167359681 -0.022971582023586623 0.0064181014494498825 -0.4940205308641654 0.022957007477327714 0.999733724921775 0.0023356065969164074 -2.7752052528942133 -0.006470045590740346 -0.002187601773243838 0.9999766761792661 165.45439676010875
0.9997630872436902 -0.020671264953164837 0.006816758956817742 -0.49355620402711375 0.02064480373909379 0.9997791500853151 0.0039297743667918005 -2.7968713911668406 -0.0068964874614996655 -0.0037881127555515685 0.9999690438491865 166.8094329041832
0.9997664602608917 -0.020564237714818356 0.006643574123322032 -0.49178965638992544 0.02053826579412776 0.9997812472953365 0.00395438844166021 -2.818824718330067 -0.006723440370980381 -0.003817017497676721 0.9999701124140096 168.16599435966617
0.9997969924270559 -0.01921175991480975 0.0060730740428297444 -0.4956626182083021 0.019201791586983187 0.9998141906771744 0.0016956747350620107 -2.829309534154627 -0.006104523018117344 -0.0015787166096376086 0.9999801210257314 169.56192106859305
0.9998607491112912 -0.015424965946410428 0.006368110251809723 -0.47021537250779366 0.015439028755209356 0.9998784673325979 -0.002164935606687997 -2.8968063012506358 -0.006333942796353554 0.0022629516363338164 0.9999773798501916 170.93818151328585
0.9999428752685645 -0.0087681771377393 0.0061127150116645846 -0.4786280708615434 0.00879130458510092 0.9999542608221177 -0.0037668578766677278 -2.933477383767806 -0.006079407460239769 0.0038203815223896813 0.9999742224095476 172.2815855386815
0.9999598862634203 -0.005761920423942038 0.006857561580670121 -0.46785740422103594 0.0057843057171108585 0.9999779929056679 -0.00324892361855177 -2.9666023041654968 -0.0068386912065128685 0.003288459599533203 0.9999712087501973 173.65616621876197
0.9999696255632692 -0.002164064827298251 0.007487642100566457 -0.48272288817065334 0.002166405569984051 0.9999976069792291 -0.00030449883074532593 -2.9934567029360037 -0.007486965860095391 0.00032071086538975425 0.9999719208457737 175.047934562077
0.9999696785950521 -0.001416696542501079 0.007657340945862091 -0.4835937640418627 0.0014002829972351392 0.999996711672031 0.00214845296053852 -3.0188009586615445 -0.007660360117423392 -0.0021376654069081577 0.9999683741314329 176.42017388598663
0.9999670919708353 -0.004688134708970882 0.006620904846334524 -0.4757699802586471 0.0046656654670774005 0.9999833182695254 0.00340510522176784 -3.0342958394589035 -0.006636758547956803 -0.003374102296875106 0.9999722840478481 177.82252057017
0.9999525707629129 -0.007488569771515264 0.006227163257524485 -0.43544824663571524 0.007468285418108733 0.9999667510336618 0.0032743748929580808 -3.0513621195296867 -0.0062514771207785955 -0.0032277134120997065 0.9999752501408605 179.17926697551414
0.9999422377117383 -0.010110339720304735 0.0036472297811636053 -0.45281820038745096 0.010112919548070668 0.9999486254605341 -0.0006894113755467352 -3.075616719759242 -0.0036400725306837754 0.0007262557199322898 0.9999931111863036 180.55408296185848
0.9999832911189063 -0.005344756851333695 0.002202513793873591 -0.46325979645913895 0.005355650658376872 0.9999733073574503 -0.00497006759646588 -3.116832032607297 -0.002175891387693375 0.0049817805506984485 0.9999852235688864 181.9425113563141
0.9999975549280752 -0.0015338507631458033 0.0015929357414963465 -0.4870961541400105 0.0015430495158213 0.9999820497613298 -0.005789572615610641 -3.1416038838176146 -0.0015840269460288122 0.005792016555035603 0.9999819715377575 183.31239944767245
0.9999968272125697 0.0010891313903996338 0.002271422197799169 -0.42957437914562274 -0.0010779426219489985 0.9999873091484857 -0.004921339624496159 -3.1500255324102175 -0.002276753553473493 0.004918875645300359 0.9999853104183208 184.67325987782772
0.9999914891141386 0.003405277491180238 0.0023293306569251338 -0.4478614085229021 -0.003401912721371042 0.9999931664875145 -0.0014470572063448458 -3.1832652402145905 -0.002334242569407667 0.0014391207386687385 0.999996240112864 186.11257821438824
0.9999868903684626 0.004353489287561109 0.0026955922232373606 -0.45191839952259294 -0.004357041433785539 0.9999896458126176 0.001313189095527413 -3.2185067072277462 -0.0026898475844336907 -0.0013249167143656797 0.9999955046460824 187.4826005721087
0.9999902145406062 0.003368956960829674 0.002867219821390007 -0.4092467626477668 -0.003372339691821274 0.9999936225064964 0.001175702926268602 -3.2205792231714434 -0.0028632408843830993 -0.0011853606842966665 0.9999951983725607 188.95434571340462
0.9999949246138967 0.0019626581571502155 0.002509724939314279 -0.4139566138341324 -0.0019665335688150197 0.9999968766035465 0.0015425731959547943 -3.242481870574502 -0.002506689767290637 -0.0015475008551052707 0.9999956608628144 190.34076207777028
0.9999962983791528 -0.0015127391166593982 0.0022616042319571483 -0.4063484679627613 0.0015075502310707787 0.9999962316644233 0.002294329213234844 -3.266637785142645 -0.0022650666204722 -0.0022909112806670383 0.9999948105845743 191.71472527591354
0.9999896320669689 -0.0035785976405647065 0.0028159201217476354 -0.42021283763793066 0.0035707068685995828 0.999989698420434 0.002802338303066001 -3.293370285703864 -0.0028259197908594887 -0.002792254473285009 0.9999921087134428 193.15292749860328
0.9999780116560294 -0.0060653386588756155 0.002681022639658765 -0.36497347612051767 0.00605681144916397 0.9999766090341782 0.0031774850899085627 -3.3183726729428855 -0.0027002326763032594 -0.003161176829119661 0.9999913578134766 194.52911535350296
0.9999361776161454 -0.010912419251414467 0.0029257160314912992 -0.36552079527888676 0.010898350273973803 0.9999291741063402 0.004782543388367207 -3.3380146854469266 -0.002977698180581566 -0.004750352759787476 0.9999842836062256 195.96321831780446
0.9998864578085876 -0.014738187430000105 0.0031396394955764493 -0.3657824397381873 0.014721207099585588 0.9998772448822534 0.005364812869159829 -3.3583803322058245 -0.003218321972933108 -0.0053179845442375175 0.9999806805340098 197.38341940420216
0.9999242845903373 -0.011957125335436377 0.002907276070624262 -0.3459206705204762 0.011955724523291657 0.9999284032572614 0.0004989992475980728 -3.392748949990924 -0.002913034760608088 -0.0004642028714808823 0.9999956493607854 198.7969229378
0.9999872403968881 -0.003714018510319007 0.0034241961575626977 -0.36662730541459715 0.00373064128729398 0.9999812268243506 -0.004860895950893114 -3.423225981979453 -0.0034060787085470907 0.004873608477023287 0.999982323125687 200.24829924410227
0.9999711246280435 0.005885186599529178 0.00480775232272054 -0.3769963872887376 -0.005862039262593655 0.9999712274005822 -0.00481465249630003 -3.4527895590307023 -0.004835949532504439 0.0047863303323035945 0.9999768520463278 201.67282116429595
0.9998933173416807 0.013382849137746955 0.005852628219612786 -0.37695819593421503 -0.013371569807222683 0.9999086711429629 -0.0019622761222980777 -3.5118882292633273 -0.00587835505021531 0.0018838079863324271 0.9999809479200726 203.11631552447813
0.9998706054784483 0.014676567288799715 0.00658563902309608 -0.3851894882321427 -0.01467738306742054 0.9998922785866375 7.541184393168005e-05 -3.5368320635046486 -0.006583823378905543 -0.0001720620420139946 0.9999783115937932 204.54209974418492
0.9999019583609793 0.012602622566372578 0.006103076741586304 -0.38205081398581225 -0.012606482963416123 0.9999203585167167 0.0005943414912513301 -3.562963249310234 -0.006095100937341761 -0.0006712215719270678 0.9999811994233014 206.00538850589723
0.999938529395072 0.010069035961432117 0.004642405448969527 -0.36314151034031006 -0.010071661524635667 0.9999491324421523 0.000542388418299073 -3.6153976999959254 -0.00463670836465411 -0.0005891118292467487 0.9999890768791392 207.42135108688933
0.9999649571818617 0.007591733618377092 0.003528452522252923 -0.35781873640675244 -0.007591883777830399 0.9999711808218922 2.9025162985795874e-05 -3.6441666971642253 -0.003528130782446271 -5.581175136967694e-05 0.9999937745675656 208.8669758704863
0.9999613704011348 0.00823641478363393 0.0030690655086388022 -0.36605549036986057 -0.008234849820325709 0.9999659566145318 -0.0005223775349536457 -3.6669844430016294 -0.0030732638059604786 0.000497084068156975 0.9999951539647783 210.3291410708678
0.9999592290243386 0.00860196519703986 0.002747083648271389 -0.3603167527719007 -0.00860052978752078 0.9999628721267975 -0.0005341106286048215 -3.703833845937739 -0.0027515762894349902 0.0005104624833597228 0.9999960841185039 211.78173948721442
0.9999448773241674 0.010145083902701444 0.0027054696641626943 -0.37060615475789727 -0.010146139996795586 0.9999484556636319 0.0003766725445809696 -3.7262932682348997 -0.0027015090665719705 -0.00040410186888883683 0.9999962692665302 213.23796915834873
0.9999517570648504 0.009529887346432257 0.002380078118685688 -0.3708275172626525 -0.00953064176399484 0.9999545357240547 0.00030557127650726037 -3.7694636365631475 -0.002377058051538269 -0.000328240218605727 0.9999971209209861 214.70326122723083
0.9999541104894908 0.00938067171896339 0.0019441951955445418 -0.3785085901691652 -0.0093796439209823 0.9999558657732555 -0.0005374073077182953 -3.7953891298413582 -0.0019491507972673057 0.0005191467923464229 0.9999979656454558 216.15444643169124
0.9999603660842297 0.008728216968236854 0.0017562666466331602 -0.3859514272659667 -0.008726888565394275 0.9999616289372382 -0.000762947174675557 -3.8274746408570612 -0.0017628585754358454 0.0007475902022595656 0.9999981667163237 217.63287523701868
0.9999589685512625 0.008968864877019473 0.0012730509474379508 -0.3776562021662118 -0.008967699668649264 0.9999593675278232 -0.0009185183361757675 -3.8647882416854697 -0.0012812373966631658 0.0009070643215293999 0.999998767830802 219.11171355183953
0.999952620728869 0.009672472513176461 0.0010952409410469697 -0.3916733126492269 -0.009670884060711118 0.9999521889447588 -0.0014470134913676768 -3.8931550138614113 -0.0011091848701653185 0.0014363530065678238 0.9999983532972537 220.5983773524795
0.9999593870344058 0.008975996842455449 0.0008097801026542464 -0.3879252100301854 -0.008974827618681283 0.999958693126477 -0.001436847243475001 -3.9303996411763924 -0.0008226438607498957 0.0014295212739868944 0.9999986398614011 222.0818242499296
