1.0 -3.469446951953614e-18 0.0 -1.7787691892340307e-19 0.0 0.9999999999999999 -3.5405977195229754e-19 0.0 2.168404344971009e-19 -2.354751593366955e-19 1.0 0.0
0.9999999206481417 -0.0003127871701220624 -0.00024671444270915155 -0.0064588703565268465 0.00031301810566437827 0.9999995125157172 0.0009364760257734136 -0.02427926605865941 0.0002464214263613021 -0.0009365531959699563 0.9999995310724492 1.3117680173422162
0.999998693762622 -0.001615462228443448 -5.25092146182475e-05 -0.011877982337965755 0.0016155505646620848 0.9999972053338809 0.0017260701181955143 -0.039111313071380854 4.972067250836611e-05 -0.0017261527276550784 0.9999985089613803 2.6074759522232465
0.9999968606613076 -0.002344029045885404 -0.0008855492067882543 -0.012707785446659028 0.002345417432448777 0.9999960172372265 0.0015698799431553946 -0.07189584612847473 0.0008818659116340277 -0.0015719520272231763 0.9999983756391893 3.944128906354124
0.9999939037427057 -0.003488651637924266 -0.00014762057649969455 -0.015164451896294272 0.0034888228136892643 0.9999932248170696 0.0011740656980698913 -0.09146842855875076 0.00014352368344717082 -0.0011745735832950222 0.9999992998888835 5.25252626731061
0.9999927004167817 -0.003750169862423682 -0.0007316714984406541 -0.018018160912531896 0.0037513169827628964 0.9999917274752134 0.0015724492321193418 -0.10821838755601497 0.0007257685568224444 -0.0015751825143793423 0.9999984960296029 6.583650038080342
0.9999875716605767 -0.0049617281519557434 -0.00048763084552676207 -0.01369882509980289 0.00496310156057039 0.999983604859518 0.0028561561680993295 -0.13708072942118316 0.00047345142296301135 -0.0028585408851595257 0.9999958022857153 7.914846015145005
0.9999859688751358 -0.005295133791404302 -0.00015368002731894984 -0.01801038840465155 0.005295626393836629 0.9999801905673389 0.003402176736153324 -0.14800608142969218 0.0001356620166025216 -0.003402942894923632 0.9999942007713689 9.2278175046199
0.9999899996469758 -0.004343080843290359 -0.0010668921901858743 -0.019210734540329996 0.004345639479074589 0.9999876597228834 0.0024074495210194176 -0.17034859033045674 0.0010564233680822508 -0.002412061819571877 0.9999965329587911 10.57494801541001
0.9999984697413411 -0.0016350992277709957 -0.000622066711721312 -0.02272993882889522 0.0016351230392427207 0.9999986624772684 3.7600894379047716e-05 -0.18451519901948396 0.0006220044512068362 -3.861799246776642e-05 0.999999805810033 11.890328257400364
0.9999986786176515 0.0012921331676298128 -0.0009864841735675383 -0.024831451015496584 -0.0012930435790584642 0.9999987383134418 -0.0009227199734513977 -0.20712267249988567 0.0009852907342776337 0.0009239943376324827 0.999999087718641 13.244592351600595
0.9999919183799499 0.003950914460694218 -0.0007439362102288297 -0.028305139920887783 -0.003951810320606174 0.9999914640165005 -0.0012062739783633477 -0.2200210707921898 0.0007391640359167442 0.0012092041447149143 0.9999989957309489 14.585567367044055
0.9999883762037783 0.004821524138989116 -1.8786311567386494e-05 -0.028202553716130837 -0.004821533725985828 0.9999882360919466 -0.0005296221947969486 -0.23621996904822085 1.6232504994048887e-05 0.0005297066241461964 0.9999998595736685 15.921078129977952
0.9999955211124613 0.0029727314999741777 -0.0003472988527093207 -0.025425690965368185 -0.002972006372826198 0.9999934398141119 0.0020706307964699303 -0.25363495184961127 0.00035345203511244006 -0.0020695893912986213 0.9999977959337346 17.286321837352812
0.999998904573632 -0.0014061881815825468 0.00046204889789740146 -0.017552620624223653 0.001404264293111886 0.9999904512413506 0.004138292506494296 -0.27366331887672124 -0.0004678637400007369 -0.004137639214624604 0.9999913304851425 18.62669004320527
0.9999932720263571 -0.0036659407722583245 -0.0001295575916420114 -0.01628782153978055 0.00366622549884694 0.9999907064954708 0.0022684152594901496 -0.297442102636128 0.00012124052395266565 -0.0022688750270092057 0.9999974187503897 19.98205215298365
0.9999915114061659 -0.0041108144313933385 0.00027986843268037066 -0.01609873047915754 0.004110762764965827 0.9999915334994866 0.00018588495122394974 -0.30571171614072734 -0.00028063022499528437 -0.0001847329008558811 0.9999999435600158 21.325011258914067
0.9999965145988069 -0.00263289366515263 0.00019663499059633153 -0.01838839139326045 0.0026331248267938232 0.9999958325627943 -0.0011838526012150168 -0.3432644962155308 -0.0001935172302557158 0.0011843662650057258 0.9999992799133441 22.697708312195502
0.9999993664793099 -4.102019074593219e-05 0.0011248822182657284 -0.026312564490812547 4.11003708335779e-05 0.9999999966168293 -7.125337421895529e-05 -0.3410260240264624 -0.0011248793867496365 7.129956450688949e-05 0.9999993647803547 24.062144711454277
0.9999977460842621 0.00015976762048975496 0.0021171450834013817 -0.02078418162554239 -0.0001686707960190468 0.9999911415298539 0.004205759306097497 -0.3613935027557573 -0.002116454560030996 -0.0042061070085175735 0.9999889145795408 25.447938388666042
0.9999961439362217 -0.0016733782376665944 0.002216285965770073 -0.015102730916909668 0.0016612116684958482 0.999983603856715 0.005480181537647267 -0.37531331834577275 -0.002225420227258973 -0.005476478790457813 0.9999825276889552 26.814534632132954
0.9999859201985227 -0.0047875602954304056 0.0022888163974309453 -0.01742765696622623 0.004775890837326458 0.9999757063129495 0.005077168815010864 -0.42248472480291943 -0.0023130682365023565 -0.005066166286526186 0.9999844917160328 28.186603519813175
0.9999844104594248 -0.005205852863485898 0.0020193918750902456 -0.021802431631313797 0.005201537117581815 0.9999841891019141 0.0021367149383219636 -0.4246715754834928 -0.002030483539773249 -0.002126177722393468 0.9999956782419092 29.56308503958486
0.999979916157098 -0.005727324661761528 0.002713861712125393 -0.013863161219311478 0.00572670546831021 0.9999835744328648 0.00023601212721522204 -0.46943337950400665 -0.002715169082359154 -0.00022046589822944976 0.9999962896171851 30.941767163029507
0.9999923202930733 -0.002421219468224791 0.003081729812941773 -0.022145410837411464 0.002425055407572041 0.9999962888118593 -0.0012415576286225762 -0.48478904674159917 -0.0030787125535881484 0.001249021488348282 0.9999944807199134 32.325595327540434
0.9999924668701501 -0.0016992074312261254 0.003489828642057541 -0.015893313500152786 0.001710174352921064 0.9999936017636707 -0.0031419314173417342 -0.5184827620012226 -0.0034844678170106273 0.003147876030384292 0.9999889746172244 33.71462339272192
0.9999916453890776 -0.0014760770816328178 0.0038118703237763367 -0.01415994381489808 0.0014877687666258917 0.9999941926426855 -0.00306614137710454 -0.5354993809417438 -0.0038073226500187967 0.0030717870070689195 0.9999880341354127 35.11407458858357
0.9999930958515436 -0.0015660787566555284 0.0033698150044341475 -0.004613474772716536 0.001571103250785303 0.9999976574470991 -0.0014888695867056238 -0.5786260036173596 -0.003367475709121439 0.0014941536680257723 0.9999932137808822 36.49897846281792
0.9999952248363936 -0.00016529125598673845 0.0030859337969521747 -0.00469288702139202 0.00016578530950716805 0.9999999734830701 -0.00015984005429779593 -0.5966254503799018 -0.003085907555862586 0.0001603508993235175 0.9999952257177054 37.90665075444223
0.9999938050159761 0.001922549946213669 0.0029485134873358286 -0.006325361806814894 -0.0019228753618394066 0.9999981454977731 0.00010749284401286415 -0.6222561080671171 -0.0029483016081410423 -0.00011316180333821219 0.9999956473446617 39.29343625862061
0.9999831335600678 0.004751244267602767 0.003340399417942774 -0.006674836488240479 -0.004751813184450131 0.9999886969048377 0.00016230587612364058 -0.6530605505786526 -0.003339590788616281 -0.00017817609702902132 0.9999944076756107 40.691632780666026
0.9999714390821762 0.006784868027338646 0.003329651018729841 -0.008694889176945886 -0.006785734239245573 0.9999769456982842 0.0002487905843556956 -0.673209788946697 -0.003327886526122349 -0.00027137761342722585 0.9999944257451323 42.11575900965548
0.9999617397639048 0.00826004111521695 0.0028793601651348807 -0.0025965247291457327 -0.008261491981405612 0.999965752182215 0.0004921693696154875 -0.6988895204402941 -0.0028751964571932295 -0.0005159383641703085 0.9999957335155513 43.50688552791179
0.9999704236106579 0.007248817772874956 0.00257031768268512 -0.00527960525395163 -0.007250017095710519 0.9999736136727264 0.000457411799632598 -0.7258199148920733 -0.002566934383667672 -0.00047603313102891347 0.9999965921127036 44.93656041984239
0.9999736327486426 0.007062667686913736 0.0016889405685150951 0.007377620641605881 -0.007062184873680259 0.9999750198557689 -0.0002919315514272381 -0.7553451465598234 -0.001690960337656647 0.0002799962449449225 0.9999985311253493 46.332459138853785
0.9999788476410888 0.006445538327999937 0.000871374861779893 0.007792479847355066 -0.006445604148899101 0.9999792242728672 7.227006180477814e-05 -0.7785991320417038 -0.0008708910128335521 -7.788507630937961e-05 0.9999996177406769 47.767427778106835
0.9999774125353168 0.0067200993071136516 -0.00012112153206240203 0.009478824485754031 -0.006719997253286801 0.9999770781106698 0.0008275892045783822 -0.8001783651221032 0.00012668024830972315 -0.000826756596618333 0.9999996502129215 49.16084334541841
0.9999748239547553 0.0069993074183722125 -0.0011666772703418185 0.007743615220202796 -0.006998089207505567 0.9999749666486493 0.0010453888580145738 -0.8232244164492579 0.0011739651620879471 -0.001037198054401617 0.999998773013283 50.59047952919633
0.9999719702368712 0.007059100094080054 -0.0024955615377632917 0.008045338721269668 -0.007056368464117488 0.9999744964298627 0.0011018931284262324 -0.8408532004502789 0.0025032764778923863 -0.0010842526697007644 0.9999962789968573 52.045869885100544
0.9999658777241857 0.00747311023537995 -0.0035207937305069353 0.0028728593281074216 -0.00746555359310725 0.9999698109375983 0.0021547014470991704 -0.8646696279513719 0.0035367900626182445 -0.0021283433000465805 0.9999914806025659 53.440929451512
0.999972120946911 0.006201770147397011 -0.004158768515275021 -0.006539601763769429 -0.006189051762779983 0.9999761527811126 0.003064232251076218 -0.8856803342995992 0.004177673359423879 -0.003038408057606461 0.9999866574761197 54.90023441117275
0.9999765060468524 0.004931331570872688 -0.004761229301665795 -0.007951761116186867 -0.004915649715613313 0.9999824736176228 0.0032998264096507053 -0.9059247967720621 0.00477741879876225 -0.003276344420459599 0.9999832207826206 56.29828770611625
0.9999824287298147 0.0026244931836477726 -0.00531547287711359 -0.013317823622985309 -0.0026100996239911724 0.999992913425178 0.002713021110180487 -0.9288485073857201 0.005322555965846696 -0.0026990995847337245 0.9999821924766948 57.725908881931254
0.9999840869052654 0.001559839145936011 -0.005421514972852046 -0.018561521086233046 -0.0015442697575045738 0.9999946753738826 0.002874796846479764 -0.9465627873054435 0.005425970786733623 -0.0028663788800567104 0.999981171184992 59.18647714891765
0.9999859641615617 0.0006685405364919225 -0.005255903530704033 -0.013334674030577073 -0.0006493082450751732 0.9999930912240282 0.003660041439238049 -0.9697799805677639 0.005258314552207877 -0.0036565774428495516 0.9999794895799872 60.58681468082893
0.9999877354472565 -0.001973940563660863 -0.004542302057220154 -0.030914536516483168 0.001994749883531946 0.9999875165392759 0.004581237224407338 -0.9796051785460771 0.004533202650537308 -0.004590241886730351 0.9999791896649137 62.04105657663923
0.9999847597075547 -0.0033806097044161484 -0.004364839872939139 -0.02634102422676214 0.0033988367089522464 0.9999855078003548 0.0041751757595810245 -1.0033030352589167 0.004350662348420512 -0.004189947590204414 0.9999817578763746 63.431763005137576
0.9999820107203845 -0.004485987962221785 -0.0039817265322416385 -0.027010980315749417 0.004498031651340627 0.999985320878442 0.0030208827065150087 -1.0230672093641173 0.0039681167786556485 -0.003038738354667373 0.9999875099852307 64.86059894044257
0.9999836599747731 -0.004675083601558473 -0.0032898901218532195 -0.030800598467106075 0.004684427191737393 0.9999850006992166 0.0028380471717366247 -1.04699550842978 0.0032765729475490507 -0.0028534121040459334 0.9999905610132375 66.32057643616623
0.999991799118605 -0.0030953706898529786 -0.0026115848959109324 -0.037186942014371255 0.0031025417200079355 0.9999914162514085 0.0027462071017125404 -1.0673620146030902 0.002603062172183128 -0.0027542871855231535 0.999992818961476 67.68500008931647
0.9999974631319263 -0.0009699689552825474 -0.0020329505632654663 -0.04291477024631736 0.0009774142041055027 0.9999928081473445 0.003664466233792012 -1.0853163082277981 0.002029381698643944 -0.0036664440454542884 0.9999912193625553 69.14845973551272
0.9999958645956342 0.0025508449549671852 -0.0013281471643762559 -0.05444335449788246 -0.0025441339880871282 0.999984111078023 0.005030405262867092 -1.1052653988678698 0.0013409579626692172 -0.0050270055778898134 0.9999864654334356 70.50922445280374
0.9999814748960321 0.0060694137709071455 -0.00046050868189628823 -0.057178817889005265 -0.006066683457076115 0.999965261051915 0.005715947165252056 -1.12666731392464 0.0004951851788356099 -0.005713047633987233 0.9999835578051117 71.95896488619148
0.9999441979327585 0.010560125011558652 0.0002911294887746607 -0.06775611477579993 -0.010561575653183417 0.9999289067776947 0.0055348471578708135 -1.1435186821243566 -0.00023266012937200702 -0.0055376132051217315 0.9999846402371655 73.31662082429365
0.9998974782098278 0.014277019686051343 0.0010953280982811207 -0.07682697531154474 -0.01428232236972135 0.9998855226937713 0.004995679164492695 -1.1653098917608633 -0.001023879381638984 -0.005010810936387373 0.9999869216367061 74.7184786401941
0.9998698361350268 0.016035701657289424 0.0017796121400546782 -0.08001154814375173 -0.016044557061093485 0.9998583830349522 0.005078002059349249 -1.1861756971246769 -0.0016979309310745877 -0.005105894287041818 0.9999855233316711 76.16509415521362
0.999861663594052 0.016526318202163187 0.0018800105319645391 -0.07488137330795637 -0.016535989981408712 0.9998494863895417 0.005250299529109172 -1.2066719014932974 -0.0017929595923621444 -0.005280661172146317 0.9999844498352256 77.52544174292103
0.9998842958698321 0.015078029695450752 0.0020119286416415637 -0.07494171098294294 -0.015088049375951023 0.9998733603654729 0.005061031069302591 -1.2297825086265193 -0.0019353636353341076 -0.005090801676105259 0.9999851689422345 78.95067772669012
0.9998908078436669 0.014645378643559935 0.0019711009817272624 -0.07518681276368469 -0.01465318757118441 0.9998846079382284 0.0040068614937017735 -1.2490263908684358 -0.0019121916877990048 -0.004035306977460239 0.9999900298596888 80.31664851186336
0.9998990491890299 0.014121869568032689 0.0015697761196712665 -0.06513311991678937 -0.014128004130117111 0.9998923236413663 0.003967449730127297 -1.2722423787668147 -0.0015135794098355279 -0.003989227104574619 0.9999908975301709 81.70985590551152
0.9999070223574539 0.013569791799934547 0.0013443803944045369 -0.06866194403582405 -0.013575416818379073 0.9998987470449364 0.004266585189918104 -1.290865809396828 -0.0012863477052666246 -0.004284439110895163 0.9999899943950379 83.11268591839051
0.999906646140692 0.013624291482853967 0.0010381004575890549 -0.07197907079393324 -0.013627983451501808 0.9999005252430758 0.0036356181112797456 -1.3117255301875443 -0.0009884645533478798 -0.0036494260097166844 0.9999928522879277 84.46740979695949
0.9999061044828146 0.013701045262420657 0.0002520766539170372 -0.0741140595517317 -0.01370190266053229 0.9998989569548888 0.0037859975695188884 -1.3288929683413655 -0.0002001790739533688 -0.003789096096108753 0.999992801313891 85.87013441707333
0.9999184423521473 0.012749948592074494 -0.0007398800541044467 -0.0794486619174747 -0.012746483664689681 0.9999085724861494 0.004513740474180737 -1.3508034629688173 0.0007973624379564402 -0.004503941574287968 0.9999895393081503 87.23324924040631
0.9999342810858196 0.01129976236266346 -0.0019361947192664119 -0.08411248761309605 -0.011288542871719287 0.9999199728813088 0.0057110995430446985 -1.3724806216172105 0.002000574011815542 -0.005688867521096297 0.9999818170820792 88.61546062872445
0.9999528880203004 0.009213127586591251 -0.0030561403722049758 -0.0937742690145786 -0.009193457308652429 0.9999373266915774 0.0063892918461827064 -1.3936421949451423 0.0031148144625426106 -0.006360894472915536 0.9999749181652741 89.99481299441669
0.9999647467690429 0.0074936891570318255 -0.0037881155074978574 -0.1049894419002764 -0.007469225783878491 0.9999514222772565 0.006431466854000816 -1.414134695762411 0.003836127231795756 -0.006402945969053423 0.9999721428217934 91.36477226408425
0.9999716314103869 0.006197463332732244 -0.004281098225167685 -0.11920764557618896 -0.006171336294022186 0.9999624158385636 0.006089460530256941 -1.4312517038686983 0.004318676901513449 -0.00606286781175159 0.9999722949529612 92.73840831477942
0.9999776112060333 0.004960582320615612 -0.004491067965411034 -0.13720633775975166 -0.004933877571563958 0.9999701984182435 0.005937940345984458 -1.4523428238895608 0.004520390152868827 -0.005915649147226225 0.9999722852050519 94.0926219994836
0.9999781680804142 0.004703932756228119 -0.0046407285151623305 -0.1567384531246185 -0.004680477704393265 0.9999762838304884 0.005052218605735744 -1.4642139509348058 0.004664384149403287 -0.005030387586302116 0.999976469088866 95.47123343112274
0.9999788935788335 0.004553072511322614 -0.004634858131157608 -0.17421776238519207 -0.004531872231132606 0.9999792681574763 0.004574428594150045 -1.4853035407878585 0.004655590143929571 -0.004553327556492396 0.9999787961244947 96.8067753254128
0.9999724805547479 0.0059826457941515076 -0.004387033404285279 -0.19672908767584782 -0.005965071284368654 0.9999741753976554 0.004008300571343947 -1.5108780238404689 0.0044109007290485175 -0.00398202138480678 0.9999823435789886 98.16758209599048
0.9999690071115471 0.0067253342399544265 -0.004093247384642412 -0.22043452994987828 -0.006708487066690857 0.9999690274899373 0.0041158565337767366 -1.5250630164895314 0.0041208014684952915 -0.004088269563435139 0.9999831523860229 99.51871814344699
0.9999631088060116 0.007734674727782301 -0.003735747651027591 -0.24037149206489306 -0.0077154523927807596 0.99995706147602 0.005132934225002044 -1.5474756797066485 0.0037752891428542265 -0.005103921991368665 0.999979848387163 100.86267496895617
0.9999606955570922 0.00806625653365867 -0.0036800573895819965 -0.2615203390963742 -0.008042904351247026 0.9999477021557734 0.006317013419975393 -1.5613070012276995 0.003730819901152776 -0.00628716691682153 0.9999732759047018 102.19965921425823
0.9999650319178848 0.00761077858984525 -0.0034656843858943123 -0.27636829290395265 -0.007590969076228372 0.9999549781115448 0.0056937643994896155 -1.5856988519328117 0.0035088626350615612 -0.005667257516850515 0.9999777847947875 103.5460048904555
0.9999634893804659 0.007893227422564921 -0.0032736591302243248 -0.29549445819449405 -0.007883209971105221 0.9999642393500517 0.003061868358482984 -1.606056290479467 0.0032977103659788823 -0.003035949694040706 0.9999899540107261 104.87868832400248
0.9999665944170751 0.007389910895532067 -0.0034927417500021365 -0.3130832955349367 -0.007383364044223765 0.9999709683079065 0.0018837441282100777 -1.6250072839586323 0.0035065613484218296 -0.0018578930619177292 0.99999212610281 106.201698839032
0.999978241194012 0.005676373649656892 -0.003360937859537773 -0.32870132891590254 -0.005666399303748949 0.9999795354340626 0.002969956684573824 -1.647891397054707 0.003377727950740875 -0.002950847711170613 0.9999899416786144 107.54721183642742
0.9999931397496578 0.0024759094744707796 -0.0027550529232053473 -0.33847389392631655 -0.002462257435911553 0.9999847284831912 0.004947736042686375 -1.66139826200058 0.002767261233616711 -0.004940918551963012 0.9999839646690256 108.88922271701541
0.9999973342250376 0.0013866288536636545 -0.0018462929735714542 -0.35387734709569374 -0.0013761500504079318 0.9999830076332349 0.005664861585324883 -1.68701588405386 0.0018541168224012713 -0.005662305822082294 0.9999822501165354 110.22590351401081
0.9999990920892906 0.000850949310417971 -0.0010448457980715298 -0.3672381473677456 -0.0008461545369141147 0.9999891495181217 0.00458092445997648 -1.7126233406279605 0.0010487326877898552 -0.004580036291669343 0.9999889616541051 111.56882859468038
0.9999971786594567 0.002325752668546426 -0.00048326261598196783 -0.38473884669529546 -0.0023246781690780044 0.99999485029321 0.002212523943499081 -1.7333469308433014 0.0004884059537039378 -0.0022113943169262476 0.999997435594694 112.88301193655701
0.9999848138505779 0.00548289534029644 0.0005567017754515441 -0.40387819348610243 -0.005483041470855675 0.9999849340461826 0.0002606678213514144 -1.7650136156446419 -0.0005552642208937887 -0.0002637162906773058 0.9999998110672699 114.2426452470896
0.9999718294595498 0.007215091645515559 0.002069475188858189 -0.42515054447584566 -0.00721463732549863 0.9999739483757948 -0.00022714121386927763 -1.7823576464550548 -0.0020710602960040832 0.0002122043025790162 0.999997832835526 115.54620491139282
0.9999538190994236 0.00888812843435741 0.0036552464063485746 -0.4402233231972851 -0.008893787727697696 0.9999592716777425 0.0015347784524180688 -1.8063339551931077 -0.0036414565333199615 -0.0015672165953305188 0.9999921417802516 116.90671010938802
0.9999551375778399 0.008284462323267029 0.004592439766831505 -0.4438135311004422 -0.00830218486516191 0.9999581115935277 0.003853414315358307 -1.8230697414275363 -0.00456032431389387 -0.003891368805115606 0.9999820301818151 118.21536405073473
0.9999468707974959 0.008724309809903737 0.005490171887960535 -0.4428796485851985 -0.008748791960416323 0.9999518221977035 0.004451060645711286 -1.8462292606808146 -0.005451075409056902 -0.004498856626999498 0.9999750227186006 119.58328363033851
0.9999392945396284 0.008886390937204384 0.006514543614322119 -0.4396049431859417 -0.008911730444293761 0.9999527973403649 0.0038709392201235105 -1.8608119470568396 -0.006479837976311721 -0.003928760168600672 0.9999712878566857 120.9007443741583
0.9999169494146626 0.010239986930037196 0.007825402499822534 -0.4386755949076234 -0.01026889323604036 0.9999405657989628 0.0036626116480128314 -1.8761597497662108 -0.007787432963585252 -0.003742665764042143 0.9999626734707407 122.21654603594796
0.9998879467018544 0.012048988631115748 0.008883461668711965 -0.4427299517067523 -0.012078565841012502 0.9999216611062357 0.003283279787594309 -1.895124973014941 -0.008843206292645997 -0.0033902114307777305 0.9999551510755992 123.59039198109427
0.9998599099311879 0.013339301928629928 0.010110564278968554 -0.4455712550871077 -0.013364090883626955 0.9999078447585604 0.002388115990022316 -1.922887126641597 -0.01007777758768158 -0.0025228999903377253 0.9999460352279563 124.91963170659967
0.9998388653233007 0.014189489749336752 0.010995532735036609 -0.44833824900912755 -0.014207019159871905 0.9998979234405089 0.0015176764688175522 -1.9511359894677038 -0.010972876221005661 -0.0016736456976741752 0.9999383955480171 126.29316275253561
0.9998355834997775 0.013630643153188252 0.011958741859877926 -0.44925609418185003 -0.013645980471614742 0.9999061670819746 0.001201783033478797 -1.9859158403186425 -0.011941239669427464 -0.0013647742260225978 0.9999277694815916 127.65722896095282
0.9998311035113103 0.01311722498143333 0.012872561257550087 -0.45319859520970984 -0.013145094262193215 0.9999114304623147 0.002082728937081039 -2.016789680807987 -0.012844102601128761 -0.0022515882465720034 0.9999149760721522 128.99313746104627
0.9998438169931246 0.011236162472769278 0.013641490101060905 -0.44924065181166817 -0.011277138011291472 0.9999321169008567 0.002930490474767688 -2.0453924106119055 -0.01360763775549821 -0.003083869806812255 0.9999026562306349 130.36723554260337
0.9998468079157022 0.010653578843832915 0.013887474171046216 -0.44770696665182363 -0.010704376090369942 0.9999362673499484 0.003588536584160034 -2.078777008830845 -0.0138483594960227 -0.0037366436657658617 0.9998971249229011 131.70777610781835
0.9998566860668906 0.009612228356230984 0.013936010068877762 -0.44443810742212675 -0.009664237866376553 0.9999465674100262 0.003669448505185864 -2.114935579171421 -0.013899995026981032 -0.003803603609314357 0.9998961559750053 133.0954521342945
0.9998815174395511 0.007124203965470685 0.013645394494123955 -0.44328891674648374 -0.007184759954482491 0.9999645356789817 0.004393930214524612 -2.1364096241716943 -0.013613608461692319 -0.004491448577243331 0.9998972429955256 134.43506217260523
0.9999000821061811 0.005596869725774 0.012980787642210188 -0.43892541147265485 -0.0056535235872162 0.9999746361430124 0.0043318300956924774 -2.172167984018325 -0.012956214802345802 -0.004404784538022712 0.9999063627992386 135.76791143793903
0.9999156142420073 0.005455874914965271 0.011789733645432067 -0.44184996223518525 -0.005503514363520633 0.9999768070561138 0.00401206798747734 -2.2064704736900294 -0.011767571857214552 -0.004076614469484862 0.9999224497237462 137.13436340677708
0.9999397527903242 0.0024717692844528306 0.010694912272532527 -0.4402464192883741 -0.0025242060688176254 0.9999848471077116 0.004892232829492572 -2.2317951433176977 -0.010682658641783378 -0.004918934338725363 0.9999308400502797 138.492886434757
0.9999515475475773 0.00206235967854969 0.00962544716027035 -0.44373514553252597 -0.0021124021263727814 0.9999842919230707 0.0051916920988043175 -2.2666963567044958 -0.009614589634978096 -0.0052117734601127156 0.9999401967506858 139.83903055459763
0.9999651088266303 0.0006828728856170694 0.008325552216838443 -0.44607058474460803 -0.0007280771202282888 0.9999850045974191 0.00542775127523312 -2.291801593341204 -0.008321721606546406 -0.005433623639548036 0.9999506111193692 141.20012490221686
0.9999745752038102 0.0005492347522178965 0.007109661936175329 -0.45334157777218553 -0.0005843888382264855 0.999987610500347 0.004943413325929841 -2.3230898469503938 -0.007106859353237414 -0.0049474425398804 0.9999625069756005 142.5354333937769
0.9999814917732966 0.00028593123105321184 0.006077364551913716 -0.4590120304023394 -0.00031274968863515516 0.9999902166372885 0.004412348226771481 -2.3466466679838875 -0.00607604397660263 -0.0044141673381763655 0.9999717980078527 143.89556683312333
0.9999864229181262 -0.00119624637241505 0.0050717828693576895 -0.4620013627041595 0.0011857599262332704 0.9999971542750248 0.0020701239214370843 -2.384520874496591 -0.005074245241745765 -0.0020640819339504853 0.9999849956853096 145.24892466913826
0.9999741691891889 -0.005889385351177067 0.004120207129677613 -0.4707143788445558 0.0058833882343468525 0.9999816177691928 0.001466239759431243 -2.4190131489574713 -0.004128766989370394 -0.0014419611276719232 0.9999904369675735 146.5779191913036
0.9998872245069939 -0.014732000974128705 0.0029165782453046828 -0.46643510194140403 0.014720130552833883 0.99988344769556 0.004050774031540249 -2.4394556675063614 -0.0029759145655243457 -0.004007384856253754 0.9999875423204745 147.9518303399436
0.9997515199795238 -0.022255858097988527 0.001255023849261178 -0.46245206934786787 0.022248416456948472 0.9997364414460815 0.005661766911047949 -2.4671397170649336 -0.0013807006683633084 -0.005632437874695164 0.9999831845129559 149.27233637436416
0.9997197213652098 -0.023674267087516725 8.828177781992257e-05 -0.46203142944397113 0.023674002883442784 0.9997170821857879 0.0023015583580044997 -2.5108426445927763 -0.0001427445169980483 -0.0022988233243937716 0.999997347514244 150.6238002876722
0.9997342645878853 -0.02304757288522178 0.0004578174141323065 -0.47783894294670093 0.023047840742845972 0.9997341918918944 -0.0005853172859796833 -2.542050771667808 -0.0004442056160057597 0.0005957134790300071 0.9999997239030045 151.9955285564802
0.9997867609014104 -0.020612634937934776 0.001245798928095444 -0.49880969994842184 0.020616903124180155 0.9997812697002215 -0.003515118247979813 -2.5699047295477953 -0.0011730706853773168 0.0035400532896405768 0.9999930459388052 153.3267891445095
0.9997871029803722 -0.020520425675502954 0.002158900931543815 -0.512883694086978 0.020527804053083357 0.9997833221417814 -0.0034522488217715295 -2.609879427503741 -0.002087591707873195 0.0034958314298759894 0.9999917105258559 154.68364386100603
0.9997188190854838 -0.023562014732904146 0.0026672521262069556 -0.5190027907295393 0.023563268337873304 0.999722251269852 -0.0004389747768225587 -2.6381678480268445 -0.0026561683932288535 0.0005017005531385628 0.9999963465245711 156.02758323833572
0.9995271545796015 -0.030592906682515544 0.0030889013862493916 -0.5122782478999572 0.030584205836732128 0.9995281974770969 0.0028264486506697564 -2.6640947688014514 -0.003173913578173287 -0.002730640609408972 0.9999912348970632 157.35964608985566
0.9994099468533374 -0.03421940158783042 0.0029649062666998287 -0.5039230120826024 0.034206487221957516 0.9994055240591834 0.00430287478130762 -2.688755571944105 -0.0031103857580652063 -0.00419891688224547 0.9999863472040006 158.71512425288742
0.9993868589316701 -0.034885066477400736 0.0029897012015044837 -0.4983739517904851 0.03487244896653678 0.9993830542946177 0.004174100290357837 -2.718277496543144 -0.003133470742979268 -0.004067282826418926 0.999986819197333 160.06749926441105
0.99941528516843 -0.03395814578582284 0.0039915024472746245 -0.49931508773218247 0.0339398323201368 0.9994134285617566 0.00457018721294735 -2.7334657424167887 -0.0041443565734879985 -0.004432044090956015 0.9999815904754593 161.42884339608207
0.9995100627464912 -0.030878794864656507 0.005112190361642229 -0.5032190289412705 0.030858450458419485 0.9995157120730649 0.004012152192442777 -2.7536802072806 -0.005233605450789655 -0.003852432264669443 0.9999788838444105 162.77848893566951
0.9996254417751222 -0.026678136294285455 0.006103540223142945 -0.503740559829262 0.026666303971615124 0.9996423658307714 0.002012131003689702 -2.779484620879838 -0.006155037810337978 -0.0018486184956039951 0.9999793488434083 164.12704343440546
0.9996791859636591 -0.024383690736597817 0.006852793940182309 -0.49912886437248016 0.024377552961260367 0.9997023449060972 0.0009780079762551836 -2.8035688386263193 -0.006874602193615064 -0.0008106398620925863 0.999976041063622 165.47929836408443
0.9996994162762699 -0.023449112710453773 0.007156550785737903 -0.4877237411096015 0.023435593938793485 0.9997234131232702 0.001967279106244601 -2.8254564394260924 -0.007200702932464481 -0.0017989697676096552 0.9999724564100232 166.83170674844084
0.9997464009806459 -0.021418961901815928 0.006954265525265093 -0.4756460189014513 0.02140257320735528 0.9997680030963263 0.0024227751406164797 -2.8549751079036603 -0.007004546074100882 -0.0022733215729304024 0.9999728838009189 168.17461788548675
0.9998091775163159 -0.01840058348884343 0.006559504237498811 -0.4728064290917501 0.018400760789791686 0.9998306911030723 3.3506767868671724e-05 -2.887230032609219 -0.006559010752139111 8.719951548362249e-05 0.9999784856524562 169.5524689413922
0.9998658013680873 -0.015199082494807439 0.0061128685447847785 -0.46471630733768 0.015215557548605822 0.9998807049612785 -0.002657563737845989 -2.912216179744873 -0.006071747293644219 0.002750217870335055 0.9999777848432888 170.94210737816832
0.9999438900799854 -0.008832714940141177 0.0058480641140520664 -0.45811266886085267 0.008858681950661727 0.9999509514863274 -0.00442926252380698 -2.9475628917480075 -0.0058086553558351324 0.004480820238057495 0.9999730905213107 172.287593239602
0.9999666384510317 -0.005411808218225941 0.006118360063892065 -0.4539891780171068 0.005433288534663915 0.9999791159167755 -0.003499585586271505 -2.972631803993505 -0.006099293719455624 0.003532711728997003 0.9999751589702477 173.66150079717374
0.99997285577786 -0.0029158512302245292 0.006766500555170716 -0.4436721922890519 0.0029253350286313467 0.9999947522491918 -0.0013920793745400147 -2.9940293146283143 -0.006762406522331524 0.0014118359042868576 0.9999761380006927 175.04307916934303
0.9999708332972229 -0.002626260848685188 0.007171842111811821 -0.42158620956232495 0.002620172541802095 0.999996199080149 0.0008582057789660295 -3.0156906306973856 -0.007174069329856213 -0.0008393892928515786 0.9999739137339272 176.39901315227678
0.9999705355918338 -0.00419564277562426 0.0064284167508325525 -0.3943988346473409 0.004182461201807236 0.9999891262219751 0.002062631834159236 -3.038031151989386 -0.006437001458043638 -0.0020356844879549775 0.9999772102377509 177.79829744365577
0.9999663242417738 -0.006856408799899011 0.004509994907665229 -0.3774886798781664 0.006846533205463343 0.9999741385923676 0.0022016178241936408 -3.0505691438204923 -0.004524973844823959 -0.0021706658870046264 0.9999874063289409 179.16906330547965
0.9999631487187318 -0.00829116203283641 0.0022266227108202175 -0.3571800800323039 0.008294357236005634 0.9999645796267721 -0.0014293778324193842 -3.070194430075246 -0.002214692827549732 0.0014477935988915069 0.9999964995069979 180.49803215724043
0.9999842469537116 -0.005552796808892833 0.0008199391780364398 -0.3544491467345241 0.005557543741999266 0.9999671228903542 -0.005904814896329126 -3.094520532398132 -0.0007871240544458961 0.005909278846714865 0.999982230271108 181.95083108656186
0.9999987689367594 -0.0015266575423398196 0.00036255288150134645 -0.3543862874633491 0.0015292190336987158 0.9999731047503724 -0.007172953551228039 -3.1147372961319966 -0.0003515925223766094 0.007173499286477493 0.9999742083124976 183.32332922952295
0.9999977735328353 0.002110195223289999 1.3307648710630948e-06 -0.35548383300311087 -0.0021101479465993403 0.9999791512908377 -0.006102807807216216 -3.132940298247608 -1.4208859331771902e-05 0.006102791530083764 0.9999813776933733 184.66622500177118
0.9999907835139212 0.004291565390643442 0.0001238778520203695 -0.3558202994362287 -0.004291170848902286 0.9999862066270416 -0.003028599813411127 -3.156050502964534 -0.00013687359178558367 0.0030280403758422975 0.9999954061077811 186.11153844080562
0.999990535063457 0.004286352671740532 0.0007462956539165313 -0.35186371869799005 -0.0042859444305442885 0.9999906650732698 -0.0005481376607440313 -3.1802140559556578 -0.000748638262619838 0.0005449338990217742 0.9999995712932238 187.48124444994963
0.9999929606726973 0.0035983347893005025 0.0010632904750223218 -0.3449819629987303 -0.0035982479840241137 0.9999935227802788 -8.375941791626763e-05 -3.196858232226268 -0.0010635850724683038 7.993284518374322e-05 0.9999994311978334 188.9298405482142
0.9999949315449184 0.0030893313362093007 0.00077000769562045 -0.33740114561960677 -0.003089588799333162 0.9999951717207612 0.00033313933110569065 -3.2233804053470374 -0.0007689748649499562 -0.0003355166581084251 0.9999996480525125 190.3144554005944
0.999999686592921 7.583458507088442e-06 0.0007916803001174959 -0.33003457565882516 -8.54711700821846e-06 0.9999992591313914 0.0012172359815952368 -3.250514752575149 -0.0007916705486409783 -0.001217242390041967 0.9999989457883139 191.7036874469168
0.9999982809770501 -0.0014667307454541405 0.0011343490384998274 -0.32388823928625177 0.0014654964801232191 0.9999983340312666 0.0010882335888829436 -3.2799910974522906 -0.0011359433893856263 -0.0010865693530298507 0.9999987644983341 193.13970695203906
0.9999871579055724 -0.004856059336536536 0.0014500758859041457 -0.3166895464290849 0.004853218236922982 0.9999863088470036 0.0019566258182595335 -3.3041152651320402 -0.0014595576451887132 -0.0019495631898719197 0.9999970344421667 194.52902686702518
0.9999500456813054 -0.009816077357557098 0.0018843512370158347 -0.31045839462607083 0.009809465335271791 0.9999458061699558 0.0034869904740211866 -3.3264830372438814 -0.0019184778436528325 -0.003468331864934936 0.9999921450266029 195.97909000536657
0.9999158469195498 -0.012792338590386481 0.002157583295258031 -0.302192105386767 0.012783213514219936 0.9999095053081901 0.004191734191914471 -3.36334794611493 -0.0022110103110270255 -0.004163800667110902 0.9999888870359139 197.38655458432595
0.9999392235601667 -0.010784607765766169 0.002289417897548403 -0.3073348859307637 0.010784929535095342 0.9999418327662241 -0.00012794157954458063 -3.3943636532923533 -0.0022879051213876038 0.00015262502753534817 0.9999973710928826 198.80684837790687
0.9999908085512891 -0.0033356617350987702 0.002693730117920206 -0.32125343377053545 0.00335057479413812 0.9999789813157243 -0.005550727042777934 -3.434990112805186 -0.002675158381836549 0.005559701682100518 0.9999809664394763 200.23067179564092
0.9999751058571262 0.005831890769152996 0.003971990576043022 -0.335202662728342 -0.005807554774709758 0.9999644620424362 -0.006111216859192957 -3.4787109333261808 -0.004007489712812586 0.0060879972916399565 0.9999734378023986 201.66219238633892
0.9999081858679757 0.012454186573462239 0.005339760897842636 -0.35356073959868584 -0.01244179296583888 0.9999198408488037 -0.0023481258971979647 -3.522680066244245 -0.005368577321490639 0.002281474146275122 0.9999829864789165 203.0984643487791
0.9998737133880576 0.014662140888021861 0.006130160565920879 -0.3586468715406512 -0.014662337976504066 0.9998925020797104 -1.2947287893656529e-05 -3.5683510047149425 -0.006129691940221778 -7.693684100308135e-05 0.9999812102990935 204.53706012377552
0.9998993990568443 0.012969011521635147 0.005744256253494577 -0.3528853100395625 -0.012971398190261812 0.9999157963378317 0.00037827902358945605 -3.599581315216796 -0.005738867146489945 -0.00045275201772123947 0.99998343006949 205.98063959685248
0.9999467060545244 0.009330937670217462 0.004417990174653918 -0.3512631453016145 -0.0093328295923676 0.9999563651062554 0.00040767150155448124 -3.6312047038298028 -0.0044139938120008595 -0.0004488821369740638 0.9999901575307647 207.42164442749234
0.9999679267288847 0.0073297626326660256 0.0032280151692848317 -0.3444914713442139 -0.007329397391097214 0.9999731317874537 -0.00012510995989784484 -3.663781054162719 -0.0032288457380165976 0.00010144654026573785 0.9999947821162486 208.85594801813997
0.9999644395410486 0.007947442931499472 0.002820955657940191 -0.35042979964184784 -0.00794545761339349 0.9999681791215412 -0.0007144681792777005 -3.683777443227719 -0.0028265443276757262 0.0006920289987051237 0.9999957658606834 210.32621972093906
0.9999592327763865 0.00864675727637081 0.002601222473198605 -0.3546348841069783 -0.008645825350274155 0.9999625558909144 -0.00036951195996100293 -3.709568362350079 -0.002604320373892793 0.0003470071831201142 0.9999965485430174 211.77306360954617
0.9999488886172252 0.009778200968294794 0.002570393017551252 -0.3628042564143936 -0.009778285897184658 0.9999521912260567 2.022934654058564e-05 -3.7347723356068574 -0.0025700725413752793 -4.5362356676438564e-05 0.9999966963275515 213.2423220478093
0.9999504086093834 0.009682266989909294 0.00233109612375373 -0.36670436050440214 -0.009682443058186423 0.9999531220131704 6.398719234396345e-05 -3.7709551989320356 -0.0023303675030625364 -8.655473183697629e-05 0.9999972809425439 214.70858296886087
0.9999508082496836 0.009729186397521664 0.0019297651455645222 -0.3692068799099314 -0.009727740396837199 0.9999523974201043 -0.0007576164086385897 -3.8007550981764737 -0.0019370444399404829 0.0007388068944844889 0.9999978510079283 216.16551154842355
0.9999604965069917 0.008718556659768993 0.001729791472995007 -0.3711513736769056 -0.008716342095977233 0.9999611876073975 -0.001284008775351496 -3.8338552118354814 -0.0017409191876232243 0.0012688806180348208 0.9999976795672146 217.64210605862388
0.9999579344546041 0.009099770963065468 0.0011504221724020567 -0.371762239889566 -0.009098305731789994 0.9999577992250505 -0.0012730365795598293 -3.865006208245758 -0.0011619580648020544 0.001262516154796272 0.9999985279512228 219.11754453891731
0.9999512632695707 0.009824748111968078 0.0009723113131848288 -0.3800867602761373 -0.009823286823986477 0.9999506296836729 -0.0014970817010798048 -3.8999458288076827 -0.0009869718457287274 0.0014874574678960864 0.9999984066763672 220.60645711028832
0.9999608080942993 0.008817023385900683 0.0008014710186363505 -0.38051695966616045 -0.008815753595684062 0.999959900155989 -0.0015749882960082785 -3.9310120007073444 -0.0008153256591559824 0.0015678610230135145 0.9999984385260451 222.09534974856544
