1.0 -3.469446951953614e-18 0.0 -1.7787691892340307e-19 0.0 0.9999999999999999 -3.5405977195229754e-19 0.0 2.168404344971009e-19 -2.354751593366955e-19 1.0 0.0
0.9999998184232816 -0.0001920851292522164 -0.0005711883356860027 0.002362340360531358 0.00019247475088568847 0.9999997488291841 0.0006821250811968831 -0.02260592772998818 0.0005710572149626968 -0.0006822349104356856 0.9999996042250158 1.3271691263019685
0.9999996106287063 -0.0006537795091968706 -0.0005927182196919692 -0.007919512059073416 0.0006544463108595945 0.9999991525627906 0.001125421038284752 -0.039022718586228015 0.0005919819911736834 -0.001125808524500804 0.999999191056474 2.6280021814577843
0.999998524415775 -0.0013027890169562354 -0.0011197799959704086 -0.009237922733630846 0.001303906409040597 0.9999986522681933 0.0009976410721856679 -0.07468628431750333 0.0011184788663973777 -0.0009990997080003214 0.9999988754027543 3.9515878930948056
0.9999979703928399 -0.0019372294841539916 -0.0005534926940836088 -0.022621735057471802 0.0019378225576295923 0.9999975470079887 0.0010727621662858795 -0.08804859415658843 0.0005514131974769904 -0.0010738325797586784 0.9999992714137921 5.267169754846042
0.9999970363753136 -0.0022571205678739263 -0.00091249614099892 -0.018649481043251852 0.0022585211747835725 0.9999962688852461 0.0015366502840443485 -0.10716275819787202 0.0009090244096349317 -0.00153870665118509 0.9999984030278162 6.588547746280683
0.9999934119301453 -0.0035640742452586385 -0.0006880951710542937 -0.027458351390543097 0.0035657735132391503 0.9999905575681199 0.0024839541923531725 -0.1438106493807106 0.0006792357362666603 -0.002486391466255241 0.9999966782433983 7.923302727346026
0.9999934488619159 -0.003584374740885247 -0.0005044751474322544 -0.04651352356235641 0.0035858144581525624 0.9999894178058675 0.002882048822248893 -0.16242385284539795 0.0004941395103272557 -0.0028838389503241892 0.9999957196410323 9.238816097453002
0.9999943853903995 -0.003178871586779465 -0.0010601725857793654 -0.04509652124753738 0.0031813296354390574 0.9999922372649098 0.002324768104499786 -0.1872102813678453 0.0010527743077462515 -0.0023281278546100183 0.9999967357392125 10.570550056264091
0.9999993687840177 -0.0006551732994867204 -0.0009127864393615465 -0.0661500695491028 0.000655167415610676 0.9999997853542235 -6.791631011481648e-06 -0.20393116485821275 0.0009127907703086106 6.193598672924355e-06 0.9999995833879711 11.891690503172766
0.9999974609296021 0.0020534367618251104 -0.0009281846289862717 -0.06625455464720995 -0.0020541179729924247 0.9999976213484253 -0.0007334170379740683 -0.23049238028499322 0.0009266764732268133 0.0007353217886718118 0.9999993002867467 13.229593813864742
0.9999825209338508 0.005863317374022764 -0.0007611328190643182 -0.0929129755277244 -0.005863906000971633 0.9999825084385847 -0.0007729392982126389 -0.25296069304474234 0.0007565875801685824 0.0007773890094769637 0.9999994116211641 14.571566515773624
0.999982477937206 0.005910326477695457 -0.00033443547743664264 -0.11423610313676705 -0.0059103137676978276 0.9999825331440043 4.0124108443436926e-05 -0.280071735604697 0.0003346668104080939 -3.814679232997304e-05 0.999999943271736 15.92069895185645
0.9999905229278088 0.0043520707427486685 -0.00011630274390857752 -0.10497643915675799 -0.004351712018833536 0.9999862481060225 0.002926808683675093 -0.30624785067267923 0.00012903883596354269 -0.0029262748911628197 0.9999957101233005 17.26258968148946
0.9999999868933176 -0.00015837180521031773 -3.364431803371177e-05 -0.1168933100608201 0.00015854020843604835 0.9999871583913289 0.005065364349404761 -0.3344531649373693 3.284168198871467e-05 -0.005065369716733807 0.9999871703938492 18.627920840190228
0.9999978309253 -0.0020452151625244656 -0.0003940077093288728 -0.10848230261955592 0.002046540286193067 0.9999921518850055 0.003392320373848401 -0.3683929527540429 0.0003870666276531399 -0.0033931194339286742 0.9999941684436093 19.963854067515484
0.9999955482960157 -0.0029717369339617716 -0.0002686477114641772 -0.11718646359291529 0.002971974549282181 0.9999951896370174 0.0008877306505297879 -0.36840267446872965 0.0002660083406162718 -0.0008885251282309641 0.9999995698815118 21.31973215167491
0.9999996012888356 -0.0008916862628857922 4.815861098285629e-05 -0.13126903961327907 0.0008916964523905564 0.999999580224742 -0.00021077571933488163 -0.42490177761370074 -4.797064911852525e-05 0.00021081858303566292 0.99999997662712 22.670972546892127
0.9999984599624322 0.0015594759723181542 0.0008050502704737479 -0.14157804297238574 -0.0015604797571996815 0.999998004177426 0.0012476163621029633 -0.4151957897953208 -0.0008031031029543223 -0.0012488707305327495 0.999998897672556 24.037874626852194
0.9999966967212477 0.001955014017440645 0.0016686718295277647 -0.15402920402341022 -0.0019645074912422403 0.9999817874651843 0.005706614606644765 -0.43681972135136543 -0.0016574850628039094 -0.005709873987102988 0.9999823248845006 25.427444368213763
0.9999983652456192 0.00036267429721219095 0.0017714331180460762 -0.14934028309876593 -0.00037432962694130493 0.9999782571503697 0.006583699773699522 -0.46485718159156014 -0.0017690070075327617 -0.006584352239478801 0.9999767581894463 26.801115067751997
0.9999903698689636 -0.004037240463526192 0.0017207169066046056 -0.15023766400299962 0.004026872159375196 0.999973968604584 0.0059871868877654985 -0.4916768205830504 -0.0017448439694308072 -0.005980200236722936 0.999980596173612 28.168394919254116
0.9999912821424704 -0.0038524603602623497 0.0016106507339941022 -0.16036969199171147 0.0038464598211150683 0.9999857115455181 0.0037123369453285282 -0.5012619822381774 -0.00162492948525374 -0.0037061093471444095 0.9999918121445653 29.52991508141775
0.9999887218980983 -0.0041155111374188875 0.0023703698956167385 -0.16551670213145872 0.004111203071795204 0.9999898934929308 0.0018195920982431457 -0.5453203775631974 -0.0023778346901929736 -0.0018098265352874125 0.9999955352036515 30.91738288273907
0.9999945106973548 -0.001790506643416987 0.0027879504007404634 -0.17613938731944281 0.0017885613812712985 0.9999981554385423 0.0007001177701561775 -0.5417302343106162 -0.002789199058735441 -0.0006951275166381821 0.9999958685728823 32.30214535497855
0.9999943359086818 -0.00016356954986702227 0.0033617554958200275 -0.1801052129576742 0.0001682289352048557 0.9999990256853042 -0.0013857587612285745 -0.5897354252422999 -0.0033615258376688273 0.0013863164868967092 0.9999933891113015 33.68135354167584
0.999993742382338 5.6517504075245806e-05 0.0035372314321414147 -0.19468977320342157 -5.265293219664825e-05 0.9999994016976876 -0.0010926262603200391 -0.5861521924456071 -0.0035372913681392696 0.0010924332018429582 0.9999931470540185 35.076752718559305
0.9999954011227679 0.0001687204449040275 0.0030280803013067407 -0.190811895999969 -0.00017066332109950955 0.9999997797598056 0.0006413692817591916 -0.6339254213632313 -0.003027971677668419 -0.0006418831247375014 0.9999952096734281 36.46804339551437
0.9999948555684531 0.0015043203481954872 0.0028329945257124147 -0.2073509340813493 -0.0015097974440876436 0.9999969936613361 0.0019321444649389359 -0.6474773621933856 -0.0028300796822283945 -0.0019364118100625171 0.9999941204601974 37.871163390446284
0.9999913788595615 0.0033548963758653003 0.0024468089239444457 -0.2032093698007775 -0.0033608682596653087 0.9999913740331592 0.002440579758430524 -0.6644940312608453 -0.0024386001299787794 -0.002448782169148497 0.9999940283284203 39.262892671198486
0.999978003120259 0.00589518002944465 0.003039756579860321 -0.2250390406906851 -0.005903357234713704 0.9999789621884726 0.0026880411381637733 -0.6995514619997714 -0.003023846397323792 -0.002705926834030012 0.9999917671208965 40.663820255695136
0.9999559966064115 0.008898198698696944 0.002971009085221476 -0.2320849772470131 -0.008907661361947043 0.9999552475969639 0.0031869093679390286 -0.728473432327128 -0.002942518619261687 -0.003213233943698281 0.9999905083092774 42.089738246764
0.9999521462289968 0.009430242283648698 0.002603029925883016 -0.23418780609853077 -0.009438589151631475 0.9999502938641244 0.003212920218022805 -0.7391278899047021 -0.0025726021386083897 -0.003237335466630119 0.9999914506507361 43.47811129760502
0.9999599341160911 0.008673093112988774 0.0022153108995928003 -0.2437874958561607 -0.008679943630518562 0.9999575189649476 0.0031014290892635785 -0.7622822697686814 -0.0021883179905705435 -0.0031205336678646516 0.9999927367394507 44.90573209316908
0.9999641132913965 0.00836194630860162 0.0013601349450228124 -0.2383533234483446 -0.00836555511792327 0.999961445747235 0.002669180451434447 -0.7931577508834522 -0.0013377630738249538 -0.002680463005330373 0.9999955127432503 46.301254954627716
0.9999671082347815 0.008091630618638762 0.0005549287445834649 -0.2563912435714518 -0.008093464035368736 0.9999615204215901 0.0033843068331636593 -0.8230855638952584 -0.0005275228727135684 -0.00338868688573205 0.9999941192430615 47.732170040712504
0.9999645110647358 0.008408363402946845 -0.0005253730625909118 -0.2608705040794914 -0.00840602487979833 0.9999553968377146 0.004306169771980203 -0.8436222820382109 0.0005615575200172873 -0.0043016007432444036 0.9999905903987466 49.129985939393634
0.9999572485016323 0.009133125359953684 -0.0014447032735861458 -0.27407359523947095 -0.009126734424577438 0.9999487994005674 0.004370505157229125 -0.8694434844259398 0.0014845458038096658 -0.004357132982565333 0.9999894057035611 50.55853593914786
0.9999550315884317 0.009110200550609793 -0.0026342023621993755 -0.2826612469771216 -0.009098109044792583 0.9999481842697472 0.004566531125799096 -0.8825230980772882 0.0026756681126780305 -0.004542359614493586 0.9999861037909604 52.009044995503835
0.9999407035228648 0.010288406183197884 -0.0035690483701826597 -0.30218572541437905 -0.010266719488019034 0.9999290386873806 0.006042522866497469 -0.9226977242254744 0.003630963346512937 -0.006005522276923938 0.9999753746045894 53.416358439280636
0.9999545056859064 0.008435898433446233 -0.004452207233253265 -0.3136911602402689 -0.008405339731690985 0.9999412909486374 0.006838489328095727 -0.9359517946163782 0.004509635035876241 -0.006800756045533279 0.9999667059055296 54.86941619125845
0.9999717845990773 0.00553248748826813 -0.005081492593968829 -0.3165458330347825 -0.0054941956193666 0.9999566388810682 0.00751892152355601 -0.9403293896674378 0.00512287103265678 -0.007490790815866333 0.9999588212809454 56.27074536903709
0.9999779700831039 0.003944569133351787 -0.005338511479727361 -0.3431633786570677 -0.0039062200974210046 0.9999666300089243 0.007174978638621587 -0.9630865661418997 0.0053666359919850495 -0.007153967321994647 0.9999600091915546 57.69692995278363
0.9999815183897081 0.0030393543433974296 -0.005265471321808898 -0.3621397745929841 -0.002999661273602727 0.9999671502360802 0.00752997239514426 -0.9906924161133898 0.005288185059411742 -0.007514038753446077 0.9999577862755218 59.14538734622657
0.9999831110248382 0.0028081788057964926 -0.005088396783073764 -0.36420581182099127 -0.0027665817533477936 0.9999628501581287 0.008163597955629456 -1.0183376102158215 0.0051111330310498965 -0.008149382782062273 0.9999537308755448 60.55111712357008
0.9999892263278229 0.0009471289512114059 -0.004544245232131568 -0.38111179457857564 -0.000905881132904727 0.9999584524370412 0.009070434265159924 -1.0319323489741816 0.004552647692729842 -0.009066220180376481 0.999948537206921 62.004888976120284
0.9999898370027497 -0.0016525392308457051 -0.004194639425074156 -0.39074630378552566 0.0016891010076289861 0.9999604858177775 0.008727756621172847 -1.0477902500634118 0.004180051077555534 -0.008734753264980305 0.999953114535381 63.404213569099014
0.9999911419401006 -0.0018899901861373948 -0.0037608475533193603 -0.40480822688473295 0.0019201111463471292 0.9999659827634825 0.008021626009369637 -1.076186797883393 0.003745559148413707 -0.008028776358477504 0.9999607540029637 64.81968398897529
0.9999931836797091 -0.002192090183353042 -0.002971082750008944 -0.4147350971287712 0.0022158297080088936 0.9999654600532012 0.00801054265870223 -1.0946902512156713 0.002953420553281922 -0.00801707162843853 0.9999635012725153 66.2749456089347
0.9999969768599456 -0.0005748141754798198 -0.0023907857292266763 -0.4290100816417409 0.0005935905074082627 0.9999689309914483 0.007860324351682772 -1.1136208569962371 0.002386193432089733 -0.007861719892988492 0.9999662491542775 67.63564696966205
0.999995713544705 0.0023693496344924974 -0.001720194007237064 -0.45002911939388945 -0.0023532081815507084 0.9999537453728748 0.009325745396206503 -1.1334146110462695 0.0017422105463767424 -0.009321657634162204 0.9999550346927035 69.11534199357172
0.9999847712367724 0.005455855300294684 -0.0008312191911578 -0.46539393002837437 -0.00544692317577082 0.9999311447471305 0.010394075224700724 -1.1473910133067209 0.0008878706108452559 -0.010389389558385137 0.9999456346598822 70.4726070079357
0.9999538198935916 0.009609639554392002 0.00011351827659197367 -0.4882153421113126 -0.009610310073294494 0.9998880490307045 0.011468712359296687 -1.1726047877873373 -3.295367794486437e-06 -0.011469273912189288 0.9999342257114736 71.9259719182402
0.9999109159035915 0.013338901459534685 0.0004836653564650232 -0.49519987173674107 -0.013343384644772473 0.9998515060350162 0.01090504447225882 -1.1769265051029807 -0.00033813224202629776 -0.010910526964101958 0.9999404212608161 73.29319507538261
0.9998496979531284 0.017291006164834012 0.0012659238266984902 -0.511360942838047 -0.01730347252269969 0.9997940346559616 0.010605571584628333 -1.1981317477059181 -0.0010822821705226166 -0.010625882645461647 0.999942958015802 74.68214691521787
0.9998265581123517 0.018500082463205142 0.0021448992217471307 -0.5283484679080215 -0.018521806068298053 0.9997723354256172 0.01059339728317033 -1.2069087926008801 -0.00194843233804445 -0.010631287573898552 0.9999415879624733 76.13517463614734
0.9998186561669945 0.018887016145854994 0.0024362575613233336 -0.5325578835659917 -0.01891280721226854 0.9997602167042129 0.011036977332424988 -1.2234249991742827 -0.002227217998764996 -0.011081052545290375 0.9999361228475347 77.50424136151224
0.9998332256037864 0.018090903941957923 0.0024980244066128924 -0.5349311852559427 -0.018117970281730043 0.9997722907855072 0.011274119778474947 -1.249853151213897 -0.0022934967512512985 -0.011317498910976822 0.9999333248232083 78.90702800485998
0.9998504716390785 0.017161872264948218 0.002122371156444677 -0.5389526166710665 -0.0171826780034571 0.9998002659417958 0.010207048678904942 -1.257630696333827 -0.0019467753382824949 -0.01024199066926182 0.9999456543701118 80.27625051144072
0.9998537396804527 0.016989570737773265 0.001963081629756373 -0.5475868861186324 -0.01700920103927306 0.9998006470693299 0.01045721006476673 -1.284849361257678 -0.0017850269169590266 -0.010489071258278177 0.9999433949300008 81.66843101606268
0.9998686797076879 0.01613238872491614 0.0015392636779208379 -0.55797937726183 -0.016148202754459207 0.9998103829855556 0.010882723058934054 -1.2919582767011648 -0.0013634075959458325 -0.010906150504730896 0.9999395966770985 83.07049359178343
0.9998656759289516 0.01633526008027051 0.0013376603722418258 -0.5753097287302906 -0.016348037907436122 0.9998145979540181 0.01017405596960142 -1.304246090314633 -0.0011712166086603351 -0.010194557683950372 0.9999473482374024 84.43200476420596
0.999865114035402 0.01641713812058064 0.00048090273275229315 -0.5788581731104587 -0.016421307755328192 0.9998092432377473 0.010574394936066385 -1.3146773896328592 -0.00030720971349731236 -0.010580865871253373 0.9999439738819245 85.83511807762177
0.9998684361139245 0.01620965959254675 -0.000597791469064719 -0.591073258004607 -0.01620191936101037 0.9998055338786443 0.011242431842922531 -1.3327346222530578 0.0007799112860486419 -0.011231267610141645 0.9999366231774484 87.19623932028495
0.999888757615424 0.014817441129986716 -0.0017075688701498931 -0.5994645637031093 -0.014794545020246143 0.9998096302351004 0.012721036115669073 -1.3526526637938976 0.0018957371739797891 -0.012694358555847985 0.999917626332069 88.58370419164747
0.9999179915353861 0.012470576406153865 -0.002914599868093279 -0.6001900045553248 -0.012430645776545145 0.9998337616852392 0.013338967898606623 -1.3703953147406034 0.0030804602385814707 -0.013301643906018679 0.9999067841778978 89.97556138731713
0.999927802044157 0.011390312979653427 -0.0038277193379863805 -0.6136558107189443 -0.011336593763152669 0.9998408568377011 0.013774710916626395 -1.3865334660797641 0.003984008798236266 -0.013730323394067587 0.9998977977305932 91.33426808015119
0.9999353651930334 0.010593683612269072 -0.004127865251127409 -0.6307857608793672 -0.010537708828393071 0.999855302687363 0.013354040565259306 -1.4014738118027987 0.004268736811648633 -0.01330967946124212 0.9999023103944351 92.71340152546054
0.9999553410324138 0.008256256588212756 -0.004598928268743832 -0.6423953502010404 -0.008194388722243559 0.9998778008463227 0.01331297789442717 -1.4184448254775748 0.004708282053145847 -0.013274698216432335 0.9999008023208207 94.06503867958679
0.9999562520782405 0.008084422522325474 -0.004704892736047379 -0.6632459667144512 -0.008023323426289104 0.9998850714810942 0.012863519056429549 -1.4260147997947596 0.004808346549069924 -0.012825207690980694 0.9999061925328483 95.43742113342384
0.9999594534345065 0.00775767091998026 -0.0045727457365857685 -0.6711676218375997 -0.007700899450970064 0.99989463816061 0.01230482575626839 -1.435112281000197 0.004667721136517556 -0.012269112834271213 0.9999138369196401 96.79085840216864
0.9999476092108561 0.009256916600678547 -0.004369015864724914 -0.691000980752061 -0.009204885313091356 0.9998882114339422 0.011782815358824479 -1.4516564276616557 0.004477600385110287 -0.011741982000026671 0.9999210353655139 98.1218142075485
0.9999325943001323 0.01089086551577378 -0.0040244094710032265 -0.7115292163449264 -0.010842629745080521 0.9998713606754845 0.01181945438173519 -1.4568972930789865 0.004152616221599521 -0.011775022745105834 0.9999220492768857 99.46491855211352
0.9999310721563901 0.011053511716296122 -0.003958633807878217 -0.7196412116679065 -0.011000225780794261 0.9998518544156193 0.013238741431659033 -1.46994802515814 0.004104382294110051 -0.013194283319950366 0.9999045279158736 100.8009194157943
0.9999298208365075 0.011200400989388706 -0.003860619901758556 -0.743978814786 -0.011142472313608941 0.9998296635252193 0.014713574190448872 -1.4779381035789703 0.0040247605795686306 -0.014669525054736215 0.9998842964817458 102.14290185792404
0.9999351334743235 0.010790854691691592 -0.0036450331829466992 -0.7552821859833865 -0.010738946366736434 0.9998447113054979 0.013972412974887547 -1.4996867297316447 0.0037952417599169796 -0.013932363103100883 0.999895737270226 103.4866972841431
0.9999360097511968 0.010732875853462625 -0.003575156959972842 -0.7666671437124104 -0.010690670047562297 0.9998753057774225 0.011622499336205917 -1.5079067495938105 0.003699454322367576 -0.011583535025692482 0.9999260651493814 104.81134065560299
0.9999478565787346 0.009549570704513883 -0.0036179821533552418 -0.7777227777950941 -0.009511238186424627 0.9998999713369143 0.010468222686407767 -1.5189478214553955 0.003717587606138431 -0.010433265563422266 0.9999386613800626 106.14194206922282
0.9999594185802333 0.00836975071841134 -0.0033329328517930157 -0.7911663322395792 -0.00833025399415595 0.9998969326354019 0.011693202655232906 -1.5386501105527846 0.003430458825317264 -0.011664964190380097 0.9999260775543632 107.50075809998458
0.9999814011044099 0.005403170821265181 -0.0028289882725483196 -0.7993959967300601 -0.0053648089035813005 0.9998958668945565 0.0133967980409359 -1.5329018164985622 0.002901079125121089 -0.013381372164055112 0.9999062569208524 108.82077629824167
0.9999893205249658 0.0042045301863660465 -0.0019185282623131478 -0.814340050794671 -0.004176630109756645 0.9998887128346655 0.014321931036705263 -1.5549911831287244 0.00197853192460791 -0.014313765390041887 0.9998955953204115 110.1781026462546
0.9999931643436836 0.0034429747287504616 -0.001348029055767413 -0.8243390628154397 -0.0034243112302576187 0.9999015028371733 0.01361097782422935 -1.568059208966354 0.0013947586600551619 -0.01360626898517409 0.9999064576751171 111.47999569471031
0.9999905728841356 0.004299667948464806 -0.0006057963663835353 -0.8379748935928757 -0.0042924889840979304 0.9999258984215796 0.01139176053671972 -1.5828218729917172 0.0006547323278383696 -0.01138905299934308 0.9999349282840873 112.82231165014159
0.9999706252157499 0.007652772917358384 0.0004286685068479732 -0.8415007466089535 -0.0076565067865465046 0.999925406635058 0.009516253602024596 -1.6033749727966329 -0.00035581082603326286 -0.009519256360652406 0.9999546275504347 114.17011506647762
0.999940974446877 0.01069300214639688 0.0019254363526809866 -0.8585834708494348 -0.010709608758871041 0.9999036519064863 0.008831263006473373 -1.602797025731183 -0.0018308182745010696 -0.008851362587474532 0.9999591499081272 115.48186933399712
0.9999316662015648 0.011174165767227122 0.00343524740751726 -0.8713744063470472 -0.011212282816050757 0.9998734676909395 0.011284207721987691 -1.6188316870910437 -0.003308721401251774 -0.011321953823705716 0.9999304304421167 116.85025839928986
0.9999198440550912 0.011890708930722488 0.00434930827930722 -0.8783266440548732 -0.011947034186978284 0.9998420026866304 0.013161993047403453 -1.6174538941847352 -0.004192116016343749 -0.013212899636234147 0.9999039181074902 118.14212728557536
0.9999248352381024 0.01105363432855978 0.005304811213882636 -0.8775508669910995 -0.011128529190886596 0.9998357814632879 0.0143026558257491 -1.6383246074272868 -0.0051458441620848136 -0.014360615803796113 0.9998836397310632 119.51159750273918
0.9999171922130621 0.011260481578951136 0.006229787401216743 -0.8794592101502825 -0.011345551579586053 0.9998405068919736 0.013792724832567155 -1.6497995867259287 -0.00607348157192919 -0.013862263338740077 0.9998854686793202 120.83542930026076
0.9998837407763466 0.013179064142699476 0.007669235521151613 -0.8767430198937184 -0.01328265025087496 0.9998190693694485 0.013616157857416336 -1.6589165522590592 -0.0074884003263226695 -0.013716442900939893 0.9998778840705325 122.14023762934329
0.9998529718409214 0.01474818935997422 0.008747890048181979 -0.8811730799832448 -0.014861434369579523 0.9998047280290842 0.013024730794232595 -1.6619891585139464 -0.008554091347506551 -0.013152822249437228 0.9998769078172489 123.50898549887701
0.9998302567483526 0.015498255129780742 0.009963018845484296 -0.8831719833871119 -0.015622406529919846 0.9997997442592578 0.012506471504797634 -1.6737286313354294 -0.009767196023738104 -0.012659995199773302 0.9998721550284073 124.84756040150596
0.9998049625762992 0.016366622884634183 0.011053073135586431 -0.8769733073081074 -0.01649688256558231 0.9997943051793386 0.011798314982379867 -1.6771456418484183 -0.0108577019125798 -0.011978355358717127 0.9998693061143799 126.18087005512285
0.9997999701704506 0.016095518949038937 0.011872399933790962 -0.8740193156562657 -0.016230950312652308 0.9998032742948583 0.011400394744266516 -1.6952674220745305 -0.011686570037133128 -0.011590814889933942 0.9998645293681524 127.51111578908542
0.9997921761894937 0.01577975159148965 0.01290751075263666 -0.8703749219986407 -0.015939061285608073 0.9997968888171643 0.012333996687405481 -1.7024055085440812 -0.012710262753959218 -0.01253716724298994 0.9998406216277531 128.83899307657433
0.9997865045265493 0.015403903256288782 0.013771895136173053 -0.8627649062110442 -0.01558532616446932 0.9997918748140049 0.013164524292036631 -1.7150812473298873 -0.013566244935926416 -0.013376353467688739 0.9998184986116568 130.21626971465625
0.9998003012415613 0.014116202313874244 0.014145332741029311 -0.8466732020902481 -0.014310040321832314 0.9998037877118914 0.013697038134170982 -1.7174987338026377 -0.013949208259996926 -0.013896723407906762 0.9998061315414601 131.53869258391708
0.999810750420622 0.013400613336963855 0.014102725866352214 -0.83593798024302 -0.013596349739931155 0.9998112781984254 0.013876141002623391 -1.7368954112015336 -0.013914116739666419 -0.01406526081809802 0.9998042637406652 132.87811081975033
0.9998429428473067 0.010913068754672494 0.013964044836552347 -0.8255908238669002 -0.011120882348064335 0.9998272635321801 0.014891913679135385 -1.73229703505404 -0.013799117413585537 -0.015044867590957477 0.9997915964434281 134.20354938912376
0.9998669435481378 0.009369705273122456 0.01335304486709152 -0.8084753687064088 -0.009569595475568985 0.9998419215049955 0.014985154602778016 -1.7540061247197853 -0.013210528660552811 -0.015110944263272617 0.9997985503573814 135.53770266273992
0.999879855571575 0.009535836857160074 0.012220565545998388 -0.8033166035327473 -0.009713542830679678 0.999846733479662 0.014565598212260266 -1.7643052930278014 -0.012079798383755945 -0.01468255351049101 0.9998192342084645 136.87962601489207
0.9999061780141391 0.007869861731592235 0.011211620542705244 -0.7941003640167447 -0.008048564618166667 0.9998398518718126 0.015984092918951014 -1.7764986996730667 -0.011084033345712497 -0.016072831025816397 0.9998093859871453 138.2145646155022
0.999925384446214 0.006855085999821241 0.010111049829644048 -0.7760994126997047 -0.007019570752374798 0.99984213005682 0.016323008205509092 -1.784246252329728 -0.009997558805849823 -0.01639276580507852 0.9998156460305911 139.5589746416137
0.9999463591250153 0.005456094936518583 0.008803970512491288 -0.7783725236443487 -0.0056022347085859965 0.9998455031591282 0.01666087578806109 -1.7937160078174246 -0.008711707729920018 -0.016709304319704774 0.9998224368847598 140.91619941382095
0.9999624060826786 0.004191725204848611 0.007590511177508506 -0.7784496312045099 -0.004314822206638749 0.9998582581030783 0.016274090238942742 -1.7871743678782492 -0.007521219392535304 -0.01630623045680534 0.9998387560540191 142.2340083096678
0.9999710673212048 0.0039048046880640922 0.0065281712513096295 -0.7722832971572742 -0.004007817838483908 0.9998664776479781 0.015841851923873218 -1.7858172316943373 -0.0064654407907001055 -0.015867557608324555 0.9998531985704209 143.59141361390127
0.9999819862538181 0.0017217791392427672 0.005750012824263214 -0.7636078162855278 -0.0018009467478997338 0.999903270149513 0.013791552944172595 -1.8011610682680297 -0.005725711091056112 -0.013801660242217987 0.9998883589714176 144.9420359489251
0.9999887790032878 -0.0010150212535552407 0.004627267685141032 -0.7782781265379397 0.000955361230383641 0.9999166291935403 0.012877186830315687 -1.8245245931143057 -0.004639952906057881 -0.012872621872456485 0.9999063788389296 146.2446458344898
0.999940649398427 -0.010323619704190403 0.003481461052636868 -0.7686220436983769 0.010266857070621601 0.9998201400278732 0.015946135072316327 -1.8199875640365797 -0.003645457005874357 -0.01590944529928451 0.9998667912257474 147.62391838401282
0.9998460635602092 -0.017441391397583186 0.0019097278760001103 -0.7585020943662815 0.017405310772803155 0.9996951393455802 0.017512381593944602 -1.8290787003627256 -0.002214586148548059 -0.017476446722405233 0.9998448226717437 148.9470059875056
0.9998089950990241 -0.019517080133328625 0.0010280616282223414 -0.7318457111564276 0.019500111776294776 0.9997044381037021 0.01451833543160277 -1.8425909422930475 -0.0013111133860207633 -0.014495515311422508 0.9998940749008124 150.24768116320644
0.9998241319503927 -0.018722523561132576 0.001082723630126414 -0.7533217311424862 0.018708797798868373 0.9997583860100799 0.011539084704935868 -1.856372080740757 -0.0012985029132274685 -0.011516799102759113 0.9999328363599782 151.64560969064308
0.9998802624786686 -0.015320598437844384 0.0021771499154187336 -0.7602265050638035 0.01529988787532162 0.9998403376954498 0.009231063623048461 -1.866634969610955 -0.0023182279129032504 -0.009196648336431383 0.9999550227277719 152.95898586963634
0.999867903235807 -0.01596468424163353 0.0030504014899590723 -0.7661078138797823 0.015935498736043822 0.9998291718785364 0.009364129883395153 -1.8731773781140704 -0.0031993760340419883 -0.009314283411813385 0.9999515028822163 154.32966276094527
0.9998096252061519 -0.01921279005333316 0.0034032418492367187 -0.7700127768197081 0.019169468264282605 0.9997401521213691 0.012335303446792381 -1.8742623642197012 -0.0036393534156229776 -0.012267717003449984 0.999918125761473 155.6549804486956
0.9996050951462122 -0.02785394999566742 0.0037163459132657636 -0.7685796581362657 0.027793916804082983 0.9994961019222233 0.015331028333516187 -1.8709535128200117 -0.004141503285806884 -0.015221682502228927 0.9998755664251245 156.99376856659438
0.999553530371043 -0.029642664733394997 0.0037486459071691463 -0.7523644645753235 0.029576983489765767 0.9994261942546874 0.016507098078189262 -1.888022544712201 -0.004235809629057123 -0.016388854819035285 0.9998567214140899 158.34781083653766
0.99951659252776 -0.030882559214625585 0.0035845210144281117 -0.7475482451138634 0.030817689942022816 0.9993816889375965 0.01692660057887734 -1.9080682762198091 -0.00410504174100544 -0.016807951780789993 0.9998503094924281 159.67724467938618
0.9995402203749234 -0.029962643642831948 0.004646271048525144 -0.7511692858444108 0.0298785602559733 0.9994052208805672 0.017218481801928438 -1.8986006918659015 -0.005159419197695875 -0.017071741514700905 0.9998409553711305 161.0423758824295
0.999591195643573 -0.027972820535510014 0.005912943772973167 -0.7546800832478007 0.027869252379670924 0.9994682491290184 0.016927012511290165 -1.8911352638730545 -0.006383296366885316 -0.016755303656173406 0.9998392437428004 162.3842534865164
0.9996661052064609 -0.0249116722234453 0.006861974587620485 -0.7615032226665055 0.02480421472104352 0.9995748777191222 0.015323666606730544 -1.8991176787095942 -0.007240796166856029 -0.015148344496773337 0.9998590393298509 163.7347841281046
0.9996912982298944 -0.023670407506515695 0.007551162882235847 -0.7637649088825995 0.02355676953953022 0.9996129583634688 0.014799056474935006 -1.8931046702440708 -0.007898540619143858 -0.014616607239787785 0.999861974398498 165.08302550898478
0.9997090816242767 -0.022816595647950966 0.007820172069676038 -0.7643138878571791 0.0226887711506724 0.9996135387160047 0.01606215642709876 -1.8955323596064133 -0.008183634281395508 -0.01588005384506963 0.9998404132759691 166.42671188832358
0.9997342123852536 -0.021758941882208477 0.007619254957524681 -0.7589690295716474 0.021634363946995125 0.9996368190431995 0.016068114332662177 -1.8933052415152964 -0.007966113613859191 -0.01589900618236003 0.9998418688154614 167.76120589871732
0.9998015665710096 -0.01856378218830742 0.007225890088018747 -0.7574187442455242 0.018462341800142425 0.9997334730701376 0.013860907082716348 -1.9147452417273196 -0.007481275673487887 -0.013724750012998515 0.9998778234114672 169.1484833927439
0.9998596177847372 -0.015364916692581408 0.0066831186257525705 -0.763067883163762 0.015289272668748844 0.9998200874241218 0.011226348961842084 -1.9187294292815205 -0.0068544087343529615 -0.011122593161045885 0.9999146488573756 170.55690694048204
0.999932330613936 -0.009703423765318256 0.006416991215265465 -0.767545745126972 0.009640936222147335 0.999906494284499 0.009698196933280818 -1.9291066328881437 -0.006510497446210664 -0.009635675036394198 0.9999323813069758 171.90891526574637
0.9999576497313422 -0.006196785868393426 0.0068043076635347114 -0.7717517799913973 0.006123451238835408 0.9999235084762932 0.010746186775944229 -1.9420524151531011 -0.006870379581533708 -0.010704066026493163 0.9999191071541538 173.2614298566018
0.999969910688058 -0.001828065555688074 0.007538959102036811 -0.7828845031097046 0.001728104585802791 0.9999107939820785 0.013244535659643845 -1.9668786251421124 -0.007562499089230689 -0.013231109284107144 0.9998838664329808 174.62930565352204
0.9999710693464666 0.00014446864731965277 0.007605235395072517 -0.7826790285722378 -0.00026221445756742165 0.9998800892926615 0.015483483887227098 -1.9716466334682303 -0.00760208719788971 -0.015485030441719524 0.9998511999804399 176.05264561361975
0.9999739160389277 -0.0028590225480969577 0.006632740188253027 -0.7809044562907256 0.002747005458323605 0.999854480597642 0.01683661421010038 -1.9698171999359428 -0.006679911806265483 -0.0168179551948595 0.9998362541749182 177.4538994177666
0.9999746585864142 -0.004797365888400674 0.005259988360478081 -0.7795240777994392 0.004708546809529604 0.999848284039991 0.016770166228011415 -1.9717176414572888 -0.005339643397096697 -0.016744974668899033 0.9998455350870986 178.85304140659733
0.9999664762386566 -0.007602770630752693 0.003040442416008693 -0.7769168138443308 0.007562081701640303 0.9998845776339593 0.01317749279817417 -1.9728983988632474 -0.0031402771903922115 -0.013154059215978432 0.9999085505117231 180.19115299511276
0.9999887931402057 -0.0045112105664030094 0.001436168955575747 -0.7897779716120139 0.0044979842755771705 0.9999486289545464 0.009083368349873808 -1.9952996588414185 -0.0014770722825117172 -0.009076806862704198 0.9999577140236482 181.60697431279385
0.9999992188531734 -0.0007933805009709555 0.0009658380166230674 -0.8197363222519978 0.000785157842955372 0.9999636988287768 0.008484370809943005 -2.00387796623 -0.0009725343651931623 -0.008483606012919689 0.9999635406388916 183.00378877881897
0.9999973892849555 0.0021969506324553967 0.0006283535883732719 -0.8386801843485515 -0.0022029055815890614 0.999951121134232 0.009638596896064996 -2.0045401541650016 -0.0006071473972625834 -0.009639956127250052 0.9999533502219634 184.32867078298125
0.9999863918221448 0.005116665488931006 0.001017789884343505 -0.832247486999897 -0.0051291281719708735 0.9999069069077465 0.012643953791113284 -2.019502052184445 -0.000953000323769923 -0.012649002357159952 0.9999195440300243 185.77696342265645
0.9999755908906217 0.006837363456306658 0.0014380792006289768 -0.8461252967026722 -0.006858458334766475 0.9998607349535837 0.015214212262912868 -2.036956106610457 -0.0013338539283864214 -0.015223704208025482 0.9998832230158599 187.14068538153543
0.9999880331906075 0.004637543567036936 0.0015577735658232669 -0.8519610003011909 -0.004661451744207259 0.9998657011921378 0.01571147507666292 -2.028517888648668 -0.0014847018215993575 -0.0157185488588905 0.9998753536752167 188.59285890773737
0.99999054336911 0.004112327277367601 0.001414896082328056 -0.8495801676703005 -0.004135112950615756 0.9998553698297968 0.016496674317763395 -2.039287160421133 -0.001346851822652027 -0.016502369397225606 0.9998629195045174 190.01260593836213
0.9999982158600558 0.001088215158823882 0.0015440417054334954 -0.8571699361815608 -0.00111457833137918 0.9998518393121778 0.01717722716061669 -2.0453881118134802 -0.0015251205352629876 -0.017178917807649144 0.9998512683375796 191.35945650960198
0.9999982449723922 -0.00018498511098642006 0.001864359274415649 -0.8664152253944722 0.00015264108841207477 0.999849745933848 0.0173338468959259 -2.0493518984193875 -0.0018672857942459145 -0.017333532236693244 0.9998480194057535 192.82160465309957
0.9999923129030118 -0.003209465456653425 0.0022524373341949733 -0.8637356923637988 0.0031679233653387102 0.9998291537341727 0.01821064500084821 -2.048232826230159 -0.002310499130112762 -0.018203369819438157 0.9998316352900729 194.18905954868845
0.9999616252528629 -0.008395104716451255 0.0025040468956500908 -0.8651183279758755 0.008344064982716105 0.9997703097293983 0.019740930676814105 -2.0437155845362955 -0.0026691991297538775 -0.01971927957363619 0.9998019930945626 195.63371137865923
0.9999254939458067 -0.011887907300219058 0.0027720445602373296 -0.857965180976347 0.011828532326728931 0.9997191976619804 0.02053318358636716 -2.0530194432090276 -0.0030153629841466034 -0.020498864913660184 0.9997853290233998 197.04662974671638
0.9999449998935439 -0.010054020650277082 0.002985610540282203 -0.8651537573047148 0.010001748452488956 0.9998048612856633 0.01703538552237363 -2.0575813717282148 -0.003156302302199463 -0.017004587573646444 0.9998504296949345 198.46420039666205
0.9999878910907716 -0.003657586593294156 0.0032923762476742835 -0.8846260695050607 0.003617869443900518 0.9999215768601187 0.01198962638426969 -2.0669458625011 -0.0033359714178881157 -0.01197757004610629 0.9999227015678275 199.9047608002662
0.999966136138578 0.006691207534802266 0.004791065581901364 -0.8961010633738791 -0.00674374864170562 0.9999163660381052 0.011035524152670225 -2.0637952475787698 -0.0047168242938325135 -0.011067460408640583 0.99992762882479 201.34965563133113
0.9998998252143637 0.012747080193508712 0.006152353839181224 -0.9186097855815581 -0.012836606397576047 0.9998089859196391 0.014738155771328323 -2.0618557590514186 -0.005963310692228334 -0.014815655021307276 0.9998724595126803 202.78272039141078
0.9998700929115691 0.0144699869630092 0.007100475180049935 -0.9146811977471874 -0.014588531614099037 0.999750116534715 0.016937510542449574 -2.0633564314982182 -0.0068536158983068165 -0.017038896087745885 0.9998313377617947 204.21042909304688
0.9998776777241152 0.014149546162840577 0.006664825793288209 -0.9142428884081031 -0.014264838514672196 0.9997436811483665 0.017580853608649145 -2.0743587176462968 -0.006414356901764536 -0.017673776096255513 0.9998232312094234 205.69315309780112
0.9999306794531111 0.010511259668249723 0.005305628153011518 -0.9069682753541155 -0.01060511473985815 0.9997820511019887 0.017982820999608157 -2.080071165945929 -0.0051154501145238345 -0.01803784157535821 0.9998242187727334 207.11634398618588
0.9999557391934907 0.008454965221213681 0.0041271301882416225 -0.9037690279048856 -0.00852644643072906 0.9998083850181358 0.01762081066654077 -2.080200850826122 -0.00397735634932922 -0.017655220860928175 0.9998362234968705 208.55016325448628
0.9999515790976591 0.009112401180958301 0.003715318172452906 -0.9121418098838453 -0.009174668209293534 0.9998116601407208 0.017101746167393454 -2.0806002383984046 -0.003558780745480674 -0.017135005238744005 0.9998468516121345 210.04650968625774
0.9999440615653011 0.009976713807780835 0.003512677544552826 -0.9193428717766745 -0.010035570828152828 0.9998024481134214 0.017156691960741304 -2.0861651622170387 -0.0033408164719854064 -0.017190984310293627 0.9998466427445889 211.5034381475427
0.9999313096068075 0.011219435964322304 0.0033912095861956004 -0.9234481659811826 -0.011278205020280135 0.9997772789103624 0.017838012325265655 -2.0791406858862804 -0.003190322111184629 -0.017875034140472704 0.9998351389123602 212.94938057198553
0.9999380662010775 0.01071880948544494 0.002995140096755742 -0.9374282667110931 -0.010770999822269322 0.9997801708014253 0.01798876457794951 -2.0923836049522997 -0.00280166376002583 -0.01801991147996685 0.9998337029104167 214.3836136764625
0.9999285490317729 0.011629325192607187 0.002766875977372244 -0.9377796878203235 -0.011675636533407424 0.9997812075484461 0.017355591714219486 -2.0981227795471904 -0.0025644369892584592 -0.017386657028137596 0.9998455519854943 215.86445734506262
0.9999402616899129 0.01065221332856338 0.002450179843095644 -0.9469966729778203 -0.010692238412565499 0.9997992081466379 0.01694754978347706 -2.0951599834798724 -0.0022691591299930963 -0.01697273561336762 0.9998533778347253 217.33732338506775
0.9999429297745608 0.010523669194614766 0.001841075440433153 -0.9448872303769267 -0.010553574154566852 0.9997986566686415 0.017066581737761575 -2.1006451989278134 -0.0016611018189350206 -0.017085038013727617 0.9998526602567608 218.80035620535625
0.9999191220063672 0.012606154018413359 0.0016835374668698372 -0.9561030141145769 -0.012632662317205891 0.999779206000281 0.016791519138336996 -2.1110745878836497 -0.0014714893870105207 -0.016811428974082485 0.9998575951507115 220.27898564624218
0.9999445148570547 0.010418120658912443 0.001558828860823132 -0.9645114236197507 -0.01044278206087895 0.9998051659839758 0.016750474339006994 -2.1040592563033944 -0.0013840167892665975 -0.016765823783909235 0.9998584858149595 221.78139524402837
0.9999224390925924 0.012401095637542655 0.0011526480874532647 -0.9705670937432533 -0.012418506835075368 0.9997854655799951 0.016577198955458304 -2.1126723240901346 -0.0009468254425142749 -0.01659022771673366 0.999861924403642 223.25929517080954
