1.0 -3.469446951953614e-18 0.0 -1.5585406229479126e-19 0.0 0.9999999999999999 -3.5744790374131474e-19 0.0 2.168404344971009e-19 -2.405573570202213e-19 1.0 0.0
0.9999995697529869 -0.0009035185326197234 -0.00021011709727722654 0.0012891276216170076 0.000903796358909437 0.9999987129066772 0.0013256453147696286 -0.018216159629967657 0.00020891910052226316 -0.0013258346730921405 0.9999990992574778 1.3106429997350186
0.9999984914113391 -0.0016463472776147778 -0.0005538206543660956 0.0004448320977667435 0.0016473747404579745 0.9999969137961306 0.0018597182201260834 -0.04203318006571238 0.0005507572513022896 -0.0018606278005930716 0.9999981173641419 2.6252990057821393
0.9999971576360589 -0.002235368080308579 -0.0008293680332690471 -0.013571871265374695 0.0022365586443498352 0.9999964661356623 0.0014371910351358096 -0.07183192339676062 0.0008261525225694061 -0.0014390419076839604 0.999998623315031 3.939273283302147
0.9999954699070125 -0.002988532716696161 -0.00035894481296442834 -0.02384069704005285 0.002989013991980389 0.9999946252867146 0.0013472893308916476 -0.08720496711228454 0.0003549164967898751 -0.0013483561431906375 0.9999990279849098 5.257973653282016
0.9999951717480137 -0.003042763069202037 -0.0006309333701237773 -0.02322904923875197 0.0030438188260837624 0.9999939582863357 0.001678854714387376 -0.10142413065277554 0.0006258212555442153 -0.0016807670866310171 0.9999983916842229 6.579686691283076
0.999991094340834 -0.004194418913285503 -0.00046700530336704063 -0.02929648656062 0.004195621473374815 0.9999878080184117 0.0026039525394679613 -0.13945646347182794 0.0004560775828164195 -0.0026058887755546437 0.9999965006629431 7.917224819682431
0.9999905428643086 -0.0043423745722605735 -0.00024077061912043608 -0.05047448087567584 0.004343034957132718 0.9999866139898084 0.0028124512788234917 -0.15610530551073054 0.00022855470114528978 -0.002813470408620084 0.9999960160660141 9.23149285486395
0.9999919545139959 -0.003939021279600323 -0.0007583025994745136 -0.05075112569532658 0.003940649557146429 0.9999899080972168 0.0021575400367537284 -0.18103437229785124 0.0007497964160342863 -0.002160510923276097 0.9999973849963144 10.563353727566396
0.9999987840740321 -0.0013818148071760138 -0.0007227996056441658 -0.06429374172182908 0.0013815935926550088 0.9999989986006312 -0.0003065857031063112 -0.20138947624755923 0.0007232225874607677 0.000305586721509222 0.9999996917834307 11.883600716889452
0.9999979875976328 0.001849648073961794 -0.00077691583501192 -0.06610006115141034 -0.0018506453836138817 0.9999974622367311 -0.0012847704618484718 -0.2315214662924478 0.0007745375544568774 0.0012862056953810079 0.9999988728831546 13.226654703771057
0.9999883261088948 0.004798217245089794 -0.0005698657728174727 -0.0891995778716896 -0.004799020160130446 0.999987482821546 -0.001415491149878208 -0.2484772176677311 0.0005630668517737881 0.001418209446740815 0.9999988358185331 14.564430484037208
0.9999872426096185 0.00504732921831229 -0.00019767549887956181 -0.10730111743705287 -0.0050474784932563205 0.9999869723068415 -0.0007603863615161054 -0.2780830700054987 0.00019383501875378873 0.0007613744347832021 0.9999996913685342 15.914723011764696
0.9999942312508264 0.0033943398444674427 -0.00012615713823720337 -0.09799139670813428 -0.0033940929055785414 0.9999924154990072 0.0019102575060732105 -0.3051396951575691 0.00013264025710137215 -0.0019098183375777828 0.9999981674988283 17.262574057272094
0.9999992717265758 -0.0011598032630432235 0.0003337738918410447 -0.12483594888876183 0.0011584549699905477 0.9999912808618688 0.004012004445502023 -0.3316103503672461 -0.00033842414273011477 -0.004011614939546037 0.9999918961746763 18.614742525808694
0.9999953930988608 -0.0030263750114100305 -0.00023417795308766556 -0.10938427689251229 0.0030268539355358774 0.9999932731398697 0.002071672168864902 -0.3695471434852275 0.0002279067420742902 -0.002072371486049334 0.999997826665468 19.958988711078078
0.9999929599944971 -0.003751874002859888 5.8379735464159956e-05 -0.1276882335510488 0.00375189337547672 0.999992906808896 -0.0003310934004643339 -0.3712702629233791 -5.713710548320926e-05 0.0003313101135562136 0.9999999434844136 21.308887558893456
0.9999984102018916 -0.0017585729458459778 0.0002949881178173578 -0.13498929448788474 0.0017590008534945339 0.9999973925856993 -0.001456274455133804 -0.4278609602253396 -0.00029242640958126054 0.0014567910545994786 0.9999988961224026 22.66268391893861
0.9999994492643721 0.0005446238511198354 0.0008971377893223686 -0.1354903051805114 -0.0005443746595385022 0.9999998131800982 -0.00027802327234486185 -0.4247288712655175 -0.0008972891159151181 0.0002775347459322392 0.9999995589225856 24.032202621916788
0.9999981912786187 0.000598356902704494 0.001805383615742406 -0.1482166294623698 -0.0006053874143968465 0.9999922267606901 0.003896142252888573 -0.44778270706535783 -0.001803038447698983 -0.003897228238175566 0.9999907802888705 25.424655142145483
0.9999974372646359 -0.0010530628068278758 0.002004127555155751 -0.14013059140568784 0.0010434672523603958 0.9999880171165946 0.0047829694330183276 -0.4696342113763727 -0.002009140472980941 -0.004780866025847819 0.9999865532460664 26.793152202195436
0.9999876386100148 -0.0045902713648010695 0.0019110323617255946 -0.1488051522267825 0.004582743954396519 0.9999817962533188 0.003924998462453329 -0.5054670161413221 -0.0019290145413443705 -0.003916192244117424 0.9999904711242934 28.16307078429753
0.9999836318823119 -0.005409161111796899 0.0018646589494249707 -0.16461626959032855 0.005406502094066262 0.9999843647234696 0.0014282984909230359 -0.514962405139683 -0.0018723558483192463 -0.001418193852138436 0.999997241499911 29.52083155359551
0.9999832821774887 -0.00519977305319317 0.002529374582146207 -0.16285735614137192 0.005200977074634083 0.9999863645895837 -0.00046953777357919486 -0.5636337061019213 -0.0025268988167976244 0.0004826851586950528 0.9999966908915345 30.910363063871856
0.9999920834520043 -0.002713296135833961 0.0029105094192808916 -0.16930754944947218 0.0027185361815834364 0.999994688569362 -0.0017978849574864192 -0.5661867299078416 -0.002905616012836291 0.0018057830896401276 0.9999941482524348 32.29457129270682
0.9999935610280454 -0.0010087543606828175 0.003443881957316493 -0.17650508226534764 0.0010215935548702239 0.9999925277469742 -0.003728377053662059 -0.6110158480959237 -0.003440095500836379 0.003731871371483917 0.9999871193543124 33.67701828378222
0.9999929406467001 -0.0005250370330272553 0.0037206179920777765 -0.19261856707154235 0.000538441044950733 0.9999933658839171 -0.003602536434985395 -0.6275390319386865 -0.00371870216118676 0.0036045144113195683 0.9999865892727564 35.07164921244329
0.9999946842676276 -0.0007606013790296112 0.003170635147066493 -0.18785217996687092 0.0007669863609992625 0.9999976796937704 -0.002013041970888574 -0.6710329394857776 -0.0031690969371266347 0.002015463146895215 0.9999929473394904 36.46403051439419
0.9999950694402472 0.0005415099108490645 0.0030931966052737915 -0.20405853178013614 -0.000538483284978521 0.9999993755637413 -0.0009792389333007215 -0.6907153772756005 -0.003093725203633869 0.000977568491806308 0.9999947365962338 37.86347920207577
0.9999933301582274 0.002625722037737121 0.0025387440714490827 -0.19848373289298266 -0.0026244537518499943 0.9999964296923544 -0.0005028417550766351 -0.7159725957054817 -0.002540055545263068 0.0004961755946344962 0.9999966509564928 39.26213058689218
0.9999865956177745 0.004148784704577821 0.003097767956419366 -0.21420080736143293 -0.004146805613811158 0.9999911938813235 -0.0006451131317398821 -0.737521779340149 -0.0031004173753990914 0.0006322586546528535 0.9999949938160104 40.65666746019421
0.9999666505493073 0.00750733487342574 0.0032152294590415765 -0.23158910310503888 -0.00750653370575867 0.9999717914403948 -0.00026132569027511986 -0.7744511819863948 -0.0032171008940669625 0.00023718174844427616 0.9999947969877516 42.07928997780123
0.9999585856607008 0.008610296080024485 0.0029478381611116617 -0.23637163861176 -0.008609788757835865 0.9999629179899613 -0.00018493617648172503 -0.8013541448811892 -0.002949321454507108 0.00015954825256300176 0.9999956380122424 43.470061498875594
0.9999668049482393 0.007779012847902489 0.0024240353449744402 -0.24236321366790317 -0.007778238202288266 0.9999696949205844 -0.00032904031183122995 -0.829448172336091 -0.00242652169901921 0.0003101746671275301 0.9999970078859555 44.89853135904583
0.9999719587196993 0.0073363183420674305 0.0015033942111941586 -0.23290182589225072 -0.007335055150139924 0.9999727416639348 -0.0008443403289903849 -0.8651382368392712 -0.0015095477093341088 0.0008332891851887348 0.9999985134452108 46.29262575607032
0.9999761788687802 0.006847077044218651 0.0008713311837343144 -0.25752064262932306 -0.006846747307009803 0.9999764880389376 -0.00038135922593893375 -0.8944757849306606 -0.0008739219676344172 0.00037538435996110116 0.9999995476727256 47.72497133910072
0.9999748409389444 0.007087163348111321 -0.000299315144257339 -0.256267539515763 -0.007087080536816625 0.9999748475955678 0.0002783530707482516 -0.9204420201741699 0.0003012803746685266 -0.00027622480823026976 0.9999999164652461 49.126315191592816
0.999968390036111 0.007867271652987767 -0.0011510632645529266 -0.27602859057792684 -0.007866878256632974 0.9999689956657144 0.00034633879012882296 -0.9500812854150684 0.0011537524152166914 -0.0003372725814159552 0.999999277551988 50.54823353411034
0.9999675313072216 0.007739282568817482 -0.002244953523638136 -0.2863895540394423 -0.007737925959460124 0.9999698741824342 0.0006125730878076607 -0.9695653062918712 0.0022496269588944398 -0.0005951819337005078 0.9999972924668212 51.99528666340984
0.9999608826706118 0.008216099872470656 -0.0032754858926017758 -0.3035501425377486 -0.00821089095373304 0.9999650088738463 0.0016007233110732241 -1.0054687603968437 0.0032885232609111935 -0.0015737660775541832 0.9999933544185756 53.399601908559035
0.9999690564461677 0.0067105559726608685 -0.004105431421041329 -0.31479617250743264 -0.006701268289551696 0.9999749652368949 0.002271985071707071 -1.0301035035373933 0.004120575275141698 -0.0022444032237460268 0.9999889917002752 54.85577922797223
0.9999790163573177 0.004254322366814807 -0.004885444571322974 -0.31025646282184455 -0.0042402704502407735 0.999986853831002 0.0028831023527643813 -1.0482189936325739 0.004897646409205179 -0.0028623263121805064 0.9999839099494702 56.2636147876154
0.9999830999165542 0.0025738482482322777 -0.005212981064512825 -0.3358621476293685 -0.0025615306618609578 0.9999939150798349 0.0023681993426187685 -1.0784477965985033 0.0052190451724634795 -0.002354806161645019 0.9999836080987375 57.691374804500335
0.9999860948445621 0.0012019570103308126 -0.005134725379992337 -0.354414444635648 -0.001189664705116604 0.9999964210866542 0.0023963541805492833 -1.1009565295253911 0.005137587753992114 -0.0023902123095271527 0.9999839459150021 59.13644588289351
0.9999877487348119 0.0009815798818160592 -0.004851687349897748 -0.36147216665047943 -0.0009671824942282577 0.9999951248780289 0.002968969392483202 -1.1366333153476178 0.004854578390550186 -0.0029642406149047603 0.9999838230472775 60.53689707878371
0.9999899039138141 -0.0011250844131322785 -0.004350430897231665 -0.37712260435891853 0.0011416086490437707 0.9999921372031214 0.003797664948572042 -1.158127827210635 0.0043461243674860605 -0.0038025931741811113 0.9999833256095877 61.99662862923056
0.9999860368488359 -0.003468474506423253 -0.0039869523915384494 -0.3880223923682662 0.0034818784824842772 0.9999882937504229 0.0033598926785647484 -1.1811310203925738 0.003975252356100332 -0.00337372791469229 0.9999864075760166 63.39257625471434
0.9999844558768025 -0.004263064294954886 -0.0035936453298389816 -0.39794868708453746 0.0042710952914699115 0.9999883923630989 0.0022299950498414515 -1.2119648610826246 0.0035840973088395686 -0.0022453092320782334 0.999991056379967 64.81275133188107
0.9999878591673333 -0.00408236127459544 -0.002759682056041386 -0.41071245522655225 0.0040884777429012024 0.9999891906092468 0.00221427379886772 -1.243256781430461 0.00275061299449238 -0.0022255298573811188 0.9999937405555435 66.26620517665272
0.9999953686172953 -0.0021681714088941876 -0.0021358315169554528 -0.42644231765941976 0.0021725553773874282 0.9999955339451685 0.002052337512599241 -1.274340444283722 0.002131372340637418 -0.002056968260302628 0.9999956130591461 67.63508541047668
0.9999987544535528 0.00043937059453809466 -0.001515929279464327 -0.4441765258515388 -0.0004344422186304958 0.9999946247715982 0.0032498750651171198 -1.3005402462225901 0.001517349161376659 -0.00324921249917912 0.9999935701157436 69.10649685551809
0.999992375365766 0.0038449938161812594 -0.0006820737404032123 -0.45672286050553046 -0.003841996596125363 0.999983189356083 0.004342818625819435 -1.3273248221852174 0.0006987604473871305 -0.004340165077482796 0.9999903373048217 70.46236081212278
0.9999695658679529 0.0077956771836040755 0.00030779692179361143 -0.48000792180178276 -0.00779714156017695 0.9999566880284257 0.005081994301896376 -1.3566347284649285 -0.00026816602251371726 -0.00508423967794245 0.9999870392133445 71.91839095082904
0.9999352469953341 0.011356042096015984 0.0007362734116524842 -0.48669725394831265 -0.011359295311614946 0.9999250149899384 0.004575022746582379 -1.370098253802109 -0.0006842641061050722 -0.004583090145698962 0.9999892634760481 73.28008556793014
0.9998814967708728 0.015323992309040156 0.0014722896679523027 -0.5018669129236607 -0.015329849695439799 0.9998742789958478 0.0040524005301030295 -1.396556411223267 -0.0014100057324533712 -0.004074490377771696 0.9999907051622395 74.67941251870897
0.9998432529120226 0.01756212345144611 0.002245301900354712 -0.5155212714941513 -0.017571154560492342 0.9998373425200243 0.004067318222181947 -1.4271309522309386 -0.0021735061218839235 -0.004106133321238485 0.9999892077108782 76.11782095482108
0.999846837045333 0.01730560884438223 0.002611189157737958 -0.5210544643386215 -0.017316875060189484 0.9998405669695618 0.00435505759631668 -1.4472226372451529 -0.0025354061364250826 -0.004399608297141229 0.9999871074969785 77.48731791132917
0.9998639064013867 0.016289320786583905 0.002612788507945471 -0.5247512373734287 -0.016300531080810053 0.9998577712795071 0.004327810201618418 -1.4822906231905626 -0.002541920017964712 -0.004369811151174163 0.9999872216137202 78.90328117834295
0.9998803344153162 0.015277494107469713 0.002432074535286717 -0.5310848434017992 -0.015285254328424494 0.9998780389482254 0.0032044139041537334 -1.502919362529525 -0.002382822702056875 -0.003241205397556076 0.999991908337765 80.27345047171552
0.9998860483877421 0.014942868464108604 0.00214496753255805 -0.5361110819921848 -0.01494978046307245 0.9998829868874682 0.003242936199102086 -1.5380205415300507 -0.0020962579495842695 -0.0032746335292896766 0.9999924412092632 81.64960132143167
0.9998955169238094 0.014356385451191944 0.0016880160150707503 -0.5416824680664815 -0.014362294638975055 0.9998905844402546 0.0035417052904035853 -1.5571419054252174 -0.001636985369882905 -0.0035655791054460227 0.9999923034318735 83.0732662289098
0.9998977663012737 0.014220723274981629 0.0014926289250932752 -0.5602723595404423 -0.01422478952667939 0.9998950429396555 0.002749273232339747 -1.5839227137520602 -0.0014533757307585795 -0.0027702245605809687 0.9999951067646988 84.42016164450536
0.9998943241406366 0.014520819651463866 0.000697360538787999 -0.5669085883756905 -0.014522872823186813 0.9998899346227267 0.003033948213500083 -1.6053277352640938 -0.0006532284223269796 -0.0030437553474161887 0.99999515441108 85.83582734571334
0.9999085906192708 0.013510420933537295 -0.000528107315558121 -0.5783329379068929 -0.013508326543552045 0.9999015837320537 0.0037878750054570406 -1.638693346191324 0.0005792311781523812 -0.003780394997411293 0.9999926865265651 87.17905591786351
0.9999230563800102 0.012284519970190078 -0.0017239072198825278 -0.5822090353001199 -0.012275771437749265 0.9999121625356128 0.004997266997389929 -1.6661480481879773 0.0017851449765964506 -0.0049757203074982945 0.9999860276368923 88.56569363936215
0.9999418107917232 0.010426862473593364 -0.002766864766045823 -0.5883612466419323 -0.01041192977820211 0.9999314403982644 0.005357820820043044 -1.6918122947747605 0.002822540573939096 -0.0053287007663514125 0.9999818189442996 89.95030700889372
0.9999568668035135 0.008494274373792802 -0.003756568903098717 -0.5991444341106711 -0.008472891185933282 0.9999480173478236 0.005672101380859477 -1.7166476923779637 0.00380455433763701 -0.005640027846211723 0.9999768574625407 91.32175378988053
0.9999619695911025 0.007697057257849499 -0.0041005678864936765 -0.6159965403087888 -0.007676808306041349 0.9999583737486983 0.004931267504377339 -1.7393740521839844 0.004138353796765332 -0.004899600798478468 0.9999794337629253 92.6971907031157
0.9999706855610632 0.0063084254318093655 -0.004339558276023434 -0.6288117952723439 -0.006287789235212539 0.9999689369203021 0.004752779468508646 -1.7671074725614495 0.004369406403526827 -0.004725354017152608 0.9999792894487909 94.01893632744219
0.9999705749359131 0.006231393893419174 -0.0044742565067510095 -0.6507222063904823 -0.0062124184504158105 0.9999717028667342 0.004242562249828213 -1.7884797605481073 0.004500567357966494 -0.004214641549990457 0.99998099066913 95.4207142668448
0.999976392562002 0.005348891948871326 -0.004313195436294687 -0.6565490494120922 -0.0053345237727285 0.9999802069729363 0.003335944890070948 -1.807860389736164 0.004330954042207654 -0.0033128573662824286 0.9999851338005276 96.761958945513
0.9999699018519015 0.0065326019006255245 -0.004185747415159174 -0.6740259134763211 -0.006521255878533878 0.999975040719468 0.0027186711264370793 -1.8360550413679158 0.004203403295067331 -0.002691293031000878 0.9999875440979324 98.09547954250242
0.9999640281402499 0.007558576237022774 -0.003848418850812497 -0.6953554552210961 -0.007547602965931755 0.9999674320099002 0.0028580805426757627 -1.8550466836521067 0.0038698968640671723 -0.0028289314593654344 0.9999885104603997 99.48278460603103
0.9999637783369673 0.0075846077103575655 -0.0038620870905599503 -0.703147042528953 -0.007567997379241929 0.9999621273285413 0.0042975969190946085 -1.8867859185541986 0.003894536741829653 -0.004268213081109719 0.9999833073351116 100.80337920389823
0.9999609290173931 0.00801747131354027 -0.0037229784215808822 -0.7258649965360968 -0.007996317498198862 0.9999519955756332 0.0056626377658478885 -1.9093815470154734 0.0037682000604904306 -0.005632646523751969 0.9999770367212604 102.13575818437153
0.9999603812089667 0.008168770495797277 -0.0035365487298648973 -0.7387378830519291 -0.008152489535788865 0.9999562152147564 0.004593972597731829 -1.9332873771883916 0.003573921295859701 -0.004564959012716244 0.9999831939804734 103.495209064429
0.9999618215190847 0.008078358749252822 -0.003331005965554942 -0.7495037106165412 -0.008071654184251284 0.9999653804069543 0.0020214854153063934 -1.956277377015902 0.00334722121584354 -0.001994521558046182 0.9999924089713471 104.8168399514536
0.9999694544719864 0.006904701672382884 -0.003662676173071396 -0.7720293936590872 -0.006902438938513459 0.9999759793204523 0.0006301849117640516 -1.979893430270495 0.003666939741844868 -0.0006048842839904948 0.9999930938135404 106.13082249690024
0.9999795020195835 0.005539010216993566 -0.003211680197693036 -0.7770720799803612 -0.005532637980074768 0.9999827153727952 0.0019896942621297087 -2.0135088891433313 0.0032226458954253455 -0.0019718844593030146 0.999992863090171 107.4989865075813
0.9999939513472993 0.002200204470396025 -0.0026937632546287947 -0.784597459399263 -0.002190063006513532 0.9999905253546036 0.003762024471807881 -2.0299862080587032 0.0027020151864847928 -0.003756102283290657 0.9999892953502681 108.8351082801357
0.9999973875562216 0.0012148264967722644 -0.0019362520395332376 -0.8023166662223283 -0.0012060353958178649 0.9999889894563625 0.00453502433257641 -2.0592959046383323 0.0019417401557607103 -0.004532677388432844 0.9999878421686852 110.1705752030286
0.999998895408067 0.0006672655080177531 -0.0013281325574052195 -0.8120095119616653 -0.0006626637494758572 0.999993786681232 0.0034622934718052715 -2.085116931300396 0.0013304346895066002 -0.0034614096119000657 0.9999931242713289 111.48926423152973
0.9999979121423089 0.001953619360741873 -0.0005992312090912903 -0.8252346272105843 -0.001953014203552976 0.9999975837992053 0.0010090265298296286 -2.1076432100993414 0.0006012010664881607 -0.00100785413791274 0.9999993113939744 112.80945416117558
0.9999882538420939 0.0048052743676229945 0.0006336463611539816 -0.8260425014408233 -0.004804654078920121 0.9999879800012562 -0.0009773237052462102 -2.1419595699579714 -0.0006383351083284988 0.0009742677899160826 0.9999993216645238 114.16658047277825
0.9999693752314889 0.007575909539489855 0.0019632066689205937 -0.8452211145607371 -0.007572932556570455 0.9999701702263732 -0.0015196598796429822 -2.1634100394820344 -0.001974661081278642 0.0015047461341754498 0.9999969182201702 115.47352063728061
0.9999568002827386 0.008646377241756195 0.003411409418503951 -0.8566976625863149 -0.008647332356690868 0.9999625759753928 0.0002651615490283402 -2.189006647144887 -0.003408989351453665 -0.00029464969482620435 0.9999941459673457 116.83931025433144
0.9999571150048647 0.008191201291419993 0.0043211526131884444 -0.8642760059031107 -0.008203474409412364 0.9999623461237238 0.0028300811803991734 -2.2144024693793796 -0.004297808501821897 -0.0028654083365146524 0.9999866590473373 118.12945438444532
0.9999547305491127 0.007927890854038286 0.005261690583305611 -0.863415092928799 -0.00794696437747887 0.9999618919216476 0.003613928319462331 -2.2438243145432915 -0.005232839680877476 -0.003655579260405327 0.9999796268545539 119.50583603481192
0.9999437507042584 0.008562971125312022 0.006258669234380528 -0.8629796840618136 -0.008579981366088955 0.9999595569393459 0.0026960014122754373 -2.267681375774923 -0.006235330857646209 -0.0027495490851778045 0.9999767800419941 120.82376469065137
0.999918054499061 0.01027523439550038 0.007635694344367545 -0.8616314857786384 -0.01029465651182426 0.9999438619954266 0.0025085709264505867 -2.2914015812602866 -0.007609490179071634 -0.0025869722635183698 0.999967701092097 122.12956414471239
0.9998913449284089 0.011859197362258886 0.008755441375585243 -0.8679544551423867 -0.011875655873437859 0.9999278071303754 0.0018301238025714417 -2.311185789130543 -0.008733106232968815 -0.001933901599226759 0.9999599956365801 123.50183799581973
0.9998700106333093 0.012690277042022906 0.009945787073293568 -0.8681834321981163 -0.012700006123725184 0.9999189325085218 0.0009155798359693214 -2.3373531272142465 -0.009933362670909766 -0.0010417723992299647 0.9999501202608013 124.82481081509466
0.9998456859520568 0.013643869961075666 0.011065670691589185 -0.861090103107911 -0.013644902468738264 0.9999069038447861 1.7731851779091606e-05 -2.3624371385834295 -0.01106439952485666 -0.00016871911761295581 0.9999387734208723 126.14873201541137
0.9998398939177656 0.013369234079461206 0.011893278922821928 -0.8567708040749019 -0.013367600811399323 0.9999106261269223 -0.00021688794113845024 -2.3910498178457518 -0.011895116606189433 5.7868611664334067e-05 0.9999292489200858 127.49558218517784
0.9998359944632763 0.012691299267467478 0.01291956164494536 -0.8568453919964769 -0.012700129054599076 0.9999191691711193 0.0006015622610375695 -2.4213880710793174 -0.01291088383063255 -0.0007655437160144707 0.999916358009983 128.82169233711014
0.9998385866914249 0.011565060003419853 0.013749542813406306 -0.8493387628413913 -0.01158832062172965 0.9999315518527196 0.0016132147539232816 -2.446272639346512 -0.013729945916828119 -0.0017722885027272196 0.999904169195106 130.1899507428124
0.9998488236479999 0.010174869828847358 0.014099711173553226 -0.8335917542216444 -0.010204504775378067 0.9999458692620617 0.002031416007537271 -2.4674932380995185 -0.014078279740946617 -0.0021749895146766286 0.9998985305798175 131.5142738349712
0.9998591895122919 0.009147952796518411 0.014068265420525635 -0.8204605463986623 -0.00917837653160146 0.9999556737945534 0.0020994928722693753 -2.501132395417517 -0.01404843695199208 -0.0022283211183175473 0.9998988328824655 132.85605107142555
0.9998769719940438 0.007280546877654174 0.01389368571858428 -0.810516651913555 -0.007322487437068216 0.9999687791730528 0.0029701635764913365 -2.51664866812784 -0.013871628701315959 -0.0030715345571381445 0.9998990667003304 134.1933792411103
0.999894993829271 0.005864139283075449 0.013251912288332734 -0.79549945011078 -0.0059008180389694045 0.9999788624785514 0.002730376144855514 -2.5496616182321303 -0.013235621986363123 -0.002808286610658378 0.9999084617263523 135.5373331934269
0.9999152204821903 0.004739028524736145 0.012128209004556903 -0.7891966622594129 -0.004768200939284649 0.9999858057195603 0.002377525601841779 -2.575599225271642 -0.012116770714009985 -0.0024351538156950087 0.9999236240271608 136.88091856782313
0.9999379854773284 0.0015080156276946347 0.011034087747115362 -0.7791807167099749 -0.0015456782697699824 0.9999930065004221 0.0034055588244137373 -2.5888222110502768 -0.011028875873650586 -0.0034224028395962733 0.9999333233020047 138.2072345752271
0.9999501052918859 0.0009593734974609174 0.009943165214662021 -0.7645860035214771 -0.0009963977445150082 0.9999925869850399 0.003719296627974731 -2.617244996920078 -0.00993952414822274 -0.003729018468288748 0.9999436485496659 139.558594588039
0.9999626177888529 -0.00018706081549331108 0.00864453817962541 -0.7656083267450927 0.00015485843755079498 0.9999930475980451 0.0037256909978493837 -2.639622153729637 -0.00864517573766857 -0.003724213109828044 0.999955694602006 140.9252467485533
0.9999720456872497 -0.0005251849656536089 0.00745868838103818 -0.7662042683259249 0.0005003502809090843 0.9999943266544948 0.00333111196983395 -2.6622080177573353 -0.007460396142973532 -0.0033272869531661593 0.9999666352658116 142.24342827355596
0.999978856789876 -0.0009666925636016652 0.0064305121542301445 -0.7606437363178646 0.0009500487242608876 0.9999961925176913 0.0025908214094343867 -2.680967351895723 -0.006432992739433271 -0.0025846573762507356 0.9999759677836076 143.59263330034685
0.9999814780440089 -0.0025194907835225655 0.005540374056976728 -0.7555394871034375 0.0025171745812217934 0.9999967415871903 0.0004250216278931909 -2.7087070236678508 -0.005541427310013386 -0.0004110676685774922 0.9999845616812817 144.94122054319976
0.9999759389771076 -0.005315117571532042 0.004457690435864746 -0.7683835135453692 0.005317633084879082 0.9999857086173715 -0.0005525691179272232 -2.7566507627042576 -0.00445469013603303 0.0005762602037448401 0.9999899117764931 146.25268667781165
0.9998816452790147 -0.015034930347330049 0.0032628695197914627 -0.759342417776729 0.015027451948667893 0.9998844250932787 0.0023048066360516106 -2.7641803695444436 -0.003297145296888487 -0.0022555012666501976 0.9999920207397608 147.6464234798536
0.9997270459696943 -0.023304245202868418 0.001657020600164629 -0.7523327487448492 0.02329751814434528 0.9997206926379747 0.003970183411532451 -2.786772722195921 -0.0017490800526720795 -0.003930495324692814 0.9999907459191192 148.94745317158595
0.9997268085580504 -0.023356603331202923 0.0008816660951556504 -0.7232747074032592 0.023355613985295152 0.9997265954239861 0.0011178973769423212 -2.829003863665107 -0.0009075354032244156 -0.0010970001269828408 0.9999989864840181 150.26596513590886
0.999703377593749 -0.02433751963122597 0.0009175883624415113 -0.7480819221216632 0.02433979829040797 0.9997004706688482 -0.00255796062784158 -2.8469091027662543 -0.0008550591733072627 0.0025795358652110803 0.9999963074267169 151.64669104357944
0.9997933625150716 -0.02023096228714255 0.001985055377480908 -0.7516668191776035 0.020240536300847115 0.9997829990793513 -0.004927010838018076 -2.8841056179947517 -0.0018849466100040136 0.004966171433207956 0.9999858919578906 152.9837779735437
0.9997938558362458 -0.020108810347930394 0.002807416720243366 -0.7570928431644264 0.020122476128694812 0.9997853824356634 -0.004926968231533721 -2.9163580334042023 -0.0027077389609221 0.004982444857511815 0.9999839215653785 154.34587382578903
0.9996915636296112 -0.024627192687416633 0.003206086857485065 -0.7622374689120994 0.024632351990174828 0.9996953301186405 -0.001579295335976418 -2.9386304640009713 -0.003166216715857895 0.0016577817379253342 0.9999936133932333 155.66486073996435
0.9994899715541219 -0.03173717947105996 0.0035423428259230344 -0.7626290124358147 0.03173401777167643 0.9994959017374658 0.0009458010421120299 -2.964622889398801 -0.003570574493012297 -0.0008329058757311386 0.9999932786080731 156.99900230397859
0.9994426984266344 -0.033193810712083556 0.003530365286936772 -0.7440296707271197 0.0331866694875611 0.9994470413853768 0.0020631169300781823 -2.9986227165241237 -0.003596896153614717 -0.001944806095846705 0.9999916399966657 158.35177316147642
0.9993563888918731 -0.03570705181747601 0.003437209803811174 -0.7447350157695349 0.03569878813893645 0.9993596239554459 0.0024369155186323623 -3.0257310076746484 -0.0035220240585515576 -0.0023126428835798488 0.9999911234733457 159.68604472159734
0.9993937728919394 -0.03452429424293088 0.004489966141270852 -0.7481448264774577 0.03451325754043245 0.9994010799089578 0.0025132750495433062 -3.04202538115671 -0.0045740464395052725 -0.002356788092633372 0.9999867617344894 161.04880339421996
0.999468107550807 -0.03210015374307808 0.0057517049608214 -0.7532488445747842 0.03208805237891526 0.9994826588007542 0.002184414187930171 -3.057520541797511 -0.0058188498857034065 -0.001998691314582556 0.999981072927542 162.39766952551113
0.9995727396859609 -0.028449961478205152 0.006703563896445683 -0.7580654942986114 0.028449034311380777 0.9995952169427109 0.000233919097019124 -3.088123912623971 -0.006707505961227736 -4.310920700938343e-05 0.9999775034964103 163.74481953319668
0.9996495273478432 -0.02540245461973714 0.007452367327231373 -0.7579124802933241 0.0254079747554205 0.9996769560900496 -0.0006467471747976738 -3.111437134401949 -0.007433531546503581 0.0008358701104706721 0.9999720215701559 165.10072358269994
0.9996479056741998 -0.02540794326810598 0.00764860159546917 -0.7537915614413804 0.025404673890614612 0.9996771115771894 0.0005245318207651958 -3.136469950278717 -0.007659459870361903 -0.000330036887674488 0.999970611439866 166.43527838905527
0.9996775272758427 -0.024233544201905356 0.007587938008363976 -0.752659349617594 0.024231602680619656 0.999706311064138 0.00034792046092229907 -3.1567312838281865 -0.007594141500564436 -0.00016394034559549155 0.9999711506497069 167.76782165940006
0.9997611625697385 -0.020667893789042702 0.0071032384240806296 -0.751430297264168 0.020682001407281034 0.9997842643862047 -0.0019182016876980426 -3.194866885104834 -0.007062061410753885 0.00206465279867043 0.9999729318789994 169.15970122114433
0.9998545635738232 -0.015766550350996267 0.006501354210718908 -0.7560312942070792 0.015799750271383296 0.9998622350963495 -0.005087112148698676 -3.2293371541544356 -0.006420252888081941 0.0051890921898069325 0.9999659262538078 170.54632933956768
0.9999157241511293 -0.011333903273840788 0.006331449149979825 -0.7631777719841973 0.011374007713667677 0.9999152503000345 -0.0063343630915805174 -3.2579609947266093 -0.006259120036339232 0.0064058433492489245 0.9999598934862792 171.894379753855
0.9999633026605077 -0.0053288333642031605 0.006707971420033535 -0.7640280259146452 0.005363807181978186 0.9999720602068628 -0.0052065700243252196 -3.3002243006071446 -0.006680039625061142 0.005242359335177876 0.9999639467164013 173.29323944663446
0.9999701676578281 -0.002059712767862978 0.007444554216578831 -0.7711780720722159 0.0020823041214092335 0.9999932472226348 -0.0030281208342713803 -3.337956529171652 -0.007438267516947845 0.0030435323918801744 0.9999677040184951 174.68034339142818
0.9999689106253989 -0.0027205067970046265 0.007401123973713602 -0.7736400785788571 0.0027275001664002155 0.9999958432919578 -0.0009349533659172624 -3.357539740962706 -0.007398550288242556 0.0009551108926015876 0.9999721742178693 176.02969986389903
0.9999685450708239 -0.004419785936926641 0.00658592237741809 -0.7720824950834042 0.004420564014004036 0.9999902238951909 -0.00010354674764495844 -3.391358009773379 -0.006585400894612713 0.00013265699340812284 0.9999783072100837 177.44253495876058
0.9999655716198603 -0.006555075438226922 0.005087885067105649 -0.7725853099756004 0.006555005889842784 0.9999785152512024 3.0428555180930146e-05 -3.4141755313434237 -0.0050879756461657075 2.9236182226881767e-06 0.9999870561610651 178.8473427813514
0.999966999778944 -0.007583223416913091 0.0029144618833493083 -0.7697574179420494 0.007594144463994762 0.9999641160649619 -0.0037544032604968263 -3.446277384240027 -0.0028858870686910066 0.0037764122915204326 0.9999887051172652 180.18320278478694
0.9999875781811147 -0.004815792037420517 0.001285160956871846 -0.7858998342392784 0.00482603338202592 0.9999556438405071 -0.008088247443709935 -3.4887616691413816 -0.0012461527460182586 0.00809434936688111 0.9999664637427086 181.5976171382369
0.9999993776039136 -0.0007175905025933061 0.000854317293173028 -0.812166750161019 0.0007254719264101067 0.9999568521782953 -0.009261072862367527 -3.52052669225088 -0.0008476348524652135 0.009261687065307932 0.9999567503982743 182.99922340346666
0.9999982983583617 0.0017716917052800051 0.0005141853367353732 -0.8290346110899394 -0.0017675126772666834 0.999966297769707 -0.008017432668734616 -3.546990399312353 -0.000528372477817525 0.008016510353911996 0.9999677276710862 184.3296853788672
0.9999888929100595 0.004633935720999374 0.000860632656042087 -0.8257579793706079 -0.00462966478468434 0.9999772763556676 -0.004900304626131956 -3.5843101268824613 -0.0008833208749282344 0.004896265850981347 0.9999876230851459 185.77564296712018
0.9999863171191476 0.005072404667733545 0.0012791705387901924 -0.8382015300159955 -0.005069264569594089 0.9999841585804915 -0.002446457630232258 -3.6206829547175725 -0.0012915598094835677 0.0024399397470102192 0.999996189275362 187.13090844170796
0.9999910097429409 0.003984674557184489 0.0014501022360061794 -0.8469648751329515 -0.003981808612355971 0.9999901240164367 -0.00197410168818154 -3.6472388112063694 -0.0014579541926654188 0.001968309947857644 0.9999970000571421 188.5899869115666
0.9999961624507681 0.0024657062906463887 0.0012630810017965491 -0.8456501906616709 -0.0024639883976437663 0.9999960396244028 -0.0013599636914573255 -3.678385702717203 -0.0012664293788428316 0.0013568462814815482 0.9999982775599412 190.00059620728197
0.9999989624187428 -0.00037109192329860645 0.0013919248490650812 -0.8510364725112685 0.00037219631862580975 0.9999996161210924 -0.00079323834085014 -3.707914614584453 -0.0013916300686178246 0.0007937556041667612 0.999998716657043 191.36207443463184
0.9999959618962835 -0.002225828689470976 0.0017668852581545708 -0.8601141736963878 0.0022269083105264584 0.999997334861698 -0.0006092172412970236 -3.7404646738713483 -0.0017655246854949818 0.000613149487905443 0.9999982534823633 192.8148770770992
0.9999834551899781 -0.005363544609867335 0.0020788807602679965 -0.8590911695946144 0.0053632264623925344 0.9999856051931972 0.0001587495589814008 -3.7689616799429166 -0.002079702470780667 -0.00014759742130563842 0.9999978265225555 194.17833855035664
0.9999423259044586 -0.010489171979966558 0.0023069783229731633 -0.8561818710159113 0.010485401518807311 0.9999436805852526 0.001640732281352198 -3.7913850609720527 -0.00232405851271327 -0.0016164480815315568 0.999995992914367 195.64106683392976
0.9998914407512043 -0.014515660942521182 0.002530279270909503 -0.8521366168946487 0.014510444860416494 0.9998925791105416 0.00206814393461705 -3.8204604822814323 -0.0025600281558258034 -0.0020312039674676824 0.9999946602173758 197.0393358980024
0.9999200965248203 -0.01231020993705024 0.0028739017067838132 -0.8631809712984766 0.012317070730597898 0.9999213057079036 -0.002381627588287518 -3.8519553861198843 -0.002844357452969714 0.002416835397931364 0.9999930342424728 198.46366100855636
0.9999856644109385 -0.004350070946224733 0.00312215713705889 -0.880970131545546 0.004373209013524112 0.9999627401692148 -0.00744266821677883 -3.8837904341832044 -0.003089664938127644 0.0074562155202826975 0.9999674288780045 199.90262209068106
0.999980681554095 0.004313517136377595 0.004475498346959909 -0.8980631044666579 -0.004276618388161719 0.9999570558002429 -0.008221745462414966 -3.9132743251074715 -0.004510771178386657 0.008202446794578521 0.999956185442667 201.3254318610675
0.9999170211087817 0.011412268870671677 0.005975867742406026 -0.9143768468559692 -0.011388600939100345 0.9999272275605242 -0.0039798717323448665 -3.9469091430716716 -0.006020852742931484 0.003911484787271024 0.9999742244741425 202.78859686268464
0.9998987331364847 0.012408319868747904 0.006968288632956819 -0.9084022701069794 -0.012393262344739048 0.9999207803580299 -0.002200019774228573 -3.974291917650344 -0.006995035750338804 0.002113437193848023 0.9999733010692486 204.22450257929788
0.9999098828301031 0.011748429750760308 0.0064961985335994284 -0.9044404527478682 -0.011738314968230011 0.9999298345641577 -0.0015930908409770358 -4.012660040227792 -0.006514459593329073 0.0015166928778521365 0.9999776304759969 205.68089656648644
0.9999532691289206 0.00821118990674492 0.005102539228128738 -0.9026849498084675 -0.008203563329454497 0.999965204225112 -0.0015139040983851108 -4.041261189024682 -0.005114793069342862 0.0014719743755151264 0.9999858359884557 207.12462451529635
0.9999702489083637 0.006668851867821442 0.003876558246306227 -0.8991257032881742 -0.006661404981427754 0.9999759484413739 -0.001930864151540325 -4.077207745870216 -0.0038893419867069177 0.0019049834174159842 0.9999906219821459 208.55652445271997
0.999970498466989 0.006861521202425106 0.0034527833017379424 -0.9083990159790616 -0.006852296195501159 0.9999729403980105 -0.002676662669958151 -4.103311888765446 -0.0034710561443961493 0.0026529242602819 0.999990456833269 210.038458612892
0.99995887320001 0.0084222167333727 0.0033642472784036516 -0.91574265462684 -0.008413244300068814 0.9999610368747829 -0.002672465376649889 -4.1405033837445915 -0.003386624568322635 0.0026440512808807663 0.9999907698386199 211.5168791216871
0.9999509854953784 0.009378932223330467 0.0031721002838240647 -0.921413407400385 -0.009372946258079216 0.9999542738108099 -0.0018968887942712894 -4.168230968458915 -0.0031897462988822725 0.0018670639259327237 0.9999931697699976 212.94662572234927
0.999952998343178 0.009283569691246319 0.0027957863294119597 -0.9356199870910562 -0.009277486428626105 0.9999545841818068 -0.002181247410037531 -4.203546348427343 -0.002815909359149435 0.0021552070557263664 0.9999937128468341 214.38946960546303
0.9999567565080264 0.008944932999177787 0.002544262406094666 -0.9363828506997867 -0.008937559740532819 0.9999558686058884 -0.002894976081802096 -4.235166139967083 -0.0025700457114365485 0.002872111447525846 0.9999925728910608 215.86545780174316
0.9999628405444425 0.00832151511382993 0.0022516441741097975 -0.9430410290164336 -0.008313528685275805 0.9999591986993281 -0.0035335811411169476 -4.268435450911889 -0.0022809572491296806 0.0035147307914919967 0.9999912219105825 217.33241569930638
0.999956448488407 0.009182212518854002 0.0016697549588043955 -0.9445993630882198 -0.009176200222784753 0.9999515116363205 -0.0035737580191857704 -4.303586995606526 -0.0017024891481037605 0.00355828043528198 0.9999922200539668 218.80961958332492
0.9999480174637267 0.010082224782093908 0.0015202279240976576 -0.9539026005858863 -0.010076020322218902 0.9999410923084662 -0.004035560764067324 -4.341138363636277 -0.0015608259375466673 0.0040200332107069294 0.999990701533259 220.28498060176278
0.9999542156739287 0.00946135009865289 0.0014315694420773428 -0.963197116791088 -0.009455326385320558 0.9999466524232334 -0.00415802019932148 -4.37398710019973 -0.0014708336844203407 0.004144293946483439 0.9999903306900911 221.780416911983
