1.0 -3.469446951953614e-18 0.0 -1.7787691892340307e-19 0.0 0.9999999999999999 -3.5405977195229754e-19 0.0 2.168404344971009e-19 -2.354751593366955e-19 1.0 0.0
0.9999999161596304 -0.00018309204373211964 -0.0003662755239227835 -0.00897163952390602 0.00018342741406547278 0.9999995638644015 0.0009157646828658496 -0.025499249643076947 0.00036610772664600537 -0.0009158318092684237 0.9999995136088529 1.319733279275058
0.9999995448568281 -0.0008706919397552838 -0.00039010567857666466 -0.021789452187351316 0.0008711980341523599 0.9999987769447377 0.00129889238897603 -0.04191734856034392 0.0003889743003093584 -0.0012992316823516121 0.9999990803480008 2.6195480493752505
0.9999984891410335 -0.0014924235570071744 -0.00089128470699293 -0.020133432903622305 0.00149349607183028 0.9999981601945525 0.0012037751114953043 -0.0743457523967429 0.0008894866011193173 -0.00120510444630306 0.9999988782686118 3.9442309514221074
0.9999974397039275 -0.0022405135392758613 -0.00031731293174396447 -0.030957842411939926 0.002240902069515247 0.9999967340032728 0.0012289577653271217 -0.09099515900407193 0.0003145584266246058 -0.0012296657088138277 0.9999991944876393 5.259043497330557
0.999996495385783 -0.002552266908574923 -0.0007036706552366225 -0.028246356807513962 0.002553398073587551 0.9999954422488757 0.0016110976871323128 -0.11291712911149104 0.0006995555573720627 -0.0016128888225568183 0.9999984546053317 6.583988309033472
0.999993261172405 -0.0036415284673324538 -0.00046570863816309876 -0.03595212138973138 0.003642799176033629 0.99998956463714 0.002756923178265948 -0.14586311577473324 0.0004556644050888916 -0.0027586011348335413 0.9999960912378452 7.915756396300794
0.9999925608957728 -0.00384790409579654 -0.00026794042274658225 -0.05689989491731942 0.0038487148110479766 0.9999878103252702 0.0030929903462544625 -0.16556815732235947 0.000256035650835139 -0.0030939986216947826 0.9999951807980276 9.234079448524128
0.9999935352075123 -0.003496134324308094 -0.0008405899823770809 -0.05346421908608337 0.003498253440643851 0.9999906740376775 0.0025325985036343947 -0.19071098234643433 0.0008317279110977986 -0.0025355227756833484 0.9999964396710324 10.564840311290435
0.9999996686798998 -0.0003698591037474396 -0.0007251508618410195 -0.07342972156743353 0.00036984972235888994 0.9999999315194319 -1.310431275602425e-05 -0.2082497849898573 0.0007251557202277111 1.2836111515463707e-05 0.9999997369927498 11.888747082387745
0.9999974055061095 0.002136699524214784 -0.0007896145627788816 -0.07309850469519055 -0.0021371553217079797 0.9999975500071355 -0.0005766720941683493 -0.23159643196082658 0.000788380519250711 0.0005783581360827209 0.9999995219794909 13.226865533478868
0.9999870955409198 0.005041546882178096 -0.0006257362282095084 -0.09852519677764908 -0.005041932502193683 0.9999870998363535 -0.0006157007841160587 -0.2514610981017791 0.0006226241235234363 0.0006188477664871725 0.999999614683702 14.567419273794618
0.9999841436216065 0.005629618567454054 -0.00014102735221683507 -0.12066654803268288 -0.005629584450358992 0.9999841240695982 0.00024371880067727454 -0.28269868668800624 0.00014239716902519255 -0.00024292102000556245 0.9999999603563383 15.91333089766408
0.9999916198962729 0.004093857769885817 2.1402612754601192e-05 -0.11270914537564776 -0.0040939040402346305 0.999987046322464 0.003024424593880326 -0.30939388957261094 -9.02076996371127e-06 -0.003024486931870352 0.99999542618854 17.261728742307046
0.9999999473053681 -0.00030001560445578127 0.00012401842216640626 -0.1204433421247479 0.000299377006716851 0.9999868594511542 0.005117743324782605 -0.33206096771682264 -0.0001255522017887061 -0.005117706027377166 0.9999868965754889 18.624274616585147
0.9999968616921628 -0.002497031863239475 -0.00020357073363340135 -0.1155106219353787 0.0024977295053315255 0.9999907515896851 0.003501153817338396 -0.3693697548866275 0.0001948263777679939 -0.003501651361530952 0.9999938502218111 19.960559484656894
0.9999951010892274 -0.003125571040826799 -0.00016913724298370822 -0.12040399685817796 0.003125763026028643 0.9999944584098047 0.0011457532705692506 -0.3703171081378335 0.00016555518758988108 -0.0011462763609013974 0.9999993293209857 21.320228726447464
0.9999992510408442 -0.0012063635037867382 0.0002064147010912786 -0.1334503035943247 0.0012063525188454188 0.9999992709130652 5.3712770275246985e-05 -0.4263172194017464 -0.0002064793650463847 -5.346372111415756e-05 0.9999999772537983 22.66469732302099
0.9999983180024185 0.0015576060095386281 0.0009684289153591868 -0.14332538638546127 -0.0015588913018781394 0.9999979034620797 0.0013277544317621714 -0.41854881344067907 -0.0009663588474175624 -0.001329261900500509 0.999998649605183 24.030928079122923
0.9999968915491988 0.0016774858252874801 0.0018447040060490024 -0.1607276934901954 -0.0016887812667290784 0.9999797319796129 0.006138700934241419 -0.43861534860768325 -0.0018343691838961598 -0.006141797274803695 0.9999794564964635 25.424265560725235
0.9999981583644567 -9.313744520350262e-06 0.0019191622107789812 -0.14907277697609905 -3.7410778010744244e-06 0.9999768644807548 0.006802241352468505 -0.45774197026906105 -0.0019191813209716974 -0.0068022361374546775 0.9999750228509559 26.795791137198407
0.999990765152787 -0.0038922263870857527 0.0018221390613330308 -0.1571073184986057 0.0038803372809760907 0.9999714523262814 0.006483633861341356 -0.5008572313111781 -0.0018473229648925072 -0.006476503595009056 0.9999773208919236 28.167596426889055
0.9999902747502637 -0.004051978103958392 0.00174123125363599 -0.1635484544947461 0.004045002379514651 0.9999838533182512 0.003991372217743524 -0.4996952673415573 -0.0017573762363569051 -0.003984290190084647 0.999990518484478 29.529735014999396
0.9999875896762632 -0.004301444217528677 0.0025135791650148136 -0.16837461072780313 0.004296417030409247 0.999988766109715 0.0020021111202049137 -0.5423802859641389 -0.002522163108269971 -0.0019912869229281663 0.9999948367200003 30.911981178405302
0.9999939250841487 -0.0018833037147989104 0.0029330817438345466 -0.1791687616986192 0.0018807363551988036 0.999997846087818 0.000877865322007021 -0.5386779301371234 -0.002934728960426255 -0.0008723436489440314 0.9999953131784418 32.2980397761136
0.9999938608640442 -0.0005125164294518467 0.0034663476804092665 -0.18451789738951135 0.0005164456119490617 0.9999992251220844 -0.0011327128779882424 -0.5852311716661022 -0.0034657647542268117 0.0011344961297324624 0.9999933506722865 33.67990021759966
0.9999929773495038 -0.0003811768601646292 0.0037282651490044985 -0.20030474134856438 0.00038350353238203287 0.999999732172441 -0.0006233614908826844 -0.5860267956819112 -0.0037280268550272918 0.0006247869317273965 0.9999928557007052 35.07211324008256
0.9999949428033998 -0.0002471679302399332 0.00317069078325796 -0.1961786173783534 0.00024410131360711428 0.9999995021479334 0.0009675318554843713 -0.629347455833725 -0.003170928614735221 -0.0009667530089847387 0.9999945052831432 36.46603517396791
0.9999952081121717 0.00097136052651487 0.0029394240167358297 -0.20911771916282784 -0.0009783361470648323 0.9999967068154468 0.0023725972822643323 -0.6402993001134587 -0.0029371099356689453 -0.002375461702984208 0.9999928652563357 37.86565111266883
0.9999920910503253 0.0030485264835187677 0.0025542750189049427 -0.20470354386784306 -0.0030554315412409695 0.9999916770600807 0.0027037295943609704 -0.6600009054259703 -0.002546011581712259 -0.0027115126768625783 0.9999930827366648 39.26092942808438
0.9999788611979301 0.005719685248228462 0.003092305037969939 -0.2238684576114242 -0.005728882440608455 0.9999791689872589 0.00297346740029231 -0.6944251368459466 -0.003075233582324437 -0.0029911200576177035 0.9999907980255972 40.657964763467476
0.9999587979325064 0.008513716656886558 0.00314945257007995 -0.2376338542825097 -0.008524649380611378 0.9999576294276225 0.003474150292778269 -0.722414773896877 -0.003119741456102729 -0.0035008552024863634 0.9999890055509815 42.08390971833092
0.9999520508630572 0.009394117477920249 0.002765233110344212 -0.2368236486768605 -0.009403748680948202 0.9999496913850795 0.0034905916262856513 -0.7347440118343521 -0.0027323031961377997 -0.003516427886922672 0.9999900845764976 43.47389431690476
0.9999619113758061 0.008381852870948127 0.002433171823607778 -0.24990182258510343 -0.008390027457847657 0.9999591282191467 0.0033688793320563286 -0.7559406972489651 -0.0024048351256550065 -0.0033891654657488626 0.9999913651241903 44.90055591572199
0.9999676547658242 0.00790170421427913 0.0015008257221486468 -0.23982821247934738 -0.007905908649155271 0.9999647824649495 0.0028161062840803158 -0.7826621819911014 -0.0014785209510322034 -0.0028278806481056695 0.999994908519684 46.30010963423417
0.9999730295775642 0.007323496763806885 0.0005536226564826078 -0.24968725623040192 -0.007325411895872439 0.9999669051542913 0.0035393433484708406 -0.8071641012416699 -0.0005276840070568864 -0.0035433034798957163 0.9999935832544011 47.730269070711884
0.9999690017624113 0.007864595098518211 -0.0003789997677861713 -0.262289595579557 -0.00786280208110326 0.9999588642455919 0.00452174477754051 -0.8312687302912316 0.00041454590735326945 -0.004518624706679702 0.9999897050390649 49.127187747467566
0.9999611896819158 0.008725692957128883 -0.0012171241611609186 -0.2793749751857096 -0.008719929755732575 0.9999511079855645 0.004663097843101121 -0.8584249682982957 0.0012577535230247506 -0.004652303729002876 0.9999883869971753 50.55441400472099
0.999957988553084 0.008852441853643428 -0.0023781039710292847 -0.2883449522571926 -0.008840792411078154 0.9999490823316693 0.004865506331174745 -0.8763709723265222 0.002421054703369683 -0.00484427770490294 0.9999853356289679 51.99967246104328
0.9999501926434267 0.009364749555036049 -0.0034516185963520078 -0.3030973880039928 -0.009343258992470495 0.9999371867636999 0.006190804283641539 -0.9012908701130354 0.0035093774216477074 -0.006158246700960917 0.9999748798223439 53.4085162540223
0.9999627314675489 0.007403791171406851 -0.004440667538328159 -0.306503469807589 -0.007371343619890855 0.9999463353411105 0.007279405506461308 -0.9207722942324674 0.0044943248148473945 -0.007246400679524896 0.9999636447052991 54.86573576536424
0.9999733377952246 0.005625763058890744 -0.004655584659297049 -0.32699721957245004 -0.005589291988532633 0.9999538793419409 0.007810186480869779 -0.9311083079534871 0.004699308602330771 -0.007783956983590699 0.9999586624074539 56.261271361207626
0.9999769424429048 0.004220670071262653 -0.0053198221898180225 -0.335550058341893 -0.004181231142825634 0.9999638552378862 0.007403075693517668 -0.9654835230407474 0.005350876304026832 -0.00738066174351815 0.9999584461205148 57.693150357920054
0.9999824758261333 0.0026001847977829735 -0.005318558493786879 -0.3541819523691048 -0.0025591287760161757 0.9999669896314362 0.007711712500877299 -0.9782128541614069 0.005338435261032233 -0.007697966641456377 0.9999561202529879 59.14590134781465
0.999985395496556 0.002242646490950926 -0.004917246868511973 -0.36449925988725623 -0.0022004272427429937 0.9999608160295554 0.008574644407380828 -1.0035461909389525 0.004936284511396894 -0.008563699309508765 0.9999511468875102 60.53998795148725
0.9999903308363097 0.0007158378755361414 -0.004338870888966611 -0.38270559810444393 -0.0006748239134339185 0.999955150345836 0.009446793509185522 -1.0219821705527796 0.00434543903953382 -0.009443774382976274 0.9999459646882458 62.0000233383444
0.9999902672807482 -0.0018349750555084234 -0.004012256919276108 -0.3911448869126794 0.0018713992325018348 0.9999569033607415 0.009093364639021537 -1.033899717929123 0.003995398252348814 -0.009100784851594728 0.9999506050392074 63.39705142080024
0.9999895351403558 -0.0028687724965414992 -0.0035636711047086016 -0.40349909190660194 0.002897634436417414 0.9999628315934931 0.008120291845966595 -1.0530425835095252 0.0035402436847895716 -0.008130533245299292 0.999960679783324 64.81736304026371
0.999991994856065 -0.0027406312900023697 -0.002915332349841232 -0.40789492809110034 0.0027643689714198557 0.9999628066943159 0.00816966864858012 -1.0763297279161994 0.0028928341207530347 -0.008177662464930319 0.9999623779697699 66.27361388570161
0.9999966741328841 -0.0012675271968354395 -0.0022461291300346752 -0.4247269264059256 0.0012855760464032286 0.9999667528946939 0.008052353391142072 -1.0948149102291127 0.00223584807138582 -0.008055214339505491 0.9999650566452754 67.63650516143318
0.9999960579808186 0.002326139784033193 -0.001572606045903545 -0.4482733477922971 -0.0023105848143841487 0.9999490955089152 0.009821791565747248 -1.1209235257570076 0.001595372995925072 -0.009818119404998459 0.9999505284374135 69.1151765670337
0.9999855020951726 0.005335757315543882 -0.0007247631702863877 -0.46235867133010994 -0.00532761084583783 0.9999273518939272 0.010812377339402704 -1.135120853272594 0.0007824028136227909 -0.010808359544209768 0.9999412818835045 70.47275568096536
0.9999618045651861 0.008733984301594642 0.00032697139022702247 -0.48623344593860207 -0.008737224434578921 0.9998927787873088 0.011751248992007779 -1.1520447360647617 -0.00022430111774220584 -0.01175365720852999 0.9999308982300726 71.92223738091778
0.9999166033570164 0.012892717971694768 0.0007510816322353474 -0.4907326098834982 -0.012900534530530288 0.9998501176269287 0.01154636382609388 -1.1596440604218816 -0.0006021050882680068 -0.011555090489776876 0.9999330564375425 73.2873539161116
0.9998564044518932 0.016887028568965037 0.0014137534004478383 -0.507355365178057 -0.0169014409772442 0.9997978345433262 0.010891803215674229 -1.1800891485832556 -0.001229537492377571 -0.010914133897926994 0.9999396831413674 74.69066051025702
0.9998192283087485 0.018880016771159983 0.002248470593398302 -0.520774752408899 -0.01890373032004737 0.9997603741631941 0.011038264481297933 -1.1981508515697437 -0.002039529347747626 -0.011078773788454706 0.9999365485332015 76.13422272910641
0.9998140353620038 0.01910664554767233 0.002613568008059378 -0.5291165796387297 -0.019135590487363317 0.9997503190276211 0.011538146784125257 -1.2093641452430863 -0.002392460362934074 -0.011586013504997921 0.9999300177639734 77.49362152282626
0.9998390181113995 0.017730336637259654 0.002751904632537721 -0.5351479270361679 -0.017761483921889032 0.9997733321972595 0.011739419099838935 -1.2316291428815314 -0.0025431372182516433 -0.01178640741968761 0.9999273038847176 78.91526806585307
0.9998585262718293 0.016646287737069 0.002414229536572713 -0.538918557680206 -0.01667087804926963 0.9998053684722028 0.010550215186248161 -1.2406000727098172 -0.002238137915297613 -0.010588970153796942 0.9999414305099837 80.2785492967972
0.9998572922947968 0.01675371962909921 0.0021697651888555637 -0.5425367986861882 -0.016776366579651134 0.9998001008697655 0.010877125844935243 -1.264830618594605 -0.001987099298022173 -0.010911974597756745 0.9999384882320682 81.66323166878023
0.9998731830351596 0.015830596959480518 0.0017349373023103853 -0.5515801250520606 -0.015849054718251637 0.9998116879279405 0.011198043803750567 -1.2733446469833942 -0.0015573389979768515 -0.01122412105014459 0.9999357948406928 83.07404141781683
0.9998675628840383 0.016201464397204816 0.001539221393819534 -0.5675121987108493 -0.016216659618007702 0.999814067832762 0.010433108556577069 -1.2848489825286638 -0.0013699036745135644 -0.010456688072585032 0.999944388973747 84.42972758022947
0.9998742821081145 0.015843292881397388 0.0006403189475277452 -0.5698135972776108 -0.01584924784940682 0.9998169768722744 0.01071513596231155 -1.2947619851849603 -0.0004704387490839137 -0.010723937674829305 0.9999423862658965 85.84539370184099
0.9998755183969346 0.015769714276829383 -0.0005135946890195379 -0.5829536409432295 -0.015762642088914123 0.9998075142208439 0.01168219410524417 -1.3153786674388934 0.0006977207599517571 -0.011672644520445826 0.9999316289432121 87.19812811472993
0.9999194881031399 0.012586488691222683 -0.001611701134611291 -0.5889044867474178 -0.01256452487227361 0.9998367954327995 0.012981341947375949 -1.323039256676818 0.0017748277709236406 -0.012960046802442912 0.9999144399304092 88.56388130148395
0.9999279360904041 0.011714291584495265 -0.0026263979329280984 -0.5930467231101195 -0.011677303821573427 0.9998382068196175 0.01368213365106313 -1.3420533385795104 0.0027862497485008743 -0.013650478696687462 0.9999029459173479 89.95106386607233
0.9999393867040433 0.010409265940717363 -0.003587487976324407 -0.6043313568686596 -0.010357928674612635 0.9998477355026146 0.01404347327641572 -1.3606884654086866 0.0037331243034786805 -0.01400546339768676 0.9998949498775794 91.31860034642408
0.9999489764411515 0.009259098930332695 -0.004039006450859406 -0.6219271522626197 -0.009203720341076794 0.9998662321100037 0.013520703860134911 -1.3687527540722377 0.004163656058312725 -0.013482840376097309 0.9999004335417383 92.7015182253654
0.9999565434703941 0.008314741472148716 -0.004216185364576039 -0.6329811943029061 -0.008256256976023047 0.999872005977999 0.01370422907005838 -1.3974960004068357 0.004329593216251672 -0.013668823901291646 0.9998972036612441 94.0283868437074
0.9999550652775757 0.00833801226704656 -0.004510537712838861 -0.6537486907451079 -0.008278261235399419 0.9998798257197818 0.013107422404356497 -1.39646669768608 0.004619285911416456 -0.013069494284209037 0.9999039206498439 95.41444905584878
0.9999608502942845 0.0076849974003618355 -0.0043861907182311255 -0.6641202968740982 -0.007629245337310903 0.9998916477240181 0.012589179423076365 -1.4041865696624267 0.004482463664090554 -0.012555223492312433 0.9999111329993348 96.74987296032548
0.9999540556044287 0.008609533630412666 -0.004214568086782451 -0.6762080983093861 -0.008557640081942807 0.9998892013452293 0.01217997714981073 -1.4262256176758912 0.004318965415459424 -0.01214335104078378 0.999916939338494 98.1068856845292
0.9999387325249626 0.010416699231654121 -0.003744802076452343 -0.7019218264345665 -0.010370329424256409 0.9998718508880343 0.01219582258154422 -1.4321207861641485 0.00387136273544385 -0.012156240793850677 0.9999186158743909 99.4697973537636
0.9999351824000924 0.010791119056145956 -0.0036308010458791667 -0.707843815758238 -0.010740352874399008 0.9998481544448308 0.013722714474916018 -1.4440895830846054 0.0037783335002319358 -0.013682829198073261 0.9998992471212841 100.8113803722749
0.999933256211431 0.010970479550713308 -0.0036237644138814827 -0.7300524768565768 -0.010913854338597175 0.9998234915534865 0.015292924501800186 -1.4520559503701664 0.0037908958363639853 -0.015252354869215768 0.999876489769341 102.15567099935203
0.9999383468854652 0.010560494970394085 -0.003431959103052268 -0.7434903748557851 -0.010510088352816374 0.9998412501584965 0.014387930438949646 -1.4688041304606005 0.003583358260877731 -0.014350973478686765 0.9998905985738844 103.49119715370628
0.9999402529319337 0.010418150247498377 -0.003309483625124979 -0.7584087701866065 -0.010377346996643477 0.9998727467558699 0.012116145563902824 -1.4798645082418602 0.003435290606927637 -0.012081078248659912 0.9999211200577918 104.81581035587537
0.9999525873501539 0.009083404181094473 -0.0035092440321323227 -0.7727925148760707 -0.009044038771382875 0.9998977656297784 0.011075363074381304 -1.4964120338234297 0.003609487579426485 -0.011043100450534306 0.9999325084936688 106.1479764460259
0.999960380870347 0.008309028650594403 -0.0031932285810662405 -0.7821707353719825 -0.008270240829319481 0.9998941060756784 0.011974128988804166 -1.5056710485813098 0.003292384105762329 -0.011947246059365068 0.9999232088160296 107.48320918916428
0.999986317163818 0.004522216822017813 -0.0026296438664982274 -0.7900966843700807 -0.004484550287132851 0.9998897194183499 0.014157606183835462 -1.5107048699667036 0.002693377871438395 -0.014145619981931958 0.9998963182058538 108.83106143971932
0.99999240499433 0.0034227079503402966 -0.0018641390682792715 -0.8071371930856119 -0.0033938150360376214 0.9998773702642372 0.015288114746191447 -1.5299878616768223 0.0019162373953441015 -0.015281672395050069 0.9998813922326056 110.16923112516818
0.9999949534110697 0.0029346784136388433 -0.0012168844147464324 -0.8168662056249648 -0.0029173341174202564 0.9998974863989183 0.014018054581214513 -1.5385988856964687 0.0012578982671614626 -0.014014434058925144 0.9999010017685801 111.49092096365426
0.9999906084889292 0.004309489545593218 -0.0004595920572438262 -0.8275384062871052 -0.004303778641056478 0.9999213822986591 0.011777381506487841 -1.5490098559814995 0.0005103104800202151 -0.011775293152401273 0.9999305386173211 112.82941440083746
0.999973552338616 0.007247091251306782 0.0006117821437768753 -0.833222793225233 -0.007252903086579579 0.9999226742288612 0.010101533128352165 -1.5735265691688867 -0.0005385281426868276 -0.01010570336731497 0.9999487910635526 114.16064950967552
0.9999470982624092 0.010074187298099323 0.0020763927161090204 -0.8481907948080405 -0.010093201201132006 0.9999052602345004 0.009359373097608165 -1.5685294725465508 -0.0019819080821025935 -0.009379835610941193 0.9999540443063041 115.48080644201737
0.9999356035970682 0.010761535896817796 0.003602496843094845 -0.8608214719918683 -0.010802906178551244 0.9998735675866057 0.011668165255072277 -1.5851432672988874 -0.003476474276483628 -0.01170633153874651 0.9999254351842565 116.83934028162783
0.9999301338684699 0.010948719612961556 0.004455659342111005 -0.8682857505343821 -0.011009919367664052 0.9998420692300054 0.01395056605279564 -1.5880584657723282 -0.004302215173198643 -0.01399864811159225 0.999892758647788 118.1442959820081
0.9999281213188679 0.01068761804458054 0.005433874977846422 -0.8677924246374185 -0.010767201436342345 0.9998320007697299 0.014833665375622251 -1.606709214064457 -0.005274425975678392 -0.014891107075176494 0.999875209894331 119.50881761567734
0.9999193011627023 0.010991529140471575 0.0063700416047057454 -0.8657194494651739 -0.011081813055789348 0.9998361167135151 0.014315486523665545 -1.6146020625980393 -0.00621164908807675 -0.014384923177653297 0.9998772371648462 120.82639949447854
0.9998860595104108 0.012914216946815672 0.007816071414837374 -0.8655702710214361 -0.013023219871623914 0.9998163464244779 0.014059487639663628 -1.6267254784286245 -0.007633069326260396 -0.014159676394087654 0.9998706115373134 122.1463546532546
0.9998571734235819 0.014378241832315307 0.008882504451871585 -0.8682004162301562 -0.014498566510236066 0.99980193830551 0.013633626117006812 -1.6266858163500553 -0.008684718318328894 -0.013760462729596117 0.9998676039014726 123.51594225090743
0.999833447707835 0.015187390627399131 0.010120275576912446 -0.8730575656157584 -0.015316565155838428 0.9998006210389571 0.012810973296403428 -1.6403060868079251 -0.009923693380204197 -0.012963847718774037 0.9998667205983022 124.8326956771392
0.9998072737141801 0.016104270377122913 0.011227994804952447 -0.8646753858399527 -0.016241234799019323 0.9997934767031382 0.012215820589665038 -1.6398627632259715 -0.011028950007796239 -0.012395823027560322 0.9998623434408704 126.17736122855736
0.9998070082248836 0.015528135989643707 0.012034253710250346 -0.8586309210761731 -0.01567037388023491 0.9998073855253526 0.011816567530025256 -1.6575859470528163 -0.011848447463798201 -0.012002868523513262 0.9998577626031905 127.52084381465379
0.9997910105850097 0.015709047963920607 0.013082848675135266 -0.8585130812256214 -0.015875865296931534 0.999792726235909 0.01274603874830523 -1.668543738626534 -0.01287990988875499 -0.012951076761199849 0.9998331748502182 128.84380111171407
0.9997941129635975 0.014745877792139876 0.01393882126582993 -0.8493689733528478 -0.014937038404595822 0.9997944250628074 0.01371103679238021 -1.6781567644181092 -0.01373377567086702 -0.013916418850613519 0.9998088400751897 130.2155675689515
0.9998078826507691 0.013462738726884875 0.014246137242765312 -0.8324317062559448 -0.013667062608716286 0.9998037181069218 0.014343524227820032 -1.6846285953830722 -0.014050239041338506 -0.014535471722957855 0.9997956345401995 131.5396628074207
0.9998306274282744 0.01164409613223762 0.014252419392654876 -0.8211493833732701 -0.011855188074489697 0.9998199374368824 0.01481712661845726 -1.6996416670592955 -0.01407732219702618 -0.01498358240881071 0.9997886382927446 132.89313816533377
0.9998535093176167 0.009751953471507471 0.014066246532056185 -0.8100573951370033 -0.009971729828129074 0.9998279665835751 0.015639752462401735 -1.6950563620703327 -0.013911309692798648 -0.015777726501620227 0.9997787449285012 134.227934805291
0.9998766559433179 0.008030123129616047 0.013497777970456468 -0.7934439271718989 -0.008243215507621545 0.9998410910784054 0.01580639110602865 -1.712309538800003 -0.013368706903738273 -0.015915706883270413 0.9997839606392778 135.5642417070239
0.9998904911460696 0.008170141061442907 0.012339144990579202 -0.7885405608389363 -0.008359669625415608 0.9998466626661074 0.015387237906481149 -1.7215109659631331 -0.012211538054740602 -0.01548870434486585 0.9998054702673288 136.90245283907257
0.9999192297096634 0.005726931020585384 0.01134620257874824 -0.7778961897713341 -0.005916002071286595 0.999843028094682 0.016700900991851148 -1.723917191159522 -0.011248777573211228 -0.016766676538878766 0.9997961510037532 138.24166180154072
0.9999349457842068 0.004966846076852778 0.010268136963802047 -0.7636048946496563 -0.005139984302334566 0.9998438951418586 0.01690461212081739 -1.7305343638464865 -0.01018257229850291 -0.01695629079705667 0.9998043805788415 139.57309074953432
0.9999548372743127 0.0032422694258417567 0.008933705930090075 -0.7642363318444838 -0.0033971694466949243 0.9998432105538801 0.017378536962155255 -1.7385989330257294 -0.008875960056492264 -0.01740810175125326 0.9998090694365774 140.93201045008132
0.9999661776549892 0.0028653610477961857 0.007709296577495309 -0.7638072427970056 -0.0029943028905664556 0.9998549529792814 0.016766250343166998 -1.7383063700074184 -0.007660137640331922 -0.016788767565148365 0.9998297152894684 142.2586864773263
0.9999710924727386 0.003577132598898883 0.00670957085530033 -0.75686577166748 -0.003688097969208404 0.9998554163158115 0.016599530006014995 -1.7428237029632252 -0.006649222589650545 -0.016623796034269982 0.9998397057755972 143.60645471441302
0.999980346574096 0.0019426518416954183 0.005960920406253117 -0.742280018086547 -0.0020286679434139724 0.9998934192752827 0.014458028697197626 -1.7598899728802015 -0.005932198660719473 -0.014469837557397192 0.99987770893242 144.9609977465473
0.9999819044677288 -0.0037102049750987343 0.004735517568495365 -0.7658555012028676 0.003645303799151822 0.9999003115291919 0.013641068635981921 -1.7654539939989673 -0.004785657045869339 -0.013623559655180747 0.9998957426196801 146.2759935168059
0.9999270871493909 -0.011527978045121642 0.0035952916005245568 -0.7521688063142278 0.011467213562654007 0.9997983170225951 0.016487215485378806 -1.7715159057538528 -0.003784631055278949 -0.016444785691114662 0.9998576126600301 147.66144367822614
0.9998230831335179 -0.01870111563391545 0.002017602030086221 -0.7436830921334248 0.018660857849844635 0.9996564412034646 0.018405758020239676 -1.7791949315559772 -0.002361117257551581 -0.018364851892261183 0.9998285639779377 148.96066279331285
0.9997867498285286 -0.020618010591525078 0.0011629764516088313 -0.7153785835119305 0.02059780412086166 0.9996705732919556 0.015312587870927322 -1.7909913732969558 -0.001478308546037519 -0.015285367982085437 0.999882079114357 150.2750935390498
0.9998056377139758 -0.019677603355148187 0.0012160305161441308 -0.736701920028966 0.01966121420117952 0.9997313565216265 0.012274014517062575 -1.8030811832109472 -0.0014572271384808082 -0.01224772050024893 0.9999239320239038 151.66390815307975
0.999864555716662 -0.016302794855071277 0.00225590641902023 -0.7399839897033862 0.016279613284437555 0.999818077309663 0.009939137978676052 -1.8088655895674848 -0.002417531941038281 -0.009901066675854138 0.9999480608601715 152.98126800737776
0.9998561079599975 -0.016667129282948237 0.0031575607154523374 -0.7484377434453977 0.01663387060767163 0.9998087788152202 0.010282029968671263 -1.8217280949492465 -0.00332832911748838 -0.01022802819615755 0.9999421531587377 154.34838400525342
0.9997848057640495 -0.020442394674084555 0.003528551242986075 -0.7515608907094551 0.020395201201955426 0.999708389000077 0.012929528991237019 -1.8143374477945746 -0.0037918331217249076 -0.012854781353212347 0.9999101842656978 155.6764719842365
0.999617469726794 -0.02738149604993692 0.0038945977619349375 -0.7488475645761963 0.027314225020831747 0.9994925468137874 0.016388470712418227 -1.8307004189219334 -0.004341362633574606 -0.016275824002922636 0.999858114997203 157.00617225799422
0.9994793471982483 -0.032033754064360154 0.003856567772495565 -0.7390962901219439 0.03196123750182144 0.9993343223692028 0.01758952639604352 -1.823939725892906 -0.004417459460948997 -0.017457107997312125 0.999837854572133 158.35113954609187
0.9994673519979228 -0.03242057745967714 0.0037307421002006733 -0.7303200661078719 0.03234918782273753 0.9993176654101962 0.01782508495732307 -1.8444729727613725 -0.004306096380438954 -0.01769490430498512 0.9998341601980857 159.69621780534266
0.9995034754154338 -0.03114636154150377 0.004765164046888409 -0.7356372031970293 0.031055756334421793 0.9993549452104805 0.01803423094706131 -1.8345740666071304 -0.005323791365208161 -0.017877291058706758 0.9998260147209139 161.0649313572269
0.9995547745777321 -0.029221873579480792 0.006027828941476184 -0.741090276340427 0.029110224061281255 0.9994168882273561 0.01784596258878828 -1.8262743949710858 -0.006545807042759727 -0.017662545981919613 0.9998225777014345 162.4052646598127
0.9996289811299498 -0.026325898815936315 0.00698907298196844 -0.7429598193010281 0.02620996643779298 0.9995253268313168 0.016191314871034184 -1.8344409447364354 -0.007412006984958771 -0.016002124508627785 0.9998444849895285 163.7493641210031
0.9996505853529577 -0.02530048157566968 0.007654596135880819 -0.7458530669168539 0.025177467618664597 0.9995587359794968 0.0157616130228469 -1.8259392551286708 -0.008049995503675904 -0.015563382618897318 0.9998464775622669 165.09784692051264
0.9996698077093062 -0.02445659615268141 0.007883556744091094 -0.7471076550777711 0.02432081169775266 0.9995616400454137 0.016882708893418766 -1.8241043523954346 -0.008292995187368691 -0.016685400157422585 0.9998263967574771 166.44407683156368
0.99970777277513 -0.022901036731754372 0.007740257081363347 -0.7403926167494475 0.022766256361900956 0.999595000056873 0.017074349816497 -1.8303672749265831 -0.008128143261523653 -0.016893143858437626 0.9998242620473462 167.77732871192939
0.9997560856290821 -0.020848228969524076 0.00728838863511182 -0.7393247618447003 0.02073866898963967 0.9996754124597734 0.014797882287794311 -1.8387617524463233 -0.0075945331815723445 -0.014643121658755079 0.9998639417706345 169.17248763755003
0.9998341695501255 -0.016907141059853498 0.006766239479035511 -0.7444123001869662 0.01682515072004529 0.9997864758374877 0.011996542106897821 -1.8508643499985542 -0.006967622531010498 -0.011880709931438648 0.9999051459840964 170.5811392573608
0.9999294015528699 -0.009903626492396988 0.006565828858477285 -0.7504301733861597 0.009834311834696876 0.9998964443065366 0.010506519914297146 -1.8646249887570943 -0.006669202132927832 -0.010441207954643554 0.9999232485127802 171.9254448159815
0.9999619635655898 -0.005260063491230645 0.006957238493356919 -0.754250170896255 0.005178001258228709 0.9999174282933672 0.01176116011444593 -1.8878772387726765 -0.007018529054507245 -0.011724688393528136 0.9999066316059524 173.2834717346263
0.9999700758754224 0.00017667828058092264 0.007734089796758822 -0.7657813125106625 -0.00028750264882624905 0.9998972707928614 0.014330568645302511 -1.905573193815569 -0.007730764021364691 -0.01433236366321166 0.999867400527935 174.6765809312387
0.9999698010093248 -0.0008134807876316145 0.00772886320539096 -0.7656585959286086 0.0006859351564001623 0.9998637812591719 0.016490858389306015 -1.897321432957928 -0.007741226026686841 -0.016485059201025668 0.9998341443676197 176.0382492515475
0.9999711885433387 -0.003245345253912721 0.006862202892338992 -0.7637411179864557 0.0031229974992792245 0.9998373050549861 0.01776542411587522 -1.9008987404650202 -0.006918741951611233 -0.017743481967257085 0.9998186334827631 177.4506869414149
0.9999675062751838 -0.006042015295517263 0.005336708554477683 -0.7601533992202372 0.005945098033714315 0.9998204294150622 0.01799346319135105 -1.8979121109616781 -0.005444467463616081 -0.01796115160612726 0.9998238618925906 178.83048259151815
0.9999743401439163 -0.006407717033061462 0.0032031590612170173 -0.7575308941706287 0.00636117197524011 0.9998769994323345 0.0143360204978778 -1.9143527115962449 -0.0032946264999713436 -0.014315277066565383 0.9998921033194041 180.16808226436518
0.9999882554288472 -0.004598887745331981 0.0015294587722157536 -0.7681994798062941 0.0045836606798393045 0.9999413278676081 0.009814828978787835 -1.920789505349952 -0.001574506457117845 -0.009807703376299392 0.9999506637254126 181.58278589140923
0.9999993780327175 1.3234281885137616e-05 0.0011152401592656631 -0.798969346716951 -2.338033607942984e-05 0.9999586109438224 0.009098123423988387 -1.9300252155976276 -0.0011150736802603535 -0.009098144018366651 0.9999579893112263 182.97924109071315
0.9999946756429962 0.0031638633020690714 0.0007991558273645419 -0.8161087724951004 -0.0031720036312518083 0.9999409003988695 0.010398754958610793 -1.935896340908739 -0.0007662084149116933 -0.010401234723916793 0.9999456121426222 184.31453646122728
0.9999857588418603 0.005221288088986701 0.001104651747953517 -0.8130280508310943 -0.0052357129960852586 0.9998953640973358 0.013485109226897487 -1.939836807878606 -0.0010341265983623861 -0.013490701091890758 0.9999084615954209 185.75675975621797
0.9999698063569881 0.007599124536355567 0.0016247051432234062 -0.8241874521510482 -0.007624252577458166 0.9998419017935957 0.016063691952066382 -1.9642531547109057 -0.0015023783990700534 -0.01607559441450306 0.9998696505687541 187.1192647213201
0.9999880218246687 0.004574140227021647 0.0017416779205487402 -0.8284496219064956 -0.004602797386744728 0.9998479164807903 0.016821360412704666 -1.9490549597505373 -0.001664469906081768 -0.016829175847926363 0.9998569939674908 188.57910318183357
0.9999885258012174 0.004521967949865179 0.0015811594772653212 -0.8293994604921 -0.004549030611301829 0.999835590803542 0.01755271156281479 -1.9654118666214893 -0.0015015268340051234 -0.017559703250712416 0.999844689061862 189.99485216752873
0.9999979319601099 0.0011379376192159636 0.0016855782044187671 -0.8328192455935386 -0.0011683663136849674 0.9998343613527694 0.018162730286465284 -1.961053231900971 -0.0016646310795624174 -0.01816466245554278 0.9998336231832964 191.34996903974582
0.9999978016716804 -0.00024403940022136965 0.0020825704774315367 -0.8414352077821127 0.00020614366756557985 0.999834754680887 0.018177481335539415 -1.9659715161846485 -0.002086662525711787 -0.018177012423128174 0.9998326070222715 192.79673654955036
0.9999922983189348 -0.0031271370588496234 0.002371565778633703 -0.8441150781783855 0.0030815470898474407 0.9998149316794669 0.018989640447736086 -1.960182788806648 -0.002430510275193377 -0.01898218647371804 0.9998168678427305 194.16581583973036
0.9999625672842681 -0.008228803056484319 0.002674106020785564 -0.842302898038953 0.008171810887484811 0.9997530142416812 0.0206671720748495 -1.958381364964636 -0.002843511866506306 -0.020644546556061443 0.9997828349922712 195.62183810243238
0.9999292315021516 -0.011532883298046262 0.002919692493114698 -0.8377612857291108 0.011467527840641254 0.999703282380947 0.021490532339156026 -1.9656841272064407 -0.0031666742198914167 -0.02145553024299136 0.999764788539903 197.03611926101016
0.9999565685134059 -0.008780414982944197 0.0031249660603576658 -0.8475579026776519 0.008723505905312968 0.999803842374185 0.017781372300145027 -1.979321734219986 -0.0032804811644785146 -0.017753339709352795 0.9998370154064592 198.45655987021044
0.9999905363995393 -0.002560372237656974 0.003517330443666966 -0.860435565700407 0.0025157563295293544 0.999917060490209 0.012631037258419558 -1.9804252941697948 -0.003549379164701902 -0.012622069220930223 0.999914038943613 199.88741432103814
0.9999569593016585 0.007812146345586083 0.0050049877651231495 -0.8727826921821462 -0.00787209392263999 0.9998961445955018 0.012071875268662673 -1.9835519295276787 -0.004910161119486828 -0.012110755661174553 0.9999146063109815 201.3382199796765
0.999892546995429 0.013240538722888582 0.006291468087134635 -0.8967182703645724 -0.013337715720247167 0.9997883607253754 0.015663304995793735 -1.9720080403339582 -0.006082746471222726 -0.015745536054950056 0.999857528996197 202.77882126303172
0.9998532101052785 0.015472043181544635 0.007360304881225989 -0.8903232506268084 -0.015603846599816465 0.9997125959549762 0.01820015087836853 -1.98284257765278 -0.007076596563746362 -0.01831232871545407 0.9998072716280679 204.20711071063272
0.9998796888479666 0.013932309316132614 0.006818985090208616 -0.8887522526326823 -0.01405771257037728 0.9997262816857795 0.01870140235037253 -1.9795851555903843 -0.006556565426711183 -0.018795012071309878 0.9998018598572119 205.66240747095273
0.9999243760705429 0.01101490871968528 0.005469360646685725 -0.8816289909693333 -0.011116338136347461 0.9997600631469541 0.018874405395660973 -1.9836675801712522 -0.005260148922890605 -0.018933777678630335 0.9998069028066727 207.10770726704106
0.999950803761815 0.00893081678321483 0.00431631243208656 -0.8777840755471891 -0.009010009584496013 0.9997847302643231 0.018689913532056558 -1.9874740479791637 -0.004148467403251973 -0.01872788444758482 0.9998160113574601 208.54744487285942
0.9999545573226627 0.00873768805427594 0.0038126214788838106 -0.8870035341318303 -0.008805407996774197 0.9997970054072277 0.01812216264514973 -1.9803640567515661 -0.00365350202794503 -0.01815491117476394 0.999828510859509 210.0226851930554
0.9999391806149779 0.010395919957729058 0.003682376928647978 -0.890074641165939 -0.010461419604994929 0.9997789340910088 0.018238466560995526 -1.9864292983497744 -0.003491957523144139 -0.018275880564201374 0.9998268842289106 211.47936623641854
0.9999297827239856 0.011304771912288705 0.0035541146949082123 -0.8992229330069268 -0.011370234386010602 0.999755358916456 0.018972087516303512 -1.979078335232435 -0.003338770357905788 -0.019011166845758577 0.9998136967220835 212.93686677895985
0.9999283393284636 0.011552804660254292 0.0031382939348365843 -0.9096373468808743 -0.011610390187246807 0.9997521370745425 0.018996401559109154 -1.99232099362468 -0.0029180545836441987 -0.019031477462900116 0.9998146267328244 214.37610807010162
0.9999291439556264 0.011534400650638517 0.0029435771055884396 -0.9122915258605755 -0.011586358562200251 0.9997655753779543 0.01829072449681607 -1.991016745048733 -0.0027319147309189046 -0.018323534195992187 0.9998283776438488 215.85288932718606
0.9999377525392331 0.010840417100611788 0.0026412841699728785 -0.9191591767732843 -0.010885967865364601 0.999780718218175 0.017888856843148122 -1.9899513935760544 -0.002446782507846889 -0.017916496601270766 0.9998364928378695 217.32266951303288
0.9999297233322295 0.011675367683158846 0.002057707741689417 -0.91802969859483 -0.011710681304649329 0.9997680021022574 0.01807766396899644 -1.9955554502292474 -0.0018461671262790802 -0.018100491054787372 0.9998344682480329 218.78538460239037
0.9999172735226656 0.012724957700406176 0.0018765750434581077 -0.9283545189087196 -0.012756425123254912 0.9997595412281212 0.017836293440182432 -2.001954284901924 -0.001649157850725351 -0.017858756655882463 0.9998391596129073 220.26550759569056
0.9999387898660519 0.010918850788906032 0.001787511016683032 -0.9339857214726452 -0.010948939528932267 0.999781787925008 0.017790370240963468 -1.9976193839650107 -0.001592870682987954 -0.017808852998120007 0.99984014098468 221.75644033923035
0.9999237806709341 0.01227247047754209 0.0013488103281062696 -0.9420661840186537 -0.012294257178462187 0.9997704751458802 0.017545605946835918 -1.9975245668196384 -0.001133172893981959 -0.01756085160817783 0.9998451542197816 223.25062332294144
