1.0 -3.469446951953614e-18 0.0 -1.7787691892340307e-19 0.0 0.9999999999999999 -3.5575383784680614e-19 0.0 2.168404344971009e-19 -2.371692252312041e-19 1.0 0.0
0.9999999398638733 -7.08535559765227e-05 -0.00033948727388392647 0.05569069961672338 7.123806521749064e-05 0.9999993559314045 0.0011327230995349811 -0.026761272848715878 0.0003394068273799933 -0.0011327472383819146 0.9999993008434594 1.3159701006825606
0.9999991075624272 -0.0005587901877283866 0.0012135198795759842 0.11108300046058615 0.0005566348298350308 0.9999982684086526 0.0017757635472657302 -0.04833477912174309 -0.0012145101586562628 -0.0017750865086460634 0.9999976870130872 2.5650198957187875
0.9999995646955151 -0.000864583153952268 0.00035086555240829284 0.10888599044534494 0.0008639295966396485 0.999997899317074 0.0018587591066714835 -0.07283432091164431 -0.0003524718953789676 -0.001858455210090843 0.9999982109521915 3.897580678411765
0.9999989502248827 -0.0012888644685171268 0.000662103074492179 0.09458516891982127 0.0012874921695981041 0.999997030742097 0.002069025991851227 -0.09132795473341615 -0.0006647678570320104 -0.0020681714065505295 0.9999976403722712 5.22710556373157
0.9999987884997666 -0.001520519170663221 0.00033320155495276016 0.09566058776494156 0.0015196965413463853 0.9999958301134803 0.002455661887328171 -0.10592366433785991 -0.00033693407289096594 -0.002455152593994472 0.9999969293458423 6.556523110669218
0.9999956665319973 -0.0029027447114806093 0.0004909126967775472 0.07902399670457644 0.0029011452962367304 0.9999905805267905 0.003228344600473632 -0.13346329905203977 -0.0005002791723109313 -0.0032269064624563725 0.9999946683834497 7.892216767287767
0.9999956715667655 -0.0028990334387980956 0.0005024517649597378 0.06359231462275394 0.0028973557368828437 0.9999903292938952 0.0033085712326076126 -0.14611307272540425 -0.0005120386049198532 -0.0033071011927199878 0.9999944004333554 9.220891210270118
0.9999962993160492 -0.002718093508020804 -0.00011543680194459321 0.07331237878520572 0.002718460202615798 0.999990848846462 0.0033033608440539083 -0.1707976765848484 0.00010645691376690632 -0.0033036624928312504 0.9999945372260215 10.545137099163401
0.9999999229604917 0.00036519836926983407 0.00014390544741415233 0.046272676787181354 -0.0003652816164603232 0.9999997658249885 0.0005787225817724445 -0.20297408722371743 -0.0001436940768690415 -0.0005787751147724999 0.9999998221856067 11.872852281568495
0.9999970401732425 0.002418281146450708 0.0002675016629386975 0.04317389795878237 -0.002418271221288599 0.9999970752577984 -3.8006173523902565e-05 -0.22051458741869667 -0.0002675928129834146 3.735916856151111e-05 0.9999999634989845 13.194578667155447
0.9999788961696191 0.006493926705727658 0.00019004819687468925 0.03547618007597669 -0.0064939059509372555 0.999978908124171 -0.00011182847763859755 -0.2387663335957965 -0.00019077041097321622 0.0001105919598744406 0.9999999756878822 14.54602162886208
0.9999789776789035 0.006418086121195524 0.0009232329187162127 0.012034449817160793 -0.006418655000843162 0.9999792116695868 0.0006140925589841542 -0.26683376728595487 -0.0009192725049145818 -0.0006200055793109944 0.99999938526476 15.887770146859713
0.999984950939086 0.005298705574573053 0.0014218319697698397 0.014800331072699548 -0.005303425200700224 0.9999803716256339 0.003336173609986195 -0.2958265034887823 -0.0014041267761054584 -0.0033436640520233176 0.9999934241470716 17.20953709787447
0.9999988330751644 0.0004891896965085428 0.0014472535982535777 0.009768021393971899 -0.000497120880194068 0.9999848344346386 0.005484867459262091 -0.3213180411998237 -0.001444548626843803 -0.0054855806261343175 0.9999839107124397 18.577284402440213
0.9999981565852786 -0.0014367774896006848 0.0012737741197991466 0.01676527103611463 0.0014307482859006772 0.9999878289157222 0.0047217556586162555 -0.355092824157038 -0.0012805428331150838 -0.004719924595209701 0.9999880411890498 19.917599772192233
0.999996251919355 -0.0024500716907663606 0.0012220070768676208 0.024412792546444788 0.002447821005723331 0.999995311214941 0.0018400316717671953 -0.3542912199590178 -0.0012265096586368904 -0.0018370335539217044 0.999997560487194 21.29208314533799
0.9999990355200421 -0.0003213475077133276 0.0013511836277187105 -0.004600945265695017 0.0003206614957913193 0.9999998195997749 0.0005079134117048069 -0.40645325180468345 -0.001351346714438943 -0.0005074796579258349 0.9999989581617633 22.632262318562194
0.9999950360223444 0.0019236711393153874 0.0024954799020455954 -0.00467969818644471 -0.0019287706420259764 0.9999960537028305 0.002042651608029136 -0.3927645174674865 -0.0024915408732138085 -0.002047454716524782 0.999994800061641 23.992011114919084
0.9999918263824927 0.0027081029903687987 0.003002223401354802 -0.014487810563875152 -0.0027286983837235147 0.9999726284411171 0.006877250666311265 -0.4178537501114555 -0.0029835171694529827 -0.006885386751791468 0.9999718446399343 25.37983916293318
0.9999952622125254 0.0012283609152250897 0.002822531402121494 0.003954226052025028 -0.0012500941095173294 0.999969488034824 0.007711048177544549 -0.44049196072011537 -0.002812973562492666 -0.007714540224818602 0.9999662859553803 26.769093841772143
0.9999913162415326 -0.0029768020414606255 0.0029165217557197125 0.003192883391039146 0.0029539947389899384 0.999965267439465 0.007793447462099334 -0.48344074079878285 -0.0029396202496734455 -0.0077847645445249395 0.999965377436745 28.14933196543747
0.9999907299385591 -0.0030313282092465105 0.003057955929567965 -0.00870397118083703 0.003015750615136561 0.9999825187806094 0.005085998026231169 -0.4869494170725229 -0.00307332005745026 -0.005076728941479961 0.9999823906071247 29.48845426808547
0.9999889665981796 -0.003212537578177573 0.0034272865404177547 -0.006620669750295682 0.0032010365013719518 0.9999892451751179 0.0033560235711412693 -0.5288082998086728 -0.003438031319990105 -0.0033450157341398225 0.999988495337206 30.888042104170015
0.9999906331082817 -0.0012605591581676245 0.004140615068695133 -0.035113908255727765 0.0012523878796891607 0.9999972645248506 0.0019754658027745006 -0.5147660923685395 -0.004143094282092543 -0.0019702616771697743 0.9999894763616911 32.26052409291325
0.9999883359822808 0.0001237332313598436 0.004828311785409183 -0.029914041914937288 -0.000125067050285017 0.9999999541058572 0.00027594688218979615 -0.5538584612329178 -0.004828277827830177 -0.0002765475278689065 0.999988305556268 33.64201252287679
0.9999864155498677 0.00020663188177198928 0.005208265002491405 -0.041449478810672014 -0.0002085907767736643 0.9999999077187591 0.0003755697663896925 -0.5569547504283834 -0.005208187357019923 -0.0003766510638662093 0.9999863663634612 35.030389848699855
0.9999897229763309 0.00044500633943651835 0.0045117530439133455 -0.0383141170118666 -0.00045343761150449646 0.9999981527109552 0.0018678783253692375 -0.5965483537592169 -0.004510913871423949 -0.0018699049611877775 0.9999880774822273 36.421836492997855
0.9999903173045034 0.0010639576723295236 0.004270046194394179 -0.05476436172339603 -0.0010760157413471517 0.9999954376795203 0.002822554083121219 -0.5951685951245745 -0.004267023993375154 -0.0028271214431741473 0.9999868998572482 37.83334427589315
0.9999873795245665 0.0032676102611897675 0.003816217154818765 -0.04196718075569657 -0.0032801420182414064 0.9999892340837044 0.0032821319884680667 -0.6135296502379897 -0.0038054516607119986 -0.0032946083649825616 0.9999873319644679 39.229768937632095
0.9999713129268367 0.006130137471924309 0.004449126956784139 -0.06816604301863796 -0.006147336181799917 0.99997364640812 0.003862221992149203 -0.6558720267015203 -0.004425334125766848 -0.0038894615531757924 0.9999826441005746 40.62067596143139
0.9999501118968745 0.009085101919894915 0.004151460621825236 -0.060680885050047595 -0.009101109284620674 0.9999511601024068 0.0038532115114188322 -0.6705957893303657 -0.004116251390892367 -0.003890802259110111 0.9999839589354395 42.05512785093987
0.9999466566499451 0.009566136505322459 0.003895236852570751 -0.06723504960407978 -0.009582177734359683 0.999945600699367 0.004120380133092913 -0.6851032323600161 -0.0038556091586686007 -0.004157485276183345 0.9999839246660032 43.445082829860866
0.9999520494033224 0.009086854868198069 0.003650746090882068 -0.08342849820288967 -0.009102155012031718 0.9999497697693586 0.004196275914733002 -0.7127608193049286 -0.003612432065267616 -0.004229304445005544 0.9999845315378413 44.87880836350485
0.9999574237336422 0.008801170964132549 0.0027731018530527418 -0.07869860920232505 -0.00881131272410751 0.9999544587002928 0.0036662394961209667 -0.7408191007675393 -0.002740708590968645 -0.003690518146223785 0.9999894342388926 46.27481470970424
0.9999618352392667 0.008540191960017693 0.001842055946578294 -0.08592576889252868 -0.008547870081802194 0.9999546411920638 0.004201129989737271 -0.7644889211629945 -0.0018060940863093235 -0.004216715397712126 0.9999894786115623 47.703958990858126
0.9999626659915061 0.008609432552791474 0.0007377510063055475 -0.08286440337068093 -0.008612820086288121 0.9999517795865004 0.004717822552531295 -0.7785162295921213 -0.0006970977122129692 -0.004724000633124778 0.9999885988714292 49.104804612615254
0.9999585881876374 0.009098172716961297 -0.00021246764525750242 -0.09413142881143344 -0.00909702367609937 0.9999466240655345 0.004898285326663406 -0.8018347772597999 0.00025702177563005396 -0.004896149760270097 0.9999879807572025 50.53028726646426
0.9999609525098837 0.008717628578000043 -0.0014478901884060844 -0.09685134108665447 -0.008710570767930801 0.9999504854220366 0.004811723085517195 -0.807385366811181 0.0014897654406483543 -0.004798923352331317 0.9999873753888959 51.987385993386425
0.9999535415433185 0.009380193935401765 -0.002219615266178277 -0.11789216712846862 -0.00936741502763082 0.9999398815995454 0.005699538737994576 -0.8325650663950972 0.0022729448012550673 -0.005678482009775756 0.9999812941097128 53.393692943699016
0.9999626490940163 0.008086076657767682 -0.0030521727192594434 -0.13773381110188293 -0.008066257016170498 0.9999466574863443 0.006451177815592869 -0.850243891974423 0.0031041748940656517 -0.006426317384024463 0.9999745329509091 54.843433276399686
0.9999725187017643 0.006680992358298634 -0.0032134347360184994 -0.15362818022325198 -0.006656420085971991 0.9999489820741841 0.007597718861879971 -0.8781102168258211 0.0032640313764475595 -0.007576120252274953 0.9999659736756993 56.225819735540476
0.99998125469962 0.004740064041407739 -0.003875825832670544 -0.16813386265380673 -0.004713156758603157 0.9999649331976056 0.006922321551145911 -0.8909837467556231 0.0039085025029094176 -0.0069039245583142365 0.99996852922633 57.66683132348853
0.9999836173758385 0.004386290304739235 -0.003677692501782284 -0.18674025390835802 -0.00435805838249652 0.999961243229268 0.007649795591814648 -0.9233863502030524 0.003711104510055383 -0.007633642826287389 0.9999639769559642 59.10887133388744
0.999986900550969 0.003532599197315381 -0.003703978400369257 -0.17539730744002852 -0.003502286188565517 0.99996058355345 0.008158758173505703 -0.9406974343671984 0.0037326543470879697 -0.008145679072164715 0.9999598568009261 60.51803327830464
0.9999949317926313 0.0009311657816318116 -0.003044554535724558 -0.19960327321224208 -0.0009034340969147243 0.999958210073092 0.00909735746802575 -0.9511414982088364 0.0030528987172933134 -0.009094560988801348 0.9999539833303376 61.97011896351142
0.9999950383387989 -0.001248474764081648 -0.0028921627448169475 -0.19695279293201007 0.0012739425511679014 0.9999602851894366 0.008820720467208394 -0.9701181739933474 0.002881035686925411 -0.008824361326280568 0.9999569142160252 63.380517146268005
0.9999951256981384 -0.002013286687580997 -0.0023864734558582843 -0.20807210490812544 0.0020319504380616523 0.9999671698714618 0.007844128465832597 -0.991282767331968 0.0023706028350493225 -0.007848939582053896 0.9999663866330935 64.78490536927892
0.9999960604588373 -0.002428318767003895 -0.0014079545510159506 -0.22867717610649682 0.0024390400903863928 0.99996765917749 0.007663659490103048 -1.0101167374543412 0.0013892993322345043 -0.007667063506782815 0.9999696425337374 66.22557307289765
0.9999994912882051 -0.0005793105264381166 -0.0008257252834589947 -0.23393583473020066 0.0005856189022257069 0.9999704896029711 0.007660089462947533 -1.0299957681072212 0.0008212634211730656 -0.007660569277715367 0.9999703201636789 67.59718454966864
0.9999959779232782 0.0028226246211106136 -0.00027734810908497344 -0.25536082726699655 -0.002819907268090627 0.9999522790603886 0.009353487425005446 -1.0548818867151655 0.00030373629072967144 -0.009352667895358775 0.9999562167169971 69.07586627315615
0.9999840616807538 0.005613003510925593 0.0006087411372227079 -0.2672401927097994 -0.005618969171666273 0.9999313142320447 0.010285621578237264 -1.0639523290800612 -0.0005509661339359419 -0.010288878347040417 0.9999469163017245 70.43596118154699
0.9999540034842164 0.009447872972976851 0.0016518454258824611 -0.2870695487639398 -0.009465904174408648 0.9998916697079044 0.011271447285968225 -1.0854867204038596 -0.0015451754008546194 -0.0112865652776104 0.9999351108342267 71.88231775130981
0.9999115214097665 0.013079514221158956 0.0024239700049377266 -0.3012877050510082 -0.013105681960788058 0.9998523563618466 0.011113352613111483 -1.093478037934136 -0.0022782550519687287 -0.011144137327118895 0.9999353067864014 73.2472242891233
0.9998582816398738 0.01662592178924656 0.0026448665945089226 -0.29711049830825587 -0.01665280119479119 0.9998063285334167 0.010487596393410528 -1.109938596016934 -0.0024699886031485947 -0.010530154764306583 0.9999415057878333 74.64489779597382
0.9998389979910595 0.017545526432599406 0.0037593289947684427 -0.3237400960886641 -0.017584671252058585 0.9997887043827668 0.01064546712348612 -1.1169252760706272 -0.0035717546344656128 -0.01070985996801821 0.9999362687029365 76.09476818598968
0.9998196117222352 0.018570568852844353 0.003984713322666221 -0.3173731967286746 -0.01861386163891078 0.999764937705852 0.011117263034810521 -1.1337751478638203 -0.0037773230794491425 -0.011189428745031609 0.9999302618253163 77.46095336538002
0.9998264747006635 0.018152835533709232 0.004182702924321559 -0.32148885857675713 -0.01819969913909889 0.9997687810804613 0.011452308708741296 -1.1621934963796596 -0.003973844255394964 -0.011526445616112126 0.9999256720439995 78.87844680486066
0.9998466671355101 0.0171567538849586 0.0035054202988491472 -0.30845375023244115 -0.0171915024363389 0.999800844755745 0.010135241148796492 -1.1682085093862398 -0.0033308346123334005 -0.01019395073620028 0.9999424928006514 80.23440472293652
0.9998553501354827 0.0166349665672154 0.0035435366675605428 -0.3297812680606651 -0.01667098347147613 0.9998070542572548 0.010389061981940697 -1.197037019131369 -0.003370031535867079 -0.010446633662649685 0.9999397535511179 81.6399879829934
0.9998577179387994 0.01651513135515239 0.0034342792901925585 -0.3476335698422133 -0.016551036702261657 0.9998057337422097 0.01070317714463163 -1.1976343293271303 -0.0032568480166779686 -0.01075849537915248 0.9999368218631416 82.97644435617802
0.999853784289334 0.016824413285133066 0.0030576327564661647 -0.3605463161522282 -0.016854159720278032 0.9998081721897386 0.009977783571583982 -1.211320176436799 -0.002889176100058461 -0.010027858701896052 0.9999455458728184 84.37520332702769
0.9998642127495397 0.016307911953860086 0.0023681279154971627 -0.3724493453229118 -0.016331317714644404 0.9998143489182867 0.010225253002494003 -1.2184953727249157 -0.0022009359230042535 -0.010262539405854488 0.999944916566143 85.76130317814989
0.9998648182194936 0.016389903351839926 0.0013100812174418293 -0.37967919542597267 -0.016403281539125084 0.9998054745226491 0.010951963718727808 -1.2416750727089387 -0.001130324834048884 -0.010971973071712002 0.999939167237135 87.14617834681603
0.9998815303922672 0.015392364654737666 1.5823292350546428e-05 -0.38144073077538565 -0.015391431794168521 0.9998084386009772 0.012090904234045725 -1.2543568086754995 0.0001702873689812519 -0.01208971562270376 0.9999269022199343 88.53923553657424
0.9999196952682893 0.012640682581086075 -0.0009033969670956856 -0.38822412391520156 -0.012627853842038836 0.999835471301004 0.013021814818669278 -1.2742488760022659 0.0010678530600923704 -0.01300936140742376 0.9999148044770914 89.9159325211507
0.9999218355272504 0.01233885947221271 -0.002018749454912601 -0.3922400683466594 -0.012311134014273787 0.99983689791245 0.013214143047136664 -1.2879792351344426 0.0021814678410100093 -0.013188257346694305 0.9999106515460341 91.29327430346257
0.9999342974302197 0.011289647479543554 -0.001986114930566565 -0.41069814750537154 -0.011263601205206229 0.9998562876670835 0.012670253428569443 -1.3013533807278372 0.0021288723854663958 -0.012647050413482342 0.9999177566313903 92.6579192848085
0.9999452904714092 0.010157234905154446 -0.002499323021176377 -0.4125160716727 -0.01012417234938295 0.9998654872562791 0.01290381904303676 -1.3273989441238472 0.002630054183605037 -0.012877809767893381 0.9999136186892584 93.98921076001848
0.9999519757351851 0.009371373715760608 -0.0028676736138000805 -0.4289956380780448 -0.009335492197542629 0.9998810164322028 0.012280129476791092 -1.3214977945458384 0.002982414351721166 -0.01225276883905623 0.9999204842738261 95.37421738393923
0.9999555310671937 0.00906278631806143 -0.0026080198702951984 -0.4406109955578973 -0.009031169284040692 0.999888528482605 0.011889853055369689 -1.3357632424822194 0.0027154845864601823 -0.011865771100368948 0.999925912069922 96.7400594022844
0.9999402816560891 0.01075965059885657 -0.0019138997575614614 -0.4691995742508776 -0.010737374984191656 0.9998785953952053 0.011291734573558606 -1.3525534411976519 0.002035162700413546 -0.01127051022252594 0.9999344147091027 98.07784029395967
0.9999227790418909 0.012289534559868406 -0.0018447928197782455 -0.4823519352316164 -0.012267678424513442 0.9998594738635979 0.011425262214328012 -1.3580778419051533 0.0019849449092105786 -0.01140174885531362 0.999933027819493 99.41697752526692
0.9999246215986242 0.012159025441605797 -0.001705634467451639 -0.48434777881716246 -0.01213700344980868 0.999849740327978 0.012376992272289595 -1.3675694866750507 0.0018558705093736237 -0.012355358277326268 0.9999219473910647 100.80573704433586
0.9999172809109824 0.012738931553705889 -0.0017750842880740819 -0.5119290332355608 -0.01271343330319181 0.9998252757962675 0.013703522098533573 -1.3736796311648785 0.0019493425429418022 -0.013679821420934022 0.9999045267216401 102.08827840439908
0.99992141747587 0.012348812929416307 -0.002160013566083325 -0.48250509783380247 -0.0123197385686281 0.999839698157458 0.012992384483168008 -1.3972606243492836 0.00232010804319794 -0.01296475297323969 0.9999132623823583 103.45849696691339
0.9999211150982565 0.012441320192478287 -0.0017254272979224199 -0.48559339267355184 -0.01242207873417088 0.9998650849008996 0.010747277902769817 -1.4056551078069452 0.0018589050023093247 -0.01072499693349216 0.9999407577051029 104.76015619096455
0.9999420254452304 0.010640009352398802 -0.0016540622897766124 -0.5353595826665924 -0.010624115993609597 0.9998999604586629 0.009337947075753389 -1.414437090636052 0.0017532528174023575 -0.009319832956068851 0.999955032401043 106.07161220026462
0.9999479747516075 0.010104754486922435 -0.0013934495187229755 -0.5246639604262227 -0.010089528098871084 0.9998936242385085 0.010532884180776959 -1.4293232510309746 0.0014997336327691947 -0.010518277173058966 0.9999435567323062 107.44767504657554
0.9999789896333872 0.00637519928119182 -0.0011735037256876018 -0.5322396240137768 -0.006360029382548414 0.9999015643689029 0.012506462607416974 -1.4338866607495218 0.001253119518128452 -0.012498736576123945 0.9999211025287535 108.76772256759907
0.9999870096996123 0.005085714310553675 -0.0003404871437499002 -0.5428312511920917 -0.005080519611374878 0.9998914523739645 0.013830104632887722 -1.460713498087494 0.00041078619128765066 -0.013828195400840168 0.9999043015573792 110.11409671257233
0.999987135461656 0.0050673827272467485 0.00022479749998286338 -0.540668588981491 -0.0050698262516674746 0.9999067472623466 0.012680443444399225 -1.4647396161325554 -0.00016051988055644376 -0.012681420254310865 0.9999195746750521 111.4263879464552
0.9999776117823997 0.006325608143880342 0.0021823394850558685 -0.5694121392482645 -0.006347076483661781 0.9999301086513538 0.009974589822966744 -1.4800359889987704 -0.0021190917831938267 -0.009988218185287978 0.9999478711152463 112.77747323774835
0.9999553846598441 0.009098898530828254 0.002537462999621677 -0.5396803700458371 -0.009120426967712186 0.9999213779061764 0.008605570035166484 -1.5007642060070174 -0.0024589624918111455 -0.008628329015732341 0.9999597519106478 114.1266329565638
0.9999179322276555 0.012174077996643756 0.003990063889589836 -0.5622649080850672 -0.012204841866890767 0.9998952632623945 0.007778455345115759 -1.5035863031678895 -0.0038949507848268713 -0.007826515243837744 0.9999617867774021 115.41622589710347
0.9999018570430731 0.012773236095895101 0.0057550583052008815 -0.5804292027080034 -0.012831345588852672 0.9998658958842166 0.010175797067854146 -1.5210855773245973 -0.005624309137587195 -0.010248643734242684 0.9999316638879658 116.78970032777538
0.9998922055529371 0.013377858576569823 0.0060506319653588206 -0.5893984953181782 -0.013449816831028309 0.9998373884183173 0.012012459237999313 -1.522904084429159 -0.005888947570400137 -0.012092544497038333 0.9999095412398135 118.09149732141186
0.9998869070565986 0.013272409080900167 0.007072215180079821 -0.5861380962315397 -0.013362410200492683 0.9998283479753416 0.012834352597772408 -1.5375664567012988 -0.006900659015598696 -0.01292740322266745 0.999892625810103 119.45375310601561
0.9998753982626329 0.013456521409487329 0.008252875494649616 -0.5946807981409642 -0.013556589201692407 0.9998337799609942 0.012191446479635737 -1.5496869916226363 -0.008087449915144158 -0.012301808493226173 0.9998916234569093 120.78099855567751
0.9998401275579988 0.015313485151482759 0.00923127640786333 -0.5750032600719994 -0.015425684387132722 0.9998064877589098 0.012208002786125187 -1.5604339404375558 -0.009042543728611014 -0.012348450067020077 0.9998828672306649 122.09549206580996
0.9998015093942617 0.01691577666229748 0.010526075884584245 -0.5783310141820452 -0.017037885282069128 0.9997873088472282 0.011620997165948912 -1.5603727990918248 -0.010327259752946369 -0.011798032817661924 0.9998770695065314 123.45448768207544
0.9997678599653222 0.017994157691280127 0.011850587551947999 -0.588043859033694 -0.018125375635261242 0.999774549643459 0.01105986843811188 -1.5730181231905118 -0.011648903792439226 -0.01127209757721904 0.9998686127957462 124.79056907065602
0.9997403150772941 0.018878446986688863 0.012763487002074449 -0.5673780096797907 -0.019010980332614356 0.9997657715349126 0.010343343005982095 -1.5830903812093886 -0.012565232231940518 -0.010583303608953234 0.9998650452042035 126.12232854855552
0.9997321856158881 0.018199381458725968 0.014294737203053026 -0.5952840766189624 -0.018341285431036428 0.9997831717142512 0.009859353622174372 -1.5953540888678959 -0.014112204747693105 -0.010118897202553037 0.9998492154294767 127.46779439431484
0.9997225649427759 0.018393365285864834 0.014713164514855728 -0.5642003408825881 -0.018548998778419732 0.9997726887340637 0.010512162211425504 -1.603712266779636 -0.014516467226454464 -0.010782160454499519 0.9998364952302319 128.77378846122966
0.9997146405644859 0.01811608865318566 0.01557063664393242 -0.5553873167720824 -0.018292310909131665 0.9997693810386906 0.011250606482905807 -1.6237092706034368 -0.015363230065526388 -0.01153221917140136 0.9998154725164303 130.14544531050691
0.999739615432776 0.016469132111272752 0.015794587063795863 -0.5252297045242731 -0.01664883719162314 0.999797380062549 0.011314374969094437 -1.6266032376893993 -0.015605050139833357 -0.01157439061703683 0.9998112401311441 131.4645017869363
0.9997493410540416 0.015608376348760215 0.01605096917161511 -0.5259848057750476 -0.01579725109886909 0.9998066610419934 0.01170843418604215 -1.646793081902361 -0.015865117578754244 -0.011959060787402396 0.9998026199757648 132.81596984548017
0.999781676627204 0.013563429310983532 0.015894415207449244 -0.5226032507355948 -0.013760902301201125 0.999828657187912 0.012381189901675414 -1.6473292531944401 -0.015723761739084578 -0.012597208539214389 0.999797016226354 134.14379612071568
0.9998058209646149 0.012688047433257868 0.01507759232673857 -0.4828972333501462 -0.012879334205381475 0.999836934040358 0.012658124102396895 -1.673386765218206 -0.014914528056459738 -0.012849855761498535 0.9998062002510311 135.47504176150844
0.9998221474751173 0.01259305438078204 0.014038816675665785 -0.4748515456570083 -0.012764046666670562 0.9998446241525677 0.012157577572690917 -1.6809376781012015 -0.013883535511207197 -0.01233460766946907 0.9998275375757406 136.81289187491643
0.9998547091178738 0.00953969396945286 0.014126389386742185 -0.5325370499289179 -0.009729948471816382 0.9998620544885252 0.013461059137339375 -1.6841247051760722 -0.013996027502462122 -0.01359655267290249 0.9998096043596805 138.15434919167242
0.9998847884848974 0.008927301076540013 0.01227652387093467 -0.4678043496577323 -0.009092578535557633 0.9998678850984009 0.013473580778460862 -1.6920627231223797 -0.01215462026376541 -0.013583653988915971 0.9998338609737282 139.50172541671347
0.9999056565177881 0.00786307966676525 0.011262771932143192 -0.4865490294903224 -0.00801782692903892 0.9998731658671406 0.013761055250610643 -1.7076249209330718 -0.01115314008634696 -0.013850060210754009 0.9998418791475029 140.8621359402432
0.9999275499504541 0.007247736476465748 0.009610679359483341 -0.46185875449293723 -0.007377446615082871 0.9998812443727302 0.013530352657103973 -1.7055135709411373 -0.009511474400012095 -0.013600274922156768 0.9998622727031631 142.1938134437083
0.999935812324384 0.007371709202952684 0.008604018014436887 -0.4556173570506923 -0.007484033120245072 0.9998862301993944 0.013096408530869474 -1.7196759420161785 -0.008506496930438983 -0.013159960916733065 0.9998772199308986 143.54421846668433
0.9999489871350702 0.0055700514851071 0.008426010314501048 -0.44495550814547224 -0.005662699558998363 0.9999233336708393 0.011011840065120066 -1.729250592930793 -0.00836402850535754 -0.011058992499927688 0.9999038662336034 144.88913854858288
0.9999719336824934 0.0026619866280895186 0.007003261830836452 -0.4382880771455846 -0.002733548529515006 0.9999439492045874 0.010228693123591665 -1.7578528337924677 -0.006975641229503176 -0.010247549996257767 0.9999231611205337 146.20072232929238
0.9999557785653331 -0.006939895331484262 0.006346556631726227 -0.44410224314262536 0.0068563508287814694 0.9998907867452458 0.013092174080921764 -1.7576006855247082 -0.006436722354324034 -0.013048081154000904 0.9998941524892321 147.60355176372332
0.9998935183971676 -0.01380895719389987 0.004718536215535739 -0.4299685780554001 0.01373844989849642 0.9997981195206513 0.014662031964309815 -1.768414670826902 -0.004920051409941429 -0.014595645627358315 0.9998813730755316 148.91342864467595
0.9998779506919732 -0.015206853062007303 0.003582646248226174 -0.39633708987354654 0.015163196371790954 0.9998140593266719 0.011913195818401825 -1.7891561244312966 -0.0037631426141882364 -0.011857417671510976 0.9999226172077336 150.20531671961118
0.9998824230596967 -0.014942066614178712 0.0034459709364148255 -0.42089318985204316 0.014911733086679722 0.999851253207218 0.008666698563876769 -1.8012098564388699 -0.003574957040595234 -0.008614294316591433 0.9999565058610137 151.62317634367298
0.9999317971023867 -0.010850069638462318 0.004321706550184941 -0.40700466658399126 0.01082305791328892 0.9999220491839866 0.006225508941283068 -1.8186338736898937 -0.0043889172402904394 -0.006178310373154293 0.9999712825290741 152.93827640888395
0.999918162671824 -0.011632302940605523 0.005325176356618157 -0.4159678761114115 0.011596772034947475 0.999910606661661 0.006655340116514209 -1.831201303965329 -0.005402117704073527 -0.006593040721655464 0.9999636738073227 154.3050767247663
0.9999056399922364 -0.01262809705532998 0.00540761430872247 -0.4032479879080142 0.012581842384079783 0.9998846827605199 0.008504023194294861 -1.833380249758395 -0.005514380806088655 -0.008435183155797023 0.9999492183536351 155.62633180330926
0.9997234732898571 -0.02274343270432772 0.005976054862831077 -0.4141767496948717 0.022672333706061983 0.9996743968788985 0.011707497669293755 -1.8347526597646957 -0.006240378242364536 -0.01156876932892484 0.9999136068948286 156.9529163139824
0.9996440340602275 -0.0260201607118044 0.005895456631580309 -0.3969549560629154 0.025941284192885904 0.9995778578724062 0.013082653493060224 -1.849028292036593 -0.006233381171708088 -0.012925061027863997 0.9998970385770932 158.30090871830245
0.9996311581816276 -0.02660422762225475 0.005455517239919836 -0.3723540685932685 0.026530912721584306 0.9995621849120458 0.013097677727357591 -1.8622403868035207 -0.005801582809487632 -0.012948107134480226 0.9998993390123986 159.64131814315
0.9996456264982297 -0.0257184743638482 0.00686887944938066 -0.3855543741041938 0.02562803543757202 0.9995877269813648 0.012945264159638915 -1.8552403444146386 -0.0071989806362026424 -0.012764641041160424 0.9998926135415911 161.01341080824352
0.9996803105869326 -0.02401412693275802 0.00791191133798856 -0.3807176972152865 0.023914153091651486 0.999635900004934 0.012497227575627497 -1.8582880561177852 -0.008209141302367782 -0.012304025902753797 0.9998906044879458 162.3459607649668
0.9997220262993533 -0.021652833214962097 0.009328716818683299 -0.39564708545324134 0.021545597102179244 0.9997023378428612 0.011446525599611582 -1.8720144669089118 -0.009573790520739941 -0.011242351189702272 0.9998909700920969 163.6935046955951
0.9997430141882417 -0.020246475328897104 0.010197344350220164 -0.4194689862056576 0.020139402591688678 0.9997420895772845 0.010495655346045487 -1.86936280542375 -0.010407215245499146 -0.010287589867106105 0.9998929219481857 165.04742223802685
0.9997264557277785 -0.020845410865635815 0.010605780326599744 -0.4166822864821938 0.020720265479175964 0.9997159578648347 0.011776000128458584 -1.870379291039776 -0.010848244304991796 -0.011553024490021931 0.9998744137230212 166.39896670310424
0.9997370528354086 -0.020640234347696036 0.009990291632796942 -0.3882044132993315 0.020522281299405046 0.9997201261881128 0.011768825542164695 -1.8676411349456932 -0.010230407782631025 -0.011560707591447023 0.9998808372970104 167.71830645320404
0.9997725704432399 -0.018801172551210416 0.010065948270070787 -0.3995730202584302 0.018702732781085828 0.9997771959794658 0.009786019377723934 -1.8790257035206428 -0.010247695032077966 -0.009595533173390255 0.9999014503868787 169.1039091155453
0.9998319199671413 -0.01567106862549582 0.009515746921708309 -0.39681420560541936 0.015596918271953197 0.9998478011201223 0.007817334838900819 -1.901468503282437 -0.00963680543343829 -0.007667604705260554 0.9999241670318252 170.51272845108738
0.9999124814102986 -0.00976164470967116 0.008929716071478001 -0.3832770839096469 0.009710489433488585 0.9999362954169712 0.005754258571574858 -1.9049784124678992 -0.008985318989422696 -0.005667043150334057 0.9999435727374676 171.87755036725665
0.9999268070964684 -0.007682339066046914 0.009346771204658915 -0.38567867394697386 0.007621621851621773 0.9999497349101715 0.006514485639611745 -1.9100544743058194 -0.009396348664191999 -0.00644277138329282 0.9999350975555102 173.23425925184705
0.9999470567418078 -0.0026300819959747413 0.009948185402089464 -0.3765950367254942 0.0025452171734363805 0.9999603475915072 0.008533762823906764 -1.9363701650571956 -0.0099702362640341 -0.008507990883927502 0.9999141005484079 174.6274139450099
0.999947409456698 -0.0008467096340936189 0.010220636564724179 -0.3814983267418166 0.0007299216995176883 0.9999344660175766 0.011425011124704277 -1.9512176963661065 -0.0102296412878927 -0.011416950228798094 0.9998824969383636 176.01749793053327
0.9999500449800464 -0.003847021303219891 0.009225398838833606 -0.3820908065596274 0.003732231578509042 0.999915805078497 0.012427919851795232 -1.9566732258293305 -0.009272433352838774 -0.012392867923705921 0.9998802122264078 177.42881259207743
0.9999504930297699 -0.005869752416342803 0.00803476883699441 -0.38849306090155744 0.005768059701510713 0.9999037048988085 0.012621822568548997 -1.9625954672620491 -0.008108082776260045 -0.012574852910767785 0.9998880597675706 178.81814262949206
0.999949001669025 -0.008205282662242755 0.005887903925485709 -0.3738560068838515 0.008154507143012357 0.9999297988526354 0.008596590504973778 -1.9665532365566656 -0.005958028538896321 -0.00854813929593942 0.9999457141299702 180.15421137229245
0.999975547956985 -0.00570050424459414 0.004050648278412099 -0.39652306108859803 0.005680775158651546 0.9999720268873057 0.004865616944884405 -1.9901415224549892 -0.004078271779537238 -0.004842487236254168 0.9999799588056272 181.57381388653346
0.9999932888313485 -0.002069552733612 0.003023119364818842 -0.39131302637921705 0.0020561033708195436 0.9999880060887087 0.004445234932855267 -2.0103986874394906 -0.0030322830064072534 -0.0044389893376561625 0.9999855502108663 182.9662899772278
0.9999951639473482 0.0013876338522092104 0.0027832634499348136 -0.4007075217398798 -0.0014038444097689146 0.999982015366155 0.005830794633463716 -2.022440561891469 -0.002775122615821347 -0.005834673818072092 0.9999791274190366 184.29468770079126
0.999987307418371 0.003390697748039807 0.003726683405525847 -0.4148399512883522 -0.003420907372315339 0.9999610995979441 0.008129986931255776 -2.0275654570647603 -0.0036989724138823572 -0.008142632539543266 0.9999600067683995 185.74563270804364
0.9999736924118275 0.006209550461166435 0.0037491278014045856 -0.4099076114578513 -0.006248964959396971 0.9999243526045306 0.010594315187951753 -2.053284153671983 -0.0036830585579483363 -0.01061746485635412 0.9999368502654467 187.11505505273104
0.9999847793652898 0.0035673846502319567 0.004208895677599353 -0.42467404785098967 -0.003613539490423894 0.999932861003026 0.0110098056950897 -2.050783671228984 -0.004169337228383051 -0.011024847346234856 0.9999305322705991 188.563491657662
0.9999890342062357 0.0025589534230976143 0.003922145429889076 -0.4183124569567641 -0.0026047968225272958 0.9999278306310279 0.01172810996606805 -2.063003581908319 -0.003891851003550992 -0.011738197980133449 0.9999235311780063 189.97269833978237
0.9999910425183082 -0.0007625076283914334 0.004163348577472584 -0.42818360369139646 0.0007107169198408512 0.9999225289021593 0.012427029795465021 -2.068848221446222 -0.004172502085815664 -0.012423959759187694 0.999914114036783 191.33605127112227
0.9999830679680745 -0.003051496455821248 0.004955013260759709 -0.45596049606569017 0.002987939548170013 0.9999138175102936 0.01278396495904332 -2.080488735838488 -0.004993596860609673 -0.012768943465727621 0.9999060046186636 192.79385922477323
0.9999745983729508 -0.005133524657079735 0.0049446481781824266 -0.4315294963955884 0.005067253899208713 0.9998984032134209 0.013323144425946168 -2.086381451956364 -0.00501254092073166 -0.01329775046272359 0.9998990170341058 194.14431118345885
0.9999321317201395 -0.010249323970987616 0.005539253336308409 -0.4406615117572622 0.010165794952134915 0.9998372648035955 0.014903036839906313 -2.0897084814721305 -0.005691098425773501 -0.014845714762954121 0.9998736000875913 195.598009738532
0.9998899549090727 -0.013623742207500447 0.0058712636140588635 -0.4240110599840047 0.013530256704585224 0.9997855330418021 0.015678649719818697 -2.1035707020814773 -0.006083606804485582 -0.015597484949550591 0.9998598442742151 197.01873725897514
0.9999245083826799 -0.01082389988560289 0.005815560420137775 -0.4246990263739662 0.010747387719596595 0.9998573387887203 0.013030568393064833 -2.123835616775087 -0.005955772825035856 -0.012967082854185855 0.9998981865825781 198.4437035178481
0.9999649578439762 -0.0055238990478905375 0.006290440104528515 -0.44765315430744984 0.005479070342991407 0.9999596304058839 0.007121610620569434 -2.116963022156046 -0.006329525748907494 -0.007086895430457695 0.9999548554872466 199.877683951182
0.9999575068834001 0.004847662757821201 0.007841211048957242 -0.44499121710442197 -0.004898679244379829 0.9999668753309866 0.006500091554070997 -2.129294817313031 -0.007809441714665514 -0.006538227048960178 0.9999481307557911 201.33662761969438
0.9998974999292722 0.01153643433265798 0.008479404317208903 -0.45734005422263996 -0.01161885268662726 0.9998851034963381 0.00973560951673465 -2.13532693238519 -0.008366116543193849 -0.009833132761536514 0.9999166553219749 202.76829844104947
0.9998746099780547 0.01274381169435367 0.009399976615855475 -0.42452230039096184 -0.012853772596606054 0.9998485617504823 0.011731757013360832 -2.1367614890110858 -0.009249046570462546 -0.01185111136573894 0.9998869967622307 204.17937507406938
0.9998870734044109 0.010967203879415764 0.010274281433900386 -0.48548261182141683 -0.011093802259377571 0.999862230968276 0.01234692899942761 -2.1479208201955045 -0.010137455515793172 -0.01245951579507474 0.9998709879076993 205.63364329411857
0.9999301853429857 0.008371189982281963 0.008339520786030378 -0.4507144842335355 -0.008475284287451453 0.9998856299491381 0.01252583693656848 -2.160446377674598 -0.008233711520101451 -0.012595642507005908 0.9998867714807621 207.09604202151044
0.9999539842692576 0.006705998167925158 0.006859950823571392 -0.4263476781922914 -0.006788737259824391 0.999903628422544 0.012109786258644636 -2.168657904787651 -0.0067780820782327835 -0.012155799660941994 0.9999031423772347 208.5167073032463
0.9999587554623609 0.006370527091173885 0.006473310753757914 -0.43684928139064366 -0.006445770746749496 0.9999111275893005 0.011670003058276852 -2.171124479958223 -0.006398391916046552 -0.011711247441982498 0.999910949666053 210.01323591341028
0.9999463069390725 0.00782601881663019 0.0067923970865466235 -0.45202744017690516 -0.007906010051325634 0.9998987601324429 0.011830659452766778 -2.18660308292685 -0.006699123018698058 -0.011883725222851298 0.9999069450820924 211.4956618135696
0.999941854388118 0.008747949641541247 0.006305648817740276 -0.4441493277181535 -0.008825185726093445 0.9998850779485423 0.012326678681575453 -2.184019096580661 -0.006197091509541832 -0.012381610706933851 0.9999041412912794 212.92575087555713
0.9999450039140696 0.00884502755274109 0.00563512389897332 -0.4481879308190927 -0.00891342888434423 0.9998854693260819 0.012231068267744677 -2.2028650537292145 -0.0055262948262601265 -0.012280624127314007 0.9999093190560719 214.37113201237437
0.9999379458134311 0.009607367583552275 0.005639414407018523 -0.4646653828881133 -0.009672609974920744 0.9998852600758189 0.011657929351378962 -2.2155124810389206 -0.005526765786690851 -0.011711754017796396 0.9999161413218937 215.8382898915248
0.99995239561915 0.00808280846256383 0.005465774540842496 -0.47033836921936467 -0.008144913067609259 0.9999014205860243 0.011437198715549109 -2.2240169657870723 -0.0053727914867016295 -0.011481172741374836 0.9999196546635059 217.32509655509548
0.9999485334180166 0.009051091009920523 0.004583475961135789 -0.44752904120208653 -0.009102994111885292 0.9998932110588915 0.011432497209311408 -2.2404895657069526 -0.004479510293730549 -0.0114736324018701 0.999924141995748 218.7968046570293
0.9999410835628407 0.009735028314694267 0.004801938181344384 -0.4649388105277395 -0.009786596156624647 0.999893408576837 0.010834852950275085 -2.239616799200508 -0.004695949124323664 -0.010881209447190855 0.999929771204549 220.28141702628005
0.9999497496769177 0.00887736047743414 0.004657314436672774 -0.4670172710629031 -0.008928384682911468 0.9998990674377458 0.011051646923603007 -2.2547381025128486 -0.004558735285225965 -0.011092674091375649 0.9999280826703085 221.76484555381876
0.9999375166274393 0.010389648400639773 0.0041252912660940605 -0.46757312367696796 -0.010433256767257575 0.999888387732027 0.010693888536844099 -2.265236958540547 -0.004013725422208856 -0.010736260785940364 0.9999343091980789 223.25384353445236
