1.0 -3.469446951953614e-18 0.0 -1.7787691892340307e-19 0.0 0.9999999999999999 -3.5405977195229754e-19 0.0 2.168404344971009e-19 -2.354751593366955e-19 1.0 0.0
0.9999999206481417 -0.0003127871701220624 -0.00024671444270915155 -0.0064588703565268465 0.00031301810566437827 0.9999995125157172 0.0009364760257734136 -0.02427926605865941 0.0002464214263613021 -0.0009365531959699563 0.9999995310724492 1.3117680173422162
0.9999987843428615 -0.001556334728663282 -9.558891400713514e-05 -0.01107236653313896 0.00155649920862546 0.9999972673072296 0.0017443295614397792 -0.03870489883066588 9.287390149034986e-05 -0.0017444762582691713 0.9999984740875667 2.607699200791871
0.9999977461055769 -0.0019137654293977738 -0.0009193949343841995 -0.015040276685517525 0.001915497235811801 0.9999963863129251 0.001886326650299394 -0.06928369171984314 0.0009157817043034623 -0.0018880835336672244 0.9999977982406969 3.940519559601613
0.9999935839995517 -0.00357884131252398 -0.00015446471182282008 -0.011548736421210385 0.003578961950934767 0.9999932862804912 0.0007863969660000091 -0.0835357108084256 0.00015164929854246355 -0.0007869447566973141 0.9999996788603451 5.255092835516362
0.9999922336972188 -0.0038613301790155832 -0.000789099836858701 -0.016311485679495707 0.0038622974513558925 0.9999917877349485 0.0012276463462771738 -0.10177387310863702 0.0007843530762272476 -0.0012306845722315004 0.9999989351030263 6.587937318318877
0.9999884190180315 -0.004789961356850935 -0.0004670177647399104 -0.01595170327136359 0.004791152887529581 0.9999851842002758 0.0025838396190245444 -0.13314936326957216 0.0004546343944252982 -0.002586047296810049 0.9999965528281298 7.911939387911417
0.9999853588093462 -0.005409261111990395 -0.00014855249339355077 -0.01694173490291274 0.0054096732347314325 0.9999810822169176 0.0029275649142916737 -0.1361224544655658 0.00013271373403760459 -0.0029283257253868472 0.999995703638911 9.228924829786196
0.9999887156785044 -0.004600749990616312 -0.001183900064630375 -0.021838283810076565 0.00460426000029051 0.9999849628140645 0.0029790818933995294 -0.16074743741411923 0.0011701763527454875 -0.0029844993164474575 0.999994861713612 10.583035012425105
0.9999966269847798 -0.0025481150480742877 -0.0005031219529414133 -0.023097250355041597 0.002548505229737496 0.9999964514036688 0.0007760781680622136 -0.17514299345293158 0.0005011426742637154 -0.0007773577730455823 0.9999995722858179 11.890339228488358
0.9999994367606184 0.000217389334115331 -0.0010388543134236354 -0.01549094814644111 -0.00021860029573130685 0.9999992966967745 -0.0011656845014794423 -0.19542237273034463 0.0010386002622225074 0.0011659109607482557 0.9999987809805947 13.247101433463948
0.9999950155589468 0.0030591552895661038 -0.0007812933784675971 -0.028406552292517935 -0.003060449079711333 0.9999939391588972 -0.0016599104394915986 -0.2045066937677032 0.000776210783410562 0.001662293304156074 0.9999983171380129 14.583270479010148
0.9999912139380911 0.004189231819010571 0.0001495849644547315 -0.021602670464933162 -0.004189097048089256 0.9999908278937828 -0.000891965410622938 -0.22333112347781667 -0.00015332025628382747 0.0008913309623112238 0.9999995910107551 15.917970208711157
0.9999939080179469 0.0034729903283817433 -0.0003496543910666461 -0.017054012696477445 -0.0034725073943651626 0.9999930281670836 0.0013730680337421999 -0.24725767181635827 0.00035442063617313244 -0.0013718455215642566 0.9999989962128233 17.290755351874555
0.999998787258432 -0.001535675053948327 0.0002592036484381935 -0.010780534418967369 0.0015346940995609824 0.9999918151410481 0.0037435760729636 -0.2644581289379285 -0.00026495046252593174 -0.003743173807048706 0.9999929592009551 18.628564777828796
0.9999956565202889 -0.0029472201263556676 -2.895293625382084e-05 -0.013381119581359166 0.002947270166710002 0.9999938390522132 0.0019066860323439878 -0.28457073273667866 2.3333338151611044e-05 -0.0019067631181615768 0.9999981818535131 19.982665948393716
0.9999916500483881 -0.004069942628541871 0.0003679763650253089 -0.010342677886359456 0.004069697390750606 0.9999914973154294 0.0006654730261705598 -0.29075474575006205 -0.0003706817037799268 -0.0006639699267199025 0.9999997108692347 21.325522351347804
0.9999951833281621 -0.003101232150308164 0.00012523673494400857 -0.008514122604849787 0.003101383212027067 0.999994442900638 -0.0012229414213164088 -0.3373708739487142 -0.00012144342478314068 0.001223323964500274 0.9999992443645407 22.697957026680065
0.9999988765027269 -0.0009021923318513914 0.001197098746026481 -0.021378819350266174 0.0009026990066100353 0.9999995032157248 -0.00042273093491076384 -0.33054891642833445 -0.0011967168681345744 0.00042381108984029754 0.9999991941252417 24.059851672210684
0.999997729632362 0.0001704423776375981 0.002124072058381681 -0.022349358504872085 -0.0001785242035353858 0.9999927440327102 0.003805260901856981 -0.36719551374755033 -0.0021234082448344455 -0.0038056315341982072 0.9999905041068979 25.45536212674142
0.9999975301667854 -0.00023228883371115283 0.002210363221968957 -0.012940555660824367 0.00021725579522989362 0.9999768630539791 0.006798981869714642 -0.38275862929057686 -0.002211891589876653 -0.006798484995161461 0.9999744437415372 26.816381710858487
0.9999921846406806 -0.0030933987359234496 0.0024620214240972365 -0.02123805544660002 0.003079255081310654 0.9999788537566463 0.005728020766166932 -0.43321430020344853 -0.0024796886184899856 -0.005720394916006724 0.9999805639233583 28.176101662614283
0.9999867912506761 -0.004718740495020232 0.0020373564549194343 -0.01854258958237956 0.00471405686850355 0.9999862489346416 0.00229773863510193 -0.42804552582087485 -0.0020481710423421286 -0.002288104110477226 0.9999952847751754 29.563228523235118
0.9999809146304982 -0.005501071587350519 0.0028122227462894648 -0.009403946140300698 0.005499381591065337 0.9999846931725531 0.0006084534785778006 -0.474085481822096 -0.0028155270832935808 -0.0005929763852026869 0.999995860582779 30.939964180689902
0.9999813267089042 -0.005462725559042437 0.0027395024157071983 -0.0063622408618984674 0.005467190886285526 0.9999837344360161 -0.0016250170475950237 -0.45249556516926503 -0.002730581065706444 0.0016399641245454176 0.9999949272076342 32.32776612455058
0.9999901859140635 -0.002419408414155196 0.0037114076251980703 -0.015789212951527326 0.0024287238483110714 0.9999939069667495 -0.0025074541828577885 -0.5168223291727156 -0.0037053187707329345 0.0025164436131630166 0.9999899690095074 33.71098830016474
0.9999907773962649 -0.0019446323573073469 0.0038292995382696714 -0.011332554869510444 0.001956129116726114 0.9999935842721168 -0.003000828346757643 -0.5301000455598337 -0.0038234397880532356 0.003008291339523197 0.9999881656732621 35.113825965963585
0.999993140417556 -0.0012053383533332396 0.003502325439203328 -0.005842823487922116 0.0012131156818316127 0.9999968014756668 -0.002219321314632968 -0.5840863698357199 -0.003499639501307719 0.0022235548645250527 0.999991404124361 36.49311522404129
0.9999942870961359 -9.18340386796973e-05 0.0033789563415670505 -0.005628264063203325 9.379247697956054e-05 0.9999998277242934 -0.0005794430723485268 -0.5931089940427862 -0.0033789028328674057 0.0005797566969779043 0.9999941234295033 37.90188626867448
0.9999947252485357 0.0011999047347631712 0.0030182288743169534 -0.0041964210709891925 -0.0011989784881051091 0.9999992335779716 -0.0003087007271353462 -0.6145815403465836 -0.00301859722796838 0.0003050803148742515 0.9999953974858518 39.29116256725345
0.9999895567667367 0.003197774623587466 0.003265056378151515 -0.003389153540590717 -0.0031969193671500017 0.9999948541473769 -0.00026719136888047354 -0.6359816556810947 -0.0032658942708468706 0.0002567504618383741 0.9999946339904432 40.694790072733745
0.9999797846816324 0.0053770840387820425 0.0033936984120758354 -0.009108356936443282 -0.005377271685213033 0.999985541314274 4.606777925251956e-05 -0.6543632987746497 -0.0033934019204059996 -6.4315688980703e-05 0.9999942403247553 42.11362538872547
0.9999654287240115 0.007789978715257015 0.002908191112168662 0.0006752064283198217 -0.007791079507949061 0.9999695816664019 0.0003672037285460972 -0.6900333657629868 -0.0029052423863138045 -0.00038984899330936286 0.9999957037811502 43.50512047130179
0.9999685996566636 0.007464658475838714 0.0026605567545240766 -0.00051551704005455 -0.007465731008358652 0.9999720537295794 0.0003932379161968294 -0.7202651846402179 -0.002657547239872278 -0.0004130885811489043 0.9999963833919985 44.934809026740226
0.9999704631615471 0.007488753993952642 0.0017295533154525818 0.015092836977461443 -0.007487953313509585 0.9999718547995113 -0.0004692332932916661 -0.7523194772061746 -0.001733018756836642 0.00045626862381220574 0.9999983942299484 46.32895829750597
0.9999778909178718 0.006590789270846243 0.0008827003887280605 0.01122722488243895 -0.0065908389710052535 0.9999782787912386 5.292356188798481e-05 -0.7688099594402221 -0.000882332482309682 -5.874013340552996e-05 0.9999996090187785 47.76913444764243
0.9999792027264386 0.006449319329218856 -1.953368939167305e-05 0.009183403353708083 -0.006449309446848883 0.9999790838991071 0.0004880420853259885 -0.7907541347031932 2.2680821971396295e-05 -0.0004879059711476782 0.9999998807167173 49.15683930330596
0.999975002348667 0.006949820924976471 -0.0013017873553377328 0.016447304679629723 -0.006948659089837071 0.9999754570447208 0.0008952426185469367 -0.8150727176243726 0.0013079772923167508 -0.0008861745868973657 0.9999987519453657 50.59435317064044
0.9999721940515799 0.006963220624314082 -0.0026692064449104513 0.01596989997163266 -0.006960590647757952 0.999975281271761 0.0009934976595681103 -0.8291702110853597 0.0026760586354048297 -0.0009748908077309438 0.9999959441432502 52.05351408776542
0.9999669251160084 0.007286791609129917 -0.0036126610897883682 0.008998337916632335 -0.007280253397562804 0.9999718427412398 0.001819793973914976 -0.8587380423202746 0.0036258201340123503 -0.0017934327401458163 0.9999918184837023 53.442577150559345
0.9999686448021659 0.0066203053701229825 -0.0043452212218476095 0.004967379989248288 -0.0066084412417411476 0.9999744123640485 0.002739185019162448 -0.8772706421845369 0.004363244649703291 -0.002710384054387968 0.999986807874596 54.90748837249148
0.999971151953392 0.005722844148613399 -0.004994426360405335 0.004098246376001549 -0.005708018647206898 0.999979275686832 0.002977705620035064 -0.9019400141578618 0.005011364225057194 -0.0029491115068328525 0.9999830943472562 56.30332343959699
0.9999798000839104 0.003296410145377276 -0.005434435335180143 -0.0018706915648738637 -0.0032831700255802577 0.99999162501905 0.0024434999333077592 -0.9234095730689822 0.005442445061542355 -0.0024256084543754696 0.9999822479557724 57.73402139453906
0.9999835010482122 0.0016815027759189164 -0.005492737559366068 -0.012385458955336714 -0.0016663701205839824 0.9999948070296565 0.002758464555357697 -0.9357470578359445 0.005497347868242763 -0.002749266169781763 0.999981110178317 59.195198929108464
0.9999852279403966 0.0006137983034220059 -0.005400661151986583 -0.005358613334191506 -0.0005956733903659606 0.9999941877455275 0.003357029741953626 -0.9548997622813715 0.005402690760385233 -0.00335376319253836 0.9999797814038239 60.5852717627045
0.9999886831432198 -0.0012308077078969897 -0.004595507693217417 -0.02320821157718944 0.0012491232444789783 0.9999912806045754 0.003984771406959142 -0.9745095186420446 0.004590563527072335 -0.003990466748794778 0.9999815012845604 62.04994434215902
0.999986397811931 -0.0023791324108762314 -0.004641542272346157 -0.011417693322135603 0.0023977506256810024 0.9999890863022286 0.004009746126322346 -0.9949477004805917 0.0046319522938551225 -0.004020820927085139 0.9999811888364787 63.43510922623208
0.9999834284454404 -0.004107071911192018 -0.004034202877349452 -0.021776989589896878 0.004119468741918474 0.99998680436028 0.0030693772028839417 -1.0132358792884868 0.004021543833211906 -0.0030859451721348984 0.999987151985335 64.86971107942622
0.9999834378335338 -0.0047336474149593365 -0.003273628126310278 -0.026539483698114305 0.004742301732170795 0.9999852680990534 0.002640862058078486 -1.0414834915226323 0.0032610792677656734 -0.0026563429034008215 0.9999911545662759 66.3273007032789
0.9999905342177856 -0.0034160553978120622 -0.002694817323923211 -0.031796269436845395 0.0034225902497970508 0.9999912049748451 0.002424013963944744 -1.05334915138809 0.0026865132861964985 -0.0024332143217829756 0.9999934310382278 67.67381601672399
0.999996924838029 -0.001465994498867057 -0.0020002933433997234 -0.039166080598761685 0.0014728983402565402 0.9999929492740566 0.003454268330995417 -1.0722544038606425 0.0019952154730294583 -0.003457204005947662 0.9999920333981582 69.15276557929644
0.9999975226893392 0.0017901671929047448 -0.0013228421340285017 -0.04957787787085238 -0.0017839679108484652 0.9999874909691118 0.004672832741335515 -1.0926420395713616 0.0013311908545961327 -0.004670461351865806 0.9999882072929301 70.49448617144297
0.99998698291846 0.005085613026617461 -0.0004129445242309136 -0.056123173216642175 -0.005083320697595787 0.99997263331853 0.005375171932118582 -1.1167282522140376 0.00044026930894202287 -0.00537300294377284 0.9999854683965618 71.96998024195165
0.9999425603178872 0.010716098837594711 0.00020314043917897496 -0.06584569207811777 -0.010717048618529845 0.9999276821596583 0.0054566787692987805 -1.1381249780050608 -0.00014465144795792052 -0.005458542521044269 0.9999850915841737 73.3162782322707
0.9999134042787134 0.013122454587424382 0.000992521171864426 -0.0741430286915103 -0.013127364832818901 0.9999007590860951 0.005113149989678209 -1.1540204342524747 -0.0009253256694751254 -0.005125736510619977 0.9999864352067419 74.73250280370561
0.9998798173011276 0.015397926497031353 0.0018040996419342327 -0.07854800125107728 -0.015406658553047433 0.9998691565710894 0.004929974567715131 -1.1755557686082534 -0.0017279523442761387 -0.00495717732533985 0.9999862201912623 76.1795145710863
0.9998589370780915 0.016687310086662764 0.0019077695223399392 -0.07468227277209613 -0.01669647385534815 0.9998486353378194 0.004892261018532186 -1.2002606901755202 -0.001825842228131681 -0.004923424034188264 0.9999862130022352 77.51958621585801
0.9998817948993575 0.015218396977792734 0.0021901108274743437 -0.07479482087983733 -0.015228583594169788 0.9998729368158903 0.004711741027152812 -1.2233715898373114 -0.0021181275756975964 -0.004744536464595605 0.9999865013626501 78.9513991747213
0.9998845438116202 0.015028306200645145 0.0022470031789256356 -0.08111781244178923 -0.015037104175072407 0.9998791312845904 0.003950741422857888 -1.2414313891375999 -0.0021873588172580728 -0.00398407379445307 0.9999896712543068 80.32044948506186
0.9999026924465019 0.013854698333368803 0.0016287847031582572 -0.06206409797187254 -0.013860880784787939 0.9998965320776353 0.0038472271963775587 -1.2633563089124187 -0.0015753141348096053 -0.0038694293083026666 0.9999912729123243 81.7149621542922
0.9999088698807163 0.013420297508339991 0.0014654409595265857 -0.06932831469326164 -0.013425965534369684 0.9999021508556019 0.003928383436509887 -1.280980482008129 -0.0014125776099432063 -0.003947700489212912 0.9999912101034591 83.1161939224236
0.9999077087101771 0.013534426598743914 0.0011803924766479559 -0.07359958745021063 -0.013538252651028256 0.9999029241248355 0.0032951593194705457 -1.3014885763383797 -0.0011356798912030076 -0.0033108357312424137 0.9999938742797242 84.45549195611846
0.9999025751096665 0.013956924116858248 0.00021100530345842614 -0.07418027287439323 -0.013957611093110932 0.9998957268877019 0.0037041164634867693 -1.324196510678012 -0.00015928524019578959 -0.0037067008039309837 0.9999931174752612 85.86939027353365
0.9999196384607951 0.012662702719047052 -0.0006103673644510814 -0.0798131374988906 -0.012659940103752852 0.9999104558171937 0.004336622414738676 -1.3410322142270483 0.0006652261289852197 -0.004328546798366684 0.9999904105334342 87.23582853931514
0.9999246917386093 0.012126155596279272 -0.0018886951711792332 -0.08594592317391858 -0.012116044874598737 0.999912677991376 0.005276161159577492 -1.3685379791415193 0.0019525099661998734 -0.005252880420015184 0.999984297355067 88.61138156951608
0.9999427192148689 0.01023829383345377 -0.0031201922222151577 -0.09303660799043047 -0.010219073202676333 0.9999290849415378 0.0061151984919048585 -1.3928766677472915 0.0031825804258505115 -0.006082962866133226 0.9999764340982812 89.99316464322979
0.9999614750820127 0.007910524410127236 -0.003804199178436423 -0.10475485842686347 -0.007886155475567723 0.999948558254024 0.006378825333626318 -1.40907192734788 0.00385446366767323 -0.006348579218044949 0.9999724189499406 91.36704049548864
0.9999698981790661 0.006469304788923571 -0.004283784535815292 -0.11999759831414147 -0.006442954803603244 0.9999604139215789 0.006136687602177946 -1.4210884538201376 0.004323315429970015 -0.006108902775429982 0.9999719947380407 92.7462546405561
0.9999759120492052 0.005277018475149095 -0.004508700296354537 -0.13597534313316947 -0.005250864896785739 0.999969434067258 0.0057930439221974194 -1.4421780181429857 0.004539132871460332 -0.005769229924967644 0.999973055771513 94.0888970343768
0.9999769049917774 0.00498879838284283 -0.004615339117052778 -0.15870200036980595 -0.004966077605658979 0.9999755587347665 0.004921383424060998 -1.4570824372189226 0.004639778497741959 -0.0048983497365784525 0.9999772390586925 95.48963509071824
0.9999769624512687 0.004840829754517209 -0.0047582470962895355 -0.17386446453223078 -0.004819709167970452 0.9999785269023787 0.004440286703876853 -1.4797864612627778 0.0047796400011682035 -0.00441725113806006 0.9999788212477839 96.81641335421882
0.9999673949542717 0.006776064408685214 -0.004392488718496417 -0.19910174782189444 -0.00675905481233116 0.999969645938781 0.0038758730904482367 -1.5051093755384726 0.0044186189304195045 -0.00384605773000673 0.999982841680766 98.16880345934496
0.9999713055949251 0.006263803804609429 -0.0042606018222037835 -0.21802318611278515 -0.006246969912605127 0.9999726740051121 0.003953052212192758 -1.518528412020086 0.004285246905426619 -0.003926323015988193 0.9999831101851213 99.51622596839997
0.9999595502995232 0.008114626570197224 -0.0038795071492160526 -0.23919516320041667 -0.008096414801029232 0.9999562373844935 0.004687365946429421 -1.5402397848467653 0.003917373930397566 -0.004655766345942747 0.9999814888434698 100.86941922840965
0.9999599212923936 0.008198162417209966 -0.0035980435787707336 -0.2604038168204163 -0.008177531293770877 0.999950250067279 0.0057118638359770265 -1.5512827519452101 0.0036446916758675948 -0.005682211919133231 0.9999772140896185 102.20551100719462
0.9999574051666744 0.008516725496936627 -0.0035571356550553232 -0.2766416550583133 -0.008495693594019537 0.9999465842160568 0.005886588311161484 -1.5756712255073082 0.0036070804136586927 -0.005856117363195413 0.9999763471544925 103.54261051782927
0.999958088630346 0.00845683117982806 -0.0035075581730439984 -0.2967598282876443 -0.008446311740988562 0.9999598192663169 0.0030032796398198796 -1.6004794408976482 0.0035328157661073684 -0.002973527906436109 0.9999893386189723 104.88078036337565
0.999968951830707 0.0070836337194489195 -0.0034521713248984428 -0.31316643635915475 -0.007077756819444276 0.9999734872673882 0.001711763757120705 -1.6200452344044678 0.0034642055995390744 -0.001687277022352283 0.9999925761636564 106.19459256602732
0.9999749467861847 0.006207701333870875 -0.00340150339309699 -0.3285177610505394 -0.006198542569768247 0.999977152847819 0.002696639468823755 -1.641719585546675 0.0034181659014918377 -0.0026754876060232032 0.9999905789129607 107.54814554900547
0.9999932125854517 0.0023593313225088383 -0.002829899208184713 -0.33877309594994476 -0.002346722460066843 0.9999873419372672 0.004450714785569559 -1.6499610277200238 0.002840364341430121 -0.0044440436803996975 0.9999860913093819 108.89141141571362
0.9999944046673723 0.0027424696484749074 -0.0019155902435285764 -0.35243181373535015 -0.002731986385206773 0.9999813947009565 0.005454035744701392 -1.6875438360376696 0.0019305122982754808 -0.005448771972156245 0.9999832918658547 110.23189811176236
0.9999968384492784 0.002257226156541981 -0.0011081587077924802 -0.36591692940513043 -0.002251887862114098 0.999985967266494 0.004795234512181312 -1.707939065127302 0.001118967184367139 -0.0047927239997624105 0.9999878887826745 111.56800192954282
0.9999956901880339 0.0028693149061746774 -0.0006217967023207707 -0.3873478262187958 -0.002867800470897153 0.9999929518199555 0.002423228346106202 -1.731746876354325 0.0006287453799118897 -0.0024214347640062013 0.9999968706622896 112.87116110932668
0.9999831895903741 0.005795829506493174 0.0001699577645029504 -0.3968389316545951 -0.0057958759438903225 0.9999831668396709 0.000271792043046207 -1.7658681030236725 -0.00016837965762003262 -0.00027277253790710136 0.9999999486216069 114.23997720734104
0.999979782251952 0.006008920005735574 0.0020803745821977417 -0.4283889048815434 -0.006008065337423759 0.9999818644652959 -0.0004170174880395897 -1.7752037268088827 -0.0020828428549570753 0.00040451003553500643 0.9999977490646665 115.54951711575617
0.9999591724026822 0.00830379984016243 0.003563765193646166 -0.44355824333603766 -0.008308335421776572 0.9999646918325821 0.0012596302890815047 -1.7991323801978536 -0.0035531799455934382 -0.00128918784687394 0.9999928564258826 116.91323427171848
0.9999556456068838 0.00823614088401019 0.0045686748281920765 -0.4408623305901195 -0.00825071095231554 0.9999609079037755 0.003179378902864629 -1.815076878556165 -0.004542310798327525 -0.0032169327649009187 0.9999845092558187 118.20706649098778
0.9999413594267483 0.009309496636201701 0.005532717711772261 -0.4409143969803787 -0.009332665342503581 0.999947727697696 0.004176511664462324 -1.8367584742474543 -0.005493547744000344 -0.004227901840251951 0.9999759725984608 119.57678229197461
0.9999414968352572 0.00861245583556558 0.006544348624285461 -0.4380454631152444 -0.008638455533125835 0.9999548667796024 0.003954934612428329 -1.8452647292323285 -0.0065099921045180175 -0.004011236381178604 0.9999707645626064 120.89948939479216
0.9999177759521892 0.010150468031007684 0.007836409712495421 -0.43806768296881526 -0.010178049481361105 0.9999421197970539 0.0034877481331589432 -1.8669880139453412 -0.007800554520544324 -0.0035672207939332714 0.9999632124627711 122.21900715234479
0.9998900682378307 0.011871534134773078 0.008883585711857735 -0.44620323529693173 -0.011901253996505065 0.9999237320517642 0.003300039515994286 -1.895013845099887 -0.00884373239259153 -0.0034054026158052897 0.9999550948038118 123.61077782349227
0.9998632702097187 0.013091968524003975 0.010101545431628006 -0.44725388804021127 -0.013117581563738191 0.9999109017356408 0.0024733936461594514 -1.9276630098279477 -0.010068264659251282 -0.002605563358871439 0.9999459190775908 124.93552367157996
0.999837789160636 0.014294909058179251 0.010956774684895414 -0.45362363534154726 -0.014312537787006132 0.9998963965779741 0.001532125568134697 -1.957980879038757 -0.010933738853385333 -0.0016886963277949827 0.9999387989537233 126.31141777459875
0.9998318467339645 0.013902515294855658 0.011958189498418762 -0.4533315416097653 -0.013918732307981505 0.9999023182692037 0.0012739096449385558 -1.9898001979870092 -0.011939311862110788 -0.0014401383007023154 0.9999276867993543 127.6696148075106
0.9998329298002855 0.013082488420558112 0.012765616204259934 -0.45261805699566315 -0.013106209542125494 0.9999125322965213 0.0017762488331780036 -2.0224019204595725 -0.012741262946313482 -0.0019432609537871981 0.9999169385253486 128.99888760799905
0.999845733417291 0.011110581794450338 0.013603834698963861 -0.45127488598656174 -0.01114811926081925 0.999934248771579 0.002686558432039088 -2.0512703085057784 -0.013573092148350813 -0.0028378012108702445 0.9999038544025556 130.3671711605654
0.9998360555072495 0.011661027727233889 0.013852166517639205 -0.4486714051656616 -0.011706585186785683 0.999926315936586 0.003212255903205621 -2.0927832374119903 -0.013813688793933441 -0.0033738909030844254 0.9998988943176498 131.71924455260077
0.9998505273339037 0.01036388588724742 0.013838816444677595 -0.4470389259615585 -0.010410995185827006 0.9999402380318716 0.003336400342816834 -2.12155635422829 -0.013803412501676752 -0.003479977558833895 0.9998986726439318 133.09666051786036
0.9998754342913421 0.007994901699247225 0.013608726448031364 -0.44634113614667714 -0.00805065680807202 0.999959403005122 0.0040471326863272435 -2.1394132737284437 -0.013575818691051508 -0.0041561878155906284 0.9998992065429938 134.43938255244205
0.9998980529326912 0.006130336311461206 0.012895840856258384 -0.44229531992759286 -0.006183742406363383 0.9999724526366858 0.00410552179859192 -2.1802284124265396 -0.012870318465135139 -0.004184847887350982 0.9999084167791974 135.77509666084694
0.9999147828503029 0.005990450424720145 0.011599204086770738 -0.44195548319136946 -0.006032497486849598 0.9999753480210495 0.003593373854006705 -2.217275296221777 -0.011577393191306287 -0.00366303987379101 0.9999262703320022 137.1299759562237
0.9999374316894919 0.003519300162659755 0.010618249986809377 -0.44342113932040494 -0.003565936179635575 0.9999840658823157 0.004376309663381006 -2.2429371683611192 -0.010602680139717458 -0.0044138999279308595 0.9999340481529025 138.50393486435382
0.9999505843888132 0.0030382348166180725 0.009465617309237428 -0.4460852353494873 -0.0030827630318711694 0.9999842353277076 0.004693151680003707 -2.272406593345662 -0.009451209985122217 -0.004722100107863059 0.9999441866396699 139.8281353622437
0.9999637314660046 0.0014993372028618097 0.00838377867347661 -0.4495560215818881 -0.0015423149150828952 0.9999856922241339 0.0051221687950995555 -2.2942399229385173 -0.008375979565788888 -0.005134913543976168 0.9999517366470527 141.21610732124805
0.9999753127455714 0.0005079233412744258 0.0070082750383056724 -0.4576198301579527 -0.0005412931995426168 0.9999885226630004 0.004760414241222184 -2.3270935535236728 -0.007005777264676756 -0.004764090339868044 0.9999641106172805 142.52761268020853
0.9999815218633471 0.0006802681673937737 0.006040957880406688 -0.46148126157293534 -0.0007079636476988345 0.9999892443855443 0.004583655838765215 -2.353135456949401 -0.006037775297598146 -0.0045878480059539485 0.9999712480441401 143.89817625597635
0.9999869527537615 -0.0009040813704412291 0.005027620322090658 -0.46344346173362094 0.000892270016727089 0.999996838198864 0.002351051821690749 -2.3910278675962995 -0.005029730390992554 -0.0023465351935331802 0.9999845976711951 145.25934320326434
0.9999806908561475 -0.004728696393929135 0.004032041210760538 -0.47057789697134134 0.004721825714998325 0.999987386769844 0.0017119160664367933 -2.428592837711951 -0.0040400858247425665 -0.0016928444413878527 0.9999904059438235 146.58340186720505
0.9998902447799997 -0.014524094589106685 0.0029238816469011617 -0.47249509411385293 0.014513145862366399 0.9998877143457133 0.0037319280564037526 -2.4460405788570974 -0.002977756460614969 -0.0036890837961674095 0.9999887617489233 147.97807672489424
0.9997874099780029 -0.020584329056114486 0.001191744323342815 -0.46487377599770363 0.020577628923798337 0.9997737499208628 0.005386107117080276 -2.4773139265209223 -0.0013023441964803034 -0.005360438900839051 0.9999847846811533 149.2699893263573
0.9997557366939311 -0.022099634792387954 0.0002703596459356131 -0.45755378447341843 0.02209902484546202 0.9997536086925298 0.0020868642827125573 -2.5217823803034367 -0.00031641199354669604 -0.002080379877653569 0.9999977859490011 150.63100533272944
0.9997299913841665 -0.023228809914093367 0.0006055747007399481 -0.47896835583551567 0.023229163864676772 0.9997299973838348 -0.0005816135193989335 -2.542518554447012 -0.0005919010528304723 0.0005955235026786358 0.9999996475019136 151.9876466831332
0.9997788426723727 -0.021006507452050398 0.0009961909397977835 -0.49473800281224944 0.021010015387327774 0.9997725993928076 -0.003650856242419522 -2.5754553950872414 -0.0009192727456007262 0.0036709789049528623 0.9999928393993316 153.3295409657528
0.9997791245732122 -0.020900314531915338 0.002208829727772722 -0.5178471035163135 0.02090729510405802 0.9997763444266449 -0.0031852991633498427 -2.6149369355737124 -0.0021417621383509064 0.0032307763453980004 0.9999924874397995 154.69399194278625
0.9996930736914568 -0.024631010396985554 0.0026592751635637893 -0.518359283583363 0.024632554913379713 0.9996964218310608 -0.0005490135699176255 -2.63463670809664 -0.0026449453288533258 0.0006143498378040004 0.9999963134106805 156.03531655578078
0.9995190992448427 -0.030864451867371724 0.0029926322896194728 -0.5117737321259936 0.03085824400001598 0.9995215660035687 0.002099495711584323 -2.6647031797167 -0.0030560005511060103 -0.002006138698570852 0.9999933181099783 157.37461487067392
0.9994263039063418 -0.0337310187265351 0.0030465424352476237 -0.5048252484477326 0.03371872207348655 0.99942334979455 0.004001960188323648 -2.6868737019597932 -0.003179776102820088 -0.003896938810170296 0.9999873513643246 158.70995529084524
0.9994239671221675 -0.03380640771271306 0.0029766968442208946 -0.4979006434753009 0.033796195764868316 0.9994229030716539 0.0034173068599504673 -2.7175213990629 -0.0030905061263617776 -0.0033147373865385485 0.9999897305896016 160.06012080667776
0.999408915965843 -0.03413655704362046 0.004063760086756279 -0.49998740309981116 0.03411918783308569 0.9994086494287392 0.004269951739526178 -2.7254239246622425 -0.004207118780469114 -0.004128775697374157 0.9999826265284448 161.44183776763214
0.9995001133874343 -0.031218310149803537 0.00499404075713824 -0.5005611536535948 0.031198785035125673 0.9995054284569185 0.003941358795493335 -2.756182312883355 -0.005114613834656683 -0.003783580605499377 0.9999797624143525 162.78115112981288
0.9995950228590167 -0.027783633235822232 0.0061530481162113786 -0.506497427525433 0.027769041166509176 0.9996113763992309 0.0024446943314425365 -2.781683113975516 -0.006218579908676749 -0.0022728400581727556 0.9999780814878501 164.1376451551156
0.9996428425475541 -0.025830815497117902 0.006852468134436578 -0.4984971762975119 0.025823271158998795 0.9996658185038021 0.0011874269777482698 -2.8034087321189567 -0.006880850952227364 -0.0010100497311629378 0.9999758165492425 165.474708146332
0.9996808449354126 -0.024258003607734863 0.007053902334111829 -0.48578356057781796 0.024247092428440833 0.9997046696537639 0.0016284899936133866 -2.819874067682038 -0.007091323615059577 -0.0014569336352988906 0.9999737948903373 166.8368468533654
0.9997280067067015 -0.0222463203209707 0.00700098915482324 -0.4734555768818771 0.022232280358564928 0.9997506745671108 0.002077115361291966 -2.852594262863782 -0.007045452395987138 -0.0019209024612769892 0.9999733355084961 168.17455292686103
0.9998127939105151 -0.01820467515891481 0.006554917983915932 -0.4702555504763415 0.01820496389376148 0.9998342757836564 1.5800255060528136e-05 -2.8872832611558534 -0.0065541198663841334 0.00010353476936921245 0.9999785161626776 169.55907453073306
0.9998541658462144 -0.015943244675428514 0.006120457897980512 -0.4604523613821009 0.015957526152151114 0.9998700446801394 -0.002291528119420639 -2.909358484293877 -0.006083128633272138 0.002388861367559324 0.9999786442124772 170.95000873200334
0.9999334293866347 -0.009876274432753752 0.00596623954431416 -0.45932323622317955 0.009904149130020771 0.9999400914013827 -0.004660625341431526 -2.936858457964426 -0.005919853003781339 0.0047194057123304415 0.9999713408612668 172.30984239757464
0.9999541269603093 -0.007407266783932465 0.006072593228956397 -0.4453451283515192 0.007431621083313203 0.9999643939003439 -0.003997740768937603 -2.957924539763338 -0.006042765188623235 0.004042686682554917 0.9999735704841958 173.6510846621526
0.9999651628429097 -0.004831748493809787 0.006806417553124215 -0.42341976154353334 0.0048469898035124 0.9999857790476849 -0.0022244968103588615 -2.984470864500344 -0.00679557312605482 0.0022574100054150795 0.9999743618109784 175.02162586889358
0.9999710065296913 -0.003377687705969603 0.006824759118932207 -0.4036779581049763 0.0033756755659021514 0.9999942554603528 0.0003063592192857882 -3.0070722376679773 -0.0068257552759696605 -0.00028331216171023486 0.9999766641240456 176.3990853746563
0.9999709840761541 -0.004155200051526118 0.006384773314544359 -0.3858175709256375 0.00414580805407371 0.9999903055930647 0.0014835732537979238 -3.0298684877693365 -0.0063908765002231496 -0.001457060182253949 0.9999785166027686 177.79619101665273
0.9999689621709205 -0.006488783562855156 0.004468824865357456 -0.36478714151324004 0.006478984209666753 0.999976582479635 0.0022039164604227006 -3.0388283703111707 -0.004483021330092042 -0.002174894644153013 0.9999875860970704 179.17532984309483
0.9999597292245735 -0.008694266895559431 0.00222478414861986 -0.3544743861468766 0.008698161089511353 0.9999606451448236 -0.0017464667497494638 -3.0565404363872233 -0.0022095125320585013 0.0017657479923475358 0.9999960000846287 180.49528256036714
0.9999876930841753 -0.004783624262016157 0.0013155330782858776 -0.35011795310869953 0.004791869656667414 0.9999684369692339 -0.006337431988424762 -3.079052385248111 -0.0012851757761089323 0.0063436579869614795 0.9999790529429555 181.95185365252001
0.9999974347645025 -0.0022184019831833733 0.0004573412618113083 -0.349858333141831 0.0022219826025704856 0.9999656668173789 -0.007982980413831279 -3.0930677445705945 -0.00043961614376898444 0.007983976299350855 0.9999680309188012 183.3273602104226
0.9999988317824967 0.0015284288450720445 -1.8336855104193056e-05 -0.34695915345181594 -0.001528511785545865 0.9999806159580532 -0.00603583984413928 -3.1213698281333966 9.11114368179109e-06 0.0060358609388514945 0.9999817839839036 184.6685967801284
0.9999877618923937 0.0049422106292883235 0.00022496722156606429 -0.35196916508833165 -0.004941385136739996 0.9999815458271635 -0.0035342223938084425 -3.146207044274375 -0.00024242996515452353 0.003533067557977631 0.9999937293107126 186.10271138542421
0.9999859005598872 0.005232507403090678 0.0009052837866300718 -0.34868813608363736 -0.005231013082344429 0.9999849641344383 -0.0016456055563244234 -3.174135882981864 -0.0009138808970701731 0.0016408468319535055 0.999998236219387 187.46809705544604
0.9999893736807325 0.004484631269258051 0.001067989200123009 -0.339697648096529 -0.004483781862264825 0.9999896304548791 -0.000796675358269454 -3.19222428041284 -0.0010715510122783901 0.000791878274983604 0.9999991123524005 188.9401334610293
0.9999948048706012 0.003121580583290735 0.0008037175713305018 -0.33309590529100297 -0.0031214287691590506 0.9999951102199955 -0.00019032675964961962 -3.219603391767875 -0.0008043078299762073 0.0001878170256941286 0.9999996589061809 190.324957060623
0.9999992662226965 0.0009393074880872168 0.0007650196386638031 -0.3295277334699201 -0.000939835635105443 0.999999320149847 0.0006902248225396348 -3.2526421686157545 -0.0007643708493173451 -0.0006909433225016741 0.9999994691666145 191.7254427277304
0.9999986338752733 -0.0011560358179897468 0.0011814534526160979 -0.3256992640903746 0.0011550468707114021 0.999998982259386 0.0008374634317936491 -3.2756130098028016 -0.0011824204870917304 -0.0008360976682327052 0.999998951409907 193.1355620828834
0.999989586936135 -0.004312180843537728 0.001493694608437309 -0.3152194509620725 0.004309831281802037 0.9999894757107824 0.001572836906732782 -3.3047528654026888 -0.0015004613707715793 -0.001566382983283627 0.9999976475263197 194.5234274062411
0.9999628510395827 -0.008420112501367347 0.001843436437835718 -0.309085856579992 0.008415148657755897 0.9999609888605206 0.0026844032075884366 -3.3322702310004493 -0.0018659676552113895 -0.0026687907377725708 0.9999946978452623 195.968534508744
0.9999334422145305 -0.011324682414881038 0.002205158110083734 -0.30098222462978463 0.011317080455818937 0.9999300763549038 0.0034301720188090763 -3.369418649800351 -0.0022438497121756015 -0.0034049878190250287 0.9999916855624784 197.37539027167796
0.9999489137352494 -0.009848665826423566 0.0022745799448211767 -0.3055942015245703 0.00984910242565255 0.9999514801105489 -0.00018054475780207498 -3.4127210528933305 -0.002272691648990869 0.000202938118683047 0.9999973968394715 198.81968205356443
0.9999911234361026 -0.0030712819018090445 0.002884490350626184 -0.3155565443537442 0.003087513345985015 0.9999793309678104 -0.005639582804548538 -3.452198352185299 -0.00286711022909118 0.0056484387628983855 0.9999799372060786 200.23104315555284
0.9999792777173999 0.004992190876220686 0.004064746133278401 -0.3364233474745769 -0.0049645583444608956 0.9999646909494108 -0.0067801198095352 -3.494185113825347 -0.004098450615400521 0.006759799773388191 0.9999687534142021 201.67362500126677
0.9999136267646802 0.011969357556480641 0.005428947139119951 -0.3553035875448424 -0.011954846047017957 0.9999248990884656 -0.002697752379276336 -3.536592542486729 -0.005460830247449195 0.002632617185593592 0.9999816241580269 203.10673068061305
0.9998713345473983 0.014798878082157874 0.006189307381870906 -0.35754994752601504 -0.014795434470220312 0.9998903603928126 -0.0006019557440799146 -3.5783715702013197 -0.0061975375833808076 0.0005103048051520078 0.9999806648683794 204.53124516225486
0.9998991826927609 0.0129855824402522 0.005744481958699673 -0.35468566609071933 -0.012987035850306038 0.9999156416592321 0.00021563176571480939 -3.604318715062154 -0.005741197745416381 -0.00029021383043449466 0.9999834770727032 205.98928644098876
0.9999449953316147 0.009531728492578828 0.004376350863239628 -0.3515754961760422 -0.009531890862682612 0.9999545703773951 1.610397792467752e-05 -3.632558176606481 -0.004375998918895287 -5.7817995814537566e-05 0.9999904235968793 207.41671501304984
0.9999621588567527 0.008088687929450087 0.003202181873655921 -0.3446342861442077 -0.008087502360213265 0.9999672222117448 -0.000383177705749175 -3.662133598241514 -0.0032051765897749586 0.0003572655558608239 0.9999947995866116 208.8686880030876
0.9999615363386146 0.00830323847018514 0.0028252539518739067 -0.35127718703980637 -0.008301134161418859 0.9999652592804366 -0.0007559245455097832 -3.6749346194197474 -0.002831432662694808 0.0007324426681705814 0.9999957232473905 210.3293104260854
0.9999617191336346 0.008344219993023368 0.0026332955332723598 -0.3540199369313024 -0.008342761994575613 0.9999650392948903 -0.0005643832336132348 -3.702118410972103 -0.002637913033168542 0.0005423926770850296 0.9999963736041729 211.7847480398079
0.9999471555685854 0.00995927294866649 0.002549300559954195 -0.3613377211683448 -0.009959226432744897 0.9999504051993966 -3.119396069282371e-05 -3.735287807300792 -0.0025494850131614934 5.803245304961653e-06 0.9999967500392862 213.26799803330948
0.9999484990847477 0.009889275928399296 0.002280653500759064 -0.36844581172855534 -0.009889011082278687 0.9999510943972255 -0.00012765599991103918 -3.7710152161015165 -0.0022818045829787357 0.00010509601412011359 0.9999973911563996 214.70953971030667
0.999946938569408 0.010115186971706458 0.0019501327560162277 -0.36829448906981166 -0.010113539366754389 0.999948492852338 -0.000853221551131624 -3.8051713815109984 -0.001958662972603549 0.0008334535438504262 0.9999977344933231 216.17759056719296
0.9999580852635415 0.009001883204183884 0.001671465605523507 -0.37179925082212884 -0.008999216712440878 0.9999582319813484 -0.0015963744482077632 -3.838082940285871 -0.0016857663123751457 0.0015812656810253295 0.9999973288905749 217.64185538435027
0.9999561765236772 0.009290433226482483 0.0011544971000305672 -0.37113815777069203 -0.009288532322538505 0.999955513125298 -0.0016416328803274104 -3.8649242005375517 -0.0011696973214910767 0.0016308373806171285 0.999997986085859 219.12859722368657
0.9999525727438078 0.009688933912951107 0.000988333065748944 -0.37789872104562894 -0.009687111369347004 0.9999513986443679 -0.001833096981591542 -3.896569192560653 -0.0010060458740552124 0.0018234359796902504 0.9999978314732959 220.60856989155386
0.9999601312728124 0.00889179726920528 0.0008196266139217122 -0.37984228117210883 -0.008890268518331423 0.9999587675931191 -0.0018510156995047385 -3.931003918080325 -0.0008360517478106584 0.001843655231390028 0.9999979509736318 222.12133952065457
