1.0 -3.469446951953614e-18 0.0 -1.7787691892340307e-19 0.0 0.9999999999999999 -3.5405977195229754e-19 0.0 2.168404344971009e-19 -2.354751593366955e-19 1.0 0.0
0.9999999161596304 -0.00018309204373211964 -0.0003662755239227835 -0.00897163952390602 0.00018342741406547278 0.9999995638644015 0.0009157646828658496 -0.025499249643076947 0.00036610772664600537 -0.0009158318092684237 0.9999995136088529 1.319733279275058
0.9999990952697965 -0.0013198473149839442 -0.0002597388792079914 -0.01666282701995383 0.0013202522757913924 0.9999979041255813 0.0015648246165519805 -0.038096188945375774 0.0002576730283973389 -0.0015651661517023456 0.9999987419293028 2.613452205794571
0.9999973554515265 -0.0021357689990647126 -0.0008529844949010485 -0.010885517098428764 0.0021371575338546226 0.9999963876417481 0.0016301097142689767 -0.06986127610235597 0.0008494999490852815 -0.001631928396825285 0.9999983075791584 3.94056038782074
0.9999933639767695 -0.0036352182302344764 -0.00023915587272661104 -0.01575078527412832 0.0036355072963945145 0.9999926490655483 0.0012185632184108326 -0.09253233170340353 0.00023472439255965076 -0.001219424606359959 0.9999992289540264 5.257919814981983
0.9999934289813434 -0.00354869023448277 -0.0007408073521605069 -0.006970725822185361 0.003549804363740229 0.9999925627339056 0.001507766777023963 -0.10974331343331 0.000735451308965929 -0.0015103866182828375 0.9999985889215335 6.583178326824082
0.9999882791504686 -0.004822922871704081 -0.0004254201846634099 -0.010256857131143458 0.004824049598668053 0.9999847522419467 0.002687716922085224 -0.1408865249696164 0.00041245108391934227 -0.0026897377174883138 0.9999962975912803 7.914596940381116
0.9999869880951268 -0.005089017903086867 -0.00035432085656264523 -0.020244826615896196 0.005090075145343103 0.999982397792872 0.003048808333828231 -0.1517237149677257 0.00033879921100341535 -0.00305057223931565 0.9999952896015227 9.232393946090454
0.9999876402887414 -0.004877558949316137 -0.0009636873415682529 -0.008253632024738757 0.0048799809768306675 0.9999849004216129 0.002526797893606128 -0.16518146017530377 0.0009513482674094424 -0.00253146948594313 0.9999963432936747 10.56658077914581
0.9999976666684482 -0.001927094459595144 -0.0009761997353024303 -0.019453968522463474 0.0019270102637041278 0.9999981395010524 -8.730975215562676e-05 -0.18010109148974562 0.0009763662557963358 8.542840388822732e-05 0.9999995197061279 11.899670141039428
0.9999988814891604 0.0012046222573658212 -0.0008865112332422011 -0.029368180954422552 -0.0012053425418483551 0.9999989436439272 -0.0008123192355379897 -0.21113531919333728 0.0008855318330310019 0.000813386891042019 0.9999992771179698 13.225247842126503
0.9999931577757105 0.0036427222620773313 -0.0006441804676030588 -0.030626968750283128 -0.0036433899894716786 0.9999928240421198 -0.0010380657806356283 -0.22112713427025815 0.0006403945126929611 0.001040405695819339 0.9999992537255972 14.57816383207207
0.9999895448302215 0.004572749490378349 -1.3547206204052352e-05 -0.04095986246812243 -0.004572757857959681 0.9999893191492675 -0.0006719239840903231 -0.23627239304651054 1.0474521489877873e-05 0.0006719789168388812 0.9999997741672514 15.922364534630566
0.9999940333040647 0.003449096461824272 -0.00019256994548017404 -0.03977445872131144 -0.003448667376764309 0.9999916621108466 0.0021868717595908654 -0.2770074804174938 0.00020011108996158614 -0.002186194647396275 0.9999975902517043 17.278230704604475
0.9999988864963197 -0.0014794852121641777 0.00019527465017596109 -0.026670758409235888 0.0014785754426277931 0.9999884181199162 0.004580113251984644 -0.2838229186398292 -0.00020204861160994913 -0.0045798195126787985 0.9999894921599498 18.633612242879526
0.999991993597834 -0.00399501809447007 -0.0002292940611004718 -0.023956536091269985 0.003995551829644001 0.9999891966790173 0.002375307336695855 -0.3069111314095858 0.00021980220895561112 -0.0023762045192902603 0.9999971526658689 19.977977031834534
0.9999919720258833 -0.004006721804621591 -4.549259467697244e-05 -0.011088581384160284 0.004006729631355635 0.9999919589990439 0.00016747958834602378 -0.3015621660774979 4.482118895346356e-05 -0.00016766052062526998 0.9999999849405513 21.33261412516511
0.9999966211980138 -0.002563693985231359 0.00043019774030384817 -0.010383277960886755 0.002564245360153313 0.9999958858365204 -0.0012856718688681113 -0.3563545632692555 -0.0004268999381113205 0.0012867706850686951 0.9999990809880118 22.682734614797788
0.9999991647505302 0.0005870757694502486 0.0011514516733656403 -0.02817948159136036 -0.0005875022617169261 0.9999997589491016 0.00037005912563727554 -0.34926499167759184 -0.0011512342400876983 -0.00037073530382761933 0.9999992686064627 24.05571908431697
0.9999980865406387 0.0003865717832588671 0.0019176754949945896 -0.033023349582968965 -0.0003953002843208632 0.9999895555247718 0.004553304149895273 -0.3661831085102998 -0.0019158954452126878 -0.004554053583496664 0.9999877948950117 25.452874153770235
0.9999975367283183 -0.0009338315445274054 0.0020135789396740203 -0.014251023226596438 0.0009225422063728062 0.9999838926837636 0.005600293393315201 -0.3807243987516628 -0.002018776402946998 -0.005598422094698276 0.9999822909484416 26.82129378897757
0.9999897147853154 -0.004061374711399789 0.002018803439037471 -0.01356053093184447 0.004051584659750888 0.9999801265913649 0.004830225403653695 -0.4363376133024438 -0.0020383808419011267 -0.00482199646097574 0.9999862965821068 28.200747570526424
0.999985725468262 -0.004903903401584744 0.002121461862407051 -0.01885421998844211 0.0048987835454952 0.999985091940011 0.0024120138187328746 -0.4275403368117205 -0.0021332586962820206 -0.0024015868477457 0.9999948407794388 29.555380984268535
0.9999813235403868 -0.005557144825140711 0.0025437614277968625 -0.010565542082136399 0.005556869023017198 0.9999845537965931 0.00011561934034309991 -0.47948154138810417 -0.002544364864308826 -0.00010148182757898874 0.9999967579475149 30.943157380469763
0.9999924530737381 -0.0019232961421107794 0.003375608776888705 -0.014206088782831354 0.0019276590279731082 0.9999973104491283 -0.001289659808779432 -0.489312655285169 -0.0033731195862617544 0.0012961571283100213 0.9999934709969948 32.321715204211976
0.9999925104978616 -0.0016663871387400404 0.0034931517199357446 -0.00563067128785439 0.00167775712580886 0.9999932966349544 -0.0032545066995155474 -0.5204730570297601 -0.0034877053332394497 0.0032603430534446764 0.9999886029701326 33.716262733151794
0.999991953663835 -0.000907181234627916 0.0039076381498786995 -0.03260828881064732 0.0009184825283397105 0.9999953984748414 -0.002891265772853675 -0.5375488591706962 -0.0039049975990301357 0.0028948316670538154 0.9999881853994441 35.1085586141724
0.9999941437640874 -0.0013096031722234763 0.0031618638614468834 -0.01331520649923524 0.0013155357022205522 0.999997377054339 -0.0018748995731942572 -0.5826655585653591 -0.0031594004620567294 0.001879048178744551 0.9999932436584226 36.50613336296318
0.9999953577032655 -0.00014961110300377306 0.0030433850487612945 -0.017530424254784058 0.00015051107325876438 0.9999999450178203 -0.00029548361659849847 -0.5972515814111805 -0.0030433409312169576 0.0002959403164501487 0.999995325234769 37.905222319037954
0.9999931996744548 0.002402546112896666 0.002797923579968372 -0.013039083847494859 -0.0024027845600823362 0.99999710996479 8.180891499573093e-05 -0.6305899448439745 -0.002797719180697743 -8.85311675543316e-05 0.9999960824553302 39.291660823086566
0.9999845407506563 0.004443995329928175 0.003342029453114606 -0.026177473510145814 -0.004444843391449162 0.9999900913104637 0.00024628559317932896 -0.6546231892724382 -0.0033409021283696263 -0.0002611365891485452 0.9999943850724928 40.68500136730913
0.999971176427291 0.006871754206304651 0.003228823092718864 -0.010756467725626509 -0.006873521066113938 0.9999762332704637 0.0005362989210001304 -0.6808307679279494 -0.0032250613123228594 -0.0005584768601410515 0.999994643525228 42.117103740530595
0.9999633693246966 0.008024797274751737 0.0029770159678086956 -0.012097686993392157 -0.008026410460785435 0.9999676473211279 0.0005301540497859742 -0.7035045744602318 -0.002972665525873992 -0.0005540293966375132 0.9999954281432353 43.50038512080618
0.9999696748538264 0.007271321714273999 0.0027887706271043913 -0.024940110836169017 -0.0072731820797613846 0.9999733340009838 0.0006573618115275831 -0.7348336409981309 -0.002783916607718339 -0.0006776251301430309 0.9999958953060727 44.935552866894305
0.9999751534063172 0.006805699798557137 0.0018371196785319716 -0.023092779659379906 -0.006805840603713395 0.9999768375441573 7.016359372307664e-05 -0.7718090570605063 -0.001836599769554972 -8.266499944553961e-05 0.9999983100312062 46.335500695879695
0.9999807423976779 0.006140915745470585 0.0008966473457716606 -0.027429505118053088 -0.00614170484668348 0.999980752768356 0.0008795264098340071 -0.7899874149112521 -0.0008912290652102939 -0.0008850164370343646 0.9999992112274367 47.762537785184335
0.9999777676309453 0.006666850492842306 0.00013166171465581232 -0.011595620444043303 -0.006666999803922798 0.9999770970283556 0.001164708500711565 -0.8095934443199674 -0.00012389377172465827 -0.0011655604230857782 0.9999993130593784 49.15273749262847
0.9999698580835377 0.0077135311662544686 -0.0008856316991149831 -0.02747791456128229 -0.007712417905045869 0.999969472350227 0.001254190518528534 -0.841943009708367 0.0008952789766882621 -0.0012473223842695005 0.999998821331337 50.583012640573514
0.999971515958859 0.007247489260359483 -0.002107403986770005 -0.0148034463412227 -0.007244451199379045 0.9999727132683713 0.0014459116326125676 -0.8490984937326527 0.0021178258912992083 -0.0014306034973370215 0.9999967340901609 52.03832973568186
0.9999607784970607 0.008253033139947404 -0.003213858725656479 -0.04254086440621139 -0.008243708320796534 0.9999618029517056 0.0029041225732472846 -0.8853898749633021 0.0032377040609985986 -0.002877514620946645 0.9999906185502094 53.44085072857794
0.9999767794449167 0.005603624442992965 -0.0038781368869096784 -0.036338898010974535 -0.0055909169041922415 0.9999789916536499 0.003279925298151997 -0.8899619712415687 0.0038964352148003313 -0.003258166867066843 0.9999871009914092 54.898147010653474
0.9999827008385048 0.004085436673396721 -0.004231691765263827 -0.03042883156080496 -0.004070157262866936 0.9999851895166226 0.003613111427702144 -0.9036292652841929 0.004246390591301747 -0.0035958253503871147 0.9999845189880627 56.27594146011774
0.9999785311890492 0.0038285004336287235 -0.005317868718851493 -0.015981622594320705 -0.0038130306565925315 0.9999884783323666 0.0029161629410085865 -0.9480098659276321 0.005328972431661998 -0.002895823202347695 0.9999816079668387 57.73350434113883
0.9999861713396835 0.000129737509319338 -0.005257403064400319 -0.037902184023956356 -0.00011148484622182722 0.9999939665584173 0.003471947201053696 -0.9438857533101588 0.005257822233089214 -0.0034713131406982605 0.9999801524538212 59.17520778474074
0.9999863348625568 0.001177405321654665 -0.005093504968259844 -0.01925671816817863 -0.0011583128325356696 0.9999922988498493 0.0037497404653017772 -0.9833154485504408 0.005097881140567242 -0.003743789431253291 0.9999799976296457 60.5796629607002
0.9999864258909935 -0.0026216644148193864 -0.004502766334602825 -0.0328743781815118 0.0026438979309914585 0.9999843085447596 0.004938872645772163 -0.9768850334898034 0.004489747996601923 -0.004950710558794817 0.9999776660694258 62.03937430667936
0.9999873651091087 -0.00270554993933487 -0.004236698902613926 -0.03029946878479088 0.0027234323594913235 0.9999873840948907 0.0042207300772983914 -1.0168575227594447 0.00422522641750744 -0.004232215196505051 0.9999821177527044 63.42254600752997
0.999979727581235 -0.004963790551850141 -0.003988133516405236 -0.022916428312573497 0.004974594026871913 0.9999839721577575 0.002703485690682904 -1.024819815251711 0.003974650396950458 -0.0027232702827668896 0.9999883929132085 64.86398693106969
0.9999820077053393 -0.005083688923803382 -0.0031843952940390557 -0.040934723226255645 0.005092554554202912 0.9999831627934167 0.002782087466820483 -1.0461013080525232 0.0031701986810127175 -0.0027982541712807223 0.9999910597701193 66.30764931414755
0.9999907484462803 -0.003451227527947154 -0.002567498929648941 -0.036738311987719624 0.0034581282517428397 0.9999904077736362 0.002688067031669273 -1.069229971214897 0.002558197389299543 -0.0026969209560525603 0.9999930911003654 67.67133524390061
0.9999974941900414 -0.0011008729672601827 -0.0019492795476220316 -0.04280954782405001 0.0011080176427357424 0.9999926591058933 0.003667973384566485 -1.0853596633239946 0.0019452274328676327 -0.0036701241025283832 0.999991373104477 69.15237993400545
0.9999962436472614 0.0024322403165889838 -0.001263681921394281 -0.05683973281051091 -0.002425944811767722 0.9999847571326506 0.004959868675697422 -1.1083161512955804 0.0012757263634880951 -0.004956784522676955 0.9999869013205607 70.48891992752714
0.9999790227909223 0.006473446979392968 -0.00022011071133260169 -0.057745993968106785 -0.0064720755945618744 0.9999625391097691 0.005747401708988459 -1.1356716029056466 0.0002573079920083607 -0.005745856689793818 0.9999834593258664 71.96429081473279
0.9999494513300489 0.01004936680257781 0.00032402035351023666 -0.06582669986242627 -0.01005101872826841 0.9999339335358406 0.0055772401343093785 -1.1390980918195657 -0.000267951233530669 -0.00558021506434324 0.9999843945797019 73.31491488609034
0.9998921866715843 0.014642990177894302 0.0010944567680241856 -0.08222485371692023 -0.014648250240981925 0.9998803941007647 0.004962488715418572 -1.1711862981447994 -0.0010216602742248529 -0.004977985678109756 0.9999870878509127 74.70579393646761
0.9998657326819939 0.01631164263480339 0.00156425102019964 -0.07386061184397334 -0.016319365131988384 0.9998540395662087 0.005057462537940739 -1.189521732166023 -0.001481527301959762 -0.005082311181028683 0.9999859874963316 76.17249445041642
0.9998583585407966 0.016709868481624014 0.0020107483379187144 -0.07625857243248704 -0.01672053477784676 0.9998455678182132 0.005409646466843621 -1.2116785772828762 -0.0019200434915367136 -0.0054425011426477024 0.9999833461678133 77.50822253460282
0.9998819639675359 0.015238120145445112 0.001964125680808346 -0.07200036492546417 -0.015248393021890651 0.9998695547753181 0.005325409104880131 -1.2353259039380817 -0.0018827204019282325 -0.005354730390725321 0.9999838909827596 78.95044741410064
0.9998891010085514 0.014757171282389646 0.0020028840831190133 -0.07920489842797432 -0.014765060558534313 0.9998830592814287 0.003982560222625352 -1.252868126321365 -0.001943878702996198 -0.004011691354284812 0.9999900637837635 80.28988850343555
0.9998967557438179 0.014293947285793057 0.0014699964432391863 -0.055763953111787695 -0.014299791579640852 0.9998895728033637 0.004044526603783075 -1.27775646260771 -0.001412021982495497 -0.004065129762326954 0.9999907404135341 81.69606286569605
0.9999064935460104 0.01360540137254139 0.0013773836884683286 -0.06664398481796502 -0.013611132213911593 0.9998983752940259 0.0042398345913219814 -1.2938950898001336 -0.0013195591697914301 -0.0042581859841929375 0.9999900632580163 83.12512948664794
0.9999021822550286 0.01393969349056707 0.0011449163221106372 -0.07444880169094915 -0.013943492677418297 0.9998970740816814 0.0033793918657795273 -1.3129461848401889 -0.001097690884626042 -0.0033950255103417665 0.9999936344175431 84.45849828522866
0.9999091255366288 0.013478099334383254 0.00028543586163269716 -0.0710550323230237 -0.013479063451639094 0.9999023243296965 0.003695494743628001 -1.3270758212790734 -0.00023559975399536394 -0.0036990064086560087 0.999993130898786 85.88214522779745
0.9999219185606779 0.0124762461437446 -0.0007071298183835193 -0.08810853037929767 -0.012472584165907156 0.9999098780043716 0.0049669449999471295 -1.3628558029803572 0.0007690349870666097 -0.0049577375454545975 0.9999874146338077 87.2356721126567
0.9999440621371488 0.010377980609544065 -0.0020420792788757576 -0.08760799878484878 -0.010366258677195483 0.9999301950168321 0.005669726358544304 -1.3697444795316709 0.0021007772232340166 -0.005648240605107851 0.9999818418942047 88.61575795563327
0.9999499274510265 0.009551610627300968 -0.002984844775795941 -0.09313813237750238 -0.009532409387044367 0.9999341965686085 0.006382454356425739 -1.3925076241947378 0.0030456113435510202 -0.006353682143330341 0.999975177182863 89.98689751642644
0.9999601471308334 0.008032119791254075 -0.003897329501311236 -0.10598913082185756 -0.0080065620220816 0.9999466271111151 0.006529770981617123 -1.4189643468808584 0.003949569730836544 -0.006498306678580009 0.9999710860411766 91.3626213957861
0.9999703979672607 0.00642389486270579 -0.004235179201120766 -0.12060887711840143 -0.006398269464738113 0.9999613092337788 0.006036737098481855 -1.428178001724304 0.004273795068856703 -0.006009460707873368 0.999972810164038 92.75354236735221
0.999975765237803 0.00547566869589786 -0.004299531417074268 -0.13960516584870136 -0.005450132403788604 0.9999675720403023 0.005928822299171391 -1.457383593707459 0.004331856629221816 -0.005905245724183361 0.9999731811907889 94.07746391150656
0.9999788533544388 0.004584835832315851 -0.0046121694083696724 -0.1601756375695997 -0.004561270860353978 0.9999765565361607 0.0051069750099930165 -1.4643228102824868 0.004635476320727007 -0.005085829768199245 0.9999763230722003 95.47557953948798
0.9999797451683777 0.004394347211536757 -0.004604231567695864 -0.17596708830930455 -0.004373460731700229 0.9999801453278482 0.004536716723772652 -1.4793919371903734 0.004624076454823193 -0.004516488503523723 0.9999791094110271 96.80335070941042
0.9999687879509321 0.006632443539431589 -0.004293459545382522 -0.1967541765652615 -0.006615209526003638 0.9999700551452813 0.004015946758940557 -1.5134583750614188 0.0043199668863767166 -0.003987419365713757 0.9999827190416716 98.16409417197215
0.9999680910225882 0.006913221767232999 -0.004003033800769875 -0.22561374703527262 -0.006896682936547148 0.9999676853960386 0.004130852397483345 -1.5253813899642703 0.004031462286605233 -0.004103113020744614 0.999983455755059 99.53085199688977
0.9999646550343881 0.007556333926885065 -0.003686526380686479 -0.23849748250001185 -0.007537399310194893 0.9999584681537946 0.005123435745092324 -1.5450259444153047 0.0037250879822316395 -0.0050954679452809935 0.9999800797686177 100.85637443345587
0.9999647820923905 0.00759503408806101 -0.0035707155416979854 -0.2620623814953842 -0.00757247669608096 0.9999515512307814 0.006289101857849538 -1.5622828422073514 0.0036183087982855962 -0.006261841340792772 0.9999738482544259 102.2174009008958
0.9999654303735355 0.007515342034776641 -0.0035577618759793025 -0.2767783614469736 -0.00749489105082651 0.999955511588828 0.005727256377421265 -1.5856526972027225 0.003600646195828324 -0.005700393471700285 0.999977270176324 103.52997179577675
0.9999642217602588 0.007833445420904205 -0.00319253970475842 -0.29451839287562803 -0.007823239856368729 0.99996428775451 0.0031968969003218365 -1.6034989127378925 0.0032174686833558322 -0.003171806588249214 0.9999897937202574 104.86305934056327
0.9999701048279298 0.006891269788346358 -0.003507111407539643 -0.3150827747091216 -0.006884721879868759 0.9999745406265722 0.0018758244176504207 -1.6259730636096041 0.0035199492293407956 -0.0018516228975504188 0.9999920906971381 106.18791238053527
0.9999767609440352 0.005980556210675848 -0.0032726902271024722 -0.3290453397650518 -0.005971097757793186 0.9999779897377521 0.002892411287687531 -1.648571648322598 0.0032899167025920144 -0.002872802581381378 0.9999904616844788 107.54451562908345
0.9999943064190658 0.0021255646181590707 -0.0026208960605741526 -0.3352173513462321 -0.0021128582831542236 0.999986048175807 0.004841413657585598 -1.6641068719635737 0.0026311504580040722 -0.004835848609735337 0.9999848456957936 108.89508975062847
0.9999972802504018 0.001540134286936663 -0.0017514201598286573 -0.3543605397413945 -0.0015305263771768765 0.9999838462324862 0.0054740080737943975 -1.6897579556039815 0.0017598227283734827 -0.005471312701559659 0.9999834837464004 110.2436213543482
0.9999990828052915 0.000817755944307795 -0.0010796576611361887 -0.37121013929395386 -0.0008127659278743486 0.9999890238885729 0.004614272883361679 -1.7114035550162239 0.0010834192550214054 -0.004613391234650142 0.9999887713503801 111.57164851371465
0.9999965483793591 0.002614235929312785 -0.0002626685524314673 -0.38271453391974086 -0.0026136895880402257 0.9999944628311643 0.0020598393322343142 -1.7345128466900253 0.00026805202813492014 -0.002059145731194583 0.9999978440315496 112.88483165154251
0.9999852906242767 0.0053911470223953085 0.0005950286439422906 -0.40286271614831953 -0.005391323933271408 0.9999854230449624 0.0002955240217605146 -1.7689744228967326 -0.0005934268070458266 -0.0002987276764891101 0.999999779302757 114.24557694035109
0.9999711784833187 0.0073041995947861925 0.00207143873309991 -0.4282684466187796 -0.0073031452541048895 0.9999731983869589 -0.000516326025568839 -1.7820375257249188 -0.002075154739795296 0.000501183132289822 0.9999977212701032 115.54970941128252
0.9999555920329588 0.008712392438161807 0.0035927935269227176 -0.4444305619145638 -0.0087174542511998 0.9999610285683789 0.00139547651852916 -1.8079279719712618 -0.003580495873527891 -0.0014267345933380734 0.9999925722091766 116.90628628732735
0.999953690813473 0.008452598529837822 0.004601064384627476 -0.4448142781768657 -0.008469977658776665 0.9999570193999558 0.0037707888843454425 -1.8228471849754835 -0.004568994047106007 -0.003809585252564589 0.9999823055180234 118.21640842820474
0.9999468802442686 0.008690636014113204 0.005541617297332359 -0.44449350016850864 -0.008715025629261136 0.9999523772546947 0.004392216870568668 -1.8476727073315518 -0.005503182694202979 -0.004440278983548351 0.9999749991364104 119.57416249347003
0.9999399007743366 0.0087882887403945 0.006554449444151092 -0.4377112881185199 -0.008813233010733562 0.9999539936639557 0.003786488866343505 -1.8662705642753803 -0.00652087168898674 -0.00384402726869056 0.999971350430177 120.89557009405128
0.9999155961522537 0.010310708977428551 0.007905051233826631 -0.43708903706333896 -0.010338678869524838 0.9999404098930891 0.003505482142843918 -1.8774088216517169 -0.007868436827467516 -0.0035869141250057827 0.9999626101724146 122.21670154345846
0.9998824252521175 0.01237804582720765 0.009050946375470402 -0.44008067314092447 -0.012407584406525226 0.9999178555350198 0.0032146634210305754 -1.8969218685618343 -0.009010412398706716 -0.0033265859066146106 0.9999538720802547 123.5903954034908
0.9998631791638075 0.013043630295986496 0.010172838134284755 -0.44848464784683484 -0.013069826006127983 0.9999114289294196 0.0025127626866126903 -1.917035328338854 -0.010139162423122572 -0.002645376166601584 0.9999450981748496 124.92225103220866
0.9998406233096213 0.013926979405020952 0.011169923714371591 -0.44526446237648837 -0.013945699098755782 0.9999014744096103 0.0015996828217153527 -1.9477574201529326 -0.011146545382743287 -0.0017552003008270746 0.9999363348691921 126.28493005024836
0.9998406170475247 0.013321100568017174 0.01188649463647285 -0.4479118622346766 -0.01333705189979226 0.9999102591236645 0.0012636371592607343 -1.9853908542722598 -0.011868595897015553 -0.001421966581481031 0.9999285546659875 127.65723689135943
0.9998323587760175 0.01301638877095972 0.012877419821821858 -0.4551942458629742 -0.013043769156700255 0.9999128363433578 0.0020444641890480474 -2.0169351535185425 -0.0128496869230284 -0.00221209158716744 0.9999149924825704 128.9891867863985
0.9998368000832032 0.01174719303011934 0.013725036696051547 -0.4440411230360838 -0.011790217471877933 0.9999258170116884 0.0030579851234258785 -2.0405410999583444 -0.013688096945168008 -0.0032193072892688504 0.9999011311414948 130.35544331455546
0.9998460846959633 0.01052645534099127 0.01403569152617747 -0.43035757284329024 -0.010577562758322263 0.9999376762536148 0.0035719460083200403 -2.065656526278509 -0.013997218019688517 -0.003719859709121821 0.9998951147631788 131.67795215133688
0.9998579424576293 0.00951775546140805 0.01391068722031258 -0.42982163057721057 -0.009567292760034263 0.9999481111352729 0.0034988522374539686 -2.109995693957631 -0.013876665360904126 -0.0036314428837996484 0.999897120096232 133.0727944245003
0.9998870306037944 0.005976303085073605 0.013791657795675556 -0.4202052206183805 -0.0060428653785656785 0.9999702711835081 0.004789628195851259 -2.1158401201520274 -0.013762624675739124 -0.004872428335257117 0.9998934191203105 134.413053871697
0.999900761124926 0.005221954303333591 0.01308430702554423 -0.4226793698796789 -0.005281621325980597 0.9999757925247862 0.004529773718945938 -2.1615466083215287 -0.01306033711645687 -0.0045984306283181125 0.9999041364178467 135.7725831101679
0.9999169053792576 0.004784047002334667 0.011970598480892727 -0.4191639399010617 -0.004833432846766139 0.9999799135806571 0.004100045195077847 -2.192090253066129 -0.011950744232381582 -0.0041575636631480594 0.999919943981153 137.12398816134302
0.9999392865636753 0.0025667240164373327 0.010716114801873747 -0.42688835625366706 -0.0026208639805714333 0.9999838585458247 0.005041202565627381 -2.221665225021335 -0.010703003353049795 -0.005068982069351889 0.99992987310831 138.5005591985911
0.9999513355176679 0.0021281093411956867 0.00963315889064261 -0.4356916427316396 -0.0021785760841248154 0.9999839430848848 0.005231384256634209 -2.2631701434437277 -0.009621872063131441 -0.005252116340914935 0.9999399156180357 139.83066130544606
0.9999659520382806 0.0005112424030626582 0.008236103533169035 -0.42978565758868437 -0.0005551571461179941 0.9999856382933521 0.005330572879027892 -2.2776255598473045 -0.008233260725261317 -0.005334963814458575 0.9999518746286045 141.1897271307382
0.9999745761654266 0.0008258418971409248 0.007082726392632709 -0.4444163756852435 -0.0008611631110032672 0.9999872022842478 0.004985345133340614 -2.3194825805644594 -0.0070785192372281565 -0.004991317862692737 0.9999624899494507 142.53300780730456
0.9999813842549942 0.0003797601942806834 0.006089904040553052 -0.45315560654594234 -0.00040739754303293144 0.9999896219532589 0.004537621918178709 -2.341520925109187 -0.006088118141898772 -0.004540018543726889 0.9999711611061078 143.8958564670613
0.9999853944706806 -0.000148054939697417 0.005402678141209703 -0.4373826515842594 0.0001363762620715473 0.9999976536790022 0.0021619522197989112 -2.375773278553506 -0.0054029860073276335 -0.0021611838843773874 0.9999830683671507 145.23957885700963
0.9999782759779586 -0.005214830463338862 0.004031516701616555 -0.4706910241822382 0.0052092645143308105 0.9999854656738164 0.0013899630950995978 -2.41504663849167 -0.004038706867956686 -0.0013689316823204704 0.9999909073928078 146.5725045521442
0.9998992233167622 -0.013908229817173713 0.0028468171115183186 -0.4689246303941452 0.013896805255844248 0.9998954554973096 0.003994604941530967 -2.443611820384394 -0.0029020776170189545 -0.0039546407804371755 0.9999879693070783 147.94613113277524
0.9997549455990589 -0.02210444273752965 0.001200986058046004 -0.4698982217281271 0.02209721705931465 0.9997394052206322 0.005730151986533381 -2.46908508926723 -0.0013273350096761377 -0.0057022094323624355 0.9999828613475716 149.270639952789
0.9996699473295352 -0.025689180112244164 0.0002498614330186989 -0.4495197932942643 0.02568836799022453 0.9996659510263208 0.0028450147933067964 -2.4860775318748183 -0.00032286408750153094 -0.002837657292159565 0.999995921721648 150.5734420104277
0.9997380748653529 -0.02288083794655918 0.0004989222688092211 -0.47312467675352865 0.022881097752028037 0.9997380590306106 -0.0005183513393117949 -2.5338723883529033 -0.00048693130746711743 0.0005296314876059696 0.9999997411937657 151.99331754617302
0.9998031574780533 -0.019782876134495236 0.0015113297845051976 -0.4785957054973988 0.019787357722947374 0.9997996819538343 -0.003009390746662347 -2.5635229959653154 -0.0014514927571468203 0.003038703669887292 0.9999943297071824 153.31462685801142
0.999776897003728 -0.021014486689066355 0.0021325044564024626 -0.5055693466586901 0.021020758366078033 0.9997746522837127 -0.002961817559651432 -2.6016662930999304 -0.002069783001484391 0.003005983707177322 0.999993340006449 154.68186291711612
0.9997163513793713 -0.02365731582713359 0.002747398473990246 -0.5093796617586592 0.02365568982359456 0.9997199706531323 0.0006233891016824924 -2.622913029025057 -0.002761377065744061 -0.0005582206627627296 0.9999960315835698 156.00776027529668
0.9995228932170861 -0.03073561440355976 0.0030508908307759547 -0.5030013824563242 0.030724631780317584 0.9995214603679943 0.003584309754538118 -2.6510382288336833 -0.0031595970828591315 -0.003488862201357671 0.999988922330399 157.35702863111555
0.999415890813774 -0.03404538240569273 0.0029646432901482807 -0.49982254615060906 0.03403249791128106 0.9994115027415296 0.004293866883333715 -2.682947953648262 -0.003109085202339157 -0.004190464633698786 0.9999863867034919 158.69267523905054
0.9994030374548858 -0.03442176283769187 0.002951432211522391 -0.5016703462905693 0.03440890470731259 0.9993985761858803 0.004302698515040952 -2.725994137814542 -0.0030977638733500784 -0.004198574469385679 0.9999863878215399 160.05964422579055
0.9994193439235766 -0.03383864144495631 0.0039901531485819 -0.5057846807354133 0.03381937248456315 0.9994164245894837 0.004802116593058576 -2.7331841648551247 -0.004150322039115565 -0.004664383801963512 0.9999805089834741 161.40741013603443
0.9994834202476927 -0.0317287261901794 0.005116695842185248 -0.5055109169499515 0.03170713605280547 0.9994881781238242 0.0042472728770514365 -2.751687695630454 -0.005248838001216777 -0.004082843102612859 0.9999778897990559 162.77682761375448
0.9995906391831377 -0.02795902546439588 0.006070169154050373 -0.5052919588509399 0.027947729648910444 0.9996075070591323 0.0019381030392058216 -2.7783340883541445 -0.006121974641465325 -0.0017676622177995429 0.9999796981893428 164.12573564322756
0.999650212432908 -0.025515832446948057 0.0069566574796394946 -0.5067039031924593 0.025509407227398237 0.9996740708653828 0.0010110306058939344 -2.7942770006001654 -0.006980187977058059 -0.0008332167425957687 0.9999752910543396 165.4790085744681
0.9997172442203844 -0.022690713645141566 0.0071107758271839365 -0.5118431554085325 0.02267675965539411 0.9997407737804618 0.0020371078796986896 -2.8259487964588303 -0.007155156560625716 -0.0018752825350575387 0.9999726431476402 166.8186551348496
0.9997517730633395 -0.02110044235976006 0.007152873622554368 -0.48982721252139194 0.02108248378801418 0.9997744184005015 0.0025770493530196063 -2.8591060422462022 -0.00720563755258169 -0.002425609343570644 0.999971097182585 168.16505630876085
0.9998002163518245 -0.018880848923607717 0.006560559489467565 -0.4989553617979579 0.018880639973869885 0.9998217404094465 9.397429817056008e-05 -2.8831284493529474 -0.006561164874429322 2.9912058478877584e-05 0.9999784748755081 169.54717348460477
0.999877931317148 -0.014416473400393055 0.006023933581723358 -0.5045949135127907 0.014432777320417887 0.9998922726262259 -0.0026717169297078257 -2.9137569284751974 -0.0059847684100821814 0.002758332958986672 0.9999782868342855 170.94183504492386
0.9999120080351888 -0.011852211085572582 0.005958296378709909 -0.47870634947375934 0.011877585571427358 0.9999204637540542 -0.004241357898549329 -2.930564317284056 -0.005907553510975878 0.004311754967093362 0.9999732544295111 172.2817734657601
0.9999588846395187 -0.006430207798452804 0.006393862078953254 -0.4970654240384697 0.006450719232157384 0.9999740977700333 -0.003192491627606444 -2.970128738535776 -0.006373168619874585 0.0032336054500851186 0.9999744629294356 173.63888107917455
0.9999687401947759 -0.0034660815708638885 0.007106681595245364 -0.48402433038070447 0.0034720971446458807 0.9999936242423962 -0.0008342728573682055 -2.9940890356873853 -0.007103745227773712 0.0008589218924006148 0.9999743991974083 175.05778641547397
0.9999686584131804 -0.002687856949645708 0.007446987779435287 -0.4585578574402379 0.0026807870705745276 0.999995946644241 0.0009592036953744456 -3.025345856370212 -0.00744953642506105 -0.0009392098542446264 0.9999718107453417 176.38077035378458
0.9999727310212767 -0.003857688933404031 0.0062972582566150435 -0.448895075899684 0.0038422116466603953 0.9999895729582754 0.0024680718491523735 -3.0524729637527916 -0.006306714179016184 -0.0024438091884181517 0.9999771263119183 177.79131000854676
0.9999679755181101 -0.006252756623240936 0.0049950961962088895 -0.4007536654959971 0.0062400791690298135 0.9999772801441842 0.0025496272911118313 -3.062679850232635 -0.0050109253282549305 -0.0025183758856694256 0.9999842740789213 179.17352189758464
0.9999720489340841 -0.007137550632627401 0.002226372125994666 -0.36230143499576906 0.007140956356374545 0.9999733396945554 -0.0015253308689368087 -3.0853284031034827 -0.0022154258318996794 0.0015411866981399642 0.9999963583077749 180.49764621060203
0.9999906583649621 -0.004284998434173135 0.0005674309249252627 -0.38332117584904885 0.004288325517352514 0.9999728192012054 -0.005997592627440683 -3.1249964363514784 -0.0005417158770609897 0.005999970050611913 0.9999818532865483 181.90225582426632
0.9999977743923946 -0.0020459598783700884 0.0005150361722585115 -0.3871197232633206 0.0020493646374144803 0.9999754608103008 -0.006699095367700904 -3.1309584115302393 -0.0005013175010392397 0.006700136089093063 0.999977428173451 183.30845496043239
0.9999993804159238 0.0011130636499022328 -1.5973827578985664e-05 -0.39837292965995763 -0.001113137770212538 0.9999824886733473 -0.005812337996370829 -3.146364667436524 9.504041697083743e-06 0.005812352289908861 0.999983108092545 184.64432587575175
0.9999941415670927 0.0034067025639342085 0.00033347164603418915 -0.4073652052486615 -0.0034059017078117053 0.9999913818682337 -0.002374032294163167 -3.179310683869167 -0.0003415564250579431 0.00237288265884347 0.9999971263790584 186.08896719599184
0.9999821421958673 0.005929983931368874 0.0007420034348699608 -0.39429016625701513 -0.005930142807327473 0.999982394170566 0.00021158233774087526 -3.2166441903648475 -0.0007407357542305339 -0.00021597875387255363 0.9999997023312868 187.45170550266113
0.9999936577296633 0.00331295115247357 0.0013072302261406376 -0.36533672357131336 -0.0033134006800490503 0.9999944522968731 0.00034169791301076147 -3.21455710091017 -0.0013060910558339472 -0.0003460271316844761 0.9999990871943687 188.93465819618984
0.9999967471506089 0.0023901318764354713 0.0008904801235293106 -0.374178372169416 -0.0023909699514812494 0.9999966987904059 0.0009411031265951632 -3.2419510586877105 -0.0008882278977403683 -0.000943229196244148 0.9999991606840152 190.3325875519594
0.9999994784179292 0.0004281773976708642 0.0009272694450565646 -0.3526339291485447 -0.0004295145291916798 0.9999988676983611 0.001442262021425587 -3.2691952206551878 -0.0009266509282739662 -0.0014426595728747032 0.9999985300240701 191.69823745942142
0.9999973658583058 -0.0018907389748037857 0.0013013021455837875 -0.34042342362220906 0.001888899508454783 0.9999972171272102 0.0014134332006397936 -3.286077375215821 -0.0013039710663858381 -0.0014109714737744147 0.9999981544069629 193.14270059739863
0.9999884195633065 -0.004583505063103286 0.0014670476408401372 -0.31860224428261125 0.004580942856937952 0.999987984320628 0.0017453282010576985 -3.304844455623921 -0.0014750298568331815 -0.0017385875575419017 0.999997400795843 194.5069834711481
0.9999473331001267 -0.010082546359236229 0.0019165848026983345 -0.326624127794162 0.0100751982380356 0.9999420004829568 0.0038060530798573926 -3.3236643924716898 -0.0019548485097339863 -0.0037865427203382686 0.9999909202886007 195.97848294134684
0.9999151304923615 -0.012840045680689936 0.002205686410973273 -0.3056495816131126 0.012830501624338861 0.9999084898334005 0.004288376859139226 -3.3624049303613384 -0.002260547709655093 -0.004259712915920544 0.9999883723163057 197.38270142404917
0.9999517293006319 -0.009516624387405982 0.0024439602705543916 -0.30966581398547155 0.009516390919634408 0.9999547123551086 0.00010739201080662997 -3.398129970969507 -0.0024448718046439825 -8.412913797796573e-05 0.999997007755983 198.81139173426214
0.9999873581148399 -0.004206083352846324 0.0027554459911408088 -0.3250332547555003 0.004221409158583336 0.9999755218802978 -0.005579904957088435 -3.42351930023067 -0.002731909232791864 0.00559146639716238 0.9999806358984192 200.24224117786372
0.9999720900484198 0.00625531179149619 0.004085362984099298 -0.3373721820774078 -0.006230117837137071 0.9999616755222631 -0.006150864267879123 -3.4788200673705894 -0.004123682342368285 0.00612524042404872 0.9999727379627721 201.66634852415314
0.9999112798122408 0.012183263582210526 0.0053852176440832775 -0.3593100788788598 -0.012170057041178444 0.9999228703650888 -0.0024785201469568713 -3.502342643391179 -0.005414999208798451 0.0024127618889058177 0.9999824280244294 203.08311153100706
0.9998853071001577 0.013780913994636927 0.006281642001496847 -0.360232843275426 -0.013781222492058577 0.9999050344452932 5.684521969295472e-06 -3.552896616153841 -0.006280967655546542 -9.22525832961011e-05 0.9999802702696183 204.5601526943609
0.9999106381831063 0.01212082778274745 0.005639251617586619 -0.3622583106812386 -0.012124388573228142 0.9999263183790582 0.0005975314092166171 -3.5730293233757604 -0.0056315940092164785 -0.000665850508422742 0.9999839207638117 205.97915905470478
0.9999471676216013 0.009279864841605426 0.004421092454137082 -0.3489687081635915 -0.009282023034274568 0.9999568117052102 0.0004677535207559925 -3.6195709763453285 -0.0044165611986559696 -0.000508765503761556 0.9999901175210666 207.4239024746184
0.9999697183787838 0.006987795224506472 0.0034253515250155554 -0.3484293996387386 -0.006987709235267174 0.9999755849770051 -3.720324515852177e-05 -3.648716835636851 -0.00342552815358684 1.3266755796377456e-05 0.9999941327710913 208.87293250107447
0.9999714172355928 0.007014863784195112 0.002820706820620077 -0.35288090723433096 -0.007012935732192428 0.9999751689359079 -0.0006930070058836154 -3.668767768348896 -0.0028254983689961133 0.0006732057723710965 0.9999957816657149 210.33679275439465
0.9999618095745836 0.008342313209678962 0.002604839335082222 -0.35680889684786615 -0.008341438396121498 0.9999651494926628 -0.00034673294192990244 -3.7106206020593775 -0.002607641331079434 0.00032499159534430175 0.9999965472858856 211.785857705318
0.9999446074553543 0.010181382624070883 0.002668604319494167 -0.3689808806326488 -0.0101824710495729 0.9999480795508007 0.00039434656970316963 -3.734540547442383 -0.0026644509965191407 -0.00042149772600681966 0.999996361511947 213.24151042563744
0.9999455881866053 0.010170839075289297 0.0023183352832395667 -0.37683651020762693 -0.010171285346117411 0.9999482548594615 0.0001805025040048149 -3.777601797777867 -0.002316379654967603 -0.00020407314215752434 0.9999972963645357 214.6893794598092
0.999954544055417 0.009338388772398135 0.0019246557723332322 -0.3788359504007356 -0.009337186983566349 0.9999562073197983 -0.000632773869392073 -3.8017647106521033 -0.001930480739134701 0.000614774241768355 0.9999979476449103 216.14345436345263
0.9999604163514987 0.00873065575297356 0.00171504037505631 -0.3816512485351087 -0.008728571741428041 0.9999611620285177 -0.0012192166438801857 -3.835723011913711 -0.001725618474542607 0.0012041985483357334 0.9999977860696568 217.6284454281871
0.9999543932992621 0.00946577651760425 0.0012690063111238839 -0.37962278457757936 -0.00946464547398786 0.9999548088759087 -0.0008948258610946857 -3.8672519189288757 -0.0012774192942013075 0.0008827743673889503 0.9999987944529949 219.10964804806065
0.9999498761041452 0.009943895455143247 0.0011679903951248385 -0.380836703160374 -0.009942151162315676 0.9999494649176377 -0.0014903905398614059 -3.8968527932382084 -0.0011827517601395608 0.0014787035211074303 0.9999982072645551 220.6054782751376
0.9999545080769148 0.009494698905144918 0.0009123866439506145 -0.3995119149947059 -0.009493260155965117 0.9999537067938992 -0.001569172465778522 -3.9275298258861167 -0.0009272433069774091 0.0015604395815694936 0.9999983526219703 222.05470785540646
