1.0 -3.469446951953614e-18 0.0 -1.7787691892340307e-19 0.0 0.9999999999999999 -3.5575383784680614e-19 0.0 2.168404344971009e-19 -2.371692252312041e-19 1.0 0.0
0.9999999398638733 -7.08535559765227e-05 -0.00033948727388392647 0.05569069961672338 7.123806521749064e-05 0.9999993559314045 0.0011327230995349811 -0.026761272848715878 0.0003394068273799933 -0.0011327472383819146 0.9999993008434594 1.3159701006825606
0.9999991075624272 -0.0005587901877283866 0.0012135198795759842 0.11108300046058615 0.0005566348298350308 0.9999982684086526 0.0017757635472657302 -0.04833477912174309 -0.0012145101586562628 -0.0017750865086460634 0.9999976870130872 2.5650198957187875
0.9999987395084755 -0.0013551929046124005 -0.0008273055137452887 0.027529009054806763 0.0013562153315675538 0.9999983159497736 0.0012364365362606804 -0.07843531758067099 0.0008256285813713284 -0.0012375570061906604 0.9999988933951994 3.9359156819631327
0.9999977275695183 -0.002121041763454507 -0.00021457041950331 0.015413544952476385 0.0021212825042916886 0.9999971145831044 0.0011273786712255095 -0.09348340425785223 0.00021217860212637907 -0.0011278312945907252 0.9999993414884425 5.249348771992477
0.9999972552528503 -0.0022681790896114176 -0.0005872416985264347 0.027021723868529718 0.0022689980635413054 0.9999964493575041 0.0013974679211829902 -0.10665359334836277 0.000584069956575219 -0.0013987965620723332 0.9999988511151479 6.573684429189539
0.9999938560922063 -0.0034753417372284205 -0.00045801943566278194 0.016168506896749157 0.0034764099763233136 0.9999911912684731 0.0023520105967910518 -0.1450535379875967 0.0004498414006668609 -0.0023535884536843277 0.9999971291284988 7.910791371229786
0.9999936391379428 -0.0035562451267140693 -0.0002735119654581385 -0.004126621844677119 0.0035569334003828484 0.999990403311383 0.002557636505301844 -0.1629498871687911 0.0002644137829608123 -0.0025585931482959663 0.9999966918381977 9.228238427743923
0.9999940513453254 -0.00332984388917228 -0.000899675992219668 -0.0001860383977367354 0.003331535419512416 0.9999926737926972 0.0018850007063130113 -0.18427730214724058 0.0008933927201869495 -0.0018879868309183935 0.9999978186760897 10.563124681549104
0.9999993918037056 -0.0009399663421132808 -0.0005769367865062587 -0.028467369564088414 0.000939643898331342 0.999999402287217 -0.0005590108670216902 -0.2033644458485513 0.0005774619414730391 0.000558468423159107 0.9999996773257326 11.874428239418693
0.999997016870026 0.0023222328229306234 -0.0007572849053723446 -0.021451780143106423 -0.002323272633836175 0.9999963560228615 -0.0013748998331687438 -0.23697081972914263 0.0007540893707734041 0.001376655135702122 0.9999987680846965 13.22065192680038
0.9999836346786262 0.005697141067491851 -0.0005224427078816029 -0.04579707557256814 -0.005697962029395917 0.9999825137117531 -0.001582880598890703 -0.25734146539729785 0.0005134157199568313 0.0015858315797285059 0.9999986107706058 14.560911071185323
0.9999832044667465 0.005793567109194148 -0.00015922536968303574 -0.06384814186310989 -0.005793710264019359 0.9999828010178398 -0.0009113734749113197 -0.2846216834436224 0.00015394253966852602 0.0009122806869851165 0.9999995720227951 15.91141420141993
0.9999914040164402 0.004146098702272498 -4.1843207454517065e-05 -0.05341021735011395 -0.004146017114407747 0.9999897916076239 0.0017964493233997491 -0.31270567270953376 4.929104186359454e-05 -0.0017962604371152683 0.9999983855083054 17.259170395243025
0.999999942262053 -0.000263813114961587 0.00021419449110050902 -0.06735293836011959 0.0002629848203055396 0.999992523398293 0.003857976835297594 -0.34051482352835016 -0.00021521068957553098 -0.0038579203583072098 0.999992535039815 18.61635845490795
0.9999970545471253 -0.0024115637102374576 -0.0002743367763826086 -0.061459037986994376 0.0024120773327708355 0.9999953105754076 0.00188698337781315 -0.38110942664519976 0.0002697849337640686 -0.0018876395768904581 0.9999981820151789 19.95756312119186
0.9999953609662176 -0.0030455669631031315 5.0718342830241136e-05 -0.07380122402137557 0.0030455933235419633 0.9999952248640915 -0.0005240286533250254 -0.3796514440024989 -4.9122140657590794e-05 0.0005241807024874863 0.9999998614107235 21.305248443336314
0.9999993711615468 -0.0010805272735219563 0.0003002323388308294 -0.08225603798447365 0.0010809980552645235 0.9999981799464598 -0.001572114960614207 -0.4381025454476897 -0.0002985331057353451 0.0015724385546445905 0.9999987191563618 22.658254341100825
0.9999987125115339 0.0012818039624545368 0.0009653771712840379 -0.08952845723034936 -0.0012812628659631155 0.9999990218233608 -0.000560999154986757 -0.43317949250735116 -0.0009660954000987863 0.000559761541623059 0.9999993766624184 24.02600599186935
0.9999975515223388 0.001283884304653004 0.0018023847281029308 -0.09998458250866092 -0.0012902242622652152 0.9999929698016818 0.0035207485065062646 -0.45357372352248304 -0.0017978519723899876 -0.003523065435496502 0.9999921778376335 25.420546681605597
0.9999980727032152 -5.9629664125940285e-05 0.001962405904583111 -0.09544721695392475 5.0829112368160415e-05 0.9999899440930813 0.004484320242001966 -0.48408551936195376 -0.001962653731537078 -0.004484211938774955 0.999988019844201 26.79057591599793
0.9999892169368001 -0.004198108616917929 0.001985422515286615 -0.10252062725969852 0.004190690481176446 0.9999842775615024 0.0037259544623122736 -0.5106100684983103 -0.0020010334269314036 -0.0037175940623042523 0.9999910876391093 28.15618211515839
0.9999884917818957 -0.004436522536310819 0.0018258094135346868 -0.11503515444460218 0.004434277880263644 0.9999894098923734 0.00123177784227371 -0.5265155280212466 -0.0018312550416269937 -0.001223667539641364 0.9999975745672566 29.515219197525568
0.9999869151030549 -0.004444713783895016 0.002532617489022276 -0.11718400974349663 0.00444639669258475 0.9999898974931022 -0.000659137548366504 -0.5767484107914727 -0.0025296624395045003 0.0006703899643205008 0.9999965756850501 30.907270387378553
0.9999937286564925 -0.0019514016568425996 0.002955450215452714 -0.12651574089487339 0.0019572850587587422 0.9999961063071126 -0.0019890709036842107 -0.5756869326955496 -0.0029515574825016546 0.0019948431312995325 0.999993654432539 32.29176748460129
0.9999940253866318 -0.00017798166839920818 0.0034521758548110553 -0.12869859981002635 0.00019158687809246386 0.9999922154014064 -0.003941120522248162 -0.6253738172997441 -0.0034514478286774746 0.003941758447807289 0.9999862749276826 33.671740743821445
0.9999931749331251 0.00014719994296686668 0.003691669487461409 -0.14379788736695293 -0.00013309800423389612 0.9999926953237419 -0.003819893261019235 -0.6378261648613346 -0.0036922051242246567 0.0038193759143219357 0.9999858898925718 35.06657060724412
0.9999948147792486 -9.262581051196206e-05 0.0032189810933594596 -0.1431633631497716 9.976624810019603e-05 0.9999975349524949 -0.0022181378833684906 -0.681824861206738 -0.0032187679754109946 0.00221844757391559 0.9999923589802266 36.456151672211604
0.999994464666853 0.0012011585340476758 0.003102878618112714 -0.1578098562889229 -0.0011972129578343479 0.9999984728777948 -0.001273155683985551 -0.6980814277705988 -0.003104403404913793 0.0012694338567834226 0.9999943755907383 37.85930896271024
0.9999913867857012 0.0032404664533433438 0.002593401053080023 -0.15372281427972817 -0.003238496992595168 0.9999944647177805 -0.0007633328722888047 -0.7256225818952531 -0.00259586047263897 0.0007549275905388517 0.9999963457879468 39.256427149808985
0.9999827106309627 0.004994623384516962 0.0031035738415527863 -0.16754890354066032 -0.004992094269401544 0.9999872013962819 -0.0008222215517211185 -0.7519423988313427 -0.0031076410707355107 0.0008067140174446137 0.999994845874435 40.65267369734462
0.9999614397599136 0.008192052409930104 0.003163740967230594 -0.18173872704375377 -0.008190783631857025 0.9999663692961358 -0.00041395402520617207 -0.787566891325292 -0.003167025969947267 0.000388024549260876 0.999994909676747 42.07805466291358
0.9999521625881681 0.009364762428014439 0.0028237816197293876 -0.18456434576970893 -0.00936354153474025 0.9999560618608845 -0.00044548690242676974 -0.8140515305366647 -0.0028278296669399803 0.0004190249983924891 0.9999959138885117 43.46707556949977
0.9999597944347569 0.008634288229390096 0.0024204472924785835 -0.19537392114129534 -0.008633156595026828 0.9999626194579349 -0.0004778210721439945 -0.8462716281717021 -0.0024244826655204126 0.00045690576493726004 0.9999969565541963 44.89365215090219
0.9999648481023097 0.008246697072247289 0.0015147710780731003 -0.1859512396972431 -0.008245062383064002 0.9999654228619084 -0.0010826102087159125 -0.8810226907833902 -0.001523646790225422 0.0010700827868926476 0.9999982667090137 46.292792291285764
0.999969090353288 0.007831410199569464 0.0006980949874090289 -0.2025733440234814 -0.007830990265366987 0.9999691555341101 -0.0006029831355621805 -0.9123509168100667 -0.0007027957237036868 0.0005974977288662631 0.9999995745366731 47.72202627239752
0.9999688267413454 0.007887305670196422 -0.0003686968391678545 -0.20629237114822557 -0.007887261224895586 0.9999688874870107 0.00012322828013760958 -0.9367154268571255 0.00036965733802331834 -0.00012031643914015854 0.9999999244389977 49.120477998459585
0.9999619461941814 0.008619883292330278 -0.0013430392851856584 -0.2197539438981806 -0.00861974139341425 0.999962843096039 0.00011182317728457873 -0.9657797920555402 0.0013439533978441519 -0.0001002422803389193 0.9999990918710747 50.54746036863301
0.9999609173027746 0.008486520148156195 -0.0024784712988057418 -0.22936506474578983 -0.00848590759786346 0.999963960820223 0.0002577817075589435 -0.9838344745854097 0.0024805698556631447 -0.000236739567513112 0.9999968953611409 51.99944755978188
0.9999532064823881 0.0089829901917084 -0.003590362986599584 -0.2429470957758282 -0.008978834129382383 0.9999590024477949 0.0011721693233823556 -1.0201511408949575 0.0036007456806839582 -0.001139877232011949 0.9999928676331818 53.40958585577237
0.99995542782258 0.008365667105977552 -0.0043769801882126355 -0.25612542276202377 -0.008356660345182173 0.9999629355585153 0.002072137738170552 -1.058019735471075 0.004394153144860115 -0.0020354684918097794 0.9999882740786963 54.863077311172326
0.9999750691477681 0.0050979854590584356 -0.00488585792869383 -0.26418100241654413 -0.005085007203880565 0.999983519819046 0.0026651081551017017 -1.0684206713590816 0.004899364507340423 -0.0026401971488468423 0.9999845126783139 56.25875422511435
0.9999798254326321 0.0036257096369036994 -0.005215643806527769 -0.2897844954704056 -0.003613857268843568 0.9999908704562804 0.002280141670005818 -1.0997525355248114 0.005223863764763501 -0.002261247128446819 0.9999837988785227 57.68908985187351
0.9999839424259834 0.0021638996061261956 -0.005237596254046071 -0.3040001631319716 -0.002152469155390922 0.9999952918022964 0.0021870649696293524 -1.1226356778313322 0.005242304628075669 -0.002175756135091687 0.999983892039358 59.136110849342565
0.9999857111817338 0.0017140956998061329 -0.005063525984424531 -0.3064118946749297 -0.001701484506532779 0.9999954427594496 0.00249387515663131 -1.151794083152289 0.0050677780795745034 -0.0024852240655097806 0.99998407052167 60.541684594383185
0.9999900553313554 -0.00018401449682941586 -0.004455936361060858 -0.32655087992769344 0.00019967455163215873 0.9999938051331188 0.0035142316969668623 -1.1787369924082456 0.004455262466925409 -0.0035150865589570267 0.9999838972763896 61.99529808733478
0.9999887357379493 -0.0024281769182386056 -0.004078277821526859 -0.3376389915718074 0.002441191320270566 0.999991934851311 0.0031891712188000247 -1.2048822075820267 0.0040705014044245666 -0.003199091216065093 0.9999865983311955 63.397648672881175
0.9999872539697382 -0.0034356081557086384 -0.0036997963005244144 -0.3458189576242987 0.003442913390378336 0.9999921329267565 0.00196987989856543 -1.2312059422064916 0.003692999772447674 -0.0019825929080923067 0.9999912155040194 64.80727459810348
0.9999921198393527 -0.0027366278094378225 -0.0028759565878014597 -0.3579880157202554 0.002742555822349415 0.9999941189174295 0.0020592507826161016 -1.2702808977401643 0.0028703045155373482 -0.0020671220678564997 0.9999937441623368 66.26248988044397
0.9999968796757953 -0.001033100115993198 -0.0022744978599853094 -0.3724283203867825 0.0010373461053295573 0.999997720297453 0.0018663630456184888 -1.2980259504981837 0.002272564728567593 -0.0018687167013472406 0.9999956716664774 67.6255200804944
0.9999975700174142 0.001486376645277382 -0.0016280781480540632 -0.3925123976069872 -0.0014813464802885873 0.9999941393901745 0.003086551449549786 -1.3245219478631098 0.0016326565248917665 -0.0030841322647028745 0.9999939112635551 69.09551206231363
0.9999893627728953 0.004560869878756415 -0.0006876024611689087 -0.4100070466151782 -0.00455802422260986 0.9999812675869966 0.004085204786089891 -1.3494706995229984 0.0007062217308699248 -0.004082027306687704 0.9999914191161552 70.44580569387698
0.9999585253635066 0.009104808023160483 0.0002236154099990997 -0.4310622072607533 -0.009105808421227558 0.9999461704201752 0.004973985724181385 -1.3871732406673598 -0.00017831619935976153 -0.004975815733914901 0.9999876046541795 71.91226600758046
0.9999216351641438 0.012503402923149826 0.0006232306543180119 -0.4354696763204463 -0.012506054004032341 0.9999119060627737 0.004447331398653807 -1.3983960107377347 -0.0005675690201971946 -0.004454777137396734 0.9999899163622653 73.27534211094934
0.9998667270772269 0.016267085097301664 0.0013820219406635056 -0.44906658438831176 -0.01627237036439895 0.9998599806865605 0.0039024385847483143 -1.4224310356717582 -0.0013183472395761466 -0.0039244073569612925 0.9999914304564843 74.66691737645216
0.9998346853822219 0.018048178616631 0.0022056989232600993 -0.4679638298562968 -0.018056537566578032 0.9998296321773359 0.0038298982801812827 -1.4486115938944377 -0.002136200633370954 -0.00386909251582811 0.9999902333362446 76.11534822439074
0.9998344539642251 0.018024158042334745 0.0024888442750057634 -0.47117054974364847 -0.018034326694683876 0.9998288588177492 0.004125067912304574 -1.4727102075138774 -0.002414067656982914 -0.004169269748432578 0.9999883946650571 77.48789400845966
0.9998478886139122 0.017253025409069648 0.0025559155947505463 -0.47711858336056645 -0.017263558011109466 0.9998423306939981 0.004157326494559718 -1.50988369322166 -0.0024837863532082166 -0.004200818408999984 0.9999880918929299 78.88792517099361
0.9998639975830359 0.01633198789062515 0.0022918263482142875 -0.4808695340139699 -0.016338995567069876 0.9998617888143027 0.003072545545738684 -1.529201478101553 -0.002241329003415824 -0.0031095738846396237 0.9999926534690874 80.27721412284818
0.9998698999904954 0.016004018679008334 0.002013563809357858 -0.48476978508053714 -0.016010220004894965 0.9998670171020498 0.003101775108249667 -1.5662601905899964 -0.0019636553374184173 -0.003133609239286008 0.9999931622510112 81.64957714496454
0.9998816967886164 0.0152934325036024 0.0016441750569586363 -0.4973520359116727 -0.015299077679043573 0.9998769171738597 0.003476890038912354 -1.5870606236105942 -0.0015907992366476645 -0.0035016331530074536 0.999992603933416 83.05603996818476
0.9998821387013634 0.015289694517406027 0.0013906507415561277 -0.5112158980067277 -0.015293053972116876 0.999880083765655 0.0024373404625915476 -1.6076238427807312 -0.0013532179021509866 -0.002458320550391561 0.9999960627222034 84.41854267697784
0.9998772922614263 0.015655075837918676 0.0005647830976587935 -0.516688844268343 -0.01565646128112531 0.9998742132963957 0.002536305560807302 -1.6256000865019444 -0.0005250060428145843 -0.002544836902912843 0.9999966240810422 85.82865311271402
0.9998908735387302 0.014760834140158025 -0.0005989577249504152 -0.5301971098604351 -0.014758952224910008 0.9998864751215866 0.003034837001189737 -1.6537168970969238 0.0006436865099063371 -0.00302566590318691 0.9999952154961204 87.17874506747093
0.9999041968357464 0.01372829234645533 -0.001769492014123542 -0.5372261685119757 -0.013720083382747522 0.9998954263816019 0.004571175617304047 -1.6911125965022356 0.0018320615648432903 -0.004546460207853296 0.9999879865549013 88.56722785653662
0.9999284801036478 0.011606071752680901 -0.0028868223611161316 -0.5421077945054463 -0.011591026239320998 0.9999194290215051 0.0051752876515411845 -1.7207399131794427 0.00294665477929657 -0.005141456394392779 0.9999824411749649 89.94819565104528
0.9999428738087999 0.009990248824938165 -0.0038005286019243386 -0.553950438593983 -0.009969536673428186 0.9999355573027529 0.005430432894075219 -1.7444732305719377 0.00385453539092986 -0.005392233281919121 0.9999780329515474 91.3164136080344
0.9999445196186554 0.00962754964977977 -0.004274101379347311 -0.5682482385229726 -0.009607938334512529 0.9999433282410725 0.004585613115278664 -1.768865152497306 0.004318007744429048 -0.00454429350167964 0.9999803519144413 92.70132848320009
0.9999596710232508 0.0077158409963882695 -0.0045958785404029865 -0.5828070240889045 -0.007694838162584806 0.999959950027846 0.004570319598852264 -1.8004879263312406 0.004630958729461248 -0.0045347708400117984 0.9999789948217062 94.05131600846883
0.9999595159181413 0.007697505049412455 -0.004659926548653716 -0.6039925396143213 -0.007678532003920777 0.9999622127680793 0.004075929050159091 -1.8216824513502134 0.004691125346596099 -0.004039982734112497 0.9999808357625819 95.42098113947189
0.9999678424269253 0.006661355352312803 -0.004465471383312486 -0.6108795970819221 -0.006647142202155235 0.999972818327755 0.0031903164745229525 -1.8395771560224587 0.004486602217345955 -0.003160531329447929 0.9999849406123458 96.77757615364159
0.9999580805426036 0.008027542181303545 -0.004404054775037853 -0.6312404811147985 -0.00801649193704537 0.9999646891768379 0.0025211650494797663 -1.8677691316656713 0.004424138398397978 -0.002485754352755398 0.9999871239339202 98.10446322678376
0.9999498994855391 0.00914902902268055 -0.004061250901138645 -0.6529773143289331 -0.009138869298845801 0.9999550811534008 0.0025133171744766408 -1.8845000230500621 0.004084063232768288 -0.002476076073950662 0.9999885946764201 99.4632414243626
0.9999504903868299 0.00908235534950275 -0.004065411258529588 -0.6570104952812502 -0.009066034377960715 0.9999508409107578 0.0040153208701286455 -1.9182606308503511 0.004101680326874783 -0.003978265003618838 0.9999836746840596 100.77713139173284
0.9999481942355494 0.009414099684457982 -0.0038708582954788497 -0.6836535633707084 -0.009392789312859896 0.9999408307969124 0.005487297485445805 -1.942315821997758 0.003922287560692737 -0.005450655173207544 0.9999774527593792 102.11993883897287
0.9999480421601445 0.009522193890773367 -0.0036387876473660784 -0.6946427475015688 -0.00950628058278457 0.9999452830023687 0.004365965081315527 -1.965236519660491 0.003680162423768693 -0.004331146994496876 0.9999838486585706 103.48411947151746
0.9999494155115388 0.00941492648291656 -0.003539145364945143 -0.7048184663435129 -0.009408247121733361 0.9999539375575935 0.0018993867041486201 -1.9883883240682345 0.003556865230946991 -0.0018659935173338266 0.9999919333598493 104.80224223674718
0.9999588756607477 0.008212129627082579 -0.0038481020526297724 -0.7264501044267476 -0.008210351171425193 0.9999661803228987 0.00047787208367132975 -2.013227396349472 0.0038518965839076636 -0.000446258180521212 0.9999924818485199 106.11546204557098
0.9999698874143383 0.007001723927218375 -0.0033466559373267046 -0.7310551357810788 -0.006996337761026886 0.9999742154374491 0.0016185587607277642 -2.0440080690274414 0.0033579026314828867 -0.0015950957259640492 0.999993090059082 107.4856407174532
0.999986832286897 0.004180488062405639 -0.0029763667678975366 -0.7406449048457275 -0.00417118561840824 0.999986418007677 0.003124902877474765 -2.0523025390517806 0.00298939021696384 -0.003112446818371509 0.9999906880700903 108.81477389719909
0.9999935687965976 0.002878473420783659 -0.002139333383775749 -0.7582254479490668 -0.0028696835439566562 0.9999874750909215 0.0041005587352999535 -2.0870860701254785 0.002151110123070342 -0.004094393238619514 0.9999893042797151 110.14942924840332
0.9999965793761005 0.002124819196022364 -0.0015252452918182683 -0.7683371007835975 -0.0021199691953750115 0.9999927140848851 0.0031745095462386783 -2.1163746369228877 0.001531979569732215 -0.003171265279779345 0.9999937980399187 111.47330470868204
0.999994650042332 0.003187190176858168 -0.0007360016799193814 -0.7819990473064999 -0.0031866588584593108 0.999994661786771 0.0007222250440103939 -2.144420358432729 0.0007382996823177292 -0.0007198758110935681 0.999999468346699 112.79998127483236
0.9999813971644486 0.006083829284488864 0.0004385597217041752 -0.7831906123577749 -0.00608336628235486 0.9999809445496749 -0.001050335490646684 -2.1780400093776757 -0.0004449414654185038 0.0010476480483561843 0.9999993522297278 114.15693883857247
0.9999567972866201 0.00912470200614354 0.0017729511516401775 -0.8011962784723663 -0.009121298632138841 0.9999565594389771 -0.00191863667101792 -2.194558140114574 -0.0017903812749638381 0.0019023821957569037 0.9999965877312886 115.45788167142187
0.9999421751814851 0.010236183728405828 0.003296485503526722 -0.8155451853398009 -0.01023591859286983 0.9999476068720751 -9.749272723917014e-05 -2.217388270725791 -0.0032973110231605918 6.374452858269449e-05 0.9999945618214697 116.8255388505639
0.9999408128249913 0.01005074005567438 0.004165747619887529 -0.8243084072140038 -0.010060324543259704 0.9999467804169488 0.0022860941244715943 -2.2414256744862473 -0.004142549331575405 -0.0023278676402481114 0.9999887100926678 118.11607472050659
0.9999426678412597 0.0094358466105857 0.0050621945536716536 -0.8221794738856404 -0.009451986608708055 0.9999502921664206 0.00317382512703278 -2.2767711198845637 -0.005031995619110415 -0.00322149102654467 0.9999821503460465 119.49658756129476
0.9999300065751369 0.010159559419840614 0.006063438462471432 -0.8201094627013548 -0.010173473545336216 0.9999456763116307 0.0022682337881465287 -2.300587458387165 -0.00604006532736891 -0.0023297613062711574 0.9999790446891027 120.8179083981237
0.9999009326425314 0.011947911647343677 0.0074412556649350765 -0.8219040382959957 -0.011963871476833659 0.999926217063297 0.0021038624252384375 -2.327617679744247 -0.0074155704905104584 -0.0021926802738819187 0.9999701002835903 122.11665450500334
0.9998707594599381 0.013609234748815008 0.008558801277523986 -0.8262712096622288 -0.013620926364611423 0.9999063739129346 0.001309124595354435 -2.3433381802093076 -0.008540184487920583 -0.0014255342369255475 0.9999625158446447 123.4831133373428
0.999850253513743 0.014271867180754566 0.009786946721349419 -0.8269162632893415 -0.014278403364565874 0.9998978794798977 0.0005982017282453149 -2.370809146376022 -0.009777410644202967 -0.0007378541401501809 0.9999519277473139 124.81928223768665
0.9998143195557606 0.015888011012446204 0.010904012185064038 -0.8202984687696852 -0.015883947268850243 0.9998737366885839 -0.0004592840451212193 -2.399873277305144 -0.010909933441530467 0.0002860000128356042 0.9999404440013496 126.1353483238792
0.999811591649787 0.015471451952385567 0.011722429049818154 -0.8166652734169495 -0.015463437353792034 0.9998801342596411 -0.0007741181412026712 -2.4274787695974624 -0.011733001656776482 0.0005927032530158233 0.9999309903031224 127.48185350624169
0.9998100704338392 0.014717350556066803 0.01277586081044895 -0.817883000487591 -0.014716059426037834 0.999891693910984 -0.00019514303207580983 -2.4534272065559204 -0.012777350176047805 7.09564100689601e-06 0.999918366301151 128.81170722587862
0.9998117600410182 0.013849989192490919 0.01358757716655075 -0.8090420836412033 -0.013863229075316341 0.9999035130421933 0.0008806363302696083 -2.484414717130773 -0.01357407048602053 -0.0010688382747857956 0.9999072967981152 130.18201083935585
0.9998316080484972 0.01194479925741973 0.013931162696577522 -0.795130321782346 -0.011967675086996633 0.9999271682586602 0.0015597947615752018 -2.505007422719673 -0.013911517805414402 -0.0017262557652747707 0.9999017400268342 131.50687021491072
0.9998402236819812 0.01125534387821194 0.01388683981931195 -0.7803609643767161 -0.01127624611584359 0.9999354018316324 0.0014277477645124213 -2.538374882189198 -0.01386987413437474 -0.0015841110963560074 0.9999025538415133 132.84544527835746
0.9998575504802445 0.009787691144841869 0.013750630262603614 -0.7718131118158537 -0.009816207926838124 0.9999498040612661 0.0020078450165144325 -2.5520328305816364 -0.013730289029125004 -0.0021425380842848814 0.9999034396825401 134.1823100062342
0.9998794196457018 0.008367732166268425 0.013081560104446253 -0.7558924335476325 -0.008396543332234161 0.9999624392018076 0.0021490145335606773 -2.591420150216316 -0.013063087475208715 -0.0022585953311860174 0.9999121233826115 135.51884763666808
0.9999018596104674 0.007292097508306409 0.01196229293892484 -0.7509396098164526 -0.007311321341264193 0.999972048777928 0.001564051854366022 -2.6151179520422225 -0.011950554368636655 -0.0016513585537653562 0.9999272259815838 136.8626944004554
0.9999346208323348 0.0035683422774708236 0.010863746789583524 -0.7407743725862379 -0.003597536717404823 0.9999899671687137 0.0026689506664004195 -2.6290700229346724 -0.010854114981242554 -0.002707858947858154 0.9999374258830859 138.19346312627252
0.999947720935653 0.0030566613698895786 0.009757674834370646 -0.7256331333200335 -0.003085492891685633 0.9999909149475662 0.0029410476027188588 -2.65766421085065 -0.009748597220414058 -0.0029710011368045044 0.9999480676505715 139.53781522564617
0.9999610379024269 0.0023893807121585058 0.008497854997667784 -0.7299126414185895 -0.002416945151255347 0.9999918469116895 0.0032348863875674917 -2.6879811367961106 -0.00849005705375906 -0.003255299258120112 0.9999586601213369 140.90410280542412
0.999971888917295 0.001714263941607565 0.007299498476407505 -0.728435621315112 -0.0017354984942536782 0.9999942783064817 0.0029036876086201363 -2.7079140107401427 -0.007294479638137485 -0.002916274304285757 0.9999691424763294 142.2164797200617
0.9999790674113385 0.001669705613055088 0.006251145949804163 -0.7251249123486879 -0.001682898998965422 0.9999963665703938 0.002105872625436196 -2.729340604372364 -0.0062476075757274055 -0.002116348629237611 0.9999782439944102 143.5685885765492
0.9999851608898114 -0.0003042644763803625 0.00543924899450198 -0.7157216578518895 0.0003049856633616458 0.9999999448116905 -0.00013175692753914523 -2.7565228184064527 -0.005439209065111196 0.00013341387263599906 0.9999851984902777 144.91776486674655
0.9999854470561363 -0.0032028880310092205 0.004341335486267813 -0.7295383929802719 0.0032072780042323203 0.9999943520840721 -0.0010045712108907184 -2.806046540056318 -0.004338093804874665 0.0010184804872928257 0.9999900717679525 146.22332945356086
0.9999206341005105 -0.01220173802920858 0.003137372035010612 -0.7199097331891199 0.01219572497296995 0.9999237689420348 0.0019288822235423227 -2.822114909250194 -0.0031606688500862203 -0.0018904666349440398 0.9999932181293246 147.60360046851392
0.9997745934123571 -0.021174665526754496 0.0015478742061688824 -0.7148052416754547 0.02116912060922005 0.9997697272553552 0.003515791571423231 -2.8364905664456854 -0.0016219636161522637 -0.003482232004201035 0.9999926216191476 148.92018058426547
0.9998049907763034 -0.019730654497955 0.0008256512377610213 -0.6841607457663994 0.019730098630515693 0.9998051130477397 0.0006775873865802428 -2.896468058777788 -0.0008388596405953148 -0.0006611650676903601 0.9999994295869016 150.24333226592483
0.9997723732927446 -0.02132128798563592 0.0007773580918425736 -0.7130313631610027 0.02132344382872841 0.9997684887607218 -0.0028774327592125657 -2.912681465465732 -0.0007158276134254335 0.002893353804192336 0.9999955580367927 151.6246749591767
0.9998491935698137 -0.01726341658298332 0.0018880087524657818 -0.7108363141688372 0.01727351018764531 0.9998358569709059 -0.005466713115035727 -2.9445008371296786 -0.001793324857901078 0.005498501361005868 0.9999832750932048 152.94687394387702
0.9998480261719082 -0.01722078943974681 0.002714587179907668 -0.7174499406256842 0.017235272948563415 0.9998368517952669 -0.005405104044523155 -2.977573218730442 -0.002621064365902339 0.005451069383904689 0.9999817077629978 154.31397470842765
0.9997563775335718 -0.021847528258993002 0.0031418304420402802 -0.7259778186432007 0.021853845502260216 0.9997591953661176 -0.001990154056544098 -3.003245624130226 -0.003097594189510111 0.002058330347179412 0.9999930840672363 155.636925081186
0.9995515422713309 -0.029752100179254587 0.0033951249173406954 -0.7255976174203245 0.029751886762311386 0.9995573081437934 0.00011392701087625478 -3.0111031593685214 -0.00339701177574554 -1.2864522083291628e-05 0.9999942300539914 156.98025510476367
0.9994893829806069 -0.03177392888518636 0.0033750174411875853 -0.7065521188923454 0.03177114539129733 0.999494786041841 0.0008757906911416641 -3.03946123925304 -0.00340113993067229 -0.0007681153157660081 0.9999939211024808 158.33329506761726
0.9994152332279641 -0.03403393874805299 0.0032988770260639674 -0.7056371657201714 0.034029075719284665 0.999419687570793 0.0015199082547526185 -3.07537715160985 -0.003348691390273705 -0.0014067617257838621 0.9999934036199745 159.66290554619238
0.9994398859135312 -0.033182124029551306 0.004342934230937796 -0.710294580898071 0.03317661927902286 0.9994486141942007 0.0013339923974253366 -3.084441481493992 -0.004384804666754921 -0.0011891613284603399 0.9999896796359752 161.02470408024385
0.9995262904562313 -0.030260567599726375 0.005611838485601947 -0.7163687250199074 0.030254460456785048 0.9995415438712151 0.001170345240109536 -3.1057991138280943 -0.005644681488921385 -0.0010000076828257012 0.9999835686398644 162.3756329359042
0.9996074422921116 -0.027235765120259534 0.00657072410103271 -0.7252177052822679 0.027239253519873555 0.9996288451046601 -0.0004417082792732678 -3.1419318369421116 -0.006556255634108121 0.0006205165412744894 0.9999783149972835 163.71669910857926
0.9996845991478129 -0.024019895113436468 0.007331225942083809 -0.7229360658493421 0.024032889436975027 0.9997097410914133 -0.0016893166320157327 -3.15791774777133 -0.007288521395741968 0.0018649744236751565 0.9999716992592494 165.07588250765616
0.9996835366349651 -0.02400774062385173 0.007513652880813497 -0.71993619330016 0.024011261518585212 0.9997116164368491 -0.0003785232279387595 -3.1861468363126835 -0.007502399211972256 0.0005588157589675537 0.9999717004616773 166.41899903720716
0.9996756462992221 -0.024374435412992394 0.0073816734151843704 -0.7177982962457521 0.024381510412786425 0.9997023484359718 -0.0008697588831008447 -3.1960151829499117 -0.0073582769876396415 0.0010494531661396696 0.9999723768189933 167.74551381436783
0.9997860130522863 -0.01949125681243448 0.006929576217318422 -0.7151980986423283 0.01951124496181684 0.9998056366373829 -0.002828473301401499 -3.2483517976945593 -0.006873099443861605 0.002963072782996241 0.9999719899562144 169.1378650673214
0.9998730276264639 -0.014662586053863266 0.006239968870630297 -0.7223890978345148 0.014700546995657739 0.9998734459734174 -0.006081607132053413 -3.282153899771855 -0.006150007613211307 0.006172566029478435 0.9999620376937957 170.53469755418882
0.9999160066023263 -0.011422883622497887 0.006123519131530793 -0.727397632596608 0.011467516875191033 0.9999075708043567 -0.007303827388006041 -3.305480577962977 -0.006039522884915157 0.007373435632688661 0.999954577270526 171.87870783063025
0.9999739494842153 -0.0029871103296191855 0.006570961536720035 -0.7294446769819886 0.0030271222438426545 0.9999768880807295 -0.0060876786242068884 -3.366907939566143 -0.006552625660011362 0.006107411268865094 0.9999598805042746 173.2774544915532
0.9999727266695807 -0.0010716897789796315 0.007307352897511848 -0.7380964077858807 0.0010989002130129804 0.9999924743798595 -0.0037206989237099576 -3.3939161069877093 -0.007303311090295703 0.003728627579769617 0.9999663789231263 174.63297393693492
0.999972100926908 -0.0017623811498095557 0.0072588835118598885 -0.7383553095007902 0.0017754030813082883 0.9999968257408369 -0.0017878617500070011 -3.4167523076971964 -0.00725571019094687 0.0018006993572215848 0.999972055681873 176.02870249606292
0.9999736185531101 -0.0034845595290907538 0.006373386376220433 -0.7383758543574115 0.0034905974082181258 0.9999934693769036 -0.0009364446005568993 -3.4501630721690355 -0.006370082195942918 0.0009586668485072095 0.9999792512868776 177.4545750875651
0.9999776730931834 -0.004518559209223982 0.0049230020656666805 -0.7373169847687704 0.004522639069274578 0.9999894383636516 -0.0008178576000693864 -3.4757772992417135 -0.004919254948805606 0.0008401043253400366 0.9999875474974131 178.86009717175892
0.9999805425742196 -0.005586897778925666 0.0027750778092334267 -0.7347854255430455 0.005598891142250826 0.9999749389700943 -0.004332879277183401 -3.519348792867041 -0.002750801144935712 0.004348332421290652 0.9999867624596073 180.19064978925388
0.9999908764853568 -0.004118983150096674 0.0011317822611083145 -0.7501679413958318 0.004128686485475886 0.9999535523073829 -0.008709028060719225 -3.558087561395561 -0.0010958574520410658 0.008713621553687032 0.9999614352036896 181.60686149175936
0.9999993084024882 0.0009254441856899739 0.0007257734562651141 -0.7808633885881808 -0.0009179522445447834 0.9999469838429359 -0.010256064935777026 -3.585807557352239 -0.0007352264647882503 0.01025539181935442 0.9999471417931535 183.00947584755755
0.9999969562563293 0.002439216633631676 0.00037107477953989454 -0.7954152056097906 -0.002436006982203748 0.9999616038718554 -0.008417639581855459 -3.616583710183328 -0.0003915930183203272 0.008416710184305485 0.9999645021920828 184.33915620535845
0.9999833198087758 0.005740544862475687 0.0006373683117775247 -0.7937283644949698 -0.005736765050652284 0.9999668268021621 -0.00578228619228197 -3.653866425847904 -0.000670540703282907 0.005778533420429378 0.99998307931963 185.77731631122884
0.9999706500309886 0.007575177227854802 0.0011470624070659637 -0.8047750307527466 -0.007571162774871597 0.9999653350564796 -0.0034649958046569763 -3.696958058058892 -0.0011732707039837432 0.003456209574214434 0.9999933390024802 187.14431605621746
0.9999823356846289 0.005795206148333482 0.0013205660446013266 -0.8150241200194429 -0.005791082970210132 0.9999784100564991 -0.003105284328792129 -3.718330786502285 -0.001338533412509025 0.003097582026241936 0.9999943066396796 188.59896918283235
0.9999931099486152 0.003542471059993945 0.0011094814562395677 -0.8079677498703797 -0.0035396702019378024 0.9999905688085696 -0.002516552319320154 -3.7440712568185366 -0.0011183859030636342 0.0025126078294151932 0.9999962179993734 190.01040990248615
0.9999988563993482 0.0008981442585007469 0.0012167732371420755 -0.8158743602260493 -0.0008957157409712514 0.9999976088464761 -0.0019949928182921104 -3.773010659818595 -0.001218562223658497 0.0019939006934783423 0.9999972697283749 191.36487101562426
0.9999980934832136 -0.0011307165100846363 0.001592015732587762 -0.8216657810534289 0.0011334035529376799 0.9999979332095519 -0.001687889634455895 -3.810518813659923 -0.0015901040532235585 0.0016896908482164602 0.9999973082521517 192.82554592055013
0.9999890529986897 -0.004246967276674136 0.0019639654172260946 -0.8248493532940155 0.004248846793538669 0.9999905188490485 -0.0009536809189673509 -3.838787305050709 -0.0019598967110345702 0.0009620150909935477 0.9999976166616907 194.19643934968383
0.9999545572442534 -0.009286092651438307 0.0021568361446449268 -0.8225577024625113 0.009284999881422075 0.99995676011729 0.0005163945602382556 -3.863057462008903 -0.0021615383526374706 -0.0004963448714161408 0.9999975406924128 195.66749010378024
0.9999126268805562 -0.012997105814413936 0.0024111944517037354 -0.8178787568835872 0.01299410825789329 0.9999147853526954 0.0012550590719243955 -3.90427005127626 -0.00242730132136909 -0.0012236181039585216 0.9999963054751763 197.05080540895477
0.9999393211995804 -0.010670130992751594 0.0027390211884513477 -0.8299067895942519 0.010676880078039555 0.9999399717676583 -0.002461114234989772 -3.9445157510338076 -0.00271259658907577 0.0024902091577446283 0.9999932203141983 198.47498392257637
0.9999900110620422 -0.0033392347761841603 0.0029710765326573497 -0.8495570639527942 0.0033626714878612456 0.9999629941809843 -0.00791850390657674 -3.9729006471358033 -0.002944525096997072 0.007928415724695739 0.9999642343566493 199.89776921998129
0.9999730084151317 0.005921338796581618 0.004349733462687637 -0.8652042842835417 -0.005882593893129453 0.9999433846210586 -0.00886694159300863 -3.999156376169667 -0.004401991745753144 0.008841114718000889 0.9999512273878766 201.3365113271193
0.9998951269186664 0.01326285223352989 0.005816518545478015 -0.881238005210685 -0.013235082403030667 0.9999009525964186 -0.00478723550075209 -4.035581601638587 -0.005879435332999165 0.004709751433818728 0.9999716248351058 202.78666280658862
0.9998790645109618 0.013978453475876947 0.006816095817629191 -0.8791417427298905 -0.013956622173321626 0.9998973518008093 -0.0032401535262052165 -4.0588518020596265 -0.00686068907620285 0.0031446320594854696 0.9999715207084091 204.21988986670297
0.9998914938449431 0.013277025484470947 0.00638130896456626 -0.8757429131299116 -0.013260587847528642 0.9999086643257228 -0.002611484162719383 -4.099126680693004 -0.006415399410229428 0.0025265809373559147 0.9999762292337954 205.6841990746242
0.9999470855837138 0.00899717627754108 0.004987668524313349 -0.8717075295790657 -0.008985173628647805 0.9999566950234876 -0.002423788906945237 -4.122712103286548 -0.005009260215336991 0.002378845629949125 0.9999846240817026 207.11668764704612
0.9999612607979086 0.007994359185386395 0.0036833560797189615 -0.8673438801286348 -0.007984195816968348 0.9999643005781671 -0.0027659001706977684 -4.166653008501448 -0.00370533650134712 0.002736384436554035 0.9999893912821817 208.55041961383256
0.9999622685446563 0.008042981146737498 0.003282061566794197 -0.8763303115131018 -0.008031942863897128 0.9999620889959074 -0.003362808691556291 -4.194281178949868 -0.0033089844303237047 0.0033363205392007078 0.9999889597305286 210.03234644718623
0.9999501258171584 0.009499553505395993 0.0030829116194356753 -0.8848334615560021 -0.009488387191786015 0.9999484431798527 -0.003616837326474732 -4.228923841123365 -0.003117111280970437 0.003587405146512587 0.9999887070049404 211.51045686383878
0.9999415967186782 0.010403633046986277 0.0029270379110683635 -0.8886728441368266 -0.010394911110723088 0.9999415321768308 -0.0029796098814204096 -4.254605913707029 -0.002957865794390051 0.0029490096160853184 0.999991277146068 212.95549576777296
0.9999431404083742 0.010365186801997706 0.002505759818985623 -0.9038521397392505 -0.01035706451209404 0.9999411369505304 -0.0032332449428779803 -4.289838546052667 -0.0025391257279796806 0.0032071088431318414 0.9999916336099245 214.40504547216716
0.9999481177828798 0.00993434676617975 0.0022517720264303193 -0.9097221919333838 -0.009926457279997202 0.9999446464933427 -0.0034884692911928963 -4.332825030963009 -0.0022863032432430515 0.0034659362454108095 0.9999913800129204 215.85072234766983
0.9999537190071986 0.009410993613232096 0.0019982553763675213 -0.9178338472529441 -0.009402165377696692 0.9999461944572874 -0.0043826359539445294 -4.361637194789457 -0.002039392994628693 0.0043636452741433315 0.999988399669298 217.34600110755022
0.9999451889520937 0.01038454201372319 0.001334300089877927 -0.9163286232797011 -0.010378376749727506 0.9999358014030745 -0.004547789856569359 -4.3974722038424305 -0.00138144126561919 0.004533692800939109 0.99998876856066 218.81775803899876
0.9999369011419855 0.01116999252460625 0.001193724007425299 -0.9240662748710623 -0.01116382091828115 0.9999248903685343 -0.005057939351955882 -4.432476841614914 -0.0012501316024732972 0.0050442937725964756 0.9999864960435019 220.302676388807
0.9999421215928739 0.010696219630198234 0.0011594510787414072 -0.935236789137117 -0.010690062510380245 0.999929374782919 -0.0051930756610360645 -4.468532333764893 -0.0012149155776581657 0.0051803805844782376 0.9999858437174214 221.78721603148077
