1.0 -3.469446951953614e-18 0.0 -1.7787691892340307e-19 0.0 0.9999999999999999 -3.5575383784680614e-19 0.0 2.168404344971009e-19 -2.371692252312041e-19 1.0 0.0
0.9999999398638733 -7.08535559765227e-05 -0.00033948727388392647 0.05569069961672338 7.123806521749064e-05 0.9999993559314045 0.0011327230995349811 -0.026761272848715878 0.0003394068273799933 -0.0011327472383819146 0.9999993008434594 1.3159701006825606
0.9999991075624272 -0.0005587901877283866 0.0012135198795759842 0.11108300046058615 0.0005566348298350308 0.9999982684086526 0.0017757635472657302 -0.04833477912174309 -0.0012145101586562628 -0.0017750865086460634 0.9999976870130872 2.5650198957187875
0.9999997158826269 -0.0006297016797929423 0.00041438156225850767 0.1056203136081508 0.0006289818313242272 0.9999982968889329 0.0017351080077968677 -0.0722529238588843 -0.00041547349060544166 -0.0017348469097216226 0.9999984088425588 3.8941657867319304
0.9999993552319395 -0.000934978840872229 0.000644478618244875 0.0955827554779406 0.000933831912289745 0.9999979838184047 0.0017777275724507682 -0.07920888619794916 -0.0006461395096196598 -0.0017771246253131374 0.9999982121639751 5.225453343196343
0.9999990381473011 -0.0013409978115919985 0.00035416371821953853 0.09981397881217968 0.0013401988187902933 0.9999965775801282 0.0022469296147171343 -0.08921508873341254 -0.0003571756620856072 -0.0022464528466644507 0.9999974129341634 6.554739638003028
0.9999970837564232 -0.0023572120579549143 0.0005253895890786565 0.0811599851341766 0.0023556205483514676 0.9999926960519528 0.0030097990846273005 -0.12149453498474463 -0.0005324805287475983 -0.0030085527458677164 0.9999953325264337 7.893543421365731
0.9999965476352776 -0.002553183069083153 0.000621271593998814 0.06059987391388719 0.0025511108498548016 0.9999912547274916 0.003313954976606936 -0.143479714175652 -0.0006297273448983775 -0.0033123586657398674 0.9999943158454803 9.217418137218074
0.9999968062131797 -0.0025273607905806697 3.8183438715805665e-06 0.07365365754551256 0.002527340523629542 0.9999929287998138 0.0027847613954813722 -0.16287953810173583 -1.0856412114555649e-05 -0.002784742904234552 0.9999961225372866 10.537166619892638
0.9999998298067243 0.0005736963767219213 0.00010610464671082973 0.050670980823743494 -0.0005737030401120839 0.9999998334840987 6.243030338655566e-05 -0.19992859842282912 -0.00010606882195530695 -6.24911669043299e-05 0.999999992422053 11.87351021582254
0.9999982358282589 0.0018513502288079135 0.00031755305473683284 0.04225262512246861 -0.0018512232902048384 0.9999982065074232 -0.00039994693824651226 -0.2089655694149694 -0.0003182929544104918 0.0003993583777733053 0.9999998696009674 13.199664128409234
0.9999942882798184 0.003371769497040146 0.0002336072063282796 0.030035438819838604 -0.0033717186943796875 0.9999942918816 -0.0002184571283347803 -0.22229038955509944 -0.0002343424801567642 0.0002176682246830771 0.9999999488518805 14.531799314624559
0.9999935882459956 0.0034892804402337314 0.0008052227127556182 0.007904729875603256 -0.0034898326561674034 0.9999936758165427 0.0006851286844685605 -0.2595878000780119 -0.0008028270817784517 -0.0006879343996878823 0.9999994411067762 15.885472913094926
0.9999959796968075 0.002525646134689477 0.0012890690958291462 0.013524377427933804 -0.002530027005006764 0.9999909918374444 0.0034081096149755014 -0.28095945216902096 -0.0012804499104147058 -0.003411357361093707 0.9999933615218868 17.21093436992264
0.9999968722693688 -0.0022510772859950477 0.0010900034111402358 0.021199378150877392 0.0022448595620513188 0.9999813916978594 0.0056724649712819614 -0.3111002256413582 -0.0011027523735160892 -0.0056700004338922 0.9999833173768878 18.58080015247125
0.9999928866062119 -0.0036097424071849446 0.0010938479486041642 0.02332272210006739 0.003604899289674836 0.9999838314577294 0.00439789930018742 -0.33953542554169774 -0.0011097056362461848 -0.0043939248874412164 0.9999897309357008 19.91934351866831
0.9999874752645692 -0.00477726330104193 0.0014923396863115229 0.050233409753250476 0.004774401679864829 0.9999867679598117 0.001915460069776795 -0.3461855105298393 -0.0015014707217123988 -0.0019083110827743603 0.9999970519620043 21.26417345517088
0.9999953086787519 -0.0027514492352542722 0.0013461625047783844 0.002444984622970922 0.0027505141030226433 0.9999959750089484 0.0006961565805819331 -0.396628811154087 -0.0013480726391485898 -0.0006924506861780157 0.9999988516045394 22.626198730704854
0.9999962454661615 -7.017641558839348e-05 0.0027393671760697147 0.0028630530862330736 6.37819643246381e-05 0.9999972734835236 0.002334300077947453 -0.38304606899064286 -0.0027395237495624726 -0.002334116635240599 0.9999935234320322 23.97501780480002
0.9999951147945457 -3.385509339704808e-05 0.003125579128934548 -0.009072003933640764 1.3824745688627987e-05 0.999979466381355 0.0064083244954747 -0.40868624211328664 -0.0031257321628584897 -0.006408250102890673 0.9999745817403295 25.374367801772582
0.9999953170435779 -0.0009341072674163287 0.002914333497604267 -0.00745710935512052 0.0009117165556735592 0.9999701320842117 0.007674875164406978 -0.42924727064408597 -0.0029214158498048317 -0.007672182325325566 0.9999663009052892 26.758746370439745
0.9999804265061694 -0.0054794551598239104 0.0030202957668551667 0.0026222396650627117 0.005456491831707681 0.9999565383345772 0.007559638204595443 -0.47457541717268603 -0.0030615874505700484 -0.007543010158866533 0.9999668642901289 28.125093672866747
0.9999795648102189 -0.005514725672413472 0.0032338481408637695 -0.004181476095059353 0.005499384564533747 0.9999736732033164 0.004733884414136148 -0.477877555090633 -0.0032598693491830877 -0.004716003587836263 0.9999835661444356 29.476297139111942
0.999978220364667 -0.00557217926636972 0.0035368949595052596 -0.001362078581389134 0.005561353005952407 0.9999798428234643 0.0030635423749201555 -0.5151383477127371 -0.003553894570464131 -0.00304380578350438 0.9999890524780439 30.87632356005923
0.9999843642973084 -0.0037235597793303845 0.004172082640443711 -0.027010647985828064 0.0037165012776356754 0.99999165153003 0.00169837659723002 -0.5048414014942709 -0.004178372168206004 -0.001682844518372023 0.9999898545663852 32.258268704979606
0.9999853856697358 -0.0024665909379222445 0.004810861162705297 -0.012764344003808312 0.002466866462616025 0.9999969559623784 -5.130515392412066e-05 -0.5490692196637554 -0.0048107203758621115 6.317216324109277e-05 0.9999884264196884 33.63995797970929
0.9999841479363876 -0.002157711123282174 0.005200785280558385 -0.02939544778305834 0.002157183020623222 0.9999976675329079 0.00010717712190622103 -0.5543177342493406 -0.005201004846467034 -9.595637323275257e-05 0.9999864700761184 35.02571035018133
0.9999875820655068 -0.002106622159673768 0.004516399693494588 -0.026754007566423738 0.00210012448105705 0.9999967536419575 0.0014429758647452298 -0.5926357070913277 -0.004519425217195117 -0.0014334729673650408 0.999988759909824 36.42198653545465
0.999990066663018 -0.0007985895753601768 0.004385069706544005 -0.045146851532365945 0.0007867473436195052 0.9999960410405239 0.0027016532253746543 -0.6059156674745177 -0.004387210226840986 -0.002698176495997439 0.9999867360247433 37.82708993505676
0.9999913990505793 0.0008699867588175987 0.004055237509519114 -0.04505389432204025 -0.0008832029675988097 0.9999943014322764 0.003258382470713054 -0.6260932373005783 -0.004052379990736489 -0.003261936104992382 0.9999864689009892 39.21572899862668
0.9999845391923027 0.003183388336459589 0.004559321708582531 -0.05989733405069208 -0.0032006941212420438 0.9999876827852184 0.003793394265004703 -0.6586537658425798 -0.004547190084772126 -0.0038079286840443792 0.9999824112138308 40.61346615827135
0.9999625156024108 0.007425362797791487 0.0044532422907788026 -0.06365452146246176 -0.007443333353717301 0.9999641677429807 0.004032373180322089 -0.692086206056646 -0.004423141258227074 -0.004065369078331387 0.9999819541328698 42.0401757789523
0.9999601659398533 0.007752510425704408 0.004423245894593121 -0.07961432979943461 -0.00777212164561156 0.9999599672882247 0.004433729985228328 -0.7072074029986691 -0.004388696649883626 -0.004467931467349353 0.9999803882706856 43.426283813293665
0.9999641099390165 0.007452220284573235 0.004030289787131943 -0.08666555823501569 -0.007470173773418914 0.999962160819848 0.004457964448431515 -0.7339026336209142 -0.003996915885790432 -0.0044879115077920756 0.9999819414918972 44.86969541494873
0.999972179846097 0.006795769385939979 0.003075230422637457 -0.07994831461057535 -0.006806985566543965 0.999970165409322 0.0036514725846349162 -0.7567928617157667 -0.0030503243640280166 -0.003672304124307996 0.9999886047853505 46.26245157070114
0.9999781362382827 0.006372178212212981 0.0017670256594446718 -0.06795043954087253 -0.0063795190309624975 0.9999709140103472 0.004180057692654048 -0.780249851120648 -0.0017403383352836586 -0.004191239160762716 0.9999897023146126 47.69379181826604
0.9999761431711268 0.006870371326704419 0.0007148938677275592 -0.07037188388667079 -0.006873762355570001 0.9999645961576336 0.004853641463570929 -0.8013892059904879 -0.0006815222926920938 -0.00485843978209835 0.9999879654727653 49.09067693086784
0.9999700411754698 0.007740524130119477 -3.195608555110036e-05 -0.08898676124179972 -0.007740264801999891 0.9999573094543782 0.005046541864595114 -0.8248740988266483 7.101761000318473e-05 -0.005046143433012314 0.9999872656160408 50.51190681874171
0.999965402270774 0.008179245127298765 -0.0015146585221832915 -0.0822611325802277 -0.008171165446459489 0.9999527487138942 0.005266157144874266 -0.8422858542668088 0.0015576602781599167 -0.0052535985334939235 0.9999849865876806 51.980724299775424
0.9999582480726411 0.008924657989937655 -0.0019627960269085775 -0.1169782308667111 -0.008912276906633229 0.9999408839758945 0.0062289559161774035 -0.8641181905365455 0.002018271470425807 -0.0062112029944575995 0.999978673543935 53.378673109741044
0.9999594187601112 0.008546905039057445 -0.0028480209809037815 -0.13169602060504687 -0.008525749968639262 0.9999365739744799 0.00735932280029361 -0.9015759786669213 0.0029107400267591684 -0.007334742788540388 0.9999688640892681 54.83397728753377
0.9999891648914158 0.0033415511083106746 -0.003241006625858458 -0.14021809157358056 -0.0033157794981284027 0.9999631006166737 0.007924835340106623 -0.8904355301496288 0.0032673685593416837 -0.007914003171531025 0.999963345760608 56.219721968323206
0.9999857151023714 0.0037343750047315587 -0.0038241365629323645 -0.14805096491138744 -0.003703680291688366 0.9999611205994606 0.00800250250205882 -0.9258402561324487 0.003853872560028451 -0.007988224971348951 0.9999606671952858 57.660154033415616
0.9999860892244165 0.0040172280653876305 -0.0034180729256125335 -0.17998272483270966 -0.003988068698582193 0.9999559600806048 0.00849548187154771 -0.9640031351418145 0.0034520509804969847 -0.008481732356218403 0.9999580709055602 59.10058119812933
0.9999861107086581 0.0036897433299130757 -0.0037635315975473906 -0.15458338735243446 -0.0036560238984244446 0.99995346597885 0.008927450371072893 -0.9780580663430974 0.003796296793546954 -0.008913566995247759 0.9999530671306192 60.52666903786046
0.9999951623628783 0.001054548689433307 -0.0029262896148281228 -0.18977886992860593 -0.001025650170803167 0.9999508680307992 0.009859491094982124 -0.9827091217474613 0.0029365434099456935 -0.009856442246362172 0.9999471122352241 61.975090692262306
0.9999944707944426 -0.0017797977993194592 -0.0028090386359731 -0.18537559395716438 0.001805960392038489 0.9999547618106297 0.009338781163868649 -1.002709299237327 0.002792290661651857 -0.009343802725416427 0.9999524471050856 63.38736775755338
0.9999965478163533 -0.0013444331358233863 -0.0022576211156772113 -0.1977174243602537 0.0013640442798852626 0.9999611574035554 0.008707643917408282 -1.0282462161372663 0.00224582677573629 -0.008710693524673891 0.9999595392249535 64.79115221591364
0.9999975059220365 -0.0017101204799942343 -0.0014365367622894924 -0.21047951558005534 0.0017222073956188744 0.9999627713269026 0.008455173372991572 -1.0379162661308574 0.00142202404392984 -0.008457626465910577 0.9999632225272596 66.23690006421464
0.999999485079318 -0.0001792970507630224 -0.0009988455047381405 -0.2104178469663633 0.0001875067295732686 0.9999661554841085 0.008225127647223303 -1.0576961433701209 0.0009973370491294037 -0.008225310864980918 0.9999656742028968 67.6159894794487
0.9999973381299446 0.0023008879126918532 -0.00017217283351423588 -0.2411117680785392 -0.002299158344180657 0.9999527057632075 0.009449873478668902 -1.0790650693060613 0.00019390781428383665 -0.009449452659891493 0.9999553341262435 69.07807686062579
0.9999837393387697 0.005662965326599385 0.0006722138481845216 -0.2518792442203045 -0.005669763520964279 0.9999279284386126 0.010582613933351595 -1.0918741538001304 -0.0006122364684513994 -0.010586253359095712 0.9999437766239891 70.43997158787936
0.9999575269497719 0.00904298689080128 0.001780075006517231 -0.2747336067785726 -0.0090628639380252 0.9998928696120056 0.011494077260224765 -1.1116718125477818 -0.0016759436493010843 -0.011509721881702002 0.9999323564706245 71.87747495565128
0.9999132995744143 0.012965206071202124 0.002301464060060843 -0.2835789786695097 -0.012990460975182538 0.9998515416997908 0.011320004946887145 -1.1204881861860263 -0.0021543563654423804 -0.01134892080856023 0.9999332781472259 73.24284055305763
0.999867882090677 0.01602718672427949 0.00271064752532381 -0.2830816127450225 -0.01605498647409114 0.9998152923700628 0.010564970005795267 -1.1292296560282045 -0.0025408203081414634 -0.010607093812674365 0.9999405151274113 74.65346013710386
0.9998564548647457 0.01650850144063434 0.00381300479470675 -0.31136545489096346 -0.016548689179768893 0.9998051634782698 0.010759926081858785 -1.1374751842451156 -0.00363463192629901 -0.010821482000980044 0.9999348403657708 76.10472010525741
0.999844961179988 0.017134447873760495 0.0040576171523411565 -0.3101516232117112 -0.017178677954321254 0.9997905027196186 0.011128510153305562 -1.1499348096995194 -0.0038660865341479536 -0.011196489531205134 0.9999298435372076 77.45976483351912
0.9998522630254649 0.016662587033273512 0.004220222275725892 -0.30973141261615234 -0.016710438953620968 0.9997934378612343 0.011569048378302168 -1.178714705859344 -0.0040265805939725865 -0.01163786120767279 0.9999241705422475 78.87619592527979
0.9998670731881673 0.0158703909993989 0.003737192267080535 -0.30413484808254115 -0.01590799684069432 0.9998208457873419 0.010257290294018694 -1.184683745852723 -0.0035737358204154697 -0.010315378280462308 0.9999404089155789 80.24525743469279
0.9998707430709509 0.015680600339109427 0.003551884945252755 -0.31757730335095824 -0.015717285949040656 0.9998208462264249 0.010547151804313051 -1.213349914199035 -0.003385863218017722 -0.010601614721414923 0.9999380689297418 81.64129117782359
0.9998748221412024 0.01545771693074538 0.0033762403571788134 -0.33569192540015413 -0.015494747687578084 0.9998168637329543 0.011231732982829822 -1.2267834496856367 -0.0032020053584500986 -0.011282641242624786 0.9999312222189148 83.01088818110078
0.9998838566011591 0.01491980737384031 0.003110083850120726 -0.344881786701184 -0.01495029474709313 0.9998380190629986 0.010021195457737135 -1.2254050663033043 -0.0029600660128601673 -0.010066528439712365 0.9999449499916927 84.39233188274186
0.9998847025033567 0.0150084953906507 0.0023079709577050493 -0.35484954363008925 -0.015031804686686667 0.9998325420332203 0.010437086497432996 -1.2379064541321028 -0.0021509396792145042 -0.010470576312265206 0.9999428686134133 85.77279955551272
0.9998902216576339 0.014763575290334943 0.001257553869539723 -0.3632725038066631 -0.014776603312183913 0.9998295348474544 0.011070378282128363 -1.2524649672954136 -0.0010939012215491072 -0.011087745597980618 0.9999379307137015 87.14565947136757
0.9999033214885203 0.013904666017277552 8.890530029058061e-05 -0.3706044428531291 -0.013904717044400432 0.9998289498890802 0.01219548432535606 -1.2650792596346883 8.068405925442507e-05 -0.012195541738216215 0.9999256283626791 88.53615966511884
0.999917648990106 0.012753474773239706 -0.0014297152352383043 -0.3474438563284866 -0.012734178959340292 0.9998372603911622 0.012778632390143268 -1.2829764700772242 0.001592454673862179 -0.012759374069742318 0.9999173278171942 89.87699498241113
0.9999313383971293 0.011532818650671295 -0.0020766690560905456 -0.36581899020812403 -0.011504135124654542 0.9998449456804773 0.013331897614141448 -1.2994221212200814 0.00223010161553239 -0.013307092216177922 0.9999089698331068 91.25102527134749
0.9999420357599981 0.010558097363794637 -0.0021098986226758473 -0.3938098898619371 -0.010529336159027182 0.9998573404653153 0.01320726378019957 -1.3256625585212627 0.00224904140247626 -0.01318428266910674 0.999910554255928 92.63735023006676
0.9999527572660519 0.00946009641383922 -0.0022337830752201734 -0.3992887219430852 -0.009430026591530688 0.9998696074269224 0.013108880889509318 -1.34247132285415 0.0023575032927988047 -0.013087197223445724 0.9999115798191017 93.9627850312241
0.9999592015741583 0.008610259356123627 -0.0027310432743646133 -0.4199095710130033 -0.008574452901723094 0.9998805105570884 0.012862479507567534 -1.3469974268362306 0.002841466478008171 -0.012838537798671855 0.999913545275551 95.3350177206751
0.9999624885310383 0.008269679647431182 -0.0025756371930585496 -0.4158824312025543 -0.008238008675822427 0.9998931764434321 0.012073563188538203 -1.3521800198562866 0.0026752067894030276 -0.012051892415953789 0.9999237946799107 96.70732177018516
0.9999506029732101 0.009716609067243679 -0.0020926290271403828 -0.4401985645060245 -0.00969210760621598 0.9998878534247212 0.011416813979002677 -1.3693179025786077 0.002203327258993002 -0.01139596827047107 0.9999326363631159 98.04938976762921
0.9999340475388979 0.011357270327683324 -0.0017067376725882473 -0.46388655350795094 -0.01133682088035776 0.9998690437409956 0.01154867452052534 -1.374989130051133 0.0018376757469759119 -0.011528564115152847 0.9999318552604483 99.39965629544892
0.9999316879758132 0.011598352309425825 -0.0014483009227525753 -0.47020791090679365 -0.011579098283290044 0.9998527886277531 0.012661973727940274 -1.386700727152454 0.001594945892898769 -0.012644339003553644 0.9999187851252275 100.74942662807962
0.9999286071160313 0.011814089458273731 -0.0017910695086015061 -0.4888252057752605 -0.011786953565965118 0.9998258010193204 0.014471881824661815 -1.4014306451992444 0.0019617297893424353 -0.014449737677595342 0.9998936727006147 102.04601509872045
0.999933868007686 0.011339042183161844 -0.0019198186173444536 -0.47103275814796064 -0.011311836052538164 0.999843061713283 0.013634307092246452 -1.4240970519045195 0.0020741174931271306 -0.013611689033559105 0.9999052054906775 103.4263193254236
0.9999321129308517 0.011561678887413858 -0.0014481302003115193 -0.47395894967739566 -0.011544608795779981 0.999869636460175 0.01128858343355982 -1.4314448210638613 0.001578456535471829 -0.011271099220357428 0.9999352333046442 104.74284709459394
0.9999510914169928 0.009771869278368758 -0.0015249000463096346 -0.519571699188257 -0.009756268651768221 0.9999031661602159 0.009923383666140078 -1.437844383297855 0.00162172253681861 -0.009908021197075016 0.999949599298873 106.03629888480322
0.9999593195815135 0.008912240424609565 -0.0013896513053243923 -0.5037437211554541 -0.008895980893405299 0.9998966014191458 0.01129814187353965 -1.4595528494828272 0.0014901995085778166 -0.011285320179407364 0.9999352083312218 107.41615788325142
0.9999860304538096 0.005223845157526271 -0.0008064288210913527 -0.5160820073179946 -0.0052126321125798725 0.9998975434307958 0.013331583264994198 -1.4620036417641675 0.0008759884083054368 -0.013327193679443705 0.9999108053019854 108.7443707253645
0.9999910444686252 0.004228060021345136 -0.0001856951191938649 -0.5367575070023087 -0.004224982609945177 0.9998894033436327 0.01425940409224707 -1.4857406586037296 0.00024596423033766777 -0.014258492117524219 0.9998983122850307 110.08854565670036
0.9999910379919891 0.004223392591221519 0.0002947594600209865 -0.5197890812368674 -0.004226917714913323 0.9999038400752135 0.013207716388594486 -1.487060446081701 -0.00023894975422084183 -0.013208844208298497 0.9999127308633253 111.40217706844915
0.999984583255413 0.005342757041673838 0.0015126765246548629 -0.5392433111819552 -0.00535888411921677 0.9999266071114608 0.0108656687901421 -1.5006390198678574 -0.0014545129909800901 -0.010873607752329479 0.9999398227134133 112.75272286786836
0.9999623545400476 0.008359421379853658 0.00232584648821893 -0.5209358318999174 -0.008380510017969144 0.9999224697637896 0.009209860394001398 -1.5206940930309334 -0.002248677244001137 -0.009229005650838111 0.9999548834348603 114.08599188177787
0.999927109363723 0.011384019785333455 0.004022440912855127 -0.5605690050618876 -0.011417000468572084 0.9999005963271272 0.008273426700582872 -1.5236632559650052 -0.003927856540116254 -0.008318748024515979 0.9999576842907049 115.38992537445722
0.999913769274993 0.011862904254858857 0.005632538896949521 -0.573303092065737 -0.011922223312896019 0.999872559236982 0.010617245449104968 -1.544868360443655 -0.005505870173072734 -0.010683482518053367 0.9999277716878615 116.75989126664285
0.9999047218087292 0.01237544367765683 0.006115200284376852 -0.5830854055043784 -0.012452669110435771 0.9998410968707084 0.012755863966936305 -1.538667640338615 -0.005956369577597426 -0.012830799434496725 0.9998999411171395 118.0535447192699
0.9998997133965777 0.012341826778921431 0.00694567763377815 -0.5693949054077245 -0.012434331362560445 0.99983241077734 0.013436435068931976 -1.5523686632544182 -0.006778684021616403 -0.01352145270217186 0.9998856033359732 119.42721828178087
0.9998935646699275 0.012169340985385134 0.008047760501038535 -0.5747375969988239 -0.012273376839200746 0.999840082159206 0.013006704164863424 -1.5662908017609023 -0.007888191159266738 -0.013104093250530885 0.9998830227474029 120.73737973965787
0.9998624436001617 0.013862391880970833 0.009106477977722856 -0.5606558280076519 -0.013978895435559907 0.9998196303963224 0.012856795351174422 -1.5775117792197422 -0.00892661025514737 -0.01298232557935891 0.9998758797220073 122.05023912559237
0.9998295851956994 0.01521390457288521 0.010456464126795385 -0.5649178483703933 -0.01534129370236276 0.9998077320853173 0.01221243650095622 -1.5752827479446234 -0.01026865569943653 -0.012370771255356494 0.9998707510105214 123.4153201808113
0.9997916726306059 0.016578200812694045 0.01190691218349271 -0.5771644309880067 -0.01671743470305251 0.9997919060209701 0.011690683155574335 -1.5885461913669872 -0.011710624914812479 -0.011887300930710363 0.9998607669763384 124.75805727076369
0.9997705810175102 0.017180440352226663 0.01279131579852755 -0.559298993554616 -0.01732132214779209 0.9997896212643508 0.010985674972918975 -1.5997204054152354 -0.012599887100858187 -0.01120471737593083 0.9998578384707772 126.09262815180595
0.9997670958985891 0.01654994750177858 0.013851106687648329 -0.56038099833544 -0.01669497658386457 0.99980631949419 0.010421194641605843 -1.6117019439981073 -0.013675954922200414 -0.0106500116158957 0.9998497614681179 127.4321304246916
0.9997671607857819 0.01587753485368886 0.014612599475451448 -0.5458272859209427 -0.016045529672514172 0.9998056777697043 0.011451974300071437 -1.6156273581423815 -0.014427932012243787 -0.011683774960549573 0.999827647237272 128.72488965047043
0.9997294086010478 0.017320629465506148 0.015527566739663417 -0.5386855025024906 -0.01751292854505642 0.9997705455668411 0.012335055497667152 -1.6437629660930186 -0.01531035422964506 -0.012603651153751613 0.9998033511805443 130.10053025284546
0.9997643438519455 0.01475363268855173 0.01592441677380284 -0.5204310263378762 -0.01496102958593067 0.9998037701904484 0.012984172679387049 -1.6393894604320431 -0.01572972953357847 -0.013219358808802264 0.9997888897978435 131.42050624134146
0.9997727104014955 0.014127223651573572 0.01596712420239006 -0.5093271777855006 -0.014333569175392944 0.9998142663425869 0.012883386351071275 -1.661376547461153 -0.015782153413648473 -0.01310932422699852 0.999789512474325 132.77097448039135
0.9997925490843079 0.012652737551882596 0.015961422238054697 -0.5107673856976307 -0.01287339563184512 0.9998219260778821 0.0137982551294694 -1.668176878032734 -0.01578399554752922 -0.014000870644916874 0.9997773957776926 134.10119377497864
0.999823048522634 0.011359103888886259 0.014994745040705776 -0.4662948466852293 -0.011566907831294583 0.9998372453802942 0.013845194659739431 -1.682562592081183 -0.014835036815256433 -0.014016187838804825 0.999791712389371 135.4410661944121
0.9998284950685923 0.01211279399426571 0.014009305698295973 -0.45906052317129453 -0.012300060482085998 0.9998351061949415 0.01335922739278026 -1.6959265306983191 -0.01384517924110406 -0.013529251791465687 0.9998126176228614 136.77682745522702
0.9998546201704914 0.010229204752986658 0.013641916124864588 -0.49235754857813024 -0.010433629026723783 0.9998330716371673 0.014998942071090114 -1.7180255785995624 -0.013486212780741096 -0.015139096514749891 0.9997944437845728 138.1230084334121
0.9998781287730234 0.009922270291014846 0.01205305510084345 -0.44393265105791646 -0.010102645710928105 0.9998364921309553 0.014997518770365675 -1.7350236128323557 -0.011902275890821021 -0.015117459045638623 0.9998148819959751 139.46754229676714
0.9999005270353678 0.008774805421713175 0.011042590797686146 -0.4606787795710747 -0.008940496633329034 0.9998468330338092 0.015045863392943469 -1.7344022230802376 -0.01090887582410589 -0.0151430932784604 0.9998258264087129 140.82714129279626
0.999913861881738 0.009056504177709665 0.00949992293029579 -0.4447281636777991 -0.00919494641075265 0.9998506689267611 0.01463191105942105 -1.7362342862685436 -0.009365991113167603 -0.014718002265784338 0.9998478177297181 142.15818705207644
0.9999234885830547 0.00898034882796418 0.008507073637902212 -0.4330620798895497 -0.009103016671896585 0.9998535452711225 0.014492174099214328 -1.7473381177623306 -0.008375683654674195 -0.01456850560279401 0.9998587933137737 143.50849205777018
0.9999466969977288 0.006578664887509823 0.007957658257649453 -0.4329198578706631 -0.006676527536884264 0.9999016376738777 0.012334462538317615 -1.752942292951353 -0.007875731884240879 -0.012386934841688159 0.9998922625414387 144.86105228972144
0.9999724253742391 0.003650874312035704 0.006466808136832736 -0.42513903993983676 -0.003724261490600564 0.9999283921478817 0.011372794542725679 -1.7880510952870712 -0.006424824953111138 -0.011396565248871348 0.9999144162989557 146.1650398335782
0.9999690759254027 -0.005304902670123809 0.0058056191238854684 -0.42420117533612584 0.005221385871936473 0.9998840110168851 0.01430739772910048 -1.788895929270796 -0.005880845573518489 -0.014276642180934405 0.9998807894659774 147.56658557717677
0.9999145954863035 -0.012347579134523808 0.004282410326858024 -0.4189351693327019 0.012277949031933251 0.9997978543865033 0.01592175601672217 -1.8002480897877797 -0.004478140163508031 -0.01586781731082091 0.999864070079676 148.88889060519125
0.9998993426131468 -0.013786063043132716 0.003353971060916176 -0.37279333462347053 0.013741608232067552 0.9998219105931679 0.012935041017573395 -1.8175704634083314 -0.003531697332165751 -0.012887650294392882 0.999910713806203 150.17847167060512
0.9999012250513315 -0.013732267451234414 0.0029941585553322297 -0.4126163550241513 0.01370228118922026 0.9998579395818676 0.009815708439217951 -1.8278597691352885 -0.0031285253928979156 -0.009773712270253187 0.9999473420518273 151.5919824349405
0.9999644947460836 -0.0075379754890112505 0.003766720841094807 -0.3678307741504109 0.007510937162828971 0.9999462898292075 0.007141657320434554 -1.8544432298392488 -0.003820352484260052 -0.007113112281848796 0.9999674037376716 152.90227318064876
0.9999434883145621 -0.009315851251778837 0.005122021859463759 -0.3974093948249166 0.009276403001971844 0.9999275389156455 0.007672369506061839 -1.8626660160669883 -0.00519312579729206 -0.007624422127494679 0.9999574489087592 154.27290937621714
0.9999537946513006 -0.008067118285301685 0.0052278274309449195 -0.3860330551986003 0.008017277809674334 0.9999228700787562 0.009485627979456884 -1.878172794916641 -0.0053039463319571045 -0.009443276923485785 0.999941344615504 155.61531627655137
0.9998192957174254 -0.018177527789702205 0.005563578762722399 -0.3920693281150733 0.01810550434449938 0.999754996651392 0.012733317329963151 -1.879331461719581 -0.005793676374962696 -0.012630285195847387 0.9999034499433588 156.93418320003147
0.9997641114802239 -0.02105625629161952 0.005324986238700916 -0.36836444335429736 0.02098156758151675 0.9996858087926933 0.013713406199478795 -1.8890559213223859 -0.005612066632097004 -0.013598445053097683 0.9998917876448837 158.27320797646544
0.9997476311198639 -0.021880842471325365 0.005089480637670675 -0.35486470100545 0.021807062408439264 0.9996623869543644 0.014126716808348656 -1.9083712440576683 -0.005396867270828752 -0.01401216529780118 0.9998872601684481 159.60966260433972
0.9997437959355349 -0.021470638898784117 0.007166182065781988 -0.40862804265167446 0.02136524931682574 0.9996669768364558 0.014472785961926951 -1.907348422992467 -0.007474536140877098 -0.014315970968509579 0.9998695836376782 160.94973489485287
0.9997712318235831 -0.019876278652870484 0.007900479634236103 -0.38415763601982283 0.019764192033111232 0.9997063509239192 0.014021006507044905 -1.9049233681898756 -0.008176845776336867 -0.013861652601657556 0.9998704885028395 162.3057861341735
0.99980789426813 -0.017417128787328474 0.008989894302567886 -0.3935249232863507 0.017298907689546873 0.9997649999629452 0.0130649388938977 -1.926394897431283 -0.009215336167434876 -0.012906913926134708 0.9998742366668547 163.65389624812332
0.9998109355115523 -0.01679360671052288 0.009801429545091146 -0.4199783532743617 0.01666988698504266 0.9997820211195321 0.012570803492222378 -1.920025289945605 -0.010010403005026923 -0.012405038300383552 0.9998729453556044 165.00934523181616
0.9997867339806387 -0.01776675464987025 0.010527535360653272 -0.4236806944199281 0.017622307504362313 0.9997514192882303 0.013658473402512958 -1.915324536198678 -0.010767586062000827 -0.013470041292002905 0.9998512974820112 166.35731758208817
0.9997963334758937 -0.01748890617100602 0.010071233519768743 -0.4032838906147558 0.017354220719206677 0.9997608220942972 0.013309005030702037 -1.9149054326293058 -0.010301585502098436 -0.013131516259542645 0.9998607106067408 167.67928053781563
0.9998215680978536 -0.01611718892100247 0.009852319723266762 -0.4034813230000734 0.016000432670341534 0.9998021543099598 0.011816868367720532 -1.919505582935836 -0.010040826022127443 -0.011657118692293932 0.9998816396923171 169.06399621430978
0.9998785190531719 -0.013056676417776367 0.008512952136697468 -0.37608331508362314 0.012972258283825708 0.9998668714818296 0.009897465073424316 -1.9422663494384822 -0.008641047540184865 -0.009785830681971124 0.9999147812745962 170.47819166483285
0.9999325128248243 -0.007636601530489319 0.008755120129535665 -0.38902234622077636 0.007570944188839126 0.9999431527062552 0.007508138871859142 -1.9307978046547383 -0.008811959827563647 -0.007441347776556606 0.9999334856390827 171.84937847904587
0.9999428010318574 -0.006267431495491782 0.00866683226999736 -0.3758332798691226 0.00619326328199951 0.9999441981479916 0.008558274941697893 -1.935236365764713 -0.008719987776205716 -0.008504109598850309 0.9999258182128521 173.1973091521318
0.9999492337179333 -0.00029846933218289837 0.010071787840541913 -0.3983956814074522 0.00018702927651248827 0.999938777843278 0.0110637055788278 -1.9753378331625933 -0.010074474243190829 -0.011061260406019834 0.999888070477806 174.56460876827768
0.9999510768250022 0.0015549665987962926 0.009768625266580537 -0.37339722258200503 -0.0016901348176614397 0.9999027390790685 0.013843981498345983 -1.9844518846816408 -0.009746149044802536 -0.013859814766928281 0.9998564487525032 175.9512653818565
0.9999594815669867 -0.002057222163781052 0.008763736147116041 -0.37766901643814055 0.001927256934538173 0.9998884296992732 0.014812623840921166 -1.9820420355484947 -0.008793231963519204 -0.014795133968225743 0.9998518805711528 177.38240682605644
0.9999678927741072 -0.002855910800046324 0.00748713598530783 -0.37748213159602223 0.0027469120056478093 0.9998906862276619 0.014528250395895049 -1.9816224266110547 -0.007527809549687862 -0.014507217707969592 0.9998664274376605 178.77827756887277
0.9999638212897155 -0.0062484336358722605 0.00577175904161663 -0.3918868431639342 0.006187526867810234 0.9999256152256103 0.010510876074738936 -1.9722880489804249 -0.005837006706589824 -0.010474783087574449 0.9999281015500042 180.1209483611175
0.9999846587899525 -0.004125112215284894 0.003696707193189004 -0.403607037890771 0.004098012666050577 0.9999648944724789 0.007308632379415371 -2.0068022837811217 -0.0037267266557787036 -0.0072933712408093055 0.9999664585584026 181.53930889073283
0.9999971772776354 0.00020753645417267465 0.0023669322321913946 -0.3822163248922008 -0.00022235755442398877 0.9999803613317665 0.006263186621132856 -2.0136774666412474 -0.002365586104095316 -0.006263695368847292 0.9999775848093579 182.92980250705006
0.9999947203484214 0.0026906909676282786 0.0018219371721773727 -0.3893617184648631 -0.0027042970810406443 0.9999681651894164 0.007507022560790539 -2.0223847717721513 -0.001801680239699565 -0.0075119101343544955 0.9999701621318847 184.252862268872
0.9999741754010916 0.0061309692333435285 0.003749631889070861 -0.4306028550085006 -0.006168365528923985 0.9999305289641164 0.010044327817604429 -2.034947830481837 -0.0036877902373365183 -0.010067197727072357 0.9999425242142116 185.70839439089016
0.999951991108174 0.009109028519229572 0.003611241124045591 -0.4378176535384562 -0.009153293617596705 0.9998807683850862 0.012436488452182717 -2.0537782792251993 -0.0034975265080126354 -0.012468946390374658 0.9999161428262853 187.07299719539077
0.9999736504135048 0.006143703846852306 0.0038669592629477826 -0.4381510994719782 -0.006193659476524723 0.9998957685962547 0.013041876127341763 -2.0502905303464716 -0.0037864310896426083 -0.013065483367321919 0.9999074737616698 188.5263999587583
0.999979198997024 0.005296389725013958 0.0036810084491004087 -0.4334032198662393 -0.005346089753638688 0.9998928757707148 0.013625575666969408 -2.063181120763681 -0.0036084480592079903 -0.01364497151293847 0.9999003919671317 189.93971774542362
0.9999898408793606 0.001951466332440011 0.004063239917468176 -0.44766555672190655 -0.0020100207465882543 0.9998934735990025 0.014456876154108378 -2.0706317075476184 -0.004034595297455538 -0.0144648967648 0.999887238044146 191.3009254161284
0.9999902608747747 0.00018862849533181347 0.004409374070089072 -0.45714912841338784 -0.00025304797301017694 0.9998931825411306 0.014613674032213286 -2.0765639130997866 -0.0044061468771726415 -0.014614647775589932 0.9998834921834971 192.7555387740575
0.9999872479504645 -0.0018446874829552082 0.004701177795022928 -0.44058264333145736 0.0017721592413291326 0.9998800665273098 0.015385447786259153 -2.0873543070187113 -0.0047289956964899175 -0.015376920652404313 0.9998705850820001 194.1038389297141
0.9999759017063344 -0.004699172326224318 0.005110166131327135 -0.44341501741879025 0.004614184212913649 0.9998529256589417 0.016517758373438246 -2.09671704597398 -0.005187034774758954 -0.016493781393024987 0.9998505137506243 195.54061400596993
0.9999470129036788 -0.008728292975276823 0.005457866053836797 -0.4310299034223597 0.008631579410226636 0.9998096140905639 0.017499468322693102 -2.1032311829665953 -0.005609567898834041 -0.017451431405140716 0.9998319760300585 196.97249222759802
0.9999663366273195 -0.0059072692561124435 0.005694716446854895 -0.43771998714367705 0.00582179317213889 0.9998718718721991 0.01491128933070894 -2.125513261356566 -0.005782072270733841 -0.014877634189096163 0.9998726037057901 198.38812393156775
0.9999828059603699 -0.0005813392962128652 0.00583522366579462 -0.4502375442715513 0.00052709118651313 0.9999566717965233 0.009293906644190626 -2.1298365227565017 -0.0058403742351794165 -0.009290671327342634 0.9999397849130158 199.82143819218263
0.999920511549454 0.01030580567273524 0.007263672288345905 -0.43988047203835856 -0.010367721607511884 0.9999097982552512 0.008538484814253965 -2.127778830272063 -0.007175021727222385 -0.00861311400727443 0.9999371646889624 201.29013199161966
0.999835305785534 0.01615947509020707 0.00826030466768872 -0.4609741488092326 -0.016256497288888738 0.9997980284126813 0.011816459577477512 -2.12702500681869 -0.008067689209759156 -0.011948797336704932 0.9998960639138652 202.71273497244368
0.9998041277313365 0.01738400241753857 0.009460580867824593 -0.44448835132082476 -0.017514772134281053 0.9997497051536726 0.013919764528643113 -2.1290179420205275 -0.009216232481499814 -0.014082738234325898 0.9998583587395456 204.13746741452368
0.9998331139120942 0.015473988590516814 0.009710817067972338 -0.47938541332836365 -0.015615150626808204 0.9997709944987248 0.014633033335374766 -2.1364666514137687 -0.0094821626369004 -0.014782227452401039 0.9998457752785823 205.59617863263296
0.9998817136990105 0.013137292520839311 0.007998132895569113 -0.4474719914608395 -0.013255151569395777 0.9998016393224431 0.014865496672362923 -2.148905897574564 -0.007801254650257121 -0.014969755050313815 0.9998575132782987 207.03629876029552
0.9999042256442188 0.012197405671648051 0.006539327994078107 -0.4239722702041907 -0.012292219131384109 0.9998169732302106 0.014660198256071287 -2.162709777479195 -0.006359315262917373 -0.014739177332373664 0.9998711495791612 208.49970470730054
0.9999106466377825 0.011858777428050754 0.006169936477145114 -0.4423533200638051 -0.01194520766520926 0.9998283154964979 0.014165153293440248 -2.1582755471139876 -0.006000896290891076 -0.014237589046684746 0.9998806330265021 209.95582106545842
0.9998957418897838 0.012903994531294972 0.006480142775248537 -0.4624085921258623 -0.012995070320552422 0.9998145173877334 0.01421474565373488 -2.1716710144140516 -0.006295514342537387 -0.014297473848825876 0.9998779669240789 211.43937959597406
0.9998789012369127 0.014210131283897325 0.006344682832875239 -0.46507608130708145 -0.01430279596931502 0.9997880748217182 0.014806603311567298 -2.168861217346818 -0.0061329349650423755 -0.014895557253749407 0.9998702463234118 212.86307637898597
0.9998869616858014 0.013993766361028028 0.005498938457684659 -0.46269397204628193 -0.014074013981847157 0.9997908861582662 0.014835973658012624 -2.1876944777245244 -0.00529017784031767 -0.01491168906161785 0.9998748199391169 214.30343807716275
0.9998759859208843 0.014824362362105844 0.005315169486696919 -0.47064814601295984 -0.014899261011213777 0.999786164220604 0.014340079730668769 -2.1976487628631634 -0.005101450795440372 -0.014417493747755878 0.9998830486982608 215.77288543815231
0.9998911543799037 0.013812894061398958 0.005184912852463614 -0.4774677404362828 -0.013883841204351238 0.9998069103221902 0.013906151678488536 -2.1970008615665497 -0.004991827910789497 -0.013976624843480678 0.9998898617408727 217.2687340786395
0.9998774260907757 0.015039476727796002 0.004352803666979549 -0.4597679439146188 -0.015098794456807849 0.9997889507115083 0.013931276841818848 -2.212391073877081 -0.004142366236693679 -0.013995291602626867 0.9998934806346539 218.74786496713386
0.999873522971187 0.015178348286030548 0.004749291549504173 -0.4880294192469464 -0.01524066986081779 0.9997944181619819 0.013373235530136677 -2.2035332765451314 -0.004545331929017269 -0.013443926780523661 0.9998992953245044 220.20760657493815
0.9998863738666544 0.014419166873695866 0.0043962427837082735 -0.47693581192133766 -0.014477366799348326 0.9998039622358913 0.013507145493731578 -2.2196234958187504 -0.004200619514153204 -0.013569257023407829 0.9998991099405773 221.69642191983195
0.9998521915028925 0.01673598276925869 0.0039372562700177565 -0.4811805865574407 -0.016787028304750443 0.9997704958817435 0.013309819120178267 -2.2348988992512315 -0.0037136000540722563 -0.013373946921660867 0.999903668719695 223.18689004728193
