1.0 -3.469446951953614e-18 0.0 -1.7787691892340307e-19 0.0 0.9999999999999999 -3.5575383784680614e-19 0.0 2.168404344971009e-19 -2.371692252312041e-19 1.0 0.0
0.9999999398638733 -7.08535559765227e-05 -0.00033948727388392647 0.05569069961672338 7.123806521749064e-05 0.9999993559314045 0.0011327230995349811 -0.026761272848715878 0.0003394068273799933 -0.0011327472383819146 0.9999993008434594 1.3159701006825606
0.9999991075624272 -0.0005587901877283866 0.0012135198795759842 0.11108300046058615 0.0005566348298350308 0.9999982684086526 0.0017757635472657302 -0.04833477912174309 -0.0012145101586562628 -0.0017750865086460634 0.9999976870130872 2.5650198957187875
0.9999996314238072 -0.0007686087541812232 0.00038261549700326796 0.10722816669515933 0.0007679037266743079 0.9999980132146441 0.0018395350244084282 -0.07425273845401784 -0.0003840286504578057 -0.0018392405698833627 0.9999982348563723 3.8947863566268013
0.9999989163953675 -0.0013483928302788478 0.0005908026892885677 0.09704334936462553 0.0013472263415545103 0.9999971509866776 0.001970532237435207 -0.08514148308186044 -0.0005934581060835183 -0.0019697341945191576 0.9999978839748316 5.228495169253629
0.9999985526918658 -0.001678913739362414 0.00027543746121215214 0.09888962975289808 0.0016782907677171197 0.9999960671546062 0.0022470007728682385 -0.09473274281050297 -0.00027920892008389793 -0.0022465352993833463 0.9999974375574712 6.558665602161177
0.9999959673756087 -0.002799960557744039 0.0004748243385304105 0.08558815668591001 0.0027985372212955342 0.9999916658365061 0.0029726154039966565 -0.12058970238277336 -0.00048314362537427093 -0.002971274658996421 0.9999954690392306 7.896657603264459
0.9999957988843908 -0.002871923869445207 0.00039277421664059547 0.07606106742344608 0.002870726651499275 0.9999913315697779 0.0030159093293584327 -0.1287745877304789 -0.0004014323051731792 -0.0030147691686577176 0.9999953749987784 9.231694203854293
0.999995758880472 -0.0029046855362489157 -0.00021219532580194086 0.08332108752002604 0.002905303197915869 0.9999913691281959 0.002969996245963478 -0.14724885735260992 0.00020356660904934814 -0.0029706001981045053 0.9999955670381695 10.54615777148856
0.9999982335744176 -0.0018792094690650296 -3.7717199375940716e-05 0.049108875002389064 0.0018792881920328564 0.9999958030972014 0.0022050080855546997 -0.16579986961485685 3.357337376480563e-05 -0.0022050751141093144 0.9999975682555509 11.873977708966905
0.9999997978658235 0.0005511207150264699 0.00031707070130983467 0.03317280519792878 -0.0005516739339132158 0.9999983214061705 0.0017472382011188652 -0.20205208279647863 -0.000316107255240143 -0.0017474128021889902 0.999998423311018 13.199270125184498
0.9999900129540761 0.004466137120646356 0.00016614155823590788 0.027778699524758945 -0.004466211046951189 0.9999899271884393 0.00044552108575615136 -0.20754156659920142 -0.0001641501402671313 -0.0004462586716613691 0.9999998869538658 14.539134780638204
0.9999879265378177 0.004867567870116812 0.0006734635558634469 0.0077549169764520864 -0.0048682789419606355 0.9999875903950849 0.0010577926360591883 -0.24048677122307865 -0.0006683063769322511 -0.0010610584973836628 0.9999992137600062 15.893089238562917
0.9999935731375001 0.003467275750710666 0.0009119635230643941 0.01604665599343258 -0.0034706287924252104 0.9999871287271778 0.00370096222610063 -0.2636589452450351 -0.0008991196015558859 -0.003704103602315843 0.9999927355735652 17.2316369454447
0.9999987508890972 -0.001226590041762194 0.000996845251845138 0.01243488777822175 0.0012206078954016299 0.999981376027065 0.005979775245903926 -0.29004712199861743 -0.0010041614993200685 -0.005978551135395318 0.9999816241241911 18.59756517196595
0.9999955099688412 -0.002880184555753486 0.0008273961815719339 0.014512820008209353 0.002876063514079529 0.9999836636471827 0.004939705674384883 -0.322669996788009 -0.0008416099958462916 -0.004937303945405645 0.9999874572824787 19.93792692960747
0.9999911179940452 -0.003878926667176548 0.0016485959371104705 0.04822779549131442 0.003874610846886844 0.9999890792009634 0.0026132094805357228 -0.3227769676153258 -0.0016587145188550702 -0.00260679864935338 0.9999952266211666 21.279386182238998
0.9999971034358254 -0.0019917940470158668 0.0013512517653532354 0.0032854865595194974 0.00199010203404169 0.9999972354024462 0.0012524688339207374 -0.3683242885618752 -0.0013537428029031723 -0.0012497760991837833 0.9999983027177619 22.637363001298883
0.9999966059663097 0.0003654988890359912 0.002579625788178575 -0.0018524460743547591 -0.00037292992029355505 0.9999957810609121 0.0028807609606040837 -0.3555777141369915 -0.0025785622055563362 -0.0028817132578226696 0.9999925233434529 23.994778292176463
0.9999964303342146 0.0006734530721972873 0.002585687927113619 -0.007358067554722861 -0.0006918899516992118 0.9999742984872292 0.0071360810288487765 -0.37189828590138285 -0.002580815867687279 -0.007137844706018925 0.9999711948656119 25.401516274432424
0.9999968955056204 -0.0007708721062596475 0.002369544193956864 -0.011706802047671931 0.000751553895694132 0.9999665640867786 0.008142841742286796 -0.3974893983403268 -0.002375742249766531 -0.00814103578064346 0.9999640390456022 26.786675392388652
0.9999865037710259 -0.004525408570015533 0.002552050640506375 -0.003125095930704931 0.0045037260842031145 0.999954249567823 0.008438910718192335 -0.44878586480960986 -0.002590123613716063 -0.008427303248210097 0.9999611351541279 28.152076551167816
0.9999841878460782 -0.004718556855767102 0.0030592955316558717 -0.004894957969952041 0.004701276050570937 0.9999730916302856 0.005631519448623185 -0.4439188645554212 -0.0030857861115922113 -0.005617047913942908 0.9999794631362378 29.490548509011738
0.9999823685002606 -0.004991407266874453 0.0032169166398373097 -0.008469274486765287 0.004978780946453402 0.9999799177397203 0.003921205203751914 -0.4796651479995334 -0.003236424639015084 -0.0039051198142644127 0.9999871377130454 30.892958853620385
0.9999883171634573 -0.0028850404148496375 0.00387841297780785 -0.038332384479550535 0.002876002259306499 0.9999931405393506 0.0023339838675207497 -0.466742344719583 -0.003885120338010351 -0.0023228023158930085 0.999989755160068 32.27485494790437
0.9999876978006556 -0.0014471206633784334 0.004744480657878485 -0.02915634181712415 0.001442369021457647 0.9999984549740106 0.0010047979056030446 -0.515538719600915 -0.00474592779150334 -0.0009979422671535156 0.9999882400685581 33.65021064649616
0.9999871814665077 -0.001085981283203731 0.004945457968641402 -0.03546307176101091 0.0010808487822194773 0.9999988746758928 0.0010403898377479525 -0.5215022532096171 -0.004946582664399977 -0.0010350312247956045 0.9999872299309398 35.0430293644956
0.9999902305428043 -0.0010214073479313645 0.004300645602240497 -0.03470852528479487 0.0010107450562925335 0.9999964122783761 0.0024806899797372565 -0.5585544221685034 -0.004303164329265005 -0.0024763189329843555 0.9999876752324058 36.43560704432763
0.9999920602849147 -0.00037500677823886115 0.00396720838797469 -0.04563960482876359 0.0003618955106044989 0.9999944725959424 0.0033051184489602337 -0.5510801656151455 -0.003968426234087373 -0.0033036565539530404 0.9999866686323835 37.845102902993766
0.9999933344424513 0.0008021755619123244 0.0035619640747519164 -0.03959223646217036 -0.000814746612081859 0.9999934404988635 0.003529185153293816 -0.5482751919481343 -0.0035591099819197594 -0.0035320637948024823 0.999987428549884 39.24369337800772
0.9999849940623051 0.0035014092977325682 0.004213286318008675 -0.06247553879883485 -0.003518794047785211 0.9999852978031114 0.004125805580209584 -0.5960422309127763 -0.004198778591125068 -0.004140569436318347 0.9999826128183507 40.63520163057911
0.9999647275982225 0.007336157782958255 0.004089540049176365 -0.06705707772512895 -0.00735435720240755 0.9999630414875594 0.004452988156266016 -0.6258892710420039 -0.004056721421800822 -0.004482907117666981 0.9999817231085935 42.06598513193666
0.9999681965813433 0.0070080481168831475 0.003806977470463005 -0.0730841550107668 -0.007025146602654497 0.9999652134233454 0.004496584480594588 -0.6229119451551465 -0.003775333074176386 -0.0045231861401235345 0.9999826436712445 43.454577719281325
0.9999714290040024 0.006709509328606263 0.0034819033199862417 -0.08315340375598168 -0.0067249886315580805 0.9999674720581172 0.004453017677961913 -0.6480168917263989 -0.003451912785702976 -0.004476306301610032 0.9999840233607284 44.88036038466098
0.999976203264353 0.006341935212602651 0.0027152814537738552 -0.08718737485228711 -0.006352437608244254 0.9999723083373501 0.0038767392226936497 -0.6772051220587522 -0.0026906204587591248 -0.003893895704393386 0.9999887990048137 46.28494120593651
0.9999850907287233 0.005216047671047901 0.0016159080916920982 -0.0876423938375929 -0.005222797779603737 0.9999775350446551 0.004201404370819273 -0.6897801231530187 -0.0015939571965309918 -0.00420978137780549 0.9999898684686199 47.708149390329964
0.9999814609243632 0.0060446352200375685 0.0007349704121754892 -0.09516801366068116 -0.006048104257874977 0.9999701294718959 0.0048125471330189564 -0.7209983149388611 -0.0007058584224571198 -0.004816903189516926 0.9999881495335902 49.10490621239389
0.999977912537251 0.006632246520751908 -0.00043327751691822907 -0.09358497472335114 -0.006630071517264168 0.9999662936494274 0.00484290503476754 -0.7369736346047985 0.0004653822956086004 -0.004839925507209984 0.9999881792012613 50.5355871166412
0.9999793689701649 0.00625911074211374 -0.0014440054146570957 -0.10772722028722165 -0.006252036416695373 0.9999686800038479 0.0048529438022487355 -0.743899486950413 0.0014743354292151324 -0.004843815808044817 0.9999871818113617 51.984499336391735
0.9999715926706462 0.007089459324410554 -0.002559960732749606 -0.11358555131979584 -0.007074232783679221 0.9999575186339956 0.0059089906980429536 -0.772930001845865 0.0026017437555127167 -0.005890713204907615 0.9999792650017443 53.39264142755271
0.9999747681145355 0.006197461783173186 -0.0034719710281164613 -0.12746569604245514 -0.006174518329957622 0.9999592853305284 0.006580502668192252 -0.7944407185168595 0.003512612383526152 -0.006558899017825953 0.9999723208199863 54.853327411608895
0.9999897364770899 0.00242014770352095 -0.0038301193391576836 -0.13418450512045776 -0.0023906985790096338 0.999967690051063 0.007674856108138786 -0.8034015776808403 0.0038485702048735642 -0.0076656208322865476 0.9999632127103576 56.249287003323346
0.9999891699630082 0.001983221003505951 -0.00421031824434165 -0.16135881618182107 -0.0019508309846841864 0.9999685804228906 0.007683256255992119 -0.8314170120569905 0.00422542391627999 -0.007674959582983075 0.9999616196626532 57.67501904209343
0.9999919814875102 0.0011079068165262048 -0.0038483105569210065 -0.18788387307184146 -0.0010771650156981916 0.9999675686553071 0.007981312711829358 -0.8552981284722958 0.0038570286341376827 -0.007977103609284322 0.9999607438083093 59.115431357872446
0.9999914585494012 0.000928482807915243 -0.004027497835229186 -0.1698578978935298 -0.0008941516481064584 0.999963324439033 0.008517644544245409 -0.8737128956665365 0.004035258958862222 -0.008513970769179337 0.9999556135134529 60.538160583124885
0.9999924670673772 -0.002064498510675446 -0.003286890861700644 -0.2023737045285799 0.002095076441233419 0.9999543092286026 0.00932684854512802 -0.873918820446378 0.0032674857000248346 -0.00933366475925666 0.9999511019286367 61.986849283774966
0.9999871665235232 -0.003909860401562762 -0.0032217665117661417 -0.19484498448816137 0.003938921694960651 0.9999511650987535 0.009063790891910967 -0.9039781669069091 0.003186171296903758 -0.009076365036464229 0.9999537328890897 63.399187711444405
0.9999900141523772 -0.0035053085054090327 -0.0027720764462287398 -0.1998030020452185 0.003528483800970353 0.999958494422001 0.008399954043651726 -0.9354486405597978 0.002742517198063409 -0.00840965155512537 0.9999608774184827 64.80858006920147
0.9999890429182662 -0.004324125511989425 -0.0017933166963837127 -0.22261614296953974 0.004338346428562066 0.9999585629062457 0.008003200148090563 -0.9471262896140921 0.0017586357000270766 -0.008010892641470094 0.9999663658368143 66.25086521252136
0.9999960363750199 -0.0024921018501566847 -0.001310215295282942 -0.22486878594224136 0.002502296342350269 0.9999661558591875 0.007837451327332013 -0.9641298770041218 0.0012906393408162677 -0.007840698963234834 0.9999684283487473 67.62846045864039
0.9999997929992078 -0.00035082323649044365 -0.0005393739991239007 -0.2531379809510995 0.0003556350773714842 0.9999599111851437 0.008947041015836208 -0.9796659165479487 0.0005362135989619187 -0.008947231160619785 0.9999598289597309 69.07416181677014
0.9999959743048117 0.0028144975981138276 0.0003605175274572659 -0.26736925455625027 -0.0028180004009788536 0.999944877144203 0.01011442279514978 -0.9980497617109139 -0.0003320306560926315 -0.010115398217359043 0.9999487829271189 70.44302104815917
0.99997983299802 0.006177488524555588 0.0014738460999716625 -0.2904764555224203 -0.006193190614166973 0.9999214347317184 0.01089810821776725 -1.0177664564733713 -0.0014064074788290666 -0.010907016463989744 0.9999395276773811 71.8915089905457
0.9999509987955052 0.009699169472005656 0.001981438932558301 -0.29830997494296124 -0.00972013787143351 0.9998937651593021 0.010861737121680384 -1.030021710190822 -0.0018758787559438783 -0.010880464963438967 0.9999390464234644 73.272346497077
0.999909578553566 0.01317696529012409 0.0026837051577081124 -0.314128977836932 -0.013204218476165043 0.999858696300865 0.010403656809199434 -1.0425982683134118 -0.0025462375231270007 -0.010438152538484598 0.9999422791572633 74.64431478336024
0.9998946173337039 0.01408146606106393 0.0035307944203058243 -0.32526813551384015 -0.014117535622521481 0.9998461771041538 0.010407562167841503 -1.0466131461846544 -0.0033836978481984453 -0.010456311721318733 0.9999396062429745 76.08638839340819
0.9998880022878798 0.014465502215716129 0.0038382409935758194 -0.3273833326950594 -0.014506087486382659 0.999836826858515 0.010765366533285914 -1.0595157853708441 -0.003681888565583375 -0.01081983891785099 0.9999346852577895 77.46742989179013
0.9998824189328921 0.014834702977618554 0.0038832798942317033 -0.3240163671109407 -0.014876711648937262 0.999828585170568 0.011021967190529872 -1.0944727023160121 -0.00371910693921677 -0.011078441877794581 0.9999317158528664 78.86727005117226
0.999900652671703 0.013715012590500038 0.003253180892220514 -0.31493586448322847 -0.013746346614954792 0.9998573603758764 0.009813097783560388 -1.093506312607476 -0.0031181303564468297 -0.009856842432902488 0.9999465585317932 80.2387268304969
0.9999043823071675 0.013467280534124914 0.0031398357022610164 -0.32692704012663376 -0.013498496222597278 0.9998574564080117 0.010141868427229887 -1.1315663036042132 -0.0030028049979081897 -0.01018328195411799 0.9999436403769573 81.6503380280119
0.9999113782790173 0.012993282474386041 0.0029000293682090094 -0.35064316752505675 -0.013024043539541006 0.9998562855749948 0.010852765280595393 -1.1386185273171023 -0.0027585997723594126 -0.010889573820954079 0.9999369016640365 83.02178145657854
0.999920152695051 0.012354362780619133 0.0026566761304454827 -0.36022854637556145 -0.01237929123317615 0.999877473737941 0.009580745627939063 -1.1403662606511673 -0.002537986818123925 -0.009612868595616539 0.999950574468565 84.38831842251825
0.999917135153961 0.012739851728430835 0.0018490469768487816 -0.369681810956062 -0.01275782393846891 0.999868041461345 0.010056720159585777 -1.1556638037445772 -0.0017206819936518892 -0.010079476833824272 0.9999477203340105 85.77625289186116
0.9999211978472821 0.0125259240832948 0.0008362369189440408 -0.3831378765715656 -0.01253418335970553 0.9998638245277428 0.010734368864084513 -1.1703654228837872 -0.000701665205897104 -0.01074400474036867 0.9999420353354284 87.1623965446336
0.9999351415599327 0.011382887331208897 -0.00037752087666325664 -0.38494303405762054 -0.011377602208712062 0.9998647284740023 0.011877497375320187 -1.1844984728803247 0.000512670075451241 -0.01187243198014587 0.9999293887737621 88.54374844598229
0.9999511857417318 0.00969328371520626 -0.0019147739862362943 -0.3671597630061135 -0.009669556257076162 0.9998808188344479 0.01203527423371365 -1.1968396543811002 0.0020312072897374443 -0.01201617197186075 0.9999257401507654 89.8862445610189
0.9999641101969216 0.008125006945692135 -0.0024005329722401134 -0.3975695877763371 -0.008093760611271445 0.9998859376967272 0.012751574327684414 -1.221870097649209 0.002503866013274709 -0.012731687596172905 0.9999158138539819 91.28195392368121
0.9999703277624231 0.007221163594598732 -0.0026829780482063 -0.4080363704781811 -0.007186234524491547 0.9998921490347435 0.012808135772906014 -1.2404328661684678 0.0027751785745953033 -0.012788475477224344 0.9999143729783847 92.64393088760328
0.999978450318112 0.00582929172962026 -0.0030196424022019665 -0.41267218886260315 -0.005790987880726976 0.9999045751649872 0.012542130209122915 -1.2564796083946121 0.0030924662603153854 -0.012524373471482332 0.9999167849036065 93.9833794866711
0.9999813543307 0.005154509709624278 -0.0032744472150518355 -0.4371183143586606 -0.005114050523008915 0.9999119295486595 0.012246617444649877 -1.269314541669138 0.003337284433122753 -0.012229643657482442 0.9999196459512836 95.34118424115485
0.999981834516092 0.0051017881265565685 -0.003209732071404448 -0.4381370532407416 -0.005064019781839922 0.9999191149543224 0.011667015820971483 -1.2681316716192983 0.003268995380219824 -0.011650549973473867 0.9999267865022613 96.71800299779191
0.9999764106801596 0.006404982488887611 -0.002480779140373916 -0.4702571770666336 -0.006377137747843575 0.9999183440950038 0.011074171095041246 -1.2857265495076506 0.0025515066662101455 -0.01105808981750908 0.9999356021623226 98.07088946542406
0.9999621466029311 0.008368027046291032 -0.0023835818272888005 -0.48467024439661927 -0.008340648207873936 0.999901661876574 0.01127387146665459 -1.2923793284119065 0.002477687709631142 -0.011253564325053842 0.9999336069769679 99.41043676777751
0.9999616640499139 0.008377665502576079 -0.002546591570645348 -0.4700890313126813 -0.008346009040181627 0.99989077726238 0.012197446129996571 -1.301397309356171 0.0026484997817388996 -0.012175724901590563 0.999922365577095 100.78630254306556
0.9999567772515678 0.009023149715070794 -0.0022419576406681515 -0.5154185138558148 -0.008991702413192212 0.999866240799026 0.013661984200522897 -1.3077494171628203 0.0023649320973604697 -0.013641234953787613 0.9999041573144732 102.08181923382664
0.999957133297537 0.008950722323857145 -0.0023698340436991826 -0.5052431214214727 -0.008920350624841984 0.9998816970575153 0.012530732174408811 -1.3231009370952251 0.002481713008838346 -0.012509055528072027 0.9999186790131895 103.44966425312339
0.9999570494335707 0.009021121129240682 -0.0021257088442841374 -0.49921141641063327 -0.00899868497996897 0.999906068943221 0.010338132103595602 -1.333919519417368 0.002218770911445747 -0.01031855970280673 0.9999443006431133 104.76082327914413
0.9999721791885245 0.007099696938363502 -0.00228804142719154 -0.5311798279822244 -0.007078505400527483 0.9999331684184398 0.009140758707039384 -1.3520810956359544 0.002352785336134339 -0.009124308677303985 0.9999556047141803 106.05776075836641
0.9999768680859262 0.006589194903754112 -0.0016869461234509493 -0.5442575202281191 -0.006571737745409836 0.9999268611403805 0.01015306076706169 -1.3607074558556065 0.0017537233943889072 -0.010141739946181519 0.9999470333830144 107.42403012738792
0.9999902985279173 0.004173851252583593 -0.0014077661467666572 -0.5458578322128453 -0.004157564910375905 0.9999266008114671 0.011380142677696688 -1.35151736662539 0.001455161972548618 -0.011374179622987325 0.9999342531127023 108.75935532770588
0.999997501973235 0.0020745664218937074 -0.0008319954709916371 -0.5603509713222352 -0.002063437452091835 0.9999112572209911 0.01316130339361232 -1.3919586699620097 0.0008592257186061989 -0.013159554007366759 0.9999130401570322 110.0993150968413
0.9999971790471354 0.0023726018415299 -0.00011248943750552282 -0.5604472978322117 -0.0023710260937654703 0.9999204257035402 0.012390338800518687 -1.377306988912007 0.00014187784874842885 -0.01239003737870038 0.999923230477896 111.43486503446867
0.9999928351472016 0.0033938989856267168 0.001676633530689837 -0.5887964942256602 -0.0034092234285902443 0.9999516539561961 0.0092231745734499 -1.4069247344441391 -0.0016452500810479134 -0.009228824692232216 0.999956060008429 112.76405007325769
0.999976658685286 0.006480535212558333 0.0021644254706850653 -0.555022598018312 -0.00649719772468473 0.9999486124822055 0.007781955257200064 -1.4266946542682986 -0.0021138831839079943 -0.0077958364732723185 0.9999673776833581 114.11543884187479
0.9999488153415197 0.009475851527583774 0.003546113089214894 -0.5855198173007157 -0.009500811636851271 0.9999297366460892 0.007089172616246301 -1.426662631930686 -0.00347868826905863 -0.007122500856679058 0.9999685838600586 115.40118829794862
0.999938121387084 0.009741266580074827 0.005372253350545834 -0.5952690289345947 -0.009789910848580477 0.9999106344600448 0.00910388699565818 -1.4575547438679604 -0.005283090305754315 -0.009155917724737379 0.9999441275013915 116.78447213147038
0.9999330254600355 0.01020268900961959 0.005463489159784656 -0.598813354519949 -0.010264151999213239 0.9998829925550422 0.011342327900113724 -1.4546157910824968 -0.00534712808997056 -0.011397646564208438 0.9999207477956524 118.07186664211808
0.999927508546839 0.010210133465372116 0.006382069325894853 -0.5945750593085477 -0.010287084859459429 0.9998733525103382 0.012143098603358018 -1.4726720414052756 -0.006257278914979874 -0.012207871464568613 0.9999059027393904 119.43913307640507
0.9999184157742182 0.010245185183680826 0.007628758706824841 -0.6043847830890872 -0.010332656572542748 0.9998802998451949 0.011516171630261456 -1.4874856015666333 -0.007509860858184876 -0.0115940576663562 0.9999045853550537 120.76761931204946
0.9998867689398042 0.012174949490374126 0.008844200445727849 -0.5978509554254123 -0.01227523390245584 0.9998599594950842 0.01137453544401332 -1.4932740482354943 -0.008704478232001305 -0.01148181235099985 0.9998961946326766 122.08606268871996
0.9998574262765983 0.013608440953347505 0.009996870863063223 -0.5945592243321322 -0.013718252046638357 0.9998454009649693 0.010999261811616357 -1.4969152324371444 -0.009845643375457524 -0.011134833421955561 0.9998895332925911 123.44122137779121
0.9998266918789938 0.014690433129619027 0.011435792465616117 -0.6088419106986207 -0.014810368689830187 0.9998354545845065 0.010474577297564059 -1.5057950097286168 -0.011280035626595639 -0.010642130482753774 0.9998797456954548 124.78302901823048
0.9997977223930113 0.015833391413688704 0.012402337603895707 -0.5893607375853639 -0.015953956702419645 0.9998258379995778 0.009683231539126367 -1.5223523745559602 -0.0122468602207966 -0.009879139392237841 0.9998762008451779 126.09015758590698
0.9997917921861007 0.015372289414043163 0.013418828579590994 -0.5922717692190591 -0.015499802468493215 0.9998352060653521 0.00945076045725085 -1.5421752814583012 -0.013271338527766314 -0.009656782118721735 0.9998652999931003 127.44376424359614
0.9997959378411564 0.01455656140828425 0.01400675421748547 -0.5664204160382168 -0.01469856722528072 0.9998410660033861 0.010089345323556582 -1.5428243573720233 -0.013857663056944605 -0.010293165891185245 0.9998509968534289 128.7513162082494
0.9997629687997565 0.015716491522353524 0.015066455229949205 -0.5696713811629333 -0.015879420945387454 0.9998160589031467 0.010756039605819242 -1.572207963447105 -0.014894637935162859 -0.01099273689016849 0.9998286400658808 130.12325518184375
0.9997922462199798 0.013406544502644188 0.015353466481569721 -0.5484055164221568 -0.013572374855053863 0.9998501243365623 0.010748001443290899 -1.5676772445980314 -0.015207073088028603 -0.010954151721565587 0.999824360319347 131.45129400608906
0.9998040490032464 0.012315333501684676 0.015498262192625054 -0.5405715943071165 -0.012487892068228798 0.9998605566367772 0.011086922926588572 -1.5917423890047568 -0.01535956319913344 -0.011278291277714644 0.9998184254975286 132.79695195675
0.9998294753522865 0.01017462864898888 0.015410941855193502 -0.5460825855929881 -0.010354366979264628 0.9998787757538606 0.011628452209821056 -1.5900157041982927 -0.01529075977569983 -0.011786040047210181 0.9998136235948544 134.12229804578345
0.9998520016099982 0.009176535295890605 0.01455218404294917 -0.5035439884113062 -0.009350525915108944 0.9998850711259072 0.011933659159795692 -1.6150163908453503 -0.01444100314354667 -0.012067963804593265 0.9998228951557124 135.456967911067
0.9998631725638526 0.009626783209792399 0.01345218120580375 -0.49118958126345375 -0.009779810644827415 0.999887686151182 0.011356513763161671 -1.6287674084490764 -0.013341344762318486 -0.011486519888358419 0.9998450221805908 136.7935115788965
0.9998937642271545 0.006239699789833807 0.01317294192656337 -0.5262027623614745 -0.006410933211745808 0.9998949849546548 0.01299688446392878 -1.6394721136475965 -0.013090463008299635 -0.013079954832677805 0.9998287626184317 138.1327411108097
0.9999159732217664 0.005951784871475133 0.011516194998605296 -0.4739810337979633 -0.006098108582475467 0.9999005945377398 0.01271275430828529 -1.6488308860037477 -0.011439387603930066 -0.012781913351228073 0.9998528707267795 139.47861252712588
0.9999331387213126 0.00476302792103808 0.010537155664117788 -0.4983020039487508 -0.004898868306162279 0.9999047458050986 0.012903503794156805 -1.661483097419963 -0.010474693082027652 -0.01295426143775706 0.999861224327412 140.84039257594182
0.9999477897865355 0.004854485880847335 0.008991755410200086 -0.47616113529860654 -0.0049677702265744925 0.9999080309794773 0.012619463002212719 -1.6628519952334748 -0.008929668187005278 -0.012663473358207434 0.9998799415261463 142.17225442054647
0.9999589497575158 0.004591552082069397 0.007811302534409174 -0.46232760366494996 -0.004686202195023471 0.9999152997297424 0.012142194191436194 -1.6743739488462979 -0.007754890043758068 -0.012178301331736219 0.9998957698953957 143.52436944406443
0.9999669720563823 0.0026410642351436756 0.007686324096697273 -0.46013012882899607 -0.0027192331092567856 0.9999445134099549 0.010177223298706678 -1.6840968489941424 -0.007659019547486658 -0.010197788269703852 0.9999186689578847 144.86000750891048
0.9999799451941125 4.4967136999002344e-05 0.006333024062047726 -0.4535991765148556 -0.00010407835401208924 0.9999564338583173 0.009333785418753066 -1.724831904975582 -0.006332328970593731 -0.00933425754107337 0.9999363845978104 146.17468930021397
0.9999366802862482 -0.009680879916674021 0.005737246538932464 -0.4651353468748417 0.009610603014333117 0.9998799647858151 0.012152872729943287 -1.7176840968875524 -0.005854208853111768 -0.012096965040892617 0.9999096917591306 147.5754423819409
0.9998539041717763 -0.01659244020761777 0.004106245784710074 -0.45234373077281775 0.016535025955105462 0.9997702148760267 0.01364222668971773 -1.731577353856631 -0.004331660415025863 -0.013572336987968425 0.9998985090433207 148.89502547686945
0.9998386794996839 -0.017729824645331974 0.002875466321471419 -0.4056429239654702 0.01769787958293658 0.9997852775317378 0.010778862514129498 -1.7552881527203124 -0.0030659564855953373 -0.010726234201284874 0.9999377719690614 150.18865524492236
0.9998287549378502 -0.018288216991847343 0.002828768360145519 -0.44631525686631235 0.01826626216543657 0.9998042576123951 0.007601981095443953 -1.7630126426855648 -0.0029672415733871596 -0.00754900840162989 0.99996710343286 151.59615577668905
0.9998973619821367 -0.013790541173846956 0.00388413311998799 -0.42480856358804225 0.0137711521683432 0.9998927948696832 0.004975351693399943 -1.7828122678361955 -0.003952329842378253 -0.004921352128155954 0.9999800794907999 152.90695254088703
0.999877957270802 -0.014777081482102402 0.005070349330883359 -0.4477818498102577 0.014749024261151355 0.9998759501858931 0.0055272517648274865 -1.7998248605054115 -0.005151397434522279 -0.005451794590597233 0.9999718701222774 154.27938277415967
0.9998387455772144 -0.017264600798573622 0.0049412970100020746 -0.42109087541357915 0.017228480013611866 0.999825208098825 0.007261729541372274 -1.7883550518705678 -0.005065804593946966 -0.007175427642682364 0.9999614246851213 155.60093380843423
0.9996074833973021 -0.02741282140523293 0.005780688597919822 -0.4533976716568708 0.027352083881353385 0.9995724150527426 0.010336855125595516 -1.7931626309683824 -0.006061579727818498 -0.010174684033559828 0.999929864067055 156.9243449952932
0.9995490736610071 -0.029480993094981235 0.005702664920820878 -0.43438743370356897 0.02941306156209355 0.999499442064889 0.011650627708812549 -1.8163004962482343 -0.006043282980777682 -0.011477641498288078 0.999915867698037 158.28122458473032
0.9995147905372636 -0.030704787539749444 0.0052344545048822935 -0.41150103363866164 0.0306417947943337 0.999461743947799 0.011717627911204205 -1.8278166056915297 -0.005591424764290545 -0.011551549526111425 0.9999176454442722 159.62235422135822
0.9995426680423121 -0.02959849664396097 0.006195462607324079 -0.4061036597910597 0.029525295433339677 0.9994968241087473 0.01159118332491445 -1.829992513725664 -0.006535427341385585 -0.01140295963932205 0.9999136266190768 161.01069031656235
0.9995964415615317 -0.027444963164415435 0.007329939766036317 -0.40678794649122924 0.027360853939266634 0.9995613111286424 0.011338825640766142 -1.8322644803448815 -0.007637918489389924 -0.011133696542911173 0.999908847345339 162.32911724401282
0.9996321711047682 -0.02548401568116749 0.009278331933360948 -0.4547860590982308 0.025388894918105746 0.999625310589455 0.01022948880397673 -1.839444372023055 -0.009535544689505966 -0.00999015967759044 0.9999046304989974 163.66988184375268
0.9996559909605319 -0.024316241589825392 0.009829554406078031 -0.46398294039281446 0.02422549697400991 0.9996637435770681 0.009247976528242512 -1.8341618490717042 -0.010051126026993913 -0.009006669450938354 0.9999089232359152 165.02611352941994
0.9996409801791919 -0.0248048806457258 0.010130579938446035 -0.453856561394384 0.024700848403944244 0.9996421493332459 0.010268464384045632 -1.8379224131699976 -0.01038166360444254 -0.01001454405245988 0.9998959595700939 166.37484888442356
0.999638031606474 -0.025129005375624475 0.00960931119634308 -0.42966062657393683 0.02503128735732363 0.9996350601319561 0.010157814975472622 -1.8421568027511537 -0.009861060986084955 -0.009913604905790498 0.9999022351761382 167.69483586724888
0.9996883303901675 -0.02299900368919696 0.009710196758742011 -0.4421726157532786 0.02291948458764686 0.9997034977421184 0.008222762492284251 -1.8462175289022715 -0.00989643383646929 -0.007997647134135113 0.9999190458396991 169.0821015005104
0.99977015258722 -0.019524128371754886 0.008857224230554787 -0.43256518615743633 0.019470658896840666 0.999791920224382 0.006083558800511139 -1.876248670903208 -0.008974158156435059 -0.005909704612731923 0.9999422682691432 170.49998462319445
0.9998722185875698 -0.013636418429371636 0.00834233817568542 -0.4212031388127258 0.01360123771818648 0.9998984261851283 0.0042595344870243294 -1.8871182729185143 -0.008399576312626625 -0.0041455241374735085 0.9999561299083762 171.8403655176802
0.9998869197510355 -0.012158649945888042 0.008849573968919638 -0.4230522587017409 0.012113381385472523 0.9999133619199019 0.005151177935290662 -1.8897967565360592 -0.008911439376264908 -0.00504339725706805 0.999947573819011 173.1939030307184
0.999927398082563 -0.007374989185498391 0.009529329134441938 -0.4212528017206666 0.007307410041764053 0.9999480432854706 0.007107213077678761 -1.9170950565804572 -0.009581250444866421 -0.007037062490226806 0.9999293371965472 174.59591498483059
0.9999411210010016 -0.005330086567260129 0.009452233715281989 -0.42030139534287186 0.005235759760784485 0.9999365293718984 0.009976173486672946 -1.9330875681214614 -0.00950480843919387 -0.009926096658450357 0.9999055611495881 175.97594392837092
0.9999280329945155 -0.008380126187272744 0.008585006279417452 -0.42595335013734464 0.008286471019142042 0.9999063960195467 0.010887313008544326 -1.9392156475885705 -0.008675440469311508 -0.010815390275187242 0.9999038774114991 177.40267872901313
0.9999253573105192 -0.009706967902566931 0.0074198785689361686 -0.42970790417527494 0.009624313039158039 0.9998921261798286 0.0110954309823592 -1.9488125506426341 -0.007526781777164954 -0.011023191759197214 0.9999109144301461 178.78737857113347
0.9999075712938138 -0.012402422693948655 0.0055703497878165685 -0.42294746401536554 0.012362674598430365 0.9998982694036647 0.007114429582961322 -1.9526169817980357 -0.0056580197472658215 -0.007044907708370392 0.9999591772086635 180.12657099318506
0.9999441223546011 -0.009971661556118094 0.0035097219860348024 -0.4432112490390321 0.009959239761528496 0.9999441419001844 0.0035392954700470976 -1.9818140890702953 -0.0035448188922163866 -0.003504143598343874 0.9999875775393375 181.54379572111145
0.9999792804345493 -0.006212896752872676 0.0016848220947151976 -0.40124593524716184 0.006208368690530519 0.9999771370386838 0.0026798414197930004 -1.9924560851103827 -0.0017014332939293084 -0.002669325944372751 0.9999949898983904 182.93250286924
0.9999923520079047 -0.0033436851310394977 0.0020287195271870453 -0.4477416540995929 0.003335778353593541 0.999986876081862 0.003888475447107614 -2.005546871650169 -0.0020416949091300327 -0.0038816784216790675 0.9999903819800284 184.25981461607643
0.9999937549971462 -0.00044848649809264667 0.00350554298430626 -0.46784697720342855 0.0004261483697048721 0.9999796180473122 0.006370391289442493 -2.018542747378639 -0.003508328860261834 -0.006368857747232084 0.9999735642890243 185.71452951929115
0.9999927975459534 0.002121124174681254 0.0031473304070360002 -0.463641840260917 -0.002149307752562557 0.9999573824408873 0.00897851764602069 -2.0459256962989167 -0.0031281519818810674 -0.008985217736477098 0.9999547392388333 187.08100913977015
0.9999934937855218 -0.0005370380414906201 0.0035670691063862054 -0.475761094104057 0.0005031933195086009 0.9999549158954681 0.009482244941050407 -2.047133669622258 -0.003572000908670195 -0.009480388505723051 0.9999486802040869 188.53468943099347
0.9999960531786307 -0.00130650442092339 0.0024873034918831494 -0.42650104326003097 0.001281976335490374 0.9999507884878428 0.009837536989487349 -2.0560145821771916 -0.0025000340767049435 -0.009834309689066 0.9999485167659632 189.9379569013894
0.9999829626147582 -0.004551863355523643 0.0036544535485427457 -0.48445876499449236 0.0045127215915082754 0.9999331199471331 0.010648519474832491 -2.074136888467365 -0.003702680048069456 -0.010631846723522116 0.9999366249892032 191.30540105702454
0.9999709854371436 -0.006416719332383317 0.004105363506119845 -0.49079245756645784 0.0063727215042738185 0.9999230646474776 0.010642048455043308 -2.076426961098145 -0.004173335040227924 -0.010615577543282177 0.9999349442772412 192.76156649121708
0.9999540624973798 -0.008651773971792467 0.00412549587809858 -0.475108665957276 0.00860487218978391 0.9998996439365276 0.011254253290612429 -2.0868416484797785 -0.004222451462404872 -0.011218237144621048 0.9999281584483833 194.1082181709594
0.999928853335235 -0.01106861997242703 0.0044467892693831656 -0.4632535113500724 0.011014400887939415 0.9998668772241742 0.01203788971191989 -2.098633091956687 -0.004579440503452147 -0.011988054760621515 0.9999176542430157 195.55965847784339
0.999885032068683 -0.014382784668687656 0.004801891876791829 -0.4495205002877022 0.0143214302347748 0.9998183521404168 0.01257614188445775 -2.1093448320183414 -0.0049818999739453355 -0.01250592630336045 0.9999093871341966 196.98876601143152
0.9999222651078677 -0.01134446562168118 0.005173669597040109 -0.4637432217538951 0.01129116503087484 0.9998840461683047 0.010217817622699025 -2.1431736801817594 -0.005288985808898946 -0.010158606771749179 0.9999344125167184 198.40470435891208
0.9999644108392031 -0.006414719210067242 0.005479821720844507 -0.49250140657940567 0.006391355711662968 0.9999704560395013 0.004270551682093603 -2.1388877899830105 -0.005507054676624058 -0.004235376280974139 0.9999758666745743 199.84450762804784
0.9999671985317857 0.003932477488867053 0.007080782477333805 -0.48883573846952594 -0.003962711316660007 0.9999830708909953 0.0042608516687299754 -2.1603249055162816 -0.007063907496460263 -0.004288771085184494 0.9999658532408763 201.29096279502122
0.9999149381819801 0.01072946484952951 0.007415859110394218 -0.4871641790661946 -0.010782907306797467 0.9999159092583577 0.007204397616136025 -2.1692676776149447 -0.007337936789208813 -0.0072837494641700366 0.9999465494078562 202.7145783804011
0.9999038809313661 0.011048234222005788 0.008376478971649658 -0.4580495965510163 -0.011128039759693077 0.9998925597078122 0.009541267995043696 -2.1704073645047957 -0.00827016552851301 -0.009633564879897657 0.9999193961444862 204.1490462172318
0.9999231497011806 0.00879502390501396 0.008737404292544042 -0.4975558838085856 -0.00887973941001047 0.9999134812544839 0.009704650937060463 -2.1721108737995096 -0.008651296430054774 -0.00978149119745681 0.9999147351130406 205.60435023937836
0.999950447397423 0.006744152879972652 0.007322509431605088 -0.49293159213596494 -0.006818705980672374 0.9999246836355132 0.010204524277960914 -2.2043417212386367 -0.007253137660104981 -0.010253948857442014 0.9999211211508582 207.0603166141021
0.9999644615496566 0.005818323520964288 0.0061010444711805 -0.47254827710690084 -0.005878929009518577 0.999933084849084 0.009963133358045061 -2.21880133677133 -0.0060426679886489785 -0.009998647087661702 0.9999317542797868 208.50192809430393
0.99996900441249 0.005346565710352878 0.005779657850364068 -0.4950786860197445 -0.0054009462882433825 0.9999409072902951 0.009434601964327133 -2.221937077939359 -0.005728874072188385 -0.009465525340903818 0.9999387900410924 210.00014871627468
0.9999603889457475 0.0065777203891100484 0.005996175996471941 -0.5094452513116134 -0.006634220974892504 0.9999333210073617 0.0094520189250501 -2.2449269132474967 -0.005933603934074464 -0.009491424664460731 0.999937350637053 211.4681545391382
0.9999584173065498 0.007437079846164218 0.005277640682736089 -0.48894396001968277 -0.007489372277464529 0.9999223648045439 0.009958598244058748 -2.239693843621271 -0.0052031684938696745 -0.009997710553052309 0.9999364843923231 212.90354574482194
0.9999604951869085 0.007646006275692762 0.004532840450806628 -0.49097170999220774 -0.007690312053124407 0.9999220256035946 0.009838791913874614 -2.2636703179708157 -0.004457259909763694 -0.009873262388619037 0.9999413240395358 214.34453568720676
0.9999561389293803 0.008176756978443799 0.0045673679890581645 -0.5080037479773153 -0.008219170997779314 0.9999225463996265 0.009345931973181237 -2.28155279044163 -0.004490595187900237 -0.009383062216654936 0.9999458948843478 215.7955229015098
0.9999637260867137 0.007165243086172672 0.004604974761959115 -0.5257676022024624 -0.007206070642587835 0.9999343285994239 0.00891128759147204 -2.2890080789296836 -0.004540821181968158 -0.00894414829571816 0.9999496903103507 217.28858248713072
0.9999663121957875 0.007326280103401578 0.0037013622503522746 -0.5026353831983944 -0.007359147879771028 0.9999329072845052 0.008945607002290284 -2.308053584774587 -0.0036355761937552156 -0.008972544696087392 0.9999531369147818 218.7607512115775
0.9999604604189355 0.008046104686101863 0.0037865268285246084 -0.5133395670339125 -0.00807768281573734 0.9999320982287191 0.00839940396602175 -2.31395322739856 -0.003718687540981573 -0.008429658389083007 0.9999575552094094 220.23960122206822
0.9999656761024455 0.007291224327888898 0.003935054533516828 -0.5130464796995554 -0.007325160494288452 0.9999355015568405 0.008679560049102586 -2.3360927073903084 -0.003871516429831505 -0.008708087212850575 0.9999545892567231 221.73466206317505
0.999955079117815 0.008826989803493833 0.0034531119811398014 -0.5239176581866873 -0.008854830947569578 0.9999277285713698 0.008132012049278601 -2.3472449583626536 -0.0033810815120428896 -0.008162223639842668 0.9999609724340356 223.22239666811868
