1.0 -3.469446951953614e-18 0.0 -1.7787691892340307e-19 0.0 0.9999999999999999 -3.5405977195229754e-19 0.0 2.168404344971009e-19 -2.354751593366955e-19 1.0 0.0
0.9999998184232588 -0.00019208515163265938 -0.0005711883682158452 0.0023623361350120307 0.00019247477327348148 0.9999997488291977 0.0006821250551984528 -0.02260592672900045 0.0005710572474822689 -0.000682234884456293 0.999999604225015 1.3271691302841344
0.9999996128382387 -0.0006495330792122469 -0.0005936583552867095 -0.007790635634584557 0.0006502006178868269 0.9999991559454224 0.0011248761676850884 -0.038855618163642656 0.0005929272609921147 -0.0011252617513691555 0.9999991911118578 2.628000665289961
0.9999985146582364 -0.0013099544859815314 -0.0011201342619902434 -0.009235580667309016 0.0013110722237309694 0.9999986429075679 0.000997632432947268 -0.07475547808411533 0.001118825984235233 -0.0009990995476393124 0.9999988750146105 3.9515935372318256
0.9999979593909457 -0.0019412814322842028 -0.0005591443264837475 -0.022364344692425514 0.0019418828248740517 0.9999975347873874 0.0010768041423002818 -0.08818352204860691 0.0005570526162711525 -0.0010778877579401326 0.9999992639254356 5.267548715852909
0.9999970683400707 -0.002253000602485712 -0.0008873000963869379 -0.01962120417659783 0.002254375099581825 0.9999962561340752 0.0015509697457618235 -0.10747375479409206 0.0008838025147881219 -0.0015529655356918922 0.9999984035951451 6.5875435055252805
0.9999933337591836 -0.0035878072561198963 -0.0006782921304680158 -0.027724582836935498 0.003589459352292943 0.9999905565978268 0.002449998221242562 -0.14160296307595843 0.0006694956625054639 -0.002452416637130264 0.9999967687096352 7.923144096279822
0.9999933778226726 -0.003604040845315414 -0.0005051778054509435 -0.046363466971315576 0.003605461869435108 0.9999894665060961 0.0028403373053734987 -0.16047933852899643 0.0004949358368848192 -0.0028421399491324116 0.999995838631517 9.238765425543935
0.9999944331756161 -0.0031787279058378935 -0.0010145489423918005 -0.047145888029863345 0.003181075240970447 0.999992248449848 0.002320300756171587 -0.18680242630385357 0.0010071655605222102 -0.002323515240167968 0.9999967934431162 10.569244599167178
0.9999993907043527 -0.0006753421405508286 -0.0008732145123027447 -0.06744968349517926 0.0006753747426546646 0.9999997712497413 3.699117852425666e-05 -0.20530697856940594 0.0008731894047208956 -3.758090394642497e-05 0.9999996180645999 11.889609873370478
0.9999975836561809 0.0020082681721179116 -0.000894167647525736 -0.06744266938064905 -0.0020089230051467564 0.99999771427691 -0.0007318968069756356 -0.23008180925480642 0.0008926958333519427 0.0007336913646155611 0.9999993323960149 13.227649871822557
0.9999841143362772 0.005594902933855372 -0.0006841959011484496 -0.09413412424689063 -0.0055954880693956065 0.9999839789549848 -0.0008557790983546815 -0.2500525105458522 0.0006793969949757729 0.0008595939258425492 0.9999993997593113 14.567441501850901
0.9999831312449067 0.0057981999760665995 -0.0003436430100854054 -0.11428880081632051 -0.005798198739647785 0.9999831902940389 5.687298711013742e-06 -0.2780040442166677 0.0003436702383098455 -3.6946970981842854e-06 0.9999999409388247 15.921977865751265
0.9999910902792541 0.004220989949731368 -5.09691147641629e-05 -0.10636811987995021 -0.004220823902523086 0.9999868520587997 0.002912106206899662 -0.3058237305155598 6.32604230911501e-05 -0.0029118651898641574 0.9999957585109513 17.259314874381378
0.9999999716150698 -0.00023826501522752203 -1.602542925281409e-07 -0.11673580874398837 0.000238262737250838 0.999986889277191 0.005115124925749142 -0.33444908653207905 -1.058499047759242e-06 -0.005115124919373182 0.9999869176629981 18.626717686739383
0.9999976983166317 -0.002112699992476968 -0.00037398227955648964 -0.10814952067460178 0.002113962874110845 0.9999919552069646 0.003408911628279069 -0.36768903157858285 0.00036677729728534195 -0.0034096944325833043 0.9999941197124887 19.962867450629837
0.9999952890626759 -0.0030592623884588502 -0.0002505395723680732 -0.11730559730719517 0.0030594942101460337 0.9999948878492265 0.0009293901654548649 -0.3691544361924396 0.0002476950650936553 -0.0009301523277197344 0.9999995367320574 21.31811096217588
0.999999532380966 -0.0009639002035357683 7.833182426420122e-05 -0.1304813296850915 0.0009639059406723587 0.999999532818075 -7.243942246156869e-05 -0.4265109513794597 -7.826196990224992e-05 7.251489532913455e-05 0.9999999943082626 22.668660915153435
0.9999984639483026 0.0015061959765932014 0.0008963667896341155 -0.143488619218247 -0.0015073770317167003 0.999997994974584 0.0013182805776236844 -0.41729836187804153 -0.0008943794781038814 -0.0013196297418220594 0.9999987293299941 24.033678603762382
0.9999968748579271 0.0018503824084581157 0.00168117768936452 -0.15358875668033642 -0.0018599536134651252 0.9999819710915065 0.005709471632477559 -0.4361529834378588 -0.0016705828103612938 -0.0057125808147357945 0.9999822876294291 25.426474373109105
0.9999983116745911 0.0003202977762317479 0.001809436174079086 -0.14884510763619352 -0.00033241816350278 0.9999774854284502 0.006702099157147737 -0.46509933705927076 -0.0018072489152550786 -0.006702689462155304 0.999975903611988 26.799232553112862
0.9999900394779322 -0.004099262805087886 0.0017655020255508082 -0.15103087503514406 0.004088635386654476 0.999973750457826 0.005981759685715689 -0.4899140772641898 -0.0017899766330563116 -0.005974481723369624 0.9999805505862668 28.165814202848836
0.9999910445414872 -0.003894458523585463 0.0016565135961143975 -0.1613565633114618 0.003888225874903773 0.9999854117879216 0.00374938725352446 -0.5022751997878319 -0.0016710914016022423 -0.003742912846446221 0.9999915989924115 29.52755525341233
0.9999886550406415 -0.00412327160142667 0.0023850429956487375 -0.16424591109438896 0.004118695340200748 0.9999896737945008 0.0019205851030977712 -0.5454102515767696 -0.002392937661602646 -0.0019107400812217311 0.9999953114484249 30.91627674470853
0.9999943424625907 -0.0018026952978633347 0.0028399540250723244 -0.17509390250324589 0.0018005120272759703 0.9999980817155953 0.0007711800922851977 -0.5432459340490964 -0.0028413390193289074 -0.0007660623693322467 0.9999956699593585 32.29980889413424
0.9999941421460196 -0.00021105572009611807 0.003416304101642631 -0.1796506945226418 0.0002153230964973031 0.9999991970700824 -0.0012487973992314357 -0.5876021191323147 -0.0034160380824409735 0.0012495257207058195 0.9999933846605771 33.679337002644154
0.9999935528602988 0.00022811019338018698 0.0035836026012208474 -0.19376964667153518 -0.00022473601185526125 0.999999531121433 -0.0009419400818341777 -0.5918174415444561 -0.0035838160907231695 0.0009411286657496148 0.9999931352437157 35.074305646136104
0.9999952792376519 0.00012382364807226286 0.0030702074550252546 -0.18992158747639148 -0.00012589460827596398 0.9999997647029327 0.0006743476344720414 -0.6320078309144488 -0.0030701234913399485 -0.0006747309844968516 0.9999950595258151 36.46690570953305
0.9999945171018011 0.0015896934972311145 0.002904934061860014 -0.20769817606110846 -0.0015955921823987166 0.9999966679051997 0.002029351247736851 -0.6492553300890129 -0.0029016985795322432 -0.00203397525003454 0.9999937215236159 37.86881364975788
0.9999910695707096 0.0033864854500143034 0.002528337833565171 -0.2035395937688375 -0.0033929420047463053 0.9999909832883656 0.0025536821064784886 -0.6661068212309383 -0.002519667240048805 -0.002562237855681952 0.9999935430848109 39.26001784276948
0.9999763451348518 0.006146774237580342 0.0030864751226110667 -0.2242529193570162 -0.006155460089209011 0.9999770999137488 0.0028124670822647557 -0.7015476029423673 -0.0030691170993245196 -0.0028313992861840618 0.9999912818094646 40.661009634249424
0.9999561512394449 0.008866529087039653 0.003013344431666714 -0.23118375791837736 -0.008876251804909589 0.9999553936425153 0.003228451332017952 -0.7263419734389925 -0.0029845851098523357 -0.003255057040896818 0.999990248378552 42.08630050773754
0.9999490398606998 0.009742743703431651 0.002645110251549956 -0.23346808649616815 -0.009751779430844685 0.999946585909554 0.0034246382358397065 -0.7451252586077721 -0.0026116038113036125 -0.003450258320881743 0.9999906375763302 43.47334992477672
0.999958369198968 0.008832169518563571 0.0022918625983675456 -0.2441790888502449 -0.008839567735972085 0.9999556877681084 0.003237987216088752 -0.7646688663192098 -0.0022631627780045 -0.0032581115599059794 0.9999921313694965 44.90033141138618
0.9999636626762682 0.008404724720860667 0.0014261532820028936 -0.23841667104737937 -0.008408746525188256 0.9999606200654245 0.002837484437770953 -0.7944294452098283 -0.0014022489613073536 -0.002849373554090835 0.9999949573706645 46.29691462213636
0.9999668244363448 0.008124745097054966 0.0005818308702337277 -0.25455489256277336 -0.008126724480425089 0.9999609097873933 0.003483570458586497 -0.8204256637549172 -0.0005535050488030399 -0.0034881833428725543 0.9999937630850573 47.72873981574293
0.9999645648850057 0.008406128312432481 -0.0004538305465617838 -0.26026233576822455 -0.00840406646805449 0.9999551380277201 0.004369624239493915 -0.8401513287818223 0.000490541853322077 -0.004365655472160751 0.9999903501648048 49.126943366078045
0.9999585804885106 0.008990964280257628 -0.0014141592948217405 -0.27245547667234793 -0.008984623381448042 0.9999498313814159 0.004428462687898491 -0.864074558261963 0.0014539046241231908 -0.004415573669570591 0.9999891943785736 50.55570839792693
0.9999566558896986 0.00893614393240462 -0.002613742377642815 -0.2802967289544133 -0.008924139618260702 0.9999497400704515 0.004569144745252242 -0.875613427029231 0.002654441773667072 -0.004545621396430757 0.9999861455393726 52.00762011540793
0.999946976565913 0.009645543711024928 -0.003606593249211728 -0.29782505708561957 -0.009625014083209257 0.999937619635886 0.005667094581949664 -0.9052166095890568 0.00366103079045915 -0.005632080703690316 0.9999774380098065 53.41721983153563
0.9999546824914464 0.008433038943889014 -0.004417781214639149 -0.3115144747767734 -0.008402726805515981 0.9999413318429095 0.006835720209123495 -0.9309538183420832 0.004475168309451463 -0.006798289166772801 0.9999668775231658 54.86746102805834
0.9999719743627032 0.0055513935067150275 -0.0050231960382936865 -0.3153201656942701 -0.005513610658797742 0.9999566397016384 0.007504586788520276 -0.9359103788641894 0.00506463957908778 -0.007476680676209166 0.9999592235106868 56.26747533718222
0.9999786308112578 0.003745078286167984 -0.005358385189626965 -0.33871041427420784 -0.00370686322880463 0.9999677525814548 0.007124111672139577 -0.9555105825248813 0.00538489321205181 -0.0071040967818951995 0.9999602665839881 57.697924576038616
0.9999822341622052 0.0028246249100008104 -0.005249079786459538 -0.35982098650251815 -0.0027851686675204167 0.9999679284122475 0.007508993626939356 -0.9833722816298555 0.0052701219818436255 -0.007494240804981096 0.9999580302100951 59.14221889733117
0.9999834735254276 0.002637775125616638 -0.005108307316352537 -0.3601622616980398 -0.002596760351876378 0.9999644746253334 0.008019122472936624 -1.0070280051881628 0.00512927892339214 -0.008005725059191266 0.9999547984166539 60.54784087002978
0.9999895581724498 0.0007743647882643935 -0.004503764573596978 -0.37964684183046044 -0.0007333081118366253 0.9999582286812626 0.009110606466966407 -1.0255002850656105 0.004510631766773709 -0.00910720887225151 0.9999483551459942 62.00266137193288
0.9999898721387561 -0.00176195264196502 -0.004141393204751469 -0.3901470083844134 0.001798078221079238 0.999960227802717 0.008735543604843852 -1.0401585689951893 0.004125837234184662 -0.008742901855723935 0.9999532684804628 63.40387144618407
0.9999902183838502 -0.002332532390681161 -0.003757981607298311 -0.40211667421084235 0.002362037732555366 0.9999662718637431 0.007866124009964101 -1.0629039474124473 0.003739507191104774 -0.007874923717381794 0.9999620001138315 64.81481568196531
0.9999931830268721 -0.0022055497153515083 -0.002961325418707925 -0.41254314786458646 0.0022289259324870647 0.9999662010426604 0.007913826881784403 -1.085709658460001 0.002943771245715904 -0.00792037366527381 0.9999643003124857 66.2685648575312
0.9999970390887514 -0.0005928285887751902 -0.0023601620393356466 -0.42712801449443694 0.0006113076890963531 0.9999691068128703 0.007836562993232973 -1.1067834646940027 0.002355443593277947 -0.007837982731013946 0.9999665083984375 67.62941855112868
0.9999965304012898 0.0020276910519300244 -0.001681561179518828 -0.4481371699314246 -0.0020121328404659813 0.9999556274319603 0.009202960892170091 -1.1230578735264456 0.001700147476778783 -0.009199545621371766 0.9999562379747932 69.10475310447028
0.9999879478560793 0.0048490965297229485 -0.0007683715193466097 -0.46455242120224427 -0.004841028137166823 0.999936502238047 0.01017624412153202 -1.1335729024162455 0.0008176683965498463 -0.01017240197270116 0.9999479254747392 70.45116203346309
0.9999540947007048 0.009580403930926356 0.00015598240742963217 -0.48665501078117057 -0.00958156193821621 0.9998886900285356 0.01143683702309862 -1.1651295155890744 -4.6395521934215755e-05 -0.01143780679950515 0.9999345850740058 71.91524873212202
0.9999163762641448 0.01292304829574286 0.0004850467986208093 -0.4916185499326571 -0.012927532433439026 0.9998581902301764 0.0107925141981578 -1.1630194546438652 -0.00034550585329569655 -0.010797882368462833 0.9999416414797885 73.28593311350072
0.9998567388568763 0.01687691025220405 0.001292910958527491 -0.507825034841705 -0.01688958880988322 0.9998020370326631 0.010518012039529673 -1.1880750326187057 -0.0011151435515519505 -0.010538342171288797 0.9999438483240602 74.66806793835144
0.9998343467140901 0.01806615459413407 0.0022120446220924486 -0.5258780630530873 -0.018088464957671656 0.9997810562310936 0.01051889175032489 -1.1974320069600355 -0.0020215245475688464 -0.010557161973248992 0.9999422282164167 76.12197221330504
0.99982620329907 0.01847716162440948 0.0024814604481668777 -0.5308852949440225 -0.018503322050274863 0.9997686302509913 0.01096873225534013 -1.2125011371639096 -0.002278215459319979 -0.01101274141704892 0.9999367626313124 77.49287395676589
0.9998392639913507 0.01774583986484307 0.0025556413670830332 -0.5312973024658064 -0.01777332046543181 0.9997797097956628 0.011164273628579887 -1.2382049227643475 -0.0023569591634931154 -0.011207901593391578 0.999934411692178 78.90749243548055
0.999856410643991 0.01680721298017733 0.0021623235673589643 -0.5354891276887005 -0.016828147566792157 0.9998078129228435 0.010057370930409842 -1.2454629159519226 -0.0019928717827328536 -0.010092314909244634 0.9999470854212499 80.26772828461478
0.999858127101052 0.016722565374419858 0.0020202560940049104 -0.5439150110203769 -0.016742730358464363 0.9998055927819423 0.010414300921773794 -1.2758768456520104 -0.001845709662186272 -0.010446648234958281 0.999943728865525 81.65985123954913
0.9998704684527684 0.016015345145523094 0.0015984353153017977 -0.5553863595669083 -0.016031816915718707 0.9998122134064644 0.010886634388775346 -1.2843983702935164 -0.0014237820558418834 -0.010910850274665563 0.9999394612638943 83.061896424774
0.9998697261464816 0.016085303598893742 0.001339291919672769 -0.5695913907494238 -0.016097903292896697 0.9998204353861395 0.009997726404668762 -1.29200264182955 -0.0011782350581632617 -0.010017983962943075 0.9999491245863918 84.42235519514405
0.9998724476059369 0.01596355200394993 0.0005034721327420268 -0.5764150869191893 -0.015967908003867777 0.9998190048604546 0.010343281518776908 -1.3017657613126765 -0.0003382655155023421 -0.010350001821104649 0.9999463800833222 85.82012518186616
0.9998730341895693 0.015922920881651193 -0.0006132273899727449 -0.5858863660873965 -0.015915206771356494 0.9998126943945828 0.011012827022775905 -1.3221907707560867 0.0007884689769724394 -0.011001669359238167 0.9999391689463555 87.18271867230831
0.9998923817734562 0.014570787709979938 -0.0017079158611377982 -0.5944079704948624 -0.014548605713975569 0.9998178755551917 0.012351268134111216 -1.3376800859330182 0.001887572682425808 -0.012325091373704182 0.9999222615783121 88.57516360390723
0.999921787124076 0.012175614050884982 -0.002859024762779259 -0.5953671700355788 -0.012137170672345234 0.999840533226483 0.013099512561653771 -1.3582547269015361 0.003018063717382908 -0.013063787808865501 0.999910110334957 89.95256613356484
0.999933308069822 0.010914960629289174 -0.003773991857991398 -0.6106125988517279 -0.010863390420906855 0.9998508608589904 0.013425453729163941 -1.3706083798921271 0.00391996764837416 -0.013383560288077398 0.9999027523616358 91.31689321303918
0.9999372892165684 0.01041611891427722 -0.004113644282122408 -0.6269742623772435 -0.010361965890236021 0.9998621517496393 0.012973325711411795 -1.385634806187602 0.004248209295585936 -0.012929886968534667 0.9999073810878297 92.69291059522416
0.9999529343605096 0.008561991687066334 -0.004563040075647052 -0.6384383507249627 -0.00850187000251222 0.9998788787271838 0.013036337482919578 -1.4075616420843122 0.004674104812548118 -0.012996929812344892 0.99990461173746 94.043594132638
0.999955945879012 0.008142129737724595 -0.004670331680784005 -0.658507566516463 -0.008083357411345563 0.9998895971730637 0.012468071644593686 -1.4113170025534831 0.00477133313262381 -0.012429770669555541 0.9999113636694453 95.42121773994681
0.9999594905797363 0.007743582114830409 -0.004588475809808161 -0.666009475642871 -0.0076882323949349326 0.9998989177006935 0.011960162013478385 -1.4213552780062106 0.004680626897483971 -0.011924400490648709 0.9999179468427933 96.77836300374939
0.9999503518874698 0.008959085184489542 -0.004362169726045834 -0.6847575517107737 -0.008909200195673225 0.9998961895859254 0.011324143183934562 -1.4371286470253428 0.004463171236563153 -0.011284717751133207 0.9999263649191492 98.0961924222385
0.9999347676591183 0.010705706399239654 -0.003980985395612554 -0.7067893362957769 -0.010659676717086931 0.9998780911830459 0.011409385822729497 -1.4434285332948795 0.004102645968436279 -0.011366205780013393 0.9999269861715331 99.45164620418137
0.999933752181335 0.010808002019641313 -0.003959584367071629 -0.7124162872741493 -0.010756852341497435 0.9998612445992939 0.012719343376912029 -1.4555378695614063 0.004096505998021223 -0.012675908345237113 0.9999112660625867 100.78186870761061
0.9999306862202364 0.011159947313721656 -0.0037521057982758156 -0.7382986770983544 -0.01110518654790121 0.9998359079819319 0.014311951702348084 -1.46434332672074 0.003911211075977666 -0.014269292145015393 0.9998905388805875 102.12699337875215
0.9999366286597944 0.01066269344266266 -0.0036118695553791517 -0.74888631952702 -0.010612833338138542 0.9998518245846102 0.01355347417674041 -1.484889806842721 0.003755851232990287 -0.01351428338287158 0.9999016240303911 103.4750226027834
0.9999383933597012 0.010517381873766976 -0.003548821348570077 -0.7621994898969608 -0.010476705942563985 0.999881354770219 0.011292255549955945 -1.4961251770543778 0.003667165580029864 -0.01125438014717765 0.9999299429634789 104.79663444083981
0.9999506277573093 0.009262222534612967 -0.003599062968182799 -0.7730188001073652 -0.009224994438868648 0.9999051550233914 0.010226458438277295 -1.5093418263968739 0.0036934416687256096 -0.010192752410217281 0.9999412314217458 106.12307556811463
0.999960412572669 0.00826239724188466 -0.0033024317510431792 -0.7845435582654898 -0.008224894783642456 0.9999033068986269 0.011212848550767481 -1.5245168827790463 0.003394757733023373 -0.011185242738804854 0.9999316806537425 107.47948434232444
0.9999807301632166 0.005526247076283996 -0.0028284058256555743 -0.7948549486010277 -0.005489604471790155 0.9999029670859709 0.01280315044171592 -1.51674810198886 0.0028988850048549527 -0.012787377156453025 0.9999140360357717 108.80521880822722
0.9999910026522852 0.0037451573234541877 -0.0019920845139475086 -0.8113129251642766 -0.0037165411191704403 0.999892553746803 0.014179854893126743 -1.5474008313077487 0.0020449764433559774 -0.014172323931895632 0.9998974764020161 110.15306920295603
0.9999924979082122 0.003621206395958786 -0.001375130002679607 -0.8192236437392838 -0.0036029958488747547 0.9999087159727984 0.013022217325551358 -1.5523251519618781 0.0014221607424173624 -0.013017165304483819 0.9999142617613447 111.46349245664045
0.9999912357560239 0.004150207504863601 -0.0005515252182965568 -0.8321385797207457 -0.004143879004776129 0.9999306984440977 0.011019372931219537 -1.5744099263184552 0.0005972197400940199 -0.011016991121778683 0.9999391327676103 112.80084166683966
0.999970279441016 0.007697339567991134 0.0004372442312455744 -0.8360608059090296 -0.0077009711099565 0.9999296740944544 0.009018975705088429 -1.5894982212532753 -0.00036779138735973686 -0.009022075044699351 0.9999592326158347 114.15247432151504
0.9999422602394619 0.010570947273015592 0.0019316415668288846 -0.8514565255404414 -0.010586948188054748 0.9999080855008011 0.00846977567484656 -1.5931288489021664 -0.0018419306183376954 -0.008489736995140681 0.9999622651167189 115.45414168604158
0.9999310720620765 0.011213246503176991 0.0034805467313747092 -0.8661123175525522 -0.011250344026526488 0.9998780812963759 0.010828311267782609 -1.6066636359744269 -0.003358702139921633 -0.010866722462778741 0.9999353146391013 116.82586004612126
0.9999184536554784 0.012009960458483498 0.004341297637639019 -0.8733125237519842 -0.012063862801517737 0.999847704967213 0.012610714099286126 -1.6038476720204118 -0.004189182646423548 -0.012662058816085175 0.9999110575521934 118.12043211533162
0.9999206249109447 0.011434509972561357 0.00529110933923188 -0.8714852240251134 -0.011505604849920085 0.9998412219197765 0.01360705804274974 -1.6224752342065833 -0.005134679609759843 -0.013666855668528804 0.9998934203810025 119.48473394521811
0.9999119510229905 0.01171818092286296 0.0062269105931888145 -0.8726140325803032 -0.01179854908005562 0.9998454895397674 0.013030399436159369 -1.6365241407781475 -0.006073256395663012 -0.013102720895352303 0.9998957116923413 120.80481233959472
0.9998792420481788 0.013501717751108835 0.007694472815470116 -0.8709363176314598 -0.013601195220139136 0.999822648872776 0.013026063041196011 -1.6465407693066827 -0.007517234590949118 -0.013129144330376692 0.9998855518265742 122.1156802936108
0.999847540438694 0.015093866639186175 0.008779011115045044 -0.8753446712211697 -0.015202568202333051 0.9998069233670082 0.0124498169519871 -1.648127271553326 -0.008589400933016487 -0.012581382626127608 0.9998839587674933 123.48035212405648
0.999822275051173 0.015996972994308294 0.009975727078469193 -0.8781471003899967 -0.01611411438753941 0.9998008243036125 0.011774849372914306 -1.6627139643379583 -0.009785379026926427 -0.011933506935148256 0.9998809117924329 124.81012052537558
0.9997948665453198 0.01696613503452801 0.011062325791869942 -0.8686349053268736 -0.017089616042548647 0.999791623490683 0.011164885304276345 -1.6696584942298056 -0.010870596621826134 -0.011351646140989248 0.9998764774991913 126.13365585638489
0.9997964064439426 0.016303284752369907 0.011889008812346821 -0.867096075127958 -0.016433945715436705 0.9998047034306774 0.010976359424938928 -1.6861536506679082 -0.01170773719782685 -0.01116950825742937 0.9998690769157768 127.48018626835203
0.999788500213731 0.016002983420195842 0.012917403959150378 -0.8642812423702237 -0.01615609956989618 0.9997994083947978 0.011837375496661568 -1.6918939499760046 -0.012725380579186554 -0.012043566998096687 0.999846496809143 128.80126997651976
0.999778984661563 0.015824646474057506 0.013840605335730121 -0.857067984180145 -0.01600191167304947 0.9997901301517217 0.012791970582164414 -1.7092965929426531 -0.013635273340569092 -0.013010619761997138 0.9998223857735824 130.17377257201923
0.9998027689431833 0.013913899038151201 0.014171330093234817 -0.8415001700223474 -0.014103697889602565 0.9998109808381844 0.013382388853972603 -1.711615394030734 -0.013982451404421253 -0.013579617856528434 0.9998100244705838 131.5026240318531
0.9998155117338322 0.013025903189531373 0.01411624295159009 -0.8288441640668566 -0.013215705875001748 0.9998223828271846 0.013436812984218786 -1.7288214109890003 -0.013938710207063585 -0.013620890431888633 0.9998100738149587 132.84195239463804
0.9998503367572379 0.01020746024839839 0.013968243383869117 -0.8194720408898849 -0.010407597069806136 0.9998431390929862 0.014331055427232986 -1.7222900816637199 -0.013819769790796101 -0.014474286725766651 0.9997997344405785 134.17054017548648
0.9998654190514166 0.00955026764088691 0.013339271233469438 -0.8014485778080749 -0.009742026178436655 0.9998490678978375 0.014385213433615646 -1.7455985805441765 -0.013199876375246139 -0.014513229270121665 0.9998075462008413 135.5032319406773
0.9998779171711684 0.009688713640004239 0.012258856620900462 -0.7975030995301382 -0.009860292769610084 0.9998531785944832 0.014014132059307129 -1.75616106796254 -0.012121278859455081 -0.014133297365838633 0.999826647226311 136.85163726325248
0.9999057735091555 0.007925525903800702 0.011208484811502979 -0.7866536123573132 -0.008097183103032717 0.9998493438570079 0.015353345727270987 -1.7690441739022786 -0.011085113769968659 -0.015442656490620849 0.999819305981406 138.18064880644846
0.9999265685801462 0.006653074872279658 0.010128871378975057 -0.7694459300667398 -0.0068113629367005995 0.9998539561466327 0.015673918458346498 -1.7766109638802143 -0.01002311320128399 -0.01574175922656028 0.9998258519452803 139.52767632771432
0.9999462839118061 0.005404472445241825 0.008844261687423553 -0.7734552874605246 -0.00554451997836391 0.9998584103511761 0.01588765407438112 -1.7849763567883643 -0.008757145770393802 -0.01593583814847271 0.999834667062743 140.88853144458795
0.9999625478354207 0.004157959958587973 0.007590408048231026 -0.7718238517512898 -0.004276556758565317 0.9998679823495716 0.015675743541162843 -1.7802888818577283 -0.007524227489881255 -0.015707617568125106 0.9998483168716499 142.2074188273444
0.9999702949600414 0.0040642733597809405 0.006549112787188643 -0.7657938358928573 -0.004164004909648888 0.9998744729995314 0.01528722696085031 -1.783334907546651 -0.006486159763457932 -0.015314043690628894 0.9998616953346691 143.5595875062668
0.9999807402427399 0.002274528863132963 0.005774570461809139 -0.7551991836061263 -0.002349430840355756 0.9999127687473729 0.012997502442316851 -1.7942951627447936 -0.005744504019431163 -0.01301081932101174 0.9998988545113615 144.90870408011705
0.9999890698951832 -0.0006415003003175813 0.004631260500937654 -0.7693584856575776 0.0005849309815302139 0.9999253363575512 0.012205718351700888 -1.8205917862161645 -0.004638745068246165 -0.01220287621041678 0.9999147822967676 146.21555841654268
0.9999437582793903 -0.010001789536618887 0.0035276760484521637 -0.7618819302399054 0.00994678952546179 0.9998337997547254 0.015278554576825915 -1.816555318443162 -0.003679902933085691 -0.015242606523236968 0.9998770530734455 147.59156901857273
0.9998501509994158 -0.017201425027665945 0.0019459020901790554 -0.7497578130958227 0.017166359161239313 0.9997116052477132 0.016793523453014728 -1.8242720656011957 -0.002234213610862855 -0.016757603221444452 0.9998570853019706 148.91380905488063
0.9998193721364966 -0.018976506763543274 0.0010560779820499135 -0.7225751075893408 0.018960206508765304 0.9997256900638773 0.013749733914168515 -1.8413462039530706 -0.0013167103067411867 -0.013727227127449221 0.9999049102354827 150.22252104037
0.9998302429659313 -0.018390590481250794 0.001127582400275736 -0.7459701952748428 0.018377354517503768 0.9997727869923713 0.01080033420652115 -1.8556685257360208 -0.0013259508242969707 -0.010777778989579951 0.9999410389299479 151.61393432924078
0.9998874342647578 -0.01483379393755649 0.0022533019691000087 -0.752249174419261 0.014814451225857264 0.9998552143755598 0.008371517704191537 -1.8647826303207835 -0.0023771572849823927 -0.008337194077066517 0.999962419452584 152.93100698946247
0.9998775001242742 -0.015346745393488282 0.003076063180096693 -0.7569545014324324 0.015319929423257174 0.9998460034124105 0.00855974360454015 -1.8734108591770662 -0.0032069539455863404 -0.008511570119599876 0.9999586334538954 154.30214417403724
0.9998252683421893 -0.01837429406439911 0.0034377484490237 -0.7626377740846567 0.018333408711860052 0.9997649926447445 0.011569165705906426 -1.879004880296226 -0.003649516103348352 -0.011504118768753993 0.9999271654891659 155.62921426499324
0.9996222001084522 -0.027232502572682594 0.003721270583385018 -0.7602990573206957 0.027175634917934503 0.9995245999724246 0.014562242783269824 -1.8743436731272853 -0.00411606813934572 -0.014455613539460805 0.9998870402307324 156.9685137439563
0.9995711182621627 -0.029040736076296064 0.0037703025681755575 -0.7436938418613263 0.028977827058693284 0.9994553759369483 0.01578724328761952 -1.8928337902620174 -0.004226722678614752 -0.01567121753473129 0.999868265202104 158.31980900863033
0.9995295250669828 -0.03045847054322258 0.003606949598851303 -0.7363879194747576 0.030396768698872333 0.999408596883497 0.016077715383079633 -1.9049692142581387 -0.004094519388737842 -0.015960511896302005 0.9998642392711129 159.64777551184218
0.9995508073978834 -0.029594922529795856 0.004724826710985964 -0.7426494240183756 0.029514569528989138 0.9994321534076867 0.016256104150831337 -1.8987918397445838 -0.005203242301598042 -0.01610935109327918 0.9998566972713541 161.01146148863447
0.9996111454413746 -0.027237013355452103 0.0059752000174519955 -0.7462745968608433 0.027138470419152058 0.999503691565175 0.015996061013117662 -1.8977497832453516 -0.006407919929354248 -0.01582768336886435 0.9998542008722691 162.35485630800463
0.9996813379605298 -0.02427487522307906 0.006924808606030329 -0.7532787057848171 0.024172956229977137 0.9996034901135227 0.014440593235050174 -1.9051276457940527 -0.007272607051088229 -0.01426859872756771 0.9998717499140268 163.70507597174236
0.9997047998580969 -0.02307501562272298 0.007606366051714721 -0.7551569744627953 0.022967084364485045 0.9996384121208988 0.013984206797906499 -1.9032537981130975 -0.007926302129201222 -0.013805382855256601 0.9998732845402929 165.0558866937627
0.9997546661902047 -0.020680149634730388 0.007933401211486679 -0.7564651637215384 0.02055452094729939 0.9996669719588813 0.015603103239693971 -1.9213779928448593 -0.008253434359646176 -0.01543620829125141 0.9998467904106881 166.3909243299806
0.9997734593709687 -0.01984827177723559 0.007686095135101199 -0.7497686119003424 0.01973049826905121 0.9996911925132315 0.015107184932011774 -1.9093650753263536 -0.00798357378481163 -0.01495211232709436 0.9998563381236204 167.7291208192409
0.9998357234855091 -0.0165913144569126 0.007297557307043261 -0.7457016705202214 0.016495853513160533 0.999780034215115 0.012952605442845678 -1.9295926755245276 -0.007510853467192584 -0.012830098431698323 0.9998894817191126 169.11815818811715
0.9998801381613093 -0.013958177523665837 0.006699149744948748 -0.7511412813440288 0.013887147408389814 0.9998480699280106 0.010534903160546387 -1.9370857271803408 -0.006845180560161809 -0.010440608537192734 0.9999220655598082 170.5272072085076
0.9999416482368801 -0.008676747557775259 0.006435385670909711 -0.755820594109027 0.008620271414685379 0.9999245404873224 0.008752384827243487 -1.9401470921949096 -0.006510842836077602 -0.008696399498478486 0.99994098903761 171.86886533113466
0.9999601223060379 -0.005830965651449473 0.006764144517047192 -0.7577975425468481 0.005764243925278707 0.9999349521890933 0.009841995335601568 -1.948110751104917 -0.006821093429092283 -0.009802612863771891 0.9999286881883487 173.23302421534945
0.9999706495595645 -0.0011021726351551422 0.007581902358406642 -0.7702049151638698 0.0010084734818547828 0.99992321474623 0.01235101560883999 -1.972795932410855 -0.0075949337633089455 -0.012343007189871396 0.9998949780613992 174.59161447914775
0.9999707114157931 0.000199466452613168 0.007650916949450817 -0.7701715778681876 -0.00031111872018574696 0.9998934403100213 0.014594904058187405 -1.9801467034365627 -0.007647191110847249 -0.014596857219226765 0.9998642168948036 176.01843761253207
0.9999743447116394 -0.0024095707631975483 0.0067456576621752196 -0.7701912487127419 0.00230210833489833 0.9998710429673646 0.015893323192352385 -1.9795764590886304 -0.0067830844093180725 -0.015877386515405722 0.9998509380721595 177.42017236034465
0.9999757239603593 -0.004506345319729573 0.005314541709929113 -0.7676594901985907 0.004421815615635866 0.9998652156427462 0.015811327631211496 -1.9819396680892685 -0.005385077137134703 -0.015787444174604204 0.9998608690971829 178.82389581276888
0.9999694887138177 -0.007189766300038432 0.003054327130414568 -0.7636976678767216 0.00715229434442243 0.9999011236917804 0.01210733301800759 -1.9818613851046343 -0.0031410742799049727 -0.01208511839117794 0.9999220387441778 180.16257210161356
0.9999918946860185 -0.003760114025497179 0.0014394832458815223 -0.7787090806080281 0.0037478846326994466 0.9999576427034628 0.008406316199410641 -2.017989961683268 -0.0014710310979532079 -0.008400853207944314 0.9999636302052808 181.5766825355953
0.9999994535856738 -0.0005188630225902192 0.0009075305310949809 -0.808284956441587 0.0005117631640248737 0.9999694007549962 0.007806128944127472 -2.021778703394629 -0.0009115531436749359 -0.0078056603907582746 0.9999691198920337 182.97173546801986
0.9999962598690538 0.0026536386485778996 0.0006621525716839838 -0.8260620516899095 -0.002659341474865319 0.9999580468119245 0.008765416193942839 -2.022884734586728 -0.0006388645921507352 -0.00876714447424411 0.9999613637693945 184.3005624323286
0.9999848234623662 0.0054114190534121035 0.0010341080971440226 -0.8218529206120428 -0.0054230636187049385 0.9999178930880602 0.011610231252274426 -2.034858048501658 -0.0009711954361366997 -0.011615663315456284 0.9999320642663528 185.74619438796014
0.9999745131250491 0.00699185424083889 0.0014446667723613674 -0.8303928576221205 -0.007011542633069117 0.999875939503435 0.01410474674163588 -2.050151896928265 -0.0013458693157448235 -0.014114516880835608 0.9998994794742619 187.11638986572112
0.9999884061552873 0.004556735752590774 0.0015568261641903268 -0.8396173138980003 -0.004579030015801549 0.9998824910866659 0.014629986498646205 -2.0428796110909384 -0.0014899783550887803 -0.014636945925355246 0.9998917640337629 188.56301651799512
0.9999891811610568 0.004426004960524551 0.001431095549981276 -0.8363975054837581 -0.004447600591698077 0.9998706491964221 0.015456510800286927 -2.0568277082207453 -0.0013624999460911562 -0.015462708827245358 0.9998795168591355 189.97820592938606
0.9999981110070623 0.0011420553208680729 0.0015727975734194273 -0.8432197067980418 -0.0011671905016099535 0.9998701227290921 0.01607405781805937 -2.0609573065566464 -0.0015542359579447484 -0.016075863525125012 0.9998695669773922 191.33036389187058
0.9999981763343678 -0.0001646438473132516 0.0019026884179329164 -0.8536514931464703 0.00013358579153816517 0.999866943611276 0.01631187360854262 -2.0675274386966604 -0.0019051210505282223 -0.01631159000881969 0.9998651421816612 192.79079928920888
0.9999930733013469 -0.0029087471212739455 0.0023221857802488872 -0.8493068520708068 0.0028683321947294473 0.9998475837183027 0.017221555994211567 -2.0722567963736527 -0.002371925179103602 -0.017214776240586847 0.9998490013271378 194.16247305362822
0.9999661806224073 -0.00781293047439266 0.002568217470289228 -0.8507199534123071 0.007763636846912161 0.9997954833615721 0.018673975870422438 -2.0665020297645036 -0.0027135909159682796 -0.018653405979861534 0.9998223276539956 195.60722430035094
0.9999297294477217 -0.011518157854777656 0.002805034762820348 -0.8427261880988118 0.011461372381516233 0.9997445040421226 0.019482391044108056 -2.077763274776464 -0.003028719582656241 -0.019448872829820846 0.9998062653381722 197.01879552450262
0.9999492685866738 -0.009604835804425204 0.003034369073032138 -0.852053398264238 0.009554715742424464 0.9998243863847611 0.016121531587320825 -2.0861636525351233 -0.003188681116114638 -0.016091721492504065 0.9998654353538371 198.43707362989065
0.9999892495302428 -0.003259202474448209 0.003298246794964241 -0.8697117122329077 0.0032226250782294227 0.9999339171130376 0.011035220259420388 -2.0957927773462948 -0.003333995127072745 -0.01102447282486288 0.9999336705377443 199.86560412096168
0.9999658001144328 0.006755153694812913 0.004771424471626463 -0.8831432288064598 -0.006802646723941693 0.9999267747248451 0.010008456252405998 -2.0891006677799258 -0.00470346681231433 -0.010040572478638913 0.9999385302618261 201.31966732244618
0.999894800249416 0.013126543324117198 0.00617108323013791 -0.9052418740387945 -0.01320858658423948 0.9998223346100849 0.013447396864517002 -2.0868643170718393 -0.005993469501074592 -0.013527493760683643 0.9998905366264127 202.7601116979475
0.9998674380422027 0.014636632128698281 0.007132693163042917 -0.9015150173764421 -0.014748183416947346 0.9997656692413255 0.01584606332780709 -2.0916600881891325 -0.006899089325085449 -0.01594915732960359 0.9998490020735176 204.175973237287
0.999873441717013 0.014416459998006132 0.006728016025228767 -0.9022459971962745 -0.014526134582723064 0.9997575600661518 0.01654728176977266 -2.106080676948745 -0.006487832195496078 -0.01664291997425007 0.9998404478962076 205.65483067808046
0.9999293730481943 0.01063176284550555 0.005311733742983508 -0.8910584010839449 -0.01071903333812223 0.9998034108273426 0.01668058869417757 -2.1053684281931795 -0.005133345871498603 -0.01673634757995051 0.9998467599746754 207.08119032113328
0.9999561025647429 0.008416073157349354 0.004118572898597858 -0.8887668379226494 -0.008482480557486965 0.9998298397510713 0.016381058503339516 -2.1085351710559284 -0.00398000821808249 -0.01641527545816673 0.9998573389583554 208.52370323165988
0.9999535134158627 0.008934331195966129 0.0036261161146867596 -0.8954620285530248 -0.008991228448181366 0.9998317222252717 0.015990154955131217 -2.1118535232574933 -0.0034826448616402245 -0.0160220151856106 0.999865574073328 210.0078846766031
0.9999422070065664 0.010146707065859227 0.003553443926858875 -0.9039261004831374 -0.01020232029139696 0.9998199643593558 0.015998485710178267 -2.12072853123303 -0.003390472506528748 -0.016033814803910883 0.9998657017229569 211.47426781922906
0.99993173877347 0.011180571105633136 0.0033930224194293063 -0.9077158468208946 -0.011235318741980874 0.9997995895608164 0.01656950045464779 -2.1120659429397715 -0.0032070862026251294 -0.016606491421866404 0.9998569592918255 212.91129073758083
0.9999382489223773 0.010725030788613038 0.0029106761176409058 -0.9185235521990702 -0.010772259605698829 0.9998020699236014 0.016726608038319962 -2.124857335665145 -0.0027307068390158462 -0.016756930047281356 0.999855863882251 214.3529031516517
0.99993152048914 0.011375564025324528 0.0027478813747951218 -0.925040013274316 -0.011418542062027663 0.9998041108357434 0.016166535576224352 -2.133398526908706 -0.0025634398383669226 -0.0161968056246956 0.9998655370936995 215.82042485062442
0.9999420615510176 0.010489022245193894 0.0024194901215088744 -0.9343314057032291 -0.010525899343984098 0.99982026307388 0.015768544856777728 -2.1329446974663147 -0.0022536588103791878 -0.01579309887870486 0.9998727414295001 217.3025873876017
0.9999442021438423 0.010405679114878068 0.0018205547580853467 -0.932780668971632 -0.010433178716546306 0.9998205725963173 0.01581048423534605 -2.1393487010955967 -0.0016557094028671053 -0.015828596535973776 0.9998733490611721 218.77668212655848
0.9999162539728249 0.0128340514564219 0.001664972948823579 -0.940762459556976 -0.012858338753973613 0.9997971279876887 0.015503742017876573 -2.1502100605939933 -0.0014656594617113617 -0.015523852741876301 0.9998784235311501 220.26387395407022
0.9999396035176239 0.01088081997199012 0.0015482411119598816 -0.9475647154633644 -0.010903521994538439 0.9998204257952643 0.01549933511638361 -2.1484656582414834 -0.0013793177174274743 -0.015515280605092751 0.9998786794182754 221.75088474607634
0.9999139924588343 0.013066360065994702 0.0011304375056204114 -0.9544897598510647 -0.013082149821443817 0.9997971033283541 0.015316969597751336 -2.159577386108428 -0.0009300711707602685 -0.015330441087080201 0.9998820493183294 223.22480757111774
