1.0 -3.469446951953614e-18 0.0 -1.7787691892340307e-19 0.0 0.9999999999999999 -3.5575383784680614e-19 0.0 2.168404344971009e-19 -2.371692252312041e-19 1.0 0.0
0.9999999398638733 -7.08535559765227e-05 -0.00033948727388392647 0.05569069961672338 7.123806521749064e-05 0.9999993559314045 0.0011327230995349811 -0.026761272848715878 0.0003394068273799933 -0.0011327472383819146 0.9999993008434594 1.3159701006825606
0.9999991075624272 -0.0005587901877283866 0.0012135198795759842 0.11108300046058615 0.0005566348298350308 0.9999982684086526 0.0017757635472657302 -0.04833477912174309 -0.0012145101586562628 -0.0017750865086460634 0.9999976870130872 2.5650198957187875
0.9999986582757027 -0.001541658141415641 -0.0005538397332612128 0.040696608062747934 0.0015424572752333957 0.9999977661130509 0.0014451961364684968 -0.0788738538904293 0.0005516105455526635 -0.0014460484993093037 0.9999988023346088 3.9282058067871635
0.9999977867195701 -0.0020986962757881793 0.0001484360419245676 0.034688925846372766 0.0020984774253395063 0.9999967318329677 0.001460380948365015 -0.09778738593694664 -0.00015150046434062275 -0.001460066253496781 0.9999989226264963 5.238455744962924
0.9999970358189594 -0.0024271126937471556 -0.00019359890274216543 0.028046087839377794 0.002427479646862433 0.9999952153963299 0.0019174261702276096 -0.11526892586360146 0.00018894418474385316 -0.0019178904801219843 0.9999981429966887 6.565252345052129
0.9999936905210324 -0.003551746030002856 -6.342813922124622e-05 0.025392784054487805 0.003551926974711364 0.9999888188253042 0.003121863798899152 -0.1460699752195439 5.233936987087849e-05 -0.003122069452542386 0.9999951249599263 7.898239346424125
0.9999931785957727 -0.0036814139577758427 0.0002999312574803795 0.015755086677937638 0.0036802772059969027 0.9999863564502091 0.0037070833898676754 -0.16265467842589026 -0.0003135744971227662 -0.0037059543421527914 0.999993083762956 9.207890124708385
0.9999959208608645 -0.00282078598910376 -0.0004488111022420266 0.004605671368930787 0.0028220584051390236 0.999991928881622 0.0028597470794951025 -0.1900537080408663 0.0004407407851050708 -0.0028610020399208185 0.9999958101992873 10.551508699945494
0.9999999965461506 9.722204167023768e-06 -8.254110788115734e-05 -0.00836711746751066 -9.680152617914592e-06 0.9999998701835588 0.0005094498029486426 -0.20867501035286296 8.254605753057706e-05 -0.0005094490122942187 0.9999998668240176 11.869242428169457
0.9999954229112429 0.0029971271390950025 -0.00041397991327317266 -0.018281686685507198 -0.0029972633951690832 0.9999954542624725 -0.0003284387841372028 -0.2372064484578654 0.00041299369306963636 0.00032967809155094605 0.999999860374575 13.220417848649591
0.9999836866838383 0.005705828709752838 -0.00026433525610356943 -0.03349363975184236 -0.005705918696217583 0.9999836634808119 -0.0003395213815440828 -0.2591946514671089 0.0002623937084630895 0.00034102412044269796 0.999999907426223 14.558117511695084
0.9999798225732036 0.006337360477000089 0.00043851611943139675 -0.04352179800817106 -0.0063376326993992765 0.9999797240265106 0.0006212571532095897 -0.28319269172848865 -0.0004345701341910745 -0.0006240237887355241 0.999999710871234 15.89433615114149
0.9999897436086524 0.004517881130048772 0.0003184641265241762 -0.04777029844341585 -0.004518867341008233 0.9999847771242959 0.003166285782535124 -0.30575499936734957 -0.0003041543992221157 -0.0031676924706557797 0.9999949365945203 17.253841470161277
0.9999996469342107 -4.596587374436356e-06 0.0008403044447224039 -0.0495994325586869 -5.24995022906094e-08 0.9999846953653128 0.005532543157456282 -0.3315460159366219 -0.000840317081511021 -0.0055325413565770545 0.9999843423041466 18.601471027602713
0.9999978235862764 -0.0020674589322483387 0.0002800710334544235 -0.05243461055623194 0.0020663940166148233 0.9999908293823405 0.0037511549058807576 -0.35860275769293637 -0.0002878238448820443 -0.0037505680768132993 0.9999929251734154 19.95475701326151
0.9999957568873369 -0.0028255861539481977 0.000708713858480632 -0.059775745929146085 0.0028243056762050738 0.9999943888202729 0.0018015607225042945 -0.37451493922689316 -0.0007138004054577012 -0.0017995514864304334 0.999998126049586 21.297667025836926
0.9999992502959335 -0.0008349691705098732 0.0008956766563374091 -0.06642809844751604 0.000834379122150123 0.9999994347603113 0.0006590061673859659 -0.41385622626176494 -0.0008962264750445698 -0.0006582583510295661 0.9999993817362292 22.66241959091689
0.999997570305184 0.0015183790561072111 0.0015980952352360699 -0.07951179188953636 -0.0015215125369786213 0.9999969191221157 0.0019613128657575206 -0.41663584823937805 -0.0015951124286271202 -0.0019637396608705284 0.9999967996653756 24.02666886528433
0.999995083588439 0.0017756962142117328 0.002584511985613961 -0.07931633021810874 -0.0017920885851352032 0.9999782069278846 0.0063540608471066495 -0.43321280006040214 -0.0025731729917814793 -0.00635866140694824 0.9999764728252933 25.407307302780808
0.9999962209179794 -0.00018028800129252232 0.0027432917912729882 -0.0781796424437552 0.00015927851985399373 0.9999706736600311 0.0076567909603684 -0.4473091222604594 -0.002744591993825215 -0.007656325225802845 0.9999669234016763 26.777316691738196
0.9999893853006763 -0.0036275630820747275 0.002840788760447333 -0.08519346925420998 0.003606836961709792 0.999967087005116 0.007267436041979031 -0.4845478973351904 -0.00286705858042415 -0.007257112776353705 0.9999695566803705 28.14172173417862
0.9999889098469699 -0.0039286803428190634 0.0025972413508702154 -0.09206916355292227 0.003916900758075872 0.9999820902678502 0.004525154762396762 -0.4876695394737556 -0.00261497293858607 -0.004514931524973915 0.9999863885610752 29.514552692710964
0.9999860111659172 -0.0040781411472616165 0.003368419068527898 -0.09527704116613428 0.0040680596056467365 0.9999872418866277 0.002994486418219054 -0.5250924358131408 -0.003380588315116141 -0.002980741652174043 0.9999898433475201 30.893047280839824
0.9999922258757287 -0.0011953900445543317 0.0037575573396833985 -0.10783525021060127 0.0011894416490986059 0.9999980366485857 0.0015849054963133517 -0.5327619983527038 -0.0037594448588669878 -0.0015804238070370306 0.9999916843807423 32.276760917857445
0.999991470751292 0.00017905204177545188 0.0041263021726066825 -0.11075976400017841 -0.00017937751151250562 0.9999999808305536 7.850403547211082e-05 -0.5664867595907059 -0.004126288385852009 -7.924353004773819e-05 0.9999914836936117 33.66067483202225
0.9999901398344531 0.0006028848171414471 0.004399632696468191 -0.1196924928940412 -0.0006042419998232755 0.999999770277314 0.0003071447344604192 -0.5828754929341122 -0.004399446884452845 -0.00030980015180841387 0.999990274395665 35.055936533723575
0.9999918057534343 0.00026174647706518357 0.004039791967821149 -0.11759360749834141 -0.0002701099187744421 0.9999978213688085 0.0020698546681942953 -0.6138456604151047 -0.00403924172911989 -0.0020709289329052085 0.9999896978345092 36.44536581889163
0.9999912947938228 0.0016601479037947516 0.003828086630852862 -0.12480543213456607 -0.0016738922543102662 0.9999921550888854 0.0035899648417543374 -0.6319946603259629 -0.003822097047435042 -0.003596341463973339 0.9999862288543454 37.84695590537497
0.9999871757772655 0.0035113352877105966 0.0036494935885588477 -0.13254306824997736 -0.0035253177132209086 0.999986444150246 0.003831925949542015 -0.6483061228613871 -0.0036359892441461673 -0.0038447425079700687 0.9999859986687822 39.23622713779811
0.999973117744201 0.0061333887930070064 0.004018124341254506 -0.14164093388883853 -0.006150157696142285 0.9999723752697326 0.004174238761154235 -0.6738891332679856 -0.00399241144679805 -0.004198838730746715 0.9999832150592699 40.631822833257495
0.9999568915484802 0.008385850152572866 0.003986545932526599 -0.14887243365308606 -0.00840391724683216 0.9999543941472778 0.004536939236423027 -0.6922706304062787 -0.00394831836060607 -0.004570246351402564 0.9999817616470223 42.05289090530426
0.9999482207666796 0.009482969792562272 0.003691754691357017 -0.15498467160293738 -0.009500723746643298 0.9999432433168237 0.004821453458434606 -0.7126310810502074 -0.003645823766868783 -0.004856278248745449 0.999981562093654 43.44396393037024
0.999957646094674 0.008560983289547571 0.003378693155363992 -0.16434731163637023 -0.008577315508247764 0.9999514562801932 0.004849201927820999 -0.7335004355178584 -0.0033370154829538224 -0.004877976762364794 0.999982534681134 44.870839449332024
0.9999628489367326 0.008206723254794083 0.0026363659606588735 -0.1653280348639971 -0.008218484123291962 0.999956185879737 0.004481389991741318 -0.7596258514732711 -0.0025994731396936925 -0.004502890528049204 0.999986483265583 46.26641329153989
0.9999675200582825 0.007875389219618344 0.0017137848949836372 -0.17163788530275748 -0.007883972117364562 0.9999561182831468 0.0050600896595738645 -0.780931609330886 -0.0016738596534494315 -0.005073436845148728 0.9999857291138167 47.70009108505494
0.9999637019980143 0.008473871174267181 0.0008877931046169366 -0.18357711347119382 -0.008479002757136684 0.9999463824201067 0.0059446458319154915 -0.8024554800309369 -0.0008373714068228434 -0.005951957776450585 0.999981936340865 49.09622491129615
0.9999592545807797 0.00902630508615033 -0.00012237068958100483 -0.19276901866232277 -0.00902538619169135 0.999940486216769 0.006129147328582952 -0.8224964375565502 0.00017768697995375316 -0.006127793279008023 0.9999812091128069 50.51747157986775
0.9999552465730552 0.009363462354049496 -0.001352922991372175 -0.20161200268828888 -0.009354821782995815 0.9999366596577914 0.0062581148131050975 -0.8422534917251493 0.0014114350429730803 -0.006245178518960895 0.999979502590099 51.96887075085669
0.9999484351376094 0.009876374169900231 -0.0023631065615569618 -0.2146628550252219 -0.009858667297044505 0.9999240858122553 0.007391164441852384 -0.8624341656959156 0.0024359252850218644 -0.0073674863908543145 0.9999698927560828 53.369984481754024
0.9999570964992762 0.00873300347896064 -0.0030886544461344364 -0.22840197517695507 -0.00870733069156283 0.9999282209873852 0.008230144698428346 -0.8815546795195194 0.0031603069010132673 -0.008202897831690866 0.9999613617213484 54.827534689323564
0.9999629597214328 0.007863769641637207 -0.003498612436808677 -0.24123878859865622 -0.007833622732030142 0.9999327739797546 0.00854879465610739 -0.9036830490181014 0.003565603298630168 -0.00852107137332719 0.9999573380024436 56.22488355379033
0.9999743215465065 0.005984431908407922 -0.0039424361670136404 -0.25416523670095004 -0.005952011682410953 0.999948792193687 0.008184531556550504 -0.9257064035407456 0.003991214398824989 -0.008160856132991964 0.9999587344709404 57.64901742070034
0.9999774346762162 0.005536169505126478 -0.003805384020151934 -0.2729359661818389 -0.0055034098281569205 0.9999481659782392 0.008566086928248074 -0.946823192925564 0.003852610413166137 -0.008544951219698435 0.9999560696407906 59.10525906832282
0.9999826417130159 0.0046854057143783795 -0.0035725663541934724 -0.2749697377389054 -0.004652138619552405 0.9999462661981213 0.009264034146328311 -0.9658718682087435 0.0036157804578969555 -0.009247253453447384 0.9999507060074901 60.504094988556915
0.9999910318419857 0.0029904549296155027 -0.0029989004847532394 -0.2918365204953475 -0.0029597650912106376 0.9999437358880551 0.010186503362856102 -0.9803246762928312 0.0030291942975146455 -0.010177536173067414 0.9999436192847244 61.959337703521015
0.9999953172720853 0.0015118558147130976 -0.0026607740633345553 -0.2969892773011928 -0.001485211548062775 0.9999490216097966 0.009987408447147428 -1.001531006353711 0.002675738176998576 -0.009983410066569354 0.9999465845517497 63.3525239849397
0.999997692006191 0.0007238431047469993 -0.002022876366918093 -0.31001976180665725 -0.0007052068624469089 0.999957445702365 0.009198340390670119 -1.0188660025834184 0.002029448619010851 -0.009196892798134376 0.9999556482702407 64.76379985407597
0.9999987192704911 0.0007543187684002839 -0.0014115441824410475 -0.32076193328390845 -0.0007415241138548495 0.9999588362960032 0.009043000272596342 -1.0392116318418652 0.001418307510017495 -0.00904194217685483 0.9999581149681585 66.22743429160234
0.9999967046447799 0.0024572944604086596 -0.0007432347819021552 -0.33484896373393025 -0.0024504120536491918 0.9999553766607787 0.00912360506801729 -1.0567690881269878 0.0007656210724058575 -0.00912175395332026 0.9999581028389611 67.598923343625
0.9999875451635709 0.004989881911056159 -0.00010289001900757244 -0.3501064588192792 -0.004988539456486089 0.9999332805072361 0.010418685820804208 -1.0729643832429243 0.000154871187348495 -0.010418042996139822 0.9999457187261888 69.05838928414121
0.9999656703405346 0.008263171748422551 0.0006149114553212986 -0.365503720426995 -0.008269791597291404 0.9998976001466312 0.011679031698747233 -1.0852419105074949 -0.0005183426785775338 -0.011683716187340872 0.9999316087115205 70.42567088078164
0.9999312786926958 0.011631194455419604 0.0014673724470397741 -0.3803902989300626 -0.011648571401470397 0.9998546663974405 0.012448168152699526 -1.0998110548817313 -0.001322372226520377 -0.012464405744534494 0.9999214418762966 71.8722924801837
0.9998640158031189 0.016355232304369263 0.002110980159432867 -0.39597822138595096 -0.016380036782003123 0.999789905536104 0.012322305880024772 -1.111489296386588 -0.0019090026313287132 -0.012355208428307186 0.9999218492140628 73.23258007724434
0.9998028893199484 0.01962454424998554 0.0030099364461025208 -0.41526854853123596 -0.01965925318015027 0.9997350702142024 0.011970931477193235 -1.127661955403957 -0.002774215175687961 -0.012027745231241269 0.9999238156357895 74.63193064720888
0.9997676176205199 0.02120854136313048 0.003861149002951603 -0.4289850690908594 -0.021253906850233227 0.9997007215321907 0.012113582069229452 -1.1394193725406758 -0.003603082333710023 -0.012192831841084073 0.9999191730582416 76.06895497945177
0.999759188252875 0.021577376786963205 0.003997781187798027 -0.4293422401699751 -0.02162601534554527 0.9996873468033055 0.012550862994901619 -1.1519940087531841 -0.0037257168748019466 -0.01263429693949184 0.9999132430240427 77.43530132462783
0.99978162735879 0.020494192951005477 0.0040848005294361785 -0.4314667773856641 -0.020544252146357987 0.9997093610177167 0.012614565106813793 -1.1703197300076158 -0.0038250883100826158 -0.012695729865777607 0.9999120897072842 78.85835961662569
0.99979493137307 0.019844055991193318 0.004038389471526965 -0.4388545174291755 -0.01989022333648166 0.9997333323626403 0.011732145245396002 -1.1821124809995756 -0.003804499529747045 -0.011810064063869528 0.9999230211220286 80.2154087869308
0.9998023816996405 0.01955817000031781 0.0035602642771268454 -0.4353312009886365 -0.019599305840260036 0.9997369644716545 0.011910882905987139 -1.2004525200030107 -0.0033263730009919727 -0.011978308054358568 0.9999227247037823 81.60624600896723
0.9998134820812069 0.019025557557650633 0.0033210176155162663 -0.4442997537108022 -0.01906519888717468 0.9997420494078905 0.012343131152454232 -1.2114316108508296 -0.0030853262567216745 -0.012404145055216264 0.999918305637048 83.01001053938946
0.9998144286103812 0.01904481235307904 0.002898864288085613 -0.4507011784854087 -0.019078014083810893 0.9997472728792657 0.01189200567500497 -1.22542719377365 -0.002671650867137905 -0.011945103680553957 0.9999250855842108 84.37481288991441
0.9998109541003986 0.019324884448463808 0.002145891225139385 -0.4576250610287027 -0.019349804014948326 0.9997374599731509 0.012271766856135326 -1.237344843833137 -0.0019081775187860678 -0.012310969759473718 0.999922396430911 85.76762907173232
0.9998286014329982 0.01847581743072435 0.0011882240169289939 -0.46660877103960263 -0.018489750597610228 0.9997440381862174 0.013037917038783087 -1.2493890457037957 -0.0009470337726584549 -0.01305765259496054 0.9999142967472128 87.1244797975126
0.9998507105486507 0.01727878901507183 4.251377444451816e-06 -0.4710606837927164 -0.01727708754807734 0.9997486746927043 0.01428599794067226 -1.2644026880276635 0.00024259446631490255 -0.014283938938265326 0.9998979499142229 88.49451059677325
0.9998836084683522 0.015218276369670342 -0.0010833001041186223 -0.4811404702878299 -0.015200170079483294 0.9997701562364465 0.015119178592458338 -1.276416203540077 0.0013131390748817712 -0.015100952812636603 0.9998851118496781 89.88214849715683
0.9999046408810406 0.013687911547717715 -0.0018303509284392902 -0.4887752305517174 -0.01365850806875838 0.9997909779846547 0.015213333796433333 -1.2884341941677828 0.002038207295814731 -0.01518688351487339 0.9998825952531848 91.23878030173785
0.9999174651611796 0.012638428931308046 -0.002309316974530734 -0.499888766060618 -0.012602532836313855 0.9998088393662401 0.014948609143586259 -1.2993217305295743 0.002497802680665973 -0.014918272425286365 0.9998855965261361 92.60573869332181
0.9999265964232611 0.011840966030866991 -0.002567733632729053 -0.5114373733532871 -0.011801671656888143 0.9998206226452219 0.014813612019322034 -1.311872824030351 0.002742680759157607 -0.014782221400633429 0.9998869754346841 93.96311902926361
0.9999288256897136 0.011622655595778316 -0.002693956066917532 -0.5256709373309532 -0.011582755501994835 0.9998294898965304 0.014381617763365015 -1.3171402310792621 0.00286064956297842 -0.014349391021235268 0.9998929501064262 95.33322314565656
0.9999299719033048 0.011529840118260345 -0.0026672165725533546 -0.5362452826839896 -0.011491418533233513 0.9998359866619628 0.013998110481426441 -1.328437673693917 0.002828175338837081 -0.013966480404845117 0.9998984642753258 96.67617891005739
0.9999185028032255 0.012521670280832281 -0.0024890741785993323 -0.5510074208334593 -0.012487152987179576 0.9998318296497641 0.013430690759490693 -1.3425020493056596 0.0026568305060312267 -0.013398515021611834 0.9999067061766053 98.03380863695212
0.999902153713442 0.013825950543777919 -0.002127452057980519 -0.5678414794581585 -0.013795152932505425 0.9998086712001845 0.013867760356769057 -1.348877398981861 0.002318780190260504 -0.013837055206620404 0.9999015747419031 99.3809309377946
0.9998961980150474 0.01428775936213066 -0.0018582485976781308 -0.5798663367601524 -0.014258021023102398 0.9997837559986187 0.015137704822076527 -1.3601628420831962 0.002074130832962191 -0.015109638861135168 0.9998836916386349 100.73600830242349
0.9998875304109011 0.014886093634729085 -0.001825021488045235 -0.5950517511345879 -0.014854007149310275 0.9997537140129011 0.01648847535475305 -1.3658285854285155 0.0020700211861561773 -0.016459512357973438 0.9998623902699691 102.06811630256911
0.9998955836086929 0.01434739510636903 -0.001724556151031797 -0.6042342646297969 -0.014318409468936914 0.9997728748532727 0.01578549609911665 -1.3777395665240268 0.0019506453871325562 -0.015759155256641955 0.999873914060444 103.40974656873999
0.9998961371806793 0.014329244346449364 -0.0015451758567340535 -0.6178803191956802 -0.014307396775833862 0.9998088068031512 0.013328475805940149 -1.3873789347095655 0.0017358675727772923 -0.013304984303421138 0.9999099780303682 104.74224635665712
0.9999051292295207 0.013665578582367569 -0.001727560497092526 -0.6305298108146772 -0.013643162108732784 0.9998302512771814 0.01238276172715776 -1.39547438775843 0.0018964850187696142 -0.012358017832681341 0.9999218383192487 106.05887757700654
0.9999272019073152 0.011955304104396927 -0.0016314282518366326 -0.6432815251891291 -0.011932038912038574 0.9998363932675447 0.01359460069526066 -1.4086690894260214 0.0017936890864859447 -0.013574145047034778 0.9999062582433544 107.40573186625089
0.9999604678689384 0.008833143975738911 -0.0010189434525226858 -0.6477145568621157 -0.008816074994796207 0.9998380346108433 0.015690168240369354 -1.4122103993883643 0.0011573720439280856 -0.01568056520945429 0.999876382546134 108.72825530047514
0.9999720340103846 0.007477263979234038 -0.00014732447104603519 -0.6576854969127648 -0.007473800259903543 0.9998349823924504 0.016557484770190728 -1.4245852649019441 0.00027110488016774347 -0.016555920982331634 0.9998629045977443 110.07100455099169
0.9999753774548087 0.006993041481533916 0.0005846719306776965 -0.664482714822974 -0.007001275110702686 0.9998550335205211 0.015520763449658399 -1.434622037517636 -0.000476049858361072 -0.0155244750489448 0.999879374753331 111.40144697479646
0.9999635915656623 0.008434529832307969 0.0012939216015007491 -0.6734033352115748 -0.008451005604601684 0.9998757740385227 0.013304773882254255 -1.440144071453978 -0.0011815414402495232 -0.013315224682910614 0.9999106503858456 112.70550065638608
0.9999317992284669 0.011454910842766893 0.002276375453418452 -0.6805769623211488 -0.011480765549323025 0.999865770617082 0.011689003099326226 -1.45617204385527 -0.002142173580878247 -0.011714340671095594 0.9999290901440686 114.06263782858089
0.9999009579926447 0.013558245101967828 0.0037746742560448633 -0.6919849521095436 -0.013600718523959152 0.9998417932265842 0.011463376588998188 -1.4602055526690672 -0.0036186541048549917 -0.011513579749615527 0.9999271687595477 115.36677854523096
0.9998714005332627 0.015131387202820899 0.005312577834552012 -0.7000139450818363 -0.015201547154546845 0.9997943333565175 0.013424007834360985 -1.4703284100803742 -0.005108361775862639 -0.013503041190150604 0.9998957808283189 116.72460464968299
0.9998701030330671 0.014882615581413083 0.0061874697376323754 -0.7025739277384461 -0.01497826044284812 0.9997643973254968 0.01570991998879983 -1.4762329507605427 -0.005952207744378654 -0.015800557169034935 0.9998574466477201 118.0388305313998
0.9998657593013216 0.014813618685744327 0.007001431743710673 -0.7028480852699818 -0.014927308506233417 0.9997528500181241 0.01647465848427922 -1.4865732155963218 -0.006755652589663575 -0.016576959778812964 0.9998397699449479 119.3960155786049
0.9998528512386581 0.015143351314680843 0.008059450863271643 -0.7015534204408275 -0.015271587188485248 0.9997538373854079 0.016094821844334632 -1.4912409189252211 -0.007813738034410003 -0.01621553444262913 0.9998379878465474 120.72885051994419
0.9998185488490636 0.016568586982545014 0.009399535355973149 -0.7013212202421838 -0.016716113210342186 0.9997348023738868 0.01583971336228671 -1.4956968068676257 -0.009134601712940572 -0.015993963245694832 0.9998303617070609 122.03892027797122
0.9997776951532208 0.018291999819057447 0.010486323093578742 -0.7027610428380591 -0.01845387481938214 0.9997087286750586 0.015553532069352826 -1.4982797616423122 -0.01019876437283618 -0.015743588053486957 0.9998240468404409 123.39044808774915
0.999741904471578 0.019439299464568377 0.011757466990764406 -0.7017245695734283 -0.01961291575079475 0.9996975697977435 0.014835852732045485 -1.5068140521417515 -0.011465513551508833 -0.015062622176767347 0.999820813652097 124.71269922314556
0.9997068059389639 0.020578719599916175 0.012760031495155104 -0.6959652790226396 -0.020759159796571242 0.9996840344158725 0.014173520166860302 -1.5131168562639719 -0.012464327909999377 -0.014434252397855696 0.9998181299052727 126.06678060401856
0.9997070643746168 0.019961537031854402 0.013686578301321858 -0.6892134967323973 -0.0201545557896506 0.9996972649769137 0.014112842784017386 -1.5238107202341793 -0.013400721982913973 -0.014384555823433334 0.9998067339263458 127.41670377803332
0.9997030988291749 0.019462509307944006 0.014660316190732553 -0.6826711564257519 -0.019683508842237345 0.9996924654564082 0.015084231485218235 -1.5293537682411293 -0.014362231843889057 -0.015368319728722522 0.9997787460468414 128.73573448508668
0.99972748777149 0.017487095320282982 0.015464528655058875 -0.6696391676151261 -0.017736522888547605 0.9997123906814698 0.016141614394256425 -1.529901508621641 -0.015177812233448048 -0.016411502897901494 0.9997501170751574 130.08954758650103
0.9997295139716733 0.017041106850030914 0.015827176872903966 -0.657512900777814 -0.017304802199919173 0.9997111844025242 0.01667607989632335 -1.5379160705292134 -0.01553842817850271 -0.016945455749265426 0.999735669456346 131.41087334449338
0.9997504202654452 0.015748741312024146 0.015845323835801003 -0.6435746604024226 -0.01601788917644097 0.9997270942951038 0.017004828516459982 -1.5467055107907228 -0.015573196214286099 -0.01725439343650175 0.9997298442435466 132.77155669084527
0.9997832691566204 0.013765881690890854 0.0156177842334267 -0.6314504010969458 -0.014041215228002491 0.9997454709343166 0.01765892544730016 -1.5467686805345497 -0.015370719660300958 -0.017874391233628033 0.9997220849415359 134.11147723531676
0.9998140477667747 0.012072133031292674 0.015037734772632014 -0.616819459808545 -0.012338338524694728 0.999766549805615 0.017737285960252907 -1.5544125284500467 -0.014820098573533188 -0.017919528684953796 0.9997295910265789 135.4339864359044
0.999834403308198 0.011800681451978899 0.013853153263835166 -0.6071592284387963 -0.012045368237578895 0.9997705295937934 0.01771432414358273 -1.5609804215201861 -0.013640934417873292 -0.01787825739272799 0.9997471144364294 136.77842128779608
0.9998718922266479 0.009576571219679378 0.012825303231080509 -0.5942827045922603 -0.009816252545275355 0.9997758752153117 0.018757412825095476 -1.5609884908234863 -0.012642798116754941 -0.018880906639367603 0.9997418021787404 138.11589390105797
0.9998936349212522 0.008584472750634958 0.011790914260749547 -0.5858345066668748 -0.008808591940979325 0.99977898129954 0.019089192466261194 -1.5664107106203549 -0.011624438563092003 -0.01919102377049393 0.9997482568316112 139.4574022969376
0.9999137100754777 0.007908729339892995 0.010489251314993637 -0.5772151563063653 -0.00811016178630017 0.9997808010362829 0.0193022061515466 -1.5693318775603828 -0.01033429701608224 -0.019385610470543366 0.9997586710875638 140.80310219968086
0.9999258845927437 0.007859999795734469 0.009297618768055408 -0.5739870503802228 -0.008036886197793672 0.9997844535444071 0.019143012259666508 -1.5730150096773097 -0.009145151384694614 -0.019216317748787456 0.9997735240248081 142.13044327135373
0.999935310406416 0.007760182068467801 0.008315922500684383 -0.5696589967979426 -0.007914630260292321 0.9997937489755816 0.018703426009275614 -1.569822995322399 -0.00816906601773809 -0.018768033913318848 0.9997904916860271 143.4771993397795
0.9999531385976663 0.00627497830659952 0.007371923076976468 -0.5626393992743788 -0.006397274026351812 0.9998403371607798 0.016684576003235314 -1.5776275727822513 -0.007266051303280752 -0.016730954681282766 0.9998336259872578 144.8205522308959
0.9999770594527275 0.002398549384660385 0.006334629519982828 -0.564486697385184 -0.0024994346862011628 0.999869405373479 0.015966371584190578 -1.5927501416003549 -0.006295506639947783 -0.015981838611343117 0.9998524628321358 146.14655287777572
0.9999682780905043 -0.006003766543826734 0.005234272933039633 -0.5536309171292775 0.005903998898266323 0.9998044752083469 0.01887204635498233 -1.5883842181896297 -0.005346553299653449 -0.01884054491839883 0.9998082057267781 147.51316574901975
0.9998966253998498 -0.013906202680712325 0.003654593762377617 -0.5393022560165769 0.013827955615884388 0.9996915804247886 0.02062841851498872 -1.5871590669476756 -0.0039403298983747 -0.02057575089182574 0.9997805320578116 148.83764303820342
0.9998629657513622 -0.016376912158953184 0.0024179494435844513 -0.5300913037543111 0.016331271197126573 0.9997077784825864 0.01782265987406799 -1.5954412858338183 -0.002709123215314962 -0.017780729706876584 0.9998382400706237 150.16683216907393
0.9998784308601404 -0.015330836370861373 0.002844111500638218 -0.5365106726703853 0.015287211790856044 0.999773988524125 0.014774065471005085 -1.6027346539234624 -0.0030699677254811568 -0.014728791141777279 0.9998868126002836 151.5322833603257
0.9999241843428207 -0.011741986857430171 0.0037082779940098703 -0.5458424044962547 0.011694900409349637 0.9998538030523325 0.012474045514842925 -1.6100948382180549 -0.003854206248393839 -0.012429732077917654 0.9999153198419687 152.8614356275738
0.9999264858327603 -0.011205278937013816 0.004632997892977971 -0.549781401613322 0.011144913153176728 0.9998552412184819 0.012856418781184676 -1.6219181592050345 -0.004776387376908812 -0.012803839533004763 0.999906619548203 154.21766367826268
0.9998812998681249 -0.014523634864537267 0.005142977733305647 -0.547292007809246 0.01443998203820072 0.9997685886918879 0.015945405826447 -1.6242904089458379 -0.005373373282311778 -0.01586924889587172 0.9998596370492367 155.55380893248716
0.9997578685741947 -0.02127948925367782 0.005602461272372363 -0.5367704621728806 0.021169012415972636 0.9995936214549265 0.019090962401466908 -1.627005634683098 -0.0060064309722689955 -0.018967741659967226 0.9998020541920369 156.88410556672292
0.999679426310733 -0.024701838207425608 0.0055555203881374 -0.5247715854844296 0.024582321446669213 0.999484702058534 0.020640731867319392 -1.6294820876740206 -0.006062522152907997 -0.02049754778394359 0.9997715220812515 158.23077006488745
0.9996530854938807 -0.02574967037189388 0.005537431095332498 -0.5171940279634815 0.02562966215129789 0.9994561479622704 0.02074918573903011 -1.6344401246590141 -0.006068704739683528 -0.020600065438735507 0.9997693774723584 159.57505777570768
0.9996753868133863 -0.024622049233717597 0.006547953744172548 -0.5178498153305884 0.02447787769365744 0.99947438912532 0.021255092900598325 -1.6285839344968298 -0.007067856590761313 -0.0210879135973176 0.9997526420610733 160.9297005409828
0.9997328668954691 -0.021814905472505426 0.007635755341369994 -0.5227158042090017 0.021651912434953763 0.9995488669422364 0.020814832857735246 -1.6249848198833519 -0.008086384876018619 -0.020643944204403644 0.9997541887641108 162.27932090395765
0.9997975219152597 -0.018190786404455317 0.008602934219650934 -0.5236103620301966 0.01802459957666818 0.9996566955661904 0.019015909190526877 -1.6246527827849724 -0.008945895876010346 -0.018856994791626572 0.999782168623122 163.6264132344331
0.9998326889278489 -0.015742180002547533 0.009315467598601017 -0.5250033552666172 0.015570499489429773 0.9997126841583055 0.01822384867280842 -1.6229736473711178 -0.009599675018854677 -0.01807575347406773 0.9997905347509385 164.97871367347273
0.9998470395081906 -0.01456938402707195 0.009676293332300651 -0.522814432013917 0.014379390293983914 0.999707954306079 0.019422646892212035 -1.6209032839371476 -0.00995644423869649 -0.019280537156926212 0.9997645373325741 166.32985460281807
0.9998646368179297 -0.013459519003262652 0.009463054805478634 -0.517530957244973 0.013272027581912493 0.9997197233102912 0.019604287496742562 -1.6195904084940176 -0.00972426761702239 -0.01947604023926765 0.9997630331627659 167.66782601306193
0.9998940830985141 -0.0113813079683723 0.009071297073028343 -0.5155877720730653 0.011221737137653573 0.9997847311663735 0.017451759912283617 -1.6218368729481623 -0.009267968928049488 -0.017348116090367856 0.999806555100109 169.0356261171025
0.9999332657480913 -0.0077864982195349364 0.00853431376843624 -0.5159185059021056 0.0076580354922188825 0.9998584181469918 0.014983261929921918 -1.6258949444410342 -0.008649773325201 -0.014916906236411289 0.9998513226120308 170.41762276244808
0.9999641022123615 -0.001786520908735002 0.008282671021832153 -0.5175532414620118 0.0016738865454252114 0.9999063069041989 0.013585856949715985 -1.6343894814007522 -0.008306167101096674 -0.013571505255284702 0.9998734029023815 171.76895474819975
0.999961728855473 0.0016844600448941384 0.008585069756260937 -0.5237252948742599 -0.001809442764549511 0.9998921969012491 0.014571221288507597 -1.6357571832570927 -0.00855960033076019 -0.014586198105355608 0.999856977805354 173.14331077225378
0.9999472009731033 0.00425061036006528 0.009355617374478022 -0.5285278623787166 -0.004407879987959066 0.9998482413198228 0.01685422570490217 -1.6387598858356744 -0.009282557603043052 -0.016894574585469734 0.9998141864739892 174.51597245227123
0.9999463408124233 0.0040437718787752555 0.009537473675328553 -0.5274527673801782 -0.004225045852152025 0.9998093471531857 0.019063534059517384 -1.6344265906013173 -0.009458567530079138 -0.019102807761264964 0.9997727833055238 175.88584670727434
0.9999587712615701 0.002275951720380991 0.008790666852090033 -0.5212851440171266 -0.002456308687355388 0.9997855860957268 0.02056084570385874 -1.6360762092504255 -0.008741987241082461 -0.02058159099776732 0.9997499566266502 177.28806559274688
0.9999746678145084 6.78746670005146e-05 0.007117522658853939 -0.5188369832808393 -0.00021565549541447716 0.9997843765145663 0.02076424713616366 -1.634520633061033 -0.007114579171971598 -0.020765256468814743 0.9997590644207428 178.66658149817528
0.9999860412343146 -0.0015759307816511896 0.0050431921114634255 -0.5150343144757229 0.0014890830612516743 0.9998513303556688 0.017178469293239806 -1.6361489931918634 -0.005069514834880214 -0.01717072010415995 0.9998397203516384 180.00362761631752
0.9999927903522056 0.0014659674245677094 0.0035028823732610017 -0.5247092766358997 -0.0015112881942891468 0.9999147350456096 0.012970684028664348 -1.6438110529534637 -0.003483569383890903 -0.012975884633414522 0.999909741508211 181.42221110992855
0.9999812918052282 0.005387172402634911 0.0028973101539404066 -0.5402531763384645 -0.0054218214221659605 0.9999122495301855 0.012087063252310109 -1.6466863122629452 -0.0028319410499157514 -0.012102546063793105 0.9999227512610518 182.809927618605
0.9999550890056218 0.009086019066385415 0.0026952203355932744 -0.5519347542305804 -0.00912136614281203 0.9998685352012813 0.013405708068847562 -1.651514489377471 -0.0025730616970516076 -0.013429690366243495 0.9999065070155823 184.15937833035562
0.9999339085186626 0.011119520692178371 0.0029214434457735966 -0.5591441038409959 -0.0111665159043563 0.9997999390547333 0.016594903042978695 -1.6542878522891618 -0.002736331829789719 -0.016626428939945856 0.9998580270982904 185.59670674255906
0.9999316126658911 0.01117947100616213 0.0034335691891205448 -0.5663066882718721 -0.011243925289371492 0.9997492735015333 0.01936399476841705 -1.6561942839470833 -0.0032162293411280357 -0.019401277700213045 0.9998066044482367 186.96103744880043
0.999937380324872 0.010581651121887714 0.003641986894660671 -0.5736525229395636 -0.010652285200060698 0.9997441421267959 0.0199544260000151 -1.653247845369962 -0.0034299045637848965 -0.01999197234278627 0.9997942572363264 188.40419907656653
0.9999475364554097 0.00962587416692125 0.00350240859005647 -0.5748664268107236 -0.009695999618872554 0.99974101866219 0.02058842408016161 -1.6532386260570913 -0.003303320215261562 -0.020621303701933512 0.9997819011745055 189.80070057621154
0.9999714989399534 0.0066829196282875035 0.0035128170443617197 -0.5730606401289173 -0.006756704079530147 0.9997475249092085 0.02142973144203559 -1.6528947364343085 -0.0033687172405180293 -0.02145285616243119 0.9997641855529134 191.1830030173994
0.9999797042786228 0.005024915078204687 0.003916791311633338 -0.5756100961179018 -0.005108044848039834 0.9997555627176357 0.021510990000048788 -1.6537941279029638 -0.0038077433085880125 -0.02153056098977749 0.9997609394458601 192.62426673308053
0.9999888090642676 0.002053284555636017 0.004262132111591217 -0.5754681609909054 -0.0021486494013035354 0.9997447088247003 0.02249223140280908 -1.6498685343881359 -0.004214861413730462 -0.022501137962933338 0.9997379325310952 194.01558039622614
0.9999858234457258 -0.0025199174142281743 0.004690728388354207 -0.5703312089434092 0.002406342110321723 0.999707549837438 0.02406292371182087 -1.6406056919295622 -0.004749993546470678 -0.024051295553474586 0.99969944120851 195.4693222950926
0.9999695562689377 -0.005986209752866048 0.005005181422196475 -0.5657908067540913 0.005860449088770866 0.9996758948042597 0.024774189416626305 -1.6391543543277969 -0.005151863126260741 -0.024744103065883254 0.9996805428132287 196.87597930468038
0.9999778873570604 -0.004198454454867835 0.005157304377621809 -0.5672152350553716 0.004090906344719258 0.9997775680359328 0.020690068167124105 -1.6310344891000086 -0.005243023963286977 -0.02066851300572151 0.9997726357903503 198.30139120712866
0.999978810610953 0.003411068318421886 0.005544631783514466 -0.5817228533891237 -0.0034967738759310064 0.9998734140896213 0.015521867438538083 -1.635354933071876 -0.005490984212699824 -0.015540927167670799 0.9998641551110865 199.7315373623552
0.9998987661202855 0.012445098386105205 0.00689760926197142 -0.5935493758535171 -0.012548648892322333 0.9998060587388113 0.015178153506990396 -1.6308664713224934 -0.006707378472501396 -0.015263172945353877 0.9998610136542412 201.1605793736223
0.9997820593261812 0.019174727942820387 0.008256125583559391 -0.6105001416767044 -0.01932890292658378 0.9996322942687924 0.019017618461858458 -1.626188407177794 -0.007888432751075227 -0.019173055985395843 0.9997850601782783 202.60225796442444
0.9997441831736703 0.020681239855491 0.009157208853742785 -0.6099199333674677 -0.02087442890397262 0.9995502718807725 0.021529334649940602 -1.6251905168128598 -0.008707837985238253 -0.021714979025807345 0.9997262791627157 204.04134030293358
0.9997755287384962 0.019296046947293883 0.00874955194543864 -0.6044629543639998 -0.019484762541330032 0.9995675899044967 0.02202219980686139 -1.6200694517034202 -0.008320827835970997 -0.02218773984321385 0.9997191945893038 205.4919062612338
0.9998418057125528 0.01613596048296648 0.007482933404316155 -0.5992462732081776 -0.016299292591421537 0.9996183237996183 0.022305600539256447 -1.6174811809186491 -0.007120155642530796 -0.022424038890208265 0.9997231946241623 206.93265310307282
0.9998774327535388 0.01431592895600187 0.006338266169814453 -0.591503732509378 -0.014452487506916935 0.9996523877524668 0.02205060746675041 -1.6178107843058642 -0.0060203884727739404 -0.022139508939573456 0.9997367638897912 208.36429804846748
0.9998715279312959 0.014891622684004253 0.005930191705634934 -0.593796373008419 -0.01501545597621929 0.9996578988461339 0.02141544729802651 -1.6103199904935965 -0.005609252677073047 -0.021501740974330583 0.9997530752267629 209.83401253947923
0.9998570897085305 0.015904767468487433 0.005730488205585671 -0.5973100931841067 -0.01602622556378451 0.9996336298203417 0.021812066757747828 -1.6072441581859522 -0.0053814733139267885 -0.021900788124964654 0.9997456652723761 211.27938710720937
0.9998378676467338 0.017078716994661493 0.0057057694247018165 -0.6030299842890157 -0.017203029492091376 0.9995988477437027 0.022498875512153273 -1.5998815178606411 -0.005319229047229198 -0.02259338469027185 0.9997305860969471 212.74302591578785
0.9998444716431737 0.01677185374882391 0.005453201510526396 -0.6058928995060087 -0.016890630482351454 0.9996037471871234 0.02251788719480906 -1.599445110509534 -0.0050733743648968595 -0.022606493490760788 0.9997315676380104 214.20316362183434
0.9998471369705775 0.01673930743216353 0.005049578061497357 -0.6072011161044031 -0.016845495906849417 0.9996209557707334 0.021775538675383788 -1.594015990666481 -0.0046831569908747026 -0.021857273086952927 0.999750132613488 215.65902905549072
0.9998589579436964 0.01608690753441363 0.004824478022200548 -0.6096696602404547 -0.016187080626153066 0.999637849433515 0.02149763781229409 -1.5907092288367377 -0.004476900685007509 -0.021572700389846808 0.9997572585207448 217.13318782428374
0.9998550971785396 0.016480956120455303 0.004261770994517855 -0.6119876532057038 -0.016569486570731932 0.9996283671410104 0.02164670307041522 -1.5871277290291745 -0.0039034291303184504 -0.021714182196754667 0.999756599147988 218.59443152358958
0.9998396001766913 0.01743993657368289 0.0040770685007775285 -0.6188845643230783 -0.017523216522662408 0.9996180442886888 0.02137059781806719 -1.5855981494326816 -0.0037028096674028618 -0.021438613764965746 0.999763309512666 220.0844829940267
0.9998498565786406 0.01687961372273527 0.003917001277057791 -0.6198261793202895 -0.016959844569483525 0.99962620778166 0.021443143938129443 -1.5814941927351287 -0.003553585429802682 -0.021506356557893985 0.9997623961050552 221.55766032598623
0.9998301694828765 0.01809763191210503 0.0034796357050003793 -0.6297301465691887 -0.018167345341124227 0.999610770104455 0.021172054531728827 -1.5756406204039703 -0.0030951175225783912 -0.021231675044089213 0.9997697916170802 223.0502179405342
