1.0 -3.469446951953614e-18 0.0 -1.7787691892340307e-19 0.0 0.9999999999999999 -3.5405977195229754e-19 0.0 2.168404344971009e-19 -2.354751593366955e-19 1.0 0.0
0.9999998184232816 -0.0001920851292522164 -0.0005711883356860027 0.002362340360531358 0.00019247475088568847 0.9999997488291841 0.0006821250811968831 -0.02260592772998818 0.0005710572149626968 -0.0006822349104356856 0.9999996042250158 1.3271691263019685
0.9999996130656422 -0.0006492260589969906 -0.0005936111358971468 -0.007791257240451083 0.0006498935634872208 0.9999991561092967 0.0011249079269119216 -0.038843758312261265 0.0005928803664765332 -0.0011252932978673353 0.9999991911041631 2.628005408713943
0.9999985199186334 -0.0013057512986388992 -0.0011203456080467937 -0.009229670790855661 0.0013068688458513465 0.9999986487669996 0.0009972741979560457 -0.07484561869683348 0.0011190419975890464 -0.0009987368862764928 0.999998875135175 3.9515925616174306
0.9999979723064685 -0.0019343541050306137 -0.0005600528271820263 -0.02233748707443434 0.0019349538710924097 0.9999975532413008 0.0010721295898784206 -0.08801281670469464 0.0005579776267531896 -0.001073211112439947 0.9999992684396951 5.267525790938365
0.9999970820539831 -0.002246506173359508 -0.0008883104381020136 -0.019578602074888974 0.0022478813364863164 0.9999962723432267 0.0015499437298051478 -0.10746182523745842 0.0008848252448187861 -0.0015519360531961164 0.9999984042889535 6.587507470382797
0.9999933274196571 -0.0035898988003683404 -0.0006765698027733844 -0.027557240873743057 0.003591545850594945 0.9999905521007864 0.002448775637396708 -0.14157924433245644 0.0006677726125590357 -0.00245118927531967 0.9999967728709863 7.922922909494038
0.9999934425232354 -0.0035863129545836477 -0.0005032634810544715 -0.04633806139963033 0.003587728892440403 0.9999895286356956 0.002840917954049743 -0.16063223230349508 0.0004930698345634713 -0.002842704951412324 0.9999958379473479 9.238522166747737
0.9999944432664684 -0.003175043743145584 -0.0010161379264715864 -0.04706340059612256 0.0031774003368794986 0.9999922473320408 0.0023258112535512283 -0.18656789283398753 0.001008745583582057 -0.0023290270509222894 0.9999967790285124 10.569055530032278
0.9999993880527149 -0.0006756805581631057 -0.0008759849557913225 -0.06748944201434753 0.0006757149047531569 0.9999997709489279 3.886365612403497e-05 -0.20525334424055264 0.0008759585698326143 -3.945554940564031e-05 0.9999996155705537 11.889497710339052
0.9999975716246567 0.0020113461589119416 -0.0009006810952111618 -0.06738943269260099 -0.00201200819737098 0.9999977060960492 -0.000734594637052972 -0.22998300131521643 0.0008992015802895886 0.0007364050431707669 0.9999993245725148 13.227918321135768
0.9999841488916918 0.005588615839637403 -0.0006850738269966491 -0.09427830207230481 -0.005589196984293127 0.9999840200833792 -0.0008488027938256564 -0.2500417081035634 0.0006803193032685056 0.0008526183638999282 0.9999994051040981 14.567399618559138
0.9999831124999862 0.005801270989106768 -0.0003463489405703636 -0.11441037726014754 -0.005801265813041724 0.9999831723766572 1.7032394993816185e-05 -0.27821805550223244 0.000346441950790201 -1.5022850111595173e-05 0.9999999398764138 15.921934381172623
0.9999910729968213 0.0042250592957434555 -5.2844101399434663e-05 -0.10646758137102091 -0.004224887586069944 0.9999868265904708 0.002914957608082599 -0.30595357053464883 6.515928159772514e-05 -0.002914708386594935 0.9999957501059445 17.25934806886368
0.9999999747298727 -0.00022478159372999774 -3.7210046214600483e-06 -0.11665464247953317 0.0002247976734836444 0.9999869548872153 0.005102893280945501 -0.3344294852882562 2.573923971448686e-06 -0.005102894088874009 0.9999869801484913 18.626767079722573
0.9999977031899646 -0.0021095264149104034 -0.00037883459798407153 -0.1081637089304254 0.0021108040054476813 0.9999919788736745 0.003403922875009999 -0.36766914880380797 0.000371650928402666 -0.0034047147682257296 0.9999941348799029 19.963004935246744
0.9999953285454887 -0.0030459603762714605 -0.0002549834239741538 -0.11716956283469289 0.0030461925383757534 0.9999949423398365 0.0009143310527438933 -0.3689530299953398 0.000252197140463523 -0.0009151035260013476 0.9999995494912342 21.31869742359982
0.9999995357383177 -0.0009606390082548769 7.548154521913836e-05 -0.13048102315784987 0.0009606450303917911 0.9999995354621662 -7.896254668800768e-05 -0.42631761085333436 -7.540566202402887e-05 7.903502335457923e-05 0.9999999940336629 22.668753668879873
0.9999984941312353 0.0014890297205136281 0.0008913610286763051 -0.1435628618157906 -0.0014901850199149176 0.999998048904127 0.0012967416485365568 -0.4175781300490244 -0.000889428476898965 -0.0012980680146668006 0.9999987619668964 24.03366695344299
0.9999968787899238 0.0018505891508109476 0.0016786093360915868 -0.15373813227818484 -0.001860140654563032 0.9999819879433908 0.005706458389561276 -0.4362169364392157 -0.0016680189273515337 -0.005709563140567851 0.9999823091438574 25.42648291006325
0.9999983180709768 0.00031667187590246875 0.0018065370488430125 -0.1488622907202786 -0.0003287721890550639 0.9999774892984794 0.00670170156791936 -0.4650057657666829 -0.0018043742890889397 -0.006702284366146633 0.9999759115183642 26.799246365010728
0.999989839661054 -0.0041486520567683635 0.0017633118969622435 -0.15045529944369337 0.004138022927321678 0.9999735004583162 0.0059895859866336285 -0.48952456058997806 -0.0017881140241973543 -0.005982228618628784 0.9999805076040329 28.165749483633252
0.9999910318292486 -0.0038993397220135756 0.0016527003565986718 -0.161324555547592 0.0038931167541626094 0.9999853824901443 0.0037521249795517257 -0.5023180592802828 -0.001667307145799061 -0.00374565724389008 0.9999915950332517 29.527610117349298
0.9999886877457828 -0.0041243177732829175 0.002369470855971865 -0.16361725480921763 0.004119784825379164 0.9999896802428465 0.0019148824710045113 -0.545363505032118 -0.002377344186487973 -0.0019050991317475599 0.9999953594037705 30.916491285570732
0.999994400304857 -0.0018196005236716713 0.002808632985161428 -0.17638406683170793 0.0018174481905331996 0.9999980529633925 0.0007687318396751261 -0.5429248628970716 -0.0028100265382328153 -0.0007636230014452156 0.9999957603046333 32.300075793499985
0.9999941389315897 -0.00023978623237931596 0.003415349127384049 -0.1801572642296153 0.00024405250684260762 0.999999190491611 -0.0012487811017935237 -0.5878287532475356 -0.0034150472117146615 0.0012496073347105909 0.9999933879429784 33.67909439696563
0.999993582493611 0.00020387854091463015 0.0035767875524065755 -0.1943441383621564 -0.0002005850949749234 0.9999995556503761 -0.0009211216569363622 -0.5920245506410834 -0.003576974063047629 0.000920398316257144 0.9999931790362341 35.07447661255208
0.9999953169593632 0.00010299366396230962 0.0030586688889979712 -0.1902245501069246 -0.00010505939676807956 0.9999997665237969 0.000675214740667957 -0.6320033835706247 -0.003058598889965165 -0.0006755329314223744 0.9999950943001136 36.467024047068996
0.9999945670427136 0.0015793033005524716 0.0028933867924672077 -0.20810022524689248 -0.0015851762199858566 0.9999966860544568 0.0020285706391457636 -0.6493254596098004 -0.0028901737183312124 -0.0020331461848763542 0.9999937565850576 37.8688370837975
0.9999911224970774 0.00337717721162557 0.002519840907968832 -0.20398536420560737 -0.003383617425495154 0.9999910093587896 0.0025558443747519697 -0.6660246244480121 -0.0025111869239598187 -0.002564347913926353 0.999993559007838 39.26016903776106
0.9999764220565276 0.006138452255281637 0.003078104353859655 -0.2246682130534301 -0.006147121970744187 0.9999771442447158 0.0028149407718592134 -0.7016411392870724 -0.0030607548786864367 -0.002833795942309637 0.9999913006505416 40.66093545288835
0.9999563636358851 0.008845839740441825 0.0030036524017224217 -0.23156075584100666 -0.008855521825351348 0.9999555873112398 0.003225392540859447 -0.7260373317493605 -0.0029749879452630017 -0.0032518507743019972 0.9999902874078787 42.08638599412755
0.9999491627910765 0.009731877982289413 0.0026386295375427993 -0.2337714942067697 -0.009740879550568357 0.9999467076841987 0.0034200991754700836 -0.7450878785995493 -0.0026052051489841915 -0.0034456279529233628 0.9999906702321834 43.47337576192228
0.9999585627107251 0.008811296972857369 0.0022877698407063954 -0.24485662877550757 -0.008818695135253851 0.9999558530901698 0.003243841168135823 -0.7646605476522979 -0.0022590865836971934 -0.0032638819661558044 0.9999921217689314 44.900216582704715
0.9999638626995744 0.008381771163866415 0.0014209823761298786 -0.23892704868587158 -0.008385781576909536 0.9999608062635418 0.00283982776531586 -0.7942663480842189 -0.0013971240123376932 -0.0028516412509249447 0.9999949580799068 46.296903972799214
0.9999668460483361 0.008122552068037487 0.0005752698528634541 -0.2549546216062512 -0.008124510914300578 0.9999609128869555 0.0034878413717959102 -0.8206306067889626 -0.0005469172379833145 -0.003492399596879657 0.999993751993725 47.729302054309294
0.999964639481529 0.008396969204742323 -0.0004589943303993356 -0.26079766096961315 -0.008394886719222077 0.9999552311427032 0.004365959748014103 -0.8400324949223096 0.0004956346561882101 -0.004361952252812246 0.9999903638138615 49.12713243957944
0.9999583650052869 0.009013746755447555 -0.0014214791951487967 -0.27283265093935744 -0.009007371499069897 0.9999496211564919 0.004429720819154181 -0.8644928816539279 0.0014613360908360218 -0.004416732691707366 0.9999891784277314 50.55594401709047
0.9999565544585416 0.008945565043314542 -0.0026203124097220385 -0.280674350641911 -0.008933524146771222 0.9999496448461849 0.004571644881838142 -0.8756562901765547 0.0026610766381355614 -0.0045480377387233884 0.999986116918414 52.0076436777071
0.9999477220234432 0.009569300815776248 -0.003603009007492948 -0.29869528839006065 -0.009548731972124 0.9999382576980853 0.005683531420026561 -0.9048241522300539 0.003657174284312212 -0.005648830250839848 0.9999773576442655 53.417591163206694
0.9999534461767423 0.008575452721259737 -0.004423467275755392 -0.3120095292143246 -0.008544989345134221 0.9999399571229085 0.006860417102517539 -0.9330046309339947 0.004482033244316603 -0.006822299387811836 0.9999666832547518 54.86814484469691
0.9999721112178257 0.00552349696579422 -0.005026703396735807 -0.3159235262002668 -0.005485738140562672 0.9999568667253518 0.0074947564713882175 -0.9353457372277482 0.005067884277159492 -0.0074669724287369475 0.9999592796128256 56.26746373181424
0.999978538484241 0.0037793684519747345 -0.005351535044929906 -0.3397958854843385 -0.003741040806247051 0.9999674117529982 0.007154023390677716 -0.9556992970654463 0.005378398798147662 -0.007133849691387995 0.9999600897174137 57.69743530553099
0.9999822232366278 0.002821365704486496 -0.005252912602772624 -0.3601297185591859 -0.0027817618556246135 0.9999677683148456 0.007531542688374189 -0.9835920444659498 0.005273992980395289 -0.007516796604616965 0.9999578405010219 59.14245178293416
0.9999841051625581 0.002368687668542215 -0.005116515093602123 -0.3603896404960707 -0.0023282642493550826 0.9999661458879442 0.007892164811657087 -1.0039506527614601 0.005135036392179564 -0.007880126929112344 0.9999557665283385 60.549479054641566
0.9999895408395065 0.0007239467879141797 -0.004515983037068693 -0.37976117625874417 -0.0006829316706973036 0.9999585685232064 0.009077160328820078 -1.0253482916563879 0.00452236770376857 -0.009073981464581398 0.9999486042103867 62.00266348713318
0.9999897704377518 -0.0017982559198768209 -0.004150336179693647 -0.390429757181329 0.0018344055378239996 0.9999602738829529 0.008722706393746954 -1.0398627161880492 0.004134486001140369 -0.008730230738007501 0.9999533434652254 63.40402129286916
0.9999905438880248 -0.002182379184632337 -0.0037615624298340212 -0.40207817920596883 0.0022120190039683126 0.9999663988501013 0.007893550350483659 -1.0653564897814713 0.003744209640006446 -0.007901796512884137 0.9999617705269059 64.81555756724403
0.99999305923986 -0.002239430458105464 -0.00297765366336775 -0.412366655955555 0.0022629645082060702 0.9999660458906947 0.007923764997261868 -1.085547341548432 0.0029598080958237244 -0.007930448481867535 0.9999641731234843 66.26991712179961
0.999997006426741 -0.000593396118171172 -0.002373818745213519 -0.4271079179129764 0.0006119747298091952 0.9999691312566816 0.007833391184869466 -1.1075018134349224 0.0023690973710920795 -0.007834820608018987 0.9999665009239491 67.63028177336629
0.9999969061684795 0.0018255788286006087 -0.0016896477132197097 -0.44818407110347924 -0.0018101062092617925 0.9999568279711228 0.009114039154273142 -1.1218584726850291 0.0017062133160729016 -0.009110952697513885 0.9999570387685736 69.1038759221315
0.9999880624709373 0.004824553108733866 -0.0007736874863691852 -0.4648722205828699 -0.004816405184730777 0.9999362901949205 0.010208711875117306 -1.134165892443607 0.0008228907449922948 -0.010204863821399976 0.9999475904316038 70.4512307859752
0.9999555181795572 0.009430932106223356 0.00013842311804469266 -0.4874669127443266 -0.00943189931341793 0.9998900112672424 0.011445726720269268 -1.1648287540269096 -3.0464015369093813e-05 -0.01144652341922575 0.9999344859427732 71.91527213069334
0.9999174710665798 0.012838719491229722 0.0004672330928813485 -0.4916277910849022 -0.012843001333159996 0.9998597658953027 0.010747366570216752 -1.1629157977308548 -0.00032918516611995467 -0.010752480498245846 0.9999421362276378 73.2858374936943
0.9998571954751772 0.016850270527266276 0.0012872434427609303 -0.5082122183259213 -0.016862911258357392 0.99980229335523 0.010536435236688398 -1.1876577410396758 -0.0011094472482871154 -0.010556637478079056 0.999943661679981 74.66804321155487
0.9998341744081665 0.01807759965557559 0.0021963671345555467 -0.5262974363548742 -0.018099727153885407 0.9997809402131226 0.010510542817097275 -1.1976762370827951 -0.0020058807756976713 -0.010548553766106344 0.9999423505665762 76.12306952562237
0.9998265941680234 0.018457257576532417 0.0024720817698837844 -0.5314048000006145 -0.01848331159159083 0.9997690210456676 0.010966849960020814 -1.2128261172763304 -0.0022690929804669267 -0.011010640731223445 0.9999368065075568 77.49339175404363
0.9998387947213287 0.0177715480105698 0.0025605869414644985 -0.5319094998653098 -0.017799160589327657 0.9997788803432719 0.011197336606119601 -1.2384104855063007 -0.0023610269317803486 -0.011241108067778923 0.9999340293449652 78.90360441990097
0.999856464244506 0.016802985214972564 0.002170380985414144 -0.5364078242556123 -0.01682406898022227 0.999807540846488 0.010091184842892406 -1.2452346375466785 -0.002000401407887164 -0.010126251247294788 0.999946727296267 80.26735488906361
0.9998596020215114 0.016631981287888453 0.0020379895974568995 -0.545506819931692 -0.016652405624687797 0.9998067131225619 0.010451498610457164 -1.2751884310671644 -0.0018637667015243922 -0.010483968888477056 0.999943304778335 81.65680344289898
0.9998707140886332 0.01599978538996921 0.0016006045632884986 -0.5559760524026316 -0.016016325805594162 0.9998121246742668 0.01091754095983045 -1.2842766695438834 -0.0014256256494436501 -0.01094176550652522 0.9999391208273177 83.0581513302414
0.9998690377290398 0.0161270933435661 0.0013506331501842873 -0.5696950783088264 -0.01613983557855788 0.9998194984793042 0.010023782103078081 -1.291985950147334 -0.0011887349825279924 -0.010044268572138356 0.9999488484815697 84.41912290749806
0.9998717437774854 0.016007443129430927 0.0005076592658832745 -0.5761449928359936 -0.016011840943314322 0.9998182774423456 0.0103456793268184 -1.3006417954432101 -0.0003419591607819888 -0.010352481204516624 0.9999463531609253 85.81896454723561
0.9998728026243158 0.015938578537936964 -0.0005833035808921762 -0.586805761343075 -0.015931168258406722 0.9998120849403601 0.01104503161315803 -1.3218557154336876 0.000759236145300574 -0.011034334236941213 0.9999388316459854 87.1797194788881
0.9998913902677818 0.0146387069805727 -0.0017075964786815987 -0.5947687934325481 -0.01461655849825449 0.9998171108818189 0.012332924968870798 -1.3371195938543528 0.0018878224212873379 -0.012306626564680193 0.9999224885344764 88.57297585145778
0.9999221113804824 0.01214112975829592 -0.00289207644267514 -0.5964255205278828 -0.012102167753683661 0.999840572145684 0.013128893739472094 -1.3585644329487405 0.003051015235269817 -0.013092871023635495 0.9999096299391576 89.95290777953923
0.9999323403709032 0.011003997081928858 -0.00377182924626279 -0.611024060550347 -0.010952359876496029 0.9998495864472337 0.013448059875689932 -1.3709295910604993 0.003919244665009137 -0.01340583982949053 0.9999024567388857 91.31493491527839
0.9999372771377483 0.010420003210843467 -0.004106737358457758 -0.6270475081679374 -0.010365897093194822 0.999861982144721 0.012983252968008818 -1.3861310825527655 0.004241456461233026 -0.012939868870846858 0.9999072806284812 92.69120864160493
0.9999519859422006 0.008717512620271605 -0.004475573294292887 -0.6391668401077653 -0.008658512368232712 0.9998775235937069 0.01303717720019493 -1.4078384329263223 0.0045886772966713466 -0.012997799692283511 0.999904996116038 94.03885446672287
0.9999544505213931 0.008323129849819547 -0.004671441419516961 -0.660094847384865 -0.008263588386464751 0.9998861709096595 0.01262372145862721 -1.4131138310368454 0.004775978959734304 -0.012584543843931172 0.99990940554401 95.41524253145013
0.9999593823879699 0.007798288098412717 -0.00451887726455583 -0.6655335758970342 -0.0077436010469117645 0.9998980645863372 0.011995711367456235 -1.4223094654001995 0.004611963043047108 -0.011960231993045588 0.999917837955172 96.77556694090553
0.9999498044387384 0.00904543179002942 -0.004309145910371515 -0.6848573229816094 -0.008995949043451324 0.9998949204606107 0.011367539466437215 -1.4380644667515952 0.004411517791569448 -0.011328204243174876 0.9999261024255441 98.0949039572279
0.9999342933855988 0.01077106888456346 -0.003923385550553704 -0.7071360391865216 -0.010725334063960555 0.9998763809061293 0.01149739691569697 -1.4450769597427953 0.004046740149931745 -0.011454562077287702 0.9999262057339858 99.45214308266671
0.9999330965549527 0.010867711917079798 -0.00396171919563286 -0.7132031911071494 -0.010815792230688112 0.9998583012240465 0.012899462458995765 -1.4576542973537394 0.004101345823070715 -0.012855750573864969 0.9999089501811667 100.78038540003519
0.9999300876406376 0.011211475493679394 -0.003758006773449213 -0.7388722786626694 -0.011156262849187845 0.9998340098909868 0.014404529998838567 -1.4655206113146133 0.0039188793586538455 -0.014361597927645166 0.9998891873117396 102.12422034497911
0.9999362302260111 0.010704340331898966 -0.003598964852256205 -0.7495162601285243 -0.010654401504393646 0.9998504766608255 0.013620134679147858 -1.485651826070058 0.003744221606707303 -0.01358092158862193 0.9999007647691012 103.4715337399062
0.9999374016177771 0.010622287437349238 -0.0035156542017267547 -0.7618527166221801 -0.010581751920892949 0.9998795418862697 0.011354658242516252 -1.4961681939748717 0.0036358434720040423 -0.011316745912820569 0.9999293534620312 104.79307996204615
0.9999506493745858 0.009277859001163517 -0.003552480896571646 -0.7726391304495505 -0.009241008175979136 0.999904735277568 0.010253007088544914 -1.5094649293213218 0.0036472687404788297 -0.010219672802721999 0.999941126131308 106.11861783673932
0.9999596051206837 0.008373020174986293 -0.003268124226966123 -0.7850429141872837 -0.008335890517577776 0.9999023722985859 0.011214223774760708 -1.5233589287416593 0.0033617023820323323 -0.011186528281421115 0.9999317779489982 107.4725321963021
0.9999805691098808 0.005582447130723405 -0.002774467644487027 -0.7933850079032301 -0.005546298803430053 0.9999017922705442 0.012870290969614144 -1.5171933767328225 0.002846043139761988 -0.012854653121778766 0.9999133252145708 108.79945353446087
0.9999909975058369 0.003769333778481874 -0.0019485943110410734 -0.8108098441347636 -0.003741168068057855 0.9998913005942109 0.014261509684521405 -1.5477979426475672 0.002002139070654341 -0.014254091562007768 0.9998964007947342 110.14710841136166
0.9999932852351003 0.003410066641498668 -0.001341984240556899 -0.8186566904146846 -0.0033920233276343616 0.999906785624282 0.013225514781049259 -1.556110317829544 0.0013869591627812604 -0.013220874197295658 0.9999116385147675 111.45861322704037
0.9999907380063993 0.004272576652661838 -0.000518633985355193 -0.8321219154762544 -0.0042665713833426235 0.9999295628820873 0.011075452460526918 -1.5738305007146751 0.0005659182303797924 -0.011073137312816308 0.9999385307964805 112.7912529887531
0.9999698213920704 0.007750656028452789 0.0005325603477117594 -0.83317772708663 -0.007755174522485921 0.9999286850286703 0.009081967766795544 -1.589620370166381 -0.000462131192156476 -0.009085823968729404 0.9999586162635573 114.14585910284703
0.9999412344020555 0.010657676943740944 0.0019853570600585424 -0.8504104582905943 -0.010674202897561224 0.9999068355139314 0.008507743946309205 -1.5924436128112416 -0.0018944994626541112 -0.008528436262446128 0.9999618375951481 115.44925939469559
0.9999306289921985 0.01123831062418696 0.0035266918564686046 -0.8637399959569969 -0.011276136245954109 0.9998770633704598 0.010895270516028902 -1.6072032743826266 -0.003403814141975191 -0.010934282379352688 0.9999344256088375 116.81866271068806
0.9999177706324115 0.012054735118942252 0.004374392616126937 -0.8722428516649415 -0.012109219964360759 0.9998466581912435 0.012650174693116106 -1.6028122338940014 -0.0042212276809318735 -0.012702105215802511 0.9999104148671538 118.11501857742665
0.9999212107295601 0.01136716076555954 0.00532540779075236 -0.8712686158523908 -0.011439320109401553 0.9998404218675017 0.013721252732175941 -1.6225814239122818 -0.005168586712778715 -0.013781090965235545 0.9998916777546623 119.47878164455734
0.9999115475249742 0.011727854363040094 0.00627331941811671 -0.871828267155679 -0.011809308841999272 0.9998443397147874 0.013108645537744974 -1.635764466532979 -0.006118607132819092 -0.013181569875883004 0.9998943988548145 120.79739238413427
0.9998789800520522 0.013500446796202388 0.007730663578427132 -0.8697229970625486 -0.01360065341236958 0.9998222178068361 0.013059672097572276 -1.646016367954319 -0.007552978424262234 -0.013163233956349009 0.9998848342619371 122.11053256478085
0.9998485551847759 0.015001993386963586 0.008820819533881037 -0.8734956142866703 -0.015112093490349754 0.9998070367284168 0.012550457082500636 -1.6490970407813041 -0.008630836285580564 -0.012681857684726303 0.9998823326514283 123.47335014430485
0.9998222218420091 0.01597248551047943 0.01002019869252348 -0.8764493943892073 -0.016091227040610306 0.9997999064895973 0.011883578333143663 -1.662491936857349 -0.009828384254874159 -0.012042703226223965 0.999879180781034 124.80353035698009
0.9997951366205855 0.01691072993987048 0.011122587973403477 -0.8673588803525918 -0.017035912946181977 0.99979149610915 0.011257975845215835 -1.6696060274415283 -0.010929889196786165 -0.011445153168328025 0.9998747651523091 126.1282069563309
0.9997955209080446 0.016315697335665215 0.01194631135817598 -0.8654946559059785 -0.01644866798552693 0.9998028934811453 0.011118252934251425 -1.6864672809439223 -0.011762555598435557 -0.01131248061905834 0.9998668261651421 127.47413866825097
0.9997881709643417 0.01598278780260774 0.012967793061526563 -0.8620400015857783 -0.0161374154888949 0.9997988692455203 0.011908186896120504 -1.6917258365381416 -0.012774859886015727 -0.012114931301606546 0.9998450036845513 128.79355926306422
0.9997796300509851 0.015730527847181326 0.013901143552063249 -0.8555011061641008 -0.015910841381120977 0.9997894575001931 0.012957076635291854 -1.710486479696353 -0.013694396263329146 -0.013175400435631182 0.9998194198624738 130.1672051602855
0.9998031058083675 0.013834141671071522 0.014225544274476518 -0.839407780491565 -0.014026106629909663 0.9998107034270006 0.013484275119164347 -1.7107543375710228 -0.014036309231357465 -0.01368114941339686 0.9998078856331728 131.49598513758284
0.9998154118911212 0.01298524121415471 0.01416070719457126 -0.8266545252299244 -0.013177421978965173 0.9998211767357941 0.013563558810394342 -1.7283830551018633 -0.013982050019116054 -0.013747657022471185 0.9998077336188391 132.83540775652554
0.9998429835244479 0.010831569207879175 0.014024456674920121 -0.8177062116275502 -0.011033519271996623 0.9998353881636646 0.014403404030071853 -1.7249291609502078 -0.013866137776507241 -0.014555881855234626 0.9997979078430866 134.1644401692037
0.9998612477522164 0.009866628071618982 0.01342143348607715 -0.7997505411552386 -0.010060368960843759 0.9998450528943177 0.014445040525150832 -1.7462023113882004 -0.013276831142321196 -0.014578061100237304 0.9998055840461131 135.49971232348025
0.9998757254688172 0.00983990151483908 0.012317058907014289 -0.7955706820428452 -0.010013888673819724 0.9998498149150388 0.014144598428833399 -1.7561102512352234 -0.012176028631048066 -0.014266182550983154 0.999824094709535 136.83871928809376
0.9999064790167652 0.007753218161842567 0.011265914007703638 -0.7846699103297131 -0.007927158228192285 0.9998487888619477 0.015477712482560165 -1.7670953097051434 -0.01114420932421448 -0.015565571978251482 0.9998167429922133 138.1724955220082
0.999925130468546 0.006758172282189791 0.010201007681755133 -0.7665203865733998 -0.006919456034262317 0.9998502966718679 0.015858921163264882 -1.775759524289485 -0.010092304075988993 -0.015928319548327793 0.9998222012112209 139.51416033190887
0.9999451128561209 0.005522810764064185 0.008903360735474163 -0.771021930823708 -0.005665515066311221 0.9998546031239751 0.016083362668303028 -1.7842915066041347 -0.0088132415783017 -0.016132922337878497 0.9998310135167198 140.87745740745558
0.999960017808419 0.004608324224361193 0.007663297613946355 -0.7690506702740675 -0.004728692124835301 0.9998645618864859 0.015763798918304622 -1.7797003270488392 -0.007589615643884056 -0.015799406330904705 0.99984637644694 142.19380472669914
0.999968955883612 0.004292283602777334 0.006607841459731209 -0.7628451291114007 -0.004393261542332275 0.9998726286778218 0.015343587439282418 -1.7822406164204485 -0.006541141322103955 -0.015372141387872565 0.9998604456320527 143.54745848072722
0.9999798469991061 0.002495455527882633 0.005837662112911962 -0.7525037631880485 -0.0025717773954617197 0.9999108413682187 0.013103254356730161 -1.7940475418279882 -0.005804443526511722 -0.013118003710034812 0.9998971079131147 144.89567075003728
0.9999889092289473 -0.0005233562711773193 0.00468054734656058 -0.7666425074586396 0.0004656187561153796 0.9999238960112261 0.012328235052460725 -1.8196440521573605 -0.004686643583420493 -0.012325919210918796 0.999913049763215 146.20185307073282
0.9999443735509986 -0.009911662274131382 0.0036067670921302386 -0.7588182191827696 0.009855138541062963 0.9998333697137285 0.015365839872483689 -1.8140919895089667 -0.003758467415405044 -0.015329440227490668 0.9998754333350964 147.5788750832519
0.9998535782290631 -0.016993373235373192 0.0020118102060308492 -0.7468490965908754 0.016956911381477913 0.9997128285080104 0.016932916360093274 -1.8230665630671918 -0.002298980018549561 -0.0168963232432612 0.9998546039082414 148.89940592532594
0.9998228364813989 -0.018789387906504033 0.0011200721843029652 -0.7185302192510978 0.018772094557160873 0.9997279172908776 0.01384557121326907 -1.840511771564544 -0.0013799173443785461 -0.013822092439133038 0.9999035181418137 150.21053331115175
0.9998302724434395 -0.018386414038227723 0.0011688003176556262 -0.7438013533686505 0.018372623113393213 0.9997719942540507 0.010881461928084354 -1.8531540694322552 -0.0013686049943155555 -0.010858141315239002 0.9999401120514052 151.60140652101825
0.999888839201967 -0.014727572757994637 0.0023254790948664898 -0.7492893250181254 0.014707387302049686 0.9998559544364708 0.008471311846287586 -1.8619954484505168 -0.0024499061806145055 -0.008436168599802904 0.9999614137647144 152.91701328397727
0.9998833736630655 -0.014947479410371034 0.003132402474579753 -0.7532231208230697 0.014919675353281694 0.9998506755117795 0.008719515678007057 -1.8746212887964182 -0.003262269778815924 -0.008671764481662847 0.9999570781264447 154.2885346347573
0.9998294807686483 -0.01813062532530012 0.0035056844906097926 -0.7600048600030211 0.018088381535494163 0.9997676012595933 0.01172833802651483 -1.8771654905709034 -0.0037175121797710844 -0.011662926173696605 0.9999250753211073 155.6173535115087
0.9996320775592121 -0.02685967692916402 0.0037772041847935218 -0.7571869291637792 0.026801487596873026 0.9995327735453527 0.014694041943573807 -1.8737832986248022 -0.004170116932995779 -0.014587401248265644 0.9998849023016286 156.95612344468057
0.999578438462922 -0.028777018046891777 0.0038507908493200836 -0.7401128845003802 0.02871223377562648 0.9994606658983128 0.01593690540767667 -1.8918877429213925 -0.004307330949996551 -0.015819622500538963 0.9998655841891748 158.30695097559965
0.9995385089130937 -0.030155837094796918 0.0036598747950674256 -0.7343361954903014 0.030092651091843392 0.9994151636720809 0.016240781251563995 -1.9044320497840657 -0.0041474890561421516 -0.016123151231872804 0.9998614115622123 159.63372755350872
0.999561286898913 -0.02923311064003923 0.004760144206501707 -0.7412814206544946 0.029150988636236518 0.9994389356937086 0.016493443598968288 -1.8971165276161457 -0.0052396285483544275 -0.016347445095093668 0.9998526428095151 161.00022105482125
0.9996164461353532 -0.027034689991620307 0.006007175340632122 -0.74334278249599 0.026934336989370956 0.999505897953739 0.016201896282038945 -1.8947778176196266 -0.006442220955638588 -0.016033882987231088 0.9998506950471252 162.3417850589021
0.9996865704895583 -0.024043507689127896 0.0069764266695845276 -0.7511431071485792 0.0239392355512151 0.9996058659998429 0.0146637530133294 -1.9051696749940643 -0.007326245686539509 -0.014492146900334884 0.9998681432076946 163.6924772259292
0.9997087473779467 -0.022883178535762758 0.007666848518805912 -0.7526865312499593 0.022772029333850707 0.999638634514245 0.0142840840663739 -1.9049746876893319 -0.007990943892437569 -0.014105334344071505 0.999868583543635 165.04162252485523
0.9997580718274952 -0.020495944210603127 0.007982111228894877 -0.7528977862363138 0.02036805254022344 0.9996679007340231 0.015787041044547073 -1.9189843054531277 -0.008303031375634677 -0.015620641939106067 0.999843515363883 166.3778066582495
0.999776415511756 -0.01968353369920991 0.00772512144255688 -0.7461676230229763 0.019563289251402063 0.9996908704178747 0.01534409669987149 -1.9074694751218395 -0.008024760087885887 -0.015189537490371118 0.9998524296994618 167.71561583897588
0.9998355961807156 -0.016579772208860265 0.007341102050994254 -0.7420342400331815 0.01648138836524648 0.9997761699670751 0.013265511274683197 -1.9293355557178506 -0.0075593986740329685 -0.013142339060226226 0.9998850606014603 169.10319498245167
0.9998790918868452 -0.014004271390071914 0.006758846569690835 -0.7473128676820908 0.013930278018370818 0.9998438459065653 0.010873414525278378 -1.9351795124006417 -0.006910065970295568 -0.010777947425534593 0.999918040058613 170.51342408476665
0.9999443965405346 -0.008308097283569373 0.006494564045993131 -0.7523403013773623 0.008249380668933189 0.9999253262946916 0.009016071279222262 -1.9381818144178569 -0.006568986017421525 -0.008961993988306235 0.9999382636356823 171.856838981795
0.9999614136183306 -0.005485117945941156 0.006861834234290253 -0.754775452168148 0.005415654565663078 0.9999343165510405 0.010101151371202138 -1.9451175282270379 -0.006916790108009149 -0.010063600468941369 0.9999254381987178 173.22291756959584
0.9999705346755727 -0.0007967525236125522 0.007635114543066718 -0.7662475602756783 0.0007008254437720508 0.9999208946953678 0.012558391195219402 -1.9699537436081518 -0.007644517130703268 -0.012552670516186292 0.9998919900762431 174.57966310016047
0.9999702853766532 0.00036415387160589757 0.007700374138338338 -0.7661800226982443 -0.00047784226739449893 0.9998908429348772 0.014767324613383726 -1.9750360206409285 -0.007694156647979929 -0.014770565657270916 0.9998613055534121 176.00641556377846
0.9999744824674675 -0.0021661746643509942 0.00680750401944753 -0.766805303204522 0.002056107535368416 0.9998677222693125 0.01613413696014223 -1.9755551298647798 -0.006841553461986112 -0.016119728606952512 0.9998466619919604 177.40521942461552
0.9999760452004623 -0.004359140494039283 0.005376516628072358 -0.7641452622445255 0.004272655789359899 0.999862964801881 0.015993624268155343 -1.9770583011089078 -0.0054454987582393775 -0.01597026944619344 0.999857638385736 178.80846285815355
0.999973012806021 -0.00665719996986514 0.003107307535062655 -0.7583030724223521 0.006618390323591695 0.999901987486546 0.01233743561303624 -1.9800315489600524 -0.00318913601511165 -0.012316537521209066 0.9999190628823574 180.1453202731725
0.9999931743614174 -0.0033677497517722223 0.0015197036105321425 -0.7762577196961946 0.003354548151795502 0.9999573271533394 0.008607605458989915 -2.0150125250358903 -0.0015486271452694782 -0.008602448953360691 0.999961799083545 181.55978251280033
0.9999994772997975 -0.00019177407878308295 0.0010043030403099303 -0.803318040187115 0.00018382747783390885 0.9999687247068645 0.007906694188474674 -2.0160814031620595 -0.0010057880080068895 -0.007906505592018017 0.9999682372758841 182.9556454831381
0.9999953517172957 0.002973042624492355 0.0006764295532034736 -0.8211329499267136 -0.002978969709371295 0.9999556307022859 0.008936574783734271 -2.0171004449843566 -0.0006498307706207921 -0.008938548485080832 0.9999598392299378 184.28442094536337
0.9999820144554042 0.005903016698963273 0.0010607305156307373 -0.81820638880353 -0.005915052438736468 0.9999137531512349 0.011725972077017068 -2.030191953223842 -0.0009914204966590073 -0.011732035690594392 0.9999306858111702 185.7297660303766
0.9999730053426085 0.007193357271359602 0.0014980601726509914 -0.8259377102675036 -0.007214158140387568 0.9998706336238549 0.0143760894506858 -2.0447430843669636 -0.0013944541331334952 -0.014386508903992613 0.9998955364753087 187.0975281527981
0.9999872929340283 0.004772265945845912 0.0016246357243940076 -0.834464981535186 -0.004795900852545805 0.9998779542107776 0.014868625393836356 -2.035721236721644 -0.00155348052939214 -0.014876228344683272 0.999888136009544 188.54465236563652
0.9999875988314785 0.004761109335447957 0.0014608264741095116 -0.830679634339703 -0.00478344416799309 0.9998655143529749 0.01568667816127068 -2.050880176222312 -0.0013859441288415824 -0.015693471721839658 0.9998758893528568 189.95992819927494
0.999997129536024 0.001750874056913731 0.0016356524627121165 -0.8387293740973757 -0.0017772606797678264 0.9998660160343839 0.016272409767487186 -2.05596398719098 -0.0016069424941791768 -0.016275270359741092 0.9998662577143365 191.31256703570597
0.9999980525437988 9.218946928940888e-05 0.001971398552046346 -0.8501447259841688 -0.00012463442090924516 0.999864450532415 0.01646405236893727 -2.060952705883472 -0.001969613670934499 -0.01646426633300536 0.9998625148293786 192.77176027715305
0.9999937362179993 -0.0026282636121223064 0.0023706037495299414 -0.8449681695022481 0.0025867247761134603 0.9998459816557356 0.017358623500163112 -2.063987624300711 -0.0024158618615447245 -0.017352383008107142 0.999846517431756 194.14450709940022
0.9999684048107019 -0.00750109585686963 0.0026311505647276805 -0.8450100759847008 0.00745018927784548 0.9997945358087179 0.018851547121988204 -2.059072699967849 -0.002772017438062076 -0.01883134929722426 0.9998188316934336 195.59364662415044
0.9999340195339469 -0.011121911259159813 0.0028739663217857733 -0.8376525543638398 0.011063295270154731 0.9997454218556391 0.01966456092673172 -2.0706116922947064 -0.0030919424190223276 -0.019631468287724087 0.999802503173086 197.00276423124006
0.9999522844999622 -0.009266734380611956 0.0030913380067128034 -0.8470510112119345 0.009215363818729122 0.9998256948897901 0.016237514932512933 -2.0777776723767296 -0.003241268168750978 -0.016208252656678728 0.9998633840328799 198.41978459374556
0.9999902358249169 -0.0028782410547447037 0.0033532061658894103 -0.864680114506847 0.0028404571581867356 0.9999330324999784 0.011218837305288883 -2.089435996815246 -0.0033852724049883405 -0.011209203340111046 0.9999314444955404 199.84968531879096
0.9999639681024247 0.00695857575518916 0.004862171458529501 -0.8792807043926469 -0.007007768744120011 0.9999236804687733 0.010174695379897762 -2.080692835228266 -0.004790999388361248 -0.010208401942125045 0.9999364154048028 201.30167961888637
0.9998895728161563 0.013474461854520456 0.006267457525021655 -0.8992982506532634 -0.013559959752630258 0.9998127563438514 0.013805063262769588 -2.0809229788596113 -0.0060802686884754865 -0.013888525559412095 0.9998850629896502 202.7452260229696
0.9998618443476611 0.014984488319859516 0.007194254317027272 -0.8964712376599727 -0.015098331430985594 0.9997573583446677 0.016039478028348788 -2.0842521649661587 -0.006952165895485838 -0.01614588364392598 0.9998454769769654 204.15851931217088
0.999866980463632 0.01483657243235472 0.006774766790900297 -0.8963705883266324 -0.014948120572408434 0.9997484235085683 0.016722542095413795 -2.098113713922808 -0.006524957750544173 -0.016821588039060118 0.9998372163024721 205.63974106591286
0.9999254064736341 0.010960836505199419 0.005389019559311897 -0.8854289382108684 -0.01105052531809533 0.9997960388542759 0.016904632477085776 -2.097035971759381 -0.005202631922616753 -0.016962923336511237 0.9998425835375778 207.06357018585857
0.9999518237251049 0.00886309932613671 0.004218493167905074 -0.883782374509746 -0.008932141976615278 0.999821660830172 0.01663921230943899 -2.1014574152467693 -0.004070266185007525 -0.01667609120623081 0.9998526596044323 208.50397237097474
0.999949398273455 0.00935382204102337 0.003702281646993695 -0.88971727335725 -0.009412616938597379 0.9998245436856419 0.016195199894787966 -2.1033641515384462 -0.003550145328078423 -0.016229228872800372 0.9998619947779109 209.98957905478272
0.9999381000582478 0.010543740890433832 0.003553246394913057 -0.8995544703553384 -0.010599918971230297 0.9998128956708643 0.016180710273809986 -2.1116740910544234 -0.0033819766239607143 -0.01621737313761933 0.9998627701068302 211.45706346690278
0.999925833779255 0.011682840348941282 0.0034406625303987385 -0.9019149504834174 -0.01173891328756699 0.9997907206484284 0.016754487161854126 -2.1030268265287013 -0.0032442027334784766 -0.016793634521261844 0.9998537137960989 212.8936928328893
0.9999320452624136 0.011274053673181572 0.0029665718111967386 -0.9125420112059601 -0.011322680832307213 0.999792737783465 0.01691976337668859 -2.115519596109633 -0.0027752028540590492 -0.0169522034848913 0.999852449639648 214.33674634323694
0.9999250445023701 0.01191949457127587 0.0027983925945233097 -0.918585796062203 -0.011963726071536857 0.9997945844353077 0.01636026323970043 -2.1238486320338485 -0.002602811899733214 -0.016392516480571887 0.9998622459007427 215.80382504081447
0.9999371617642682 0.010932484736842945 0.002480580181419485 -0.9283409806243004 -0.010970734093447614 0.9998123068576883 0.015968533669620883 -2.12304182488335 -0.002305539025531241 -0.015994744342453737 0.9998694177977859 217.28384178195662
0.9999381579690124 0.01096064584029786 0.0018826729030730512 -0.9262074618074503 -0.010989394363069806 0.9998115009156581 0.016006119659014443 -2.128879345782285 -0.0017068807440932439 -0.01602581956592438 0.9998701214008651 218.75843010203226
0.9999078092286747 0.013468872338136187 0.001721188589085706 -0.9343742774650351 -0.013494397402325428 0.9997841786264081 0.015795487755876674 -2.142795208250184 -0.0015080698272078965 -0.01581725828134535 0.9998737620673768 220.24081805146906
0.9999331653170472 0.011444657114514417 0.001638504723450264 -0.9405909228380691 -0.011469018639711684 0.9998106108369017 0.015722725250317246 -2.1386362324231594 -0.0014582533202607783 -0.015740466785992925 0.9998750477972393 221.73143345217144
0.9999093626745944 0.013410299017861206 0.0011959448856726674 -0.9490072322590843 -0.0134272811234982 0.9997889652620844 0.015547767947449491 -2.14780723703156 -0.0009871923542138846 -0.015562417343733922 0.9998784109195961 223.20369820034293
