1.0 -3.469446951953614e-18 0.0 -1.7787691892340307e-19 0.0 0.9999999999999999 -3.5575383784680614e-19 0.0 2.168404344971009e-19 -2.371692252312041e-19 1.0 0.0
0.9999999398638733 -7.08535559765227e-05 -0.00033948727388392647 0.05569069961672338 7.123806521749064e-05 0.9999993559314045 0.0011327230995349811 -0.026761272848715878 0.0003394068273799933 -0.0011327472383819146 0.9999993008434594 1.3159701006825606
0.9999991075624272 -0.0005587901877283866 0.0012135198795759842 0.11108300046058615 0.0005566348298350308 0.9999982684086526 0.0017757635472657302 -0.04833477912174309 -0.0012145101586562628 -0.0017750865086460634 0.9999976870130872 2.5650198957187875
0.9999994947927833 -0.0009429101130760207 0.0003483341745980739 0.10904854103790072 0.0009422641193130299 0.9999978443832503 0.0018502338747024072 -0.07490792426612305 -0.0003500780559714744 -0.0018499047526108073 0.9999982276472051 3.8978984948074484
0.9999987328633879 -0.0014877659285646959 0.0005664161707852936 0.09779119565902622 0.0014865949159000667 0.9999967682301005 0.002062416610750674 -0.09137755050467797 -0.000569482779771172 -0.0020615720050176935 0.999997712802258 5.228835672308303
0.9999984128282317 -0.0017682142362045652 0.00021854619245467157 0.09987459980755067 0.0017677023507041006 0.9999957437039844 0.002321163334635002 -0.09940006080496526 -0.00022264959311885687 -0.0023207733701386614 0.9999972822154094 6.559451264580032
0.9999951890733595 -0.0030654856655615813 0.0004739544885928274 0.08670675316471423 0.0030640505209501723 0.9999908055162812 0.0030000787251157272 -0.13188907760778945 -0.000483146867335954 -0.002998612127821059 0.9999953874364979 7.893892429845426
0.9999951924778523 -0.0030719529531917575 0.00042205598649029804 0.07188053365043907 0.003070643273668929 0.9999905732768278 0.0030699352427360103 -0.14183684511700995 -0.0004314827382796338 -0.0030686245583569963 0.9999951986714334 9.227684004804415
0.9999953926254762 -0.003032058602913749 -0.0001461251566510311 0.07966873739135125 0.003032515556945241 0.9999901722137913 0.003234087237777797 -0.16208560350210088 0.00013631779288873075 -0.0032345155254783764 0.9999947596500839 10.549837912277983
0.9999999759619546 0.00013786124203188886 0.00017050044400939335 0.05869109430064821 -0.00013787226436456738 0.9999999884101358 6.458470058381542e-05 -0.2016034067432463 -0.00017049155267091277 -6.460820755382783e-05 0.9999999833790798 11.87623874865428
0.9999971443386197 0.0023668396761798776 0.00033072773518042485 0.05162475253744857 -0.0023667510304307554 0.9999971631616525 -0.00026863070890999284 -0.22593303775255005 -0.0003313626311578924 0.00026784719532016714 0.9999999092280729 13.198873543311812
0.9999864354018464 0.005199359178947324 0.0003093003215250778 0.034882551057519695 -0.005199200708536033 0.9999863529709013 -0.0005120490495797084 -0.2213364787410332 -0.00031195845453986927 0.000510433995722007 0.9999998210692468 14.532567137166849
0.9999826672464012 0.00581049306833229 0.0009504561064529759 0.011880281864614654 -0.005810694929015603 0.9999830958587155 0.000209363020789917 -0.2596735314522263 -0.0009492236178493126 -0.00021488221034278893 0.9999995263992935 15.880185650088066
0.9999892592673879 0.0045156189401295635 0.00104428362246086 0.02639154442834008 -0.004518501566799258 0.9999859427749616 0.0027744196136981498 -0.28858509742208827 -0.0010317408062046954 -0.0027791084689766446 0.9999956060233763 17.229143153594798
0.9999992568828476 -8.434940813357474e-05 0.001216191104998524 0.02168525624290219 7.795251721661248e-05 0.9999861690077742 0.005258870142797257 -0.31697974741528406 -0.0012166179649927673 -0.0052587715322763235 0.9999854324749966 18.590182974255733
0.9999973440711989 -0.002051176895801041 0.0010509654953549177 0.022973083255014272 0.0020466526024662517 0.9999887113758453 0.0042881616123207926 -0.353387283977338 -0.001059749495361884 -0.004285999344045426 0.999990253522521 19.932086215146626
0.999995075196661 -0.002923287576464437 0.0011419185664241873 0.03770565713961965 0.0029217140636639636 0.9999947832067367 0.0013773677150586963 -0.3470839552268863 -0.0011459391467238096 -0.001374024596169626 0.9999983994379481 21.28736989553856
0.9999989297215304 -0.0009319699243441025 0.0011278257550881327 0.006546154170845746 0.0009316935038185415 0.9999995358018448 0.0002456457112132848 -0.3982278778481088 -0.0011280542610357508 -0.0002445946635638886 0.9999993338325026 22.640000060378462
0.9999970749401124 0.0011169570372733658 0.002145348268486661 0.0003159921331903695 -0.0011192671613157014 0.9999987948682764 0.0010758739466070841 -0.38202307066692304 -0.0021441441584790226 -0.001078272037840433 0.9999971199821077 24.00932707522312
0.9999932652807769 0.0020389003633500616 0.003051602643712102 -0.007183054004702524 -0.0020586551882997035 0.9999768565420691 0.006484467669572434 -0.4094248979173289 -0.003038311087220465 -0.006490706323136218 0.9999743193677361 25.37626125668632
0.9999961915315619 0.0004733756180741334 0.002718977868514048 0.007954741975179529 -0.0004929759332442697 0.9999738676606661 0.007212556364443557 -0.4381361193122773 -0.002715492790598589 -0.007213869426637537 0.9999702926513532 26.779188270336792
0.9999900225194958 -0.0033513073781694137 0.0029535756005555497 0.0061735696202550455 0.003329736032716222 0.99996796802677 0.007278445690832969 -0.4840454504209505 -0.00297787354597678 -0.0072685385814516106 0.9999691498312395 28.14691984010045
0.9999897193336457 -0.003528742460509573 0.002847667866219824 -0.0037380422890056983 0.0035155072257732605 0.9999830578671638 0.004639523858672019 -0.4806349971594807 -0.0028639915435182614 -0.004629465250527796 0.9999851826908571 29.505871778589412
0.9999863253591502 -0.0040760461303884134 0.0032764237081416665 -0.0018289683703891293 0.004067238132257246 0.999988109157362 0.0026905597599855766 -0.5222728927238725 -0.0032873518697519406 -0.0026771970190749583 0.999991012924703 30.900834058789275
0.9999906475342576 -0.0016276714535034386 0.00400693610035373 -0.029081683362068567 0.0016213588125314603 0.9999974402365028 0.0015781993904698316 -0.514654209063202 -0.0040094949710867255 -0.0015716879757245589 0.999990726828231 32.27151582919712
0.999989071710632 -0.00010188005536655546 0.004673979593306558 -0.025214869424117728 0.00010358140657761375 0.9999999284736591 -0.00036376289972180086 -0.5592945841551906 -0.004673942594084636 0.0003642430728574136 0.9999890107307465 33.651858889164615
0.9999881016189807 0.0002582902145927277 0.0048713357163164585 -0.028804175979829094 -0.00025808512515015664 0.9999999657831792 -4.273334545549403e-05 -0.5638543787330217 -0.004871346998958863 4.147562229445679e-05 0.9999881340559645 35.04368775556054
0.9999914734377144 0.0004117194600368754 0.004108958887447307 -0.020974617613421224 -0.00041751326992161154 0.9999989198077308 0.0014092787167164682 -0.6083818352784843 -0.004108374567580711 -0.0014109822700561633 0.9999905651468928 36.43886359312137
0.9999914670660356 0.0009358390040615479 0.004023680366132036 -0.044021694616651084 -0.000945113146660766 0.9999969001076244 0.002303592294350989 -0.6022850640339998 -0.004021512439675403 -0.0023073755140830027 0.9999892516680091 37.8436106598437
0.9999902301639348 0.0026701984449451262 0.0035227285563350003 -0.03074081308402308 -0.002679643215956466 0.9999928210608708 0.0026790564137204077 -0.6106238462115534 -0.0035155499496967255 -0.0026884699476281628 0.999990206469065 39.244672574192535
0.9999715140751964 0.006242385539664446 0.0042430712015063396 -0.06114541165829416 -0.006256594006408769 0.999974837548528 0.0033435480030644246 -0.6734830951911279 -0.004222093074197978 -0.0033700000006211765 0.9999854084064258 40.63306324414154
0.9999589439839741 0.008180589364798062 0.003897215817644775 -0.05115651614418814 -0.008194224165184923 0.9999603175235408 0.0034954378094099853 -0.6749583739898004 -0.0038684667496795663 -0.0035272290333264265 0.999986296714307 42.067654833276876
0.9999556059120326 0.008747204308478739 0.003503228084886292 -0.05099822138313514 -0.00876022298652924 0.9999547161331285 0.0037180902013535426 -0.6890476975488724 -0.0034705468413497803 -0.003748614277085075 0.9999869515109132 43.45955835936324
0.9999605510789631 0.008208074485908363 0.0033946701734637666 -0.07604782067430951 -0.00822029468388329 0.9999597271273066 0.003601512982284332 -0.7136529413920315 -0.0033649722554716945 -0.0036292761707430285 0.9999877525813656 44.884354157621594
0.9999637704083132 0.008112638944339128 0.0025773913291269527 -0.07234428406198243 -0.008120646689015363 0.9999621858454697 0.0031115901628070678 -0.7480403406052556 -0.0025520508733661088 -0.0031324075814040983 0.9999918374948518 46.282882727888975
0.999966609793442 0.008025161254831001 0.0015414506052361964 -0.0777482935296141 -0.008030816960396422 0.999960913606065 0.0036982773701351524 -0.7784247477483973 -0.001511711208485456 -0.00371053306960328 0.9999919733038878 47.712554701120425
0.9999707493791293 0.007624972424015442 0.0006001386395205752 -0.08125765884469488 -0.007627333050573663 0.9999627752389825 0.004033849545794765 -0.7879975411674871 -0.0005693583532821386 -0.004038309095441123 0.9999916839107885 49.10580779504032
0.9999641207167148 0.00845904061429933 -0.00044932396421053884 -0.08635717103274677 -0.008457049984967931 0.999955153643882 0.004262513812365317 -0.8152251141494548 0.00048536063505734287 -0.0042585610120082825 0.9999908145002434 50.53669757491594
0.9999647299183628 0.008219666190890602 -0.0017251047388375455 -0.08579569126543045 -0.008212371394538703 0.9999574817893102 0.004194232519641026 -0.8242089572677717 0.0017595067332675201 -0.004179917478019463 0.999989716162026 51.9972198741986
0.9999591142367044 0.008660910209475018 -0.0025997049418441318 -0.10526093186892545 -0.008647714746415472 0.9999498812514297 0.005045000751802549 -0.8473962355157916 0.0026432691733031394 -0.005022313084106093 0.9999838946229074 53.40427759586531
0.9999651682665226 0.007577450722209059 -0.003499210170339268 -0.11994800779548016 -0.007556954088386093 0.999954426385993 0.0058341760718845625 -0.8743812699868507 0.0035432591840332804 -0.0058075296099661155 0.9999768586933167 54.86243948098352
0.9999788731142886 0.005155045274694393 -0.003959648443553188 -0.1216275283492564 -0.005126364080569549 0.9999607969294941 0.007219764776680913 -0.8946055899069791 0.003996711770729143 -0.007199313795078065 0.9999660975180169 56.25269568202096
0.9999861776266262 0.003381677500218651 -0.004026015300117305 -0.1645164349636862 -0.003354537895120569 0.9999717341865925 0.006728886068384186 -0.9094529371447625 0.0040486567715080695 -0.0067152877765572164 0.9999692561763335 57.669687583833884
0.9999897030478819 0.0022248810662311496 -0.003955210630437406 -0.17807151792831485 -0.002196654300820635 0.9999721919507795 0.0071267129123998955 -0.9347255081596048 0.003970957073572837 -0.007117951443762775 0.9999667825865931 59.11890303087055
0.9999902011044091 0.0021718928374823664 -0.0038575336242947815 -0.17263737968852066 -0.002142379932182449 0.9999685314400872 0.007638477555001575 -0.9587909183919515 0.0038740025213858855 -0.007630138558935195 0.9999633858794341 60.52549213163294
0.9999941476104136 -0.00023357871451061725 -0.00341323601174286 -0.18805384999140756 0.0002624636258102813 0.9999641400626003 0.008464614505955731 -0.9697485038161905 0.00341113675468554 -0.008465460987480926 0.9999583491951652 61.98659839385006
0.9999924705502712 -0.002188526349906508 -0.0032045581063068367 -0.18878312567900474 0.0022153676631138063 0.9999622949410191 0.008396477631993632 -0.9971702563531372 0.0031860616419210276 -0.008403513852087643 0.9999596141717216 63.39574046457844
0.9999919686523269 -0.0028665096027548475 -0.0028010270831858044 -0.19679510694112645 0.002887207648137215 0.99996835160041 0.007413489282713854 -1.020201588243286 0.002779687838064899 -0.0074215170355637836 0.9999685967206394 64.80592549049318
0.9999935803482062 -0.0030853098298869574 -0.0018221215553587443 -0.21742871701331068 0.0030983092111263634 0.9999694602975701 0.00717488298498244 -1.0442097603711713 0.0017999293294515969 -0.007180482561358093 0.9999726000894384 66.2460464260802
0.9999985360952037 -0.001208530561666801 -0.0012113055867388634 -0.22360403089746522 0.0012171042201990032 0.9999740369906844 0.007102393824982938 -1.0632124547687514 0.0012026907850833939 -0.007103857852963868 0.9999740440343501 67.61973941482744
0.9999992729246747 0.0010924082671368816 -0.0005106776291614115 -0.249719981374738 -0.001088152549856827 0.9999652862211541 0.008260888332762631 -1.0814970110850504 0.0005196842148599095 -0.008260326795377394 0.9999657478798145 69.06519527150726
0.9999909733232168 0.004233734401736579 0.00035882807490697846 -0.2629197411215769 -0.004236919178678076 0.9999468919337029 0.009394776899376333 -1.0999460150233413 -0.0003190340477141106 -0.009396212609492369 0.9999558037275439 70.4344880589545
0.9999659940204408 0.008109642212088939 0.0014981623900428287 -0.2832646705489116 -0.008124673068397243 0.9999137942579557 0.010314734803702817 -1.1262523441296426 -0.0014143845427595843 -0.010326556329256895 0.9999456794007464 71.87908510362095
0.9999309665619891 0.01157536262618682 0.0020181837629636677 -0.2909903497496439 -0.011595153643469884 0.9998818980941334 0.010086738803552573 -1.1310444818426295 -0.001901187905457997 -0.010109443838679778 0.9999470909155963 73.251271902579
0.9998666926875533 0.01610804528593012 0.00266977369339964 -0.30185671409513304 -0.01613346092934996 0.9998219358849706 0.009788156176595978 -1.1601528430963401 -0.002511630444832075 -0.009829924237416191 0.9999485308263993 74.62705811860128
0.9998432975860441 0.017332953692519668 0.0035984642963879186 -0.32058562308051575 -0.017367594300013285 0.9998008579230802 0.0098291001020114 -1.164301614235645 -0.0034273806365150376 -0.009890056731721405 0.999945218418874 76.0788124151768
0.9998339914272282 0.01780432997719424 0.003872386331484085 -0.3167581329125781 -0.017843484451741956 0.9997875005217858 0.01032297965266935 -1.176901916375296 -0.00368777001964082 -0.010390363030278026 0.9999392185064815 77.44836283111032
0.9998437784094805 0.017236135253269676 0.003915913019608507 -0.3166747233343966 -0.017276542598486037 0.9997952964743934 0.010530254844447475 -1.212011705703779 -0.003733610829650085 -0.010596263448398138 0.9999368876834909 78.88789249643551
0.999862437781436 0.0162908097691915 0.0031168880419183585 -0.2982034593415333 -0.016319095746640935 0.9998238118297276 0.009275368074452716 -1.212491210488271 -0.002965235870308755 -0.009324957122489489 0.9999521251290124 80.23527495113369
0.9998684315950196 0.01589971195047076 0.003212261102748283 -0.32222199306366994 -0.015929537583440782 0.9998281485920109 0.00948278200361239 -1.2492429190449759 -0.003060935820738347 -0.009532704400649794 0.9999498778528089 81.64822511571465
0.9998773935664771 0.015378773686786893 0.0029480702197482397 -0.3391161384955509 -0.015407610502098417 0.9998310713078096 0.01002169760960258 -1.2490792869109197 -0.0027934510154725015 -0.010065891810583127 0.9999454357379581 82.99554528028932
0.9998750614612836 0.015592197881444059 0.002597074372070372 -0.34911894462698567 -0.015615263902991932 0.9998365615562188 0.009111188001713589 -1.2638823237226875 -0.0024545866649982075 -0.009150603855197312 0.9999551197193752 84.3742813487458
0.9998798445362688 0.015379227041737819 0.0019431489969833902 -0.36656967591627976 -0.015397088469920186 0.9998359679957752 0.009537652001959907 -1.273798075054066 -0.001796148687764195 -0.009566425036848847 0.999952627559174 85.77210616498512
0.9998809489136089 0.015405848853571654 0.0008647436217812075 -0.37227066137884135 -0.01541383610623475 0.9998297099284983 0.010147159091206283 -1.292706321837841 -0.0007082708178528347 -0.010159280288814803 0.999948142344799 87.15128823247628
0.9998975001701996 0.014313080067855862 -0.0003533486080937291 -0.37800799372780286 -0.014308127640137204 0.9998327245757239 0.01139299710872887 -1.3094044238553313 0.000516358433350245 -0.01138677380729255 0.9999350352703651 88.5591922750928
0.9999306144574207 0.011667733142308024 -0.0016218025812614347 -0.3684487257931024 -0.011647524407981976 0.9998606721212915 0.011957070854636298 -1.328847966809936 0.0017610886885945092 -0.011937351467288375 0.9999271964568177 89.91285276952671
0.9999401584465066 0.010675024303576246 -0.0023923530661443277 -0.3875415120233072 -0.010645156506711363 0.9998693010070772 0.01216805516391972 -1.3424985269091598 0.002521934894882096 -0.012141860285327504 0.9999231045846435 91.30122232369536
0.9999501815881684 0.009699201568344626 -0.0023579238257112746 -0.407647933644702 -0.009670726095676646 0.999883585530396 0.01180222271203723 -1.3606527435420555 0.002472121684126943 -0.011778832150169467 0.9999275712451535 92.66149878762
0.9999628764900398 0.008131083540247072 -0.0028515083131787165 -0.4115471880738636 -0.00809611324600428 0.9998943995619516 0.012068251228917633 -1.383750579218594 0.0029493354100453974 -0.012044717324871503 0.9999231101514747 93.99197715304082
0.9999651635918192 0.007720202306139028 -0.003173335312530736 -0.43419544108361985 -0.0076822350773347444 0.9999007775770766 0.011807551686026417 -1.392080427939863 0.003264177419156581 -0.011782762286288485 0.9999252530409309 95.36390748860322
0.9999683149633346 0.00735581729749994 -0.003043189175518851 -0.44311870660046204 -0.007321424086069277 0.9999108915387926 0.011162694242316137 -1.3985566888370708 0.003125029013642356 -0.011140060301154194 0.9999330643896959 96.7391182099003
0.999956194133893 0.009092698134083229 -0.0022209524831485216 -0.47582338928938783 -0.009068639433225705 0.9999025593124661 0.010612807144969831 -1.4164510303618443 0.0023172353275564433 -0.010592201442110993 0.9999412161205931 98.07062488801421
0.9999404146172838 0.010691190393462412 -0.0022058183049042863 -0.48480478247380704 -0.010667166481345561 0.9998866009944752 0.010629992091706987 -1.4206340508012365 0.002319215640538431 -0.010605829087586989 0.9999410670813921 99.42042246802882
0.9999381740053278 0.010826848972782587 -0.002535247241282945 -0.46049792299045433 -0.010796737431883781 0.9998743779678991 0.011604256324438006 -1.4308721605667483 0.0026605665225621885 -0.01157616671957901 0.9999294543910516 100.80302567698867
0.9999345859530012 0.011238386115867728 -0.0021266081919238604 -0.5111344741815276 -0.011210106898067219 0.9998542993023116 0.01287298299447657 -1.4359681293178854 0.0022709700985797834 -0.012848301679091624 0.99991487830101 102.11220116048544
0.9999373878944795 0.010950085660068049 -0.0023056203582234496 -0.4969634225561137 -0.010921350747944793 0.9998668169477509 0.012127344531028043 -1.4567364371081895 0.002438108965249976 -0.012101404972714256 0.9999238029125841 103.45711520114568
0.9999361438092721 0.011130447464712818 -0.0019548436315061897 -0.4902989864843391 -0.01111073105453096 0.9998900236460176 0.009823048981041709 -1.468054347106963 0.0020639637572146506 -0.009800702180082397 0.9999498418906602 104.7713771686799
0.9999557120915711 0.00922130256724783 -0.0018818636260270508 -0.5367899562551168 -0.009204806827381338 0.9999207040185054 0.008594022581963588 -1.4832629030937061 0.0019609626563804636 -0.008576319957219783 0.9999612999348598 106.07169123224806
0.9999601493137357 0.008791575393607969 -0.001551761791081083 -0.5333706596102982 -0.00877619467769521 0.9999148738310476 0.009655232489215834 -1.4936798267910005 0.0016365145454617434 -0.009641229356093264 0.9999521831180417 107.4483948238955
0.9999779707270078 0.006542665221770386 -0.0011187391346664144 -0.5390303521269609 -0.0065302089994326885 0.9999203820816072 0.010797494048259982 -1.480367841103608 0.0011892945605930685 -0.010789950805594879 0.9999410795370768 108.77969709074969
0.9999899876502066 0.004428083585215755 -0.0006454963992807245 -0.5439134415222306 -0.004419648867476628 0.9999117235717645 0.01253043380004521 -1.5210193374498906 0.0007009252944666987 -0.012527455724401471 0.9999212826831516 110.11194116011077
0.9999890760723336 0.004674149275618492 7.45242339072116e-06 -0.5426813000311007 -0.004673910806468151 0.9999191386865038 0.011826692301575615 -1.5099559459621896 4.782791778127921e-05 -0.01182659817632256 0.9999300622005994 111.45052525209825
0.999981409453496 0.005782982271281994 0.001933353178781439 -0.58069084133901 -0.005799283047936043 0.9999467627410603 0.008534635830315055 -1.537198818254706 -0.0018838947573160114 -0.008545689400413907 0.9999617103335497 112.77936428017402
0.9999590684432587 0.008796464411152834 0.0021174596772325235 -0.5392135112498395 -0.008811220572945184 0.9999362354401419 0.007063105772208871 -1.561767317256732 -0.0020551944682932113 -0.007081474217202474 0.9999728140793328 114.13657360548055
0.9999242176078643 0.011756037205800944 0.0036543955574113315 -0.5743064175187647 -0.011779337817461592 0.999910004409051 0.006421083213738351 -1.56326365582845 -0.0035785804826787707 -0.006463643101970341 0.9999727071659711 115.41868280192809
0.9999100269246393 0.012296406890021662 0.005360635141866699 -0.5763955156176217 -0.01234135582781353 0.9998882730672173 0.008433999421458779 -1.590064213248294 -0.00525632876403653 -0.008499398267003083 0.999950064370121 116.80129386474825
0.9999042952882023 0.012752527687957895 0.005364072729973317 -0.5977335300260662 -0.0128088668957398 0.999861744402802 0.010603067303934144 -1.5896195869104501 -0.005228115641504211 -0.010670760449881217 0.9999293983457832 118.09161753202702
0.9999003584897183 0.012565949704880727 0.006431949611668099 -0.5919817647698544 -0.0126391121179265 0.9998544116639606 0.011463348007633265 -1.607911218232171 -0.006286965863062228 -0.0115435001466302 0.9999136070993249 119.45335470826353
0.9998900949345358 0.012762498699463182 0.007544312702672676 -0.5953269752930814 -0.01284497540583693 0.9998571388616799 0.010986742086388111 -1.626538767011633 -0.0074030172494306936 -0.011082441321080872 0.999911183469337 120.77440190100276
0.9998537649321815 0.014715858317370246 0.008711614882025131 -0.5908277358731623 -0.01481084449808999 0.9998304515482799 0.010941072901944213 -1.6325465975285556 -0.008549131276971322 -0.011068499529221815 0.9999021955518569 122.09369049619508
0.9998165209610229 0.016253998891302173 0.01013567445626827 -0.6013338496465312 -0.01635926016417256 0.9998121919862696 0.010390158933410349 -1.637319317697656 -0.009964890098166613 -0.010554064904761335 0.9998946507887229 123.45609336948428
0.9997887102322632 0.017171046543589606 0.011300000537270356 -0.5975768686953514 -0.017282650171724593 0.9998020856015619 0.00985391667205339 -1.650246349141669 -0.011128562976017775 -0.010047128798635705 0.9998875988257803 124.79369814332767
0.9997613801019392 0.018076270579208888 0.012265041951072147 -0.5766523653934768 -0.018186932208903273 0.9997943510868361 0.008971682097515503 -1.6623411391473866 -0.012100346121609595 -0.009192604947333009 0.9998845321508845 126.10073666802538
0.9997598607574395 0.01718754869549443 0.013594445415628022 -0.6001359725248694 -0.017308279900122653 0.9998113541500836 0.008813603354828342 -1.677921882809812 -0.013440397772619843 -0.009046783509669473 0.9998687470929214 127.45754081269365
0.9997524716423063 0.01726502044101596 0.014032621696323785 -0.5649621094013155 -0.017399983918074798 0.9998029686176094 0.009553248015921645 -1.6854539885771067 -0.013864920972021778 -0.009795050902970063 0.9998559000887374 128.76748052788457
0.9997349532326739 0.017399867544484866 0.015075405473982973 -0.5668542556169704 -0.017556002670464234 0.9997929590015299 0.010287173858071444 -1.7124196624549435 -0.01489329003557227 -0.01054911134377881 0.9998334392092909 130.13956239061633
0.9997648998091556 0.015294927704463777 0.015369133339054486 -0.5454506519919717 -0.015453149217393748 0.9998282669738726 0.01022921190615034 -1.7120074348255763 -0.015210040172548314 -0.01046430873288983 0.9998295619355677 131.4625677079662
0.9997707840544049 0.014742127764500146 0.01552575233319413 -0.5393339200466527 -0.014906317068515602 0.9998336240409066 0.010513133857005039 -1.739005561745419 -0.015368184549693147 -0.010742156076596685 0.9998241970398398 132.80838620688405
0.9998019079887923 0.012541488661832089 0.015454960917615902 -0.5401625311435931 -0.01271497973749387 0.9998566707593872 0.011178875399855055 -1.7417661984024182 -0.015312547316349148 -0.011373170690154843 0.9998180718927376 134.13487969347472
0.9998250248236543 0.011671786922088234 0.014618108732064775 -0.5005611692569552 -0.011841536478214353 0.9998628313135539 0.011580008437678573 -1.7688653441017463 -0.014480945409243695 -0.011751083320212397 0.9998260920082248 135.46604176602372
0.9998401937106082 0.01171914982270771 0.013499946127392913 -0.48836222048351874 -0.011866439184098933 0.9998703724474655 0.010882368643318183 -1.7802384214674216 -0.013370665175598326 -0.011040826077775798 0.9998496514329408 136.80671058257607
0.9998763873226936 0.008475404770602815 0.013243019877883717 -0.5259510787547259 -0.008639956936164431 0.9998855641006777 0.0124181263170618 -1.7884122565915894 -0.013136256854501743 -0.012531010643447544 0.9998351926828228 138.14752945627347
0.9998986144060007 0.008228177869874564 0.011621445112008966 -0.47320724178501244 -0.008371101073986215 0.9998892674802371 0.012303554689746575 -1.8032793228878046 -0.011518923367638156 -0.012399591819519525 0.9998567720054757 139.4882833719394
0.9999180562575696 0.007193225165290869 0.010589536036717825 -0.4947515867289474 -0.007325568158272224 0.9998948849749536 0.012512196552374094 -1.8169939728792397 -0.010498420747750075 -0.012588745869245526 0.9998656442928182 140.85364542919993
0.9999382387026226 0.006445893783929831 0.009053685844356892 -0.47341349221773643 -0.00655672058201697 0.9999032830273678 0.012265154504203927 -1.8158736902836452 -0.008973751064903298 -0.01232375972119594 0.9998837916156574 142.18226926225677
0.999947508378158 0.006422628648432193 0.007983127411192196 -0.46320573454488406 -0.006516784065676233 0.9999088494560094 0.011824733142294827 -1.8284588863982367 -0.007906454533918663 -0.011876136992938605 0.9998982174922787 143.5313083981914
0.9999583879082504 0.004761632301659571 0.007781343542767927 -0.4610706650375335 -0.004837537323008005 0.9999406180512662 0.009765173322474974 -1.8391288161290404 -0.007734383952696324 -0.009802409703550206 0.9999220429939445 144.8714899257113
0.9999773719586238 0.0021015457566207285 0.006390546047308574 -0.45247865361833967 -0.0021584325689919014 0.9999579946853426 0.008907863645748994 -1.8781109765446122 -0.006371557858728122 -0.008921455813225355 0.9999399036307043 146.1896111989271
0.9999463614023352 -0.008505023914654072 0.005910913778796709 -0.4706237886656841 0.008435125435249173 0.9998953709553442 0.011751416412182024 -1.8639546195607057 -0.006010241900999118 -0.011700927002743639 0.9999134789058418 147.5945128980255
0.9998821279820658 -0.014767599521930385 0.0042009714667659605 -0.449955173124568 0.014710505111203545 0.9998031783269828 0.013311860566098314 -1.8857184727166556 -0.004396729210034173 -0.013248493304242404 0.9999025683522756 148.90411489398073
0.9998606894068447 -0.016446639025302363 0.002847780988300042 -0.421874463660919 0.016416122514250862 0.9998108755001434 0.01042708687480382 -1.9074141952591424 -0.003018733182550921 -0.010378884939073163 0.9999415812921353 150.20038049101026
0.9998691433907977 -0.01589046087260717 0.0030313959781035843 -0.4444871244939552 0.015867359062750837 0.999845985591091 0.007498800057944893 -1.9259991222001083 -0.0031500887473548188 -0.00744971867406026 0.9999672887803074 151.60046185691536
0.9999239803927532 -0.011718320585077532 0.003835937041466405 -0.4312312541274693 0.011699823642555097 0.9999199874987403 0.004809648226476186 -1.9426787516413635 -0.0038919914425618557 -0.004764402893787799 0.9999810762529749 152.9143052219218
0.9999055974312412 -0.012798283189321235 0.005000018884321049 -0.45290826144168694 0.012771941972033615 0.9999045726594397 0.005265269379355081 -1.9564973318848462 -0.005066928577450341 -0.005200912461941768 0.9999736380225022 154.28809449155952
0.9998705923033347 -0.015228932202130533 0.005184427296422319 -0.4380117446338886 0.01518886072616691 0.9998551248480428 0.007682956016790251 -1.95876886573125 -0.005300679858692354 -0.007603216372888728 0.999957046022569 155.6166668763054
0.9996804995560952 -0.024647467904008638 0.005603671999290885 -0.4464650730387567 0.02458623595333112 0.9996399597877996 0.010745594117618294 -1.9605486117865825 -0.005866506623447201 -0.010604387878931566 0.999926562831103 156.93398392191168
0.9996383242719612 -0.026316990990077612 0.005535037110390629 -0.42499627810519736 0.026250137408158236 0.9995854878407561 0.011822976878957347 -1.9849054784134457 -0.005843888428577471 -0.01167340551567659 0.9999147866542385 158.29148981421406
0.9996027859291905 -0.02772291092144313 0.005070559490803995 -0.4016354763612059 0.027660063659939744 0.9995444986506079 0.01207129223494853 -1.9985596711343128 -0.005402901648226775 -0.011926245558977916 0.9999142829858719 159.6327383626796
0.9996223728591631 -0.026777666195060487 0.006169949425405662 -0.4023899853339783 0.02670293503059837 0.9995726739100826 0.011892133191974002 -1.9977329213696027 -0.006485756954539596 -0.011722886846366914 0.999910250411759 161.02334355310154
0.9996641941613715 -0.024849934525521866 0.007347086014026647 -0.40729823036921153 0.024764227445900434 0.9996267668575599 0.011535164351509761 -1.9924924777155084 -0.007630992550688423 -0.011349346065330062 0.9999064757734839 162.34774747653097
0.9996914468169559 -0.023079330518158074 0.009184534492786962 -0.45325601493040113 0.022983443041792617 0.9996816214321258 0.010412353741545312 -1.9956411755335244 -0.009421921273536131 -0.010198048926952755 0.9999036089513559 163.68373113527687
0.9997166184519906 -0.021651478204204756 0.009894255618436628 -0.46264437980994133 0.021558968558494134 0.9997237353267076 0.00936289973595132 -1.9864163743337322 -0.010094243648701007 -0.009146936672646896 0.9999072155908054 165.03746545532675
0.9997160173969176 -0.02159825830806385 0.010069747260637616 -0.44684248219336054 0.021493205384798146 0.999714622175521 0.010426711969670752 -2.000084406233616 -0.010292073256363905 -0.01020731999510161 0.9998949364023496 166.390164045269
0.999715982759042 -0.021764508311671094 0.009708759226384322 -0.4302323356532307 0.02166544335986665 0.9997132952856508 0.01019489015161545 -1.9931685095477558 -0.009927863280041653 -0.009981650225934112 0.9999008971821854 167.71278163228945
0.9997511940761351 -0.02003854863349723 0.009798291968654296 -0.4410902531429992 0.019956061161558222 0.9997651894020443 0.008445216033750109 -1.998895413644677 -0.009965221932026296 -0.008247579639283215 0.9999163323885628 169.09315760182685
0.9998215126150958 -0.016670928367727468 0.008889492420268204 -0.4255546990614316 0.01661403425914583 0.9998412621914021 0.006436169238645552 -2.03032377954375 -0.00899537899191457 -0.00628733023585666 0.9999397745013939 170.50530241270556
0.999907782587604 -0.010677119244829104 0.008391987980825057 -0.4185807221258986 0.010639649783907001 0.9999332850726794 0.004497026275537468 -2.0383658128002553 -0.008439444104607625 -0.0044073238301300995 0.9999546746097426 171.853382407309
0.9999236119300463 -0.008588474342128425 0.00888866859459099 -0.42266344003704703 0.008540747918771316 0.9999489814722131 0.005393520860016648 -2.0411915779375374 -0.008934537973444597 -0.0053171930725217035 0.9999459492809071 173.2153313900047
0.9999415542978719 -0.004386600804122466 0.009881585627684495 -0.4276129175307374 0.004314054409107435 0.9999636752492383 0.007350993726452749 -2.0609968493093977 -0.00991347338808413 -0.007307934527025369 0.999924155690511 174.60011809689414
0.9999498695270109 -0.0023886911648199616 0.009723816012847183 -0.4233053928513442 0.0022894137582781075 0.9999452752198214 0.010208092055594253 -2.08226355778283 -0.009747668673807216 -0.010185318671933145 0.9999006161790985 175.99318171467596
0.9999480900818991 -0.0053815414366007175 0.008651945858422655 -0.4177931374794072 0.005284583596791499 0.9999234189877234 0.011190590933023482 -2.0890205501814916 -0.008711506639260208 -0.011144288307639801 0.999899952238753 177.4111648427921
0.9999473439609179 -0.00694491103785278 0.007554967313632573 -0.4331121724417602 0.0068587794063715915 0.9999118645715277 0.011367507293552029 -2.1001226237873873 -0.007633248415657958 -0.011315091082904268 0.9999068467760178 178.8015000526315
0.999929765216941 -0.010355195639555542 0.005764943398640109 -0.4322743972798099 0.010312916571326302 0.9999200568560015 0.007315985037196515 -2.092630367413605 -0.005840241474221625 -0.007256017950601213 0.9999566199485416 180.1426883800414
0.9999668167336322 -0.007385048092630367 0.003438969181377411 -0.44368094250600437 0.007372108067239829 0.9999657547513736 0.003760497033673554 -2.1260975111356895 -0.0034666231538733458 -0.0037350198607959875 0.9999870159892149 181.55952186152302
0.9999918588488289 -0.003705047718814908 0.0015983944561788331 -0.39936310267361264 0.0037005179364961067 0.999989154744933 0.0028278178613634626 -2.136247576251871 -0.001608854454712392 -0.0028218800037888006 0.9999947242755203 182.9480304167206
0.9999974999557746 -0.0010068011974859025 0.001996606581880439 -0.4488208397235018 0.0009985614385787586 0.9999909992456646 0.004123627076235223 -2.1472405283170297 -0.002000740449256749 -0.004121623111481072 0.9999895045742903 184.2773069334388
0.9999916023081324 0.0019501916562727458 0.003604450959215919 -0.46452855391900333 -0.0019741701819616896 0.9999758672416328 0.006660899947306363 -2.16319118792317 -0.003591374240594113 -0.006667959940720309 0.9999713197580327 185.7310181958757
0.9999902050346442 0.003353585270122174 0.002888476784763267 -0.4538340326019231 -0.003381010958486544 0.9999487503138262 0.009542825253835685 -2.1860875471349246 -0.002856326306895963 -0.009552497942374933 0.9999502943558995 187.09904578993059
0.9999933042268164 0.0013733016309370703 0.003391982610215114 -0.47268192527989444 -0.001406893056300755 0.9999497988623177 0.009920705935312645 -2.1868576781287543 -0.0033781884847272612 -0.009925411859225443 0.9999450355099557 188.54498599957063
0.9999963902188891 0.0009779276460937748 0.0025026402776378055 -0.43099796026660286 -0.0010036559944291519 0.9999464505603595 0.010299936144631842 -2.2008081469274154 -0.0024924338726995746 -0.010302410955810342 0.9999438224730619 189.9509513715043
0.9999910465480888 -0.0024005870656584865 0.0034848261423853387 -0.4805073246921721 0.0023618989778888613 0.9999360037269657 0.01106389969289574 -2.215547418857472 -0.0035111632686086686 -0.011055570038703768 0.9999327207883166 191.3173617604337
0.9999829313858329 -0.004283159086391016 0.003973851503466241 -0.48932856478162434 0.0042385429452692115 0.9999286438166322 0.011168796672129852 -2.222545099874678 -0.004021406008060727 -0.011151762909238569 0.999929730769532 192.77715088031545
0.9999733351180096 -0.006174201183060722 0.0038997826841668986 -0.46940418422369 0.00612823869464104 0.9999128904629285 0.011690002774626354 -2.234423984637065 -0.003971619730628165 -0.011665792484906205 0.9999240648778533 194.1297280709977
0.9999245605944813 -0.011296497358322458 0.004823098890538106 -0.49402458082151696 0.011231706411232252 0.99984905537165 0.01325576208230658 -2.241160203323538 -0.004972114959715314 -0.013200590692251804 0.9999005062893961 195.58619804849766
0.99987767988131 -0.014831788232048216 0.004964206725882508 -0.469598424712357 0.014760478301786091 0.9997915537310254 0.014105933255074048 -2.2567892750574288 -0.0051723885950523876 -0.014030934010967519 0.9998881833920235 196.99545986589754
0.9999148622118763 -0.011982034685795295 0.00516712574380474 -0.4781730298454052 0.011921749154383614 0.9998622901154607 0.01154437906517123 -2.2826299356292856 -0.005304739768040589 -0.011481795238120929 0.9999200108570732 198.42523391049968
0.9999617229350374 -0.006790683359688797 0.0055171820926610046 -0.4993407495238358 0.00676007698914631 0.9999617632229438 0.005547381528492123 -2.277024744118326 -0.005554642109300418 -0.005509872714178332 0.9999693931561637 199.8570071830386
0.99996715185532 0.0038319335771062942 0.00714223318393817 -0.49445332002747444 -0.003869152067806373 0.9999789712199505 0.005204496725382703 -2.292003803015839 -0.007122140303620107 -0.005231960253870509 0.9999609500895345 201.3184595589891
0.9999126430128709 0.010808347353630126 0.0076082818090239075 -0.5011712971659411 -0.010870339182423368 0.9999076680877306 0.008154204327508146 -2.2990635378669007 -0.0075194464785174895 -0.008236196769135567 0.9999378095576997 202.74311183094795
0.9998979743306463 0.011320472605434565 0.008711360952494 -0.4791076499146165 -0.011409099066020395 0.999882970558746 0.010192039468040554 -2.300214026782764 -0.00859496348192856 -0.010290388602992992 0.9999101132109627 204.16152537787463
0.9999095237158355 0.009767031944832914 0.0092492947949173 -0.5310965581224998 -0.009863632758378097 0.9998966779803283 0.01045667879115839 -2.3073498904598324 -0.009146209188325448 -0.010546964564759748 0.9999025494479344 205.61686524001104
0.999945083476991 0.007116014177507439 0.0076936574090506055 -0.5150083700360384 -0.007199923934668507 0.9999142988516071 0.01093416931255067 -2.332016433537004 -0.007615190985043064 -0.010988962809953831 0.9999106217855636 207.07285426548526
0.9999621901797899 0.0061256807754940384 0.006172053118697123 -0.48212961460877857 -0.0061905832053506075 0.999925165105964 0.010551818621746744 -2.347110980862218 -0.0061069546691939905 -0.01058962847619878 0.9999252796438047 208.51818925664745
0.9999662817221129 0.005728371609758193 0.005883975882234525 -0.5043873673383241 -0.0057876785334540146 0.9999321202723592 0.010112251625417762 -2.347669870536761 -0.005825650228907806 -0.010145965418230493 0.9999315582490602 210.0144906849351
0.9999570988140539 0.007052722419151733 0.006004967052294936 -0.5125587842770926 -0.007113539078228038 0.999923009306198 0.010167252979684398 -2.369005953900083 -0.00593279840624635 -0.010209533562062037 0.9999302812320173 211.48413859401717
0.9999555426081216 0.007698138370243664 0.0054453156370945464 -0.5004750025470779 -0.007755683752200615 0.9999134564431889 0.010626806016048845 -2.365902094973069 -0.005363038202048646 -0.010668565933785576 0.9999287072186548 212.91761451181645
0.9999596940795735 0.007673606954657002 0.004661111625257706 -0.5011149251108171 -0.0077224100402952175 0.9999145906501336 0.010543993590511551 -2.3875051817583595 -0.004579803439160736 -0.010579563831027356 0.9999335469059533 214.35931689756674
0.999952403014514 0.00848232738500743 0.004820976517056048 -0.5225588846364018 -0.00853027785285451 0.9999134720884477 0.010014125569162369 -2.40424642911764 -0.004735616669076693 -0.010054773397003537 0.9999382358249014 215.822351728107
0.9999651613572424 0.006964870817482336 0.004600721362250254 -0.528382257952692 -0.007009661136449597 0.9999274871264434 0.00979209635480532 -2.4115972830729318 -0.0045321874400837715 -0.009824004904463801 0.9999414723885585 217.30376678778393
0.9999653455417933 0.007445769609413685 0.0037240058030873825 -0.5079794534288238 -0.007481851162414622 0.9999242761817818 0.009770558735962206 -2.430710327308975 -0.003650974778929807 -0.009798082795536971 0.999945332483426 218.77866187741407
0.9999562671470128 0.00851532295725559 0.0038669179512515464 -0.5239663574478439 -0.008550839941157476 0.9999205371350233 0.009262967531876212 -2.436904373136909 -0.0037877338279082105 -0.009295628018998048 0.9999496209162219 220.26496539461814
0.9999623380587652 0.0077358803619577456 0.003934286125529049 -0.5277494450920504 -0.007772779541316935 0.9999251230589355 0.009451570620211375 -2.456941722755798 -0.0038608756377635713 -0.009481795184085257 0.9999475932256342 221.75705218363396
0.9999481793240371 0.009586934167461616 0.0034248127690209495 -0.5355327978546419 -0.009617542379357493 0.9999129300459392 0.009035221314838431 -2.471327637397093 -0.003337894774142381 -0.009067691568856952 0.9999533166236891 223.23375975886492
