1.0 -3.469446951953614e-18 0.0 -1.7787691892340307e-19 0.0 0.9999999999999999 -3.5575383784680614e-19 0.0 2.168404344971009e-19 -2.371692252312041e-19 1.0 0.0
0.9999999398638733 -7.08535559765227e-05 -0.00033948727388392647 0.05569069961672338 7.123806521749064e-05 0.9999993559314045 0.0011327230995349811 -0.026761272848715878 0.0003394068273799933 -0.0011327472383819146 0.9999993008434594 1.3159701006825606
0.9999991075624272 -0.0005587901877283866 0.0012135198795759842 0.11108300046058615 0.0005566348298350308 0.9999982684086526 0.0017757635472657302 -0.04833477912174309 -0.0012145101586562628 -0.0017750865086460634 0.9999976870130872 2.5650198957187875
0.999999819408184 -0.00046686921446578364 0.00037844160587086886 0.10923936915906193 0.000466140642939112 0.9999980422364426 0.001923079589384545 -0.07236865612352263 -0.00037933872209118405 -0.00192290287231219 0.9999980792713757 3.894194655296411
0.9999994633659841 -0.0007651920022570449 0.0006983918519611293 0.09641349764761799 0.0007637557172559071 0.9999975976687552 0.002054588123879604 -0.08125264783329461 -0.0006999623860236418 -0.0020540536598770867 0.9999976454550021 5.222319225547228
0.9999994063347596 -0.0010164037423972781 0.00039275404067621884 0.0989141964035146 0.0010154756769541664 0.9999967086581725 0.002356157881270003 -0.09231291655798715 -0.0003951475870859005 -0.0023557576956570268 0.9999971471278797 6.555127758039774
0.999997534520986 -0.0021516309506955187 0.0005490357167842002 0.08471731761078632 0.0021499223274341686 0.9999929020392564 0.0030941398313612907 -0.11226952591608885 -0.0005556893110771656 -0.0030929518775399327 0.9999950624167359 7.893723159196673
0.999997274021992 -0.002293701166644492 0.00043690684142646445 0.07670142422178892 0.0022923448705147956 0.999992628538548 0.0030802629071775907 -0.11780886947231481 -0.00044396885826826103 -0.0030792530278655164 0.99999516053448 9.224598964609477
0.9999968690508906 -0.002499910915195344 -0.00011107350858681974 0.08235784118451417 0.0025002081166721236 0.9999930661392329 0.002759824025625356 -0.11939222728177451 0.0001041734354307643 -0.002760093144215898 0.9999961855099321 10.542665476346482
0.9999988652753217 -0.0015059958479108192 3.777481996148323e-05 0.034975834916493836 0.0015059080220134208 0.9999963827023586 0.002228636473133011 -0.1285160230197535 -4.11310021554694e-05 -0.002228577101577794 0.9999975158732541 11.872604035005518
0.9999999118004931 -0.00041601184478722714 5.7739977652086685e-05 0.04653007879391838 0.00041589305215792953 0.9999978269070784 0.0020428443570866548 -0.1503669404597699 -5.858970288974744e-05 -0.002042820203150279 0.9999979117243859 13.201718635252577
0.9999999806040218 0.0001502372465751415 0.0001273604082735586 0.034364831393576566 -0.00015049834181883257 0.9999978823746307 0.00205246105657463 -0.1560728602324494 -0.00012705179155254008 -0.0020524802247606313 0.9999978855892326 14.532885862517185
0.9999997693898827 2.122748582923141e-05 0.0006788008110675174 0.012450614026999263 -2.2866664932456177e-05 0.9999970838632941 0.002414899919094736 -0.1778449367921569 -0.0006787476247360007 -0.002414914931166039 0.9999968537385381 15.888813960558222
0.999999229541413 -0.0008785766780377846 0.0008769391420080915 0.012722531989704355 0.0008742599565371417 0.9999875594828385 0.004910860065147313 -0.19496415563724623 -0.0008812428699803787 -0.004910089704143055 0.999987557137562 17.221266848619063
0.9999811130211421 -0.006058792165489404 0.0010318175545282508 0.018460434815267233 0.006051732042066287 0.9999591504989626 0.006713707133521094 -0.23103505249560896 -0.0010724524462451415 -0.006707336175208943 0.9999769304776083 18.579707429331084
0.9999731245911528 -0.0072395906728490445 0.0011569063669330506 0.010857200117687857 0.007232545197627211 0.9999559479074646 0.005982685402047263 -0.24986036262305908 -0.0012001676922894261 -0.005974157348573536 0.999981434348292 19.911266061240255
0.9999686654035282 -0.007885081461762027 0.0007026459041239602 0.017537795566545715 0.007882037551198205 0.9999599680554279 0.0042350632761045766 -0.24748427668016304 -0.0007360116529777833 -0.0042293923674302306 0.999990785220987 21.31709917244456
0.9999829993250976 -0.005704586240322895 0.0012077936540468874 -0.0005509432725797903 0.005700820778567628 0.9999789489365322 0.0030987607984482982 -0.29868495561368447 -0.0012254454775690717 -0.00309182275783914 0.9999944694418395 22.64990577928623
0.9999901072082519 -0.0038932815884074375 0.0021512443749066336 -0.013989683888802763 0.0038838920361930797 0.9999829880333754 0.004351898460946685 -0.2910581647136732 -0.0021681511235925027 -0.004343500288489902 0.9999882164925594 24.00330531924655
0.999987792845727 -0.003958416575371456 0.002957212701940756 -0.015889927224509583 0.003932495978984802 0.999954244981513 0.008720287312084607 -0.29643291140306377 -0.0029915961699418497 -0.008708551801310126 0.9999576048396674 25.37988660609155
0.999986042513619 -0.004588229931477216 0.0026197201343990013 0.003789956468540981 0.004561862197998642 0.9999397527807298 0.009983997835548087 -0.3234262011069236 -0.002665371398103098 -0.009971907872645023 0.9999467270052302 26.770962034960668
0.9999485330446355 -0.009769475696858387 0.0027365342617443737 0.002422718650913931 0.00974232072384027 0.9999048431425498 0.009766874332610625 -0.35914119749063905 -0.0028316913338873235 -0.009739711649060637 0.999948558447216 28.14333096370395
0.9999542635606262 -0.009145730847538487 0.0027975716755871214 -0.0104195015237993 0.009125477528657406 0.9999326641600322 0.007168876784983568 -0.36874579580783495 -0.002862948151803844 -0.0071430198600816635 0.9999703899583251 29.48977659758142
0.9999520006808318 -0.009292472414240143 0.003105850013114715 -0.006188455537336386 0.009275703962126501 0.9999425569530228 0.005370670304503536 -0.40244366365531037 -0.003155578670953545 -0.005341603666314288 0.9999807546102023 30.89376083679493
0.9999610721133837 -0.007925209323563777 0.003878830819913845 -0.03635289249554855 0.007910110058852005 0.9999611371777812 0.003892850289816323 -0.3752063844674949 -0.0039095320577049565 -0.0038620168375678994 0.9999849000765624 32.268690573886566
0.9999654768800295 -0.006938666004921478 0.00457164910923915 -0.027582551229146185 0.006928982704945519 0.9999737243879339 0.0021306627792364264 -0.4168085199886943 -0.004586313329142475 -0.002098912376823917 0.9999872800650971 33.64558745626837
0.9999664682642153 -0.006587745219093631 0.004864563030996846 -0.036506332297702615 0.006575019198366431 0.9999749322885826 0.002627528995397643 -0.42969973149785123 -0.00488175098908908 -0.002595456336609059 0.9999847159375422 35.0431590140473
0.9999706488934054 -0.006391570514095087 0.004224830266878184 -0.03487796407687616 0.006375768899832365 0.9999726685547549 0.003743221330702533 -0.4632492984460458 -0.004248640214825356 -0.003716174986485976 0.99998406942089 36.433173403512455
0.9999746916439238 -0.005828112324081104 0.004080341959405646 -0.054978877648254626 0.005808973171122913 0.9999721439556549 0.004686911044167661 -0.4528881354989467 -0.00410754448416639 -0.004663089913286569 0.9999806916470612 37.84009871992786
0.9999821109677862 -0.0045774343289825565 0.0038503051971172037 -0.05421996184594121 0.004558285121139099 0.9999772719253486 0.004967661652777235 -0.45323860060938104 -0.0038729571550388583 -0.00495002208813312 0.99998024854527 39.23443026666469
0.9999888471616729 -0.002075290759292253 0.004242490849434985 -0.06789909957164943 0.002051653552525262 0.9999823919286515 0.005568352174631169 -0.49653787033615826 -0.004253972452008238 -0.005559586054803128 0.99997549705861 40.630491706401436
0.9999899372022006 0.001839991736001417 0.004091445512972149 -0.07034016375996248 -0.001862853956016603 0.9999826350468596 0.005591009009739384 -0.5152614765130195 -0.004081087395303978 -0.005598574622438931 0.9999760000541833 42.054869710704565
0.9999911785218147 0.0015629327941719742 0.0038987333346797845 -0.08031391817153898 -0.0015852558368802654 0.9999823315322255 0.005729187430528503 -0.5151779921334386 -0.0038897104392796858 -0.005735317491473634 0.9999759878530486 43.446383974463885
0.9999923333503886 0.0016261908625454504 0.0035621265119252852 -0.08923243051448854 -0.001646628737530664 0.9999821581705198 0.0057421211973856376 -0.5391060554039747 -0.003552725467727891 -0.0057479427860790576 0.9999771693856316 44.87901856039092
0.999995789449746 0.0014712926087027157 0.002501275995358784 -0.07899981481552185 -0.0014838440109767774 0.9999862810604507 0.005023534533622938 -0.5666244088926493 -0.002493850798044267 -0.00502722498336545 0.9999842537335413 46.287038753287035
0.9999984378201932 0.0008297837721392143 0.001560710368257354 -0.0880966904331827 -0.0008382730697469422 0.9999848159055168 0.0054465821165548675 -0.5829701012902586 -0.001556167311972833 -0.005447882016230227 0.9999839493331698 47.71343716140197
0.999999234924036 0.0012016286150889517 0.000293663765746038 -0.07507271995042247 -0.0012033538949424646 0.9999815926778296 0.005946952619239975 -0.6042056968183387 -0.0002865123512098655 -0.0059473015687116935 0.9999822736007822 49.11179869825603
0.9999977123485757 0.0020549242597972953 -0.0005937839209882495 -0.08955500695995151 -0.0020512790925200962 0.9999794380151091 0.006075837647166704 -0.6250565784186772 0.0006062571538177385 -0.0060746058530203595 0.9999813656356339 50.534615196892084
0.999997251710894 0.0016993670585917905 -0.0016151521948645753 -0.10204304896964941 -0.0016895703384934915 0.9999802851099583 0.006047705751677588 -0.6269158739689998 0.001625397766402342 -0.006044960339360744 0.9999804080785091 51.98690452404631
0.9999932670888143 0.002664397354386604 -0.002523242869860724 -0.11765248760550101 -0.0026463797144227214 0.9999711695736038 0.007117351949832782 -0.654363771829078 0.0025421337978198235 -0.00711062671484517 0.9999714878684797 53.39950691580512
0.9999902620955293 0.0024017719523361653 -0.0037023228512074752 -0.11685035792006894 -0.0023730710555689488 0.9999672518369034 0.00773716934607415 -0.6783084078393391 0.0037207848438048823 -0.007728308284249957 0.9999632138335615 54.863313529794
0.9999914580739665 -0.0020828487550797 -0.003570086375695777 -0.15078134281101294 0.0021144756817205543 0.9999583535959048 0.008878066258111564 -0.6846834847892032 0.0035514463326533265 -0.008885539459574963 0.9999542161653052 56.23398204964187
0.9999889624456499 -0.0019067310914064554 -0.004294107375366576 -0.1599643347415643 0.0019451830948858054 0.9999578923649824 0.008968263712602282 -0.7151861588184044 0.004276826862236555 -0.008976517728922002 0.9999505642242571 57.67773843424463
0.9999906362793001 -0.0021498161558046996 -0.0037557476581872033 -0.19521089331884645 0.0021852404020631256 0.999952927242883 0.009453465847025543 -0.7342887879020377 0.0037352479746565626 -0.009461584726811864 0.999948261835093 59.11051008756576
0.9999908764380252 -0.002249948793780116 -0.0036310835564702694 -0.1906016997658301 0.0022853691742305976 0.9999495607475161 0.00978023731993092 -0.7514270977602557 0.0036088956872347903 -0.009788446649899035 0.9999455796162086 60.5225048060765
0.9999817065148187 -0.005300857995695386 -0.0029133386082639424 -0.21501760055915434 0.005334273070155505 0.9999186744588034 0.011584040245547595 -0.7795292322656804 0.002851696577816782 -0.011599369103643304 0.9999286586913847 61.97217128344598
0.9999740340651231 -0.006503873717142171 -0.00310335696804141 -0.19603158368315132 0.0065366980033905 0.9999215305022731 0.010686646141209632 -0.7910211908939473 0.0030336091177074875 -0.010706654568263021 0.9999380804694148 63.3950769524162
0.9999678560772909 -0.007695645324172556 -0.002250302211212776 -0.2225048278108263 0.007716478128345573 0.999926042880263 0.009400251247356314 -0.7893995327829753 0.002177794977999463 -0.009417313675695557 0.9999532846183147 64.7913382933788
0.9999636506272471 -0.008375542262770617 -0.0015961586566230286 -0.2321132631494339 0.008389880153811712 0.9999225003004891 0.009198004780309804 -0.7990527006540082 0.0015189968134601873 -0.009211062194813472 0.9999564235442382 66.24477827936592
0.9999764769823133 -0.006762203353528029 -0.0011480827576770293 -0.22898030151343648 0.006772282232125676 0.9999364390129679 0.009014106536884977 -0.8146436381547072 0.0010870546626010249 -0.009021669811880838 0.9999587130429782 67.62091794551398
0.9999911182222088 -0.004192634341539034 -0.0004304636851360051 -0.25506109293943485 0.004196820612319012 0.9999388283612414 0.010233583107897144 -0.8335129321287923 0.0003875317223204248 -0.010235298993192445 0.9999475428629966 69.08644627282355
0.9999995548582299 -0.000838681676219968 0.0004323174222690797 -0.2675808168967088 0.0008337860437336846 0.999936899577195 0.011202752317861617 -0.849675650090454 -0.00044168571415065835 -0.011202387090608721 0.9999371537454346 70.44676484824167
0.9999954442749718 0.00254136987456455 0.0016287621610137457 -0.2933738415997974 -0.0025610065881584354 0.9999226677885604 0.012169621516111341 -0.8686393362784802 -0.0015977088210680458 -0.012173737585872316 0.9999246208800024 71.89414609283584
0.9999783964878588 0.0061779459991839125 0.002244890038209429 -0.3027670807663094 -0.0062044591736621964 0.9999087271112477 0.012001755752553507 -0.8748409888706091 -0.0021705391157860357 -0.012015425040853012 0.9999254563828921 73.26021850614613
0.9999543509760582 0.009161370513248043 0.002713897114925123 -0.30980846091501835 -0.009192122608040846 0.9998911136340531 0.011544079595060578 -0.886322348246254 -0.0026078422297354025 -0.011568499327025973 0.99992968201917 74.65468780903419
0.9999459313798436 0.009751503546789771 0.0036114370914223427 -0.3262371289937104 -0.00979273830946059 0.9998849775516955 0.01158162167469332 -0.8878051234113071 -0.003498083757087522 -0.011616361564323703 0.9999264090691253 76.09380112648314
0.9999387418987719 0.010355044730035802 0.003909664874281 -0.3249680803681146 -0.010400942159828393 0.9998750094294404 0.011907390142552123 -0.900279372297387 -0.0037858749564239416 -0.01194732515699064 0.9999214612019165 77.47005230834814
0.9999428110913124 0.009847504272413269 0.004171473242141573 -0.32748113570719567 -0.009898672198522843 0.9998737690509225 0.012428285084996242 -0.9305163288995072 -0.004048559415321678 -0.012468866621148397 0.9999140645733998 78.88443896342234
0.9999519687518859 0.009223620333426148 0.0033143628031381137 -0.31441758351451266 -0.00925963055544099 0.9998964173399043 0.011018795278404733 -0.9281681701635366 -0.00321238657156335 -0.01104895602921939 0.9999337983801594 80.25786723785939
0.999956369112129 0.008771510298755525 0.003212547890518497 -0.32857554813445805 -0.008806662484590035 0.9998996517233989 0.011096359519669459 -0.9555615924970373 -0.0031148939398624375 -0.01112416742407503 0.99993327294115 81.65837863322996
0.9999523517136076 0.009303100976973606 0.0029574647377149424 -0.34782376177104046 -0.009336614614530147 0.9998899675624665 0.01152737663002212 -0.9616139367487536 -0.0028498992039574893 -0.011554440311310908 0.9999291839845864 83.02491083481392
0.9999573978847845 0.00880230991083566 0.002778801896043866 -0.3589051904139303 -0.008831018409458805 0.9999059443779871 0.010493594575377643 -0.9643031463514523 -0.002686172881625281 -0.010517687388607954 0.9999410796278435 84.40127817283627
0.999958603965118 0.008890884880236961 0.0019345555640926028 -0.3671777205185679 -0.008910969207173755 0.9999037601092735 0.01063321037889384 -0.9701356989887162 -0.001839830880719325 -0.010650009186427237 0.9999415944582817 85.79496649461215
0.9999625005162671 0.008625244754374909 0.0007763352759412787 -0.3735275882635777 -0.008633817813861777 0.9998929277618633 0.011814830347617974 -0.995922869544968 -0.000674346396482477 -0.011821090273960996 0.9999299010855792 87.15340493159636
0.9999702043384738 0.0077124793666842675 -0.0003287557924783653 -0.38234961169857656 -0.007707714269584823 0.999890567260401 0.012627139652643407 -1.0044500449420848 0.00042610641558611705 -0.012624229718023619 0.9999202204490476 88.5543346168044
0.999977094561903 0.006645975871671844 -0.001281148106368031 -0.3859673100140163 -0.006628319792358205 0.9998892392710329 0.013325711047558725 -1.024151111908127 0.0013695686856422362 -0.01331691422563428 0.9999103880271979 89.91102171467277
0.9999827015771113 0.005438456500520616 -0.002240473792188404 -0.39578295432139216 -0.005407128942443518 0.9998907178486305 0.013759190446390982 -1.0347873825450244 0.0023150579135184945 -0.013746838180402869 0.9999028277570425 91.27191838925108
0.9999863731213601 0.004658309324973202 -0.0023566316548346692 -0.4117073551388736 -0.004625856780167746 0.9998968996177467 0.013593806943101671 -1.0564095675467133 0.0024197130580184065 -0.013582720534671586 0.9999048228213113 92.65393982561194
0.9999895246773304 0.003865414025183472 -0.00245134626313004 -0.42204657670915835 -0.003832595699729625 0.9999048134036529 0.013254257590167903 -1.0703725297851296 0.0025023463429310715 -0.0132447239944407 0.9999091536528466 93.98668549326169
0.9999907447765156 0.0030016582545997596 -0.003082271571713197 -0.4313752866034654 -0.0029619201945779595 0.999913470169346 0.012817144885590178 -1.0689572874890003 0.0031204778258906575 -0.01280789707491252 0.9999131064253961 95.3748321053631
0.9999921594471533 0.0030094263626098475 -0.002573788492178164 -0.4499254325836837 -0.0029772772991852187 0.9999186233283676 0.012404940211066093 -1.0810318997489767 0.0026109110304095807 -0.012397180316198584 0.9999197433159969 96.742148576537
0.9999877580050248 0.0045592013280741145 -0.0019228913935020215 -0.47897131871958737 -0.004536366473567184 0.9999210619470321 0.0117171352421368 -1.0950656475692928 0.0019761605589345673 -0.011708269096840996 0.9999295031310347 98.09276488985802
0.999976589386256 0.006572459447775242 -0.001903533431183516 -0.4924550461841436 -0.0065486289944558795 0.9999033253989996 0.012266023112867317 -1.1007922045196161 0.0019839675244922765 -0.012253270671673687 0.9999229576516045 99.41148867093017
0.9999749430975573 0.006802564156227081 -0.001959153017337516 -0.4793964739268274 -0.006776282156200178 0.9998909266339986 0.013123141538614564 -1.1104231190273803 0.002048210521423301 -0.013109537204964876 0.999911968563545 100.76618984711493
0.9999731957776138 0.007046146595389417 -0.001989855873794943 -0.512210799378467 -0.007016250308779653 0.9998680397004823 0.014651806214889164 -1.1230132368478685 0.002092832254530477 -0.014637452453325846 0.9998906765485189 102.0708162666864
0.9999687926927795 0.007548797537380653 -0.0023300807458927555 -0.48040623032953833 -0.007516796447068521 0.999881288128624 0.013450183336037876 -1.131333068857257 0.0024313370643342085 -0.01343224912186639 0.9999068273060512 103.44778026958967
0.999970970335316 0.007392283357889656 -0.0018473263697705773 -0.4891302597597559 -0.007370961150542017 0.9999090493562518 0.011294333027773617 -1.1439444695102037 0.0019306494361367391 -0.011280388815733592 0.9999345105696967 104.76104781560386
0.9999841631925033 0.005250403175127311 -0.0020264789433940204 -0.5320491270266753 -0.005229957837914078 0.9999366609491772 0.009966024168338547 -1.156766521044374 0.002078676416463307 -0.00995526814082552 0.9999482845364952 106.06564643147249
0.9999863870358554 0.005015508186459218 -0.0014388913919684788 -0.533758208802158 -0.004999327909285814 0.9999265971943495 0.011036618574715728 -1.1654900050171597 0.0014941401589828468 -0.011029275066167844 0.9999380594032266 107.44361710053164
0.9999968914380116 0.001661488384814309 -0.0018591838637050865 -0.5066418411096449 -0.0016375903591207682 0.9999169580280008 0.012782618812449693 -1.165231711985166 0.0018802678152201047 -0.01277953474999754 0.9999165705661041 108.76036137923143
0.9999997226963695 0.00012528075080312992 -0.0007341052668691489 -0.5429689089760211 -0.00011496202247814058 0.9999014359468111 0.014039414861116567 -1.1928729413310237 0.0007357918524348354 -0.01403932685111407 0.9999011730760633 110.1058133979209
0.9999999752054907 0.00019262279237802424 0.00011173778243957948 -0.5480668762207979 -0.0001941006660891361 0.9999104574049404 0.013380563969877775 -1.1828969455747673 -0.00010915037397035243 -0.013380585590276129 0.9999104700025021 111.42405640216339
0.9999974769599602 0.0012771570916522389 0.001847956664333695 -0.5605675426209424 -0.001296301099800174 0.9999451233206919 0.01039566973736321 -1.2121006382781583 -0.0018345784979843884 -0.010398039221354812 0.9999442559978361 112.78184560992158
0.9999868715364901 0.004504841285469293 0.0024419570517675076 -0.5458255244284783 -0.0045263989718210395 0.9999501899051495 0.008895472268184308 -1.2273263811540407 -0.002401762922976554 -0.008906408933226513 0.9999574528020267 114.11161034157494
0.9999655379208229 0.0073996601288856025 0.0037640390098900296 -0.5644178860072393 -0.007430277674134768 0.9999388865845494 0.008186212975873696 -1.2279274682364154 -0.0037032340896215763 -0.00821389888151966 0.9999594081363103 115.40377023197378
0.9999528013097215 0.007843668901004382 0.00573341087443409 -0.5889215636631708 -0.00790235181671223 0.9999158802903548 0.010285192863390465 -1.252269048761506 -0.0056522554039782 -0.010330015050604905 0.9999306689942816 116.78305354175728
0.9999523056212943 0.008047254892335338 0.005534271401211755 -0.5855391760476658 -0.00811630186842625 0.9998880670188621 0.012568973298266336 -1.253546162323049 -0.005432506651259477 -0.012613291896552645 0.9999056919219534 118.06010257944939
0.999945186400074 0.008226732813006126 0.006476499913930711 -0.5787434008130066 -0.008312168571178526 0.9998773060393112 0.013277075498030196 -1.267256747128603 -0.00636647886161855 -0.013330181756612923 0.9998908811465792 119.43719077727278
0.9999374375022057 0.007974807618024693 0.00784369266867527 -0.5944948983379842 -0.008074382863268132 0.9998861626769961 0.012746216722299704 -1.280728478405869 -0.007741151781830918 -0.012808752517074785 0.9998879989409122 120.7630631605245
0.9999109797726511 0.00989838915452456 0.008947312820460416 -0.5854070227455518 -0.010011016288621088 0.9998700995289187 0.012631850166920503 -1.2835422700408647 -0.008821116327419982 -0.012720297622244827 0.999880183788505 122.08185533654306
0.9998841160580051 0.011288529293210786 0.010213889635062414 -0.5857219973836724 -0.011412365064246189 0.9998610795112131 0.012148235450488909 -1.2866872978184516 -0.010075335847024115 -0.012263392544469339 0.9998740404713198 123.44075538103789
0.9998533152693058 0.012693995660927885 0.011498277890719309 -0.5910472085523906 -0.01282786984736064 0.9998499091055933 0.011644957869330275 -1.2974155024434364 -0.0113487320095624 -0.01179074837694805 0.9998660832992139 124.77946891543895
0.9998318775023435 0.01310439021423107 0.012825430227188503 -0.5935429506674522 -0.013245582776805502 0.9998519157608173 0.010986405925640869 -1.3078876637000956 -0.012679561896132448 -0.011154439380923711 0.9998573934267437 126.1195822366175
0.9998248505394133 0.01255866168169754 0.01387617508166621 -0.5945999516932752 -0.012707535216675654 0.9998620787550296 0.010693083915488533 -1.3209286662230943 -0.01373997159223094 -0.010867543223759964 0.9998465430671825 127.45827778986406
0.9998214811940377 0.012212810935288192 0.014417106747350824 -0.5692504147371149 -0.012375297050085773 0.9998602989446089 0.011235419136045208 -1.3196453165609925 -0.014277877810771208 -0.011411829603690391 0.9998329422206135 128.75657202380216
0.9997999992695223 0.012890841187825162 0.01529011595815763 -0.5636589940258385 -0.013073921247127482 0.9998433043925342 0.011934792513227044 -1.3508865222602189 -0.015133871819186547 -0.012132307554577889 0.9998118688221243 130.123132133752
0.9998184113492283 0.010961199125586537 0.015588342391662036 -0.535023799268935 -0.011146636409492726 0.999867547915114 0.011859137598708956 -1.3422457717317262 -0.015456288611686231 -0.01203074193171138 0.9998081637952483 131.44877368653718
0.9998262764354036 0.010145418093967993 0.01563609353679935 -0.5249716313571997 -0.010337023765216108 0.9998718723811236 0.012222306643996657 -1.3672248802844442 -0.015510091011757302 -0.01238181425098617 0.9998030444810754 132.80436874721462
0.9998381991976832 0.008890020109155915 0.015637869140711556 -0.5304478406982418 -0.009092469486214498 0.9998751543094008 0.012922956640423948 -1.3693042937265367 -0.015521032777405583 -0.0130630527953009 0.9997942059216909 134.12449763908836
0.9998612750585167 0.007809632027822878 0.014711909240604485 -0.48636339659889705 -0.008001155588569973 0.9998834232582406 0.013004668951901404 -1.3909390447613588 -0.014608633719453833 -0.013120577407488803 0.9998072005491201 135.4620892972825
0.9998693190387005 0.008615047096088577 0.013679393075095154 -0.48134887073961286 -0.008784373110745375 0.9998849433574645 0.012366683085415692 -1.3980988315578395 -0.013571280750198431 -0.012485232129709747 0.9998299552007516 136.80262095390822
0.9998863874609959 0.006951979548754893 0.013374682854410257 -0.5138513128410411 -0.007138468440635785 0.9998772604613687 0.013946551173629569 -1.4231694105599058 -0.013276086224521113 -0.014040441693246596 0.9998132883352102 138.14641141284247
0.9999111941264122 0.006104295830000628 0.011846578705773917 -0.4683762788846786 -0.006266508464473974 0.9998864553353829 0.013704280921153344 -1.4340253318301694 -0.011761579588305184 -0.013777300852893462 0.9998359121504982 139.4974488015938
0.9999286065701314 0.00512194608363818 0.010795713393247273 -0.4844829661345285 -0.005270697227826941 0.9998909449649851 0.013795576552391312 -1.440463850861521 -0.010723876762451876 -0.013851492843717898 0.9998465555333453 140.85654257349535
0.9999348883297646 0.006405659603171439 0.009443866783285187 -0.47810902796847665 -0.006529862083134242 0.9998918188197989 0.01317996837866844 -1.4404439524735033 -0.009358419524195263 -0.013240777614797914 0.9998685422545707 142.18885801321792
0.9999438368141483 0.0064114923737917055 0.00843895590332796 -0.4660093740135236 -0.0065212942240266015 0.9998935964490145 0.01304869763685051 -1.455627796077476 -0.00835439703890756 -0.013102997951173612 0.9998792504562192 143.53053030863535
0.9999589917293424 0.004164700420906466 0.008041773994772105 -0.4514827172118394 -0.004253270633872409 0.9999301415732373 0.011028221360482576 -1.4644219779108563 -0.00799528363794171 -0.011061973168080413 0.999906849754566 144.88605394571366
0.999978060717135 0.0016233032322254017 0.006422069335359212 -0.4328743961708903 -0.0016868420696373072 0.9999495631261447 0.009900796296198704 -1.4993004386284987 -0.006405673965044898 -0.00991141228793622 0.9999303631975296 146.19145883439364
0.9999534667916639 -0.007658443300811972 0.005866217885817502 -0.443395815936352 0.007582012072741768 0.9998874973319717 0.012942401578624438 -1.5027415943612985 -0.0059646770624177635 -0.012897321835808707 0.9998990357609984 147.59681293047691
0.9998859248133762 -0.0144705680423655 0.004328976283427854 -0.43482139209702064 0.01440644695750074 0.9997911694305869 0.014493853832192836 -1.5173057610857028 -0.004537806929686463 -0.014429835545545982 0.9998855875324616 148.91419796282685
0.9998702978568222 -0.01579621535958675 0.0031411872822307762 -0.3888315473032498 0.015758830988237556 0.9998086460543165 0.011590103857803275 -1.5365816753619106 -0.0033236662506060458 -0.011539099369651072 0.9999278986148737 150.21151634004246
0.9998825010146487 -0.015028064662041528 0.0030234832375846893 -0.42247686479346175 0.015001260855149594 0.9998496157655385 0.008701035223693282 -1.5510975715648396 -0.0031537885317479584 -0.00865465695666002 0.9999575743647688 151.6187997915567
0.999945126424114 -0.009757546146573587 0.0038124071377458506 -0.397673304854419 0.009734111025773748 0.999933905310494 0.006118176351415209 -1.5788444462665718 -0.0038718538675365493 -0.006080730340076998 0.9999740163939311 152.92631497856746
0.9999219135564084 -0.01143204711098996 0.005047286821763213 -0.41746059130971536 0.01139885313977842 0.9999135306091476 0.006557243330669062 -1.5810823450306368 -0.005121813527362837 -0.006499198132801833 0.9999657631368448 154.29905877439444
0.9999103289201247 -0.012247495997227905 0.005415992677217802 -0.41537457572879344 0.012205914787924843 0.9998962781181219 0.007645170859204438 -1.569093875921307 -0.005509065578295171 -0.007578378298878657 0.9999561082242712 155.6285468418242
0.9997387298357087 -0.022168541379832797 0.005570264780203796 -0.4094320371272228 0.022107440872554417 0.9996972500058274 0.010801360153261639 -1.5757225240196142 -0.005808029262591382 -0.010675393969571604 0.9999261486516015 156.95254501133797
0.9996851033162183 -0.024497114927757142 0.005439262327975463 -0.39444742281887724 0.02442997124339282 0.9996284873622638 0.012085683834545816 -1.5967626624930833 -0.005733306432119039 -0.011948997282635935 0.9999121714728806 158.2928925458605
0.9996581844251465 -0.02563564799613599 0.005131068934264743 -0.37785446379434984 0.025572164852096256 0.9996000158164879 0.012077779646632527 -1.606353795448529 -0.005438638743409946 -0.011942438944134623 0.9999138959726359 159.63380187866883
0.9996763241538524 -0.024616224852263117 0.0064256056070557946 -0.3853963863871275 0.024538990765730698 0.9996288267147659 0.011834134030120637 -1.6037893677774475 -0.006714532854227742 -0.011672625935890751 0.9999093283143098 161.01581404383128
0.9997026590664468 -0.023178876070414977 0.007571866959744766 -0.3901779356900989 0.02309264549843095 0.9996696455571189 0.011284036021630745 -1.6110428875017833 -0.007830917483394475 -0.011105826571152387 0.9999076644093303 162.34738511613944
0.999718723956847 -0.02183474579928593 0.009258339892400484 -0.4237042683239066 0.021736607169912422 0.9997078387102363 0.010571524110575992 -1.6233208762569573 -0.009486462297179771 -0.010367305876729575 0.9999012581242119 163.6858010817394
0.9997399339659097 -0.020450712486550487 0.010091224191111022 -0.44178504142158515 0.020354358554082626 0.9997471165427334 0.009560493882360507 -1.6198384296392885 -0.010284192059053227 -0.009352607287517856 0.9999033773953566 165.0416620094722
0.9997225503560727 -0.02121965506176788 0.0102248990608027 -0.43691889345937784 0.021110175508040008 0.9997199084952644 0.010698833553893363 -1.6242565485597509 -0.010449061583962879 -0.010480015934427534 0.9998904871908021 166.3954271933557
0.9997157104162927 -0.021716606192153962 0.009843138423535165 -0.40934994668854585 0.02161110712028714 0.9997091849141142 0.010700730776270971 -1.6293226478641043 -0.010072660287717732 -0.010484967732946467 0.9998942978949978 167.71715924719925
0.9997490294860398 -0.020064623861873465 0.009964382793379833 -0.4275224621966057 0.019977591308834468 0.9997620635228643 0.008758548791315211 -1.632495660494966 -0.010137749738598328 -0.008557286431792235 0.9999119955650013 169.0961546264665
0.9998187449010397 -0.016877290793628957 0.008811039435354957 -0.4031583445035031 0.016816352294457635 0.9998344738734639 0.006945152189260278 -1.6626098942375602 -0.00892679707886016 -0.006795723915550035 0.9999370632320675 170.51381352143133
0.9999080882979143 -0.01046769021223765 0.008616404986767637 -0.40237605152102973 0.010426481858710172 0.9999340560491906 0.004813732243269374 -1.6739071992038286 -0.00866622617265286 -0.004723451092695918 0.9999512915776387 171.84890746669524
0.9999189143680204 -0.00890995116551748 0.009098212770043114 -0.41244686857273427 0.008857134365349455 0.9999437846075873 0.005829132420880981 -1.6736711412114418 -0.009149639363574182 -0.005748075768031068 0.9999416201553414 173.19792564341853
0.9999448318257255 -0.0037663653538997453 0.009805498923874278 -0.4055781868903938 0.003690822736225589 0.9999634595438534 0.007710862294472691 -1.7016454698688364 -0.009834183375655954 -0.0076742466822770725 0.9999221943583327 174.61419088756068
0.9999498087606679 -0.0024866167482301346 0.009705498812557126 -0.3922740398149805 0.0023827939402501132 0.9999399755470645 0.010694278320887131 -1.7164453224775498 -0.009731509630471275 -0.010670615558534722 0.9998957124023156 175.97935375880235
0.999947373860169 -0.005438070254296176 0.00869924800917661 -0.39830363762627763 0.005336354625096915 0.9999176253988098 0.011673291100390273 -1.7220132149555536 -0.008762012319873839 -0.01162625472564579 0.9998940230535945 177.3971014841985
0.9999472380206152 -0.0068583223944533 0.007647522720752355 -0.40680816823661603 0.0067709973980127815 0.9999122433070653 0.011386802309884859 -1.7253807103114571 -0.0077249466039032 -0.011334420375072327 0.9999059236307503 178.79214806343262
0.9999294844967436 -0.010353427016306904 0.005816579669583832 -0.40959254154261515 0.010309200696157726 0.9999181072464005 0.007582820705648614 -1.7211449860064088 -0.005894612005917206 -0.0075223218475926005 0.9999543330669112 180.13302301680773
0.9999578129845641 -0.00830390635414428 0.003926500241711537 -0.41684836726348173 0.008287534293374647 0.9999569721153131 0.004167815185619529 -1.754157582048485 -0.003960940770501503 -0.00413509842445205 0.9999836058182967 181.5502806069439
0.9999882781422841 -0.004157309782712022 0.0024820077211106933 -0.39220381699418083 0.004149522855920674 0.9999864783793929 0.003134407793115752 -1.7677595415296337 -0.0024950050725478772 -0.0031240719606276963 0.9999920075287504 182.94126494551602
0.9999960262027636 -0.0008248755665003858 0.0026957677559006237 -0.42734504538363016 0.0008119742726811 0.9999882299413554 0.004783374767385002 -1.7852715355117872 -0.0026996819397348314 -0.004781166956566998 0.9999849259651443 184.27007618918464
0.9999927862558557 0.001978230333154335 0.0032425362915074387 -0.42832044317520457 -0.0020006627526950004 0.9999739890037329 0.006929550210767656 -1.7919486729621057 -0.003228743970848621 -0.006935987579940684 0.9999707332149514 185.71938249521338
0.9999806388415567 0.00471856234534463 0.004056736018227654 -0.4633075529958596 -0.004755505563424274 0.99994686959357 0.00914566362326959 -1.8141477652314153 -0.004013366430246781 -0.009164778564312324 0.9999499486083357 187.0971521826049
0.999990194309841 0.0017458971220364588 0.00406978245091378 -0.45274376396935456 -0.0017855084658408077 0.9999508756466673 0.009749782196365814 -1.8141429762982508 -0.004052560743495539 -0.009756953414386985 0.9999441877473975 188.54727407637714
0.999994477941772 0.0007972043599691796 0.0032262290515095824 -0.4137584309445706 -0.0008306819304224836 0.9999456912665364 0.01038867089053504 -1.8268173893224928 -0.0032177722089365276 -0.010391293696665936 0.9999408317279311 189.94807534229994
0.9999891247425942 -0.0025164411044345143 0.003926567088967478 -0.44825288119290024 0.002472848350561543 0.9999356936596927 0.01106768082520539 -1.8373721016444136 -0.003954166077805187 -0.011057850869179578 0.9999310418743304 191.31886070380696
0.9999774374749731 -0.0049926366899869425 0.00449423314433138 -0.46518070905036557 0.004942312362347349 0.9999257351248116 0.011139918010972107 -1.8420902960456556 -0.004549517319180892 -0.01111745497386102 0.999927849440001 192.76481194010566
0.9999670078730426 -0.006755855931544099 0.004510165107281551 -0.4482519390586934 0.006702295714953319 0.9999080702639781 0.011786867306910606 -1.8537908869013657 -0.00458938124425943 -0.01175625019562076 0.9999203609088625 194.11544022251582
0.9999436691027083 -0.009472126173352047 0.0047893070659133586 -0.43749590576998476 0.00941107537682365 0.999876161620447 0.01261321010607828 -1.8602702717656654 -0.0049081882874083445 -0.01256742729929059 0.999908980586755 195.57275521656936
0.999908855832881 -0.012471907467351256 0.005170257922694136 -0.42348578167823386 0.01240345010687296 0.9998376794932681 0.013067864242722929 -1.869018185469097 -0.005332400316657177 -0.013002544389328283 0.9999012447964453 196.99965713295046
0.9999416049458776 -0.009382547139401417 0.005362324383276501 -0.4375399145290674 0.009323824165448856 0.9998974148171311 0.010873184067517404 -1.9089291851773593 -0.005463792902627188 -0.010822551959358292 0.9999265069664046 198.41250335456257
0.9999726957231327 -0.004529227206561508 0.005839000019453392 -0.4700750803056404 0.004501453197252677 0.9999785342490102 0.004761087401413882 -1.899108613558657 -0.005860439218622313 -0.004734673503140522 0.9999716186542241 199.85739071973916
0.9999545141487406 0.0059449089866563274 0.007458396975513668 -0.4639984202830031 -0.005980185676733932 0.999970996102214 0.004716391051295972 -1.9195673173926067 -0.007430142761816192 -0.004760779213336162 0.9999610632190344 201.30567636930778
0.99988356514508 0.012911629981286959 0.00813301537096166 -0.48082074993882784 -0.012973888801487882 0.9998865768155907 0.007649296898887772 -1.9259797089409 -0.00803332868068981 -0.007753923247335231 0.9999376692073697 202.74896048626206
0.9998752520891188 0.013145365551877676 0.008756688789216647 -0.42694776196106193 -0.013235271239916243 0.9998594680209117 0.010289403935512911 -1.9353177479646357 -0.00862020093924576 -0.010404017713268635 0.9999087201078222 204.16397049254158
0.999895279543887 0.011231377977296939 0.009126120482028804 -0.4663200913528526 -0.011326558581501752 0.9998812931473838 0.010445511362167417 -1.936500781614464 -0.009007720416115 -0.010547785250877934 0.999903797970452 205.62709844896327
0.9999312996636084 0.008839942495045015 0.007697490308589781 -0.4618015925766384 -0.008924290340724034 0.9998997477871353 0.010993244871460051 -1.9670370161755 -0.007599539599495315 -0.01106118448884434 0.9999099445413039 207.07583351858506
0.9999460702734236 0.008030385291481219 0.00658554826658437 -0.4454926257935294 -0.0080999380242161 0.9999109737296665 0.01060356697751189 -1.9771600810253858 -0.006499811792670725 -0.01065633787375089 0.9999220944188421 208.51007737137292
0.9999483014471168 0.008141877388441483 0.006091326149198392 -0.46213156300240316 -0.008201696206231969 0.999917747260628 0.00986057335580643 -1.975357797605688 -0.00601054204213404 -0.009910022981668345 0.999932830157051 210.0229877155062
0.9999354831661326 0.009311222167765048 0.006506199555897096 -0.4873185900279302 -0.009376087505665858 0.9999059266370726 0.010011337404488115 -2.000957372319626 -0.006412370243394687 -0.010071694401482896 0.9999287186978161 211.48378212687246
0.9999346920919787 0.009824046059755284 0.005839490880695157 -0.4686362917128488 -0.00988526892767678 0.9998954899335767 0.010549440144409226 -1.997227944653011 -0.005735242885948363 -0.010606476332205066 0.999927302180715 212.91294956844106
0.9999320107270264 0.010460510973330598 0.005152825934132365 -0.4712077890798966 -0.010512956314238056 0.9998921183772159 0.010258137126355553 -2.0164159104964536 -0.0050449651015898956 -0.01031161132415476 0.9999341073275045 214.35661952478085
0.9999234052777635 0.011191193071415072 0.005285901508354111 -0.4934409126422141 -0.01124203691461324 0.9998898648340394 0.00968890248347883 -2.0317751214880984 -0.0051768893966753935 -0.009747584861048155 0.9999390903465055 215.8204565441452
0.9999338643629663 0.010347468664040727 0.005019638847891821 -0.4925955263562779 -0.010393829367334934 0.9999027411522798 0.009299277823860513 -2.041171267763407 -0.004922927066832613 -0.009350836268088619 0.9999441617648478 217.31320732024665
0.9999275325864835 0.011281662201893757 0.004201624899617337 -0.47226464423665176 -0.011320028952842433 0.9998933980691664 0.009222226729226403 -2.0634936072122763 -0.0040971352910284505 -0.009269121121819004 0.9999486471184733 218.79003555459423
0.9999232633463216 0.011554050465615969 0.004468927653820716 -0.492442824849347 -0.01159291795670189 0.9998943291650352 0.008771247435249981 -2.062071511083297 -0.00436711234562902 -0.008822382449900211 0.9999515457737221 220.26595491546448
0.999930650895228 0.010966177837629699 0.004293753981098283 -0.49138569419944866 -0.01100403883663662 0.9998998856989272 0.008895489384891892 -2.0833737073909497 -0.004195774944399488 -0.008942121307460279 0.9999512157785123 221.7513193822837
0.9999113701746559 0.012769441004427937 0.003767379074711873 -0.49485958440061695 -0.012801269311083486 0.9998815173545086 0.008548613078044857 -2.0994484507633633 -0.0036577719982489416 -0.008596082826323619 0.9999563630789836 223.23949927145983
