1.0 -3.469446951953614e-18 0.0 -1.7787691892340307e-19 0.0 0.9999999999999999 -3.5405977195229754e-19 0.0 2.168404344971009e-19 -2.354751593366955e-19 1.0 0.0
0.9999998987722333 -0.00012609343698170503 -0.00043192070481847217 -0.0026443987521826986 0.00012646883295877077 0.9999996142534039 0.0008691940753185074 -0.02467025678481396 0.0004318109757452718 -0.000869248629226804 0.9999995289733451 1.3227987774326777
0.999999791800456 -0.0005928711587250227 -0.00025476141822481117 0.020876148571561046 0.0005932163379980138 0.9999989035608413 0.0013568236180096867 -0.04204300880545234 0.00025395673990893973 -0.001356974490653418 0.9999990470629562 2.6132200881857117
0.9999988913328081 -0.0013204879648820965 -0.0006882191739888963 0.018918468418443746 0.0013215059664629918 0.9999980305627967 0.0014807059905742365 -0.07525061855185693 0.0006862626234338176 -0.0014816138634582952 0.9999986669317648 3.9341465199292016
0.9999951078919548 -0.002790108577951896 0.0014140340568736451 0.08441621909525215 0.002788635078521 0.9999955677329306 0.0010430842247648453 -0.09997227557236285 -0.001416938226446238 -0.0010391359141028894 0.9999984562391954 5.171585423357888
0.9999956174651924 -0.0027452566500384776 0.0011084321843196465 0.09951268237691697 0.0027435479662016194 0.9999950502238079 0.0015402818623365194 -0.1167387311420824 -0.0011126552594440103 -0.0015372341024239657 0.9999981994524993 6.503212751906325
0.9999925192004854 -0.0036831735244707772 0.0011814324621962173 0.08534727972227556 0.0036801648687505243 0.9999900049742478 0.002538962893557035 -0.15586479420216134 -0.0011907721929734765 -0.002534596080009935 0.9999960789338408 7.8502018944313114
0.9999918472930751 -0.0038359627829377702 0.0012612470011158638 0.06903348746884573 0.003832190598986991 0.999988216975418 0.002979969746778089 -0.16722066693409127 -0.0012726632977225563 -0.002975112167723699 0.999994764503534 9.16383755421057
0.9999931278154774 -0.0036317328334848995 0.0007448789126587312 0.07329794300132192 0.0036298735923583174 0.9999903300800533 0.002482691803706599 -0.19298301432409148 -0.0007538882445218868 -0.0024799709713815787 0.9999966406922789 10.492229287430787
0.9999996469141971 -0.0004035303923302213 0.0007371135820106549 0.04606285344300613 0.0004036600727081816 0.999999903084145 -0.00017575443938082835 -0.215387298507476 -0.0007370426507167496 0.00017605192502518388 0.9999997128863314 11.830371123435741
0.9999980440648717 0.0019023487780082818 0.0005412328805343635 0.04877111495465815 -0.0019019230607273362 0.9999978822664675 -0.0007862281329612459 -0.23530933173531723 -0.0005427274611064094 0.0007851972263143182 0.999999544455556 13.174412232774008
0.9999847365462007 0.005477068843527301 0.0007268986992381122 0.027342445836903963 -0.005476340468525336 0.9999845039801513 -0.0010007525283019323 -0.26574231565483886 -0.0007323686887552102 0.0009967565246461485 0.9999992350553795 14.514551747921972
0.9999825608759144 0.005770016229496796 0.0012589070673515576 0.004452841991871254 -0.005769757808085679 0.999983332951514 -0.00020910665703672123 -0.2944283584181854 -0.0012600927409203916 0.0002018394221031936 0.9999991857123239 15.872128185473064
0.9999872896402349 0.004794502936082923 0.0015599014271096812 0.012282246574913162 -0.004798101973094876 0.9999858174546191 0.002311518102670525 -0.33254657728080267 -0.0015487968527228505 -0.002318973336676248 0.9999961117870495 17.20231600716961
0.9999989960365566 -7.078521096435739e-06 0.0014169960426663201 0.007090834825430173 7.500054511611065e-07 0.9999900269153217 0.004466102141008133 -0.35276214299625364 -0.0014170136403653354 -0.004466096681316565 0.9999890229656334 18.578924536013332
0.999996294627019 -0.0025078199812187153 0.0010590450297793617 0.010446153622181292 0.0025044565934625226 0.9999918536312258 0.003165495865401793 -0.3834912986333589 -0.0010669749836161794 -0.003162831863301448 0.9999944290135172 19.912994392694056
0.9999946434973369 -0.0030890684052685066 0.0010819607151249953 0.006949538173898304 0.0030885515727463644 0.9999951155883757 0.0004792119551879764 -0.38776870019236026 -0.0010834358398533082 -0.0004758677029522924 0.999999299857364 21.27511215476381
0.9999980410527344 -0.001224555693331313 0.0015551071089848392 -0.00920927950733507 0.0012261284354476484 0.999998737506063 -0.0010107391137914466 -0.44858735411236506 -0.001553867571390594 0.0010126439170141672 0.9999982800213103 22.621792959195833
0.9999964977621091 0.0014728531783832896 0.0021989014192182717 -0.01155538924726568 -0.0014736149821875074 0.9999988547781993 0.0003448241048590033 -0.437276157367095 -0.0021983912113068054 -0.00034806323747746344 0.9999975229595095 23.994416002491818
0.9999931751640043 0.0020264799297941014 0.0030891754346085406 -0.03176701388948862 -0.002042834969439901 0.9999838665109828 0.005300334455585882 -0.4660603753848041 -0.003078384830012268 -0.005306609060914564 0.9999811815451558 25.384482700034706
0.9999944409957099 0.0003750280738071179 0.0033132061733892318 -0.015625273088034027 -0.0003941491046005191 0.999983261979583 0.005772383075244912 -0.492746455756097 -0.003310986186316568 -0.00577365699517824 0.9999778508810275 26.739746515603755
0.9999884427699963 -0.0036491632019483265 0.003130166673798836 -0.02111304251950185 0.003633269291152749 0.9999805547497908 0.005068478108645894 -0.5316317000111337 -0.0031486017724548865 -0.005057046886943076 0.9999822561329973 28.122065367274924
0.9999884122705189 -0.0036666284869655962 0.003119482212957269 -0.021594199525262765 0.003659438451181307 0.9999906418115544 0.002307551526107404 -0.5332531136214941 -0.0031279142166307423 -0.0022961092735696836 0.9999924719873131 29.475407427357993
0.9999818529767776 -0.004438873870298293 0.004073097921549026 -0.045136250644350784 0.004436709122450668 0.9999900117225501 0.0005404269389933863 -0.5783230401944728 -0.004075456469011819 -0.0005223459847284849 0.9999915588666122 30.85327961580609
0.9999891094411578 -0.0017623228755149194 0.004321484104945553 -0.039964397642372626 0.0017654268055725467 0.9999981863618546 -0.0007145198450269937 -0.5839305986998091 -0.004320217418229673 0.0007221413464837949 0.9999904070680954 32.24901975063324
0.9999881535343167 -0.0006839739289324649 0.0048192299376818345 -0.04217436909363788 0.0006979081823938749 0.9999955795672667 -0.002890288776806708 -0.6290170858809749 -0.004817232161834976 0.002893617978582801 0.9999842104971831 33.63015686664407
0.9999871296870472 -0.00011872819805137415 0.005072116881548786 -0.056633307891061586 0.00013122670229923257 0.9999969559925687 -0.002463896334905402 -0.6352940028880902 -0.005071809338622826 0.002464530273754438 0.9999841012910041 35.024121662867586
0.999989946473853 4.9460051818111736e-05 0.004483805304613584 -0.053438808606866284 -4.490509971802857e-05 0.99999948290096 -0.0010159633529203513 -0.6813584483292014 -0.004483853615393845 0.0010157518168135286 0.9999894315940177 36.40917624657356
0.9999881820443571 0.0020183179267588497 0.004422913738351206 -0.06226357231118512 -0.00201914432098221 0.9999979449007337 0.00018235691530039597 -0.7173758211077204 -0.004422536968312233 -0.0001912852630874859 0.9999902022378112 37.808551594668465
0.9999866027963142 0.0034669160655881395 0.00384378967877347 -0.04859599079237237 -0.0034690327288277875 0.9999938348774575 0.0005440821129786014 -0.7298401661021479 -0.003841880018766496 -0.0005574090665123117 0.999992464595857 39.207826076915616
0.9999688245618691 0.00643771778475124 0.0045722736297637585 -0.06926914424315458 -0.006439971029799938 0.9999791488557378 0.00047816313506418166 -0.7654024715381997 -0.004569100399439858 -0.0005075935490507943 0.9999894327767503 40.602183216712476
0.9999484069955902 0.009067064137201458 0.004579484694179023 -0.07762072698922681 -0.009070991114757034 0.9999585071358618 0.0008373450723237838 -0.8098990535737364 -0.00457170280297893 -0.0008788423566921764 0.9999891635235288 42.02561209581457
0.9999429652085691 0.009790050696738948 0.004268632110767461 -0.08677666165998549 -0.0097939652014166 0.9999516357018555 0.0008969530761752167 -0.8203803902840354 -0.0042596448051184415 -0.0009387087755274002 0.999990487078311 43.41829421682498
0.9999531970318281 0.00887866325792185 0.003843575113458538 -0.0881498991362024 -0.008881118129664264 0.999960368684632 0.0006219488128560717 -0.8471232045824373 -0.0038379010378174457 -0.00065605496503571 0.9999924200227558 44.84873733272692
0.9999621821552541 0.008183183789813043 0.0029444436622685284 -0.07879644089297409 -0.008183240281049092 0.999966516713305 6.958283492434514e-06 -0.8746705564989176 -0.0029442883810223467 -3.105311481074232e-05 0.9999956650895352 46.237750880253884
0.999969231975763 0.0075704452960732626 0.0020551025704879902 -0.0841177726953066 -0.007571298043522422 0.9999712543955378 0.0004072401309925948 -0.9093357200066856 -0.002051960679740926 -0.0004227874075505543 0.9999978053503166 47.665723351869765
0.9999669614773542 0.008063980572405842 0.001023794518488623 -0.08826448662014061 -0.008065226200632051 0.999966733852474 0.0012179211303039313 -0.938195004076913 -0.0010139392536642896 -0.0012261380558813218 0.9999987342548918 49.07151660972125
0.9999588642466981 0.009066893828628055 0.0002474490741948541 -0.1082268290773384 -0.00906725985814119 0.9999577393556068 0.0015179991110371295 -0.9744596951593415 -0.00023367509915800519 -0.0015201803887740781 0.9999988172230158 50.49214303892321
0.9999583690358232 0.009083117674883194 -0.0008701419407196838 -0.11366926546008961 -0.009081784805829912 0.9999575978899987 0.0015243446643185546 -0.9948316938437098 0.000883950922180671 -0.00151637880008776 0.9999984596127004 51.94057902841166
0.999950189117497 0.009812963027754949 -0.0018234624256698471 -0.13681125431813349 -0.009808112577001132 0.9999483864719304 0.0026505360814021686 -1.0310587161577063 0.001849378080712497 -0.002632519392016884 0.9999948248096019 53.33310686562588
0.9999692094342726 0.007345361600642449 -0.0027614898209672497 -0.1379556476828811 -0.007336348605217647 0.9999677744547961 0.0032600699080251204 -1.0517604983603492 0.0027853474603116075 -0.003239710348377251 0.9999908730193311 54.80037503306916
0.9999841880309226 0.004653725411085559 -0.0031569785053358274 -0.14757490109793048 -0.004641010405417432 0.9999811375869503 0.004023120776616664 -1.0517864524265736 0.0031756417278109563 -0.004008405678214069 0.9999869239095726 56.203567024099215
0.9999820034502518 0.004646914895937479 -0.0037945937310630796 -0.15594706912416842 -0.0046333945293983644 0.9999829139622183 0.003564189520803798 -1.1088398065592704 0.003811091706511673 -0.0035465436044152445 0.9999864487163205 57.64163271141555
0.9999893640105867 0.0026392051654242276 -0.0037823868193171467 -0.1675270434463112 -0.0026243442595152754 0.9999888393527704 0.003928611837939909 -1.129479781883244 0.0037927133416108183 -0.003918643850471102 0.999985129671317 59.08415909169462
0.9999920652057066 0.001997629465283689 -0.003446591411123884 -0.17667286260737886 -0.001983684324899251 0.9999898522901715 0.004044788719086241 -1.1611011164286367 0.0034546367203321026 -0.0040379197590894225 0.9999858802484851 60.47962856252029
0.9999960807972385 -2.657645501693423e-06 -0.0027997103697392023 -0.19311138165247405 1.6689463988970796e-05 0.9999874403668102 0.005011868802927695 -1.1786948286069223 0.0027996621272971993 -0.005011895987121516 0.9999835212625912 61.93320739840365
0.9999963142465281 -0.001030835897267851 -0.0025117459945803292 -0.19996678606732865 0.0010433213850420762 0.9999870824223932 0.0049745819983133465 -1.2171977378136645 0.002506585787146952 -0.004977184320889151 0.9999844722141827 63.34418267703797
0.9999930445465436 -0.0031025637428619985 -0.0020700139248150872 -0.2094503428623381 0.0031091942557614338 0.9999900222670797 0.003207533680384801 -1.2342642896265017 0.0020600418699834007 -0.0032139475085848144 0.9999927133599862 64.75839664451459
0.9999936964365366 -0.0033214563995037326 -0.001254996897920787 -0.2145575041122671 0.0033252338667201908 0.9999899118659614 0.0030197650190766064 -1.2639298963043772 0.001244954327390926 -0.003023919200054507 0.9999946529877181 66.2508040125871
0.9999988685131422 -0.0014585953103003375 -0.00036806767975487535 -0.23897211974813706 0.0014597125335145452 0.9999942732267535 0.0030533178985081774 -1.2892959725861557 0.0003636120500561627 -0.0030538517760939094 0.9999952708772041 67.58048109347527
0.9999972939071291 0.0023098328245194375 0.0002772130131791042 -0.26110233957242135 -0.002311076328293158 0.9999868778597734 0.004571983981703286 -1.3271133137396318 -0.0002666488758520111 -0.004572612361598745 0.9999895100025764 69.05728862405454
0.9999838770024416 0.00557184893092282 0.0010955478778006764 -0.2798221027504397 -0.005577804061186894 0.9999692654368896 0.00550965454147055 -1.3537883079751452 -0.0010648153297221612 -0.005515676572838113 0.9999842216155503 70.4041734171738
0.9999598960483795 0.008709493212126301 0.0020859066700162267 -0.28949009956683225 -0.008722057176869549 0.9999434074768049 0.006091599114191334 -1.3743805496670827 -0.002032734049543533 -0.006109548339669893 0.9999792704902168 71.86438142899934
0.9999166498752418 0.012692268177352705 0.0023663479962903657 -0.29492579653667583 -0.01270599707940968 0.9999019896020728 0.005879528687130749 -1.400029235759625 -0.0022914917043787577 -0.005909105562735002 0.9999799155661161 73.2298802186436
0.9998648182299994 0.016162810190394467 0.003018077741705957 -0.3101644220043545 -0.016178095647254715 0.9998560657969884 0.005110474748074299 -1.424914296467045 -0.0029350439485952753 -0.005158610767097294 0.9999823869695925 74.62324392724892
0.9998226609193909 0.01844412860919091 0.003802733812723433 -0.31437868861546825 -0.01846442648651459 0.9998150796730478 0.005373217247742113 -1.4396826579089108 -0.0037029266096071196 -0.0054424797836563 0.9999783336378361 76.0549881537859
0.9998353394858981 0.017661651580253693 0.004166525474099259 -0.32330798720731135 -0.017684563968505554 0.9998283358309655 0.005527668067935074 -1.4632788231479172 -0.004068182823822274 -0.0056004411861463425 0.9999760421847815 77.40983262899874
0.9998536180450899 0.016596397883124628 0.004159569628024354 -0.32702445136819924 -0.016619000671160535 0.9998469906689625 0.005459314094960704 -1.501495118310103 -0.00406832856650597 -0.005527642958683149 0.9999764466538589 78.84079264695109
0.9998686484198279 0.015681760963424614 0.004094904587713058 -0.33728372571552917 -0.015700395868069778 0.9998663489325191 0.004558714986307492 -1.5164219349935177 -0.004022868957805483 -0.004622407914805727 0.9999812247570655 80.21596764764524
0.9998728486094763 0.015526692875878541 0.003634334252905976 -0.33077912542881405 -0.015543064901136779 0.9998689805561295 0.004520497201821424 -1.5491579380264544 -0.003563670011154361 -0.004576411206676199 0.999983178215084 81.5811998730801
0.9998861245729751 0.014750510407387334 0.0031875217757948862 -0.33850790628171545 -0.014764508231053356 0.9998812596364012 0.004413157791274262 -1.5665054087404584 -0.003122047219500942 -0.004459717529200574 0.9999851817590768 83.00143497924977
0.9998793696695552 0.015257987249074356 0.002905150277393915 -0.35176105431528365 -0.015268068090631942 0.9998773814863264 0.0034796735461425092 -1.5943229606616351 -0.0028517014766579803 -0.003523609903039273 0.9999897259317038 84.34174597503637
0.9998848190791648 0.01504336575148761 0.0020113889434886763 -0.35393335173055973 -0.015050987847296802 0.9998793955797491 0.003829111930066729 -1.617145972060702 -0.0019535437927093264 -0.003858944365966784 0.999990646062834 85.75239108775901
0.9998966099068904 0.014355255889104978 0.000834319824161771 -0.3639043537127404 -0.014359163769086511 0.9998849817450403 0.004882389995034328 -1.651297877221596 -0.0007641359659157103 -0.00489386544610097 0.9999877330133742 87.1148482824064
0.999904694211468 0.013805715075596574 -6.848503385110732e-05 -0.37051104690404224 -0.013805018476399897 0.9998851775460342 0.0062492576895088765 -1.6837721082533712 0.0001547526586143232 -0.006247716795761655 0.9999804708534604 88.49471995695595
0.9999374029813239 0.011123119826930854 -0.0012109071748350503 -0.37488336094054153 -0.01111457777792833 0.9999147908504609 0.0068466943428338095 -1.6993463965485702 0.0012869607096556472 -0.006832807182442998 0.9999758279489097 89.88724760106409
0.9999450626903215 0.010276596968337303 -0.002064734586629138 -0.3863214459180129 -0.01026248035211339 0.999924655221291 0.006735384118230535 -1.7326835644641205 0.0021337960327847878 -0.006713824938154412 0.9999751854294492 91.25858695434451
0.9999619870348759 0.008335853292792442 -0.0025569537754927996 -0.3985208555633715 -0.008320267394182578 0.9999471024005437 0.0060469469699190705 -1.7405619945853528 0.0026072252062719872 -0.0060254426956730745 0.9999784479793384 92.62989238575871
0.9999767730196515 0.006246213880096956 -0.0027273092733046444 -0.40650042358106975 -0.0062298569566044265 0.9999628003729852 0.005965464240671264 -1.7820058253729674 0.0027644696219990862 -0.005948335058573701 0.9999784872806747 93.95436363245108
0.9999727044607155 0.006745274184455577 -0.003015226424415587 -0.42271705217086325 -0.0067299410335265415 0.9999645164466361 0.005066927468877629 -1.7889440645958925 0.003049297509867911 -0.0050464969754321805 0.9999826171787373 95.34772553536597
0.9999785117274117 0.005896491937346258 -0.002864864627924031 -0.43198296191343716 -0.005883403272078824 0.9999723140069792 0.00455596271031741 -1.814869408241946 0.0028916497563593866 -0.0045390097529533395 0.9999855177742947 96.69894987415441
0.9999668030325154 0.007745231606571583 -0.002530651968404226 -0.4432679513866741 -0.007734867189916761 0.9999617612492369 0.004080181909591847 -1.8458998179767567 0.002562157372642298 -0.004060472291093111 0.999988473893444 98.01963335518263
0.9999495923212458 0.009778045539883344 -0.0022809243646010648 -0.46769830798529655 -0.009769025514856455 0.9999445473093029 0.003932997339258754 -1.8688155402987616 0.0023192551068479915 -0.003910516764128405 0.9999896644062064 99.40575184647359
0.9999537068869245 0.009373791153543871 -0.002171657854904417 -0.4700908497061712 -0.009362169195916713 0.9999421194015069 0.00530166524206872 -1.895258828177031 0.00222122905219291 -0.005281088496282165 0.9999835879907691 100.74778679743976
0.999954143709637 0.009319310259228141 -0.0022047470696199174 -0.49213068651353337 -0.009304141921796065 0.9999336408695283 0.006793145025323392 -1.9141182069575307 0.0022679083872029844 -0.006772320379718312 0.9999744958117547 102.08502211943339
0.9999572700561632 0.009038947585784834 -0.0019379022370322534 -0.5001462498872999 -0.009027434808686221 0.9999420238924079 0.005869777947122607 -1.9428112156825328 0.0019908466726208628 -0.0058520329696145085 0.9999808949397567 103.42713349879965
0.9999629438123865 0.00840983462698125 -0.001840016913528942 -0.5123514167715568 -0.008403532179044432 0.9999588862278649 0.003406834067384816 -1.9796057410926304 0.0018685923347268177 -0.003391245256561274 0.999992503882978 104.75432376185208
0.9999672042091536 0.007818814270759589 -0.0021110730057104137 -0.5264829815534386 -0.00781539696824482 0.9999681431704035 0.0016224151596632855 -1.9920050531788016 0.0021236912966911283 -0.0016058631170736617 0.9999964555651344 106.09461964325295
0.9999762175991719 0.006652030108612413 -0.0018206358032043055 -0.5374094267498456 -0.00664631897634533 0.9999730288068662 0.0031253985216605678 -2.031490465811346 0.0018413771012607493 -0.0031132237338454497 0.9999934585646452 107.44628984833088
0.9999932952783167 0.0034566360461796416 -0.0012087420253496716 -0.5404175598789135 -0.0034511529053890292 0.999983877049244 0.004509455681204956 -2.0385205885115054 0.001224310190811703 -0.004505253985446928 0.9999891018176659 108.79447750145884
0.999997474729035 0.002198787291829975 -0.0004646131475708065 -0.5577289845739004 -0.0021959459591278417 0.999979406717009 0.006030254188479204 -2.070856935287447 0.0004778628710660521 -0.006029218815995455 0.9999817099176522 110.12552477935166
0.9999987719865815 0.0015554379664936887 0.00019140444936823625 -0.5629388279090346 -0.0015563156114636158 0.9999878686181827 0.004673382051429341 -2.096125535787772 -0.00018413298336311277 -0.004673674291343559 0.9999890613723953 111.41798821408611
0.9999951511607524 0.002937326603937986 0.0010342937489374417 -0.5705689638540683 -0.0029396319193115148 0.9999931832711153 0.0022342740239507915 -2.118551549006428 -0.0010277239911338008 -0.002237303678742728 0.9999969691226867 112.77211476104488
0.9999812782161339 0.005720977346418077 0.002171088879322262 -0.5704773046134312 -0.005721769846585411 0.999983566170448 0.0003588178294371936 -2.1602177095489004 -0.0021690005947138167 -0.0003712335925441443 0.9999975788066527 114.11597702251797
0.9999660418714678 0.0075254108108522965 0.0033590600333428637 -0.5921199656194753 -0.0075249079701601275 0.9999716742909242 -0.00016245548754039758 -2.184495361252894 -0.0033601877144288344 0.0001371733529138414 0.9999943451429046 115.42295572855414
0.9999421567864641 0.00959225847169696 0.004865351222299674 -0.6019290419695326 -0.009599498457679295 0.9999528479939296 0.001466778620479156 -2.196118446817494 -0.004851052500916207 -0.001513398742071952 0.9999870883709845 116.795312306008
0.9999374006775197 0.009551477010834503 0.0058278639128556495 -0.605198702092949 -0.009574404971149735 0.9999464848568048 0.003918955549599904 -2.2241990122471798 -0.005790120706740367 -0.003974508635795094 0.999975338584949 118.09609200279463
0.9999351285085827 0.009021598464310731 0.006953382074174548 -0.5973815499928454 -0.00905402953868577 0.9999482150027571 0.004646706450916329 -2.252949253196064 -0.006911101854321259 -0.004709361232935989 0.9999650286797089 119.4791533227994
0.9999246012853186 0.0094482037956705 0.007843671020126532 -0.5979710107849305 -0.009480490822107824 0.9999466975041906 0.004089311011138604 -2.275163987976127 -0.007804616945845099 -0.004163364616404293 0.9999608764063963 120.77440399647747
0.9998860594601289 0.011869866858226538 0.009326003245292633 -0.5937543378970194 -0.01190382311521453 0.9999226884202512 0.003593912270346749 -2.2978672336466595 -0.009282623759296475 -0.0037045179455967346 0.999950053471031 122.10436998785104
0.9998575356779618 0.013304609143911975 0.010387285360811977 -0.595730057962045 -0.013336952018802008 0.999906405482647 0.003050576698342419 -2.317375068850217 -0.010345727309755817 -0.003188676891081296 0.9999413974128174 123.46600501297337
0.9998353955992269 0.01397905456970975 0.011565799204797722 -0.5979636973625496 -0.014007929176630993 0.9998989575184849 0.002419237203323027 -2.347009174483163 -0.011530812892082621 -0.002580851934553811 0.9999301873387724 124.79193353709165
0.999822510541432 0.013975076879888106 0.01263505485790158 -0.5888462891031134 -0.01399599982335583 0.9999008202706505 0.0015689634156200664 -2.36259805121901 -0.012611876397481238 -0.0017455252015536062 0.9999189435698761 126.11453976446192
0.9998098091197444 0.014091145916445372 0.013482772866118273 -0.5818110481757145 -0.014107796566090404 0.9998998295862102 0.0011405722984014527 -2.39679123747988 -0.013465351458221034 -0.0013305676147504846 0.9999084527569615 127.46259721030266
0.9998052966021838 0.01334258776794519 0.014537682380520873 -0.5797463352569554 -0.01337368630687499 0.9999084791355888 0.0020439912602596795 -2.421710024394432 -0.014509080971625229 -0.0022380157345200627 0.999892233118577 128.8039286866522
0.9997852127377198 0.013874560595245042 0.01539561391244782 -0.5665488807815745 -0.01391727898043444 0.9998995825638273 0.0026709865415675232 -2.454069781302856 -0.01535701045606257 -0.0028846779565554386 0.9998779129772988 130.1565445899691
0.9998168077003783 0.011061119997682752 0.015620583906047621 -0.5503885640598304 -0.011119454599257464 0.9999315060786288 0.0036525205035430218 -2.472857869192552 -0.015579114337574503 -0.0038255438346566886 0.9998713199248156 131.47802476500854
0.9998386591701031 0.008707476587187808 0.015710998202111373 -0.5333824911227989 -0.008774946701744793 0.9999525500476569 0.004230600649837739 -2.5015891686123872 -0.015673416181432843 -0.004367781333066515 0.9998676244928867 132.8201675590844
0.9998460054658487 0.008306951074429542 0.015458327959359414 -0.5265369030365055 -0.008373255579456127 0.9999559992630985 0.004229438015934382 -2.5135672464306964 -0.015422515347192984 -0.004358223316135181 0.99987156770619 134.14969693271362
0.9998678841284646 0.006605504703654534 0.014851989314073707 -0.5062064271943888 -0.006666779167656741 0.9999694536689105 0.004079926156100905 -2.5477152863217736 -0.0148245869187124 -0.004178402141400801 0.9998813792520178 135.49668140104646
0.9998816461509163 0.007035679135941079 0.013681845638956715 -0.5039514645234451 -0.007083971030259394 0.9999688378693455 0.003484344802951298 -2.5795030536624455 -0.013656905703131099 -0.0035808542803250957 0.9999003282351435 136.8321696331783
0.9999184688644415 0.0023626237580022247 0.01254884992596958 -0.4923596947662682 -0.002426598416955004 0.9999841257507651 0.005085260044047945 -2.5869595215222136 -0.01253663722165806 -0.005115296548809474 0.9999083290300067 138.15743467454024
0.9999304298901376 0.002581381198161146 0.011509641724460864 -0.47467619877497635 -0.0026396786314383967 0.9999837506780651 0.005052769546783004 -2.613699219174796 -0.01149641254386889 -0.005082799873163011 0.9999209956985293 139.4941784207424
0.9999492601036117 0.00042094287356748885 0.010064791676409024 -0.47668850856590445 -0.00047224505175817635 0.9999869070785314 0.00509535628813082 -2.6447945047328054 -0.010062515891219311 -0.0050998508909934495 0.9999363666199448 140.87049066610416
0.9999595691397438 0.0007234314272264808 0.008963076399915025 -0.472737473837938 -0.0007655925825716869 0.9999886556276918 0.004701327910982878 -2.6605614849184374 -0.008959574384463561 -0.004707999983113074 0.9999487790667468 142.18905218756265
0.9999671294270182 0.0013657975241906798 0.007992162855326994 -0.46460414595368815 -0.0014002054044591119 0.9999897695819461 0.004301180968351867 -2.681765799890461 -0.007986207221332597 -0.004312230335229488 0.9999588117306676 143.51927220510666
0.9999752173001257 -0.000728969032565259 0.007002385125555521 -0.45718067704494736 0.0007145620747184226 0.9999976234652821 0.00205972409299471 -2.709901953058999 -0.007003870549388004 -0.0020546694428649898 0.999973361707484 144.88374224543043
0.9999755490336679 -0.003593017375369002 0.0059992976349748876 -0.46505989855391316 0.0035862263727998132 0.9999929169474728 0.0011423791448543956 -2.7513870891454233 -0.006003360235924689 -0.0011208363876379396 0.9999813515189613 146.18514590015192
0.9999081620522638 -0.012630312865588996 0.00491351950123739 -0.4487207686898028 0.01261011660592744 0.9999120013884976 0.004120003325875331 -2.77622824152075 -0.004965124464741396 -0.0040576649656384025 0.9999794412333671 147.5771082556193
0.9997543718186628 -0.02190175419902926 0.0033925213721557853 -0.43257196424398503 0.021883538640234096 0.9997463885525989 0.005316888840771021 -2.788929867084288 -0.003508110472941819 -0.005241342574196975 0.9999801105451135 148.87763092644332
0.999738899368198 -0.022736577120378396 0.0022762156012242274 -0.41364641159224347 0.022731073601286476 0.9997386968839589 0.002415831499822277 -2.828929405691173 -0.0023305487514962003 -0.0023634599276238168 0.999994491283326 150.1921730305085
0.9997539001318841 -0.02201535752789375 0.002731887988193324 -0.42035637660724945 0.02201707560642347 0.9997574148265934 -0.0005998971813977271 -2.8594063661757616 -0.0027180185503023952 0.0006598977632220503 0.9999960884455934 151.59271792051166
0.9997869404807861 -0.02033900350056617 0.00352116334673523 -0.4368693245333691 0.020351678617958786 0.9997863956427928 -0.0036017022178927985 -2.872489700070052 -0.0034471564696571576 0.0036725965164928005 0.9999873144908474 152.92011724244807
0.9997938124144681 -0.01985432034596138 0.004258947417490905 -0.44317701013110833 0.019869660923755736 0.9997961330883137 -0.0035901016424084026 -2.905756172125426 -0.004186800486270843 0.0036739853401044236 0.9999844861437973 154.30096494451828
0.99977078554721 -0.020855529412243327 0.004839759337341936 -0.44050934771962774 0.02085687638314928 0.9997824457568023 -0.00022772430242963017 -2.945422186492239 -0.004833957523475215 0.00032861439331522985 0.9999882623620016 155.62804776468454
0.9996239047816267 -0.02691247504759737 0.005269504581572355 -0.43227118913544305 0.026892999302742065 0.9996313481074723 0.003732890545789056 -2.984467754226267 -0.005368023741036132 -0.0035897738862698753 0.9999791487023538 156.96765173460201
0.999450225220129 -0.03274285446928059 0.005210832767361163 -0.4145737253192901 0.03272699386466982 0.999459518086501 0.003100902222936252 -2.9724180953240746 -0.005309549240404216 -0.0029286625614611084 0.999981615639636 158.28165253977227
0.9994182368617825 -0.03372095000986185 0.005107381454315706 -0.4084823690980433 0.033702070588042435 0.9994249299444065 0.003738965350266748 -3.023796956669945 -0.005230526252258088 -0.003564660867979576 0.9999799671908561 159.62486025181565
0.9994575743412459 -0.032361264532505096 0.006107834376509395 -0.4097924266346413 0.03233882231277829 0.9994699721183835 0.0037383712586553383 -3.034878759480609 -0.006225575995867108 -0.003538823339485571 0.9999743591349347 160.98556975874294
0.9995063698832825 -0.030537197219739534 0.007382150410111442 -0.41545738001622434 0.030511517844574475 0.9995280511919185 0.0035668150260493026 -3.0470310624088977 -0.007487587574551536 -0.003339813761145628 0.999966390270322 162.31450906512015
0.9995430660523881 -0.02905847427667669 0.008322510365032 -0.41813647245539776 0.02904221780694116 0.9995760470258501 0.002067801771363167 -3.0656505831407186 -0.008379069880922924 -0.0018251527707483475 0.9999632293233011 163.6682866619525
0.9996380488473815 -0.025340736103686427 0.009034290060757167 -0.416193992364257 0.025334604627485525 0.9996787131155943 0.0007926866976537524 -3.08921606694143 -0.009051475488775818 -0.0005635196013694365 0.9999588757695357 165.0222108854342
0.9996972074734018 -0.022794984712025908 0.009267256996279042 -0.4150416396612858 0.022772683367373432 0.9997375302843112 0.0025050807275656065 -3.12723536117838 -0.0093219286830342 -0.0022932819187589256 0.9999539201868848 166.35202386593485
0.9997001476785458 -0.02272213757835418 0.009127935464156425 -0.4102599540773133 0.02270115341217319 0.9997394241268401 0.002396137807910745 -3.143299886319151 -0.009180003089605237 -0.0021882046753949874 0.999955468656978 167.69935210334998
0.9997734015588202 -0.019418758882667538 0.008721086690962027 -0.40513242592008053 0.019421629098479026 0.9998113525008197 -0.0002443900700612766 -3.1744994249887157 -0.008714696463266098 0.0004137124328026711 0.9999619407260477 169.08329021724342
0.9998442070008248 -0.015656472440530287 0.008150865848827895 -0.40860419555215877 0.015678512356660203 0.9998735807479999 -0.0026470290942143737 -3.219727123936657 -0.008108392970733095 0.0027744102298027065 0.9999632776278653 170.48411088094062
0.9999024738527534 -0.011531610673589666 0.00787811877257976 -0.4097144327083924 0.011565983936167071 0.9999237301630712 -0.004331496547652513 -3.225459730734709 -0.007827569442190206 0.004422192411009007 0.9999595858653213 171.83077137633936
0.999953012235124 -0.004855179356508567 0.008390504668698678 -0.4121404733385659 0.004888224873195389 0.9999803598420499 -0.003922394873460006 -3.279394559952359 -0.008371296657577514 0.003963225331156696 0.9999571061951495 173.19957118466178
0.9999570723408991 0.0009947864816379935 0.009212159384355972 -0.42102383955446454 -0.0009889096102321552 0.9999993046344994 -0.0006424873950183461 -3.3309513742305366 -0.009212792895450208 0.0006333498408135149 0.9999573607449684 174.6018682645249
0.9999576748934638 -0.0015013609726575814 0.009077133144448217 -0.42157101246294737 0.001488105637210961 0.9999978168867901 0.0014668881178894028 -3.3466596684441936 -0.009079316422602283 -0.0014533183187954433 0.999957726042678 175.94237858539833
0.9999625220716502 -0.0022268921343846435 0.00836632617859449 -0.4200826398938509 0.0022101104303967074 0.9999955284068697 0.0020145904112330057 -3.3719559140962483 -0.008370775748952421 -0.0019960244346285236 0.9999629723110964 177.36010874815852
0.9999671323456514 -0.0043116794085531415 0.006866124193302215 -0.4089277164344613 0.0042951774131363765 0.9999878562299302 0.0024163686467907034 -3.398292158952776 -0.006876459998485371 -0.002386798043015486 0.9999735083925302 178.77805095455494
0.9999725613428841 -0.005776695086003848 0.00463749585026302 -0.4051581196722359 0.005786006110748655 0.9999812673029672 -0.0019967897645982624 -3.4279723746003397 -0.0046258745240054695 0.0020235676027671257 0.9999872531455554 180.07825094967885
0.9999905074666504 -0.003138310433997751 0.0030225804435348586 -0.4180836649303261 0.003156868225797268 0.9999760773991184 -0.0061545761868712166 -3.4693115087912507 -0.00300319342349264 0.006164059778851428 0.9999764923199016 181.49534474154123
0.9999967907280448 0.00029457894416711535 0.0025162988076408437 -0.44486163596123385 -0.00027589301129262583 0.9999724104232235 -0.0074230907166872905 -3.4973091813547224 -0.0025184162891535166 0.007422372812831249 0.9999692825072256 182.8829699204629
0.9999869846348806 0.004573069281751866 0.002262209631281222 -0.4575072551332202 -0.004558581817657703 0.9999693304175756 -0.006368482151006037 -3.5283376602720504 -0.0022912639594721285 0.006358086918870949 0.999977162157765 184.21117808624618
0.9999702723788227 0.0072070381952784755 0.0027409756545875683 -0.45090922122448324 -0.00719924729732143 0.9999700468521098 -0.0028418747812084364 -3.565242794805351 -0.00276137528995707 0.002822057389807648 0.9999922053670225 185.6666556598336
0.9999502092511924 0.009503152204794989 0.0030445195394376984 -0.46742700305315754 -0.009500237940425435 0.9999544008193197 -0.0009704548347215903 -3.6125432130228963 -0.0030536033512709427 0.0009414828687724343 0.9999948945432614 187.03305417394938
0.9999794699735108 0.005525095493896615 0.0032454497972673694 -0.4643247152208262 -0.005524738713631117 0.9999847314397667 -0.00011899777157046442 -3.620626700845548 -0.0032460579927348007 0.00010106506680763676 0.9999947264307284 188.49422229546724
0.9999830678757665 0.0049537813411756355 0.0030535236084314457 -0.46332409292401894 -0.004955237579280356 0.9999876125616751 0.0004694180631923217 -3.6634372955197696 -0.003051160646432054 -0.00048454106074149724 0.9999952278060392 189.90471121632407
0.9999938965422152 0.0015794672230017162 0.003116434313031771 -0.4677105391543595 -0.001582682096866888 0.9999982177693183 0.0010293581217522372 -3.6756781809066057 -0.0031148031839034387 -0.0010342841829613784 0.9999946141122764 191.25749096023253
0.9999939158418247 -0.00011869126680113043 0.0034862868815329438 -0.4749741986858419 0.00011582232669533551 0.9999996545340284 0.0008231140263640713 -3.706484396497718 -0.0034863836675363136 -0.0008227052418368678 0.9999935841198264 192.71122728542892
0.9999890273310537 -0.0026533892259415232 0.003860667251135523 -0.4686116604591687 0.0026477470938336863 0.9999954203293403 0.0014658620615491831 -3.7374921183687584 -0.0038645393983711756 -0.0014556239301488911 0.9999914732085401 194.08677473138425
0.9999531420866723 -0.008738668759622429 0.004165250711602648 -0.46627561564642117 0.008725512798012917 0.99995691868626 0.0031664156458404424 -3.7517362352033814 -0.004192741875772829 -0.0031299233774088305 0.9999863121517588 195.5442974233892
0.9999192815341778 -0.01194437570790441 0.0043315494189760315 -0.4636960316673897 0.011928607517658845 0.9999221963216156 0.003648234527162048 -3.79307134425585 -0.004374788658284165 -0.0035962707524862998 0.9999839638996739 196.9617475158798
0.999951961816681 -0.008611514447065878 0.004681441276914986 -0.4683101894160989 0.008611311397360167 0.9999629199404079 6.364788840937854e-05 -3.832052150647779 -0.004681816188526051 -2.3331472315187782e-05 0.9999890399636917 198.3769737956966
0.9999836915109188 -0.002979632229899342 0.004872218560398271 -0.4823690167638892 0.00300453437773094 0.9999824214754482 -0.005111703152453121 -3.864847939274789 -0.004856902332944341 0.005126258643729252 0.9999750656723738 199.8111508058439
0.9999562953332777 0.006753765288778633 0.0064648333454737795 -0.4956016406270912 -0.006712578466726912 0.9999571710487388 -0.006371606744052593 -3.883279952536424 -0.006507589355447577 0.006327932698843371 0.9999588034224989 201.27824085379618
0.9998987478988111 0.011952825503920775 0.007721650790145858 -0.5148243331573167 -0.011931313605182703 0.9999248256310772 -0.0028261053115263396 -3.9020686708083603 -0.007754850921890933 0.002733689776334913 0.9999661940387817 202.6994068802691
0.9998301080459279 0.016209507236800716 0.00877535660324804 -0.5084052308312539 -0.016212266577933277 0.9998685429964594 0.00024327333705576634 -3.952011989836323 -0.008770260422084557 -0.00038550044031916307 0.9999614662149039 204.15728132470093
0.9998619455924862 0.014465682948662188 0.008175190676067142 -0.5054490010927418 -0.014468786605783905 0.9998952702782595 0.00032050956447904577 -3.9787783096003 -0.00816969879182593 -0.0004387504191540352 0.9999665311963739 205.6282800441828
0.9999113736205557 0.011454378771741113 0.006785432230326739 -0.49464677009020946 -0.011456147487337125 0.9999343516162384 0.00022174235984675507 -4.007169255781091 -0.0067824474303393705 -0.00029945762917564186 0.9999769540972054 207.06764676222997
0.9999468082532113 0.008555247822851482 0.005760936230248781 -0.4917246145291691 -0.00855399284055592 0.9999633845282849 -0.00024254467226759936 -4.027927126548332 -0.005762800808340472 0.00019325276557143596 0.9999833762489109 208.50950116464645
0.9999349565942506 0.01015681776101449 0.005188604462869468 -0.49865857090882926 -0.010152075377561885 0.9999480248738221 -0.0009396487611578197 -4.061489666975651 -0.005197879066355014 0.0008869125535225174 0.9999860976201427 209.98331309513947
0.9999235575679098 0.011183118969058187 0.0052741682066659145 -0.495339622106452 -0.01117836440671626 0.9999370874476949 -0.0009302377247828082 -4.097104321416009 -0.00528423980240557 0.000871210053898341 0.999985658795628 211.456033515556
0.9999080274263937 0.012623091498665286 0.004959256387100145 -0.5027582263135781 -0.012623135178434044 0.9999203248137793 -2.2659305836637456e-05 -4.127535243925842 -0.004959147707761715 -3.994414837761999e-05 0.9999877025508702 212.86536252714558
0.9999144006886164 0.012295812291375899 0.004472613437791614 -0.5140340010642925 -0.012293818316801229 0.9999243161989885 -0.00047321775898901054 -4.165179502129602 -0.004478093909691385 0.0004181917573374219 0.999989885841541 214.3342898460072
0.9999113429363665 0.012572793764245256 0.004385327642485705 -0.5148667781759925 -0.012567906739657617 0.9999203704801342 -0.0011403726988108282 -4.200741554267392 -0.004399316485157036 0.0010851572232197214 0.9999897341688304 215.80310967595273
0.9999273899626994 0.01134493316019638 0.004062914223961071 -0.515878286465805 -0.011337244626098947 0.9999339060599346 -0.0019106080204463187 -4.224876984956203 -0.004084321757632146 0.0018644070700555586 0.9999899210977289 217.29808948916596
0.999913459436026 0.012682697201728682 0.003496112644017437 -0.5129983644917624 -0.012677286371869448 0.9999184141130739 -0.0015657455344744527 -4.25623833328164 -0.0035156855862124815 0.0015212888359262158 0.999992662788406 218.74259073073924
0.9999033300761637 0.013498103918643228 0.003336414780710732 -0.5166920566183626 -0.01349114369229673 0.9999067848216959 -0.0021001769928630032 -4.299097601239348 -0.003364452470347874 0.0020549619505896527 0.9999922287630932 220.225644951076
0.9999382232033951 0.01066996582867011 0.003114736787483076 -0.5224527340183811 -0.010664275909264213 0.9999414459272504 -0.0018379230633218204 -4.319094874866546 -0.0031341652502485913 0.001804593139781813 0.999993460202438 221.7255354259941
