1.0 -3.469446951953614e-18 0.0 -1.7787691892340307e-19 0.0 0.9999999999999999 -3.5405977195229754e-19 0.0 2.168404344971009e-19 -2.354751593366955e-19 1.0 0.0
0.999999916977351 -0.00033285532471744213 -0.0002350591283454325 -0.005438589882601832 0.0003330681141927444 0.9999995343805071 0.0009057062036419919 -0.024276175224988324 0.000234757570363015 -0.0009057844369373275 0.9999995622218741 1.3126292348135045
0.9999987156461468 -0.0016018742871391801 -5.203062531088836e-05 -0.006431907967313006 0.001601959519664492 0.9999973065263823 0.001679482943795263 -0.039434708164070305 4.934017026890806e-05 -0.001679564169617793 0.9999985883140567 2.6118958649982758
0.9999969183402668 -0.0023165793534827527 -0.0008926208919075187 -0.013623819073987378 0.002317988781751443 0.9999960636406773 0.001581021023282289 -0.06963632334089502 0.0008889548941407083 -0.0015830852664792114 0.9999983517996062 3.9425289912234915
0.9999941915076516 -0.003406055805382977 -0.00012545679330268475 -0.013174198958960218 0.003406206760962186 0.9999934527869538 0.001221529266207574 -0.08959591406610613 0.00012129538654044852 -0.0012219495243172718 0.9999992460633014 5.252498359112756
0.9999929399629212 -0.0036898877767207877 -0.0007104621741371314 -0.018607717488771297 0.00369097297406408 0.9999920149541868 0.0015319076347006422 -0.10667879323377735 0.0007048039948716947 -0.0015345191440535165 0.9999985742508344 6.586584334547243
0.999988026670355 -0.004871580322534607 -0.00046284636099874613 -0.012896421188310895 0.0048728445222753596 0.9999842912379312 0.0027699560894856486 -0.13542571055935704 0.0004493450672399613 -0.00277217835351842 0.9999960565509345 7.912041944207022
0.9999858881149153 -0.005311338766431592 -0.00011514413166437859 -0.012899020628633191 0.005311691508778336 0.9999804033636559 0.003313429420138365 -0.14686909502987905 9.754314040299247e-05 -0.0033139943328410644 0.9999945039487529 9.231665501033142
0.9999901970852973 -0.004294378624189641 -0.0010789112954539169 -0.019396089815158127 0.004296918958678314 0.9999879760654697 0.0023630924097348903 -0.16873920943705692 0.001068750401703639 -0.0023677052831907516 0.9999966258675267 10.57355001351618
0.9999981196230601 -0.0018564057771296265 -0.0005608117752650796 -0.022040217969121274 0.0018564241257118495 0.9999982763303426 3.198448292598963e-05 -0.18249285664820453 0.0005607514799735361 -3.302552697874119e-05 0.9999998422339784 11.893530763443104
0.999998882825349 0.001148941055673135 -0.00095617938044453 -0.027574209946130683 -0.0011499155270110143 0.9999988195380983 -0.001019126472346204 -0.20403638094623147 0.0009550074152642167 0.0010202248777715682 0.9999990235512514 13.246688152687401
0.9999923202572669 0.0038541688615390665 -0.0007104931450978194 -0.0286778602686441 -0.0038551225090510885 0.9999916638925473 -0.0013454305056697664 -0.21676927542034324 0.0007053017642415019 0.0013481592342722924 0.9999988425078673 14.584347757872102
0.9999896747960569 0.004544256746946762 -4.811778730737411e-06 -0.025932755008095238 -0.004544259103020732 0.9999894970794916 -0.0005961952040242123 -0.23453290017076145 2.1024635079710738e-06 0.0005962109224259826 0.999999822264007 15.919657838766927
0.9999956145907947 0.002945414259480945 -0.0003087526231567235 -0.023509188161755755 -0.0029448065354020165 0.9999937603790922 0.001951236110553899 -0.25193166182081517 0.00031449792328867615 -0.0019503183777938875 0.9999980486731516 17.285104596688576
0.9999987044021755 -0.001533390989508554 0.0004898051822120621 -0.016144490694412372 0.0015313195362585876 0.9999899987132971 0.004202086459312932 -0.27568164551490115 -0.0004962437634640244 -0.004201331048083274 0.9999910512398222 18.625097274361043
0.9999935476131372 -0.0035866315358537224 -0.00020201734884137622 -0.016615923671587464 0.003587076612312185 0.9999910431270617 0.002246450897256104 -0.29523711216644977 0.00019395836623074618 -0.0022471610956961417 0.999997456320698 19.9867429373759
0.9999915276804288 -0.0041042257709182 0.00031607633187870246 -0.010084338321553737 0.004104155376113064 0.9999915528543734 0.00022388150839324828 -0.30127187314132664 -0.0003169925485159318 -0.00022258238620820526 0.9999999249861772 21.329492934994736
0.9999964528046128 -0.0026571646991803456 0.00018400570411945556 -0.01695501907055234 0.0026573533662233063 0.9999959368714316 -0.0010318478384282862 -0.3410173538589827 -0.000181263182805902 0.0010323331689681518 0.9999994507155964 22.70123795496004
0.9999993767508255 -3.636039950793979e-05 0.0011158752368242678 -0.027127824213101965 3.644434527901204e-05 0.9999999965078793 -7.520639457521713e-05 -0.33950261777554464 -0.001115872592751903 7.524701746432429e-05 0.9999993745821194 24.06865163138559
0.999997600892643 0.00017272538729908894 0.0021836615022057283 -0.022187879810840274 -0.00018165097404964324 0.9999916280062973 0.004087899173606956 -0.36500777931368317 -0.002182937317804905 -0.004088286109471111 0.9999892602919698 25.444194565021448
0.9999967976420822 -0.0014703087384020808 0.0020598307801012 -0.018889601380457532 0.0014593304703473288 0.9999847777675835 0.005321145007687338 -0.3772710090610922 -0.0020676233211960092 -0.0053181220956651926 0.9999837211223143 26.82046911541678
0.9999846352270365 -0.005013981314873083 0.0023641723509757896 -0.017116155410367304 0.0050020312237113364 0.9999748194213764 0.005033904961613569 -0.41908428993488456 -0.0023893529226614602 -0.005022002046088188 0.9999845351234387 28.19044447159489
0.999984507377721 -0.00523958980114252 0.001879285125046379 -0.020233898143980106 0.005235736773548822 0.9999841931034941 0.002049535679978454 -0.42241813980942783 -0.0018899943033241619 -0.0020396645197114684 0.9999961338364961 29.569546050884856
0.9999789221716042 -0.005829730394767205 0.002858227950125606 -0.010736949059111295 0.005828882878601149 0.9999829654342626 0.00030489073571999105 -0.4639506143575473 -0.002859956933290898 -0.00028822403221481297 0.9999958687762657 30.94587397496867
0.9999918084356171 -0.0026945681313120928 0.003020326475640618 -0.019001194328280326 0.002698184735484735 0.9999956471543054 -0.0011939295553838425 -0.48061046142715774 -0.0030170964598571198 0.0012020692022363172 0.9999947260633961 32.331583312502275
0.9999921302908453 -0.001821641001191341 0.00352434214244986 -0.015551767176204871 0.0018322041533149133 0.9999938327015785 -0.0029962617046829457 -0.5146545025131104 -0.0035188625933025583 0.003002695502726311 0.9999893006533694 33.71789948698564
0.9999916840016103 -0.0012423576483545605 0.0038843894877391657 -0.009444721781660718 0.0012543274169869011 0.999994468361596 -0.003080569301784678 -0.5395819350006945 -0.003880541162233685 0.0030854160449298343 0.9999877107261063 35.11006857304589
0.9999934346500468 -0.0014701448068996734 0.0033119990107139613 -0.004767507410803312 0.0014756480971745006 0.9999975338205952 -0.0016597630331696186 -0.5761179080684422 -0.003309551031665088 0.0016646395179108853 0.9999931378979263 36.5016709085362
0.9999946559651246 -1.0620159209670868e-05 0.003269240358953367 -0.0025152728247772455 1.1414328667965629e-05 0.9999999704339192 -0.0002429030397379425 -0.5999967631164639 -0.0032692379590995658 0.0002429390652966508 0.9999946265153851 37.90375534354035
0.9999935816933129 0.0020454802592926938 0.002941527300601601 -0.005682383139364713 -0.0020456886697137423 0.9999979052801833 6.779898669359055e-05 -0.6273196645651943 -0.0029413827060841297 -7.38160012366205e-05 0.9999956713982372 39.29683118149062
0.9999838846601516 0.0046656094671270795 0.0032345793166382985 -0.005433864129277141 -0.004666066010362165 0.9999891049454804 0.00013351894554811193 -0.654449087560805 -0.003233921401942108 -0.00014860955832197062 0.9999947598180285 40.69657582030915
0.9999712077025881 0.006818675281988106 0.0033300785689203095 -0.0022923566422084346 -0.006819449121389215 0.9999767228843031 0.00022094643948270025 -0.6747414336667223 -0.0033284947737996996 -0.00024364938661340549 0.9999944308611871 42.115310396985194
0.9999631828059027 0.008109359320442287 0.0028055855484181392 -0.0015286550424414291 -0.008110652874168962 0.9999670069566582 0.0004498060572132509 -0.6972445420821629 -0.002801845581586698 -0.0004725446403525863 0.9999959631715216 43.50738203701471
0.9999698008854296 0.007347885768146857 0.0025309839523808527 0.001092948653910339 -0.0073489773816301195 0.9999729068298514 0.00042208185922657887 -0.7255521993066713 -0.0025278141844533326 -0.00044066926880311473 0.999996707975969 44.93491556623816
0.999974439802572 0.006965696171232618 0.001612081309659683 0.006105416454902882 -0.0069652144697534835 0.9999756962428554 -0.0003045086678159584 -0.7508372361652127 -0.0016141633819888614 0.00029327239420907724 0.9999986542318896 46.33329295383748
0.9999792371589213 0.006380997768515937 0.0008989476204071846 0.009726175382494456 -0.006381015860670814 0.9999796409764524 1.6799158360364887e-05 -0.7738459820209016 -0.0008988221996741519 -2.2535013185294907e-05 0.9999995958046791 47.7639354413364
0.9999784854455064 0.006553142203180127 -0.00029147808700836337 0.011359062214971294 -0.006552917191311408 0.9999782346739191 0.0007677682202235994 -0.7942177167512263 0.0002965030624726692 -0.0007658416906194748 0.9999996627864509 49.16845741970363
0.9999754304190496 0.006883633694594947 -0.00132443533135619 0.010683016853267321 -0.006882381036656169 0.9999758664152594 0.0009483841161028306 -0.8177510328441961 0.0013309318096325824 -0.0009392455709606642 0.9999986732194246 50.59690948583053
0.9999720107912966 0.00708185726200726 -0.0024134856060657366 0.008085900602195883 -0.007079182138424107 0.9999743202738903 0.001115341921983998 -0.8392549199405083 0.0024213225257616665 -0.0010982252292917652 0.9999964655452296 52.04163159994776
0.9999664890679462 0.007311265137072611 -0.0036832215620819005 0.004280373418997105 -0.007303878654146524 0.9999712960735471 0.0020150435638883676 -0.8598415550194876 0.0036978486705606774 -0.001988074282346876 0.9999911867026798 53.4495236969976
0.9999731320942438 0.006038645359637027 -0.004155698718472046 -0.003610724862857101 -0.006026565635193605 0.9999775963856338 0.002913287666686922 -0.8777880736718247 0.004173198281472908 -0.002888164866605961 0.999987121381192 54.89835885822365
0.9999767883987807 0.00469512110253263 -0.00493745711938429 -0.0060920434119223765 -0.004679636192340164 0.9999841106454872 0.0031431624288554417 -0.9005350208469536 0.004952136615348882 -0.0031199840371066334 0.999982870879719 56.30883398442516
0.9999815139675807 0.002522812731200162 -0.005532370509502731 -0.009141145127621875 -0.0025079318672657155 0.9999932233371734 0.002695099525167247 -0.9209637041705515 0.005539132720000325 -0.0026811749544508297 0.9999810644813112 57.738330592107616
0.999984137757955 0.0013889311268338953 -0.005458487844078429 -0.015610438368177812 -0.001373607195047674 0.9999951082001799 0.0028101211362830144 -0.9408610226366659 0.005462364670764111 -0.0028025788040298696 0.9999811538902594 59.18865820103389
0.9999859849738554 0.00023583195317155095 -0.005289066865552158 -0.017268562793872635 -0.00021743014056691337 0.9999939227982865 0.0034795244323879517 -0.960128172262239 0.00528985575571538 -0.0034783257372507253 0.9999799591428581 60.592991130968315
0.9999871728885679 -0.0018432414139319467 -0.004717680902030688 -0.024141412084544372 0.0018636666767065137 0.9999888942329815 0.004328758882979657 -0.9769999282886889 0.004709649962574541 -0.004337495630106572 0.9999795024594078 62.04238157444847
0.9999848105168737 -0.0032194797861777417 -0.0044736653275772855 -0.025304891233852725 0.00323728379066922 0.9999868470223482 0.003978161703863287 -0.99899385573123 0.004460799254804333 -0.003992583881750142 0.9999820801161138 63.44504217966693
0.9999819619288296 -0.0044396865196896715 -0.0040453675907386735 -0.02830789621609238 0.004452138534964636 0.9999853636710934 0.003074231532326824 -1.0196707365939162 0.00403166010064412 -0.0030921866768861004 0.9999870919699722 64.8699762899052
0.9999827489027959 -0.004895647542337617 -0.0032456944558550125 -0.031361537981529006 0.004904661212899503 0.9999841219889343 0.0027748984624807967 -1.043338945442275 0.0032320582715877916 -0.002790769678031633 0.9999908826635923 66.30742520215436
0.9999903728729761 -0.003428319373987139 -0.002738756583828733 -0.03737424021514568 0.003435586947055964 0.9999905784880382 0.0026532380553051004 -1.064873097578108 0.002729634866248624 -0.002662621800691767 0.9999927297455536 67.70052183908412
0.9999973977201135 -0.0010903030572642358 -0.00200394374514657 -0.043331398202408805 0.0010974860782758666 0.9999929651411418 0.0035868077861687473 -1.0846284178860737 0.002000019112197953 -0.0035889978241833843 0.9999915594755387 69.13089800794798
0.9999955956325199 0.002648692460194219 -0.0013390805972682959 -0.05299140587970863 -0.0026420100405395008 0.9999841702111417 0.004967807731183337 -1.1065780630871576 0.0013522177129141565 -0.0049642480877212895 0.9999867637881878 70.5255309585966
0.9999817459394731 0.006030543823333324 -0.0003745881496875331 -0.0578775522115751 -0.006028336845041473 0.9999659347835091 0.0056381236374021555 -1.1304053942275625 0.0004085763796465207 -0.005635762691237023 0.9999840354956977 71.94748354107605
0.999944198406573 0.010562391538526852 0.00018956236787917731 -0.06719009001508346 -0.010563273295546172 0.9999291600798745 0.005485626877408182 -1.1467874613850688 -0.00013160760772158763 -0.005487323285922339 0.9999849358683995 73.33573556875392
0.9998984255267813 0.014222230408071853 0.0009309975202828123 -0.07265038988438198 -0.014226745922305838 0.9998861083404423 0.005036872367218543 -1.1684482092075248 -0.000859255997485637 -0.005049605924458623 0.9999868814934839 74.737515794487
0.9998735690779935 0.015802714753595938 0.001766359586999873 -0.07783857524134338 -0.015811305156290114 0.9998626938881233 0.00495943955438287 -1.185566592443412 -0.0016877445859689276 -0.0049867410873336016 0.9999861418691497 76.15395159040409
0.9998640012802246 0.016385178319481754 0.0018721201467073749 -0.07862898546990149 -0.016394744585662355 0.9998520044559986 0.005213595498041688 -1.2060709204537317 -0.0017864175370613737 -0.005243579501816354 0.9999846566748715 77.53890386214239
0.9998819262093557 0.01522977336782902 0.0020463640913755033 -0.07753532674455928 -0.015239736142013424 0.9998716455251878 0.004943981761602825 -1.2278711898913375 -0.0019708058730741104 -0.004974584163849608 0.9999856846150658 78.94288955546355
0.9998887483483542 0.014798382657184084 0.0018704976305208725 -0.07478551437706805 -0.014805901890479058 0.9998820968393709 0.004071575449545706 -1.2482798520295713 -0.0018100245119670206 -0.004098816975106313 0.9999899617041407 80.32651721937503
0.9998972164152559 0.014243445932883562 0.0016373206564014604 -0.07172996590778134 -0.014249893245078925 0.9998904829594665 0.003995330398595055 -1.269891445190314 -0.0015802342005358976 -0.00401825147760013 0.9999906782133404 81.71670633707095
0.9999042035829858 0.013774677194109415 0.0013571633952452697 -0.07089117060690792 -0.01378008833810001 0.9998968026952458 0.004061177044724403 -1.2875448176611677 -0.0013010820443181584 -0.004079489919889203 0.9999908324312423 83.1009905283573
0.9999067996462395 0.013618524037694441 0.0009632193229248106 -0.07271545355222765 -0.013622025023324585 0.9999002749564404 0.0037256690185628236 -1.3124582580073865 -0.0009123852276661678 -0.0037384428659856888 0.9999925957713799 84.47981991070849
0.9999073097938053 0.0136134782399252 0.00021212563257422875 -0.07523359242166358 -0.013614202113672964 0.9998997410985281 0.0038937494993136396 -1.328583183436587 -0.00015909690213946172 -0.0038962765951985846 0.999992396829822 85.86602310018891
0.9999177293008116 0.012802602755794725 -0.000792439187593603 -0.08131237784672991 -0.01279885160378133 0.9999076417963323 0.004571357046407375 -1.3498360756981103 0.0008508913424625955 -0.004560838746492027 0.9999892373102064 87.24423884777177
0.9999343614831718 0.011290304210596722 -0.001949801563349318 -0.08697646854364303 -0.011279005464012127 0.9999200748833162 0.005712084223024843 -1.3723496499947974 0.002014137067901612 -0.005689717590231007 0.9999817850193409 88.62610286280082
0.9999536595265895 0.009122847679850693 -0.003074479443698936 -0.09511103297681235 -0.0091032963859969 0.9999386266094077 0.006314509312532557 -1.390732912572698 0.0031318973282900182 -0.006286228931007803 0.9999753369719859 89.99052329320304
0.9999648503633262 0.007442938945911529 -0.0038601392241280298 -0.10629418187569872 -0.007418125171204019 0.999951983470682 0.006403294924134381 -1.4097293053460578 0.003907613541729172 -0.006374434989218681 0.9999720481813243 91.36919670057723
0.9999731468786943 0.005902737466776702 -0.004343177617207476 -0.12200925993442331 -0.005875834803131955 0.9999636328559918 0.0061812248761463845 -1.4273577987865993 0.0043795061906229515 -0.006155539226172478 0.9999714642290098 92.7322046129339
0.9999773157349306 0.004966039994368449 -0.004550433379647171 -0.13964990887217335 -0.004939362550503615 0.9999706587281892 0.005855287218762245 -1.448293466120373 0.0045793778460546265 -0.005832678278139439 0.999972504208457 94.10446592024809
0.999977879221529 0.004729663872039333 -0.004676679283140826 -0.1579454809167684 -0.004705821090230878 0.9999759416051929 0.005096220808704313 -1.4633511135696984 0.00470067058224132 -0.005074100567784766 0.9999760783187776 95.46453316063536
0.9999782975042193 0.004673462231745491 -0.004643625025826357 -0.17787951804924035 -0.004652289029775305 0.9999787807210399 0.004560079205607851 -1.486081551592324 0.004664838246988263 -0.004538376851565841 0.9999788209905837 96.8181220532595
0.9999726566907442 0.005927549775487919 -0.004421538665637408 -0.19923737130049235 -0.005909885273905998 0.9999745458588662 0.0039976119613511305 -1.5095242066065362 0.004445122541540571 -0.003971371953593094 0.9999822343920661 98.17322582015731
0.9999672543095268 0.006989744877127037 -0.00407844983182854 -0.22170402925509752 -0.006973160907466207 0.9999674187704864 0.0040665019401871115 -1.524473756372364 0.004106741111902589 -0.004037929181123315 0.9999834147694526 99.51398523683125
0.9999617460447707 0.007884101072632075 -0.003787792695363627 -0.24304008642285718 -0.007864055606683724 0.9999551469934379 0.005278318503705721 -1.5491643903398464 0.003829237925403899 -0.005248329287359436 0.9999788957698004 100.87378361253012
0.9999575731265734 0.008413016623162916 -0.003751409455782514 -0.2632673214035056 -0.008389161803031517 0.9999447745939702 0.006330066582871055 -1.5628437239208428 0.003804457564137145 -0.006298326970699877 0.999972928227926 102.20253070874996
0.9999609549970794 0.008102285173548286 -0.0035272414727545044 -0.28109838538844595 -0.008082461069756165 0.9999516620972766 0.005598866661476567 -1.5859988948314947 0.003572434893538606 -0.005570139380721629 0.999978105392391 103.55097398904243
0.999960622689438 0.008213094791812328 -0.0033612677157984156 -0.29905476570975226 -0.008202352570873163 0.9999612481416502 0.003197443405403469 -1.6059765086958633 0.003387398654517703 -0.003169747267312354 0.9999892390618094 104.88693490074111
0.9999630061633147 0.007857485520601405 -0.0034994575211463037 -0.3145437676551637 -0.007850398784256842 0.9999671157097578 0.002034392888323111 -1.6263294493357892 0.003515327954831006 -0.002006845539687493 0.9999918074900109 106.21066007915597
0.9999772417912655 0.005859352337942414 -0.0033442296406112045 -0.3289090932812319 -0.00584940463601091 0.9999784614304027 0.0029767686880204356 -1.6464716712227496 0.0033615998333632055 -0.0029571392552399578 0.999989977440112 107.5596173832504
0.9999919788047713 0.002906199390964987 -0.0027561424272723716 -0.3403607361636018 -0.0028927070619494026 0.9999838753450772 0.00488684967973002 -1.6644965882340461 0.002770300382871261 -0.004878837869330985 0.9999842610675801 108.88382946489999
0.9999968301061943 0.0016626304610740106 -0.0018908811255218287 -0.3556140704017104 -0.001652067916336224 0.999983100411876 0.005574007870260548 -1.687061740870818 0.0019001168506709745 -0.005570866449825215 0.999982677353737 110.23677937075585
0.9999986935804951 0.0011743463022586935 -0.0011107404107651324 -0.3705330668702426 -0.001169349989987435 0.9999892440579673 0.004488250210975982 -1.7110087781965067 0.0011159993216205213 -0.004486945593393378 0.999989310876662 111.57035855024425
0.9999971127287804 0.002360290908934661 -0.0004511718273175992 -0.38833936227527754 -0.0023592990481211534 0.9999948258494874 0.002186775264509637 -1.7327080047376548 0.00045633095884655946 -0.0021857045466916088 0.999997507226292 112.88635113844093
0.9999859694356963 0.005270429645558158 0.0005324410909249744 -0.4075352604037359 -0.00527063479392629 0.9999860363884199 0.00038398875817146337 -1.7648163554359275 -0.0005304099152443188 -0.00038678968435993007 0.999999784529141 114.24268658833734
0.9999699154483661 0.007477421132349628 0.0020630943755140588 -0.42747535450425866 -0.007477171254792785 0.9999720372463894 -0.00012903930427982338 -1.7840169015483263 -0.002064001741935869 0.00011360931042192811 0.9999978634911769 115.54921679700537
0.9999539361179929 0.00890123252670822 0.0035907779689205886 -0.4407280107298668 -0.008906886068410358 0.9999591138896508 0.001561393270158268 -1.8074655535002178 -0.0035767331329512805 -0.0015933040318990117 0.9999923341497262 116.90946329601033
0.9999534415345673 0.008478147490855745 0.004608227978208895 -0.4435562088187709 -0.008495437956436334 0.9999568987186488 0.003745431427946002 -1.825442170094356 -0.0045762754218193384 -0.0037844060386422545 0.9999823678294165 118.22435096571728
0.9999481527471001 0.008599505522069773 0.00545346765656169 -0.44467193618618495 -0.008623621095448869 0.9999530739181324 0.0044139708534079005 -1.8457664075402467 -0.005415254234527916 -0.004460770729970047 0.9999753879677299 119.58089825975809
0.9999397520132431 0.008859567541320864 0.006480771060312536 -0.44208125139130117 -0.008885356408022557 0.9999526781978519 0.003961290840502987 -1.8580600585889933 -0.006445369596785764 -0.004018636222119652 0.9999711534680066 120.90478245653242
0.9999173639413912 0.01022717412990815 0.007789106571556784 -0.4411360650530638 -0.010256106125427425 0.9999406203433155 0.0036834898198693047 -1.8748282069766293 -0.00775097301790421 -0.0037630714101016924 0.9999628801634525 122.2223382715442
0.9998871107659468 0.012141560702491078 0.008851452165655168 -0.4443718772569771 -0.012171092078198144 0.99992051692523 0.0032900422932867815 -1.8962418414789393 -0.008810803119391832 -0.0033974027913560283 0.9999554127041725 123.59345217176813
0.9998628374587294 0.013154663001134189 0.010062856677758275 -0.4467742107882845 -0.013179514706353528 0.999910248769731 0.0024072452253553283 -1.9234920612200617 -0.010030287870690168 -0.002539538661020185 0.9999464705983984 124.92108552649955
0.9998394657381767 0.014181362561232551 0.010951332284523585 -0.4496129883293307 -0.014198647805820443 0.99989806579865 0.001502147960061122 -1.9524653293684475 -0.010928914387486312 -0.00165740095859316 0.9999389040566339 126.30230498371216
0.9998393951471234 0.01340758715101448 0.011892034787639217 -0.45023156166879463 -0.013422887774999538 0.99990917970087 0.0012076700770590311 -1.983603906456873 -0.011874763810913371 -0.0013671015953031105 0.9999285579538136 127.65582525481474
0.9998303809683792 0.01321071614656527 0.012833013847939735 -0.4516341072430775 -0.013236991236643885 0.9999104571857486 0.0019646134739231495 -2.017759612203123 -0.012805911874117086 -0.0021341507716902035 0.9999157234568026 129.00048045576338
0.9998381659136709 0.01178872541081164 0.013589257248432927 -0.4504160082185664 -0.011827889506177046 0.9999261133041696 0.002805172004588425 -2.0466041979068517 -0.013555184924481285 -0.002965450321786963 0.9999037268964119 130.3765899283177
0.9998406006397984 0.011240250033079956 0.013871916591383458 -0.4488169018733288 -0.011289768392522138 0.9999301553921734 0.003496497230791843 -2.08217342420332 -0.013831647376327008 -0.0036525506861857402 0.9998976669639781 131.71321839868028
0.9998579124017882 0.009568829752885864 0.013877769566739678 -0.44564903694990365 -0.009621194104993335 0.9999468277923591 0.003711365357977742 -2.1128068134950033 -0.013841519399044572 -0.003844358805563828 0.9998968112969571 133.09181650164345
0.999879514087347 0.007489671384213732 0.013596401007804414 -0.44339513601804026 -0.007548951940460862 0.9999622010527961 0.0043139083470347785 -2.137270009291585 -0.013563578465392818 -0.004416027241352319 0.9998982588435087 134.44201752224316
0.9998988632415704 0.0058689195628850365 0.012954499806590464 -0.44115145659930705 -0.005924017779476038 0.9999735530471723 0.0042189134286822185 -2.1724665035362274 -0.012929397825525804 -0.004295229507257253 0.9999071865280967 135.77881654266125
0.9999174569922055 0.005178649338324346 0.011758434820045476 -0.44314801637489676 -0.005227402844802948 0.9999778526231532 0.004119287807310455 -2.205472175492756 -0.011736843043285572 -0.004180413941338178 0.9999223823123256 137.14867457647034
0.999939412616389 0.002815921937193746 0.010641507489908955 -0.44251249274678384 -0.002866007033889331 0.9999848749140415 0.004694246578282962 -2.234046356849789 -0.010628128798791648 -0.00472446088810304 0.9999323588832508 138.49231003854106
0.9999528519567679 0.0019560447344533867 0.009511453937613792 -0.44511246596226095 -0.00200401191870642 0.9999853103540224 0.0050361706409909465 -2.2651749449350236 -0.009501464041638626 -0.005054994355849869 0.9999420829264649 139.85728539252133
0.9999654119121018 0.000892204654313289 0.008269156891356459 -0.4478491960546511 -0.0009358921103504109 0.9999856184647978 0.0052808114757889315 -2.292073958705798 -0.008264327097780393 -0.005288367959498704 0.9999518658696819 141.19604203592823
0.9999746784500952 0.0009090217149254152 0.00705805520055091 -0.45545841831132083 -0.0009430304156945136 0.9999879555364225 0.004816583456986902 -2.3240156380399695 -0.007053592403340555 -0.0048231175443745325 0.9999634915164751 142.55858343937433
0.9999816464724833 0.0004670578684746237 0.006040577829942339 -0.46037486149140716 -0.0004925925470633885 0.9999909474500722 0.004226389757286408 -2.350104013467041 -0.006038549685622891 -0.004229287810544814 0.9999728241492503 143.90427447762676
0.9999864574810643 -0.0013653686259285005 0.005022014600481216 -0.4645596369536795 0.0013547368304207361 0.9999968354589711 0.0021198485103817747 -2.3811729783282907 -0.005024893505591609 -0.0021130163306625985 0.9999851426906501 145.23979415584748
0.9999734290280585 -0.006060142920777863 0.00405165619824611 -0.470136848078968 0.0060539265071903586 0.9999804814435153 0.0015448942105556315 -2.4145707069619196 -0.004060939737001976 -0.0015203247543797169 0.9999905986440623 146.6021328547638
0.9998942929168099 -0.01424482274497613 0.0029134225815774717 -0.46602985656469026 0.014233459869433073 0.999891152805105 0.0038847331247791163 -2.43929683254418 -0.002968443045172798 -0.00384285446000011 0.9999882103367408 147.9421480990214
0.9997695840581345 -0.02143381399816032 0.0011706478989359987 -0.4631791920749019 0.02142739009758229 0.9997566222049001 0.005250076652837966 -2.4716198719589397 -0.001282892258235769 -0.005223783107804014 0.9999855330338052 149.29622235984107
0.9997097999186664 -0.024089747751128925 1.2083721408356635e-06 -0.4665541766096981 0.024089686763387477 0.9997073158967209 0.002229244784133424 -2.5069517236663867 -5.4909963974293955e-05 -0.002228568773265156 0.9999975152301298 150.64171182211427
0.9997222529843893 -0.023562016573729912 0.0004982628843866999 -0.47934701347050734 0.02356224915641043 0.9997222644291833 -0.0004630517856218169 -2.540867696196467 -0.0004872141049686127 0.0004746633963701104 0.9999997686581188 151.98332479055753
0.9997807459537437 -0.02090613421936518 0.0011804997104739128 -0.4993511253293521 0.02091032720919951 0.9997746645070983 -0.0036576522723194087 -2.5676302185663262 -0.0011037664273553392 0.003681535041926373 0.9999926139715224 153.33730250900496
0.9997802970665361 -0.02085394785924144 0.00211434738164295 -0.5113366728433545 0.02086108993959109 0.9997765567693827 -0.0034134228081368614 -2.6104877834884177 -0.0020426917776366774 0.0034567805457702922 0.9999919390052927 154.68402732938742
0.9997148312985261 -0.023731145192225352 0.002662486662750326 -0.517372555444947 0.023732361063787358 0.9997182573362837 -0.0004254230396892604 -2.634812866729982 -0.002651640973406829 0.0004884888470971207 0.9999963650810284 156.03457552568332
0.9995542690899756 -0.02969457591184467 0.0030814445502401824 -0.5115518517204933 0.0296859107909846 0.9995552946442026 0.002821286524357292 -2.666570577824382 -0.0031638513850225213 -0.002728553530220648 0.9999912724801896 157.38051207801513
0.999430426016251 -0.033614979064514286 0.0029760243185146386 -0.5043853634740373 0.033602124508677424 0.9994261693905259 0.004269564810943977 -2.690214218561843 -0.003117838173796665 -0.004167132292111415 0.9999864569535497 158.72520568337012
0.9993965912635321 -0.034606327992942665 0.002975805131746522 -0.5013705536237455 0.0345936115268666 0.9993925342453972 0.004224281793449973 -2.7195099668336216 -0.0031201845708560315 -0.004118789030389033 0.9999866499219286 160.0743738800182
0.9994213525548054 -0.033779091592175625 0.003991618032564913 -0.5003385283406869 0.033760692024025214 0.9994194010335186 0.004590918209509789 -2.734706041603262 -0.004144377893851848 -0.004453501957922418 0.9999814950529095 161.43249351855357
0.9995205602494192 -0.030540306455979473 0.005093065396033932 -0.5036530832983721 0.030520418359054807 0.9995263844707417 0.003938377850412173 -2.7548768575343696 -0.005210932942538063 -0.003781047195832063 0.999979274712755 162.78144846250774
0.9996321872659318 -0.02641124803435591 0.006159233979030662 -0.5017883478711211 0.026398260150691282 0.9996491263798517 0.0021808234506933 -2.781331814381656 -0.00621467165688217 -0.002017428269656995 0.9999786536888948 164.13083323507087
0.9996912189659473 -0.02386926025853875 0.006908338843000151 -0.4973971736201853 0.02386351355207507 0.9997148086127224 0.0009133232422812044 -2.8077311606748285 -0.006928169577479375 -0.0007481839786354213 0.9999757200455377 165.48338404322678
0.9997168116246247 -0.022683213950714883 0.007195023987997135 -0.48757695567475867 0.022670237554146138 0.999741229112013 0.0018801965316973038 -2.831564775082388 -0.007235811633809003 -0.0017165511894739268 0.9999723478554939 166.83915238539956
0.9997514710893987 -0.021164114746243204 0.007005448850674274 -0.47536333855789636 0.02114813139486034 0.9997735960140941 0.002348030189874822 -2.8586717429680215 -0.007053557362192309 -0.0021992945051330097 0.9999727048404818 168.1925711920972
0.9998126354219016 -0.018205398296333605 0.006577046309705464 -0.47025690467783965 0.018205459979125982 0.9998342655914533 5.06753794316637e-05 -2.8876864510153597 -0.006576879386790463 6.907228935348672e-05 0.9999783697061286 169.56330187841152
0.9998715817299023 -0.014810422220726784 0.006121393525331138 -0.4623392979830885 0.014825957082241308 0.9998869638565522 -0.002500099317136923 -2.9161137037772358 -0.006083674575278358 0.002590533843739513 0.999978138776887 170.92928238123625
0.9999456970171563 -0.008630696935350369 0.005840727914312549 -0.45951543287145596 0.008656117522128505 0.999953112535114 -0.004341008144005648 -2.9501715775252886 -0.0058029886250693455 0.0043913305394359635 0.9999735204158655 172.29795232271252
0.9999640452863122 -0.005857821157818044 0.0061314010995148 -0.4525935018663811 0.005879479097510094 0.9999765197073561 -0.003520192093640072 -2.971928109500347 -0.006110636995583093 0.003556115050291387 0.9999750067650994 173.6622739480071
0.9999715502269785 -0.0029650744322947276 0.006935926836234903 -0.4384526737259243 0.0029748069350817846 0.9999946046330103 -0.001393278308008737 -2.9945530867952095 -0.006931758827212281 0.001413871748589787 0.9999749755266635 175.0357533386912
0.9999712465230814 -0.0024964222491227605 0.007160587498337614 -0.4164444502951591 0.002491738232164623 0.9999966758231633 0.0006630078857786872 -3.017150866107369 -0.0071622194474854125 -0.0006451465173368952 0.999974142861711 176.40991073687084
0.9999710408150534 -0.0040693330352112676 0.00643102416512866 -0.3933890884817177 0.004055618216288144 0.9999894770230782 0.002144247675174997 -3.040200241582801 -0.006439682691712786 -0.002118103834146861 0.9999770217944882 177.78905826241083
0.9999677936005569 -0.006667257649754062 0.004467600048584096 -0.37283470635346294 0.006658043278551696 0.999975683584275 0.002074293025416955 -3.0486236571672727 -0.004481321635184424 -0.002044480776978028 0.9999878688513844 179.17465264517548
0.9999636891885517 -0.008220364509616607 0.002246313372058135 -0.3573312531132627 0.00822376898950404 0.9999650436373022 -0.0015103371127187942 -3.067735091619776 -0.0022338195169534667 0.0015287554716429605 0.9999963364702491 180.50763679059696
0.9999843991840232 -0.005515486808480144 0.0008836300845610689 -0.35114834912465454 0.005520386165087786 0.999968850937869 -0.0056411420531299085 -3.092977330074713 -0.0008524889919980839 0.005645932142199298 0.9999836982228228 181.9468481706911
0.9999976166377851 -0.0021520514455710665 0.0003679634212889133 -0.3515569057952622 0.0021545927657123654 0.9999728195348215 -0.007051093414249042 -3.109089815690246 -0.00035277913951983135 0.007051869561189188 0.9999750730303596 183.32085148036467
0.9999981514641266 0.0019218326643727184 6.020186458119371e-05 -0.353668288589019 -0.0019214373609096214 0.9999801845975017 -0.005994872333877936 -3.1334486506923525 -7.172182420843009e-05 0.00599474569477057 0.99998202877843 184.6836292812339
0.9999935655808085 0.003580765541740599 0.00021658436076649754 -0.3531442180398721 -0.003580063562286578 0.9999885984677349 -0.003160076949944403 -3.1545158270465192 -0.00022789740809527753 0.0031592812906182572 0.9999949834893798 186.11887019770936
0.9999923358977711 0.003840702371217493 0.0007597005478770056 -0.3483678090386353 -0.003840133363509514 0.9999923458901079 -0.0007493625616401 -3.1786229268967436 -0.0007625728769178012 0.0007464394794202564 0.9999994306545897 187.48494767082457
0.9999925345600157 0.00374113293839277 0.0009668210685302549 -0.34530258642219647 -0.003740802240414077 0.9999929440512915 -0.00034387973093441885 -3.193237510862657 -0.0009681008288151532 0.0003402604819311877 0.9999994735009331 188.9268893633922
0.9999948888887114 0.0031092122083584365 0.0007449773846794337 -0.3392527476836537 -0.0031094660311290637 0.9999951079624617 0.0003395258206773796 -3.2207594773663915 -0.0007439181451906415 -0.0003418405757076856 0.9999996648648288 190.32062942115707
0.9999996317119006 0.00031997793247558453 0.0007963609884253768 -0.33104808426335297 -0.00032100731960100874 0.9999991128151988 0.0012927967499597624 -3.2500349022935904 -0.0007959466817087882 -0.0012930519366272499 0.9999988472416403 191.7107505010598
0.9999982670186133 -0.0015002383270494267 0.0011023831517466165 -0.3244042406418697 0.0014989869927812278 0.9999982322256387 0.0011351568715001707 -3.2758885773537982 -0.0011040843011077609 -0.0011335024665827973 0.999998748083518 193.13903598374185
0.9999871542271233 -0.004851670262963003 0.001467203065604585 -0.3157894162320476 0.0048487580636039085 0.9999862801882288 0.0019821639315324136 -3.300542024147951 -0.0014767998645168828 -0.0019750243904209028 0.9999969591649165 194.53497928596622
0.99995643215541 -0.009160340684419285 0.0017949823165984403 -0.3095802023423213 0.009154289648971622 0.9999524833650272 0.003351116685982657 -3.326395533213138 -0.0018255945465135365 -0.0033345389542371183 0.9999927740002227 195.97662813152613
0.9999201464206986 -0.012466679618769662 0.002069467158203171 -0.3024229875150202 0.012458348449555814 0.9999144256203554 0.003991363079219754 -3.361540582944005 -0.002119049284540794 -0.0039652622785196654 0.9999898931105048 197.37617610171435
0.9999440593519108 -0.010331161785558622 0.002268320065792529 -0.30826042739084225 0.010331340599019152 0.9999466280382225 -6.683207397750447e-05 -3.3970377008114365 -0.002267508739089424 9.026313406573026e-05 0.9999974251235028 198.81919086548942
0.9999899910154875 -0.003553571595068354 0.0027184565967336705 -0.3188275289066592 0.003568249739983466 0.9999789795147027 -0.005413697227275605 -3.435668724906201 -0.0026991617250450503 0.005423343285517293 0.9999816507666245 200.23972750659783
0.999979452330076 0.00508239208334323 0.003906942934904253 -0.3342691852696748 -0.005058647382360816 0.9999688203651242 -0.006063694770881414 -3.476700592392716 -0.0039376395301755455 0.0060438064478659384 0.9999739833584543 201.6570570483324
0.9999107161388495 0.01228912252048506 0.0052475893783199765 -0.35463651339615593 -0.012275840272092055 0.9999213821819003 -0.002556018595191068 -3.521670450622968 -0.005278588498857967 0.002491371858946524 0.9999829646367979 203.11093643940566
0.9998812291107992 0.014140721433487755 0.006129244606556998 -0.35816765084417995 -0.014139218417755717 0.9998999946137983 -0.0002886344887417484 -3.5684024417977716 -0.006132713668290698 0.0002019374772777358 0.999981174341838 204.5339610144106
0.9998996690315006 0.012989541098227995 0.005650103240114772 -0.3565590971754048 -0.0129915696353985 0.9999155540639181 0.00032232201757899435 -3.60064051910193 -0.005645439774339376 -0.00039569340154448936 0.9999839860870713 205.99518177472544
0.9999427248040035 0.009770901905738077 0.004367673348038486 -0.3517548954573673 -0.009772753641823189 0.9999521644354914 0.00040267736605637276 -3.633341079897774 -0.004363530265889404 -0.00044533851095956886 0.9999903805898424 207.4314992479633
0.9999638906838192 0.007861062042404459 0.0032281603593394513 -0.3476237641461464 -0.007861162442495045 0.9999691004268939 1.825586490863688e-05 -3.665021887552807 -0.003227917373332457 -4.3632302930538474e-05 0.9999947893072226 208.85587789262672
0.9999625891157784 0.008182527555348118 0.002804745558225483 -0.3518083947803168 -0.008180784977011074 0.9999663368585148 -0.0006323959669697439 -3.6839011946074756 -0.0028098259775803784 0.0006094272961818171 0.9999958667277774 210.33808880040064
0.9999582462571017 0.008764592207261373 0.002586049112492954 -0.35513356724981926 -0.008763538860841262 0.9999615118538322 -0.00041858921399597076 -3.7082936876564077 -0.0025896185637480315 0.00039590879763404875 0.9999965685583481 211.77306334333707
0.999949801808664 0.00970332128391519 0.002497879155616635 -0.3625322965094725 -0.009703238580880883 0.9999529214491514 -4.5477998134907475e-05 -3.735378148445213 -0.0024982030584678643 2.1238192848065596e-05 0.9999968792586891 213.25382230505284
0.9999524490905823 0.009493206624973567 0.0022312703613576214 -0.366400577652755 -0.009493334820737515 0.9999549362067578 4.659401828844431e-05 -3.7693179118269744 -0.002230727674274225 -6.77740061079863e-05 0.9999975096257695 214.71280512825786
0.9999513989019329 0.009687062234218422 0.0018332048474807305 -0.3687701731352316 -0.009685808843035612 0.9999528522252034 -0.0006917049030598131 -3.7986914560914 -0.0018398191610414195 0.0006739152210793448 0.9999980804487169 216.16407341324526
0.9999586297107496 0.008948578771778432 0.001631498539606026 -0.37118917994986944 -0.008946449760641658 0.9999591243172955 -0.0013079568705080657 -3.8329071569474653 -0.0016431363465601143 0.0012933066602087951 0.9999978137268118 217.65956987449388
0.9999576631391548 0.009134134274497952 0.0011133290902310667 -0.3729411972767067 -0.00913259902540235 0.9999573490347603 -0.0013768684942343356 -3.8624210927026232 -0.001125858204217182 0.0013666426346362944 0.9999984323634966 219.11798628545677
0.9999557270464693 0.009365531827209424 0.000911449921372318 -0.37958008395064463 -0.009364113721773792 0.9999549566632387 -0.001548560599696733 -3.8966296059432155 -0.0009259120403093423 0.0015399571435619644 0.9999983856073894 220.6201639790223
0.9999572961390051 0.009215467343719867 0.0006935708518401927 -0.3828252160867345 -0.009214330031096113 0.9999562246092764 -0.0016263480341253298 -3.930981727855608 -0.0007085281094885176 0.0016198878175017614 0.9999984369738629 222.0929412115543
