1.0 -3.469446951953614e-18 0.0 -1.7787691892340307e-19 0.0 0.9999999999999999 -3.5575383784680614e-19 0.0 2.168404344971009e-19 -2.371692252312041e-19 1.0 0.0
0.9999999398638733 -7.08535559765227e-05 -0.00033948727388392647 0.05569069961672338 7.123806521749064e-05 0.9999993559314045 0.0011327230995349811 -0.026761272848715878 0.0003394068273799933 -0.0011327472383819146 0.9999993008434594 1.3159701006825606
0.9999991075624272 -0.0005587901877283866 0.0012135198795759842 0.11108300046058615 0.0005566348298350308 0.9999982684086526 0.0017757635472657302 -0.04833477912174309 -0.0012145101586562628 -0.0017750865086460634 0.9999976870130872 2.5650198957187875
0.9999996658281656 -0.0007371066273341928 0.000353580361592025 0.11034661396364712 0.0007364391647795149 0.999997953544061 0.0018842939156354873 -0.07351837650041573 -0.0003549685919544243 -0.001884032931811747 0.9999981622068117 3.8977845821462322
0.9999990766442544 -0.001175875364984284 0.0006811979102865672 0.09589130381393146 0.0011744330896682025 0.9999970760153012 0.0021139218466572473 -0.08866299683373022 -0.0006836816830761774 -0.0021131199135811154 0.999997533648434 5.224793470142321
0.9999989015234089 -0.0014657844087465292 0.00022006958409555538 0.10023949058902723 0.0014652596883243888 0.9999961268230771 0.0023662946181182407 -0.09642964286390014 -0.00022353722635259162 -0.002365969605037094 0.9999971761055266 6.56193872101306
0.9999960150699446 -0.0027794339382172413 0.0004945664503365592 0.08559747336550075 0.002777931560653358 0.9999916014646274 0.003013319077008062 -0.12807416998540228 -0.0005029376578762387 -0.0030119332542181457 0.9999953376449408 7.895255628275789
0.9999960516268321 -0.002772365688572087 0.0004590467669257363 0.07164587196041325 0.0027709337465473653 0.999991382039758 0.003091563970180762 -0.13849518648500875 -0.000467613793569863 -0.0030902798337602267 0.9999951157419695 9.22745559635503
0.9999960539170659 -0.002806435456146528 -0.00012678402435062092 0.08105573948928459 0.002806821749868125 0.9999910824158578 0.0031554454137046675 -0.15212443093871697 0.0001179273525770783 -0.0031557888823594326 0.9999950135328047 10.549005376000158
0.9999995592734494 -0.000938395602469352 2.9463795448717066e-05 0.03543631054959266 0.0009383384318952526 0.9999977815250296 0.0018858590121687206 -0.1726072895205617 -3.1233412930444264e-05 -0.0018858305704341314 0.9999982213323234 11.876190579100331
0.9999990423888301 0.0013249508163848548 0.00039965620867736637 0.02413430964862903 -0.0013253472940731063 0.999998628499318 0.0009932049879818675 -0.19969402620189203 -0.0003983397457324139 -0.000993733740428822 0.999999426908964 13.19781331296831
0.9999835026331132 0.005737366948831424 0.0002776167377803536 0.016993911543882627 -0.005737394705882981 0.9999835362242169 9.79487386693378e-05 -0.2033349120021113 -0.0002770502230115923 -9.953992570481402e-05 0.9999999566672857 14.542143568042885
0.9999832093161222 0.0057324621531688125 0.000848500601161539 0.003095564110281994 -0.005733047332902635 0.999983328999488 0.0006884059353547619 -0.23678371217872646 -0.0008445402660182573 -0.0006932588880233264 0.9999994030711833 15.890849487142576
0.9999893051784261 0.004537782297862855 0.0008933382148408457 0.011335332162946327 -0.00454092356663166 0.9999834030173909 0.0035459428781482484 -0.26424273528801845 -0.0008772327428483895 -0.003549961608203981 0.9999933140950191 17.22947450310997
0.9999994348501939 -0.00012592843582153943 0.0010556718467818792 0.006367316246401918 0.00012011014493221867 0.9999848141531291 0.005509721875800894 -0.29208744766709527 -0.0010563497309585906 -0.005509592072720022 0.9999842641363155 18.593158284725423
0.9999975720973056 -0.001983625762513007 0.0009597044823910783 0.009794855839379328 0.0019789981819072853 0.9999865256530899 0.004799174345985422 -0.32807283864573444 -0.0009692113947474433 -0.004797263532876225 0.9999880233740591 19.930813355666405
0.9999943296107688 -0.003164082067405599 0.0011529688348259843 0.020729558380656946 0.0031619701692816964 0.9999933280995535 0.0018291244420678098 -0.3218797186710916 -0.0011587487384008693 -0.0018254684497726274 0.9999976624797422 21.29868647714332
0.9999988416770421 -0.0009968324717612876 0.0011502055488802983 -0.01523951790456829 0.0009962450269995187 0.9999993730603834 0.0005112465701309997 -0.3748623739481118 -0.0011507145517150035 -0.0005101000997385478 0.999999207825852 22.6440468231863
0.9999965385781321 0.0012193774409384323 0.002331512693468429 -0.008297943963245728 -0.0012242661187348023 0.9999970529812192 0.002096473959538871 -0.35688762498450377 -0.002328949624595361 -0.002099321135169142 0.9999950844087547 24.001986044097027
0.9999935868332386 0.002007716191431393 0.0029656986288430272 -0.016464636423812053 -0.002027891130411472 0.9999747183429114 0.0068154482088494395 -0.38251713792538666 -0.002951940409411411 -0.0068214187477708054 0.9999723767645332 25.38534143885338
0.9999962467228097 0.000584055106855037 0.0026768306718868923 -0.00020579806509427034 -0.0006050403684583839 0.9999690406539373 0.007845486506561302 -0.40903343447867957 -0.0026721658219980293 -0.007847076803827102 0.9999656408668282 26.777228081156714
0.9999890746508572 -0.0036408535407323472 0.0029316843703851934 -0.006739687429584397 0.003617150070455613 0.9999610523469341 0.008050466273478024 -0.4555811131192401 -0.002960881000247023 -0.008039774130260455 0.999963296933525 28.152876943223486
0.9999883497030582 -0.003884329295518371 0.002865737796418661 -0.013725625334852588 0.003868853101622983 0.9999780089194298 0.0053864317146570745 -0.45051560404908486 -0.0028865976895659793 -0.005375281943188145 0.9999813867744561 29.496332775840614
0.999984815485031 -0.004318555849975788 0.0034232856749000294 -0.023303147944857716 0.004307653489841471 0.9999856471412301 0.0031858478508318424 -0.4895609590364264 -0.003436995090416558 -0.0031710532031905365 0.999989065681558 30.886038746926697
0.9999902992460373 -0.0018021551269563028 0.004019161384134317 -0.040499264644313665 0.0017940626606496243 0.9999963581346881 0.002016197775944483 -0.4808067041948966 -0.004022780586250335 -0.0020089676248817717 0.9999898905893914 32.2645031659782
0.9999894694068363 -0.00032821904904954853 0.004577483310235607 -0.03355635292388893 0.0003264380103428933 0.9999998707338511 0.0003898332031920651 -0.527637474748201 -0.0045776110557120275 -0.0003883348371499331 0.9999894472782657 33.65036784732641
0.9999882480124243 -8.525279514788771e-05 0.00484732653923786 -0.046616827317216114 8.163359887249089e-05 0.999999717789033 0.0007468316847757205 -0.5287292718656655 -0.004847389249788353 -0.0007464272140098924 0.9999879727569451 35.04066827538594
0.9999908676097411 0.00019327019148191252 0.0042693498837913894 -0.043325898792988905 -0.0002020624323387371 0.9999978597433222 0.0020590482066443327 -0.5751345305107171 -0.004268943152744583 -0.002059892115107759 0.9999887664189953 36.43210490837212
0.999991561480861 0.0006181251929762502 0.004061390415734536 -0.06359358860167735 -0.000629994600349436 0.999995532911394 0.0029218597751511674 -0.5649320421417943 -0.004059566538738206 -0.0029243938278212616 0.9999874838396621 37.841486067792864
0.9999909386337441 0.0023580614948236246 0.0035443189129162056 -0.047566950210328585 -0.002369660131549143 0.9999918400306445 0.003271786445115262 -0.5723847703781417 -0.0035365752141087456 -0.0032801556930592483 0.9999883665376624 39.2390523898801
0.9999736576856847 0.005872730382413914 0.004265555739513898 -0.0735841473451429 -0.005889835217468194 0.9999746206903148 0.004008469447408803 -0.6314622201265998 -0.004241907177926722 -0.004033487356006779 0.9999828684528081 40.63089177917672
0.9999577847060016 0.008321223934875818 0.0038969250367038143 -0.06550755355124752 -0.008336544995274316 0.9999575204430688 0.003931837239196416 -0.6362553375837052 -0.0038640421227712244 -0.003964158227803434 0.9999846771946979 42.06323179591855
0.9999532607332324 0.008861279985515749 0.003867046823816199 -0.08444680498481688 -0.008877137043469123 0.9999521810337784 0.004102694518560832 -0.6501754697503526 -0.00383050710172894 -0.004136831151440524 0.9999841067935095 43.4480253663681
0.999961069255172 0.008084609853205006 0.003535398780184321 -0.09637217510081521 -0.00809889225315959 0.9999590253801146 0.004044196043046331 -0.6689523954553124 -0.0035025584645936615 -0.004072671496886859 0.9999855726097293 44.88096929773858
0.9999639621389332 0.008083169397423103 0.002595531142587268 -0.08711970704700585 -0.00809258312933826 0.9999606407183433 0.00363691202417122 -0.7066796563103421 -0.0025660314227714336 -0.003657785585373149 0.9999900179925391 46.28372015949757
0.999965827687498 0.00810920518765333 0.0016075550579964972 -0.09519982101799108 -0.008115898035535904 0.9999582402896703 0.004201177498180232 -0.7377443606692742 -0.0015734198466675758 -0.0042140807751552805 0.9999898828847795 47.712360329675086
0.9999657375180363 0.008269880765591979 0.0003644787897923373 -0.08349626235064993 -0.008271531521093422 0.9999543361769203 0.004786161719561941 -0.7581709936748388 -0.00032488118365101297 -0.004789012632039942 0.9999884798390601 49.12094232432234
0.9999623772668452 0.008668973091191759 -0.0003048555910405736 -0.10718279610883427 -0.00866739507505069 0.9999506963014718 0.004845745206510126 -0.7762655998108917 0.0003468482280211808 -0.00484292069485686 0.9999882128390867 50.5370052632444
0.9999634330187359 0.008386144036506707 -0.0016748709139068126 -0.10438504462907443 -0.00837797658547542 0.9999532601095397 0.004825673180658277 -0.7844396515852822 0.0017152615693107082 -0.004811464793707819 0.999986953759039 51.99448931287015
0.9999583614501885 0.008775676531391911 -0.0025025674097287724 -0.1226789296721679 -0.008761751011797249 0.999946365858045 0.005522421960355742 -0.8023907618474235 0.00255089639494008 -0.005500265259384642 0.999981619838823 53.402566462697166
0.9999629182188949 0.007962418195663819 -0.003280557975883192 -0.14593996290459685 -0.007941452889079995 0.9999482714133032 0.006355142707770824 -0.8316075424658864 0.0033309908673059083 -0.006328854784692461 0.9999744247252892 54.85361580886597
0.9999789335708377 0.005229248340448045 -0.0038454335135092842 -0.1419337706388935 -0.005199784942515863 0.9999573527155812 0.007632495959544787 -0.8479902171678951 0.003885182067203013 -0.007612339900030199 0.9999634781585748 56.2500136359035
0.999982928790759 0.004211195823687297 -0.004050671697496629 -0.17860356808956607 -0.004182734654879049 0.9999666863681989 0.0070093430927149316 -0.8699308260245638 0.004080054821462796 -0.006992280694227198 0.9999672300495431 57.671661741855786
0.9999848836057776 0.003972555782154122 -0.0038014925975090787 -0.20097618102383488 -0.003943435552707622 0.9999630593993669 0.007637352806917972 -0.9038350028822373 0.0038316923078714144 -0.007622246573010833 0.9999636090881346 59.11446048512478
0.9999884294486198 0.0032163818132669424 -0.003577127961356167 -0.20425069763282694 -0.003186690926448298 0.9999606821521424 0.008275213235761292 -0.9204901890072175 0.0036036038727561824 -0.00826371845403374 0.9999593616770466 60.50986509086001
0.999995130348556 0.0009105324605930814 -0.002984996307133993 -0.22161833496326905 -0.000881770424394023 0.9999533115087698 0.009622748147543375 -0.9458386961979677 0.0029936190274270163 -0.009620069399394193 0.9999492449711539 61.98253741442299
0.9999941132311818 -0.0016188236198406425 -0.0030253776835902366 -0.21131167511425947 0.0016458855066330512 0.9999584685206652 0.008963943854675895 -0.9544112716538625 0.003010741252952246 -0.008968870689275626 0.9999552464004996 63.389976465866624
0.9999943116844752 -0.002163953017010216 -0.002587258147775191 -0.21572446330607048 0.0021844545413057023 0.9999660314381066 0.007947585969498903 -0.9780987940672828 0.0025699722834803705 -0.007953192666121572 0.9999650703778235 64.79833443053084
0.9999952791128408 -0.002541106851000473 -0.0017275788904312838 -0.23317235879920228 0.0025543969773182563 0.9999668246614375 0.007734638108931913 -0.9950946298640998 0.0017078671863062955 -0.007739014668851394 0.9999685949302299 66.2453141435644
0.9999991279998567 -0.0008148182250076602 -0.0010392643488787768 -0.2441357077931114 0.0008226945952926612 0.9999707738559327 0.007600960736540593 -1.0127721496850584 0.0010330406673734022 -0.007601809255710185 0.9999705722304381 67.61417047239681
0.9999994268593156 0.0010247871588417298 -0.00030998403285735217 -0.27097427564807286 -0.0010220708852442554 0.9999621556678249 0.008639595033412537 -1.0281073289551326 0.00031882608164285385 -0.008639273427375093 0.999962629955598 69.07358236635893
0.9999883859160883 0.004800654105131684 0.0004263149420486883 -0.27758077688039273 -0.004804622617901857 0.9999399054988369 0.00985398388845786 -1.049352130134146 -0.00037898377901865 -0.009855917923499212 0.9999513574448771 70.44122235931684
0.9999625354843846 0.008517826634548626 0.0015408571178584364 -0.30054480580328335 -0.008533891841815536 0.9999059259328881 0.010738342007449955 -1.073841151536594 -0.0014492449419174509 -0.010751089425899887 0.999941155152101 71.8841288356072
0.9999243641117843 0.012092357548736124 0.002245198969187032 -0.3145323030828723 -0.012115416688736148 0.9998708705831896 0.010557407971683709 -1.0797755936460776 -0.002117245267088655 -0.010583811189958128 0.9999417484103321 73.24742888319831
0.9998741555792957 0.015666691394443953 0.0024955454778414587 -0.3110957417738094 -0.01569114370084919 0.9998258754823742 0.010099839757776199 -1.0977220190585117 -0.0023368800598109274 -0.010137726921909273 0.9999458812779234 74.6492210388266
0.999851847026565 0.016840607313264675 0.0035606040887351323 -0.3358743118135741 -0.016876219636790042 0.9998053547887609 0.01021987224497267 -1.107472801328298 -0.003387802457934478 -0.0102784478898826 0.9999414364364934 76.10015952237174
0.9998323504373073 0.017903680969432387 0.003837861575353055 -0.3341685349870911 -0.0179439495136956 0.9997814397477678 0.010727882259790869 -1.1227704478621026 -0.0036449544902789925 -0.010794950352885978 0.9999350895697554 77.46496564072146
0.9998480277708541 0.016963873298642206 0.004018497725221483 -0.33783502823384576 -0.01700663236905965 0.999796435086726 0.010856467458598947 -1.150394854266443 -0.003833512277799475 -0.010923158915696068 0.9999329921459985 78.89521687479309
0.9998551523058005 0.016709347074071526 0.003236060364467777 -0.3203725620365614 -0.016740020278992365 0.9998128701008727 0.009695181468208889 -1.1568071032830587 -0.0030734549015787403 -0.009747949062082902 0.999947764317359 80.24025694089066
0.9998626327929853 0.016230316893301178 0.003360404518109845 -0.3441775676864203 -0.016262965933003103 0.9998184639836923 0.0099274899356636 -1.1915693289379448 -0.0031986684392761606 -0.009980776574846641 0.9999450748008138 81.64410821057372
0.9998750127402194 0.01548220075787545 0.003203173542431576 -0.3607344928552427 -0.015514950320752357 0.9998248711574722 0.010464863520957858 -1.191080109334019 -0.0030405937058188997 -0.01051325284132101 0.9999401113588169 82.98131330613
0.999869790708436 0.01587806787734722 0.002878984313422311 -0.37693687169651274 -0.015904998538689333 0.9998275591489533 0.009585563450532629 -1.2023770416217752 -0.002726287855376581 -0.009630105762156258 0.9999499129541835 84.38718368202844
0.9998826255365642 0.015174489253611045 0.0021142349063723895 -0.3856789275663677 -0.015194485813934693 0.9998366639878072 0.009786367192706114 -1.2073807357302215 -0.001965386610953176 -0.009817343438922245 0.9999498772557468 85.76678234018286
0.9998779002838954 0.015589319996980747 0.0010759118602703263 -0.39252698808822367 -0.015599805522925416 0.9998227302288916 0.01054297029201348 -1.2310663343012564 -0.0009113634654489813 -0.010558467233419222 0.999943842517467 87.15176153569907
0.9998960385266467 0.014417982163631927 -0.00018409734044969625 -0.39595045297555326 -0.014414861434110714 0.9998282652369405 0.011646966795772363 -1.2423196851905443 0.0003519915223331488 -0.01164310246310432 0.9999321548344181 88.56311964136044
0.9999281835406982 0.011931450279094874 -0.0011261548586684036 -0.39950488001684725 -0.011916860680555988 0.9998548336974721 0.01217784821404004 -1.259200021229195 0.0012712908859289003 -0.012163553663457023 0.999925213097673 89.92390253566168
0.9999320527869094 0.011430598198006849 -0.002287182367933607 -0.40238171300113434 -0.011400763190325661 0.9998548856039742 0.012658212923924392 -1.2757807583683578 0.0024315416256660187 -0.012631277468775529 0.9999172657995026 91.30179135802263
0.9999446897427975 0.010281331404571529 -0.002216224795244415 -0.4273899711235149 -0.010253610904039076 0.9998732918161055 0.01217636214119625 -1.2941945772157968 0.0023411334029264253 -0.012152964606058385 0.999923409344096 92.67063904782835
0.9999531490661493 0.009304877719869476 -0.0026681262850212217 -0.42907454619433216 -0.009271016432935415 0.9998797079736575 0.012434542716397885 -1.3202036930308196 0.002783507474856938 -0.012409224157798764 0.9999191283557 93.99594964311956
0.9999584708484652 0.008587760435993873 -0.0030507253046113047 -0.44735483733058445 -0.00855142005803456 0.9998946115523586 0.011731965638882739 -1.3136664754610354 0.0031511553789784546 -0.011705390626592581 0.999926524330694 95.386490507467
0.9999613965609297 0.00837613714598777 -0.0026543721653460826 -0.46793030428249127 -0.008345450881485882 0.9999005515269053 0.011368400047552093 -1.3275992435814912 0.002749331711002929 -0.01134580948796027 0.9999318545736879 96.75612095440282
0.9999474252705536 0.010048080460298252 -0.002045176637199941 -0.48815813933179864 -0.010025571594086935 0.9998921298987823 0.010733894895644825 -1.3443275551265814 0.002152811253317694 -0.010712826719819721 0.9999402985952778 98.09128494164466
0.9999309600514904 0.011584665987770668 -0.0019673874989864283 -0.5020485689918611 -0.011562901648681359 0.9998755144222264 0.010735687584812354 -1.3521323123481708 0.0020915121271289088 -0.01071219790704769 0.9999404354262005 99.43006071140003
0.9999299626073435 0.011680621192806379 -0.0019060266406471882 -0.49911261375476934 -0.011657606693925932 0.9998639510299734 0.011669604115323707 -1.356824057843658 0.002042075734088904 -0.011646567337911739 0.999930091258236 100.81365724910103
0.9999229953083105 0.012256762603097108 -0.0019429851198394818 -0.5298612349747018 -0.012230653850883434 0.9998416799991147 0.012923856515886045 -1.363430796609552 0.0021010823348877466 -0.012899097605196306 0.9999145957243796 102.10249816756513
0.9999238890970115 0.012098687644313162 -0.0024161409374711704 -0.4967613028022378 -0.01206876291333125 0.9998547019902189 0.012038267905512825 -1.3843384536579444 0.0025614373455880575 -0.012008192077961442 0.9999246183441699 103.46675448221997
0.9999245806022087 0.012134049892898072 -0.0018968152785933667 -0.5022785218313972 -0.012114686612267271 0.9998775353799757 0.009906999370138066 -1.3949070952076499 0.002016795188155619 -0.00988327307328163 0.9999491254345155 104.76942358985232
0.9999499131117623 0.009837008158866196 -0.0018451322098668782 -0.541917888273693 -0.009820826210416463 0.9999149339156357 0.008583491394876545 -1.414133942265187 0.0019294112959435926 -0.008564940929650251 0.9999614588397002 106.07633928632447
0.9999526813885753 0.009612618305914358 -0.0014941649833564027 -0.5437912341434696 -0.009597643409444776 0.9999066408447674 0.00972598857621535 -1.4232986934253005 0.0015875178466180186 -0.009711188093294265 0.999951585137372 107.4569486846957
0.9999790844657037 0.006364935989343727 -0.001148131583113324 -0.5497067702823195 -0.00635167369191626 0.9999170233593545 0.01120725864481819 -1.4222191103298094 0.0012193699106005805 -0.011199731908453395 0.9999365375603593 108.78450956155412
0.9999871796817437 0.005023994198916883 -0.0006324109639103709 -0.5476391450701481 -0.005015613033405559 0.9999077586954359 0.012622112795371131 -1.4530502291102914 0.0006957661196363304 -0.012618779300319724 0.9999201379732485 110.11628956228161
0.9999866410553828 0.005163708003541118 0.0002319927714088529 -0.5597352190385593 -0.0051661143897820515 0.999915085492814 0.01196382345300992 -1.4424160759672437 -0.0001701953859797093 -0.01196486236978836 0.9999284039900952 111.44795958262361
0.9999799731867975 0.006030317467041031 0.0019205434219064777 -0.5755023336002673 -0.006047310819583255 0.9999414950592328 0.008968639801493176 -1.476672977542143 -0.0018663474662159016 -0.008980074491327043 0.9999579366200748 112.79116903344057
0.9999558636105277 0.009148549062845832 0.0021388930646496934 -0.546238177447273 -0.009164170202955835 0.9999305445810325 0.007411073912643684 -1.4961753198290966 -0.002070944103210454 -0.007430348146460439 0.9999702501155732 114.14610721544386
0.9999185030682436 0.012248968530484246 0.0035986061823754887 -0.5712331064684079 -0.012272802877182479 0.9999023912487872 0.00667729828007227 -1.4967634487247545 -0.003516465202907585 -0.006720919224046744 0.9999712314435255 115.42522315040213
0.9999053805427734 0.012566207580659159 0.0055964599419252034 -0.5916126804842119 -0.012614494736249916 0.9998827769709211 0.008677952954638503 -1.5280320843725723 -0.005486755407112274 -0.008747728543493821 0.9999466849573464 116.80775775330734
0.9999000268895878 0.013119261800460993 0.005274577634774142 -0.6044587354676754 -0.01317692099745841 0.9998521287190414 0.011049410735392569 -1.525059746234944 -0.005128837989296007 -0.011117809009224862 0.9999250418616034 118.09464585396421
0.9998928656478993 0.013151901977648015 0.006425315130691863 -0.6046698848102643 -0.013226963529305864 0.9998430960273863 0.011782647854327108 -1.539614617245385 -0.006269343264639141 -0.01186637317573491 0.9999099382047686 119.45673034944483
0.9998872867534386 0.012922241809338805 0.00764391459729871 -0.6156602127695976 -0.013008623323125381 0.9998508415076084 0.011360919135050771 -1.5558592157643583 -0.007495966523290525 -0.011459075644332841 0.9999062456393233 120.78492220714635
0.9998488704072337 0.015085076009989042 0.008641573627560628 -0.5995737148649489 -0.015182420451722887 0.9998207510489465 0.011311936902048151 -1.5654909166375546 -0.008469383913972572 -0.011441427567977648 0.9998986765009676 122.09585057115636
0.9998143147107375 0.01654823826615681 0.009873797241600283 -0.5980257206255053 -0.016652938062450887 0.9998049561327805 0.01061740963500701 -1.569096902393854 -0.009696172805288008 -0.010779866089385642 0.9998948838336461 123.45582129900791
0.999785104724138 0.017422734626403265 0.011233550123166782 -0.6068222814685971 -0.017538124734169536 0.9997935884028718 0.010256452313140624 -1.5810206388547432 -0.01105253686791616 -0.010451263863600638 0.9998842995613116 124.79605364695274
0.999755143525358 0.018451550356796576 0.012214468387853485 -0.5917779160255032 -0.018566630054745927 0.9997836610824309 0.009376104217815276 -1.5928092319852845 -0.012038823274580179 -0.009600590127423966 0.9998814406718979 126.12460012580222
0.9997434032387321 0.017953915629505497 0.013812478021513147 -0.6236796277267606 -0.018079237812946656 0.9997960291335657 0.00900229617335146 -1.6070157785431374 -0.013648035359405565 -0.009249705473198805 0.9998640778011096 127.47090442706352
0.9997297281295922 0.018405069211031327 0.014202960044716705 -0.5888370236615674 -0.01854104344391439 0.9997829471467518 0.009502018294990528 -1.613307892899398 -0.014024993125787769 -0.009762788061058457 0.9998539831071441 128.77946259929035
0.9997243906425985 0.017982134667165237 0.015092565742880324 -0.5803816827111341 -0.01813489656401221 0.9997850736410674 0.010046496818867082 -1.6374474131988541 -0.014908665746593882 -0.010317430233958785 0.9998356276499772 130.1549818730104
0.9997466083515277 0.016493281794831526 0.015319618284231468 -0.5511219970318113 -0.016650401584379422 0.9998094891929948 0.01018574926546538 -1.6411777445976052 -0.015148704571215418 -0.010438246284255376 0.9998307655617645 131.4706005077344
0.9997500452363157 0.01598838079186723 0.01562749789028988 -0.5572623619655296 -0.01615573313676822 0.9998128543236133 0.01064183514962464 -1.6713284594243232 -0.0154544288571273 -0.010891649072081205 0.9998212503289023 132.82627713495756
0.9997825986246163 0.013981867511379942 0.015468123231880633 -0.5529093635786229 -0.014156965808790403 0.9998362827346521 0.011268898712650773 -1.6729948928279588 -0.01530803186948078 -0.011485430754911352 0.9998168577499031 134.15168452385382
0.9998125836230772 0.012704508626547938 0.014607979418074233 -0.5121551205863936 -0.012871197110227876 0.9998524725134788 0.011373896474053395 -1.6944151995195795 -0.01446132578726379 -0.011559787227853084 0.9998286059996371 135.48651042598706
0.9998241729562528 0.01296212978216699 0.013550141588943531 -0.49925988115238584 -0.013109767017649918 0.9998550420091179 0.010864115525237411 -1.7061015391673842 -0.013407356437147864 -0.01103984473581332 0.9998491709352433 136.82226472886595
0.9998424047685353 0.012018585081706758 0.013065956373117426 -0.5243994062169901 -0.012183397505539154 0.9998462864630995 0.012608262986787603 -1.7380678657193336 -0.012912415558954326 -0.012765463975243281 0.9998351426374844 138.1709047176651
0.9998682414665325 0.011369125998571105 0.01158631348412846 -0.4825069086899074 -0.011515285767194919 0.9998539660389926 0.012627145839694476 -1.753217728047499 -0.011441062834091428 -0.012758902067101974 0.9998531454656271 139.51477705478564
0.9998935636754507 0.01002108112155394 0.010603736957627582 -0.5047145928607919 -0.010155343952915005 0.9998679760788182 0.012684613489270264 -1.7609839987893992 -0.010475224345464636 -0.012790948232875486 0.9998633213175617 140.87691128534556
0.9999095954246681 0.010011064060853347 0.008976611731752578 -0.4862167600334931 -0.01012060880239203 0.9998738448495775 0.012242045642011054 -1.7644315672250472 -0.00885292412160189 -0.01233178792429769 0.999884769730313 142.2122037662292
0.9999167126468542 0.010120404763817351 0.008009067401964762 -0.47809258154672585 -0.010216118656300111 0.9998757918850906 0.012001322448102309 -1.7779545411226316 -0.00788661502728103 -0.0120821447120925 0.9998959061222839 143.5595304659317
0.9999390120512728 0.007968266086892422 0.0076471500030944155 -0.4657994796985887 -0.00804364998798188 0.9999188580445922 0.009878108906696489 -1.7874450835324645 -0.007567818730195847 -0.009939017654964166 0.9999219689776504 144.90793228377126
0.9999709730188543 0.004704331365388044 0.005993528441364794 -0.4689494115427537 -0.004756285481835782 0.9999509838633917 0.008683756418393336 -1.8152138838767644 -0.005952383890343935 -0.008712011457938033 0.9999443334400407 146.22128045449844
0.9999706876951602 -0.00527195310891166 0.005552501559217346 -0.48195385763439313 0.005206872435486938 0.9999183350645181 0.01167097555294577 -1.8122398734589409 -0.005613577414994815 -0.011641722503285346 0.9999164755338157 147.60990928704524
0.9999253222185643 -0.01158049028702867 0.0039041318707032594 -0.4672879045614611 0.011527345707874824 0.9998441585612667 0.013370821837204082 -1.8322406285245585 -0.004058364448950642 -0.01332481930659298 0.9999029847284363 148.92801880042686
0.9999073756918946 -0.01329130515758233 0.0029293784501327755 -0.4264002710666084 0.013260380000527889 0.9998586630147326 0.01033519729646995 -1.8553026467094984 -0.003066332931574595 -0.010295395524809856 0.9999422995517633 150.216373987865
0.9999482389969435 -0.009798501077057977 0.002740203796103226 -0.4498740814141865 0.00977539357290079 0.9999175817703145 0.008322940286925802 -1.9010417531423096 -0.0028215305237439267 -0.008295723066321937 0.9999616092346255 151.6319551516673
0.9999850463069893 -0.004438143517498886 0.0031953175906669793 -0.4121443881106045 0.004421296934719437 0.9999763906096315 0.00526026136225331 -1.9210149601217967 -0.003218588213463833 -0.005246055351431705 0.9999810596157971 152.94383653595287
0.999968865529912 -0.00639559167574383 0.004622163018724128 -0.44672222110275306 0.006368599158240949 0.9999627182992202 0.005831204614704979 -1.9300662584930655 -0.004659285088912004 -0.005801586465388685 0.9999723159433207 154.3159852831085
0.9999596826135746 -0.007317534501595295 0.005204502887032447 -0.4527714868225435 0.0072830442298322685 0.9999515953045313 0.006615459513201937 -1.917598675053657 -0.005252660255930892 -0.006577288290203778 0.9999645737899704 155.65327274930635
0.9998398733906424 -0.01715213574392835 0.0051021399506962625 -0.4309124628910025 0.017103066870740556 0.9998084992280134 0.009510518563600788 -1.9200341721296554 -0.005264289028329474 -0.0094217336040414 0.9999417574009719 156.97744830387145
0.999762740442244 -0.021155943466560474 0.005185449889402641 -0.4220979885356537 0.021097412889177138 0.9997158726145569 0.011093836254799141 -1.9387692258580402 -0.005418677581153091 -0.01098180475463725 0.9999250161364855 158.31026393793027
0.99975492411778 -0.021620347043380013 0.004759443901383093 -0.3997433849964968 0.021567526741983915 0.9997081570575155 0.010883128893177014 -1.9501679038432833 -0.004993352326476179 -0.010777812458967527 0.9999294501059874 159.6490151504424
0.9997675330629668 -0.020667390384326273 0.006143192986884972 -0.41376417003103066 0.020600938770404857 0.9997306195890275 0.01069062994116559 -1.9520000612917006 -0.006362486081057316 -0.010561589367767887 0.9999239829097462 161.02028360460494
0.9997951976624118 -0.01890912103149861 0.0072116494131579095 -0.41341004516274743 0.018835153022048835 0.9997706691137895 0.010190494571568723 -1.9586985866260587 -0.007402689470468622 -0.010052575191862728 0.9999220699220221 162.36184542085974
0.9998321386520167 -0.016275685467948532 0.00841407138782451 -0.41968747310264676 0.016199474955293905 0.9998278423229541 0.009047801668483329 -1.9776348057383724 -0.008559882729936527 -0.008909979509772141 0.9999236674209263 163.70381831747872
0.999839998829327 -0.015113680478855366 0.00956835513963156 -0.4618601376311052 0.015038061585499472 0.9998555044045613 0.00792634869958523 -1.9650398133436173 -0.009686769667266502 -0.007781191094567438 0.9999228067974963 165.05584197198306
0.9998242539663091 -0.015870200376937354 0.009979876607272562 -0.4663991051788826 0.0157785536548761 0.9998332223960381 0.009195902646547436 -1.974056080751137 -0.010124153852100411 -0.009036818642342535 0.9999079144668507 166.40761932215145
0.9998224025808121 -0.016261364303000708 0.009525300247231926 -0.43987355280541984 0.016174504153419304 0.999827534607414 0.009126140708741449 -1.9704918687429431 -0.009672061770235859 -0.008970453077782438 0.9999129873086186 167.72596009875093
0.9998465105284097 -0.014786927565213622 0.009396923655127933 -0.4444661072472996 0.014719245900877935 0.9998655160069175 0.007231437517668167 -1.9765961617848196 -0.009502591458294444 -0.0070920120588845266 0.9999296995866533 169.1130963828781
0.9999013060985386 -0.010826874652792 0.00895303661666988 -0.4414840461606414 0.010781905034705322 0.9999290910881438 0.0050560170434965695 -1.9998253841171487 -0.009007143385735068 -0.004958987336997722 0.9999471385062146 170.52081571714388
0.9999523615105785 -0.00510522932247906 0.008319336301430497 -0.4295167431605227 0.00507829211709508 0.999981805003383 0.0032558568967703152 -2.016984007816952 -0.00833580752871256 -0.003213453825349546 0.9999600932142538 171.88785204524774
0.9999572209520007 -0.0037193419933655974 0.008468929870695245 -0.4178305652845524 0.0036853161402213355 0.9999850893706403 0.0040298232441830575 -2.01842741258549 -0.008483792597885604 -0.003998440237292686 0.9999560178991461 173.23835013308985
0.9999550789415123 0.0010283035715031178 0.00942245700547041 -0.4307419612902997 -0.0010863977666362755 0.999980421758705 0.006162454010212605 -2.048183214192332 -0.00941593644765251 -0.006172413837280557 0.9999366187128065 174.6214759394198
0.999948316427923 0.0028691565071033544 0.00975358475577539 -0.4404136441653991 -0.0029558667097978183 0.9999561383618523 0.008887305948658887 -2.0634740754428655 -0.009727658690913759 -0.008915677087424537 0.9999129378871936 176.00471849923088
0.9999612689089264 0.0009847716198263775 0.00874590831002324 -0.4410957156611369 -0.001073149915525165 0.9999483556323989 0.010106157318509723 -2.0825801177901004 -0.00873550510630696 -0.010115151759782955 0.9999106833371305 177.40143754526022
0.9999703888248661 -0.0019615704422501993 0.007441352330430177 -0.43999611787258813 0.0018871506367554667 0.9999482706278299 0.009994734851695278 -2.084944317406249 -0.0074605733926752914 -0.009980396132197662 0.9999223627533129 178.8004306070287
0.9999710562522584 -0.005506002538007605 0.00525077199127604 -0.4292697563768111 0.0054742265123088225 0.9999667324841002 0.006047045618283918 -2.078494618770902 -0.005283892800923777 -0.006018126788976051 0.9999679307970653 180.14025164212848
0.9999918323987608 -0.002162985586405996 0.00341418168563559 -0.4504145795315964 0.0021549206619038107 0.9999948835674715 0.0023641387844628137 -2.112660795607934 -0.0034192781022138233 -0.0023567622264742717 0.9999913770654398 181.55942805606608
0.9999973318562992 0.0013049512945661453 0.001906143430686975 -0.42057351989281777 -0.0013083215442222821 0.9999975814469586 0.001767879211395453 -2.135075400686212 -0.0019038319838497846 -0.0017703683772994786 0.9999966206029262 182.9478606888294
0.9999908247710865 0.003901422643782333 0.0017689743085088445 -0.44721100265007036 -0.00390670321933969 0.999987894530789 0.0029913991014635685 -2.141669165187011 -0.001757282328379842 -0.0029982825729704134 0.9999939611110532 184.27972411508452
0.999972798222834 0.006410735897967933 0.0036476390999067637 -0.48477796642794996 -0.006430715222647459 0.9999642406917287 0.005492108092034664 -2.1550096760421877 -0.003612300509564956 -0.005515415735896968 0.9999782654993921 185.73449044835434
0.9999533800290081 0.009168986505082698 0.0030277778187307977 -0.4670224682537363 -0.009192497148802674 0.999926979227743 0.007844375482002218 -2.1831455316369093 -0.00295563199910212 -0.007871842776178967 0.9999646485397635 187.1056705645569
0.9999701871275908 0.006883835343884143 0.0034982362720176914 -0.4821852136127624 -0.0069127729043733065 0.999941425052541 0.00832826791308482 -2.186307831620126 -0.0034407012224439855 -0.008352202303500816 0.9999592003126766 188.55205382867103
0.9999745037000302 0.006237587267880402 0.003476269060334412 -0.4867115450773299 -0.0062685657898269905 0.9999400949430881 0.008972826645412633 -2.2079686236273943 -0.0034200923071435515 -0.008994389272110102 0.999953700892568 189.96618916991284
0.9999904830562689 0.0023589843453682953 0.0036700122654117636 -0.4952806131525027 -0.0023941929181323547 0.9999508709580415 0.00961891426484921 -2.209832825548562 -0.003647141393628195 -0.009627609628153143 0.9999470023411804 191.327972364787
0.9999911703021513 0.0003848914170395436 0.004184636259253319 -0.5065284827951756 -0.0004259968090860886 0.9999516282778659 0.009826475900905714 -2.223655033965576 -0.0041806520603235794 -0.00982817196838781 0.9999429629645636 192.78183259807884
0.9999902957916439 -0.0013774767433933598 0.0041846012246483585 -0.4887803836690468 0.0013337702468845629 0.9999447215389946 0.010429521448468393 -2.2403605368264863 -0.004198736675868076 -0.010423839142588695 0.9999368550995585 194.12895361262753
0.9999787159380686 -0.004544664298310399 0.0046812080325291305 -0.4905932685596487 0.00449208050767143 0.9999273789107254 0.011182938233649803 -2.2451625397477764 -0.004731691168762967 -0.011161672064606944 0.9999265113866769 195.58231138883005
0.9999594320525764 -0.007481696680427976 0.005015822761868808 -0.4751324480346119 0.007422402400960541 0.9999035621902146 0.01173772760124415 -2.2634583499115997 -0.005103157585804215 -0.011700022191540661 0.9999185303123151 196.99843981705203
0.9999741925528276 -0.004722415128372638 0.005414151432367654 -0.49463361544106943 0.00467169656379054 0.9999454448145548 0.009342517687113873 -2.29465957897403 -0.0054579757625653185 -0.00931698348351672 0.999941700458777 198.4235776416003
0.9999843325643609 7.567849032760234e-05 0.005597222916331692 -0.5145776925574412 -9.49191450222691e-05 0.9999940877920482 0.0034373493803349256 -2.2928054816482493 -0.005596930161172921 -0.0034378268727590852 0.9999784276242701 199.8598613887112
0.9999212634184188 0.010374873982051485 0.007058961417810957 -0.5054329695873432 -0.010399320968089232 0.9999400245858437 0.003435313354674687 -2.3154000707926268 -0.007022897701834697 -0.0035084513467100883 0.9999691843607524 201.31648846380415
0.9998236701491118 0.017273394857030624 0.007366030064190533 -0.5018283078521613 -0.01731980338490704 0.9998302557650234 0.006283638546513885 -2.321987398610136 -0.007256240562364692 -0.006410108879574063 0.9999531276374869 202.73731227085648
0.9998162739395616 0.017252247074047364 0.0083533404108673 -0.47720992938173845 -0.017325113562935875 0.9998117912114167 0.008730557793033384 -2.3246483152351525 -0.00820114718557546 -0.00887367651473215 0.9999269968581265 204.1708607387812
0.9998413325677726 0.01531409823015598 0.009098793947357867 -0.5352657782460053 -0.015394908545216364 0.9998420705427411 0.008878671135650421 -2.3291407959828865 -0.008961388888795031 -0.00901733766255687 0.9999191872978627 205.62024941124216
0.9998919369083071 0.012525658197076364 0.007695607103980666 -0.5249790666800388 -0.012597611080118748 0.9998767109695491 0.009373530999329631 -2.3548103397312823 -0.007577249308101793 -0.009469464521977779 0.9999264545609191 207.08042130448894
0.9999100027056017 0.011823258094305431 0.006340113194604095 -0.5009762270424776 -0.01187976473186314 0.9998893773443449 0.008950099964808498 -2.373946826535656 -0.006233593012815955 -0.00902461371500687 0.9999398475217984 208.51374586096054
0.9999199741885543 0.011228620257576764 0.005827802799760122 -0.5157032017235437 -0.011277680917655655 0.9999006602559622 0.008454794894462698 -2.3754183174599715 -0.005732288664328237 -0.008519842564925464 0.9999472751829666 210.00996272462388
0.9998999349626493 0.012788871723856319 0.006046883202828188 -0.5272513250739143 -0.012840087618284288 0.9998813652516823 0.008508090339284983 -2.399061456092249 -0.005937357451997941 -0.008584881661218083 0.9999455223109744 211.48095213287198
0.9998909246793394 0.013674514339388202 0.005580893567347547 -0.5180815921500612 -0.013724754710053461 0.9998647167269363 0.00906528456350571 -2.3992191995952785 -0.005456175656583919 -0.00914089234615802 0.9999433355102091 212.9212878181999
0.9998930251695567 0.013752186241522704 0.004981522030156707 -0.528812173301638 -0.013796045082328453 0.9998654033075268 0.00887943920554962 -2.4209180526310896 -0.004858740236304289 -0.008947214814479625 0.9999481686505811 214.3594150213361
0.999882188119924 0.014580076886559344 0.00479908391108652 -0.540082238711374 -0.014620493793580033 0.9998570100088298 0.008497101406726043 -2.4430486697883538 -0.004674509687294011 -0.008566265499974074 0.9999523828922029 215.79929410951095
0.9999019421570445 0.013161396299271521 0.004783690078063745 -0.5496946693565505 -0.013199793198402143 0.9998801877839097 0.00808551587460269 -2.4525685748068304 -0.0046767006442833495 -0.00814786691297983 0.9999558693926881 217.30183357987383
0.9998956899267684 0.013908813866661367 0.0038928308718257877 -0.5276837503551958 -0.013939989103091632 0.9998700332216734 0.008098975355688683 -2.4732986672823176 -0.0037796781060775433 -0.00815239673916936 0.9999596254142478 218.77849028837772
0.9998904759299209 0.014207063401473964 0.004146741230407243 -0.5489806068564769 -0.0142375070541508 0.9998712098038887 0.007406566832995325 -2.4767785275372463 -0.004040981942533606 -0.007464795047893378 0.9999639729995692 220.25474171743198
0.9998992019532861 0.01365802653116533 0.0038786872523652515 -0.5368997239947844 -0.01368742833285889 0.9998770006860087 0.007657534645492428 -2.501066664836216 -0.0037736236786456577 -0.007709852194099844 0.9999631582918783 221.74224688064365
0.9998761375112085 0.015356845744752996 0.0034462861796797804 -0.5489010587120284 -0.015381766213755867 0.999854864363503 0.007324719443665381 -2.5170200636803033 -0.0033333016907785883 -0.007376822308453753 0.9999672352584018 223.2334529266263
