1.0 -3.469446951953614e-18 0.0 -1.7787691892340307e-19 0.0 0.9999999999999999 -3.5575383784680614e-19 0.0 2.168404344971009e-19 -2.371692252312041e-19 1.0 0.0
0.9999999398638733 -7.08535559765227e-05 -0.00033948727388392647 0.05569069961672338 7.123806521749064e-05 0.9999993559314045 0.0011327230995349811 -0.026761272848715878 0.0003394068273799933 -0.0011327472383819146 0.9999993008434594 1.3159701006825606
0.9999991075624272 -0.0005587901877283866 0.0012135198795759842 0.11108300046058615 0.0005566348298350308 0.9999982684086526 0.0017757635472657302 -0.04833477912174309 -0.0012145101586562628 -0.0017750865086460634 0.9999976870130872 2.5650198957187875
0.9998240479039413 0.013068086565609241 0.01345727756400699 -0.373577070858642 -0.01309915081471032 0.9999117319506494 0.002222743210275393 -0.5052235904412409 -0.01342704384924414 -0.0023986310686694772 0.9999069762020514 3.9006788986123118
0.999076535824418 0.03397643582535012 0.026299757133819643 -1.280229656409634 -0.0340042154007255 0.9994215036296142 0.000609547222154983 -1.016652754572485 -0.026263834797835745 -0.0015032869679825983 0.9996539156769596 5.288291630954735
0.9972519539836411 0.05904443576215272 0.044747005021198966 -3.046022355995207 -0.05886392290429983 0.998251721201953 -0.005342285882628207 -1.399069932917893 -0.044984210843032515 0.0026936208258656544 0.99898406658157 6.764485020522265
0.9936681262690384 0.09263991691262496 0.0635727904049068 -6.125599962833822 -0.09188586461007568 0.9956611753941622 -0.01469055456245986 -2.0643593574438914 -0.06465789644592901 0.008756095168021984 0.9978690733159093 8.685212107688265
0.9867256347858091 0.13184790954988646 0.09480848299403298 -10.823039621277944 -0.12986415245755717 0.9911688598081604 -0.026825259553403313 -2.467275040133599 -0.0975080786386553 0.014156948228482402 0.9951340392511226 11.099341402045917
0.9769989290455091 0.16490800351982535 0.13519777974958816 -17.058805918202964 -0.15956619499076824 0.9859447217089417 -0.049514008388717085 -2.3925812084595064 -0.14146280557821864 0.0268021383995596 0.9895806796359221 14.399468103089418
0.9597411916455 0.20954868831170023 0.18704594736598887 -24.91613390434751 -0.1969053568838029 0.9768170982719376 -0.08400380751348702 -2.24712696206807 -0.2003125841896103 0.04379156617154014 0.9787528648665591 18.640030298430066
0.9294271141788808 0.2763039850182223 0.244584008493656 -34.34031012357426 -0.2495929067246326 0.9589196243007376 -0.13482039601138132 -1.982564018736066 -0.2717878412282194 0.06425929925508346 0.9602094134948422 23.88413156695789
