1.0 -3.469446951953614e-18 0.0 -1.7787691892340307e-19 0.0 0.9999999999999999 -3.5405977195229754e-19 0.0 2.168404344971009e-19 -2.354751593366955e-19 1.0 0.0
0.9999999362766206 -0.0003030469012418376 -0.00018870486273762119 -0.005374597342002213 0.000303225311658252 0.9999995065414691 0.0009460288557909446 -0.023832420201401035 0.00018841809521925618 -0.00094608603416591 0.999999534710029 1.3120006174098564
0.9999992761283495 -0.001201715092726749 -6.021115161771221e-05 -0.01043712023968256 0.001201798263918516 0.9999982985030554 0.0013995248619488876 -0.04321167748263782 5.852922518545891e-05 -0.0013995962372431348 0.9999990188520289 2.6114189415538958
0.9999979869332128 -0.0018859302843671696 -0.0006851264368298144 -0.019727520131200233 0.0018867919341208784 0.999997427452327 0.0012590082952304922 -0.07243143356462144 0.0006827503312887917 -0.0012602984757493765 0.9999989727499848 3.9372879964532053
0.9999967733805591 -0.0025402236045437288 -2.2275355635743063e-05 -0.025247647066714105 0.0025402519663340443 0.9999958305563117 0.0013733120571776608 -0.09343716801898837 1.8786745934385243e-05 -0.0013733642361773986 0.9999990567585474 5.245524993759005
0.9999960455986099 -0.0027797689403873185 -0.0004262336639249838 -0.036184033874033544 0.002780538986228112 0.9999944846749892 0.0018163750223359532 -0.11225437281949102 0.0004211822474984267 -0.0018175530330178675 0.9999982595522147 6.579493200795173
0.9999925611519064 -0.0038495318561792297 -0.00024238454471217988 -0.03928562328795727 0.0038502372392631313 0.9999881500110299 0.0029791785535195443 -0.1428938220075458 0.00023091325191238236 -0.002980089685840698 0.9999955328627581 7.90689394196512
0.9999918609661615 -0.004032822515087232 0.00011979017629042544 -0.04644303103131059 0.0040323793688658675 0.9999857585488482 0.0034960849402388304 -0.16032920869939454 -0.0001338875685622772 -0.003495573511750175 0.999993881501508 9.22470630927547
0.9999949887408646 -0.0030942795859051683 -0.0006692759930529881 -0.0595046923016324 0.0030960204575220113 0.9999917865705537 0.002615615389367767 -0.18663609782893237 0.0006611771089130034 -0.002617674423770163 0.9999963553068495 10.564712258758572
0.9999998770940666 -0.00044395365201004185 -0.00022072012678892028 -0.07047516759342987 0.00044403391324572203 0.9999998353192303 0.0003635858007440589 -0.20572672260571817 0.0002205586941614443 -0.00036368377028649275 0.9999999095441815 11.883919896991415
0.9999963502510297 0.002638834818031465 -0.0005796807404739987 -0.08495944058743343 -0.002639202771505848 0.9999963159350288 -0.0006346100594077259 -0.2332461445150828 0.0005780040219244224 0.0006361376483042934 0.9999996306204706 13.236918695804139
0.999985999483027 0.0052737226277377956 -0.00043436909577934755 -0.09935394513857294 -0.0052740229129240816 0.9999858526072543 -0.0006922991634785111 -0.2541927369991248 0.00043071199231319956 0.0006945803527969931 0.999999666022896 14.57457056380236
0.9999832398080797 0.00578364661754345 0.0002636732022033735 -0.10871927574569296 -0.0057837081686912695 0.9999832473487483 0.00023184740071849444 -0.2792934303678863 -0.0002623278838999872 -0.00023336853258030082 0.9999999383614211 15.908587913117158
0.9999919368262492 0.004015290163289911 6.099102310173953e-05 -0.1139341573553153 -0.004015448465670789 0.9999878467286516 0.002860520167528483 -0.3022297694523985 -4.9504465494481197e-05 -0.0028607420683860324 0.9999959068439221 17.27212324863023
0.9999996023097102 -0.0005048643234395519 0.0007351831889983622 -0.11257392472326914 0.0005009501830856074 0.9999857520932459 0.005314570288342619 -0.33041559578634633 -0.0007378559091170201 -0.005314199988390366 0.9999856073200879 18.61348535019844
0.9999965922455474 -0.002610483110559168 2.9649190652838433e-05 -0.11895793949835826 0.002610366262747313 0.9999907133173389 0.003429178118114731 -0.3565449158201556 -3.8600727167879476e-05 -0.003429089102626972 0.9999941199119854 19.97401552356104
0.9999943721041671 -0.003298708138757867 0.0006117925928358328 -0.12131842285435115 0.003297812343147964 0.9999934966313736 0.0014598369133598979 -0.37139867502410034 -0.0006166042407260556 -0.0014578111460916794 0.9999987472918144 21.314067418915677
0.9999988476013517 -0.0013737855157655108 0.0006461519892144898 -0.13235024395828052 0.00137347582380116 0.9999989417606306 0.0004796244347153576 -0.40945461855851356 -0.0006468102607101165 -0.00047873641571875316 0.9999996762234699 22.685233625578054
0.9999985356573695 0.001026653832529925 0.001369184145173025 -0.14710761748555168 -0.0010287984003830557 0.9999982438573434 0.0015664793522308096 -0.4143794088115294 -0.0013675736230248923 -0.0015678857034022516 0.9999978357352216 24.0511189379058
0.9999961702152674 0.0012112802967716527 0.0024884445062791317 -0.14890568905543486 -0.0012263193964714035 0.9999809409873502 0.00605093408774603 -0.4361487405930904 -0.002481067906586263 -0.006053962659965661 0.999978596689145 25.422621550510705
0.9999969577249855 -0.0006881171336144149 0.00236876335379434 -0.15094806294563587 0.0006712551717624367 0.9999744845599252 0.007111936627427648 -0.44695652984882683 -0.00237359695397724 -0.00711032508399189 0.9999719042620504 26.799314127180743
0.9999862787885023 -0.004489618247867394 0.0026991799183329127 -0.1531627747178747 0.004471417749063114 0.9999674790859508 0.006711720053136727 -0.4808315550036294 -0.002729225424257114 -0.006699558925599573 0.9999738332761494 28.165563698606796
0.9999868558236777 -0.004610804387425442 0.0022424700471415406 -0.1619709148456535 0.004601811034114656 0.9999814140510012 0.003999360051515746 -0.48590211543558764 -0.002260868823082714 -0.003988988133067549 0.9999894881665741 29.543445685305105
0.9999826405274008 -0.004944737312786846 0.00320440747389745 -0.16357541929146352 0.004936516520262727 0.9999845169001678 0.00256841540069715 -0.5197448071145059 -0.003217058268653025 -0.0025525522478345 0.9999915674692095 30.92118702610035
0.9999919527008853 -0.0020216295682119155 0.0034651918672338735 -0.17533677953623622 0.002017778723518774 0.9999973432608005 0.0011144672144944158 -0.5322122713566246 -0.003467435992984013 -0.0011074662730788264 0.9999933751790372 32.30499168296232
0.9999920573532984 -0.0008089767074378335 0.0039026648546396014 -0.1818983567490372 0.0008100755677477797 0.9999996326934729 -0.0002799808091540358 -0.5619502478874651 -0.0039024372531749184 0.00028314004818928544 0.9999923453759408 33.68969331808419
0.9999909419314326 -0.00023688804742790295 0.004249699342556244 -0.18679220249080408 0.00023721398162192958 0.9999999689622402 -7.618840292346956e-05 -0.5829796934075661 -0.00424968152171205 7.719580606708886e-05 0.9999909670805935 35.0811616357545
0.9999927853508671 -0.0005254424893707116 0.0037620688200882316 -0.187611635126482 0.0005196149595259308 0.9999986639940441 0.0015498417134816142 -0.6129260472629066 -0.0037628784633294936 -0.0015478757317229945 0.999991722376776 36.473173959621
0.9999927559495854 0.0007135698572843865 0.003738832673519709 -0.19170423556535793 -0.0007250302759508479 0.9999950407476486 0.0030647694561013877 -0.6324492266614116 -0.003736627517932806 -0.0030674580796055547 0.9999883140876006 37.87171816221762
0.9999899120461703 0.002869383483111912 0.003455784049513743 -0.20118106416427364 -0.0028807444131046843 0.99999044849518 0.0032869795541241656 -0.6546408168101957 -0.00344631972548817 -0.0032969016901926514 0.9999886265933041 39.26409712703741
0.9999791289276414 0.005230735069549016 0.003792243933396695 -0.2104624471170731 -0.005244236634118311 0.9999799153325585 0.0035590621197264137 -0.6779025186062364 -0.0037735515727257297 -0.003578875334317099 0.9999864758865534 40.661889295455914
0.9999646410836833 0.007447689127686995 0.0039049325230706387 -0.2161401850940176 -0.0074630898509142115 0.9999643722976446 0.003944165326788121 -0.6965560288084317 -0.003875418806834472 -0.0039731688085172375 0.9999845974088044 42.078948927477505
0.9999577256440281 0.008522376149516639 0.003451958181529934 -0.22265726518500045 -0.00853702848351514 0.9999545178387257 0.004252224855610299 -0.7162275120390837 -0.003415562405033438 -0.00428151464899719 0.9999850011687372 43.47247035116852
0.9999654383519067 0.007697362405524199 0.00314208549923523 -0.22783606740212536 -0.007710752732590684 0.9999611472109452 0.004271811826508802 -0.7394073812239346 -0.0031090819964449826 -0.004295892118036226 0.9999859393596632 44.89847547571649
0.9999706125536951 0.007303012490227421 0.002332386186603537 -0.23179430572887477 -0.0073119379922997885 0.9999658896361541 0.0038412421796890505 -0.7623865750593071 -0.0023042541805132835 -0.0038581836383224173 0.9999899023637213 46.2952467376936
0.9999753921547657 0.0068517107966008925 0.001506363834806068 -0.23743571662427893 -0.006858268838305523 0.9999668363756092 0.004392073620363348 -0.7838442913600833 -0.0014762207817003061 -0.004402296679856407 0.9999892202194165 47.72624253655624
0.9999730535738766 0.007328126616914128 0.0004366596723318814 -0.2449191848235265 -0.0073303089315983425 0.9999594862095701 0.005224224781599612 -0.8028320975103136 -0.0003983582308143968 -0.005227284966024573 0.9999862583072073 49.13053648817613
0.9999689618757888 0.007855739546460799 -0.0006021822812640183 -0.2546360767997833 -0.00785239944809704 0.9999547909306254 0.00536245589405453 -0.8234895376545068 0.0006442811722854622 -0.005357560989805635 0.9999854406161761 50.55313945281027
0.9999646893091575 0.008220307489308099 -0.0017454681138645738 -0.26451979175773965 -0.00821051086600647 0.999950903599057 0.0055477850582804425 -0.843795395746313 0.0017909870720408771 -0.005533258094053791 0.9999830875692614 51.99965957099307
0.9999589498318483 0.008564665859514365 -0.0029572159113962163 -0.2756970880306219 -0.008544908688571634 0.9999415094360903 0.006630404132900859 -0.8635793190905964 0.003013830397583467 -0.006604862952952223 0.9999736459621695 53.408042950587
0.999965882848468 0.007476240455210694 -0.0035126835230870415 -0.290735311082435 -0.007449517073085497 0.999943671807369 0.007560285792182414 -0.881062563000123 0.0035690084817022677 -0.007533860218007974 0.9999652509649496 54.85761319516633
0.9999702510629906 0.00647871505999017 -0.004186074418917015 -0.30067400205653033 -0.006446166504616583 0.9999492467475853 0.00774279518071668 -0.9007615036480447 0.004236025689583582 -0.007715580868564723 0.9999612622039361 56.26669930043362
0.9999782139091685 0.004612369642807511 -0.004722047787824783 -0.3119250177370184 -0.004577338964026782 0.9999621231519198 0.007402718162130632 -0.9214977017636149 0.004756013411668909 -0.0073809426253881455 0.9999614502738144 57.693314844860154
0.9999817540657857 0.003908288749243637 -0.004606169598813896 -0.32727643233994225 -0.0038727893068228854 0.9999629253278091 0.007690869772618621 -0.9398178685289453 0.004636057364139681 -0.007672890879141359 0.9999598160570466 59.146862788845795
0.9999856708934474 0.0031671228234032706 -0.004315938694877303 -0.3377971287942787 -0.0031309039513391923 0.9999600442985278 0.008373007232238024 -0.9592509094947523 0.0043422849643508805 -0.008359374635729801 0.999955631729626 60.55104885599314
0.9999917094019118 0.0015260441037700991 -0.003775222803565206 -0.3521780853833495 -0.0014911847422796661 0.9999563886357505 0.009219392292403837 -0.9752798528361827 0.003789127687773535 -0.009213686489333935 0.9999503740199468 62.00071707076711
0.999994068011959 7.079811076952415e-05 -0.003443678575332511 -0.36144451914530956 -3.985129699442952e-05 0.999959626141797 0.008985794093489404 -0.9958777946146148 0.003444176016326548 -0.008985603734767962 0.9999536972211372 63.402862569270475
0.9999952973026053 -0.0007623719675481887 -0.002970548361112806 -0.3732955199782225 0.000786767927760855 0.9999659049183678 0.008220096918222172 -1.0142299593892357 0.0029641805657784777 -0.008222395557660613 0.9999618021967793 64.82271565628187
0.9999972104552322 -0.0007818050133482166 -0.002228869685488863 -0.38591706449718155 0.0007996710893235677 0.9999674702758339 0.008026139339307414 -1.0355406730885357 0.002222522499382769 -0.00802789947211847 0.9999653060131685 66.2670532910869
0.9999982413877861 0.0008624180128759384 -0.001665368508803915 -0.40079941885897463 -0.0008489293302215437 0.999966968932673 0.008083338520236292 -1.0551473809300096 0.0016722848644646876 -0.008081910685918089 0.9999659425141413 67.65866994293849
0.9999943542632195 0.0032162209534724664 -0.0009733226547717469 -0.41580270545870907 -0.00320714758196519 0.9999526784613926 0.009184500270113902 -1.0727705421911666 0.001002816069834444 -0.009181327011683366 0.9999573478897847 69.09614163993311
0.9999761101587624 0.0069069105644498805 -0.00027144695905681167 -0.4332174460447025 -0.006903670555868387 0.9999207413495413 0.010528549873765714 -1.089588122765629 0.0003441452340470772 -0.01052642458104351 0.9999445364387698 70.48619536403719
0.9999478996187845 0.010191433849838586 0.000576802915619144 -0.44744237406234655 -0.010197264294203388 0.999885100405674 0.01121614045968823 -1.1090991142449758 -0.00046242811829729294 -0.011221438134870879 0.9999369307559951 71.91687078242214
0.9998935673325882 0.014548335121713978 0.001095406902112581 -0.46317602862732743 -0.01455962243305696 0.9998321970073999 0.011117340293652704 -1.1227624997713594 -0.0009334843680799281 -0.01113210598617146 0.9999376004660594 73.30297467610593
0.9998356890365726 0.01803058848555653 0.0018688926619273628 -0.4775892074174072 -0.018049665503395648 0.9997793064738335 0.010749324088959709 -1.1402398974126686 -0.0016746637041579792 -0.010781290969519668 0.9999404778625073 74.70170417919005
0.999805042973027 0.01955755345586288 0.002716264980360165 -0.49142690550678975 -0.01958582872457549 0.9997497931492757 0.01080492775508497 -1.1546000832901337 -0.0025042676041146144 -0.01085602178608546 0.9999379357916109 76.12112944667956
0.9997956062150826 0.020011047522253148 0.0028816167806146086 -0.49928295757794827 -0.02004255546265894 0.9997346475583267 0.011354756543905626 -1.1697729378281922 -0.0026536317799800823 -0.011410190904451474 0.9999313805369298 77.50402898115276
0.9998190496708081 0.018775960670127816 0.003054695853941208 -0.505018785113415 -0.01880944000664466 0.999758921132402 0.011327163455938353 -1.1861930232099418 -0.002841281287804142 -0.011382571156806194 0.9999311797293222 78.91549182622875
0.9998290364206907 0.018270357402145658 0.0028446305164906444 -0.5096121548237437 -0.01829936175541738 0.9997771286951969 0.01052740922094562 -1.2015198738116848 -0.002651657217619765 -0.010577664560589081 0.9999405390954837 80.29148900341758
0.9998386049594031 0.017784401673676398 0.0025453966002896675 -0.5157570276874999 -0.017810541391503155 0.9997847243586354 0.0106437587366299 -1.2190288082619212 -0.002355555949205842 -0.010687376000617445 0.9999401138822803 81.68441979027506
0.9998435519078094 0.017549360872918803 0.002211695227991874 -0.5228259066737709 -0.01757245546940287 0.9997862344216054 0.010894692025976774 -1.2314809464205116 -0.0020200277246462074 -0.010931852715365176 0.9999382051333221 83.0741252267813
0.9998433927259458 0.017608472721578332 0.00176965092019469 -0.5319520715998619 -0.0176263864079828 0.9997876536916067 0.010675114653495531 -1.249971311071372 -0.001581302802216156 -0.010704635627005143 0.9999414534156525 84.44845127353312
0.9998416400477853 0.017767188404876455 0.001010838677910221 -0.5412340886478352 -0.017777242582216045 0.9997814416717636 0.011001753502784985 -1.261967034564311 -0.0008151475844774842 -0.011017981420124976 0.9999389679488024 85.83894748294199
0.9998533679249729 0.017124300500675815 3.0571732898052864e-05 -0.55225194488752 -0.01712346995633944 0.9997837423854634 0.01180064746468868 -1.277278348724224 0.00017151273475825074 -0.011799440851236558 0.9999303694675876 87.2086559122094
0.9998779667797064 0.015580062123038765 -0.001145936201203515 -0.5603141701788255 -0.015563856229977406 0.9997943121523838 0.013003837995626795 -1.2919849773260963 0.0013483012233479104 -0.012984416178067216 0.9999147898834425 88.58899756875019
0.9999051853647669 0.013579160477173322 -0.0022861853384926207 -0.5699323736926878 -0.013546572127130783 0.9998142035050139 0.013713091603632849 -1.303731053952076 0.002471973063911725 -0.013680821709328368 0.9999033575683312 89.96003385749367
0.999923311322603 0.012004256123772452 -0.0030445482821618098 -0.5799855173765114 -0.011960989049049662 0.9998325079862899 0.013852463233689931 -1.3159109227950456 0.003210327142955741 -0.013814985382039208 0.9998994149363299 91.32713125712937
0.9999351152248672 0.010817835522957417 -0.00356927767277811 -0.5933942375960403 -0.010768139556405425 0.9998487054403236 0.013660652220537337 -1.3278740152073734 0.0037165166737482447 -0.0136213316518751 0.9999003184519345 92.68998359930148
0.9999435314429017 0.009920769996776314 -0.0038094905949204276 -0.6080622255556405 -0.009868416334021485 0.9998598426604001 0.013524400574924374 -1.3414813234201788 0.0039431294778029865 -0.013486043508938814 0.9999012843142269 94.05420971621523
0.999941115779997 0.010112574827304297 -0.003937102056089255 -0.6238273686568717 -0.01006039324861811 0.9998641616353294 0.01305552689737398 -1.3509827385546431 0.004068592592958198 -0.01301514960549134 0.9999070219014717 95.41696438302749
0.9999415379224346 0.010083627599535055 -0.003903993018827363 -0.6389875646241668 -0.010033539833273129 0.9998697226841816 0.012643803054043699 -1.36481061277129 0.0040309801687413715 -0.012603893261006763 0.9999124427098632 96.76966638489868
0.9999287871749715 0.011342933850188044 -0.003709231298826542 -0.6554283976215726 -0.011296715597015547 0.9998611180850059 0.01225270502166823 -1.3809848401163276 0.003847698110553236 -0.012209930593335258 0.9999180530553303 98.1260242615285
0.9999139233611408 0.01267168432936156 -0.00340209458721646 -0.6731135533522297 -0.012628033006040266 0.999841381323938 0.012559657657436664 -1.388846891334707 0.0035607072788381685 -0.012515615060865345 0.999915336793419 99.4715313858245
0.9999046569469356 0.013440360080256477 -0.0031676012177047257 -0.6890410267182481 -0.013394840427490711 0.9998125714903813 0.013978560981350602 -1.4043013001350335 0.003354884705866366 -0.013934798997495525 0.9998972777927654 100.82953695872123
0.9998969801707329 0.013992109501039077 -0.0032015427440356507 -0.7059199139509909 -0.013941866873625426 0.9997870922340758 0.01521165929642071 -1.4117515930579354 0.0034137046131615598 -0.015165457023551555 0.9998791704735919 102.16505207799158
0.9999018141489048 0.013677553768948383 -0.0030473832711775976 -0.7205700796665302 -0.013632062770847275 0.9998022322283563 0.014479755648512189 -1.425332429439311 0.0032448285184550844 -0.01443679211900245 0.9998905190735585 103.51012474746787
0.9999006788881687 0.013785857475679088 -0.0029295823396940463 -0.7360619511378854 -0.013749225554209278 0.9998313273176457 0.012176852659579645 -1.437354413458289 0.0030969568251301453 -0.012135364004931044 0.9999215678287204 104.85030722624319
0.9999065319481223 0.013318296047031003 -0.0030903590700358755 -0.7487567364623129 -0.013282868327288179 0.9998488863078626 0.01121472187583447 -1.4494938821112375 0.0032392533424514835 -0.011172625058063447 0.9999323375593822 106.17587494898937
0.9999288669284808 0.011551656198752078 -0.0029698972131368523 -0.7626712676814145 -0.011513963948950278 0.9998566990854976 0.012410074553806027 -1.4613728360220544 0.003112828811140303 -0.012374996752928863 0.9999185815667668 107.5198918945903
0.9999603482282965 0.008577578785403826 -0.0023931340229390954 -0.7716381907024954 -0.008542304827754523 0.9998601122296248 0.014380021307863823 -1.4688451729253444 0.002516145242151562 -0.014359008525851652 0.999893738303088 108.84232392731028
0.9999720177007332 0.007326008688585234 -0.0015143956905824263 -0.7834946369130722 -0.007302122138727641 0.999857520886764 0.015218966686070043 -1.4805889596601114 0.00162567435219709 -0.015207482828757862 0.9998830379890831 110.18765466406391
0.999976585764719 0.00679765217939695 -0.0007872940167276423 -0.79308765643768 -0.006785734422374854 0.9998752540951502 0.014262891167261111 -1.491972330071146 0.0008841500640518643 -0.014257215131391325 0.9998979698462905 111.5193943171743
0.999965866408959 0.008261779292551619 -9.487827125995098e-05 -0.8041297418258955 -0.008260023395772942 0.9998924487178846 0.012118705526239334 -1.5020011819835672 0.00019499016310032548 -0.01211750841987834 0.9999265612900612 112.83383715984728
0.9999376087196858 0.011134091285582069 0.0009003634580815431 -0.8138913161701679 -0.011142929754031226 0.9998828688860567 0.010492075442827731 -1.5184127350593892 -0.0007834383301596425 -0.010501453730444857 0.9999445513109019 114.17958324553227
0.999905055559715 0.01357326026172483 0.0023762241310131167 -0.8271291106901285 -0.013597096835503086 0.9998542988144695 0.010319890031844879 -1.5266802959197698 -0.0022358035404741695 -0.010351220177871347 0.9999439251397196 115.4912835648708
0.9998792892546589 0.015055128100995659 0.0038405732514936106 -0.837025818668552 -0.01510112086601389 0.9998110348462688 0.012241355426684244 -1.5378595894555955 -0.0036555526428068506 -0.012297874975357571 0.9999176962160771 116.84788190494305
0.9998818536335755 0.014606774949306327 0.004787574297474662 -0.8400808430193344 -0.014675035665329992 0.9997864919076362 0.014546957022475179 -1.5463462738924136 -0.004574068359837443 -0.014615496471459596 0.9998827257045562 118.16706731974892
0.9998789067436544 0.014527888776026874 0.005577836982891705 -0.8432531922105105 -0.014611814781826278 0.9997759874657389 0.015312406285956523 -1.5568665278254463 -0.005354130983015356 -0.015392054687837562 0.9998672001494714 119.52257379161162
0.9998648535792034 0.015048817048005233 0.006618734754340484 -0.8453290450216395 -0.015146107294899654 0.9997742201809239 0.014903158330056515 -1.5615097570258978 -0.0063929660035295065 -0.015001392590292602 0.9998670352631901 120.85364841344212
0.9998337559622307 0.01641757575667543 0.007932440189555702 -0.8485239824459408 -0.01653290418952645 0.9997552755418991 0.014698712297271823 -1.569040453744436 -0.007689182343590818 -0.014827415296194777 0.9998605023851556 122.17030748249036
0.9997922661862203 0.018273382331333486 0.009028174119640436 -0.8509600817918942 -0.018402644816753064 0.9997262590331133 0.014448173200040658 -1.5739811316660959 -0.00876168647539189 -0.014611314402439783 0.9998548606375758 123.5296344672135
0.9997619784305197 0.019242059115648094 0.01028248983275576 -0.8507771247883393 -0.01938202241194492 0.9997184215037149 0.013689958483206742 -1.582272178127186 -0.010016172350692229 -0.013885995706469572 0.9998534169633438 124.84904482867591
0.9997262088432859 0.020507812672629393 0.011266628470133183 -0.8484847446438348 -0.02065451376404833 0.9997013372921228 0.0130624397882071 -1.5907483159570448 -0.010995382399822938 -0.013291570409254161 0.9998512067904702 126.20939952851454
0.9997327910189793 0.01964946837201418 0.012175586359096973 -0.8440399024192502 -0.019807560928379996 0.9997192563248698 0.01300265801618285 -1.6007038968143323 -0.011916673820329484 -0.013240352524147528 0.9998413303863967 127.54648612403592
0.9997278231247203 0.019265444272355176 0.013157593905320756 -0.8373337451964256 -0.019448913157368585 0.9997133709393388 0.013961224592152148 -1.6090896404896602 -0.012884854440738771 -0.014213325855303001 0.9998159640124171 128.87447502083657
0.9997399741995859 0.018043991130928642 0.013942680011512148 -0.8282969667741193 -0.018252362461360763 0.9997214126412993 0.014964906130535588 -1.6134572371138112 -0.013668770267552968 -0.015215502020681875 0.9997908047280564 130.2304070307937
0.9997491884622433 0.01724343734608437 0.01429069609358227 -0.8180384173249043 -0.017464782586652964 0.9997271518430444 0.015511391875791746 -1.622356319763856 -0.014019328362612 -0.015757085652392033 0.9997775616034869 131.556466539211
0.999775088662957 0.015659376093882963 0.014302307245180553 -0.8065948683321713 -0.01588727050973228 0.9997463742818684 0.01596188524732386 -1.6299337334550952 -0.014048727823115252 -0.01618552018205749 0.9997703047126075 132.91685914362526
0.9998047194215707 0.013881553035888415 0.014065044521080204 -0.7959351577327745 -0.014114513199962559 0.999762559335953 0.016601370274618228 -1.6312496013320594 -0.013831253261802368 -0.01679664993640739 0.9997632564695332 134.25970819237426
0.999835256179236 0.012172629713003228 0.013464306990456393 -0.7847111816625922 -0.012396256657135151 0.9997844992517055 0.016651963818247757 -1.6399431915936586 -0.01325870834034061 -0.016816127845237998 0.9997706859572745 135.5856917019999
0.9998571292774757 0.011597980747431265 0.012296660279399803 -0.7767245803042478 -0.011802871796765766 0.9997904992370137 0.016722735210229465 -1.6443218820135352 -0.0121001351683634 -0.016865482257218373 0.9997845479094682 136.94203854844523
0.9998904463012369 0.00963255562766 0.011238738916081301 -0.7675958279947677 -0.009829611238569635 0.9997965759478995 0.01761208333083697 -1.6478021281672484 -0.011066804235427934 -0.017720626643956953 0.9997817287973567 138.27977212111765
0.9999100238537054 0.008760408918752115 0.010158711534921235 -0.7607547057745421 -0.008942440460901266 0.9997977453042687 0.018013918334470462 -1.6527459579919144 -0.009998848427922051 -0.018103141539955268 0.9997861267782481 139.63288868281936
0.9999299441063906 0.007840947532017506 0.008867153509961648 -0.7552989097032794 -0.008001905377928543 0.9998011655459185 0.018264689738655988 -1.6551063933270231 -0.008722178663223968 -0.01833436467312138 0.9997938660910645 140.97012454709144
0.9999384323959526 0.008022853090442974 0.0076658486385997645 -0.7542962354601576 -0.008159408244803056 0.9998055680021308 0.017951330246579373 -1.659966990552473 -0.007520337888508071 -0.018012774169819685 0.999809474093251 142.32176809974268
0.9999472670944848 0.007817992731474053 0.006658979627483314 -0.7531144776998238 -0.00793319867969854 0.999816198873901 0.017453734169674415 -1.6605105110925593 -0.006521303070139762 -0.017505641137657384 0.999825497342639 143.66739534853298
0.9999652141300319 0.0061474056729683 0.005637368788666354 -0.751375495801614 -0.006233912268054443 0.9998610822105697 0.015458157207764688 -1.6665231040020705 -0.005541558550740345 -0.015492762650323058 0.9998646235541511 145.0009462016355
0.9999878689607966 0.0016868439934518671 0.004627795472127074 -0.7510494064933206 -0.0017556953760937228 0.9998872346608652 0.014914271440872892 -1.6765358806285597 -0.00460211594497986 -0.0149222158060303 0.9998780665687708 146.35477470239573
0.9999739446862864 -0.006270628728903081 0.0035761957367018596 -0.7418675108140481 0.006206658299176474 0.9998253683295746 0.01762697425670977 -1.6771520345347335 -0.0036861037277088372 -0.017604319094591835 0.9998382372126049 147.6982009902758
0.9999078123560238 -0.013442473396525769 0.0019148658351197565 -0.732089687485515 0.013403413188144057 0.9997271790743139 0.019128928758628767 -1.6803959795231973 -0.0021714837027214965 -0.01910149993419719 0.9998151916057141 149.0441927033495
0.9998689114552136 -0.0161787253549699 0.0006393446384994231 -0.7277866210671794 0.01616616106433892 0.9997364606185909 0.016299218688380062 -1.689602276440251 -0.0009028767906253494 -0.01628674660701246 0.9998669545017229 150.38721277874023
0.9998829052241482 -0.015257527685221817 0.001176308157930584 -0.7333809385136567 0.015240086253658431 0.9997909158118147 0.01363321004823334 -1.6994862571147042 -0.0013840713950833562 -0.013613686888291584 0.9999063715564496 151.7304580475068
0.9999296705602841 -0.011703765279376485 0.0019172439295497728 -0.7450534693829708 0.011681749512479456 0.9998699540264512 0.011118082099172885 -1.7027499320728958 -0.002047118186117269 -0.011094903615403216 0.9999363541856074 153.07724589650235
0.9999296447834406 -0.01151361248260905 0.0028534583744797733 -0.7503123498768504 0.01148045299526763 0.999869372369059 0.011377055124147824 -1.7179929804041103 -0.0029840768800360852 -0.011343495906565472 0.9999312078268128 154.42589691182025
0.9998900899396995 -0.014424764356398402 0.00342552592927668 -0.7506640308872072 0.014373622046858351 0.9997913686267774 0.014512690751771546 -1.7225472170029934 -0.0036341536957465647 -0.014461858717079982 0.9998888176046898 155.77075824600243
0.9997864236303365 -0.020299047446918 0.00388018146699097 -0.742280240255317 0.02022724995470227 0.999638275905673 0.01772500181015928 -1.7317331634879205 -0.004238578907038587 -0.01764273109697241 0.9998353706944529 157.11873502125636
0.9997000924479453 -0.024191576015864177 0.0038069430638110364 -0.7341112545102998 0.024114226818937306 0.9995248455202767 0.019198626041887455 -1.7342703025556383 -0.0042695795426112085 -0.019101067094919048 0.9998084416181964 158.46263849622758
0.9996809394758102 -0.024978519794337233 0.003754038148934331 -0.7311345171215273 0.02490133712582724 0.9995023294997658 0.01936534854559583 -1.7419470034859377 -0.004235887957373093 -0.01926568961497695 0.999805426301382 159.80774275180298
0.9997095021746963 -0.0236250147541555 0.004771786578862364 -0.7333375488028648 0.0235257581997328 0.9995254727130395 0.019883864984827623 -1.7396326691025015 -0.0052392792645846835 -0.019765829235299657 0.9997909091164657 161.16599442597064
0.9997712559892118 -0.020572486013615908 0.005848805784294631 -0.7400520810615419 0.020455734265672 0.9996031795718325 0.019366112412399994 -1.7372725342526956 -0.006244894446106623 -0.01924204127171227 0.999795351631768 162.51473250880997
0.9998345145729441 -0.016852827209546277 0.00685023352062034 -0.743370241124461 0.016729698301807896 0.999704234487851 0.017651082817614062 -1.7407203909057871 -0.007145678695061216 -0.01753355980740918 0.9998207407120867 163.86505652251066
0.9998740301683078 -0.013941871743487372 0.007586041400583283 -0.7465091799772219 0.01381332686903926 0.9997644296890091 0.016741478784032416 -1.7426865021139772 -0.007817662550673347 -0.016634581704089435 0.9998310731540897 165.21993012690766
0.99988586809146 -0.012866074616010992 0.007919275977773805 -0.7465545909597644 0.012723684359530722 0.9997610417840253 0.017775465359447476 -1.7427384332792555 -0.008146084738589875 -0.017672674575609303 0.9998106410106974 166.57623848325687
0.9999001967578146 -0.011817225137538828 0.007742721144065659 -0.7438538675831081 0.011674825688936295 0.9997664647805178 0.01818555268846691 -1.74562447754279 -0.007955816373245515 -0.018093343132726643 0.9998046488799437 167.92914136680238
0.9999323313660959 -0.009072037718971367 0.007282227440660956 -0.746311512720151 0.008954873340694622 0.999832471628693 0.015963674513578583 -1.7514505470166972 -0.007425831132345911 -0.015897383149506727 0.999846053270812 169.29789718144252
0.9999611562212739 -0.005623158533345763 0.0067872048981083505 -0.7482218022842493 0.005530264526571254 0.9998918311775905 0.013628723571422753 -1.7569473472410269 -0.006863107776010056 -0.013590659399793602 0.9998840891461024 170.66857791521346
0.9999787332030912 0.0003965225872594527 0.006509678725479823 -0.7534794170311336 -0.0004758722909630076 0.9999255558071672 0.012192472493031166 -1.7685013298787098 -0.006504360066799124 -0.012195311209297512 0.9999044792792438 172.03479788757323
0.9999702776028693 0.0036542058487492425 0.00678901245689313 -0.7610789251539851 -0.00374340930883239 0.9999062192701759 0.013173441209265526 -1.7727543819811695 -0.006740237871613156 -0.013198463972891655 0.999890178840047 173.40198933331308
0.9999518248360352 0.006228246587224724 0.007586629398355426 -0.7677136611163446 -0.006344526651001998 0.999861275897331 0.015400517801816446 -1.7748663674255911 -0.007489659348429221 -0.015447909754900846 0.9998526226834257 174.78185112932618
0.9999500197154829 0.00633669805152323 0.007733325460315094 -0.7688364127581442 -0.006471789669301749 0.9998246806920831 0.017570538468219453 -1.7766508016179308 -0.007620631092378059 -0.01761970908945837 0.999815718937684 176.1546405156129
0.9999645739532939 0.004672614907435193 0.007001250308928096 -0.7681457966724221 -0.004805312444805004 0.9998068327673255 0.0190579674550949 -1.7806784620889675 -0.006910847922886645 -0.019090935876116256 0.9997938669302608 177.54511463595261
0.9999830331886154 0.0023565475820267615 0.005327290113374963 -0.7658528716507076 -0.002458689742044608 0.9998117012147203 0.019248816932389588 -1.776741088530319 -0.005280926669031202 -0.019261588872042594 0.9998005316120117 178.9289701183663
0.9999942895724687 0.0009307227426817739 0.0032487813316790957 -0.7676475161098383 -0.0009816461636715911 0.9998761341241549 0.015708366382127806 -1.7822057313380655 -0.0032337590453455863 -0.01571146614211855 0.9998713380415198 180.27327431838555
0.9999911009434501 0.0038475641640611296 0.0017303985334672675 -0.777177781672967 -0.0038676224389480015 0.9999235853990179 0.011741586874567693 -1.7914814759352657 -0.0016850899300178595 -0.011748175146845402 0.9999295679469539 181.68666193608254
0.9999693456018508 0.0077610125672204445 0.0010365932179579596 -0.7947283945954491 -0.007771584213104575 0.9999134458096741 0.010616184843037068 -1.795055682239649 -0.0009541112250183604 -0.010623915596328982 0.9999431094274471 183.07440778511372
0.999932896269045 0.011552442471990111 0.00086255767267388 -0.809711131259188 -0.01156201707669757 0.9998602955536552 0.012071004897527918 -1.8048572184628995 -0.0007229876319275949 -0.012080168040960342 0.999926770734946 184.43793051900101
0.9999123564430838 0.01318990709878442 0.001142695087824166 -0.8206982602342361 -0.013205726025623315 0.9997978150615672 0.015163700872599906 -1.807507489680284 -0.0009424563145126483 -0.015177462298659287 0.9998843715247613 185.86819375343725
0.999910668837101 0.013272642695789563 0.0015783760007862403 -0.8286956425566627 -0.013298525892350952 0.9997547644556428 0.017707630600907465 -1.8129757394787558 -0.0013429619729500887 -0.017727039190255915 0.9998419617826269 187.23894255113262
0.9999163398487141 0.012818380922905395 0.0017327391480580373 -0.838732154197114 -0.012848113711883614 0.9997481145476395 0.018401995939747548 -1.8086000290715232 -0.0014964190149788941 -0.01842271922729695 0.9998291674848431 188.67727777757074
0.9999279188695149 0.01189795654204146 0.0016111080391052106 -0.8450200592735755 -0.011926510854696665 0.999747289462927 0.0190555915391586 -1.810415925660403 -0.0013839783974381784 -0.019073433272012656 0.999817127656233 190.08219329082868
0.9999571757824868 0.00910609207860112 0.001650960408813617 -0.8475464306744487 -0.009137329091749795 0.9997578499502716 0.02001875843488391 -1.8133720059571605 -0.0014682680795785978 -0.02003298691641328 0.999798241463024 191.47325183476403
0.9999723275080611 0.007163623990839 0.002006663194381455 -0.8513780136251077 -0.007202419631891422 0.9997731628860376 0.02004365057889552 -1.812339528126841 -0.0018626229742481355 -0.02005754915081933 0.9997970920970602 192.9055553755042
0.9999884479668146 0.004185179836883551 0.002363936939482537 -0.8522732062986104 -0.004233992972779944 0.9997697552420748 0.02103591697692203 -1.8087423082065774 -0.002275353735420361 -0.02104568327785632 0.9997759258899943 194.30554233121805
0.9999963205170037 -0.00010863943760094398 0.0027105633422576858 -0.8516728174119772 4.757610821746333e-05 0.9997464406100984 0.022517819851004484 -1.8006892329895225 -0.0027123225878351413 -0.022517608480537188 0.9997427672276012 195.74944447902777
0.9999899200397842 -0.0033475841990170292 0.002992241200962179 -0.8501666625211746 0.0032776276259013516 0.9997281040046782 0.023086255699300992 -1.8021006277104052 -0.0030687110478868343 -0.023076215988101702 0.9997289989180917 197.15450368852652
0.9999943143991888 -0.0010894314959341098 0.003191287206465946 -0.8577921650784796 0.0010280263447581348 0.9998155111474987 0.01918037589007557 -1.8007571677163159 -0.003211594411020876 -0.019176986485316145 0.9998109465575851 198.59497365858692
0.9999751623581872 0.006059331345442396 0.003599883683776427 -0.8709413330853725 -0.006109387433918757 0.9998824824578266 0.014060464629204652 -1.8051401468931068 -0.003514263906233006 -0.014082108763894853 0.9998946665341066 200.02265707115936
0.9998771779715644 0.014916815978821048 0.004808070234496725 -0.8872108103547924 -0.014981670434108151 0.9997932612524331 0.013747157460819975 -1.8033462651523482 -0.0046020127806653535 -0.013817502210752758 0.9998939434316483 201.44527426989237
0.9997410180681787 0.0219048447779141 0.006170454337730627 -0.9079841069706756 -0.022009214653419228 0.9996065632992462 0.017387154387992793 -1.8031688885783443 -0.00578716421275995 -0.01751845864054723 0.9998297916842918 202.89645649572122
0.9996993812832929 0.02347000862809449 0.007092650386298715 -0.9121608449086094 -0.023606783457298608 0.9995240743453059 0.019858112757784343 -1.803899049319276 -0.006623205279214781 -0.02001957810639317 0.9997776501043751 204.3288883924342
0.9997334104862472 0.02212447786641964 0.006604193770845767 -0.9115432997268604 -0.022255029980852388 0.9995442488790776 0.020396279806888257 -1.8011238210994067 -0.006149927365467655 -0.02053781931968376 0.9997701617750225 205.79434727594608
0.9998047344447358 0.019022697034424038 0.005350694420801631 -0.9075748548141931 -0.01912987688158416 0.9996016895434939 0.02074873767792902 -1.8006490357786742 -0.004953866635565798 -0.02084704471107767 0.9997704036116866 207.23751111853517
0.9998443021237934 0.01713509071351843 0.004214277501183246 -0.9050292389880172 -0.017217975660470237 0.9996418367700527 0.020487545699606716 -1.8033352034521786 -0.0038617124587101113 -0.020556917574849176 0.9997812262305348 208.66706647114316
0.9998335898116626 0.017847031259991174 0.0037783745734463973 -0.9109359611489363 -0.017918921594208603 0.9996407009855649 0.019934423013376362 -1.7966227440198366 -0.0034212470106056185 -0.01999881052508256 0.9997941501392666 210.1460466316959
0.999819581301872 0.01865996366992216 0.0035511339910531737 -0.91670827248993 -0.018728188396260264 0.999619307896576 0.020260658467900414 -1.7947773684209396 -0.003171719204231091 -0.020323509784966533 0.9997884251950935 211.58542805633144
0.999802467457996 0.01957196069500426 0.0034589546198794292 -0.925106708941893 -0.019640208127670034 0.9995877799089666 0.020941168215041727 -1.7904235118931313 -0.003047669289886342 -0.02100496666800723 0.9997747261732132 213.06508305351846
0.9998099913744711 0.019233168133370393 0.0031727496065506776 -0.9308218377958404 -0.01929567567436079 0.9995929885633857 0.021012714211754182 -1.7918486750721345 -0.0027673174138476953 -0.021069942389978096 0.9997741742463272 214.52443921140224
0.9998063845376289 0.01948353641893781 0.002754123031653884 -0.93522911889643 -0.01953552316780295 0.9996028145097497 0.02031198177863442 -1.7886802757577525 -0.0023572800811942135 -0.020361852713518067 0.9997898970245679 215.97579700202402
0.9998183952301998 0.018889177999925746 0.0025249679717673232 -0.940906971634895 -0.018935996370602365 0.9996202253680079 0.02002081715422508 -1.7869679471236741 -0.0021458324403629105 -0.020064994470884702 0.9997963749722741 217.46273339076066
0.999813309580141 0.01922449431298806 0.0019402969442977053 -0.9470260248979261 -0.019259556496631247 0.9996135428923153 0.020045807391477453 -1.7831343178809975 -0.0015541767088697687 -0.020079434699122226 0.9997971798546711 218.92265146171152
0.9998042947822503 0.01970995851463893 0.001699886886536094 -0.9571965059299663 -0.019739797777695287 0.9996087378597484 0.01981695295661261 -1.7831090621501626 -0.0013086305602677476 -0.019846630504112103 0.9998021798097025 220.41737383512165
0.9998052778487664 0.01967912373589428 0.0014623336405852898 -0.9642382810744345 -0.01970434335724506 0.9996077978328989 0.01989948267278477 -1.7843023820460957 -0.001070155803921855 -0.019924422533778737 0.9998009162639281 221.88783685680676
0.9997835132101266 0.02078180560948912 0.0010213757868703325 -0.9754734261749289 -0.020797859474063596 0.9995909469789589 0.01963129669676008 -1.779141907112754 -0.0006129842354050193 -0.019648289613129505 0.9998067658177464 223.38361243397722
