1.0 -3.469446951953614e-18 0.0 -1.7787691892340307e-19 0.0 0.9999999999999999 -3.5405977195229754e-19 0.0 2.168404344971009e-19 -2.354751593366955e-19 1.0 0.0
0.9999999161596304 -0.00018309204373211964 -0.0003662755239227835 -0.00897163952390602 0.00018342741406547278 0.9999995638644015 0.0009157646828658496 -0.025499249643076947 0.00036610772664600537 -0.0009158318092684237 0.9999995136088529 1.319733279275058
0.9999990952697965 -0.0013198473149839442 -0.0002597388792079914 -0.01666282701995383 0.0013202522757913924 0.9999979041255813 0.0015648246165519805 -0.038096188945375774 0.0002576730283973389 -0.0015651661517023456 0.9999987419293028 2.613452205794571
0.9999973554515265 -0.0021357689990647126 -0.0008529844949010485 -0.010885517098428764 0.0021371575338546226 0.9999963876417481 0.0016301097142689767 -0.06986127610235597 0.0008494999490852815 -0.001631928396825285 0.9999983075791584 3.94056038782074
0.9999933639767695 -0.0036352182302344764 -0.00023915587272661104 -0.01575078527412832 0.0036355072963945145 0.9999926490655483 0.0012185632184108326 -0.09253233170340353 0.00023472439255965076 -0.001219424606359959 0.9999992289540264 5.257919814981983
0.9999938280190961 -0.0034470065400255875 -0.000679759801074869 -0.01308629232540849 0.003448204928598788 0.9999924895142638 0.0017694046180242785 -0.11142808422637122 0.0006736556050656044 -0.001771737681218876 0.9999982035659303 6.581475146403591
0.999988093607798 -0.004863826952746501 -0.00039476040928096315 -0.010992243424163505 0.004864917462794757 0.9999842199351979 0.002809350774777526 -0.14014436647549744 0.00038109001874547604 -0.0028112378543496248 0.9999959758485315 7.915216703525942
0.9999878178839223 -0.004933759094927456 -0.00014869824206418993 -0.03407979871306048 0.004934266261533617 0.9999812509883964 0.003626386764746542 -0.1647097816104406 0.00013080374977989168 -0.003627076372219204 0.9999934135824698 9.232770473488044
0.9999889620075768 -0.004575376663020736 -0.0010685484345063629 -0.012454503478699998 0.004578044200929563 0.9999863777058056 0.0025071712303871897 -0.17394994135685984 0.0010570627173767876 -0.0025120354650833027 0.9999962861423111 10.57377903757839
0.9999985999649611 -0.0013361722354289698 -0.0010073292934903184 -0.031841673437495055 0.00133600761477559 0.9999990940654991 -0.00016416393309565924 -0.19693132614087416 0.0010075478173097096 0.00016281790706586054 0.9999994791695302 11.901525953399558
0.9999992669744353 0.0009061477302641646 -0.0008030840996530026 -0.020418181844598156 -0.0009068312003529151 0.9999992267051426 -0.0008510275679878528 -0.21401690190854666 0.0008023123889805788 0.0008517552213220832 0.9999993154042929 13.223819999223828
0.9999901601803415 0.004394517199344757 -0.0006064253599534167 -0.04436734302789364 -0.004394942693107913 0.9999900960523412 -0.000701629850958053 -0.23861638975464278 0.0006033360796247685 0.0007042881617766463 0.9999995699822221 14.57152934351935
0.9999871852656826 0.005056373535832019 -0.0002497615062060606 -0.07446059640290659 -0.005056342473278986 0.9999872086663341 0.0001261521840972354 -0.2641695776023786 0.0002503962049188347 -0.00012488769431582306 0.9999999608526043 15.919484922560176
0.9999921693741703 0.003956097635951274 0.00010234519307329064 -0.04152686048840831 -0.003956312729813455 0.999989771692907 0.0021918271374019886 -0.27986136023441854 -9.367307049381072e-05 -0.0021922149297748383 0.9999975927067551 17.261504860102743
0.9999989492648095 -0.0014366612057084682 0.00019358810574620928 -0.03481590777678891 0.0014358099658495337 0.9999896020969729 0.00432829579992489 -0.28972512488696756 -0.00019980440077099326 -0.004328013380341716 0.9999906141454683 18.6284218742602
0.999993855266661 -0.003497727923419937 -0.00023522931129339297 -0.020497098569199367 0.0034983242148736785 0.9999905444080163 0.002583179606513814 -0.30934232671375794 0.00022619184907625304 -0.002583986690395674 0.9999966359197734 19.97126843674052
0.9999916808470822 -0.004075121522958686 -0.00017783835720544257 -0.008918805401299718 0.0040751058940816185 0.9999916927012088 -8.963803990855346e-05 -0.301868094181946 0.00017820218102353722 8.891258878517175e-05 0.9999999801693987 21.336187347671952
0.999997733525453 -0.0021208351002654276 0.00018709857911656364 -0.026553558283090768 0.002121074047917844 0.9999969241791772 -0.0012855637069871815 -0.3582886109452255 -0.00018437155148442607 0.0012859576703496771 0.9999991561594346 22.685023685262404
0.9999992630240334 0.0007287961283314456 0.0009709828934452655 -0.03203633270065285 -0.0007292214694148893 0.9999996383184018 0.0004377216831903226 -0.3594205323565347 -0.0009706636141118385 -0.00043842943058165616 0.9999994327950583 24.053840824292667
0.9999980144034322 0.0006930033449522458 0.0018684049250224832 -0.03672410626936602 -0.0007017694842895153 0.9999887312996627 0.004695188322305152 -0.37085350257070404 -0.0018651302431670837 -0.004696490280694753 0.9999872320518458 25.452660153751037
0.9999966944278716 -0.0013019440259080684 0.0022172235052203525 -0.030765589901280987 0.001289830995326289 0.9999842846907776 0.0054558871114509305 -0.3921632281704665 -0.002224292103954897 -0.005453009337691774 0.9999826584556927 26.807396125614687
0.9999890962138005 -0.004108813741532463 0.002219259272854527 -0.02339333999851354 0.0040981292880942054 0.9999800929143925 0.00479782290292467 -0.43604558495505796 -0.002238928639579365 -0.004788675866481235 0.9999860277924234 28.191050072125186
0.9999821013102016 -0.005589218616733997 0.0021348780868010574 -0.0309063541094246 0.005584546987772443 0.9999820122747319 0.002188139501964218 -0.42891303361551536 -0.0021470698545273817 -0.0021761780470113123 0.9999953271578969 29.550060303769467
0.9999795701533144 -0.005780563483034367 0.002728437758892967 -0.02781204939710572 0.005780066117261475 0.9999832771717209 0.00019027695151829503 -0.47698119442897285 -0.0027294922698132803 -0.00017450251033957376 0.9999962597016533 30.94471039421723
0.9999896147025156 -0.003352998979579457 0.003086728625614737 -0.03183108417293168 0.0033562532265620816 0.9999938169046966 -0.0010496247127389025 -0.4816398047839339 -0.0030831904106730238 0.0010599736809509166 0.9999946851802033 32.32624070324474
0.9999910378613658 -0.0017558289157133238 0.003852436770489075 -0.02099109285894836 0.001767738839271898 0.9999936626230087 -0.003090276809999332 -0.5260862335364556 -0.003846986686268923 0.0030970592821321953 0.9999878043818279 33.71029531144999
0.9999903297316411 -0.001066971809022585 0.0042663826621765055 -0.04220729037649723 0.0010785450978011753 0.9999957428564193 -0.0027112742478087306 -0.5416830590408332 -0.004263472008821146 0.002715849572980017 0.9999872233995453 35.10065244677637
0.9999917657431827 -0.0018467539701473353 0.0036135789489560397 -0.026719535370610593 0.001851912085710972 0.9999972705090007 -0.0014245678402561223 -0.5770562813279393 -0.0036109385656024335 0.0014312481730888935 0.9999924562949317 36.503756082862566
0.9999936408915625 0.0005293796956964171 0.003526745956770421 -0.022429849526957063 -0.0005284066737494628 0.9999998220751479 -0.0002768338380270661 -0.608584407783984 -0.003526892177797651 0.0002749685293951435 0.9999937426901684 37.90249476563508
0.9999917110587415 0.00278024688967937 0.002974565484769485 -0.027357263810886066 -0.0027820338086063994 0.9999959521108338 0.0005967032541476756 -0.630789807504241 -0.002972894712617916 -0.0006049736614871509 0.9999953979394991 39.29187048302967
0.9999814067619845 0.005043624348011061 0.0034275323711372057 -0.04212179673879262 -0.0050452007773024886 0.9999871710409128 0.00045134521194298364 -0.6578142244039256 -0.003425212273172005 -0.00046862941926827833 0.9999940241337258 40.70001253449785
0.9999695572113801 0.0069949318401250574 0.0034576825699663377 -0.05337182031904028 -0.00699728712328634 0.9999752946301054 0.000669415268778142 -0.6825542603721972 -0.003452914924150283 -0.0006935893038510695 0.9999937981348803 42.121214366673414
0.9999566101397996 0.008683979421458174 0.0033713979751808865 -0.02694174582235811 -0.008687385599845856 0.9999617671167774 0.0009968224477045783 -0.7083006847576768 -0.0033626129751841765 -0.0010260678540766587 0.9999938199882529 43.487347220599645
0.9999717569818046 0.00692663785506212 0.002916661809336212 -0.04074984285440581 -0.006929512695245346 0.999975513801806 0.0009765576523663203 -0.7335393752969797 -0.0029098263757171587 -0.0009967411390482685 0.9999952696957993 44.92560293772947
0.9999733641539384 0.006983365514116932 0.0021221633048831333 -0.043397364703629496 -0.006984863604226273 0.9999753611577129 0.0006991225567649689 -0.7733336004544789 -0.0021172289676782696 -0.0007139269739710423 0.9999975038203921 46.3250554137954
0.9999776570787271 0.0065986062945777154 0.0010694513960362512 -0.017305144427515323 -0.00659900153759477 0.9999781593545024 0.0003660685641511329 -0.7870406376563182 -0.0010670125864923722 -0.000373117708055977 0.9999993611327116 47.76696228179146
0.9999754174377915 0.007010666393452242 0.0001227290784703832 -0.03209046234909496 -0.007010867711432471 0.9999739428802461 0.001720845359790706 -0.8112662073537874 -0.00011066161617851247 -0.001721663533548484 0.9999985118132959 49.16463524362928
0.9999707063425815 0.007594860391370268 -0.0009510703047614648 -0.010679077806257056 -0.007593460055589537 0.9999700918126692 0.0014679442709122164 -0.8380291892093592 0.0009621907737823617 -0.0014606793904754177 0.9999984703020433 50.59584050956695
0.9999644406058099 0.008205834429544562 -0.0019446810050921762 -0.029569718494321454 -0.008202590063134795 0.9999649624610537 0.0016707435251161198 -0.8626514833239438 0.0019583228793082805 -0.001654732733892546 0.9999967134119417 52.036649420453706
0.9999597040720861 0.008351008759150498 -0.003294064465648161 -0.014347712641140903 -0.008343040708734234 0.9999622547435089 0.0024254437993712673 -0.8839869917715325 0.003314195314241676 -0.002397863606282191 0.999991633147997 53.431719142375165
0.9999765639663996 0.0056682268857884376 -0.003839622832424106 -0.0389784560652852 -0.005654958557491789 0.9999780322456815 0.003457814383418992 -0.9034001632494955 0.003859138489537211 -0.003436020513174432 0.9999866503214119 54.8865387792296
0.9999827097433034 0.004111429688846395 -0.0042043245162403505 -0.052948865841522204 -0.0040937777162768215 0.9999828061783802 0.004198611488211753 -0.9181098929068061 0.004221514883636807 -0.004181327412120124 0.9999823475052285 56.291530946053555
0.9999784321958634 0.003857089908812207 -0.005315823809378117 -0.029639406787452305 -0.0038413395205797105 0.9999882115293927 0.002970003291163276 -0.9622367936424057 0.0053272171660045005 -0.002949519416052107 0.999981460379957 57.72930445025537
0.9999865650355676 -0.00018706216713638459 -0.005180226463631195 -0.04856592582389582 0.00020651686728584764 0.9999929275635944 0.0037552859355616196 -0.9487532366737722 0.005179487795657175 -0.003756305365675779 0.9999795313341118 59.169481169473855
0.9999880965528403 1.928172132964999e-05 -0.004879177320878762 -0.05932108622250993 2.403232794804047e-06 0.999990123861704 0.004444341603037619 -0.9948053398527862 0.004879215243947042 -0.004444300517431025 0.9999782204938374 60.58039422393525
0.99998811211986 -0.0025598726200217435 -0.004150020127345117 -0.05647692159805891 0.0025824058294620627 0.9999819045839724 0.005433385655160228 -0.9947649700411022 0.004136036609955726 -0.005444038208597437 0.999976627556004 62.03463368348391
0.999987487422556 -0.0030983871180124047 -0.003927466446924752 -0.048798823425118584 0.003117335316833267 0.9999834882216236 0.004827576939234683 -1.0278613043356422 0.00391244423004605 -0.004839759859866258 0.9999806345690282 63.425985328785664
0.9999791214298639 -0.005344221131630172 -0.0036326305923753462 -0.05401538786849887 0.00535498351191868 0.9999812829974213 0.0029593578717317407 -1.0364445053666003 0.003616747445982421 -0.002978748819059976 0.9999890230400648 64.84551833002412
0.9999814106846707 -0.005249268017321463 -0.003102172072950533 -0.041095351547681666 0.00525835641752518 0.9999818859762031 0.0029287198491308314 -1.0519114958948725 0.003086742508309456 -0.0029449777892000466 0.9999908995249025 66.31855777839168
0.9999932623243347 -0.0028607012875251775 -0.0023003682820043735 -0.061108933859254075 0.0028677544728635644 0.9999911798023101 0.003068598563798673 -1.083719524651734 0.002291569844790697 -0.003075174840291958 0.9999926459789164 67.68786691483932
0.9999979789733403 -0.0007571212514223581 -0.0018624754213641787 -0.04717620733712484 0.0007641359485977359 0.9999926073072362 0.003768477827575949 -1.0960154202878583 0.0018596086182728344 -0.0037698934710412965 0.999991164842442 69.15885280499735
0.9999913622262053 0.0040242261066502725 -0.001039744169968831 -0.0890147272699203 -0.004018071260964391 0.9999747831862995 0.0058556042333375085 -1.1356803749002529 0.001063282320698945 -0.005851376007059731 0.9999823152599897 70.51256332216363
0.9999786986067738 0.006522506391560711 -0.00024337075740266155 -0.0634642710507428 -0.006520930084186067 0.9999607524382144 0.005997588334127893 -1.141928300794879 0.0002824805422502216 -0.005995873696848207 0.999981984690382 71.97361054120128
0.999941063155635 0.010850478106103272 0.000370560811847929 -0.08568981768597723 -0.010852506916292559 0.9999231195469703 0.005998175786079315 -1.157433359294603 -0.0003054492695520384 -0.006001843912656736 0.9999819421226814 73.33372046111225
0.9998906937355934 0.014732298562713735 0.0012489690759450304 -0.08590554313862905 -0.014738667148311832 0.99987758459686 0.005252384994335881 -1.177085029766258 -0.001171436574619311 -0.005270219129449056 0.999985426156927 74.73065206932847
0.9998685822447393 0.016123041104848114 0.001692851053988864 -0.07444432587761093 -0.01613141576366213 0.9998571012227951 0.005055155943150375 -1.1887880946344516 -0.0016111047935962043 -0.005081799801283649 0.9999857897245632 76.18174977074318
0.9998507682725616 0.017129650260354568 0.0022396925766928074 -0.08797076902553261 -0.017141792278733515 0.9998378373143616 0.0055188837146625475 -1.2206978989700696 -0.0021447930120575996 -0.005556452587924805 0.9999822626907028 77.531139511184
0.9998776930241143 0.015491598935580147 0.0021469320731121234 -0.07901416485225539 -0.015502899409516291 0.999865507855182 0.0053503598742924065 -1.2414312249546513 -0.0020637578692691396 -0.005382989276210586 0.9999833820261163 78.95985875205021
0.9998909048456228 0.01460933313217972 0.0021784760179523847 -0.09318631109134576 -0.014619015689438283 0.9998830258068158 0.004496567603155558 -1.2641150055897552 -0.00211252951416647 -0.00452792432322095 0.9999875174813522 80.31590215172334
0.9998992848420459 0.014093714767529283 0.0016695337455753894 -0.07586741541131092 -0.014100841910401684 0.9998911749184544 0.00433642852945952 -1.2825119540455834 -0.0016082358048702164 -0.004359533712198627 0.9999892039627809 81.71506670724315
0.999909215916229 0.013396857203340305 0.0014436452007462674 -0.08301860745944845 -0.013403816171536343 0.9998980455240543 0.004923037825018578 -1.303218033175158 -0.0013775448931459358 -0.004941941352973566 0.9999868397058634 83.13618373069161
0.9999017736530253 0.013967738858140413 0.0011598633592778754 -0.08330416188887442 -0.013971903211576894 0.9998956800911853 0.003662634322579898 -1.3206431864106956 -0.001108583734252333 -0.003678480136284308 0.9999926198853442 84.45165412455218
0.9999124378847323 0.013222448156309737 0.0005323496110480983 -0.08503036157008295 -0.013224468234810587 0.9999046028381556 0.0039873167540042725 -1.338497730648119 -0.00047957677545381163 -0.003994007745095434 0.9999919089214595 85.87539320954187
0.9999215086136294 0.012509954879268544 -0.000691092732893544 -0.10217496658742285 -0.012505964554976594 0.9999066407422683 0.005505513518420211 -1.3724004921438013 0.0007599020065857931 -0.005496438720343801 0.9999846057379538 87.22311141981518
0.9999297174737205 0.011730222455055825 -0.0017210354999210803 -0.10149404201489566 -0.011719525909078116 0.9999127215792533 0.006099341172807376 -1.3850625985354514 0.0017924320751152563 -0.006078742905822964 0.9999799178366153 88.59526186676526
0.9999511040312435 0.009470740536753234 -0.0028451000195062488 -0.10148232960171943 -0.009450872717919149 0.9999314123075884 0.00691749265350763 -1.4008562074081898 0.002910418909685893 -0.006890265883275382 0.9999720264611902 89.9904757879149
0.9999598066002244 0.00808255628669213 -0.0038803921602441507 -0.10842840439138701 -0.008055956084039188 0.9999442757333219 0.006822537293909464 -1.4209906407452197 0.003935319807488032 -0.00679100294734897 0.9999691972986897 91.35630228288062
0.9999734278685987 0.0060252582763925915 -0.004103632484225229 -0.12242370492819993 -0.006001826245723398 0.9999657506410548 0.005698739968380566 -1.438535944982352 0.004137828671495791 -0.005673959371379065 0.9999753419800705 92.73752815131274
0.9999812452308495 0.0043351303269869995 -0.004326177889440834 -0.13532310454927174 -0.00430837282430341 0.9999716510611841 0.006175354578002724 -1.466252203935659 0.004352826586359843 -0.006156600101606594 0.9999715741888799 94.07462826243128
0.9999751751947129 0.005223700858835119 -0.004728839629739304 -0.16098631712773667 -0.005198426171455387 0.9999722221381238 0.0053414723033446505 -1.4760374614724767 0.004756610932090372 -0.005316757291304352 0.9999745530536553 95.48427917382934
0.9999769839586083 0.005018946933128373 -0.004565271753008444 -0.17097515657748116 -0.004998559124413307 0.9999775325100653 0.0044664180820717155 -1.4987096738527865 0.004587586289114505 -0.004443495597187296 0.9999796044963835 96.81279606994872
0.9999688723762553 0.00656342634554914 -0.004379005751539429 -0.19053278018276 -0.006544537925875357 0.9999692788575335 0.0043139746075362105 -1.5258909370922698 0.00440718605356999 -0.00428518184761069 0.9999811067900148 98.16787307324306
0.999963935828444 0.00745076979771785 -0.004075910762655559 -0.21233376139010796 -0.00743251949331666 0.9999623667059999 0.004474688854240609 -1.5408399291604047 0.004109097599656661 -0.004444233288741274 0.9999816818902882 99.51796048451588
0.9999625366547934 0.007743570092968857 -0.0038681242813021965 -0.23041309114655256 -0.007722642908094027 0.9999556197025186 0.00539624192676079 -1.5610515145618558 0.003909739124655637 -0.005366167737814786 0.9999779588532897 100.85937067163357
0.9999643731559764 0.007605270358553433 -0.0036622750696682547 -0.253079241557324 -0.007580799282831798 0.9999491517580681 0.006650217648106562 -1.568658422381538 0.0037126658712086404 -0.006622217888984756 0.9999711807602298 102.2103422780466
0.9999629439633806 0.007833957496450963 -0.003569283789288881 -0.26585888790995293 -0.0078120196713355825 0.9999507611025703 0.006119455374023744 -1.5969724416878148 0.003617047905099936 -0.0060913454250876705 0.9999749059269429 103.54826679372812
0.9999654615715984 0.007623184570941718 -0.0033109966373456434 -0.29001598947288376 -0.007612018831589971 0.9999653425393592 0.0033720772341690472 -1.6145440853753397 0.0033365881379491978 -0.0033467574736825707 0.999988833138026 104.86513764946257
0.9999723940687943 0.006561199129805639 -0.0034873695632423535 -0.3092967077931825 -0.006554956159230649 0.9999768983316369 0.0017987122940190526 -1.627467551964914 0.0034990910054443613 -0.0017758031271652773 0.9999923014164128 106.19169813454968
0.9999764538820888 0.0060507797794299755 -0.003237240708396488 -0.3263043103830501 -0.006041571137451036 0.999977696840373 0.00284697236393306 -1.6496265272590689 0.00325439518743861 -0.0028273473717648876 0.9999907074694425 107.54822289182715
0.9999940907033471 0.0022139163522653963 -0.0026300426306748188 -0.3355510170188837 -0.0022013969974531682 0.9999862785607931 0.004753582247973577 -1.662996856520131 0.0026405308030294523 -0.0047477644871158535 0.9999852430587122 108.89198337700944
0.9999972802491852 0.0015401343691774701 -0.0017514207822348757 -0.3543605594002486 -0.0015305264554598382 0.9999838462306514 0.005474008387092466 -1.6897579338522484 0.0017598233516991947 -0.005471313013760507 0.9999834837435955 110.2436213400739
0.999999082804565 0.0008177568758892988 -0.001079657628610264 -0.37121013710920125 -0.0008127668598181597 0.9999890238887593 0.004614272678861693 -1.7114035564948584 0.0010834192266273763 -0.004613391029167242 0.9999887713513589 111.57164854291457
0.9999965483803468 0.0026142355106758474 -0.00026266895933457963 -0.3827145620884163 -0.0026136891686568487 0.9999944628329566 0.0020598389942957152 -1.7345128615244707 0.0002680524332905087 -0.0020591453923058194 0.9999978440321386 112.88483163059968
0.9999852906242868 0.005391147028251331 0.0005950285740410409 -0.4028627120500433 -0.005391323939107868 0.9999854230449303 0.00029552402397928814 -1.7689744237971163 -0.0005934267371318785 -0.0002987276783344692 0.999999779302798 114.24557694276156
0.9999711784768767 0.007304200427476558 0.002071438906737706 -0.4282684537433258 -0.007303146086027308 0.9999731983807133 -0.0005163263545368725 -1.7820375200332297 -0.002075154916248304 0.0005011834582536791 0.9999977212695735 115.54970939082834
0.9999500675949539 0.00934686019100811 0.0035353224601274488 -0.4382678979196041 -0.009352376585423068 0.9999550690879858 0.0015468930329753303 -1.80816746015231 -0.003520705318796752 -0.0015798794953162958 0.9999925542776549 116.89230546503163
0.999952925090445 0.008529584513298652 0.004625340827078506 -0.4411887808661463 -0.00854799995825568 0.9999555595495987 0.003976259587558952 -1.8241155692562403 -0.004591219817932745 -0.004015609900637403 0.999981397613621 118.21662532937565
0.999949347173718 0.008364236869740136 0.0055984476610657285 -0.44209168463259924 -0.00838941154386859 0.9999547352294477 0.004488349730746541 -1.8488025153378047 -0.005560653095091635 -0.004535090155847803 0.9999742557133708 119.57006611688885
0.9999400789520012 0.008790514109034742 0.006524212920804218 -0.44063865851063433 -0.008816369388746987 0.9999533541641934 0.003944761725612425 -1.8716131154378757 -0.0064892326555411745 -0.004002045302765835 0.9999709363213379 120.88685796372957
0.9999197523342591 0.009902824223627208 0.007900819484768803 -0.4459201337169253 -0.009932959548137537 0.9999435070890476 0.003784041064571605 -1.8920208013107207 -0.007862901112933932 -0.003862216001755744 0.9999616282976042 122.21669997149525
0.9998872323361482 0.01199878355584217 0.009030602549255718 -0.44923920470453094 -0.012031252224610189 0.9999213215053615 0.0035496192816619537 -1.9087483799367648 -0.008987301678859982 -0.0036578685303686035 0.9999529230919408 123.59427162064334
0.9998546043835199 0.013653558630332067 0.010215204467236795 -0.4532479243346631 -0.013679858962146171 0.9999032782573767 0.0025091079688176394 -1.9360150653601982 -0.010179959041085394 -0.002648485766271789 0.9999446754449421 124.91721310799373
0.9998366391205625 0.014151992496897404 0.011243493717173503 -0.45153180197791065 -0.014172040164875653 0.9998981174570827 0.001705291499837325 -1.9537167863943434 -0.011218215876325365 -0.001864356204925877 0.9999353358103905 126.24771466397551
0.9998451619967744 0.012815586198283402 0.01205872118818084 -0.4445460859766811 -0.012836989530218581 0.9999161588315185 0.0016991287976263314 -1.9782953439326652 -0.012035935855768051 -0.0018536634221097382 0.9999258473377358 127.59336481941845
0.9998364968405214 0.012649408324728568 0.012921765723254309 -0.4489709243710722 -0.012679569467047729 0.9999170687381569 0.0022548159183194624 -2.012566816739788 -0.012892173105990981 -0.0024182897217745617 0.9999139681703244 128.98157862114948
0.9998268598449207 0.012444092936916548 0.013834553058251276 -0.43417513950288555 -0.012489189388309254 0.9999169566951831 0.0031780326632405505 -2.038879738975242 -0.013793857621180208 -0.003350264835753317 0.9998992475309778 130.32954272641462
0.999841923734447 0.01079569166490506 0.01412729854213708 -0.4271484053546698 -0.010848713071711879 0.9999343726449297 0.003681827309133435 -2.0619128825840174 -0.01408662472051242 -0.0038345083803602805 0.9998934260936941 131.6499852987967
0.9998539893180518 0.01000416114340735 0.013853403437477707 -0.4253492023991702 -0.01005485799136276 0.9999429874673359 0.0035946721396531477 -2.108259602139335 -0.013816653105744606 -0.0037334413533811664 0.9998975755087567 133.07629276489337
0.9998867138164285 0.00630651633147922 0.01366701786903362 -0.41898656582535476 -0.006370232338337277 0.9999690212717225 0.00462348880549637 -2.115723866238476 -0.013637437523603722 -0.004710027193851519 0.9998959125516158 134.40511441994764
0.9999028290429403 0.005092776719911537 0.012976752015271195 -0.41875831870350727 -0.005150773787200916 0.9999768786591574 0.004439784404702343 -2.161414497865957 -0.012953842236089308 -0.004506193382894302 0.999905941670405 135.77396264364367
0.9999114131145042 0.005941578877770311 0.011910648935972759 -0.41715425055085736 -0.005990220021874522 0.9999738477397523 0.004052297102853339 -2.1973385170156767 -0.011886261404235786 -0.00412328560634496 0.9999208545180921 137.1206591242819
0.9999367381836559 0.0036092844797670437 0.01065329508518837 -0.406547687843564 -0.003671472933993096 0.9999763021830931 0.005823689902695419 -2.213199013086946 -0.01063202416574796 -0.005862434879711916 0.9999262932406876 138.47824117061984
0.9999518284259681 0.002270486967379584 0.009549121392961159 -0.4218491454052645 -0.0023200071221068574 0.9999839031139887 0.00517794194099306 -2.251274492892788 -0.00953721203405225 -0.005199846637482531 0.9999409998473925 139.81023708187712
0.9999655343926653 0.001202849889172939 0.008214814894927078 -0.41573971763227124 -0.0012476669856273407 0.9999843556303887 0.005452689461861359 -2.261259912044275 -0.008208128301714149 -0.0054627509868529385 0.999951391306506 141.1831527774184
0.9999744077276537 0.0011274535172279684 0.007064895114297264 -0.4119095298829373 -0.0011653608571139265 0.9999849358740103 0.005363763586087438 -2.295383074935282 -0.007058741885944643 -0.005371859568409545 0.9999606578672984 142.50213580948082
0.9999825862454309 0.00038229336101087454 0.005889063010354155 -0.43377357908712916 -0.00040813600934250065 0.9999902908681602 0.004387663855664173 -2.33020374058332 -0.005887328951891652 -0.004389991070664217 0.9999730333019272 143.88937205820386
0.9999864989829805 -0.0012404533905076998 0.005046100934574336 -0.4239339736859622 0.0012293880673605352 0.9999968344643804 0.002195373295795916 -2.360414397405631 -0.005048808644011927 -0.0021891400778361455 0.9999848584812627 145.24476601455834
0.9999756933838989 -0.005710472242945774 0.004000394994201498 -0.4303828943974882 0.0057026827709561485 0.9999818266144875 0.0019559760914676107 -2.3821049465004935 -0.004011492177693263 -0.0019331155951623682 0.9999900854459227 146.56687403997117
0.9999070011927172 -0.013328748746304995 0.002886769222588662 -0.4206357415043296 0.013316383763550665 0.9999022528118916 0.004261306623456254 -2.4055013926865114 -0.002943285178664141 -0.004222469070847217 0.9999867538244841 147.95055380079228
0.9997849280159351 -0.02071773738878141 0.0009343858506407443 -0.4484156435319253 0.02071189962861007 0.9997682113328947 0.005877143422330595 -2.458765017082311 -0.0010559304675287176 -0.005856526606204611 0.9999822928966757 149.2773111598968
0.9997154491761555 -0.023854015196650827 8.148361869235584e-05 -0.4216464018869931 0.023853651180139625 0.9997106847548425 0.003090325217032479 -2.471802932115227 -0.00015517671770481477 -0.003087502223112361 0.9999952216138721 150.5648598508706
0.99974010528249 -0.022794804084500818 0.00034467440183685773 -0.46295758746980065 0.022795053081856646 0.9997398909512525 -0.0007321150296668781 -2.522025689282961 -0.0003278963568110059 0.000739781660405945 0.9999996726031926 151.99508058603837
0.9998106663019916 -0.01943531353146582 0.0009487598372500091 -0.47884351583800217 0.019438010933330578 0.9998067986971071 -0.0029204456836972987 -2.5509252434069967 -0.0008918168344015634 0.002938334822512084 0.9999952854137283 153.30608351665268
0.9998318559140004 -0.018216338173723864 0.002103552732314091 -0.47752106387342175 0.018220950873728214 0.999831576807428 -0.0021943017187259807 -2.5906893128415756 -0.00206322647790349 0.002232261550476418 0.9999953800402659 154.6606244104789
0.9997164855595592 -0.02367818799045844 0.002508369877826198 -0.4936919195770185 0.023677135221772092 0.9997195564256373 0.0004491832263682489 -2.604011005440371 -0.0025183024771738326 -0.000389664851174961 0.9999967531500645 155.9993976167906
0.9995387680947867 -0.03023354381283732 0.0028607512517592206 -0.49665817437815074 0.03022306963350431 0.9995365616996815 0.0036370175896408468 -2.6539999164436665 -0.002969385646368679 -0.0035488794412167693 0.9999892940429431 157.35599756183615
0.9994511658833981 -0.033004410631697144 0.0028418092741267476 -0.4956964010735822 0.032992772250887904 0.9994473845469782 0.004050002173855199 -2.685684485226719 -0.00297390702667469 -0.003954020278608297 0.9999877607239248 158.68141435592895
0.9993847771481145 -0.03495993179091263 0.0028054153160769683 -0.495544439596047 0.03494672185729776 0.9993784612913322 0.004627932572367445 -2.7200545609898126 -0.0029654640930284713 -0.004527045353835238 0.9999853558329109 160.05434003973076
0.9994397198290721 -0.03324138048843481 0.0039060259066551915 -0.49584620467495644 0.033221127579597665 0.9994348044177439 0.005140857645336636 -2.728593280044708 -0.004074707780707311 -0.005008214809743164 0.9999791570513972 161.39778927119082
0.9994739634075321 -0.03202637141706052 0.005109598375951593 -0.5045619246319905 0.03200306254785466 0.9994772746939319 0.004580542702491883 -2.7459953635902976 -0.005253626059293231 -0.0044146104312461085 0.9999764550344176 162.76502903291933
0.9996140063763514 -0.027087042434456057 0.00617498106472837 -0.5063975450928496 0.027075089094254427 0.9996313787458319 0.002011511976021784 -2.778717297965847 -0.0062271912683550855 -0.0018435473932958432 0.999978911485615 164.12521304839322
0.9996469661279678 -0.025660480046183425 0.006890782291452851 -0.5054852701448476 0.02565346700711342 0.999670285540631 0.0011044629486872061 -2.7932235523944517 -0.0069168519321420804 -0.0009273005727117362 0.9999756483367886 165.47312179283804
0.9997172571421046 -0.022675391388781337 0.00715768173770958 -0.5144081256703109 0.022656377045492608 0.9997395929128966 0.0027267081812540755 -2.825575274065947 -0.0072176476080093605 -0.002563770115081701 0.9999706658895553 166.82589104860796
0.9997742340179797 -0.020066647020891178 0.006986464359672976 -0.5099487658000772 0.02004493023202801 0.9997940709795029 0.0031648695261060683 -2.8608864376926593 -0.0070485345552508275 -0.0030241118540883477 0.9999705860184476 168.1663192080128
0.9998136184756093 -0.01810968514328871 0.006690861634546306 -0.5087718191853954 0.018106470789006807 0.9998359181315567 0.0005408523923151231 -2.883371297712927 -0.006699559016478268 -0.0004196036856456034 0.9999774696638529 169.53998770942323
0.9998508242214033 -0.01614975946271846 0.006124915401564785 -0.4999633406297209 0.016165165848984735 0.9998662742256699 -0.002474079613007116 -2.9065495053213284 -0.006084141066931271 0.0025727208815470347 0.9999781819261679 170.94938842256465
0.9999152904160268 -0.01163659567741187 0.0058310933365540284 -0.5018258677569365 0.011660244017376512 0.9999238638236924 -0.004037976639304046 -2.9262863368979417 -0.005783661569170879 0.004105626649707613 0.9999748462248708 172.2741651785031
0.999972800116899 -0.0037385233799607735 0.006357867630463862 -0.5152663120950224 0.0037575866319655617 0.999988473032672 -0.0029890365501180935 -2.982643143529904 -0.00634662029904155 0.00301284555449913 0.9999753212784472 173.65583545832212
0.9999709784786588 -0.0023796511923442256 0.0072373662889175065 -0.5003229622360501 0.002387456628954116 0.9999965775445485 -0.001070021792437261 -3.005661333632556 -0.007234795852839662 0.0010872696660400776 0.9999732374253201 175.03792556488776
0.9999708889496454 -0.0026880710100772864 0.007141116021645331 -0.5135229360293826 0.002675275920135554 0.9999948001334621 0.0018007222434723628 -3.022600995290653 -0.00714591996031056 -0.0017815653940603275 0.9999728805554297 176.3974302535028
0.9999673776206501 -0.003792099795776431 0.007131878117584492 -0.4406323663493666 0.0037739595981206575 0.9999896137481774 0.002555311927022473 -3.0498814663382383 -0.007141494643137266 -0.0025283131879091205 0.9999713029284886 177.82124563604165
0.9999616994425055 -0.006829681179678278 0.005473126801585181 -0.44494802248776655 0.006813998718654235 0.9999726400682121 0.0028789803522119837 -3.0713676569873534 -0.0054926400365222835 -0.002841576252954856 0.9999808779894166 179.18952003475007
0.9999683870772998 -0.007425588033119377 0.0028435014631739493 -0.39284454098662336 0.0074293094614692155 0.9999715569332464 -0.0013002603730896244 -3.0974120756106065 -0.0028337656274345863 0.0013213445544157196 0.9999951118966226 180.49706981552396
0.9999815155160698 -0.005902549338122412 0.0014589540428566702 -0.4313512418328037 0.005910568741858361 0.9999671051450894 -0.005554619485961849 -3.126503846658013 -0.0014261197598495572 0.005563140175174557 0.9999835086898592 181.91076034860643
0.9999989700200301 -0.001212989873759212 0.0007672140828235282 -0.4684986930983564 0.001217975581898621 0.999977926966231 -0.006531624142913285 -3.1528006951949115 -0.0007592744235507712 0.006532551993790822 0.9999783743989923 183.30477902455996
0.9999952239966321 0.0030679466916807407 0.0003737405248036298 -0.3984409820943938 -0.00306569633588428 0.9999780110265658 -0.005880389023520974 -3.160157445743326 -0.00039177306479254935 0.005879215277652449 0.9999826405197686 184.65409956651473
0.9999885219921957 0.004706996229241563 0.0008944621661320963 -0.43411431257712757 -0.004705023243425812 0.9999865210357042 -0.0021955665547947812 -3.195765267948308 -0.0009047847117588828 0.002191332929104863 0.9999971897076037 186.09492113124475
0.999987190337211 0.004918742068023273 0.0011937881271013577 -0.4237302526853737 -0.004919502763785824 0.9999876976602678 0.0006348465559832515 -3.2207636201497034 -0.0011906508946739351 -0.0006407112832294921 0.9999990859185266 187.4582042479534
0.9999919276008047 0.0037051004411970878 0.0015546572623025676 -0.3869894842392698 -0.0037059270007365735 0.9999929931274215 0.0005289687768557547 -3.2304850374230982 -0.00155268661759322 -0.0005347259652466788 0.999998651614247 188.9434376867129
0.999991670229351 0.003931638320288603 0.0010962144896169562 -0.40029076710901185 -0.003933040792454957 0.9999914464416637 0.001279937820451012 -3.2689560558863433 -0.0010911729519280716 -0.0012842386426019645 0.9999985800346575 190.33657346062574
0.9999982811312099 -0.0015491109685377407 0.0010188197440189912 -0.39040587885216715 0.001547240129615676 0.9999971201182636 0.0018346118083973305 -3.27423739626633 -0.0010216589119566234 -0.00183303233025858 0.9999977980997652 191.69031546674222
0.9999957246605987 -0.0024030697688461992 0.0016661098594545265 -0.3637702061733726 0.002400470993667315 0.9999959018578078 0.0015601291009001669 -3.2919216598414818 -0.0016698522702634888 -0.001556123009900894 0.9999973950328599 193.1589656912218
0.9999766126139767 -0.006517342091008287 0.002073279482557474 -0.3688218364807228 0.006511554488535408 0.9999749176878265 0.0027863318208568525 -3.3158227250227097 -0.002091387131599411 -0.002772766431478164 0.999993968913746 194.54283100631596
0.9999295654795517 -0.011673276321756021 0.0021444609709586754 -0.3375251648829608 0.011664494684223915 0.9999237119293028 0.004063234465075475 -3.3253772311417644 -0.0021917288139385264 -0.00403793428837805 0.9999894456489986 195.98266585066102
0.999897996069444 -0.014070897580556723 0.002450981620914094 -0.33900735487749717 0.014059119549426716 0.9998898427975053 0.004758509936655898 -3.364391472399153 -0.002517668341492767 -0.004723565986601441 0.9999856745315063 197.36640944679885
0.9999513748786739 -0.009517589507696069 0.0025813525959439143 -0.3259033794859955 0.00951666231687254 0.9999546465400402 0.0003714722913494813 -3.4043817469426934 -0.002584771260929086 -0.0003468883649375986 0.9999965993055404 198.80551312068692
0.9999924928065432 -0.0024973153576324913 0.0029627274623002207 -0.3509239876999721 0.0025133084835506497 0.9999822254436321 -0.005406669373985074 -3.427132155188795 -0.002949172896146174 0.005414075144158874 0.99998099490223 200.24488723547566
0.9999749771342882 0.005734608510835718 0.004142386260724448 -0.3474038381846448 -0.005708406706790873 0.9999637999181156 -0.006309751002791095 -3.4774005588154777 -0.004178420616417941 0.006285946812129035 0.9999715134286964 201.66424207270074
0.9999112621352623 0.012126608803563182 0.0055148155538659 -0.3703458166680632 -0.012116413790397875 0.9999248291227419 -0.0018784701660239734 -3.49398343847553 -0.005537180943369071 0.0018114837182854403 0.9999830289299351 203.08992889173504
0.9998855818002073 0.013720474485023719 0.006369604363899619 -0.3754858764660946 -0.013721745595755952 0.9999058403027788 0.00015575848193416668 -3.5235947341613194 -0.0063668680623123995 -0.00024314276107685622 0.9999797017271815 204.52702066145116
0.9998948013852071 0.013329241118702515 0.005719918427316919 -0.38436814287943116 -0.013334894151780194 0.9999106339728712 0.0009511566583288766 -3.5565411614289557 -0.005706729546752481 -0.0010273311305654261 0.9999831887700876 205.97723244694438
0.9999423521492385 0.009778949540182918 0.004434468079709751 -0.3526216921318333 -0.009780559040856278 0.9999521109647586 0.0003412682719696829 -3.605789300383149 -0.004430918846859592 -0.0003846201869201583 0.999990109461294 207.42745428785787
0.999969687305812 0.007030214881537673 0.0033467204494256123 -0.3571586746071226 -0.0070311635703792005 0.9999752441732817 0.00027165057915244775 -3.6286521395462636 -0.0033447281195221265 -0.00029517369207545264 0.999994362815192 208.8592132025821
0.9999647921656186 0.00787207365432326 0.002906006272844014 -0.3637205222882764 -0.00787108611607136 0.9999689608286125 -0.0003512827513329134 -3.661952566436334 -0.002908681643091366 0.0003283969606113485 0.9999957158522009 210.3319895366519
0.9999593086610815 0.008610265334606935 0.0026915307186103046 -0.3559607482470717 -0.008608711952067567 0.9999627712495843 -0.0005883980546054194 -3.7006010673260437 -0.0026964970085462327 0.0005652035059739483 0.9999962047154467 211.79327079376694
0.9999423388485966 0.010409691408792747 0.002637666062358129 -0.3692513306226083 -0.010410725421312191 0.9999457353689754 0.0003783351776805356 -3.722447518409524 -0.002633584800824325 -0.0004057733933946596 0.9999964497815278 213.2320342344165
0.9999453035488124 0.010193615554501441 0.0023409597168684883 -0.3815682048425665 -0.010194754821123303 0.99994791934546 0.0004749674431947169 -3.7657015552040933 -0.0023359963602907633 -0.0004988069902587937 0.9999971471507035 214.68046597645505
0.9999466409141632 0.010107262411459263 0.0021350763078782408 -0.3768406823620818 -0.010106079171824775 0.9999487729168911 -0.0005645608205853092 -3.804373818460182 -0.0021406732804971538 0.0005429534506325652 0.9999975613552768 216.16111423977947
0.9999602625415269 0.00870328995904493 0.0019303018767634018 -0.3862837183312315 -0.008701449836982346 0.9999616809262902 -0.0009599317653746129 -3.826893831201623 -0.0019385826390307607 0.0009430972086748984 0.9999976762284246 217.62153741131868
0.9999484821735245 0.010068339850494113 0.0012889958869817747 -0.3882918048410565 -0.010067611347715983 0.9999491573440848 -0.0005709217432805129 -3.859472511831643 -0.0012946786956528503 0.0005579152253523102 0.9999990062673901 219.10719235316688
0.9999391676711731 0.010961406433209569 0.0012282109813734887 -0.38923816935766 -0.010959993740260719 0.9999392742726634 -0.0011516640313582601 -3.9080417077176275 -0.001240760361365684 0.0011381328033312791 0.9999985825817714 220.6027274401833
0.9999621077030112 0.008651161636019228 0.0009698159486125004 -0.39943121276262167 -0.00864975059424087 0.9999615383424698 -0.001450403225720349 -3.9246529528050216 -0.0009823264053709646 0.0014419596231266673 0.9999984778916937 222.08088873787037
