1.0 -3.469446951953614e-18 0.0 -1.7787691892340307e-19 0.0 0.9999999999999999 -3.5575383784680614e-19 0.0 2.168404344971009e-19 -2.371692252312041e-19 1.0 0.0
0.9999999398638733 -7.08535559765227e-05 -0.00033948727388392647 0.05569069961672338 7.123806521749064e-05 0.9999993559314045 0.0011327230995349811 -0.026761272848715878 0.0003394068273799933 -0.0011327472383819146 0.9999993008434594 1.3159701006825606
0.9999991075624272 -0.0005587901877283866 0.0012135198795759842 0.11108300046058615 0.0005566348298350308 0.9999982684086526 0.0017757635472657302 -0.04833477912174309 -0.0012145101586562628 -0.0017750865086460634 0.9999976870130872 2.5650198957187875
0.9999986609742323 -0.0013955988104916509 -0.0008546077915613449 0.030942374567845387 0.0013966154216221178 0.9999983166584688 0.001190018176152473 -0.0775393109834482 0.0008529456381580871 -0.0011912101642125414 0.9999989267512446 3.93649211575731
0.9999979932552169 -0.001975681719788829 -0.0003319182521506626 0.02522977620530026 0.0019760574703460154 0.9999974032783987 0.001135178485929192 -0.09609476557494089 0.00032967466778692717 -0.001135832118600007 0.999999300600108 5.2546243264836745
0.9999968863049441 -0.0024383035802707353 -0.0005310920946297131 0.027767391019372593 0.0024390270547750195 0.9999960931640425 0.0013655767563095892 -0.11077844127526285 0.0005277603749245525 -0.00136686787781068 0.9999989265705467 6.570653112695526
0.9999937516048911 -0.0035119192886900134 -0.0004039534241304986 0.01718927377764594 0.0035128349323985224 0.9999912120180039 0.002288202828314031 -0.14891129065845465 0.00039591392610694495 -0.0022896075951791294 0.9999973004714847 7.90714489706647
0.9999933843142794 -0.003631004374276608 -0.00021711661919226327 -0.001566509498107528 0.003631542551332719 0.9999902033357075 0.002530835000197057 -0.16554470848205094 0.00020792503909665503 -0.002531606772515987 0.9999967738623553 9.222334208832397
0.9999942407117481 -0.003301914320835231 -0.0007847984234629374 -0.0029759552700931342 0.003303402181265328 0.9999927351276866 0.0019018992847333962 -0.18680257435960362 0.0007785128810838182 -0.0019044808716135793 0.9999978834336991 10.556845697809953
0.9999997154002925 -0.0003913582445890587 -0.0006450098157156413 -0.020078898831770584 0.0003908810699642211 0.9999996499589056 -0.0007397928884758573 -0.2121295557379213 0.0006452991679392979 0.0007395405701546985 0.9999995183347151 11.876997973413149
0.9999976573428452 0.0020941150528556345 -0.0005477101521809233 -0.015428736626291647 -0.0020949303718306297 0.9999966925514024 -0.0014920311153738966 -0.23939244854964503 0.0005445839005056806 0.0014931750620726272 0.9999987369278569 13.212107089924341
0.9999836501007917 0.00570467569182917 -0.00039521429311565356 -0.04553849952485574 -0.0057053517748508024 0.9999822274581255 -0.001730242929508607 -0.2593912365917123 0.0003853368251523666 0.0017324695062438586 0.9999984250314436 14.553883555531536
0.9999824553747132 0.005923570288946837 1.5681248962143464e-05 -0.06745726178000563 -0.005923553795410816 0.999982034772304 -0.0009174176285053421 -0.2896873352369189 -2.11153579695643e-05 0.0009173086575956568 0.9999995790493258 15.9039064186068
0.9999894527767961 0.004588222556571261 0.00020625328107426585 -0.05892113550013718 -0.0045885532829368254 0.9999881421161385 0.0016312003037094133 -0.32083374200147213 -0.00019876654109114884 -0.0016321295387661202 0.9999986483215877 17.249129680261923
0.9999999301775092 -0.0002511318638669137 0.00027672836060815354 -0.06848000577706179 0.00025010224479880307 0.9999930698417684 0.003714527712586659 -0.34644514057530357 -0.00027765929953483225 -0.00371445831563723 0.9999930628284819 18.612033598461803
0.9999976079099812 -0.00218248037407473 -0.0001447644712911343 -0.06054463743710365 0.002182739134508513 0.9999959778792744 0.0018110415780664448 -0.3825268530757372 0.00014081133985186455 -0.001811353263113628 0.999998349584663 19.9520777874138
0.999995806017926 -0.0028922818334196822 0.00015052158767690348 -0.07180688976382199 0.002892370765294019 0.9999956414120054 -0.0005927429909193845 -0.38452151407814966 -0.00014880656469041576 0.000593175883232093 0.9999998129993218 21.30036204706163
0.9999995132728139 -0.0009145061457998052 0.00037031693749264936 -0.08402443409833545 0.0009151508912836268 0.9999980596129168 -0.0017444964847616689 -0.4401346268666163 -0.00036872089869657496 0.0017448345669334078 0.9999984097969882 22.65524259322319
0.9999982606240134 0.0014628519620451235 0.0011570705353180926 -0.09394600532856417 -0.0014621392119655002 0.999998740925474 -0.000616683862776919 -0.4381796541508802 -0.0011579712941350788 0.0006149910038746499 0.9999991404430372 24.020803043181406
0.9999968485256193 0.0016594282395435162 0.0018839417327667972 -0.10173521648327924 -0.0016659398044554918 0.9999926264840269 0.0034600035149820337 -0.4607826378347162 -0.001878186369970396 -0.0034631312123905578 0.9999922395380282 25.416229026145636
0.9999979212529939 5.799834332338716e-05 0.0020381679416012796 -0.09967638488315447 -6.724256349332179e-05 0.9999897110478547 0.004535777326613328 -0.48659428358017187 -0.002037884071957107 -0.0045359050373039 0.9999876362196863 26.78661835360931
0.9999892071694636 -0.004177403212745361 0.0020334343900996407 -0.09986816452152066 0.004169714589581298 0.9999841967597882 0.003770902345200987 -0.5184103250029038 -0.0020491550046448353 -0.0037623828747374547 0.9999908226763196 28.15366285338085
0.9999888059490817 -0.004331637362716995 0.0019039177323197927 -0.11128170847033031 0.004329256645848321 0.9999898438026438 0.001252925550465121 -0.5303967025118627 -0.0019093257749241554 -0.0012446689963193105 0.9999974026325039 29.512654956414533
0.9999873867017414 -0.004295597278051028 0.0026027467521952657 -0.1137341533560331 0.004297383795812865 0.9999905342589045 -0.0006810869130124812 -0.5789609691432429 -0.002599796660148584 0.0006922633430257948 0.9999963809061005 30.902022365305655
0.9999932351852036 -0.002048189446206437 0.0030552431613076183 -0.12638624663167403 0.0020540518749551148 0.9999960532424225 -0.0019168639972660154 -0.5809259622182938 -0.003051305261680291 0.0019231266999353974 0.9999934955367628 32.28790628409931
0.9999934650798213 -0.00022570819207015473 0.003608165496919901 -0.12828644924672736 0.00024059859408562083 0.9999914551302144 -0.004126957560372195 -0.6283917208475245 -0.0036072034856727483 0.004127798795045686 0.9999849745648679 33.66822587088841
0.9999924576927237 0.00038230804647342194 0.003865022929792964 -0.14105982608126508 -0.0003670208657850721 0.9999921107923019 -0.003955205389716664 -0.643170360322357 -0.003866504874669035 0.003953757095061514 0.999984708853105 35.05862658114046
0.9999946188915367 8.786136603479433e-05 0.0032794012136286525 -0.13841777239452702 -8.022094463848786e-05 0.9999972826012183 -0.0023298830695749288 -0.6863875034696896 -0.00327959728795248 0.002329607504075762 0.9999919085503631 36.456239514016914
0.9999941171300905 0.0012656686213467034 0.0031880699507073167 -0.15369385943455843 -0.0012617201824056895 0.9999984349366572 -0.0012402373617292168 -0.7058328308975228 -0.0031896349613285673 0.0012362076393664621 0.9999941489905484 37.855368119462035
0.9999908225757718 0.003349655628885134 0.002671061344560516 -0.14953477523058684 -0.0033474306793740234 0.9999940469705358 -0.0008371007191816487 -0.7299475780013087 -0.0026738496696473053 0.000828151859995686 0.9999960823367541 39.25222500535899
0.9999774547800719 0.0058597828757835715 0.003279156685149693 -0.16736545313998885 -0.005857382110468766 0.9999825705765901 -0.0007413701493563977 -0.7658859384962831 -0.003283444077892916 0.0007221461737163292 0.9999943487318772 40.64772699678069
0.9999599676903634 0.008339068438553969 0.003243908177033442 -0.17700174120200943 -0.008337532903546222 0.9999651237049064 -0.00048676180380513725 -0.7930114209296976 -0.0032478544569102493 0.0004596961317606905 0.9999946200439058 42.07535456577783
0.9999503632057185 0.009519669154509079 0.002940579253096629 -0.18111484552193913 -0.009518318905490509 0.999954587897933 -0.0004730417695442764 -0.822595630787845 -0.002944949166196032 0.0004450289220461012 0.9999955646000819 43.46350890568328
0.9999593581641895 0.008651058788869317 0.00253794919246092 -0.19292551051575774 -0.008649474589743461 0.9999623911504247 -0.000634738573559698 -0.8482755029781275 -0.0025433451198143492 0.0006127608570898298 0.9999965779523012 44.88817924829282
0.9999647018409499 0.008239027299677442 0.0016472661531181198 -0.18385325221473278 -0.008237126814269718 0.9999654043569858 -0.0011575184499660993 -0.8844102892093645 -0.0016567461324655667 0.0011439088690797506 0.9999979733291071 46.28888378403611
0.9999693314505699 0.007790274994499194 0.0008048343780992424 -0.19827129574781838 -0.007789706585451358 0.9999694094241761 -0.0007076043246275217 -0.9153984315500485 -0.0008103222595808384 0.0007013132082897013 0.99999942576801 47.719719963670684
0.9999678766485488 0.008012346214326628 -0.00021900135991807768 -0.2040316149184559 -0.008012331092104873 0.9999678981617491 7.220549048973999e-05 -0.9424467726606596 0.00021957288305662448 -7.04484673058109e-05 0.999999973412556 49.11720890518094
0.9999613471729668 0.008713355644734362 -0.0011754030876258825 -0.2156185901640662 -0.008713270536120313 0.9999620357060033 7.798947437489889e-05 -0.9706161627150653 0.0011760381131846044 -6.774486373555219e-05 0.9999993061732178 50.544680218284036
0.9999585375291126 0.00879758626009633 -0.0023506754854531833 -0.22446306165504754 -0.008797219249734145 0.9999612898383214 0.0001666663090057258 -0.9944531610840754 0.002352050949976617 -0.00014598000250738995 0.9999972232712735 51.996044026984336
0.9999501211601016 0.009366278735131024 -0.003468138881871712 -0.2378985603851505 -0.00936230339670494 0.9999554988294905 0.0011608860792080718 -1.0297462518785672 0.003478858022539906 -0.001128358439367119 0.9999933121579488 53.40695016216096
0.9999585009835458 0.008060441786428762 -0.004245652317382553 -0.25458700734333195 -0.008052292321825695 0.9999657110529894 0.001933215870178057 -1.0585918062790507 0.004261089673538492 -0.0018989484571322107 0.9999891184997719 54.85897348951027
0.999975331813149 0.005134715505623218 -0.0047927489520371205 -0.2585748970662398 -0.005122544080095403 0.9999836323461587 0.002548448836957354 -1.0716090407867298 0.004805756473580107 -0.002523834961159446 0.9999852673772761 56.2555647397555
0.9999805940514331 0.003483702015432629 -0.005164815988421445 -0.2800645352705885 -0.0034731823384648256 0.9999918786635873 0.002044411254522609 -1.1028316169555143 0.005171896601305274 -0.002026433279926078 0.9999845724131242 57.686141768564276
0.9999844231889278 0.002306253942400043 -0.005082770720588855 -0.29996979828093784 -0.002295468511491646 0.9999951037608985 0.0021268009393739288 -1.1286664714666907 0.005087651208693011 -0.002115100518050171 0.9999848209674718 59.132256461114864
0.9999861257525122 0.001928746320631813 -0.004901859565155341 -0.3029616191261537 -0.0019161037362380173 0.9999948294683024 0.002582554162268675 -1.1634604889094018 0.004906815728402022 -0.0025731259160300074 0.999984650978441 60.536153449723
0.9999908814232539 1.0071933691272253e-05 -0.0042704754774264345 -0.32324158925918767 4.819738406812782e-06 0.9999939200458928 0.0034870972598751862 -1.1861562022587608 0.004270484998667426 -0.003487086117297213 0.9999848014830534 61.992708103597906
0.9999888232854361 -0.002579691292096172 -0.0039621324331980175 -0.3325373354994621 0.002591790411132184 0.9999919852899214 0.003051552722705314 -1.2074700091704855 0.00395422895069878 -0.0030617876948086328 0.9999874946905644 63.390813656482315
0.9999889672305196 -0.003027024095936059 -0.0035920105932748915 -0.34393373715999476 0.0030341153485906724 0.9999934559798672 0.00197031388804474 -1.243170906918422 0.0035860232043364625 -0.0019811907641481574 0.9999916076286183 64.80710583868542
0.999991803813825 -0.0029594463094555733 -0.002762966175310191 -0.3535168494331412 0.0029648740909445567 0.9999936792686345 0.0019623811597866614 -1.2736066208599002 0.0027571413844683914 -0.0019705569613894668 0.9999942575244438 66.26315224512634
0.9999970069745914 -0.0011494072163003854 -0.002159838649847451 -0.3681277299828039 0.0011532023342764527 0.9999977921106118 0.0017566719078155925 -1.3029652926312154 0.0021578149336565046 -0.001759157416572736 0.9999961245944397 67.62324207085628
0.9999977731307358 0.001458203567587908 -0.001525572312733647 -0.3853452207909974 -0.0014537870800313477 0.99999476098584 0.0028921455599089417 -1.3299861617117965 0.0015297817887420721 -0.002889921321481494 0.9999946540484789 69.09452443051008
0.9999887005115005 0.004710895974622001 -0.0006374153449442712 -0.40225708402873606 -0.004708267341539888 0.9999806544039284 0.004064854822341411 -1.355980559834398 0.0006565521804578597 -0.004061807853907896 0.9999915352932306 70.45367440491714
0.9999605385613535 0.008880006674372377 0.0002584228689708971 -0.42128443301788576 -0.008881152698434062 0.9999488832875255 0.004832800136880708 -1.3865195454932568 -0.0002154943766271998 -0.004834904622514771 0.9999882885615465 71.90789020524338
0.9999236406997802 0.012337610907248001 0.0007043421696922634 -0.43014472687162675 -0.012340482635626236 0.9999149119700139 0.004228633025679661 -1.399793017238538 -0.0006521110621070625 -0.004237002144965541 0.999990811239756 73.26575727468772
0.9998675629218077 0.016210543369299054 0.0014404371199612728 -0.44510545108731936 -0.016215782642318998 0.9998616604058395 0.0037024973111308523 -1.4266714149606545 -0.001380218471845795 -0.0037253648631743234 0.9999921082950716 74.66179201116962
0.9998419733937244 0.017626042273401955 0.002313185723089156 -0.4613983514529269 -0.017634472475544886 0.9998377446589787 0.0036755657714091787 -1.4498935064137213 -0.00224802490671501 -0.0037157768291010487 0.9999905696476945 76.11255263374863
0.9998341738450064 0.018023576838253067 0.0026029680476310525 -0.46496407661310857 -0.01803386638014489 0.999829436378515 0.003984703735732983 -1.477960447497804 -0.002530705673700056 -0.004030984636796074 0.9999886732804354 77.47981689560632
0.9998468386709977 0.01729535219803089 0.0026776758426166744 -0.4683303309055224 -0.01730606686174202 0.9998421132216797 0.0040309706993817635 -1.5145146603746644 -0.002607536233159657 -0.004076693439198247 0.9999882905928642 78.89945996043407
0.9998636549397588 0.016346030673531034 0.00234067745082647 -0.47218030541318745 -0.01635269972575328 0.9998621995621689 0.0028585208937113907 -1.5342467528313704 -0.002293629626717875 -0.002896407611760343 0.9999931750184898 80.26274855695776
0.999869389518312 0.016016783127206745 0.002160213590167995 -0.4817010945604989 -0.016022937027859202 0.9998675293656069 0.0028616868119793796 -1.571096734345743 -0.002114092585546191 -0.00289592607963681 0.9999935720905252 81.65328371547224
0.9998812113017261 0.01531568506742011 0.0017300401664680737 -0.49003037319187115 -0.015321194760319689 0.9998774481940964 0.003217083058747148 -1.588584697925182 -0.0016805564562882118 -0.003243207262260507 0.9999933286452231 83.04805943199933
0.9998820632732198 0.015287372474545181 0.0014682470348371737 -0.5037436352615079 -0.015290859216914865 0.9998802245374646 0.002392956928015658 -1.615985306537736 -0.00143148927094786 -0.0024151255273619264 0.9999960589950199 84.408009086284
0.9998785380604984 0.015569064636120329 0.0007164582098029158 -0.5099589196243414 -0.015570995677868531 0.9998749219507598 0.002772108947937541 -1.6399057497936171 -0.0006732095088077029 -0.0027829282761270826 0.9999959010409492 85.8217093862288
0.9998884504215457 0.014928423300553908 -0.00047838465148771023 -0.5205173570618515 -0.014926709213198214 0.9998827831495009 0.003407836738087034 -1.6727390616690558 0.000529202252672412 -0.0034003159656371025 0.9999940788813869 87.1773292725109
0.9999076928541734 0.013500563643134268 -0.0015298745189089948 -0.529127486831404 -0.01349337552047448 0.9998983064122424 0.004615808012678835 -1.6984604363632798 0.0015920350877489658 -0.0045947388714309804 0.9999881768314481 88.56436441964145
0.9999338063378259 0.011181343196504778 -0.002713019719712427 -0.5333367292119866 -0.011167510415795546 0.9999248306397348 0.005061601148852549 -1.7265399797795096 0.002769411520740076 -0.0050309685369345 0.9999835097247848 89.94386702079073
0.9999435992393024 0.009982515967965453 -0.0036259737916266546 -0.5467399162353285 -0.009962873221778308 0.9999358119257297 0.005395665562167296 -1.7535999396415274 0.0036796036796549548 -0.005359236241602066 0.9999788693326314 91.30777840506248
0.999952024921827 0.008962979379839957 -0.003951307152996535 -0.5610057560237603 -0.008944249832644854 0.9999487997133996 0.004732691122058612 -1.7768177354544068 0.003993524198601205 -0.004697122695182702 0.9999809942251021 92.68354756172741
0.9999645881236591 0.007135898478333858 -0.0044611016763368636 -0.5711683785132461 -0.007115886077308914 0.9999646194954774 0.004485971066540868 -1.8042079591209097 0.004492955657262876 -0.0044540676154885646 0.9999799871201169 94.04073858780619
0.9999663146872745 0.006886345734240549 -0.004466285971496567 -0.5936116931960331 -0.006868769160344532 0.9999686518213394 0.0039389590237478705 -1.8239896009018814 0.0044932713776825416 -0.00390814853729675 0.9999822682911835 95.41170929324674
0.9999685781457943 0.006613882339245978 -0.004370269966589852 -0.6004251487647811 -0.006600208387922061 0.9999733010150693 0.0031360036952735215 -1.8471573691847427 0.004390894817435251 -0.003107060533608208 0.9999855330086168 96.76845407982444
0.9999603081411303 0.007888364530292978 -0.004141958796932162 -0.6227402521999984 -0.00787781986885184 0.9999657025469678 0.002556110365373216 -1.8743682107010766 0.004161980621899977 -0.002523379362457499 0.999988155170958 98.08880384764154
0.9999489346861172 0.009337053668647862 -0.0038661894503029667 -0.6422171624555066 -0.009327307644722328 0.9999532956094442 0.002531393336543518 -1.89334769135571 0.0038896449678582955 -0.0024952029912281605 0.9999893222588762 99.4358487454455
0.9999456330642637 0.009713471224771852 -0.003792013124514059 -0.6475962204927584 -0.00969850386456586 0.9999451830647901 0.003945872437339088 -1.922738910464847 0.0038301337025859958 -0.003908881146002047 0.9999850252538608 100.78192677279445
0.9999456161003352 0.009758711023695217 -0.0036786372549695856 -0.6713003974398357 -0.009739281002773886 0.9999387194331507 0.0052634403768224165 -1.9464637996656482 0.0037297765384390487 -0.005227326962013499 0.9999793817014273 102.12176672705338
0.9999476621277525 0.009621444252076073 -0.0034786186547414617 -0.6834131573469794 -0.009606338289535558 0.999944467418169 0.00433363185504226 -1.9732094878570454 0.003520121575725718 -0.004299988349378754 0.9999845593066395 103.46856743708923
0.999948215859571 0.009594878737601759 -0.0033917360643339655 -0.6953313211802126 -0.00958893657214836 0.9999524690436583 0.001764077703633024 -1.9964889005206399 0.003408501252366309 -0.001731463254643944 0.9999926920536539 104.79778232619914
0.9999571601172697 0.00849536089096473 -0.003675152822756521 -0.715817834077404 -0.008494189033907903 0.999963867787474 0.0003345005511678287 -2.019522819928589 0.003677862044763563 -0.0003032687938747528 0.9999931906596352 106.12776912128875
0.9999691204380216 0.007159864258446324 -0.0032395205497095015 -0.7221103743831887 -0.007154733372415201 0.9999731360199171 0.0015928099510864992 -2.0537145068068114 0.003250838101867814 -0.0015695828990895647 0.9999934842124213 107.47712857241208
0.9999888318330146 0.0038310939993681696 -0.0027674746505914633 -0.729276461898435 -0.0038217418922856664 0.9999869956686871 0.0033768015765887147 -2.068575649508374 0.0027803757431377517 -0.003366187361638991 0.9999904691040696 108.80199068380604
0.9999949686518042 0.0025788909312554637 -0.0018471558942566271 -0.745955384085649 -0.0025710448025372977 0.9999877160700812 0.004237622120396105 -2.102929868431697 0.0018580617294670786 -0.004232851765796717 0.9999893152312244 110.15829229983552
0.9999968119966084 0.002149245486846721 -0.0013254186064553862 -0.7565978936691931 -0.002145109043737662 0.9999928490972735 0.0031145247911692855 -2.126617889497709 0.0013321031218256495 -0.0031116717586736863 0.9999942714850654 111.46315104796986
0.999993964272303 0.003424137215975168 -0.0005888089901776338 -0.7707658906264911 -0.0034237762736873643 0.9999939507957176 0.0006132978373432106 -2.1495805793129197 0.0005909054945078711 -0.0006112782005450176 0.9999996385852761 112.79663079756115
0.9999784651123884 0.006538408383663366 0.0005643710710271882 -0.7705664627305255 -0.006537595483745131 0.9999776056147746 -0.0014311281597544749 -2.1855329353889488 -0.000573715782712973 0.0014274077343984987 0.9999988166774793 114.15510522620079
0.9999558960462633 0.009181739568915702 0.0019752476021829765 -0.7892657311399115 -0.009177991387343801 0.9999560788593792 -0.001898643430366428 -2.2059317746117753 -0.0019925938670765173 0.001880430918855396 0.99999624676613 115.45562304415458
0.9999439601260598 0.009994940425377494 0.003489664006201974 -0.8027401868718083 -0.009995186209036559 0.9999500454953616 5.281290332980361e-05 -2.235338761708438 -0.0034889621153535036 -8.768979179470911e-05 0.9999939097062323 116.82337365434475
0.999940822773376 0.009980993773779957 0.004327897518522462 -0.8102104674825327 -0.009990985355186192 0.9999474596892148 0.0022930536403382522 -2.2559860070704283 -0.004304783537861016 -0.0023361579546956807 0.9999880055281085 118.12595145479611
0.9999407436942581 0.009538369920474188 0.005246768883444193 -0.8096748215432672 -0.009555054584694377 0.9999493435930147 0.003164048131350263 -2.286353053153941 -0.005216323678281452 -0.0032139938710280358 0.9999812299266438 119.48912455760652
0.9999290282609085 0.010137933576934223 0.006257853233369926 -0.8105871940472393 -0.010152153593001529 0.9999459461594968 0.002244673556502914 -2.3107891769304003 -0.006234759146608903 -0.0023080449834855655 0.9999779001062321 120.81374906129176
0.9998991307760936 0.011968280132607456 0.0076477788851191005 -0.8071337560315642 -0.011983825417956982 0.9999262112697935 0.001989967942594323 -2.3369077771716706 -0.007623398714735079 -0.002081416907053071 0.9999687752571449 122.12092437557548
0.9998726128555286 0.013341527991437471 0.008761373521206092 -0.8127330440400453 -0.01335429562666121 0.9999098469535445 0.0014002809312109402 -2.3555564797544775 -0.008741902507813325 -0.0015171045585251185 0.999960637989118 123.48804473185999
0.9998499242506281 0.014163847008628796 0.00997568968669827 -0.8140716217748284 -0.01417037919577482 0.9998994244114552 0.000584338139854933 -2.382925300968939 -0.009966410742354305 -0.0007256097675093398 0.999950070823844 124.816397479272
0.9998255541274783 0.015049622948209294 0.011062103335443121 -0.806748544411848 -0.015046719144119269 0.9998867319468101 -0.0003457729519922894 -2.408775428851362 -0.011066055041333228 0.00017926427230891435 0.9999387532661825 126.13816488850917
0.9998226953449421 0.014607539858602792 0.011882660522555016 -0.8030492543007027 -0.014601617592272471 0.9998932195383169 -0.000585083456025832 -2.440170155272582 -0.011889939322517657 0.0004114736596756481 0.9999292275086431 127.48007606956162
0.9998157308628057 0.014218297656312426 0.01289745325471555 -0.7999639487446846 -0.014221192170204316 0.9998988649506662 0.00013266444112296368 -2.4678494658488814 -0.012894263697926733 -0.0003160571630259471 0.9999168155731276 128.80634299271352
0.999814096748192 0.013501884611698146 0.013764847503055596 -0.7940885951953736 -0.013517697136714317 0.9999080738362786 0.001056302416337516 -2.4972315543738675 -0.01374932124185076 -0.0012421751095940323 0.9999047020398896 130.17371355875065
0.9998314959443023 0.011748966638451904 0.014104661548697786 -0.777058696238762 -0.011770449857730975 0.9999296875188057 0.0014410262179573193 -2.5178447489826232 -0.014086740435865969 -0.0016068016399138896 0.999899485912367 131.50220977945733
0.9998450758523344 0.010589151410891087 0.01406037504972842 -0.7651339429281814 -0.010613506923872126 0.9999422994881089 0.0016586709969826506 -2.5504200689954093 -0.014042001026428516 -0.0018076439490402956 0.9998997722901821 132.844930257473
0.9998706607190304 0.008070310790885838 0.013911574483286032 -0.7581387692754373 -0.008105913477072997 0.9999640097046243 0.002504691419808366 -2.564414916898234 -0.013890861335702609 -0.0026171335303658482 0.9999000922986777 134.17581473319854
0.9998887281177966 0.006812448127536243 0.013271093580178278 -0.7406834901008239 -0.006844992159625942 0.9999736726539475 0.0024083386433862305 -2.5977512646999465 -0.013254338623934724 -0.0024989112381965523 0.9999090348352818 135.51223262520278
0.9999066855827291 0.006289483795033645 0.012126933408082316 -0.7342291915513646 -0.006312932309839803 0.9999782753376588 0.0018962465250190114 -2.62634979823761 -0.012114744565358796 -0.0019726261214436836 0.9999246680147756 136.85925508743375
0.9999283476057298 0.0044653106618680345 0.01110678410626276 -0.7270482176701465 -0.004497130581494491 0.9999858505839034 0.002841558830508963 -2.6484836511443612 -0.011093939444284032 -0.0028913039358556235 0.9999342802719963 138.1856449315521
0.9999441418889152 0.0034106229356780406 0.01000403687430966 -0.7100707407971235 -0.003443606640521511 0.9999886861221959 0.0032816469355032977 -2.6771825084131913 -0.009992732071553847 -0.003315913656548654 0.9999445734720087 139.53665149167674
0.9999602988030766 0.0020423755101124617 0.008673495446717678 -0.7135097327362747 -0.002070096264765834 0.9999927748861018 0.0031882409027938147 -2.698260954337846 -0.00866692192454258 -0.003206069354039557 0.9999573018770946 140.89847030059383
0.9999708287838074 0.0014142272021646519 0.007506100661837876 -0.7114654104092719 -0.0014355429711317381 0.9999949505509136 0.0028351527253170287 -2.7199343272269165 -0.00750205384182551 -0.002845845401576282 0.9999678096548325 142.2115804488516
0.999978970311921 0.0008428257814565143 0.006430286427959483 -0.7069248116806661 -0.0008566596285961275 0.9999973241818115 0.0021488984516083525 -2.736953405056419 -0.006428458616227923 -0.002154361865601731 0.999977016555271 143.57242457166777
0.9999842940050278 -0.00041458775478972476 0.00558926353302632 -0.6998985260842888 0.0004149154797566633 0.9999999122708064 -5.747057568996913e-05 -2.7675252850625434 -0.005589239688443956 5.9788751062813265e-05 0.9999843782875233 144.91886645362254
0.9999831978907096 -0.0036264237870335184 0.004522498981228067 -0.7120535609083417 0.0036311514685071176 0.9999928690918806 -0.0010375449193055595 -2.811858843010894 -0.0045187045366024345 0.0010539493924061564 0.9999892351894007 146.22179099795963
0.9999085812356584 -0.013096538051497566 0.003363016020837384 -0.7054795770855171 0.01309087425900266 0.9999128641425064 0.0017009182851265626 -2.823566663280252 -0.0033849994063589817 -0.001656737989296568 0.999992898471938 147.60488195927684
0.9997919188607302 -0.0203214193454079 0.001777330957687599 -0.6979006706255602 0.020315466197696454 0.9997881521180767 0.0033064649732598224 -2.852534547890043 -0.0018441466468196721 -0.003269669700666989 0.999992954165828 148.92932852139967
0.9997477666230031 -0.022441808687020864 0.0008765616533057542 -0.672293758150462 0.022441636525197237 0.9997481332468099 0.0002074022359417687 -2.8852415585142457 -0.0008809954304583271 -0.00018767842997742168 0.999999594311218 150.22994476238532
0.9997612231795824 -0.021830532804061165 0.0009614936259304118 -0.690879975452208 0.02183350029198517 0.9997565292052576 -0.0031907008546932024 -2.9140654930598036 -0.0008916049069442641 0.0032109318413601276 0.9999944474625228 151.62463758154215
0.999834921679799 -0.018041655584979888 0.0021512936751412626 -0.6970474112656577 0.018053289847559294 0.9998218071548359 -0.0055165800142089804 -2.949804444471502 -0.0020513822699230857 0.005554507399660104 0.9999824694840507 152.94827179461595
0.9998283379308166 -0.01830113002096933 0.0028919409159069267 -0.7031634542202432 0.01831685516672157 0.9998170629288998 -0.005507584312186413 -2.9794766175356457 -0.0027906170951071 0.005559610257623728 0.9999806514059562 154.31241690554455
0.9997593978595014 -0.0216856188943498 0.0032985350882797915 -0.708514496107187 0.021693450565891337 0.99976189126618 -0.002356898331114354 -3.006618212027295 -0.003246639153984795 0.002427887931290337 0.9999917823112935 155.64602670144296
0.9995454925613289 -0.029929452100171616 0.003610566769456198 -0.7097778322251147 0.029927575165477692 0.99955190539358 0.0005733045197788223 -3.029142164637239 -0.003626107887816802 -0.0004649884235565574 0.9999933175391599 156.98359318395984
0.9994898553194629 -0.03173404141391073 0.0036027378224399954 -0.6939360801676797 0.03172831196714125 0.9994951897326152 0.0016370505503903458 -3.0644188916945034 -0.0036528696582900414 -0.0015219066309553868 0.9999921701389679 158.33742427012535
0.9994423920680325 -0.033209795918168646 0.003466176461328143 -0.6876091673514861 0.03320348646026622 0.9994468761515922 0.001862862021389767 -3.095379430629568 -0.003526124797919458 -0.0017467341377169821 0.9999922576498778 159.66300751545643
0.9994733502655957 -0.032129621569599955 0.00455077106276787 -0.6911471455369846 0.03212114290224732 0.9994821299761849 0.0019245912008986235 -3.1137108133321347 -0.004610251127403717 -0.0017774016545469048 0.9999877931369595 161.02907682379853
0.9995358217456854 -0.029905063520822117 0.005816203208036744 -0.6952089088309984 0.029896788318077724 0.9995518582335335 0.001504911710840939 -3.129560164227682 -0.005858601696418323 -0.0013303273660106938 0.9999819533418561 162.3716841923526
0.9996207536480233 -0.026688628900424373 0.006787191419013541 -0.6992475095742406 0.026691009012047014 0.9996436977269227 -0.0002600683088248705 -3.1565504051674402 -0.006777832831764898 0.00044112670081938675 0.9999769329253507 163.72083573316107
0.999655287959657 -0.02516540816545465 0.007483815391585139 -0.701167590115114 0.02517387442879906 0.9996825478715656 -0.001039003100793871 -3.173042932836464 -0.007455293330431859 0.0012270416223298395 0.9999714560743095 165.0684472827677
0.9996840540531147 -0.02391963565185757 0.00772289523822402 -0.6995370724037133 0.023919677211873366 0.9997138797859471 8.719836963095571e-05 -3.2021166768141036 -0.007722771965897288 9.75583680830275e-05 0.9999701741895759 166.4128692974917
0.9997087000193898 -0.022912300813996363 0.007585617112974019 -0.6949902337785506 0.02291379577381058 0.9997374384584212 -0.00011002081759077748 -3.2226811917533817 -0.007581105230729086 0.00028380407916269145 0.9999712227319048 167.74956544395238
0.9997817976535485 -0.01963224362130201 0.007136673219545016 -0.6944528146616795 0.0196497531922861 0.9998040647746094 -0.0023914959407998456 -3.2610629077811177 -0.007088325062547616 0.002531208048828718 0.99997167391223 169.13265820315598
0.9998647347511549 -0.015120048403474853 0.006472739254162201 -0.7038630594620241 0.015156551639758107 0.9998692938981778 -0.005627970520270709 -3.297840734331687 -0.006386798584261953 0.005725313787804937 0.999963214113137 170.5474694475851
0.999925223493772 -0.010469772710699866 0.0063191215023436585 -0.7059414057225909 0.010513142579856461 0.9999211393253811 -0.00686942161082891 -3.3231034827274044 -0.006246702422045768 0.006935341914604209 0.9999564389188124 171.9024147222286
0.9999571527664537 -0.0064092445318250715 0.006679388442779149 -0.707936724629985 0.006448883586609305 0.9999616231887091 -0.0059299277008646465 -3.3606070578183638 -0.006641126318109404 0.005972748346396664 0.9999601100603647 173.2518014565514
0.9999680733029859 -0.0029523544999278846 0.007425361174647491 -0.7166245960693929 0.00297976185854322 0.9999887794122028 -0.003682670891939943 -3.3973279362547117 -0.0074144059371429975 0.0037046792057495066 0.9999656503748963 174.6160422119539
0.9999712724768276 -0.0012671560552207015 0.007473188428519653 -0.7180695677019849 0.0012787993944307335 0.9999979757584346 -0.0015534314679362831 -3.4315513100291737 -0.007471205493452631 0.0015629435883913508 0.999970868720158 176.04170016723796
0.999974002466934 -0.0029974633792966814 0.006558171563446742 -0.7170312531391971 0.003001778608623039 0.9999952845554507 -0.000648218961903778 -3.4638976686122733 -0.00655619818054113 0.000667888309715696 0.9999782848562975 177.4712948124128
0.9999709710087784 -0.005650303084182309 0.005111871239319924 -0.7173291304383268 0.005653414782131917 0.9999838426589372 -0.0005944033187568826 -3.487122220703811 -0.005108430517984249 0.0006232856130243384 0.9999867576358197 178.86657489225948
0.9999675019526184 -0.007494973945537928 0.0029699186114097178 -0.7148858582512192 0.0075079704179251555 0.9999621821217273 -0.00438915688412276 -3.5164193753702344 -0.00293690993016074 0.0044113124012443074 0.9999859573409025 180.20625298218476
0.9999908658108434 -0.0040386044105794 0.0013992772378689574 -0.7286977272502584 0.004050520790728939 0.9999546400391472 -0.008620390920402643 -3.5620730206457227 -0.0013643995399868997 0.008625980155881913 0.9999618647121671 181.62343797208368
0.9999993070763102 -0.0007817209648025361 0.0008802055142638173 -0.7542049507454973 0.0007900990308635555 0.9999540045062454 -0.009558483858775316 -3.5914812040538613 -0.0008726930430621807 0.009559172874715484 0.9999539292487705 183.01686665834177
0.9999962196407434 0.0026863196985241677 0.0005868447229593493 -0.7742325667483354 -0.0026811612856165847 0.999959243232832 -0.008621093431033556 -3.621661752490462 -0.0006099798769413078 0.008619487583177602 0.9999626654819465 184.34788721002292
0.9999855871721931 0.0052987839743691215 0.0008650590122786148 -0.770643093375871 -0.005293911113164825 0.9999706316423834 -0.00554169364708802 -3.6612118201324924 -0.0008943979248523749 0.005537034335895992 0.9999842705271306 185.78341685260926
0.9999852791270644 0.005261250880597762 0.0013269362698701795 -0.7818885820996435 -0.005257269396124109 0.9999817204673894 -0.002986613496075766 -3.693391452767588 -0.0013426254532167721 0.0029795935248660473 0.9999946596743376 187.15955883284653
0.9999893814999914 0.004370443635697971 0.0014615414457520824 -0.7906204806854111 -0.004366688359407347 0.9999871814967914 -0.0025629833106768246 -3.723487763281509 -0.0014727242119044835 0.0025565740478614525 0.9999956474956535 188.60396258400868
0.9999915916573905 0.003893330255566709 0.0012878620083392786 -0.7891350333043148 -0.003890655395792339 0.9999902822815198 -0.0020731981665958413 -3.7610349466932385 -0.0012959212498639772 0.002068170145999742 0.9999970216247288 190.01776776160688
0.9999988705389794 0.000497371851993304 0.0014182888220558038 -0.7948092087047993 -0.0004955011212759578 0.9999990072594616 -0.0013190753189979707 -3.789662341340115 -0.0014189436060163057 0.0013183710922107148 0.9999981242455223 191.37124185551397
0.999998048552407 -0.0008547624592830875 0.0017810885208303028 -0.804158513929268 0.0008569424154261825 0.9999988843329507 -0.001223511886805257 -3.824610179694423 -0.001780040873066223 0.0012250358157330538 0.9999976653668498 192.82904364328667
0.999990310971198 -0.003819086965611564 0.0021891885927150237 -0.8042643383137587 0.0038202456621137353 0.9999925648973561 -0.0005252312620096314 -3.853157066525024 -0.002187166597010284 0.0005335894264739329 0.9999974657875846 194.2049826150076
0.9999583367076716 -0.008800231209052939 0.002425034436163683 -0.8022740349405484 0.008798117917988289 0.9999609077315869 0.0008809768988999607 -3.8755442898812427 -0.0024326926407256923 -0.0008596044638050656 0.9999966715362528 195.66782712371614
0.9999166880306704 -0.01263665785162251 0.002632848226359264 -0.7995994773749331 0.012633295862993268 0.999919364622815 0.0012899912962706138 -3.9044079322520666 -0.002648937326212105 -0.0012566222868917027 0.9999957020048648 197.08957416093693
0.9999319849375631 -0.011293348048107317 0.002913040087471611 -0.806384555201474 0.0113021187468136 0.9999315929262858 -0.0030119046787348957 -3.934985734604677 -0.002878826572051722 0.003044623419826253 0.9999912212724056 198.48203969753183
0.9999866104869986 -0.004135468723619218 0.0031107482587620777 -0.823609712295396 0.004159548321308697 0.9999611271841189 -0.007774462848970024 -3.9695527157386357 -0.003078476553491442 0.00778729821955206 0.9999649398678031 199.92064778614514
0.9999740503253489 0.0055514562766971354 0.004591296476800983 -0.8406285061692034 -0.005510647550944188 0.9999456204415954 -0.008853752532325924 -3.9999611585892163 -0.004640198423902356 0.008828221937168998 0.9999502642887493 201.363297947065
0.9999120992587858 0.011829826649136661 0.005987398028182757 -0.8592171380371874 -0.011799219028937645 0.9999172688777812 -0.005121899920575348 -4.0294809636888225 -0.006047494388124651 0.005050803176437956 0.9999689581145004 202.8104282357111
0.999887722474351 0.013296175421596126 0.006910436864138854 -0.8515121203038263 -0.013276753986247667 0.9999078015737449 -0.0028488925672573774 -4.061443788584475 -0.006947679698276992 0.0027568245802720107 0.9999720644389489 204.24674310224322
0.9998982704052868 0.012715634097715627 0.006462311134054431 -0.8503769887923955 -0.01270122652175997 0.999916769101152 -0.002265777245915771 -4.102735342199461 -0.006490584615577309 0.0021834675103248728 0.9999765521123098 205.71208172808875
0.9999402000325293 0.009632414928935662 0.005178119881760485 -0.8475341900604503 -0.009621084626889933 0.9999512769968862 -0.002208706587314908 -4.133802343620323 -0.005199143208256833 0.002158755416544377 0.9999841542140026 207.14541238166944
0.9999604189532165 0.007965488377345316 0.0039637746505606355 -0.8432808142477572 -0.007954866690744283 0.9999647456633222 -0.00268840914291343 -4.169001042684413 -0.003985049741542407 0.0026567714834347216 0.9999885304036641 208.57310922641187
0.9999592006732999 0.00830694720565014 0.003548464923398736 -0.8523451560383736 -0.008295174289309676 0.9999600836091033 -0.0033198328598298805 -4.198022455910764 -0.0035759012631918366 0.0032902623392832603 0.9999881934799469 210.05507548499838
0.9999496872087997 0.009416179029817241 0.003458121847573826 -0.8588516439831109 -0.009404601383900608 0.9999501666944319 -0.003349271846729489 -4.234658820579607 -0.0034894871594535267 0.0033165811389974007 0.9999884118150499 211.52346861822085
0.9999378263819014 0.010656327187339734 0.0032842108529560696 -0.865326988552871 -0.010647559717181386 0.9999397329450423 -0.002675812924049966 -4.262397598484473 -0.0033125275440133266 0.0026406777744787035 0.999991026948648 212.96045633753036
0.9999457591543597 0.01001786279052508 0.0028497640584313625 -0.8785974394472345 -0.010010146566551378 0.9999462266354123 -0.0027093959406177437 -4.301364509508792 -0.002876753419738658 0.0026807224722898352 0.9999922689765531 214.39354521048708
0.9999433762293131 0.010317125032417601 0.0026079198444039758 -0.8802712446195904 -0.010307465702683448 0.9999400653121783 -0.003690793710252096 -4.333234122225138 -0.0026458421469566567 0.003663703745704837 0.9999897883431224 215.8778047281103
0.9999519093495858 0.009533210853251949 0.0023014909547793326 -0.8868174612265187 -0.009523524065806265 0.9999458965328627 -0.004184079123822157 -4.367702472702387 -0.002341254346509905 0.004161959680874841 0.9999885982431865 217.350831186034
0.9999524334438912 0.009606316980024539 0.0016880475254169318 -0.8867503196738018 -0.009599209269949161 0.999945232481693 -0.004169801002346773 -4.402212079199853 -0.00172801165544571 0.004153398813729685 0.9999898815745135 218.82683989790274
0.9999334670979949 0.011429684418139508 0.0015568129609657279 -0.896863721613244 -0.011422378940363447 0.999924072111593 -0.004623775344800665 -4.444518966699399 -0.0016095431889532647 0.0046056852873603725 0.9999880984448362 220.3110045649612
0.9999514759081276 0.00974557231691251 0.0014386206535293876 -0.9058572164833438 -0.009738764766303726 0.9999416911129367 -0.00466592512713543 -4.473926714136896 -0.0014840090097377092 0.004651688414649377 0.9999880796838907 221.79830473289545
