1.0 -3.469446951953614e-18 0.0 -1.7787691892340307e-19 0.0 0.9999999999999999 -3.5405977195229754e-19 0.0 2.168404344971009e-19 -2.354751593366955e-19 1.0 0.0
0.9999999161596304 -0.00018309204373211964 -0.0003662755239227835 -0.00897163952390602 0.00018342741406547278 0.9999995638644015 0.0009157646828658496 -0.025499249643076947 0.00036610772664600537 -0.0009158318092684237 0.9999995136088529 1.319733279275058
0.9999990952697965 -0.0013198473149839442 -0.0002597388792079914 -0.01666282701995383 0.0013202522757913924 0.9999979041255813 0.0015648246165519805 -0.038096188945375774 0.0002576730283973389 -0.0015651661517023456 0.9999987419293028 2.613452205794571
0.9999973554515265 -0.0021357689990647126 -0.0008529844949010485 -0.010885517098428764 0.0021371575338546226 0.9999963876417481 0.0016301097142689767 -0.06986127610235597 0.0008494999490852815 -0.001631928396825285 0.9999983075791584 3.94056038782074
0.9999933639767695 -0.0036352182302344764 -0.00023915587272661104 -0.01575078527412832 0.0036355072963945145 0.9999926490655483 0.0012185632184108326 -0.09253233170340353 0.00023472439255965076 -0.001219424606359959 0.9999992289540264 5.257919814981983
0.9999934289813434 -0.00354869023448277 -0.0007408073521605069 -0.006970725822185361 0.003549804363740229 0.9999925627339056 0.001507766777023963 -0.10974331343331 0.000735451308965929 -0.0015103866182828375 0.9999985889215335 6.583178326824082
0.9999882620423671 -0.004828686241752367 -0.00039946512589407175 -0.013525192272723429 0.004829761758053604 0.9999845939779458 0.002735909588653647 -0.14126645744220856 0.00038624815793735705 -0.002737806846630847 0.9999961776062717 7.912934541294241
0.9999875161444003 -0.00498792459203563 -0.00029693376419113646 -0.02444160208721119 0.004988831295046868 0.9999826438225038 0.003134263703897243 -0.1558119195203459 0.00028129516621553047 -0.0031357059868716004 0.9999950440987444 9.22911269758715
0.9999888157409564 -0.0046369116307174475 -0.0009313689824824211 -0.015928744081963927 0.004639202687629636 0.9999861818216667 0.0024726418170070976 -0.17400764356567816 0.0009198907711328398 -0.0024769350178458307 0.9999965092918205 10.566804976115222
0.9999982793768637 -0.0016508392230079102 -0.0008461526609783578 -0.03464929984719875 0.0016508201193734997 0.9999986371204707 -2.340144096541855e-05 -0.19051705930017165 0.0008461902113953366 2.200455587249932e-05 0.9999996417395753 11.892925416751723
0.9999992962262263 0.000952614622601323 -0.0007071560639932391 -0.025679915851211082 -0.0009531124384885483 0.9999992980668929 -0.0007038778993041887 -0.2154087630402553 0.0007064851023036943 0.0007045514157561157 0.9999995022434466 13.221594877309284
0.999992643290019 0.003799748675784447 -0.0005246597904233297 -0.04414683810903876 -0.0038001148546841753 0.9999925357703011 -0.0006982392019096725 -0.23132235112338265 0.0005220027840515875 0.0007002278430964412 0.9999996185973263 14.56730299967821
0.9999890778819229 0.004673767046169034 3.072813524709417e-06 -0.061969097571183955 -0.004673767134811947 0.9999890756917895 -6.638434246903571e-05 -0.2536209406056723 -3.3830455557798834e-06 6.63692535283827e-05 0.9999999977918316 15.917545734676192
0.9999925168766614 0.0038670003779182564 0.00011176611672860846 -0.050680119324461446 -0.003867273856380483 0.9999892513219503 0.0025576239478061055 -0.2891887235758425 -0.0001018745894034623 -0.0025580370922680617 0.9999967230286917 17.2598016340024
0.9999992948642098 -0.0011348794452395103 0.0003497456454936024 -0.05322681131417593 0.0011331801149838342 0.9999877346089743 0.0048214657082681625 -0.299833945676441 -0.0003552131640818235 -0.004821066077532831 0.9999883155047649 18.622318915082335
0.9999919838053757 -0.00400375729011552 -4.75179472978972e-05 -0.04654998535012411 0.0040038929864655935 0.9999864985894235 0.0033123214966005654 -0.33122079413044614 3.425558026213908e-05 -0.003312485263413618 0.9999945131192728 19.95840262785979
0.9999890892515518 -0.0046677405972208475 0.00018325400784233712 -0.04239324548273096 0.004667604475026415 0.9999888343765616 0.0007379596061696512 -0.31902602005495295 -0.00018669658056407303 -0.0007370962080539722 0.9999997109166554 21.31180038118293
0.9999971729163757 -0.0023503931640728778 0.00036029881823573546 -0.03846565538805476 0.0023506585992279193 0.9999969651389878 -0.0007376405507930392 -0.37836531795848477 -0.00035856401021257646 0.0007384854215832476 0.9999996630351963 22.673760759738332
0.9999993639991387 0.00023856588531663558 0.0011023106775463675 -0.04573072646020884 -0.00023898499611565809 0.9999998992123882 0.0003800812060181744 -0.35576140015366164 -0.0011022199848908006 -0.0003803444067813102 0.9999993202236217 24.041831904199995
0.9999974770238662 0.0006664340810062491 0.0021451837449788726 -0.06014673844466986 -0.0006775899257657056 0.9999862301749411 0.0052038766599593516 -0.39024627408269585 -0.002141686342224244 -0.005205317186959351 0.9999841587999894 25.43826467397462
0.9999965633217263 -0.0011464994413076194 0.002357729562448175 -0.04290868656752794 0.0011322307213779484 0.9999810915899963 0.00604437861051265 -0.39866766299272693 -0.0023646150530804546 -0.006041688460361936 0.9999789530757949 26.79677336356709
0.9999871448095119 -0.0045890077448415036 0.002156671660778744 -0.05201593440329394 0.004577102609845793 0.999974437268567 0.005493171553993045 -0.45694516245374894 -0.0021818249167793735 -0.0054832297335232535 0.9999825867634383 28.18268128440248
0.999985302123664 -0.004890468343169821 0.0023406976653737917 -0.04509625485704595 0.004883708459894984 0.9999839124654512 0.0028851681116545584 -0.4412595506796462 -0.002354770028956661 -0.0028736944717996453 0.9999930984439824 29.534685048915925
0.9999801473144864 -0.005589913663093445 0.0029082388056123516 -0.04823773765164571 0.0055877061902225265 0.9999840946961472 0.0007667379467538164 -0.4912481424374207 -0.0029124787932430264 -0.0007504723491122788 0.999995477117221 30.918861200815062
0.9999891718461509 -0.003095851325319114 0.0034744645255793596 -0.05682835625144673 0.0030970616626295727 0.9999951452769366 -0.00034296827752929113 -0.4976171082999539 -0.0034733861728237976 0.0003537252068649182 0.9999939052127418 32.303747913378594
0.9999903666740361 -0.0019041338683841742 0.003954850305280422 -0.044443162375153125 0.001914139626061297 0.9999949733280507 -0.002527723373518129 -0.5330716325984352 -0.003950017637602938 0.0025352692134611495 0.9999889848222072 33.695984115733346
0.9999893694423047 -0.001467290886756959 0.004371277520769615 -0.05045430457326405 0.0014777660122762618 0.99999604231764 -0.0023940665427130805 -0.5397522758353612 -0.004367747799585964 0.0024005008697921514 0.9999875801076051 35.088944296494496
0.9999926274575817 -0.0012118995511891818 0.0036436707171548814 -0.04255221322055644 0.0012151053778462102 0.9999988765547083 -0.000877728010985616 -0.587203900852648 -0.0036426032139722964 0.0008821490050613715 0.9999929766005378 36.489249141026384
0.99999329224002 0.0005365640040618392 0.0036231999091658265 -0.04928483679003083 -0.0005378022007234912 0.9999997973240867 0.0003407659364157798 -0.6093426357504993 -0.0036230166380265315 -0.00034271221974133896 0.9999933781252669 37.881914834879844
0.9999927592269382 0.0021257231030489708 0.0031563895864772248 -0.04164573737762241 -0.0021276732949030725 0.9999975476462855 0.0006145823204088406 -0.6272989875974971 -0.0031550756803220307 -0.0006212936474944957 0.9999948297305108 39.275198804220295
0.9999829965526604 0.004494628126873594 0.003715497202179463 -0.04896497821564101 -0.004496641400426644 0.9999897476931536 0.0005336040159779447 -0.6530834853421427 -0.0037130610717749607 -0.0005503022126787415 0.9999929551454392 40.66922088317818
0.9999610845663623 0.007872935443024087 0.003980732130764932 -0.06052429102822961 -0.007877757437202041 0.9999682535931161 0.0011969796703930862 -0.6998183142200515 -0.003971182348257543 -0.001228292358565589 0.9999913604647184 42.08924587216057
0.9999523786088022 0.009027409149702688 0.0037076115197249935 -0.05738004879348797 -0.009033021854641065 0.9999580767952769 0.001499729237145026 -0.716090749105311 -0.0036939177268285935 -0.0015331487879641538 0.9999920021791988 43.477338734129624
0.9999656346048756 0.007626420359983088 0.0032507398637119517 -0.0617738580970377 -0.0076296878257546856 0.9999703997027971 0.000993779620132985 -0.7370995353194949 -0.0032430649334471377 -0.0010185476221431517 0.9999942225266376 44.910559495400506
0.999970737513545 0.007202430165332882 0.0025785857812345835 -0.05516601331128159 -0.007203913715703456 0.9999738911162098 0.0005663285979492581 -0.7673216995402906 -0.0025744397326124087 -0.0005848879501916424 0.9999965150753527 46.30129485911739
0.9999781712502342 0.0064383782113065224 0.001484687834765486 -0.04475047416222297 -0.006439479046502499 0.9999789943190783 0.0007375928844256305 -0.7925674466752082 -0.0014799078708060403 -0.0007471374183498377 0.9999986258272563 47.73653094476305
0.9999716402739458 0.0075102154896276516 0.0005615123226591992 -0.04845700003485057 -0.007511366282019355 0.9999696357157148 0.002075340610368503 -0.8267442232441066 -0.0005459090624700535 -0.0020794995252983945 0.999997688829616 49.13957179606323
0.9999725234029335 0.007412907232732048 -3.506921330329819e-05 -0.06966596216589109 -0.007412821144609685 0.9999704597470698 0.002032173997816983 -0.847820991668944 5.01325000852571e-05 -0.0020318582445501827 0.9999979345174866 50.56182912422206
0.9999704775464764 0.007594553149335128 -0.0011690936369937286 -0.06954601956353502 -0.0075920469972765485 0.9999689033823673 0.0021338009148540653 -0.8639768387180752 0.0011852626479947454 -0.002124862154640562 0.9999970400534158 52.00174201609257
0.9999627132245937 0.0082014292659828 -0.002703460013426477 -0.060744417410268 -0.008192997584308902 0.9999615834955073 0.0031155000838806388 -0.891452890615783 0.0027289079421092335 -0.003093234545037704 0.9999914924472711 53.4201305704933
0.9999774117004838 0.0058929316709987216 -0.003232557416523857 -0.07562092054595863 -0.0058793886962586325 0.9999739660823559 0.004183294986257808 -0.9108493062817715 0.0032571254101552783 -0.0041641951204406695 0.9999860252122884 54.870371511788754
0.9999844603582456 0.004275064432169984 -0.003578107241043666 -0.07535601043086299 -0.0042571398716993 0.9999784266579543 0.0050022980414835445 -0.9293712632158271 0.0035994155036960735 -0.004986987909056838 0.9999810869048604 56.26915318436388
0.9999866109470762 0.002971043966435355 -0.0042368397326458295 -0.08125058946384911 -0.0029522135071678264 0.9999857682064199 0.00444385242597201 -0.9658322819633268 0.004249982678315252 -0.004431284964581983 0.9999811505072717 57.691428539909424
0.9999911615757892 0.0007693915542167492 -0.0041333760870741944 -0.09704975550427682 -0.0007500665696702985 0.9999887913889124 0.004674879343146443 -0.9744554349228082 0.004136926923699099 -0.004671737813389975 0.9999805301656148 59.14875826311523
0.9999923305646258 -5.0114451934613405e-05 -0.003916157971589813 -0.0909903197099922 7.068844253655532e-05 0.9999861969763028 0.005253651934305461 -1.0011803232067225 0.0039158409680707315 -0.00525388857556898 0.9999785311960088 60.543767010852605
0.9999948970099636 -0.00105225164865313 -0.003016407922164381 -0.11523354219588043 0.0010711275027730748 0.9999798139863441 0.006262930818082169 -1.0249966554405767 0.0030097571131395915 -0.006266129941039947 0.9999758382004571 62.003725507993
0.9999919897358459 -0.0029205821323538307 -0.0027369076577995525 -0.11426159964299527 0.002936625829877488 0.9999784221952692 0.005876339585717623 -1.0485748979746288 0.002719686503754957 -0.005884329904362214 0.9999789887658594 63.3931936676523
0.9999839157563999 -0.005196957026075767 -0.002271534494178707 -0.12767766638011713 0.005207490394469744 0.9999756019635926 0.004655911683547616 -1.0564818174970567 0.0022472826943263184 -0.004667665880637588 0.9999865812202999 64.82401668760474
0.9999860302884719 -0.0049385023615154105 -0.0018842573070546797 -0.11315446078441382 0.004946650795537121 0.9999783280261119 0.004344435132148673 -1.0795532979274776 0.0018627616296173026 -0.004353695288095288 0.9999887876674267 66.27041991480638
0.9999930951375704 -0.003377324508781067 -0.0015502769186125933 -0.09262592095553279 0.003382502811679646 0.9999886689579512 0.0033497201395987267 -1.092779418708603 0.0015389463934465547 -0.0033549408910695773 0.9999931879862259 67.64296332966008
0.9999983121527735 0.0015676999483048648 -0.0009581253679913709 -0.11725915742218217 -0.0015625638180266077 0.9999845311710273 0.005338147092466905 -1.1366023728862227 0.0009664792457372645 -0.00533664105762691 0.9999852929833214 69.11387459708364
0.9999900714345793 0.004431562443041143 -0.00046720162633514606 -0.12180725370702804 -0.004428315797447227 0.9999675099141602 0.006735661949630341 -1.1612474903863126 0.0004970360006132017 -0.00673352629434073 0.9999772060309418 70.47239860371731
0.999962693797437 0.008578680785239082 0.0010085792409473791 -0.13877130670746793 -0.00858627424077809 0.9999328573641543 0.007781816923004517 -1.1894085923240174 -0.0009417538727884843 -0.007790186710268047 0.999969212571833 71.92143557009459
0.999944529304827 0.010440945289739951 0.0013874266497390395 -0.13177434256569348 -0.01044964239623939 0.9999248169688063 0.006416027274746721 -1.1746211360322978 -0.0013203330560708389 -0.00643016961925342 0.9999784545874396 73.29166661764168
0.9999201286978343 0.012390271221752151 0.002493466890698716 -0.16276286868857104 -0.012404486888306112 0.9999064222038079 0.005768498004682301 -1.183193540688281 -0.0024217605034731254 -0.005798967566403067 0.9999802533297538 74.69267122516742
0.9998700730996868 0.01588671164697366 0.0027293358183520812 -0.1352464594195821 -0.015903236685717744 0.9998546639636147 0.006143130608146743 -1.2176513811437701 -0.002631345221249048 -0.0061857378556912715 0.9999774060785707 76.14869237973129
0.999859721640887 0.01651163825920561 0.002811192149219712 -0.1160302927293402 -0.016528132906868 0.9998457055262547 0.005948613810296862 -1.230977292000672 -0.0027125372638059715 -0.005994243234568972 0.9999783553595533 77.515069163335
0.9998773263299514 0.0152725927801502 0.003475653228529204 -0.1453747068212039 -0.015295572161731306 0.9998606778612237 0.00668359014675189 -1.2698880484889026 -0.003373093522999986 -0.006735932492703767 0.9999716243229617 78.91385416149389
0.9998950709773855 0.014123745171409852 0.003219755518651765 -0.15603168746601123 -0.014141438316089779 0.9998846574112165 0.005540002753078901 -1.2816803329658164 -0.0031411388183787926 -0.0055849535384055425 0.9999794705584022 80.2909025588073
0.9999026444193229 0.013732304227458927 0.0024749692017715596 -0.12711308660771706 -0.01374493468733451 0.9998922183842333 0.005160273091261699 -1.297631236630517 -0.0024038402053897408 -0.005193789110841215 0.9999836229183755 81.68715570548554
0.9999144815886574 0.012821978995345058 0.002574167008484181 -0.14451476769487506 -0.012835966310983837 0.9999025306544612 0.005492466639639846 -1.320773733598646 -0.002503492022109195 -0.005525038970299399 0.9999816030658233 83.08851198744438
0.9999020403536051 0.013887861803301853 0.001742687160597974 -0.13005233493841142 -0.013896274571846957 0.9998913797813913 0.004911438259081426 -1.3431595871567483 -0.0016742886320888517 -0.004935174102149842 0.9999864203142781 84.45137330861547
0.9999030013959711 0.013914966845818923 0.0006012176859227566 -0.09964906852672459 -0.013917435369380733 0.9998938320803071 0.004316201414968712 -1.3435964825956088 -0.0005410940993836248 -0.004324150253190532 0.9999905044258713 85.86365430710075
0.9999295131430752 0.011868193764723867 -0.00033866391388252164 -0.12095836692637398 -0.011865966284061414 0.9999118370769248 0.005959609418011018 -1.3795234043847575 0.0004093638942963935 -0.0059551708960893235 0.99998218402277 87.20852274751243
0.9999712247780532 0.007436379475232174 -0.0014999526691264397 -0.12710131777311479 -0.007426352319131191 0.9999507515104981 0.006583605293679554 -1.3798054671492137 0.0015488371217424546 -0.006572276808485659 0.9999772028828723 88.60518584722182
0.999957662301499 0.008937516265518997 -0.0021896081951571717 -0.1405905382716434 -0.008921503431818212 0.9999341578480789 0.007217115957577114 -1.4084387304234984 0.0022539673136458944 -0.0071972759550051404 0.9999715590235938 89.99793878908801
0.9999680764223873 0.007360761783881938 -0.0031089067222031157 -0.14476668405745777 -0.007337888100992968 0.9999463872151976 0.007306032220071014 -1.432760601929231 0.0031625182805027517 -0.007282986327495798 0.9999684778011921 91.35331686399725
0.9999803346622806 0.004914394626533779 -0.00389602327499903 -0.1530719623069294 -0.00488618230273939 0.9999620111417564 0.007218137105994872 -1.4515319797017026 0.003931348381478324 -0.007198958627764286 0.9999663591861202 92.71862024534323
0.9999869082019404 0.0033932549887841987 -0.0038300433332055803 -0.17643977720202647 -0.003367142114690239 0.9999711839589321 0.006803940777116706 -1.4710877509778364 0.003853020803401523 -0.006790955540670056 0.9999695181167055 94.0802215947218
0.9999786614211619 0.004855945946477704 -0.004369951209476279 -0.1866289184319904 -0.0048297055013945 0.9999703637232378 0.005995467270694808 -1.488744237302772 0.004398935741659128 -0.00597423388359396 0.99997247857317 95.46191356356238
0.9999828065804633 0.004158159715942064 -0.004134759433765697 -0.20099092101102348 -0.004137912958288045 0.999979466242753 0.004893339952222261 -1.4937726657972363 0.0041550221755035956 -0.004876146647006818 0.99997947928624 96.80360262610876
0.9999776146252125 0.005319931245737098 -0.00405814759664201 -0.21046143337599407 -0.005301227776880586 0.9999753411796021 0.0046058686658275085 -1.524443860841834 0.0040825507805217634 -0.004584252494718638 0.9999811585309558 98.16582791890903
0.9999632076849071 0.007797389982225346 -0.003575466794053325 -0.2400666397811309 -0.00778115679032754 0.9999594566873801 0.004531952779942629 -1.5419836960690831 0.0036106595442762348 -0.00450396486886581 0.9999833385840888 99.50640434713038
0.9999641548916435 0.007711238251592696 -0.003496528804741891 -0.24320252697655861 -0.007690301690549117 0.9999526535619158 0.005962374456780973 -1.5650335656797485 0.0035423408502145647 -0.0059352714992142565 0.9999761119054525 100.86554695073174
0.9999698642336567 0.006950196917739755 -0.003459099099657235 -0.26966767492557475 -0.006923479086718697 0.9999465630959856 0.007677004751529505 -1.5845372618236262 0.003512271253443121 -0.007652824557847454 0.9999645484893859 102.19635144412678
0.9999699744954164 0.0069866114589769 -0.003352215289207038 -0.27827579779331785 -0.006964336072383535 0.9999538927094357 0.006611391001046325 -1.6067775525758943 0.003398252239842364 -0.006587846674794056 0.9999725257055139 103.54000325205811
0.999968030284421 0.0073008832058980185 -0.0032612102483985297 -0.29265591829023424 -0.007288027254640612 0.9999656923010132 0.003936863486632941 -1.623425270402388 0.003289841225016849 -0.003912969922444886 0.999986932723575 104.87023129667483
0.9999755506442277 0.0060584692270782645 -0.003491854204493817 -0.31165251490049506 -0.006048794521139553 0.9999778563390656 0.0027746942228981503 -1.647326682163495 0.003508587579969282 -0.0027535049365960775 0.9999900539658918 106.19711263567994
0.9999810515898317 0.005219658641925751 -0.0032636802540379553 -0.32137910588902163 -0.005207824256487574 0.9999798715548803 0.003624232477897333 -1.6665519739053813 0.0032825320975919665 -0.0036071672090252356 0.9999881065965006 107.54269261323198
0.9999964014206905 0.00023890845623347236 -0.0026720896937749714 -0.332127581861428 -0.0002217254448025948 0.9999793091587343 0.0064290038828544215 -1.6941741600295919 0.0026735705805225386 -0.00642838840635753 0.9999757636309274 108.89290326474787
0.9999981331159261 3.5308358265376955e-05 -0.0019319717003412303 -0.3488199697919351 -2.197144677266137e-05 0.9999761748185642 0.0069028480101588595 -1.7162443489809571 0.001932169567876797 -0.006902792812779079 0.9999743087586361 110.25376141042366
0.9999990894969867 0.00015581607901925948 -0.0013404193701537911 -0.35740894691816505 -0.000148548427041411 0.999985298924135 0.005420319907861831 -1.7281835438263977 0.0013412443552772771 -0.005420115963494292 0.9999844115835259 111.55349531350606
0.9999984102218994 0.0017122804488324418 -0.0004976400091160154 -0.3720319467568427 -0.0017107163395206713 0.9999936480141344 0.003126880768347175 -1.7502452449425805 0.000502990989851597 -0.003126024539738902 0.9999949874734623 112.88804338800651
0.9999904164525341 0.004350392604557237 0.0004909986741566041 -0.37775264044123463 -0.00435092837217208 0.9999899353059309 0.0010948594743397627 -1.7824863276155931 -0.00048623070432977054 -0.0010969853063209417 0.9999992801009341 114.23048717317832
0.999980292021281 0.006023087209310421 0.0017714343890903623 -0.39675302252532085 -0.006023986877391586 0.9999817292471015 0.0005027585454252316 -1.7987509820930512 -0.0017683740145031195 -0.0005134197478773143 0.9999983046241312 115.53289164055857
0.9999575208596447 0.008621217228860226 0.0032605329272055073 -0.4081724319896579 -0.008628135272786008 0.9999605434320062 0.0021134993128224793 -1.8106715815119112 -0.0032421836138813442 -0.002141541898519129 0.9999924509915077 116.89722230454818
0.9999539521975329 0.008584642029027109 0.004289218113959834 -0.4091368849143808 -0.008604763310286916 0.9999519574110716 0.004694777503905081 -1.830485588480201 -0.004248709420301409 -0.004731469122747207 0.9999797806277235 118.2021774798898
0.9999496828626229 0.008551397869947361 0.00524455188309314 -0.41107965559995596 -0.008579326467125569 0.9999490132694896 0.005325977480946995 -1.8620256770356964 -0.005198740363580855 -0.005370704323957902 0.9999720639244224 119.56189042036772
0.9999469114592047 0.008250897688954617 0.006172271778626066 -0.4116435038841606 -0.008280998238377512 0.9999538671764745 0.004867093971097348 -1.8808023371409779 -0.006131829654632438 -0.004917948254165203 0.9999691067452715 120.88272963191368
0.9999135100203921 0.010735895086237313 0.00759690839750065 -0.4122714863290828 -0.01076614910139565 0.9999342309759284 0.003952692782089193 -1.8908176563076173 -0.007553973697010368 -0.0040341404438740056 0.9999633309208572 122.21326725812686
0.9998843498334272 0.012471999615035135 0.008702652487657095 -0.4171863813011105 -0.012507808095489766 0.9999134816455632 0.004072344488304997 -1.9115504113724755 -0.008651109998071931 -0.004180724713136001 0.9999538388498758 123.59290474255408
0.9998620143638388 0.013448515353635043 0.009751391713058704 -0.4242068295886853 -0.013479985201479994 0.9999041203706798 0.003168611324310664 -1.9426233066045564 -0.009707844453741944 -0.003299622784880995 0.999947433738018 124.92422021063656
0.9998367845381819 0.014502032431824824 0.010774753321225678 -0.4196750226081525 -0.014528840642442609 0.9998915371431505 0.002413871562592103 -1.959838355424255 -0.010738579523319428 -0.0025700223084177192 0.9999390370862072 126.26257676390044
0.9998517538087849 0.012827754325626436 0.011485604004055967 -0.41968197112491795 -0.012849715834574523 0.9999157455808191 0.0018402645962310531 -1.9828705172397296 -0.011461030796764913 -0.0019875785713245873 0.9999323448605709 127.62776742278537
0.9998407385485315 0.012582633667020603 0.012656020062134506 -0.4266490142800603 -0.012619010714327271 0.9999164610583852 0.002798482326952059 -2.0133360609324042 -0.012619751578527873 -0.0029577431470196 0.9999159932815456 128.9694691213705
0.9998300496166623 0.012673442485899173 0.013388641207943218 -0.41245913562438896 -0.012723016896908888 0.9999124919462737 0.003623992440523083 -2.043953065617588 -0.013341542259427854 -0.003793720523552348 0.9999038008378898 130.33966745459367
0.9998464608746385 0.011012450372894967 0.013630135458381704 -0.40263495761879076 -0.011071187173210935 0.9999297174149416 0.00424135237991617 -2.0749542700042807 -0.013582470959591527 -0.00439160303117056 0.9998981099597696 131.6694159140078
0.999855788428613 0.010264578171585857 0.013529255798144879 -0.3982018079738979 -0.010326833505161056 0.9999363718809272 0.004539683027413034 -2.102384926117919 -0.013481798161914707 -0.004678742813767729 0.999898170055173 133.07634450871788
0.9998875420331751 0.006990173665628257 0.013268034890788805 -0.39572277311425347 -0.007054528442536201 0.9999635493638878 0.0048097386183371775 -2.1129819680419217 -0.013233931469098972 -0.004902797545635461 0.9999004078555357 134.40758213331583
0.9999069084846317 0.005536048872612961 0.012471027324685082 -0.38232597866198753 -0.005594559389874729 0.9999734843998482 0.004661696310837014 -2.146919548722723 -0.012444890317522626 -0.004731032336838014 0.999911367088619 135.75030484533457
0.9999158291541905 0.006349430041752316 0.01131456311937947 -0.39213873820587697 -0.0063969958189457 0.9999708331496516 0.004172685777599063 -2.1982269485212225 -0.011287739883652864 -0.004244713851410261 0.9999272820195346 137.12741826647007
0.9999362642423227 0.004616321645640943 0.010303253150142494 -0.39004329841159424 -0.0046740679406862 0.9999734654921081 0.005587612030342167 -2.2173703919382812 -0.010277186408265722 -0.005635414111129908 0.9999313084116375 138.50538471614766
0.9999572045360486 0.002021415796467683 0.009027899977698114 -0.37426203787658396 -0.0020743147352686392 0.9999807139643107 0.005853966174831858 -2.232867804313337 -0.009015893322887419 -0.00587244246753763 0.9999421123652646 139.82192158293222
0.9999720712501989 -8.301957236243884e-06 0.007473731156620592 -0.3927346331343836 -3.261075401681489e-05 0.999985016671279 0.005474063226062204 -2.274017838941608 -0.007473665247832457 -0.00547415416813184 0.9999570880585061 141.21036229646123
0.9999785781223519 0.0020001814196080247 0.006232381040359138 -0.3967481125790498 -0.002029940117708709 0.999986552779768 0.004772169864612215 -2.3096459654387886 -0.006222752548787543 -0.00478471908684733 0.999969191429801 142.55081610773615
0.9999861669348753 0.0010986485474317612 0.005143822901093009 -0.3941788521876378 -0.0011213235490711189 0.9999896587649867 0.004407379891069215 -2.3241398819546464 -0.005138927976868416 -0.0044130868968861306 0.9999770577761248 143.8922651834246
0.9999908087560047 -0.00032686680646274585 0.004274993231481111 -0.3855163576865906 0.000316211755045313 0.9999968428310413 0.0024928572179769544 -2.361778032363923 -0.004275794926175497 -0.0024914825477813526 0.9999877549689811 145.25527674025653
0.9999827058331588 -0.005044908881935215 0.0030227370687335477 -0.39818597004628115 0.005040642699287881 0.9999862913062748 0.0014174321582119172 -2.384911242866076 -0.0030298467015972674 -0.0014021711286751305 0.9999944269551948 146.57409157818628
0.999926510752844 -0.011989373366828359 0.001796672644436074 -0.4073239113231988 0.011982862691619968 0.9999217506869816 0.003592143360920745 -2.414961956106805 -0.0018395997556733012 -0.003570350155108204 0.9999919342028218 147.96222885388661
0.9998073451430964 -0.019627017028039095 0.0002297995159962719 -0.40996726065066547 0.019625362972521085 0.9997906963200782 0.005780023509310855 -2.456562143499509 -0.0003431960607953035 -0.005774400159314708 0.99998326912013 149.27601365639902
0.9997892898734491 -0.02051303051243277 -0.0007690503382526872 -0.3902157276513545 0.020514824003660878 0.9997866687781142 0.0023997756536700476 -2.5049383931516163 0.0007196596689243813 -0.0024150469614720336 0.9999968248148214 150.63056322469922
0.9998110743821654 -0.019429441808897076 -0.000558873908094824 -0.4145701706644287 0.019429100037023063 0.9998110494157427 -0.0006128057156547851 -2.5375326295673624 0.0005706748307293644 0.0006018315501480329 0.9999996560648655 151.9771319936094
0.9998172806686195 -0.01911545791368081 6.74736078581891e-05 -0.4297986757186272 0.019115573717268998 0.9998083898012221 -0.004216457899197409 -2.5375864012647944 1.3138843393101013e-05 0.004216977365281247 0.9999911084250063 153.3212653154091
0.9998183612843358 -0.019034661048830046 0.000962354588825753 -0.4519293756229139 0.01903799002936661 0.9998123664396131 -0.003575869502126526 -2.587685802191434 -0.000894108631943987 0.0035935413689654077 0.9999931434908225 154.69695934946012
0.9997908648143699 -0.02040052319843872 0.0014301381792385767 -0.452285771740778 0.020400809684881435 0.9997918646894106 -0.00018509150197086187 -2.623638761423622 -0.001426064672655662 0.00021422879063068365 0.9999989602212271 156.02403144176637
0.999685363093471 -0.02501555310614801 0.0018430741057811847 -0.4373317435134829 0.0250110714677678 0.9996842531776393 0.002416661373215706 -2.6457931600099434 -0.0019029464388693143 -0.002369803770205244 0.999995381400713 157.37246146399363
0.9994811713188185 -0.0321694479799745 0.0015858068351379821 -0.4369272582245232 0.03216444097383159 0.9994778170152349 0.003089020162701267 -2.6544956608656647 -0.0016843509645298803 -0.0030364109339808317 0.9999939715661855 158.69995388006097
0.999443843601557 -0.033309644555332786 0.001571957707194486 -0.4327448328334499 0.03330327238631153 0.999437602623485 0.003920526450513539 -2.7150458686959227 -0.0017016651228304008 -0.0038659947382880385 0.9999910791696787 160.06497902537595
0.9994250426703911 -0.033784702625134666 0.0028597091649210744 -0.4495779005578441 0.03377216285367242 0.99942019545877 0.004325961579018322 -2.7177333763777844 -0.0030042026658041853 -0.004226895827107127 0.9999865539671394 161.43854890640762
0.9994827226158278 -0.03191400166720725 0.003972868071931485 -0.44698947781608656 0.03189797024188122 0.9994829824680378 0.004035748334417724 -2.733478577461308 -0.00409961124929171 -0.0039069343548109575 0.9999839643951783 162.77212828791977
0.9996054791535065 -0.02765942869844932 0.004882832299533586 -0.45101552813724943 0.027649834052090476 0.9996156251438354 0.0020220409192847183 -2.760216005555415 -0.0049368843717156 -0.0018862336912114953 0.9999860345474693 164.1118890426135
0.9996305829193185 -0.026598498245261094 0.005587270070792319 -0.45449542055632375 0.026592598281988906 0.9996457179828868 0.0011279350685201935 -2.7705224391259438 -0.005615292452096417 -0.0009789383559381858 0.9999837549503399 165.46897780750322
0.9996914145330187 -0.024165042057133865 0.005755558952537142 -0.45440089179764276 0.02415166295268014 0.9997054656230212 0.0023831026487242694 -2.801699588607602 -0.005811452005735899 -0.0022433609589588457 0.9999805969875262 166.81729485011738
0.9997188728417753 -0.02297295473643915 0.0058667404849972685 -0.44076072263662047 0.02295744343010315 0.999732802605028 0.0026979961146703186 -2.830072178782368 -0.005927154346901054 -0.002562552299998256 0.9999791508633576 168.15474610849634
0.9998091259663232 -0.018784015999293996 0.00537330353664389 -0.44547322577475146 0.018783324027193134 0.9998235616996943 0.00017944610378167384 -2.8795936257152337 -0.005375726651409729 -7.848333355682455e-05 0.9999855475943421 169.55821214753976
0.9998689281620562 -0.015463133405546893 0.0047977094975053675 -0.4609618884966834 0.01547668120716961 0.9998763100962074 -0.002799435246207882 -2.9034261502408976 -0.004753828431547832 0.002873321011834388 0.9999845724490122 170.9660285877753
0.9999330147219665 -0.01045751628288833 0.004960487646118452 -0.45987482675884267 0.010478035900061097 0.9999365803560009 -0.004128682579418 -2.925129023704761 -0.004916997706641224 0.004180382280503811 0.9999791735490641 172.29295319684695
0.9999653995408254 -0.006181569399295964 0.005566680735642341 -0.4522412448384885 0.006201403138570585 0.9999744601961194 -0.0035526816898007033 -2.9614313674928967 -0.005544577886340626 0.0035870800767126773 0.9999781950155189 173.65339414014076
0.9999781739239968 -0.002662592227150505 0.00604667580622615 -0.4758127844060662 0.0026684801469991307 0.9999959731564794 -0.0009658575243340884 -2.993779177293723 -0.006044080283861794 0.0009819719041107816 0.999981252233476 175.06024814050676
0.9999804258215182 -0.000988414680095296 0.006178269823818368 -0.45807594699044807 0.0009789431630690768 0.9999983413635734 0.0015358836553724187 -3.0245276157243617 -0.006179778187197233 -0.001529805441073076 0.9999797348100968 176.39106671405526
0.9999683067323929 -0.004377873685726282 0.006649794363328994 -0.45702297654624824 0.004362503281878316 0.9999877832470334 0.0023242021271968364 -3.039800997429776 -0.006659888748413393 -0.002295118752366823 0.9999751888450589 177.8377659450382
0.9999711776804853 -0.006009901951712759 0.004639493459745442 -0.40467644515217 0.00599788140951202 0.9999786309657689 0.002600581191372692 -3.061258998845335 -0.004655023947105503 -0.002572679147336638 0.9999858559345821 179.17929419144323
0.9999648431785482 -0.008120480434299244 0.0020905062052416976 -0.4286027152249803 0.008122773408145238 0.9999664151618927 -0.0010904547670917716 -3.0765068198026175 -0.002081581155566609 0.0011073971681170385 0.9999972203403676 180.49631707986643
0.999980438431013 -0.006184651967803318 0.0009342613661907574 -0.4403980187066747 0.006189522293951637 0.9999667840525409 -0.005302885809849488 -3.114535210758555 -0.0009014339107316996 0.005308564818734403 0.999985503172423 181.9526339435833
0.9999985174314937 -0.001545590135889851 0.0007591372871793122 -0.44126456957581 0.0015502039469510766 0.9999801012374437 -0.00611506292541027 -3.142504437446688 -0.0007496708685878158 0.006116230799371298 0.9999810146763867 183.33197487193937
0.9999987545303216 0.0015135588540020764 0.0004472979511961335 -0.44412147819168024 -0.001511028037998804 0.9999831478828359 -0.005605421247373599 -3.1573173541212958 -0.00045577459142870803 0.005604738495925074 0.9999841894625633 184.65997039493453
0.9999902948132462 0.0042252675152391625 0.0012479533191693203 -0.4370654425316406 -0.00422304567076257 0.9999895024080583 -0.001777910898967036 -3.192317666529734 -0.0012554524756488996 0.0017726235128717918 0.999997640818717 186.10689033039446
0.9999842898409944 0.005356661289496795 0.001651133777531146 -0.43630662163792616 -0.005357872909221597 0.9999853800089888 0.000730052485294551 -3.22733256933983 -0.001647199133034255 -0.0007388875983148413 0.9999983703876466 187.46949230805632
0.9999935757259367 0.0028959232506795413 0.002112376145882126 -0.42844283322543747 -0.002897447048245485 0.9999955442182312 0.0007185745856208296 -3.2292653087595626 -0.002110285974684224 -0.0007246904821128351 0.9999975107539323 188.95107759142866
0.999995405225691 0.0023905778844671433 0.001864044844730358 -0.4234736280583904 -0.002393034593341864 0.999996269775653 0.0013167476078344558 -3.2539749389307744 -0.0018608902600593135 -0.0013212023078297789 0.9999973957513859 190.34153944013002
0.9999976279565447 -0.00039411640946502603 0.0021421384324726463 -0.4116432722381858 0.00038985012179746856 0.9999979406362637 0.001991667427914306 -3.2784625670904024 -0.002142919149294926 -0.001990827627856572 0.9999957222410119 191.69316939080113
0.9999939014292436 -0.002492978763245196 0.0024458471132091627 -0.4160983047575865 0.002488441261695567 0.9999951804370694 0.0018565448444486253 -3.2961944613406335 -0.002450463857574221 -0.001850447207871112 0.9999952855234262 193.14808320248778
0.999977995553504 -0.005975385086007841 0.0028815261571640766 -0.4090974511537695 0.0059670542703099995 0.9999780172846936 0.0028912285926295843 -3.3281308008073647 -0.0028987392598220814 -0.002873970799495704 0.9999916687649735 194.51657081431009
0.9999212879957051 -0.012174660850259448 0.003032401733017876 -0.3948896261041821 0.012161603917168516 0.9999168511276875 0.00428791440944523 -3.3290495247261394 -0.0030843537522458114 -0.004250698102266476 0.9999862090671873 195.9760829959216
0.9999019378397997 -0.013566524748309659 0.0034733449184562813 -0.3843477165151607 0.013548590845997915 0.9998950229105166 0.005136032866380704 -3.3806322643044804 -0.0035426587080727235 -0.00508847037376384 0.9999807783329328 197.3728976422447
0.9999349867175793 -0.010841338489343176 0.003533798559842285 -0.4034534012295529 0.010837470169111997 0.9999406543829857 0.0011121790670680363 -3.4113662415579156 -0.003545646652098458 -0.0010738093341626917 0.9999931376360175 198.7996602610848
0.999977533371587 -0.005116314252231998 0.004330830431768248 -0.4218669490503881 0.005133716125377906 0.9999787560061585 -0.004016526940693298 -3.4455197811110465 -0.004310188980783516 0.004038670043923769 0.9999825555528461 200.24329342880978
0.9999694278070449 0.005000783509665771 0.0060112903712854415 -0.44218910395131517 -0.00496744208216463 0.9999722677618693 -0.005548714825291809 -3.466872927891919 -0.00603887210150925 0.00551868456201011 0.9999665375092264 201.65034864826717
0.9999222141057899 0.010052759351985664 0.007382936473088939 -0.47113266226981254 -0.01003717216645426 0.9999473249264506 -0.0021453602101587613 -3.488364748425864 -0.007404114994316733 0.0020710895660694434 0.9999704443943762 203.12872600298843
0.999865064107283 0.014215710494779784 0.008232078929436858 -0.45690156649612096 -0.014224129261837404 0.9998983663918221 0.0009649195801082532 -3.5508928748477384 -0.00821752595060109 -0.0010818835581340145 0.9999656503042976 204.55428145942236
0.9998933949399724 0.012312683975245382 0.007848346684452313 -0.47160429158216055 -0.012324529566475624 0.9999229803860146 0.001462633428502847 -3.586031186480903 -0.007829733925825201 -0.0015592047189285432 0.9999681315625641 205.98921439949427
0.9999404384893869 0.008895667489697962 0.006323492726044483 -0.4365346058573832 -0.008902130516063655 0.9999598806630031 0.0009945633025096906 -3.603444694919853 -0.006314392260605298 -0.0010507966447660274 0.9999795119254417 207.4436838955673
0.9999658086969273 0.006877142500501765 0.004591986401979698 -0.4021446137955185 -0.006878743651001458 0.9999762857630129 0.000332883768257096 -3.639533675391954 -0.004589588605422532 -0.0003644594925500712 0.999989401364091 208.85745105057876
0.9999619946404555 0.00784873487919239 0.0037956057886259628 -0.401087834587914 -0.007847227749013681 0.9999691251943689 -0.0004119362599331588 -3.66555433019732 -0.0037987221003662856 0.0003821356256909531 0.9999927118125034 210.35559539287237
0.9999515867532996 0.00902612442278303 0.0039183175204776455 -0.40691836549050747 -0.009024782266329655 0.9999592109480101 -0.0003602295020023057 -3.6997684916058993 -0.0039214095045597445 0.00032485010233088585 0.9999922584776164 211.79832046265872
0.9999428156789605 0.01010355384572333 0.0035047900058751925 -0.40423949171532897 -0.01010489343049776 0.9999488778277451 0.000364530924776352 -3.7258618016655043 -0.0035009280717444346 -0.0003999256216004921 0.9999937917596607 213.25047043510867
0.9999468382375154 0.009853812654780816 0.003036948550584855 -0.41590617471656494 -0.009854002967387594 0.9999514470171793 4.749830731337864e-05 -3.7636914996082522 -0.00303633331541228 -7.742188885121064e-05 0.9999953873303562 214.6873719543344
0.9999487730851174 0.00970840048563466 0.0028632407092879066 -0.4144301559172469 -0.009706869728077641 0.9999527369413612 -0.0005482568208652139 -3.8011099349544977 -0.0028684283240086746 0.0005204356359505381 0.999995750621941 216.18165654884206
0.9999610701835369 0.008451304926572879 0.0025364438469188165 -0.4228862813419517 -0.008448613320293197 0.9999637371176651 -0.0010702341555154323 -3.8248954547712857 -0.002545396959848772 0.0010487630744943578 0.9999962105162522 217.63428070567193
0.9999490040364079 0.009897904017975294 0.0020051939852369343 -0.4105348537773293 -0.009896077679227837 0.9999506103283792 -0.000919006551037793 -3.8579071144169927 -0.0020141913595767376 0.0008991161417525136 0.9999975673072844 219.11292649584885
0.9999317912837107 0.011491450601116634 0.0020878981774034725 -0.41928843810119465 -0.011488162044599138 0.9999327596158026 -0.0015806351261519122 -3.8977296060355404 -0.002105921756758684 0.001556541224054631 0.999996571129104 220.61482269442328
0.9999639957739319 0.008293867144027876 0.0017941315856460584 -0.4345130921253016 -0.008291025872850737 0.999964371711309 -0.0015856279873821943 -3.9135284169839633 -0.0018072188062124434 0.0015706957327541293 0.9999971334321172 222.07281936868563
