1.0 -3.469446951953614e-18 0.0 -1.7787691892340307e-19 0.0 0.9999999999999999 -3.5575383784680614e-19 0.0 2.168404344971009e-19 -2.371692252312041e-19 1.0 0.0
0.9999999398638733 -7.08535559765227e-05 -0.00033948727388392647 0.05569069961672338 7.123806521749064e-05 0.9999993559314045 0.0011327230995349811 -0.026761272848715878 0.0003394068273799933 -0.0011327472383819146 0.9999993008434594 1.3159701006825606
0.9999991075624272 -0.0005587901877283866 0.0012135198795759842 0.11108300046058615 0.0005566348298350308 0.9999982684086526 0.0017757635472657302 -0.04833477912174309 -0.0012145101586562628 -0.0017750865086460634 0.9999976870130872 2.5650198957187875
0.9999987277341708 -0.0013711703096487438 -0.0008151213573371052 0.0293226126577605 0.0013721732063513344 0.9999983009229937 0.0012309709633027588 -0.07819810069296888 0.0008134321713832067 -0.0012320879087630984 0.9999989101438996 3.935599076672819
0.9999976110066706 -0.0021720150600020287 -0.0002456305730874765 0.019045349850103442 0.00217229201532026 0.9999969994522051 0.0011323562082544952 -0.09418959817912342 0.00024317036294335768 -0.0011328871052595935 0.9999993287175435 5.2504674271315555
0.9999970131481366 -0.0023790090867764086 -0.0005603687990565023 0.02642843456644274 0.002379812594653731 0.9999961352684057 0.0014373366101428054 -0.10848340529995273 0.0005569472449245539 -0.0014386659167444737 0.9999988100249229 6.573590706863314
0.9999940907461874 -0.0034123963499568255 -0.0004171666358482246 0.015486744668584587 0.0034133757124720065 0.9999913674097042 0.0023693811632504135 -0.14660849551223995 0.0004090778037188869 -0.00237079115288669 0.9999971059986789 7.910268236933403
0.9999935409804036 -0.0035864051869686376 -0.00023600835955513112 -0.0034588036447070255 0.003586999691902154 0.999990270140807 0.00256769380172849 -0.16304888280760627 0.00022679729435896292 -0.0025685238269207342 0.9999966756190578 9.22730867700016
0.9999940085163069 -0.0033508567023464147 -0.0008687313624580303 -0.0002861170725003727 0.003352550428358891 0.9999924685122905 0.00195533098559608 -0.1842794724613399 0.0008621728603633722 -0.001958231772696195 0.9999977109913847 10.563343160921011
0.9999994384875742 -0.0008579048863849078 -0.0006221126142700998 -0.025982476398892118 0.0008575455641076889 0.9999994654329009 -0.0005777094773106056 -0.2047199284186085 0.000622607953696424 0.0005771756745328853 0.9999996396141805 11.877581295397484
0.9999966357917947 0.0024838316645622973 -0.0007476494640526845 -0.02094952310343541 -0.002484911719529609 0.9999958657870175 -0.0014469371870613763 -0.2391960309454488 0.0007440524862418816 0.0014487901882265304 0.9999986736960794 13.222573812235972
0.999984974834356 0.005453429438608628 -0.0005569570979974722 -0.045743981858578295 -0.005454284400501933 0.9999839323626059 -0.001544606511824339 -0.2551780510979577 0.0005485247911275713 0.001547621132147454 0.9999986519941348 14.562638382824666
0.9999835650050358 0.005732388591037137 -9.71043389202935e-05 -0.06512939286438763 -0.005732475055524527 0.9999831544325483 -0.000910819653539895 -0.2857164056161463 9.188153760034123e-05 0.0009113613459220404 0.9999995804890693 15.908258921657593
0.9999908560414356 0.004276400232758044 -1.5046530627561101e-05 -0.05384346443901256 -0.004276368761432121 0.9999894120951903 0.0016995221618841595 -0.31620159376042495 2.2314211270698043e-05 -0.0016994423137985843 0.9999985556980664 17.25828911021997
0.9999999198423587 -0.00031538218167465916 0.00024667840432401086 -0.06849939249851228 0.0003144365182970784 0.99999263762784 0.0038243716455420365 -0.34176491657488917 -0.0002478827446792801 -0.0038242938492230242 0.9999926566386019 18.61508167410708
0.999997097120742 -0.002394338415145617 -0.0002699939784361607 -0.06014952769745863 0.002394849389308489 0.9999953125243445 0.0019077793091473846 -0.38065836664568586 0.0002654248677045137 -0.0019084204020060592 0.9999981437392529 19.957849575239024
0.9999954316799221 -0.003022267803587369 5.020969164129985e-05 -0.07241450576085678 0.003022295257403501 0.9999952805070472 -0.0005519879958836503 -0.3801669759090997 -4.854120347299912e-05 0.0005521372359742151 0.9999998463940291 21.30540860018958
0.9999993449544649 -0.001101469460669073 0.0003112199394988556 -0.08299992923711245 0.0011019617358937316 0.9999981354344706 -0.0015858141005918207 -0.43712975176429636 -0.00030947266077651216 0.0015861560466337713 0.9999986941666664 22.65823106670735
0.9999987178811266 0.001274895837046805 0.0009689561038244217 -0.08872975585996952 -0.001274373781246162 0.9999990425674431 -0.0005392938994352363 -0.4348865649576099 -0.0009696428021276412 0.0005380584061603317 0.9999993851420692 24.0262192525125
0.9999975150874071 0.0012964396985922534 0.0018135775138746848 -0.10130543644437023 -0.0013030145412001749 0.9999925668561557 0.003628827223216038 -0.45666912384787256 -0.0018088596276213187 -0.0036311813948594965 0.9999917712395298 25.4216722423075
0.9999980005586045 -0.0003054324346455344 0.001976257323333913 -0.09572235343041668 0.00029641260720896477 0.9999895464823294 0.004562791265223133 -0.482179201118032 -0.001977630452339037 -0.004562196442679546 0.9999876375934488 26.79116641564094
0.9999888567699905 -0.0043032081955313856 0.001941325199904805 -0.10090831374883666 0.004295784743375995 0.9999835067232944 0.003812152705415645 -0.5129722193159303 -0.0019576978299098453 -0.0038037707806292294 0.9999908493307168 28.158141801302246
0.9999875389727951 -0.004644380361078351 0.0018307481739315032 -0.11403261930089875 0.004642159355210456 0.9999884861202202 0.0012157208426755856 -0.5271365520359746 -0.0018363735188080916 -0.0012072070875265022 0.9999975851875886 29.51650878864869
0.9999864034640905 -0.004563803103652734 0.002522815409137379 -0.11604328679862028 0.004565587775370814 0.9999893312494597 -0.0007019896894559843 -0.5751744522077057 -0.002519584964315245 0.0007134982996261427 0.9999965712983115 30.9073356639703
0.9999934960699663 -0.002075806617299612 0.0029493815511628897 -0.12604067706092853 0.0020816988271458847 0.9999958411082813 -0.0019960694404746395 -0.5764424568231161 -0.00294522608123505 0.002002196225743128 0.9999936584047148 32.292871498412076
0.9999940476166631 -0.00021837192362646023 0.0034434066807214137 -0.12714918352028365 0.00023203627872839597 0.9999920990963561 -0.0039683628713351946 -0.6241015163428432 -0.0034425131898033726 0.00396913832658964 0.999986197424449 33.67362555780646
0.9999930722486631 0.0002460729133833793 0.003714149555168175 -0.1416853882341526 -0.0002314587017207704 0.9999922324025262 -0.00393466162317974 -0.6410568563499679 -0.0037150892359757628 0.003933774772956802 0.9999853616544991 35.06526539643944
0.9999948335037158 -6.213887776436444e-05 0.0032138930885354717 -0.14164389292722418 6.930595723661503e-05 0.999997511220399 -0.0022299663186150557 -0.6836980534760112 -0.0032137467956588404 0.0022301775860583714 0.9999923490383456 36.45861457574872
0.9999944288148278 0.0012272598226969146 0.003104218819143806 -0.15537406500783119 -0.0012234607718698805 0.999998500691306 -0.0012254636288436408 -0.7031720101936585 -0.0031057183907722786 0.0012216589372727013 0.9999944310138174 37.858729501844955
0.9999914014976011 0.0032498787394405525 0.0025758913896232463 -0.15213813674024096 -0.0032479760843551475 0.999994449615058 -0.0007425607686870675 -0.7285970077910242 -0.0025782905435885886 0.0007341879642274979 0.9999964066847611 39.25579890640401
0.9999833637888981 0.0048543794643649595 0.0031156283438981422 -0.16775395169802454 -0.004851831978566188 0.9999878896581003 -0.0008247867097327425 -0.7526348576118107 -0.0031195947048484546 0.0008096564979542313 0.9999948062771055 40.65289241468083
0.9999612068028331 0.008213483128964028 0.003181755896677463 -0.18153534502946317 -0.008212104790863031 0.9999661805615192 -0.00044619043853996764 -0.7886640571148282 -0.0031853133391741657 0.00042004422112453985 0.9999948386555364 42.07833731770207
0.9999519487208853 0.009372873189459292 0.0028721908413275304 -0.18458450391024228 -0.009371778421060687 0.9999560060747309 -0.00039459510670517635 -0.8166986533186495 -0.0028757632161982927 0.0003676586121655435 0.9999957973958288 43.467360666304614
0.9999603004492267 0.008574311456020412 0.0024246016254712618 -0.19513656427910378 -0.008573163149564402 0.9999631327195582 -0.0004838326982088552 -0.8451073639136119 -0.0024286609754193477 0.000463026989495756 0.9999969435996277 44.894104576304684
0.9999663765650396 0.00805699603767174 0.0015266103152082075 -0.1857898768193536 -0.008055397684518344 0.9999670028603578 -0.0010506074741030535 -0.8801476547836535 -0.001535024812776915 0.0010382747114151712 0.9999982828396157 46.28989911867554
0.9999708626650379 0.007599471083427916 0.0007223884987171464 -0.20276433591008594 -0.007599007341478101 0.9999709202592485 -0.0006432258470106548 -0.9102727734980468 -0.0007272557305405452 0.0006377176769593411 0.9999995322069508 47.72457453460693
0.9999694510278081 0.00780955836181983 -0.00032831716957617 -0.2071554371950696 -0.007809523181390507 0.9999694991849664 0.00010983666126541211 -0.9374167843509215 0.00032916495885156765 -0.00010726931368488747 0.9999999400721243 49.12172890957973
0.999961688073587 0.008647119803067788 -0.001360030506550807 -0.21688188609443382 -0.0086469794534694 0.9999626081934688 0.00010945385894650252 -0.9667180877186842 0.0013609262277177103 -9.76895193677519e-05 0.999999069168974 50.548348849546834
0.9999596150483179 0.008647552580112917 -0.0024470561139962868 -0.22895160930345715 -0.008646648854936633 0.9999625448858993 0.00037987860207215965 -0.9880680902532077 0.0024502496862180145 -0.00035870444143392836 0.9999969338012544 51.99911664367855
0.9999532737030253 0.00898246793180559 -0.00357290554940649 -0.2424982490143851 -0.008977993800476447 0.9999588949991584 0.0012664750273339088 -1.0222506587032023 0.003584135059756823 -0.0012343383598977145 0.9999928151699212 53.40815408269111
0.9999604279418176 0.0077675656220766555 -0.004336755693793763 -0.25746404611245755 -0.0077588603094554676 0.9999678579673531 0.0020206768748096287 -1.0514372703552317 0.004352312410796449 -0.0019869486794944235 0.9999885546446267 54.861495179192524
0.9999753087901653 0.004991794184441812 -0.0049460874899013565 -0.26004644213827394 -0.004978776806720046 0.9999841190026038 0.002640744836246121 -1.065366267782611 0.004959191416705844 -0.00261605422680128 0.999984281221938 56.26203587901197
0.9999803787262922 0.0033787735653525 -0.005275038857741757 -0.28517397990030646 -0.003367316438142625 0.9999919557449154 0.0021793648799891 -1.0967246791409853 0.0052823604523652935 -0.0021615594425050738 0.9999837120371895 57.690719025305896
0.9999843780094675 0.0019400049245853219 -0.005242146903926009 -0.30266785048220773 -0.0019285340578830967 0.9999957370767928 0.002192393124393664 -1.1201091612992964 0.005246378255520469 -0.0021822492647734157 0.9999838565267507 59.1375487837836
0.9999862106296279 0.0015695519451045404 -0.005011491273032315 -0.30717767464272955 -0.0015560848590340133 0.9999951711583316 0.002690030131273284 -1.1545245836776985 0.005015689641301091 -0.002682194789907804 0.9999838242186035 60.540412828904
0.9999902293238104 -0.00030514280987683357 -0.0044100041805855625 -0.3270076607050463 0.0003209657064389415 0.9999935127188396 0.003587687277116733 -1.1779795296693205 0.004408881190195054 -0.00358906775718591 0.9999838400536496 61.9968099534834
0.99998782035281 -0.00277251029717613 -0.004083176341963923 -0.336502555895148 0.002785392777298938 0.9999911510897683 0.0031526694398781464 -1.2003111743014898 0.004074399748898806 -0.0031640043549219024 0.9999866940871841 63.39755198476129
0.9999870036594872 -0.0034661670868915695 -0.0037387425427562815 -0.3459591469499333 0.0034738328979423486 0.9999918736211151 0.002045769172967184 -1.2327673312745697 0.0037316214998079854 -0.002058730393255963 0.9999909182774687 64.81219710281509
0.9999904285356589 -0.00325333851906999 -0.0029255127677705155 -0.3577480701959098 0.00325924479197617 0.9999926558679377 0.002016315604105143 -1.265112132334407 0.0029189317737412703 -0.0020258313070773745 0.9999936879052634 66.26787680996343
0.9999964807959913 -0.0013588504196491522 -0.002278578357867652 -0.3727111469767449 0.001363044712580112 0.999997377939055 0.0018401689369952504 -1.2950113290895378 0.0022760720629018526 -0.0018432683023900478 0.9999957109218899 67.63041030815248
0.9999977564886222 0.0013044080914086948 -0.0016689913808321313 -0.3903371312892563 -0.0012993405285484858 0.9999945537456931 0.003033841586090895 -1.3214323203208096 0.0016729398023468086 -0.0030316662536028376 0.9999940051198015 69.10237153327495
0.9999895117477134 0.0045172211130632585 -0.0007557103326182085 -0.407099137910196 -0.004514034629090221 0.9999811305369846 0.004166781620652857 -1.348101330341198 0.0007745184152175835 -0.004163326701931943 0.9999910333768716 70.45820220713979
0.9999619972294597 0.008716344012900695 0.00017153737335757753 -0.4286655943792943 -0.008717086563939463 0.9999497702418227 0.004946656755445306 -1.3786256488260107 -0.0001284120024770824 -0.004947964179010083 0.9999877505058729 71.91375207010094
0.9999240892415034 0.012306856765173171 0.0005974965716216826 -0.43500522004875386 -0.01230934267476587 0.9999147716260307 0.0043508155309838455 -1.3926960609116 -0.0005439008276073732 -0.004357840142200039 0.999990356654171 73.2749568726443
0.9998699005064051 0.01607846648403469 0.0012903238932961772 -0.4491892191611143 -0.01608326445418166 0.9998634441726856 0.003797585242511998 -1.4183261348155907 -0.0012290884467613416 -0.0038178438855691055 0.9999919566720006 74.67675749997831
0.9998339233316623 0.01810053671225066 0.002120442906965862 -0.4655795553783714 -0.018108483457235522 0.9998288452923486 0.0037898546228844945 -1.4468834083299882 -0.0020514817517995054 -0.0038276233093985437 0.9999905703157561 76.1168917229548
0.9998356756877764 0.017963460010688527 0.0024363249976185903 -0.46929753960393283 -0.017973453969002476 0.9998298780749514 0.004143659037506925 -1.4702984811730246 -0.0023614762691554743 -0.0041867674031453965 0.9999884471364119 77.49208184782964
0.9998529767685829 0.01696669201713303 0.0024811622294844907 -0.4754684146218028 -0.01697673761606365 0.9998475404491184 0.004084884707985041 -1.5045732592849128 -0.0024114771733135696 -0.004126406267555121 0.9999885787081937 78.89974801822864
0.9998684107718883 0.016062081411828036 0.002273904440074293 -0.48067152150880577 -0.01606882363444887 0.9998664532482099 0.0029780225115867164 -1.526007666529453 -0.0022257677141274746 -0.003014169675215033 0.9999929803437811 80.27897797149842
0.9998736547358708 0.015767932669052895 0.0020116722994569227 -0.48657844599069705 -0.015773917254379346 0.9998711012754891 0.002994062412604802 -1.561850696889295 -0.001964202987437124 -0.003025416149504825 0.9999934943596603 81.65519626736324
0.9998845428715891 0.01511256061422194 0.0015847400332949244 -0.49452571829429226 -0.015117753987282243 0.9998802171293646 0.0033173704018918016 -1.580277900289823 -0.0015344163751957714 -0.003340945173966575 0.9999932418022855 83.06588939629775
0.9998868473298548 0.01498212540555324 0.0013521901061353228 -0.5112356189092311 -0.014985497263131545 0.9998845401451374 0.0025181916007433317 -1.607448089061327 -0.0013143062300370076 -0.0025381699622093455 0.9999959151371443 84.41986472897028
0.9998793010419643 0.015527556512834127 0.0005275381170550969 -0.5149686952476863 -0.015528970719347928 0.9998755267845855 0.0027896318654738717 -1.6298833225411387 -0.00048415632584643937 -0.0027974873504271287 0.9999959698203712 85.8337549237798
0.9998966405517481 0.0143626611163903 -0.0006497239527081867 -0.5299558266042389 -0.014360288402147477 0.9998906853728654 0.00352128634484249 -1.6624734233380363 0.0007002280319780483 -0.003511592244071197 0.9999935891806756 87.18222769762748
0.9999110669815111 0.013215372974505658 -0.0017922079135929503 -0.5355698914435474 -0.013206649992082611 0.9999012907293572 0.0047951251649588685 -1.6920999224508249 0.0018554005334160395 -0.004771029763044683 0.9999868972982097 88.56945541072594
0.9999327258703272 0.011233463398674537 -0.0028901560550653694 -0.540122567039402 -0.011218534561417153 0.9999239056313458 0.005131028587065389 -1.7171258227200081 0.0029475756048184054 -0.005098260197479016 0.9999826596233985 89.94563268636408
0.999948943314852 0.009355893934772097 -0.0038181126516588135 -0.5534337694853504 -0.009335081817501641 0.9999416679986872 0.0054329427485392875 -1.741701899690292 0.0038687203003370616 -0.00539702308318714 0.9999779523337515 91.31661204435618
0.9999533596346458 0.00868775565209551 -0.004219174104634607 -0.5688758587108164 -0.008667774482516105 0.9999512408290567 0.004731349467240432 -1.7663897946753524 0.0042600735525447336 -0.004694558048379183 0.9999799062517283 92.69848073674486
0.9999645482710795 0.00709002136706579 -0.0045424414734237 -0.5798806932382999 -0.007069170014624547 0.9999644779734284 0.004590167784607312 -1.794171187885908 0.004574824894220371 -0.004557893863152507 0.9999791480778746 94.03942186706604
0.999965112683196 0.006954915767825148 -0.004626287907622838 -0.6034875737407388 -0.006936114261314094 0.9999676709039781 0.004067859303607974 -1.8156054155926418 0.004654430358893209 -0.0040356290140326455 0.999981024813146 95.41925915986617
0.9999707119869078 0.0062406386791582545 -0.0044305277511524745 -0.6098481918962233 -0.006226793588430618 0.9999757086223257 0.003131967254693972 -1.8342191523719849 0.004449965981695602 -0.00310428761338581 0.999985280496815 96.77556308995524
0.9999624509521743 0.00747167901781678 -0.004389837611162087 -0.6291732885176838 -0.0074603130476101264 0.9999687914913401 0.0025999591946122527 -1.8635004888557558 0.004409127045649042 -0.002567112065719031 0.999986984686914 98.10301457243452
0.9999547140765593 0.008608630029023406 -0.0040572476728702265 -0.6503979319009296 -0.008597979182430729 0.9999595637737412 0.002635448664397459 -1.8822311086568995 0.004079771561932146 -0.002600445245808213 0.9999882965098549 99.46255631970438
0.9999542260472242 0.008678788969948621 -0.00402795305005282 -0.6557076691742102 -0.00866222207173319 0.999954025577939 0.004112500123995737 -1.9145485030744138 0.00406345973410455 -0.0040774209451128205 0.9999834313337139 100.78419387049335
0.9999523542792285 0.008970927706806341 -0.003848584227151383 -0.6798275640888832 -0.00894984855396958 0.9999450429966772 0.005459964797491802 -1.9373189651294833 0.003897354003162625 -0.0054252605245251745 0.9999776883454019 102.12327729696878
0.9999523884768318 0.009050266943042059 -0.0036487560888068832 -0.6943620536385402 -0.009034084583208236 0.9999493898091758 0.004427545024669104 -1.9623726609331447 0.0036886422036500038 -0.0043943711479211105 0.9999835415789133 103.48789354993848
0.9999530256555185 0.009032661197770964 -0.0035153218417975137 -0.7045648421368438 -0.009026183335304966 0.9999575436434145 0.0018544391742554482 -1.984750742157082 0.003531923414192102 -0.001822622169479327 0.999992101754913 104.80351049515649
0.9999621797273446 0.007798513018464341 -0.0038499721897968355 -0.7274961884423348 -0.007796925986571597 0.9999695122716099 0.0004271873129355993 -2.0083436807568233 0.003853186564156604 -0.0003971532253162023 0.9999924975867724 106.1183292295824
0.9999730179835286 0.006526839121287972 -0.0033710022985737878 -0.7315861497296433 -0.0065208434908669115 0.9999771429802825 0.0017866533532197295 -2.0417087151304347 0.0033825867333760916 -0.001764623409843883 0.9999927220823501 107.48858091648573
0.9999902609098908 0.003285259054366505 -0.002947057349788655 -0.7395708066734884 -0.0032749581334177 0.999988535209119 0.003493437396013237 -2.0573586922282603 0.002958500661858751 -0.0034837519572605102 0.9999895553215197 108.81810231292937
0.999995479795628 0.0021568744019251013 -0.0020948206931292487 -0.7564657146665494 -0.0021478945844315535 0.9999885358434106 0.004279571642966613 -2.0885739394223557 0.0021040273574404324 -0.004275052932029183 0.9999886484334988 110.14613130002479
0.9999975815458927 0.0015968219699710288 -0.0015123017850622433 -0.7680865966206536 -0.001591867550460379 0.9999933809419297 0.00327170171694486 -2.11486543380711 0.0015175162310217595 -0.0032692864872400805 0.9999935044356695 111.47055134146757
0.999995560596729 0.0028711329014068036 -0.0007971048959391925 -0.782578621935067 -0.0028705196745517653 0.9999955838855491 0.0007696306153647877 -2.136905815377943 0.0007993111555961226 -0.0007673391113504729 0.9999993861466911 112.7941304324867
0.9999832229541311 0.005768280603632327 0.0005298475155829153 -0.7804979964366748 -0.005767671305592071 0.9999827112513633 -0.0011450667074451948 -2.173104201370388 -0.0005364434679012234 0.001141991528823924 0.9999992040410979 114.14398113069167
0.9999626963212602 0.008455476593594007 0.001763764590993524 -0.8020603624642452 -0.008452529711776445 0.9999628790399183 -0.0016719157415813154 -2.192544213270392 -0.0017778361149123094 0.0016569451279922097 0.9999970469101253 115.4516044622283
0.9999484456674667 0.009614609322387101 0.003265773607090206 -0.8136604516241804 -0.009614878636409602 0.9999537737800485 6.658433914640699e-05 -2.2194046285128937 -0.0032649827367647773 -9.798092995950816e-05 0.9999946651274597 116.81940146053617
0.9999501863375129 0.009072139184095517 0.004161864846889832 -0.8221112702359029 -0.009083014580512777 0.9999553644104635 0.0026015480917189263 -2.244934957592775 -0.0041380778213543044 -0.002639220833765367 0.9999879553379238 118.11237899477251
0.9999476673996501 0.008877851245450487 0.005083916334994112 -0.8215456980101687 -0.008895024631556643 0.999954775697403 0.0033652809154060227 -2.274935345527742 -0.005053810379944588 -0.0034103264324318264 0.9999814141619582 119.48378340802128
0.9999360118119127 0.009524862069176927 0.0061032179265641685 -0.8212177334544623 -0.009539767404289877 0.9999515726997047 0.002417667099580241 -2.2976406960326727 -0.006079894930941292 -0.0024757357280226974 0.9999784525700937 120.81244475753068
0.9999096153806807 0.011174720769181974 0.007475738453478837 -0.8187333375085606 -0.011191782259053585 0.9999348516298493 0.0022442218575427038 -2.3225545398658647 -0.007450173497116098 -0.0023276858997744597 0.9999695379294766 122.11381155029785
0.9998804704143475 0.012852546664406933 0.008594003927433586 -0.8261444571932257 -0.012866121684027027 0.9999160634956153 0.0015260758914457963 -2.3417961400453318 -0.008573669339195839 -0.0016364650156306061 0.9999619063592624 123.48439484854299
0.9998583308294204 0.01368960438975571 0.009793516993762606 -0.8261343480663412 -0.013697345584871606 0.9999059250761179 0.0007237098354665344 -2.3681331457800248 -0.009782689194927691 -0.0008577525142785962 0.9999517804604204 124.80872825152011
0.9998341281557646 0.01459364285868505 0.0108968679993017 -0.8198639697787603 -0.01459203806853464 0.9998935048294417 -0.00022685343185569953 -2.395092082454317 -0.010899019075465121 6.78082896143027e-05 0.9999406016252022 126.13127749408022
0.999829781184801 0.014254877444494732 0.011713543227713544 -0.815686841394368 -0.014250659771748168 0.9998983558374739 -0.0004435380499203073 -2.4243160959007266 -0.011718676186397518 0.00027653683620974156 0.999931295714585 127.47351677273974
0.9998247479284584 0.01370540313270658 0.012752855603659448 -0.8159853376703092 -0.013710614210678195 0.9999059535365159 0.000321208090417375 -2.454558875872477 -0.012747255034017808 -0.0004960012911971664 0.9999186274222982 128.80575314739804
0.9998297484830766 0.01249775949361514 0.013574978108118209 -0.8084665453854074 -0.012517091351437968 0.9999207603034164 0.0013399882900840964 -2.4801217719339084 -0.013557156724844383 -0.0015096794244086843 0.9999069578538616 130.1688317365926
0.9998410643609501 0.011116878711196753 0.013937754628543008 -0.7930563923118723 -0.011141768742042046 0.9999364675179411 0.0017093691521682672 -2.501653687259875 -0.013917867454220467 -0.001864388745273798 0.9999014036471155 131.4962236621218
0.999852746093761 0.01009129451115975 0.01387990943000322 -0.7804371306405737 -0.010118289200735108 0.9999470490725155 0.0018759790956440804 -2.5347243965828774 -0.013860244588681576 -0.0020161438242685997 0.9999019095788059 132.83695246629483
0.9998717910010227 0.008233604710212589 0.013733510154501643 -0.7707649862282935 -0.008271133261516801 0.9999622075498594 0.0026780298614252213 -2.551522697370944 -0.013710942449171423 -0.0027912782566911444 0.9999021046173528 134.17056626250132
0.9998894932941498 0.007022949213988839 0.013102647641675905 -0.755877312504881 -0.0070562780631192555 0.9999719812246316 0.0024991438140506135 -2.5855282785131384 -0.01308473026556646 -0.002591323612822035 0.9999110334778156 135.509892324032
0.9999120638926949 0.005739431943093194 0.011955057405291413 -0.749425051932814 -0.005765387340711744 0.9999810950619871 0.0021377180776277808 -2.6106825785382237 -0.011942563116077595 -0.0022064556698040585 0.9999262506473736 136.8567557439454
0.9999375484740214 0.0025553137596702044 0.01087977598222255 -0.7402456800960089 -0.0025897299600874278 0.9999916841343819 0.003150391218861063 -2.624924433621855 -0.010871636185767914 -0.0031783702096924776 0.9999358506841172 138.1813388702274
0.9999504291158875 0.001934393651504565 0.009767161084655338 -0.7251444102046081 -0.0019684810083258055 0.9999920018216034 0.003481576952629195 -2.65361104327593 -0.009760349046919482 -0.0035006309014134554 0.9999462391366545 139.53271037625228
0.9999636156164569 0.0008718081122398216 0.008485717371962062 -0.7276094322759658 -0.0009015312446460678 0.9999934702677562 0.0034995234055167665 -2.676364403019144 -0.008482611763665998 -0.0035070462797438884 0.9999578720715283 140.8997191402885
0.9999732080810936 0.0003530815371645679 0.0073115292195548185 -0.727836772058073 -0.0003758112502595659 0.9999951007637446 0.0031076058985646227 -2.6973174804432043 -0.0073103967756634365 -0.0031102704503986243 0.9999684416573377 142.21117412263575
0.9999803862855482 -5.028997628613724e-05 0.0062629483057894675 -0.7224456735086506 3.562939440408461e-05 0.9999972593761554 0.002340933626203268 -2.7169441073598257 -0.0062630493942734435 -0.0023406646077414675 0.999977647497985 143.56300153244476
0.9999840989553509 -0.0015835391909468817 0.0054124161253184325 -0.7155955037551258 0.0015825797885625215 0.9999987312371703 0.00018155666923815297 -2.745853692865725 -0.005412697217514882 -0.0001729881997218927 0.9999853362815501 144.9087560012783
0.999980395325042 -0.004531498374878063 0.004321400136129918 -0.7278100535411878 0.004534991827642245 0.9999893977576917 -0.000798883830104652 -2.7929174824293006 -0.004317734544056043 0.0008184657056626653 0.9999903435919609 146.2150902819571
0.9998963843143617 -0.014048787257938558 0.003138825528704187 -0.7198171451627382 0.014042337151179066 0.9998992631879594 0.002067905489829565 -2.803098642019387 -0.003167561162738251 -0.0020236148026090872 0.9999929357429241 147.59323145630978
0.9997455664894548 -0.022504383509606346 0.0015346053193797705 -0.7136728709599248 0.022498588673860252 0.9997400459243365 0.0036951425469259136 -2.822433266062469 -0.0016173634294649913 -0.003659675978580372 0.9999919954208444 148.90775304228202
0.9997424077660638 -0.022684665468446524 0.000723927709862989 -0.6864001030404019 0.022684073506744014 0.9997423489062015 0.0008176851413705066 -2.865885932141917 -0.0007422901633359438 -0.000801052880478309 0.9999994036591351 150.2323226957825
0.9997308066330651 -0.023189147391425007 0.0007600763531583476 -0.7091952399969013 0.023191244190525626 0.9997269138060305 -0.0028747177261920706 -2.887322261542479 -0.0006932065929039623 0.0028915710628494976 0.9999955791303103 151.61609318747392
0.9998149067598181 -0.01914832680103558 0.0018691740282317836 -0.7148406880121487 0.0191577028254062 0.9998032954985296 -0.005133490563488792 -2.924387040907089 -0.0017705087507503868 0.005168349587603631 0.9999850766179968 152.93684374148933
0.9998132830784339 -0.01914117443602263 0.0026484772997392428 -0.7193176783208399 0.01915468322936307 0.9998031529087187 -0.005172382119868275 -2.955955024552746 -0.0025489507045128356 0.005222147211961633 0.9999831158701143 154.30620733065973
0.9997108722629474 -0.02384913924992668 0.0030643828332651618 -0.7241986015414714 0.023854823537010274 0.9997137555816588 -0.0018314729068755445 -2.976885844039194 -0.00301982687331626 0.0019040437472215245 0.9999936276092133 155.6319002635777
0.999521243087953 -0.03075465512819871 0.0033816855001099046 -0.7255735906388427 0.030752623718690274 0.9995268137809339 0.0006516736454314418 -3.004059814199226 -0.003400127615808955 -0.0005473659349564186 0.9999940697417047 156.96370038651582
0.9994682546612573 -0.03243106227819748 0.003381436486443599 -0.7077383434452982 0.03242516427824568 0.9994725715822605 0.0017853267041382066 -3.037894581342762 -0.0034375533488231387 -0.0016747337368323441 0.9999926892182223 158.31768326741235
0.9993889396045947 -0.03479858821019622 0.0032871928520653917 -0.7083697010927339 0.034791626155462475 0.9993922699162986 0.0021525804481818886 -3.0667168209187623 -0.0033601021661700944 -0.0020368983175226363 0.9999922803476194 159.65060378913
0.9994225537646416 -0.03369988241375306 0.004344759850614726 -0.7118960535939126 0.03369065618215179 0.9994299310988582 0.0021800294084484625 -3.0835373698016406 -0.00441575014166805 -0.002032392759053553 0.9999881851929987 161.01814394417877
0.9995013387206214 -0.031075092442697006 0.0056046872603860605 -0.7176004938969691 0.03106492919361199 0.9995155783924857 0.0018917549240852502 -3.099083040373663 -0.005660759162434659 -0.0017167023717274878 0.9999825042134418 162.36469053379102
0.9996003918528016 -0.027496713341566413 0.00655647506710082 -0.7227126982613647 0.027497443797720608 0.9996218735840713 -2.1002938506667725e-05 -3.1310427974615074 -0.006553418930736662 0.00020128088055782037 0.9999785058589492 163.70727158299238
0.9996777178294421 -0.02430843159384372 0.007318513286584406 -0.7229310137076987 0.024316675352594637 0.9997037656693193 -0.0010393292120538145 -3.1533863993110067 -0.007291081443921628 0.0012169562149444736 0.9999726791978651 165.0653833568066
0.9996747642513247 -0.024374736504848886 0.007499196442784559 -0.7189602650974543 0.024373690788901857 0.9997028907739194 0.00023102902586658811 -3.1783235529542337 -0.007502600266080689 -4.8170767907496266e-05 0.9999718539349495 166.40462041816528
0.9996994911809759 -0.023357980845787166 0.007438553131475701 -0.7179741965329889 0.023357853529696666 0.9997271626883641 0.00010420602762995349 -3.199287037445089 -0.007438958285955984 6.957394700953762e-05 0.9999723281433159 167.73459126529747
0.9997811046598452 -0.019727639301535285 0.006968717686386514 -0.7167197425895457 0.019743396315470247 0.9998026609854279 -0.0021994048410976068 -3.238439787461137 -0.006923954006672564 0.002336509623498 0.9999732994320202 169.12390298030184
0.9998686999104324 -0.014912381187477352 0.0063406500392974175 -0.7230745510830889 0.014946664702969398 0.9998737418262128 -0.005394220137340933 -3.2714858142630643 -0.0062594093458585125 0.005488283570566474 0.9999653486655051 170.50996944020062
0.9999255848962142 -0.010514286778321976 0.006186635572029305 -0.7294780407387902 0.01055550272501027 0.9999220600016142 -0.00666747885704775 -3.29941486335169 -0.00611605012246687 0.006732285890270922 0.9999586342701575 171.8787314579062
0.9999689141037095 -0.004375910231098365 0.006559134713480646 -0.7303383716827883 0.004412108921042598 0.9999750614498155 -0.005514505190422077 -3.344514910519453 -0.006534840714951833 0.005543273501793877 0.999963283310559 173.26232421154057
0.9999720512606037 -0.0015319333314195785 0.007317778826297381 -0.736908321833547 0.0015550890726149461 0.9999937991089111 -0.003159658138306134 -3.378403660010138 -0.0073128936844063415 0.003170949697356505 0.9999682328239767 174.62209886610339
0.9999717879449496 -0.001850014809846848 0.00728016269344077 -0.7402611553925427 0.0018592400883303828 0.9999974770523359 -0.0012606000912791914 -3.403173445395521 -0.007277812813077237 0.0012741001299416527 0.9999727046788448 176.0220960049687
0.9999733650744037 -0.0034634439945109077 0.006424461742535689 -0.7395528581666329 0.00346595662981976 0.9999939213601069 -0.0003799771839948796 -3.4352000418047752 -0.006423107203743061 0.0004022339849077504 0.9999792907332008 177.4475456651651
0.9999716838535389 -0.005680500183324293 0.004935931669096736 -0.738633850012159 0.005682456249372195 0.9999837816403677 -0.0003822827395498356 -3.459505474110916 -0.004933680476083087 0.0004103201469861562 0.9999877451393044 178.84980390565482
0.9999728854076745 -0.006828669760265313 0.00275639808950785 -0.7376734273296155 0.006839615371166176 0.9999686846670705 -0.003981122814833765 -3.4924299702623576 -0.0027291262324206462 0.003999867657337167 0.9999882763937659 180.18456218087476
0.9999904563459064 -0.004187470092103195 0.001245920860026989 -0.7504959994075816 0.004197785651150731 0.9999559490487343 -0.008395150485427164 -3.534937006725195 -0.0012107116433388125 0.008400300643480919 0.9999639839139 181.59825235932047
0.9999997308739018 4.6809042645815785e-06 0.0007336424764372946 -0.778419069394673 2.3241509564224383e-06 0.9999544164170844 -0.009548040744322472 -3.5667256575239943 -0.0007336537976533812 0.009548040068573042 0.9999541472899619 182.9985815692121
0.9999963532024103 0.0026718521178988345 0.0003934258739751483 -0.7961350060118857 -0.002668497307232123 0.999962038968599 -0.008294561379949241 -3.593404513562438 -0.0004155728225851605 0.008293481437231175 0.9999655221378879 184.32967149559724
0.9999847949984723 0.005470047774406676 0.0006988128476573092 -0.7927421186157231 -0.005466331240714417 0.9999714640423971 -0.005214435225048772 -3.632017887433604 -0.0007273161822333775 0.005210536096153249 0.9999861605660002 185.76624001974207
0.9999857781094208 0.005214112059687097 0.001120984249245864 -0.805021841600297 -0.005211084137057372 0.9999828105880434 -0.00268759019131609 -3.6636793426004792 -0.001134978475055202 0.002681710475249549 0.9999957601164834 187.1399155350333
0.9999865687298579 0.005012943649156179 0.0013163388382206361 -0.8136794239301856 -0.00500991042708889 0.9999848103292858 -0.002297807263111031 -3.696849768144821 -0.001327837736201908 0.0022911817033698482 0.9999964936594844 188.59205844086912
0.9999930481961352 0.0035491719164540154 0.0011432117722481492 -0.8115564522443208 -0.0035472667333704003 0.9999923232131777 -0.0016644579302073016 -3.730064721705317 -0.0011491105420931263 0.0016603911130764293 0.9999979613201714 190.0038306995229
0.9999991792834769 0.00033766467063902315 0.0012358867866069342 -0.8199967049501242 -0.00033626234745391323 0.9999992996692264 -0.001134719953488364 -3.754633925214997 -0.001236269181337613 0.0011343034631171262 0.9999985924951472 191.35452562953324
0.9999976186766774 -0.0014485301070400452 0.001632300829949427 -0.8270218836151899 0.0014499516944245436 0.9999985703623518 -0.0008700064444656947 -3.7901713541206643 -0.001631038404269857 0.000872371149683643 0.9999982893385008 192.81559738800442
0.9999874076752844 -0.004612919119425818 0.001976227944251018 -0.8277046589299615 0.004613222838461646 0.9999893479266071 -0.0001490041989319504 -3.818460745371564 -0.0019755197157639974 0.00015811911076428186 0.9999980361568137 194.18712066629996
0.9999508039469416 -0.009674214854503769 0.002190722585172531 -0.8247708224806871 0.009671331208357463 0.9999523558768517 0.0013233741421185817 -3.8411934892768365 -0.0022034210003584152 -0.0013021218500948292 0.999996724700548 195.6532804004531
0.9999032767365754 -0.013699408890312167 0.0024007042386243226 -0.8209084129267799 0.013695144606918003 0.9999046253444535 0.0017841576623245778 -3.8716641111876693 -0.0024249173801298395 -0.0017511071231246995 0.9999955266883032 197.04381378862786
0.9999294039294381 -0.01155996454935198 0.002748525179804319 -0.8325810786191805 0.011567306608508125 0.9999295310310412 -0.0026702771176234682 -3.9028922691003114 -0.0027174634162684757 0.002701881704338224 0.9999926575850898 198.4620711792849
0.9999893588607146 -0.003523714186392961 0.002977517827139272 -0.8499959912650191 0.003546079496735294 0.9999652883282413 -0.007539725042762081 -3.9378103239006736 -0.002950846891714839 0.0075502034803262555 0.9999671429233987 199.89400684103745
0.9999769569129419 0.005227108963312082 0.0043316243817610985 -0.8680608180058991 -0.005189982133276508 0.9999500773381594 -0.008538555313446178 -3.965539797564311 -0.004376040471662844 0.00851587767302682 0.9999541639957832 201.31838737552243
0.9999072286759378 0.012291202511113881 0.005870294601735597 -0.885208261212941 -0.012266169310687336 0.9999156007124175 -0.00428165533120403 -4.000483413441023 -0.005922426350507422 0.004209252167249201 0.9999736031796201 202.78149569467544
0.9998879080018834 0.013329933421752014 0.006817938096008972 -0.878160871355582 -0.013313500820357172 0.9999083697623183 -0.002450062975290778 -4.027660006840648 -0.006849973124691299 0.0023590177602615496 0.9999737561039748 204.21641721203008
0.9999004606009988 0.012594756950111793 0.006359320939483246 -0.8748646774489205 -0.012582920385422434 0.9999190305640258 -0.001898015129446852 -4.065866184061916 -0.006382711609756725 0.0018178074044502594 0.9999779780386441 205.67735885348026
0.9999466063735717 0.00904858556475125 0.004990740100841769 -0.8729510272867578 -0.009039693596711668 0.9999575183763599 -0.0018015000638752288 -4.094921547176437 -0.005006829538698904 0.001756289145681856 0.9999859234512739 207.1145083012025
0.9999653358408592 0.007431593704376133 0.0037547996712404023 -0.8707337463423706 -0.007423184545271588 0.9999699193980043 -0.002248698787436861 -4.130161932260417 -0.003771398461360407 0.0022207483084420707 0.9999904223670516 208.54339571604436
0.9999661848088834 0.007518065228801356 0.0033328549690602558 -0.8787109914165097 -0.007508248389042481 0.999967466016012 -0.002948411738001607 -4.156747429702706 -0.00335491317616244 0.002923288188532345 0.9999900994206647 210.0181366483566
0.9999530018727446 0.009136056702277916 0.0032444564131238534 -0.8859999945718413 -0.009126441231496646 0.9999539532675781 -0.0029663842482593496 -4.194238777428187 -0.0032714083506381617 0.0029366345465173613 0.9999903369836268 211.50511608079537
0.9999436761696523 0.010163781729169298 0.0030564701757050516 -0.8922908483069985 -0.01015692734150701 0.9999458856666431 -0.0022500197299981533 -4.222572214480138 -0.0030791737489499833 0.002218848693226144 0.9999927976717609 212.94376204201927
0.999945986822167 0.010041202169945317 0.0026828488303031915 -0.9068206222620376 -0.01003463271289684 0.9999466472997718 -0.002451269746168183 -4.259122454578206 -0.0027073196195725375 0.002424215984955785 0.9999933967750031 214.3851908739134
0.9999493131311324 0.009777293124385092 0.0024032662812597805 -0.908800656875987 -0.009769684484935086 0.9999472893155199 -0.0031578280462770513 -4.292360177994861 -0.0024340148227652804 0.003134188888825481 0.9999921261832055 215.85315935180435
0.9999570564388014 0.009013834113075965 0.0021531502032132045 -0.9150771981178898 -0.009005559214975412 0.9999521423224295 -0.00382269384089401 -4.324127648508205 -0.002187504475131148 0.003803139428988164 0.9999903754294311 217.33136431705364
0.9999484796246217 0.01003693998316893 0.0015158863560623093 -0.9160440999755555 -0.010031023425615829 0.9999422305368802 -0.0038618882809872404 -4.360611843315506 -0.0015545604601669154 0.0038464834928951257 0.9999913939150278 218.8010381691198
0.9999401282944772 0.010855890480864154 0.0013745708171105878 -0.9250266063330712 -0.010849843793401712 0.9999317504714376 -0.004333049083203786 -4.397718357351723 -0.001421516233933911 0.004317875855461575 0.9999896675653612 220.27760065326123
0.9999471978768127 0.010196126972076804 0.001280793336264393 -0.9360241640870868 -0.010190353470127037 0.9999382343959379 -0.0044366781358548685 -4.43171762702566 -0.0013259512772067913 0.0044233922134633155 0.9999893376693835 221.77119102878353
