1.0 -3.469446951953614e-18 0.0 -1.7787691892340307e-19 0.0 0.9999999999999999 -3.5575383784680614e-19 0.0 2.168404344971009e-19 -2.371692252312041e-19 1.0 0.0
0.9999999398638733 -7.08535559765227e-05 -0.00033948727388392647 0.05569069961672338 7.123806521749064e-05 0.9999993559314045 0.0011327230995349811 -0.026761272848715878 0.0003394068273799933 -0.0011327472383819146 0.9999993008434594 1.3159701006825606
0.9999997768229777 -0.0005440969791797902 -0.0003877018595371028 0.022826380955597587 0.0005445953476518502 0.9999990242883906 0.0012864047191365894 -0.03935994082231008 0.0003870015861182001 -0.001286615597926656 0.9999990974250367 2.6187875515144285
0.9999986207356515 -0.0012900284826345906 -0.001046113572241263 0.021219879920115106 0.0012911550755783895 0.99999858660954 0.0010768915142461242 -0.07632890131248131 0.0010447229622005277 -0.001078240744890697 0.9999988729757102 3.947743353643037
0.9999978383565312 -0.0020291482799216186 -0.00045369796792577694 0.008416108725478379 0.0020295973202164117 0.9999974491426864 0.000991180937882924 -0.09150567350298754 0.0004516855966284637 -0.0009920996378510692 0.9999994058594701 5.261867337759737
0.9999972505194239 -0.002205614752946044 -0.0007963787761176514 0.011282042971710786 0.002206660714439196 0.9999967010539933 0.0013147342462216994 -0.10613470905179895 0.0007934764199340593 -0.001316487994049165 0.9999988186273093 6.585027650907913
0.9999941631774462 -0.0033722424676086334 -0.0005491772604749199 0.0033789828626418113 0.0033734788946979347 0.9999917427099408 0.0022658656036670713 -0.14504544438072656 0.00054153172538377 -0.0022677050586640897 0.9999972821255172 7.920674898682067
0.9999936395829775 -0.003544242290756028 -0.000398929196884828 -0.014451443627274484 0.003545210863232071 0.9999907061164808 0.002453396666839893 -0.16297773865854814 0.00039023009227784843 -0.0024547953963239624 0.9999969108457782 9.237992961761135
0.9999943909849441 -0.003209001811190262 -0.0009593273866981954 -0.015544230133897033 0.003210698194296223 0.9999932760354037 0.001771805925048303 -0.18521541108352715 0.0009536352900459924 -0.001774876130972023 0.9999979701960873 10.570800946002628
0.9999993962748339 -0.0007142770592698036 -0.0008350197853285619 -0.0381173041612992 0.00071371181070168 0.9999995160848676 -0.0006770852492347981 -0.20392424988261026 0.0008355030778149955 0.0006764888901787459 0.9999994221491548 11.890901073885301
0.9999960615629258 0.002650398293890961 -0.0009231691431915668 -0.034871073217059886 -0.0026518902740179364 0.9999951739508186 -0.0016185048630883154 -0.2378162451612033 0.0009188750815599358 0.0016209466611519794 0.9999982640994008 13.23246085695356
0.9999846176591781 0.005503605257658166 -0.0006890298841422538 -0.061036364006227084 -0.005504702890524661 0.9999835676247882 -0.0016008552680144852 -0.2557523347016268 0.0006802081420909658 0.0016046235747664067 0.9999984812493367 14.57060685381742
0.9999831827412136 0.0057932242120533614 -0.0002697701967782824 -0.07951012091019588 -0.005793501465223512 0.9999826797077013 -0.001037129263350614 -0.286157856259889 0.0002637572229856561 0.0010386747515304627 0.9999994257934243 15.917467266853368
0.9999914813297411 0.004120880751274261 -0.0002357999387778136 -0.06705831839814616 -0.004120503338213401 0.9999902619023647 0.0015803671134283549 -0.31442045769270954 0.0002423101684422746 -0.0015793820708489051 0.999998723418533 17.26648749699785
0.9999999432189366 -0.0003247657252126758 8.994446095106031e-05 -0.08717573126451958 0.00032443332785824647 0.9999932072906251 0.0036715275218130836 -0.34270698118992016 -9.113624098000149e-05 -0.0036714982044000794 0.9999932558751299 18.624848337256136
0.9999973164115263 -0.0022827779197993146 -0.00039509172839864715 -0.07594527903977973 0.0022834772016454338 0.9999958117983907 0.001778233356997551 -0.38004178161516255 0.00039103079647925484 -0.0017791308015420082 0.999998340893335 19.965131204110094
0.9999954969303677 -0.0029986649841712634 -0.00011887562368969348 -0.09018265364213707 0.0029985790636128523 0.9999952464255863 -0.0007180846856133603 -0.38002950630010046 0.00012102836385758232 0.0007177250104147557 0.9999997351114869 21.31498263071426
0.9999994515982162 -0.0010358520443276356 0.00015432323050609473 -0.09833538003641115 0.0010361158092337917 0.9999979864731489 -0.001718578549822623 -0.4380129719413513 -0.00015254274088840366 0.0017187375388827554 0.9999985113346817 22.66762471329391
0.9999988301423902 0.0013255075401351997 0.0007633757006082714 -0.10484626772358752 -0.0013250280768510522 0.9999989247329724 -0.0006283596447302823 -0.43581324863303467 -0.0007642078404037291 0.0006273474273742669 0.9999995112100731 24.035997291079884
0.9999976365456216 0.001379994798370432 0.0016800349674875484 -0.11771663037808039 -0.0013858965549620452 0.9999928558770926 0.0035167438304294853 -0.4582459821865971 -0.001675170015717332 -0.0035190639424922763 0.9999924049675423 25.429189258630483
0.999998195083421 -0.000317976425941089 0.0018731588227334523 -0.11313344315657921 0.00030972319738801005 0.9999902512771649 0.004404704382854444 -0.4824357660129392 -0.0018745413088006437 -0.004404116357025162 0.999988544860583 26.798147465360348
0.9999908303349708 -0.003894459783504011 0.001781133567537374 -0.11721186251006155 0.0038880183201554976 0.9999859402469077 0.0036059140283360475 -0.515653489362136 -0.0017951517609179543 -0.003598955949863054 0.999991912439536 28.168838469140656
0.9999882936877252 -0.0045394659164708275 0.001675035846393628 -0.1317789409179001 0.004537664272432344 0.9999891236992418 0.001077998126788763 -0.5280529979293147 -0.0016799113047355858 -0.0010703847733458127 0.9999980160841699 29.52579973852093
0.9999872264190781 -0.0044493392747615886 0.0023979966312632616 -0.13404771638254934 0.004451290873237802 0.9999897657061448 -0.0008090034989243731 -0.5768501157763011 -0.002394372761122624 0.0008196673670812544 0.9999967975554781 30.915548365501124
0.9999941477174898 -0.00198913340696843 0.002783502406946032 -0.14315398354675954 0.0019951203592918406 0.9999956991250222 -0.0021497030989340777 -0.5780018383884408 -0.0027792146256862896 0.002155243986850119 0.9999938154236899 32.30158568857266
0.9999946103279171 -0.0001834503919601778 0.0032780581871571924 -0.14435523417845325 0.000196832719998161 0.9999916470443005 -0.00408253578195163 -0.6256336233235011 -0.003277282143165366 0.004083159090816997 0.9999862935207068 33.682822750488086
0.9999937379893842 0.0002469428434848245 0.0035302981740181903 -0.16143478812162057 -0.00023285927449971135 0.9999920159891537 -0.003989202315668664 -0.6415783640705897 -0.0035312553947290824 0.00398835535386372 0.9999858115255201 35.07571254352633
0.9999953909626446 -6.215985950888854e-05 0.003035489019852759 -0.15915506994202905 6.941100163864421e-05 0.9999971445452325 -0.0023887410055242093 -0.6850677020131448 -0.0030353321267972723 0.0023889407416640275 0.9999925398306457 36.46612019514066
0.9999948167460501 0.001283919479602525 0.002952631604405684 -0.1747672724516409 -0.0012799741738895951 0.9999982860720692 -0.0013377299336004302 -0.7053139322620722 -0.002954344332165907 0.0013339437353206932 0.9999947462060754 37.86706879390511
0.9999915460085064 0.003308645635010623 0.0024414693770253215 -0.1712652456869918 -0.0033065602357136067 0.9999941654155673 -0.0008577881010306806 -0.7306837294644186 -0.0024442934563956202 0.0008497079999417505 0.9999966517056337 39.26465815455379
0.9999836693364138 0.004874442139957959 0.002983432360124212 -0.18836041470382042 -0.004871551415672982 0.9999876580897734 -0.0009755329420816112 -0.7544607379742128 -0.002988150971376692 0.000960983084483579 0.9999950737185437 40.660760411181094
0.9999599196380053 0.008416829256353127 0.003052226796602521 -0.2022314573939653 -0.00841509314551661 0.9999644234802824 -0.0005813772112739672 -0.7928507005285915 -0.00305701182105212 0.0005556691436638062 0.9999951729416355 42.08585028449731
0.9999518624988083 0.00942701010935556 0.0027210564123849885 -0.20428683217824722 -0.00942561149232651 0.9999554392935784 -0.000526589357908187 -0.8194347690401709 -0.002725899554760233 0.0005009163934913942 0.9999961592680131 43.47613612370263
0.9999602377662382 0.008625797174285361 0.002262408841430852 -0.21448593543018102 -0.008624409048686136 0.9999626151252532 -0.0006228477868354132 -0.8480191461215324 -0.0022676970129230983 0.0006033110888622728 0.9999972467776488 44.903717602898745
0.9999662293213618 0.008105839518192983 0.0013548309826495316 -0.20535205991196065 -0.00810423609235811 0.9999664577721074 -0.0011852027908644043 -0.8832567007417436 -0.0013643927189996034 0.0011741829136580882 0.999998379861154 46.298396626638784
0.9999701663270294 0.007707147735438913 0.0005160562491133421 -0.22060468968575642 -0.0077067445575324835 0.9999699986298964 -0.0007797082422862663 -0.9139540638969856 -0.0005220501385793407 0.0007757078768473642 0.9999995628699413 47.73302405956455
0.9999692805602669 0.00781886082697537 -0.0005507572932069152 -0.2242717017154201 -0.007818883842203956 0.9999694313189604 -3.8727103575663085e-05 -0.9405238788901611 0.0005504377014264809 4.3032215613533386e-05 0.9999998475837023 49.132133875013594
0.9999612199951964 0.00867428064756052 -0.0015216239513560672 -0.23748690248703905 -0.008674344483702797 0.9999623765635269 -3.4988549523429044e-05 -0.9700925860823666 0.0015212633300986432 4.818627606423472e-05 0.9999988417185701 50.55721345426011
0.9999586317302852 0.008714300324085135 -0.00260687059358278 -0.24985285228924836 -0.008713692977956784 0.9999620051840882 0.00024446260788484595 -0.9921602350698204 0.0026089020866916887 -0.0002217370380714593 0.9999965722277202 52.00754022770821
0.9999524913629235 0.00903318580201298 -0.0036628601697230893 -0.26613148067919457 -0.009028862653594328 0.999958524660401 0.0011952480690063608 -1.0267598247273835 0.003673505460047698 -0.0011621198558203522 0.9999925773934683 53.41456031645132
0.9999588754643958 0.007905081690132943 -0.004444888982634159 -0.28080010838261016 -0.0078966548097393 0.9999669961902239 0.0019103375762326178 -1.0564729057642042 0.004459844036867231 -0.0018751593071650123 0.9999882967203094 54.86940102653264
0.9999747456903487 0.005015617287193646 -0.005035031788309162 -0.284438948397681 -0.005002993954947198 0.9999843181766909 0.0025166369355317762 -1.0698877198752799 0.005047575745807048 -0.002491383203055131 0.9999841573740991 56.26677985346101
0.9999794065289503 0.003447931160764703 -0.005412787782256504 -0.30768237604896287 -0.0034369332153849005 0.999992013172724 0.002039874218169912 -1.1015375746786895 0.005419778356566622 -0.002021228866849773 0.9999832701838496 57.69865188367436
0.9999835471276836 0.002065480547138384 -0.005351565172368389 -0.3264803508829865 -0.0020544672940671204 0.999995762301753 0.002062655065932631 -1.1256003352126256 0.0053558033221032825 -0.0020516265600890966 0.9999835529698656 59.14459829316771
0.9999852263267612 0.001735094412486972 -0.005151365105313024 -0.3298215957664459 -0.0017219099153536182 0.9999952336025355 0.002562772125184167 -1.1608384914227385 0.005155787641120297 -0.002553864132832583 0.9999834476842238 60.54816021916098
0.9999896136749322 -0.00032122193307376756 -0.004546355742471867 -0.3502115422056908 0.0003371240313045261 0.999993827150724 0.0034974285671424553 -1.1832589650859242 0.004545204614709624 -0.003498924999902614 0.9999835491888357 62.003826193158396
0.9999875615931728 -0.0026568490408836413 -0.004221114545991228 -0.3599644221117661 0.0026696085159654895 0.9999918764238178 0.0030199788550288723 -1.2061668022017737 0.0042130569862044555 -0.0030312100757800033 0.9999865308717264 63.405936034781426
0.9999869161585655 -0.003325484107252053 -0.003886986570541198 -0.3692892701692574 0.0033329133002633973 0.9999926287669371 0.00190633042776092 -1.239329443379873 0.003880618776849758 -0.00191926051331437 0.9999906285783631 64.82037022784381
0.9999902920463795 -0.0031663030979771894 -0.0030643656284533465 -0.38145154475915366 0.0031720631778551344 0.9999932081715435 0.0018765982934851105 -1.2711479859422385 0.003058403197028674 -0.0018863004741723182 0.9999935440022667 66.27669788294175
0.9999962269052882 -0.0012625807908456538 -0.0024396849481838345 -0.3957816012983798 0.0012667611867344473 0.9999977310195144 0.0017126790928363126 -1.3015441493206814 0.002437517224333811 -0.0017157631637698787 0.9999955573256704 67.63919046502957
0.9999974116572097 0.0013820680338270021 -0.0018073631108640447 -0.41456148053706643 -0.001376808877700018 0.9999948242094816 0.002907912199495147 -1.3280314746027593 0.0018113728441716153 -0.002905416339042038 0.99999413872679 69.11029602699327
0.9999888345547432 0.004638078046296073 -0.0009049792738088011 -0.4309344215835311 -0.004634391494889772 0.9999811228796043 0.004034390655055495 -1.3551434446491928 0.000923674090159887 -0.00403015166477395 0.9999914523165142 70.46667251819714
0.9999613730430364 0.008789333027685725 5.245178314744773e-06 -0.4522060743114328 -0.00878925744746904 0.9999498443460297 0.004801850061661568 -1.3856638909735786 3.696015055948843e-05 -0.004801710783430241 0.9999884710378714 71.92263681593907
0.9999230574115227 0.012396429213412 0.00045581805334250574 -0.4595488509194641 -0.01239824729278188 0.9999142027966631 0.004227355995683331 -1.399847599397641 -0.0004033748574973964 -0.004232682169508794 0.9999909608044936 73.2830885889208
0.9998687746036548 0.0161587393906839 0.0011526804958994416 -0.4743484044466668 -0.016162876560722753 0.9998626219872887 0.0036740463201896723 -1.4254839677579607 -0.0010931542763190413 -0.0036921949088365774 0.9999925863273542 74.68492205248099
0.9998336677545253 0.018133372119068923 0.001953865905005587 -0.4896988100989086 -0.01814043414720134 0.9998287543274932 0.003658786529198627 -1.4540016371909208 -0.0018871853338675978 -0.003693622015960012 0.9999913978060444 76.12600432047145
0.9998343869044571 0.018052465898948468 0.0023037341287524184 -0.4950210184926583 -0.018061605248154793 0.999828836459203 0.004009519928362031 -1.4778831467663316 -0.0022309582780230897 -0.00405046512763497 0.9999893082204789 77.50050434458105
0.9998518350868288 0.017055581810144542 0.0023270064706317223 -0.5005835232466807 -0.01706471034050628 0.9998465429116947 0.003960597709644914 -1.5123415650231549 -0.002259099265444816 -0.003999720669473195 0.9999894492957854 78.90735290873036
0.9998675471617983 0.016136204255806356 0.002123912568719055 -0.5061968845649634 -0.01614222184522398 0.9998656532589748 0.0028467787833149454 -1.5339091369643265 -0.0020776911982996744 -0.002880686454698702 0.9999936924013874 80.28688542977666
0.9998727677231777 0.015843502658252108 0.0018524982063898615 -0.5117263234826013 -0.015848753361596468 0.9998703264478225 0.002854355874693336 -1.5698978219252389 -0.0018070351428188531 -0.002883352563170045 0.9999942104332619 81.66438185796254
0.999884088203923 0.015156724328576173 0.0014435465760633801 -0.5208542946118633 -0.015161246965693962 0.9998800218940189 0.0031746569148942408 -1.5881586895754043 -0.0013952560986318088 -0.003196174974327337 0.9999939188438132 83.07209672716922
0.9998850795442744 0.015111960915949744 0.0012067743562309977 -0.5373463431204251 -0.01511481175537506 0.9998829121131632 0.002388423875668941 -1.6163390970037317 -0.0011705393872093193 -0.0024063896221883786 0.9999964195562338 84.42787936898493
0.9998782338544203 0.015599987304231174 0.0003972652916109645 -0.5422643997441177 -0.015600988503948783 0.9998747772351767 0.0026531202768976542 -1.6384238809028842 -0.0003558269311863041 -0.0026589950119851797 0.9999964015598677 85.8412510280881
0.9998949822649726 0.014471004702151628 -0.0007838532204548982 -0.5572183073789803 -0.014468279174263769 0.9998896198297532 0.0033789185843161205 -1.6715280084038258 0.0008326631175301736 -0.0033672228088448396 0.9999939842242577 87.1932855356982
0.9999094912650793 0.013315113807931205 -0.0019279486177791762 -0.5626230285951024 -0.013306027401985488 0.9999006495954088 0.004651946413390888 -1.7012149072390963 0.001989698442297324 -0.004625872137461654 0.9999873211253828 88.57936893598215
0.999931319519451 0.011319501522428964 -0.003037284514770662 -0.5671529802245512 -0.011304243913360872 0.9999236307310639 0.00499467722459162 -1.7263030907386847 0.003093590080765897 -0.004960000091717869 0.9999829139071468 89.95442838410865
0.9999474879879171 0.009449834344770144 -0.003965081203554868 -0.5806475546071341 -0.009428773100290914 0.9999415166030625 0.005297323017358293 -1.751289204757629 0.0040149084800803585 -0.00525965910744583 0.9999781080127552 91.32586389838175
0.999951506744934 0.008825290243803139 -0.004370169669390832 -0.5960864021491596 -0.008805187969286402 0.9999506619331283 0.004598084664059384 -1.7763733643168256 0.004410533861256045 -0.004559381622781758 0.9999798794174474 92.70807625898416
0.9999619383777969 0.007357473244507041 -0.004689281251975776 -0.608071846360269 -0.007336537674481179 0.9999631128748053 0.004466331723133326 -1.805208514634087 0.004721969596193429 -0.004431758735556106 0.9999790310440397 94.04975000773459
0.9999626932235762 0.007203030162769052 -0.004767440951466818 -0.6316912274906394 -0.007184185133238278 0.9999663589221575 0.003958348403451126 -1.8262877695042516 0.004795793080564206 -0.00392395063858296 0.999980801310838 95.42907143251672
0.9999691729467918 0.006376596511186528 -0.0045817192455524704 -0.637668390540084 -0.006362820216499314 0.9999752112538688 0.003015196351101526 -1.8447569048130223 0.004600832751829648 -0.0029859508131197866 0.9999849581094541 96.7848800429524
0.9999609195208484 0.007588701868731862 -0.004535527555505878 -0.6578484333452909 -0.007577591118195541 0.9999682588212502 0.002462006989213203 -1.8740734789424391 0.004554067415893451 -0.002427542456842508 0.9999866836697274 98.112304703421
0.9999529547487661 0.008744328776814558 -0.004198211090054034 -0.6794134429113324 -0.008733825917524486 0.9999586998816306 0.0025137292097608195 -1.8932338059785214 0.0042200189361831265 -0.0024769445648634746 0.9999880280254559 99.47152913303627
0.9999520540024501 0.00885647352156072 -0.00417762440635602 -0.6848200692989971 -0.00883981394240893 0.9999529689101812 0.003989696194044507 -1.925659524457818 0.004212762925484513 -0.003952575569721669 0.9999833147526606 100.79185518029162
0.9999504615916072 0.009117771646380219 -0.003992564997023817 -0.7089759540462095 -0.009096466523996968 0.9999444617535337 0.005322379545589411 -1.9483011219437445 0.004040871843471028 -0.005285797763989795 0.9999778656078393 102.13288692024703
0.999950554604206 0.009190964417771091 -0.0037966422473321403 -0.7234576375865411 -0.009174641150258615 0.9999486889242639 0.004294822207140501 -1.9735802792559152 0.00383592132265885 -0.004259777111880546 0.9999835698723456 103.49673938942853
0.9999512081921271 0.009173233187494946 -0.0036651058469080863 -0.7338092998779524 -0.009166953976934983 0.9999564920638647 0.0017265439937107566 -1.9962066220017878 0.0036807846882250675 -0.0016928619392751515 0.9999917929911273 104.81267795683128
0.9999607212992976 0.007913705554026491 -0.003991127485121522 -0.7571750427852445 -0.007912423753175708 0.9999686395145555 0.0003369786954234141 -2.02058771175371 0.003993669408834798 -0.0003053859827521622 0.9999919786436102 106.1279814453203
0.9999717027338534 0.00665193490099094 -0.0035136126021461283 -0.7615036165045698 -0.0066461113097858885 0.9999765254848441 0.0016666424627199137 -2.053712319169227 0.0035246168177216573 -0.0016432434811909818 0.9999924383883516 107.49761250848509
0.9999893526069609 0.0034241755750786156 -0.0030934903370929533 -0.7695258295532308 -0.0034137594744478254 0.9999885074014917 0.0033662021333368 -2.0692463369419207 0.0031049815168723233 -0.003355605931398324 0.99998954944783 108.8268039482255
0.9999947993704432 0.0023143935696782 -0.002246064668038949 -0.7866056111205024 -0.0023050525667120143 0.9999887212150304 0.004152611054835707 -2.1005694031239814 0.002255650305316487 -0.0041474122468672355 0.9999888554469759 110.15556181629472
0.9999971025476145 0.001741291338251084 -0.0016621657686114648 -0.7984627211732741 -0.0017360955692097037 0.9999936185562661 0.003122310253261465 -2.127028176200479 0.0016675921567369854 -0.0031194155920626484 0.9999937441735188 111.48091268585172
0.9999950360916673 0.0030070406934918255 -0.0009410054713935966 -0.8130878407805646 -0.003006438864966309 0.9999952755165722 0.0006405273350967654 -2.149522499174865 0.0009429271973948523 -0.0006376950957949824 0.9999993521172298 112.80273051279131
0.999982573551763 0.005897058983912877 0.0002779868725896603 -0.8143793907758499 -0.005896694643089338 0.9999817757317198 -0.001295070934622066 -2.1855807056928747 -0.0002856189417473449 0.0012934091836420028 0.9999991227565814 114.16100021304267
0.9999615038646896 0.008624198999861324 0.001616775703990026 -0.8332821938356699 -0.008621164531010656 0.9999610794358479 -0.0018748745767224522 -2.207162652703269 -0.001632882209678047 0.0018608639433436872 0.9999969354346144 115.46886657295781
0.999947636802337 0.009754671921193324 0.0030935434398760633 -0.8459091146816318 -0.00975444861424148 0.9999524204197957 -8.74692912620249e-05 -2.23222881332255 -0.003094249746775252 5.7288896745952144e-05 0.9999952111548088 116.83421986161129
0.9999492389614016 0.009243067828617967 0.004010633594275285 -0.8538750576681093 -0.009253030736698514 0.9999541328697078 0.00247256933028616 -2.2583395830763897 -0.003987595847527159 -0.0025095543893168077 0.9999889005443054 118.12442725320504
0.9999474377633677 0.008985939388628596 0.004937062832972272 -0.8532485724180161 -0.009002006262842565 0.9999542266154803 0.0032416934296124363 -2.2882253999504285 -0.00490770759886964 -0.0032859665771509065 0.9999825582603573 119.4981591823414
0.9999358188776382 0.009645199390674207 0.005943756270596785 -0.8530996304106607 -0.009658936192981369 0.9999507368431487 0.002286670020369804 -2.3116911129830426 -0.0059214085732301235 -0.0023439336706516686 0.9999797212392636 120.82627257655773
0.999909316936125 0.011308772677477267 0.007312287250703417 -0.8509867229974231 -0.011324446473971891 0.999933659606839 0.0021055459299401196 -2.336837444350315 -0.007287991625239375 -0.0021881626440148475 0.9999710481388986 122.12552140412896
0.9998801638493682 0.012980204018754701 0.008436362903451027 -0.8586954319533336 -0.012992424570979745 0.9999146214378531 0.0013952671388344348 -2.3561977114201826 -0.008417532477732194 -0.001504708776816464 0.9999634398275818 123.49632635369939
0.9998582847292248 0.013807714839813464 0.009631066467442844 -0.859267957063948 -0.013814077101281772 0.9999044044941405 0.000594291009189709 -2.382639715301915 -0.009621940793384735 -0.0007272511009058792 0.9999534435934471 124.82249486112507
0.9998341823139395 0.01470868379195722 0.010736035881343933 -0.8536380627190558 -0.014705607121115499 0.9998917999103709 -0.0003655532746338098 -2.4096447876855813 -0.010740251957541889 0.0002076127352937446 0.9999423002744312 126.14425833009172
0.9998296229275206 0.014399840374553913 0.011548579277031006 -0.8491494826093806 -0.014394063613275726 0.9998962300037194 -0.0005832615022241316 -2.4390839480118927 -0.011555780731319444 0.0004169311496742547 0.9999331428118846 127.4861975806481
0.9998249941548122 0.01383291924041596 0.012594894980210556 -0.8501570101829459 -0.013836459105023036 0.9999042528375834 0.00019388563577355298 -2.4694131404207176 -0.012591008115016676 -0.00036812046158105364 0.9999206623508373 128.8173433219557
0.9998305342152096 0.012602997728559908 0.013418914773037492 -0.8425107635717194 -0.01262050695879058 0.9999196129212714 0.0012208726875033338 -2.4951711167590775 -0.013402450542247356 -0.0013900193247665404 0.999909216959517 130.1848243942152
0.9998422504412174 0.011222153574703967 0.01376726118024315 -0.8269568726696874 -0.011245037747646425 0.999935514991451 0.0015858786329888141 -2.516959060421408 -0.01374857758587908 -0.0017404418646929194 0.9999039691248658 131.50902490799677
0.9998536553574014 0.010219134882662963 0.013719953803691478 -0.8147253736376189 -0.010243787915834244 0.9999460383955499 0.0017277526825205235 -2.5503833849126623 -0.013701558472289228 -0.0018680441656416086 0.9999043842796128 132.84938544936585
0.9998733656249558 0.008308067385050086 0.013573087981493518 -0.8052353053758365 -0.008343580668240463 0.9999619100013932 0.0025618793062031917 -2.5668425778586497 -0.013551287860238457 -0.002674803086757877 0.9999045994598635 134.18262135614253
0.9998911029747066 0.007100815189000126 0.012936792744139803 -0.7908086007921532 -0.007131929907422907 0.9999717812914296 0.0023605531320421056 -2.601009142957224 -0.012919666923305336 -0.002452560417164205 0.9999135298358123 135.5224867877215
0.9999132655316425 0.005872250423708044 0.011788896611359756 -0.7842701901923255 -0.005896250549840085 0.9999806127926736 0.002002068860817185 -2.6266940767251756 -0.011776912401805327 -0.0020714055363011425 0.9999285042478778 136.86931857555666
0.999939102477319 0.0026667016438986016 0.010708876743006898 -0.7754474483177016 -0.002699022287719977 0.9999918432458119 0.00300478365312584 -2.6411028692208434 -0.010700777433840377 -0.003033504219370463 0.9999381436910452 138.19389096008157
0.9999517283979409 0.002056492922589857 0.009607898527591604 -0.7610579082972513 -0.002088542129379197 0.9999922849730215 0.003326858760524154 -2.6698879157083075 -0.00960098354968017 -0.003346764728293782 0.9999483088012311 139.54444009029038
0.9999648835013977 0.0009816856275350954 0.008322743693859163 -0.7635588783053149 -0.001009705965057785 0.9999938347452703 0.0033631780119412224 -2.692764731178809 -0.008319391498891021 -0.0033714634932882266 0.9999597096647174 140.9118151236362
0.9999743678516463 0.0004634535740775693 0.007144848237882131 -0.7636067128188595 -0.00048452255019166245 0.9999955390799905 0.002947381592120379 -2.7142023771486232 -0.007143450992066317 -0.00295076793718573 0.9999701315891466 142.22366987447808
0.9999814541703763 0.00010793309879407291 0.00608930798692086 -0.7592224695687231 -0.00012137493534258685 0.999997556938386 0.0022071214711191366 -2.734050037760992 -0.006089055401693942 -0.002207819666225255 0.9999790242454182 143.57878393943685
0.9999851783670347 -0.0014544707811015595 0.005246672177230779 -0.7517708547384079 0.0014542979616878823 0.999998941830961 3.677175304256696e-05 -2.7631560995646733 -0.0052467205520723235 -2.9140978562563272e-05 0.9999862354395423 144.92153442835806
0.9999816565884971 -0.004401245895423369 0.004161193568106462 -0.7645732404385883 0.0044051734844787575 0.9999898599640321 -0.0009350988599761268 -2.8101458577449088 -0.004157036125208853 0.0009534125121867113 0.9999909049837534 146.22723315292635
0.9998988026550911 -0.013911186434062297 0.0029771386976116003 -0.7567420028526686 0.013905494332689712 0.9999014619562149 0.001924472602083207 -2.8207370453540026 -0.0030036172846287703 -0.0018828792893005564 0.9999937165028928 147.60538726855648
0.9997461194004231 -0.02249029549419195 0.0013723549622242787 -0.7509505228714246 0.022485263364211555 0.9997407674910602 0.003579209883674216 -2.839480151975321 -0.0014524968092772715 -0.003547443480503105 0.9999926529212326 148.91992099787106
0.9997477105950698 -0.022454152256572227 0.0005711489019082591 -0.7221069779847596 0.02245373480085753 0.9997476168980263 0.0007295863629015473 -2.8838585084686574 -0.0005873870442000143 -0.0007165778664883068 0.9999995707458367 150.24513499842837
0.9997342573711782 -0.023044736566739353 0.0005956165171055394 -0.7464514562858886 0.02304642914922642 0.9997298698460941 -0.003008228385887835 -2.9053849619000047 -0.000526131837603098 0.0030211558828294087 0.9999952978896517 151.62784484779192
0.9998152499474874 -0.01914587459025168 0.001703369715000727 -0.7523037109694553 0.01915458255319665 0.9998027445664498 -0.0052510872421637315 -2.94178727823908 -0.0016024971965673451 0.005282744559415503 0.9999847621890389 152.94986144743956
0.9998146054463111 -0.01909323425291763 0.002490612924950634 -0.7570436902720645 0.01910618244119059 0.9998035055593546 -0.005282429017360189 -2.9741393036741512 -0.002389265083533432 0.005329035910308023 0.9999829462472406 154.3196878555369
0.9997139706149811 -0.023739260399463044 0.0029024952648506724 -0.7618909049103791 0.0237450036137506 0.9997161263300629 -0.001959989034408876 -2.995205260560842 -0.0028551428739149055 0.0020283482409611297 0.9999938669605513 155.6439903613982
0.9995232531429232 -0.030706329208114065 0.0032230057512676923 -0.7638886610802684 0.030704810018280744 0.9995283606904067 0.0005204117416218293 -3.0221121161608053 -0.0032374658601366456 -0.00042120183986873414 0.9999946706856997 156.97747893171257
0.9994704106543731 -0.03237913744886679 0.003238776507358449 -0.7448713377347194 0.032373777040502184 0.9994743951898359 0.0016946784632983576 -3.0565516373640667 -0.0032919466920578733 -0.001588929554990269 0.9999933191706718 158.3318846774725
0.9993933033392464 -0.03468778288852851 0.003127769392619611 -0.7464043330926731 0.03468149975836922 0.9993963299367397 0.0020418875497290006 -3.085782229503966 -0.003196710069654012 -0.0019321730189005742 0.9999930238498912 159.6643633100116
0.9994263186062925 -0.033607950174222266 0.0041880005470790686 -0.7503407283331729 0.03359957861398395 0.9994332640144835 0.0020540488221817955 -3.1024636400525507 -0.004254659782229568 -0.001912155407506277 0.9999891207044039 161.03207662577384
0.9995043871286903 -0.031004379089008847 0.005450557935278907 -0.756299348727331 0.03099516105332069 0.9995179708981843 0.0017680086169878672 -3.118321251532226 -0.005502747078392079 -0.0015981914514422893 0.9999835826417656 162.37829230909094
0.9996027153251592 -0.027447863955221564 0.006405176114730146 -0.7616560036262331 0.027449303552321815 0.9996231875376169 -0.0001366594501605058 -3.1499330512204233 -0.006399012093429808 0.00031242281328986853 0.9999794773043291 163.72196675314748
0.9996805015456981 -0.024241229672412087 0.007159442808197529 -0.7620372687450416 0.024250149704996046 0.9997052471292254 -0.001161507777461125 -3.172668484777981 -0.007129176766773341 0.0013347542880748193 0.9999736962854913 165.07964945070032
0.999677566422631 -0.0243075940613198 0.007341939133845304 -0.7584377136749727 0.024307405244668373 0.9997045247388078 0.00011517704393535766 -3.198133821297457 -0.007342570067980847 6.332360863416552e-05 0.9999730409607165 166.41897517691032
0.9997038678556923 -0.023217206572146397 0.007289576317704189 -0.7576969462616678 0.023218119231729308 0.9997304223168515 -4.038154336634235e-05 -3.219459973103173 -0.007286674278153714 0.00020961986500657621 0.9999734298624046 167.74980096241688
0.9997840313469499 -0.01963407213903358 0.006811305922738366 -0.7567511654747747 0.01965031664985008 0.999804208054477 -0.0023260707866530773 -3.25835256102079 -0.006764302654441001 0.0024594128154583356 0.9999740974102909 169.1374441698044
0.9998710528254046 -0.014820929256365203 0.006182054183396877 -0.7631494347035112 0.014855128794918673 0.9998744019821613 -0.005523169329848019 -3.2917132342350555 -0.006099419746679439 0.005614292470839529 0.9999656378058841 170.52372474434986
0.9999271977076383 -0.010451430893493338 0.0060304969054836705 -0.7697856152014204 0.010492308785001996 0.9999219205269947 -0.006787068286437918 -3.3194963208699146 -0.005959091980730499 0.006849848155823931 0.999958783549077 171.89198257862142
0.9999703209565403 -0.00428843588278747 0.0064005105954552674 -0.77110141749123 0.004324503447118322 0.9999747898501814 -0.0056319027240423715 -3.3650601001580123 -0.00637619772705232 0.00565941472470759 0.9999636569001482 173.27612673884946
0.9999733682246637 -0.0014227995940349694 0.0071581067016638624 -0.777755200603071 0.0014463929006419442 0.9999935355932239 -0.00329191697124054 -3.399471168020348 -0.007153377297730724 0.0033021828083594595 0.9999689619058759 174.63506205554577
0.9999730736478667 -0.001748835996575904 0.007126960162992216 -0.7812348910288509 0.0017587690856021056 0.9999974905201658 -0.001387689503456802 -3.424056725191313 -0.007124516039772634 0.001400186849984837 0.9999736400231911 176.0363326334041
0.9999747084881013 -0.0033662675605440253 0.006265032950443095 -0.7805909220719028 0.0033694634407042175 0.9999941985417988 -0.0004995940139219795 -3.4563080455954767 -0.006263315366486082 0.0005206911958529558 0.9999802496824443 177.4610865305997
0.9999732202875756 -0.005541600561955023 0.004780102857488177 -0.7801154738445649 0.00554406685896962 0.9999845051443537 -0.0005027791691287635 -3.481168649751271 -0.004777242992918174 0.0005292669332434519 0.9999884488435113 178.8633314901111
0.9999742461569968 -0.006686931416009715 0.0026061432016441276 -0.7796079629421816 0.006697600884242224 0.9999691376663224 -0.004106805261207401 -3.514226794807219 -0.002578601065667905 0.004124154490703404 0.9999881710113825 180.1984241177999
0.9999906015248718 -0.004198413891192259 0.0010817531937339718 -0.792756707114171 0.004207505449721975 0.9999546502465382 -0.008543672639684299 -3.5563478209236803 -0.0010458343576755463 0.008548143997192871 0.9999629170441724 181.6113221885234
0.9999998371527389 7.302126362988999e-05 0.0005660062814714668 -0.8207723467062755 -6.754222429217367e-05 0.999953201776935 -0.009674176640795316 -3.5884402787918073 -0.0005666862697884041 0.009674137027137715 0.9999530438671397 183.01125124475365
0.9999961878295529 0.0027502700824670783 0.0002456343616692514 -0.8391576490708159 -0.002748102505580539 0.9999607086556896 -0.008427875305505005 -3.6152492135650647 -0.0002688036734600607 0.008427168312812181 0.9999644546576004 184.3427398131972
0.9999842819451777 0.005581290592257362 0.0005338984951931951 -0.83537355983147 -0.005578361435234989 0.9999701849147339 -0.005339585807009405 -3.6543603469540087 -0.0005636844093494726 0.00533652370169644 0.9999856017831843 185.7801886168741
0.9999861569917778 0.0051737235918535695 0.0009583320116540851 -0.8479881035582026 -0.00517100449065691 0.99998265754351 -0.0028187470924525455 -3.684976042446322 -0.0009728988950040728 0.0028137525856653128 0.999995568121428 187.15338869077516
0.9999843076796986 0.005481192896913236 0.0011579764988384582 -0.8569023303470975 -0.0054782871887993755 0.9999818739072794 -0.0024980467287110558 -3.721896277049531 -0.0011716478866367855 0.0024916638466088805 0.9999962094181246 188.60490250343994
0.9999927612590189 0.003675614469947573 0.000983505158656925 -0.8548636255881292 -0.0036738510018894466 0.999991650894322 -0.0017891247879398924 -3.753102300649939 -0.0009900731655937852 0.001785498618699126 0.9999979158719287 190.01588112276306
0.999999247812508 0.0005773702852410476 0.0010821361134761543 -0.8635608467717444 -0.0005759864988830413 0.9999990166270307 -0.0012786655641436313 -3.7784098063928546 -0.0010828734054251488 0.0012780413321849522 0.9999985969959377 191.36803726071514
0.9999980285646414 -0.00133366755034235 0.001471122639726381 -0.8709187090064467 0.0013351448517005277 0.9999986050684837 -0.0010036171420327272 -3.8133510202655443 -0.0014697822209319563 0.0010055793473217622 0.9999984142728517 192.82915556667058
0.9999883177796983 -0.004475876020029938 0.0018250606792056263 -0.8719667432491304 0.00447641438678895 0.9999899385070428 -0.00029084870178117334 -3.842283676124352 -0.0018237406676947536 0.0002990150427074854 0.9999982922772578 194.2009687152817
0.9999526393511897 -0.009517821971142988 0.002032272594865159 -0.8691911705985601 0.009515434077979201 0.999954028937659 0.0011817427226108147 -3.8652598242466296 -0.00204342695704778 -0.0011623488125663943 0.9999972366706384 195.66704493422057
0.9999056282027509 -0.013553474153898794 0.0022445578606218033 -0.8653680483571549 0.013549780133889227 0.9999068307409027 0.0016532651361693055 -3.8958934557859575 -0.0022667564123757117 -0.0016226958688253298 0.9999961143278072 197.0571440606827
0.9999308978015511 -0.011466662182874352 0.0025913883754900297 -0.8774379567040311 0.011473910126851446 0.9999302542070662 -0.0027993030964002332 -3.9268278804299417 -0.002559109191844009 0.0028288430823389687 0.9999927242752229 198.47550786448303
0.9999903590808291 -0.0033590015536529485 0.002828226007374715 -0.8949172799171445 0.0033806513089152824 0.9999647542128598 -0.007685149563636161 -3.962329376439031 -0.0028023121378678954 0.007694636874194448 0.99996646924114 199.90866941111688
0.9999770071511708 0.005345097048222964 0.004173140411896172 -0.9128495930482973 -0.005308758465097232 0.9999483152620253 -0.008670864917756465 -3.990034182320505 -0.004219271702681347 0.008648511525182156 0.9999536994231818 201.33112379825323
0.9999070366858128 0.012381124065959263 0.005711893640210249 -0.9306563844937987 -0.012355950395748154 0.9999138853355087 -0.004421813356555073 -4.024864644621576 -0.0057661492737795484 0.004350826496608649 0.9999739105722488 202.79517840348012
0.9998871272529273 0.013468456325707805 0.0066583339398276035 -0.9237096988617474 -0.013451473080300282 0.999906172977219 -0.0025890438211237307 -4.052566082477565 -0.0066925802002595946 0.0024991872332720062 0.9999744813877934 204.22947770821074
0.9998992706177279 0.01276515539276391 0.006204788540966361 -0.9210020879874491 -0.012752741472815115 0.9999166070758152 -0.0020362982202918128 -4.091391152750925 -0.006230265297614453 0.001956965074937105 0.999978676810455 205.69079460948768
0.9999464579399578 0.009155684423070102 0.004822310769498899 -0.9194477375836296 -0.009146428056295895 0.9999562922117178 -0.0019381796938432634 -4.119942431422059 -0.004839845769726917 0.001893969035447496 0.9999864942931063 207.12675294192533
0.9999647491439055 0.007589329049984724 0.0035920109214060145 -0.9172910707379914 -0.007580796259390652 0.9999684251864582 -0.0023833116638245075 -4.155980647626014 -0.0036099855482584473 0.002355997390652786 0.9999907085948424 208.55728221175386
0.9999657272565561 0.007646771738319685 0.0031735125681493018 -0.9252123285613827 -0.007636989115027755 0.9999660836606459 -0.0030834951143400525 -4.182693424309047 -0.0031969839906729374 0.0030591534106039335 0.9999902103868464 210.03202829502743
0.9999521616365318 0.009285416103680449 0.0030749747017126566 -0.9328922455395801 -0.009275832896132336 0.9999521222148671 -0.003116443968880635 -4.220253133182066 -0.0031037652231524233 0.0030877719880812913 0.999990416104793 211.51794616805054
0.9999429030489092 0.010286320116142394 0.002895209959952763 -0.9393776481943912 -0.01027943210231528 0.999944322785742 -0.0023842458013221407 -4.24881879202725 -0.0029195741275747263 0.0023543485948514576 0.9999929665380952 212.95721953919934
0.9999452696802907 0.010153750453816798 0.0025217009829452642 -0.9543083655040482 -0.010147226740725506 0.9999451697747646 -0.002586746418297874 -4.285335431403591 -0.0025478281131755005 0.002561016617966001 0.999993474859826 214.39706000789585
0.9999486910746933 0.009877422676757584 0.002247603142668058 -0.956164931811698 -0.009869984168371027 0.9999458545552136 -0.003297179554616406 -4.318815421718841 -0.0022800492772791087 0.0032748266312775816 0.9999920384095854 215.86639871704193
0.999956278199112 0.009136104178577796 0.0019933070649067923 -0.9628148178175955 -0.009128179935714242 0.9999505386923851 -0.003949243016779981 -4.350946492203419 -0.002029289344241246 0.0039308751553375374 0.9999902150532763 217.3448216721876
0.9999470555582627 0.010199635982183831 0.0013614274779372181 -0.9640843669711987 -0.010194132770763793 0.9999400770865511 -0.003990227663348145 -4.3880265810025 -0.0014020448892629145 0.00397613790220091 0.9999911122581611 218.8147195559864
0.9999390185506485 0.010975993582766352 0.0012193116532357975 -0.9735924820016046 -0.010970443570716446 0.9999298344964379 -0.0044693934403698485 -4.424937473590855 -0.0012682822448483945 0.004455744581038915 0.9999892688416054 220.29036961838128
0.9999457900099075 0.010350057566568885 0.0011372456532232897 -0.9838549675428139 -0.010344757005296032 0.999936037288413 -0.004572456505460671 -4.459285970596095 -0.0011844982044360909 0.004560444185621689 0.9999888995938611 221.78484594804365
