1.0 -3.469446951953614e-18 0.0 -1.7787691892340307e-19 0.0 0.9999999999999999 -3.5405977195229754e-19 0.0 2.168404344971009e-19 -2.354751593366955e-19 1.0 0.0
0.9999997879012338 -0.00022423652149707908 -0.0006114857836499175 0.0012797671319849631 0.00022464986883736875 0.9999997463033071 0.0006759624952851515 -0.020824971128770776 0.0006113341052672223 -0.000676099735766886 0.9999995845803276 1.3301288575711947
0.9999996337163163 -0.0005933650130191623 -0.00061683479216251 -0.01150362020216102 0.0005940383492570016 0.9999992274076144 0.0010919255925667063 -0.03877997959174494 0.0006161864581585505 -0.0010922916377096648 0.9999992136068783 2.6291869226844367
0.9999984151390348 -0.0013705100320021892 -0.0011364074666529265 -0.008397083840134847 0.0013716944025259272 0.9999985163397093 0.0010420031552250942 -0.07459960901235628 0.0011349778016895595 -0.0010435603279984717 0.9999988114039149 3.9521896738634426
0.9999979663286304 -0.0019068241761420277 -0.0006567815388921724 -0.020705412603066745 0.00190754659868805 0.9999975746504768 0.0011008887772326911 -0.08793093248713946 0.0006546808009841244 -0.0011021394005730114 0.999999178341164 5.270965708780814
0.9999969652817752 -0.00226981654410887 -0.000957790119048672 -0.020474148357552693 0.0022713185753155847 0.9999961882420911 0.0015699075132599141 -0.1060684383046404 0.0009542231482115233 -0.0015720782255455262 0.9999983090135892 6.591415926964163
0.9999935031729936 -0.0035359358394727435 -0.0007005521917645766 -0.028415828900780267 0.0035376447229945648 0.9999907339602835 0.002452969222035815 -0.13528641216040807 0.0006918722193431117 -0.0024554316365353857 0.9999967460796378 7.922582023591854
0.99999420507548 -0.003361596730402998 -0.000538039748374496 -0.04928409069165715 0.0033630250007923267 0.9999907654413137 0.002675647531001361 -0.14851038600807864 0.0005290403789385985 -0.0026774415175796285 0.9999962757053329 9.24069123608748
0.9999943697650411 -0.0031656431891589377 -0.0011131685003488807 -0.04415002645847453 0.003168172017900173 0.9999923885492997 0.002277174702685044 -0.1812132962802509 0.0011059514004671555 -0.002280688634378554 0.9999967876613727 10.571325386935435
0.9999993474420652 -0.0006902778146670365 -0.000910292047062759 -0.07203448064358131 0.0006902084944742422 0.9999997588784519 -7.651267495353829e-05 -0.20057436379784724 0.0009103447194902728 7.588433500460244e-05 0.9999995827576694 11.890194836114613
0.9999974167514767 0.0020598394362264048 -0.0009610133681481831 -0.069159008994619 -0.002060565466680077 0.9999975920462918 -0.0007549670834391162 -0.22813416531105418 0.0009594560234289564 0.0007569453766921309 0.9999992532393664 13.229142862557461
0.9999842308429707 0.005562384429383483 -0.0007732609911240075 -0.09415905730112326 -0.005563095286114178 0.9999841029073834 -0.0009197361185758673 -0.24510106531130388 0.0007681328364545449 0.0009240233530146715 0.9999992780766921 14.57023189388997
0.9999832790212424 0.005768758785908729 -0.0004038413269860624 -0.1159131314225901 -0.005768787701849609 0.999983357993104 -6.954740238779568e-05 -0.2686401780055342 0.00040343343772532595 7.18759110383778e-05 0.9999999160379648 15.925004595115992
0.9999909165807606 0.004260119724284254 -0.00013463873218285283 -0.10784375195555607 -0.0042597487230087334 0.9999874238207658 0.0026470263920255837 -0.29738671398875083 0.00014591370248636 -0.0026464288763486917 0.9999964875558889 17.265730965888643
0.9999999933524298 -3.58362032403161e-05 -0.00010959377774687239 -0.11690878906500558 3.6413577942455075e-05 0.9999860980222938 0.005272801426133037 -0.331350653826181 0.00010940331052109137 -0.005272805485769859 0.9999860926806207 18.630806767996873
0.9999974268065872 -0.00223951789035454 -0.00036185988669563615 -0.1132904614919629 0.0022406771658994174 0.9999922562549117 0.0032352422004429384 -0.3610989353152464 0.0003546117345075196 -0.0032360447490797258 0.9999947011190103 19.96282664351967
0.9999951301620504 -0.0031140600571802953 -0.00020563624539465374 -0.1294181831798193 0.003114303204077181 0.9999944402648502 0.0011918684149428527 -0.3657437537677316 0.00020192357053528212 -0.0011925030456389812 0.9999992685816624 21.321118867995416
0.9999992831745258 -0.001190920956274535 0.00012393444025406456 -0.1366433833934452 0.0011909488561159531 0.9999992655819653 -0.0002246653841918364 -0.4093035617827152 -0.0001236668010730082 0.00022481282816916445 0.9999999670827481 22.66832733518402
0.9999992038464915 0.0010848811373990012 0.0006444675400268524 -0.14314555164545972 -0.0010852530626385415 0.999999244691127 0.0005769269647243005 -0.3976462042231043 -0.0006438412100857956 -0.000577625927464943 0.9999996259078887 24.04157256136406
0.9999965577984867 0.002027713677461518 0.0016651628053929613 -0.159306650735992 -0.002036884650548047 0.9999826660477233 0.005524373921663473 -0.42766460363883596 -0.0016539322284000063 -0.005527746759370539 0.9999833541229477 25.431302313777813
0.9999983402701814 0.0002852720974190698 0.0017994662333162945 -0.15092983299951762 -0.00029680720934379453 0.9999793906484759 0.006413281733410768 -0.44389345486675996 -0.0017975997638808269 -0.00641380530881601 0.999977815621791 26.796769689833745
0.9999912431874243 -0.003855485934241924 0.0016275086055028375 -0.15527681291952553 0.003845267152034341 0.9999731623943001 0.006236056831021228 -0.48449568134725 -0.0016515080907114447 -0.006229744136150514 0.9999792311884862 28.175666693546077
0.9999903722033238 -0.004098783848325309 0.0015669969360606573 -0.16531709254594407 0.004092861839978534 0.9999845399398152 0.00376408780118183 -0.48953187741658966 -0.0015824010228672287 -0.003757638128983175 0.9999916880460854 29.528250389179664
0.9999867502150935 -0.004548625117049551 0.002410272404557348 -0.17261713398467549 0.0045452798000063695 0.9999887016947696 0.0013917284481102547 -0.5237910450536997 -0.0024165758263214945 -0.0013807546673003984 0.9999961268299175 30.91533626543651
0.9999940068398553 -0.001765425843745885 0.00297818106305822 -0.1912109779846462 0.001763103435297366 0.9999981397400892 0.0007822914121079683 -0.5335003832202526 -0.0029795568513877576 -0.0007770358939856788 0.9999952592150074 32.29182741268504
0.9999945357148562 -0.0005578237361359359 0.0032584318450301266 -0.1839217470371127 0.0005620930541422667 0.999998984685485 -0.001309457385690657 -0.5673620025026398 -0.003257698366617057 0.0013112818012728474 0.9999938339495708 33.67881705434475
0.9999936631105748 -9.578721018721481e-05 0.0035587312399683476 -0.20434682861558606 9.970018839247467e-05 0.9999993907111175 -0.0010993803839360742 -0.5756473223222226 -0.0035586240667139692 0.0010997282481040275 0.999993063369959 35.07674421990615
0.9999951668612169 -0.0002059046902925278 0.003102234958001476 -0.20243925498200172 0.0002036209161874955 0.9999997080729146 0.0007364727891941838 -0.6143182007868473 -0.003102385957140786 -0.0007358375616151449 0.9999949168573933 36.46541095646505
0.9999953656663024 0.0008289383524887287 0.0029294213579722245 -0.21726708246698978 -0.0008344888135695446 0.9999978581994814 0.001893997345354998 -0.6217912740805187 -0.0029278453226376303 -0.0018964331729225486 0.9999939156112635 37.867664006211406
0.9999930000302092 0.0029336691958789666 0.00232238528200872 -0.20307510332003287 -0.0029391363136049052 0.9999929097943069 0.0023541120938897365 -0.6453156560639536 -0.0023154628236372048 -0.002360921468987536 0.9999945323245809 39.269500364116915
0.9999791080856322 0.005570480422229032 0.003279197030119209 -0.23890147517949015 -0.005578878479494523 0.9999811678710563 0.0025573479914385746 -0.6765355718985073 -0.0032648898931197053 -0.002575588857657257 0.9999913533788122 40.653673970599385
0.9999628311591263 0.00807077767733723 0.0030329580305583715 -0.24219717627905185 -0.008079370992591118 0.9999633521036108 0.0028316480849161496 -0.6947203014593067 -0.0030099935294412208 -0.0028560472889960996 0.9999913914277088 42.083211661959695
0.9999607616455536 0.00848213233865716 0.002555109611172509 -0.23987339646724817 -0.00848890316309465 0.9999604556144306 0.002650612838805124 -0.7055638675273009 -0.0025325259344483454 -0.0026721989682827953 0.999993222808145 43.47812380358799
0.9999664498895394 0.007861377320094806 0.0023017011572843186 -0.2540132620079129 -0.007867820759937347 0.9999651178432081 0.002803660028640317 -0.7326089931864891 -0.002279580430478707 -0.0028216753974649204 0.9999934208076015 44.89931306977166
0.9999715893578074 0.007335421021805014 0.001735529495470442 -0.26032301112060874 -0.0073396606764253546 0.9999700655534468 0.0024489575637196385 -0.7592913893909328 -0.0017175135521790585 -0.002461626237591116 0.9999954952606183 46.2867136859948
0.9999742349443139 0.007162664768646984 0.00047504386367134524 -0.25913630748101013 -0.007164112908599522 0.999969472612804 0.003119189484617098 -0.7839640884454883 -0.0004526876893779417 -0.003122512453062905 0.9999950224824982 47.72991314469712
