1.0 -3.469446951953614e-18 0.0 -1.5585406229479126e-19 0.0 0.9999999999999999 -3.5744790374131474e-19 0.0 2.168404344971009e-19 -2.405573570202213e-19 1.0 0.0
0.9999995697529869 -0.0009035185326197234 -0.00021011709727722654 0.0012891276216170076 0.000903796358909437 0.9999987129066772 0.0013256453147696286 -0.018216159629967657 0.00020891910052226316 -0.0013258346730921405 0.9999990992574778 1.3106429997350186
0.9999993067324952 -0.0011368426868432584 -0.0003067972015997405 -0.01357343725432841 0.0011372875783573783 0.9999982967901271 0.0014536133619540037 -0.03592923454478388 0.00030514417638647685 -0.0014539612988925424 0.9999988964415346 2.6154641221213444
0.9999977725723982 -0.0019024875404802365 -0.0009139982449616326 -0.013230515648557525 0.0019036170946245684 0.9999974237419205 0.0012364256636281294 -0.07261881860521334 0.0009116436840246239 -0.0012381628359521388 0.9999988179294265 3.9422701341177637
0.9999963963289213 -0.002662680966236307 -0.0003427281462648347 -0.026100838104320484 0.002663063716535418 0.9999958260558133 0.0011206955639416088 -0.08652651438261888 0.00033974269079542073 -0.0011216042525588835 0.9999993132895202 5.257148162473419
0.9999959865588154 -0.0027532776057569413 -0.0006680805458040976 -0.023338844998814973 0.002754239513792542 0.9999951660664335 0.0014429151899719727 -0.1013321333073152 0.0006641046277535336 -0.0014447494796625503 0.9999987358318391 6.5805216501859505
0.9999920672483914 -0.0039528870383813645 -0.0004900295910944417 -0.029264972586789978 0.003954050441090838 0.9999893127005539 0.0023958221842370264 -0.13960833666528838 0.0004805539823758082 -0.0023977408251193077 0.9999970099495299 7.918063150278859
0.9999914298035661 -0.004130729235335064 -0.0002782096123053058 -0.048979249932579384 0.004131436787786182 0.9999881074160117 0.0025915729832434358 -0.15793676434718293 0.00026750124238555896 -0.0025927002265377377 0.9999966031689909 9.233409444293445
0.9999923366673755 -0.0038124898376084484 -0.0008896806132262904 -0.04659970624530739 0.0038141600616231532 0.9999909532708205 0.0018829641424027998 -0.1798745641948647 0.0008824938592438829 -0.0018863431318636372 0.9999978314556098 10.56850331090527
0.9999989130368357 -0.001268173158460584 -0.0007521055426858948 -0.06433549072277625 0.001267767941567773 0.9999990510569815 -0.000539117509814808 -0.19949136989443608 0.0007527885866006705 0.0005381634394835456 0.999999571845203 11.884936307149195
0.9999972837418546 0.002178625549442274 -0.0008283081847292636 -0.06549253323909705 -0.002179904562700544 0.9999964286360373 -0.0015462002750667577 -0.23292077621507112 0.0008249367034231954 0.0015480017361499906 0.9999984615844251 13.22806272111227
0.9999879909794034 0.004864786905535313 -0.0005930724676494305 -0.0924599371637907 -0.0048656775819349496 0.9999870236945941 -0.0015091831297098291 -0.2501964077680148 0.0005857229653799007 0.0015120507309088276 0.9999986853151159 14.566110302212133
0.9999866100234209 0.005171960248882595 -0.00017490177132938674 -0.11101251562151541 -0.00517212764941055 0.999986155340838 -0.0009686240232736835 -0.2802393708123111 0.0001698896781581311 0.000969515682718041 0.9999995155883766 15.913549417805127
0.9999939011337007 0.0034897377210056056 -0.0001393533545210521 -0.09802739912301814 -0.0034894984787785955 0.9999924951023266 0.0016831950468392252 -0.3068608745550887 0.00014522623134511888 -0.0016826985438947843 0.9999985737167129 17.262734880109523
0.999999563648627 -0.0009187303891096555 0.00016922979923795654 -0.11790913298670204 0.0009180820105191608 0.9999923860543114 0.0037927505318496764 -0.3363627028691587 -0.00017271303735596176 -0.0037925935839501056 0.999992793176354 18.621208509228452
0.9999958519205148 -0.002864084717397136 -0.00030522802908279677 -0.10550317181101565 0.0028646547386446067 0.9999941237848616 0.0018831209542644477 -0.37290495793016665 0.0002998328446177584 -0.0018839875510330885 0.9999981803443269 19.960634492829943
0.9999933970964648 -0.0036338910309266937 -2.4585929686936087e-05 -0.12099480130917858 0.0036338763880353446 0.9999932290708121 -0.0005803015909314125 -0.37318464000244495 2.669451799798767e-05 0.0005802084312222838 0.9999998313227598 21.311384022168323
0.9999986154851715 -0.0016450317121406068 0.0002508012894347723 -0.12951382802641118 0.0016454530135833999 0.9999972206394314 -0.0016885483283788677 -0.43053439037868324 -0.0002480228990431267 0.0016889587070461024 0.9999985429502293 22.663588418321858
0.9999993725578415 0.0007011988893601741 0.0008736155564951498 -0.13622628329823028 -0.0007007817132209651 0.999999640308849 -0.0004777953487678892 -0.42828244084869704 -0.0008739503461226172 0.00047718284475199913 0.9999995042528732 24.03203602037581
0.9999981165023459 0.0007779460839227956 0.0017781430766574816 -0.14960298079322576 -0.0007844279974663576 0.9999930401323399 0.0036475142431927395 -0.45182344737896935 -0.0017752932787105115 -0.0036489022693903896 0.9999917668882559 25.42628635781283
0.9999976241560418 -0.0009174109606442209 0.001977383002169655 -0.14392880625998075 0.0009084310605099819 0.9999892930428773 0.004537460763179572 -0.4746266485807651 -0.0019815247103623116 -0.004535653753824181 0.9999877506265508 26.793338092876418
0.9999882534356485 -0.004462208515995445 0.0018925365120732016 -0.14900037676371136 0.0044551482143042245 0.9999831612929784 0.0037187065191552895 -0.509153538063228 -0.001909098446115299 -0.0037102313746255285 0.9999912947243168 28.163663194213544
0.9999853260894772 -0.005119198258842826 0.0017724062715987114 -0.16142237694775738 0.005117106517544608 0.9999862079005639 0.0011828874538931374 -0.520914227338408 -0.0017784374107714786 -0.0011738005223937596 0.9999977296726408 29.52217661905384
0.99998413886949 -0.005048677421449923 0.002496572771031492 -0.16313009160750452 0.0050504751270396275 0.9999869912511641 -0.0007141589105019884 -0.5679262745077317 -0.0024929349466903034 0.0007267564820346387 0.9999966285428119 30.911650465253548
0.9999924385842982 -0.0026041105799194525 0.002888146435578969 -0.17057843390960564 0.002609944446009267 0.9999945580171872 -0.0020179500432488933 -0.5707507271271522 -0.0028828759983753937 0.002025472730699575 0.9999937932218881 32.29583921670617
0.999993689796316 -0.0009208040013289551 0.0034311067082212314 -0.17574105112972618 0.0009341822074349602 0.999991960505296 -0.0038995162693824027 -0.6168801591315255 -0.003427488726441446 0.0039026970218942365 0.9999865105452798 33.677810525253854
0.9999931246262891 -0.0004320503293558514 0.003682938751616089 -0.19204118658598424 0.00044620657506970647 0.9999925131198358 -0.003843774639482212 -0.6325233930176697 -0.0036812507879959103 0.0038453916426997065 0.9999858305751406 35.07419430641871
0.9999948203455161 -0.0007479358123302204 0.0031304758913410927 -0.1870560345909316 0.0007550151416000142 0.9999971592792956 -0.002260837120391059 -0.6758983948025449 -0.0031287763036843457 0.002263189014459881 0.9999925443372915 36.46299864842908
0.9999950828351968 0.0006729481547319421 0.0030629151116789944 -0.20367646640183185 -0.0006692362096977688 0.9999990406469523 -0.0012127775247991247 -0.69710127388007 -0.003063728569599921 0.0012107217735132603 0.9999945738432845 37.86394071333692
0.9999928775021492 0.0027816588049905337 0.0025509444507678756 -0.19986763203713653 -0.002779807354693525 0.9999958705219055 -0.0007291195536455408 -0.7230482068802185 -0.0025529622950432713 0.0007220232405259957 0.9999964805250655 39.25908462989621
0.9999860350064619 0.004291981476612307 0.003083615215435095 -0.21581860974661154 -0.00428939260173535 0.9999904428487721 -0.0008457721345736035 -0.7448679046887244 -0.003087216045048113 0.000832533502714377 0.9999948879774543 40.65684165160667
0.9999651971067892 0.00772351865412882 0.003154650904694897 -0.23054865899423732 -0.007722145587365265 0.9999700837294481 -0.0004473590742793703 -0.7827420646341396 -0.0031580119831805887 0.0004229828363176879 0.999994924008012 42.08245784168068
0.9999577390328394 0.008747934457245329 0.0028273265672778946 -0.23209443948611894 -0.0087467844652769 0.9999616583531125 -0.0004190518605927355 -0.8088194425677621 -0.0028308842412465124 0.00039430413833427155 0.999995915299134 43.47119988413732
0.999965819395847 0.007923492890127722 0.0023618396624574154 -0.24186457439713366 -0.007922277711216251 0.9999684811729649 -0.0005236349217976849 -0.8375135749094793 -0.002365914438482275 0.0005049058797328652 0.9999970737535745 44.89887315052117
0.9999708995870814 0.007490786428507669 0.0014450203781648085 -0.23294246336049707 -0.007489248293570994 0.9999713856530723 -0.0010672633360712055 -0.8734462239443613 -0.001452973795696271 0.0010564101781330294 0.9999983864299582 46.29446957368231
0.9999745336920586 0.007109701493808575 0.0006197564754723377 -0.24787182051803544 -0.007109304722420126 0.9999745232552779 -0.0006408132911430369 -0.9039116238876838 -0.0006242967310450458 0.0006363909419626864 0.9999996026295013 47.72900331802608
0.9999740704208911 0.007188083177023337 -0.0004358100340827334 -0.2521438390914835 -0.0071880652724848415 0.9999741645775998 4.370366051473094e-05 -0.9291101298275775 0.00043611295671567457 -4.056990298533865e-05 0.9999999040801262 49.12844908799576
0.9999664561069386 0.008073718352101585 -0.0013790262023856072 -0.2668288169529105 -0.008073599549995075 0.9999674037337993 9.207355955352074e-05 -0.9601815260596136 0.0013797247434112405 -8.093677462232718e-05 0.9999990449051217 50.551544151676154
0.9999644294934341 0.008056438588237217 -0.002496702521419815 -0.2770567019533774 -0.008055574870580931 0.999967489963411 0.0003560155052232056 -0.9813605757087878 0.0024994897815647597 -0.000335890482304793 0.9999968198613534 52.00247086416484
0.999958339747445 0.008403954516915767 -0.003562624486801504 -0.29304347755612975 -0.008399321128950615 0.9999638621809569 0.0013136798427352543 -1.01562771112337 0.003573536149466771 -0.0012837015220200755 0.9999927909522923 53.40983864174678
0.9999646724059451 0.007180697514252543 -0.004369382101918973 -0.3062566561308277 -0.007172007989230028 0.9999722782409668 0.0020012660009163046 -1.0443260879313994 0.0043836318323481815 -0.001969858105551523 0.9999884516531656 54.86552578677104
0.9999782693758225 0.004381720587099012 -0.004925574369255642 -0.3113187754835418 -0.004368782393152162 0.9999869865137884 0.0026344926095829076 -1.059231982327336 0.00493705429992205 -0.0026129166567051866 0.9999843989640603 56.26211431416082
0.9999819289064895 0.0028131736487654073 -0.005312993400014309 -0.33374468300770943 -0.002801799159955109 0.9999937698254584 0.0021471461090391323 -1.0902244592758676 0.0053190010450374706 -0.0021322214158227292 0.999983580800529 57.69423460510422
0.999984553446026 0.0014889776024951465 -0.005354979165471251 -0.34822958828545464 -0.001477477598485451 0.9999965954099899 0.002150867391139071 -1.114130998829609 0.005358163981784958 -0.0021429223536279596 0.9999833488481494 59.14234880844846
0.9999865078276167 0.0010832441703989906 -0.005080426458102203 -0.3546499531040018 -0.0010695852577034 0.9999958085996231 0.0026904965836551773 -1.1489559561789708 0.0050833200604322604 -0.0026850263916549516 0.9999834751139308 60.54410246893471
0.999989548938687 -0.0008903334408857915 -0.004484340820730698 -0.37462171528406407 0.0009064347708421811 0.9999931458230413 0.0035898023326587443 -1.1717807159828235 0.004481114344873421 -0.0035938296516558996 0.9999835018698998 62.00018559120058
0.9999861226072028 -0.0032749654909952023 -0.004126644026368422 -0.38613093767725704 0.0032878653177410566 0.9999897182396901 0.0031230355919479006 -1.1945362519025167 0.004116374114054338 -0.003136560164791776 0.9999866086417655 63.401498013676985
0.9999847841283682 -0.004059411957095837 -0.003735329294923595 -0.3937091580474119 0.004066987337205976 0.99998968427891 0.0020226081865299863 -1.2256615378374784 0.003727080479357364 -0.0020377689878149216 0.9999909781472546 64.81530774320228
0.999988264100617 -0.0038283241325434408 -0.002969106828408969 -0.4054028342972672 0.0038342697588955796 0.9999906505173796 0.0019993117864304374 -1.258115238886819 0.0029614253073992473 -0.0020106727183402183 0.9999935935599813 66.27244872631566
0.9999953431893818 -0.0019362402301854199 -0.002358934536346188 -0.4201200785148199 0.001940503655163666 0.9999964857617312 0.0018063517195639827 -1.2881912948711356 0.0023554289162764134 -0.0018109208649430071 0.9999955862525759 67.63918426439766
0.9999983252934669 0.0006312459260607757 -0.0017178285448943805 -0.4392582351526094 -0.0006261254538929206 0.9999953646338743 0.0029797110840757385 -1.3160503181362906 0.0017197016603197092 -0.002978630578347021 0.9999940851772806 69.11088449329868
0.9999911888511123 0.004113115115704324 -0.0008393420336418597 -0.4546362884582454 -0.004109627405609794 0.9999830852055108 0.004115856207597367 -1.343420615905719 0.0008562569021548309 -0.0041123706440510145 0.9999911775781181 70.46942868121239
0.9999669695805837 0.008126618540142485 0.00013342272940777052 -0.4776152409396307 -0.008127176640944237 0.9999548994315357 0.004914073566775541 -1.372754116537521 -9.348191504472431e-05 -0.00491499570597508 0.9999879169666696 71.91999616789911
0.9999301489222334 0.01180556627789876 0.0005708360713680999 -0.48478249567862075 -0.011807930764759354 0.9999209011165586 0.004331778909566537 -1.3873519891914716 -0.0005196518569900201 -0.004338216817074704 0.9999904548729334 73.28269129160991
0.9998780973569674 0.015558677648448493 0.0013107007654527497 -0.4974304479998428 -0.015563535304792764 0.9998717340035765 0.003780469499521859 -1.4124291466226235 -0.001251713644461458 -0.003800407873741134 0.9999919950239361 74.67933199180598
0.9998458850629679 0.017431516132835348 0.0020852632271495795 -0.5142690363252944 -0.01743926977009111 0.9998408574435557 0.003759215825062301 -1.4400186743004417 -0.0020194027103618804 -0.003795002028222687 0.9999907599424787 76.12180296595244
0.9998446581979827 0.01745635586031124 0.002436199521356024 -0.5192082436618329 -0.017466263764604147 0.9998390212486179 0.00410624718009468 -1.4642081510394473 -0.0023641274304544956 -0.0041481607048911425 0.9999886017660375 77.49425552420342
0.9998619681521792 0.016432742079649405 0.0024514464292516164 -0.5243638158335409 -0.016442640512464798 0.9998565133534233 0.004073367281400697 -1.498617338887963 -0.0023841582846402783 -0.004113113371077546 0.9999886989788301 78.90517710186583
0.9998776686401084 0.015482052236235107 0.0022257078951342037 -0.5295196273611372 -0.015488611624301585 0.999875662209915 0.0029602483582025357 -1.5197653150846007 -0.002179600618534028 -0.002994359421277335 0.9999931415516982 80.28283403546695
0.9998834721304729 0.015140469050165608 0.0019514918448544308 -0.5345828240015271 -0.01514626037029649 0.9998808262837883 0.002987317476935033 -1.5556311684908135 -0.0019060300500753685 -0.0030165272442894196 0.999993633785135 81.65566473105955
0.9998932663715332 0.01452865297149913 0.0015408025617879445 -0.5429365331384439 -0.014533657733715698 0.9998889759219114 0.003287652554328594 -1.574352052591109 -0.001492866456922193 -0.0033096952234589546 0.9999934086111902 83.06967362832039
0.9998945744813963 0.01445630086625042 0.0013620766463774568 -0.5614913013244407 -0.014459691149176827 0.9998922971179692 0.0025122763742203443 -1.6022542111276983 -0.0013256118345358996 -0.002531706783704005 0.9999959165979664 84.42142069673548
0.9998937885265318 0.014566067156637197 0.0004912401921692545 -0.5659688245288933 -0.01456737126037514 0.9998900736488192 0.002762670807835083 -1.622440310480735 -0.0004509449801691362 -0.0027695335241338173 0.9999960631585174 85.8398602362545
0.9999051660181395 0.01375251516906921 -0.0007261273792731071 -0.5783678720722116 -0.013749875412797725 0.9998992550033651 0.003524316058367577 -1.6585321018179222 0.0007745225030778569 -0.0035139977528688715 0.9999935259473653 87.19104842677783
0.9999206241956663 0.012457720148871788 -0.0018842726262181001 -0.583206112543972 -0.012448659395206063 0.9999112461104512 0.0047466630626977376 -1.685325852415704 0.0019432381570420282 -0.0047228297285771 0.999986959269573 88.57187634617307
0.9999391808639122 0.010630713850615887 -0.002936403649130201 -0.5895705108800757 -0.010615616672467357 0.9999305947732868 0.005110219397816144 -1.7113707111597216 0.0029905253836737407 -0.005078736973828365 0.9999826314467838 89.95118680098041
0.99995422845991 0.008738514079956137 -0.0038960660168403756 -0.6017844557422259 -0.008717289509356895 0.9999472500890684 0.005431935257635632 -1.7368710408124177 0.00394332787949966 -0.005397723610465171 0.9999776571272729 91.32964253525755
0.9999582404006712 0.008079107404752529 -0.004271469639448456 -0.6178954407036941 -0.008058988595518004 0.9999564494590701 0.004706580948047436 -1.7610608747380359 0.004309308955068707 -0.004671960779778719 0.9999798011200345 92.70185950630095
0.9999671786473572 0.0067333194892049775 -0.0045059975802903655 -0.6306751862017378 -0.006712960817126462 0.9999672604959792 0.004518197209052714 -1.7892449131870605 0.004536272908047792 -0.0044878004278104235 0.9999796407353228 94.02102446395877
0.9999683636259158 0.006439420136144669 -0.004669645967619287 -0.653113576009122 -0.0064208610228038004 0.9999714709910438 0.003978663087782563 -1.8097908815703285 0.004695133430015775 -0.003948554156100893 0.9999811821489809 95.41462144273521
0.9999750487582887 0.005469826710291492 -0.0044702166890117105 -0.6596827879443921 -0.005455875849954134 0.9999802268818274 0.0031271831167219376 -1.8283778227074932 0.004487233829999984 -0.0031027162113354094 0.999985118836211 96.76105533453277
0.9999671329845566 0.006820550864483965 -0.004383265233315934 -0.6769361616766066 -0.0068097167061838895 0.9999737333818701 0.0024819988538577506 -1.858049027948043 0.004400079072583079 -0.0024520685406088575 0.9999873132559572 98.10387251492128
0.9999605811462046 0.007901168959239901 -0.0040506367813390644 -0.6985366241399215 -0.007890682999504649 0.9999654923347389 0.0025983221326926352 -1.877437572685583 0.004071027131112962 -0.002566257478968225 0.9999884204673458 99.48281508823975
0.9999607085897604 0.007882354097651001 -0.004055828656770319 -0.7065422228741312 -0.007865894350426813 0.9999608274202392 0.004058490727734076 -1.9095160639837188 0.004087660588719622 -0.00402642863291441 0.9999835393204914 100.80767670628603
0.9999578202347407 0.008312704450230681 -0.003905978857778449 -0.7291580134931063 -0.008291516611193497 0.9999509910161399 0.0054098368457848696 -1.9324741979439988 0.00395075814224833 -0.005377222287118418 0.9999777382518451 102.1396245024346
0.9999576648989841 0.008420674289659797 -0.00370953219978128 -0.7423841932876504 -0.008404500584886867 0.999955200762383 0.004354406436880045 -1.9566400323783224 0.0037460333734365622 -0.004323045421803755 0.9999836391262343 103.49863375750955
0.9999588308337832 0.008366322131336921 -0.003513013942303935 -0.7535324924487087 -0.008360147608753745 0.9999634890013264 0.0017687888695944373 -1.9796746012278872 0.0035276842351158466 -0.0017393467784820062 0.9999922650318248 104.82040153972969
0.9999667474212852 0.0071950014085268394 -0.003838747744193066 -0.7747391632481565 -0.007193696995049058 0.9999740625084574 0.0003536225124004122 -2.003256584322755 0.003841192815591505 -0.00032599598048868854 0.9999925694581691 106.13078574098228
0.9999774796767255 0.005795849089874238 -0.0033835269995535406 -0.7804586980553494 -0.005790132777980914 0.9999817972494359 0.0016969217707023887 -2.0381555122867185 0.0033933008003025717 -0.0016772925251484548 0.999992836077301 107.5007503736257
0.9999923941615433 0.0026108614608906632 -0.0028974146511995514 -0.7892087256422181 -0.002600908015713578 0.9999907220745353 0.003433809299401898 -2.052655091832738 0.0029063532177869347 -0.0034262473453058476 0.9999899069220531 108.82974695852224
0.9999967391361927 0.0014576997554771685 -0.0020968601079724503 -0.8057834804055997 -0.0014486904117145824 0.9999897410287094 0.004291751969369569 -2.084219850860423 0.0021030948632553594 -0.004288700360773768 0.9999885919578094 110.1640203644589
0.999998422867897 0.0009222807989579477 -0.0015177798824895516 -0.8172239428211505 -0.0009174106043379144 0.9999944387482566 0.0032063735355942788 -2.110573338067061 0.0015207287495359583 -0.0032049761164728023 0.9999937077378691 111.48907026440305
0.9999971958676547 0.0022224457205173073 -0.0008179160109792649 -0.8316226398001676 -0.002221811109239662 0.9999972305671826 0.0007761553814933811 -2.1324338794795774 0.0008196387787696418 -0.0007743359678018758 0.9999993642985533 112.80789984655007
0.999986932786128 0.0050889127770780375 0.0004870467167098168 -0.8308307011283784 -0.005088332690793005 0.9999863515024715 -0.0011856176886719649 -2.1679199467963834 -0.0004930736172242668 0.0011831239600446422 0.9999991785472813 114.15772330017327
0.9999681255353479 0.007780256782126568 0.0017931825380404383 -0.8504475058687195 -0.007777144296221195 0.9999682498041449 -0.0017364984891796368 -2.188978596260074 -0.001806636162871445 0.001722497329333448 0.9999968845281798 115.46923707146298
0.9999550985120272 0.00890730948330112 0.0032343132188486262 -0.8623630630099105 -0.008907392208161592 0.9999603283444816 1.0994652980308181e-05 -2.215459778217217 -0.003234087249357193 -3.980346064299016e-05 0.9999947695319636 116.83532337053391
0.9999563286217704 0.008379314661145986 0.004138589346322653 -0.8707016392201874 -0.008390013756552196 0.999961489047525 0.002574511356623942 -2.241409408167953 -0.004116857670875839 -0.0026091218002048896 0.9999881219104291 118.12986499628252
0.999954025650101 0.0081364078686532 0.005073996571584721 -0.8698707959760599 -0.008153597973646983 0.9999610588170167 0.003376345137749637 -2.2710045223066233 -0.00504632808721359 -0.003417561310124334 0.9999814272488349 119.50151947524887
0.9999426931616814 0.008813833239453775 0.006076736211938193 -0.8697959311915002 -0.00882876819810531 0.9999580604488236 0.002435203168346369 -2.294896684628003 -0.006055018391960136 -0.002488713760842038 0.9999785712955807 120.82042461800087
0.999917170570518 0.010480840307312823 0.007470205301010951 -0.8680235045699733 -0.01049810027481803 0.9999423055699913 0.0022749606084527633 -2.318124915080437 -0.0074459314409264605 -0.002353195187434492 0.9999695098207093 122.12600445034818
0.9998896139278293 0.012130528226198253 0.00857963995953563 -0.8752573144468171 -0.012144457878895613 0.9999250157227471 0.0015732462367592625 -2.3385015523321133 -0.008559913036333728 -0.0016772676837737306 0.9999619566039856 123.49932487983668
0.9998681647264074 0.012961197221911084 0.009780619004773382 -0.8748065311621875 -0.012968934431345109 0.9999156348507763 0.0007279784096671715 -2.3639944238938653 -0.009770359215440595 -0.0008547266618266239 0.9999519036015475 124.82385510422128
0.9998434717418707 0.013946447947347586 0.010887082995361676 -0.8686720728289523 -0.013944966295193699 0.9999027417566703 -0.0002120798090927712 -2.3917455670139187 -0.0108889828179356 6.022660655421309e-05 0.9999407114520777 126.14486768278866
0.9998392765564147 0.013578672485688335 0.011706437585706502 -0.8643388521721349 -0.013574450777408148 0.9999077660661692 -0.00044009175203192153 -2.419668977043747 -0.011711334707458146 0.0002811125628572193 0.9999313804500412 127.48896015694496
0.999834666486091 0.01296999044327042 0.01274437186786647 -0.8648941761285631 -0.012975389565126137 0.9999157579652507 0.0003409844296341982 -2.450579170678457 -0.012738876768192377 -0.0005062912527713672 0.9999187290385777 128.81798312272701
0.9998372639825333 0.011897413368331923 0.013560865891671174 -0.8570667352608277 -0.011917017365386681 0.99992805723125 0.0013656819544726403 -2.475816852902956 -0.01354364334674554 -0.0015270648113350587 0.9999071145826204 130.1878415530393
0.9998482266328023 0.010449991104711214 0.013939919869626108 -0.8415767559047176 -0.010475842195366429 0.9999435377999619 0.0017826851155188553 -2.497176188073219 -0.013920504922974284 -0.0019284469868453768 0.9999012454388989 131.5114961607278
0.9998593637713892 0.009403572348403052 0.013886161805052514 -0.8287919528184211 -0.009430128938952906 0.9999538274174813 0.0018481672245739208 -2.530976727758344 -0.013868142441855857 -0.001978855636507666 0.9999018745611501 132.85369900249762
0.9998774544590785 0.007550102628324534 0.013713934659457869 -0.8194303419943624 -0.007588365754714143 0.9999674535786177 0.0027401649947293607 -2.5471489405121375 -0.01369280094836378 -0.0028438956025456856 0.999902204945739 134.19117806030368
0.9998953267615646 0.006188935032636502 0.013077943131512823 -0.804622902909435 -0.006221968106237667 0.9999775515846787 0.0024866547305183897 -2.5804678657342692 -0.013062260910022352 -0.002567765034088425 0.9999113880327046 135.53459522516718
0.9999161557868851 0.005001764072841689 0.01194419310794775 -0.7983630762203822 -0.005027385390100496 0.9999851238696275 0.0021159974041494254 -2.6066049635023627 -0.011933432711811461 -0.0021758680889396795 0.9999264266814235 136.87901234141538
0.9999394037087809 0.0018177007294689802 0.010857480281951696 -0.7888458746653497 -0.0018519987730396207 0.9999933247160165 0.0031497026142803274 -2.6208057282742767 -0.010851683503050533 -0.0031696198491731453 0.9999360951926216 138.20519190022227
0.9999515403542043 0.001237593425458287 0.00976654035704254 -0.7744578937731679 -0.0012715213308877012 0.9999931765589066 0.003468439215883768 -2.6490724696761347 -0.00976218202029973 -0.0034806895625442767 0.9999462908557298 139.5561271204435
0.9999640880325371 0.00010426142623070657 0.008474183237770013 -0.7760111998295658 -0.0001338909045730044 0.9999938801926459 0.003495947652179954 -2.6719145332483922 -0.008473767598182276 -0.003496956783986379 0.999957982392111 140.92065039229132
0.9999733140141375 -0.00015773124454185675 0.00730386112737489 -0.7762422619132725 0.00013502231501600487 0.9999951561972361 0.003109557880342365 -2.6949606691622345 -0.0073043168380850215 -0.003108488769687421 0.999968491627109 142.23944686330123
0.9999801576009298 -0.0006732463024089839 0.006263477562690082 -0.7715144610591181 0.0006585059252180118 0.9999970097970922 0.002355157182001654 -2.713914680409214 -0.00626504496197655 -0.00235098595366756 0.9999776107847598 143.5893667037916
0.9999837001704042 -0.002025650381725235 0.005338177857288762 -0.7660153058663111 0.002024744579698789 0.9999979348697886 0.00017510708541557433 -2.7430787914124677 -0.005338521989866735 -0.0001642957818602 0.9999857364903335 144.94385302559817
0.9999779713818497 -0.005067871180033375 0.004286425590177552 -0.7797234954181849 0.005071337954486145 0.9999868220970222 -0.0007982212424007976 -2.789547143473092 -0.0042823241838532075 0.000819941594999653 0.999990494649957 146.24968821206923
0.9998865984671317 -0.014739820081046259 0.0030867334906603885 -0.7705098540387056 0.014733488271701805 0.9998893251677798 0.002064395466707883 -2.797893837847024 -0.0031168209453815944 -0.0020186830353881857 0.9999931051474247 147.64311155966874
0.9997328949520823 -0.02306390380616634 0.0014815860060318153 -0.7639730011215304 0.02305822098356727 0.9997271074984457 0.003745527219045229 -2.820552265309014 -0.0015675682995008886 -0.0037103640864988075 0.9999918879303684 148.94469399666644
0.9997332517061437 -0.023085978383857134 0.0006804698027221005 -0.736417684523859 0.023085364176872798 0.9997330930793322 0.0008991994875174475 -2.8630022496703864 -0.0007010471373164351 -0.0008832507335622594 0.9999993641998751 150.26311634272355
0.9997107976994585 -0.024036818451274145 0.0007431854519759336 -0.7604275409390866 0.02403882158939841 0.9997070678515032 -0.0028131019882083504 -2.881412138275253 -0.0006753497848229755 0.0028301538098437686 0.9999957670564731 151.64369046426043
0.9997984906601667 -0.019992644044456415 0.0018089408207402047 -0.7648690034481256 0.02000173179810773 0.9997866672103791 -0.0051527455624644615 -2.918880384205186 -0.001705538053326129 0.005187889304175326 0.9999850883598189 152.98058758425267
0.9997973989429354 -0.019957406190497587 0.0026197357101711244 -0.7700115705026391 0.019970686352605085 0.9997873305007113 -0.005144458205756905 -2.9506698258931316 -0.002516508745649036 0.005195733973001061 0.9999833356255234 154.34639891858728
0.9996977640211664 -0.02439786854826964 0.0030206996488012627 -0.7753649927084063 0.024403392977055977 0.9997005630472761 -0.001805173997965181 -2.97395208313145 -0.0029757529929228125 0.0018783437881327364 0.9999938083382093 155.66309759589032
0.9994987871708244 -0.031477526089072484 0.0033674599584712027 -0.7755506639602998 0.031475291029844206 0.9995042743436666 0.0007152875291425397 -3.000291027203672 -0.003388306387371324 -0.0006089372208103627 0.9999940742680202 156.9967189256484
0.9994496519705824 -0.03300165678399031 0.003359138684771593 -0.7575567038264439 0.03299560206748412 0.9994537979364382 0.0018428378350145629 -3.034463717063233 -0.0034181209028355955 -0.0017309868356168434 0.9999926600381149 158.35105938705107
0.9993653480553605 -0.03547199072110914 0.0032617419791447005 -0.7586466352516938 0.03546489032834537 0.9993684787937409 0.002210242300255012 -3.0618539862634644 -0.0033380840917978127 -0.002093162255534726 0.999992237901153 159.68363038693826
0.9994032765138551 -0.034270644435588436 0.004314372263470206 -0.762169759946689 0.03426100659375471 0.999410298428589 0.002288851699768982 -3.078754527369165 -0.004390268860645346 -0.0021396711640372964 0.9999880735998363 161.04646606596873
0.9994770716142825 -0.03185113381682112 0.005575713759185795 -0.7673085165088792 0.031840713936642805 0.9994910574472166 0.001948084368447606 -3.094332645122301 -0.005634925209316314 -0.0017695309589736876 0.999982558034094 162.39472732718536
0.9995804119769978 -0.028221318256819054 0.0065235870852560635 -0.772614843120893 0.02822181348052044 0.9996016851624864 1.642814159478246e-05 -3.125160990230476 -0.006521452816578929 0.00016768623959367339 0.9999787210376402 163.7422501763874
0.9996575929040755 -0.025135348003239123 0.007274011041254734 -0.7726632397664118 0.0251424750395879 0.9996834820326985 -0.000889775246149628 -3.1488083212496254 -0.007249344487169816 0.001072357268093265 0.9999731481633032 165.0984237029338
0.9996553366485896 -0.025167525701022573 0.007470178493836248 -0.7688433407241044 0.025165943778013573 0.9996832406748629 0.0003059209511651126 -3.174404238663488 -0.00747551214824144 -0.00011782139642717293 0.999972051024193 166.43298494527525
0.9996859148415234 -0.023940105946007446 0.007412354774300811 -0.7680384849840827 0.023939984569106586 0.9997133919498967 0.00010532349421930564 -3.1949181955535573 -0.007412752414021867 7.216127101029822e-05 0.9999725225663373 167.7657450627718
0.9997676679574523 -0.02041098368150018 0.0069283378133269775 -0.7666698584252434 0.02042625622380811 0.9997890706890478 -0.0021406030318680803 -3.2333026647302328 -0.006883185192257604 0.0022816257707591 0.9999737076237233 169.156167409497
0.9998591898992524 -0.015537524060684819 0.006339222037257611 -0.7717113024259354 0.015571216207588667 0.9998647121844028 -0.0053004287209456056 -3.267883728124182 -0.0062560094109145176 0.0053983918873534 0.9999658592696601 170.54310757504658
0.9999201987269978 -0.011031173774913592 0.006157060922900186 -0.7792541721205287 0.011071604820899764 0.9999171140279899 -0.006571501386733472 -3.297283922523845 -0.00608405973393834 0.0066391456622024924 0.9999594521558763 171.8925234068697
0.9999657962917022 -0.005075604889785812 0.00653027523887058 -0.7801226553161871 0.005111172242094435 0.999972133313546 -0.005441370061931253 -3.3395419332959286 -0.006502475570867103 0.005474561425510472 0.9999638728385013 173.28968189021873
0.9999720194450601 -0.0017811954643855692 0.007265512992541994 -0.78749753084014 0.0018049473602537239 0.9999930446437502 -0.0032638668239553213 -3.3778789498260213 -0.007259649489573755 0.003276889439506275 0.9999682792359142 174.67831803173286
0.9999709458795119 -0.0024351831560079865 0.007223384944976048 -0.790374015075239 0.0024436741146697787 0.9999963334303463 -0.0011668672680760878 -3.397794828848541 -0.007220517535404229 0.0011844849956716378 0.9999732301992126 176.02694567536818
0.9999707221109108 -0.0041811833529104975 0.00640879386240143 -0.7891016194087135 0.0041834117882897995 0.9999911936107316 -0.00033430698468371134 -3.4315932858460876 -0.006407340166745108 0.0003611078362068192 0.9999794075813433 177.440590211231
0.9999680591571827 -0.006308435904223602 0.004907577307700561 -0.7896586749406972 0.0063095090032300755 0.999980074215488 -0.00020312671184245757 -3.4546125698999606 -0.0049061985228928025 0.0002340846404464929 0.9999879371347076 178.84406611770788
0.9999693910859091 -0.007328766965301662 0.002739722258721871 -0.7873106372365709 0.0073396551089697885 0.9999651228054693 -0.003985301400116623 -3.4871931580467397 -0.0027104195914490394 0.00400528811759955 0.9999883055761187 180.1797472780549
0.9999890506710439 -0.004545628015898407 0.0011116706448983194 -0.8036288932519169 0.004554717523218597 0.9999550558615818 -0.008315094634356398 -3.530000352018482 -0.001073823451922287 0.008320067103754996 0.9999648110735154 181.5947235655964
0.9999996463188274 -0.0005053280895416044 0.0006723150594355803 -0.8299156396555317 0.0005116814557232646 0.9999548989799045 -0.009483574582489149 -3.5618112521320078 -0.0006674924848405696 0.00948391542733009 0.9999548038793892 182.99606997250922
0.9999979185030716 0.002012792232022823 0.00033414655284518197 -0.8472874205655749 -0.0020099694881856043 0.9999640000759553 -0.008243699296037361 -3.5887754160547103 -0.0003507274140081187 0.008243010673637632 0.9999659643032954 184.3264879123031
0.9999875865468504 0.004938089820194673 0.0006648402037924867 -0.8445606227661815 -0.004934607557163505 0.9999746057043852 -0.00514175110610053 -3.626660447418456 -0.0006902138122828942 0.005138406651776351 0.9999865601000794 185.77118558015565
0.9999851561674465 0.005336681916433453 0.001098754722047596 -0.8567992547016661 -0.005333732860564887 0.9999822111221904 -0.002669970732539667 -3.663312399207852 -0.0011129840575359053 0.0026640706851012623 0.9999958319873428 187.12728082091883
0.9999902391343355 0.004232280554169809 0.001268633564945361 -0.865904951051554 -0.004229484874976 0.9999886388565137 -0.002198550396889322 -3.6899842331689747 -0.0012779241439697091 0.0021931633116849068 0.9999967784660884 188.58622316217827
0.9999956642393764 0.002738439353815913 0.001082796827494125 -0.86476299554167 -0.0027367286224783535 0.9999950094417293 -0.0015784211075175161 -3.7215432310879533 -0.0010871139275459834 0.001575450972630677 0.9999981680662299 189.99615722692363
0.9999992592789605 -0.00010416338914149247 0.00121268026291421 -0.8705269582595374 0.00010539900899955018 0.9999994753747194 -0.0010188921829964778 -3.751395521243695 -0.0012125735987432355 0.001019019264730556 0.9999987456307923 191.3580014490173
0.9999967728397341 -0.0019845586842577936 0.0015861406424023338 -0.8799709639005989 0.001985893718124288 0.9999976749099085 -0.0008404748880817573 -3.783814888464832 -0.0015844691171958795 0.0008436221019085866 0.9999983888772292 192.81052004743214
0.9999851513668427 -0.005111880992559895 0.0018883134718956772 -0.8796979683881889 0.005112024876033407 0.999986930977211 -7.120272377194646e-05 -3.8129648625858996 -0.0018879249728889333 8.085477899377307e-05 0.9999982145980069 194.17475320325218
0.9999453328716643 -0.010237929506150689 0.0021251071379073685 -0.8766942000741309 0.010234931974592364 0.9999466177695014 0.001416957561999478 -3.8357771472608664 -0.002139500585520284 -0.0013951297919249524 0.9999967380684004 195.63709779713562
0.9998954958744911 -0.014264776451041293 0.002348083445881055 -0.872866537086497 0.01426047293422974 0.9998966216379888 0.0018398201881079667 -3.8650885367150076 -0.0023740855266737608 -0.0018061431616326925 0.9999955507710692 197.03649522482326
0.9999236967916522 -0.01205680754162766 0.002689609661721588 -0.8841881243552587 0.012063828415002704 0.999923824877871 -0.002609305568536612 -3.8969310005983764 -0.002657945111219375 0.0026415535230655905 0.9999929787348958 198.46010149631073
0.9999872812375087 -0.004094523754490698 0.0029448680437293958 -0.9025051371844268 0.00411696967677252 0.9999622119023459 -0.0076567174609504735 -3.929321809832202 -0.0029134064034275135 0.0076687441660710865 0.9999663506450903 199.89992727624542
0.9999802755149508 0.00458329021933052 0.004294418237910766 -0.9194996809703677 -0.004546858595009045 0.9999539163256109 -0.008455253427368262 -3.958990958742037 -0.0043329735890365265 0.008435560705651378 0.9999550323143199 201.3234417496775
0.9999147955805646 0.01169941364622517 0.0057901016853004255 -0.9358963920845911 -0.011675138477982142 0.9999229854056992 -0.004208851030925401 -3.993086858347453 -0.00583889734970058 0.004140892256645473 0.9999743798132116 202.78480197369535
0.9998967030567927 0.012665953526506263 0.006793880548187973 -0.9305752218486445 -0.012649728332401751 0.9999170460063044 -0.0024260070806798074 -4.020682981289521 -0.006824045240988499 0.0023398157802757076 0.9999739784924246 204.22132172652283
0.9999084745114842 0.011965820803460401 0.006313613082321207 -0.9267370091079004 -0.011954484864518765 0.9999268674990666 -0.0018302934347531954 -4.058840925994513 -0.0063350528528091175 0.0017546499547933998 0.9999783939177992 205.67860468207968
0.9999519363833108 0.008477224598590592 0.0049256038620101965 -0.9245896692494617 -0.008468748617019602 0.9999626270013199 -0.001739228595721302 -4.088369979023474 -0.004940164028268209 0.0016974313321942772 0.9999863566572224 207.12377002358156
0.9999695766951822 0.006871033590306334 0.0036925020941606925 -0.9217489137078634 -0.006863087397582516 0.9999741148496587 -0.0021604806082131858 -4.123962238911561 -0.003707251563496268 0.0021350729545016817 0.9999908488304399 208.55347320735646
0.9999694270440286 0.007099823393644037 0.0032768085543640035 -0.9314778662562977 -0.007090288851844566 0.999970622598527 -0.0029123459557413417 -4.150701568221297 -0.0032973897136601843 0.002889023451741785 0.9999903903339428 210.0349794251859
0.9999573255896619 0.00867180692803441 0.0031853962397516236 -0.9390899013566149 -0.008662556104992641 0.9999582546942474 -0.0029067180440019227 -4.188273777991354 -0.003210470036296269 0.002879000380594986 0.9999907020741239 211.51417980421976
0.9999490706254521 0.009637915416837409 0.0029944488359290545 -0.9448787834801062 -0.009631574379757264 0.999951357278993 -0.002125058300840965 -4.21645912438797 -0.003014784567045013 0.0020961088526462554 0.9999932586761061 212.9435464408616
0.9999509912158091 0.009546473366867259 0.0026229744120642466 -0.9595652171969233 -0.009540137663503017 0.9999515691208167 -0.0024176864659535458 -4.252099198028373 -0.002645927984724847 0.002392544483097886 0.9999936373759266 214.3860938535203
0.9999549378003024 0.009194697157897558 0.002362180278468353 -0.960534419073634 -0.009187313352404988 0.9999529340907194 -0.003118156093057652 -4.2840535216130515 -0.002390739806420593 0.0030963135476023322 0.9999923485718268 215.86239546023114
0.9999611665825697 0.008564620922366992 0.0020766750837971897 -0.9674861908700041 -0.008556774069918073 0.9999563258659149 -0.0037587228156464015 -4.317685145807978 -0.0021087766046872904 0.0037408072809720122 0.999990779667017 217.32972353808472
0.9999543903804247 0.00943394311510782 0.0014892471873872407 -0.9691594165326775 -0.009428216422363439 0.9999483062044039 -0.0038070560047893318 -4.35313488676443 -0.001525085884909459 0.0037928414903949984 0.9999916441971475 218.80664644193527
0.9999457331652685 0.010331256348010468 0.0013400914200766467 -0.978699351268141 -0.010325461425326612 0.9999376085694585 -0.004261905529652541 -4.39108410277988 -0.0013840387694962959 0.00424783726420135 0.9999900201067486 220.28178134810662
0.9999521440011568 0.009702175622166857 0.0012559759493491376 -0.9884284087497637 -0.009696581486465461 0.9999433658902844 -0.004386495370593555 -4.424116328151849 -0.001298463480637018 0.004374106857175647 0.9999895905356919 221.77764677376084
