1.0 -3.469446951953614e-18 0.0 -1.7787691892340307e-19 0.0 0.9999999999999999 -3.5575383784680614e-19 0.0 2.168404344971009e-19 -2.371692252312041e-19 1.0 0.0
0.9999999398638733 -7.08535559765227e-05 -0.00033948727388392647 0.05569069961672338 7.123806521749064e-05 0.9999993559314045 0.0011327230995349811 -0.026761272848715878 0.0003394068273799933 -0.0011327472383819146 0.9999993008434594 1.3159701006825606
0.9999991075624272 -0.0005587901877283866 0.0012135198795759842 0.11108300046058615 0.0005566348298350308 0.9999982684086526 0.0017757635472657302 -0.04833477912174309 -0.0012145101586562628 -0.0017750865086460634 0.9999976870130872 2.5650198957187875
0.9999994970250408 -0.0006085754795231487 -0.0007972360020134539 0.029865695903024573 0.0006100309850498638 0.9999981455690243 0.0018266689436297315 -0.0708187352143204 0.0007961229264717084 -0.0018271543997190394 0.9999980138463643 3.9275964950899005
0.9999995762462804 -0.0009071179861334325 -0.000156988532522074 0.024417008780941087 0.0009074449766673567 0.999997393501433 0.0020951210380635065 -0.08049124362297085 0.0001550876162260313 -0.0020952626494319644 0.9999977929089998 5.24645213137914
0.999999069493976 -0.0013321059009706662 -0.0002941201223807953 0.03691670667057542 0.0013327893254014705 0.9999963845910111 0.002335481759375214 -0.08649798589520677 0.0002910079765649264 -0.002335871631610989 0.9999972295056396 6.576814098700416
0.9999969546461852 -0.002463748921402824 -0.00014367672886229162 0.011109788652799305 0.0024641585961737763 0.9999926909682558 0.0029233419761838706 -0.10771545573488919 0.00013647331216153622 -0.002923687171669467 0.9999957167053927 7.90796806044705
0.9999968108345474 -0.0025124015798479084 -0.00025722036540555527 0.004146026661267968 0.002513140984636727 0.9999925930017481 0.002915143186890026 -0.11657408279723955 0.00024989447348624724 -0.0029157803768074253 0.9999957178800802 9.238777345275524
0.9999964984533166 -0.0025604852235142483 -0.0006685799929231709 0.00023250970347838892 0.002562272318075305 0.9999931109079999 0.0026856829428608033 -0.12274229576672852 0.0006616987938023826 -0.002687386674370577 0.9999961700472294 10.552149420098074
0.999998787441002 -0.0014498141588808813 -0.0005684687817629121 -0.03332508736551601 0.0014509409904323485 0.9999969739366108 0.0019866769482256995 -0.13316192300098065 0.0005655867986829296 -0.0019874993924430943 0.9999978649772104 11.882458454586416
0.9999998236929925 -0.0003182689894638477 -0.0005013168231979628 -0.031336143743852525 0.00031913508460056257 0.9999984552796248 0.0017284647399700417 -0.15389888697398016 0.0005007659758234011 -0.001728624457250731 0.9999983805446911 13.21043746018854
0.9999998355848687 0.00016310290879989822 -0.0005497513453932372 -0.039883185767240495 -0.00016224627792715308 0.9999987732852965 0.0015579165749228458 -0.15870417244115048 0.0005500048194658415 -0.0015578271549448184 0.9999986353342595 14.549919581093052
0.9999999997975909 1.31635559009486e-05 -1.52149398644141e-05 -0.0698981734542932 -1.3132107397907308e-05 0.9999978676831198 0.0020650560329403354 -0.17976657027682064 1.5242093867871105e-05 -0.0020650558734420688 0.9999978676538788 15.904726667490673
0.9999996073894405 -0.0008615659291573551 0.00020718779472196722 -0.064904449553611 0.0008606887304957855 0.9999908197494638 0.004197574233175633 -0.20055510406428417 -0.0002108023939777024 -0.004197394342861545 0.9999911686828414 17.233362333048465
0.9999815098377517 -0.0060798326432405635 0.00012500132164481605 -0.06411275286797084 0.006078942677771716 0.9999623572761885 0.0061911612428958976 -0.23573310665983138 -0.00016263784877549995 -0.006190287008673384 0.9999808267647053 18.588588795474916
0.9999737254295668 -0.007246070069146314 0.0002071901797109743 -0.06660153087009098 0.007244859638239627 0.9999594674014942 0.005345610659849708 -0.25892128670931436 -0.0002459164670930098 -0.005343969242037058 0.9999856906569926 19.937601387767206
0.9999693238339705 -0.007831197161530757 -0.00015411223809649746 -0.0646905570621791 0.007831704252947097 0.9999627813021535 0.0036194487813437258 -0.25647757401349314 0.0001257618993384538 -0.003620544777470812 0.99999343789867 21.32896732335917
0.9999847708251998 -0.0054945239447766 0.0005180077698261802 -0.08996742015069073 0.005493207923958868 0.9999817638703352 0.002509299912368535 -0.3162819528311477 -0.000531785774342851 -0.0025064162181777628 0.9999967175352633 22.65782067877627
0.9999915638769361 -0.003888379991743563 0.0013238894318839884 -0.10339879415515918 0.0038834036705441537 0.9999854615570651 0.0037411020211341106 -0.30610814181819135 -0.0013384171206432237 -0.0037359293332259566 0.9999921257042489 24.0207994443694
0.99999015530067 -0.003999434739378097 0.001921934341143144 -0.10533070889362572 0.0039839964035331635 0.9999602975969357 0.007970633272768212 -0.30809112102831004 -0.0019537362217128956 -0.007962897977071443 0.9999663870201907 25.40009961373682
0.999987118706656 -0.0047010330374624015 0.0019138228711106143 -0.09491321230216065 0.004683132362400795 0.9999462241405281 0.009252950302770221 -0.3368997708669399 -0.0019572185362946286 -0.009243868603981346 0.9999553590981268 26.783328763943757
0.9999479092313617 -0.010029424991689536 0.0018945898154365405 -0.0931354352863881 0.010012781709392553 0.999912895428895 0.008599171190204225 -0.3639710917550074 -0.001980669690160304 -0.00857975329833297 0.9999612316389068 28.15552201079025
0.9999547484896324 -0.009287509848439054 0.0020598898452427825 -0.10962368241427584 0.00927418357529099 0.9999365923432794 0.006387550455854342 -0.38055517964925084 -0.0021190838434744282 -0.006368157729660686 0.999977477771158 29.493798508737033
0.9999535371488163 -0.009320184994389332 0.0024612411584309765 -0.10534178464194438 0.00930866580695838 0.9999458561712853 0.004651177941873951 -0.4188824445978633 -0.0025044579434983618 -0.00462805104551743 0.9999861543199751 30.90711958414118
0.9999635221225676 -0.007973997928323023 0.003061011928051656 -0.12220270371276004 0.007964514780670456 0.9999634837795303 0.0030979997404931427 -0.39176896356098845 -0.0030856038526764695 -0.003073507309257128 0.9999905162542045 32.28293886234002
0.9999696986241561 -0.006869263846273328 0.0036626575494666 -0.12475253201436906 0.006864332326577445 0.9999755188606517 0.0013574287298342483 -0.4398509011544216 -0.003671892728273776 -0.001332245917270139 0.9999923711310661 33.66152826463708
0.9999708991144168 -0.00655435372411103 0.0039040215342627635 -0.1398078695696126 0.006545722465442189 0.9999761130204204 0.002219661624108823 -0.456600576443311 -0.0039184770553130095 -0.0021940424235653865 0.9999899158046972 35.05873441196765
0.99997337227661 -0.006409301456040347 0.0034893559113373003 -0.14443970239377057 0.0063983549310597555 0.9999746022397702 0.003139414155740048 -0.4883445805607304 -0.003509389034822956 -0.003117004476359909 0.9999889841733052 36.44628186817921
0.9999772470075452 -0.00589988352585805 0.00327060438529914 -0.15783542445403564 0.005886478131998028 0.9999742961767938 0.004093452423832153 -0.47782728399789093 -0.0032946714854878586 -0.004074107017449397 0.9999862733000595 37.85210083057998
0.9999847766831745 -0.00486600904465659 0.002601608670993987 -0.14114775917079342 0.004854571170593108 0.9999786023604951 0.004384968938134615 -0.476258841382626 -0.002622890518990768 -0.004372272570228358 0.9999870017532283 39.253886636142134
0.9999922966337139 -0.0022177299498520424 0.0032385729054582348 -0.15943623651499883 0.0022018711745479848 0.9999856086323936 0.00489226808817256 -0.5164367744592645 -0.003249376297908547 -0.004885099572853456 0.9999827885283122 40.640997767729196
0.9999932648819428 0.0018580052852603486 0.003165123672752939 -0.1756093788840875 -0.0018737198056828271 0.9999858982480301 0.004969152973546225 -0.5404130414703018 -0.0031558465892564226 -0.004975050157537928 0.9999826446020845 42.06692779989678
0.999994611386 0.0013570166199873132 0.0029892651855237297 -0.18248340639691255 -0.0013723758691660728 0.999985837791837 0.005142061975529464 -0.5407911039439416 -0.002982245235304203 -0.0051461367623897546 0.9999823115871384 43.460155902458325
0.9999947323891418 0.0015518013415549408 0.002850808229490064 -0.2090416859405352 -0.0015670253678673855 0.9999844834913716 0.005345765558131987 -0.5715987055927514 -0.0028424686647083542 -0.005350204791859134 0.9999816476706801 44.88660302304427
0.9999975088488615 0.0012930899690610951 0.0018193995427363042 -0.1909232559744543 -0.0013017158503831972 0.9999878816773863 0.004747845337798879 -0.5988705679490105 -0.0018132382529483266 -0.004750201944560606 0.9999870737900054 46.291774844413446
0.9999995021626692 0.0004792817753214579 0.0008751936209451573 -0.2014710205921006 -0.00048366549983058955 0.9999873052938578 0.0050155077946563535 -0.6119258828170818 -0.0008727787388566567 -0.005015928697228202 0.9999870392742456 47.72191204021947
0.9999994318652454 0.0009961581392910045 -0.00037938880965954084 -0.18970424853967188 -0.0009940346890420643 0.9999840665859671 0.0055568398881784015 -0.6326670522740956 0.00038491829295558204 -0.00555645971609872 0.9999844886773472 49.124079521244845
0.999997378258984 0.0017751006188458816 -0.0014465432819370904 -0.1960088275376651 -0.0017668638563594664 0.9999823321684108 0.005675697736824006 -0.6540693758909794 0.0014565927867988442 -0.005673127125932482 0.9999828468378297 50.55079904414862
0.9999960732289496 0.0014365454974250855 -0.0024062121831726407 -0.2150274565412899 -0.0014229363582239762 0.9999830371554631 0.005648066438959307 -0.6570686900659812 0.002414285279893761 -0.005644620487812131 0.9999811545682941 51.99749122969961
0.9999909598253668 0.002231551032145963 -0.003619452573208691 -0.22335810777186146 -0.002207672415958161 0.9999758621242413 0.006587970364615661 -0.6825300043336492 0.0036340669116774766 -0.006579920376959506 0.9999717487079202 53.41162186133796
0.9999896369031925 0.0013287916015354787 -0.004354352828477182 -0.24435643981146288 -0.0012972988253393044 0.9999730407796811 0.007227359808110318 -0.7011018916401336 0.0043638394680833425 -0.007221636160374988 0.9999644018096893 54.8628095982395
0.9999866242757061 -0.002572096197769458 -0.004487269326697473 -0.2633920444334053 0.00260971395271911 0.9999613344207523 0.008397562161515338 -0.7164127428951452 0.004465496870488627 -0.008409160494816081 0.9999546716569634 56.25029585254301
0.9999832392403716 -0.002714893021156668 -0.005113764573793931 -0.27613735133076045 0.0027578261955354174 0.9999608549390748 0.00840731691450357 -0.7407754548453738 0.005090739866373515 -0.008421279043428655 0.9999515820475886 57.689033701634195
0.9999853024759189 -0.002884965368603139 -0.0045904032841965585 -0.31353745401622984 0.002925882646468902 0.9999558282581817 0.008932006285635731 -0.7610906876800695 0.004564432382462318 -0.008945306166381468 0.9999495724616403 59.122287656476054
0.9999836946024665 -0.002548304738064935 -0.0051104467373887736 -0.28282281551659755 0.0025969397511789154 0.9999511896023148 0.009532801792438853 -0.7876513883842295 0.0050859052481873656 -0.009545918068928013 0.9999415028036216 60.55132445949285
0.9999765234184402 -0.005549824665991306 -0.004018962261682902 -0.3295990556691564 0.005590312313544336 0.999933024046627 0.010133894553710854 -0.7831068637831393 0.003962452093370724 -0.010156124097877273 0.9999405742980831 61.99404044588539
0.9999629065789931 -0.007595336768470929 -0.004061566996972739 -0.3147218888624526 0.007634969894300601 0.9999225051475569 0.00983315424368664 -0.8110109565723301 0.003986566473884784 -0.009863799631944151 0.999943404776156 63.40734321062753
0.9999630958304574 -0.007806633222100422 -0.0035865661957448294 -0.3308594873213836 0.007838435047007068 0.9999293152987719 0.008939984938039455 -0.826575016884038 0.003516521801956469 -0.008967768255124374 0.9999536055318845 64.81492017169907
0.9999616337092893 -0.008350433724420138 -0.00264601029637863 -0.35019093822475467 0.008372815079584114 0.9999282807463945 0.008563254032609307 -0.8357690503470625 0.0025743138663308998 -0.00858508021213835 0.9999598338498494 66.25600477370345
0.999975095374742 -0.006698855351536387 -0.0022212544718674173 -0.3506425628363766 0.006717401553981608 0.9999417385371139 0.008449617581097071 -0.8500229071870455 0.002164522482631805 -0.008464328368241444 0.9999618342686846 67.63484166512444
0.9999905269669501 -0.004155061273281734 -0.0012967057075628835 -0.386756304823039 0.004167412852341379 0.999944536989282 0.009672414727612003 -0.8702966242600149 0.001256444426813674 -0.009677727197125115 0.9999523803406494 69.09494588910121
0.9999995587517586 -0.0007529677118708542 -0.0005617261031746158 -0.3937762384369102 0.0007589054347054685 0.9999430401707082 0.010646148216387971 -0.888293826431221 0.0005536779569509142 -0.010646570025500209 0.999943170381181 70.4596958684398
0.9999960695871531 0.0027581982278708558 0.0005031386965854139 -0.4224453922450043 -0.0027638522146103623 0.9999288325734289 0.011605641300522496 -0.9074710211247043 -0.00047109226083196605 -0.011606986517059513 0.9999325256934022 71.90557614403306
0.9999776184583189 0.006617672986859217 0.0009843650158404594 -0.4313218099894175 -0.006628507609661602 0.9999125510937504 0.011443472438351332 -0.9130993290632377 -0.0009085498437089083 -0.011449741416792865 0.9999340368051596 73.25896584918755
0.9999573642699843 0.009081635985627893 0.0016713803418430906 -0.44517600760160647 -0.009099299479373964 0.9998993823526036 0.010882460019842435 -0.9215656941894177 -0.0015723817555964414 -0.010897204648945403 0.9999393874370783 74.67339988728246
0.9999445401782272 0.010265391699036189 0.0023533551828476954 -0.45116436363601475 -0.010290669753768045 0.9998866210409488 0.010993052301371155 -0.9311050025149861 -0.0022402405550996764 -0.011016660452823644 0.9999368052609906 76.10789306922929
0.9999381054200659 0.010791236025486196 0.0027082341823872888 -0.4606651437401723 -0.01082149341103006 0.9998762561857094 0.011417863955292306 -0.9435408640529818 -0.002584686400159514 -0.011446464621527019 0.9999311465518856 77.48762381714945
0.9999453254206201 0.010048290089985774 0.0028944803578919336 -0.46283811868018854 -0.01008133151163075 0.9998814766362578 0.011636127071328347 -0.9724445901571557 -0.0027772143399058345 -0.011664671322359405 0.9999281086778469 78.89991433479196
0.999950399524488 0.009695068781780742 0.002281252575758749 -0.45705357356354526 -0.009718345243701375 0.9998984483420897 0.010423376949720302 -0.9698961163212827 -0.0021799657306985475 -0.010445030156905726 0.9999430729271651 80.27570396572116
0.9999536215556081 0.00935779742057093 0.002277355352554038 -0.47068735086915725 -0.009381387040370618 0.999900045478467 0.01057774297958331 -1.0065400789992347 -0.0021781435207085197 -0.010598617366598962 0.9999414607872771 81.68057068617324
0.9999508163546131 0.009714414838034724 0.0019987488317655252 -0.48956341097501127 -0.009735578039439424 0.9998935728691825 0.01086560965461852 -1.0085160824238952 -0.0018929832227906143 -0.010884534439989367 0.999938969900523 83.04457997882278
0.9999590004387137 0.008852870766479526 0.0019037079400333033 -0.5081507883457506 -0.008871140163247642 0.9999125073950057 0.009812259852654113 -1.013479096179098 -0.0018166748573952968 -0.00982874581329374 0.9999500464767728 84.4213453851619
0.9999569030563308 0.009223134746960486 0.0010610355494146402 -0.5137473162278287 -0.009233260055367176 0.9999076702784182 0.009969846751045444 -1.0192317903017294 -0.0009689844187018167 -0.009979214101239517 0.9999497369153155 85.81062730106547
0.9999633804375325 0.008557622459920426 -6.973518873945052e-05 -0.5278936834660988 -0.008556360820913366 0.9999044030740224 0.01086155685980399 -1.0440469233132892 0.00016267764719325598 -0.010860562655651496 0.9999410091194537 87.1768919180567
0.9999690539436245 0.007791699313841687 -0.0010865350977579593 -0.5356748979599341 -0.007778188702215149 0.9998985900885807 0.01192934748427212 -1.0557148256173967 0.0011793749097481151 -0.011920527284866572 0.9999282524813619 88.54638851749871
0.9999713161527307 0.007081742587326801 -0.0026862193148051274 -0.520307867485443 -0.007048802146940211 0.999902185408167 0.012080315158007247 -1.0726152972139558 0.00277150648919852 -0.012061034265015917 0.9999234221747592 89.88058547094629
0.9999779228233515 0.005742445159845474 -0.0033433773250464084 -0.5374362203315184 -0.00569877791312162 0.9999002014243797 0.01292714693995373 -1.0920580799991588 0.0034172773919823977 -0.01290780864177795 0.9999108513775674 91.24854842116615
0.9999813890726197 0.004871899646714672 -0.003672340670368782 -0.56485874190337 -0.004824758667494345 0.9999072254184357 0.012738220603872513 -1.1143038686351838 0.003734059628489727 -0.012720265633775018 0.9999121219651141 92.63451902866848
0.9999834005118515 0.004462443290707824 -0.0036448985413041705 -0.5854593935075807 -0.0044167931387876745 0.9999128910163491 0.012437938789612734 -1.124504706348795 0.003700084956843731 -0.0124216338145797 0.9999160026703766 93.97657636564392
0.9999854150963217 0.003678367308210838 -0.003954642126082297 -0.6061448470151793 -0.003630155127029343 0.9999198372567307 0.012130170500958787 -1.1260285348185657 0.003998944681240258 -0.012115637864065708 0.9999186065738881 95.36394293729649
0.9999868713587484 0.0034911874834096376 -0.003750827468099021 -0.613569972170674 -0.0034470203621461562 0.9999254006302523 0.011717987330624114 -1.1403058311486507 0.0037914576790860485 -0.011704904547172138 0.9999243071700893 96.730298489512
0.9999802822378244 0.005107130153591947 -0.003654085444046916 -0.6234021265779877 -0.005066592795727258 0.9999264600747505 0.011018352225380779 -1.1568728109690958 0.003710089203874203 -0.010999621428874165 0.999932619518586 98.05857849163544
0.999971345415225 0.006859907355582985 -0.0032015620497564483 -0.6489036628969853 -0.006823559100031565 0.9999136648851932 0.011229506982578984 -1.1636860717045485 0.0032783193057518154 -0.011207339386673598 0.9999318217640533 99.40720642014061
0.999968987336245 0.00717344980590732 -0.003250532684222805 -0.6446505329465395 -0.007133050849145976 0.9998992265692546 0.012274212884473144 -1.1754245016476166 0.0033382538584847076 -0.012250646263178221 0.9999193856196824 100.75601301035111
0.9999672598176438 0.007465004407061899 -0.003122976245888114 -0.6777243480111396 -0.0074208587074053945 0.9998756242615496 0.013916424591472493 -1.187987994934916 0.0032264742777314654 -0.01389279408189033 0.9998982849009727 102.07276237870433
0.9999615854411232 0.00795881967828725 -0.003672166606827936 -0.6482470336679305 -0.00791221464430596 0.9998901145620926 0.012536174552757061 -1.1969507739669036 0.00377153657024527 -0.01250663826640391 0.999914676121417 103.44467682251837
0.9999655963263953 0.00765208690630005 -0.003201828783982055 -0.6779925362315029 -0.007617607463622656 0.9999143148320752 0.010645894175329039 -1.213879473934755 0.0032830180277187686 -0.010621137860488761 0.999938204707086 104.75326684202842
0.999975904657499 0.006053034691191863 -0.0033986551812546025 -0.6780270254258141 -0.006020625254340294 0.9999370651563287 0.009466668215868786 -1.2285350668758428 0.003455743657840546 -0.009445978277664564 0.9999494143903166 106.05632068212984
0.9999804811684484 0.0055397097624565825 -0.0028894431529635015 -0.7060238303086597 -0.005509569820711012 0.999931394608133 0.010336862423794353 -1.2348858937633542 0.0029465083962668085 -0.010320741281581289 0.9999423985392645 107.42327813689538
0.9999939364790554 0.002675120347638408 -0.00222951286103916 -0.7202899555988718 -0.002648574631809673 0.9999265665382501 0.011825674771826672 -1.2281771382113633 0.002260984443858358 -0.011819698272244748 0.999927588723496 108.756049387265
0.9999982342162107 0.0010535826036980394 -0.00155612460424157 -0.7357357617892327 -0.001032489174797268 0.9999084146941701 0.013494301990519927 -1.260797053765026 0.0015701995914551596 -0.013492671748711445 0.9999077368889502 110.10980908884655
0.9999990321563761 0.0009850592958229373 -0.000982517807867325 -0.729869045633232 -0.0009722583550708297 0.9999157342010778 0.012945238792044258 -1.2523413855261067 0.0009951869375332874 -0.012944271258620368 0.9999157241744036 111.40615751939022
0.9999972826855954 0.002330671488857671 5.087011836655349e-05 -0.7437805491247202 -0.002331051376743565 0.9999516082595804 0.009557580215606355 -1.2798379461011007 -2.8592071791031263e-05 -0.009557673015654794 0.9999543239928843 112.75676149974991
0.9999852055188561 0.005385529449628097 0.0007647263792555262 -0.7368565881619069 -0.005391686261906434 0.9999510962764854 0.008290644294819918 -1.295404736097989 -0.0007200395267606817 -0.008294644970774907 0.9999653396039768 114.10539859757746
0.9999667340628726 0.007898830774349455 0.0020345087602680542 -0.7462162866958356 -0.007914428189661652 0.9999384479392935 0.007775742651978196 -1.3027688464479414 -0.001972964417633195 -0.007791586116109484 0.9999676987766825 115.40160891548334
0.9999519909518341 0.008744224258082462 0.0044220266298944065 -0.7995871728798198 -0.008787600212002993 0.9999125134628292 0.009886532196418081 -1.3181935542167043 -0.0043351900663206565 -0.009924916754353186 0.9999413493563863 116.77724291965482
0.9999480221327708 0.009066552578660564 0.004663758389286753 -0.7760053313082583 -0.00912226622985459 0.9998855826840259 0.012066723458595482 -1.3235642293421612 -0.00455382156750143 -0.012108640543598974 0.99991631826495 118.06550130230474
0.9999433508173144 0.00908209151883318 0.005550743702242398 -0.7776471161168149 -0.009152543355477178 0.9998761696270546 0.01280142090702457 -1.3399374927607413 -0.005433793124721456 -0.012851499395214409 0.9999026516889659 119.43913922100526
0.9999389523686648 0.008801842826156446 0.00667975192843542 -0.7873073222492754 -0.008882879249925984 0.9998861152734266 0.01220044894533201 -1.3544973143904544 -0.006571605318692967 -0.012259039809635702 0.9999032602929925 120.75284703616364
0.9999107070549889 0.010735104443749513 0.007958356065023351 -0.7764888254586425 -0.010831737618639453 0.9998669046158865 0.012200267802455894 -1.3580251519138027 -0.007826326347599468 -0.01228538147337815 0.9998939033795665 122.07405693124348
0.9998864171477921 0.012021212464798627 0.009090832317275312 -0.7795557589084863 -0.012126160878142753 0.9998594350321113 0.011578705647172428 -1.3644975120031861 -0.008950365131752394 -0.011687627632236696 0.999891639289731 123.4239451536449
0.9998524522076065 0.013620746586608133 0.010466568177773085 -0.7922286475748889 -0.013736054070987753 0.9998448742491218 0.01102489395766393 -1.3737569889098962 -0.010314778120281405 -0.011167036827461908 0.99988444464238 124.76595159462462
0.9998320493675265 0.014195563654468363 0.011591332980986375 -0.785815423302583 -0.014316628390125926 0.9998431225152842 0.0104290240781323 -1.3837231411754183 -0.0114414696458759 -0.010593221534125794 0.9998784308238988 126.10996357207944
0.9998270744659259 0.013574029622489986 0.012710895187635312 -0.796266612508438 -0.013702719247018281 0.9998551777525095 0.010092523847705837 -1.3969903724613935 -0.01257205920453289 -0.01026495262324484 0.999868278360886 127.44752075977232
0.999821858162355 0.013383206605224662 0.013309458807034878 -0.7723639961304595 -0.01352463507680459 0.9998524204192485 0.01059347241503145 -1.3972721827286443 -0.013165721077418523 -0.010771591059660147 0.9998553078383678 128.74721384314782
0.9998061650637111 0.013736344958924071 0.01410478989355294 -0.7620814072036719 -0.013896795254834332 0.9998391148461883 0.011341231681565865 -1.4284304350504953 -0.013946734741764312 -0.011535044958427245 0.9998362022485755 130.1185904813011
0.9998309861572299 0.011539719894339552 0.014312021583046978 -0.7397489141243598 -0.011701631116958652 0.9998678941339676 0.011281229232128624 -1.4201849737543388 -0.014179949845431248 -0.011446796768233378 0.9998339361440357 131.44460599468022
0.9998344200039049 0.010962326027569518 0.014524460825881056 -0.7345163368804479 -0.01113184510527729 0.9998702616300456 0.011642248671024522 -1.4466002028402531 -0.014394951528025977 -0.011802005224975445 0.9998267340108042 132.79479372494518
0.999850506406836 0.0094085421907847 0.014506693461934391 -0.7350404155458841 -0.009586779322521602 0.9998788083224137 0.012266309417437319 -1.451215226668495 -0.01438952848834675 -0.012403548391645657 0.9998195304439019 134.11791391225
0.9998721264904905 0.008443172592996278 0.013580997414798282 -0.699422632177432 -0.0086119907464135 0.9998857777328366 0.012420350917832933 -1.4724466737603636 -0.013474580125140984 -0.01253572235060484 0.9998306313345424 135.45443704782664
0.9998807186382056 0.009025821532576007 0.012533276791797134 -0.6970809437855965 -0.009175048754226783 0.999887092835647 0.0119004233897497 -1.4822636825252804 -0.012424451638208713 -0.01201399755024549 0.9998506372766888 136.79507688415794
0.9998980450519391 0.0074519025857230385 0.012180666629414146 -0.7268058659965977 -0.007613549940317229 0.9998828478987517 0.013278717781098223 -1.5048556559574706 -0.012080288937917726 -0.013370102323197392 0.9998376403106397 138.13707669249115
0.9999209633215752 0.006670040725811251 0.01065728200532561 -0.6844601178235392 -0.006810564646206264 0.9998896259271831 0.01320424860143109 -1.51808705178688 -0.010568033724570405 -0.013275787347695984 0.9998560247014526 139.490129274954
0.999938053552562 0.005622386042070489 0.009606134936163661 -0.7029367900255847 -0.0057501134967306525 0.9998947388925032 0.013320936001387432 -1.5255555376237282 -0.00953022913406082 -0.013375347443043754 0.9998651283106337 140.84997058297793
0.9999481167009133 0.006055939614441791 0.008190817805055404 -0.6895601384849004 -0.006161367169145599 0.99989770546808 0.012907988286829547 -1.5282432610058583 -0.008111810607007589 -0.012957785467152686 0.9998831403331555 142.1812720212429
0.9999589570169328 0.005952512032110081 0.00683021790592338 -0.6648588219739624 -0.006038492482923562 0.9999019117331637 0.012637386126731496 -1.5400558501323331 -0.006754324309646273 -0.012678111919129691 0.9998968169664015 143.53115271306484
0.9999717260434654 0.0036625325033853946 0.006567569481331531 -0.6784309070493899 -0.003732038437795301 0.9999368292413545 0.01060233083395093 -1.5509484889963465 -0.006528323765032287 -0.010626541692792714 0.9999222257743972 144.87485865655893
0.9999870060882194 0.0008240578294764385 0.005030764116070125 -0.6753166393061971 -0.0008715803184133645 0.9999549537946371 0.009451493412757288 -1.5819258629571027 -0.005022749338950378 -0.009455755498787962 0.9999426786943484 146.1896293394194
0.9999525901024162 -0.008670259358671766 0.0044321737886966455 -0.6946109597380641 0.008614356301347196 0.9998850103605347 0.012480340861757646 -1.5823338349287277 -0.0045398722997670084 -0.012441569080758282 0.999912294612753 147.58820121476154
0.9998745520943382 -0.015579296485799992 0.002857552881366837 -0.6820574014565284 0.015537982224925254 0.9997819391033557 0.013951535259062212 -1.59431566766134 -0.0030742851124746983 -0.013905384721954028 0.9998985893821899 148.9130615614103
0.9998583449155599 -0.01674846649116986 0.0016670285871651566 -0.6371307234441008 0.01672903449344293 0.9997989044915154 0.011058479541752545 -1.616305704217238 -0.0018519060755876379 -0.011029025476220455 0.9999374635657176 150.20762924761004
0.9998730418944808 -0.015833181554420234 0.001791777480326347 -0.6662974771940213 0.01581789116018429 0.9998408632348121 0.008248788597590722 -1.6349339211996057 -0.0019220970647296518 -0.008219399354173854 0.9999643728738118 151.61014716939295
0.9999443613542895 -0.010336307894392244 0.002105931533838928 -0.6306316084020845 0.010324898194722236 0.9999323371031248 0.005358888098410681 -1.6549788206136415 -0.0021611803353344308 -0.005336846503960821 0.9999834235462607 152.92362551104478
0.9999229200603921 -0.011915517236579418 0.0034891834851967347 -0.6663637456991564 0.0118943500779686 0.9999111024930802 0.006025905383120731 -1.6686976466451435 -0.0035606753801346596 -0.005983939442763882 0.9999757567344727 154.29689740390197
0.9999139892960943 -0.012468831232620468 0.004067219285456673 -0.6704563992300645 0.012440666457677161 0.9998989540606681 0.006878333702527072 -1.6570489041499192 -0.004152573436050454 -0.0068271432953026295 0.9999680726129097 155.62931659801734
0.9997317556461053 -0.022774224134620272 0.00421325007931392 -0.662975709964747 0.022730907543480106 0.9996910191098825 0.01005843659768916 -1.660697531362086 -0.004441021720575649 -0.009959967656126285 0.9999405364162718 156.95664856008864
0.9996769281276422 -0.025075405879247507 0.004154924095654584 -0.6480832623346411 0.02502771146189494 0.9996244732959803 0.011159123758238729 -1.6784878433275978 -0.0044331837319609765 -0.01105153051285664 0.9999291027637984 158.28963588080308
0.9996519513390616 -0.026109562525476075 0.0037771592008954812 -0.6217148849367129 0.02606553508311303 0.9995966984005544 0.011270688780457712 -1.6932865522525864 -0.004069908952845766 -0.011168312553498325 0.9999293498217182 159.63016403822942
0.9996751897031362 -0.025007152973077006 0.004915017583105773 -0.6316658840526788 0.02495156656074808 0.9996274427411186 0.01106322924289909 -1.6944103052351889 -0.005189846751486883 -0.010936998595967579 0.9999267210903411 161.01521304753888
0.9997009028754086 -0.023614107877186388 0.0063622879440850474 -0.6466054105104755 0.023545930052507436 0.9996667068841031 0.010586043633703747 -1.6973139074590953 -0.006610147962030481 -0.010433071573777732 0.9999237255703411 162.3513890053371
0.9997151683123136 -0.022457392926035963 0.008077608555936467 -0.6933601928511437 0.022377052488457387 0.9997005562979199 0.009902790145516364 -1.7112760736937889 -0.008297581307924677 -0.009719216614079951 0.9999183401503366 163.69024418527212
0.9997302406116827 -0.021458120044697052 0.008887918917686052 -0.703074850501795 0.021376709747832907 0.9997295679697044 0.00915571950779305 -1.7107480771876418 -0.009081980626640168 -0.008963255356389414 0.9999185855243616 165.0423806813987
0.9997063595831389 -0.02251914161052502 0.008948903893230047 -0.6947459950966581 0.022427157835861855 0.9996959369642565 0.010249692754533676 -1.713531460092236 -0.009176997910635703 -0.010045984723717191 0.9999074261633131 166.3926342268144
0.9997095314150548 -0.02254254014279052 0.008525649094668736 -0.6743565687485176 0.02245554117494125 0.9996961522347704 0.010166212205831015 -1.7215622499289014 -0.008752231571841776 -0.009971811348443091 0.9999119768345518 167.71558260223685
0.9997498619115787 -0.020819954525481778 0.008169645892732747 -0.6759077855040727 0.02075220757248334 0.9997502660967221 0.008291641111993792 -1.730693018905888 -0.008340237942736924 -0.008120029006704568 0.9999322504826933 169.1020077584388
0.9998162150017297 -0.017735951505105853 0.0072782043790767465 -0.6669557636461293 0.01768960329703099 0.9998231458514899 0.00638395996410843 -1.7546850776087646 -0.007390143420910116 -0.006254038243537778 0.9999531352922032 170.51592033460233
0.9999008722075732 -0.01205637984819402 0.007272515408600714 -0.672339178649245 0.012024257420616488 0.9999178273764378 0.004444740392860874 -1.763604236355982 -0.0073255059000910255 -0.00435685326887277 0.9999636767338754 171.85630607536174
0.999916940403549 -0.010385944069596148 0.007631806894468405 -0.6763287696013152 0.010344897131436003 0.9999319177191129 0.005398427437512851 -1.7667735070463895 -0.007687355713663532 -0.005319028879688637 0.9999563052895569 173.2005914387483
0.9999554351305008 -0.0049490643402195725 0.008039560214792506 -0.6783181756991776 0.004891013622194863 0.9999619425933289 0.007224357574395719 -1.791600180009807 -0.008075008736669095 -0.007184714154562676 0.9999415853495943 174.61752381978476
0.9999623932696567 -0.0027103603338074333 0.008238082549855998 -0.6770304822393594 0.002622741721224094 0.9999400807484887 0.010628082194241573 -1.822602081088271 -0.008266395552328755 -0.010606076344251803 0.9999095848354377 175.98128780200196
0.9999513383029013 -0.006592518251262848 0.007338919807979723 -0.6808808245915214 0.006510801358889342 0.9999171569745723 0.0111035418622104 -1.8189610671112288 -0.007411512748966633 -0.011055219502776324 0.9999114218757481 177.3991911822563
0.9999508102439612 -0.00785232909768769 0.006059540836779377 -0.6836424078847633 0.007786810007141459 0.9999117737727274 0.010761517004573342 -1.8223455347830433 -0.006143509709414894 -0.010713803355105408 0.9999237329434202 178.79243714507413
0.9999277997239011 -0.01121562577532681 0.004313362137086082 -0.6948382000315048 0.01118502719321274 0.9999125646646305 0.007053947871896719 -1.8195418862443693 -0.004392099801073527 -0.0070051936280276905 0.9999658177749574 180.1340580499096
0.999959330500579 -0.00873567128471442 0.002241741359250368 -0.6921117523216671 0.008727867744181106 0.9999558985213639 0.003467755332285752 -1.8558311012474444 -0.00227193585439721 -0.003448048737737276 0.999991474596169 181.55125551005005
0.9999880436993429 -0.004844386096520926 0.0006666251239151265 -0.666324138765504 0.004842445657716493 0.9999841200619037 0.00288276554344745 -1.8723236862462598 -0.0006805798221060152 -0.0028795030327912006 0.9999956226268875 182.94208026150756
0.9999978488727463 -0.0019412235669485217 0.0007306879853811153 -0.7008815474040166 0.0019381834245584834 0.999989556853642 0.004138795099300452 -1.8849883387446684 -0.000738714740219812 -0.004137370068342462 0.9999911681956278 184.26946112751625
0.9999979701477866 0.0006509509279180028 0.001906820579232028 -0.7335579255155371 -0.000663651204402765 0.9999775525325326 0.00666738310355096 -1.8947787260410403 -0.0019024377921273935 -0.0066686351639089975 0.9999759547282361 185.7218690215376
0.9999911651159008 0.003482507023977543 0.002354109524336823 -0.7497080631184474 -0.0035023845303910573 0.9999578007824745 0.008492935932781 -1.9126416422295953 -0.0023244336634918607 -0.008501106063785763 0.9999611633474944 187.09946530769278
0.9999960759406101 0.001117622466032809 0.002568856726355458 -0.7538324806407817 -0.0011409817199139116 0.9999578538163382 0.009109816177988918 -1.9173387572768772 -0.0025585673325384584 -0.009112711627476561 0.9999552051064413 188.54832558444326
0.9999976588848064 -0.0003523609708765991 0.00213496372380461 -0.7366370515325704 0.00033107582206966246 0.999950323517587 0.00996197179501953 -1.9314740456172432 -0.0021383680489891342 -0.009961241832348294 0.999948099174964 189.95106865645675
0.9999911612488329 -0.003422878513526512 0.0024415845141435577 -0.7480429817412722 0.0033968887466606385 0.9999383597970615 0.0105706075912968 -1.9425690146031478 -0.0024776161205700606 -0.010562220572907259 0.9999411487258821 191.32042417305448
0.9999783334884675 -0.005888781505497031 0.0029419070549287375 -0.7637722650121419 0.005857298916730615 0.99992668518867 0.010597937824847106 -1.946306505850865 -0.0030041005547222464 -0.010580476777083951 0.9999395126160249 192.7715092716072
0.999967206961827 -0.007520455072195797 0.0030046245830145923 -0.7450525949595799 0.007486255054995908 0.9999088479623838 0.011236179927412042 -1.9599765597685979 -0.0030888521431177663 -0.011213318285702302 0.9999323579550142 194.12524999819158
0.9999485182617116 -0.00957639077569508 0.003354635561518883 -0.7443158890055147 0.00953581637352614 0.999883611586419 0.011909301958270746 -1.9675929741250706 -0.0034682935330349546 -0.011876699881923164 0.9999234545403498 195.57354625782722
0.9999133657966957 -0.012641988055508096 0.003666204280820083 -0.7382965872456111 0.012595052039461957 0.9998418572797442 0.012554882744905363 -1.980731170091742 -0.003824343487159575 -0.012507619262671328 0.9999144632704079 196.99565831298045
0.9999446923326151 -0.009786058946695358 0.003852965156071346 -0.7579442457139463 0.009747234482106166 0.9999027934574727 0.00996970626602374 -2.0172872202281185 -0.0039501550809315725 -0.009931599295042006 0.9999428781729343 198.41615744520755
0.999978848222488 -0.004923452222025171 0.0042500279139944894 -0.7864787111063506 0.004905533471947859 0.9999790786254864 0.00421640194553632 -2.0122569695786057 -0.004270698608256935 -0.004195464182398109 0.999982079444216 199.85150768544688
0.9999684402144167 0.005498628645919919 0.005734427020209757 -0.7893881542534726 -0.0055223123344094365 0.9999762546547434 0.004122402599188605 -2.0321794089049523 -0.005711623772904078 -0.004153939875545417 0.9999750607551474 201.30199044376423
0.9999018894996559 0.012413232692303034 0.006490223827113496 -0.7891499732222573 -0.012459101483751713 0.9998973506975758 0.007075230486927879 -2.0417281852070985 -0.006401731663755813 -0.007155398835167317 0.9999539079851518 202.73757260465547
0.9998961928496326 0.012599228366000524 0.0069902035137540805 -0.7512311781302363 -0.012665837309014452 0.9998740091779974 0.00956777734395043 -2.0485964356022555 -0.006868776773995406 -0.009655321115074207 0.999929794873769 204.1630769162757
0.999915210521294 0.010690185613666352 0.00743583765298167 -0.7935424444703609 -0.010762792663994377 0.9998941154955778 0.009793881407992002 -2.051000441579292 -0.007330352515026426 -0.009873081565651221 0.9999243912360865 205.62245143146407
0.9999466689591493 0.00837489954361936 0.006043201396696361 -0.7842218864518569 -0.008436580181802142 0.999911833261662 0.01025425925600655 -2.0805318911339974 -0.005956790691771184 -0.010304696543492649 0.999929162426551 207.06920432899295
0.9999597108515482 0.00745582211802725 0.004998737844052968 -0.7887173169881156 -0.007505008359208751 0.9999228872211399 0.009894163600392865 -2.0929317388971693 -0.004924583662284166 -0.009931280739715552 0.9999385571805587 208.5064747753163
0.999960015296597 0.007669568984125924 0.004598424576221113 -0.8012766468553124 -0.007711779585230853 0.9999276385129193 0.009232887250065018 -2.0954270267025445 -0.00452727993727415 -0.009267980297435363 0.9999468027226511 210.0247510943646
0.9999493317450171 0.008867106401039963 0.004765328174686036 -0.8175307065425963 -0.008911181261278748 0.9999169659668016 0.00930870758107204 -2.1185855772085027 -0.004682391578386107 -0.009350700815515969 0.9999453183054381 211.4847459296779
0.999943788561053 0.009799447923191994 0.004048520866568206 -0.7964819184067452 -0.009838778918927853 0.9999034586413499 0.009811821714830913 -2.1160804423639488 -0.003951979907559379 -0.009851102878419284 0.9999436672259784 212.9281425506378
0.9999404899573484 0.010278629694056688 0.003655994578808613 -0.8084659786898789 -0.010313653881208935 0.9998998272547005 0.009693504010458496 -2.1353332175733004 -0.0035559927029172275 -0.009730634009064753 0.9999463333981613 214.3743738029407
0.999933641732237 0.010943567858780555 0.003598671069555373 -0.8227179376917406 -0.010976085574478288 0.9998979533356975 0.009143767449811747 -2.1520857028610534 -0.0034982386864892204 -0.009182660193378966 0.9999517193726872 215.8213414239261
0.9999437686184169 0.009997219433012662 0.003537680937358666 -0.8356269409739834 -0.010027278592030732 0.9999128850882403 0.0085834689164138 -2.1609315880477467 -0.003451562215680766 -0.008618459743141254 0.9999569035054604 217.31570790730237
0.9999394625288717 0.010675605656882591 0.002665089125681695 -0.8199571233683423 -0.010698088192317427 0.9999060573021705 0.008568984860436035 -2.1840583492345877 -0.0025733598679502662 -0.008596977649795433 0.9999597340860682 218.79038948721262
0.9999246619109069 0.01196378207056262 0.00274561391031465 -0.8372341263044936 -0.011985913480699118 0.9998946199515366 0.00819065908458989 -2.192552437240855 -0.0026473335348953407 -0.008222950875847632 0.9999626866553547 220.2675703879021
0.999933759285711 0.011170381885857332 0.002774812894464502 -0.8489807831809701 -0.011192776154003561 0.9999038157725915 0.008190298476905786 -2.212729264065702 -0.0026830574602679323 -0.00822081397368332 0.9999626090105477 221.75365070896467
0.9999249570120924 0.01204934804188923 0.0022121324742242175 -0.8525846390403669 -0.012066071059312693 0.9998974902127887 0.007708373503678721 -2.221835459964651 -0.0021190250073751 -0.007734486951874991 0.999967843204941 223.25017242853463
