1.0 -3.469446951953614e-18 0.0 -1.7787691892340307e-19 0.0 0.9999999999999999 -3.5405977195229754e-19 0.0 2.168404344971009e-19 -2.354751593366955e-19 1.0 0.0
0.9999999228620967 -8.554520881816526e-05 -0.0003833501757301277 -0.0046482276551321824 8.588472341039023e-05 0.9999996040741096 0.0008857060256319584 -0.022970834491229816 0.00038327428916098104 -0.0008857388989382313 0.9999995342839701 1.3230741010844673
0.9999993661412997 -0.0011043790511157895 -0.00021923797316872416 -0.01560261231209241 0.0011047280705211247 0.9999981130711142 0.0015979449674707455 -0.03941435364393442 0.0002174728422881804 -0.0015981861837736303 0.9999986992526984 2.61103331504141
0.9999973194124382 -0.0020437546509165377 -0.0010882261501008249 -0.003252234070101054 0.002045635433788934 0.9999964114391335 0.0017298789499493666 -0.06812550725958577 0.001084686889998431 -0.001732100460287073 0.9999979116400206 3.9487389930713173
0.9999931199203821 -0.003703091541959788 -0.0002173240282547209 -0.017566929750482338 0.0037033475740148956 0.9999924361366368 0.001188646684369216 -0.0915051299941087 0.0002129207361784625 -0.00118944335358027 0.9999992699446271 5.258072872503127
0.9999935253401616 -0.0035350856703406583 -0.0006726447309645211 -0.010279168993057492 0.00353609966453936 0.99999260496048 0.0015119584417497807 -0.1093114175504627 0.0006672949119753773 -0.0015143272188244256 0.9999986307650053 6.580422124881888
0.9999883747109303 -0.0048081473802685515 -0.0003635485120930867 -0.01562267823272007 0.004809124048325227 0.9999846980695265 0.0027342175957219424 -0.14132136412030358 0.00035039646009756573 -0.002735934210073208 0.9999961959364569 7.911692930402547
0.9999876449527422 -0.004961336988139766 -0.0003083555704605392 -0.024951245765320883 0.004962203227851158 0.9999835585146768 0.002873888035383186 -0.15434472526100051 0.00029409220116165106 -0.0028753827044821424 0.9999958228338209 9.22976720306648
0.9999886091683833 -0.004690037846487076 -0.0008860492450443919 -0.017836190002330776 0.004692186935582354 0.9999860176733859 0.0024388179195988643 -0.17424208188253382 0.0008745987838924723 -0.002442947693397717 0.9999966335370281 10.564795980938893
0.9999979458210778 -0.0018716085223532252 -0.0007780981559644641 -0.038722137815250475 0.0018716665954176086 0.9999982457090684 7.375711659481134e-05 -0.18988046901545075 0.0007779588124386437 -7.52133060936343e-05 0.9999996945621022 11.890231513367578
0.9999992970514199 0.0008935071498116665 -0.0007794478098890575 -0.02259431198401811 -0.0008940754265691119 0.999999334625615 -0.0007289575119993379 -0.21342550858466053 0.0007787960276760396 0.0007296538977761707 0.9999994305413835 13.22474488155222
0.9999923759979322 0.0038573934744702007 -0.0006070036168742152 -0.04090380052759189 -0.00385781181411382 0.9999923211759697 -0.0006891185916990599 -0.23236855898545536 0.0006043408044954224 0.0006914550537646542 0.9999995783313972 14.57083481786528
0.9999887824004072 0.004736340849106213 -4.625450336636608e-05 -0.06247335216425706 -0.004736346480818832 0.999988776759957 -0.00011569492804376638 -0.25405923639479894 4.570601708412314e-05 0.00011591270619907669 0.9999999922376296 15.919369959778269
0.9999925782460001 0.00384899188606123 0.00016943261525916302 -0.05576412675672332 -0.003849414758435998 0.9999892910410723 0.0025690106896863714 -0.29225494372657523 -0.00015954271116087903 -0.002569643892994949 0.9999966857328183 17.257407841519814
0.9999993293362534 -0.0011029906210673884 0.0003531868907091125 -0.052985096070990695 0.0011012654178447212 0.9999876401384311 0.004848379319646682 -0.30286885519811046 -0.0003585302685727618 -0.0048479872099214585 0.9999881841685111 18.621667094506478
0.9999919839149101 -0.004003929906640724 -2.562543830960935e-05 -0.04161315787328417 0.004003992923463333 0.9999865411299305 0.0032993322884027998 -0.3336795875893121 1.2414802205140511e-05 -0.0032994085067233553 0.9999945568602151 19.958537405411114
0.9999890440414203 -0.004677934400403585 0.0001695090683331579 -0.04247473180632142 0.004677811580135952 0.9999888000508085 0.0007196148047581129 -0.31940782265954815 -0.00017287349439055457 -0.0007188139996514634 0.9999997267104795 21.313099044229396
0.9999973192573147 -0.002293168550687029 0.00032071803189663724 -0.039032091075572276 0.002293438768309952 0.9999970136749712 -0.0008442608959463913 -0.3787956716640877 -0.0003187810690637202 0.0008449941985376403 0.9999995921813445 22.67419697576582
0.9999993040910837 -7.682089253033611e-05 0.001177250062041662 -0.043590097343221876 7.621161313103864e-05 0.9999998631485852 0.0005175851640369136 -0.35740768560692787 -0.001177289761351857 -0.0005174950929012462 0.9999991730926758 24.043337153153857
0.9999973243984323 0.0007238917528944204 0.0021970840790294845 -0.060326734929629144 -0.0007352790535903901 0.9999862795912003 0.005186520419078139 -0.3917221803781453 -0.0021932996359694977 -0.005188122112943438 0.9999841362861258 25.438219299316685
0.9999967773731109 -0.0010734444386044165 0.002300644513698626 -0.04817679194820719 0.001059561566037157 0.9999812754009869 0.0060271198371192655 -0.4009036501606435 -0.0023070714033279587 -0.00602466285550142 0.999979190212197 26.79842838572334
0.9999870462054075 -0.004634295816623241 0.0021049305615613487 -0.04968262330665128 0.0046228565366265816 0.9999746943096992 0.005407395885065037 -0.45516916521243933 -0.002129936942264628 -0.005397595147867599 0.9999831645251076 28.183265655448636
0.9999856733947228 -0.004800203569834826 0.0023687677101398514 -0.045337020992738855 0.004793311460529836 0.9999842870476822 0.002906856744145192 -0.44384496641088494 -0.002382684192596422 -0.002895460908798682 0.9999929695350563 29.535045449303357
0.9999804505766275 -0.0055345593400889966 0.002909833026239539 -0.047871541761674394 0.005532069254633424 0.9999843253996008 0.0008632251865302195 -0.4933212967254521 -0.0029145652320180524 -0.0008471109232429323 0.9999953938438774 30.919148408997593
0.9999903076499315 -0.002746272595316613 0.0034413080765904698 -0.05286090206228554 0.0027478606560146033 0.9999961202995635 -0.00045677533720679664 -0.5001994406180433 -0.0034400405866572507 0.0004662271591404326 0.9999939743561832 32.302759912193586
0.9999903170985825 -0.001861272672076978 0.003987653531105409 -0.0447647380865874 0.0018714194289178657 0.9999950172493736 -0.0025422948562276422 -0.5330263821044648 -0.003982902096218795 0.002549732866651859 0.9999888176115985 33.69494022418637
0.9999893640907032 -0.0014570889135650435 0.004375911869114331 -0.0496705519032566 0.0014676755258161405 0.9999960019248342 -0.0024170355509706815 -0.5391883129053758 -0.004372372909559702 0.0024234323147923047 0.9999875045847733 35.088941457691945
0.9999926457743715 -0.0012021129792758323 0.0036418852091237137 -0.04140620244929907 0.0012053858961437736 0.9999988715708974 -0.0008966047115851573 -0.5877307416742094 -0.003640803587682011 0.0009009880164598494 0.9999929663579015 36.48906909579677
0.999993175514292 0.0005725062327855959 0.003649817113952081 -0.04857923722728014 -0.0005737939809834745 0.9999997735068303 0.00035177785596563724 -0.6103958186231231 -0.003649615200450816 -0.00035386970279699945 0.9999932775177578 37.881184090211946
0.9999926739882609 0.00213684791021178 0.0031758228937587155 -0.042333962317470976 -0.0021387808316230992 0.9999975296001433 0.0006053212788599383 -0.6271289967431254 -0.0031745218366138646 -0.0006121092445159231 0.9999947738510735 39.27773474168068
0.9999826193437766 0.004555071037137865 0.003743305223132263 -0.0480066589893698 -0.0045570150446448115 0.999989486254162 0.0005108852164111613 -0.6544787784649231 -0.0037409390645296806 -0.0005279346459581952 0.9999928633022603 40.6699667953102
0.9999596880427193 0.008022508569320021 0.004032571553248125 -0.06066202437331393 -0.00802751196949367 0.9999670274936169 0.0012259666344758757 -0.7015062278743047 -0.004022603600862536 -0.0012582887574435647 0.9999911176430891 42.08811489938833
0.9999526760489954 0.009007779435458524 0.0036749907018971337 -0.05794744158460616 -0.009012958136724605 0.9999584095715304 0.0013948951526932248 -0.7147562988836893 -0.00366227325849608 -0.001427951710155362 0.9999922743222789 43.4780792660196
0.9999656896253167 0.007599343683044923 0.0032968979008037532 -0.06306107299828237 -0.007602966957585054 0.9999705054657906 0.0010877076210904831 -0.7385599514949338 -0.0032885350737904724 -0.0011127365323120946 0.9999939736571044 44.90959411647658
0.9999707759077119 0.007203074434405158 0.002561842598947464 -0.05480093400270713 -0.00720458851903026 0.9999738772013108 0.0005820947052690943 -0.7668391845758915 -0.0025575830210735305 -0.0006005347311270108 0.9999965490559702 46.30142630127685
0.9999786317092054 0.006367120796952225 0.0014818525011501356 -0.045505669403716226 -0.006368132592077457 0.9999794928565515 0.0006787978548714209 -0.7933490298821889 -0.001477500249365006 -0.0006882200005689653 0.9999986716712511 47.73670327275477
0.999971859015413 0.00748472107086705 0.0005100124486306793 -0.046432008744897085 -0.0074857314043618685 0.999969965885642 0.002007776743008431 -0.8262013393130254 -0.0004949695226421859 -0.00201153810337352 0.9999978543573197 49.14173501330502
0.9999731534999576 0.007327308523000056 -5.304407305155236e-05 -0.0697436185014754 -0.0073271865172667375 0.9999711038166978 0.0020258046258078864 -0.8481579450122925 6.78862426900695e-05 -0.0020253616218130614 0.9999979466490009 50.56133903971765
0.9999680871488257 0.007936425566377713 -0.000915322172259543 -0.0817252835538723 -0.007934249135564352 0.999965743333602 0.002357936908933467 -0.8727599952669616 0.0009340044874709688 -0.0023505993194575777 0.9999968011550789 51.99707507248674
0.9999617759035203 0.0082946441940894 -0.0027650654127987203 -0.05832273220907598 -0.00828593347806008 0.9999607185330182 0.0031471756545056622 -0.8934225448310908 0.0027910617371157097 -0.003124144278686325 0.9999912248127314 53.42352748932633
0.9999761409427554 0.006046241084716467 -0.0033407328111098302 -0.07057919324550599 -0.006032709488107968 0.9999736180475483 0.004045940730869263 -0.9113231570070623 0.0033651076963837354 -0.004025690614724048 0.999986234841391 54.8744806519143
0.9999842161611039 0.004325995825404108 -0.003585132348230477 -0.07639968940594849 -0.00430796011357029 0.9999781036428343 0.005023317782629535 -0.9310020272539465 0.0036067850072333298 -0.0050077939931818345 0.999980956373198 56.26977276978383
0.9999822939344638 0.004196177765093684 -0.004219466056037643 -0.08260666411229518 -0.004176158849344771 0.9999800356477524 0.004742152464576127 -0.9841400286130013 0.004239281093675393 -0.004724447438983777 0.9999798538477291 57.69425504632064
0.9999908033913023 0.0010337212103971021 -0.004162276262861768 -0.09706869161963225 -0.0010143729187530254 0.9999886838162148 0.004647933707833406 -0.9775057545274477 0.004167034185287155 -0.004643668957991172 0.9999805358973938 59.147901721075435
0.9999925633668616 0.00020285202851525255 -0.0038512406500436423 -0.09381747038847568 -0.00018419510367388356 0.9999882501583925 0.004844132172367634 -0.9969154417670799 0.003852178370073453 -0.004843386867413811 0.9999808509835363 60.545828186290905
0.9999947548162647 -0.001163910743528708 -0.0030225234730919294 -0.11627740868419373 0.0011824592781026454 0.9999804372369557 0.006142225170592032 -1.021216340081906 0.003015315602201632 -0.006145767087109576 0.999976568438341 62.00236567818608
0.999993080543741 -0.0027402236648417927 -0.002515956774272486 -0.12587366657036222 0.002755053852925085 0.9999787408153927 0.005909956858976331 -1.052492787747889 0.0024997088996756814 -0.005916847678248145 0.9999793709746408 63.398298662432694
0.9999846990640034 -0.005061688531986143 -0.0022318041619461843 -0.1307090604303396 0.005072110775431408 0.9999761429238607 0.0046890583043799295 -1.0593375179390723 0.0022080165557432367 -0.004700306605900824 0.9999865158018783 64.81873814491668
0.9999864754630946 -0.00478451966787851 -0.0020389372904063645 -0.10570532075520403 0.004793337067804779 0.9999790868491402 0.004341632973363512 -1.081148748492308 0.0020181221958651806 -0.004351347652224365 0.9999884964142447 66.27631542716814
0.9999937173086908 -0.0030539512179805287 -0.0017996461986390985 -0.08290706704709283 0.003059776001619243 0.9999900612843404 0.003242699239444386 -1.093625409959364 0.0017897254212709771 -0.0032481854439550084 0.9999931230653065 67.64841581974626
0.9999981566226771 0.0016841037196469108 -0.0009222480689333988 -0.11862399223212831 -0.001679118403557442 0.9999841175265842 0.005380079699175817 -1.13995485580874 0.0009312941165415369 -0.005378521326009587 0.9999851019902337 69.1082573231152
0.9999887357156919 0.004724826048709733 -0.0004521622456354975 -0.11932131387235148 -0.004721603686254423 0.9999651786206777 0.006880989170314801 -1.1653733532602326 0.00048465802382183774 -0.0068787768695612655 0.9999762234863427 70.46608704759267
0.999962376170854 0.008614161668298 0.0010210015370757204 -0.14614929274603697 -0.008621735815714219 0.999933482856614 0.007661302129550085 -1.1865790823849194 -0.0009549380028714548 -0.007669816844537482 0.9999701305557983 71.90334590236223
0.9999449787230978 0.010405401231096385 0.0013293342760654324 -0.1295698614313237 -0.01041364666178245 0.9999255911848173 0.0063535878931391876 -1.1761541703719232 -0.001263123832832062 -0.006367081660501713 0.9999789321726527 73.28808725022765
0.9999244078655587 0.012026052061968141 0.0025598048623275663 -0.1652773123535462 -0.012040902908735569 0.9999102927351388 0.00586712594732681 -1.1848355687255077 -0.002489017073452002 -0.005897504923990095 0.9999795119040442 74.68549150765533
0.9998753396440446 0.015552236394442736 0.002726367069398565 -0.136595911424049 -0.015568568695702797 0.9998603478770055 0.006074903405650733 -1.2145676320908847 -0.002631508210990414 -0.006116591869368622 0.9999778309875337 76.14449716948985
0.9998603424364697 0.016471714751870786 0.002824569917230622 -0.11516225153929008 -0.016488310186923018 0.9998463192673281 0.005955964871316777 -1.2319467000686877 -0.002726031107334738 -0.006001705589407183 0.9999782739051725 77.51701579132953
0.9998813734099494 0.014966846670542006 0.0036376605320537934 -0.15322034835895773 -0.014991625283569593 0.9998639328155867 0.006882373343717322 -1.272749425225299 -0.003534158433227935 -0.006936091500139204 0.9999696997191265 78.90372897336377
0.9998943256953692 0.014162455385334484 0.003280589539164317 -0.15737896905896973 -0.014180712200703275 0.999883710563854 0.005610061064415275 -1.283413918907474 -0.0032007560685028556 -0.005655989440939022 0.9999788822477023 80.29116461761599
0.9999019649302315 0.013787708322266543 0.002441228452291183 -0.12756709288276777 -0.013800090872615025 0.999891615188501 0.005129853907821473 -1.2978016236257994 -0.002370235127760515 -0.005163040287113173 0.999983862369029 81.68865693894885
0.999913522493247 0.012904670090389831 0.002533179138039182 -0.14470434339185323 -0.012918385605327862 0.9999015680221295 0.005474450715519364 -1.3222094890264733 -0.0024622840162183733 -0.005506701999999891 0.9999818065287831 83.08754586584467
0.999903976675576 0.013750165520064328 0.0017234686818820865 -0.13062282756402255 -0.013758514464392378 0.9998931970022334 0.00492929019160472 -1.344930356430705 -0.0016555061909689398 -0.0049525293403609345 0.9999863657826642 84.45269846829542
0.9999126015736042 0.013201701279269671 0.0007101168253842291 -0.10745801247539569 -0.013204852417281733 0.9999020862530075 0.004631394084532721 -1.3479258938136378 -0.0006489050658694329 -0.004640366396900989 0.999989022900755 85.85235841034259
0.9999295270818069 0.011864821890633528 -0.00040846344760109526 -0.11861335920187896 -0.011862163994869428 0.9999116972491966 0.005990558937716153 -1.3810491023650353 0.0004795043386078728 -0.005985291632591443 0.9999819730184815 87.20331863855844
0.9999715564128979 0.007376910925183764 -0.0015708380642803937 -0.12524160890636207 -0.007366542336617903 0.9999516920908427 0.006507499702711646 -1.3780739289466644 0.0016187675676222807 -0.006495743095968024 0.9999775922077551 88.6053061578443
0.9999596874742396 0.008697742285812778 -0.0022299512688926547 -0.13728384018350734 -0.008681444091867068 0.9999362689568568 0.0072173797208132 -1.4088196556467258 0.002292584259584193 -0.007197729723130362 0.9999714679680718 89.99135942550329
0.9999680034688824 0.007376694242870795 -0.003094575807548559 -0.14573697555786702 -0.007353910517878 0.9999462368469938 0.007310501281010919 -1.4339201035688018 0.003148337037601691 -0.0072875102885948785 0.9999684895912562 91.36079592484347
0.999981025886251 0.004756037782648732 -0.003915093306321203 -0.15110879080936604 -0.004727535515387621 0.9999624887151941 0.007257518690069514 -1.4536050944976155 0.003949463818560605 -0.007238872391963462 0.9999659996577193 92.70932924054858
0.9999870640675877 0.0033539811647167496 -0.0038239370491902243 -0.17564709321242053 -0.0033282524291088937 0.9999719152466566 0.006715017349623942 -1.4685811113971194 0.00384635202683656 -0.006702203594636197 0.9999701425802844 94.0607066188795
0.9999792771601893 0.00470803855352288 -0.0043908547818368015 -0.1875040443361173 -0.004681116582233479 0.9999703055635267 0.0061216947129955155 -1.4915292938011873 0.004419545950729862 -0.0061010138784168486 0.999971622223983 95.44907995642973
0.9999831907428893 0.0041604822800492235 -0.004038391191471934 -0.2016864677432641 -0.004140665440001596 0.9999794065667147 0.004903196801833122 -1.4940949601662152 0.004058708037229424 -0.0048863928586947315 0.9999798248278156 96.81721390949372
0.9999781887182934 0.00523693529244417 -0.004024497309718226 -0.20986452785918783 -0.005218494589226349 0.9999758992140109 0.004579117222934776 -1.5237829768700968 0.004048381202242661 -0.004558015626224887 0.9999814173832591 98.16176977502282
0.9999629133426198 0.007825394072685303 -0.003596543291524398 -0.24099120428974272 -0.007809366988501479 0.9999596091442531 0.004449031684310593 -1.5396124164932872 0.0036312137601872277 -0.004420780054222917 0.9999836353651109 99.51533078881451
0.999962670977171 0.007911877219417229 -0.0034725822959585538 -0.24296948280103134 -0.00789110288739646 0.9999511270446538 0.005956008113524336 -1.566878540161634 0.0035195360872417895 -0.005928383403148449 0.9999762332895314 100.86180962057345
0.999970278961769 0.0068921751376431716 -0.0034552994664205938 -0.2694270797792144 -0.006865605571604437 0.999947219454313 0.007643414007253038 -1.585405316809437 0.003507797143986198 -0.007619464272094009 0.999964818947162 102.20107474011513
0.9999719287147135 0.006701300528982181 -0.003351765788585281 -0.278721047374513 -0.0066789667186043416 0.9999557108910402 0.00663081231042856 -1.6076278965966069 0.0033960526998289275 -0.006608239980995139 0.999972398618271 103.5385337053905
0.9999675110772412 0.007370004095906272 -0.0032649361713305517 -0.2926406832852587 -0.007357101480795313 0.9999651482746682 0.003946556526620963 -1.6245393594260278 0.0032939088015093037 -0.003922407926143621 0.9999868823578052 104.86767092525913
0.9999773759983543 0.005690488942930664 -0.003586894074250941 -0.3075092586957915 -0.005679862039320638 0.9999794706183155 0.002966061338164961 -1.6519779904169503 0.003603699083346194 -0.0029456212358439024 0.9999891682791635 106.18594140764053
0.9999822300045134 0.0049560752493833455 -0.0033131522250930356 -0.3223816809290746 -0.004943417638798004 0.999980493163068 0.003817842871603603 -1.6714693199901605 0.003332009396879689 -0.0038013968148338465 0.9999872234696272 107.53986793358227
0.9999963862795952 0.00015792163344176095 -0.002683744311917578 -0.33051696710289374 -0.00014094735285276327 0.9999799942374299 0.006323864114608281 -1.691637896396276 0.0026846895285154277 -0.006323463122213365 0.9999764028529211 108.88770143202125
0.9999981601291165 -0.00010233488505812655 -0.001915532008594965 -0.34871179795639573 0.00011563979931686862 0.9999758627710519 0.006946977807035464 -1.7151615853217237 0.0019147750222414043 -0.006947186675636393 0.9999740347824343 110.24938648263941
0.9999990723223854 -0.00019118727986991088 -0.0013486288898498225 -0.35545043931464737 0.00019868778978733223 0.9999845031559716 0.005563629156014952 -1.7308093972445546 0.0013475444136412437 -0.005563892061466407 0.999983613482127 111.55966569574558
0.9999992905332467 0.0010736313458578018 -0.0005159904088439542 -0.3692260435926732 -0.0010718885758986378 0.999993760047102 0.003366143620674324 -1.7540971059883141 0.0005196012329668528 -0.0033655882158621217 0.9999942013991977 112.88128808423463
0.9999904412517837 0.004352697424749216 0.0004140320028116285 -0.37642255512671685 -0.004353142293081767 0.9999899428789562 0.0010790279212367297 -1.7812842271695961 -0.00040933119078712587 -0.0010808199716052043 0.9999993321376375 114.2368320224103
0.9999816211936823 0.00580546950027421 0.0017475095193750317 -0.39603081343437596 -0.005806519515430233 0.9999829643135489 0.0005961756000981771 -1.80048984377488 -0.001744018817357226 -0.000606311606206686 0.9999982953896845 115.5277915955053
0.999958731152471 0.008483691092041315 0.003250071230712901 -0.40530841753144853 -0.008490406505581775 0.9999618383632843 0.0020578708879199995 -1.8098154081185587 -0.0032324891337766892 -0.0020853804328498406 0.999992601071998 116.89311376146712
0.9999533836678094 0.008630562249624125 0.004329419443954803 -0.40698822537108237 -0.008650789892080608 0.9999516518076595 0.004675243221429455 -1.8308700850333346 -0.004288860505868606 -0.004712478272703348 0.9999796989039924 118.20486188263486
0.9999508713056594 0.008415467596974126 0.005237830427558656 -0.4124844978588372 -0.008443717330033134 0.9999497988614228 0.00539475779248725 -1.8642114364999438 -0.005192168508019784 -0.00543871962404798 0.9999717304557338 119.56601568273572
0.9999482353364644 0.00809833408328453 0.006159839393655078 -0.4122075158383675 -0.008128263427172407 0.9999552068924504 0.0048492843456876406 -1.8803732075895465 -0.006120292864370501 -0.004899102219155961 0.9999692699316218 120.87944488527829
0.9999136042068335 0.010735761914101609 0.007584689843672894 -0.4121363550062006 -0.010766028607875308 0.9999341997569008 0.003960910080046252 -1.8922287558880515 -0.007541668016385937 -0.004042224943672129 0.9999633911574527 122.21084637597168
0.9998843416637608 0.012467594593757847 0.008709899954754245 -0.416858919633193 -0.012503370643864545 0.9999135665629769 0.004065114435559592 -1.9116856782480638 -0.008658465658510143 -0.004173547463353859 0.9999538051669875 123.5922544481012
0.99986222207414 0.013426480913084085 0.009760453503741643 -0.4240869328534418 -0.013458833451914523 0.9999041230213809 0.003256470463614229 -1.9427133448466867 -0.009715795581576281 -0.0033873861811303555 0.9999470630612444 124.923676625034
0.9998368405554278 0.01449697192640204 0.010776364997531486 -0.4190385393966191 -0.014524355067413355 0.9998914725384705 0.0024670410458665303 -1.9604040712388957 -0.010739431747547 -0.0026231583304444166 0.9999388899527114 126.25155094235922
0.9998524875739441 0.012780761414072113 0.011474110201289446 -0.4196222889274417 -0.012802886834096139 0.9999163156359653 0.0018568373140168532 -1.9830846513949354 -0.01144941916972016 -0.0020034651818256733 0.9999324461791413 127.62645562970908
0.9998396089422373 0.012687432269019094 0.012640626068523196 -0.4280751700473393 -0.012722849989226964 0.9999153471750913 0.002725362818790111 -2.0136147761795153 -0.012604979211320108 -0.0028857505405379866 0.9999163899734429 128.97109557040247
0.9998303525022778 0.012659915627773929 0.013378816308472619 -0.412696752585691 -0.012709967521119265 0.999912516921868 0.0036626846585437597 -2.044678486726343 -0.013331277733975659 -0.0038321076883812205 0.9999037913619369 130.34172544272954
0.99984616402763 0.01101373291655922 0.013650858794412062 -0.40214106343441935 -0.011072085156103015 0.9999298551716969 0.004206386998257362 -2.0742745512110248 -0.013603574381097164 -0.004356883458881654 0.9998979749585757 131.67275081934864
0.9998552323102977 0.010303032851894687 0.013541119501214177 -0.3961726413332286 -0.010365329772774684 0.9999359793014152 0.004538420425720539 -2.101554459238177 -0.01349349423171121 -0.004678121667312439 0.9998980151929356 133.0746454879325
0.9998855444546881 0.007221889389907375 0.013294446000695822 -0.3943014012671904 -0.0072863993373922 0.9999618837970086 0.004810338031042176 -2.113484267192842 -0.01325920065470221 -0.004906656195153774 0.9999000541646994 134.4053509553758
0.9999044864611353 0.00594507778093341 0.012476938688815596 -0.38154307723108744 -0.006003520489832272 0.9999711587851717 0.004651811537136893 -2.150384756695557 -0.012448924505924176 -0.004726272870793817 0.999911339378855 135.74559093478769
0.9999135664656281 0.006676907838233512 0.011326009555150418 -0.3916817440219687 -0.006724412169126431 0.9999687322544162 0.0041613468255546765 -2.2014441768445434 -0.011297871438884548 -0.004237147981549114 0.9999271996861919 137.12898794573664
0.9999344531024991 0.004977327342832785 0.010310950888177062 -0.3875659269409345 -0.00503580760861653 0.999971339127669 0.005653456760828264 -2.2194435359415507 -0.010282517127068463 -0.005705010267096314 0.999930858956704 138.50098264431858
0.9999566647027568 0.002155624970095283 0.009056599839350341 -0.370311565417747 -0.002208970097480248 0.9999802474803825 0.005884309865662018 -2.2314910183326733 -0.009043737343030744 -0.0059040607362300795 0.9999416747371598 139.81821096272293
0.9999720755982184 0.00014304227371263363 0.007471784872952456 -0.3926574420620434 -0.00018311741213026568 0.9999856016041948 0.005363119550890657 -2.2729775573498627 -0.007470910765431762 -0.005364338102652662 0.9999577037872949 141.2133719038656
0.9999792366294284 0.0017431446450641075 0.006203850415934813 -0.39850759468588803 -0.0017727821962844432 0.9999870283369595 0.004774976762537221 -2.309141173110313 -0.006195446986301506 -0.004785875784110616 0.9999693554426686 142.55316183047083
0.9999859414635094 0.0011891820176943603 0.005167467957836388 -0.3933049208281511 -0.00121212767930694 0.999989410596973 0.004439531673380909 -2.3241720889541506 -0.005162134258915494 -0.0044457329753391055 0.9999767936424853 143.88965953594942
0.9999909798945259 -8.850175371914216e-05 0.004246445825300099 -0.3853005813436686 7.83604313331146e-05 0.9999971449390487 0.0023882991504014044 -2.3611671132208114 -0.0042466454270309595 -0.0023879448979060606 0.9999881317881836 145.2559303091168
0.9999829708085117 -0.005007222119964943 0.002997637399938801 -0.397529723483014 0.005002955935538634 0.9999864639555749 0.0014291013924698024 -2.38515025609725 -0.0030047529043181207 -0.0014140800297987271 0.9999944859018168 146.57518475397237
0.9999232315338701 -0.012259622981195917 0.0017979699429396306 -0.4085652966692791 0.012253076624854971 0.9999184177675813 0.0036083114491171435 -2.4158677564984394 -0.0018420599503733476 -0.003586003840900488 0.999991873661874 147.95848790521384
0.9998024675148021 -0.019874258869531036 0.0001994811945995956 -0.4101873970304879 0.01987280060195817 0.9997862630063834 0.005700885192942644 -2.4552247080594776 -0.00031273944651179783 -0.005695794929723356 0.9999837299251887 149.27576436830427
0.9997853870441603 -0.02069962885204982 -0.000839775514698964 -0.3897743331779984 0.020701594420610994 0.999782813812652 0.002401913200641997 -2.5019922719772523 0.0007898744855476527 -0.0024187824435426097 0.9999967627905079 150.62944451359505
0.9998178211045571 -0.019080056454306923 -0.0005254084741653983 -0.41132683722608426 0.019079827868788524 0.9998178671304018 -0.0004390078548892186 -2.540435124322752 0.0005336891208474433 0.0004289031962901007 0.9999997656093509 151.97099281182753
0.9998260390193032 -0.018651719574051193 7.116051179499594e-05 -0.42842784079993435 0.018651855518055774 0.9998174542759817 -0.0041432358276851464 -2.542506923660742 6.1309495717563195e-06 0.004143842437838675 0.9999914142291672 153.31677166678443
0.9998107701180929 -0.01943124521146508 0.0009223198428685618 -0.45126533846260786 0.019434453597830796 0.9998046305491964 -0.003605931046557574 -2.5813245524248662 -0.0008520719928691606 0.003623173565808852 0.9999930732685912 154.69700870348706
0.9997968351372561 -0.020108376337082675 0.0013934342840651419 -0.45044923148912275 0.020108841593310157 0.9997977456685082 -0.00031974905292453816 -2.6254344226098376 -0.0013867229376151062 0.0003477044638042237 0.9999989780490255 156.02310840053036
0.9996930651779502 -0.02470924893070179 0.0017967903378271685 -0.43933359422692597 0.02470494266356458 0.9996919497757542 0.002381461851704119 -2.650802963147537 -0.0018550811228412276 -0.0023363413215016196 0.999995550080661 157.37043897851817
0.9994831208274757 -0.03211068799570799 0.0015475416002127544 -0.4370098640888147 0.032105807516232 0.9994797211698973 0.0030828733335321783 -2.653599675379377 -0.0016457297648735307 -0.0030315948216375374 0.9999940504846365 158.69987092483916
0.9994399700992663 -0.03342697926133127 0.00154376474142804 -0.43109227538305916 0.033420815542529216 0.9994339120224588 0.003860648307423574 -2.7121090759522155 -0.001671940781190388 -0.003806892400388291 0.9999913560540119 160.06543324975547
0.9994261672939928 -0.033754864972367724 0.0028187237299986505 -0.44774505421568317 0.03374254176013862 0.999421258887132 0.00431140095473323 -2.7186341061209967 -0.002962623419987265 -0.004213816083523864 0.9999867332187914 161.43931276925787
0.9994827045316338 -0.03191864448336022 0.003939983136341075 -0.44597771017041765 0.03190292923946106 0.9994830095039766 0.003989590482032664 -2.7336389362353395 -0.004065288860603438 -0.003861829730155938 0.9999842797232249 162.77415954087965
0.9996081283797038 -0.027565577819400708 0.004871200856544026 -0.4502806523844819 0.02755598980041638 0.999618210608463 0.002024956828672852 -2.7631751307326247 -0.004925160601301744 -0.0018899325566029779 0.9999860853745927 164.11315258939985
0.9996309231053823 -0.026587733369327675 0.005577634726331502 -0.4532034760391582 0.02658204773450885 0.9996460392016558 0.001091351957325971 -2.7701326555393972 -0.005604677507951858 -0.0009426842056796998 0.9999838493349426 165.46984904899531
0.9996867264345384 -0.02435509785819106 0.00576872656140719 -0.4520999208978684 0.024342333695332154 0.9997010976788964 0.0022729030646447515 -2.8028989385881076 -0.005822359540641876 -0.002131766775893544 0.9999807776623006 166.81729979323728
0.9997187673354915 -0.022980241311834886 0.005856172445378657 -0.4396591192838033 0.02296480348874037 0.9997326546517556 0.0026901710119493012 -2.8303134441167277 -0.005916428100097617 -0.0025549286265482123 0.9999792338906831 168.15489826335704
0.999809438299515 -0.018770735874713666 0.005361583295537582 -0.4456463332906031 0.01877016997467948 0.9998238126545146 0.00015607812447632045 -2.8802429498588484 -0.005363568805476347 -5.541053454021694e-05 0.9999856144233111 169.55884702432925
0.9998718471630162 -0.015277790005176378 0.004783136890385356 -0.46115612038348264 0.01529149510828089 0.9998790400039269 -0.0028417474561767196 -2.9058504150667637 -0.004739143103030886 0.00291452466553016 0.9999845229117603 170.96801387092466
0.9999332133157364 -0.010487757328568303 0.004855498910762481 -0.4611126552254452 0.01050787356402904 0.9999362368744086 -0.0041360329807496165 -2.9253900403397997 -0.004811812008068996 0.00418677781192742 0.9999796584686882 172.288413187637
0.9999648813923553 -0.006266718546334442 0.005564551571876592 -0.4500056502241632 0.006286518739314203 0.9999739458179369 -0.0035478669609483094 -2.95983675411528 -0.005542173579191492 0.0035827241024546674 0.9999782239598692 173.65135973999233
0.9999782902135627 -0.0025328955256156242 0.00608305447222829 -0.4740460976349169 0.002538767675082501 0.9999963186547924 -0.0009577744765323281 -2.994310875924783 -0.006080606650197108 0.0009731971715825373 0.999981039372118 175.06222414598517
0.9999806760261833 -0.0007874977791708232 0.0061666383821259736 -0.4589198785662417 0.0007781996134936398 0.999998557029863 0.001510080156424637 -3.0257876807858484 -0.0061678191885738715 -0.0015052521241144005 0.9999798459051581 176.38917561825622
0.9999683204877705 -0.004403370649178803 0.006630864207946225 -0.45744744474712346 0.004388066053688078 0.9999876790475076 0.002320909991607054 -3.0396888166420495 -0.006641002895371138 -0.0022917398325661724 0.9999753221970181 177.83717223499943
0.9999711666838709 -0.006016769326511403 0.004632958072324494 -0.4057136409768615 0.006004714768854561 0.999978561430951 0.0026115265901118876 -3.0622209502734146 -0.004648572091738095 -0.002583631741913357 0.9999858577098475 179.18695395100002
0.9999714318648701 -0.007294359396473842 0.0019818643355849212 -0.4313649626096413 0.007296733007125146 0.999972667023838 -0.0011928471610545427 -3.080960270736176 -0.001973109276649806 0.0012072742495322759 0.9999973246593443 180.49517194069753
0.9999830663174859 -0.005724868481525135 0.0010454510270835043 -0.43240550584274273 0.005730319318741803 0.9999696043315816 -0.005287139714819376 -3.117624296068679 -0.0010151511600967008 0.0052930410618231795 0.999985476485943 181.952284996727
0.9999987307591399 -0.0014131427692787527 0.0007358742245640749 -0.4362609316231971 0.0014176849312686358 0.9999797199574465 -0.006208851838335601 -3.14196160408256 -0.0007270853733387101 0.006209887319674664 0.9999804541315778 183.33305583710344
0.9999987491865395 0.0015177422164138555 0.0004450640021544431 -0.4451185045951738 -0.0015152336405206222 0.9999832622129643 -0.005583848466765766 -3.157324381899735 -0.0004535314382997763 0.005583167215713772 0.9999843111530616 184.6534645128973
0.9999899248468498 0.0043010463408604885 0.001284989803062451 -0.43547493773741663 -0.004298784450667263 0.9999892147790513 -0.0017580631970500384 -3.1925962909312053 -0.0012925375663845435 0.0017525216224092426 0.9999976290034852 186.10669289809567
0.9999838119344833 0.00544946829784601 0.001636812675917691 -0.4368183835405172 -0.005450548112614754 0.9999849306471158 0.0006557550214229859 -3.227556327846005 -0.0016332146318452795 -0.0006646659482035331 0.999998445412274 187.47038198638023
0.9999934341365921 0.0029487275999625718 0.0021063444004551972 -0.4290606653289605 -0.002950351072982087 0.9999953528154469 0.000767972201830454 -3.2322980888404467 -0.002104070248433488 -0.0007741816306961872 0.9999974867610709 188.95226774384477
0.9999952719418372 0.0024757002089045117 0.0018240067245119127 -0.42323491041097394 -0.0024780482592091533 0.999996102628975 0.0012860823865366157 -3.255128039911913 -0.0018208158142369174 -0.001290596308403741 0.9999975094912161 190.34920468042665
0.999997738131953 -0.00027208605782095587 0.0021094320200561014 -0.4125732228584143 0.00026787970344444717 0.9999979758911012 0.001994104657899292 -3.2802078024772703 -0.0021099704950818207 -0.0019935351108400787 0.9999957869110039 191.69132274949334
0.9999933278348313 -0.002713080554834898 0.002446116698308798 -0.41596481201607727 0.002708714285953876 0.9999947354453153 0.0017866013379419746 -3.292517653199288 -0.002450951219434931 -0.0017799636172077546 0.9999954122718223 193.14780869771874
0.9999780155617166 -0.005990425201414488 0.0028430987063203118 -0.4079974096006246 0.0059822474100569845 0.9999779694390412 0.002876342217871509 -3.3291055555301656 -0.0028602668231449127 -0.0028592709126733055 0.9999918216867546 194.50728396703687
0.9999213966915795 -0.012164792314598835 0.0030361621145260425 -0.3959497559161067 0.012151326931630109 0.9999164230797352 0.004414985631139249 -3.333232182426367 -0.003089616001386859 -0.004377745274651651 0.9999856447051113 195.9753316333414
0.9999023363352341 -0.01352901104747809 0.003504806115589388 -0.38715042028440866 0.013510932376011892 0.9998955541135071 0.0051318183043410175 -3.381309815960712 -0.0035738687764516924 -0.005083964000682271 0.9999806901979569 197.37370060034925
0.9999327266926908 -0.011049627576744618 0.0035281487725596764 -0.4019544988641483 0.011046065948723214 0.9999384623469116 0.0010275875329183606 -3.409841607680489 -0.0035392864156069737 -0.0009885462478356215 0.9999932480890911 198.80164004070357
0.9999780768193204 -0.005042302252129524 0.004291978600633326 -0.42071631596143416 0.005059568218309727 0.9999791140816157 -0.004021462869278322 -3.446086901481782 -0.004271611891366216 0.004043090351566666 0.999982703223943 200.24259944222234
0.999968219890464 0.005276773513438126 0.005976191606735005 -0.4426799546507273 -0.0052435050133087455 0.9999707458001071 -0.005568950498406004 -3.470069342545626 -0.006005403380885012 0.00553743743588675 0.9999666353987214 201.65889681183168
0.99992384073062 0.009925993980695264 0.007333987057336614 -0.4678164928391195 -0.009911539852007491 0.9999488700725553 -0.0020046548580361246 -3.4873561989330044 -0.007353510886800672 0.001931811116452107 0.9999710965705929 203.12128117419547
0.9998655163441851 0.014224212378574335 0.00816216751719158 -0.4555617488658397 -0.014232779259509745 0.999898216462613 0.0009923434629393881 -3.5496424266264475 -0.008147222127227509 -0.0011083803636247483 0.9999661965576002 204.55746378602862
0.9998935098090325 0.012283854933496381 0.007878827754408856 -0.4731028430567326 -0.012295567962247875 0.9999233700251293 0.0014398318016748944 -3.586351977155329 -0.00786053797885726 -0.0015365531691245754 0.9999679249558265 205.98849629768225
0.9999413018427115 0.008733610252616918 0.006412246738768299 -0.43992977995641536 -0.008739935837523225 0.9999613461462575 0.0009590380250179846 -3.6015320954700893 -0.006403623557285804 -0.001015024377806878 0.999978981441438 207.4483397529906
0.9999684346419182 0.006465407116126876 0.004618248872536952 -0.40342619925014594 -0.00646701933914996 0.9999790327859269 0.0003341595023378459 -3.6334133859419295 -0.004615991953712834 -0.00036401526761421766 0.9999892799955157 208.85889815273345
0.9999620396316696 0.007848076994778807 0.0037850985419764296 -0.4016681973234505 -0.007846770066543454 0.9999691487804077 -0.0003601440267034059 -3.6658248177959827 -0.003787808525996466 0.0003304295611502011 0.9999927716329993 210.35382630313254
0.9999503984656204 0.009130699071718325 0.003978809796456963 -0.4059480763624395 -0.009129191011045236 0.9999582492026634 -0.00039716915961587125 -3.700468889043177 -0.003982270447464704 0.0003608261481471462 0.9999920056289313 211.80056202905436
0.9999432402257985 0.01005629404566732 0.003519553695675889 -0.4048620323469204 -0.01005759168254184 0.999949359552423 0.0003510030105965663 -3.726420864062679 -0.0035158459718594133 -0.000386381334177447 0.9999937447465761 213.24894548162547
0.9999465906827676 0.00986657073870083 0.003076775147738044 -0.416619144314763 -0.009866669473780704 0.9999513231036796 1.6705047014859897e-05 -3.764150078648547 -0.003076460818921586 -4.7061684218604926e-05 0.999995266573859 214.68994516615936
0.9999462168609772 0.009980814593223013 0.0028189903188988816 -0.4151536920563914 -0.00997932873014853 0.999950058979697 -0.0005408949666991286 -3.8036066505466333 -0.0028242483477480466 0.00051273424935005 0.9999958803520881 216.18229056439978
0.9999612519997277 0.008423796845825744 0.0025561946108831023 -0.42252875043086824 -0.008421056962757377 0.9999639580331097 -0.001080949963682161 -3.824554728430265 -0.002565208401680956 0.0010593822351224623 0.9999961486984075 217.63271458874743
0.9999492755306735 0.009873398001341214 0.0019905672341045807 -0.4100092635372192 -0.009871560658703456 0.9999508415052858 -0.0009310668797721014 -3.85778754877123 -0.00199966234504448 0.0009113696587296567 0.9999975853735963 219.11379625817236
0.9999275328735504 0.011855800293157573 0.002090209379352429 -0.4178306533725632 -0.011852562816613042 0.999928547005854 -0.0015548845686642403 -3.9015567833606464 -0.0021084946087362904 0.001529997575468859 0.9999966066716909 220.61457455106952
0.9999646896176421 0.008210459502558502 0.0017910492423075517 -0.43503556309277613 -0.008207642701972806 0.999965076817562 -0.0015747267795752646 -3.912435632994671 -0.0018039160778637188 0.0015599709090542498 0.999997156183407 222.0737454396536
