1.0 -3.469446951953614e-18 0.0 -1.7787691892340307e-19 0.0 0.9999999999999999 -3.5575383784680614e-19 0.0 2.168404344971009e-19 -2.371692252312041e-19 1.0 0.0
0.9999999398638733 -7.08535559765227e-05 -0.00033948727388392647 0.05569069961672338 7.123806521749064e-05 0.9999993559314045 0.0011327230995349811 -0.026761272848715878 0.0003394068273799933 -0.0011327472383819146 0.9999993008434594 1.3159701006825606
0.9999991075624272 -0.0005587901877283866 0.0012135198795759842 0.11108300046058615 0.0005566348298350308 0.9999982684086526 0.0017757635472657302 -0.04833477912174309 -0.0012145101586562628 -0.0017750865086460634 0.9999976870130872 2.5650198957187875
0.999999819408184 -0.00046686921446578364 0.00037844160587086886 0.10923936915906193 0.000466140642939112 0.9999980422364426 0.001923079589384545 -0.07236865612352263 -0.00037933872209118405 -0.00192290287231219 0.9999980792713757 3.894194655296411
0.9999994264771843 -0.0007927441733646921 0.0007201418517706996 0.09466709876499674 0.0007913248099008178 0.9999977480755066 0.0019691742871717644 -0.07948476631668144 -0.0007217013408435155 -0.001968603329297632 0.999997801871277 5.22075409399879
0.999999297892811 -0.001093479020947457 0.00045663979217233294 0.09622441944893431 0.0010924174339511268 0.9999967150002234 0.002318751991067751 -0.09104150044359748 -0.0004591738356129382 -0.002318251566266353 0.999997207430499 6.552251639387038
0.9999972294495104 -0.002274577107917293 0.0006061324503950519 0.08310950506182489 0.0022726895903626594 0.9999926217626958 0.0030969821173380723 -0.11262664144218038 -0.0006131723519808476 -0.00309559604485512 0.9999950206398482 7.892763267881899
0.9999970338504829 -0.0023730260329661718 0.0005486729398434169 0.07225712849931168 0.002371274383730833 0.999992158626354 0.0031717092382271025 -0.12282458240464567 -0.0005561952303497742 -0.0031703988365940844 0.9999948195955219 9.221344612662593
0.9999973565893974 -0.0022989784208801295 -3.893298382176688e-05 0.08273911751918499 0.00229906929431975 0.9999941887870691 0.00251727404462603 -0.13997757243088177 3.314560387032489e-05 -0.0025173569479479403 0.9999968309029191 10.54079364030719
0.9999999603761773 -0.00026795317686498753 8.63093370541601e-05 0.04761011510464755 0.0002678433808066382 0.9999991578781461 0.0012698434108681634 -0.16532522164698135 -8.664952921900548e-05 -0.0012698202679194963 0.9999991900238807 11.86522665599743
0.9999998181388147 0.0006016822786657433 4.122903663480852e-05 0.05421015139569789 -0.0006017099434385597 0.999999592262625 0.0006733651533142381 -0.1768130220097367 -4.082387088701718e-05 -0.0006733898524762581 0.9999997724397518 13.199796155115614
0.9999989554418293 0.0014314514271106431 0.00020014970094751677 0.03199595225749813 -0.0014315445906581499 0.9999988669302321 0.00046564013039642686 -0.1846816133199558 -0.00019948294950951546 -0.00046592617734683874 0.9999998715595493 14.52908156987013
0.9999985482493069 0.0015126122896683527 0.0007845392781664657 0.00964023311952188 -0.0015134324704493378 0.9999983079459535 0.0010457675809821905 -0.21166179076018882 -0.0007829561752043567 -0.0010469534311623515 0.9999991454332126 15.885236373511093
0.9999991570685138 0.0004330038491570619 0.001224079637597537 0.011113345435086616 -0.0004371829896900525 0.9999940702870821 0.0034158837418214916 -0.2336599152982585 -0.0012225933889209756 -0.003416416075933954 0.9999934166611001 17.20802645306489
0.9999894405691544 -0.004472185871380728 0.001057502354162758 0.024278394321791685 0.004466229367480416 0.9999745152127518 0.005569713902626757 -0.2651837588225757 -0.001082384286407452 -0.005564932146926201 0.9999839298580007 18.57992869031754
0.999982593624455 -0.005798113293016339 0.0010928582620060004 0.025572924932111184 0.005793083321340518 0.9999728628993554 0.004551224259744004 -0.29045475639461193 -0.0011192172093695406 -0.004544814104682906 0.9999890459485028 19.91334766481795
0.9999790462912806 -0.006383901159400077 0.0010736822919764283 0.030784784908524286 0.0063810471471401255 0.9999761526511043 0.002641279649367336 -0.2859446874725439 -0.0010905184452860166 -0.002634373133585588 0.9999959354150557 21.28594809047173
0.999990761861327 -0.004084886454063866 0.0013378722379826567 -0.0012112691665417674 0.004083099030122345 0.999990771343737 0.0013362349702100314 -0.35307868209925297 -0.0013433183715056913 -0.00133075998305745 0.9999982122843658 22.636931113981564
0.9999934966559394 -0.0027805388084396563 0.002296792733057235 -0.0009500885563804087 0.0027736074133936015 0.9999916065025768 0.0030156295731420106 -0.34173907329434494 -0.002305158722162166 -0.003009239615420305 0.9999928153330381 23.990079064863718
0.9999930126139258 -0.002628862519583077 0.0026577833776474102 0.004733254640335208 0.0026100508759307646 0.9999716936803503 0.007056873724486098 -0.35411376071076434 -0.002676259916690003 -0.007049887600312122 0.9999715679538543 25.387441922986422
0.9999923702485494 -0.002953147054862328 0.0025570245922900917 -0.004679180362856521 0.0029317857689653577 0.999961108079745 0.00831786952705072 -0.38297608376609615 -0.0025814892478092507 -0.008310309574894495 0.9999621366167282 26.76891022984746
0.9999564718347452 -0.008894703851925565 0.0028175684890212075 0.008414030237967642 0.008873716893485638 0.9999334256259403 0.007375734075949673 -0.3955922925485502 -0.0028829861185040474 -0.007350410854398613 0.9999688294390099 28.12997392795569
0.9999670662673963 -0.0076297501094328285 0.002766460930647613 -0.016647824656078572 0.007614979683068389 0.9999569013501122 0.005311074925222772 -0.4311817085638351 -0.0028068641067805667 -0.005289833564057246 0.9999820694254273 29.48181162678229
0.9999649525309939 -0.0077088314552240834 0.003266135343164306 -0.016025185119576235 0.007696265361600844 0.9999629995115087 0.0038427981963805773 -0.470310136418881 -0.0032956382530379014 -0.003817526538381822 0.9999872825472772 30.89266324649266
0.9999715704269297 -0.006484085716104178 0.0038490236163792697 -0.032685958740806646 0.006476380024926622 0.9999770055310229 0.0020111943783047747 -0.4415953978384544 -0.0038619761911655205 -0.0019862094922840166 0.9999905700092537 32.26244875627238
0.9999762476757826 -0.005039132123299147 0.004702259413917347 -0.0216896081452497 0.0050366975793461385 0.9999871755643247 0.0005295070840678391 -0.4861682545897643 -0.004704867763088469 -0.0005058106507192039 0.9999888041221529 33.636576522250074
0.9999764546972769 -0.004778961285127694 0.004924590530392242 -0.030171857930355317 0.004774880208267655 0.9999882472182686 0.0008402011167385692 -0.4984332034826872 -0.004928548356869568 -0.0008166670125182396 0.9999875211524931 35.032858367211425
0.9999795693126463 -0.004527111463485304 0.004512896001800125 -0.038200901175605435 0.004517281917041892 0.9999874077333787 0.002185985442663402 -0.5342028004670054 -0.004522735754101035 -0.0021655547935117096 0.9999874275354202 36.42588686566313
0.99998284552495 -0.003996753601787686 0.004281895252005267 -0.05190793024234419 0.0039836790694485185 0.9999873903167041 0.003057695639683782 -0.5234505508125394 -0.004294062474860156 -0.0030405855434016728 0.9999861578354822 37.83464670599711
0.9999902174211087 -0.0023440785746701165 0.0037510486179308097 -0.04796057307995101 0.002330723940149706 0.9999909445250545 0.003560700723742628 -0.5437758630757105 -0.003759361527332523 -0.0035519232972453327 0.9999866254295314 39.2312011237721
0.999990390074627 0.0008745014808267722 0.004295929364005908 -0.06601509970512442 -0.0008922623040036595 0.9999910562978945 0.004134149586612829 -0.5870230213036156 -0.004292275981988972 -0.004137943032309347 0.9999822267371596 40.6216709052226
0.9999821614148738 0.004200018088276714 0.0042469632790219205 -0.07205084862208819 -0.0042182815644589335 0.9999818556394593 0.0043005231718129195 -0.6096712812791196 -0.004228824299619061 -0.004318361428356678 0.9999817342309681 42.043807213722665
0.9999830870872904 0.004104989719725977 0.004120023770873168 -0.08164659102185558 -0.004123157052674083 0.9999817725214858 0.004410692407214477 -0.616850960500353 -0.004101843169555087 -0.004427605401698223 0.9999817854286722 43.43465893724548
0.999982715227496 0.004252337703554427 0.0040604023235524525 -0.09410789837019022 -0.004270817521975936 0.9999805131994801 0.00455338841713102 -0.6450921192345296 -0.004040960992120972 -0.004570651040290951 0.9999813897165886 44.85924067221233
0.9999892312595582 0.0037834582399963908 0.0026875276896126754 -0.07732618325681707 -0.0037935011842917775 0.9999858049270683 0.003741563768131497 -0.6690245684331402 -0.0026733337128133877 -0.0037517186903422077 0.9999893888892056 46.2612486148331
0.999993986314013 0.0031350116078748764 0.0014829141488315151 -0.07825323484459726 -0.0031412339023297762 0.9999861944828324 0.004212303185416209 -0.6873154766464127 -0.0014696881780367082 -0.0042169361184648205 0.9999900286829235 47.699187817107976
0.9999937199683852 0.0035214231704205666 0.00039949556785258476 -0.079188706584986 -0.0035232668774272035 0.9999826931176172 0.004711694088811641 -0.7036652820079038 -0.00038289681385780946 -0.004713072124003419 0.9999888201083459 49.09718600723604
0.9999902110498878 0.004395215495474584 -0.0005097802877242423 -0.0886800680124372 -0.004392613780354907 0.9999778639888883 0.0049976478062158615 -0.7287831550809005 0.0005317347910029162 -0.004995359718828998 0.9999873817410901 50.52451563551779
0.9999905638886593 0.004073358402154711 -0.0015099254155073929 -0.10051408613987992 -0.0040658585918091775 0.9999795451984602 0.004937406718325174 -0.7321403697273053 0.0015300064904566362 -0.004931221086738627 0.9999866709823844 51.976149166081235
0.9999831529348061 0.00518043387988234 -0.002618575304092893 -0.10927913046727387 -0.005164523454542273 0.9999683815425832 0.006046786017601113 -0.7688402826050236 0.002649817712418927 -0.006033160578461832 0.9999782894871941 53.386479484667774
0.9999860360152368 0.004098006792686822 -0.003336780042904658 -0.1265355430606389 -0.004076137920196489 0.9999703416398767 0.006534596102944106 -0.7830315811584476 0.0033634601879583576 -0.006520903812678659 0.9999730821161591 54.839917979286554
0.9999932743765462 -3.4501474112800384e-05 -0.0036674247948114856 -0.13231046262717086 6.255700468896924e-05 0.9999707357192409 0.007650084277531265 -0.7920607464828379 0.0036670538471806676 -0.007650262402796051 0.9999640124575655 56.23216262786738
0.9999907928043016 -8.403753047944197e-05 -0.004290365523950941 -0.15510598353888028 0.0001177082868427555 0.9999691943772816 0.007848339871961122 -0.8244770457030836 0.004289574170342835 -0.00784877278045776 0.9999599973647596 57.668052312981274
0.9999934103816195 -0.0001988152350012977 -0.0036248668252118208 -0.192933147366955 0.0002283456880854736 0.9999667781618057 0.008148032165481689 -0.8533858819789151 0.0036231267603473024 -0.008148806359174112 0.9999602341675962 59.09651546934142
0.9999919468144157 -0.00020898576551917937 -0.004007820368674455 -0.16699566763037893 0.00024270659880289494 0.999964562853669 0.00841511303885889 -0.8704155696680487 0.004005920049487455 -0.008416018163817946 0.9999565606829633 60.527651091593796
0.9999905426454664 -0.0030014692434417282 -0.0031473481932901386 -0.20235931188699519 0.0030331675609273478 0.9999442373751349 0.010115435093489217 -0.8980973587974967 0.0031168117933802627 -0.010124886062472065 0.9999438845132758 61.9675326938285
0.9999806940818649 -0.005513198907176388 -0.002866374588108452 -0.20161590619358233 0.005539084269293714 0.9999432303283816 0.009102453300455551 -0.9002575104379047 0.0028160284751266016 -0.009118154837414877 0.9999544635851586 63.37983441503046
0.9999825472773016 -0.005487136248540655 -0.0021900867124242237 -0.2254523418695219 0.0055049694820093475 0.9999510514892446 0.008221309335343771 -0.9176990375778408 0.0021448682547926343 -0.008233222371445472 0.9999638061428532 64.78139747054492
0.9999829043907831 -0.005551573475137786 -0.001836017991316465 -0.22008017956725662 0.0055663556608175 0.9999513249850783 0.008146369489134301 -0.9368021426939062 0.0017907036126672917 -0.008156450309092587 0.999965132244308 66.24962506436347
0.9999916532145883 -0.0038393851151622676 -0.0013973639754762852 -0.2264525681181813 0.0038501294499449484 0.9999624080147044 0.007769108903463999 -0.9465774987395142 0.0013674829668405449 -0.007774424239978086 0.9999688436759332 67.64763439204269
0.9999983907870142 -0.0017478784089512752 -0.0004041614324824796 -0.25948661019797226 0.0017514395072421012 0.9999581001312084 0.008985011753131789 -0.9625338986907493 0.0003884398303509878 -0.008985705334717157 0.9999595522907685 69.09101806531066
0.9999988124895989 0.001505590528999642 0.000328959645299675 -0.26205774258649783 -0.001508814120866773 0.9999485697970514 0.010029019893423998 -0.9819653901033549 -0.0003138431479719544 -0.01002950452139166 0.9999496540048375 70.4407342827986
0.9999866797572124 0.004975532753582588 0.0013727251014606244 -0.2819110153708603 -0.004990137644021743 0.9999286948063536 0.010849139828665443 -1.0006071901251588 -0.0013186470714406453 -0.010855845619394188 0.9999402041060668 71.89534321187237
0.9999594787618981 0.008823804107958032 0.0017836194526523082 -0.29181518543720536 -0.008842629708309478 0.9999021738075564 0.010837468814070718 -1.0185759285976308 -0.0016878174005260597 -0.010852801772066063 0.9999396821646458 73.23957429144347
0.9999210203198187 0.01234597072411197 0.002351617020909751 -0.3020511355766843 -0.012369757874657425 0.9998695701654234 0.010384207897231995 -1.0326343842705996 -0.0022231073534140595 -0.010412476901849984 0.9999433174530361 74.65950272752872
0.999915848588882 0.012605573012052257 0.003065166047227792 -0.32050157309291083 -0.0126368924771143 0.9998658318650953 0.010422439465113094 -1.0348561197947546 -0.002933374218190737 -0.010460296789325587 0.999940987011999 76.0970227652215
0.9999020320209365 0.013539005288173936 0.0035526985045680913 -0.32184828211536864 -0.013576794085615925 0.9998491029553583 0.010837066565978517 -1.0490084302316627 -0.003405439591139868 -0.010884239358637294 0.9999349660424351 77.47169619176367
0.9999083266807052 0.012969468875176155 0.003889869451893714 -0.32683987433559114 -0.013012266161554369 0.9998527632465312 0.011186276662174907 -1.0813408767547914 -0.00374421696128057 -0.011235867424047039 0.9999298656015658 78.88280145346495
0.9999199215755165 0.012281017516737 0.0030540169106019416 -0.30710702863798633 -0.012310463471534236 0.9998760300456624 0.009817181656861167 -1.0819300794815636 -0.0029330735650322684 -0.009853992077279536 0.9999471465627754 80.25529171972285
0.9999214995615648 0.012152634444532288 0.0030509285704264657 -0.32537561341571963 -0.012182622657894694 0.9998756770451727 0.01001070349977132 -1.1102523049346666 -0.0029288930899501048 -0.01004708617163697 0.9999452373226579 81.66149454749635
0.9999152963146805 0.012685454172182609 0.0029119445454820754 -0.349021148778208 -0.012714794848650512 0.9998662305460588 0.010288587515403203 -1.116118875352421 -0.002781039838283293 -0.010324741022581288 0.9999428311358999 83.02200359105095
0.9999198405568728 0.012340266153464242 0.002833772341748037 -0.3641457353837826 -0.012366123498789187 0.9998803266983162 0.00929576775626919 -1.1221659666824773 -0.0027187211896139442 -0.00933006558258032 0.9999527781004032 84.40713007351164
0.9999209143322131 0.012416439737773038 0.0019992693148290306 -0.3695139542636423 -0.012435009677380062 0.9998769801290576 0.009560082076005973 -1.1291625671031196 -0.0018803213339099996 -0.009584187140690283 0.9999523027370001 85.79244261714788
0.9999260076631484 0.012140813662568419 0.0007614553530212018 -0.3755616957994993 -0.012148199271572287 0.999870146663405 0.010588252511806394 -1.160494206732703 -0.0006328065204060215 -0.010596719591267227 0.9999436529587608 87.1504171636558
0.999933045225795 0.01156975184863784 -0.00021419569418999382 -0.3828691976915387 -0.011566510318110203 0.9998664973995004 0.011541370811909969 -1.169910884985962 0.00034769793278616157 -0.011538120801883637 0.9999333732200563 88.5122990442007
0.9999430329669814 0.010573097405228509 -0.0014630123664650118 -0.3908428167409158 -0.01055379005795619 0.9998645476861666 0.012629481980172353 -1.1965645846870743 0.0015963470856458972 -0.012613322448688874 0.9999191746237889 89.9082320408994
0.9999492620242751 0.009740855993664999 -0.0025669193858626023 -0.38679111743414557 -0.009706668446851158 0.9998682433720354 0.013010630284374927 -1.2134806849764324 0.0026933160906963075 -0.012985054181505837 0.9999120633466775 91.28318111985077
0.9999579059454878 0.008785790250822625 -0.002645033618882838 -0.41159731352954854 -0.00875189516158612 0.9998827597137535 0.012564679562836904 -1.2284673025811046 0.0027551143960046266 -0.012541001863748302 0.9999175629153778 92.66254736800447
0.9999626491244972 0.008185878140609351 -0.0027733972717115746 -0.41449856899846604 -0.008151340484030432 0.9998918160762251 0.012243847635065794 -1.2426626186038017 0.0028733241316066917 -0.01222078366065223 0.9999211951273475 93.99315498324448
0.9999669934275979 0.007377101369356477 -0.003404468979909154 -0.4268769032739516 -0.007336808950184233 0.9999046385863765 0.01169978542085556 -1.244401421570676 0.003490455131928385 -0.011674421551146714 0.9999257595517386 95.37918826230462
0.9999690539768764 0.007143049097555595 -0.0032966524364645548 -0.4408330564842873 -0.007104974819325163 0.9999095449428436 0.011420213465967975 -1.2539121724233988 0.0033779296772977045 -0.011396437656067189 0.999929352909567 96.73505624273955
0.9999636123920081 0.00804257943829325 -0.002844430626334179 -0.46222658988835497 -0.00801183660954088 0.9999110903241044 0.010659359004668006 -1.2687703876733043 0.0029299067261813706 -0.010636182240844413 0.9999391417895612 98.08151653938741
0.9999439593656113 0.010223154246504853 -0.0027504939956855736 -0.4768919096219929 -0.010192598239858623 0.9998886097421728 0.01090316781115417 -1.276803516493097 0.002861652633747027 -0.010874522334945581 0.9999367758599115 99.41790499676284
0.9999403138270245 0.010620918679172264 -0.0025621945386432544 -0.47623059392684064 -0.010588869080552114 0.9998693389817774 0.012213960678117688 -1.2975470733149235 0.002691583479456577 -0.012186101181528075 0.9999221241305377 100.800536499675
0.9999427456039944 0.010419555403896257 -0.0024368731827688964 -0.5082066514883813 -0.01038556425804602 0.9998540044752916 0.013568706938290263 -1.3006520096510794 0.0025778975320356412 -0.013542622044140015 0.9999049714060297 102.1111982546704
0.9999481580577338 0.00988413853022624 -0.002446421017779251 -0.5029542944269638 -0.009851798237595091 0.9998683041616827 0.012896372413696379 -1.3204101665664694 0.0025735685930565943 -0.012871602457789979 0.9999138455909206 103.46691495035728
0.9999465585220525 0.01011683822886596 -0.0021282991846516483 -0.5170681770264438 -0.01009412591823423 0.9998947100310098 0.010424849795902266 -1.331168119029951 0.002233541811575163 -0.010402809571162037 0.9999433948236366 104.78456085162745
0.9999595163543533 0.008658985904271827 -0.0024469557161833195 -0.5231140140706279 -0.008635873644858235 0.9999194318303305 0.009303308567357364 -1.3441155953579293 0.0025273160077316816 -0.009281800526759537 0.9999537293596028 106.06492837837182
0.9999657546965333 0.007986594405134039 -0.0021688068502285006 -0.5326007400506585 -0.007963815098679234 0.9999150713261661 0.010316384895644007 -1.358934785852256 0.002251015636282959 -0.010298759842105596 0.9999444326969944 107.44273010922757
0.9999906432396167 0.004056933917231668 -0.0015015692626438367 -0.5442242178767662 -0.004037973214903568 0.9999146895163448 0.012422095820708303 -1.3642733750027547 0.0015518369258225642 -0.012415916542753654 0.9999217153486992 108.77813273340251
0.9999942326856754 0.00331817070137701 -0.0007241072555019938 -0.5698393891799783 -0.003307936815328501 0.9999006194862236 0.01370433163500035 -1.3913812239124717 0.0007695086809525779 -0.013701857569988814 0.9999058290470747 110.12197708057556
0.9999918180885656 0.00404517639453757 -1.721023140257216e-05 -0.5749986241604155 -0.004044614217094688 0.9999078995349613 0.012955058699995383 -1.4013560872096669 6.961416006916557e-05 -0.012954883352595882 0.9999160795568574 111.43694169895846
0.9999834217014748 0.005668174275456616 0.0010139589496414069 -0.5681019859486515 -0.00567816035888447 0.9999325431272322 0.010132506989565799 -1.4123701218169116 -0.0009564578086663968 -0.010138096634733864 0.9999481507493663 112.77116501578163
0.9999599202186928 0.008729441253600742 0.001988666686331831 -0.5779018642128171 -0.008746256991985654 0.9999246840185264 0.008609837137318952 -1.4332201978787167 -0.00191335799571914 -0.008626885622000882 0.9999609571906447 114.12310394585387
0.9999320694727344 0.011197594285909603 0.0032357842789495724 -0.6035481226213804 -0.011223092715025137 0.9999052383852794 0.007972230776051614 -1.4379221967689588 -0.003146208105120207 -0.008008004889031374 0.9999629859302694 115.41693119284963
0.9999232545376338 0.011388466233849173 0.004877278977002908 -0.6055534110435867 -0.011437422691429912 0.9998832765629717 0.010130085655798692 -1.4568932847545089 -0.004761343940646076 -0.010185091924527705 0.9999367947547161 116.79494686734955
0.9999115331168847 0.012141699443632333 0.005431855204654347 -0.61466140069808 -0.012207005200141095 0.9998516056442519 0.012155481865946383 -1.4537079958161645 -0.00528346137796676 -0.012220713438948587 0.9999113656708126 118.0813192010934
0.9999044217381743 0.012211850352030172 0.00648213516164408 -0.6101836180059269 -0.012294344637817617 0.9998419436671353 0.012842772225059536 -1.4685338078651937 -0.006324277131387581 -0.01292123859775891 0.999896517200888 119.45081209442512
0.9998980049644856 0.012151848369274715 0.007504147295060356 -0.6121672998455445 -0.012244208521291561 0.9998483093565502 0.012386995569745051 -1.48443759860053 -0.0073524847062336855 -0.012477614751199883 0.9998951195483863 120.76911172899543
0.9998649077980933 0.013858838569518809 0.00883734798058967 -0.6089587879627758 -0.013966226469060698 0.9998279419766712 0.012207825008055683 -1.4872302780675828 -0.008666641891187455 -0.01232960047595132 0.9998864286847777 122.099602785227
0.9998360767449553 0.015051519756884802 0.010063367225724141 -0.6074589472032569 -0.015170260893698544 0.9998149529611081 0.011828907589503581 -1.4894224753331695 -0.009883462819606888 -0.011979632702350484 0.9998793955074717 123.45352750795925
0.9997869157216102 0.01733465411635074 0.011208607289712617 -0.6102316113778335 -0.017458125512307042 0.9997869380402502 0.011013283873652675 -1.5050407829649761 -0.011015308618115557 -0.011206618614079818 0.9998765297137759 124.79175135042942
0.9997759812065504 0.017147460987028216 0.012407737230420006 -0.5981291608443741 -0.017275066514468057 0.9997982219382616 0.010251220889795363 -1.5114514085819761 -0.012229452237040701 -0.010463269119018266 0.999870471858532 126.12000080677612
0.9997599656417112 0.017406511234647894 0.013305052579512144 -0.5926063445481086 -0.01753869018316026 0.9997973385356371 0.00988312949731296 -1.5302189855628687 -0.013130326455938045 -0.010114110603720378 0.999862640211889 127.46488169929273
0.9997549942473046 0.01694874149419108 0.014236979938754175 -0.591335424492037 -0.017097247916109372 0.9998000036508774 0.010374818377578431 -1.5327353907737378 -0.014058293660499209 -0.010615689873752717 0.999844823713385 128.78343699823168
0.999736028249291 0.01732176925114233 0.015094041424816301 -0.5774021861495082 -0.017489372254282886 0.999786058640837 0.011043498071668819 -1.5608058812778216 -0.014899520510798726 -0.011304568433397664 0.9998250902136855 130.15077315414007
0.9997655089713826 0.01518010453231114 0.015443168761743113 -0.5615766502544575 -0.015356096646630197 0.9998177578635146 0.011342018889381278 -1.5523761861999013 -0.015268182615187354 -0.011576506307106828 0.9998164166993825 131.46174206340672
0.9997687400383731 0.015023022913313408 0.015387501066677255 -0.5545835088473404 -0.015205385196758361 0.9998147181189541 0.01180363201912718 -1.5841559041831141 -0.015207325083592873 -0.012034875428903155 0.9998119318340111 132.80932802917764
0.9997793663318789 0.01440227773173986 0.015290291688181037 -0.545402882721733 -0.01459443253016083 0.9998149744837611 0.012530736995132217 -1.588901229910985 -0.015106992706932984 -0.012751125673126676 0.9998045746875701 134.13224903963447
0.9998074442636048 0.013183021601001578 0.014535553247305882 -0.5142532462903673 -0.013369885488914093 0.9998282494959347 0.01283423936210902 -1.6082985516204575 -0.014363863908126967 -0.013026106993275013 0.999811982299909 135.46820871336166
0.9998163617222212 0.013569938628731435 0.013531428947342116 -0.5106185346379584 -0.013733879244389843 0.9998325068114122 0.012097062201444476 -1.6134382981136195 -0.013365007253870083 -0.012280679970503656 0.9998352671713295 136.80155456633963
0.9998451183184814 0.012233000798511988 0.012652787929285952 -0.5059414978225303 -0.012407196566011424 0.9998280484700609 0.013781690397738786 -1.6471870124612573 -0.012482021877746679 -0.013936541767194678 0.9998249706488126 138.13122435060168
0.9998639091875036 0.011932363019510473 0.011392181304139146 -0.48497616235835783 -0.012089204894653847 0.9998317011385598 0.01379929515076941 -1.6572221952205854 -0.011225606751993002 -0.013935139882120777 0.9998398859959694 139.47243488854215
0.9998894606350791 0.010698851653052444 0.0103247792302346 -0.4873845196324971 -0.010842025788338415 0.9998444399907191 0.01391209243014753 -1.6611374443892517 -0.010174330543552323 -0.014022496395248881 0.9998499150330233 140.8476980883254
0.9998920152290246 0.011662205886328141 0.00894152191929784 -0.48686312443402 -0.011782308368705197 0.9998394642088579 0.013499001539316432 -1.6610038186027316 -0.008782659081740418 -0.013602895891157193 0.9998689044675757 142.17142678593564
0.9998982738984642 0.01180226870704271 0.008009262565028995 -0.48211466496372724 -0.011907036045643648 0.9998424855939574 0.013161554506797095 -1.674180875587254 -0.007852665441545314 -0.013255582475138703 0.9998813055443034 143.50946649056644
0.9999304533538472 0.009199524794711682 0.007379511186614656 -0.45690611865420816 -0.009280613963054601 0.9998960947658447 0.011030407658837402 -1.6797174403098396 -0.0072772705146212455 -0.011098127145400325 0.9999119325744893 144.86361829017005
0.9999626266315138 0.006214676383515453 0.006010252172760049 -0.4654012137322098 -0.0062746634253789775 0.9999301727265746 0.010013904295440728 -1.709960260031088 -0.005947599813594663 -0.010051242549615641 0.9999317969625733 146.17333595184004
0.9999853136385296 -0.0015280482124706129 0.0051997676799415285 -0.4636101281474331 0.001459704948617968 0.999912836721498 0.013122050665020365 -1.727031699070146 -0.0052193660075787116 -0.013114268076286198 0.9999003821334718 147.58412303367416
0.9999580636234418 -0.008392418439620424 0.00366583152462731 -0.45644602891463315 0.008338024782117332 0.9998585081165827 0.014609622669917744 -1.740280995627308 -0.0037879232136497666 -0.014578444479010369 0.9998865538628774 148.89972118810553
0.9999521974997831 -0.00937549543539812 0.0027753943610639093 -0.42138499706347193 0.009342488521622548 0.999888186887664 0.011676113098046411 -1.7622468180271427 -0.002884553614311917 -0.011649626080773356 0.9999279801881257 150.20990641947003
0.9999437676918551 -0.010351644934371716 0.0023032399688690053 -0.4597026592836644 0.010331831803956986 0.9999108849809683 0.008454308714385664 -1.7600355105446743 -0.002390550912021511 -0.00843003677741595 0.9999616091358697 151.60953086856603
0.9999778737596982 -0.005664544541492135 0.003487827063590377 -0.45563300354140235 0.005643611789374546 0.9999661782641053 0.005982638654275127 -1.7872130513436357 -0.003521598314728671 -0.00596282244936231 0.9999760212579476 152.92693678790658
0.9999659882876477 -0.006959735898944193 0.004425421724288118 -0.46358490362553884 0.0069318183735195445 0.9999561737066315 0.006292896812896078 -1.7916231988469573 -0.004469025046415595 -0.00626200667553841 0.9999704071041042 154.29444272749922
0.999920093344885 -0.011637752897817384 0.004936562398624011 -0.4630336061556328 0.011591050974651218 0.9998887693944479 0.009385966288312682 -1.7943500046317982 -0.005045245276141716 -0.009327996511578942 0.9999437654080894 155.61894523238786
0.9998574150059539 -0.01613765435217506 0.004972502844704978 -0.4629147632076944 0.016070267638093078 0.9997823189537363 0.013306434201369325 -1.8176122351922581 -0.005186155487277701 -0.013224627696067182 0.999899101416246 156.9709137135519
0.9998122424299111 -0.01871966116263896 0.0050054157210540195 -0.44823731775701503 0.018648725554190553 0.9997300015486204 0.013861782920285266 -1.820863683817485 -0.005263552578228897 -0.013765835894255533 0.9998913924902783 158.2894889105405
0.9997932071001467 -0.01974370442594236 0.004871261056009811 -0.44102670222983287 0.019674118753673794 0.9997092339824103 0.013941898340820958 -1.8287378942477235 -0.00514510980094411 -0.013843177740290681 0.9998909411906268 159.63059396587664
0.9998069751330121 -0.018739137123807648 0.00590400110751531 -0.4393612673429615 0.01865748166064065 0.9997335034368227 0.013594869294265906 -1.8275825244330826 -0.006157184339433205 -0.01348209160042092 0.9998901551101167 161.01716854819588
0.9998148987967278 -0.017778002982602743 0.007356002256277807 -0.4453751153873854 0.017681948871167107 0.9997601394640306 0.012923320385283429 -1.8265944137117724 -0.007583989299236739 -0.012790860039667307 0.9998894323893008 162.35019117224113
0.9998321842139812 -0.016296393213711277 0.008368452326748353 -0.4597433537730862 0.016194782013642998 0.999796003602399 0.012069805410328888 -1.8363847948120617 -0.008563440200429673 -0.011932254860965058 0.9998921385745587 163.6938290272642
0.9998334240467855 -0.015965336220012255 0.008844897663310586 -0.4608796100336155 0.01586043050482975 0.9998045071056064 0.011806536408015565 -1.8394487396174153 -0.009031664624654377 -0.011664286048579662 0.9998911808103099 165.04340663287195
0.9998179558057726 -0.01676890922674787 0.009102689038455868 -0.4604183438695915 0.016653655129839375 0.9997820105293697 0.01259314015786888 -1.8336462749849916 -0.009311878747912308 -0.01243925483057893 0.999879269637618 166.38706604192154
0.9998252916756943 -0.016531878358911352 0.008722564971059516 -0.44209702329878753 0.01642507047511815 0.9997909363072791 0.012177878476784964 -1.8304690817350906 -0.008922065348101886 -0.012032482372914061 0.9998878017633984 167.71244220633332
0.9998516627025144 -0.015001578971680992 0.008461987717060866 -0.44202308111635774 0.01491250987036649 0.9998337475522903 0.010492582699483955 -1.8402974096340683 -0.008617986917677014 -0.010364836968562859 0.9999091460990621 169.09765592877662
0.9998946086937338 -0.012387230504613976 0.007571528419416333 -0.4421002930215816 0.012319173261623368 0.999883880166922 0.008970180580593692 -1.8756424350987586 -0.007681765550407939 -0.008875960390300882 0.9999311015270222 170.50574969158484
0.999953955214221 -0.005926190120207203 0.007547697411272935 -0.4440659317460588 0.005877546786553705 0.999961920087843 0.0064507991013144726 -1.8704910038154425 -0.007585639292960049 -0.006406140246538072 0.9999507085044251 171.87504854602344
0.9999584543852302 -0.00503548719428807 0.0075982488462758525 -0.4467442859214611 0.004980121745349042 0.9999610405169673 0.007288060589207177 -1.8711300271172824 -0.007634652397161001 -0.007249917730767663 0.9999445738493875 173.2346525177345
0.9999609541498217 0.0006372979231478448 0.008813854605195598 -0.45647691633313103 -0.0007260085804230779 0.9999490793079541 0.010065371357488258 -1.9151495480520968 -0.008806991893511206 -0.01007137747239782 0.9999104981176475 174.5811265398475
0.9999570280108847 0.0028430496147402685 0.00882378616602477 -0.45277575825963745 -0.0029530090096950767 0.9999178389931931 0.012473772546183615 -1.9249712188683552 -0.008787598373344904 -0.012499293484793133 0.9998832660740304 175.99617482295187
0.9999709808773773 -0.0001866910648727054 0.0076159409558715 -0.43861662561610876 8.291447123702327e-05 0.9999071817982318 0.01362427641662482 -1.9268509970025323 -0.0076177782213424266 -0.013623249842524682 0.9998781808386803 177.45579204444428
0.9999791104931207 -0.0017638580730268867 0.006218310945083064 -0.4410200754010918 0.0016825049165693426 0.9999132480596532 0.013063901574588754 -1.918033906815814 -0.0062408148795278645 -0.013053166588231885 0.9998953280570843 178.8595485656076
0.9999826595721208 -0.0040837831899455685 0.004243027276462912 -0.4340099363220141 0.00404500162164206 0.9999503320695297 0.009108860937895435 -1.9239148151697798 -0.004280015501306455 -0.009091540106716572 0.9999495114072435 180.19758101857974
0.9999937647715139 -0.002544195073628899 0.0024489786618959743 -0.4575736022111304 0.0025284591331736304 0.9999762759593627 0.006407371341333711 -1.9650430296832206 -0.0024652223677928036 -0.006401139369654863 0.9999764737691746 181.6119897039462
0.9999968165621155 0.001838038952525052 0.0017287213851274411 -0.47686725298916927 -0.001846676325838602 0.9999857543966468 0.0050080727189029985 -1.9715976168623452 -0.0017194918670798433 -0.005011249263648271 0.999985965265169 183.0062248481591
0.9999846070213977 0.005324551945740496 0.0015604033188928884 -0.4979861963253249 -0.005334432757759388 0.9999653056322798 0.006397762710205056 -1.9830959580650602 -0.0015262840859348271 -0.006405988225255151 0.9999783166505486 184.33345811311784
0.9999646531075118 0.008141284934309823 0.0021004762527853374 -0.4882304588643813 -0.008159975631075792 0.999925767253276 0.009048469223716413 -1.9926686206354296 -0.002026654326942828 -0.009065289406743315 0.9999568556694182 185.78114559428317
0.9999512612649415 0.009548803816424188 0.0025090679914567602 -0.5019928806748112 -0.009576408285088591 0.9998910824276627 0.011230124814683195 -2.0022001077028952 -0.002401560645626627 -0.011253605559269957 0.9999337922428484 187.16430945611066
0.9999681273302978 0.007503635501566104 0.002727593349761192 -0.5076025357861066 -0.007535067973307427 0.9999031367511879 0.01170213131438801 -2.005711736983055 -0.00263952083229471 -0.011722311172156694 0.9999278075698004 188.61391716251632
0.9999740281123153 0.0068082567133301635 0.0023644725454007305 -0.509456553007821 -0.006836788667862563 0.9999012750562196 0.012275930557578894 -2.0144369961233464 -0.0022806616095840757 -0.012291777373217301 0.9999218523430569 190.00584000062852
0.9999919487965842 0.003326218992714047 0.002244683964942613 -0.5234150358725166 -0.0033548097050080158 0.9999117336270412 0.012855746105799362 -2.0202884739505014 -0.002201724983849597 -0.012863173343406035 0.9999148419643666 191.4074724931511
0.9999945477432907 0.0017532600464977826 0.0027983143981081537 -0.5186615956425062 -0.0017892392503929006 0.999915098759991 0.01290712565830878 -2.025952019987685 -0.0027754474942378003 -0.012912062392877788 0.9999127839653528 192.83250929974963
0.9999961696196116 -0.000247425888472666 0.002756724598608774 -0.5116915310300615 0.00020983741868593406 0.9999071239747479 0.013627156231969752 -2.0364685646347342 -0.002759840498420346 -0.013626525836942068 0.9999033458669372 194.1861965979189
0.9999925602259184 -0.0017636875558205874 0.003430583907498148 -0.520875338660217 0.0017147793547362157 0.9998975961255747 0.014207631245261615 -2.040469684730903 -0.003455290705242879 -0.014201643124982252 0.9998931814450108 195.64522057792516
0.9999821584646509 -0.004603561504744197 0.003806571236061874 -0.5046107375143292 0.004546652895771988 0.999879750693088 0.014826061145235487 -2.0532957068578472 -0.003874366497997786 -0.014808489752600636 0.9998828420955386 197.06489395169282
0.9999898548147295 -0.0020307830463304165 0.004020720789158386 -0.5232312610198331 0.001982403528448546 0.999926029615612 0.01200022358183876 -2.075468916746129 -0.004044793557476815 -0.011992131377781556 0.9999199110077068 198.48692387110003
0.9999858507733856 0.0033820588493630767 0.004106084458782961 -0.5299177213514532 -0.0034076447348037053 0.9999747233827025 0.00624023699101908 -2.0733746399219686 -0.004084876162476085 -0.006254140896110211 0.9999720993633363 199.91278409728923
0.9998936024108726 0.013431686612294401 0.005689782506750704 -0.5367554753397399 -0.013463074112756237 0.9998941629031466 0.005514404759004182 -2.0798392541240496 -0.005615113030936959 -0.005590420119110416 0.9999686083592467 201.39088056577393
0.9998123803512653 0.01818114610356153 0.00668206391275771 -0.5620264871882611 -0.018243663206157917 0.9997892218917003 0.009417037218688813 -2.0944539446001573 -0.006509443493909908 -0.009537175917626544 0.9999333324864762 202.80469469149412
0.9997951421836784 0.018699482258740893 0.007746159232565671 -0.5413987144634593 -0.018788149788066186 0.9997569290388266 0.011536390914244994 -2.0993869215466114 -0.007528552456869677 -0.011679563832737523 0.9999034496810016 204.23628289401745
0.9998133496383874 0.01781915945767793 0.00746615016061425 -0.5583299312458534 -0.01790738295687593 0.9997685815278611 0.011920950909361332 -2.1052438008377163 -0.007252001634597246 -0.012052425315001856 0.9999010688633191 205.7111064592634
0.9998592756941708 0.015550213002653161 0.006294414127032397 -0.5472249836324014 -0.01562853150580116 0.9997985933322375 0.012590544467270884 -2.132030176094885 -0.006097361247747577 -0.01268714537814498 0.9999009243552758 207.14422246069293
0.9998800689880362 0.014589916955681423 0.005194413521540743 -0.54000600454931 -0.014651268429569113 0.9998209477388788 0.011975509549582724 -2.1352077126251654 -0.00501876217550694 -0.012050178306038857 0.9999147989843203 208.5833958165052
0.9998803082408096 0.014748126796562164 0.004675672728466229 -0.5498010735259834 -0.01479989416188901 0.9998273291250717 0.011237219470893357 -2.132587443277173 -0.004509137811191287 -0.011305074160290772 0.9999259287433282 210.04284733286468
0.9998617373194366 0.01604468014493174 0.004367430122999262 -0.5538755083869824 -0.01609338058837235 0.9998060295117672 0.011353699474991374 -2.1514081397509384 -0.00418441683926763 -0.01142241663124868 0.9999260067890657 211.55574980377745
0.9998340019604159 0.017735500981209386 0.004173785383834649 -0.5554133212521284 -0.017784724607391424 0.9997690135510104 0.012067442085357177 -2.1549202860990673 -0.003958799490832645 -0.012139668786885414 0.9999184748508579 212.99588063252352
0.9998474409751783 0.01705071397836107 0.0037904994672745716 -0.5766705753721373 -0.01709463780527498 0.9997833668401864 0.011874038490153678 -2.1718583891105196 -0.0035872177798662403 -0.01193702445933376 0.9999223166404495 214.41389572637698
0.9998271723868557 0.018226284045993406 0.0036644071910079444 -0.5786315438316112 -0.018266721709554266 0.9997690410998439 0.011322163364630777 -2.183953682666376 -0.003457200182105004 -0.011387143524137475 0.9999291878573242 215.89278709313385
0.9998338259708568 0.017952023790430007 0.0031694226930222115 -0.5722415457578471 -0.017985401302389813 0.9997795228005223 0.010836566564204038 -2.191070371775301 -0.002974185850431448 -0.010891769373314117 0.9999362597577888 217.4050847567685
0.9998172346907355 0.018939641856234538 0.002605212289674339 -0.5768076561324929 -0.018967102719587473 0.9997601042361017 0.010953677111086422 -2.212821669625092 -0.0023971287836033273 -0.011001088717395123 0.9999366129016731 218.84693326034352
0.9998179346040262 0.018905408404858298 0.002585174394066637 -0.5852385170323187 -0.018930902223565457 0.9997685555286207 0.010220389792315276 -2.2054238804906108 -0.0023913556215803735 -0.010267468911593663 0.9999444287062592 220.33919284968297
0.9998315755540367 0.018189738554869044 0.002440059143970769 -0.5914644974066829 -0.018214007894626284 0.9997808252081187 0.010322379083292296 -2.2181546748873107 -0.002251763150728163 -0.010365084015222554 0.9999437457159932 221.8324018520038
0.9997909035407448 0.020351267470495336 0.0019937533155565904 -0.5928408299999891 -0.02037040040523945 0.9997415050973568 0.01009801115793334 -2.233372287124764 -0.001787730758577568 -0.010136513466828935 0.9999470261540705 223.32295487897917
