1.0 -3.469446951953614e-18 0.0 -1.7787691892340307e-19 0.0 0.9999999999999999 -3.5575383784680614e-19 0.0 2.168404344971009e-19 -2.371692252312041e-19 1.0 0.0
0.9999999398638733 -7.08535559765227e-05 -0.00033948727388392647 0.05569069961672338 7.123806521749064e-05 0.9999993559314045 0.0011327230995349811 -0.026761272848715878 0.0003394068273799933 -0.0011327472383819146 0.9999993008434594 1.3159701006825606
0.9999991075624272 -0.0005587901877283866 0.0012135198795759842 0.11108300046058615 0.0005566348298350308 0.9999982684086526 0.0017757635472657302 -0.04833477912174309 -0.0012145101586562628 -0.0017750865086460634 0.9999976870130872 2.5650198957187875
0.999999846241035 -0.0004356055530220504 0.00034317185302445746 0.10387501150895424 0.0004349427724391758 0.9999980446263366 0.0019291364024788889 -0.07257965822331658 -0.00034401155199870605 -0.001928986883145846 0.9999980803308939 3.8956168531461928
0.9999994277472937 -0.000806169483708253 0.0007032767264632746 0.08403857198045485 0.0008047571917796977 0.9999976637348716 0.0020062126121196742 -0.07994383856522247 -0.0007048924886920147 -0.002005645535395336 0.999997740253385 5.219698274077885
0.9999992648435065 -0.0011174969086576742 0.00047065438004349216 0.08591366736960242 0.001116371033358033 0.9999965307991036 0.002385812923665437 -0.09186531568072515 -0.0004733189238002424 -0.002385285790575344 0.9999970431859388 6.5507610731236445
0.9999972436245835 -0.0022719440405537666 0.0005924675118129533 0.07598447390752716 0.002270082330068951 0.9999925420394116 0.0031245140111494417 -0.11314728259091444 -0.0005995618621756037 -0.0031231605081152667 0.9999949431840829 7.892327005764794
0.9999969431297735 -0.0024246765774559257 0.0004844366733899241 0.06973710761883604 0.0024231462545151426 0.9999921490993363 0.0031352986701104197 -0.119557824513398 -0.0004920349942428303 -0.0031341152845142375 0.9999949675987521 9.22291483341978
0.999996482416842 -0.002652311821463804 -1.9994361343851283e-05 0.0722994789860224 0.0026523573604778153 0.9999926117830087 0.0027823327354678015 -0.11858802981252356 1.2614603124717688e-05 -0.002782376033391939 0.9999961291050223 10.539565671433822
0.9999988586709623 -0.0015093606047335943 -6.700405378366574e-05 0.04926446936865192 0.0015094951583139813 0.9999967509723003 0.002054134013387129 -0.1262079473506324 6.390341430218601e-05 -0.0020542328506237433 0.9999978880198738 11.87000171366249
0.999999942742278 -0.0002821580547535986 0.00018682347295060232 0.04266090579820471 0.000281804164832266 0.9999981710698698 0.0018916771789203358 -0.15148972784493517 -0.00018735689749270414 -0.0018916244598891554 0.9999981933255364 13.192222051698671
0.9999999273512346 0.00025438961192707134 0.00028387226086808376 0.02873383705175488 -0.0002549233759481075 0.9999981969313956 0.0018817938580529385 -0.15754027377660065 -0.00028339306265381015 -0.0018818661240730266 0.9999981891324398 14.52834338748899
0.9999997592643481 0.00011126014670436411 0.0006849038271975211 0.0139003960184509 -0.00011277352331535637 0.999997551656635 0.0022099689267099276 -0.17810861778031045 -0.0006846563249207893 -0.0022100456767965224 0.9999973234680215 15.888710948274154
0.9999991799119696 -0.0007991360693470981 0.0010007795152921016 0.012220549590224707 0.0007943258896686116 0.9999881755046685 0.0047976968304924185 -0.19642176833217007 -0.0010046017751147776 -0.0047968980439955155 0.9999879901999172 17.21429716677008
0.9999815110193409 -0.005993848747127231 0.001025380700758689 0.013548039046778898 0.005986969403743735 0.9999603905193796 0.006585862174636151 -0.2323452801512633 -0.0010648148319356032 -0.0065796016101022994 0.9999777872594081 18.57063748563554
0.9999728374504834 -0.007272958220575991 0.0011951778404 0.007267203411369327 0.0072657475155371385 0.9999560149293801 0.005931029401478008 -0.2543574767541944 -0.001238261498786561 -0.005922184549323522 0.9999816970516696 19.90780820057865
0.9999692151548856 -0.007807541865131447 0.000781692042427557 0.008340787988656624 0.007804289275466917 0.9999612160947104 0.004081588625421917 -0.24737166264954466 -0.0008135289643159578 -0.004075362497211145 0.9999913647581281 21.31238319208019
0.9999830103403257 -0.00567746527433958 0.0013211463911238944 -0.0020439481050775685 0.0056736237578318745 0.9999797177609939 0.0028937955039187724 -0.302757789203903 -0.0013375491290941641 -0.0028862507032184985 0.9999949402461276 22.64412066004062
0.9999865531176578 -0.004743826170184659 0.0020951625793274647 -0.015763704159085477 0.004735367936004518 0.9999806922569607 0.0040238534656322385 -0.29602196123902247 -0.0021142107629212297 -0.0040138780654094975 0.9999897093939079 24.00172347449379
0.9999854509995687 -0.004557746420096943 0.0028852636875862543 -0.01595585693693903 0.004532957252751258 0.9999532527316926 0.008540763506529684 -0.2999639745589902 -0.0029240556835679497 -0.008527560632205453 0.9999593644777839 25.375926048597155
0.999982545537837 -0.005022087862132225 0.0031124369328294037 -0.01408586787764858 0.004991000331759525 0.9999383714108605 0.00991681834933718 -0.32752408159041185 -0.003162048509647938 -0.009901111271571733 0.9999459832631126 26.75523157899145
0.9999387154675081 -0.010650476178746635 0.003022032461374724 -0.009938113270245949 0.010623869418159054 0.9999058213881084 0.0086880228051479 -0.3470709184022108 -0.0031142796858852563 -0.008655384845394376 0.9999576918919467 28.126446064299454
0.9999471381031901 -0.009847263123329644 0.0029584492146586773 -0.023005805718703948 0.009826874037187967 0.9999283941815676 0.006829278487135554 -0.36221889524490053 -0.0030254873241482598 -0.006799845294767152 0.9999723038806405 29.47443354029889
0.9999456818002279 -0.00983012226760087 0.0034644132710108123 -0.016762899599763355 0.009812236254474577 0.9999386344890833 0.0051426904364708865 -0.4037097946100195 -0.0035147542434736815 -0.005108417543587709 0.9999807751000247 30.88778192827553
0.999955234798627 -0.008493530095871312 0.004169935179504411 -0.038066121298895424 0.008478566828143772 0.9999576006493374 0.003593159936219983 -0.37746819049669655 -0.004200277340484817 -0.003557644073804337 0.9999848503025794 32.25516221285464
0.9999618182310286 -0.0074211074787066175 0.004614028355344203 -0.03433727574987515 0.007413168385183463 0.9999710161063555 0.0017354748449791657 -0.42160036101413884 -0.0046267741572828085 -0.0017012040364318924 0.9999878493565422 33.63908449144015
0.99996199768873 -0.0071727610520746585 0.0049552690250763394 -0.04580964677208038 0.007161844704640846 0.9999718953484122 0.0022173148235305785 -0.4268006964785874 -0.004971034446188629 -0.0021817417266806216 0.9999852642986401 35.03336267059748
0.999965261324969 -0.006998509460439858 0.004527363696340891 -0.05035016286278079 0.006982866545949972 0.9999696268712426 0.003461921564314755 -0.4668270555640209 -0.004551454858316897 -0.0034301873837967642 0.9999837589024314 36.42161908455706
0.9999690036498576 -0.006605026287019096 0.004285484826080416 -0.06352743662795322 0.006586656978603332 0.999969120244595 0.0042865485288624055 -0.45166855458873056 -0.0043136656176906134 -0.004258188718327879 0.9999816298880932 37.82928357249984
0.9999781399344554 -0.0055484769696985 0.003596396529142851 -0.05243520886750939 0.0055320429119507745 0.9999742844993686 0.0045636425350311025 -0.45105447360792544 -0.0036216256134907537 -0.004543647435937624 0.9999831194037481 39.232226418703554
0.9999876400031937 -0.0022227911892553735 0.004447364231637463 -0.0766269860219446 0.0021991815074292355 0.9999835017147859 0.005306589715834299 -0.504072854677946 -0.004459086670997985 -0.005296743664293243 0.9999760302370742 40.617204460655365
0.9999902948721773 0.0011893235242344943 0.004242130827510765 -0.08014676828014541 -0.00121175841759282 0.9999852740371346 0.005289929224985572 -0.5177392471898594 -0.004235777274521267 -0.005295018425110956 0.999977010219245 42.044172979246355
0.9999918903844264 0.0006787067651377468 0.003969701011385104 -0.08563284910496223 -0.000699983369449147 0.9999853857740896 0.005360807905708062 -0.5177766507431459 -0.003966004911538265 -0.005363543259311595 0.9999777513551292 43.4402779097124
0.9999932338951559 0.0007993052296409783 0.0035907211147034887 -0.09277801114619542 -0.000818577172106252 0.9999852524336662 0.005368877598312438 -0.539751917880237 -0.003586377087136451 -0.005371780657828477 0.9999791407168509 44.8705912346519
0.9999964732700283 0.000615756632369513 0.0025834654323046635 -0.08357463256629846 -0.000627789282701025 0.9999889482264819 0.004659324575113718 -0.5670686479783803 -0.002580568084756761 -0.0046609301050811475 0.9999858080975774 46.28103150201203
0.9999989109048719 2.0915143470015204e-05 0.0014757214059886458 -0.08347043287182816 -2.849790576201633e-05 0.9999867973635527 0.005138510025857458 -0.5884771708581771 -0.0014755945704311246 -0.0051385465845947415 0.9999857088772761 47.70212511237
0.9999998858507599 0.00033841488571629066 0.00033730369232932815 -0.08129572387971452 -0.0003403064215829338 0.9999841297156039 0.005623567163390751 -0.6069958480534354 -0.00033539526418724635 -0.00562368141890413 0.9999841307331788 49.10302523919115
0.9999993866871372 0.0009935606639234354 -0.0004893466116738263 -0.09785843453566039 -0.0009907246274072287 0.9999829075136019 0.005762217072449973 -0.6272033703865737 0.0004950634061898921 -0.005761728845393636 0.9999832785577729 50.529184513530424
0.9999983555875209 0.0008982266956296106 -0.0015754386440819074 -0.109989746261752 -0.0008890909912612523 0.9999828424945582 0.005790011550976353 -0.6345421001502665 0.0015806124946402306 -0.005788601437568348 0.9999819967187548 51.9801173906234
0.999995165568822 0.0018194957866933172 -0.002521560329027178 -0.12705562491776382 -0.001802285986087772 0.9999751830836549 0.006810652195335136 -0.6597361305869165 0.0025338899241837366 -0.006806074834461749 0.999973628029001 53.392709772200945
0.9999936970601162 0.0010161877724624768 -0.003401939820775698 -0.1365831150384275 -0.0009906546682067153 0.9999713931786463 0.007498761713008651 -0.6810203831471927 0.003409462946190634 -0.007495344452482432 0.9999660971164579 54.847308990510854
0.9999889978291229 -0.002887348643908187 -0.0036969495339603297 -0.1494858681355247 0.0029185066416059554 0.9999600348536639 0.008450503401168576 -0.6886457564354013 0.0036724025527012697 -0.008461200166599382 0.9999574598754685 56.23503778008107
0.9999866137470727 -0.002756785342190763 -0.004378636421036041 -0.1609842549260455 0.00279415981567583 0.9999595225309379 0.008552541377922825 -0.7230794024956899 0.0043548820393622435 -0.008564661671614864 0.9999538397265186 57.67495904890638
0.9999882704169145 -0.002910522768200814 -0.00387141870578839 -0.19417680775279839 0.002945950958119146 0.999953549464953 0.009177160688578129 -0.7482343398267389 0.0038445288737272015 -0.00918845823595588 0.9999503946911984 59.11091198413457
0.9999889962675885 -0.0029031132643713986 -0.0036850067167181343 -0.19362104797775984 0.0029376289496326324 0.9999515428179756 0.009395868502461342 -0.7637296006021455 0.0036575511981120053 -0.009406590481403002 0.9999490678952353 60.52315797933378
0.9999770615206832 -0.005921579013203785 -0.003288059589524837 -0.20497042550046435 0.005957054597364278 0.9999229989846646 0.010886211045902407 -0.7854698812445798 0.003223343128378405 -0.010905548696304071 0.9999353374475757 61.97454466542121
0.9999656027237214 -0.007737812629254522 -0.002986574707329012 -0.20972247118718076 0.007767485798943324 0.9999192780358029 0.01005502684030762 -0.7938692408029059 0.0029085299659838424 -0.010077879346473606 0.999944986891726 63.38828317787917
0.9999605435019265 -0.008541989429269465 -0.002438413594234843 -0.22619371167898805 0.008563328748456464 0.9999239129765913 0.008879056622585674 -0.8004571811142032 0.0023623834622491517 -0.008899587394129571 0.9999576073491704 64.79046852761768
0.9999543118135937 -0.009380512100724598 -0.0018385550281642305 -0.23317838555920617 0.00939595636313362 0.9999190516673798 0.008579400012441086 -0.8074847324009676 0.0017579271907609297 -0.008596283181710917 0.9999615060656319 66.24640761989738
0.9999700364870918 -0.007631662005516864 -0.00129763999370639 -0.23710798653646883 0.0076423269523764395 0.9999353284557454 0.00842221667753447 -0.8249127938331186 0.0012332806738988272 -0.008431881468786486 0.9999636905399364 67.61748978850363
0.9999869176431655 -0.005092298586292652 -0.00048274576834907656 -0.26381808165805376 0.005096731615780859 0.9999402085637901 0.009674844420103799 -0.8455384688233093 0.00043344975254630417 -0.009677178463145059 0.9999530810703788 69.08288795274362
0.9999976570155086 -0.0021409124409310764 0.0003200954272027372 -0.2739943934013946 0.0021374282042509896 0.9999424210383433 0.010515987918394004 -0.8576037627060521 -0.00034259082609464217 -0.010515279303937633 0.9999446542363057 70.43321613693448
0.9999977345048158 0.0015424501971692973 0.0014669124121440495 -0.2981247328775427 -0.0015592961614868828 0.9999320467565228 0.011552941758182151 -0.8802401417204935 -0.0014489930065989289 -0.011555203163692162 0.9999321865512865 71.87639271057665
0.9999828947642957 0.005449475507827619 0.0021244734843055804 -0.309982490070759 -0.005473234215528181 0.9999206920986639 0.011342540581199802 -0.887569557926461 -0.0020624942651438645 -0.011353974531611128 0.9999334144736737 73.24491439818455
0.9999648328980699 0.007979745388619792 0.0025800420423532956 -0.31544806583905166 -0.00800731967299372 0.9999089703591796 0.010859734810784337 -0.8972156182986146 -0.0024931494656740003 -0.010880012345309603 0.9999377028283183 74.6416708090382
0.999955134297515 0.008826017422969533 0.0034395920309067633 -0.3284363248733509 -0.008863182411860772 0.9999008343475158 0.010943741782503884 -0.9050899189408956 -0.0033426615600403737 -0.01097373673576092 0.9999341996928457 76.09337050946883
0.9999485977075937 0.009399532424884737 0.003801409788837408 -0.3344397614093395 -0.009441837304465957 0.9998919348677661 0.011268110385733275 -0.9159032210092182 -0.0036950843237666233 -0.011303423698760355 0.9999292869818345 77.46309542257906
0.9999529973106783 0.00885717181342762 0.003943813139498859 -0.3372115052426365 -0.00890318918444483 0.9998906512887406 0.01180756972645001 -0.9492222996986379 -0.0038388005302459898 -0.011842127490470852 0.9999225108110356 78.87591257135756
0.9999602080432618 0.008318621963825332 0.0032222421898162774 -0.3270446518702994 -0.008351720612020398 0.9999110587222879 0.010398241300055252 -0.9467723725219989 -0.003135456818082129 -0.010424739009487873 0.9999407451077554 80.24685971597572
0.9999630729352489 0.008025090621685875 0.003074194704206266 -0.3392500189680804 -0.008057046314228699 0.9999121265458829 0.010527260078599712 -0.9784005361344992 -0.002989442592577593 -0.01055164047857799 0.9999398612496369 81.6517556510661
0.9999601109306642 0.008479745913603872 0.0028054307943880252 -0.35366609269635785 -0.008509884271501168 0.9999042608096304 0.01091105398258815 -0.9822002395872335 -0.0027126394602278335 -0.010934492861992886 0.9999365372128693 83.0208492345822
0.9999645655304109 0.008001962389729712 0.0026146257362879973 -0.36589586026683035 -0.008027499996704782 0.9999187016478734 0.009907035504057346 -0.9862831002596 -0.0025351376527430955 -0.00992767356133451 0.9999475058095024 84.39694195476379
0.9999650350712519 0.008184289582006713 0.00171639846917451 -0.370139181259958 -0.008201128521417779 0.9999159247678584 0.0100441475918375 -0.9932900323883317 -0.0016340500805513886 -0.010057873006547558 0.9999480831883062 85.78655248550076
0.9999691622261949 0.00783136179841365 0.000586816132632865 -0.37738771704078944 -0.007837356405772992 0.9999085243575568 0.01102355543278447 -1.016484658256302 -0.0005004330362202351 -0.01102781480099623 0.9999390665788709 87.1529440103058
0.9999757426382454 0.00694526448436986 -0.0005267077684700224 -0.38724879707379967 -0.006938478107493259 0.9999045649960743 0.011946481968376384 -1.0264435986126208 0.0006096290397721897 -0.01194253786911893 0.9999284995173803 88.53726638398543
0.9999815684270434 0.005856513079113489 -0.0016012639767938367 -0.3866774319366544 -0.005836004644126338 0.999904517639083 0.012525839754454753 -1.048111731729643 0.0016744689799278025 -0.012516264152058691 0.9999202664677442 89.90196073359216
0.9999860851576268 0.004650287459274009 -0.002490844106611604 -0.39950365393633486 -0.0046173403905231634 0.9999038744065716 0.013073718603105624 -1.0612345205001583 0.002551401448283936 -0.013062035872356832 0.99991143286751 91.26750557437948
0.9999885622112946 0.003909183579079615 -0.0027556701763427234 -0.4086755570569821 -0.0038737896346150557 0.9999114087874589 0.012734533082542729 -1.0825475453222868 0.0028052079228925953 -0.01272371279713395 0.9999151153728466 92.64646511223798
0.9999893386041985 0.003466058361947707 -0.0030510826754715148 -0.42213928897472863 -0.0034272191727700973 0.9999141854986571 0.012644200595999553 -1.0965476284504063 0.0030946466570540686 -0.012633609316304932 0.9999154039658427 93.99160806193765
0.999990808595137 0.002530168593567355 -0.0034613525229472324 -0.4337859233464875 -0.0024880296029473094 0.9999233965912404 0.012124795173526619 -1.097791765644413 0.0034917654522163373 -0.01211607202566347 0.9999205010317925 95.37553436826376
0.999992375744452 0.0023091691184632035 -0.0031489968540372205 -0.44574759339450254 -0.002272143155238042 0.9999288379403045 0.011711379958839842 -1.1090183639403763 0.0031758165995729596 -0.011704135931674577 0.999926460996545 96.73751174456584
0.9999885796531499 0.003748164095744728 -0.002965099811971082 -0.4558234950017389 -0.0037151662162845326 0.9999319662331183 0.011057144664391266 -1.1260216512687533 0.003006342340450608 -0.011046002772343386 0.999934471721924 98.06904627476287
0.9999803818083021 0.0056710552629074765 -0.002659908785109631 -0.48056828758148323 -0.005640192535642874 0.999918304803519 0.011470481856306676 -1.1310064092596237 0.002724741459003336 -0.011455254660858087 0.9999306740637672 99.4095983661084
0.9999802395031611 0.00577419450688741 -0.0024858127670421707 -0.4865790153808023 -0.005742875780814481 0.9999062887975758 0.012427107767930132 -1.1423015583853229 0.0025573365817308223 -0.012412586739320951 0.999919690639843 100.77309221018587
0.9999782798378625 0.006062003249422342 -0.0025868808132789266 -0.5086198309307215 -0.0060251521378596445 0.99988351749991 0.014023158701950924 -1.1562447909773073 0.00267158815725365 -0.014007268049101755 0.9998983243655487 102.07408795959765
0.9999789225972878 0.0060463652291719155 -0.002365546951704611 -0.5127979914850912 -0.006015380273145941 0.9998987816325972 0.012893474970462502 -1.1664979988392148 0.0024432663901487015 -0.012878973805487763 0.9999140775548516 103.45992272485113
0.9999800955349194 0.0059840575021683695 -0.0019998935787781265 -0.5177193479797436 -0.005962641805959206 0.9999265875740284 0.01054828770682053 -1.1760565301848915 0.002062868504396982 -0.01053615331366066 0.9999423653661492 104.76308158723633
0.9999856917083242 0.00477816672876583 -0.0024053041201308107 -0.533733096468342 -0.004755786915683074 0.9999461324206493 0.00922576576830601 -1.1852957063296612 0.002449257013396634 -0.009214194836755833 0.9999545488474986 106.06200004293545
0.9999911934996721 0.0037702330684518063 -0.0018434357989098047 -0.5450923303502524 -0.003750815309478089 0.9999386135128724 0.010425957695728167 -1.2018392450798956 0.0018826310946229356 -0.010418951702084145 0.9999439490053191 107.42855339205656
0.9999988196434795 -3.41594217367e-05 -0.001536080169011071 -0.5531367409538885 5.33176067781492e-05 0.999922197629806 0.012473806138243152 -1.2107007399198384 0.0015355347001882447 -0.012473873561901752 0.9999210191904554 108.75902019638582
0.9999987156109865 -0.0013235477822540198 -0.0009038795452382297 -0.5699021903002907 0.0013358840978511168 0.9999040671963912 0.01378665333404471 -1.237678325302225 0.0008855456251680706 -0.013787843376389925 0.9999045510402605 110.10752244234602
0.9999991623235596 -0.00129115641357486 -9.093485566840373e-05 -0.5694299169405452 0.0012922181266771735 0.9999166511562737 0.012846046309228134 -1.2314820286763255 7.434103803282159e-05 -0.012846153308331422 0.9999174820072367 111.41597376432574
0.9999992830630141 8.166705985905923e-05 0.00119465707402375 -0.5742676685705755 -9.346324227553493e-05 0.9999512129653672 0.009877395942599312 -1.254432638450864 -0.0011937922252528597 -0.009877500711425164 0.9999505036957325 112.76017298512912
0.9999930172779756 0.0030936600901073762 0.0020963443704843077 -0.5757759571529455 -0.0031113609559672312 0.9999590882565661 0.008493600483867542 -1.2716341722132236 -0.002069982460790303 -0.008500063827658237 0.9999617313113907 114.10681775847496
0.9999760387964726 0.0060400086714645605 0.0033823246709407343 -0.5907322644069211 -0.006065805186310238 0.9999521939884694 0.007669143047126272 -1.275514308290828 -0.0033358415610474715 -0.007689475961226853 0.9999648714422501 115.40178657248987
0.9999675105607839 0.006249293562978937 0.005091575957627366 -0.5999046123865193 -0.006299148124393332 0.9999317942551215 0.0098350180545138 -1.3023841563819654 -0.0050297671853508355 -0.009866771306598522 0.9999386722512795 116.77479464478488
0.999961904583273 0.006901055738881855 0.005344605067692675 -0.6106126440463397 -0.006965252445570726 0.9999026850178849 0.01208742165355404 -1.298287902529119 -0.005260669422186404 -0.012124187941673772 0.9999126608972909 118.06739159904097
0.999955548122121 0.006962841086697228 0.006357720946184929 -0.6091554940819445 -0.007043459709441796 0.9998939428670596 0.012747262557168133 -1.3123921128362197 -0.006268290020884469 -0.012791476521083396 0.9998985381863352 119.43829920708274
0.999950312415447 0.00671485528052765 0.007367727712755117 -0.608422323900284 -0.006804472760568909 0.9999023446258403 0.01220657083536313 -1.327161950615525 -0.007285043464088218 -0.012256098063646864 0.9998983529338281 120.76152381877777
0.9999254943808696 0.00851727954116332 0.008744233799823609 -0.6093919812223335 -0.008623032207323925 0.9998892675674677 0.012128311221992418 -1.334773456008926 -0.008639966033331737 -0.012202809644342843 0.9998882149626621 122.08321053220133
0.9998999142048045 0.010079898057562976 0.009927598513434858 -0.6069598194687135 -0.010194766906717796 0.9998808765534052 0.011588763930778167 -1.3348086359937585 -0.009809603164827594 -0.011688813843029706 0.999883564878376 123.4345543148354
0.9998724523490182 0.011453663097060009 0.01113070593602829 -0.608434938607811 -0.011579120067097229 0.9998694146600691 0.011272871378048263 -1.344818312960338 -0.01100013767921267 -0.011400317554762911 0.9998745069897375 124.77916219587804
0.9998493965484451 0.012318312523759216 0.01222470345104798 -0.6014471852219184 -0.012445096280194114 0.9998689926898523 0.010349737317338311 -1.3599231101415252 -0.012095611641172779 -0.01050031642916637 0.9998717115366066 126.11561568004808
0.9998482237334733 0.011480530457807878 0.013104460909691883 -0.5923983132560833 -0.01161037796473342 0.9998838261469953 0.009875897800107959 -1.371282337448916 -0.012989559058818018 -0.010026546813234356 0.9998653607921192 127.45245591927268
0.9998360740081756 0.011391996237957357 0.014072935424861415 -0.589465552345215 -0.011541300971077471 0.9998774865612191 0.010574037237851537 -1.3732705339159705 -0.013950753079702956 -0.010734724070539105 0.9998450590897596 128.7543136025395
0.9998214022590198 0.011650250757395994 0.01488069952621266 -0.5807440396521178 -0.011817533926567215 0.9998674044510344 0.01120354552522407 -1.4018751994511511 -0.014748203534826646 -0.01137739798996396 0.9998265076037395 130.12506266392649
0.9998398581899527 0.009377130245568067 0.015242289387727488 -0.560563051934307 -0.009550603881717478 0.9998899942123793 0.011348368018254455 -1.3958371424782732 -0.015134198792966631 -0.011492123959615979 0.9998194272536668 131.45071387099466
0.9998436577441117 0.008920067167206364 0.015267365673051076 -0.5478674106186159 -0.00909856035082034 0.999890602588245 0.011661863959547372 -1.4226867558978482 -0.0151616721252658 -0.011798951992441596 0.9998154371835368 132.8038554634431
0.9998516516855219 0.008271814314059787 0.015108001046391343 -0.5422987310426974 -0.008460198299672624 0.9998867289824356 0.012448062622105056 -1.430367720612057 -0.015003322943433185 -0.012574032899708782 0.9998083786395537 134.12717729092896
0.9998735826214012 0.006585512824026259 0.014472380163815515 -0.5174326574250048 -0.0067671060021342105 0.99989853995328 0.012534595514584657 -1.4459851484926807 -0.014388366262097217 -0.012630947296828633 0.9998167002439571 135.46076186847617
0.9998860439713781 0.006955910200089084 0.01339829748256301 -0.5088853337241682 -0.007116214618663558 0.9999032233783081 0.011954220069527332 -1.4547750067686342 -0.013313849475120173 -0.012048203206446034 0.9998387781089877 136.80027793064934
0.9999062384446626 0.005575094102288345 0.012507303467564086 -0.5056530900224468 -0.005742718155792819 0.9998936388368131 0.013406424126920793 -1.4831724325735547 -0.012431232140152881 -0.013476993298220967 0.999831903430908 138.15028026424164
0.9999238348589295 0.004917198066287876 0.011320143157910396 -0.4836980316536977 -0.005070067615606078 0.999895809806413 0.013515322798067551 -1.498269193199977 -0.011252507131161696 -0.013571687554926194 0.9998445831122266 139.4896548713756
0.9999420797750914 0.00381782658079773 0.01006286713371388 -0.48807976163930766 -0.003954235556875695 0.9999000937629092 0.013570796438999925 -1.503237137899249 -0.010010051678343481 -0.013609801625460606 0.9998572758966763 140.86051475237346
0.9999494211180516 0.004933900002386185 0.008764236062261033 -0.48329746811974605 -0.005046148559173914 0.9999049344790923 0.012831928688415588 -1.5002955857697842 -0.008700092157752694 -0.012875505551454417 0.9998792575862054 142.19296898788235
0.999957710374275 0.004820762430264789 0.007831839508077188 -0.47620811145924014 -0.004919834103980036 0.9999074997097236 0.012680191687652304 -1.5176237176025016 -0.007769987515614697 -0.012718187046237788 0.9998889313369835 143.53443531728635
0.999970870555182 0.0025217830891062836 0.007204071993589954 -0.46471061164448746 -0.0025985299464795905 0.9999397635116195 0.010663816923864 -1.5236238343497068 -0.0071767468104237085 -0.010682226496240996 0.9999171887407644 144.8917996689414
0.999983300811056 -0.0005608371626702642 0.005751831674006152 -0.46963534250107525 0.0005060886103363579 0.9999545984928918 0.00951550436751052 -1.5598398754868126 -0.005756907659414856 -0.009512434712177666 0.9999381838878908 146.19712802893613
0.9999495111446282 -0.008720646491479411 0.004992544561422464 -0.4633873973706135 0.008656819945858717 0.9998823033712209 0.01266644620839696 -1.5732875321670927 -0.005102416975816452 -0.012622587372645683 0.9999073135186846 147.60030481549086
0.999868709912721 -0.01584893219554693 0.003372580533542195 -0.4515319636389189 0.01579988376142784 0.9997756875377725 0.014104547723424576 -1.5821374712791938 -0.0035953663335334778 -0.014049409817573588 0.9998948381834957 148.92653181067973
0.9998608344016909 -0.016499970032928402 0.002462281652888428 -0.41088455578655614 0.016470514163986615 0.999797766553438 0.011538983699484863 -1.606549913605922 -0.0026521767960442587 -0.01149682303689098 0.9999303920868408 150.2152663878777
0.9998574599886667 -0.016753105706245518 0.0020959881022002726 -0.44741750367054234 0.016735565471825253 0.999826946450892 0.00812391455824144 -1.612861684630562 -0.002231726364167904 -0.008087679174027626 0.9999648038017986 151.63257890392256
0.9999083717984846 -0.013108604803485895 0.003378239455881017 -0.43878863575625615 0.01308935676475154 0.9998983205511056 0.005658382019837273 -1.6316511764649275 -0.003452069738301971 -0.005613644668797485 0.9999782848667881 152.93855090350712
0.9998957366045278 -0.01378112771295596 0.004312360630467898 -0.44780406466151823 0.013754806157270198 0.9998869421506515 0.006075212971703036 -1.6441961809913557 -0.004395596735676498 -0.006015263969254457 0.9999722472774445 154.30751450874104
0.9998613033464449 -0.016010734122625936 0.004585899900826571 -0.4464936052160525 0.015976156293064613 0.9998443926146362 0.007480172175823275 -1.6244696307717548 -0.004704949739255713 -0.007405869777302626 0.999961507527907 155.6259298196019
0.999619420226379 -0.027184393152657492 0.004692917736249927 -0.43930841465235393 0.027134560242251516 0.9995779498964491 0.01037486008324422 -1.622498568542515 -0.004972971775085931 -0.010243571539377737 0.9999351672942035 156.96149098992439
0.99956982964192 -0.02893909385138496 0.004762826354820835 -0.4258430704235414 0.028882458750756245 0.9995159777532884 0.011559143384623952 -1.64526149612585 -0.00509503259521768 -0.011416609046787176 0.9999218477856834 158.30253676049009
0.9995296141793986 -0.03033391838568267 0.004517053097147673 -0.41772234114836054 0.030279712851323783 0.9994739084249384 0.011620902455652192 -1.6540254025427439 -0.004867184619856477 -0.01147866127628427 0.9999222724031037 159.64063955202167
0.999555648857612 -0.029251121896197156 0.005733820961114819 -0.423608736351533 0.029184328601705743 0.9995089683233479 0.01140601636794936 -1.6564874654913835 -0.006064644749644351 -0.011233610570581356 0.9999185097173298 161.0260958565962
0.999596187841068 -0.027590685282962196 0.006798186618806901 -0.42542081603248916 0.02751584334959783 0.9995622936394162 0.010867359386258692 -1.6641426214319381 -0.007095049490762842 -0.010675913359883436 0.9999178391966071 162.36156381889714
0.9996519070681409 -0.025172566368375577 0.007899785072888462 -0.42398095698667304 0.025093921325594296 0.9996360606233481 0.009901586288476686 -1.6879020960680247 -0.008146159046654727 -0.009699903196466492 0.9999197727652639 163.69708419818045
0.9996663270456522 -0.02438516052941289 0.008520476811044024 -0.434764120831508 0.02430693585300872 0.9996625126156602 0.00916699168582237 -1.68597528603982 -0.008741140551012938 -0.00895682637611143 0.9999216807924871 165.05441841073355
0.9996460971314876 -0.025023093559766285 0.009029135372908883 -0.4395221949052541 0.024931833606389776 0.9996383100720512 0.010082296665599367 -1.6870045420118225 -0.009278160652522864 -0.009853615778682438 0.9999084067989213 166.4041257891382
0.9996381410348578 -0.02545681520652423 0.00869123433626319 -0.4221078697995163 0.025368927433600266 0.999627364380761 0.01007719700617796 -1.692627119917084 -0.008944529760704211 -0.009853063356363337 0.9999114523426674 167.72665968875108
0.9996854512297869 -0.023673542733717776 0.008280216364365925 -0.4198868824149112 0.023605301818653737 0.9996873601664628 0.008244491797831299 -1.7011387030518417 -0.008472804675483116 -0.008046441630259941 0.9999317308463452 169.11675692219026
0.9997654625734785 -0.020294569596747088 0.007559781955767308 -0.4220749001552248 0.02024910685494218 0.999776704745486 0.006042707349088703 -1.7265319202968459 -0.007680728679960552 -0.00588821136971378 0.9999531665875361 170.53881702371268
0.999854577863898 -0.01540672042997851 0.0073113683110518374 -0.4248295835189918 0.015374312637991027 0.999871823940833 0.00446835423249569 -1.735205424283514 -0.007379274472058897 -0.004355297240699693 0.9999632881703328 171.8498679069625
0.9998785886671179 -0.013499859797267056 0.00778214157393398 -0.43127763166597877 0.013459082015975996 0.9998955409595733 0.005268801489359222 -1.7384848713458645 -0.007852457398724389 -0.005163421400491731 0.999955838018153 173.19856995307052
0.9999263764253552 -0.008494064376750082 0.008665599535078197 -0.43532255667523145 0.008430225379865545 0.9999372526724956 0.0073771272686566055 -1.76020172129062 -0.008727718316844369 -0.007303531311388434 0.9999352405822955 174.633036997
0.9999435953007282 -0.006004187926223606 0.008761047812362584 -0.43532202187431546 0.005915715598962227 0.9999315995274392 0.010089626594251578 -1.7882358741792463 -0.008821029303634946 -0.010037229810744465 0.9999107177423481 175.99104377585545
0.9999256207441687 -0.009472150968859191 0.007683186305041762 -0.4368881394519432 0.00938756756904821 0.9998957463397524 0.01097132688160499 -1.7887088046428115 -0.007786308017812957 -0.01089838461310775 0.9999102952851087 177.4110084316964
0.9999262173299818 -0.010379792070775645 0.006310295471499926 -0.42816485304015683 0.010311276658052617 0.9998885655745154 0.010795091178123179 -1.7972332646342983 -0.006421643622419805 -0.01072922768337098 0.9999218200258276 178.81004056226527
0.9998959285359178 -0.013750790885871167 0.004364385697125939 -0.4274576093927044 0.01372035579616878 0.9998818656187732 0.006928681814192958 -1.7935509123416 -0.004459145338127812 -0.006868079932752657 0.9999664721867184 180.15057945878334
0.9999292786804593 -0.011631969378017068 0.0024768809832772572 -0.4364870179197151 0.011623048667725015 0.9999260187419043 0.003586331244720977 -1.8331687598387827 -0.0025184140448235026 -0.003557288765592468 0.9999905015972563 181.56840197799667
0.9999659570093302 -0.008070194830982863 0.0017195316521472041 -0.453387709497449 0.008065065218556317 0.9999630668646208 0.0029697845499425854 -1.85033591650595 -0.0017434350287386458 -0.002955815365337655 0.999994111776653 182.96075478068443
0.9999883686867127 -0.004619608155994884 0.001386261111321717 -0.4626444930685042 0.004613830104729355 0.9999807741053864 0.004142943924121497 -1.8609733068613357 -0.001405373351839398 -0.004136499839843384 0.9999904571013257 184.28839624302478
0.9999954209245521 -0.0019165470535519175 0.0023420041254886646 -0.47588239894349604 0.0019012721593812138 0.9999770210497156 0.00650711396529057 -1.8720949126809017 -0.0023544216923519876 -0.006502631506264898 0.9999760859543286 185.73907105534173
0.9999958304968846 0.0009951776321112712 0.002710832376302555 -0.4976020201095879 -0.0010187391460645678 0.9999615994583723 0.008704124209145157 -1.8942459682974622 -0.0027020663505094894 -0.00870684971850388 0.9999584439388113 187.11118666189668
0.9999946049510623 -0.0013645933963035723 0.0029879691351915065 -0.5005154658432985 0.0013369846486928107 0.9999565772537836 0.009222584994651475 -1.8971046405445713 -0.0030004247139465007 -0.00921854054769689 0.9999530068761973 188.5639455437809
0.9999928902644241 -0.002706055254849335 0.0026261555418950855 -0.4910267252636632 0.0026802159165425533 0.9999484512157026 0.009793433866059244 -1.908645032479795 -0.00265252195599443 -0.009786325762105834 0.9999485946562711 189.97233920351593
0.9999784120633196 -0.005921613877940638 0.0028477899228801697 -0.5007951549392557 0.005891552827260888 0.9999280297949305 0.010451068122602356 -1.9184781394171972 -0.002909472393903016 -0.010434064799584974 0.9999413309099259 191.33711359230315
0.9999641050427018 -0.007847476624227336 0.003194643891575108 -0.5029339134370295 0.00781367735031262 0.9999147784853908 0.010458594579291674 -1.9238394330520907 -0.00327644548355369 -0.010433257448830831 0.9999402042339277 192.78440748353165
0.9999459486157031 -0.009826128285225593 0.0033980971043456516 -0.49555819035562687 0.00978751863567172 0.9998893964560965 0.011198183785000732 -1.9416784616862346 -0.003507756339894877 -0.011164319778600804 0.9999315244600055 194.13755038742121
0.9999173435770298 -0.012315703735299725 0.003691811219610802 -0.49082616002733975 0.01227087413091176 0.9998535470881692 0.011929375879153629 -1.9455578922142822 -0.0038381895160379863 -0.011883088310487632 0.9999220272166858 195.5894357966583
0.9998739321563824 -0.015340218106414776 0.00409847741974579 -0.48005326728422276 0.015288344282624261 0.999806209421046 0.012402020725167114 -1.9575514769599145 -0.004287933227579167 -0.012337798523276811 0.9999146925392206 197.0127292091851
0.9999162615359618 -0.012243907158632758 0.004190067849864319 -0.4888745418582522 0.012200836766830626 0.9998739998449206 0.010154998911161839 -1.9984800556536453 -0.004313877120023613 -0.010103026399519289 0.9999396578394306 198.4311363398647
0.9999611377434017 -0.007646166293038343 0.004388525685543935 -0.5084737020304425 0.00762844363519327 0.9999627372729779 0.0040411512930059795 -1.9864535813315198 -0.004419261841581522 -0.00400751669345147 0.9999822048068855 199.86912086864396
0.9999770911434939 0.0028288002780227778 0.0061493965784406 -0.5093890466917523 -0.0028534816661470305 0.9999878945685284 0.0040085362762763335 -2.0113446046411307 -0.006137983304437425 -0.0040259917122091515 0.9999730579102101 201.31692395582053
0.999929079547346 0.009718615405469021 0.006883630930523504 -0.5342451341898056 -0.009766918326530732 0.9999276715942661 0.00701846895868973 -2.017583082089133 -0.0068149238187204305 -0.007085203208325942 0.9999516771845527 202.75501441655183
0.9999266864326336 0.009231010283404652 0.007836465737604277 -0.5129835246291197 -0.009304735016100341 0.9999123004171839 0.009424086071854592 -2.0210749349212564 -0.007748785295124084 -0.009496311583567955 0.9999248853733508 204.18719309974745
0.999940785454142 0.007697818079911408 0.007692150061217586 -0.5220901769099541 -0.007773554188219557 0.9999211244652173 0.009864923552476562 -2.0304043170122807 -0.007615605587932284 -0.009924134946130547 0.9999217539855305 205.644067757904
0.9999645002458264 0.005487793299518944 0.006393932144188633 -0.5155775726346135 -0.005552418753046491 0.9999332368710899 0.010133728536421228 -2.05897184416895 -0.006337893985442096 -0.010168870779760681 0.9999282100050441 207.08276214963954
0.9999760987392029 0.0044224077332996395 0.005314532664986537 -0.5079335193487582 -0.004474566390085595 0.9999415469804949 0.009842808702184824 -2.069803760893923 -0.005270693538902032 -0.009866353869447411 0.9999374354670325 208.52850646508122
0.999979535209398 0.004349794541300294 0.004691316111716352 -0.5171324195783003 -0.0043927675490661715 0.999948131702057 0.009188988206399549 -2.0716264908760453 -0.004651102956277379 -0.00920940819791725 0.9999467756033252 210.05135145962035
0.9999718506383357 0.005891118092456237 0.004646789430689283 -0.5188057846011475 -0.00593370117581207 0.9999400372460652 0.009203972600743822 -2.0943612457389107 -0.004592289487880602 -0.009231286357417873 0.9999468457008379 211.50566872366684
0.9999677212497148 0.006698267759121832 0.004437303122127286 -0.5248076857012897 -0.00674081797389834 0.9999307693342964 0.009644579941254321 -2.0903752114431904 -0.004372394307911178 -0.009674179871153543 0.9999436446169554 212.94554270086024
0.9999714623821669 0.006507405527306248 0.0038377188363815234 -0.5367530163374616 -0.006543512026047591 0.9999337303445038 0.009471925884992034 -2.110107248225403 -0.0037758271610378908 -0.009496767927237606 0.9999477758996275 214.37587108865867
0.9999648731385469 0.007567429446285674 0.0036036771463635996 -0.5423103757922771 -0.007599510548635576 0.9999308612916606 0.008973298676892906 -2.129594237569577 -0.003535523480120819 -0.009000369835873205 0.9999532456144852 215.83367320436335
0.9999709418236707 0.006884421290957869 0.0032741780035310452 -0.541095104918127 -0.0069118986049168 0.9999403586446028 0.00845605245262604 -2.1348890900993425 -0.003215767964909714 -0.008478437691299646 0.9999588866194342 217.33040124720247
0.99996424718631 0.008000677340359882 0.002737425359431242 -0.541647706553047 -0.008024385005263633 0.9999294169434165 0.008761871427560795 -2.1647309300406494 -0.0026671314561858427 -0.008783524498088174 0.9999578671655986 218.81375259226024
0.9999640044484416 0.00802670718311663 0.002749866462937591 -0.5491870490352333 -0.008048719976835053 0.999934886458185 0.008089559036510794 -2.163832155764593 -0.0026847551085927624 -0.008111400917340443 0.9999634979658109 220.28925388793465
0.9999706037260859 0.007210814171196925 0.0026068814675468217 -0.5519220900247966 -0.0072319336739168965 0.9999403531134339 0.00818470300981837 -2.181049603267227 -0.002547707811853891 -0.008203315369049074 0.9999631067198977 221.77913285232947
0.9999539489909064 0.009354248001927403 0.002144276989756274 -0.558935695494389 -0.009370812724730924 0.9999252838375887 0.007849498694053695 -2.2010140534046823 -0.0020706907893428723 -0.007869230995397948 0.9999668931732915 223.26551898358022
