1.0 -3.469446951953614e-18 0.0 -1.5585406229479126e-19 0.0 0.9999999999999999 -3.5744790374131474e-19 0.0 2.168404344971009e-19 -2.405573570202213e-19 1.0 0.0
0.99999985716666 -0.00014259740329779225 -0.0005151039310277003 -0.0010592078513640543 0.00014294099418809061 0.9999997673139708 0.0006670378896623566 -0.022368560089461968 0.0005150087373739696 -0.0006671114373135355 0.9999996448645574 1.3258372647248977
0.9999996385703646 -0.0006142496251603843 -0.0005878406110808639 -0.012547363442580263 0.000614844302903093 0.999999298995221 0.0010119162107100866 -0.03741480129834965 0.0005872186803383759 -0.00101227729538349 0.9999993152347582 2.6270455327228754
0.9999984281826346 -0.0013551131863176712 -0.0011433725278360246 -0.011502702431580827 0.0013560300699797748 0.9999987594361213 0.0008014402416177171 -0.07501555894959766 0.0011422851644476454 -0.0008029894451476399 0.9999990251967928 3.9529672325766674
0.9999975374380278 -0.002142383818213066 -0.0005790610761991436 -0.025137102022739832 0.002142806332356858 0.9999974378965294 0.0007297794888181262 -0.08922928597509244 0.0005774961743612531 -0.000731018520669753 0.9999995660554627 5.267651233741918
0.9999969527723186 -0.0022834774526400894 -0.0009381783772493509 -0.021551333350727665 0.002284540571981611 0.999996748007528 0.0011335101184732374 -0.10495964874262553 0.0009355870616470135 -0.0011356499923728639 0.9999989174882302 6.591850662706594
0.9999940045509651 -0.003385676080323939 -0.0007266795807598292 -0.030081121377650975 0.0033871245053630795 0.9999922616322573 0.002001014262814283 -0.14364311429290202 0.0007198992340192159 -0.0020034636575323706 0.9999977339374146 7.927352960675161
0.9999933712293135 -0.003599855426750247 -0.0005463904241500674 -0.04849510226893266 0.0036010462920567886 0.9999911094374586 0.002193970429016259 -0.16206860292474629 0.0005384876376166078 -0.002195923503863634 0.9999974439728693 9.244369190885008
0.9999940704604758 -0.0032699080126649734 -0.0010801612627314187 -0.04816579558417216 0.003271588494939779 0.9999934354499399 0.0015574854300870646 -0.18592066006405455 0.0010750614302170098 -0.00156101006721407 0.9999982037446353 10.575636276845483
0.9999992447495741 -0.0008058932302087013 -0.0009279203407465992 -0.07008121779943449 0.0008050498130776646 0.9999992628031359 -0.0009090032014399262 -0.2036360113095969 0.0009286522940066945 0.0009082555105806854 0.9999991563387599 11.89486834209129
0.9999959005425963 0.0026619554752304077 -0.0010549334334919642 -0.06788226503752412 -0.0026639513113340015 0.9999946563964963 -0.0018948738354318897 -0.23864690721095438 0.001049883813565651 0.0018976763932907416 0.999997648282133 13.237875386590146
0.9999848576372945 0.005446712568926811 -0.0007860065324691999 -0.09628658204457545 -0.005448164111189731 0.9999834360636773 -0.0018561026606844137 -0.2564612452342548 0.0007758839191124832 0.0018603568793505631 0.999997968536676 14.575113284817421
0.9999834659042776 0.005738453517080798 -0.00037156055729372153 -0.11368710442583409 -0.00573893467023826 0.9999826792521085 -0.0013060766645452194 -0.28733252824276656 0.0003640592906834696 0.001308187452606059 0.9999990780529983 15.922536491440287
0.9999915212638895 0.004105108645190386 -0.000324769247831922 -0.10175117023164777 -0.004104671170676768 0.9999906817135649 0.0013372240529795029 -0.31557797933433174 0.00033025570028434614 -0.001335879673782846 0.999999053178252 17.271158896520642
0.9999999330134399 -0.0003648842494214724 -2.8864183913123852e-05 -0.12154417164708561 0.0003649811457571879 0.9999940494137132 0.0034304408825044158 -0.34454354110932467 2.761230345290299e-05 -0.0034304512549498917 0.9999941156039298 18.629731301033132
0.9999971798799945 -0.0023173637273995115 -0.0005196729908954272 -0.10962293400811363 0.0023181618098376145 0.9999961270397757 0.0015401388243185068 -0.3821438794395389 0.0005161019614027128 -0.0015413391960484534 0.999998678955786 19.970833930341833
0.9999953214623836 -0.0030495698720957067 -0.00023912534098391447 -0.12538533302425048 0.003049337016772201 0.9999948812910594 -0.0009689846156812722 -0.3825388605976428 0.0002420791231402717 0.000968250929717724 0.9999995019439251 21.32030060175382
0.999999411850189 -0.0010837304079669083 4.277185590437563e-05 -0.13377354530921426 0.0010838127004736808 0.9999974690581905 -0.001971604864556347 -0.4407340180470554 -4.063506447333923e-05 0.0019716501013611817 0.9999980554703182 22.67209860034036
0.9999989616995224 0.0012864279403309083 0.0006493857014108271 -0.14028250649062843 -0.0012858424484199363 0.9999987670874336 -0.0009013518277225837 -0.4394402233534957 -0.0006505444807458358 0.0009005159014415363 0.999999382930772 24.041344957676543
0.9999978807886889 0.0013503297794979696 0.001554035867501056 -0.15316360502122023 -0.0013553398291837318 0.999993873725689 0.0032273157135250825 -0.4616218026512371 -0.0015496685349615422 -0.0032294151842916256 0.9999935846811533 25.435420897299426
0.9999984171121653 -0.00027809832904075564 0.0017573950497996758 -0.14879065922898863 0.0002707266809770844 0.9999911705796217 0.004193503131621629 -0.48664293856156254 -0.0017585458844213166 -0.004193020801046337 0.9999896629922751 26.80390373130739
0.9999908359124461 -0.003935478650719623 0.0016852615998089304 -0.15462587975392839 0.0039298277428362685 0.9999866884040575 0.0033435703299137566 -0.5203323122992053 -0.0016983978564837565 -0.0033369169627283073 0.9999929901895359 28.173002910219516
0.9999884192541451 -0.00455640084397599 0.0015493796133033838 -0.16737094604679253 0.004555127965446399 0.9999892856336369 0.0008242699552375075 -0.5328506491064385 -0.0015531188472729305 -0.0008172027985260795 0.999998459998504 29.531350404475756
0.9999873628056715 -0.004476430755984249 0.0022881882996909674 -0.1693266627282372 0.004478837418789803 0.9999894212055241 -0.0010476099177504745 -0.5815110811585327 -0.0022834747336841254 0.001057845128412865 0.9999968333468121 30.92076317810023
0.9999943843750984 -0.0020331378161264277 0.0026641275137724244 -0.1786012559300029 0.002039507207218287 0.9999950636218738 -0.0023902174355612876 -0.5832751966362788 -0.0026592549477153175 0.0023956375711997892 0.9999935946195235 32.30688189746509
0.9999950207680958 -0.00020941995633958106 0.0031487436572338184 -0.18153758406690867 0.00022305098513992865 0.9999906036347586 -0.004329305983960994 -0.6314501969762367 -0.0031478076969488505 0.004329986845781795 0.9999856711555634 33.688202320733495
0.9999941666566045 0.00019439547130961805 0.003410112473833369 -0.19821515017470387 -0.0001799040381149728 0.9999909553165817 -0.004249343488265613 -0.6470683617701659 -0.0034109079753013066 0.004248705293748914 0.9999851569926811 35.081680208624846
0.9999957828082134 -0.00010790689479881974 0.0029021932735769623 -0.1953287762240919 0.0001156199792792436 0.9999964617952647 -0.002657635980311747 -0.6909335647271986 -0.00290189647516818 0.0026579603789089754 0.9999922570897899 36.472701656661975
0.9999952465505199 0.0012546019774957017 0.002816531864031669 -0.21087973369109114 -0.001250158614708629 0.9999979721883211 -0.001578836592678459 -0.7120125093561652 -0.002818507203699947 0.0015753080085670152 0.9999947871954233 37.87295968290668
0.9999919102952093 0.003274853140525549 0.002335525237590039 -0.20876900920934943 -0.0032722703989469777 0.9999940312714629 -0.0011089066846043131 -0.7378722043441308 -0.002339143002802409 0.001101255264876991 0.999996657816222 39.269425493901615
0.9999843258154154 0.004809848698824785 0.002865915795827032 -0.22557926566374886 -0.004806368380270209 0.9999877049650788 -0.0012201438976764812 -0.7613793199832433 -0.002871749510814747 0.0012063501482848387 0.9999951488733523 40.665971020490616
0.9999606604491293 0.008373556355314718 0.0029259346690563596 -0.23895212113191808 -0.00837116932147795 0.9999646189315865 -0.0008273013181992231 -0.8005883710948148 -0.0029327588496061673 0.0008027752897946347 0.9999953772260692 42.09119960440301
0.999952481195472 0.00939762836274909 0.0025922797990082028 -0.24114648238902578 -0.009395656313437853 0.9999555617704698 -0.0007721061184839751 -0.8276388569899427 -0.002599420789922992 0.0007477132685192423 0.9999963419597738 43.481378467091716
0.9999608563953264 0.008582551293007548 0.0021506916531945476 -0.2521345552310158 -0.008580703470775655 0.999962809069667 -0.0008671933443020257 -0.8564115116207044 -0.002158054581944743 0.0008487049638059829 0.9999973112450342 44.90864462017756
0.999966779225735 0.008057594518680019 0.001231097038475219 -0.24288538156865733 -0.008055832891036821 0.9999665292309006 -0.001429682420701297 -0.8919912508835166 -0.001242575740629954 0.001419717436351827 0.9999982202014203 46.30383311603937
0.9999705928725631 0.00765903346127784 0.0003906159913685482 -0.25837349638452634 -0.007658626376664966 0.999970137221247 -0.0010344680461634092 -0.9228846387305158 -0.0003985273868831456 0.001031446058282991 0.9999993886469313 47.73872417292041
0.9999694083411498 0.007793466459265462 -0.0006665168583105058 -0.26243465360628715 -0.007793658426782829 0.999969588336294 -0.0002851447510037597 -0.9500906958309793 0.0006642743777680491 0.0002903306318951246 0.9999997372243115 49.13698076376028
0.9999614895859565 0.008623928818200824 -0.0016270141997317884 -0.2764248617461747 -0.008624396237774123 0.9999627699704065 -0.000280145571177855 -0.9797021108093904 0.001624537806973439 0.00029416679566983005 0.9999986371718124 50.561895728398746
0.9999588618342325 0.008652987596612158 -0.0027203715035990536 -0.2886239201354688 -0.0086530240077642 0.9999625618954293 -1.4088946581436196e-06 -1.002182379758579 0.0027202576962057435 2.49482682804831e-05 0.9999962997833728 52.012959913957665
0.9999525555486385 0.008975674752106567 -0.003784691224287046 -0.30454880499467296 -0.008972136253234297 0.9999592973208374 0.0009510480159544962 -1.0370384509330235 0.003793073795595168 -0.000917046156697802 0.9999923857833609 53.41994247330552
0.9999587250331342 0.007851494536319887 -0.004571896556151752 -0.3192265337146724 -0.007843947194382429 0.9999678470925055 0.0016665203400714624 -1.067290765620969 0.004584834620004384 -0.0016305898812167933 0.9999881601685232 54.87465945336725
0.9999742498115645 0.004996686142823764 -0.005151001991189702 -0.32342282909782366 -0.004985017210784194 0.9999849850861473 0.0022757888658198827 -1.0812580615300482 0.005162296489785712 -0.0022500524826228486 0.9999841438589695 56.27252796636706
0.9999786973928895 0.003454302434040461 -0.005538279304067838 -0.34656197925173016 -0.0034444871673909 0.9999924819993209 0.00178085907737183 -1.1136200153422604 0.00554438976287566 -0.0017617446503173828 0.9999830778614939 57.7040363316338
0.9999824750620369 0.0020603086781160697 -0.005550196593356859 -0.36263125543669217 -0.002050290156045775 0.999996259766395 0.0018101841869162423 -1.137801111204562 0.005553905843189582 -0.001798772991660311 0.9999829591333261 59.151561466124456
0.9999843535482987 0.0017107706686297647 -0.005325965526114421 -0.36706582859526055 -0.0016985713304143203 0.999995925648183 0.0022942417049311202 -1.173270522382051 0.005329869199833284 -0.0022851593265253906 0.9999831851347094 60.55482394789855
0.9999889013904875 -0.0003178824626203936 -0.004700642299869434 -0.38869209638443863 0.00033306191139209976 0.9999947319674567 0.0032287932610123946 -1.1961622818230264 0.004699591559780135 -0.0032303230980545742 0.9999837392985861 62.009477764177596
0.9999870141034095 -0.002656771611049224 -0.004348929151108368 -0.39992980599788786 0.00266884366680005 0.9999925955549787 0.002772382423555994 -1.2196398131050272 0.004341531732123416 -0.002783953090075956 0.999986700269659 63.41040676764748
0.9999863752178463 -0.003415842512709778 -0.003947327708903816 -0.4081039261516015 0.0034224961684635735 0.9999927319810773 0.0016800297357519127 -1.2518562589507687 0.0039415606373634825 -0.0016935165936428184 0.9999907980121284 64.82393650189229
0.9999897880238577 -0.003221531582715584 -0.003169476475531799 -0.42047850572044054 0.003226776354383008 0.9999934310505806 0.0016509891583078576 -1.2847139466122233 0.0031641372106525904 -0.0016611995230429789 0.9999936143085291 66.28068398166879
0.9999958867143848 -0.0013148901391961641 -0.002549042135485201 -0.4349730832585283 0.0013186495714116227 0.9999980447006731 0.0014736878454227028 -1.315456907700553 0.002547099630269824 -0.0014770431072209595 0.9999956653065203 67.64366997699996
0.9999972882623132 0.0013332663779571019 -0.0019094143786397369 -0.45438167938748353 -0.0013281661159599044 0.9999955536921106 0.002669938678477538 -1.3423742018524458 0.0019129657920065402 -0.002667395473975889 0.9999946127689943 69.11486021752778
0.9999889303210224 0.004592003678215511 -0.0010260249205060194 -0.47094102628313783 -0.004588092975563176 0.9999823221147518 0.0037821777916715133 -1.3697147811157846 0.0010433746478263552 -0.00377742850526408 0.9999923211733774 70.47167079422319
0.9999617295459566 0.008748068985546115 -0.00010350424168715806 -0.4929743355305264 -0.008747506898367164 0.9999513494660097 0.004558491228076065 -1.4004951648884632 0.00014337721713938555 -0.0045574114651205635 0.9999896046684479 71.92683474076972
0.9999238587849842 0.01233523147861997 0.0003444814930328741 -0.4999934580341949 -0.012336503993829333 0.9999160118705819 0.003972392610926879 -1.414925998644201 -0.00029545220081026845 -0.003976339933022407 0.9999920506829721 73.28659741314115
0.9998697071964546 0.01610855401914805 0.0010407097386858025 -0.5153391580233927 -0.01611202966228551 0.9998643392970477 0.003421336654412818 -1.4409106361650816 -0.000985455850430694 -0.003437658904342429 0.999993605668201 74.68858258054101
0.9998368496236656 0.017966673571744925 0.0018635256348077257 -0.5320646912338483 -0.017972914455103274 0.999832735771373 0.0033874585343417135 -1.4688016956830354 -0.001802352722530209 -0.003420398935740686 0.9999925261690616 76.13239113702737
0.9998359543696818 0.017981252503190055 0.002176892464196485 -0.5361259771646449 -0.017989341923071833 0.9998311284469105 0.003754758994457925 -1.493906176610547 -0.0021090097556552695 -0.003793303992345958 0.999990581415946 77.50523021735577
0.9998533621258194 0.01698134696909618 0.002210895171196451 -0.5419100298606858 -0.01698947091735723 0.9998487907367977 0.0037085826932837535 -1.5287672005450332 -0.002147584313370853 -0.0037456008989012143 0.9999906791332578 78.91232784543006
0.9998690987918532 0.016054636224788803 0.0020084563125219498 -0.5476145557321571 -0.016059831472442027 0.9998676590840128 0.002597339644989448 -1.5506779591512598 -0.0019664913334546622 -0.002629255182512386 0.9999946099488835 80.29125536935345
0.9998742625672148 0.01576179147857447 0.0017392371058175735 -0.5534417701826227 -0.015766301897099187 0.9998722970741688 0.002610231661776961 -1.5871239174850895 -0.0016978732152969184 -0.0026373248579045112 0.9999950808590351 81.66931543542331
0.9998854000653319 0.015080090626840738 0.0013332537230515895 -0.5628810451941622 -0.015083938793869283 0.9998819549678488 0.002924202249135793 -1.6054947106745927 -0.0012889992116149344 -0.0029439779218331614 0.9999948357235436 83.07577653530208
0.9998870286968243 0.014991034764794462 0.001094843884783919 -0.5794955226616261 -0.014993346911694353 0.9998853158561567 0.002134179504555506 -1.6336879373620046 -0.0010627248533905645 -0.0021503538306970977 0.9999971232924298 84.43307013867988
0.999879257951744 0.015536602373501136 0.0002889014852392206 -0.5847196279610014 -0.015537254324104828 0.9998763923996195 0.002407008604106674 -1.6567283459611934 -0.0002514690594765418 -0.0024112067720308997 0.9999970614183195 85.84500938206665
0.999896205465829 0.014378892230800702 -0.0009086886133916166 -0.5988528097660479 -0.014375968010674615 0.9998917063556467 0.0031475611265822496 -1.6899960378004324 0.0009538487326817526 -0.003134171222068667 0.9999946335583533 87.19489751228035
0.9999105167491157 0.013218823820576955 -0.0020545449577377157 -0.6049856174508094 -0.01320965763534178 0.999903009902595 0.004413135463871665 -1.72007464726775 0.0021126823286900225 -0.004385600824959578 0.9999881514714967 88.58162470791034
0.9999320567105767 0.011222380640072733 -0.003152792926719661 -0.6096385279984724 -0.01120735440155637 0.9999259414114776 0.004744146382614806 -1.7453206924186244 0.003205800325873545 -0.00470848968602674 0.9999837763564077 89.95802141981129
0.9999478676878145 0.009357892075109953 -0.00408555185247193 -0.623164439917979 -0.009337221869044302 0.9999436574266449 0.0050495821194171476 -1.7707139285943148 0.004132575459171628 -0.005011171278219723 0.9999789047732314 91.33006389573268
0.9999518477459022 0.008727627112699452 -0.004486723396073448 -0.6388180661934209 -0.008708100324442516 0.9999526068190185 0.004353518422426105 -1.7961598294257222 0.004524507026700325 -0.0043142380486374315 0.9999804579069853 92.71222048426871
0.9999620146837293 0.007271371577349965 -0.004805863135349543 -0.6511927391946793 -0.007251117894761457 0.9999648119985419 0.004218538637615116 -1.825461142444891 0.004836369000218041 -0.0041835306068696895 0.9999795535994126 94.0535611134148
0.9999627363975742 0.0071204419329907054 -0.004881096044809283 -0.6749390463620779 -0.007102374006943948 0.9999678989255391 0.0037090990716095794 -1.846767476408991 0.004907350198179655 -0.00367429356940704 0.9999812085690107 95.4331171197024
0.9999691020399827 0.006303063660551731 -0.004697481448163499 -0.680865445399132 -0.006290135841835262 0.9999764028553225 0.002761871805767888 -1.8654958613584323 0.004714779255075657 -0.002732238735654135 0.9999851527586309 96.78932667773111
0.9999608196180999 0.007535022763207831 -0.0046457115473441096 -0.7012748164730158 -0.007524761384184053 0.9999692189278924 0.002222426229075678 -1.8954672044870318 0.004662314974882222 -0.0021873813353902663 0.9999867390077485 98.11647380746388
0.9999530728770414 0.008675126594579054 -0.004312098696297326 -0.7229681800238239 -0.00866541112236159 0.9999598853338617 0.0022668020868675614 -1.914839270080598 0.004331590880276058 -0.002229329658471451 0.9999881336387713 99.47585073573889
0.9999522105634971 0.008780969126903706 -0.004297806759814643 -0.7283162735538122 -0.008764918746943972 0.9999545956075301 0.0037393771074471375 -1.9475465223712252 0.004330447343845931 -0.003701528560886857 0.9999837728289029 100.79576466410715
0.9999507664257729 0.009031170411891162 -0.0041112842032437645 -0.7528865568320396 -0.009010261509797694 0.9999465217556132 0.00507630131455165 -1.9706674195778995 0.00415690963602172 -0.0050390077538979 0.9999786640284755 102.13663581563794
0.9999508295059646 0.009111863469459802 -0.003913117294114155 -0.7674990339107581 -0.009096019245393137 0.9999504366886229 0.00404803895212584 -1.99614357885317 0.0039498088617807275 -0.00401224620710637 0.999984150323684 103.50055625878109
0.9999515038535182 0.009093036079865922 -0.0037824078026358933 -0.7779637254265649 -0.00908754647094162 0.9999576325327078 0.0014661714087792401 -2.0182669650119456 0.0037955798224553793 -0.0014317275367088254 0.9999917718348207 104.81260828967025
0.9999611061680103 0.007830463040761864 -0.004058321758829988 -0.7994151586592875 -0.00783026654513015 0.9999693409256805 6.442980129867694e-05 -2.0432500271683542 0.0040587021921334255 -3.2649564222163415e-05 0.9999917629051417 106.12836707545175
0.9999718846697329 0.006568198480469456 -0.003617819599719729 -0.8052924257206392 -0.006563120392009994 0.9999774630097541 0.0014138375165337067 -2.077023837194298 0.0036270247375987347 -0.0013900536158140723 0.9999924561962442 107.500063843485
0.9999893263790288 0.003334274262072021 -0.0031983951059939564 -0.8135700415621054 -0.0033242981366715463 0.9999896090437286 0.003119431353067338 -2.0930771984091345 0.0032087631847550974 -0.003108765704984737 0.9999900196607093 108.82977420636936
0.9999947816938846 0.0022187023042694112 -0.0023481773984333747 -0.8307143150617927 -0.0022095502877037022 0.9999899811654926 0.003893001314938875 -2.1245520635731534 0.002356791485598934 -0.003887792664263407 0.9999896652501009 110.15586953216706
0.9999970609337121 0.001667395659616675 -0.0017600880097064428 -0.842494645633453 -0.0016623398583616028 0.9999944995747012 0.0028700956195290253 -2.1513256573498647 0.0017648640648164752 -0.0028671613788983676 0.9999943323059303 111.48242644847515
0.9999952480982344 0.002905779065370014 -0.001029670836440246 -0.8575215363552295 -0.002905368165225456 0.9999956992058171 0.00040051330770312233 -2.1743329836918783 0.0010308302984666758 -0.00039751984253312577 0.9999993896841118 112.80493506200618
0.9999831079544964 0.005807305920331606 0.00024288339552129752 -0.8574109919471729 -0.005806935170393568 0.9999820119325822 -0.0015017746166279776 -2.211245575653999 -0.0002516003140038659 0.001500338865779625 0.9999988428393467 114.15780241847473
0.9999626864430912 0.008501404102244925 0.0015335688556818742 -0.8771668828206508 -0.008498202701533725 0.9999617211893944 -0.0020824806169333614 -2.2316277677552225 -0.0015512142950717253 0.0020693703687196725 0.9999966557134709 115.46557835116317
0.9999491780605194 0.009621198282720707 0.0030122785199547747 -0.8896840943057468 -0.009620203847817622 0.9999536653845931 -0.0003446498882481886 -2.2577234756212214 -0.003015455147802402 0.0003156536403703783 0.9999954036840083 116.83312645435862
0.9999503048657465 0.009164346401729027 0.003924606767005646 -0.8986888661823655 -0.009173136498412364 0.9999554449797019 0.002227474394623757 -2.2843150176560836 -0.0039040188877865895 -0.0022633647020128106 0.9999898178543879 118.12445926130184
0.9999498070597667 0.008775958428859528 0.0048338288073222924 -0.8984274387547482 -0.008790623507504659 0.999956798687495 0.0030208799530445614 -2.313799627104129 -0.0048071092670012435 -0.003063220758526439 0.9999837540551577 119.49404155671013
0.9999374708658801 0.00952902269292867 0.005852526764766886 -0.8981934045029561 -0.009541167765907303 0.9999523793003612 0.0020506755583471576 -2.337888774247146 -0.005832707621224162 -0.0021063873151644006 0.9999807711394153 120.82695984073148
0.9999109452617234 0.011216205234297047 0.007231754018610737 -0.8957322268081416 -0.011229995657234471 0.9999351948457919 0.0018690458369395545 -2.3635839135885015 -0.007210322370431818 -0.0019500919969328131 0.9999721038039943 122.1252026278412
0.9998820942530776 0.012887619232240126 0.008349062087876247 -0.903867783601332 -0.012897671721613317 0.9999161589002242 0.0011512019575320954 -2.383136407908942 -0.00833352654487422 -0.0012587497140964588 0.9999644833081703 123.49650232970363
0.9998605412249901 0.013703328130887926 0.009545515797293173 -0.9042542031516845 -0.013707265887354218 0.9999059907806211 0.00034712727114054277 -2.4097864271448928 -0.009539862438564861 -0.0004779217964132511 0.9999543802636975 124.82083203871018
0.9998362768506951 0.014634393230284136 0.010642086126849373 -0.8978263280217778 -0.014629019239681833 0.9998928203818586 -0.0005827372095914101 -2.4378340966163856 -0.010649474418816824 0.0004269585251937558 0.9999432015840961 126.14092820789969
0.9998323134790381 0.014280005088626521 0.0114641331026514 -0.894339526787358 -0.014271606452432629 0.9998978239943037 -0.0008141604636323338 -2.4669765625961313 -0.011474588929996043 0.0006504123551587969 0.9999339532019835 127.48521841294507
0.9998271922698415 0.013754149875739785 0.01250635559495205 -0.8951546455589766 -0.013754452971714456 0.9999054011417354 -6.185212725491982e-05 -2.497911070819685 -0.012506024289046425 -0.00011017664367529173 0.9999217905474763 128.81714594826423
0.9998331304406001 0.012493859792695058 0.0133272171047282 -0.8878804101116973 -0.012507901801518718 0.9999213019473944 0.0009707392416785968 -2.5237799109375176 -0.013314041123717849 -0.00113727279882813 0.9999107174714584 130.179669041742
0.9998443006322147 0.011137238721326444 0.013687088290934936 -0.8730870089602387 -0.011156434292338452 0.9999368847412553 0.0013268510914462505 -2.545926324733878 -0.013671448124312846 -0.0014793436292982302 0.999905447051712 131.5077040799741
0.9998557739209444 0.010123845291552306 0.013635948646544584 -0.8602957578925077 -0.010145261981005082 0.9999474070078439 0.0015022984174665622 -2.5796517253470497 -0.013620023604757425 -0.001640422047231874 0.9999058975561522 132.84767843710753
0.9998749753463033 0.008255916135655092 0.01348604880614206 -0.8511930882584344 -0.008287707402037343 0.9999630040951101 0.0023031206209172673 -2.5968181913567525 -0.013466536643467702 -0.0024146011435235725 0.9999064066637653 134.18177459047766
0.9998915408534443 0.007184409401893202 0.012856546267873052 -0.8366655329015235 -0.007211645742254386 0.9999718463276864 0.002073338468492543 -2.6319499014727405 -0.012841289680394522 -0.002165830490859248 0.9999152016307398 135.51995084885675
0.9999144000449219 0.005837559017052466 0.01170963202453537 -0.8305584631464484 -0.005858206011154597 0.9999813446260308 0.0017296917920601811 -2.6572670733773394 -0.011699317386660161 -0.001798141197621195 0.9999299438734924 136.8672825997098
0.9999399773177587 0.0026364502691960164 0.010634420234273467 -0.8216475995297137 -0.0026657994780415074 0.9999926748668361 0.0027465851672423087 -2.6721851510291863 -0.010627101996523268 -0.002774769589800112 0.9999396808561153 138.19260052671572
0.9999526127913202 0.0020250485537242225 0.009522150677263759 -0.8072314721873917 -0.002054367751767789 0.9999931764988507 0.0030702657678956997 -2.7011483025984804 -0.009515869067398685 -0.0030896823305502858 0.9999499497938025 139.54338947596037
0.9999656303200968 0.0009356517263977796 0.008237884417508064 -0.809928504819837 -0.0009613790234186594 0.9999946718053144 0.003119633369706552 -2.7245944014092713 -0.008234922327548359 -0.003127445933836231 0.999961201812293 140.91006054786916
0.9999749578970683 0.0004232795563041472 0.007064305986614231 -0.8104523803216865 -0.0004424684084682884 0.9999962165854319 0.0027149653309328707 -2.7460171293668583 -0.007063130664807437 -0.00271802312286438 0.9999713618546272 142.2230009690919
0.9999819024744482 -1.0177911495771325e-06 0.006016205506987142 -0.8054068995852335 -1.0827543600856748e-05 0.9999980617113758 0.001968871740562536 -2.766103191815877 -0.006016196356561557 -0.001968901283491941 0.9999799642009358 143.57522211927494
0.9999854949439417 -0.0015345329236380635 0.005162859520160976 -0.7986575028858542 0.001535606914334381 0.9999988001365168 -0.00020404561035022685 -2.795471373325934 -0.0051625406470713515 0.00021197078298867053 0.999986651529297 144.92086389590065
0.9999816692295487 -0.004475598886405759 0.0040780179402303334 -0.8113524381422181 0.0044804428765112935 0.9999892672654477 -0.0011793980141069943 -2.8431734358476675 -0.004072696004348035 0.0011976477516091085 0.9999909893504838 146.22672361337487
0.9998980632907478 -0.013981675046549798 0.002894098152898678 -0.8037898492242335 0.013976855653167444 0.9999009090816262 0.0016791406893747736 -2.8538145717449654 -0.002917288817714296 -0.0016385191503917856 0.9999944023230661 147.60414310926058
0.9997451667103342 -0.022537565323027663 0.0012883300155173173 -0.7980003776425195 0.022533172646621073 0.9997405528124147 0.0033291423053417577 -2.873116661649895 -0.0013630266348841425 -0.0032992638130709805 0.9999936284874054 148.91893947283205
0.9997469264195543 -0.022491628307984332 0.0004580122388893012 -0.7709510653544592 0.022491402487321805 0.9997469136305421 0.0004954760211476327 -2.9180336942492517 -0.00046904042226803087 -0.00048504928362363883 0.9999997723637966 150.24470548838607
0.9997325130332708 -0.02312232005511043 0.0005105910195300056 -0.793894041745441 0.023123862003150968 0.9997273207742325 -0.00325132292676856 -2.9395019327734597 -0.00043527370032715946 0.0032622601588734473 0.9999945840826252 151.62762965573512
0.9998155140160113 -0.019140117384636925 0.0016105430941273989 -0.8002886538744602 0.019148718450866936 0.9998014888640882 -0.005505400932537895 -2.9770105308507255 -0.0015048494935442384 0.005535225224455377 0.9999835482184062 152.9499588409238
0.999814098544429 -0.019132111398860487 0.00239388299885618 -0.8051235410036861 0.019145119764051775 0.9998014001009372 -0.005533962233828908 -3.009142653067066 -0.002287531388432501 0.005578764765361172 0.9999818221251123 154.31958697100285
0.9997126585350246 -0.023804980425406422 0.002814831689378103 -0.8101440623943541 0.023811230559456456 0.9997140350062323 -0.0022076025277087386 -3.0305138239475964 -0.0027614750444863107 0.0022739928635793546 0.999993601583658 155.64294071333973
0.999522946295566 -0.030725661933776315 0.0031326538507435242 -0.811859626678997 0.030724961426544163 0.9995278398803252 0.00027214090595113554 -3.05800709216032 -0.0031395367087373905 -0.00017576038881401536 0.9999950561945741 156.9753870965319
0.9994708790201733 -0.03237417703738729 0.0031423940760790005 -0.7934786375901757 0.032369852446966906 0.999474952964514 0.0014181199613666257 -3.092553418805343 -0.003186654903714968 -0.0013156507703571004 0.9999940571272206 158.3288380365217
0.9993911864188416 -0.034756437919819985 0.0030408080516168183 -0.7951953055997438 0.034751130690998874 0.9993944086154412 0.0017818432621802363 -3.1218098767387557 -0.0031008973470625463 -0.0016750869377172627 0.999993789238579 159.66240243009477
0.9994264110905831 -0.033617340207589434 0.004089405614302322 -0.7989618997789133 0.03361025068606234 0.999433411685296 0.0017907189133504694 -3.1391545137890593 -0.0041472881582264145 -0.0016522458324782397 0.9999900349903548 161.02839938313633
0.9995036657742301 -0.03104324341468492 0.005360889480649376 -0.8048840740905416 0.031035626142145487 0.9995171553685234 0.001498681331383156 -3.155277343263201 -0.005404825386518068 -0.0013315589209449076 0.9999845072838766 162.37534614469163
0.9996026110352847 -0.027473594409912993 0.006310437682418633 -0.810644012500684 0.027476680516299406 0.9996223636781804 -0.0004025748450179202 -3.1875600709056346 -0.006296994984401894 0.0005758047838178942 0.9999800079484895 163.71879086590076
0.9996793950077651 -0.024314155237813377 0.007066049805341114 -0.811113223674385 0.02432466848386853 0.9997031234621377 -0.0014055042005257318 -3.2104587220740988 -0.0070297790071069816 0.0015769329632659979 0.9999740474046349 165.0768303301436
0.9996768684713159 -0.02436347367682864 0.00725119311823735 -0.8073824617316893 0.024365189824000377 0.9997031137102668 -0.00014819472721763595 -3.2359213656228905 -0.007245430410769113 0.00032482356853803053 0.9999736987646807 166.41556155871203
0.9997039021381406 -0.02324353534232702 0.007200425267845437 -0.8070848522172507 0.023246323028012238 0.9997297216548485 -0.00030348446037513295 -3.2578822620067283 -0.007191425703378418 0.00047077804390060964 0.9999740305416392 167.74689162659956
0.9997836149672072 -0.01968654323329242 0.006720362492895621 -0.8058577203684255 0.019704252922395755 0.9998025259038373 -0.0025790708234148542 -3.2972207076777136 -0.0066682629703706114 0.00271093254729876 0.9999740922179122 169.13532588792046
0.9998707734149915 -0.014876330861502937 0.006093543031512832 -0.8124103971759837 0.014911518502125857 0.9998721671156736 -0.0057702715274954575 -3.330771545164856 -0.006006924119250659 0.005860389966446712 0.9999647857229076 170.5209527993185
0.9999272302984088 -0.010500525802890374 0.005939114553581809 -0.819268337134132 0.01054229007987742 0.9999196114045453 -0.0070449157808598175 -3.358972593131477 -0.00586466229722759 0.007107015145767872 0.9999575471318207 171.88961859299872
0.9999706822324274 -0.004336506420989719 0.006311053780021043 -0.8204987524654472 0.004373690458486483 0.999973088884368 -0.005890019781221529 -3.4048305784692463 -0.00628534236960984 0.005917449819757411 0.9999627384320845 173.273303561924
0.9999738235559417 -0.0015577625547120878 0.007065804109403474 -0.8275932727289737 0.0015827166663792969 0.9999925260462611 -0.0035274434624064195 -3.4391829118754123 -0.00706025697999561 0.0035385343690879727 0.9999688152833099 174.63262620961675
0.9999736348684326 -0.0018268883768228286 0.007027948222543515 -0.8310515858415506 0.0018384389062559917 0.9999969695457275 -0.0016373879014399608 -3.4644134994380686 -0.0070249361946242515 0.001650265224578874 0.9999739631057468 176.03371206282526
0.999975126609287 -0.0034078183190906393 0.006175188100257477 -0.8308482438463429 0.0034125604332237557 0.999993890275827 -0.0007575206891463132 -3.497159766792771 -0.006172569400710386 0.0007785750725952035 0.9999806464134856 177.45840873069724
0.9999732502145132 -0.005616302054672782 0.004685725031687082 -0.830273467133473 0.005619925937323751 0.999983918901697 -0.0007605021025780594 -3.5221739997805543 -0.004681378866423841 0.0007868152105675831 0.999988732740689 178.86188356295372
0.9999741316144274 -0.0067403561966992275 0.0025107193496649665 -0.8297718607784573 0.006751272134663129 0.9999676840841472 -0.004364757047748405 -3.555775965081697 -0.002481218409038149 0.004381594781651332 0.9999873225090913 180.19635279654088
0.9999899382169005 -0.00437569059503303 0.0009883339961314604 -0.843139588363798 0.004384214941770373 0.9999517227832666 -0.008793790754639104 -3.5973424057111147 -0.0009498074617690778 0.008798035519625488 0.9999608454513377 181.61180188722273
0.9999998855274814 -4.3886685226346075e-05 0.00047646591154611347 -0.8714045031895302 4.86151870442101e-05 0.9999507085458557 -0.009928651193535342 -3.630332082217441 -0.0004760067385991421 0.009928673416568348 0.9999505962104688 183.01138706654137
0.9999964367513968 0.0026656116689892668 0.00014489430956550128 -0.8894668255059344 -0.002664254277752678 0.9999588045694099 -0.008677033927520774 -3.6578199523562898 -0.00016801796493696964 0.008676617142916133 0.9999623433334768 184.34349067067285
0.9999849536641334 0.005468051272966091 0.00043914739715350494 -0.886544583659775 -0.005465502630060348 0.9999693287952727 -0.005609791506576979 -3.6969484592934507 -0.00046980860019769596 0.005607307045228478 0.9999841685680557 185.7790484896985
0.9999858989086864 0.005238421824355472 0.000872302437974285 -0.8985880671924442 -0.0052357201847301055 0.9999815763169129 -0.0030715259139603825 -3.7292986640243173 -0.0008883763932497533 0.0030669155277704557 0.999994902394513 187.1521597306414
0.9999849646087892 0.005378239582869469 0.0010700870346259256 -0.9078842841731122 -0.0053752911222665345 0.9999817999109873 -0.0027397268107723985 -3.7652969311950897 -0.0010848025603807103 0.0027339336392196733 0.9999956743948859 188.60492010717977
0.9999929168194771 0.003657467120323496 0.0008883915870692982 -0.906255929331922 -0.0036556453176882437 0.9999912291642874 -0.002043981122487446 -3.7974639990304766 -0.000895859666494055 0.002040719038204799 0.9999975164468013 190.0157049103302
0.9999993954907462 0.0004844023644158162 0.000987103397193203 -0.9150980297077249 -0.0004828910143538437 0.9999987117450069 -0.001530792460654217 -3.8225853383225328 -0.000987843729799132 0.0015303149025102073 0.9999983411483623 191.36709037299238
0.9999980773365772 -0.0013934694960637903 0.0013796992449541952 -0.9221364844930371 0.001395199690445069 0.999998240692673 -0.0012538051577762033 -3.8582352256510966 -0.0013779497957731206 0.0012557277300284304 0.9999982621985616 192.82791406357433
0.9999881406776264 -0.004555304665476587 0.0017227048398561493 -0.9234290100012794 0.004556229085692302 0.9999894783412931 -0.0005328951300027841 -3.8869695334146206 -0.0017202593599720305 0.0005407378636696524 0.9999983741526022 194.199397948114
0.9999520158184771 -0.009602039375693431 0.001940853600781849 -0.9208733924857972 0.009600235401283675 0.9999534776841681 0.0009369833489804988 -3.9105007940654954 -0.0019497604221286736 -0.000918305746318851 0.9999976775704662 195.66546118227814
0.9999049679154017 -0.013617358903946945 0.002150043634480003 -0.9171556120630666 0.013614367598982956 0.9999063397649974 0.001400243657879418 -3.9415366238230463 -0.002168910062515247 -0.001370839120246259 0.9999967083078529 197.05573304643642
0.9999309965060379 -0.011479871039133966 0.0024929502211838957 -0.9293286332542701 0.011487501084172985 0.9999293101338473 -0.00306790549401453 -3.9729539788463857 -0.0024575550448149184 0.00309633163799716 0.9999921865445348 198.4747049534613
0.9999904087302275 -0.0034180773007586717 0.002738467360588953 -0.9470576549609746 0.0034397245626276614 0.9999625657738873 -0.007939479881849742 -4.008893285573144 -0.002711227327594751 0.007948823467091817 0.9999647321023596 199.90704001015726
0.999977495276065 0.005323912358743516 0.004082265662860808 -0.9657465570006483 -0.0052872603603786135 0.9999460836385223 -0.008937264905098047 -4.037163527934629 -0.004129627133649744 0.0089154799480036 0.9999517290312441 201.33062728480718
0.999908090413269 0.01233877846296385 0.0056182958370033335 -0.9830571111960376 -0.01231257523246046 0.9999132687004197 -0.004674997126877918 -4.072197257462051 -0.0056754927929215234 0.004605391845590878 0.999973289213955 202.79376367245905
0.9998885923295654 0.013406401769949516 0.006562872367821147 -0.9762898208288397 -0.013387999425095953 0.9999063433142773 -0.0028400888979092428 -4.100228520963257 -0.006600333644633151 0.002751908808075335 0.9999744309666492 204.2282681254655
0.9999006408587816 0.012704959790083077 0.006106748888198534 -0.9733559602104667 -0.01269118938674376 0.9999168446359994 -0.0022885708371970107 -4.139342849200091 -0.006135317800815273 0.002210841578922814 0.9999787347981968 205.68932362399644
0.9999472765093413 0.009109968648959655 0.004738423568462958 -0.971905102737898 -0.009099661973171988 0.9999561940757273 -0.0021922823647260122 -4.1683897649539805 -0.0047581880254898 0.002149048766440683 0.999986370522398 207.12547403551568
0.9999655462851912 0.007527054781920376 0.0034999538951554013 -0.970107957893563 -0.007517841810744778 0.9999682604861939 -0.002638198413807398 -4.204643553708772 -0.0035197009723637986 0.0026117954669203163 0.9999903950663516 208.55537957464819
0.9999665291876416 0.007581323994819868 0.0030763645349767116 -0.9783919932204976 -0.0075710666421328595 0.9999657862441478 -0.003332462652318236 -4.231589701466362 -0.003101524025349489 0.00330905981311451 0.9999897152809738 210.02939320042694
0.9999530251266535 0.00922135165916168 0.002985665240719905 -0.986064475919844 -0.009211295102494414 0.9999519136342846 -0.003364889661501573 -4.26962843384079 -0.0030165507600245682 0.003337229813794072 0.9999898816061176 211.51622829167093
0.9999438030496355 0.010224742740904735 0.002800956751107639 -0.9926820817771016 -0.010217358260810171 0.9999443207006352 -0.0026383920042475713 -4.298586232581125 -0.0028277779170375297 0.002609625401968348 0.9999925967343222 212.9550742389799
0.9999461710323854 0.010087177085669643 0.0024297893576079206 -1.007721129224585 -0.010080273328027037 0.9999451675603437 -0.0028372496550717894 -4.335508411361664 -0.00245827617671435 0.0028126040377074546 0.9999930230423107 214.39517337186226
0.9999495847922848 0.009807402159888488 0.0021546965731369556 -1.0098058052308603 -0.009799713668018104 0.999945678026035 -0.0035505818583750634 -4.369114061022269 -0.002189401698476366 0.003529287509425746 0.9999913752861636 215.86530586551672
0.9999571343992031 0.00906229739311934 0.0018984500580019113 -1.0165079548606282 -0.009054256784988106 0.9999501793939117 -0.004202283246066391 -4.401712364794119 -0.00193643798421226 0.0041849141354696915 0.9999893682928618 217.3432737741516
0.9999481665437223 0.010102249758718502 0.0012683668285022197 -1.0179315302818432 -0.010096782184515296 0.9999400111973987 -0.004246059277227492 -4.438908732890165 -0.001311185606903925 0.004233032842462789 0.9999901810633877 218.81260235895874
0.9999398235274188 0.010912911211377363 0.0011214584163004215 -1.0272707219589892 -0.010907508834881223 0.999929389887477 -0.004716091179351839 -4.476609443399004 -0.0011728456179425292 0.004703575149337588 0.9999882503370232 220.28913492010085
0.9999467237285182 0.010271470515530436 0.001023022959249057 -1.0386472429642906 -0.0102664147882419 0.9999356292764652 -0.004830947596581586 -4.511090235247492 -0.0010725781375471922 0.004820187531677751 0.999987807608957 221.78216362619023
