1.0 -3.469446951953614e-18 0.0 -1.7787691892340307e-19 0.0 0.9999999999999999 -3.5575383784680614e-19 0.0 2.168404344971009e-19 -2.371692252312041e-19 1.0 0.0
0.9999999398638733 -7.08535559765227e-05 -0.00033948727388392647 0.05569069961672338 7.123806521749064e-05 0.9999993559314045 0.0011327230995349811 -0.026761272848715878 0.0003394068273799933 -0.0011327472383819146 0.9999993008434594 1.3159701006825606
0.9999991075624272 -0.0005587901877283866 0.0012135198795759842 0.11108300046058615 0.0005566348298350308 0.9999982684086526 0.0017757635472657302 -0.04833477912174309 -0.0012145101586562628 -0.0017750865086460634 0.9999976870130872 2.5650198957187875
0.9999996659213443 -0.0007369579103192036 0.0003536268276526451 0.1103502796412044 0.0007362903164471555 0.9999979534200237 0.0018844179070216867 -0.07349488545041369 -0.00035501486902977724 -0.001884156941751959 0.9999981619567367 3.897784413580999
0.9999990816152095 -0.0011728103918876402 0.0006791813769637491 0.09599107388983853 0.0011713708126030922 0.9999970747322415 0.0021162266397835756 -0.08916644562131928 -0.0006816613785775856 -0.002115429163273488 0.9999975301452436 5.224875016303551
0.9999989345137452 -0.0014382102493606976 0.00025005046900631765 0.09968768325733887 0.001437607186562672 0.999996096659264 0.002395819103268263 -0.09785175088987014 -0.0002534952039414493 -0.0023954571221109114 0.9999970987584967 6.560065706354954
0.9999960690635743 -0.00275937056972635 0.0004977310486333083 0.08538357635384358 0.0027578507123060623 0.9999916090734297 0.0030291975188677647 -0.12883348572754985 -0.0005060855908108116 -0.003027813000510741 0.9999952881017203 7.89452619409971
0.9999961190521012 -0.0027486389414075277 0.0004548289440263712 0.07141660670445676 0.0027472103618666702 0.9999913820104753 0.0031126733568922096 -0.13977830234076177 -0.0004633806759586658 -0.0031114118248247 0.9999950521851211 9.226629201102588
0.9999961140037363 -0.002785634021904239 -0.00011056393088265649 0.08029356087600625 0.002785970253609866 0.9999911089619344 0.003165495566809349 -0.15318072665287136 0.00010174504706919152 -0.0031657913538748464 0.9999949836943343 10.547060986817591
0.9999995761361966 -0.0009205497899925398 -1.7802447149692195e-05 0.034279272443681244 0.0009205822686716922 0.9999977410154515 0.0019158524234286144 -0.17303430750142784 1.603877236373754e-05 -0.0019158680370546276 0.9999981645947047 11.880632178647133
0.9999996616646105 0.0007903496909034214 0.0002280724635132115 0.03126375088962853 -0.0007906537604526458 0.9999987949887645 0.0013359972902948977 -0.19859544666638046 -0.000227016301789128 -0.0013361771913865943 0.9999990815465702 13.199066597602608
0.9999977938952752 0.002091849485883624 0.0001907011067084918 0.019267087615104216 -0.0020920420707745266 0.9999972969509681 0.001014620253600249 -0.20269280496231287 -0.00018857817362860586 -0.001015016991433724 0.9999994670891835 14.537089898403483
0.9999969348898438 0.002360331666501003 0.0007476912709045269 0.001062029774969532 -0.002361340489813091 0.9999962993627369 0.001351049926356094 -0.22531938794421696 -0.0007444996400195424 -0.001352811366775935 0.9999988078096973 15.887893711040874
0.9999979973921436 0.0016299055919778357 0.0011613002639033173 0.008417344227199704 -0.0016332382571614974 0.9999945347763108 0.002874535193265367 -0.23446161471193483 -0.0011566087916662494 -0.0028764261737176506 0.9999951942021813 17.2223144384088
0.9999954897581459 -0.0028165574376046876 0.0010428198030374206 0.013348754850987798 0.002809792481737315 0.9999753607421629 0.006432959588915121 -0.26992453618116335 -0.0010609129931536477 -0.0064300005911825265 0.9999787645526085 18.58495588724019
0.999984533742608 -0.0054893056149561935 0.0008943197014729071 0.008089040528327034 0.005485309888292631 0.9999752264775424 0.004411099488471886 -0.3068651871328671 -0.0009185114928754198 -0.004406125726463956 0.9999898711448812 19.928620090394414
0.9999823904451492 -0.005845243786876047 0.0010256380737316694 0.017655392546417077 0.005842729687949317 0.9999799597898181 0.0024377286201482194 -0.3081368355010618 -0.001039866723292964 -0.002431693209417367 0.9999965027660211 21.284740290929086
0.9999919167140082 -0.00375946758001075 0.0014258041148070867 0.002827046382301912 0.003757446597428835 0.9999919359048555 0.0014176441384933327 -0.3625070757771307 -0.0014311223236993544 -0.0014122753202434897 0.9999979786807186 22.63025680156869
0.9999964690841804 -0.0012944929571845568 0.0023207999165560165 -0.014890052704266174 0.0012899927032827465 0.9999972869655307 0.0019395819341836336 -0.33422801039264527 -0.00232330458997518 -0.001936581306012445 0.9999954259424663 24.003834446640674
0.9999946207823228 -0.0005481893786802722 0.003233867617006042 -0.016007539500638365 0.0005225905621150453 0.9999685677902306 0.007911404902450143 -0.3616482580589497 -0.003238103184736438 -0.007909672509426823 0.9999634752163433 25.37853818043452
0.9999945439701956 -0.002002251738954188 0.002627360701087301 0.0056330909773883026 0.0019808598795214467 0.9999650742955006 0.008119506018857513 -0.38401138425740766 -0.002643526450395664 -0.008114257441433551 0.9999635846334516 26.778591790614193
0.999979257529459 -0.005785233738136509 0.002831182144183514 -0.002255692355029648 0.005760909419028924 0.999947060424312 0.00852574112370298 -0.4441059204340962 -0.0028803559039082436 -0.008509254255829327 0.99995964725618 28.136761193619673
0.999978297426683 -0.005919714353439824 0.0028916550093285066 -0.015196896492810703 0.005902730721254313 0.9999654839912426 0.005847100771546035 -0.4404869011008185 -0.0029261686094438303 -0.005829905321546737 0.9999787246431214 29.498828684191757
0.9999762354040842 -0.006032852931680316 0.003336663634666756 -0.01678881135703586 0.0060181454015580255 0.9999722079920998 0.004400586432194309 -0.4760557708990912 -0.003363119273076239 -0.004380401406107756 0.9999847506382425 30.896246148979934
0.9999836152678623 -0.0042032639024962865 0.0038861007133281374 -0.03394334486312022 0.004192214715973051 0.9999871595498461 0.00284711520595357 -0.4634269500605148 -0.0038980183174405266 -0.002830777237538922 0.9999883960073066 32.28000633669834
0.9999856847222051 -0.002772343230531297 0.004576513184508036 -0.02902130430589278 0.002767349773261818 0.9999955690433637 0.0010971165373608593 -0.5022055266119893 -0.004579534875717605 -0.0010844360346336048 0.999988925865547 33.65571055024059
0.9999840713805818 -0.002804868029755197 0.004897929152254665 -0.04293708253109004 0.002797438729272489 0.9999949273055951 0.0015230546090930091 -0.5047997095487226 -0.004902176686591446 -0.0015093287158431921 0.9999868452061369 35.04758288336572
0.9999880568914259 -0.002361015676685896 0.00427921581276502 -0.03387553176824588 0.00234933192993087 0.9999935046771453 0.0027333567330880383 -0.5441316649552163 -0.004285641875770649 -0.0027232708383469373 0.9999871084494734 36.43747012899293
0.9999900598906785 -0.001865086756619977 0.004049886276642955 -0.0546970381174588 0.00185038345569012 0.9999916948575356 0.003631293638683713 -0.5363676777605059 -0.0040566256591826775 -0.0036237637673577822 0.9999852059507296 37.846532291951796
0.9999912429395187 -0.001151800822213495 0.004023357518820399 -0.06167068562433243 0.0011367322204975643 0.9999923392036554 0.003745580237797504 -0.5269910862654736 -0.0040276411963472425 -0.0037409740269719323 0.9999848914937083 39.23497440231812
0.9999848678137906 0.0032835178677659673 0.004413915825577131 -0.07386299174206387 -0.0033043214552461453 0.9999834290707532 0.004714132858200233 -0.6014570226159408 -0.004398364111496033 -0.004728646611962362 0.9999791469277284 40.63208892742663
0.999975461763587 0.0057587873595481495 0.0039890139241803724 -0.05931486202717129 -0.005778106105942307 0.9999715527605493 0.004848419318697412 -0.6054148855028464 -0.003960979763016865 -0.0048713493899487014 0.9999802901011566 42.06688800806992
0.999977131267021 0.005537105596547456 0.003882962562531308 -0.07628464037050706 -0.005556290606353662 0.9999723247251909 0.004947466851338708 -0.6074087473326141 -0.003855460776230849 -0.004968928676489479 0.9999802223876684 43.453025103397316
0.999977383070033 0.005426572191392306 0.003973116744667667 -0.10501294227046766 -0.005446731064759695 0.9999722598653366 0.005080613158765335 -0.6369330121287227 -0.003945436545427219 -0.005102138850796146 0.9999792006367217 44.884725149940635
0.9999829804506521 0.005168404502566998 0.0027067318503453874 -0.08546919635411701 -0.005180648774692008 0.9999762915655728 0.004536209227317891 -0.669297180354887 -0.0026832229371744802 -0.004550154741580988 0.9999860481046723 46.271259072655205
0.9999856078422996 0.005166033895847801 0.0014478238689427192 -0.07634351104679207 -0.005173297643717563 0.999973822627244 0.005058760784235891 -0.6935176705106108 -0.0014216523554026845 -0.005066178104214202 0.9999861562757602 47.707120662133725
0.9999850721799355 0.005445255905367543 0.00045232212602887506 -0.07926716788560087 -0.005447629345833682 0.9999704606455307 0.005422285524266621 -0.7146230316155605 -0.00042278306413573766 -0.005424668775395553 0.999985197002353 49.10854860970054
0.9999825929728884 0.005884699282889039 -0.0004290140730588538 -0.0933810851384696 -0.00588227067554593 0.9999677998517623 0.005458769253822272 -0.7293121152075094 0.0004611235172686636 -0.005456150768396964 0.9999850087806047 50.53223549281992
0.9999852155109765 0.005236987141654954 -0.0014638006770257138 -0.1061680519771836 -0.005229252319667573 0.9999726030312553 0.0052390949661078835 -0.7326093246564167 0.001491197776217733 -0.005231363034011973 0.9999852044774106 51.98758298434825
0.9999810185016569 0.0056481669507925224 -0.0024618754934994567 -0.1194679590984692 -0.0056330935162764864 0.9999656052467559 0.006087412467072148 -0.7532141095649508 0.002496173755318222 -0.006073429070043576 0.9999784410585238 53.39951614320077
0.9999854005711962 0.00427404797198524 -0.0033062281036729947 -0.13203557681609684 -0.004252157089237633 0.9999691783241408 0.006600118796637057 -0.7710277489481859 0.0033343357113802645 -0.006585963973195568 0.9999727532746744 54.853757501227506
0.999990845879352 0.002374803942200833 -0.0035592770311300374 -0.14588575933676198 -0.002346005156816644 0.9999646553391812 0.00807368156212475 -0.7992219750691575 0.0035783249492714504 -0.008065257736093028 0.999961072850932 56.243690921432204
0.9999890954426048 0.0022686903254856795 -0.0040819147964028125 -0.16797824668357322 -0.0022365387113770473 0.9999665768798447 0.007864033281585775 -0.8423943679932 0.004099619774969203 -0.007854818327212878 0.9999607467079765 57.67886030433548
0.9999890430732952 0.0030329888498016174 -0.003565767789275991 -0.20089064643257237 -0.0030011318146400843 0.9999558386203824 0.008905841874820162 -0.8919334651938755 0.0035926219497696317 -0.008895043135570841 0.9999539845835641 59.111873006030024
0.9999909244364071 0.0017593106016169377 -0.0038801882364152412 -0.17550222006392902 -0.001724273447256272 0.9999578799786049 0.009014718516313268 -0.8954241158109943 0.0038958848290774127 -0.009007946379175692 0.999951838337002 60.532736818938446
0.9999916695913434 -0.0021522068391123007 -0.0034682489116721815 -0.19151502690897104 0.002185467838928255 0.9999513864090549 0.009615016515742316 -0.884570923298679 0.00344738710261113 -0.00962251635599279 0.9999477599907932 61.99561435058986
0.9999828127528156 -0.0049276986415299154 -0.003176788597330847 -0.19754979946639029 0.004956075632338549 0.9999473307301642 0.008987383976111795 -0.8982005223410429 0.003132334430731698 -0.009002974088500081 0.9999545664414262 63.40002181465006
0.9999846120673486 -0.004824918966837366 -0.002737843493417065 -0.20799698204951841 0.004847200888271872 0.9999547054141866 0.008190955673292005 -0.930726040991739 0.002698199021551598 -0.008204100669032866 0.9999627055352965 64.80371247368011
0.9999836552780395 -0.005417801705419618 -0.001826637699933013 -0.22268466013943194 0.005431755809711343 0.999955427495517 0.00772263180521266 -0.944882622881039 0.0017847167518217702 -0.007732427580590303 0.9999685116817799 66.2499067434157
0.9999925849432125 -0.003650083027988072 -0.0012275811786742028 -0.2278444440440316 0.003659494963026602 0.9999632406918644 0.007754054059831235 -0.9631727791579843 0.0011992332204050645 -0.007758489041318699 0.9999691833710108 67.62286460193492
0.9999986973223157 -0.0015811817925121263 -0.00032437588741524677 -0.26574031407356136 0.0015840248388782566 0.9999586060758401 0.008959743020121208 -0.9813404252297612 0.0003101955112779957 -0.008960245343571652 0.9999598080850091 69.07801241378587
0.9999970895270476 0.0023811459485096774 0.0003886872076239846 -0.2680842560324147 -0.0023849411745720988 0.9999464089775455 0.010074285550677738 -1.0065706820647558 -0.0003646780560732819 -0.010075183425972087 0.9999491775543681 70.4440760157814
0.99998345344445 0.005543442334035124 0.0015372298268845357 -0.2902101969787098 -0.0055599292914280864 0.999924737928344 0.010936437826359642 -1.024515288555072 -0.001476488735631317 -0.010944803973887269 0.9999390137647013 71.90011022734188
0.9999540093651073 0.009355166607472445 0.00211186987093086 -0.3001212543098979 -0.00937752895035747 0.9998972792471559 0.01083941520301761 -1.0307343937574236 -0.002010248564606697 -0.010858721031835229 0.9999390216804623 73.25884471509283
0.9999107470623758 0.01310567897265097 0.0025959697167347267 -0.3049979869995617 -0.013132008566166177 0.9998596958597555 0.010398989136147405 -1.052373247982642 -0.0024593198783827807 -0.01043215150602824 0.9999425593307593 74.6465627484592
0.9998891268375028 0.014477743541503035 0.0034826629525893326 -0.32093582201838006 -0.014514064826127479 0.9998380523486221 0.010640067260115377 -1.0599174025547662 -0.0033280550519395454 -0.010689435377138005 0.999937328046297 76.09487860806412
0.9998762367089464 0.015251245381621092 0.0038614432299214603 -0.3208507233527563 -0.01529302708207299 0.9998221923648933 0.011032090156347093 -1.0708755927674716 -0.00369250382579838 -0.011089778171707644 0.9999316887842652 77.45992647976216
0.9998782124352112 0.015046269800611427 0.004143673271842113 -0.33138807626322053 -0.015093212945172393 0.9998194897460971 0.01154048879884703 -1.1106474412378495 -0.003969284315208613 -0.011601624890847158 0.9999248207146956 78.8700986378945
0.9998929214095784 0.014229247171022648 0.003416754004437028 -0.3119004440429268 -0.014263822548446796 0.9998450349313676 0.01031743776702008 -1.1055909668272734 -0.003269415423543552 -0.010365069175669822 0.9999409363873106 80.25455426036717
0.9999020546375246 0.013604032279333739 0.003288070465112573 -0.3254679958669958 -0.01363737659866215 0.9998535375754584 0.010340473290423355 -1.1374639116058551 -0.0031469170122943604 -0.010384301356765555 0.9999411298662252 81.64559781112047
0.9999098663093553 0.013083614316220321 0.0030130159455762657 -0.3434497768929503 -0.013116096838971233 0.9998531914725399 0.011025585438917322 -1.1442709550170174 -0.0028683193359082095 -0.011064110896887497 0.9999346769636542 83.01211052488112
0.9999117281300239 0.013027870426342134 0.0026096956527354234 -0.35761267075132874 -0.013053561093701645 0.9998639745515265 0.010081516032508307 -1.146218274309063 -0.0024780001851769247 -0.010114692147194923 0.9999457747887716 84.37771578567369
0.999916958146172 0.012742849551513917 0.0019226461928642784 -0.37211827724170043 -0.01276192637115889 0.9998659330700197 0.010259100787892616 -1.1536657969243138 -0.001791658395599805 -0.01028278573326896 0.9999455256556371 85.77216070763825
0.9999161877921642 0.012917347029911456 0.0008714966032688479 -0.38036006363152775 -0.012926206893397772 0.9998551893902765 0.011068579512093927 -1.178534077197534 -0.0007283937720241951 -0.011078917203071937 0.9999383616198312 87.15585103302449
0.999930784510473 0.011762262015553731 -0.00027450321418131455 -0.38506958752381903 -0.01175807940929082 0.9998576164278803 0.012103489708116717 -1.1854816730677096 0.00041682859095654493 -0.012099424576385345 0.9999267124064778 88.56597229383503
0.9999527298356667 0.009607081382183408 -0.001497350132119954 -0.37437804729641855 -0.009587546833184885 0.9998752926340576 0.012549029534367352 -1.2062402229565599 0.0016177230957708584 -0.012534080680878338 0.9999201367114231 89.91716252196863
0.9999562909889518 0.009060739627859958 -0.002306314152724176 -0.3869441949216663 -0.00902951293853132 0.9998719981515849 0.01320814987124359 -1.223573498007682 0.002425694762274861 -0.013186747931411847 0.9999101088064793 91.30269885092935
0.9999657550687192 0.007950041796444412 -0.0022990224623995097 -0.4149237719949921 -0.00792045482239919 0.9998891917087013 0.012604392547583948 -1.238910684840806 0.0023989733716234555 -0.012585751863579308 0.9999179185242264 92.6714268827038
0.9999766432079175 0.006352790497062067 -0.0025209272454322753 -0.4223091303548457 -0.0063198091914073076 0.9998970481779096 0.012882277152117058 -1.2579182357578618 0.00260250634917898 -0.012866044744839026 0.9999138422198878 93.9861645772131
0.9999772438397713 0.006001913763375093 -0.0030803922109469894 -0.4374827744670595 -0.005962816056388999 0.9999034845405457 0.012548563082932172 -1.2605925993620226 0.0031554105753599866 -0.012529909967808062 0.9999165188908639 95.37134904205045
0.9999805044624674 0.0056301919168206494 -0.002700299613618007 -0.45672052076063 -0.005597077974012676 0.9999109112458253 0.012117850312628011 -1.2736345352094487 0.0027682851135375397 -0.012102500526231512 0.9999229300741159 96.74627674329099
0.9999743151528946 0.007028873879552682 -0.001401409837892414 -0.5038518213220065 -0.007013484144976365 0.9999181573761214 0.010699981330552374 -1.2781543179659187 0.0014765040950968928 -0.010689877954767085 0.9999417715302908 98.12163191722493
0.999958418776463 0.00894379330247524 -0.0017802406321463956 -0.4992991061354397 -0.00892341105688077 0.9998980668404649 0.011145792003515176 -1.2903410593715487 0.001879744993756337 -0.011129442956642336 0.999936299003786 99.43019534953949
0.9999544091270419 0.00924336637586749 -0.0023957922906939705 -0.4688230211102603 -0.009213457606572861 0.9998830297275434 0.01220815618901302 -1.3007114032793632 0.0025083567358914496 -0.01218552632710343 0.9999226075570107 100.8438715633839
0.9999476270635044 0.009959898030939305 -0.0023544711874835147 -0.5003079557849577 -0.009927824891201668 0.9998627591660489 0.01326277281969734 -1.3002822206538116 0.002486244142966606 -0.0132387037022595 0.9999092735463404 102.13337892735427
0.9999522240176463 0.00942278454036313 -0.0026001515400692226 -0.48521170269235214 -0.009389503850716754 0.9998774344008249 0.012528104784368464 -1.319922829138624 0.0027178827222169824 -0.012503092364817218 0.9999181395516514 103.4795964670464
0.9999540407430344 0.009289829720723878 -0.0023696920954179843 -0.48482377029465673 -0.009264787617744588 0.9999033232687148 0.010368598919358962 -1.334793355017358 0.002465785735899374 -0.010346167905314011 0.9999434367594088 104.79552452226572
0.9999742254267745 0.006991291157661892 -0.0016341091761535131 -0.5345545264289823 -0.006976051874666412 0.9999337789225544 0.009152730817774695 -1.3471997381111114 0.001697990520165835 -0.009141095466565701 0.9999567776697227 106.08163066557532
0.9999779101426972 0.006437318478157985 -0.0016553372852597488 -0.5259082657599836 -0.006420064655174441 0.9999271072951812 0.010225599038217775 -1.368918723580646 0.0017210422141829384 -0.010214745991455713 0.9999463470528693 107.46310634155549
0.9999926762078898 0.0036962323001567855 -0.0009926675485505006 -0.5377613980728656 -0.003684478709293712 0.9999260182674337 0.011592351403926388 -1.3555581572651396 0.0010354422296177052 -0.011588609273586545 0.9999323137094837 108.79875143073109
0.999997426564235 0.0021984782767675804 -0.0005599583904742295 -0.5428037153730474 -0.0021908595377207168 0.9999096619583016 0.013261525383418243 -1.3890518006971517 0.0005890630407597069 -0.01326026472907145 0.9999119053147881 110.1239390983719
0.9999971714658297 0.0023778278846734715 5.4687640215627786e-05 -0.5378473888119062 -0.00237832596147116 0.999918988274405 0.012504417352759896 -1.3770363748979186 -2.4949849763768704e-05 -0.012504512296882157 0.9999218152207971 111.46315033330615
0.9999931793972912 0.0033310805638501716 0.0015953235599367676 -0.5549316390107029 -0.0033459108251902873 0.9999503592982347 0.009385298247769002 -1.4127517448469664 -0.0015639813071594694 -0.00939057223110972 0.9999546845314732 112.78701531308441
0.9999763053177754 0.006618558773284104 0.0018930060115509312 -0.525463521072537 -0.006633123851286412 0.9999476261064129 0.007794018439779959 -1.4255762520371915 -0.0018413218480402885 -0.00780639046374682 0.9999678343834258 114.1660774667839
0.9999491286488416 0.009496767435491073 0.0033987505973695443 -0.5559391604774069 -0.00952061857981302 0.9999296737818072 0.007071444816261406 -1.432497532578588 -0.003331355985614039 -0.007103443434963189 0.9999692211045378 115.43906388401079
0.9999361548552939 0.009936814839987805 0.005380140078137712 -0.5751148988766307 -0.009985335749660864 0.9999090287566308 0.009067927032357878 -1.4609513677161752 -0.0052895447684570395 -0.009121070777383293 0.9999444118455163 116.81970238144255
0.9999225350471721 0.010883413725476849 0.0060394694540376334 -0.5820834599097134 -0.01095032887410191 0.9998777723654405 0.011159330110441278 -1.4530958041687008 -0.005917280149146718 -0.011224600054960147 0.9999194938328951 118.12619090867219
0.9999176040089688 0.010680338039268999 0.007121485390357954 -0.5868484741317588 -0.010765014068436503 0.9998705311713109 0.011959740285729296 -1.4699451902725933 -0.006992829892767058 -0.012035417981193595 0.9999031198280555 119.48489212397668
0.9999087455465554 0.010827918950360216 0.0080781639214664 -0.5828460993372498 -0.01092015085441466 0.999874678954679 0.011461968057988435 -1.4918795818103923 -0.00795304295981676 -0.011549137100456082 0.9999016784349959 120.79938089957871
0.9998778616854349 0.012654113018954614 0.00917251933852984 -0.5730389904219079 -0.012759694668323569 0.9998519416523471 0.011544911992027845 -1.4908426148620961 -0.009025071403385458 -0.011660540694205692 0.9998912840274347 122.1205113991555
0.9998441257706755 0.014188550728277335 0.010507576347927245 -0.5781045554383285 -0.014301440684110399 0.9998399669549153 0.010747525599592475 -1.500282434312065 -0.0103534038433266 -0.010896124034395578 0.9998870343727433 123.48014512989761
0.9998086137476939 0.015639999979659158 0.011752712093218202 -0.5777701948355891 -0.015766522145831394 0.9998179014119387 0.010750852683617671 -1.5029344942253022 -0.011582429576113133 -0.010934094731764266 0.9998731384004383 124.82765066408261
0.9997921097531062 0.015918515829348303 0.012741196673027025 -0.5629560209595647 -0.016042268784856727 0.9998245511610684 0.009670188581213044 -1.517277312374209 -0.012585027251385581 -0.009872576141525032 0.9998720664797976 126.13822528122796
0.9997767254014869 0.01562688135041934 0.014223216518674253 -0.5944519750947352 -0.0157616078534874 0.9998314982880301 0.009409930259455001 -1.5357352245272682 -0.014073773201174576 -0.009632010212593235 0.9998545660671091 127.48240947109981
0.9997674250099495 0.01580569789301847 0.014672278808047756 -0.5576642412408445 -0.01595270559505938 0.9998231693757744 0.009956967534629184 -1.5392970449762609 -0.014512308698179594 -0.010188714538345906 0.9998427791363332 128.79595214951067
0.9997585956715951 0.015478662962576302 0.01559363127145468 -0.5510714934364219 -0.015645764567366 0.9998208611536022 0.0106515581283866 -1.5639634710649812 -0.015425967263804258 -0.01089296129376754 0.9998216755643269 130.1664977282174
0.9997794329219412 0.01407374876490831 0.015588940616596617 -0.5189197578115667 -0.014240682309116985 0.9998418813668966 0.010649660298965679 -1.5607709369211216 -0.015436596367736284 -0.010869308697809894 0.9998217689273622 131.49425833715196
0.9997836514575066 0.013518358221237602 0.015808359766657207 -0.5244599958234605 -0.013691188235447245 0.9998471189175434 0.010876129246461655 -1.5934463670310395 -0.015658916871469544 -0.01109021165719925 0.999815885815083 132.84196621006507
0.9998121281354775 0.011350902993904947 0.015711951208524238 -0.5258794924758271 -0.011530711811566657 0.9998685196822815 0.01140114277418529 -1.5940474149011368 -0.015580473438568792 -0.011580171025866153 0.9998115564880298 134.17122961854085
0.9998319962684676 0.010528230574088394 0.015004518599399224 -0.4845672159712813 -0.010702031831292445 0.9998760199536346 0.011550379076844294 -1.615599721991531 -0.014881054533120186 -0.011709017632450339 0.9998207104886342 135.50978887970933
0.9998396542002727 0.01125446645948186 0.013928490649697384 -0.4745887699957474 -0.011407898912225274 0.9998745793978795 0.010985687928585584 -1.6341120454330407 -0.013803106831860874 -0.011142821450003582 0.9998426435047628 136.84036787237716
0.9998452542906585 0.011224701923259877 0.013545239679122741 -0.5022066621162407 -0.01139446156005844 0.9998566810513234 0.012521326796439374 -1.6746539721914233 -0.013402751351746744 -0.01267373013516771 0.999829856935632 138.18628678340485
0.9998727442670365 0.010512626303389727 0.011999164222087178 -0.458909915081611 -0.010664496011839632 0.9998629413540937 0.012663611301645636 -1.6864976613827618 -0.011864392812589225 -0.012789965073977557 0.9998478149073643 139.54120918831603
0.9999008177736869 0.008892013292632983 0.010921845180654482 -0.463989156061709 -0.009032403274310959 0.9998763476762884 0.012872647879076205 -1.6920313846312554 -0.01080603181635179 -0.012970021905019571 0.9998574939491781 140.8993448592349
0.999910423104418 0.009719651506040506 0.009201854526496162 -0.454851096677226 -0.00983218444838788 0.9998764524427113 0.012264094626582565 -1.699858196199997 -0.009081515692133182 -0.012353470621564503 0.9998824520081824 142.24344506697284
0.9999197641593036 0.009526740333478945 0.008349038730162515 -0.44565653057829446 -0.009627147955570962 0.9998808136260278 0.01206965541291781 -1.7137750045345514 -0.00823305985202123 -0.012149064665159215 0.9998923026760157 143.5811180696958
0.9999387666140833 0.007595882151373217 0.008047706964641271 -0.44213459206771205 -0.0076766882241921 0.9999199496898648 0.010057966144676887 -1.7233837907367882 -0.007970664283571169 -0.010119130197414967 0.9999170324138624 144.92640242668486
0.999970506109333 0.003906794270606175 0.006612402668504231 -0.43681019827639234 -0.003965409273591334 0.9999527574770072 0.008874590023737482 -1.7479006696990973 -0.0065774196333544446 -0.008900549333476192 0.9999387570090394 146.23627249822084
0.9999684133950723 -0.005042747048592228 0.006143527254483983 -0.4548747451165428 0.00496879570054513 0.9999157274861175 0.011993706030432571 -1.7561171655338668 -0.006203491263904552 -0.011962801485043218 0.9999091999150912 147.6419140775682
0.9999245417929403 -0.011426838416168747 0.004509778189353936 -0.43512208011486186 0.011364788459661981 0.9998435674976446 0.013552937006822282 -1.7746493345180323 -0.004663940317115099 -0.013500661904926095 0.9998979846908675 148.95078212286685
0.999923956965004 -0.011921100592456279 0.0031571604807097077 -0.3883188134450498 0.011885808174539443 0.9998691730332102 0.010971069595996762 -1.8044428189018045 -0.0032875349313565127 -0.010932710122399377 0.9999348318581108 150.25428137959796
0.9999102242044292 -0.013068076955411668 0.00296123456250097 -0.42696333651899565 0.013045851956273337 0.9998874827128991 0.007404569444771277 -1.8018693979468068 -0.003057665107225685 -0.007365272998627238 0.9999682012123602 151.6674657708849
0.9999565989256589 -0.008424594709959158 0.003978251232831995 -0.4091644331251382 0.008404912238743746 0.9999524820969073 0.004938723347960469 -1.82929881554991 -0.004019669272383887 -0.004905072236543639 0.9999798910586204 152.97937460052844
0.9999454793336688 -0.009146409122925572 0.005038013036352286 -0.4239702591966603 0.009119196467268961 0.9999438475789822 0.00539832696787672 -1.8449478978007714 -0.005087105871659885 -0.005352090111157561 0.9999727378688549 154.34872050836478
0.999918226573043 -0.011594488722731644 0.005395184356974581 -0.4186607496168936 0.011559554107888654 0.9999123055670628 0.006462033167107897 -1.8273531673084584 -0.005469635656228305 -0.006399138931814542 0.9999645664234744 155.66467480604203
0.9997383065461624 -0.02223877743137953 0.005362388693583653 -0.40168669558535736 0.022187187303029828 0.9997087363074597 0.00949585505282631 -1.8276546229680042 -0.005572003493089538 -0.009374393890605084 0.9999405349885873 156.9995185768753
0.9996645736617965 -0.02537380470738057 0.005187504746703391 -0.37565034527277563 0.025318511607175413 0.9996247037080518 0.010460626356482578 -1.8416298719731707 -0.005450984236028355 -0.010325777867422474 0.9999318302163708 158.32696620469284
0.9996412751692478 -0.026306185319690905 0.005030466724092231 -0.36636407172831326 0.026252422275479276 0.9996005065608671 0.010470797807390055 -1.8493738926455996 -0.005303904271022621 -0.010334979914799688 0.9999325261172942 159.6645548965207
0.9996631224776807 -0.025201746954469563 0.006205925775343954 -0.37676606476257446 0.025136737660720738 0.9996305481170585 0.010339810825528992 -1.8582160992109489 -0.006464214816456641 -0.010180331023635572 0.9999272847482463 161.04557063550217
0.9996960771043655 -0.023500168742459866 0.0074495302137158725 -0.3797841399923376 0.023426486969919395 0.9996772471523049 0.009828592412232568 -1.86122418031864 -0.00767810007606446 -0.009651089121478863 0.9999239487352204 162.38203921676524
0.9997448551254895 -0.020912878712664874 0.008536753872810051 -0.37857488299945424 0.02083812036904341 0.9997445342249571 0.008754371401032645 -1.8899671161520057 -0.00871765285986974 -0.0085742480091798 0.9999252396030676 163.72037412980396
0.9997546697726795 -0.019771378423902815 0.009984632024572893 -0.42939702609619124 0.019696129618299592 0.9997772818865558 0.007579517976187822 -1.8698265302704473 -0.010132266633136454 -0.007381000006876814 0.9999214259164992 165.07548232797777
0.9997509460209911 -0.01981903027682981 0.01025923889245595 -0.44184146263942903 0.01973226120424621 0.9997692436083829 0.008491018390117615 -1.8777864012952155 -0.010425156130873907 -0.00828646582629452 0.9999113213677059 166.4309962944471
0.9997497804996209 -0.020191411588164457 0.009627216752724746 -0.3998777083982801 0.020107364267613545 0.9997595488853794 0.008748617363482541 -1.879283945078357 -0.009801549631604092 -0.008552850479835668 0.9999153856047327 167.74840564681114
0.999773651199018 -0.018803741631102475 0.009953174540346613 -0.4229546091422872 0.018738323850185062 0.9998024685994774 0.006625631469403664 -1.8851409398046872 -0.01007579598299635 -0.006437626062086492 0.9999285150953177 169.13757237218326
0.9998354932721815 -0.01567029507783326 0.00913390726290733 -0.4063503821948289 0.015625934279134574 0.9998658612241077 0.004908128548772304 -1.9161129307682048 -0.009209594647674405 -0.004764595368425235 0.9999462395506504 170.54346564760732
0.9999182754127817 -0.009420012890294 0.008643255705258597 -0.3967421711059225 0.009395648996971543 0.9999517836598897 0.0028551926826276505 -1.928516625030638 -0.008669735640716094 -0.00277375038678949 0.9999585701349213 171.9051215643458
0.9999268120526358 -0.008074200409451721 0.00900987468619631 -0.3979480337129233 0.00804077826436047 0.999960679715783 0.003739638701965692 -1.9271568936978087 -0.00903971576808335 -0.0036669186596790552 0.9999524174880254 173.26075467936016
0.9999456454392041 -0.003624443767558501 0.009775969849262567 -0.39816967617443866 0.0035681680292911095 0.9999769996398894 0.005767873241810983 -1.9506200674585858 -0.009796651153656303 -0.0057326775307618765 0.9999355789394352 174.6500364687682
0.9999486894516426 -0.0019563949635534716 0.00993936579956961 -0.40264987124582435 0.0018735460432032659 0.9999634837032164 0.008337930202194546 -1.9708567879437577 -0.00995531596982544 -0.008318880673317718 0.9999158404104669 176.0394912963116
0.9999519192607133 -0.004188136209895842 0.008866718362495526 -0.39693612346187485 0.004105726026380721 0.9999483972394527 0.00929224749765086 -1.9901303627432478 -0.008905178758343736 -0.009255396575137197 0.9999175143087504 177.4588080002481
0.9999516237437989 -0.006355368517248388 0.007507294959866833 -0.4021513163410911 0.006284502367906205 0.9999358269966183 0.009425863778701768 -1.996856901927399 -0.0075667186635199855 -0.009378228351566386 0.9999273941630916 178.8506244421092
0.9999442618963666 -0.009080833533810203 0.005386239699347154 -0.38574548763733674 0.009051343669003191 0.9999440500267406 0.005474484745486779 -2.0009853981875856 -0.005435651678346938 -0.005425426997045494 0.9999705087792191 180.18831930866727
0.9999758554066973 -0.005989886575105272 0.003522765140192327 -0.4128000451538272 0.005983490893360213 0.9999804363575341 0.0018233845483811698 -2.0362585395949107 -0.0035336183854381446 -0.0018022621184283012 0.9999921326632047 181.60806049802392
0.9999942279459569 -0.0029598774344718696 0.0016682946119160212 -0.3669847174008265 0.002957810121234583 0.9999948563672271 0.0012404007159752485 -2.0496926340105825 -0.0016719576049960307 -0.0012354590783509077 0.9999978390959166 182.99607360399443
0.9999985816602412 -0.0006106280866206553 0.0015696541053150752 -0.39560789468805513 0.0006068344021541976 0.9999968967161733 0.0024162592220208657 -2.0577588106950113 -0.0015711248007466978 -0.0024153033206923786 0.999995848928868 184.32218688117555
0.9999890918557682 0.003054975323711351 0.0035331705342503354 -0.43379064390004485 -0.003075028534972487 0.9999791167825233 0.00568420641244695 -2.085713636871654 -0.003515731932646503 -0.0056950091202396455 0.9999776029977547 185.7812945086704
0.999984220673223 0.004688074161477475 0.003095215678605391 -0.4274337729683973 -0.004711204475931588 0.9999607141218648 0.00750831353911208 -2.102378279353894 -0.003059894802435818 -0.007522777406308963 0.9999670218872689 187.15672726798766
0.9999903482853032 0.002641693811059483 0.0035106679745825612 -0.4348548847468278 -0.002669630889426477 0.9999646196237869 0.007977002821319343 -2.108412650937484 -0.0034894712554364355 -0.007986298173821096 0.9999620205936888 188.60526917278483
0.9999907294007985 0.0026057136874966273 0.0034280268685891457 -0.43945451170517086 -0.0026342576938976642 0.9999616799366163 0.00834861347430064 -2.1279221007151 -0.0034061416912279817 -0.008357566547752186 0.9999592738098905 190.01257155067202
0.999991143535285 -0.001835150878926559 0.0037874898812972 -0.454947569359564 0.0018006401095944993 0.9999570166364168 0.009095194843334143 -2.1289627395225525 -0.0038040184510365407 -0.009088294560492883 0.9999514649940784 191.37756196026356
0.9999843006207224 -0.003404968235027771 0.004450248682475589 -0.4720192906596927 0.0033629293874573966 0.9999499754891729 0.009420043387615205 -2.1524209188699794 -0.004482101380392245 -0.009404929805818541 0.9999457275574228 192.8356953118608
0.9999757735603678 -0.00538360676907128 0.00441237832667009 -0.448118911037531 0.005339624173828385 0.9999365392864402 0.009919969934363764 -2.1628170711190275 -0.004465503900264417 -0.009896169354128286 0.9999410608156234 194.1857944544683
0.9999522648399483 -0.008474408922272282 0.004863378400592189 -0.4496407035998503 0.008421423884611492 0.9999060663565464 0.010813790750613417 -2.1765415861843627 -0.004954562459942873 -0.010772318183358495 0.9999297022640795 195.62108829960056
0.9999200559383173 -0.01151439332754911 0.005224987507975791 -0.4351998985690758 0.011454625687902701 0.9998702230461861 0.011328221480942887 -2.1921195563843554 -0.005354747465421363 -0.011267465789686192 0.9999221824184172 197.04644319991425
0.9999464054928683 -0.008703983863223878 0.0056059630743633265 -0.44677086311514336 0.008653137074718592 0.9999217745683826 0.009031497707712421 -2.222687373339432 -0.005684135028254133 -0.00898250466787969 0.9999435010117421 198.47358418376493
0.9999747602593508 -0.003882018115247597 0.00595052863788125 -0.4691474263844443 0.0038626969467670125 0.9999872419615365 0.0032550699697907358 -2.2208936083754853 -0.005963089462433377 -0.0032320027797439646 0.9999769975937347 199.8986523733548
0.9999526704148627 0.00644587422829784 0.007287498137191228 -0.46183622341037694 -0.006469684668730049 0.9999737951932137 0.003248402642840215 -2.244914786252864 -0.00726636898664192 -0.0032953967762350067 0.99996816961131 201.35321328062082
0.9998861307115748 0.012844589933467657 0.007920990802599358 -0.4693368377427503 -0.012894923141019938 0.9998967807578606 0.006336309433764119 -2.2533662045292053 -0.007838786565588259 -0.00643772862066171 0.9999485532117042 202.79217054159022
0.9998712751463685 0.013472887045982195 0.008712888444325861 -0.43681808875003203 -0.013545678423205098 0.9998733880010103 0.00835000567023053 -2.255621645248111 -0.008599287325565506 -0.008466952972178256 0.9999271788287286 204.21397558124454
0.9998937022414018 0.011133091290529699 0.009414800957022965 -0.4911643253505786 -0.011214241064053916 0.9999000416715726 0.008610893459463132 -2.2623912432592017 -0.009317994787370987 -0.008715558161013666 0.9999186036946695 205.66591589287322
0.9999289265216682 0.00893931264787442 0.007888636237757079 -0.4754224090281772 -0.00900957919661704 0.9999196530545471 0.00891711472399182 -2.2885310966155092 -0.0078082901866547635 -0.00898755442420101 0.9999291247212083 207.1113078323673
0.999949015688962 0.007887749219256494 0.006304714454240712 -0.45481368491429586 -0.007940315954919924 0.9999335577754871 0.00835652029214113 -2.3055698139808913 -0.006238381939469438 -0.008406155832128944 0.9999452080644634 208.54826118452215
0.9999528440602897 0.007700377955823281 0.005917248076275251 -0.4654640596369066 -0.007747271762007915 0.9999384406218329 0.007943221078943559 -2.31036910319196 -0.005855718498547794 -0.007988689196404625 0.9999509444977699 210.07330853967386
0.9999383498489316 0.009167502814505702 0.0062652517463034655 -0.4832593502619848 -0.009217323543172066 0.9999257592704549 0.007969749818464416 -2.3326686414197306 -0.006191724422884458 -0.00802700749480024 0.9999486135274063 211.53175941187547
0.9999339703951186 0.010002097076572689 0.005657993205645534 -0.47046126678705236 -0.010049807540907446 0.9999136463500988 0.008467657967359408 -2.3356511823013895 -0.005572810744959137 -0.008523960765163222 0.999948141590289 212.96684946041907
0.9999375343714945 0.009953504094020864 0.005084790485568603 -0.4802849455350773 -0.009995341597487483 0.9999158484112852 0.008269780071887129 -2.357954472205813 -0.005002049719174991 -0.008320087880270591 0.9999528767062713 214.41066923989982
0.9999258516546701 0.011119299385560992 0.004965113620162348 -0.4913106745831147 -0.011156889987337715 0.999908813922421 0.007608394705239577 -2.376436194534176 -0.004880061259252274 -0.007663225937380879 0.9999587291318629 215.8799100175926
0.9999435542479395 0.009409272442145768 0.004934966519605826 -0.5057170394345744 -0.009445488697188422 0.9999282499130911 0.007367346061844417 -2.385620041546967 -0.0048652914748059245 -0.0074135435263022135 0.9999606833810146 217.3670012822995
0.9999419056313732 0.01003509878828469 0.003934734611308744 -0.47529314059148203 -0.010063415012032534 0.9999231246303265 0.00724379242074642 -2.4097834985569695 -0.003861740275669665 -0.007282968612642993 0.9999660220865313 218.8343836119255
0.9999372312705938 0.01030676654996952 0.004393638994787374 -0.5052084749374911 -0.010336289524410043 0.9999237935087716 0.006750430780501513 -2.4138199402472975 -0.004323729417344453 -0.006795421127564982 0.9999675632801118 220.30365419895924
0.9999372348255771 0.010411367338541571 0.004138818724798252 -0.4945182798402518 -0.010439462273276677 0.99992221308157 0.00682535241592158 -2.4444167230677465 -0.00406743586645 -0.006868131203452678 0.9999681418606429 221.787146311593
0.9999303848504731 0.011238870163145277 0.0035934980410393027 -0.5091341370761644 -0.011261812792686447 0.9999159156606727 0.006429090592939666 -2.4527147410838177 -0.0035209404627010834 -0.006469112466292805 0.9999728764118928 223.289235679697
