1.0 -3.469446951953614e-18 0.0 -1.7787691892340307e-19 0.0 0.9999999999999999 -3.5405977195229754e-19 0.0 2.168404344971009e-19 -2.354751593366955e-19 1.0 0.0
0.9999999329903542 -0.00023856303523352683 -0.00027768132445020336 -0.006249876403034034 0.0002388124324499176 0.9999995679252576 0.000898397127141595 -0.02474944864823339 0.0002774669043207685 -0.0008984633984443721 0.9999995578880061 1.3146648278395987
0.9999988514463402 -0.001501588398800104 -0.00020576749005580186 -0.012837427096427297 0.0015019308477320758 0.9999974712224744 0.0016738428268287617 -0.038483202317622076 0.0002032535653855496 -0.0016741499848839277 0.9999985779541953 2.611731982703824
0.9999972586664498 -0.0022001784628409952 -0.0008011718310105571 -0.014513953161556264 0.002201431430132102 0.9999963503049172 0.0015662289041784667 -0.07225568021752975 0.0007977229927143611 -0.001567988365341604 0.999998452524828 3.9412529262319724
0.9999932584501433 -0.003664275513016067 -0.00023694715808026106 -0.015595850872044893 0.003664546888990884 0.9999926194645642 0.001154169497033098 -0.08939345202140062 0.00023271623511595427 -0.0011550300402625023 0.999999305874411 5.256897733177745
0.9999929908617574 -0.0036714993504973967 -0.000733705532925585 -0.012626440834736179 0.0036726023293773558 0.9999921199546588 0.0015073205943919716 -0.10899118891478082 0.0007281656877263741 -0.0015100046655665065 0.9999985948300384 6.581376158293704
0.9999877996379847 -0.004914098584184713 -0.0005022110401942683 -0.010102085542578996 0.004915471804217508 0.9999840823499667 0.002770049945027499 -0.13928621392054258 0.0004885907915459708 -0.0027724848049039312 0.9999960372963191 7.917836071925066
0.9999867616344207 -0.005134212638851658 -0.00034120755909177987 -0.018870661546568846 0.005135298361371714 0.999981499892732 0.0032601496512719183 -0.15045500237179504 0.000324462975598166 -0.0032618587554621753 0.9999946274867654 9.234020616256982
0.9999884004697315 -0.004723905125965322 -0.0009400271677105353 -0.011337719673276306 0.004726240968479694 0.9999857111537545 0.0024980248078539094 -0.16707460211731764 0.0009282133844154749 -0.00250243867331255 0.9999964381049359 10.564157524471439
0.9999980062086934 -0.0018061963841423095 -0.0008516070821685412 -0.024888458396870032 0.0018061265984371591 0.9999983655189949 -8.284522694679584e-05 -0.18112620840305066 0.0008517553970195332 8.130695386035093e-05 0.9999996339515718 11.895386107136085
0.9999992334976633 0.0008206814491695524 -0.0009270831534397663 -0.013125674169035949 -0.0008214881572042492 0.9999992840824383 -0.0008700536206187776 -0.206469327415151 0.00092636853037986 0.0008708145573332092 0.9999991917620433 13.234110750445973
0.9999928704738154 0.003719264045056428 -0.0006527392417749718 -0.02373597739343569 -0.0037199722322132246 0.9999924903832209 -0.0010867340225378251 -0.21768416621487752 0.0006486925428638556 0.0010891544645844104 0.9999991964703978 14.578241155507438
0.9999895047080044 0.00458074597481954 -8.503651329173304e-05 -0.03340430389727494 -0.0045807959302856995 0.9999893321267022 -0.000593254017367979 -0.23444517534598763 8.231806635284385e-05 0.0005936373340334487 0.9999998204092363 15.92775954428452
0.9999950308493671 0.003150436143643882 -0.00011411718409032779 -0.02305583069146125 -0.0031501956555878537 0.9999929342732429 0.0020512621287393827 -0.25496797656961545 0.00012057875976816124 -0.0020508924871841 0.9999978896484306 17.275346742846395
0.9999988730494886 -0.001483541119749715 0.00023023492093271957 -0.019099533015394736 0.0014825855242183977 0.9999905080179157 0.004097049070807336 -0.27510308186027077 -0.00023631089285506353 -0.004096703190091257 0.9999915805548864 18.633975985907927
0.9999923385556376 -0.0039138805221022 -6.61404656457892e-05 -0.014524061281964346 0.003914019685883379 0.9999898092348304 0.00224986013306994 -0.30211517289735085 5.733411481606337e-05 -0.002250101812375585 0.9999974668743542 19.975178886702075
0.9999920753533623 -0.003980960674819414 -3.446708161462656e-05 -0.012624874545373973 0.003980967884949581 0.9999920550974511 0.00020403724128398044 -0.304873691736113 3.365454682843164e-05 -0.00020417283771015802 0.9999999785904518 21.332578290735306
0.9999964432827015 -0.0026548530006051483 0.00025530715090295547 -0.01537117458724582 0.00265517938209614 0.9999956481256081 -0.0012859815569981141 -0.3496619178567095 -0.00025189196999549123 0.0012866548970052471 0.9999991405341758 22.69117567035921
0.9999992621480798 0.0004770614480315311 0.0011171913375225139 -0.021453176770053997 -0.00047708432253636395 0.9999998859920282 2.0180877737974154e-05 -0.34344595035921954 -0.001117181677061135 -2.071385718424896e-05 0.9999993757370225 24.05499652347607
0.9999979243786264 0.00021563841038389243 0.002026016020723395 -0.0249577589572895 -0.00022389478184533206 0.9999916687161122 0.004075827398200992 -0.3605490927076931 -0.0020251204043109303 -0.004076272631600289 0.9999896413897952 25.448071365065893
0.9999966381901612 -0.001426772370469875 0.0021651637555538776 -0.008223086325552652 0.0014150023430970129 0.999984267357058 0.005427964928154776 -0.37373379817753816 -0.0021728743413187077 -0.00542488307264332 0.9999829244837686 26.813931316137325
0.999988033156707 -0.004375589414262682 0.002188097229619891 -0.013835545379664381 0.004365147297103274 0.9999791694841381 0.004754585151416053 -0.42860329738579545 -0.0022088559453948987 -0.004744976975707647 0.9999863029797009 28.19828752696626
0.9999853165408702 -0.005002338500718488 0.002084063704545596 -0.01932258470402627 0.004997761568847394 0.9999851003889217 0.0021957624117706523 -0.4258178078412787 -0.002095016774579895 -0.002185314554431151 0.9999954176407797 29.558289340016152
0.9999807453095367 -0.0056629895482163215 0.0025376307930648394 -0.013934323022016214 0.005663035751418938 0.9999839648217456 -1.0877631929864215e-05 -0.47441828503008837 -0.0025375287158541093 2.524812328678748e-05 0.9999967801484182 30.943625367212054
0.9999922461391558 -0.0023437231935772296 0.003164590118233233 -0.0177321985403502 0.0023474128547904677 0.9999965689269068 -0.0011626624471385736 -0.48546581914815407 -0.0031618545693436664 0.0011700820589687986 0.9999943167736185 32.32009381272067
0.9999925586463108 -0.0016629142197433222 0.0034810020305285367 -0.009435104180174146 0.0016742824858813551 0.9999932669150345 -0.003265409688386862 -0.5186103282964084 -0.0034755487927056426 0.0032712136386275213 0.999988609793835 33.712149867675826
0.9999915283689312 -0.0015710320776069 0.003804609780219262 -0.015164936533288272 0.001582417203162845 0.9999942741122034 -0.002991270032857005 -0.5329072837362506 -0.0037998889377318787 0.002997265235258719 0.9999882885516025 35.11171587124048
0.9999936885513275 -0.0013113196737703954 0.0033020152000758558 -0.003064579276894408 0.001316469064733818 0.9999979201536402 -0.0015577534222476954 -0.5827209558959905 -0.003299965899738185 0.0015620906259069384 0.9999933350246138 36.500999985224304
0.9999956510516577 0.00022473435780742332 0.0029406420459787697 -0.0042068939237247804 -0.00022395164760117409 0.9999999394115112 -0.0002665014740171487 -0.6005930479414086 -0.0029407020085917028 0.0002658417608456734 0.9999956407885233 37.907876813167285
0.9999941728660938 0.001975072695930455 0.002784478738115378 -0.0031067834443882503 -0.0019752788030849957 0.9999980466000836 7.122587012093316e-05 -0.6230600819499997 -0.0027843328580114753 -7.672557766577659e-05 0.9999961207925375 39.2971396295747
0.999984427705521 0.004476998806219884 0.003331789868409588 -0.005107856654281706 -0.004477638223248757 0.9999899583315806 0.00018439225763972378 -0.6505840159505614 -0.0033309311693861463 -0.00019930794054149112 0.9999944325693787 40.691160170200625
0.9999700586659003 0.007005578169410873 0.0032868884622772616 -0.007883854449473968 -0.007006712368652325 0.9999753970706383 0.00033354120499835723 -0.6789301975715587 -0.003284471223936789 -0.00035656151009251464 0.999994542539408 42.11849018819644
0.9999599497418032 0.008452955010286319 0.002940484542686403 -0.005897429674797991 -0.008454594041190897 0.9999641106460503 0.000545231837415974 -0.7032541969491892 -0.0029357704385800753 -0.0005700706191536091 0.9999955281238686 43.50303579618436
0.999969867095388 0.007312103025865849 0.0026073048578205086 -0.010156472214669879 -0.00731323564927049 0.9999731676473701 0.0004249528499411003 -0.7280395329184484 -0.002604127818859178 -0.0004440078919440584 0.9999965106798835 44.940277607634535
0.9999739294022272 0.007000286759672295 0.0017710135598333874 0.006269342059519775 -0.006999483189173299 0.9999753976221418 -0.0004597827230722595 -0.7561753444725225 -0.0017741887503485618 0.0004473745615222496 0.9999983260524861 46.33392781774182
0.999978706403037 0.0064592531642074374 0.0009299339781719761 0.006370065454378834 -0.006459246409162685 0.9999791387994962 -1.0717326674053511e-05 -0.7796878933641967 -0.0009299838835742655 4.710421657311668e-06 0.9999995675531247 47.76912351448512
0.9999774287659786 0.006718093230253587 -9.574928905601156e-05 0.009744316978870182 -0.006718008542048801 0.999977061351522 0.0008632182348530376 -0.8030031305706459 0.00010154628212314916 -0.0008625555286387209 0.9999996228432291 49.15522524343099
0.9999748208369601 0.006996219726905773 -0.0011876805663676103 0.008091156280067874 -0.006995022811700763 0.9999750251453782 0.001009334310957236 -0.8238332069427664 0.0011947125301587371 -0.0010010010701688428 0.9999987853297296 50.594322712054776
0.9999727728101903 0.006926374878741443 -0.0025453782655627893 0.011102625095267396 -0.006923729720061226 0.9999754828757753 0.0010467226583690179 -0.8415914778908958 0.0025525660698336094 -0.0010290706755705025 0.9999962127051417 52.05345830512539
0.9999653224497667 0.007580898934353803 -0.003447295598100573 0.0012177318995396647 -0.00757354756933424 0.9999690288744634 0.0021407206065852547 -0.8671349544013437 0.0034634177119570557 -0.002114538164741772 0.9999917667025089 53.436599182861514
0.9999726648986641 0.006105240824782751 -0.004170787663161878 -0.010463119374114524 -0.006093241050792123 0.9999772776081085 0.0028838676659224795 -0.8877669575571018 0.004188299955367847 -0.002858375284924904 0.9999871438386979 54.90517088468802
0.9999759300261809 0.005099943319333099 -0.0047042456737258695 -0.009657312750457198 -0.005084836214040658 0.9999818948288274 0.0032178353766384453 -0.911033098825151 0.004720571681772227 -0.003193837675359062 0.9999837576749281 56.298123566756196
0.9999804855711585 0.0032435178829468498 -0.005339293218226798 -0.01086890103559758 -0.003228651237538323 0.9999908938867659 0.0027906916918325453 -0.9396663373123684 0.005348296710440224 -0.0027733985789189695 0.9999818518322102 57.728804073515505
0.9999844380808213 0.0016805734010169786 -0.005319704481824344 -0.02555003199058309 -0.0016656342057663866 0.9999946606058274 0.00281148090447884 -0.9539078629722839 0.005324401429971559 -0.002802576531546992 0.9999818979988105 59.18255161877252
0.9999865220350336 0.0005705411144133841 -0.0051604476562284365 -0.016028460914787324 -0.0005526095156446606 0.9999938074658168 0.003475579512928536 -0.9718616397306162 0.0051623991000366775 -0.0034726810297918526 0.9999806448791347 60.583000729573826
0.9999872696044784 -0.0022459904121130934 -0.004518423478561167 -0.032692547975573014 0.0022668131996914226 0.9999868113026742 0.004608554463795017 -0.9766101337701558 0.004508013502170851 -0.0046187383100388 0.9999791723232967 62.03643255511354
0.99998541101859 -0.003192561904600235 -0.0043572118062175265 -0.028463781761537396 0.003210072715483535 0.9999867766569742 0.004017703194361359 -1.0101915766361804 0.004344327793774704 -0.004031631627451429 0.9999824362315476 63.43404482819212
0.9999821213948935 -0.0045100558977017955 -0.003926357736239007 -0.02719439463710102 0.004521482896965835 0.9999855548165619 0.002906259460594282 -1.0270015633512823 0.003913193960046362 -0.0029239605174425512 0.9999880686167169 64.85943660394845
0.9999835878419069 -0.004687997131870021 -0.003293437408379462 -0.029324244124679336 0.004697433407515526 0.9999848679476384 0.0028632129475539107 -1.0466530703750232 0.0032799651176744936 -0.0028786367147751453 0.9999904775976571 66.32585496975663
0.9999912240532526 -0.0033058119919257348 -0.0025736013136867237 -0.03608162416692953 0.00331277676326314 0.9999908498468539 0.0027066081184533466 -1.0654952471104837 0.002564630446431543 -0.002715110185104452 0.9999930254018586 67.68237248127419
0.9999971886039918 -0.0012212693013493765 -0.0020325559857854486 -0.04052318053448911 0.001228603059578762 0.9999927263875755 0.003610776069665029 -1.0829141095861337 0.0020281316462053044 -0.0036132631947778243 0.9999914154708134 69.15569146303658
0.9999952482059554 0.0027857575197389175 -0.0013202701790727095 -0.059531300975948526 -0.0027790611270493235 0.9999834016659963 0.005047099718908147 -1.1084365346346556 0.0013343083774514787 -0.005043406727220319 0.9999863917439702 70.50573592769213
0.9999811374633545 0.006132191286562973 -0.00034775646887161326 -0.05705781350662954 -0.006130111430731198 0.9999649827344388 0.0056969333600589405 -1.1285259870734565 0.00038267901306311626 -0.0056946942327875194 0.9999837118755377 71.95969007931706
0.9999473601340731 0.01025757982064383 0.00024288675703165881 -0.06595004613733683 -0.010258780369785794 0.9999316863651665 0.005601789918376339 -1.1416055364692739 -0.00018540936910117203 -0.005603986880959637 0.999984280354195 73.31177441386751
0.9998942974480893 0.014499419153734103 0.0010773761307202943 -0.07939991878425394 -0.014504715903345889 0.9998818863744077 0.005081983160847175 -1.168627983496109 -0.0010035631555085005 -0.005097073127708149 0.9999865062620916 74.72188364157743
0.9998693256297027 0.016075609467846183 0.0017048180244762883 -0.07863552080047091 -0.016084251969406486 0.9998572094263624 0.005182435555984144 -1.1872697025790848 -0.0016212639162108894 -0.005209179180816854 0.9999851178665313 76.16947240386818
0.9998656041818093 0.016285713287814814 0.0018838990803407758 -0.07513028497796664 -0.016295483430884827 0.9998532153809785 0.005291970747953853 -1.207129708070077 -0.0017974391831804125 -0.005321958691372972 0.9999842228589672 77.51816146545715
0.9998783224212504 0.015479476471177627 0.0019303165967940624 -0.0732254067955708 -0.015489222488947033 0.9998668233319912 0.005140002538404347 -1.2358678559730847 -0.0018504951284462141 -0.005169276330820417 0.9999849270107328 78.9465363236666
0.9998905317168747 0.014668580087220096 0.0019383771572088503 -0.07323608789862054 -0.014676115680409621 0.9998845697197082 0.003931781006658616 -1.2501680194973561 -0.0018804799218168518 -0.003959798536487105 0.9999903918483743 80.30184106383925
0.9998960288385764 0.014349169501339916 0.0014257674362334665 -0.05470656515801474 -0.014354999554579358 0.9998882832386301 0.0041659411433017934 -1.2775687999938317 -0.0013658304714298602 -0.00418597498886007 0.9999903060127552 81.71073396755664
0.9999053839319489 0.01368565126231373 0.0013878404014226766 -0.06930553251993875 -0.013691491144356098 0.9998970691378118 0.004288849875346102 -1.2941269398354995 -0.0013290019557694063 -0.0043074457801010844 0.9999898397802378 83.12026323320667
0.9998974885141417 0.014270386727955399 0.0011698252011299215 -0.0736456234485145 -0.014274437212978136 0.9998918850663816 0.0035296821787956863 -1.3178104597554325 -0.0011193288884353996 -0.0035460190221268503 0.9999930864016244 84.4562580226197
0.9999078330105399 0.01357463768151778 0.00023379970799323893 -0.07302673486671829 -0.013575428560427812 0.9999006438885311 0.0037960668934436345 -1.3299562740291684 -0.00018224625903189473 -0.0037988910377450944 0.9999927675806984 85.87596718358778
0.9999193044916759 0.012680767906401014 -0.0007632810194123862 -0.08165062321220017 -0.012677144733676277 0.9999091574948797 0.004578950666301314 -1.352545952472736 0.0008212763640263823 -0.0045689050420277795 0.9999892252490525 87.22584419810042
0.9999279288503453 0.011844549364257589 -0.0019605416920995154 -0.0842000790849586 -0.01183311358059088 0.9999134787924666 0.005745639993530648 -1.374696153407752 0.002028426755513996 -0.005722026709631229 0.9999815717802617 88.60725419258435
0.9999473925084672 0.00979731491198218 -0.003037236975069306 -0.09268569306746054 -0.009777496400111715 0.9999312482941445 0.006472964496182061 -1.39574780647245 0.00310044609804518 -0.00644292753318159 0.9999744376363209 89.99031984944897
0.9999636895225882 0.007603285207284042 -0.0038483330377573873 -0.10510388184854322 -0.007578285214588843 0.9999503540262191 0.0064698601473015815 -1.41566764840834 0.0038973345095586866 -0.006440461594163092 0.9999716652221473 91.36192713314074
0.9999703709034268 0.006410840349178538 -0.004261269778862561 -0.11999735202083212 -0.00638504165534975 0.9999613704415137 0.006040602555023943 -1.4322475903645253 0.004299830874319482 -0.006013215319310904 0.9999726759795435 92.74325328172553
0.999977587241843 0.005063546181602334 -0.0043801250919674245 -0.13883423807979903 -0.005037353266616834 0.9999694884982909 0.005970523663856585 -1.4554738682677333 0.004410223847269171 -0.005948325735218391 0.9999725833024147 94.08493957237245
0.9999789064690485 0.004609447954510213 -0.004575979552914402 -0.15723337696031778 -0.004585765138031847 0.9999761072083684 0.005172598772364302 -1.4655505146174184 0.0045997134374121 -0.005151505405292168 0.999976152034858 95.47297722930449
0.9999799112537832 0.0043631645532187695 -0.004597811087756825 -0.17534122850257203 -0.004342165178144863 0.9999801418430907 0.004567442201879775 -1.4839985053161229 0.004617648679251744 -0.004547386089216844 0.9999789990846603 96.8031029111293
0.9999744445944846 0.005697954657830488 -0.004317806284313139 -0.19595759687416586 -0.005680480322173635 0.9999756700448396 0.004048638303650598 -1.5115383407874823 0.004340770559486968 -0.004024007712630804 0.9999824823875709 98.16153361242307
0.999967218813619 0.007022494448508618 -0.004030613813175733 -0.22378096522990643 -0.00700592517379649 0.9999670099890919 0.0041104695089848675 -1.5259478535108295 0.004059346938398087 -0.004082096673275676 0.9999834289615499 99.5163163481988
0.9999634458635307 0.007707547296473139 -0.003701435963479209 -0.24071976139278584 -0.007688360261445109 0.9999570773541657 0.005170355970488924 -1.5485105799930234 0.0037411281710690494 -0.005141709109707276 0.9999797831934388 100.85805630456062
0.9999637544800559 0.00769485088707294 -0.003644032507861119 -0.2642085093941996 -0.007671413563698811 0.9999500760702819 0.006402717823066284 -1.562664189028216 0.0036931188591330885 -0.006374531007360019 0.999972862749803 102.20346364150875
0.9999644082973128 0.0076944348353985195 -0.003460894176740978 -0.2757625662617683 -0.007674426389220584 0.9999539730822727 0.005758030164977485 -1.588707765212272 0.0035050399706935656 -0.005731264970985311 0.999977433397622 103.53850410361572
0.9999633582963245 0.007935632581515664 -0.003210572766460941 -0.2938861729792547 -0.00792540506622519 0.9999635179886939 0.0031860104379055993 -1.6063220212382319 0.0032357389220477066 -0.0031604486783881384 0.9999897707298109 104.86703501423908
0.9999692666063227 0.007018882191184911 -0.003493009391360798 -0.31441599644741725 -0.0070120487691723256 0.9999734849055133 0.001964859337648848 -1.6271214828079394 0.0035067081875676228 -0.0019403058451211653 0.9999919690765875 106.19308686134742
0.9999776066908277 0.005820203606918994 -0.003303230118192708 -0.3292544070723313 -0.005810513483560613 0.9999788095904311 0.0029356965465187844 -1.6487152330171289 0.0033202467556004275 -0.002916437408057826 0.9999902351327836 107.54293959482659
0.9999938611620598 0.0022508015246579284 -0.002685427708813242 -0.3364843810918501 -0.0022375488296264897 0.9999853543210686 0.004927932772112944 -1.6630990673861454 0.002696480409219047 -0.00492189384563145 0.9999842518561392 108.89955289290755
0.9999970880540622 0.0015647671600513887 -0.0018372210884855513 -0.35442928981347277 -0.001554466488052379 0.9999831406931122 0.005594815884120259 -1.6875662602327475 0.0018459448588049683 -0.005591943806620862 0.9999826611779552 110.22550663088613
0.9999989982451326 0.0008788441177019239 -0.001109566791378862 -0.3687573300755117 -0.0008737612772562265 0.9999891612473589 0.004573174987807684 -1.7120067222496373 0.0011135739707559705 -0.004572201001805885 0.999988927405628 111.56627292040667
0.999996786914009 0.0025119825082408767 -0.0003407352460337693 -0.38575866030807915 -0.0025112525745628516 0.9999945858548304 0.002126470231132038 -1.734001815583054 0.0003460750880754876 -0.0021256077704364306 0.9999976810095897 112.88112855743353
0.9999854230382893 0.005369896611251824 0.0005638364533649782 -0.40496961556765765 -0.0053699845567906175 0.9999855696820746 0.00015396123420542267 -1.767300340846299 -0.0005630016089179497 -0.0001569867897137567 0.9999998291917466 114.24181753689747
0.999971480009738 0.007246842079850066 0.00212660167374516 -0.42608228170916385 -0.007246049591794176 0.999973674713027 -0.00038034390477568965 -1.7814276583418913 -0.002129302163269203 0.00036492359955661737 0.9999976664473479 115.55098583927847
0.9999535747681878 0.008929176185754771 0.0036218925578964606 -0.4418126274873232 -0.008934667115864095 0.9999589562131185 0.0015025418943916953 -1.8059422591839374 -0.0036083277446661843 -0.0015348325770233855 0.9999923120982818 116.91335557050047
0.9999551447826881 0.008271077091678949 0.004614942442148905 -0.4446380769011641 -0.008288561427173217 0.9999584959599057 0.0037823437404525813 -1.8244432874856622 -0.004583467231498231 -0.003820425394420128 0.9999821979282811 118.22012613695568
0.9999471047316869 0.008690425372033034 0.005501293701688876 -0.44317300083321154 -0.008714997286316008 0.999952084764118 0.004458364750049923 -1.8457662252573017 -0.005462285478269341 -0.004506072774354738 0.9999749290560404 119.57003789290759
0.9999416434355984 0.008620404370787305 0.006511400719819149 -0.4418083322434425 -0.0086458199928329 0.9999550766957723 0.0038851518687990656 -1.8626074102682022 -0.006477617170797429 -0.00394122162221836 0.9999712532079799 120.8999587084799
0.99991694389948 0.01017795330967797 0.00790661448953465 -0.43736318543843866 -0.010206595932719333 0.9999414645554481 0.003590666336058473 -1.8769009739512148 -0.007869606700733788 -0.0036710678023500016 0.9999622955619202 122.21768680223296
0.9998839447616382 0.012324490370088169 0.008955664243551025 -0.4433633164913816 -0.012353922303624958 0.999918443185318 0.0032384580982421558 -1.8977525225615837 -0.008915022253902394 -0.0033487199066434175 0.9999546531952788 123.58727094326771
0.9998618519498231 0.01318780370680416 0.010117253725815262 -0.451003795064945 -0.013212298159571322 0.9999099335510498 0.002357964294551513 -1.9203240648691324 -0.010085246981519757 -0.002491310770158413 0.9999460391228817 124.92199759139591
0.999839394036877 0.014116517791771397 0.011041287429537874 -0.44769649853319016 -0.014134238696875506 0.9998989384064447 0.0015284978851788518 -1.9498807664507694 -0.011018595442512897 -0.0016843126263949304 0.9999378748897819 126.29456920948574
0.999839288093284 0.013383960547308654 0.011927596489370683 -0.44909430587158045 -0.013399207653131441 0.9999095074587139 0.0011992335737688864 -1.986102245336861 -0.011910467642275869 -0.0013588612121571378 0.9999281445437438 127.66234943350291
0.9998320809035799 0.01304855188098981 0.012866439416018175 -0.4559817455897093 -0.013075260332107878 0.9999125273076165 0.001993823590730488 -2.0185916775773776 -0.012839298527439973 -0.002161720876735445 0.999915236092933 128.9940510388074
0.9998419823970517 0.011330400421093399 0.013697891843960247 -0.4486128552166113 -0.011369377408737634 0.9999315273493228 0.0027709017472225443 -2.0488644480680063 -0.013665559639863389 -0.002926200453275132 0.9999023401442735 130.38123308642056
0.9998390654922642 0.01126891651049717 0.013959033439038359 -0.44628976724184694 -0.011320306201623458 0.9999294144472161 0.0036078825741441885 -2.084058626729355 -0.013917392379227261 -0.003765322545659896 0.9998960588637466 131.71285478287476
0.9998547831200285 0.009816501339232397 0.013930145589657845 -0.44464509673883723 -0.009868079690000638 0.9999446889030891 0.003638702969178574 -2.1182840461036596 -0.013893656937142871 -0.0037756384254810714 0.9998963500519139 133.0973386208595
0.9998817779761748 0.006984855874240353 0.013698242595093165 -0.44309769587713815 -0.007045254346305981 0.9999656511101807 0.004365891049697518 -2.135483758422692 -0.013667278107751027 -0.004461882590564916 0.9998966432130019 134.43605005647623
0.9998974366649733 0.005756347993066479 0.013114137509520073 -0.43694386119380735 -0.005814613434834274 0.9999733745629125 0.004409132170878186 -2.1747520130212945 -0.013088408943567283 -0.004484933677875364 0.9999042848775953 135.77299599712285
0.9999136770764244 0.005725260290729941 0.011826232914360415 -0.44083093589566713 -0.005771902115289822 0.9999756843909636 0.003913538486102314 -2.208917119844639 -0.011803540320450868 -0.003981460590040621 0.9999224091908077 137.1396091453293
0.9999397198226198 0.002341629768610962 0.010727231405063332 -0.4410942191160442 -0.002395213804460442 0.9999847062183991 0.00498500583964966 -2.2290006008888854 -0.01071539520868705 -0.00501039944718093 0.9999300356511363 138.48715374076997
0.9999509206276197 0.0020745272615864205 0.009687759073229501 -0.44257649912687214 -0.002124552587888842 0.9999844492037323 0.0051563193774239015 -2.267912848261815 -0.009676912309460196 -0.005176648557855366 0.99993977802271 139.83630623041003
0.9999653558829356 0.00026081577887968315 0.008319796602295197 -0.4474229627282534 -0.00030585999228318565 0.9999853012868312 0.0054132854296426785 -2.291289847400655 -0.008318263140320522 -0.0054156426842417215 0.9999507374400962 141.20217509001193
0.9999741694106467 0.000828582700103493 0.007139605551184696 -0.45592611961712637 -0.000864231759158232 0.9999871689526028 0.00499149615926941 -2.3249343522514483 -0.0071353786741999055 -0.004997537593172862 0.9999620547719134 142.53128510559833
0.9999812733496961 5.3044875076568854e-05 0.006119652137213468 -0.45985012018353333 -8.074849671754411e-05 0.9999897505730226 0.0045268341807422055 -2.3448579507290654 -0.006119349802395548 -0.004527243645301992 0.9999710283891914 143.89679708191403
0.9999863807924123 -0.0008387638276671008 0.0051511854848084486 -0.4610938871458473 0.0008275372189394791 0.9999972788182243 0.002181177803291305 -2.385973420504076 -0.005153001394183667 -0.0021768853377369486 0.9999843537483879 145.25438435163343
0.9999768445858365 -0.0053954912119538526 0.004147165119663511 -0.47311976525935723 0.005389599753743309 0.9999844527480783 0.001430548674354944 -2.423919843283003 -0.004154819505038688 -0.001408164009543173 0.999990377225861 146.5710452587383
0.9998930552959067 -0.014331140638215776 0.0029148572500238847 -0.4711038737005702 0.014319518092634426 0.9998895883801658 0.003970193919868791 -2.444909274294004 -0.0029714330702136807 -0.003928030041562187 0.9999878705076946 147.95387304936185
0.9997475438908036 -0.02243610459648652 0.0012123120325063092 -0.468855734111308 0.02242875432485529 0.9997317868470333 0.005771078056926886 -2.4676690891846773 -0.0013414674923903855 -0.005742430559201701 0.9999826123267096 149.2714277741146
0.999729126589662 -0.023273535752140695 0.00012643111574395997 -0.4600843219775985 0.023273164270760965 0.9997262255219584 0.0024153313064468563 -2.5138243893090686 -0.00018260981333746945 -0.0024117346348787104 0.9999970750906575 150.60878056324646
0.9997381959541489 -0.022876580173430527 0.00044903662941648105 -0.48063943531578057 0.022876884443561334 0.9997380577759342 -0.0006811676061523378 -2.5444716689484927 -0.0004333362578469596 0.000691261864273269 0.9999996671879404 151.99351527625592
0.9997867901674379 -0.020613115377226 0.0012139558811836177 -0.5028763551137229 0.020617164196642317 0.9997815882378303 -0.00342174739715448 -2.572721324386407 -0.0011431579629106678 0.0034460462593125366 0.9999934089548718 153.32185080584338
0.999790427319989 -0.020356196982022477 0.002174095892446391 -0.5156790830499817 0.020363409416262856 0.9997870390005996 -0.0033478645762765294 -2.612545469677819 -0.0021054832831887945 0.0033914350442213843 0.9999920325209678 154.6816992627236
0.9997177107476507 -0.02360716950861189 0.00268335071762827 -0.5204446025122865 0.023608633562259437 0.9997211448868136 -0.000514670060328772 -2.641696371065065 -0.00267045277254208 0.0005778750499318655 0.999996267362464 156.02589108369358
0.9995115348050183 -0.031102535252113723 0.0030535363787800307 -0.5141326806352249 0.031094243220586508 0.9995127367024422 0.002727126659551223 -2.664087890871362 -0.0031368693161225986 -0.002630847175771275 0.9999916193101511 157.35472284448602
0.9994079729739967 -0.034277266384643276 0.0029618488528975412 -0.5054542820721728 0.03426462332097704 0.9994038876848904 0.004219583942086425 -2.6877770978754834 -0.003104719317403311 -0.00411559925146273 0.9999867111905493 158.71338697965763
0.999393993043346 -0.03467970052117903 0.0029941648169942575 -0.49957066743108414 0.034667409263359955 0.9993906396624126 0.004064493935438086 -2.720873301281035 -0.003133295982933629 -0.00395823093567985 0.9999872573493116 160.069326093203
0.9994081627442971 -0.03416615674315775 0.003999744765564176 -0.5022019798011408 0.03414802978619121 0.9994065810799742 0.004516389597931596 -2.732621345053772 -0.0041516792608038006 -0.0043771332836886594 0.9999818019642014 161.42419689888854
0.9994842151582033 -0.03170929921425065 0.005081730509892614 -0.5057066242983157 0.03168869939789547 0.9994894407678958 0.004084621988386349 -2.7485657091018068 -0.005208656920735813 -0.003921481820539566 0.9999787457083926 162.77275334629937
0.9996094453496541 -0.02727122187814191 0.006102231347659472 -0.5028881411919409 0.02725935731783098 0.9996263549297606 0.0020193989185293545 -2.7746408509300946 -0.006155023271483855 -0.0018522673387924 0.9999793421807819 164.1273403100277
0.9996537979508213 -0.025399980526546493 0.006864782430447406 -0.5006148665165306 0.025393077163946995 0.9996769483101798 0.0010911689749769163 -2.79660634932452 -0.00689028100117516 -0.0009164732531017547 0.9999758417572363 165.47624011473346
0.9996857227249384 -0.02403388035892441 0.007129402718679314 -0.4870805146777532 0.02402021597983071 0.9997094797502716 0.0019963265649052056 -2.8224378228788094 -0.007175311559684074 -0.001824449383459822 0.9999725927654837 166.82347529953572
0.9997365918717253 -0.02187981157317395 0.006929699082917421 -0.4754341549134251 0.021864134463677146 0.9997582355431408 0.0023302538224085068 -2.8509087285329913 -0.0069790098288863124 -0.002178128162582995 0.9999732742295208 168.16051076478234
0.9997995956331088 -0.018900778821867158 0.006597662149865534 -0.4701836516835009 0.018901473364865834 0.9998213502772032 -4.274231154625735e-05 -2.885624413570951 -0.006595676172484871 0.00016743930432390014 0.9999782342698584 169.55137041160737
0.9998604059569814 -0.015592108556507493 0.006004562105640273 -0.4662785111637626 0.01560865293778652 0.9998744828009649 -0.0027181956356818176 -2.9101962541838953 -0.005961426533325739 0.002811539389909612 0.9999782780808917 170.95029392474052
0.9999463884393098 -0.0085260746327679 0.005875909613667951 -0.4600961009733938 0.008552358870319307 0.999953470043207 -0.0044626110378378275 -2.950770666542122 -0.0058375881494792245 0.004512624778219789 0.9999727790175013 172.29442036862898
0.9999657119083041 -0.005602525187864426 0.006098092531369661 -0.4511652767662359 0.0056246748690944315 0.9999776250720412 -0.0036211021792479 -2.9734893094747434 -0.0060776692870209165 0.0036552778876543283 0.9999748501203533 173.65677196660482
0.9999703016837405 -0.0037487901434149346 0.006733671707336845 -0.44667857017604434 0.003759697535356309 0.9999916396850468 -0.0016078648600008725 -2.9955038054266456 -0.006727588433387294 0.0016331337185779256 0.9999760359236123 175.0421272635881
0.9999707509544142 -0.0027570728250694704 0.007134128939216347 -0.42594378581543896 0.0027513781804993 0.9999958885633915 0.0008079420243532603 -3.0180987717010077 -0.007136327764944015 -0.0007882897137373135 0.9999742253772567 176.38847577856802
0.9999705217061681 -0.004238638188295929 0.006402318102017137 -0.39860654685027863 0.004224906749399902 0.9999887491056647 0.0021568075848498298 -3.040931816318028 -0.00641138853699689 -0.0021296948423933514 0.9999771789850594 177.8095930400882
0.9999655672971276 -0.006962425409063446 0.0045154031870519385 -0.375909419110194 0.006952398270053983 0.9999733393352653 0.002232659493466679 -3.049740981426252 -0.004530827909202382 -0.002201189770027543 0.9999873130981349 179.1603487665398
0.9999659200767653 -0.007953685173620577 0.0022130497077603143 -0.3520591716410653 0.007956782836478162 0.9999673723334076 -0.0013942262366722531 -3.0748686191559664 -0.0022018884512301938 0.0014117875131851537 0.9999965792642282 180.50075725195686
0.9999887690676117 -0.004696815183264005 0.0006337767182195394 -0.3540466506086059 0.00470053350213533 0.9999709619750449 -0.00599834855091687 -3.102849122689081 -0.0006055852357951118 0.00600126039493726 0.9999818089041436 181.94943039806736
0.9999992458711865 -0.0011539974416807063 0.00042017779925975114 -0.3584107637376713 0.0011569886681362506 0.9999734856479557 -0.007189532421689641 -3.120528826882354 -0.00041186999709448275 0.007190013283739474 0.9999740666994925 183.32483940922546
0.9999970208862183 0.002440944400773911 2.1828796007306722e-06 -0.3592168585472578 -0.0024408845654995525 0.999977962250298 -0.006173904821353914 -3.136770973363411 -1.7252996558765133e-05 0.0061738812202617056 0.9999809412648338 184.65969801623368
0.9999909415508004 0.004254999722791145 0.00010856228330953142 -0.35766806297873427 -0.004254646354391852 0.9999862279466859 -0.003072769061282173 -3.1576258532764547 -0.00012163543275122823 0.0030722793900309652 0.9999952731407072 186.11406333646212
0.9999867331378712 0.005088317400405527 0.0008016018303369527 -0.3553189889802536 -0.005087945659454429 0.9999869479713169 -0.00046551691372041223 -3.1887164666314725 -0.000803960134269532 0.00046143223707077307 0.9999995703634874 187.4811927897104
0.999992837256728 0.003638764336393354 0.0010415488782360349 -0.3439992969385184 -0.0036386446323721693 0.9999933732663844 -0.0001170271451019911 -3.2016332089717765 -0.00104196789875855 0.00011323648092490724 0.9999994507392886 188.93289111838112
0.9999934569088594 0.003545136497632379 0.0007198202249591083 -0.33418774239879373 -0.0035454016206836365 0.9999936476811071 0.00036705764122243496 -3.230187128549925 -0.0007185144436450328 -0.0003696073007377362 0.9999996735631632 190.31832420977554
0.9999997247190093 1.0809402758455572e-05 0.0007419205714518655 -0.33055656833588953 -1.1696792017889049e-05 0.9999992846315886 0.0011960766386242478 -3.252907136112764 -0.0007419071735563377 -0.0011960850104366099 0.9999990094762558 191.69693347317514
0.9999984465626268 -0.0013638755275081453 0.0011165659774925157 -0.3250522597793524 0.0013626396777764657 0.9999984589637652 0.0011069240869966525 -3.2809777758335823 -0.0011180740569913768 -0.0011054009101886372 0.9999987639981341 193.1406984766503
0.9999885949378214 -0.0045629513748930844 0.0014104882493664653 -0.31589930939725813 0.004560394799822285 0.9999879620276898 0.001810688434299533 -3.3068708265487765 -0.0014187334713401916 -0.0018042354309212125 0.9999973659606052 194.50935959209517
0.9999502321968549 -0.009805717640538255 0.0018387613410509654 -0.31011279335436587 0.009799316896104646 0.9999460041530508 0.0034586350400461364 -3.3280299838362333 -0.0018725766089533653 -0.0034404443650828376 0.9999923283693385 195.98019193220574
0.9999181047448328 -0.012618558258582744 0.002134432964557019 -0.30099740607225456 0.012609504048780534 0.9999116598679131 0.004203909702408723 -3.3643485662608397 -0.0021872918684997552 -0.004176651351927101 0.9999888856060924 197.38377122114443
0.9999437363786018 -0.010337285374688957 0.0023800465018041575 -0.30443347600107257 0.010337415591657309 0.9999465665992563 -4.2134903181724085e-05 -3.3959038047908385 -0.0023794839677078864 6.6736073498679e-05 0.9999971667955717 198.81002259043592
0.9999895055293603 -0.0036626319857141123 0.002752084073853517 -0.3203647745669898 0.0036782947687982424 0.9999769452262193 -0.005707815573383905 -3.431679551946634 -0.0027311152325031106 0.005717878767056704 0.9999799232326305 200.2321275236753
0.999975287973282 0.005813943718150878 0.003952403606686932 -0.33713444468725623 -0.005789269724241269 0.9999638605278142 -0.006225914077094458 -3.4777116854084524 -0.003988458225442229 0.006202878812651419 0.9999728078756028 201.66538688470342
0.9999115083653332 0.012187261427457088 0.005333486079377343 -0.35531000466112694 -0.012173921363747103 0.99992270274813 -0.002526696891458283 -3.5216191785725566 -0.005363867787185449 0.002461543903341258 0.999982584707354 203.10645945876107
0.9998825849396216 0.01403409823949845 0.006153079852685971 -0.35967595535311375 -0.01403304849213913 0.9999015090669291 -0.00021389559247480655 -3.563162594296246 -0.006155476183031139 0.00012752400673458891 0.9999810467425615 204.53025579605634
0.9998941493901501 0.013375193474578547 0.005726620949007872 -0.3546455161001989 -0.01337678465992724 0.9999104981491388 0.00023949243909902152 -3.5994916540299955 -0.005722905632334376 -0.0003160708757599486 0.9999835740872804 205.9829073110391
0.9999481187949875 0.009170122091717935 0.0044349254716208745 -0.34881740288323415 -0.009172018776178365 0.999957853176103 0.00040738596292833816 -3.630934006537071 -0.00443100314925761 -0.0004480420591982686 0.9999900826829935 207.42338227545676
0.9999671491519011 0.007427216840797025 0.003246083091071061 -0.34136426657109076 -0.007426550585184924 0.9999723991681104 -0.00021740301246979754 -3.665168254120514 -0.003247608470879586 0.00019328867108142696 0.9999947078232984 208.85295695418336
0.9999647279840812 0.00789951160796321 0.002853154544694252 -0.3508335272495845 -0.00789735916857044 0.9999685227089686 -0.0007650662718751741 -3.6834091093864676 -0.002859108627745404 0.0007425069111539053 0.999995637079267 210.3303215557379
0.9999569441040523 0.008884713288556202 0.002678020123529675 -0.3523685603013919 -0.008883490954696297 0.9999604314169895 -0.0004681970117229685 -3.7125475912390704 -0.002682074181868112 0.0004443866896738475 0.9999963044906716 211.7830718444717
0.9999436101892322 0.010293816151932736 0.0026103200098595907 -0.3648971146104049 -0.010293826195504877 0.9999470171308998 -9.843406125542329e-06 -3.7376597834841174 -0.0026102832550598896 -1.7027335534303624e-05 0.9999965930581861 213.23927394261645
0.9999456527146087 0.010167412336275234 0.0023054985083098946 -0.368060216489375 -0.010167352750973257 0.9999483104284295 -3.78499307562165e-05 -3.775085330413209 -0.002305764369447104 1.4407051487075003e-05 0.9999973416164797 214.69255160599408
0.9999514357408877 0.009663873631133274 0.0019327925498754202 -0.3702725696997958 -0.009662382087086576 0.9999530139852989 -0.0007798820417156816 -3.801230378415095 -0.0019402385823568168 0.0007611687963895761 0.9999978280444238 216.15575517598947
0.9999604928327231 0.008711045350843908 0.0017693066387018757 -0.3710264716027508 -0.008708716648358606 0.9999612072483005 -0.0013199515553256132 -3.833096739282764 -0.0017807363123959787 0.0013044910380865683 0.9999975636363917 217.64414869358077
0.9999534722997685 0.009566761791175642 0.0012370467778641085 -0.3679635162587448 -0.009565283261303695 0.9999535362223047 -0.0011961497754697402 -3.8669940505405584 -0.001248432687043954 0.001184261435563593 0.9999985194682882 219.11615651056007
0.9999440962215432 0.010522393774589786 0.0010409794117192848 -0.3782552964699685 -0.010520808870180877 0.9999435039160421 -0.0015170963394572784 -3.9059198853916204 -0.0010568841767466441 0.0015060596050952594 0.9999983073878789 220.60659343841945
0.999957560409229 0.009174624837798583 0.0008388208075027252 -0.3812941138612695 -0.009173322406055508 0.9999567317606998 -0.0015442742823987066 -3.9353196730674793 -0.0008529527243109302 0.0015365139942731705 0.9999984557963034 222.07854068731916
