-0.001857738621323802 -0.006481465496303557 0.9999772290633024 0.3335047405872719 -0.9999659551005841 0.008051860473360078 -0.0018055292479645197 -0.004796108308640032 -0.008039974425865527 -0.9999465471170486 -0.006496202950081846 -0.07557854709098859
-0.001654681403714615 -0.007805583135374193 0.9999681265595696 1.6442335683014568 -0.9999586248355868 0.008957731715566616 -0.0015847437666740782 -0.008598270287399313 -0.008945076195956138 -0.9999293829355145 -0.007820082217792854 -0.06588792864176168
-0.0015595889034196492 -0.007944352218917601 0.9999671865537103 2.9478836047196793 -0.999956071767386 0.009254725995197092 -0.0014860469950500215 0.005265313169571373 -0.009242616500101662 -0.9999255853602035 -0.00795843665175243 -0.058420370009183334
-0.0009729296312431104 -0.0077386738036814805 0.9999695423212904 4.27504434022214 -0.9999488924939349 0.010070510015223223 -0.0008949754659047078 0.001102821311722856 -0.010063277292346932 -0.9999193150945548 -0.007748076046274791 -0.03012518342184587
-0.00157816383611346 -0.007638969246685402 0.9999695369267332 5.588368627226331 -0.9999404055092619 0.0108144648413472 -0.0014955046203103373 0.013094522814346239 -0.010802711264137309 -0.9999123123766472 -0.007655580854490205 -0.023741820987885
-0.0012795597127640995 -0.00798001403299137 0.9999673001339718 6.91128430706317 -0.9999400495082407 0.010884792172200695 -0.0011926618744758923 0.009247888114748212 -0.010874918766404632 -0.999908885658474 -0.0079934632158321 -0.018010201820983354
-0.001448167466180078 -0.008917660263395653 0.999959147855992 8.249304746074777 -0.9999261331134144 0.01208037386821317 -0.0013403872355703989 0.011600058670354463 -0.012067927312564694 -0.9998872330648096 -0.008934495784953084 0.011839843576163411
-0.0016832317719391436 -0.0091200849743915 0.9999569540810866 9.563978391573567 -0.9999244387348549 0.012192188347711378 -0.0015719790920496102 0.03052173451769704 -0.012177327020497826 -0.999884050046166 -0.009139917962645672 0.020471018124649562
-0.0011353553158545385 -0.008450045900815127 0.9999636128016054 10.896553557321326 -0.9999298581090496 0.011798733775219223 -0.0010356142002295732 0.027447839050770282 -0.011789553515709896 -0.9998946572259227 -0.008462848795987311 0.03645847248713703
-0.001160588435695409 -0.005979261524073407 0.9999814101770601 12.216193654654987 -0.9999568621279631 0.009222564323566822 -0.0011054154699000457 0.03891410772996304 -0.00921578317117154 -0.999939564014893 -0.005989707062240303 0.04837707755846843
-0.0010983632258578387 -0.005008868113116071 0.9999868119489306 13.559333268435921 -0.9999814705865383 0.005993403822071761 -0.0010683374716621656 0.03876549683875246 -0.005987973245192235 -0.9999694641808924 -0.00501535811431937 0.07002452224602213
-0.0012898878296180426 -0.004915512757054937 0.9999870464944894 14.897096689062634 -0.9999944728230477 0.0030713114862773692 -0.0012748008036203263 0.05892718179268179 -0.0030650048155211954 -0.9999831717201344 -0.004919447112574732 0.07949608267090427
-0.0016656408893166931 -0.005544574789790165 0.9999832011407024 16.247618811347174 -0.9999947038178909 0.002805930378787313 -0.001650102726620683 0.07480174323825282 -0.002796733518444879 -0.9999806615072512 -0.00554921896661561 0.10013583981415525
-0.0017303166045457355 -0.008239545798946897 0.9999645169321063 17.59609701551294 -0.9999885735681281 0.004470847120024941 -0.0016935198019504348 0.061483296398939444 -0.004456734163653575 -0.999956029210498 -0.008247187470515118 0.1187628342794296
-0.0022165559901104696 -0.010350355845461947 0.9999439365522763 18.948311975360138 -0.9999569355245094 0.0090345684939012 -0.0021230691521277167 0.0869018871458264 -0.009012087313819268 -0.9999055883679077 -0.01036993555749866 0.13727338878429018
-0.0016608790249671968 -0.008400501714697358 0.9999632954692652 20.293044796102052 -0.9999395678903853 0.010881232170482601 -0.0015694290847400696 0.06723949365593063 -0.01086764877198788 -0.9999054801833839 -0.008418066307011461 0.16625808054774432
-0.0019531631478464516 -0.00597300402557557 0.999980213608852 21.643480804644188 -0.9999309953568914 0.011595669743677225 -0.0018838052696551603 0.08430871769411309 -0.011584188364793187 -0.9999148976835358 -0.0059952399664165235 0.15912095354036174
-0.00219051471738924 -0.004862264512259583 0.999985739528818 22.996530283308324 -0.9999514772261177 0.00961517285833643 -0.002143688069736222 0.08863919545881982 -0.009604612452094718 -0.9999419212024702 -0.0048830906419119165 0.20763015617830496
-0.002770155876238031 -0.006067009812065234 0.9999777181817806 24.36669253030539 -0.9999695343180326 0.007314673720375997 -0.0027257545568463905 0.08578703847250203 -0.007297973278613474 -0.9999548119208562 -0.006087087629535896 0.19609924936054546
-0.0036711671114843646 -0.01017234874304282 0.9999414808306106 25.759217613072018 -0.9999669918493039 0.007285568633863716 -0.0035971455555916217 0.09597222876302745 -0.007248550591054885 -0.9999216883106903 -0.010198759331004685 0.210259233053211
-0.003954094253663746 -0.011022439747320513 0.9999313927432641 27.125725202724634 -0.9999520000126484 0.009007847671252824 -0.0038548809146669643 0.08809585815579074 -0.008964739322191549 -0.999898646586602 -0.011057528358737669 0.22306070829051042
-0.0038424819837971167 -0.010199527571766705 0.9999405603344631 28.497422092950675 -0.999915449370727 0.012461725416294226 -0.0037152746746430035 0.09133524166470203 -0.012423090747403356 -0.9998702985789366 -0.010246548972521162 0.25033410774975384
-0.003792177957476715 -0.007697338369712503 0.9999631441206642 29.855391298457793 -0.9999048834578008 0.013289627934860819 -0.0036896589354228886 0.1054889602120108 -0.013260737738065709 -0.9998820308990183 -0.007747002711399526 0.25142387148796796
-0.00442601158786429 -0.0058034875822848084 0.9999733242358745 31.245396702168897 -0.9999051047497599 0.013071498655689132 -0.0043498477343296045 0.09954154066782825 -0.013045905816493657 -0.9998976919656064 -0.005860791337130104 0.2914407302216345
-0.004793811163264059 -0.004477594791571206 0.9999784446420505 32.629201291592636 -0.9999328148719953 0.010575571760901327 -0.0047462386379747284 0.10383625532285327 -0.010554092025182022 -0.9999340215085107 -0.004527991145205936 0.2853080006123165
-0.005318600235192163 -0.002574853235448545 0.9999825007722942 34.011841976770604 -0.9999465663950832 0.00887836004192386 -0.0052955485563422455 0.10907466490064202 -0.008864569250620938 -0.9999572409844093 -0.0026219360080685246 0.3217295536728952
-0.00558303489229496 -0.0026606048718272944 0.99998083488206 35.4066333354906 -0.9999491500829151 0.008413212127161179 -0.005560473626277265 0.12245283559189968 -0.00839825646333669 -0.9999610382343851 -0.0027074407442958972 0.32855387432375505
-0.005055710100933742 -0.004263688936397885 0.9999780897505213 36.79787167453247 -0.9999501471427146 0.008632439430123791 -0.005018762328236143 0.11500569491380094 -0.00861085166611082 -0.9999536193691729 -0.004307119379093835 0.3637047965483682
-0.00496452330650314 -0.005317036950834311 0.9999735005768255 38.19851087263265 -0.9999610555641435 0.007323273629357115 -0.0049255227245441555 0.12769110301618253 -0.007296890101966787 -0.9999590180226303 -0.005353186319719893 0.37489258600888864
-0.00440543775549858 -0.005804276209426393 0.9999734105094606 39.59723933330485 -0.9999767244979686 0.005235746981157193 -0.004375062224688557 0.12005906515632468 -0.005210213265673284 -0.9999694176696625 -0.005827206737533426 0.3914033951603688
-0.00495620584308066 -0.005670439477115471 0.9999716002814144 40.99236421386769 -0.9999807348679307 0.003765691143092988 -0.0049348977391125 0.13258132228163788 -0.003737600622223284 -0.9999768020457881 -0.005688993644410095 0.4037244614644148
-0.005053580160894543 -0.006085556424344783 0.9999686727894229 42.41493444956199 -0.9999871752057724 0.00036912170278491016 -0.005051427629473588 0.1474553340317573 -0.0003383686069206148 -0.9999813841744979 -0.006087343625789708 0.43233092605365353
-0.004734946174420574 -0.006146035826191572 0.9999698624250007 43.80627050537764 -0.9999885023310564 -0.0007319649056875058 -0.004739533624455022 0.14735310828573928 0.0007610730539211654 -0.9999808145231437 -0.006142499206527563 0.4503205289196197
-0.004236038668153369 -0.00601465469656953 0.9999728992005491 45.23518089565631 -0.9999910242574065 0.00013094308269040802 -0.004235328262429372 0.1511640294297067 -0.00010546469554776651 -0.9999818726987806 -0.006015155252546579 0.4692535190574925
-0.0033323714098956944 -0.0054773541154977835 0.9999794063497366 46.628658926919485 -0.9999943090155541 0.0005483230523899438 -0.0033294181392924753 0.13960085474458003 -0.0005300745873053504 -0.9999848183233052 -0.005479150028641589 0.49631250514438036
-0.0027022732816014486 -0.005937987951229424 0.9999786783976483 48.06146331895779 -0.9999958367226968 0.0010299351662535925 -0.0026962043183215464 0.16163455342456692 -0.001013902442235295 -0.9999818090725523 -0.005940746259596307 0.5167701151869947
-0.0015023563742212478 -0.006596431294215695 0.9999770743636489 49.46330307042458 -0.999998551888718 0.0008116971459688283 -0.0014970348588217392 0.15608553061951252 -0.0008018026993789886 -0.9999778833480738 -0.006597641055941431 0.5338183426966298
-0.0006646691336969798 -0.006660456537737244 0.9999775576322661 50.884724827135514 -0.9999997809540443 1.1397815979037607e-05 -0.000664608703685343 0.17411134215932558 -6.970154672993403e-06 -0.9999777883194049 -0.006660462508933627 0.5548585873162313
0.00043669080503686984 -0.006906627830316878 0.9999760132270531 52.33224725184377 -0.9999998949670881 0.00014899669693695453 0.00043772951547488823 0.18157822909740962 -0.00015201556046070402 -0.9999761073322542 -0.006906561890997566 0.5650136172234954
0.0014717421597941391 -0.00788783772740901 0.9999677670952714 53.73670931316675 -0.9999988715264396 -0.0003192717557479064 0.0014692685976619095 0.19616865319678667 0.00030767294249515846 -0.9999688090260126 -0.007888298551624507 0.5921963686198745
0.0022966179972641744 -0.008557434166842619 0.9999607067813229 55.19317191258252 -0.9999966622750456 0.0011655188168359894 0.002306673852073792 0.2044717040800916 -0.0011852115085748951 -0.9999626747182806 -0.008554728686047642 0.608002430472416
0.0030337708010353013 -0.009179881114739942 0.9999532215356725 56.59977004067738 -0.9999886991761638 0.003632819130972978 0.003067227814551743 0.19839174836784448 -0.0036608054397123104 -0.9999512344865878 -0.00916875606166934 0.6171528500995063
0.003357753860458697 -0.008666373611311406 0.9999567684155093 58.028531580202376 -0.9999801238059488 0.005307511294243712 0.0034038300922461535 0.2203490704619784 -0.0053367802867449465 -0.9999483302829505 -0.008648379875388927 0.6384928776013188
0.003234722026082745 -0.008722055468235504 0.9999566898441842 59.472661567355516 -0.9999721190743945 0.006702197510650816 0.003293230360186478 0.2375007956107598 -0.006730630658133405 -0.999939470788261 -0.008700132378944733 0.6517851029127724
0.0029585414245044133 -0.009268868394127034 0.9999526260545275 60.87372215750196 -0.9999715317163531 0.006913962895026184 0.003022683983682952 0.24154166622798126 -0.0069416519119800115 -0.9999331098324269 -0.009248149109055923 0.6785970851719348
0.0024538846998815827 -0.010111756590939837 0.9999458235674407 62.333962972812365 -0.999956619616982 0.008960359834698362 0.002544520096529325 0.25345561644854303 -0.00898560381026561 -0.9999086974687481 -0.010089330070201066 0.691946071809267
0.0020634695173865495 -0.009662963072589598 0.9999511430458291 63.73062780797626 -0.9999333428261038 0.011339826500190183 0.0021730135131889533 0.26198136783328674 -0.011360270240686374 -0.9998889810488829 -0.00963891940860383 0.7054703212298195
0.0016703238230315065 -0.008538091844129844 0.9999621144049151 65.1511086767868 -0.9999245865254078 0.012152277934798027 0.0017740214165918252 0.2692093395872406 -0.012166964374704449 -0.9998896749502051 -0.008517149559529709 0.7273074276589825
0.0008420801302466297 -0.008516187416903432 0.9999633416733983 66.60461081648259 -0.9999281875562173 0.011947080322735708 0.0009437969851112476 0.2785323567267091 -0.011954679977709697 -0.9998923345875855 -0.008505515291603602 0.7498107017695733
0.00023358082081631807 -0.008351413229047509 0.9999650586764022 67.97367966551683 -0.9999494222529951 0.010052654359699622 0.00031753317804536995 0.2916360186850072 -0.010054954881967487 -0.9999145648408029 -0.00834864256839337 0.7720692810554703
-0.00036660672032821895 -0.009556104057875233 0.9999542318081547 69.44451978417834 -0.9999723178764133 0.00743504374112175 -0.0002955607917451044 0.3062448799578867 -0.007431878777468059 -0.9999266672827426 -0.009558565087694879 0.7892491166699721
-0.0011653676903467716 -0.010648157860590533 0.9999425872959206 70.80096062339516 -0.9999912291540969 0.0040355254942936155 -0.0011224516764177395 0.3162940467197634 -0.004023341248506755 -0.9999351330019016 -0.010652767148894689 0.807613863958898
-0.002107316473724231 -0.011399932413515368 0.9999327577358449 72.25659893618871 -0.9999977786936614 9.863043451521954e-05 -0.002106329643592837 0.3367311512724448 -7.461098726400245e-05 -0.9999349832645993 -0.011400114735157636 0.82781021209585
-0.0024933083037251935 -0.010901376975400012 0.9999374293564451 73.61807888876004 -0.9999908925211455 -0.003437018207943978 -0.0025309127507265653 0.34058446208492266 0.003464394642995519 -0.9999346407787104 -0.010892707947386948 0.8325291187328252
-0.003201262447401185 -0.010406135671811131 0.9999406899873248 75.01780747309489 -0.9999669405265623 -0.007441179325736583 -0.0032787855032519876 0.35268642891165103 0.007474858825855779 -0.9999181367161973 -0.010381970287510001 0.8504317772520569
-0.003949059782062316 -0.01043988180069534 0.9999376645708182 76.45480831995783 -0.9999451243820484 -0.009661767106038988 -0.004049963675452139 0.3636585737678843 0.009703447489653764 -0.9998987939125371 -0.010401153812902767 0.8720340465176658
-0.0043186871387829815 -0.010733294948442818 0.9999330300341669 77.82599287885006 -0.9999458611766482 -0.009420364521244024 -0.0044198612857317115 0.366873980076478 0.00946717480909019 -0.9998979908246673 -0.010692030053227991 0.8836237368041445
-0.004321950915941902 -0.010708357716740993 0.9999332832982595 79.24262462169527 -0.9999548257703903 -0.008419179591189267 -0.004412206036405979 0.36741001745059665 0.008465866793524398 -0.9999071894097931 -0.010671486494836928 0.9097247677183856
-0.004162159180959952 -0.00958264831396325 0.9999453827655429 80.61415137686467 -0.9999637374565002 -0.007389774116017775 -0.004233053474365039 0.3712010801127391 0.0074299357168782325 -0.9999267488337209 -0.009551543221355424 0.9214335590803456
-0.0038823906759390485 -0.009608745061002235 0.999946257702449 81.98927298445453 -0.9999671904491311 -0.007072188678410803 -0.003950430903189764 0.37319847478480456 0.007109768609995891 -0.9999287950194352 -0.009580972617684438 0.9482273470612707
-0.003460688941640356 -0.0099137345220755 0.9999448288443533 83.41021611170927 -0.9999726920705123 -0.006495530863513425 -0.0035251843739182373 0.37760908351006023 0.006530121520992414 -0.9999297299760604 -0.009890984598166992 0.9586385953408375
-0.0032543659831186446 -0.0091004528676156 0.9999532539534695 84.75976528405486 -0.999974318808108 -0.0063556493074372195 -0.003312277026332542 0.39227374391056946 0.006385496698422607 -0.9999383613117637 -0.009079535369341625 0.9768111869522351
-0.0024446166634721793 -0.009379963220236343 0.999952978580911 86.17513878805258 -0.9999748334260157 -0.006637134149700305 -0.002506929659387439 0.3958595332554462 0.006660338261518307 -0.9999339496604943 -0.009363501727527285 0.988997859295978
-0.0012186891916507398 -0.010108565572697611 0.9999481241214915 87.51883240100626 -0.9999832833055825 -0.005639974246164579 -0.0012757477185233648 0.4045163651848573 0.005652578864383431 -0.9999329710215255 -0.010101523024928102 1.0141744910404547
-3.0154843341335252e-05 -0.011290119084177881 0.9999362237360419 88.90926053669895 -0.9999902053906904 -0.004425656543106825 -8.012661847074014e-05 0.405954826296637 0.004426280057534005 -0.9999264401537733 -0.011289874843584862 1.032991655657917
0.0009985077004030952 -0.011651047371363134 0.9999315853182947 90.2909881084446 -0.9999962499223926 -0.0025623166599313876 0.0009687156988588005 0.4093098158790182 0.0025508557977843432 -0.9999288107519726 -0.01165356196581051 1.0499761076201388
0.0019724272708743955 -0.011961836274373003 0.9999264689191818 91.66297061877476 -0.9999978835947583 -0.0006118364373301627 0.001965247974154554 0.4172481072726702 0.0005882843211808143 -0.9999282369612775 -0.011963017552891754 1.066130940266493
0.002294372770615104 -0.011210182526584676 0.999934491305833 93.03786687250278 -0.9999973478839306 0.00018360119814823245 0.0022965743655817663 0.4314125663488731 -0.00020933339861550944 -0.9999371165436808 -0.011209731347470081 1.080400388516721
0.0024818775208437886 -0.011046243070603848 0.9999358679635474 94.3591655222695 -0.9999960663544867 0.0012806766565440601 0.002496173523704565 0.4429708645128493 -0.001308167153596467 -0.9999381377488792 -0.011043020939970323 1.101845602906871
0.0026582737805951424 -0.010547134876293373 0.9999408036321418 95.75707021107127 -0.9999951243910576 0.0016115477171053756 0.002675415406668697 0.4611058303005384 -0.0016396696001838695 -0.9999430482798644 -0.010542799327640927 1.1131189453968662
0.0024594380275549414 -0.009634038707785671 0.9999505266281757 97.10145522148689 -0.9999937561930862 0.0025144006240146012 0.002483768402739667 0.4635497776971277 -0.002538204327467441 -0.9999503997854338 -0.009627794363708708 1.1237715357856848
0.002346652188439575 -0.009004180007232422 0.9999566676644369 98.43742354288783 -0.9999963168738589 0.0013438117832964705 0.002358844711327774 0.4784782851536213 -0.001364992307704301 -0.9999585280678687 -0.00900099321280218 1.1437209138883793
0.002019624675514582 -0.009154167522213104 0.9999560198194993 99.82567412255523 -0.9999979200548608 0.00027260923517516585 0.0020222039785456874 0.49728021055482613 -0.0002911080542339914 -0.9999580320416204 -0.009153597739059834 1.1543623575165176
0.002053370555743817 -0.010583359622199286 0.9999418460137546 101.14606032711329 -0.9999978447250453 0.000291232205940929 0.002056566995123815 0.5023153334657597 -0.00031297987489980247 -0.9999439217407542 -0.010582738613123921 1.17752121717691
0.0019298821109602316 -0.011947901567802868 0.99992671853724 102.47821242041489 -0.9999981296341026 -0.00016455753852999758 0.0019280527363144807 0.5225360675670441 0.00014151011004675737 -0.9999285772055485 -0.011948196589758318 1.1917727070051864
0.0017482103380985093 -0.010885747677044108 0.9999391798997835 103.83688474634465 -0.9999984325373564 -0.000306111138503741 0.0017449805570523963 0.5330729927088402 0.0002870979290121971 -0.9999406711084677 -0.010886265565291075 1.207127990287443
0.0015136048476733735 -0.0083179146971912 0.9999642196269968 105.15987662220103 -0.9999988351068172 -0.000218803453321946 0.0015118362898815783 0.5407623668728626 0.00020622112152121098 -0.9999653510814808 -0.008318236024441754 1.2220079610120254
0.001814868635860926 -0.006925375399945408 0.9999743320036356 106.47362337679748 -0.9999978811008883 0.0009609540826559298 0.00182156558925031 0.5605139984142575 -0.0009735437048374283 -0.9999755270436327 -0.0069236165723689964 1.237394654499798
0.0013672717391188104 -0.008282074893994495 0.9999647278989078 107.8416277154418 -0.9999963517255255 0.002319016595327677 0.0013865210371675587 0.5629626275495884 -0.0023304174320422652 -0.9999629834853143 -0.008278873790027558 1.2623263904656803
0.0008395529798109974 -0.009999088559302278 0.9999496150392837 109.18866347391294 -0.9999839661151737 0.005591899843467191 0.0008954976937534335 0.5680719901858627 -0.005600571858134245 -0.9999343417582446 -0.009994233358452216 1.2702500384891153
6.489463561031418e-05 -0.010834610070262861 0.9999412614003604 110.51636833426211 -0.9999779415655204 0.006640888755087084 0.0001368519010896093 0.5835171790335864 -0.006641981093594815 -0.9999192211196553 -0.010833939928183468 1.291335646519121
-0.0005560505324352693 -0.009756663108966442 0.9999522076423941 111.833194514143 -0.9999740826962321 0.007183419525163122 -0.000485973871032608 0.5901658201575896 -0.0071783344455059565 -0.9999265697801382 -0.009760404410327495 1.309396772908644
-0.0013369161422015804 -0.007278738884387579 0.9999725755486255 113.1557958413375 -0.9999817005251281 0.005910005213763371 -0.0012939104371270547 0.5985256517915016 -0.0059004247202109235 -0.9999560144036318 -0.0072865067201977815 1.3240950441441712
-0.0026281708007649387 -0.0053373674837988 0.9999822620717621 114.50978047014739 -0.9999920882372488 0.0030006199908637517 -0.0026121814787611964 0.5945046212450866 -0.002986624001324969 -0.9999812236894168 -0.005345211269726975 1.3497518862515987
-0.0038548694297738054 -0.004825672760740134 0.9999808858644618 115.81670142861434 -0.9999925450613345 0.0002500006894009567 -0.0038537083745286676 0.6140282589793673 -0.00023139838211836284 -0.9999882945942076 -0.0048266003817010825 1.3620999658430617
-0.005293753966653491 -0.006634165236092615 0.9999639409750154 117.18298973976425 -0.9999856884702713 -0.0007412524801845375 -0.0052987871889213205 0.6221458047579774 0.0007763796462687458 -0.9999776884209721 -0.006630146136904069 1.3810503753475751
-0.00614342012518055 -0.009176617289856734 0.9999389817957024 118.47554560242286 -0.9999810627039623 -0.0003128892205448916 -0.0061465503552692495 0.6285718529356676 0.00036927550243920186 -0.9999578144796016 -0.009174521124204225 1.3966010675637206
-0.00706821354096137 -0.009953327277484027 0.9999254426524926 119.852273391255 -0.9999750113977094 -7.34445279246404e-05 -0.007069295177781025 0.6254840404827667 0.00014380287717849494 -0.9999504311841556 -0.009952559251790697 1.4178457565377078
-0.008083348666918495 -0.009059347977846306 0.9999262507396066 121.1686349785936 -0.9999670240450135 -0.0007103665572745499 -0.008090114298157949 0.622101488927374 0.0007836061926929198 -0.9999586804148162 -0.009053306922335639 1.433380793075844
-0.009447204599977409 -0.008920309443973111 0.9999155452507666 122.47524767847722 -0.9999523202210695 -0.002387850356643212 -0.009468854186960508 0.6179174440178538 0.0024721147875986036 -0.9999573316864415 -0.00889732544095806 1.4482861795704858
-0.010561779049023785 -0.00823974183573451 0.999910233324532 123.84839528806661 -0.9999357622541344 -0.004026928879043689 -0.010595232416018771 0.6213348909471196 0.004113870481682087 -0.9999579138352043 -0.008196680833425 1.4596424109319481
-0.011766809057195259 -0.007361392848589179 0.9999036310211604 125.17127121861728 -0.9999186540510061 -0.004836103830073692 -0.011802589514668805 0.6185019382715081 0.004922522444134516 -0.9999611797157146 -0.007303888361801152 1.4776255116879566
-0.012896681039991911 -0.006509934402849301 0.9998956023514983 126.49753499766614 -0.9998994009207323 -0.0058212651551655566 -0.01293462972477005 0.608297599524576 0.005904862258369175 -0.9999618355564547 -0.006434204361980816 1.494219133140307
-0.01373444525976232 -0.006271484738135923 0.9998859698599314 127.84133532122162 -0.9998899803227631 -0.005517489039625312 -0.013769106750871906 0.6015694781724639 0.005603213839217974 -0.9999650817589818 -0.006195014955752478 1.514288260655698
-0.014747347879869747 -0.007101520571139329 0.9998659927047353 129.1697530111226 -0.9998791296618821 -0.004819647561558697 -0.014781772578585633 0.5987945922283536 0.004923975922387337 -0.9999631384937797 -0.007029585034961631 1.5363899645155228
-0.01556931260725998 -0.00810702567998842 0.9998458840602132 130.53947189344007 -0.9998712273099571 -0.0037637147705485135 -0.015600223935906697 0.58831383520734 0.0038896072288237635 -0.9999600239655182 -0.008047383099777435 1.5527246315185352
-0.015938841303504918 -0.008506669083463623 0.9998367412493812 131.86437576307944 -0.9998699104958837 -0.0023383151162615703 -0.015959264014772708 0.570731422511187 0.0024736945309238364 -0.9999610531450172 -0.008468292252815014 1.5651834399602436
-0.01590674192820962 -0.008551686962503613 0.9998368684162852 133.2048990801112 -0.9998724924057448 -0.0012705759371387862 -0.015918175450464492 0.5543548743133895 0.0014064968290984949 -0.9999625959155938 -0.008530385665298623 1.590112386198842
-0.015743464355874707 -0.009391355431344605 0.9998319183775846 134.54162061885387 -0.9998759751007519 0.0005739198805444854 -0.015738766728856504 0.5417591200247186 -0.00042601428724535484 -0.9999557050202289 -0.009399225979190294 1.597330070609645
-0.015113375894720142 -0.009110883192912428 0.9998442363233743 135.88756783005095 -0.9998838665627455 0.002098211645034013 -0.015094854891403676 0.5241502897169985 -0.001960356696106803 -0.999956263172899 -0.009141536002799539 1.6208566026934164
-0.014008949479037499 -0.008745141898432398 0.9998635862251662 137.2295159936065 -0.9998973250987155 0.0031380531986951923 -0.013981975314429877 0.5152462290969023 -0.00301535017934409 -0.9999568060964776 -0.008788204652295697 1.6389201044749377
-0.012943071934349128 -0.009734043952303522 0.9998688136492253 138.55652798446968 -0.999896425907721 0.006420516188005234 -0.012880923263119745 0.5023955052469313 -0.006294290082659484 -0.999931979838421 -0.0098161367825942 1.6439590013684462
-0.011859046302467705 -0.010047240924810977 0.9998791602994985 139.90536729412733 -0.9999062450489764 0.006965304287193144 -0.011789376765847149 0.48511210831707213 -0.0068460115855223614 -0.9999252354198065 -0.010128900631218473 1.6634660042971232
-0.010567485887195199 -0.010005112796929377 0.9998940669841526 141.27470503965168 -0.9999128684736419 0.008017000465629627 -0.01048746498348352 0.4832117756698674 -0.007911222700315705 -0.9999177788022497 -0.010088960395678265 1.6778203139758359
-0.009386048143429375 -0.009617997420616132 0.9999096536466032 142.59168751022403 -0.9999213945857839 0.008403530048163906 -0.009305325903372193 0.48130604486022044 -0.00831327201812963 -0.9999184035468677 -0.009696117156686002 1.6916636941045788
-0.008379797073972291 -0.00888408434883615 0.999925382854028 143.93910961152346 -0.9999264633730699 0.008840855691079725 -0.00830125742707842 0.47204595091084506 -0.008766446771689576 -0.9999214225424427 -0.008957515454032889 1.701822774518142
-0.007476855068817552 -0.0067109803241496065 0.9999494880293262 145.29081299204367 -0.9999186378375354 0.010385515878206335 -0.007406924022476185 0.4644700160382092 -0.010335283507689533 -0.9999235184484874 -0.006788085162095085 1.7209408032254203
-0.0064175486915161286 -0.005716324647989565 0.999963028281584 146.60128063460084 -0.9998933074124854 0.01315895648350715 -0.006341877819623316 0.47496513360366754 -0.013122217887617263 -0.9998970469204087 -0.005800162876984475 1.7608420643210019
-0.0053220088769417116 -0.008519564479675166 0.9999495049616742 147.9951909384781 -0.9997269133956571 0.022799575439051218 -0.0051265722489258975 0.46324580200547283 -0.022754748860028345 -0.9997037237723213 -0.00863857729222374 1.7603120932951506
-0.0038242531988712074 -0.010192568003654121 0.9999407011805538 149.29650181496044 -0.9995086367839849 0.031148081446547994 -0.003505103470406188 0.45367518961080394 -0.03111050985548032 -0.999462779458575 -0.010306677736230632 1.7740942178801555
-0.0029815968399626944 -0.007352515220358385 0.9999684844194747 150.61470203831956 -0.999509385574458 0.031199757144360553 -0.0027508245559939378 0.42249379589511415 -0.031178549848097363 -0.9994860952596776 -0.007441932936737714 1.8073927491316788
-0.0029368963960120804 -0.0036701505432330628 0.9999889118711662 151.99581290934537 -0.9994787755157135 0.03215965593384274 -0.002817366598873726 0.4439757229947308 -0.03214896071331321 -0.9994759754334153 -0.003762687061504591 1.8169540196547458
-0.0039408771906977134 -0.0012895218644378404 0.9999913628874803 153.33327574832296 -0.9995986063398872 0.02806056673126807 -0.003903144781101734 0.44483238672031444 -0.0280552924080314 -0.999605362466334 -0.0013995874434788614 1.845847430934772
-0.004759553502326317 -0.0012723738229667746 0.9999878233978091 154.69541940764168 -0.9995985080939513 0.02793792457852697 -0.004722152962728512 0.44715584311007667 -0.027931577266283293 -0.9996088196782125 -0.0014048349593470397 1.8693406645671524
-0.005255242752669557 -0.004594886285220701 0.9999755940385123 156.0142545184717 -0.9994611779506436 0.03242393038047987 -0.005103551726083618 0.44993052126394556 -0.032399690351908136 -0.9994636134957979 -0.004762805985773309 1.8836945807785952
-0.005704920538076259 -0.007073800097504232 0.9999586663775062 157.34883018074885 -0.9992032192682127 0.039541677666646444 -0.00542088940595075 0.4472992894220618 -0.039501699045375885 -0.9991928522676978 -0.0072937458361473926 1.9011021526831806
-0.00574531790587185 -0.008198169426003812 0.9999498490276028 158.70286846452325 -0.9991409908490758 0.0410862850870875 -0.005403821601568212 0.4262385264117592 -0.04103992530529707 -0.9991219375727746 -0.008427180757965731 1.925964561890886
-0.005677671481423337 -0.008545457429430137 0.9999473278299065 160.03645399835207 -0.9990372448637488 0.04354874806559156 -0.00530034078428382 0.424050334070184 -0.04350116278188436 -0.9990147249378317 -0.008784485594167064 1.9447817003549044
-0.00671911707605574 -0.008577248762818249 0.999940599985407 161.3990882791776 -0.999083252811671 0.042335948084694826 -0.006350208802826289 0.42463605130268905 -0.04227896827911167 -0.9990665829897429 -0.008853845646910725 1.952647407133688
-0.007950130096928071 -0.008228297086544807 0.9999345027489351 162.74795461519065 -0.9991740537050658 0.03991511373520916 -0.007615629214345591 0.4270374999559577 -0.039849837839133095 -0.9991691637385188 -0.00853883116498072 1.95969002510237
-0.008817523936568789 -0.006284473403363112 0.9999413362262967 164.09524779407417 -0.9993048353927039 0.036279006115253476 -0.008583903453282646 0.42930988213049054 -0.036222934367142336 -0.9993219091227319 -0.006599995547540427 1.9817072861717295
-0.009523744957090905 -0.005442496923227602 0.999939796556425 165.45047325666604 -0.9994020886893779 0.03329085918740237 -0.009337427319520388 0.4264894253455631 -0.033238037653843026 -0.999430856470409 -0.0057562963355094095 1.9967156073207926
-0.009756720813672824 -0.006583991461879947 0.9999306859397272 166.7858635589805 -0.9994008275859249 0.033273438222215415 -0.009532463508958193 0.41958399916272104 -0.03320837185574518 -0.9994245685936846 -0.006904686040025657 2.012820838851839
-0.009676713177580726 -0.006421138648274511 0.9999325224378737 168.11873624422105 -0.9994401615988945 0.03208993959610815 -0.009465880524088489 0.41575451023420024 -0.03202699403677709 -0.9994643283772303 -0.006728068867760639 2.024789804884797
-0.009125379705570657 -0.004193346124293025 0.9999495299869794 169.5105549534634 -0.9995532562999713 0.0285000195328496 -0.00900224689857144 0.4115391509069399 -0.028460832860790874 -0.9995849657124097 -0.00445154617526159 2.054226821714149
-0.008449378593935295 -0.0010789739007177764 0.9999636808623111 170.89685808144787 -0.9996865362936925 0.023577735726098503 -0.008421596178312805 0.41328267267784075 -0.023567793623362115 -0.9997213937576418 -0.0012778528326339942 2.080085299440431
-0.008269562241583032 0.00012960643721426609 0.9999657577984158 172.24366891860075 -0.9997844616027007 0.019042909648128995 -0.008270531185938927 0.41773876463939424 -0.01904333006349449 -0.9998186284210124 -2.7897971268164157e-05 2.101406786751757
-0.008638881437742453 -0.0010529298446639412 0.9999620894280091 173.6402613493276 -0.9998748215952677 0.013265322102721067 -0.008624159567028016 0.41615738481593106 -0.013255738723777319 -0.9999114268332088 -0.0011673955143884735 2.132607896716779
-0.009381016272835033 -0.0032563818692654066 0.9999506546516369 175.02894333065464 -0.9999075173359752 0.009877606742772799 -0.009348444710826223 0.4198198655615518 -0.009846677128485585 -0.9999458824384081 -0.0033487426007194226 2.162724240279578
-0.009349039126535638 -0.005341945547816857 0.9999419874738751 176.37981563479556 -0.999900883475376 0.010577475301128741 -0.00929214722764237 0.41941468510492097 -0.010527223487220998 -0.9999297573216772 -0.005440305179920489 2.1736527769489924
-0.008543538324836251 -0.006173110500370234 0.9999444083987783 177.79411542964127 -0.9998887387948817 0.012280859549890104 -0.008467247416042854 0.4150059012542744 -0.01222790766441734 -0.9999055016044447 -0.006277345535102718 2.198466792211044
-0.007062276392335119 -0.006288125873722085 0.9999552504756735 179.19795093002264 -0.9998713301425647 0.014447644432312076 -0.006970831201351262 0.41270442356708337 -0.01440316468259489 -0.9998758242835576 -0.006389349908235289 2.212107921080964
-0.0048700287908317215 -0.0025110163923963854 0.9999849483092227 180.53384019104172 -0.9998692070932538 0.01543491911479326 -0.004830707558782365 0.4074486301709406 -0.015422557118114195 -0.9998776910262409 -0.0025858563836894254 2.235977710628109
-0.0032094674921919236 0.0018030262942912395 0.9999931837988392 181.9489515501145 -0.9999142989908192 0.012686687035132673 -0.003232089391707813 0.4203572877051775 -0.012692428211031418 -0.999917864632703 0.0017621543006521541 2.2695433689363065
-0.0027792188423564094 0.002960154808815988 0.9999917162937261 183.35040454712356 -0.9999592656271529 0.008579363435625896 -0.002804525636778537 0.44395390898988346 -0.008587594005808689 -0.9999587846256051 0.0029361903267864737 2.2927435437101793
-0.0024483722088803565 0.001713149749244261 0.9999954949007565 184.68127552095135 -0.9999785232225602 0.006075479108406225 -0.002458739465594881 0.45800447254615667 -0.006079663554125661 -0.9999800461083761 0.0016982379650769825 2.3109473929595823
-0.002787917863512872 -0.0014117367737463637 0.9999950768596984 186.12748305393262 -0.9999910485953911 0.0031873377471552614 -0.0027834074603709192 0.45164988272389145 -0.0031833920358122266 -0.9999938933917233 -0.0014206100907993616 2.3392524340496124
-0.0031863132259421457 -0.003937211957530285 0.9999871324175016 187.48451961749615 -0.9999899962568327 0.00315236808514471 -0.003173911150101196 0.46118250348287226 -0.0031398305786613035 -0.9999872498591306 -0.00394721689137439 2.3650673448120143
-0.0033619199531871296 -0.004365033753171133 0.9999847814867311 188.9428015732224 -0.9999863152300772 0.004023473867834405 -0.0033443627287118773 0.4669359683827877 -0.004008813861736404 -0.9999823483850795 -0.004378500499953039 2.3835481292954754
-0.0031839393507716715 -0.004964095937284121 0.9999825696043919 190.35350195231425 -0.9999798851595315 0.005501707040449402 -0.0031566198273525322 0.4626996200642396 -0.0054859409692232 -0.9999725135795167 -0.004981513065076727 2.4059833179954535
-0.003324158410690897 -0.005515468323592645 0.9999792241896553 191.7151463497612 -0.9999602621098973 0.008290370832742741 -0.003278369639294278 0.4654782308054226 -0.008272116642268705 -0.9999503929215674 -0.00554280753025095 2.42735045848534
-0.0037094624540166404 -0.005696824224942069 0.9999768523884264 193.1676996746722 -0.999941770125067 0.010155137291813193 -0.0036514794018872878 0.4715914611620362 -0.010134100316603592 -0.9999321768618633 -0.00573416247306332 2.450660516661613
-0.004046806331685154 -0.006451485796719168 0.9999709600384001 194.5316731731924 -0.9999042488500426 0.013259239294845597 -0.003960992509747463 0.4679730224167663 -0.013233300114595616 -0.9998912490104644 -0.0065045254993934334 2.470777873658841
-0.004321709209358749 -0.007906830092238491 0.999959361223426 195.99390569254874 -0.9998219543291562 0.018401839046871322 -0.004175609635439449 0.46195831050766 -0.01836807591212346 -0.9997993765255886 -0.007984949565553439 2.4837909924738764
-0.0045834527387398965 -0.008315774695127733 0.9999548785235999 197.3933814500964 -0.9997384319551295 0.02244433720062368 -0.004395810538090417 0.45514103056031685 -0.02240677073269767 -0.9997134782337461 -0.008416471963953486 2.50378926885773
-0.004848258991348461 -0.0038675982046054965 0.9999807274632769 198.81749645182697 -0.999784445028642 0.02020698902557866 -0.004769153685993013 0.46307076210619075 -0.020188155074204493 -0.9997883067039832 -0.00396473314225565 2.526521263530954
-0.00504544733168173 0.0011565850013747158 0.9999865624099243 200.2563273117976 -0.9999123628169516 0.012234161298117847 -0.005059223332848298 0.4780043543163165 -0.01223984839861546 -0.9999244604228043 0.0010947568703757204 2.549477886800143
-0.006413418969695149 0.0018860921436250377 0.9999776147198446 201.6811043821237 -0.9999730771856055 0.003554019857700626 -0.006420093449054238 0.4918731183650151 -0.003566048632160164 -0.9999918752383175 0.0018632479893059292 2.5701170724629114
-0.007875520294158764 -0.002427689640277854 0.9999660002872383 203.14124108366775 -0.9999626345340964 -0.0035460119462318446 -0.007884102796950258 0.5052369228155147 0.0035650326089051478 -0.9999907354899132 -0.002399672141068572 2.5948542135593367
-0.008848753879920773 -0.004228160254727718 0.9999518695633894 204.5794817247228 -0.9999502860636214 -0.004559319225338953 -0.008868018347976497 0.49656958545892965 0.004596596331111511 -0.9999806369187514 -0.004187605642390014 2.61320844633118
-0.008372711714627501 -0.004809704354026046 0.9999533407466917 206.0351065810181 -0.9999574751438838 -0.003826256664814353 -0.008391150415699322 0.48953751150539476 0.003866438178711646 -0.9999810825447308 -0.004777463551519472 2.641636416475405
-0.006994125972913804 -0.0048526732179035754 0.9999637258384719 207.48009817295602 -0.9999754774766899 -0.00032715677612254156 -0.006995795989237661 0.4845803265837376 0.0003610940569291586 -0.9999881416669169 -0.0048502659177156815 2.6614748784848627
-0.005781704343851685 -0.004414172757915691 0.9999735027501523 208.9114017764325 -0.9999825744561649 0.001219859498374055 -0.005776372262658959 0.47837273618818604 -0.0011943285469389157 -0.9999894829272143 -0.0044211485870472005 2.6881978920592506
-0.005357084927262905 -0.0036673645326481255 0.9999788854306736 210.39379035382566 -0.999985154398371 0.0010178362558844554 -0.005353385971944122 0.48470752407344575 -0.0009981812085836893 -0.9999927266686047 -0.003672762613836782 2.7050434566423665
-0.005263359025294115 -0.0036670614762289336 0.9999793842578285 211.87280628954088 -0.9999859828023672 -0.0005594871884518487 -0.00526544579642208 0.48891387353572785 0.0005787852207091888 -0.9999930892649136 -0.003664065181411946 2.7329239938011374
-0.00506411615802848 -0.004458793611953335 0.9999771962980901 213.30192074908993 -0.9999860124434714 -0.0015049661339206332 -0.005070871632460065 0.49167113002785395 0.001527542706675905 -0.9999888965282724 -0.004451109800106155 2.75181478597478
-0.00468752004642029 -0.004166838279395731 0.9999802917277295 214.74617391737073 -0.9999879968986429 -0.0014076898527985663 -0.0046934222694790155 0.5024148781932665 0.0014272197556721693 -0.9999902973586303 -0.004160189572593933 2.7780164832051333
-0.004444871407341445 -0.0034492908878682024 0.9999841322440254 216.22189614638043 -0.9999895297528161 -0.0010742792216965353 -0.004448601351909228 0.5004697564015033 0.0010896075858158726 -0.9999934436084542 -0.003444479631178988 2.800370269092417
-0.004162952213751646 -0.00281019326072689 0.9999873458559684 217.688792132036 -0.9999912330116197 -0.00044379186452268675 -0.004164215968710036 0.5042244619670591 0.00045548934511743973 -0.9999959223946808 -0.002808321038650102 2.8244645326613913
-0.0035771395550578938 -0.0027654601569137923 0.9999897377136381 219.16603961871004 -0.9999927409827412 -0.0013038056622782564 -0.0035807564232885375 0.502552045009275 0.0013136956287189902 -0.9999952956210771 -0.002760776086664361 2.8503167143224544
-0.0034302756040253727 -0.0023090452681220524 0.9999914103376742 220.64176961035452 -0.9999917137526173 -0.002185114702438439 -0.0034353226942837613 0.5088210676099308 0.0021930292202515383 -0.9999949162506062 -0.0023015304929379643 2.878410621044188
