1.0 -3.469446951953614e-18 0.0 -1.7787691892340307e-19 0.0 0.9999999999999999 -3.5405977195229754e-19 0.0 2.168404344971009e-19 -2.354751593366955e-19 1.0 0.0
0.9999999161596304 -0.00018309204373211964 -0.0003662755239227835 -0.00897163952390602 0.00018342741406547278 0.9999995638644015 0.0009157646828658496 -0.025499249643076947 0.00036610772664600537 -0.0009158318092684237 0.9999995136088529 1.319733279275058
0.9999997356973426 -0.0006766888454539915 -0.0002658911616329315 0.01851566890162863 0.0006770540623416577 0.9999988245121898 0.0013757073601790707 -0.04241721573813259 0.0002649599468119222 -0.0013758870460828388 0.9999990183653674 2.6138935917041777
0.9999988836994702 -0.001349407334111043 -0.0006416390893529303 0.019214901047962765 0.0013503538438512028 0.9999979977011026 0.0014768669414051085 -0.07607920947599879 0.000639644964866157 -0.0014777317612013987 0.9999987035813691 3.931673825879064
0.9999953002135504 -0.002723881245001168 0.0014071345757211526 0.0847768909067938 0.00272234909277814 0.999995700628225 0.0010897414215477164 -0.0986223040306806 -0.0014100969702411188 -0.0010859056066301856 0.999998416215608 5.171824674418905
0.9999957381693453 -0.002719382297602567 0.0010623598937596972 0.10125414863868402 0.0027177500073827607 0.9999951286745703 0.0015350758400859944 -0.11774766764197395 -0.0010665292654219104 -0.001532182096492667 0.9999982574645133 6.505466605586209
0.9999924442932813 -0.0037095476951729493 0.0011621613732248032 0.08759839375636619 0.003706524471536207 0.9999897688830164 0.002593029121099909 -0.15302390640085142 -0.0011717685448797744 -0.0025887019965917693 0.9999959627814748 7.8507080572067
0.9999915728811524 -0.0038976494901663966 0.0012893805972586255 0.0676782387895524 0.0038936633893943834 0.9999876767867795 0.003079878901870471 -0.16785536066209888 -0.0013013691035870614 -0.0030748325898995394 0.9999944259053378 9.162137791218903
0.9999932329718593 -0.003609099688135468 0.0007130329645082063 0.07412642411227793 0.0036073089844116148 0.999990375508445 0.0024972398554790757 -0.19274202975380617 -0.0007220389482538833 -0.0024946508721859573 0.9999966276824028 10.493624743658426
0.9999996858360117 -0.0003468416132778353 0.0007127624978443636 0.04749015788670681 0.0003469872299991742 0.9999999189601716 -0.00020415430895330647 -0.21362335125049664 -0.0007126916912433682 0.00020440156917433787 0.9999997251447006 11.831066456706822
0.9999974257771485 0.0021698938609771064 0.0006633225838004676 0.0452057766945473 -0.002169370052889098 0.9999973351908025 -0.0007895877404063092 -0.23954978817599076 -0.0006650341947499971 0.0007881467300966044 0.9999994682764474 13.168142917345907
0.999986611387679 0.005128555290371279 0.000689171229900381 0.029951060896822763 -0.00512790720953829 0.9999864110012925 -0.0009393564662765946 -0.26121463108868836 -0.0006939794660730649 0.0009358098985604521 0.9999993213253718 14.51598326303846
0.9999827139827202 0.005738129438127006 0.0012828081135590876 0.005136072869992101 -0.005737972708415319 0.9999835297523514 -0.00012611389721586523 -0.29318449907203253 -0.0012835107521964898 0.0001187509982538821 0.9999991692479089 15.870511008393215
0.9999872654773904 0.0048077611058634714 0.0015343757776734414 0.013438918663457554 -0.0048111578591944065 0.9999859673981188 0.0022176058755553393 -0.3286159440670471 -0.0015236926543840672 -0.0022249598057796664 0.9999963639497962 17.203271468082583
0.9999989451780137 -4.8042353707996796e-05 0.0014516669435497688 0.007170643511744526 4.148499023566392e-05 0.9999897982406553 0.004516823278535705 -0.34947637128370274 -0.0014518692518386352 -0.004516758379507486 0.9999887454208539 18.57871971419476
0.9999963294024 -0.002489140040134759 0.0010702190332065949 0.011352996605798527 0.0024857198169981713 0.9999918368323146 0.0031855080382308873 -0.3833801928099243 -0.0010781395607903246 -0.0031828361408029558 0.9999943535681888 19.913634149940087
0.9999947049335522 -0.003064362612362804 0.0010953504429118007 0.00666806468486935 0.003063858464710299 0.9999951997308205 0.00046182483858910154 -0.3884644561315386 -0.001096760475805191 -0.00045846640026742943 0.9999992934615036 21.276631710269154
0.999997996980893 -0.0012247416736490633 0.001583049633852446 -0.00578317048358587 0.0012262216785057737 0.9999988117999864 -0.0009342254648595995 -0.44746981207223 -0.0015819037023757484 0.0009361647840437585 0.999998310585501 22.620215210085217
0.9999963573315236 0.0015874070572544172 0.0021829939787315713 -0.011757964340557238 -0.001588178454474955 0.9999986770227371 0.00035163143959346713 -0.4374830535114679 -0.0021824330927019044 -0.00035509714915810814 0.9999975554414722 23.991414515301294
0.9999935299856065 0.00179735500035943 0.0031160075006232374 -0.031966628700233264 -0.001813478265856019 0.9999849433894333 0.0051792174053930115 -0.4627708000504427 -0.003106651950259613 -0.005184834808699403 0.9999817329326218 25.381673757151116
0.9999945337157842 0.000225568652010023 0.0032987362876654765 -0.01536611112225355 -0.00024457374113633686 0.9999833693287307 0.005762052465170457 -0.4863351642133689 -0.0032973819630542226 -0.005762827863501128 0.9999779582993205 26.739075324896273
0.9999878479341293 -0.0037668400125645297 0.0031803945692660514 -0.024782834110450413 0.0037504616386327353 0.9999797558603502 0.005140223788276317 -0.5309800940237794 -0.0031996928515314414 -0.005128233471698469 0.9999817314252627 28.120612581055795
0.999987862290054 -0.0038087824878981387 0.0031254532068547545 -0.022943180981905065 0.00380143187961896 0.9999900026402039 0.002354512613200931 -0.5300894900468713 -0.003134390049697833 -0.0023426028780562753 0.9999923438742997 29.474799653219243
0.999981693605092 -0.004499051517522931 0.004046109360728032 -0.04229371115866381 0.0044970992077636406 0.999989767180358 0.0004915559097441516 -0.5759575737102265 -0.004048279834397906 -0.00047335115851777513 0.9999916936476595 30.85322644655715
0.999988619947294 -0.001957530692701555 0.0043506387455424555 -0.03963218436508259 0.00196067052168079 0.9999978204665246 -0.0007175168626491351 -0.5812270064155021 -0.004349225069900029 0.0007260388857566406 0.9999902785045883 32.24734764303839
0.9999880704349745 -0.0006626104952567047 0.004839415413994216 -0.042121363742845266 0.0006762553782807233 0.999995799554129 -0.0028184307533923483 -0.6284657252244219 -0.004837527975557629 0.002821669871499507 0.9999843181253346 33.63094930839068
0.9999870794021888 1.6972259595203487e-06 0.005083407459301043 -0.056278136055884706 1.05283150108465e-05 0.9999971080196142 -0.0024049619032691003 -0.6381545088789364 -0.005083397271496565 0.002404984400976172 0.9999841874331915 35.023166754146246
0.9999897279576697 8.741589478653868e-05 0.004531704168149181 -0.05532249854664002 -8.369847115387123e-05 0.9999996598878216 -0.0008204992633729106 -0.6819225802749289 -0.004531774735183279 0.0008201115582447397 0.9999893951585118 36.40758144195744
0.9999883980770721 0.0019720669950379927 0.004394845236475397 -0.06024636669506132 -0.001973136388956136 0.9999980248110453 0.00023897746305524465 -0.7125721151628679 -0.004394365647547613 -0.0002476463223314677 0.9999903140614868 37.8080758436285
0.9999856831873539 0.003778319322502946 0.0037891583406760966 -0.047371285634930496 -0.003780390622325697 0.9999927087374644 0.000539560606333032 -0.7320679673901678 -0.003787092400502231 -0.0005538773909302018 0.9999926755464144 39.20452948021823
0.9999698185529492 0.006298036585731226 0.004549363773094215 -0.06854675767972232 -0.006300539434475824 0.9999800077912968 0.000535941503922373 -0.7630765626807448 -0.00454589782618056 -0.0005645887865374962 0.9999895079686189 40.602898588107536
0.9999497639372077 0.00891709031516999 0.004577672749564334 -0.0774398761688273 -0.008920939052432778 0.9999598706836738 0.0008209069695601757 -0.8047244563391784 -0.00457016933518573 -0.0008617028901208139 0.999989185449157 42.02727821080233
0.9999408006234153 0.010013216558089469 0.004258018900029818 -0.08538625839932064 -0.010016990676474807 0.999949453876587 0.0008658015716116653 -0.8198354959448851 -0.00424913457403334 -0.0009084028744357779 0.9999905597828118 43.41747134950442
0.9999539485386918 0.008767886335006308 0.0039019170324546965 -0.09029970339211363 -0.008770430795336652 0.9999613372139942 0.0006353267031426367 -0.8452202533243809 -0.0038961960304308083 -0.0006695189554621457 0.9999921856676043 44.84740010461288
0.9999617891290785 0.008235378334926633 0.002932373000752907 -0.0775862802908184 -0.008235316835242704 0.9999660886601454 -3.3228835529485633e-05 -0.8749195498307775 -0.002932547460449155 9.078541344626092e-06 0.9999957000303588 46.23970508507215
0.9999700211145279 0.007484935668306149 0.0019830776944140373 -0.0801185301295343 -0.007485782561938706 0.9999718930528005 0.0004197375163225003 -0.9037311648513704 -0.0019798804152931144 -0.0004345698341697747 0.9999979456078703 47.66701551123505
0.9999668005256357 0.008076225979729198 0.001082776355159369 -0.09187210981517355 -0.008077572284101718 0.9999666016713474 0.0012443411957598325 -0.936462339760841 -0.0010726907016984622 -0.0012530461185720904 0.9999986396034426 49.07118434472863
0.9999600511228235 0.008935477810012239 0.00023103112385779428 -0.10670491600916493 -0.008935812366645049 0.9999589686000161 0.0014874115742983356 -0.9697880148793901 -0.00021773092897266677 -0.0014894166406721452 0.9999988671149724 50.491919696099394
0.9999601009209218 0.008895196451907008 -0.0008197715456342698 -0.11563365845049493 -0.008894012729545046 0.9999594147343493 0.0014371642390571945 -0.9913329433952657 0.0008325222041754834 -0.001429815874636886 0.9999986312665198 51.938433398610364
0.9999534790758043 0.009464255212540336 -0.0018621313374940272 -0.13546577322892758 -0.009459477764697681 0.9999519858054808 0.0025581995183650936 -1.0252219198267962 0.0018862535427479066 -0.0025404657774326478 0.9999949940299067 53.3335516873742
0.999967459720463 0.007562592528463264 -0.002808322181520904 -0.13419344805090758 -0.007553199230791689 0.9999658940262626 0.0033406557614626404 -1.051209224002273 0.002833490660921407 -0.0033193353121693018 0.9999904766293817 54.80162167270945
0.9999837451321688 0.004815265313785526 -0.003053305847635808 -0.1509424692750671 -0.004803031699145759 0.9999804591281475 0.004001531804460485 -1.0516422367889893 0.0030725148832523026 -0.0039868017200821865 0.9999873324551223 56.20223563321698
0.9999840158076995 0.004234827241450944 -0.0037462451024113342 -0.157333539499876 -0.004221619556072997 0.9999848705349463 0.003526561613127318 -1.1044031551283298 0.0037611231233337754 -0.003510690097799489 0.9999867644202004 57.63529103427144
0.9999895885003184 0.002589921434701028 -0.003757018276774547 -0.16846429157396609 -0.0025754056176011007 0.9999892206444311 0.0038634032455348542 -1.1261005547711997 0.0037669840107143852 -0.003853687256740468 0.9999854793614728 59.08554791538728
0.9999930850385139 0.0016275000569200438 -0.0033438166570029268 -0.18040533744685666 -0.0016140275761242929 0.9999905855915696 0.004027858628951548 -1.1534000984994244 0.003350340803384811 -0.004022433847423069 0.9999862975308248 60.473877115577
0.9999962141203522 3.624684026336082e-05 -0.002751440753013275 -0.195093807053811 -2.2581213509578757e-05 0.999987666188748 0.004966584273829352 -1.1773600208058883 0.002751587076810898 -0.004966503440222413 0.9999838811791765 61.93156675428921
0.9999962122677489 -0.0011096212000662395 -0.002518767214454533 -0.19905471788623125 0.0011221485952707215 0.999986981861782 0.004977638656738181 -1.2155725268489646 0.002513211347921156 -0.004980446333225329 0.9999844393432364 63.34232862675186
0.999992645342107 -0.00324566642199459 -0.0020432602109105554 -0.20933235291441893 0.0032521090831295896 0.9999897265023838 0.0031576369303883633 -1.229701413981941 0.0020329907579226566 -0.003164258673676063 0.9999929271848486 64.76035270388327
0.9999937765052455 -0.003317048014764224 -0.0012017262448275389 -0.21688651396483966 0.0033206404458612677 0.9999899876688995 0.002999650600733995 -1.2582039087797414 0.0011917643310592313 -0.003003622490828447 0.9999947789624934 66.24618408264531
0.9999988390507637 -0.0014853663616675346 -0.00033997888266807503 -0.24229547645464888 0.0014863906881713122 0.9999942973942773 0.003032460846882052 -1.2890854233415183 0.00033547265948344796 -0.003032962726708706 0.9999953442873167 67.57802857826842
0.9999976142430983 0.0021657557822064464 0.0002846165905799336 -0.26430908751111076 -0.0021670390288782487 0.9999871270421 0.004587994628939962 -1.3222445378580638 -0.00027467647045720136 -0.00458860055023449 0.9999894345934088 69.05710337038497
0.9999854608731561 0.005291903373950682 0.001036239378996163 -0.27773185119634025 -0.005297541205682335 0.9999707580979145 0.005515343625413473 -1.3477862633448228 -0.0010070224928135747 -0.0055207530699870186 0.9999842534715836 70.40221611404385
0.9999577092732366 0.008944017675119861 0.002141073561866761 -0.28991882668571967 -0.008957390015337657 0.9999399131794674 0.006319431366906249 -1.3752908356649498 -0.0020844239773039662 -0.006338342674586483 0.9999777400460594 71.8561618519912
0.9999217686833937 0.012271408333921362 0.002422606872155456 -0.29559911770790315 -0.0122853616231807 0.9999075306288983 0.005830961293947433 -1.3920916350645256 -0.0023508289428844946 -0.005860267854654236 0.9999800652324359 73.22645295472202
0.9998673119956936 0.016004823488366564 0.0030338076454807057 -0.30991831785123625 -0.016020098946996304 0.9998587694549224 0.005079135280371947 -1.418636743833141 -0.0029520887618342605 -0.005127063349626772 0.9999824990422349 74.62446701651945
0.9998216111246282 0.018492420196643624 0.0038439921696187323 -0.31744678299766266 -0.018513084446615927 0.9998139750789244 0.005411191368244379 -1.4425929989540374 -0.0037432113797343457 -0.005481390342709209 0.9999779711199789 76.0602126873252
0.9998312391394527 0.017895612078281734 0.0041521397167739475 -0.3245229698742831 -0.01791879025539101 0.9998236869661821 0.005613553737450841 -1.4628774123892867 -0.004050949999167337 -0.005687007832490966 0.9999756235741798 77.41147955885016
0.9998549303525373 0.01650302390466938 0.004215259442177283 -0.32873486864016854 -0.016526133165643213 0.9998482666448566 0.005507327207954165 -1.4987106920841486 -0.004123732639130035 -0.005576190319999216 0.9999759501743468 78.84202458640225
0.9998678362010459 0.01572666987930959 0.0041209159652517155 -0.3391375997075674 -0.015745420060529827 0.9998656464101988 0.004557512082772909 -1.5140561783573578 -0.004048688156764167 -0.004621795397416815 0.9999811233856938 80.21045298065238
0.9998713652649244 0.015618306497556604 0.0036498477553467794 -0.331323257518721 -0.015635512717362056 0.9998665513649021 0.0047339459030247485 -1.546129487417132 -0.003575424769314352 -0.004790404297615701 0.9999821340209343 81.57707710784858
0.9998845476678199 0.0148510980989367 0.0032149939281542906 -0.33785796474567475 -0.014864949377119269 0.9998801441931906 0.004327882354653508 -1.565500497896674 -0.0031503350506485567 -0.004375173507578712 0.9999854665157929 83.00260058795926
0.9998776291933648 0.01537143903712048 0.002906108048393254 -0.3506591130986976 -0.015381535998077223 0.99987562657229 0.003484218216362722 -1.5941316113331316 -0.0028521893969838015 -0.003528492334330275 0.9999897073242885 84.34757820423091
0.9998819398690778 0.01523369040568013 0.0020102147095710948 -0.3524565231107052 -0.01524120155079892 0.9998767195485657 0.0037751184169408994 -1.6154404239465838 -0.0019524580670335933 -0.003805310898598508 0.9999908537154636 85.76269316062056
0.9998968781367161 0.014335164954031577 0.0008579643323876024 -0.36471893775109376 -0.014339243281675396 0.9998849272554822 0.004951604265787892 -1.6550710966988975 -0.0007868836034982491 -0.004963396314587267 0.9999873726758834 87.12740948181079
0.9999063966235565 0.013681856631109962 -6.896317931537744e-05 -0.37054564376046406 -0.013681160794558958 0.9998869341493427 0.006240576046487199 -1.6831176170016042 0.0001543380659509569 -0.00623904854472934 0.9999805250377969 88.49068359059967
0.9999381650241286 0.01106377416592827 -0.0011220524158350345 -0.37795044702971636 -0.01105597528058087 0.9999162043577792 0.0067342183898387665 -1.69617699004271 0.0011964643700445982 -0.006721396737758548 0.9999766953797818 89.8856170153792
0.9999470300884016 0.01007604533063673 -0.0021000717412122238 -0.3843599683613476 -0.010061726698447973 0.9999267921754604 0.006721009341733273 -1.731309099649344 0.002167639382300255 -0.006699523124081939 0.999975208560166 91.25840798930633
0.9999624563542997 0.008273023687598817 -0.0025773898688522265 -0.39787622194346456 -0.008257233024367516 0.9999474344013453 0.006078367640938095 -1.7429267089899472 0.0026275410927176406 -0.006056857455967697 0.9999782050183584 92.63372159598869
0.9999753403384096 0.006479493006370416 -0.0027082960385602763 -0.4067422606962833 -0.006463158932397307 0.9999611302388194 0.0059971326285345496 -1.7811794953158748 0.002747049383244205 -0.005979480718590849 0.9999783495338315 93.96010346088211
0.9999706359148923 0.00706374069930054 -0.0029716754997846763 -0.42410991070879084 -0.007048437786401705 0.9999620053334631 0.005129076688195164 -1.7944664036126419 0.003007793317589498 -0.005107980516202559 0.999982430706162 95.35603483375164
0.9999776307294579 0.006068047997126649 -0.002813683878440161 -0.4338882654110782 -0.0060554498221858915 0.9999716985475705 0.00446471080038395 -1.8132755664989817 0.0028406965698080772 -0.004447572901137096 0.9999860746752077 96.68811256893785
0.9999593720458425 0.008659076039910129 -0.002504922455036725 -0.4422484539642564 -0.008648486869934 0.9999537473496323 0.004207951311075823 -1.8557254565770633 0.002541243783708791 -0.004186116652866771 0.9999880091844929 98.02673237399253
0.999951127557414 0.009623918973680007 -0.0022633282318976536 -0.4684906651770599 -0.009615045987481599 0.9999461715979377 0.003899335589624564 -1.866703791836784 0.0023007334872871986 -0.0038773831002004698 0.9999898362136087 99.41101627218265
0.9999581405238698 0.008895052265014629 -0.0021436468869484838 -0.4700231428428931 -0.00888335510555056 0.9999459289706819 0.005406029524429592 -1.8947828306631944 0.0021916180819327173 -0.005386760569115169 0.9999830896699377 100.75096005826389
0.9999531745230731 0.00941987582569764 -0.0022169068022912363 -0.49214969317090274 -0.009404565554292496 0.9999325297348431 0.006818368126784432 -1.913268666877292 0.0022809856057634404 -0.0067971999511362785 0.9999742972613233 102.08872703311718
0.9999555876907404 0.009228901186045834 -0.001910498676824316 -0.500793930578245 -0.009217594350350891 0.9999404335723721 0.005845107394187729 -1.9442003410224973 0.001964328963946361 -0.005827237721180236 0.9999810921797828 103.43814794750357
0.9999606643873221 0.008682443292985753 -0.001812411229262964 -0.5132580057297198 -0.008676604682597464 0.9999572208802647 0.0032051456940263867 -1.9708423359045115 0.001840162349182781 -0.003189294112905184 0.9999932210816905 104.75634239300528
0.9999689756280767 0.0076208746058823934 -0.00199249392119267 -0.5265904891931685 -0.0076168896281907554 0.9999689905498607 0.0020002367028962016 -1.996235535536303 0.0020076758589328736 -0.001984998087119986 0.9999960145040613 106.07827486359714
0.9999755217684815 0.006734661644049111 -0.0018974138415728135 -0.5383564102211442 -0.006728679756055887 0.9999724265496511 0.0031418183231901784 -2.0272309169068263 0.0019185207709159382 -0.0031289743953188533 0.9999932643778954 107.44006030982445
0.9999931691730556 0.0035008860848645606 -0.0011854937470196455 -0.5406523346855096 -0.0034953998835649805 0.9999833163013575 0.004598837245470694 -2.0419600957458854 0.0012015740789605238 -0.0045946621511215235 0.9999887225876386 108.79925576154093
0.9999980432149744 0.0019217444283345922 -0.0004695321820737551 -0.5584961324382413 -0.0019188059436955045 0.9999790573616926 0.0061808594488461256 -2.0762177864209197 0.0004814004266075573 -0.006179946536758739 0.9999807880738416 110.14034740990498
0.9999987306821558 0.0015827258505582567 0.000183331663373998 -0.565492155681617 -0.0015835683592928442 0.9999877489472124 0.004689804729336435 -2.096832880906006 -0.000175906753352305 -0.004690089188213534 0.9999889859998558 111.43102342528454
0.9999944425295048 0.003162411137410553 0.0010554911794626288 -0.5717526155836938 -0.0031646785555227647 0.9999926740188283 0.002153305301178689 -2.115764392410224 -0.0010486738973655182 -0.002156633668623742 0.9999971246024374 112.77733730648117
0.9999796751779267 0.005975168749576749 0.0022240909176836506 -0.5707931752677857 -0.00597606848990037 0.9999820639684981 0.00039794306867502166 -2.1590292145964787 -0.0022216734371354532 -0.00041122631107771935 0.9999974475253086 114.0996090706295
0.9999626115375346 0.007946451362703713 0.0034101942737438107 -0.5897300581920116 -0.007945480767988164 0.9999683897088998 -0.000298220420739969 -2.1775618428842747 -0.0034124565596919763 0.00027111363975463004 0.9999941407995089 115.42657312808207
0.9999406020539957 0.009730811940448397 0.004909546452990708 -0.602058603018702 -0.009738166673795984 0.999951493241846 0.001476243531457457 -2.1934802016915964 -0.004894943671669557 -0.001523965860781782 0.9999868584382874 116.79234510914473
0.9999370538010776 0.009558620947541252 0.005875473240281473 -0.6053414417846796 -0.009582397125239223 0.9999459595378929 0.004031834544835481 -2.2204759758340327 -0.005836617439388127 -0.004087881957204453 0.9999746112340827 118.09063673148897
0.9999317225873091 0.009396732333515581 0.006946335045502043 -0.5977114071160203 -0.009428372797843221 0.9999452625237543 0.004536271894967905 -2.250334728297196 -0.006903329268116586 -0.004601454898718314 0.9999655847339324 119.47050367862965
0.9999239206394731 0.009507037136792408 0.007859336062243405 -0.5982880957025745 -0.00953908666247438 0.9999462984720705 0.004050434315098916 -2.274817291051352 -0.007820407032580868 -0.004125097130673522 0.9999609116368207 120.77914388781409
0.9998874246098461 0.011765612870104606 0.009311736662844858 -0.5935490248373578 -0.011799769283898821 0.9999238217691894 0.00362161990781223 -2.29882717540543 -0.009268417514390594 -0.0037310886217979157 0.999950086458452 122.10511244969813
0.9998576388535241 0.01330138351072055 0.010381483353298002 -0.5961869462497547 -0.013334290113598452 0.9999062675644109 0.003106899599681836 -2.318247707894954 -0.010339185080413739 -0.003244887074463226 0.9999412842530012 123.47214670305533
0.9998364200325296 0.013910912169728219 0.011559397490754466 -0.5992389100141304 -0.013938805861935093 0.9999001215629044 0.002335941872600793 -2.3443355794091167 -0.011525748846832003 -0.002496684007291822 0.9999304594202938 124.79112455284964
0.9998146284487786 0.014525234084798958 0.012638286400113951 -0.5882212357131429 -0.01454490745125776 0.9998931424936025 0.0014660486373433512 -2.3603613942935437 -0.012615642270390045 -0.0016495996130348495 0.9999190589170699 126.12178545945115
0.9998123363626252 0.013906774002147394 0.013486795914951579 -0.5818151622691499 -0.013923520673566503 0.9999024034724174 0.0011485369608782645 -2.3962416415253 -0.013469508344615161 -0.0013361051300174074 0.9999083893852133 127.46791566852772
0.9998005411948727 0.013673548762458255 0.014557192746766166 -0.579328824388639 -0.013705147169990335 0.9999039311444733 0.0020730308591535244 -2.4194457446421405 -0.014527449792073432 -0.002272125887300524 0.9998918894772769 128.8046697624574
0.9997903055701202 0.013489661083666013 0.015406943292239066 -0.5667810058041973 -0.013534517407464426 0.9999044535022125 0.0028108251974036822 -2.453011281361149 -0.015367555430560183 -0.0030187613825203214 0.9998773551374913 130.15600486483856
0.9998130363180281 0.011377290866312582 0.01563488527049862 -0.5506071838108336 -0.01143623667330677 0.9999278108178349 0.0036858743955601268 -2.472390691774066 -0.015591822651040558 -0.0038639895914019044 0.9998709740002691 131.47898652802678
0.9998326435384989 0.00937486416626303 0.015709768263912023 -0.5347702210745767 -0.00944055083685326 0.9999469811283694 0.004112292833385111 -2.500861225139661 -0.015670384484417366 -0.004259913558920155 0.99986813739821 132.82885810256116
0.9998485403289255 0.007965958092621234 0.015473845680630004 -0.5261496726277619 -0.008035738554419818 0.9999577996975896 0.004452611150200865 -2.512987672945849 -0.015437724667251271 -0.00457628062122881 0.9998703587516706 134.15565785896484
0.9998686675389074 0.006491324713594781 0.014849591517139837 -0.5060588793414207 -0.006553156460476806 0.9999700446405874 0.004118977351414693 -2.548260375720313 -0.01482241032242783 -0.0042157481685607965 0.9998812547579357 135.4988388396765
0.9998837190825882 0.006791306396182376 0.013653807604549517 -0.5046558404154301 -0.006841359420515992 0.9999700363015755 0.0036224734209806347 -2.577890354218772 -0.013628798308230983 -0.003715462869063927 0.9999002206159693 136.8262707177719
0.9999158869585981 0.0029603526712379735 0.012627561931339779 -0.49300184039261075 -0.0030221642767874566 0.9999835323208243 0.004878689845695125 -2.586194853991244 -0.01261291240428568 -0.0049164421397247865 0.9999083673179961 138.16179842521004
0.999931105312074 0.002315613827937533 0.011507500349019772 -0.47550088557057435 -0.002374135731012833 0.9999843064684395 0.005074475281446077 -2.61224857072605 -0.011495570198053378 -0.005101446137770019 0.9999209104263188 139.49651896223887
0.9999491979415149 0.00030773887623552175 0.010075060260166092 -0.4765155477412503 -0.00036071756080947 0.9999861168103219 0.005257001882484476 -2.6420809740191364 -0.010073303449371025 -0.005260369162844324 0.9999354264492326 140.8690873951364
0.9999595415753912 0.000810909263198596 0.008958663073909374 -0.4724402582647093 -0.000852663671088741 0.9999887881994339 0.004657943802098598 -2.6625356885480893 -0.008954786214409519 -0.004665394160859414 0.9999490216482211 142.17774298797212
0.9999668641235078 0.001589050216948205 0.007984082821009639 -0.46470740588393045 -0.0016236466851105658 0.9999893136333574 0.004328555460776436 -2.6837276484735177 -0.007977119878892987 -0.004341375440193262 0.99995875815545 143.5209879831781
0.9999752742417544 -4.434522648030792e-05 0.0070319944034227914 -0.4558259037693293 2.9914490731704213e-05 0.9999978936926197 0.0020522463396048856 -2.714199017088518 -0.007032071191806022 -0.002051985272412493 0.9999731693025287 144.87420513557282
0.9999751372369914 -0.0036923784446061623 0.006007600233006987 -0.4666992065179428 0.0036852157543224625 0.9999924860237971 0.0012029445074867625 -2.7505612917364486 -0.006011997325258875 -0.0011807753114908839 0.9999812306497804 146.1904168539056
0.9999018202825463 -0.013116098797362573 0.004931304461210356 -0.4489980013192301 0.01309512591761455 0.9999051733703551 0.00426168198661055 -2.771674257172144 -0.004986733901268449 -0.004196687591639863 0.9999787599212304 147.57560220535458
0.9997569084595307 -0.021787572831242833 0.003380187343121816 -0.43216464028648804 0.02176935882769433 0.9997487837743259 0.005335199356212535 -2.7881107256046453 -0.003495579519240812 -0.005260317987374198 0.9999800547887955 148.87220386752304
0.9997339696418356 -0.0229518761393624 0.002280642920002672 -0.412295406366998 0.02294639031014026 0.9997338071129012 0.0024037644868319706 -2.8245291787807485 -0.0023352069275307556 -0.002350792516782486 0.999994510275157 150.19842990703555
0.999744103415762 -0.022455127972955007 0.002737685256014111 -0.4203712396913723 0.022456997398038903 0.9997475962513055 -0.0006534935328563925 -2.8519160177577554 -0.002722320202012848 0.0007148065302434484 0.9999960390025137 151.58748585558908
0.999783743757041 -0.020499021540774952 0.003500834969773767 -0.43620325536822946 0.020511424500886416 0.9997833369550082 -0.0035440945330667416 -2.867387171992353 -0.0034274262890787053 0.0036151353023934044 0.9999875916936732 152.91534393207837
0.9997937819996846 -0.019852176565372626 0.004276046323665746 -0.44242942812034813 0.019867376908110114 0.9997963507313813 -0.00354180637190748 -2.9038496550814576 -0.004204863301311284 0.003626029901744481 0.9999845853945043 154.30070252308576
0.999729027257915 -0.022781355802461892 0.004783502334621428 -0.4403645355142668 0.02278438205672663 0.9997402347283324 -0.0005787886051906141 -2.927534236441976 -0.0047690745595358255 0.0006876209488749292 0.9999883914825302 155.6206327837883
0.9996118630861924 -0.027347303418033764 0.005314901213600571 -0.42898030017653804 0.027328409578523484 0.9996200415267275 0.003595915927296286 -2.976820411999084 -0.005411220828136869 -0.003449272465018598 0.999979410389769 156.96407850184576
0.9994475045621415 -0.03280921357629252 0.005314237329928228 -0.41564759524508627 0.03279067197802016 0.9994559728603641 0.003539796711791891 -2.9789033822344626 -0.005427484640234848 -0.0033635836139532336 0.9999796141474979 158.28580438333637
0.9994133405191007 -0.033866646505315956 0.005101473643216704 -0.4099532820984041 0.03384747728147754 0.9994197910189325 0.003798633956287213 -3.0225988614676833 -0.005227161151861332 -0.0036237334796993723 0.999979772463915 159.62834748486148
0.9994436768998194 -0.03278398993004575 0.006127536140184922 -0.41214574876890964 0.0327607074307806 0.9994557603496879 0.003862533895839184 -3.028499011307176 -0.006250831087053124 -0.003659642702226286 0.9999737667161398 160.9815857223184
0.9995058832704614 -0.03055147026397491 0.007388976139134878 -0.41633024515248945 0.03052559985360364 0.9995275407246303 0.0035893030941851053 -3.044037089937032 -0.007495144263822618 -0.003361976667330991 0.9999662593904156 162.31602226010375
0.999559103596249 -0.028496193791731524 0.008340584985762943 -0.4181662751555089 0.028480079970059365 0.9995922690874498 0.0020446592525551407 -3.0732896548008766 -0.008395449983514493 -0.001806217249228266 0.9999631263162698 163.6590986119044
0.9996396674631847 -0.025279137620520427 0.009027759519214803 -0.41675343308242196 0.025272533209411883 0.9996802413145576 0.0008450979943285908 -3.0897705379017877 -0.009046236925226346 -0.000616639111225654 0.9999588918284819 165.0237926931979
0.9996908512403848 -0.023072126628437488 0.009267088491946228 -0.4156129992909631 0.0230500777539522 0.999731237520169 0.0024792415136846713 -3.1215715214121333 -0.009321800004574065 -0.0022648679683586258 0.9999539861469644 166.35162656332278
0.999696463180889 -0.022876294184612997 0.009146402476884204 -0.4105508925867509 0.022854362690061726 0.9997356906744795 0.002495374508934034 -3.140493989880538 -0.009201070692744534 -0.002285581891438134 0.9999550571935563 167.7000882296296
0.9997734299415 -0.019419829672982183 0.00871544678075452 -0.40575093228547315 0.019422810450617473 0.9998113263006441 -0.0002573480375923802 -3.174835512842259 -0.00870880548496696 0.00042656823139965535 0.9999619866472904 169.08846951748927
0.9998483536947925 -0.01538194695512122 0.008164884461236803 -0.4077832572558725 0.015404880386808853 0.9998775471564323 -0.0027532423014807843 -3.2191839684575805 -0.008121535108430326 0.0028786039260718125 0.9999628764608568 170.48674842725657
0.9999073911180241 -0.011087570121127027 0.007891450643883743 -0.41077023736518437 0.01112245154257063 0.9999285069912618 -0.004389984961573792 -3.2293085071984846 -0.007842212859824189 0.004477350790476969 0.9999592256789261 171.8376108161997
0.9999560158220335 -0.004105521957850359 0.00843274114834442 -0.41365000945416824 0.004138047411946462 0.9999840530862781 -0.0038431928567905964 -3.2843603659747047 -0.008416829073652033 0.0038779189862231077 0.9999570584408143 173.20263416736069
0.9999572878808125 2.1863454743881877e-06 0.00924242480081192 -0.42154440345329197 3.6477779429989338e-06 0.9999998007764418 -0.0006312161607406657 -3.3210197979490306 -0.009242425121132396 0.0006312229344375104 0.9999570886435512 174.59884060419844
0.9999578785078196 -0.0010533006227697785 0.009117662886809179 -0.4222224549013124 0.0010400648929909783 0.99999839874662 0.0014562854648858686 -3.3428173496224987 -0.009119182962904728 -0.0014467411831791302 0.9999573728091203 175.94452030078077
0.9999630503995682 -0.0018179615649916575 0.008401955783285649 -0.4213130971642157 0.0018016840202607735 0.9999964863632942 0.0019445289155312069 -3.3724851222017787 -0.008405462049333342 -0.0019293194262831289 0.9999628122723848 177.35427287583394
0.9999669060019925 -0.004440858691878574 0.006816574458257413 -0.4095857386784329 0.004425313541846557 0.999987577170192 0.0022939265494380644 -3.3943336182015647 -0.006826677355531143 -0.002263685190638547 0.999974135765275 178.74895914105164
0.9999710081685687 -0.006020311744492107 0.004662475907781431 -0.40568178151502243 0.0060293978316563815 0.9999799468233157 -0.0019370869207979912 -3.425295216905422 -0.004650720937391572 0.00196514273035451 0.999987254420447 180.07942146395794
0.9999907704965272 -0.003053170681070614 0.0030227601255469402 -0.41827373744507435 0.00307172268183685 0.9999763592101705 -0.0061518725772287414 -3.465560717249908 -0.0030039062067948536 0.006161101005553729 0.9999765084130772 181.4939688138986
0.9999967960598679 0.00020428978014883255 0.0025231208204804963 -0.44443475849539993 -0.00018555046473628378 0.9999724167386316 -0.0074250476865884716 -3.4964452568369886 -0.002524568305360567 0.007424555879172712 0.9999692507880708 182.88298653282754
0.9999867854963681 0.004612619617120379 0.002269926664336279 -0.4575201845026863 -0.004598076899060673 0.9999691343720838 -0.006370871285317441 -3.5282984984267927 -0.0022992432072914608 0.006360349923756914 0.9999771294516736 184.21333145184556
0.9999720666546312 0.006953562051645549 0.0027411447188397326 -0.45048324297089726 -0.006945563512883495 0.999971624971154 -0.002916918703841124 -3.5625887397425102 -0.002761350150154224 0.0028977984838372962 0.9999919888206599 185.66725987135732
0.9999623149044629 0.008137543954476727 0.0030247538110187867 -0.46631094031551473 -0.00813542681096807 0.9999666535672626 -0.0007117595923579441 -3.6028832077761277 -0.003030445178417521 0.0006871251161558422 0.9999951721169215 187.03246485052708
0.9999813067137139 0.005181248546300973 0.0032466722256801646 -0.4647561799406 -0.005180168516463102 0.9999865246729397 -0.0003410819445159699 -3.6170145727769603 -0.003248395981158293 0.00032425726439378816 0.9999946713741297 188.49669465551113
0.999980758033625 0.0053922357424643005 0.0030671402696490577 -0.46404248894030664 -0.0053936742788605 0.9999853478577441 0.0004608233857697667 -3.6606460928350355 -0.0030646107200907914 -0.00047735768524746704 0.9999951901319039 189.90048762803053
0.9999941018456482 0.0014342195292595516 0.00312078351453141 -0.46600066978191157 -0.0014372327988388606 0.9999985030235081 0.0009634910205300344 -3.6742117291854086 -0.00311939724807699 -0.0009679706477741535 0.9999946661806872 191.25974467404257
0.999993867854369 -0.00019494551078945432 0.0034966061462677785 -0.4746201883284996 0.00019199484256033142 0.9999996252438552 0.0008441858155166047 -3.7058594638959885 -0.003496769700934123 -0.0008435093221297773 0.999993530523815 192.70868721086075
0.9999888671108702 -0.002691276085238498 0.003875912270499455 -0.4708857664739532 0.002685457580430265 0.999995260633445 0.001505664001915917 -3.7361240555554054 -0.0038799463851377884 -0.0014952386657901557 0.9999913550991071 194.08753641751693
0.9999550326613885 -0.008520678670216506 0.004163016242693246 -0.46760388605471864 0.008507486486950055 0.999958765308833 0.0031765304919667992 -3.75313941606447 -0.004189911128538939 -0.0031409708993910056 0.9999862893771141 195.54137000305528
0.999922485902463 -0.011666930439726038 0.0043479806790849744 -0.4633060929437912 0.011650999155209897 0.9999253835176655 0.0036717305012728837 -3.7937925880930092 -0.004390494439664912 -0.003620787630040969 0.9999838065944575 196.95811974274517
0.9999526768131299 -0.008536179780308926 0.004666667279221958 -0.46790418357252894 0.008536191362350506 0.9999635658961178 1.755484838884268e-05 -3.830699748454754 -0.004666647498506222 2.228155805271001e-05 0.9999891108903879 198.3780261149645
0.9999830964213119 -0.0031055783095387934 0.004915512681791707 -0.48048830555469924 0.0031310476789373175 0.9999816705035285 -0.005182199638178867 -3.8579044706442627 -0.004899329274184535 0.005197502853838391 0.9999744909402171 199.81188190115546
0.9999554771077257 0.0068387806310415385 0.006501913099835837 -0.4964556660436311 -0.006797733168483135 0.9999569581558923 -0.006314481259349231 -3.8834337266954853 -0.006544817156285576 0.0062700019737122106 0.9999589253750545 201.27306345709428
0.9998953859676026 0.01222507651259851 0.007730756894014516 -0.516003602548611 -0.012203232260540675 0.9999214287371824 -0.0028666189796899156 -3.8971748086065054 -0.007765194774289114 0.002771978920782578 0.999966008360283 202.72153486679116
0.9998294537996598 0.016226638262381965 0.008818134089425408 -0.5088023357626353 -0.016228899761125803 0.9998682856706053 0.00018484077824464486 -3.9511682033222812 -0.008813974015942609 -0.0003279178802900223 0.9999611024059992 204.1491944571274
0.9998623558464602 0.01444586498448535 0.00816004386245936 -0.5054640902472124 -0.014448937761154136 0.9998955582225004 0.00031761844657086284 -3.9749048720207427 -0.008154604029449296 -0.00043547870715762477 0.9999666558363879 205.61964191485032
0.9999151969763173 0.011107542373083097 0.00679862770453309 -0.49563561042840826 -0.011109601470567814 0.999938251352585 0.0002650719425328961 -4.002850265564261 -0.00679526417531481 -0.000340579517664508 0.9999768539240904 207.06418799499318
0.9999452583151335 0.008760310127025989 0.005721654159169958 -0.49133517113689296 -0.008759778040024563 0.9999616254380876 -0.00011814885704189811 -4.032203727557799 -0.005722470098039292 6.802196820715942e-05 0.9999836242174097 208.50435369430193
0.9999319044643511 0.01045648852008631 0.005181531017037245 -0.4986273767632386 -0.010452072108352837 0.9999449894346483 -0.000878815901805519 -4.066897647606541 -0.005190435746443985 0.0008245983350120575 0.9999861896089297 209.97617772345902
0.9999244874008663 0.011130866285938465 0.005208002627773205 -0.49577554285109976 -0.011127507327322959 0.9999378604823246 -0.0006736326426370849 -4.1000998022991535 -0.005215177561802533 0.0006156296953366119 0.9999862113635964 211.42653371810064
0.9999095087333428 0.012512657817472801 0.004940416376494243 -0.5017851017050796 -0.01251285623790169 0.9999217111237523 9.08977795551945e-06 -4.124960821832396 -0.004939916277756801 -7.090768224644531e-05 0.9999877960224198 212.87830772574836
0.9999100387323053 0.012639645169138736 0.0044892968936099745 -0.5143329072273232 -0.012637702700719691 0.9999200348039019 -0.00046097634855844435 -4.165306838024451 -0.004494764864545789 0.00040420048100752636 0.9999898168009314 214.3308938896285
0.9999130314381581 0.012426235750443883 0.004417940708888934 -0.5131825815286091 -0.012420990563748215 0.9999221209259801 -0.0012128918638532693 -4.197300341548832 -0.004432668700316197 0.0011579111974467462 0.9999895052872322 215.8102518489954
0.9999287407232716 0.01123404407803235 0.004038527895657116 -0.5174167158999267 -0.011226772540729835 0.9999353235030077 -0.0018189051385058572 -4.222516354650293 -0.004058700703466694 0.0017734359202092101 0.9999901908862147 217.28924266647604
0.9999139939220929 0.012637763325296727 0.0035059478475922504 -0.5124734534373344 -0.012632319106724813 0.9999189751142636 -0.001570907864149779 -4.25776658729946 -0.003525516840331128 0.0015264845278180365 0.9999926202585173 218.74356215182377
0.9998949446640104 0.014097550078398226 0.0033702649030448437 -0.5188984690365164 -0.014091277188277733 0.9998989492884319 -0.0018780721805281928 -4.307139009257918 -0.0033964008413836797 0.0018303835701179406 0.9999925570487582 220.23272514018544
0.9999310463253842 0.011321532516675469 0.003118569113252382 -0.521594085445272 -0.011315382247102875 0.9999340127275659 -0.0019830133851664175 -4.3209565024108 -0.003140814345629432 0.0019475888797964192 0.9999931710660065 221.72545441112223
