1.0 -3.469446951953614e-18 0.0 -1.7787691892340307e-19 0.0 0.9999999999999999 -3.5575383784680614e-19 0.0 2.168404344971009e-19 -2.371692252312041e-19 1.0 0.0
0.9999999398638733 -7.08535559765227e-05 -0.00033948727388392647 0.05569069961672338 7.123806521749064e-05 0.9999993559314045 0.0011327230995349811 -0.026761272848715878 0.0003394068273799933 -0.0011327472383819146 0.9999993008434594 1.3159701006825606
0.9999991075624272 -0.0005587901877283866 0.0012135198795759842 0.11108300046058615 0.0005566348298350308 0.9999982684086526 0.0017757635472657302 -0.04833477912174309 -0.0012145101586562628 -0.0017750865086460634 0.9999976870130872 2.5650198957187875
0.9999987309487619 -0.0013722937497442009 -0.0008092660544965777 0.02997868597995176 0.001373418263429885 0.999998090083595 0.0013905211612373666 -0.07654645349181696 0.000807356374820888 -0.0013916308844088784 0.999998705769505 3.934790635497443
0.9999981056409981 -0.001933391688952792 -0.000225196686163542 0.022185542744541896 0.0019337249171672913 0.9999970225993314 0.0014884546588866438 -0.09428768105605696 0.000222318269926356 -0.001488887335708671 0.9999988668941973 5.250551791132312
0.9999971542387299 -0.002362590600039802 -0.0003311843375496189 0.02377676101253664 0.0023632139734724097 0.9999954136001871 0.0018942002276737726 -0.1093526943062097 0.0003267076282651765 -0.0018949775324929193 0.999998151159848 6.564633943772758
0.9999938551136165 -0.003491816149636961 -0.0003113830311309374 0.01513424890217467 0.0034926917406015584 0.9999898209023483 0.0028564297066454468 -0.1453711282049276 0.0003014057621866372 -0.0028574997730429616 0.9999958719167948 7.903088064713622
0.9999935548827507 -0.0035879923838139597 -0.00012848509632297045 -0.002477232404963328 0.003588390451512274 0.9999883032377277 0.0032429671698105465 -0.16305436137219428 0.0001168478647142839 -0.00324340738447454 0.9999947333141015 9.219620764651411
0.9999943741500876 -0.0032827791278274114 -0.0006892263207518819 -0.004448831404222496 0.0032846797181527564 0.999990756541826 0.0027744738052817566 -0.18320896536084133 0.000680112025176048 -0.002776722136994118 0.9999959136233596 10.552960733887065
0.9999997545451162 -0.0004360239892957241 -0.0005484456397367413 -0.023138932952878173 0.0004361814359065373 0.9999998637055 0.000286939014999789 -0.2086989507328632 0.0005483204992932865 -0.0002871781721484056 0.9999998084370983 11.87370203723175
0.9999975301786593 0.0021674414031516275 -0.0004917618731694806 -0.021187018167111278 -0.0021676103193069684 0.9999975919303818 -0.000342932672812754 -0.23388171656845547 0.0004910174435694397 0.00034399777866217214 0.9999998202840469 13.209412021484521
0.9999846549066151 0.005530310042071313 -0.00032497791868351094 -0.04988089663083953 -0.005530438903007551 0.9999846286578553 -0.00039585930261319777 -0.24990361307006068 0.000322783725252579 0.0003976505019791115 0.99999986884259 14.551135215865088
0.9999828224893679 0.005860668356384407 8.53286580324616e-05 -0.0695587730322095 -0.005860709563239499 0.9999827076276908 0.0004863544966769141 -0.28058825878295834 -8.247682704544813e-05 -0.00048684624281611973 0.9999998780891194 15.901090936631148
0.9999904800050299 0.004350669132953924 0.00033402035918428147 -0.06174241867210363 -0.004351749169251545 0.9999850762537441 0.0033029617902257174 -0.30632637644304417 -0.000319645305055638 -0.0033043839870662726 0.999994489421579 17.244525252867387
0.9999998853645271 -0.0002418599775946724 0.00041325015674303954 -0.07311440086211442 0.00023960674557482742 0.9999851532156171 0.005443889716190126 -0.3322013110470049 -0.00041456071095080497 -0.005443790181374588 0.9999850965332302 18.60751297251423
0.9999976706255288 -0.002157988708601146 4.2796327467375375e-05 -0.06337634698490696 0.002157811040590856 0.9999904811890277 0.0037922788473848043 -0.3655100027076919 -5.097961611002242e-05 -0.0037921777404082264 0.9999928083690308 19.944465257032288
0.9999953004121895 -0.003057274483630884 0.0002285409851112549 -0.07010012910800839 0.003056957993857445 0.9999943843210689 0.0013734371350867356 -0.3678247854503118 -0.00023273869434832614 -0.0013727320648332206 0.9999990307191545 21.297811769032425
0.9999993419801931 -0.0010038357984230167 0.000555297454545882 -0.08784828301989758 0.0010036261419561956 0.9999994249906596 0.0003778244241051798 -0.42238408276578837 -0.0005556764555110932 -0.0003772668706623611 0.9999997744462813 22.64837493493742
0.9999979661062113 0.0015127398641794337 0.0013339418373979612 -0.09597264499330066 -0.0015151545658570837 0.9999972123288575 0.0018109785907981617 -0.41529751854870156 -0.001331198690423676 -0.0018129960713339584 0.9999974704736553 24.014265465220213
0.9999963293354126 0.0017702222386962426 0.0020512505033427977 -0.10539950436519471 -0.001782694338170709 0.9999798399683061 0.006094395736473969 -0.43394675303669283 -0.0020404208828065963 -0.006098030238534552 0.9999793251405726 25.409037635368417
0.9999976098617203 0.0001620945187075177 0.002180366685834046 -0.10039494993010561 -0.0001777943477137521 0.9999740474614796 0.007202276790749495 -0.45792114845678067 -0.002179142828519392 -0.007202647373496803 0.9999716862023547 26.781968277190458
0.9999901058634277 -0.0039040110131295606 0.002132341789677164 -0.10064213718975235 0.0038898054671379495 0.9999704818536355 0.006626071820064128 -0.48987499790384503 -0.0021581472810032684 -0.006617711991741089 0.9999757738501122 28.151759036363927
0.9999894107487404 -0.004129553945132734 0.0020310546470757246 -0.11131858331335348 0.004121104153702869 0.9999829086076795 0.004147166092619806 -0.49643372847636125 -0.002048146049061391 -0.004138752066238913 0.9999893378567579 29.510709169640794
0.9999873294058 -0.004219018889939592 0.0027460729677496703 -0.11157751612889051 0.004212526741165068 0.9999883288209904 0.0023657629080089883 -0.5381482239505134 -0.002756022346939599 -0.0023541650675045615 0.9999934311006732 30.898507268462616
0.9999931481526587 -0.0018628416193902184 0.003198980412115803 -0.12416828703339004 0.0018587245380029052 0.9999974411268916 0.0012895269504607189 -0.5372309295518272 -0.003201374680174596 -0.0012835721126974726 0.9999940518017854 32.28342477750755
0.9999926264074844 -0.0001154774696486005 0.0038384632908079804 -0.12787910038737954 0.0001186925124562338 0.9999996423642815 -0.0008373668867198324 -0.5799095665072611 -0.0038383655460738596 0.0008378163288949999 0.9999922824747235 33.663168210477394
0.9999918656227994 0.0004637976857970903 0.004006692395100475 -0.1404205110362569 -0.00046161796895799034 0.9999997449781176 -0.0005449342926722157 -0.5896718100127932 -0.004006944451662184 0.0005430803123754707 0.9999918246941286 35.05684413352183
0.9999938617978861 0.0002786854383094572 0.0034926644320954236 -0.13724054752498577 -0.00028269382764229464 0.9999993019928902 0.0011472132389445775 -0.62867313008311 -0.003492342576782677 -0.0011481935717963434 0.9999932425725214 36.449892495387274
0.9999929606620602 0.001766796676910658 0.0033101445427611035 -0.15336829773597122 -0.001775384256997685 0.9999950617868039 0.0025931477685788404 -0.6457713983104132 -0.0033055469090529587 -0.002599006342932919 0.999991159221917 37.850353618621966
0.9999889222280515 0.0036734783533134193 0.0029429534294824152 -0.15074679110422287 -0.003682631782745139 0.9999883803582974 0.0031108484028493887 -0.6639105832624178 -0.002931491844591313 -0.0031216518173684477 0.9999908307791291 39.244340676988735
0.9999750307397903 0.0061672444998541204 0.0034500701452018206 -0.16848532119257664 -0.006178395332727963 0.9999756947905312 0.003230676579706827 -0.6947375053667827 -0.0034300622057855212 -0.0032519118754106777 0.999988829807009 40.64435778366287
0.9999527516149997 0.009089437584730554 0.0034462510219704914 -0.1772766782875959 -0.009102422549100889 0.9999514619202519 0.003770905279722738 -0.7206276906615268 -0.0034118086252054383 -0.003802096422673409 0.9999869517254887 42.06976237747486
0.9999455731803848 0.00997116610551635 0.0030702613370935444 -0.17745081470146257 -0.009983112674000526 0.9999425604464057 0.003900421905689692 -0.7387509880888299 -0.0030311934815531677 -0.003930860465643248 0.9999876800236231 43.45700547256547
0.9999548762059332 0.009097415321107187 0.002735428638545101 -0.1900646203541127 -0.009107770259997417 0.9999513146715563 0.0037969496789393036 -0.7587143415424208 -0.0027007532608351505 -0.003821692081860378 0.9999890502394134 44.88272771539729
0.9999598791206482 0.00876875195059535 0.0018300605211427512 -0.18287589695846931 -0.00877497475414404 0.9999556502437533 0.00342014359166844 -0.790003039668312 -0.001799989117499107 -0.0034360651803463506 0.9999924767184291 46.28043196987837
0.9999658161663287 0.008206513147173558 0.001009764582605391 -0.19812042899323595 -0.008210501869753896 0.9999582489373362 0.004010992152051836 -0.81196330617092 -0.000976806243844316 -0.00401914579966294 0.9999914461214371 47.714659953875966
0.999963582913775 0.008534202936174955 -1.4417327546285092e-05 -0.203649197843012 -0.008534028768856096 0.9999514376239081 0.0049287690400602446 -0.8321694682161699 5.6479750845724475e-05 -0.004928466614485573 0.9999878534402801 49.11028417555612
0.9999565586681964 0.009274826369389456 -0.0009264718653626486 -0.2161388390216518 -0.009270057995127826 0.9999444034263436 0.005025544797032002 -0.8569806914489196 0.000973031497813892 -0.005016738139523796 0.999986942690201 50.53897136898199
0.9999516207159227 0.009600547415815393 -0.002141422811095258 -0.222582220107708 -0.009588960890320143 0.9999396746528803 0.005357135832786802 -0.876101211699395 0.002192725254618449 -0.0053363427531201236 0.9999833575650368 51.990880768419125
0.9999409772574087 0.010429127484541384 -0.0030455331136976776 -0.243888972373265 -0.010408572030084311 0.9999234552192369 0.006689196721880106 -0.9080653529399045 0.0031150627474013544 -0.0066571023980917495 0.9999729893247804 53.39444863300793
0.9999621632506065 0.0077552404742258834 -0.0039405949416211235 -0.2529221606107972 -0.007724745772581835 0.9999405489667461 0.007695898191340668 -0.9146752723518433 0.004000044554071214 -0.007665167069724241 0.999962621734972 54.85126710794287
0.9999711246938557 0.006077496664674132 -0.004562213472782665 -0.2557935814426848 -0.006039627573236739 0.9999475713676553 0.008269064297462828 -0.9304035569594183 0.004612229888914434 -0.008241271626253547 0.9999554033999756 56.25188856365548
0.9999797303879328 0.004103029980677822 -0.004868669328625891 -0.27899249413233695 -0.004064407031329996 0.9999604035372937 0.007916562280897323 -0.9482521562763969 0.004900958859228972 -0.007896613724166971 0.9999568111202823 57.67790305514612
0.9999830461461036 0.003263164605234607 -0.0048227753181960984 -0.29722566499226327 -0.00322324459566013 0.9999606729566005 0.00826215697475845 -0.9741642221252287 0.0048495468472012065 -0.008246472083854787 0.9999542377556481 59.126662360621836
0.9999851841319132 0.0028273904804893054 -0.004651598184057605 -0.29843444850545925 -0.0027857865244625543 0.9999562788947393 0.00892634833785742 -0.9991732484591149 0.004676633485610381 -0.008913257908366315 0.999949340189065 60.530786411109105
0.9999915274370346 0.0010102067499468334 -0.0039905547613110475 -0.3196812568834341 -0.0009709122587206343 0.9999511482925709 0.009836582544009292 -1.013928221052758 0.00400029714393602 -0.00983262492223291 0.9999436569730685 61.98446817201244
0.999992011692842 -0.0016007612183918853 -0.0036625277775506468 -0.32824840773302166 0.0016352367416425113 0.9999542046048914 0.009429458537325948 -1.0265942416131044 0.0036472660550856714 -0.009435372499613575 0.9999488342939905 63.38228520218044
0.9999929123846233 -0.0018987271309471188 -0.0032511556077323514 -0.34013853362661056 0.0019269428881927425 0.9999603183692509 0.008697618779633017 -1.0525747046237566 0.003234512472352064 -0.008703822098160315 0.999956889780005 64.79689811150017
0.9999948479653433 -0.0021240920814139842 -0.0024067144801089325 -0.35180575880691867 0.0021450032877365424 0.9999596827393004 0.008719624474301396 -1.0717731839767428 0.002388096371705613 -0.00872474213324476 0.9999590871017068 66.25098940068358
0.9999982098537332 -0.000542787605431784 -0.0018126413752084754 -0.3637834827940808 0.0005583610090524153 0.9999628453359048 0.008602103068619128 -1.0894020968877778 0.001807905071993526 -0.008603099948483071 0.9999613583315198 67.6127534666454
0.9999965833317533 0.0023359119354234804 -0.0011733857770544593 -0.3833907667594769 -0.002324061346403964 0.9999472837148266 0.010001426446872217 -1.1070213980223147 0.0011966864809965848 -0.009998665454619391 0.9999492960324973 69.08785059558451
0.9999830556743072 0.0058131252485012115 -0.0003097208228132679 -0.3991281265193134 -0.00580928170165246 0.9999200808430945 0.011228721226777342 -1.1268700221166617 0.000374970073454037 -0.011226731934190623 0.9999369079557546 70.4484403502835
0.9999526974191443 0.009704379715465544 0.0006541540981005176 -0.4208769336679292 -0.009711632040884835 0.9998786070142563 0.012184229786684077 -1.1442825116703248 -0.0005358343320303366 -0.0121900065923255 0.9999255555413192 71.8990359449276
0.9999085283663418 0.013488692351835013 0.0009950108499022993 -0.42598462479747623 -0.013499342461810136 0.9998414662371268 0.011610778406334671 -1.15012874484826 -0.0008382389514730829 -0.011623148580420758 0.9999320975823961 73.26221365176934
0.9998468826491371 0.017409866064711434 0.0017628882189681552 -0.4408905957945024 -0.017428701582984103 0.9997842427682304 0.011300810465822287 -1.1693814656542507 -0.0015657623906633212 -0.011329805203725044 0.9999345898127652 74.65593264821212
0.9998215597852399 0.018709547653874906 0.0026079427681283914 -0.45693380075084356 -0.01873796002353929 0.999760205088876 0.011332308840587446 -1.1804580997558094 -0.0023952952187853076 -0.01137915446496255 0.9999323864168717 76.11316456889475
0.999815337639739 0.018986757511499558 0.0029654020079168176 -0.4616342802412363 -0.01902046418139202 0.9997496390788235 0.01178478484338452 -1.195367544423719 -0.0027409049581862055 -0.011839012205535569 0.9999261598891964 77.47261776439619
0.9998301137500573 0.018188603807783303 0.0029863494182601437 -0.46345549221886484 -0.018223208982546174 0.9997619198348784 0.01200076451033001 -1.2194012526003761 -0.002767361501843936 -0.012053146864242055 0.9999235287569919 78.89416090987075
0.9998462029611902 0.01733419610447479 0.002663836574731495 -0.46739360829626275 -0.017362481460390572 0.9997888672552494 0.010989321800337366 -1.2282744485077828 -0.0024727832935567693 -0.011033882717070813 0.9999360673440804 80.24608142118412
0.9998490293503449 0.017202188626959887 0.0024501366669462113 -0.47411121039354887 -0.017228564088042294 0.9997890239053893 0.011184109297083052 -1.2535750247926003 -0.0022572287716461333 -0.011224633394004027 0.9999344541140562 81.6456718384608
0.999863173287274 0.01641013213826167 0.0020838007996358174 -0.48513950748999846 -0.016433338886239754 0.9997970252293652 0.0116556319114674 -1.2609594626476068 -0.0018921075322701148 -0.011688281155784642 0.9999298995501388 83.0446907253101
0.9998613201911712 0.016555832035552692 0.001801324223100691 -0.4985491872145515 -0.016574677337663594 0.9998020718340657 0.011004420388241988 -1.2745641721049605 -0.0016187804835875528 -0.011032750893923204 0.9999378270467928 84.4061328658831
0.9998515680096762 0.017197722535757673 0.0010393471615264608 -0.5047434835010529 -0.0172085895876608 0.9997851925940652 0.011551327055655931 -1.2889316867484697 -0.000840467447149203 -0.011567498408415772 0.9999327410371152 85.80748113313967
0.9998671423569411 0.016299889703152222 -0.00010576731980434912 -0.5136124795658434 -0.0162973200187842 0.9997900429503166 0.012420443482840516 -1.3090552701196088 0.0003081970071358905 -0.012417069865610104 0.9999228577224143 87.16117406259714
0.999887456656659 0.01495374751572975 -0.0012080625475449525 -0.5204394157682171 -0.014935833090923034 0.9997948437608651 0.013681787601602512 -1.322371753975335 0.0014124088328169222 -0.013662204668791837 0.9999056701873251 88.55067722713737
0.9999179096725654 0.01260320549465916 -0.002309348938797067 -0.5220065515934066 -0.012568576901928327 0.9998167156838826 0.014441812147467077 -1.339096616697267 0.0024909390189297785 -0.014411601680376957 0.9998930447654122 89.93239915616168
0.9999306772249108 0.011315910394160269 -0.0032543638236626395 -0.5364022718733821 -0.011266913592327912 0.9998284755430624 0.014699529631940723 -1.3528357498552634 0.003420144480992502 -0.014661844284184933 0.9998866600502475 91.30037532470254
0.9999394343879728 0.010404913922764086 -0.0035868219357279726 -0.5514237228439757 -0.010352817050254558 0.9998448732201685 0.014249515504331432 -1.3655318189808563 0.003734530832281832 -0.014211519053523273 0.9998920371812835 92.67369667265288
0.9999529521090342 0.008813758439531381 -0.004051074380302874 -0.5610612636214403 -0.008755468965717432 0.9998610105341453 0.014188072101903353 -1.3806693121504563 0.004175561927613394 -0.014151935816096592 0.9998911377790421 94.02490756756336
0.9999559594910771 0.008416176396939097 -0.0041529540133315715 -0.5822633221828666 -0.008358542616934913 0.9998711400266261 0.01370540475781308 -1.3848222545321638 0.004267766338996393 -0.01367008880105636 0.9998974521701437 95.4019041801529
0.9999594518428224 0.008087847735773358 -0.003959970254856553 -0.5889594733891877 -0.008035022262758686 0.9998808696592718 0.013178957415080985 -1.3959698520526416 0.0040660882568712255 -0.013146604852103777 0.9999053123771477 96.7566956497273
0.9999486963133773 0.009421734512084399 -0.0037196279405142946 -0.6096213091353042 -0.009374126565030732 0.9998764774347974 0.012615690216972036 -1.4111916181586917 0.0038380305003618983 -0.012580174980754935 0.9999135006246043 98.0751639275006
0.9999328262810745 0.011061557705526432 -0.0034619119617510137 -0.6261894407404058 -0.011016388429199706 0.9998573182875364 0.012805556350491042 -1.4188379954114463 0.003603067724863164 -0.01276655864979826 0.999912012576525 99.4346576423327
0.9999317235818806 0.01117958970677004 -0.0034007228770280766 -0.6345965624454679 -0.01112987665875127 0.9998357735657585 0.014302159405238005 -1.4323914655997652 0.0035600569741855046 -0.014263333571435386 0.9998919358222222 100.77156125081386
0.9999313179199466 0.011265609272394587 -0.003231943411708609 -0.6575013603598996 -0.01121278725789027 0.9998103754828247 0.015921259302418275 -1.4433237243673493 0.003410693542775885 -0.015883927027777835 0.9998680253139135 102.10956300577924
0.9999353307559512 0.010944175509948082 -0.0030918113275491326 -0.6698795788250568 -0.01089672304458542 0.9998285783745842 0.014969145302424278 -1.4577998899544067 0.003255106564109188 -0.014934486952755642 0.9998831758726046 103.4566829974396
0.9999354256979849 0.010964754549804827 -0.002986395971049883 -0.6798725737692196 -0.010926164444565938 0.999860342948518 0.012645692936571277 -1.4658252354325048 0.0031246360925225904 -0.012612246755823826 0.9999155803824499 104.78251249080259
0.999946688596235 0.009860657391171031 -0.003063882081523807 -0.6920086038216913 -0.009824903702848976 0.9998859098820553 0.011473382434582173 -1.4736841130245184 0.0031766678932496923 -0.011442668661718811 0.9999294845762356 106.1120418444175
0.9999593485377108 0.00857966373942856 -0.00277319644626519 -0.7029487843845684 -0.008543754076346211 0.9998827055722119 0.012711387707160255 -1.4922681296615614 0.002881930851223565 -0.01268717772119543 0.9999153614212052 107.45970210107436
0.9999843492592225 0.0051111331912370665 -0.0022754208796285217 -0.7102518137186953 -0.00507707477560684 0.9998786125613394 0.014730358369197684 -1.4951224557400824 0.0023504337058874725 -0.01471857564214944 0.9998889133312959 108.78924770804636
0.9999921073464747 0.00373676404069189 -0.0013497518491724203 -0.7255930903615487 -0.003715017901434441 0.9998687483969871 0.015769737501080676 -1.5154869171308114 0.0014085026116211887 -0.015764598998445914 0.9998747389289316 110.14699825392466
0.999994255854178 0.0032951884131402825 -0.0007937157150166527 -0.7348216262802282 -0.003283135261998176 0.9998860211042734 0.01473654718081053 -1.5229428144748387 0.0008421850305561925 -0.014733856949489824 0.9998910961656796 111.44921074274143
0.9999896095290995 0.004558585926290894 -1.0927451600973399e-05 -0.7472321925659513 -0.0045580987393604245 0.9999124529284447 0.012422166415762319 -1.5310787490120756 6.755402338980685e-05 -0.012421987783578689 0.9999228418537017 112.78378286663137
0.9999689986480278 0.007807679570807877 0.0010207190589528634 -0.7505082245540919 -0.007817958991826085 0.9999144448331734 0.010487256273317988 -1.5509229033965997 -0.0009387506659430051 -0.010494911306006553 0.9999444862521499 114.13397403998093
0.9999440540092142 0.01027667358381524 0.00250575565537307 -0.7638192338264412 -0.010301922948547012 0.9998940836094476 0.010280659822820351 -1.555662440511788 -0.0023998394646681754 -0.010305898971853933 0.9999440130413219 115.43768044440833
0.9999299032983655 0.011141288526717379 0.004007512730362354 -0.7772657381812538 -0.011189676515520837 0.9998622141815792 0.012261476782192925 -1.5679924269924432 -0.003870352219174953 -0.012305460312117907 0.9999167945484843 116.80057696832728
0.9999264209324333 0.011113181589971176 0.004863115827766858 -0.7851252891946526 -0.011183260316374594 0.9998304588545114 0.01462833740830475 -1.5731475191879871 -0.004699724345568102 -0.014681646853185829 0.9998811738589463 118.10637567310988
0.9999268421675671 0.01059244912258115 0.005840403746815977 -0.7834871496369016 -0.01068285484189946 0.9998201215823992 0.015671665800033614 -1.5869757350878853 -0.005673352328992625 -0.015732911793963765 0.9998601344991844 119.4651162623497
0.9999148038698229 0.011133483703097838 0.006813994640043949 -0.7841654128950172 -0.011234388262558185 0.9998250727666532 0.014953675377552208 -1.5932018890089552 -0.006646316735930337 -0.015028952743016431 0.999864969409955 120.79085761647403
0.9998845174673501 0.012777416810888863 0.008227352199523787 -0.7797607479099476 -0.01289817633174857 0.9998073410389725 0.014795873649677486 -1.601503107984981 -0.008036714749628068 -0.01490028312105337 0.9998566861197125 122.10150325639604
0.9998518931818461 0.01447336698229128 0.009311998639318838 -0.7841481678737404 -0.014605935502325515 0.9997906470631573 0.014329296019762565 -1.604521318356967 -0.009102656743626928 -0.014463184493588114 0.9998539683040921 123.4659388864311
0.9998251259736112 0.015453927647477253 0.010530601038187034 -0.7855949710373746 -0.015597668196900907 0.9997843909507079 0.013707092813711142 -1.6151852676668499 -0.010316502986283761 -0.013868948896901087 0.9998505998504278 124.79602351421565
0.999800348228256 0.01624369467115773 0.011636409622616957 -0.7788115751050363 -0.01639672155666333 0.9997787171444439 0.013178175358157003 -1.6214352296544523 -0.011419773383084891 -0.01336634354719325 0.9998454528749295 126.11681958041562
0.9998003108947449 0.01562475828609131 0.012458139024700192 -0.7741270881411612 -0.015786701413918674 0.9997907604451453 0.013008282877282255 -1.6365743816942617 -0.01225228203927199 -0.013202358448078409 0.9998377764993289 127.46123287485472
0.9997928107505778 0.015250279027304525 0.013482007506862724 -0.7701792444311569 -0.015437297589048167 0.9997845202720412 0.013878144764836352 -1.6431955092286372 -0.013267457938281347 -0.014083395402879994 0.9998127987447716 128.78618709148452
0.9997881110742161 0.014735700963987027 0.014373309925686754 -0.7619900038332388 -0.014949807847792521 0.999777160008266 0.014904147181077474 -1.6546680352395442 -0.014150485105978732 -0.015115867676562724 0.9997856141779125 130.1562675854631
0.9998062450863051 0.013084550797707154 0.014706011990752365 -0.7448494139623086 -0.013311127092445103 0.9997925560090642 0.015416188583802146 -1.6569294833984012 -0.014501248627997008 -0.015608955522008005 0.9997730113870118 131.48305941034334
0.9998186728169812 0.012115075821203435 0.014691711926778683 -0.7335876119978408 -0.012346075968171635 0.9997999613083003 0.015735685519612564 -1.6735402899749239 -0.014498135205908315 -0.015914217514773486 0.9997682440239725 132.82863047638628
0.9998435822781925 0.010093112428095364 0.014523774991021636 -0.7221937758737753 -0.010334901920986437 0.9998076290155407 0.016670176374345508 -1.6713298167291066 -0.014352728273786823 -0.016817670980903785 0.99975555269114 134.1510559499827
0.9998648785774399 0.008718133945343121 0.013936237427203705 -0.7043401020179445 -0.008951382975719006 0.9998194208688244 0.016763007131058983 -1.6863449744346333 -0.01378757984416553 -0.016885491016398253 0.9997623631831991 135.4840174069303
0.9998837164321188 0.008315459069094689 0.012783064659934076 -0.6975612773341624 -0.008527521873973104 0.9998254251068324 0.016625302743364604 -1.6940821712313685 -0.012642587088752315 -0.01673237768321268 0.9997800720810335 136.83232053621649
0.9999119080983891 0.00616470758814722 0.011754676397400111 -0.6875668380704909 -0.006374103687259272 0.9998201729787998 0.017860361445319214 -1.6975142912624608 -0.011642459653055144 -0.017933713966992292 0.9997713913883663 138.16344294059056
0.9999298830407309 0.005118310837307629 0.010678571674243006 -0.6705952537539364 -0.005311921347509038 0.9998205861108784 0.0181818338417801 -1.704244077730066 -0.010583596393007665 -0.018237283074467682 0.9997776697823471 139.50677457878962
0.999948069134085 0.003992004729844279 0.009376722916074522 -0.6726087376506878 -0.004162611197117905 0.9998248597924763 0.018246161451946585 -1.7080621717712088 -0.009302242683697254 -0.018284245920645203 0.9997895551734977 140.86959398252114
0.9999619598276853 0.0030319729478474576 0.008178388530437272 -0.6708359392436554 -0.003178431710668307 0.9998337466547856 0.017954849458425737 -1.7069204913683982 -0.0081225909002723 -0.01798016125239748 0.9998053497156872 142.18647067386934
0.9999715952550081 0.0024964468145794744 0.007111711369451755 -0.663967657599094 -0.00262163361624992 0.9998408197376164 0.017648292260483343 -1.7040235903476948 -0.007066521885469153 -0.017666435611195484 0.9998189642745198 143.54178540585994
0.9999798032084788 0.0008151182591235621 0.0063030756206157 -0.6529642792381745 -0.0009130836162045018 0.9998785930870885 0.015555235746914852 -1.7156364865062268 -0.006289631545996326 -0.015560677118341835 0.9998591430111857 144.8904641190769
0.9999845314612106 -0.0019604896524861703 0.0052051250944322395 -0.6665782950369368 0.0018837026013037023 0.9998899340232276 0.014716368250555594 -1.738562569529862 -0.005233403905183412 -0.01470633598625777 0.999878160160452 146.19643903311004
0.999931459038209 -0.010977125123235622 0.004071850272640166 -0.6568424129743252 0.010903498868712164 0.9997841777053472 0.01768365641398519 -1.7325825842151736 -0.004265087531081738 -0.01763804728009297 0.9998353406035898 147.573955059223
0.9998273120839355 -0.018413492039418028 0.0025078543086734257 -0.646750696532341 0.01836160644691793 0.9996442982761499 0.019342396831937187 -1.738587774343767 -0.0028631235556912478 -0.019293008763736064 0.9998097730781136 148.89260912977858
0.9997865451538714 -0.020598218969768482 0.001605463430510928 -0.6203817308854882 0.02056915951452906 0.9996539735982573 0.016396424397856543 -1.7511282177195635 -0.0019426451872526515 -0.01635990177332326 0.9998642806643417 150.19713117761714
0.9997988784506177 -0.019986936102999113 0.0016507704382125769 -0.64022448700076 0.01996358813122648 0.9997146032094272 0.01312125250589427 -1.7583135793236104 -0.0019125530985963585 -0.013085658479200886 0.9999125500188972 151.59610776872526
0.9998629031696933 -0.016328239435058407 0.002750177248140356 -0.6476364512708966 0.01629671884111429 0.9998053781664253 0.011118575967064734 -1.7713514288042018 -0.002931189011712269 -0.01107223298351779 0.9999344047425478 152.91783886988725
0.9998520416717883 -0.016829583403796824 0.003558075410888987 -0.6527878289398124 0.016788495981445384 0.9997954491774314 0.011278572338049176 -1.7759276755568052 -0.003747161583819445 -0.011217169049765054 0.9999300645034881 154.28987845096674
0.9998125538192202 -0.018951702840782503 0.003961085360939021 -0.6552966510465843 0.018893769996076108 0.9997208747150451 0.014184431650216265 -1.7827768348359485 -0.004228799200010522 -0.01410693325703544 0.9998915499653824 155.61764104237486
0.999602713818075 -0.027856550215294627 0.004292684207777881 -0.6542112989455597 0.027777097334731046 0.9994596544423607 0.017573616665759316 -1.7815106159383916 -0.004779905397737426 -0.017447396922314857 0.9998363570344186 156.9538940817604
0.9995501322110079 -0.02967950238796325 0.0043197605505414785 -0.6375408208352475 0.029594182621613636 0.9993883473415005 0.018631037359380903 -1.7941646783850933 -0.0048700786696219255 -0.01849481641105175 0.9998170953245974 158.30364537996908
0.9995065691408419 -0.031134449969355424 0.0041550285390713395 -0.6320544745628848 0.031050068892853964 0.9993367318447098 0.019026024567850627 -1.8049349314149983 -0.004744637834240883 -0.018887622962413766 0.9998103550747646 159.63245324215475
0.9995333078905977 -0.030092583073101684 0.005253842143742467 -0.6354557506319145 0.029985580037727867 0.999362458151122 0.019378911948598858 -1.7990952787853387 -0.005833654592316268 -0.01921232881010759 0.9997984071298687 161.0006464825629
0.9995888778278637 -0.0279239628290191 0.006505968341625298 -0.6376862917903544 0.027795649901690735 0.999432237033979 0.019042201021492153 -1.7928705595602206 -0.007034008784300645 -0.018853535076668426 0.9997975129686433 162.34363623307175
0.999671682864183 -0.024504109757538757 0.00748833040073195 -0.641888204975552 0.024371432627506434 0.9995528658512862 0.017323441672971313 -1.7985171821480779 -0.007909478281335166 -0.017135253062915273 0.999821895767864 163.69229652512107
0.9996942054567932 -0.02334241195469717 0.008162560248438814 -0.6437146778594938 0.02320155810864006 0.9995871926132699 0.01694497136747106 -1.7926653792418934 -0.008554727893140386 -0.016750405877100045 0.9998231046211491 165.04179411402106
0.9997441350497641 -0.020984454966947973 0.00844494498937131 -0.6419940758115648 0.020828187567374604 0.9996176654338537 0.018185421113129836 -1.8008875060625853 -0.008823328074937877 -0.018004875534662432 0.999798966462907 166.38074810118155
0.9997603118400622 -0.020282220416879874 0.008243204332519702 -0.6373034973656831 0.02012955673583882 0.9996317257354813 0.0181992811342822 -1.7962577954167074 -0.008609291115393913 -0.01802898726560007 0.9998003979426792 167.717479395467
0.9998212839784881 -0.01718213888870492 0.007885063251559068 -0.6327265167313907 0.01705494747446689 0.9997277389169209 0.015924094670326856 -1.80880150395177 -0.008156527137278088 -0.015786769731259694 0.9998421120189329 169.0970727179356
0.9998896347468067 -0.012941510324471082 0.007296276674549121 -0.6416431689785508 0.012845668649973108 0.9998325494102995 0.013033108668826811 -1.8172554312451226 -0.007463723638464467 -0.012937944952972825 0.9998884449817452 170.50673432555132
0.9999424966471322 -0.008114772219023663 0.00701098327348975 -0.6442941331221614 0.00803218171313769 0.9998989503669589 0.011729155934626296 -1.8190258054155524 -0.0071054548353882505 -0.011672168195252958 0.9999066321405805 171.8707733085525
0.9999636561198397 -0.004164785102699721 0.00743915431102409 -0.6462461757429581 0.00406894438402091 0.9999091266272833 0.012852321525791641 -1.829564727104495 -0.0074920060696902204 -0.01282158516082461 0.9998897323190711 173.22206734260658
0.9999663581738191 0.00040552261556334873 0.008192562370760966 -0.6559720524190642 -0.0005307374761662287 0.9998829973073695 0.015287576902834459 -1.847237113070521 -0.008185405040147028 -0.015291410995740749 0.9998495746329488 174.58404640833058
0.9999658948885535 0.0007242104063589936 0.008227064159556244 -0.6566639054337122 -0.0008669869886730117 0.9998488549338657 0.01736420496733385 -1.8475923433371098 -0.008213246021587767 -0.017370745853008993 0.9998153828479971 176.0008223702874
0.9999724260560817 -0.0015546925547290386 0.007261547191361872 -0.6534972817033902 0.001416351079858708 0.9998181440381853 0.01901769675398723 -1.8465249534062873 -0.007289793907885707 -0.01900688782837195 0.9997927770906594 177.40600398982997
0.9999745441462426 -0.004040890312771973 0.005880669740558234 -0.6513650414194709 0.003929668884871767 0.9998154794452034 0.018803317511131307 -1.8447584989403822 -0.0059555672675687095 -0.01877973013392946 0.9998059076429802 178.81947029776464
0.9999770738559488 -0.005683914558664498 0.0036803382227943854 -0.6494090493240956 0.005627094943056094 0.9998675826969594 0.015269343817254429 -1.8514743404353349 -0.003766640833556674 -0.015248284430597964 0.999876643511956 180.15496954853515
0.9999954053471112 -0.0022002998359140786 0.0020851789831943454 -0.6614559632331877 0.002177003824142482 0.9999359184737316 0.011109437128506634 -1.8737033963934586 -0.002109489623564078 -0.011104846857349922 0.9999361141747215 181.5678147741328
0.9999983399286004 0.0009782419233828697 0.001537264870643271 -0.6876447149527436 -0.0009941549835494907 0.9999455796014669 0.01038506088053682 -1.8704971376452615 -0.0015270222308477461 -0.010386572124348112 0.9999448921435494 182.96183684418017
0.9999894552861017 0.004410556005896209 0.001279181654550285 -0.707329580733771 -0.004425129082882217 0.9999226654499829 0.011622450523030412 -1.8735044828530985 -0.0012278213552966686 -0.01162798874311813 0.9999316388308598 184.2908411930318
0.9999708898444676 0.007455558266118662 0.0016229914139628777 -0.7007359628182366 -0.0074786200129350845 0.9998639838481439 0.01469979780138345 -1.885359093065208 -0.001513175578378412 -0.014711507918489136 0.999890634938905 185.73020792449861
0.9999689916873948 0.007596532565799728 0.002075654928257939 -0.7135712843603729 -0.00763164589697883 0.999818306167725 0.017467473784704615 -1.8935081500578017 -0.001942585711659406 -0.017482773160049654 0.9998452775350105 187.10046175450432
0.9999763143000879 0.006511222296043188 0.0022304288090356835 -0.7194802668099005 -0.0065503118467356665 0.9998166926699079 0.017990955443398824 -1.8912022674331135 -0.002112877009329021 -0.018005139677419586 0.9998356618474068 188.55167624255088
0.9999782137440012 0.0062596684793985525 0.0020948933131144445 -0.7170044871673094 -0.006297853097289225 0.9998044406061578 0.018746135435110504 -1.900751259786259 -0.001977139196318207 -0.018758920730261322 0.9998220810826027 189.966326267874
0.999993252556782 0.002954242934305424 0.0021834118162346113 -0.721551309244896 -0.00299599021562559 0.999807879411664 0.019370810626692877 -1.900694288656334 -0.0021257664216649663 -0.019377221786135927 0.9998099841470125 191.31517491958004
0.9999957793735895 0.0014485405721361023 0.0025185245769847302 -0.7325151088600779 -0.0014977879618769075 0.9998055353871809 0.019663367784654825 -1.9043879656826748 -0.002489551821688479 -0.01966705739543171 0.9998034851869863 192.77550358251955
0.9999944701432777 -0.0016687179425736356 0.002876642058890712 -0.7289604326422592 0.0016093801998139593 0.9997883972244996 0.020507819415506598 -1.9001544014037801 -0.0029102553489754115 -0.0205030767998938 0.9997855541378656 194.14839273586765
0.9999743227750566 -0.006445027354481285 0.0031329578251806586 -0.7261532101147055 0.0063740681537298 0.9997342302410509 0.02215491185529957 -1.8982451602458952 -0.0032749144511643596 -0.02213437372060552 0.9997496408820333 195.59559583919412
0.9999401245279086 -0.010398511409802453 0.003408567694584615 -0.7213343182438086 0.010318204585261715 0.9996870913314405 0.02278714674065855 -1.8974265712024834 -0.003644453818517924 -0.022750612488156564 0.9997345285606878 197.00909424167904
0.9999573634351211 -0.00849184070111422 0.003627666878548351 -0.726943451264058 0.008420480716786536 0.9997791794717502 0.01925325376468132 -1.898875436893234 -0.0037903616833994246 -0.019221886542352424 0.9998080576996934 198.42432306965642
0.9999905071267432 -0.0018429492763053345 0.003948316333862713 -0.7442833358260987 0.0017871670200638179 0.9998991988264017 0.014085390015421579 -1.9000975032848275 -0.003973877322600226 -0.01407820027669352 0.9998930005640411 199.8577428363569
0.9999512574394395 0.008258787559648038 0.0054106525736473555 -0.7561673428205673 -0.008329712710968721 0.9998779211730314 0.01321963121657298 -1.8972699310590229 -0.005300814359464557 -0.01326405630285547 0.9998979778842064 201.30705972328482
0.9998701035296207 0.014602712723060216 0.006821789919895883 -0.7782564480002716 -0.014717866682143754 0.9997446581838352 0.017146511677299484 -1.8987801517482854 -0.006569662989623383 -0.017244686946253758 0.9998297156525824 202.73796214526064
0.9998397786683282 0.016143032444263718 0.007734304078952708 -0.771932099213696 -0.016290817405253462 0.9996782641670426 0.019441642250039862 -1.8968263766275533 -0.007417969226677872 -0.019564525811674765 0.999781077569265 204.1730957778023
0.9998501403652632 0.01568871976012582 0.007318527791553267 -0.7712302156189889 -0.01583259487672699 0.9996739374426264 0.020033665873370674 -1.9029169230598064 -0.007001839500456172 -0.020146535324539052 0.9997725198073522 205.6491112487296
0.9999086169464259 0.01211662286442684 0.005995430222068636 -0.7632344544414278 -0.012235597231269742 0.9997206387766376 0.02022213101689591 -1.9014098315546315 -0.005748731866527222 -0.02029364113082155 0.9997775353628628 207.06938139563385
0.9999365957665444 0.010182426031781324 0.004808599487801786 -0.7581777297022008 -0.010276418006467947 0.9997482838489322 0.019944026343430087 -1.9035544974325895 -0.004604310886268048 -0.019992177384180066 0.9997895344370596 208.50810849924264
0.9999332618846357 0.010709084918694812 0.004334426967916692 -0.7643117113320983 -0.01079158205278398 0.9997520172084352 0.01947937009085089 -1.900611770380186 -0.00412474620966778 -0.019524845788351623 0.9998008636077437 209.98955973636245
0.9999216476498348 0.011777090572391851 0.004242484614437965 -0.7700362979301636 -0.01185788453610859 0.999738547463644 0.019550634452307467 -1.9030435180789782 -0.004011126137299956 -0.019599409898908758 0.9997998669754036 211.46946729932475
0.9999041477660281 0.013235170351466326 0.004065159036508332 -0.7749936954142956 -0.013315266434352806 0.9997042077529753 0.02035192134918933 -1.8984365788972655 -0.0037945957530070274 -0.02040409965693908 0.9997846136876203 212.8922865587109
0.9999127233979115 0.012693691382157382 0.0036627529859784907 -0.7883196042300347 -0.012766117494007398 0.9997087862111532 0.020478501806807034 -1.9059232188717738 -0.0034017388316336166 -0.020523474059189136 0.9997835841781929 214.33446152988228
0.9999068562720509 0.013209854061189085 0.003431982994599742 -0.7888085368369608 -0.01327517667387601 0.9997165364412851 0.019764019640925924 -1.9051828277945928 -0.003169930590112908 -0.01980773932499495 0.9997987822603055 215.80832093342494
0.9999179151679151 0.01244217819293951 0.00305861106931188 -0.7943459462896081 -0.012499457982744579 0.9997320805298323 0.019481548439677674 -1.9031752460316331 -0.0028153989336650205 -0.019518180672527342 0.9998055381715456 217.27616898157953
0.9999162180355904 0.012698143110939152 0.002512775981305658 -0.7931984843640272 -0.012744741115536347 0.9997288284007232 0.019489516648128945 -1.905055188116258 -0.00226461409270142 -0.019519908850116056 0.9998069037011772 218.75531404713914
0.9998869830921149 0.014851520632180135 0.002335239283224406 -0.8039632781878318 -0.014893930223465753 0.999702143615657 0.019333776686053652 -1.9140521419930348 -0.002047407892271657 -0.019366372924749815 0.9998103578818462 220.2379582215422
0.9999173473022767 0.012658883853885004 0.0022474865022759196 -0.810272064341014 -0.012699889774421137 0.9997334812356434 0.019278986409800757 -1.9043540762099544 -0.002002837209652439 -0.019305936168992885 0.9998116169953788 221.73057508391517
0.9998905290618236 0.014680187044955537 0.001849855528734766 -0.8153674660199897 -0.014713035362261444 0.9997072177178983 0.019209514851579228 -1.9089272443884178 -0.0015673147705984583 -0.019234629346854156 0.9998137689419705 223.20279224435765
