1.0 -3.469446951953614e-18 0.0 -1.7787691892340307e-19 0.0 0.9999999999999999 -3.5405977195229754e-19 0.0 2.168404344971009e-19 -2.354751593366955e-19 1.0 0.0
0.9999998184232816 -0.0001920851292522164 -0.0005711883356860027 0.002362340360531358 0.00019247475088568847 0.9999997488291841 0.0006821250811968831 -0.02260592772998818 0.0005710572149626968 -0.0006822349104356856 0.9999996042250158 1.3271691263019685
0.9999996128383077 -0.0006495330199981671 -0.0005936583035179896 -0.007790632980561076 0.0006502005586710834 0.9999991559453534 0.0011248762630896498 -0.038855625307071366 0.0005929272092280334 -0.001125261846704948 0.9999991911117811 2.628000666343067
0.9999985146584365 -0.0013099545037356317 -0.0011201340625558466 -0.009235579292456043 0.001311072241474108 0.9999986429073771 0.0009976326012334068 -0.0747554824655883 0.0011188257845627164 -0.0009990997156838026 0.9999988750146659 3.951593532760285
0.9999979593913518 -0.0019412812809196465 -0.0005591441252976934 -0.02236435320104516 0.0019418826733705978 0.999997534787531 0.0010768042821472006 -0.0881835186958271 0.0005570524149771663 -0.0010778878973118128 0.9999992639253973 5.267548730841403
0.9999970683415342 -0.002253000728015545 -0.0008872981284313086 -0.01962126284218976 0.002254375222215093 0.9999962561335184 0.001550969926459797 -0.10747375221171565 0.0008838005462373946 -0.0015529657120639119 0.9999984035966111 6.587543484785425
0.9999933337593536 -0.00358780727632913 -0.0006782917726554549 -0.027724595925121404 0.003589459371776708 0.9999905565972002 0.00244999844841613 -0.14160296529393163 0.0006694953038312587 -0.0024524168630316017 0.9999967687093212 7.923144106165548
0.9999933778249467 -0.003604040308802507 -0.0005051771314775299 -0.046363476219050605 0.0036054613313101207 0.9999894665063068 0.00284033791431334 -0.16047933534272107 0.0004949351622477885 -0.0028421405553728596 0.9999958386301278 9.238765419855062
0.9999944331754448 -0.003178727884135868 -0.0010145491792654675 -0.04714587433326749 0.003181075219911773 0.9999922484497006 0.0023203008484403436 -0.18680242680074816 0.0010071657971509702 -0.0023235153331679663 0.9999967934426616 10.569244581454164
0.9999993907051317 -0.000675341755435559 -0.0008732139181396476 -0.0674496875026063 0.0006753743576051671 0.9999997712499976 3.699127961580925e-05 -0.20530696563656373 0.0008731888105040821 -3.758100430043389e-05 0.9999996180651151 11.889609878756762
0.9999975836567253 0.0020082683264716896 -0.0008941666920664465 -0.06744268579911122 -0.0020089231586261826 0.9999977142767439 -0.000731896612764326 -0.23008179625726116 0.0008926948781716661 0.0007336911686229103 0.9999993323970112 13.227649845832186
0.999984114333799 0.005594903419974874 -0.0006841955483850315 -0.09413415102934655 -0.005595488554974528 0.9999839789525667 -0.0008557787490601855 -0.2500525119712415 0.0006793966437545812 0.0008595935749098228 0.9999993997598517 14.567441499551443
0.9999831312441813 0.005798200112130936 -0.00034364282567717 -0.1142888158231629 -0.005798198875595801 0.9999831902932487 5.687639212819911e-06 -0.2780040288644495 0.0003436700558794945 -3.6950386167661808e-06 0.9999999409388864 15.921977884108767
0.9999910902786112 0.004220990099852027 -5.096929609256376e-05 -0.10636812227064543 -0.0042208240521123975 0.9999868520580433 0.0029121062498436703 -0.3058237268905034 6.326060503557816e-05 -0.0029118652320329324 0.999995758510817 17.25931482384073
0.9999999716151344 -0.000238264744599705 -1.598122252709916e-07 -0.11673583037880388 0.00023826246436460183 0.9999868892738222 0.005115125597017729 -0.3344490898748972 -1.0589398849025072e-06 -0.005115125590536721 0.9999869176595646 18.626717712747546
0.999997698316289 -0.0021127002770648853 -0.00037398158767101885 -0.10814954212257909 0.002113963156243733 0.9999919552072445 0.003408911371192353 -0.3676890239889167 0.0003667766049784949 -0.0034096941741388986 0.9999941197136238 19.96286743890684
0.999995289063815 -0.0030592620689492075 -0.0002505389273287741 -0.11730561306801429 0.003059493889964994 0.9999948878504745 0.0009293898767028701 -0.3691544240750728 0.0002476944212382293 -0.0009301520369164408 0.9999995367324873 21.31811097385363
0.9999995323808422 -0.0009639003509316815 7.833159027868038e-05 -0.1304813429118621 0.0009639060879905008 0.9999995328179893 -7.243864539883564e-05 -0.42651094059672345 -7.826173665514448e-05 7.251411805274076e-05 0.9999999943083372 22.66866095797944
0.9999984639480891 0.0015061958231443419 0.0008963672855725887 -0.14348862697484857 -0.001507376880466431 0.9999979949725359 0.0013182823040406475 -0.4172983689876426 -0.0008943799716415316 -0.0013196314688481102 0.9999987293272735 24.033678645485438
0.9999968748593312 0.0018503806235617383 0.0016811788187216623 -0.1535886403237267 -0.0018599518350834853 0.9999819710946889 0.005709471654437679 -0.4361529835411473 -0.0016705839498537011 -0.005712580835814633 0.9999822876274047 25.426474318115538
0.9999983116729753 0.00032029733462018376 0.0018094371451326727 -0.14884508642040303 -0.00033241772898597727 0.9999774854264551 0.006702099476357648 -0.46509932513957714 -0.0018072498891407568 -0.0067026897808904196 0.9999759036080917 26.799232524890115
0.9999900394746839 -0.004099263244456896 0.001765502845251393 -0.15103082583654395 0.004088635820840816 0.9999737504551208 0.005981759841158015 -0.4899140655787747 -0.0017899774559960709 -0.005974481874672961 0.9999805505838897 28.16581425268866
0.9999910445393894 -0.0038944587809012516 0.0016565142575864704 -0.1613565192971315 0.0038882261285757575 0.999985411784318 0.003749387951582878 -0.5022751931191345 -0.0016710920667420879 -0.0037429135414983722 0.9999915989886986 29.527555280233976
0.9999886550387425 -0.004123271891516903 0.002385043290394096 -0.1642458740203113 0.004118695627204631 0.9999896737912933 0.0019205861576457933 -0.5454102329596636 -0.0023929379612426657 -0.0019107411338556799 0.9999953114456965 30.91627674171453
0.9999943424610928 -0.0018026953805749136 0.0028399545001176786 -0.17509392294243625 0.0018005121067752351 0.9999980817146791 0.0007711810948744503 -0.5432459122777006 -0.0028413394962419343 -0.0007660633708335921 0.9999956699572363 32.29980898099819
0.9999941421421946 -0.0002110557205747144 0.0034163052211415965 -0.17965068597859507 0.0002153230956411338 0.999999197071082 -0.0012487965990028026 -0.5876020849248144 -0.0034160392021108446 0.00124952492071521 0.9999933846577521 33.679337065968774
0.9999935528523388 0.00022810904649167227 0.003583604895468192 -0.1937696054563562 -0.0002247348653059561 0.9999995311223493 -0.0009419393827664295 -0.5918174523830704 -0.0035838183837331515 0.000941127970272045 0.9999931352361523 35.07430574283166
0.9999952792321593 0.0001238215663578058 0.0030702093279776077 -0.18992163901124565 -0.00012589253079017988 0.999999764702541 0.0006743486032858573 -0.6320077420603336 -0.003070125365574655 -0.0006747319471598855 0.9999950595194117 36.46690574810684
0.9999945170998114 0.001589692606740611 0.0029049352341254907 -0.2076981823948786 -0.001595591296255289 0.9999966679052397 0.0020293519248085323 -0.6492553101855216 -0.0029016997525248113 -0.002033975926394753 0.9999937215188366 37.86881367690235
0.9999910695706364 0.0033864849535177478 0.002528338527496478 -0.2035395929006128 -0.0033929415115919077 0.9999909832884538 0.0025536827272399196 -0.6661068195388258 -0.0025196679331398308 -0.0025622384775452678 0.9999935430814713 39.26001788910313
0.9999763451304179 0.006146775072513159 0.003086474896301316 -0.22425289160622075 -0.0061554609250258855 0.9999770999072072 0.002812467578870782 -0.7015475831915242 -0.0030691168675989933 -0.002831399783952565 0.9999912818087662 40.66100972139814
0.9999561512361155 0.00886652940676742 0.0030133445957912603 -0.23118372916557145 -0.008876252127001428 0.9999553936376765 0.0032284519451802234 -0.726341949374456 -0.0029845852674861475 -0.0032550576564488493 0.9999902483760779 42.08630054036
0.9999490398722063 0.009742742366508033 0.0026451108258877367 -0.23346804495695944 -0.009751778091894918 0.9999465859278717 0.003424636700029627 -0.7451252624565389 -0.002611604405200701 -0.0034502567872484484 0.9999906375800706 43.47334995410847
0.9999583692015552 0.008832168990412708 0.0022918635048774366 -0.24417906501759784 -0.00883956721122239 0.9999556877721084 0.003237987413271249 -0.7646688519901114 -0.0022631636844520613 -0.003258111763899147 0.9999921313667802 44.900331428453406
0.9999636626565216 0.008404726939189576 0.0014261540542396566 -0.23841661091640218 -0.008408748746398676 0.9999606200453545 0.0028374849282103536 -0.7944294582930633 -0.0014022497230686643 -0.002849374054117728 0.9999949573681716 46.29691462905446
0.9999668244298473 0.008124745784838083 0.000581832433041271 -0.2545548853080436 -0.008126725174133837 0.9999609097787451 0.003483571322698832 -0.8204256712432537 -0.0005535066021279574 -0.0034881842200377333 0.9999937630811376 47.728739804032394
0.9999645648818637 0.008406128732880627 -0.00045382968161591236 -0.26026230641926873 -0.008404066891927074 0.9999551380210606 0.004369624948247499 -0.8401513211819192 0.0004905409962069885 -0.0043656561879522006 0.9999903501621002 49.126943376789846
0.9999585804950718 0.008990963621902595 -0.0014141588409959918 -0.2724554683151292 -0.008984622724211497 0.9999498313846067 0.004428463300818145 -0.8640745172318205 0.001453904172919922 -0.004415574287500815 0.9999891943765009 50.5557084354265
0.999956655908233 0.008936142254939859 -0.0026137410218916774 -0.2802967056651005 -0.008924137944982358 0.9999497400819628 0.0045691454941205216 -0.8756133873337987 0.0026544404170414627 -0.004545622161823707 0.9999861455394946 52.00762007081871
0.9999469764802524 0.009645557027485615 -0.00360658138520482 -0.2978251009346535 -0.009625027366528337 0.9999376193534748 0.005667121851822067 -0.9052160521967698 0.0036610192646715843 -0.005632108037915727 0.9999774378980512 53.41721841382888
0.9999546824862471 0.008433040533235434 -0.004417779357609067 -0.31151443983481797 -0.008402728370971418 0.9999413317740083 0.006835728363798299 -0.9309536575148327 0.004475166531858828 -0.006798297329730952 0.9999668774756252 54.86746079790037
0.9999719743533013 0.005551396978374312 -0.005023194073224827 -0.3153201410207982 -0.00551361412436561 0.9999566396518115 0.007504590881630285 -0.9359103039065259 0.005064637662629523 -0.007476684762560395 0.9999592234898399 56.26747513453052
0.9999786308150609 0.003745076105057154 -0.0053583860042880314 -0.3387104185261388 -0.003706861035689215 0.9999677525813285 0.007124112830996977 -0.9555104876233582 0.005384894015487529 -0.007104097949486671 0.9999602665713665 57.69792441060148
0.9999822341810194 0.002824620125163999 -0.0052490787770250544 -0.35982094238948253 -0.0027851638897802523 0.99996792842479 0.007508993728763348 -0.9833721493328579 0.005270120936865569 -0.007494240934834736 0.9999580302146293 59.1422187072154
0.9999834735425812 0.0026377709766258126 -0.0051083061008084935 -0.36016222541578213 -0.002596756207687646 0.9999644746282658 0.008019123449254043 -1.0070278628460332 0.0051292776772101905 -0.008005726059956385 0.9999547984150341 60.54784074473972
0.9999895581645384 0.0007743690417913512 -0.004503765598832329 -0.37964667629885884 -0.000733312347275545 0.9999582286607505 0.009110608377425307 -1.0255002473159043 0.0045106328321055525 -0.009107210762791189 0.9999483551239701 62.00266150305514
0.9999898721365073 -0.0017619541983960128 -0.004141393085562181 -0.39014694863769117 0.0017980797811501664 0.9999602277899012 0.008735544750751471 -1.040158433990897 0.004125837099331723 -0.008742903007846877 0.9999532684709456 63.40387135415933
0.999990218381989 -0.0023325326360653514 -0.0037579819502035327 -0.4021166287692981 0.002362037989659182 0.9999662718441513 0.007866126423317465 -1.062903823083374 0.0037395075263653857 -0.007874926132473108 0.9999620000935586 64.8148155603863
0.9999931830112444 -0.0022055570976344703 -0.002961325197743064 -0.4125431235320771 0.0022289333135766896 0.999966201024177 0.007913827138423514 -1.0857093748629658 0.002943770965715611 -0.007920373943152788 0.999964300311109 66.26856479005639
0.9999970390893209 -0.0005928305208519769 -0.002360161312706232 -0.42712801364673375 0.0006113096215025621 0.9999691067914654 0.007836565573809849 -1.106783298428261 0.0023554428499497136 -0.00783798531570429 0.999966508379929 67.62941849558405
0.9999965304257745 0.0020276796868663564 -0.0016815603232606484 -0.44813716575166235 -0.0020121214862793115 0.9999556274685332 0.009202959400799172 -1.1230575461737164 0.0017001465130037563 -0.009199544151046976 0.9999562379899587 69.10475301433392
0.9999879478666135 0.004849094422618595 -0.0007683711070138134 -0.46455239755469413 -0.004841026032919733 0.9999365022302453 0.010176245889170425 -1.1335727193472238 0.0008176679713662398 -0.010172403744038454 0.9999479254570672 70.45116192086651
0.999954094737236 0.009580400097034245 0.00015598369588202187 -0.4866549457081537 -0.009581558119410019 0.9998886900408896 0.011436839142369025 -1.1651292894462233 -4.6396833789363705e-05 -0.011437808930845818 0.9999345850495657 71.91524867660095
0.9999163763042397 0.012923045154582025 0.00048504783276598416 -0.4916184815223805 -0.012927529303480761 0.999858190275224 0.010792513773894718 -1.1630192932564296 -0.00034550692669995525 -0.010797881956518707 0.9999416414838659 73.28593294007054
0.999856738898983 0.01687690772624657 0.0012929113682929522 -0.5078249993715493 -0.01688958629069994 0.9998020370533538 0.01051801411799847 -1.1880748471540061 -0.001115143952753002 -0.010538344253566439 0.9999438483016678 74.66806787721023
0.9998343466898745 0.018066155903715783 0.002212044871837602 -0.525878064194948 -0.018088466268833696 0.9997810562125059 0.010518891262317065 -1.1974317815826037 -0.002021524792259302 -0.010557161492485126 0.9999422282209977 76.12197207919915
0.9998262032211035 0.01847716549429544 0.0024814630467808194 -0.5308852877723388 -0.01850332595663199 0.9997686301398061 0.010968735799871374 -1.2125010519373993 -0.002278217949116352 -0.011012745017885482 0.9999367625859822 77.49287366920092
0.9998392640751833 0.01774583495103243 0.0025556426898793905 -0.5312973098933347 -0.017773315571006507 0.9997797098624569 0.011164275438891369 -1.2382046766774468 -0.0023569605089025264 -0.01120790341535012 0.9999344116685849 78.90749241150249
0.9998564107194808 0.016807208311194016 0.0021623249518224266 -0.5354891141814714 -0.01682814291549328 0.9998078129835396 0.010057372679199478 -1.245462735742916 -0.001992873184627027 -0.010092316671782762 0.999947085400667 80.26772817299425
0.9998581271599755 0.016722562014999855 0.002020254739264606 -0.543914904299895 -0.016742726986765166 0.9998055928288277 0.010414301841183641 -1.2758766543547313 -0.001845708327415069 -0.01044664912535761 0.9999437288586864 81.65985121754424
0.9998704685679997 0.016015337900910982 0.001598435821174779 -0.555386281343757 -0.016031809675399605 0.9998122135351654 0.010886633231274362 -1.2843981521458412 -0.0014237826592328527 -0.010910849115105845 0.9999394612756879 83.06189654429669
0.9998697262978665 0.016085294511915718 0.0013392880381846576 -0.5695914278008203 -0.016097894166403847 0.9998204355422271 0.009997725490253084 -1.2920023798858105 -0.001178231283138621 -0.010017982975453176 0.9999491246007329 84.42235521009206
0.9998724476657608 0.01596354834752542 0.0005034692587914441 -0.5764150289731994 -0.01596790431811079 0.9998190049126604 0.010343282162421903 -1.301765579393703 -0.0003382626696425441 -0.010350002417539689 0.9999463800781113 85.82012508014174
0.999873034268938 0.015922915882393876 -0.0006132277875925288 -0.5858863444193916 -0.015915201766485216 0.9998126944527268 0.011012828976876332 -1.3221906339223306 0.0007884693506124557 -0.011001671310705537 0.9999391689245901 87.18271812167467
0.9998923818763613 0.014570780525412469 -0.0017079169095898068 -0.5944079405457519 -0.0145485985158656 0.9998178756523743 0.012351268746000881 -1.337679897220394 0.0018875736510301207 -0.012325091983839272 0.9999222615689631 88.57516337930765
0.9999217873426445 0.012175597642229505 -0.002859018198936975 -0.595366995404734 -0.012137154361119082 0.9998405334694023 0.01309950913338946 -1.3582545420251197 0.003018056898594716 -0.013063784510032952 0.9999101103986373 89.95256588916644
0.9999333081710229 0.010914951850561693 -0.003773990433857052 -0.610612653595568 -0.010863381660452547 0.9998508609489998 0.013425454114424713 -1.3706082092774619 0.0039199661111384764 -0.01338356072320394 0.9999027523618382 91.31689296909994
0.9999372892779234 0.010416112444662463 -0.004113645749773445 -0.6269741796886281 -0.010361959392721479 0.999862151788242 0.012973327925929758 -1.3856347088634837 0.0042482107023278275 -0.012929889195230497 0.9999073810530595 92.69291049463392
0.9999529344522589 0.008561982539265767 -0.0045630371342313784 -0.6384384185322145 -0.008501860891124568 0.9998788787977005 0.013036338016481403 -1.4075615046447805 0.004674101757124757 -0.012996930413660816 0.9999046117439266 94.04359391951652
0.9999559459778691 0.008142118979842702 -0.004670329269726424 -0.6585075676945288 -0.008083346683036771 0.9998895972568944 0.012468071877122127 -1.4113168197345833 0.004771330589986954 -0.012429770972900466 0.9999113636778073 95.42121764014117
0.9999594906986886 0.007743567337754985 -0.004588474824712226 -0.6660093963247724 -0.007688217630926749 0.9998989178153032 0.01196016192244229 -1.4213550821583498 0.004680625735572237 -0.011924400476356905 0.9999179468484027 96.77836282498458
0.9999503519666274 0.008959076947776477 -0.004362168497298586 -0.6847573898725765 -0.00890919195070045 0.9998961896021177 0.011324148240876531 -1.4371287267411619 0.004463169960045805 -0.011284722855633707 0.9999263648672398 98.09619235309361
0.9999347742100999 0.010705093769662756 -0.003980987377915743 -0.7067784664805168 -0.010659063834525851 0.9998780969794041 0.01140945044388237 -1.4434239627284855 0.004102641675621056 -0.011366272890441863 0.9999269854262978 99.45159741656745
0.9999337570947491 0.01080755739931183 -0.003959557159743322 -0.7124149929592405 -0.01075640721619916 0.9998612466490832 0.012719558680426686 -1.455540763080749 0.004096475474208408 -0.012676125752153034 0.9999112634315401 100.78185698570495
0.9999306896405855 0.011159643447574826 -0.0037520980619164097 -0.7382976684369613 -0.011104882669317345 0.9998359108022498 0.014311990461977883 -1.4643411680365461 0.003911199435094943 -0.014269332177007127 0.9998905383548309 102.12698552873421
0.9999366321189644 0.010662381613254135 -0.0036118324393687225 -0.7488941697953788 -0.010612521506987155 0.9998518259825877 0.013553615216783596 -1.484890469712623 0.0037558114049764946 -0.01351442598105157 0.999901622252681 103.47501918035229
0.9999383963488252 0.010517104365308847 -0.0035488015347984207 -0.7621981132951487 -0.010476428486827654 0.999881357104307 0.011292306290131794 -1.4961246043270795 0.0036671431768336947 -0.011254432110200868 0.9999299424607869 104.79662840119381
0.9999506304421015 0.009261918437667833 -0.0035990996186523274 -0.7730182044555919 -0.009224689158501297 0.9999051555591811 0.010226681428355058 -1.509340037100001 0.003693477273131735 -0.010192976177380327 0.9999412290092724 106.1230540494718
0.999960417467664 0.008261814314971664 -0.0033024079512896935 -0.784544363796602 -0.008224311310885295 0.9999033089057542 0.011213097538956013 -1.5245211955336067 0.003394729463020349 -0.011185493894644669 0.9999316779402561 107.47947092152098
0.9999807294245645 0.005526519195439349 -0.0028281352726651967 -0.7948608217856873 -0.005489882120708068 0.9999029747983098 0.012802429051182559 -1.51673337922328 0.002898613997109012 -0.01278665647035019 0.9999140460376398 108.80517515357378
0.9999910066492108 0.0037442443602795153 -0.001991794287153366 -0.8113178019485048 -0.0037156315595630873 0.9998925515827913 0.014180245849428614 -1.5474109805292613 0.0020446747615608207 -0.014172717831659578 0.9998974714358408 110.15308860789976
0.9999924992040831 0.003620946721978432 -0.0013748714127624114 -0.8192184889534999 -0.0036027401070226556 0.9999087218788829 0.013021834578548604 -1.552324157889217 0.001421897416765349 -0.013016783860529716 0.9999142671015051 111.46339288818231
0.99999124414369 0.004147976542745126 -0.0005530983795905538 -0.8321706499649617 -0.004141629451669769 0.9999306820998201 0.011021701537055062 -1.5744325640895254 0.000598777858657991 -0.011019314524931564 0.9999391062346328 112.80058813705288
0.9999702879461035 0.00769608687201587 0.000439836490704743 -0.8359879184029758 -0.007699740954854731 0.9999297054188119 0.009016552762645109 -1.5895319728993353 -0.00037041342372704953 -0.009019671672751443 0.9999592533293905 114.15257797844154
0.999942265156895 0.01057041744677813 0.0019319953664950636 -0.8514429399975638 -0.01058642039994983 0.9999080956110433 0.008469241784649683 -1.5931302297155017 -0.0018422945360002767 -0.008489205903380821 0.9999622689551744 115.45410677747292
0.9999310591411005 0.01121435594697215 0.0034806843511525215 -0.866104691063367 -0.011251453117977437 0.9998780745845821 0.010827778641781268 -1.6066547295366533 -0.0033588336792258104 -0.010866195142242201 0.9999353199277402 116.82581525254713
0.999918455554872 0.012009797419079777 0.004341311192301257 -0.8733093956170724 -0.012063699496956837 0.9998477082872238 0.01261060709180029 -1.603849875914856 -0.00418919955461772 -0.012661951295841328 0.9999110588428985 118.12040729379683
0.9999206174388812 0.011435134080044141 0.005291172635905611 -0.8714863615870461 -0.011506220249856475 0.999841240073748 0.013605203597461151 -1.6224365745541518 -0.005134755706010976 -0.013665005253195792 0.99989344528057 119.48463622166902
0.9999119764980922 0.011715553886208051 0.0062277629295438165 -0.8726565908159436 -0.011795938539122088 0.9998455092865713 0.013031247688797284 -1.6365390917146032 -0.0060741330169622534 -0.013103563203790943 0.9998956953294174 120.80472119865362
0.9998792633387468 0.013500122183478446 0.007694505778858008 -0.8709364006555819 -0.01359960030501052 0.999822670343704 0.013026080264900245 -1.6465548357502569 -0.007517288265145962 -0.013129150005590319 0.999885551348526 122.11562015503453
0.9998475555285068 0.015092770033203959 0.00877917786491419 -0.875340752364717 -0.015201475428143249 0.9998069375340193 0.012450013587794954 -1.6481318007925019 -0.008589578459844345 -0.012581572361194865 0.9998839548550269 123.48028234300241
0.99982235507458 0.0159921435606657 0.009975449949842868 -0.8781331145786797 -0.01610930582123234 0.9998008728217627 0.011777309081992643 -1.6627386796737247 -0.00978511996729667 -0.011935914716284371 0.9998808855881042 124.81003313341257
0.9997949003313656 0.01696412901582768 0.011062348685798022 -0.8686341037898971 -0.017087613856604213 0.9997916540490279 0.011165213346088899 -1.669666722452497 -0.010870636681058825 -0.011351952735111723 0.999876473582844 126.1336213296978
0.9997964262174763 0.016302466783738718 0.011888467605592347 -0.8671714041381775 -0.016433147762672885 0.9998046921011638 0.01097858584747576 -1.6861093873569568 -0.01170716864416602 -0.011171716063211701 0.9998690589071924 127.48000101145719
0.9997885046165944 0.016002791827345805 0.012917300540643481 -0.8642773871942876 -0.016155911251052847 0.9997994072312943 0.01183773078543523 -1.6918760010820382 -0.012725273748730124 -0.012043918160442837 0.9998464939388462 128.80119952077098
0.9997790010662145 0.015823691929306865 0.013840511687299375 -0.8570712273755086 -0.016000963663979254 0.9997901380391773 0.012792539966172318 -1.7092870453535338 -0.013635183021701861 -0.01301117461054535 0.99982237978496 130.17369405392407
0.9998027901787132 0.013912481850815651 0.01417122327561212 -0.8414900126381993 -0.01410228560399682 0.9998109946680981 0.013382843933145226 -1.7115970575621435 -0.01398235743703883 -0.013580051609806503 0.9998100198933064 131.50251501482202
0.9998155015403083 0.01302696056255513 0.014115989188015916 -0.8288481759014885 -0.013216751020633657 0.9998223774732075 0.013436183366651788 -1.7288216252729323 -0.013938450407243737 -0.013620272193105144 0.9998100858592579 132.8418789370784
0.9998503337759509 0.010207944690879848 0.01396810276387648 -0.819478229812381 -0.010408072166956644 0.9998431417234986 0.014330526856873818 -1.7223062150377668 -0.01381962768263789 -0.014473763364471395 0.9997997439815253 134.17041507775494
0.999865418853098 0.0095505413935396 0.013339090101124412 -0.8014449572983371 -0.009742293954825688 0.9998490689312728 0.014384960254794498 -1.7455893986932027 -0.013199693764014147 -0.014512977929813502 0.9998075522601642 135.5031137410154
0.9998779362933706 0.009687451889322822 0.0122582940823573 -0.7974997356206561 -0.009859008808238085 0.9998532077770234 0.014012953281966474 -1.7561374414352364 -0.012120745862878072 -0.014132097714369985 0.9998266706451394 136.85152853920866
0.9999057983998914 0.007922702442676462 0.01120826042937589 -0.7866489445512046 -0.008094392076125235 0.9998493169492523 0.01535656939346207 -1.769060637707704 -0.011084906929463564 -0.015445847135934773 0.9998192589886143 138.1806460383589
0.9999265772720677 0.0066521477455213866 0.010128622239762564 -0.7694475407688095 -0.006810433678869717 0.9998539597807647 0.01567409042961415 -1.7765990608355855 -0.01002287752297632 -0.015741920212361326 0.9998258517732403 139.5276269676871
0.9999462906214153 0.005403528161931268 0.008844080060387364 -0.7734550113760472 -0.005543575225518548 0.9998584113404153 0.015887921490738637 -1.7849705485276104 -0.008756977735263335 -0.015936096294567388 0.9998346644199925 140.888531314356
0.9999625563871493 0.004156183214956859 0.007590254516591295 -0.7718302730189515 -0.004274782917382314 0.999867979213102 0.01567642741168644 -1.780280782504066 -0.0075240989641786 -0.01570828742661595 0.9998483073151433 142.20738851753157
0.9999702891750551 0.00406758330663798 0.006547941043361955 -0.7657604920417318 -0.004167285213186028 0.9998744861613051 0.015285472147025986 -1.7833318648405956 -0.0064849447907407674 -0.015312305440561516 0.9998617298373357 143.5596197673253
0.9999807380143527 0.0022761324156732434 0.005774324504120831 -0.7552030550031563 -0.00235102955312536 0.9999127684530422 0.012997236000987676 -1.7942690299696373 -0.005744237845753997 -0.01301056150947339 0.9998988593951617 144.90864492943462
0.9999890707680862 -0.0006408778866184798 0.004631158193081673 -0.7693936336226631 0.0005843155175438465 0.9999253516139753 0.012204497922540051 -1.8205562768279755 -0.00463863445952308 -0.012201658715379395 0.9999147976673567 146.21539482679088
0.9999437726388256 -0.010000413902555254 0.0035275057418568687 -0.7618961651240509 0.009945414915335203 0.9998338062737002 0.015279022815620448 -1.8165576371227345 -0.0036797163426566994 -0.015243081498054622 0.9998770465192902 147.59147592372344
0.9998501689465829 -0.01720040113461227 0.001945731168453093 -0.749771433598018 0.017165337515961457 0.9997116170891359 0.01679386283040734 -1.824270314771344 -0.002234031404109735 -0.01675794777134248 0.999857079934386 148.9137497797719
0.9998195173982825 -0.018969172487712713 0.0010503017016962293 -0.72242064582337 0.01895295352058394 0.999725841316663 0.013748736079815312 -1.8413620423376447 -0.0013108159968097562 -0.013726348607785937 0.9999049300403496 150.22267036922852
0.9998302315654463 -0.018391228552749717 0.001127284230898569 -0.7459597203255971 0.018377995390767673 0.9997727721544272 0.010800617232228334 -1.8556605203604277 -0.0013256648024926325 -0.010778066601232702 0.9999410362091418 151.61388965282026
0.9998875657120438 -0.014825166889886231 0.00225174910614773 -0.7521553121523457 0.014805838649074084 0.9998553463417122 0.008370992867127147 -1.8648424437668578 -0.002375524941600756 -0.008336712797598072 0.9999624273442904 152.93088857246158
0.9998775569653172 -0.01534322721901733 0.003075137265804808 -0.7569391064587603 0.015316419879562282 0.9998460588870075 0.008559544267644742 -1.8734166563441377 -0.0032059951712507854 -0.008511396270926884 0.9999586380080796 154.30208355692966
0.9998252510728597 -0.01837531224853462 0.0034373287820481224 -0.7626187111995535 0.018334423941531085 0.9997649495420785 0.011571281429893372 -1.8790232959633353 -0.0036491470434364625 -0.011506238127518017 0.9999271424507095 155.62918213347504
0.9996221571442114 -0.02723412314306623 0.0037209519973838484 -0.7602973805246286 0.027177259434775426 0.9995245540301086 0.014562364459016177 -1.8743256562303432 -0.004115776446697934 -0.014455737156606249 0.9998870396442813 156.9684472514278
0.999571020232383 -0.029044159318188267 0.0037699228458992814 -0.7436882223344121 0.02898124680160844 0.9994552429455511 0.015789385149912023 -1.892839969515157 -0.004226458913894993 -0.01567335504198746 0.9998682328130375 158.31973431100351
0.9995294033561808 -0.030462676926876153 0.0036051539139978165 -0.7364051679198872 0.030400993796016004 0.9994084312732688 0.01608002114548762 -1.9048328591419434 -0.00409286203739977 -0.015962853967730253 0.9998642086682415 159.6476994107645
0.9995520549610322 -0.0295555312632255 0.004707440042542438 -0.742504283439098 0.02947509634246621 0.9994321659452187 0.016326799174419076 -1.8982605914971997 -0.005187314644182764 -0.01618073370904178 0.9998556273907552 161.01510794483409
0.9996122035628908 -0.02719640820653734 0.005983132229621048 -0.7464938854233432 0.027097696044017912 0.9995046779976595 0.016003547321035795 -1.8971913763653092 -0.006415408185532479 -0.01583521238994129 0.9998540336403862 162.35759916098056
0.9996824085931677 -0.024234038319326072 0.006913273033766043 -0.7527382967773899 0.024132301128627763 0.9996045003108036 0.014438663150620652 -1.904494862826797 -0.007260446552682839 -0.014267244625400535 0.9998718576126461 163.7069977687208
0.9997055094777484 -0.02304016494018439 0.0076187354091190995 -0.7558637680859339 0.022931892045944507 0.9996389146915119 0.014006018458881945 -1.903049687262762 -0.00793868602909527 -0.013827182049707124 0.9998728850705596 165.05810118672397
0.9997555170365838 -0.02063889957741526 0.007933598929509319 -0.7565500284306133 0.020513223347162917 0.9996677292584008 0.01560893124895571 -1.921395100420335 -0.00825311467470027 -0.015442371726258324 0.9998466978758961 166.39351976502888
0.9997736733510129 -0.019836915711198284 0.007687578478494425 -0.749881429212692 0.019719119728207488 0.9996914146984823 0.015107338690931166 -1.9087168800946768 -0.00798488987022885 -0.014952327490183413 0.9998563243965513 167.7315063261559
0.99983615365327 -0.016565037555875933 0.007298314495114399 -0.745871618556418 0.01646965326069561 0.9997806125233586 0.012941303255310009 -1.9290036595420879 -0.007511087133922092 -0.012818982394797717 0.9998896225376629 169.1196393080515
0.9998811058139415 -0.013889236742414608 0.006698011315354077 -0.7514284651404282 0.013818177186856217 0.9998489584510346 0.010541264160909142 -1.937142004911291 -0.0068434103197020325 -0.01044745674844928 0.9999220061482852 170.5284074012507
0.9999420146107739 -0.008636277897957541 0.006432894822534209 -0.7558356288580212 0.00857981572745955 0.9999248771629282 0.00875367243018742 -1.939820188064576 -0.0065080112552818 -0.008697971952439773 0.9999409937939359 171.87010123948588
0.9999603993430777 -0.005780032141399476 0.00676690385742801 -0.7578295873635515 0.005712955516156186 0.9999347706490255 0.00989022628614479 -1.9474099097505029 -0.006823628850774676 -0.00985117579015162 0.9999281936326624 173.23390594450058
0.9999707572218215 -0.0009820067301301635 0.007584218633943933 -0.7703556031030184 0.0008885166018755865 0.9999237051775015 0.01232048523033912 -1.9726513200603506 -0.007595739428622744 -0.012313386476711305 0.9998953371497205 174.5933038270512
0.9999707057177021 0.00027916118556281164 0.007649168698718354 -0.7703648408873183 -0.00039075597812463555 0.9998934616111794 0.01459152944170677 -1.9800000487353209 -0.007644281014186237 -0.014594091233356019 0.9998642795240116 176.0198884037511
0.9999744414697959 -0.0023846549197097215 0.006740166027590268 -0.7702489264798679 0.0022772235771729554 0.9998709622963414 0.01590198097475461 -1.9788755323113645 -0.0067772175889510115 -0.015886225984270853 0.9998508374483558 177.42166482532855
0.9999760554890507 -0.004432691971537769 0.005314104076776923 -0.7677328754202297 0.004348129218777242 0.999865397510391 0.015820259823062635 -1.9817712731805488 -0.005383515565733701 -0.01579677490704373 0.9998607301338573 178.82489030510845
0.9999680342652155 -0.007389625679220456 0.00305350494677056 -0.7638201729988433 0.00735211380181648 0.9998995348566972 0.012118853210929231 -1.9790161721323716 -0.0031427522201320605 -0.012096016337212892 0.9999219016991933 180.16439633567276
0.999991961576841 -0.0037434412289901863 0.0014364667336594938 -0.7785686634395645 0.0037312374510666615 0.9999577032609229 0.008406518219386537 -2.0170154332003962 -0.0014678753996760971 -0.008401091007284135 0.9999636328447844 181.5779069882188
0.99999943013504 -0.0005457844183208334 0.0009175244774734198 -0.8079064660929451 0.0005385972618083459 0.999969314792098 0.007815330069836837 -2.0209872428275806 -0.0009217618799440591 -0.007814831592842245 0.9999690389022656 182.97317011869288
0.9999965526107333 0.002540706524203111 0.0006630033417340843 -0.8261447818129339 -0.002546447107782423 0.9999579842517743 0.008805983197075241 -2.021706853589613 -0.0006406021133597689 -0.008807641317384643 0.9999610067823246 184.30146179520713
0.9999851525763136 0.005349900298272248 0.00103594626241741 -0.8215528302777273 -0.005361577479501072 0.9999181393753759 0.011617574672913187 -2.034232058866433 -0.0009737086662323161 -0.011622956720398914 0.9999319770720968 185.7473719124982
0.9999741746798476 0.007038876468717065 0.0014505787780776467 -0.8303438382764581 -0.007058715775463176 0.9998748533599968 0.014158112820037434 -2.050579457101023 -0.0013507401390008018 -0.01416798668908256 0.9998987166999365 187.11749522005115
0.999987645836896 0.004716482639776389 0.0015693814602587319 -0.8400199312402452 -0.004738984494790894 0.9998813482122684 0.014657132257747419 -2.0435819211783897 -0.0015000652557284598 -0.014664388746971926 0.9998913468527385 188.56481717308745
0.9999890292606176 0.004459182175650871 0.0014342406380163754 -0.836751365786125 -0.004480854557606471 0.9998701375560458 0.015479986038751848 -2.0564585160830786 -0.001365026409339083 -0.015486243143090677 0.9998791491880739 189.97955248868453
0.9999978657172385 0.0013411254124047036 0.001571605387537305 -0.8429044460591348 -0.0013662071061367092 0.9998699624234964 0.016068345167756477 -2.061120318112043 -0.0015498514718296798 -0.016070458328321022 0.9998696606731216 191.3314866922184
0.9999981819526648 -9.779896675967716e-05 0.001904344899252275 -0.8536441107015131 6.671175026877994e-05 0.9998668569207526 0.01631759704732368 -2.0668683152340535 -0.0019056873409046243 -0.016317440658963258 0.9998650456391055 192.7924483569641
0.9999935036954811 -0.002751782523254708 0.0023281466611820025 -0.8496025125285529 0.00271130885385892 0.9998481744243309 0.017212695680894705 -2.071935121523702 -0.0023751589707734742 -0.017206271872415933 0.9998491400371603 194.16474745608957
0.9999675023891907 -0.0076386739984927385 0.002577758155310389 -0.849354466296437 0.007589180206109587 0.9997964661239751 0.018693064275251584 -2.066858422328546 -0.002720023932500703 -0.018672894084131152 0.9998219463995087 195.6121359600908
0.9999315496682628 -0.011354866499645422 0.0028218785548177017 -0.8419145470622912 0.011297705688420352 0.999745867316532 0.01950801398869825 -2.0780732740240166 -0.0030426725583788923 -0.019474798277943867 0.9998057183182488 197.02270684512484
0.9999504235255331 -0.009474629071583042 0.0030629901348646904 -0.8526997322946217 0.00942389554711761 0.9998247785428355 0.016174127110908404 -2.087077914016591 -0.00321569754624641 -0.016144460263948997 0.9998644986673246 198.43901141763348
0.999989552722052 -0.003150139247749432 0.0033122617801239424 -0.8695063676861775 0.003113292733745287 0.9999338651031151 0.011071260994215086 -2.0962429875242514 -0.0033469190114861977 -0.01106083350201133 0.9999332258181236 199.86782470229298
0.9999646300031552 0.006915593693195823 0.004786783633978737 -0.8831888834287791 -0.0069632404604187915 0.9999256570659606 0.010009677044612425 -2.0888980842155376 -0.0047172053019579555 -0.010042654727236103 0.9999384446345153 201.3206206251371
0.9998946968790583 0.013127224463797566 0.006186364417881976 -0.904427792472682 -0.01321000067286308 0.9998211341132089 0.013534980232342961 -2.087929225278275 -0.006007581662207122 -0.013615277108323586 0.9998892604639011 202.76292821555035
0.9998650048772026 0.014790799024086603 0.007155714814727363 -0.902253671057847 -0.01490289424608178 0.9997629340081376 0.015873863981337503 -2.0923139132889967 -0.006919231878961157 -0.015978362268885726 0.9998483965931396 204.18155447967573
0.9998722456911354 0.014493459693149389 0.006740318387079838 -0.9021533603170206 -0.014603400350688234 0.9997562555438668 0.016558086503988653 -2.1058384636291994 -0.006498692049149141 -0.016654403039054463 0.9998401861608798 205.65781870696483
0.9999282377357191 0.010731080400421573 0.005325718073935507 -0.8910784239738758 -0.010818638695999805 0.9998021231358465 0.01669346120441244 -2.105176825110349 -0.005145525785199093 -0.01674988059764178 0.9998464707475693 207.0828757206965
0.9999551483739407 0.008524410982632498 0.004127425849491022 -0.8885295112367 -0.008591078399336512 0.9998283845966187 0.016413248851825286 -2.108641993690669 -0.003986804565053744 -0.01644797205745306 0.9998567745468566 208.52616053638832
0.9999523763842605 0.009054443314022702 0.0036417034676225375 -0.8952755991022554 -0.009111627353408803 0.9998303958848779 0.01600492812960058 -2.1117049300043296 -0.003496170388320033 -0.01603734808216151 0.999865281056369 210.00906223284485
0.9999405859745112 0.010302461757203778 0.0035614299691441196 -0.9034265936222583 -0.010358222328779285 0.9998181807296876 0.016009769795478936 -2.1205717856927944 -0.003395842666162146 -0.016045708995419305 0.9998654926930671 211.47720710804947
0.9999309051566747 0.011252341328604214 0.0034014268897190644 -0.9070277830892384 -0.011307317198513724 0.9997982714444944 0.01660003051491252 -2.112138637950042 -0.003213951774253698 -0.0166373448850937 0.999856424329381 212.91274396137763
0.9999379729740383 0.010746943304553386 0.002924618429321734 -0.9182673685340776 -0.010794565794431612 0.9998008337749739 0.01678601052047118 -2.12527856825815 -0.00274363785970406 -0.01681653965766631 0.9998548276872211 214.3545393155224
0.9999305789400094 0.0114549463304496 0.0027607031166889647 -0.9247588313781727 -0.011498192471534528 0.9998027547029513 0.016193927192413294 -2.1331153665502876 -0.0025746582193176544 -0.01622454641507335 0.9998650585117017 215.82290686251505
0.9999412159403291 0.010567507816677894 0.0024274309674752557 -0.9337169228117306 -0.01060453630376498 0.9998191840978188 0.015784262320373412 -2.1326686509394905 -0.0022601919128124263 -0.0158090765550206 0.9998724741860681 217.30591617401524
0.9999432461949662 0.01049648552585749 0.0018243242492986967 -0.9321239985406153 -0.010524093069459936 0.9998190516892865 0.01584636744360849 -2.1391912302554106 -0.0016576631023390498 -0.015864667779526057 0.9998727741438105 218.7799138648764
0.9999156178415037 0.01288314567341066 0.0016678503519010767 -0.9401459831675656 -0.01290750985026148 0.9997960919970322 0.015529669718566971 -2.14940786142786 -0.0014674393788795695 -0.01554988740151852 0.9998780163741141 220.2676403027858
0.9999386867222665 0.010962831510517797 0.0015617611773723452 -0.947225748037716 -0.010985776221849926 0.9998190493765516 0.015530011048160245 -2.1479160345481754 -0.0013912257869434755 -0.01554621632476135 0.9998781824070646 221.7549268341767
0.999912751078244 0.013158965773752336 0.0011540450252851108 -0.9545321680670035 -0.013175127716602682 0.9997955428932601 0.015339114905683456 -2.158942588108507 -0.000951962253403255 -0.015352981586953286 0.9998816828653145 223.22654480122324
