1.0 -3.469446951953614e-18 0.0 -1.7787691892340307e-19 0.0 0.9999999999999999 -3.5575383784680614e-19 0.0 2.168404344971009e-19 -2.371692252312041e-19 1.0 0.0
0.9999999398638733 -7.08535559765227e-05 -0.00033948727388392647 0.05569069961672338 7.123806521749064e-05 0.9999993559314045 0.0011327230995349811 -0.026761272848715878 0.0003394068273799933 -0.0011327472383819146 0.9999993008434594 1.3159701006825606
0.9999991075624272 -0.0005587901877283866 0.0012135198795759842 0.11108300046058615 0.0005566348298350308 0.9999982684086526 0.0017757635472657302 -0.04833477912174309 -0.0012145101586562628 -0.0017750865086460634 0.9999976870130872 2.5650198957187875
0.9999992604534702 -0.001049626299053582 -0.0006143108405424179 0.024668105437495168 0.001050568677698269 0.9999982690829169 0.00153562193710406 -0.07612951275633427 0.0006126980011492127 -0.001536266207141852 0.9999986322433275 3.9375334477172115
0.9999986816343018 -0.0016231474426822053 4.6093155310216816e-05 0.007118598660456542 0.0016230624179017408 0.9999970798271594 0.0017905314210001104 -0.08935178147921741 -4.899931978171921e-05 -0.0017904542823634808 0.9999983959350932 5.24667596341462
0.9999975144899991 -0.0021695260521739645 -0.0005139775770575199 0.0032896950651642547 0.002170562482333254 0.9999955954067188 0.0020243078069552565 -0.10669045878977186 0.0005095835695294538 -0.0020254184346375124 0.9999978190005758 6.576321231030586
0.9999954819589018 -0.0030019087091353227 -0.00015687557146199568 0.0030357706636802897 0.00300244610625576 0.999989211410625 0.0035443440468850315 -0.13887157649554313 0.0001462340971773281 -0.0035447991115293035 0.9999937064880963 7.90796794023706
0.9999938271150444 -0.00351348108477538 -3.445778199589328e-05 -0.009928556865456002 0.003513591947436185 0.9999856476410208 0.004044648047611998 -0.1563860937693441 2.0246498273763635e-05 -0.004044744228097556 0.9999918197840965 9.217814883495555
0.9999957910815258 -0.0028594987734840253 -0.0004910085019126165 -0.007210938453383683 0.0028610328149760132 0.999990939251181 0.003152126589835365 -0.18230530341257334 0.00048199059438123006 -0.003153518174585795 0.9999949114918393 10.567696197146416
0.9999999672525164 -1.9916587210479925e-05 -0.00025514296317933303 -0.029212286211374408 2.0080455925457555e-05 0.9999997935437195 0.0006422687645088935 -0.20846462284718736 0.0002551301407859984 -0.0006422738797145694 0.9999997611966543 11.869677559434221
0.9999943283030821 0.00333095117158733 -0.0004981154852284515 -0.026458232385135262 -0.003330986440596595 0.9999944498331477 -6.955848052039133e-05 -0.23403880342795802 0.0004978810664984681 7.121730038085144e-05 0.9999998735216488 13.215170682015913
0.999980860622636 0.0061841570583259795 -0.00018594907929358985 -0.05011224134592947 -0.006184163282679988 0.9999808774126036 -3.075970523613486e-05 -0.25448604729114516 0.00018575531588661777 3.190905172494648e-05 0.999999982238529 14.552960059690237
0.9999788159699466 0.0065047906583808966 0.00023515284758301785 -0.06380866734422394 -0.0065050271320875475 0.9999783245303349 0.0010174009414733141 -0.2769094310840575 -0.0002285297893017046 -0.0010189090893528198 0.9999994547989589 15.90775774382268
0.9999893628379987 0.004597869586097234 0.00036578384111488104 -0.06822858122415826 -0.0045991868853735235 0.9999826338221939 0.003685043023563945 -0.2993799395749343 -0.00034883416839313897 -0.0036866862093094606 0.9999931433063713 17.250841522778458
0.9999995276765531 0.0005611564400885847 0.0007935681118937069 -0.06564667189439743 -0.0005658929629576391 0.9999819533923174 0.005981024516141576 -0.3277026682210493 -0.0007901975622181616 -0.005981470883452709 0.999981798631471 18.604513173310337
0.9999981548676061 -0.001896299228898347 -0.00030710420453825406 -0.075206808647593 0.001897567024377142 0.9999894570313583 0.004181514290867801 -0.3570747639834712 0.00029917159323128526 -0.004182089407451029 0.999991210274332 19.95670181175543
0.9999961921386693 -0.002727864264167641 0.0004176952240227813 -0.07384447729811318 0.0027270797280737422 0.9999945370498221 0.0018678603798270871 -0.36442994008100743 -0.00042278824577941863 -0.0018667142134557698 0.9999981683122384 21.29353899338612
0.9999996713241159 -0.0005048588434492813 0.0006344059826247871 -0.08602854400708895 0.0005041132222341829 0.9999991826572691 0.0011749696437987312 -0.4152177475283887 -0.00063499871058612 -0.0011746494674190696 0.999999108486859 22.650935886046007
0.9999944368453216 0.0029366468608924313 0.0015818914294351502 -0.09221526727421991 -0.0029405061432857156 0.9999926931313617 0.002442767364000322 -0.41543124821015776 -0.0015747064569322348 -0.002447405385178441 0.9999957652433814 24.02325739087939
0.9999932180628998 0.0026811715238105258 0.0025249051393313104 -0.10980100013125216 -0.0026989708383231637 0.9999713464743114 0.007072608405705722 -0.4271595622877992 -0.002505870121844567 -0.007079375224606351 0.999971801132397 25.408403809946343
0.9999971779645185 0.00016068226999570862 0.0023702841809729903 -0.10331305097051868 -0.00017950991547647718 0.9999684208729501 0.00794512624337872 -0.4392691537208555 -0.0023689328823119343 -0.00794552946626199 0.9999656277680915 26.785596527624396
0.9999908675971966 -0.003425884164119179 0.0025550045160272587 -0.10158868989042316 0.0034067494429379543 0.9999663980739814 0.007456324451395474 -0.4717719026594398 -0.0025804633786111982 -0.007447552239091294 0.9999689371040869 28.14168317502585
0.9999901504131102 -0.003804594955245594 0.0022856382708484257 -0.11340746506079137 0.0037934041219368046 0.9999808937288924 0.0048808048507679325 -0.47683750179902396 -0.0023041642768398007 -0.004872086518457981 0.9999854766935219 29.50497017658883
0.999989036328061 -0.003507923550528754 0.0031018873108456246 -0.11001867432133566 0.003499515568344302 0.9999901992778877 0.0027119612015332373 -0.5242264921231767 -0.0031113705231765507 -0.0027010764135644415 0.9999915117420872 30.891856753561097
0.9999944747204219 -0.000458798712233548 0.0032924211801902935 -0.12864291069492562 0.0004522006694962534 0.9999978887779446 0.0020044832592083345 -0.5260404179872434 -0.0032933341601502414 -0.0020029833852624333 0.999992570974345 32.2781664625111
0.9999924803274687 0.0007497929716328514 0.003804878757905075 -0.13001240267029235 -0.0007508204941922064 0.9999996820565159 0.0002686199412596495 -0.5565721016750038 -0.0038046764601799643 -0.00027147470510319204 0.9999927253405155 33.66607929747684
0.9999908614700344 0.0007812766458557682 0.004203163909789601 -0.14290192682631733 -0.0007811206870153419 0.9999996941747292 -3.875868849935052e-05 -0.565696937338973 -0.004203193260898953 3.547515954303644e-05 0.9999911659124682 35.05496368782648
0.999992716582346 0.0007936317651668556 0.0037332203373065544 -0.1458596638948896 -0.0008012507287082317 0.9999975986261311 0.002039789260280354 -0.6026092109878511 -0.003731592844640284 -0.0020427656869916465 0.9999909511185582 36.44958660892083
0.9999922754958049 0.0017087503202729976 0.0035396500470066834 -0.15644574470998185 -0.0017225599579041477 0.9999909034942516 0.003902014620656918 -0.6194085045692339 -0.003532950575330442 -0.00390808181442435 0.9999861224803153 37.85282349763053
0.9999849145673898 0.0045537970965406184 0.003071410881397999 -0.15369268156736432 -0.004566684153587546 0.9999807448132582 0.004201833695085743 -0.6422265144985548 -0.0030522176975406254 -0.004215796556102749 0.9999864554200407 39.24723978770072
0.999964967845915 0.00759808245731889 0.0035117249485950453 -0.16604027953437178 -0.007612921388476702 0.9999620680985009 0.004231525407313823 -0.674980557535787 -0.0034794405542997384 -0.004258111740748422 0.9999848808729241 40.64817505734946
0.9999524235992145 0.009085145870838026 0.003551147250688308 -0.17095485416690986 -0.009101569241535368 0.9999478323409968 0.004636167916342351 -0.6846046796532641 -0.003508842027165656 -0.004668268452861006 0.999982947501597 42.06534507171954
0.9999380148994503 0.01061215944275176 0.0033687401999427493 -0.18153835322218215 -0.010629492750611095 0.9999301420440694 0.00516961690092217 -0.7069113042449007 -0.0033136443443067187 -0.005205104569255108 0.9999809631411217 43.45529420179072
0.9999483269953814 0.009749113974257064 0.0028806418617051037 -0.1831592070778742 -0.009763323078663254 0.9999400351482828 0.0049602067445713065 -0.7323736980365445 -0.0028321117394638925 -0.004988075176430426 0.999983548987988 44.87970968401553
0.9999592983192654 0.0088634081690165 0.0016857293066842687 -0.1850855505726785 -0.008871264745584232 0.9999495505946104 0.004711363480901974 -0.7509467727266218 -0.0016438856607325096 -0.0047261263700596546 0.9999874806057554 46.285310177800596
0.9999679603753295 0.0079292510888668 0.0010978089872754095 -0.18901084057762907 -0.007934704136685684 0.9999557436356241 0.0050548250349473 -0.762957621337159 -0.001057679511112184 -0.005063373974772318 0.9999866216893598 47.71151987276789
0.99996550760429 0.00830555625061174 3.631984080378981e-05 -0.20143302983126332 -0.008305623352005664 0.9999467098328371 0.006131405349334547 -0.7849546860171026 1.460683238573967e-05 -0.006131495648615378 0.999981202097991 49.114168911906305
0.9999631855107181 0.00850268560988671 -0.0011540971692026334 -0.21377183370927744 -0.008495153598812522 0.9999435503055237 0.00638189505320452 -0.798523645010928 0.0012082953747367862 -0.006371856007359398 0.9999789695173373 50.54942127354506
0.9999577397013634 0.008871557907782754 -0.0024112751628195843 -0.22545441600726235 -0.008856430026672229 0.9999414736314676 0.006213934077733479 -0.8180789769383584 0.002466261528521584 -0.006192316316118808 0.999977786142583 51.99147793282377
0.9999542708698207 0.009029148507140594 -0.003151288752825519 -0.24007243091780836 -0.009005033467300413 0.9999306884441351 0.0075847015456625005 -0.8369572385543382 0.003219554006365001 -0.007555977401634388 0.9999662702739015 53.39390251451619
0.9999606632040151 0.007811703802663381 -0.004201107437177185 -0.2452002182712667 -0.0077726853974640995 0.9999272374496875 0.00922524696032661 -0.8600704398243478 0.004272867018683937 -0.009192230372873462 0.9999486214397563 54.85247251823681
0.9999703813235442 0.00625328253172334 -0.004486971355499237 -0.2609591193094624 -0.006209890776295097 0.99993444116328 0.00962032439238979 -0.874201544421844 0.0045468361929591064 -0.00959217604662652 0.9999436566383199 56.24735839109386
0.9999810970811114 0.0034301791873055766 -0.005102875154581454 -0.272892234003302 -0.003383145337339251 0.9999519797307594 0.009197421565383482 -0.8844475674483789 0.005134179358266267 -0.009179984126721007 0.9999446825233967 57.681923157550536
0.9999841110642347 0.0020703978147152266 -0.005243191581822517 -0.28231277810867444 -0.0020204569149715607 0.9999527150806461 0.009512379153171322 -0.9018414255730992 0.0052626385192405594 -0.009501634562042354 0.9999410100550971 59.131472371191904
0.9999873222266898 0.00209231302466865 -0.00458013096182723 -0.3027819834322717 -0.0020439825584924838 0.9999424521423399 0.010531597163784488 -0.9273003142073483 0.004601903180300196 -0.010522102151514208 0.9999340517583898 60.52828640872006
0.9999918701010834 -0.0004854988736941769 -0.00400300085844147 -0.31927096706628433 0.0005312899608506845 0.9999343505400606 0.011446062031944872 -0.9326505966998121 0.003997181360467849 -0.011448095959304986 0.9999264791232164 61.97438343679785
0.9999924047823747 -0.0018313709911545635 -0.0034404148514891714 -0.33490491741996237 0.0018699182792597559 0.9999351413126852 0.011234614671598914 -0.9579198624557648 0.003419617261503425 -0.01124096285980997 0.9999309711085383 63.384996269130305
0.9999894842891597 -0.0032398070956435737 -0.003245760282931962 -0.3437461699068002 0.0032726750483339246 0.9999429007433641 0.010172750020504443 -0.9692664377569582 0.0032126174846979928 -0.010183265566339712 0.9999429884751261 64.8068077596451
0.9999895290225634 -0.003710767924166051 -0.0026780677891720117 -0.3563725073985864 0.003737828551901537 0.9999412861310814 0.010171180841116843 -0.9789280046274496 0.002640167889453141 -0.010181084697130992 0.9999446859881795 66.24881263474808
0.999995410127408 -0.002201573573842387 -0.0020815373239535906 -0.36637495207970694 0.00222245144795386 0.9999467114770543 0.010081414045580913 -0.9947936315697574 0.0020592316094965655 -0.01008599408759574 0.9999470147439593 67.61707489795143
0.999998670151416 0.0006790281438054891 -0.0014827719272453564 -0.384039642943265 -0.0006622045213954082 0.9999357385956434 0.01131725061126316 -1.012667294965965 0.0014903615089770568 -0.01131625388753067 0.9999348584918295 69.08808573448842
0.9999916271127275 0.004038265233499076 -0.0006618985304675952 -0.4031896068799733 -0.004029690203888976 0.999913980098994 0.012481746761794468 -1.0224854863431208 0.0007122462680427557 -0.012478975257139362 0.9999218808925465 70.46355864717108
0.9999704085726064 0.007688749752846435 0.0002551282304695038 -0.4189286865025993 -0.0076915166504483755 0.9998772434264962 0.013650591932936188 -1.0410834067706904 -0.0001501409285984206 -0.013652150590313853 0.9999067937799238 71.91277586432612
0.999911612835642 0.013281879551879278 0.0005984645637441607 -0.43240659423046446 -0.013288770742991098 0.9998199247012272 0.013547205243747452 -1.058186091591804 -0.00041842447197794927 -0.013553960980053981 0.9999080533066672 73.26577232617187
0.9998641159577785 0.01642209945966136 0.0014367418455074781 -0.44358694665755105 -0.016439209011632424 0.9997824194410291 0.012840024247162025 -1.0702141065916255 -0.0012255691773365295 -0.01286189865734695 0.9999165312896582 74.66991881117175
0.999825173846437 0.01855245385053073 0.0023298389807805296 -0.45214649824033504 -0.018581283856993647 0.9997424393237697 0.01303038573154784 -1.080704440057559 -0.0020874934428993007 -0.013071399348922956 0.9999123866081707 76.10142585342514
0.9998266387596356 0.018409779212441486 0.002787903808286059 -0.46530463741261596 -0.018445398879174346 0.9997408690692697 0.01334024059685372 -1.0882466841591394 -0.002541590697221929 -0.013389352189914445 0.9999071284707413 77.47081409487734
0.9998479495820006 0.017218075280037395 0.0027596298060389287 -0.4704645871433255 -0.01725480501327413 0.9997546485471648 0.013889364766297792 -1.1054508327784514 -0.0025198048014487048 -0.01393487004258397 0.999899729964455 78.88682683217944
0.9998521692376083 0.01698348623087119 0.002683435011621856 -0.47794577060887944 -0.017016827212451447 0.9997715607815917 0.012932667359582699 -1.1213858515495319 -0.0024631804304971303 -0.012976419330203921 0.9999127688380095 80.25710642007387
0.999867785105691 0.01610490876366749 0.0022459255435267143 -0.48142774586787895 -0.016133028463320945 0.9997837629505764 0.01312070008095616 -1.1372091990351942 -0.002034132375746429 -0.013155199179669296 0.9999113975960073 81.64701458551562
0.9998790324410003 0.015427339429067419 0.001979304210419825 -0.4852789121928326 -0.015452288341246014 0.9997924421871246 0.013277777131620865 -1.1424160682135454 -0.0017740527558072316 -0.013306756003353471 0.9999098874320054 83.07252807322699
0.999891231831429 0.014664318608012946 0.0015755096925433572 -0.5002142699237817 -0.014683313728060435 0.9998101426196637 0.012809334308318078 -1.152406002849147 -0.0013873705187215778 -0.012831075026582933 0.9999167158917254 84.40584548256676
0.9998835389567229 0.015234598411347396 0.0009030482299355353 -0.499600808249394 -0.015245389097323758 0.9997929893164396 0.013474296238514523 -1.1645263932320877 -0.0006975858462221804 -0.013486494606473767 0.9999088097629608 85.81831026769623
0.9998900536094881 0.01482695569299809 -0.00020503414861424026 -0.5171205706292075 -0.014822268433207617 0.9997795443221904 0.01487155489705117 -1.1838952452965665 0.00042548888027013057 -0.01486688105680609 0.999889391289805 87.16219406694894
0.9999054837491684 0.01366381246055267 -0.0015243885735167762 -0.5197039840972075 -0.01363845696124635 0.9997859098819131 0.015560428026151919 -1.1933967537715777 0.0017366771458072916 -0.01553816732301335 0.9998777671888441 88.54069353260594
0.9999291121517837 0.011647389101811473 -0.002471632338005952 -0.5206368190510515 -0.011605099144327764 0.9997967544624895 0.016485492405664343 -1.2085360762374702 0.0026631431719584334 -0.016455640581673273 0.9998610501333673 89.95148336936539
0.9999457317830667 0.009831264549624836 -0.0034466937262963328 -0.5401704371723106 -0.009772089638416507 0.9998113737848994 0.01678460986943193 -1.2143707929116 0.003611057847555583 -0.01675001793913756 0.9998531878104812 91.30845966292684
0.9999635246446869 0.007631937580319534 -0.0038344342007824283 -0.5474822403738557 -0.0075698011498685925 0.9998438764769232 0.0159662390942702 -1.218810222528452 0.003955689242235277 -0.015936631138772424 0.9998651790742614 92.67854282680769
0.9999690610439096 0.006717059617662209 -0.004093658940169992 -0.5608578494086895 -0.006651393412004329 0.9998522742326027 0.015848933213576954 -1.2274539754900236 0.0041995127977724495 -0.01582121464841357 0.9998660176615709 94.00487466639191
0.9999701560012184 0.0064480689489384065 -0.004255524937972142 -0.5807039271957937 -0.0063815615015004245 0.99986010116083 0.015461364284220788 -1.2335683947816354 0.004354625917975999 -0.015433746273845382 0.9998714100944318 95.39401360101982
0.9999713947262947 0.006076270433412415 -0.004504291939894307 -0.599473785891754 -0.006005959778641313 0.9998624130449337 0.015462322990653725 -1.2412979804947193 0.004597625864714882 -0.01543482840305867 0.9998703055518237 96.74481336760697
0.9999647195902579 0.007253853235028858 -0.00423570121810307 -0.6070441736567519 -0.00719148807776755 0.9998681659612779 0.014557925855277177 -1.2540769192900298 0.004340744244167596 -0.014526951546284741 0.9998850562102832 98.08855728021176
0.9999524296896258 0.008970825398049257 -0.0038291804057707084 -0.6339988307102015 -0.008913066663261998 0.9998501020688766 0.014843538951828845 -1.261273340389173 0.003961765561972009 -0.014808703401819686 0.9998824964619587 99.47038197435197
0.9999439029476869 0.009908828735781888 -0.0037424646204390504 -0.6453288508421555 -0.00984571469630588 0.9998150209610596 0.016522281234631394 -1.275751880863275 0.003905489140736209 -0.016484507480113327 0.9998564937943171 100.79637488592496
0.9999382712973344 0.010555560550309463 -0.0034689631946731732 -0.6567818007929099 -0.010491781179556625 0.9997844345264885 0.017916668814250927 -1.2789169547467896 0.003657336211342754 -0.017879167602222967 0.999833465769795 102.1319056201262
0.9999473356499559 0.009702160943071234 -0.003345739325750816 -0.6746857152812674 -0.009642985523535328 0.9998043370856043 0.017271374822437104 -1.2914848148233162 0.0035126546570245585 -0.017238202670871623 0.9998452408451234 103.4554163417428
0.9999475111343182 0.009715037194548441 -0.003254689046696225 -0.6895085153013334 -0.00966551929497726 0.9998422774008309 0.014899599788309138 -1.2991977070328093 0.0033989261734407774 -0.014867359768673734 0.9998836977003893 104.80598194269945
0.9999509082076008 0.009359675021552431 -0.003252327091002416 -0.6965154755213167 -0.009314398665163497 0.999863200318716 0.013668307904680425 -1.3069290133961633 0.003379813389826911 -0.013637343710536811 0.9999012949935077 106.12113694564587
0.9999677759321156 0.007426507330709833 -0.003048616921578275 -0.7099558291918848 -0.007380901117398478 0.9998645901185516 0.014707948017318902 -1.3129974333863335 0.003157433070710776 -0.014684972825052458 0.999887184737117 107.46632273348446
0.9999875970477821 0.004312371984472143 -0.002491823811600968 -0.7184663821133385 -0.004269304411415271 0.9998457291290019 0.017037927759295583 -1.3174966435914899 0.002564913508333027 -0.017027078425286755 0.9998517389251078 108.80522840916105
0.9999952489140654 0.002630461218537661 -0.0016071140798550674 -0.7332978844378897 -0.0026014460880547 0.9998382330776292 0.017797195015199368 -1.330704283232999 0.0016536690871757098 -0.017792929992611926 0.9998403257682107 110.14859204497601
0.9999966217157579 0.00238821953822239 -0.0010261377062278946 -0.7455375088167868 -0.0023703969748475433 0.9998521287734832 0.017032375097346557 -1.3394964638730393 0.0010666631247072179 -0.017029885541776667 0.999854412021064 111.4669790016101
0.9999938205186046 0.0035028002042097155 -0.00029884506515129934 -0.7525483188920752 -0.0034980136580506126 0.9998851816169231 0.014744066042676024 -1.343525742099227 0.0003504563110879541 -0.014742929861419563 0.9998912556904904 112.78976303521077
0.9999783658356358 0.006524357003056693 0.0008370270205675992 -0.7592256657107683 -0.00653477342287791 0.9998926851333773 0.013111634573418294 -1.3589508181049859 -0.0007513922635896616 -0.013116820959001704 0.9999136884859812 114.13810639115147
0.9999493935274683 0.009844291449952632 0.002073714157111742 -0.7812620759470402 -0.00986927327138846 0.999874385281303 0.012402061155641622 -1.3603289577281101 -0.001951364318980946 -0.012421899833560712 0.9999209411667672 115.44559837334069
0.9999376624017783 0.0105031934873282 0.003788695999448831 -0.7858257517176948 -0.010557631448121075 0.9998369946008802 0.014646523944071866 -1.3671505501686223 -0.003634243442569196 -0.014685610865513088 0.9998855560061892 116.79685984729342
0.9999319029737879 0.010518378556705114 0.00505500831292993 -0.7772932637447492 -0.010601409883851933 0.999804518516454 0.01668936425014801 -1.367499281174173 -0.004878475500778749 -0.01674181830322575 0.9998479444389958 118.12215231297431
0.9999341738190554 0.00976799093207195 0.00601949881813107 -0.7741478852908434 -0.009874784085259594 0.9997896826708458 0.017974400616370876 -1.3781999925201913 -0.005842659510818285 -0.01803265903949694 0.9998203271290393 119.48435805041352
0.9999288240228194 0.009714974816579416 0.006925758967113063 -0.7753372461643006 -0.009835261699250078 0.9997975981995066 0.017550791303258026 -1.3820989128982832 -0.006753852242670541 -0.017617659109625112 0.999821985940097 120.81401996575504
0.9998948114284609 0.01180728365137328 0.008423426254051361 -0.7717481907671143 -0.011950435954272422 0.9997814823035328 0.01715152307302245 -1.385969891295706 -0.008219073369780245 -0.017250382887127637 0.9998174188942098 122.11699438095484
0.9998671675048895 0.01347310754165722 0.00917184235308887 -0.7881722512460505 -0.013629538284939555 0.9997589600229306 0.017212134257508987 -1.385157837377204 -0.00893773137871378 -0.017334856247973127 0.9998097917692862 123.47624687818487
0.9998273109138798 0.015215904685869076 0.010668859462971055 -0.7782806117175345 -0.015388072257656378 0.9997496170786144 0.016245319817108465 -1.3923603026693872 -0.0104190017930323 -0.016406687934543186 0.9998111146577244 124.78400285264296
0.9998013099635401 0.01595827942584521 0.011944617059175697 -0.7641797402612646 -0.01614154920391228 0.9997510006329298 0.01540737351919692 -1.3922580968963056 -0.011695768662028079 -0.015597117161690795 0.9998099514067201 126.13800361268339
0.9998162271249594 0.014395075758646795 0.012660716428200502 -0.7615145454925502 -0.01459593955116973 0.9997667546693543 0.01591838046346122 -1.40204420429885 -0.01242861812070437 -0.016100250466816773 0.9997931342970405 127.48072179112312
0.9997991019766246 0.01460914395130721 0.013723285583652541 -0.7643280797240584 -0.014838668837633982 0.9997491763282036 0.016774932739778033 -1.4105830227644904 -0.013474777177545874 -0.016975198313883996 0.9997651089253593 128.81881869183468
0.9997963007000853 0.013869555617677066 0.014662622637532265 -0.7477941614148111 -0.014132085184313244 0.9997389124189029 0.017955255235720256 -1.4126733016941897 -0.014409764201702108 -0.018158811551733427 0.9997312720239846 130.17073016716313
0.9998117164516283 0.012330172645696458 0.014983272760069414 -0.7310698195006262 -0.01261006821381409 0.9997450194566196 0.018731851812897292 -1.4195764865601221 -0.014748486582112148 -0.01891726537522941 0.9997122682148197 131.48441722131312
0.9998417372808488 0.010013650934921079 0.014704664824300252 -0.7277547033380561 -0.010296800233005264 0.9997605611371694 0.01930793393966209 -1.4186651420927348 -0.014507802256323041 -0.019456289589057842 0.9997054448557964 132.84296136702736
0.999865807378245 0.007890848653201426 0.014356243626186092 -0.7220619608067871 -0.008166667523210741 0.9997812254594151 0.019256343575445797 -1.4131770162797508 -0.014201155137832452 -0.019371002561068718 0.9997115041137611 134.18604709722905
0.9998832511631467 0.006085068191276138 0.014016275577611318 -0.6949124048353139 -0.006357351510271485 0.9997903412745239 0.019464264142870575 -1.4137854486064036 -0.013894896727416206 -0.0195510984820746 0.9997123018138051 135.5257249238405
0.9999017252317293 0.004911861637211009 0.013130631737901743 -0.6753619560645143 -0.005173186631493347 0.9997877430246462 0.019942593542997687 -1.4192099765797874 -0.013029890494894959 -0.02000856128532176 0.9997148990755077 136.88154747759887
0.9999248377661996 0.0034804014585887773 0.011756088796550903 -0.6789782191359826 -0.0037284839163372573 0.9997694275843857 0.021146869046077463 -1.4195858892072322 -0.011679779543097171 -0.021189112398944346 0.9997072592867006 138.183784841413
0.9999378601539033 0.002850355273062665 0.010777351584076797 -0.6651892458179867 -0.003081940605061971 0.9997633890878193 0.021532939307635907 -1.4241529433800313 -0.010713425906192156 -0.021564816830058196 0.9997100485568006 139.5608086899188
0.9999557583500748 0.00099820738167326 0.009353337895533043 -0.6664492557135511 -0.0012007432779716446 0.9997643849101949 0.02167332163148642 -1.4241252307024115 -0.009329500409380026 -0.02168359414612752 0.9997213522636983 140.8810355040191
0.9999634429393999 0.0012389534698144028 0.008460365469001982 -0.6549563647197232 -0.0014185449725175742 0.9997730915922791 0.021254483028175324 -1.4237858944055695 -0.008432113120992197 -0.02126570784887647 0.9997383003279383 142.25458338324637
0.9999735250007116 0.0013422553018640742 0.007151758712474252 -0.6635597012434757 -0.001489938028142691 0.999784938853003 0.020684683189830137 -1.4186936504965448 -0.007122457106691677 -0.020694791643247723 0.9997604694165424 143.58550650997392
0.9999814666056875 -0.0010689524650678104 0.005993646100125909 -0.6640421479309853 0.0009539194601166992 0.9998159249785151 0.01916262470875153 -1.4207586564347499 -0.0060130272471469355 -0.0191565524764754 0.999798414683692 144.924525130382
0.999970336355005 -0.005653413104334521 0.00523118945948185 -0.6589945861527287 0.005559925871481668 0.9998275933235609 0.017716400245171904 -1.4275028548144404 -0.0053304461326062185 -0.01768679002648405 0.9998293673448626 146.2574562628933
0.9998833632987069 -0.01473877763295173 0.004003529323433681 -0.6471116599499852 0.01465331677568739 0.9996804671885602 0.020597179625496433 -1.4107624657438134 -0.004305827661074674 -0.020536112644989526 0.9997798397304789 147.61157428589405
0.9997526883897723 -0.022092130126615095 0.0025494806477560977 -0.6341489488884609 0.02202949419006179 0.9995058233453232 0.022423435685620875 -1.4189021579930627 -0.003043602450520614 -0.022361726761883725 0.9997453124017329 148.95214893466942
0.9997259811016218 -0.023365511978590867 0.0014197059645261953 -0.6210347148889155 0.023331311509797347 0.9995152095813393 0.020615423975756317 -1.4383093349372134 -0.001900707782785158 -0.02057665174401884 0.9997864715634963 150.29444202258668
0.9997259485593036 -0.023350327816422822 0.0016703212428045514 -0.6347727266996666 0.02331826802544902 0.9995808023135366 0.0171603616602369 -1.4337158219318087 -0.002070321277577853 -0.017116710157792793 0.9998513549565272 151.61046362174497
0.9997685984418848 -0.02136652099343967 0.002494265156277157 -0.6483109853823322 0.021329101347641603 0.9996720534672853 0.014172330139050927 -1.4231238402370985 -0.0027962607833906467 -0.014115850465067753 0.9998964564860845 152.9605952272541
0.999760606580333 -0.02161100650407261 0.0034196399170950053 -0.6483436333828853 0.021560789254751127 0.9996681413799361 0.014097498586078238 -1.4238060750255739 -0.003723166515415232 -0.014020393858879885 0.9998947777582873 154.30242689179224
0.9996987275536376 -0.02423563111044067 0.0038843684649658367 -0.6523599415488475 0.024165990684522083 0.9995621888727223 0.01707148093514586 -1.425283628943995 -0.004296406307206441 -0.01697246846867067 0.9998467263584739 155.6581198541857
0.9995446342153427 -0.029858627157394693 0.004357360609027361 -0.643715062294629 0.02976106339713759 0.99933726308297 0.020959811968769646 -1.4380027903187032 -0.004980304437905134 -0.020820588285699035 0.9997708235774849 156.99966976424304
0.9994109291572125 -0.03406217899419802 0.0041907789795117695 -0.6340137896341692 0.033958466271190715 0.999164683024517 0.0227323287952651 -1.4332569370319828 -0.004961591401451424 -0.02257662583145651 0.9997328035951552 158.32343577461532
0.9993656505711602 -0.03535832927375951 0.004252645170603401 -0.6214951871551705 0.035252720217637035 0.999119041482935 0.022768106522552112 -1.4376060244596742 -0.005053941380028174 -0.022603746691168772 0.9997317281748176 159.6869558062088
0.9993819377349495 -0.03477236140808551 0.005159980147381229 -0.6313796050776855 0.03464505388512412 0.9991351232391671 0.022994037494242052 -1.4143926543055187 -0.005955074864542883 -0.02280105837506523 0.9997222858510859 161.04139470477975
0.9995149562276398 -0.030440383591802695 0.006575357021048143 -0.6307891316979298 0.030281328364115803 0.9992751878054482 0.023068163917576948 -1.425056339898345 -0.007272795474317993 -0.022857864724588815 0.9997122708423021 162.3998846834543
0.9996374673463801 -0.025853371472413962 0.007519113400634763 -0.6336645381110739 0.025687972642685887 0.9994426479681668 0.02131950923130608 -1.4307390929330288 -0.008066104461918152 -0.02111862982362087 0.999744438062897 163.7411410692713
0.9996615404977026 -0.024691309235337498 0.008194126284571578 -0.6348634356142406 0.024521030441710487 0.9994938276885704 0.020268385913245843 -1.4162550913580068 -0.00869043234536965 -0.020060597834799018 0.9997609958403041 165.10211290554764
0.9997324160056748 -0.021456026668516467 0.008644959171635555 -0.624942888579833 0.021271480298406593 0.9995552176198559 0.020901938637351705 -1.410142420512127 -0.009089587348788215 -0.02071245491884568 0.9997441540799712 166.4501385722479
0.9997067833380745 -0.022747951557112518 0.00829928058234758 -0.6245719651839636 0.022564259985222532 0.9995121645819345 0.021593679838825455 -1.4017492857666767 -0.008786444605815522 -0.02140008148459024 0.9997323816443707 167.78070180966768
0.999764711411163 -0.020242410801131608 0.007795295704266795 -0.6278351425535553 0.02008469774372837 0.9996021045883899 0.01980498428862816 -1.4088418940070868 -0.008193095294788167 -0.019643758608797333 0.9997734723127718 169.1522737595457
0.9998697323364402 -0.01441811602233773 0.007255088179171694 -0.629878621887289 0.014292480136334664 0.9997519557415422 0.017080748953476065 -1.4203931460218961 -0.0074995614353904685 -0.016974830997960967 0.999827791017985 170.5542952883458
0.9999363146889186 -0.008975809357302777 0.006841156966468143 -0.638782886123197 0.00886928691228441 0.9998413758039018 0.015445354133675595 -1.4214342271929068 -0.0069787069243035125 -0.015383694598202142 0.9998573096148134 171.91351514614715
0.9999591544957032 -0.005130863128261989 0.007440671821880972 -0.6362385034241679 0.005008116964128674 0.9998525985349769 0.016422544059791253 -1.410672223818977 -0.007523837503988858 -0.016384609830804198 0.9998374550047994 173.28940319024866
0.9999648092863562 -0.0019251346416123988 0.008165418254796393 -0.6465119737962833 0.0017706179555111758 0.9998200281952669 0.018888518191253062 -1.4160564164656075 -0.008200312328084896 -0.01887339601848038 0.9997882524829436 174.6774224034812
0.999964239996398 -0.0019307531000698121 0.008233524802514823 -0.641632739758481 0.0017588240563373297 0.999781319097839 0.02083795831999823 -1.412309791485649 -0.00827195792265681 -0.020822732235238908 0.9997489627594432 176.0433850118458
0.9999685210045114 -0.0034415454689314846 0.007149319988614116 -0.6489812364144071 0.0032779577776424693 0.9997353865722614 0.02276865850689457 -1.4135818739503319 -0.00722578814816522 -0.022744507043103893 0.999715197139343 177.45348370020778
0.9999626237164653 -0.006325258269130708 0.005894259216152874 -0.6384859428081633 0.006184687569703128 0.9997030724988862 0.023569396565432384 -1.411984500975948 -0.006041592060210224 -0.023532061931325867 0.9997048270536335 178.8218070836545
0.9999705195504808 -0.006750276244108311 0.0036597558768608706 -0.6395024451544373 0.006675696691909502 0.9997772653443358 0.020021357494047813 -1.4122013883187061 -0.003794090720306886 -0.019996336221094195 0.9997928542549228 180.15600052466252
0.9999895493788017 -0.004070433144865425 0.002081517611661664 -0.6455879747558952 0.00403718281539368 0.9998680246962331 0.015736401511938693 -1.4209550217347355 -0.002145297041349719 -0.0157278338947636 0.9998740085358916 181.57990805427224
0.9999961972928223 -0.002160036394138261 0.0017145402477285654 -0.6702815928408341 0.002137086106319231 0.9999095784115256 0.013276590505580776 -1.398606418262822 -0.001743063271381348 -0.01327287615698381 0.9999103922311081 182.974606928126
0.9999951645200204 0.002734905286570362 0.0014802792967169847 -0.681232700540779 -0.0027568193523423478 0.9998835423710786 0.015010051331319588 -1.409868510424733 -0.0014390559478258823 -0.015014059909973334 0.9998862470938414 184.3041839842821
0.9999911958780714 0.003926401836235394 0.0014803815915559754 -0.6926035272745719 -0.0039534637505481375 0.9998165115899884 0.018743352802419073 -1.4073322522548803 -0.001406516127831367 -0.018749040790013258 0.9998232319711663 185.75586009550656
0.9999793284340581 0.006104727110729088 0.0020186633865797478 -0.7052064046100315 -0.006148262234110516 0.9997321227292048 0.022313261847506947 -1.4225334545241193 -0.00188190639947246 -0.02232521231247135 0.9997489901638789 187.1045031724521
0.9999795734213729 0.006043797801703665 0.0020797208358832777 -0.7136567852315442 -0.0060891820968789504 0.9997270477276906 0.022555529301991974 -1.4173593801418658 -0.0019428322593561757 -0.022567732816428276 0.9997434285098838 188.58277084090133
0.9999917874515175 0.0037042251106132375 0.0016443056953301357 -0.7224116309468664 -0.0037410829557369806 0.9997282632176169 0.02300878126989425 -1.407178799237898 -0.0015586292850851991 -0.023014744248353203 0.999733910714868 189.9791592245274
0.9999977793575211 0.0012417755316076586 0.0017027254024982235 -0.7305381422457402 -0.0012816016752742318 0.9997208601427535 0.023591508653927496 -1.4038721245313295 -0.0016729548682500924 -0.02359363894596051 0.9997202315823491 191.33517751008617
0.9999965673071571 -0.0014622143294340684 0.0021742374131426536 -0.7294956205067162 0.0014097546935854972 0.9997124810405581 0.023936746370309698 -1.3957485447195968 -0.002208613099499603 -0.02393359953021884 0.9997111106980713 192.7943408986244
0.9999808205811596 -0.005690500484393011 0.002444725847754599 -0.724590873593377 0.005627214655049749 0.9996676642346883 0.02515741473264112 -1.3857746506287134 -0.002587071856659058 -0.025143175720030244 0.9996805128571203 194.17150970762393
0.9999571635343917 -0.008770168511955412 0.002958927780216185 -0.7181934922991946 0.00868827595206897 0.9996073705593186 0.026638666595633572 -1.3770641805203665 -0.0031913918607325664 -0.026611818023430798 0.9996407485556339 195.63736110381925
0.9999204697067056 -0.012171540747348933 0.003302706724069766 -0.7128815655129164 0.012074766906572304 0.9995380670249215 0.02789000795013627 -1.3814563879689972 -0.003640645747563931 -0.027847910972365074 0.9996055419851594 197.01167554745956
0.9999432826573238 -0.010058275435850595 0.003501796381227128 -0.7202664590616397 0.009967978073295886 0.999639916735949 0.024913375047937968 -1.3792512109499762 -0.003751121327506697 -0.024877056677529933 0.9996834804830486 198.4700917951855
0.9999904678284018 -0.0019991207475856115 0.0038817233590785804 -0.7329411529636745 0.0019251032857343382 0.9998180246491855 0.018979240012187402 -1.3767228524067006 -0.003918959089341997 -0.01897158674962465 0.9998123427227187 199.8855310847056
0.9999720776478744 0.005499309727332368 0.005059793650616422 -0.7525623581687961 -0.005587637823458042 0.9998292923105602 0.017611488971435402 -1.3456901373818102 -0.004962079277785957 -0.017639269859455842 0.9998321028707382 201.32607292127813
0.9998939973785247 0.01280082036349995 0.006937793562043153 -0.7593634633385025 -0.012944207467152146 0.9996949962983651 0.0210324009328595 -1.3351075187534063 -0.006666446070333586 -0.021119976103102362 0.9997547224750482 202.79647442336443
0.9998706603284246 0.014115123466170432 0.007708817991142358 -0.7640055568785065 -0.014295765507921936 0.9996120505809736 0.02390354457671462 -1.3304234459516673 -0.0073684264809623845 -0.024010656832510587 0.9996845475735299 204.22119128370298
0.9998899624056646 0.013027261820680924 0.007096020311013125 -0.7576983845981823 -0.013202177066861883 0.9995955668356314 0.025187403590003436 -1.3324552469165813 -0.006765028096112703 -0.025278315448019752 0.9996575619541979 205.66073443354819
0.9999299404241396 0.010414147515723303 0.0056267003522138 -0.7558664223925602 -0.010556727885523889 0.9996079123348295 0.025934091485404157 -1.3335958662545604 -0.005354413170263953 -0.025991674614370748 0.9996478195450478 207.07918493866882
0.9999612210932333 0.007568971072296465 0.004501885802873724 -0.7426737506009014 -0.007680457965630582 0.9996507690893816 0.025285379658027456 -1.3210646494481348 -0.0043089296422890305 -0.0253189761646393 0.9996701368862441 208.54289394219032
0.9999625556848025 0.007470022993873055 0.004368749716812573 -0.7418519995037449 -0.007575885809904857 0.9996652328587636 0.024739203058765757 -1.3063286669411824 -0.004182485121280491 -0.02477137435578655 0.9996843931166888 210.03426118047815
0.9999538672908166 0.008746761273284234 0.003969564575355507 -0.7565835321024101 -0.00884134421629343 0.9996614654211716 0.024470087626663327 -1.2977775931733633 -0.003754187023792932 -0.024504055528635982 0.9996926814540946 211.48443114680256
0.9999502825113734 0.009208829918111186 0.003824910599931693 -0.7643905038786629 -0.009301881569152166 0.999642484102292 0.025067488539645737 -1.278230605541389 -0.0035927011791709322 -0.025101821611359067 0.9996784438314563 212.9276732404879
0.999955491784644 0.008701128823046538 0.0036475734845501945 -0.7661457718264408 -0.00879018296254189 0.9996449363229968 0.025154203831128704 -1.275150902860236 -0.003427408665676873 -0.025185147600970396 0.9996769284232102 214.38639644554104
0.9999502655221941 0.009455744403890059 0.0031710191865009377 -0.7751539036924741 -0.009531350277874618 0.99964844658997 0.02474139441839746 -1.2704631133037874 -0.0029359563308752907 -0.024770388505738164 0.9996888556072095 215.82058711930713
0.9999515573856655 0.009435666185896393 0.0028019757508859202 -0.7853391232443473 -0.009500843818105025 0.9996610641613266 0.024238208941457038 -1.2648378089480998 -0.0025723226108391234 -0.024263656396601403 0.9997022847558436 217.29924727918586
0.999961022039506 0.008520218025932764 0.0023152259104274415 -0.7780421686852963 -0.008574262205039334 0.9996647181219528 0.024432219979447976 -1.246611695140724 -0.0021062819749341167 -0.024451119502096427 0.9996988078133776 218.78046035127755
0.9999534403906785 0.0094652233988635 0.001877918587517496 -0.7942345625185891 -0.009507680422792576 0.9996653187691193 0.024059394621030145 -1.2429022868343913 -0.0016495626591224591 -0.024076129555244793 0.9997087670621826 220.27303125544975
0.9999583858513852 0.008916000614114898 0.0019317043045226823 -0.8025451614728238 -0.008960087105236016 0.9996678992384291 0.024162120684476738 -1.2410788432912583 -0.0017156334272987437 -0.024178423919205966 0.9997061870525101 221.74530445268266
0.9999366958200815 0.011116568064548011 0.0017396100685365947 -0.8010009264598273 -0.01115649704240387 0.9996269333219799 0.024930438448002613 -1.2342224583691508 -0.0014618202662790732 -0.024948268700672557 0.9996876747183934 223.22532368006682
