1.0 -3.469446951953614e-18 0.0 -1.5585406229479126e-19 0.0 0.9999999999999999 -3.5744790374131474e-19 0.0 2.168404344971009e-19 -2.405573570202213e-19 1.0 0.0
0.9999995697529869 -0.0009035185326197234 -0.00021011709727722654 0.0012891276216170076 0.000903796358909437 0.9999987129066772 0.0013256453147696286 -0.018216159629967657 0.00020891910052226316 -0.0013258346730921405 0.9999990992574778 1.3106429997350186
0.999999291012034 -0.0011785666382071198 -0.00017016954325572097 -0.016856725017165775 0.0011787980468115009 0.9999983725432738 0.001365775940969587 -0.038475724880684924 0.00016855962378850217 -0.0013659755943338397 0.999999052848957 2.612319263617754
0.999997635273702 -0.0020596605247772543 -0.0006980311552307128 -0.019043809081490004 0.0020605497487941084 0.9999970637469453 0.0012753936418171078 -0.07264939523206781 0.0006954022876432674 -0.0012768289779367071 0.999998943061807 3.9355358631802453
0.99999644034078 -0.002661251788705467 -0.00019247924629495097 -0.026883332016590572 0.0026614740569175354 0.9999957820271065 0.0011629616452725386 -0.08527147171989612 0.00018938351779718664 -0.0011634698050943155 0.9999993052359454 5.254626944329062
0.9999961576438158 -0.0027541827190683474 -0.00031492642748703263 -0.03524416816042134 0.0027546286081985283 0.9999951925126799 0.0014237164540330362 -0.10309935081119623 0.00031100376585742177 -0.0014245785151765437 0.9999989369261496 6.567516833307231
0.9999918411084978 -0.0040300000674396465 -0.0002771659589217547 -0.03317303414467126 0.00403061779688293 0.9999893129580815 0.0022645273015205374 -0.14208517446779767 0.0002680369764311097 -0.0022656260173225676 0.9999973975444905 7.910874649427943
0.9999910325801649 -0.004233213573905671 -0.00012111001167911949 -0.05372096526677775 0.0042335071203491725 0.9999878294266948 0.0025334580652713085 -0.15889132413742046 0.00011038388031068777 -0.00253394811357857 0.9999967834563248 9.225882956262538
0.9999927223626343 -0.0037642181669671326 -0.0006211985052698081 -0.055620945163198945 0.00376537628500624 0.9999911560951874 0.001873410612096803 -0.18595050226164578 0.0006141411388737527 -0.0018757360588020939 0.9999980522212011 10.556673205640523
0.9999990688901041 -0.0012757972713803994 -0.0004843154513857555 -0.06678465273006619 0.0012755674927808075 0.9999990738291437 -0.00047462249653147404 -0.20463990195123116 0.0004849205655935579 0.00047400428748428853 0.9999997700863149 11.87674055158534
0.9999979658689501 0.0019240126439862082 -0.0006053337750869037 -0.06724965950235573 -0.0019249773879063759 0.9999968720166089 -0.0015970042570223456 -0.23980618204769236 0.0006022592746955536 0.0015981662918715747 0.999998541573464 13.21983893736554
0.9999891572710331 0.004631207796114371 -0.0004870780488239145 -0.09003647699050393 -0.004632073676720646 0.9999876676234969 -0.001791229603446222 -0.2510129413168072 0.0004787765241850619 0.0017934663944500862 0.9999982771244681 14.564399730186066
0.9999859994990137 0.00529078946910746 -9.133557335324824e-05 -0.1106252739509096 -0.005290871843403644 0.9999855776925292 -0.0009225468090874481 -0.28258412651158193 8.645326134916844e-05 0.0009230171518536217 0.9999995702825055 15.914743613174045
0.9999940566792067 0.0034465627845645507 8.834585904119612e-05 -0.10235010143863014 -0.0034467153821762814 0.9999924635374577 0.0017869044254559246 -0.31122796412312187 -8.218652065414798e-05 -0.001787198346138252 0.9999983995825324 17.2561018720772
0.9999992910922765 -0.0011181971306525075 0.00040920957052803584 -0.1262639382686888 0.001116662151224095 0.999992410858481 0.0037324641423722034 -0.3367073176987905 -0.0004133801274994037 -0.003732004619924143 0.9999929506044254 18.61046290046578
0.9999948527046837 -0.0032081210826468143 -5.027657445125602e-05 -0.11479627491197408 0.0032082042101801347 0.9999933285777034 0.0017464881875046 -0.3759456137813336 4.467329887611381e-05 -0.0017466405273381016 0.9999984736245998 19.956944984122835
0.9999926017306342 -0.0038435893422270207 0.0001526777504198191 -0.1266858239193955 0.0038436744659662778 0.9999924564973807 -0.0005595620622642739 -0.3795950708497613 -0.00015052588482729248 0.0005601447801491479 0.9999998317897285 21.303797626712928
0.9999988428643545 -0.0014788786588837439 0.00035663800261485413 -0.13304224176225754 0.0014795200368438437 0.9999972771679869 -0.0018046259950393736 -0.4363829484446449 -0.0003539682399607328 0.0018051515969121409 0.9999983080653123 22.65829552868625
0.9999993761245709 0.00033923227119609083 0.0010642710695160098 -0.13892643510512717 -0.0003385635213150025 0.9999997451798958 -0.0006285026025916981 -0.4304987258416053 -0.001064484097175246 0.0006281419001104135 0.9999992361545833 24.02881051006716
0.9999979153154602 0.0005645409292275739 0.0019623098666253875 -0.1524041131154527 -0.000571553018665536 0.999993447596382 0.0035746456694680678 -0.45310524543700953 -0.001960279137784125 -0.0035757598509011087 0.9999916855880541 25.422013182642935
0.9999970581006502 -0.001186770402898626 0.00211550721033924 -0.13921860556930105 0.001177575450696881 0.9999898781709387 0.004342449648778887 -0.4771542391619007 -0.0021206394638626815 -0.00433994578727671 0.9999883338104014 26.787495704601398
0.9999863081520343 -0.004870697608792541 0.001913066198396093 -0.14925741494104475 0.004863569044255396 0.9999812774142466 0.0037135575927506456 -0.5139025203789426 -0.0019311181567856436 -0.0037042024854511196 0.9999912747942998 28.161181328449718
0.9999842268095688 -0.005266498224581884 0.0019519574691761895 -0.16352766606318042 0.005264125171870053 0.9999854013359263 0.001219054652296962 -0.5240168255064055 -0.001958349286513796 -0.0012087600936671805 0.9999973518788046 29.51401846994171
0.9999829541291974 -0.00523956773554975 0.002576507543679384 -0.16061604593943973 0.0052416323770937655 0.9999859464485225 -0.0007951030210117074 -0.5699694470809892 -0.0025723055561368063 0.00080859459519019 0.9999963647011092 30.905951912660335
0.9999912455514043 -0.0027954060529999103 0.003113604589930717 -0.1759656893283344 0.0028017564270278548 0.9999940003595774 -0.002037008077194525 -0.5747416309660196 -0.0031078919088296207 0.0020457138509726285 0.9999930780053415 32.2887849424843
0.9999926043996574 -0.0013883975278425262 0.003586572853773284 -0.18161383055721936 0.0014025402420510553 0.9999912399626859 -0.003943713582615726 -0.6216758189722709 -0.0035810662988252206 0.003948714811049763 0.9999857917045131 33.67374428060564
0.9999923808350054 -0.0007168609712152104 0.0038372370333917085 -0.1950745446302916 0.0007318160642336459 0.9999921374686072 -0.0038973638886440932 -0.6356844249117629 -0.0038344133221013006 0.0039001424262287763 0.9999850429674931 35.065261363947435
0.9999941941170664 -0.0010102219823812358 0.003254410756466268 -0.18950347760865874 0.0010180052183533343 0.9999966238442117 -0.002390808267141611 -0.6769710270860637 -0.003251984798701482 0.00239410744412845 0.999991846386825 36.4580006207702
0.9999950294442177 0.0001567235173936532 0.0031490519723336666 -0.20097396652875155 -0.00015322354170394133 0.9999993703763146 -0.0011116518777565937 -0.6982856164140404 -0.003149224478658114 0.0011111638676763564 0.9999944238324224 37.85828205114795
0.9999933800613785 0.0024389458715163162 0.00270025473204994 -0.19811135530544408 -0.0024365854142555333 0.9999966468135341 -0.0008771645590622948 -0.7239688767822647 -0.0027023852637165424 0.0008705793684824789 0.999995969592793 39.25928928908803
0.9999837672916673 0.004671330453035464 0.0032624867878310124 -0.21467957505128085 -0.004668952858199226 0.9999888294624099 -0.0007360969449735504 -0.7546731535639134 -0.0032658891730627886 0.0007208526124022071 0.999994407151979 40.65678301615552
0.999968315960611 0.007277608632026528 0.0032254420284796473 -0.22406921732228785 -0.007276101605729116 0.9999734141708395 -0.00047886561282483003 -0.7837387322088399 -0.003228841547651224 0.00045538180253490115 0.999994683588646 42.07786418342009
0.9999568059027903 0.008761725732389909 0.0031013667274688065 -0.2368031790804075 -0.008760424214461993 0.9999615329315913 -0.00043317891795123905 -0.8156414431244526 -0.0031050430851486937 0.00040599092282001464 0.9999950969253901 43.46739970844832
0.9999686802299781 0.007508993482129649 0.0025007125834656534 -0.2379701031482822 -0.007507485547490315 0.9999716311403005 -0.0006120386534847641 -0.839662999777332 -0.002505237648042117 0.0005932454289767114 0.9999966859149141 44.8948537382184
0.9999721403379104 0.007279439714884255 0.0016517543618876408 -0.2322457716558875 -0.00727767392637391 0.9999729418939208 -0.001072826942680604 -0.8767960362763327 -0.0016595193891742633 0.0010607761411152241 0.9999980603715932 46.29060508140322
0.9999765405528177 0.006771959425373844 0.0010290272358970047 -0.2552138996543697 -0.006771363404258003 0.9999769046867666 -0.0005820178605325851 -0.9079297120760854 -0.0010329449597270355 0.0005750362963362922 0.999999301177959 47.71914237755447
0.9999771362350193 0.006757823402263043 -0.00024251956622113146 -0.24755579089570479 -0.0067578436718483785 0.9999771622363252 -8.104728233481263e-05 -0.9320598144656443 0.00024196634433719258 8.268433486205286e-05 0.999999967307976 49.125424902660946
0.9999704240912719 0.007586581155640173 -0.001262818651674802 -0.2607924654113726 -0.007586488551329152 0.9999712191088962 7.849453809995004e-05 -0.9618774197267312 0.0012633779181435427 -6.891186550588558e-05 0.9999991995644144 50.55200294454402
0.9999705983685799 0.007402355161592667 -0.002001878479479749 -0.28763527328725147 -0.0074019156704381245 0.9999725796671709 0.00022709855341394096 -0.9839188451371202 0.0020035048204605963 -0.000212274152141646 0.9999979704537184 51.98481184249446
0.9999639252493848 0.00783915956316991 -0.0032704364446101736 -0.29460119900278003 -0.007835142663433077 0.9999685367146193 0.0012394098529412893 -1.0165353132126618 0.003280049755208304 -0.0012137408380196975 0.9999938840377539 53.398204448102156
0.9999726930614085 0.006306951534603178 -0.0038516845489121043 -0.3167354786513267 -0.0062988780164719696 0.999977946841365 0.002104751551015436 -1.0419914599312188 0.003864874501020317 -0.002080432834541652 0.9999903672295408 54.85009572250914
0.9999799646445793 0.004186528160380779 -0.004747975807282216 -0.3069878798427667 -0.004174384621728556 0.9999879983111991 0.002564713243494895 -1.0637880988802746 0.004758656471709095 -0.0025448420385945593 0.9999854393826315 56.25976191289474
0.9999841046693598 0.002587198025889462 -0.005009670703666068 -0.3339183002690998 -0.0025779602996797322 0.9999949665547525 0.0018495918884830463 -1.0952342371550101 0.005014431173326826 -0.0018366477986802004 0.9999857410058427 57.68602530931959
0.9999867235811587 0.0011345596076732809 -0.005026472337047647 -0.34904778191343844 -0.0011245691322979007 0.9999973876857601 0.00198996670433599 -1.1182587245810263 0.0050287173686704364 -0.001984287713139445 0.9999853872002814 59.135079330845656
0.9999890507469095 0.0007985071873563227 -0.004610939423697182 -0.3616649973937485 -0.000786310739547505 0.9999961893222065 0.0026463290247967404 -1.1535673458975635 0.004613035357572551 -0.0026426744747328457 0.9999858679930365 60.529428001456196
0.9999909088918139 -0.0008378395197040436 -0.00418092718203069 -0.3732734687327015 0.0008529511328174352 0.9999931059689667 0.0036139295540683508 -1.1815664959943055 0.004177870821647321 -0.0036174629000764683 0.9999847295665106 61.992493345095276
0.999986863446881 -0.0034499148121255006 -0.00379091272395074 -0.3857861206004023 0.003461577103329762 0.999989283704262 0.003074077935310574 -1.1981540485078837 0.0037802671146160358 -0.0030871601504899988 0.9999880894442531 63.38942812803495
0.9999844601632276 -0.004374122734566312 -0.0034563683159790047 -0.39272736712948175 0.0043809839588641614 0.999988443334606 0.001979942061222831 -1.229137787745738 0.0034476681555846 -0.0019950536261732657 0.9999920666445111 64.80938377019858
0.999987179083445 -0.004359461040224227 -0.0025761928361808864 -0.40907191845510643 0.004364236074339006 0.999988764096996 0.001850707182667018 -1.260713667550599 0.0025680960233089556 -0.0018619266040651938 0.9999949690458215 66.25830116055648
0.9999950523126022 -0.0025458811293247053 -0.0018476580301971268 -0.4237888477633309 0.002549046734591172 0.9999952841733326 0.0017128887384491548 -1.2919486050730604 0.0018432886631901636 -0.001717590063683615 0.9999968260823042 67.62564934286137
0.9999992249957117 0.00012143039751015029 -0.0012390562572826133 -0.44326976453730865 -0.00011783845337323164 0.9999957921040247 0.002898601038122168 -1.3186850775214136 0.001239403128826015 -0.0028984528414498128 0.9999950314144569 69.0900216490739
0.9999925337505315 0.003832869205274189 -0.0004914762299411443 -0.45381624643916296 -0.0038308767634896938 0.9999846889221299 0.003993283215894717 -1.3461903847306687 0.0005067744829917234 -0.003991370698192694 0.9999919060378574 70.46008291734293
0.9999740568765882 0.007187545998353114 0.00047406957356197366 -0.47499843320274915 -0.007189719137255343 0.9999628592770939 0.00475268545315628 -1.3737166933095057 -0.00043989185474373367 -0.004755970679621467 0.9999885935541857 71.90421025472163
0.9999342330957094 0.01143229862386071 0.0009121434761283555 -0.4831573887596068 -0.011436078827643761 0.9999255661641607 0.004251853526481526 -1.390543080059542 -0.0008634671928019378 -0.004262005331989652 0.9999905448226126 73.2685607516254
0.9998834842432269 0.015181960447423322 0.001589332304148882 -0.4957246033637137 -0.015187750793097329 0.9998778275365088 0.0036962501979357952 -1.4193836481586382 -0.0015330219346654734 -0.0037199579932122298 0.9999919058446892 74.66595084833736
0.9998533437169389 0.016943846228516093 0.002489395538602165 -0.5127789311850147 -0.016952790331156934 0.9998497511304714 0.003616366918803344 -1.4450573668830982 -0.002427746547986037 -0.0036580388395949536 0.9999903623515934 76.10570711949677
0.9998504284917463 0.017063591542713523 0.0028203626610994164 -0.5156122796854031 -0.0170748839915803 0.9998460954227437 0.004029125249408994 -1.4704133506837207 -0.002751177477073189 -0.0040766800635056435 0.9999879057765833 77.46432854058719
0.9998619599653361 0.01636641779717244 0.0028637986067916363 -0.5205589331491075 -0.01637773581394871 0.9998579787342278 0.003973936863751466 -1.50284274341955 -0.0027983530096982933 -0.004020290927875764 0.9999880031672924 78.8882290584814
0.9998785739385665 0.015367837833813134 0.0025820344623489274 -0.5266703678183963 -0.015374994338116333 0.9998779479843806 0.0027746573469048853 -1.5273685712268115 -0.0025390790489204004 -0.0028140192616014762 0.9999928171593836 80.24785411503339
0.9998867368318249 0.014865462208051336 0.002351915339552179 -0.5315702447518261 -0.014872116588407418 0.9998853786711668 0.0028372003322514965 -1.5599203655667355 -0.002309469659329617 -0.0028718570072013235 0.9999932093692819 81.6293216818266
0.999900369092978 0.01400596971986533 0.0017563219675993955 -0.5340077721102159 -0.014011441702539124 0.999896896940833 0.003142455146203407 -1.578612589479417 -0.0017121278967945366 -0.003166750735158679 0.9999935201320502 83.04769845651118
0.9999018707092617 0.01393316406671511 0.0014545989140836062 -0.5473612177384857 -0.013936903863020222 0.9998995152620433 0.0025927059555338355 -1.6095060782491277 -0.0014183282702412842 -0.0026127242013776683 0.9999955809980586 84.41907552192424
0.9999063011105594 0.013664369174727974 0.0008209636525984504 -0.5573108975206185 -0.013666536706293819 0.9999029788349318 0.0026942021573671073 -1.63026367503817 -0.0007840694937519804 -0.0027051695066575066 0.9999960336382975 85.80289830490872
0.9999118924001801 0.01326975970573106 -0.0003476787256195175 -0.5667073052392121 -0.01326846305795887 0.999905842210651 0.003500661837816621 -1.6639892136431513 0.00039409896567388337 -0.0034957403199632124 0.999993812224332 87.1593877777841
0.9999354506863298 0.011257072378110144 -0.0015403743417295092 -0.5719857654709395 -0.011250030777297268 0.9999265611441168 0.004506567588892884 -1.687150836882256 0.0015909921133106016 -0.004488947532687843 0.9999886589845953 88.52901822297352
0.9999594390477652 0.008665472469471575 -0.002455569775994368 -0.5792447047662083 -0.008653050222531109 0.9999499343740526 0.005025284555650026 -1.7111903936916608 0.0024989935160162277 -0.005003832664020486 0.9999843582254782 89.89637471267412
0.9999599136949435 0.008212338769562046 -0.003567698258739642 -0.5843290859270133 -0.008193856358863019 0.9999530920831603 0.005164723389867926 -1.7398220262170425 0.003609945672285477 -0.00513528325856807 0.9999802983889081 91.2580009595946
0.9999674908133982 0.007136238701576353 -0.0037538502502664044 -0.6101665171415549 -0.007118659301066454 0.9999637298992722 0.004675851734820245 -1.7638428433442994 0.003787082415204838 -0.00464897744586094 0.999982022350193 92.63369075309602
0.9999739688085572 0.005932722354093704 -0.004106639877777597 -0.6153311863597238 -0.005914682953671901 0.9999728669067844 0.004391125899261603 -1.7927090432262547 0.0041325801351133834 -0.004366722214112799 0.999981926600325 93.95151362178035
0.9999753358906295 0.005526928532836585 -0.004333664987276964 -0.6401408136921887 -0.005510477494779273 0.999977600950341 0.0037989795321849216 -1.810815583160516 0.004354564976373372 -0.003775005352535256 0.999983393415882 95.36358129063358
0.9999782401779249 0.004984210728400801 -0.004321665901156119 -0.642851150500819 -0.004970474448321591 0.9999825797775871 0.0031834783109457978 -1.8343169550886165 0.004337458112318917 -0.0031619283787544744 0.9999855942337018 96.70611142465906
0.9999720597680284 0.006297565392139225 -0.004027447462780722 -0.6635869929274748 -0.006287772820812515 0.9999772558408406 0.0024396160148979166 -1.8640402664826272 0.004042719846455203 -0.002414224232462297 0.9999889139113627 98.05470626125715
0.999963240602212 0.007758874467781882 -0.0036492859683181986 -0.6875902804663904 -0.00774984263010075 0.9999668873814247 0.002482759740960641 -1.88675465055594 0.003668428863573807 -0.0024543871415430934 0.9999902592628848 99.4205347468569
0.9999618536027743 0.007902056678013122 -0.0037213997084601684 -0.6914249806068093 -0.00788716486010745 0.9999608970637659 0.003999623714898879 -1.9168798618932288 0.0037528597639530344 -0.003970119938007894 0.9999850769881907 100.74335885968964
0.9999610511173167 0.008051959843821926 -0.0036141620170785545 -0.7149773800706263 -0.008032830877700495 0.9999538145297824 0.0052765946741452205 -1.9386918638462851 0.003656482336478437 -0.005247357316995771 0.9999795474839084 102.10392471457953
0.9999619482180853 0.008046957153385572 -0.0033687643220510627 -0.7290674981265879 -0.00803262985674812 0.9999587263911657 0.004245278320076951 -1.9614567419245317 0.003402787144206644 -0.00421805683486644 0.9999853144138277 103.43779761968948
0.9999618958579148 0.008098633335960734 -0.00325867258572013 -0.7401890179002321 -0.008093145527933727 0.9999658152744288 0.0016938993828478277 -1.986483642637037 0.0032722797362699247 -0.0016674619685310647 0.9999932558583162 104.76987953479978
0.9999683523360665 0.007208569807373897 -0.0033661292930271527 -0.754652757745538 -0.007207329306221873 0.9999739544239157 0.0003806482698347151 -2.008903647384248 0.0033687858343881692 -0.00035637543618974326 0.9999942621258986 106.10191090479805
0.9999794469534466 0.005653641266810698 -0.003023573123431933 -0.7653442766623608 -0.005648907958642457 0.9999828094302308 0.0015718441030129222 -2.0451937762432117 0.0030324080463307117 -0.0015547319479874667 0.9999941936409912 107.45646010179284
0.9999940570224215 0.0023153358374752107 -0.0025544336397824155 -0.7728590465529428 -0.002306432692146884 0.999991274905564 0.003482884488106548 -2.0603536049624784 0.002562475618601542 -0.0034769722325330293 0.9999906721504952 108.77847312160392
0.9999979881556823 0.0010809494587673872 -0.0016897420489131686 -0.7896092748119844 -0.0010736464397502858 0.9999901055193975 0.004316960445857804 -2.0936882882781713 0.0016943918924726663 -0.004315137662526602 0.9999892542556981 110.1247400460772
0.9999992180430306 0.0006844015298726738 -0.0010466637635071234 -0.7991976386505968 -0.000681237569552723 0.9999952067952124 0.0030203149705924515 -2.118619892362145 0.001048725945853566 -0.0030195996430502415 0.9999948910840384 111.45305166914916
0.9999980779128217 0.0019364371098335798 -0.0003072102034865265 -0.8110053598092585 -0.0019362601679272047 0.9999979597759279 0.0005756247492690364 -2.14068683311645 0.0003083242642290317 -0.0005750288170550754 0.9999997871392635 112.75957841242501
0.999986657361993 0.005105063578578114 0.0007895663398596884 -0.812395159533164 -0.005103893493984005 0.9999858837860398 -0.0014773320605946164 -2.1784515942130476 -0.0007970971371638819 0.0014732825123597551 0.9999985970357516 114.10874684452467
0.9999681651124638 0.007641314279774013 0.0022976214962356373 -0.8289618004378971 -0.007636912177017155 0.999968997298698 -0.0019188617077897819 -2.1973505233015644 -0.0023122130865739056 0.0019012539209628198 0.999995519440414 115.42394220069879
0.9999558405354936 0.008642770654350368 0.0036904579608181783 -0.8414500681590744 -0.008642407776956056 0.9999626471601717 -0.00011441660781412262 -2.225845644900893 -0.003691309300800997 8.251711066800644e-05 0.9999931836877994 116.77431733898584
0.9999565957317469 0.008141038947795332 0.004531018106354832 -0.8483896655986125 -0.00815167932892479 0.9999640489362497 0.0023347325885817827 -2.249906463547166 -0.004511848442382529 -0.002371566707164341 0.9999870093607277 118.09891635524792
0.9999550828909168 0.007761790044222417 0.0054393754435452645 -0.8487716549087356 -0.007779590136236435 0.999964428225349 0.0032588766710181403 -2.2785042029588545 -0.005413887694144455 -0.0033010464698474762 0.9999798962514486 119.4502961647692
0.9999406735291457 0.008755855472530227 0.006479537342340523 -0.8459141631098789 -0.008770406384541506 0.9999590736558056 0.002220586432411169 -2.304938376629476 -0.006459829569317768 -0.0022772829148634904 0.9999765420141026 120.78356482524619
0.9999155386015139 0.010282191828489808 0.007949350771152526 -0.8450734613751184 -0.01029916804389584 0.9999447623365635 0.002097483374934488 -2.327140643455019 -0.007927345609979779 -0.0021791779623608017 0.9999662036131625 122.08911444572946
0.999891005524426 0.011698495802992915 0.009006788901409098 -0.8484003261468658 -0.011711652792494292 0.9999304230614147 0.0014093448055387768 -2.349065779259113 -0.008989675781524844 -0.0015146756106261007 0.999958444876801 123.45631534329249
0.9998693854223065 0.012514083334592216 0.010227892735250684 -0.850242473991662 -0.01252087763519329 0.9999214304720608 0.0006004468227834112 -2.37614894462875 -0.010219575956797625 -0.0007284306047027684 0.9999475134472772 124.78279784634861
0.9998445231975709 0.013524568453902385 0.011314391392408595 -0.8435809536712433 -0.013521998351470055 0.9999085274959955 -0.00030370260325442405 -2.3995804415213926 -0.011317464840726477 0.0001506622046114197 0.9999359440903991 126.11817087735349
0.999845765573597 0.012691818288949126 0.012139307562145742 -0.8388032102522966 -0.012687232178531734 0.9999194104181901 -0.00045479636122124686 -2.4304091299775017 -0.012144102480515062 0.00030071200852952693 0.9999262124482321 127.45886394894768
0.9998367435199562 0.012352381790405445 0.013187302491290617 -0.83814683311351 -0.012357006132387272 0.9999236130686527 0.00026917863262893173 -2.460870232065702 -0.013182971270971958 -0.00043209027247247453 0.9999130074966625 128.80185500740703
0.9998320465612001 0.011794462123480832 0.014027448416527359 -0.8264954680707772 -0.011809133618937139 0.9999298055793135 0.0009634860531496116 -2.488613947521458 -0.01401510115236616 -0.001128976264912193 0.9999011462877595 130.14632865173527
0.9998486352930516 0.009859736286497446 0.014334995123859023 -0.8130076272574642 -0.00988453614602091 0.9999497686643857 0.0016601552135446025 -2.508353736331902 -0.014317907574451184 -0.001801598733494729 0.9998958704587 131.47013161403174
0.9998652605148032 0.008088078168833389 0.014284389885806442 -0.7992805406019243 -0.008115040028913048 0.9999653970800743 0.0018305149429456238 -2.5368617292946443 -0.014269091461052609 -0.0019461867289512474 0.9998962973137484 132.81250203914016
0.9998814800529918 0.006075047556108248 0.014146364787018707 -0.7911209466646703 -0.006112998889217878 0.9999778278349942 0.0026410404839869814 -2.5549762654958736 -0.014130007877227777 -0.002727204227137759 0.9998964472535065 134.1557627357239
0.999894929653689 0.005141269559435736 0.013553486462897297 -0.7751925458095503 -0.005175075853197304 0.9999835824497919 0.0024603720206782826 -2.5890078149117737 -0.013540615654651384 -0.002530253871841352 0.9999051202680244 135.51238582109903
0.9999149940030949 0.004222099341073633 0.012336070806347259 -0.7651101267511434 -0.004247675515112435 0.9999888818330546 0.002047796548714257 -2.6164975755534168 -0.012327288691721177 -0.0021000221342312333 0.9999218108706515 136.83526488246045
0.9999343585191393 0.0019404111610890982 0.011292185818185472 -0.7596625193682192 -0.001974124466652836 0.99999362563435 0.0029751514478117405 -2.6366522364165257 -0.01128634177207151 -0.00299724838614236 0.9999318151681775 138.19712634070635
0.9999470397022845 0.001253500894360749 0.010215014969369208 -0.7456186917487915 -0.0012877034134002995 0.999993585197368 0.0033423622721192032 -2.6645427425846293 -0.010210760648218345 -0.0033553392280418494 0.9999422393615771 139.51794137521247
0.9999605883264394 6.169792162169681e-05 0.008877949878184636 -0.7451358217034806 -8.987267963306116e-05 0.9999949613451835 0.0031732013275990118 -2.6849047534914487 -0.008877710112997825 -0.0031738742069455195 0.9999555554019971 140.8774389961003
0.9999703975655371 2.3940551094579765e-06 0.007694413146200897 -0.7438302290663361 -2.3034944072299404e-05 0.9999964018415689 0.002682493772546384 -2.707684282009479 -0.0076943796865036 -0.002682591651188155 0.9999667995573479 142.19546926462118
0.9999776978113609 0.00014146683905456175 0.0066771156384057406 -0.7388131550614516 -0.0001545331397822241 0.9999980743048912 0.0019564012703762595 -2.72796688750497 -0.006676826577077651 -0.0019573895072432933 0.9999757940105547 143.54083949356558
0.99998248768043 -0.0010846372624439288 0.005817894997808253 -0.7321702137402861 0.001083403187218994 0.9999993899457242 0.0002152765579192852 -2.7562681970063663 -0.005818125436987601 -0.0002089696604965653 0.9999830527274248 144.9091918352873
0.999981223504038 -0.0038459496177731534 0.004770882684519574 -0.7416850896732099 0.0038493662034757414 0.9999923411592448 -0.0007071049853701341 -2.807319421997286 -0.004768127058210488 0.0007254566041060796 0.9999883692681686 146.21998663126928
0.9999011474163964 -0.013614554449514248 0.003512736398008259 -0.7367863082600294 0.013607916965983208 0.9999055898352385 0.0019068302639194778 -2.819044298028317 -0.0035383657009592485 -0.0018588407669339793 0.9999920123056575 147.58100631340798
0.9997711624159177 -0.021304087245643456 0.001938730529350922 -0.7260298384059398 0.021297309317656145 0.999767224619639 0.0034527071003975025 -2.845204598103932 -0.0020118361795482837 -0.0034106272967684955 0.9999921600365523 148.88735859380412
0.9996475425063195 -0.026528045192546076 0.0010264396633022995 -0.7114523334695877 0.026527523543983442 0.9996479479807329 0.0005201873891595008 -2.861443862115457 -0.0010398779431303568 -0.0004927751314611049 0.9999993379123322 150.20161028002298
0.9996856721203241 -0.02503816109116453 0.0012835296851988892 -0.7182758261314859 0.025042087613856373 0.9996814698113499 -0.003138911238080355 -2.8920125017162293 -0.0012045283794605093 0.003170066936207504 0.9999942498759968 151.58193794390706
0.9997689372030519 -0.021372430372146076 0.0023003113106093206 -0.7308664822224218 0.02138410293664314 0.999757941874626 -0.005174726567190547 -2.9270292942705365 -0.0021891582059559915 0.00522272109531586 0.9999839652552504 152.91253884710702
0.9997653253995178 -0.02143964787391921 0.0031041322273767714 -0.7338859850503153 0.02145601387955342 0.9997555415560937 -0.0053382198517417075 -2.95943276996252 -0.002988924097518846 0.005403569536619025 0.9999809337007644 154.28457548698847
0.9996958962502623 -0.02441003427266978 0.003502178269736033 -0.7374257151404711 0.024418188997290022 0.9996991755154496 -0.002304456302456297 -2.9888956080860716 -0.003444873162628743 0.0023892724281100236 0.9999912120722305 155.61282417927123
0.9994890730441267 -0.0317426788080737 0.003741015688632805 -0.7361730827901032 0.03173872447830441 0.9994955809216771 0.001112249996375076 -3.0151385630952072 -0.0037744347589693267 -0.0009929466438898687 0.9999923838183893 156.94703740108454
0.9993284571540666 -0.03645120028949421 0.003734259935988438 -0.7252102111678915 0.036442250174038814 0.9993327866033322 0.0024380419081100127 -3.0336798174281028 -0.0038206382596739814 -0.0023003198380726593 0.9999900555744119 158.28225063239555
0.9993368356961758 -0.03622753468749112 0.0036680416563043784 -0.7139777050434695 0.03621963223940545 0.9993414343988939 0.0021990361141510156 -3.0704537748188336 -0.0037452919792305295 -0.0020647226820219265 0.9999908548102013 159.63183924287566
0.999383329109594 -0.03479212502966373 0.004740202239766127 -0.7188139906568842 0.03478101151035376 0.999392057517951 0.0024076191263829798 -3.0902623870034245 -0.004821087057906198 -0.0022412654027440158 0.9999858668220972 160.99386300708127
0.9994341830590291 -0.0331036307233535 0.005955111673346774 -0.7233373568560313 0.033092411074095204 0.9994503483717124 0.0019731917937827977 -3.106117297566539 -0.006017158753407132 -0.0017750063297310554 0.9999803213799742 162.3236443941274
0.9995733804106044 -0.028360461865938165 0.006981502551707959 -0.7270869987552158 0.028362408129731738 0.9995976898432448 -0.0001796416719383504 -3.139950832306264 -0.006973599688944211 0.0003775772928165833 0.999975612870711 163.69714922581707
0.9996320748207749 -0.026013069621154773 0.007683436969834794 -0.7276152388946859 0.026019876693811436 0.9996611158449558 -0.0007870743654554116 -3.16620046891465 -0.007660359600672304 0.0009867069090944848 0.9999701722018473 165.02668743369088
0.9996980524423618 -0.023251190330337367 0.007948968538348453 -0.7269808673598888 0.02324718260167613 0.9997295698305887 0.0005964097236861709 -3.1923327560283195 -0.00796068680407035 -0.00041143849996680485 0.9999682285838829 166.3862202324003
0.9997112843358231 -0.02270904761110533 0.007851569179509434 -0.72300572628922 0.022707999917461905 0.9997421153051355 0.0002227586221719408 -3.217874130933813 -0.007854603678153776 -4.4400853100598466e-05 0.9999691511355817 167.7351026792085
0.9997466622419169 -0.021268181305512147 0.007367211963094115 -0.721448847885996 0.021283440413481257 0.9997714837679289 -0.0019988505414446846 -3.24054582042029 -0.00732301713885564 0.002155143838665642 0.9999708639596275 169.09969561119098
0.9998296410199301 -0.017206596121294458 0.006679970296492281 -0.7294374172503826 0.01724324560021258 0.9998363721537591 -0.00546803353984372 -3.2786733711030527 -0.006584791582385687 0.00558228650819957 0.9999627386011235 170.5145565829627
0.9999211626121072 -0.010675834461973361 0.006610229604075311 -0.7302670061990073 0.010719476128144058 0.9999207488530859 -0.006602184074023184 -3.3171070369796376 -0.006539222468831645 0.006672521918524124 0.9999563570548459 171.85457674200637
0.9999514107108161 -0.006986956496948724 0.006954039914548658 -0.7334043828021511 0.007026329540381935 0.9999593329463217 -0.005653595190157078 -3.344886123600994 -0.00691425627905844 0.0057021819854256115 0.9999598382805684 173.22288195832732
0.9999684986011693 -0.001678289424899294 0.007757909465350944 -0.7425783986386726 0.0017048930213785594 0.9999926852057192 -0.0034238680577493943 -3.3950691017814254 -0.007752107134085938 0.0034369866821609557 0.9999640453289054 174.62305528535592
0.9999650957858668 -0.0033108079620794983 0.007671099794324064 -0.7446006461195729 0.003319762371211458 0.9999938227578494 -0.001154824392005886 -3.408813873653569 -0.007667229654966155 0.0011802503442489352 0.9999699098431181 175.97553950359068
0.9999594975635372 -0.005843546040956124 0.006845160039717215 -0.7430739504241609 0.005845474930377912 0.9999828808019907 -0.00026176042871993335 -3.43640207213623 -0.006843513825119683 0.0003017630541822584 0.999976537350266 177.39501747609023
0.999947658273287 -0.00874729807607768 0.005307118348734786 -0.740600842277298 0.008748156703831726 0.999961724550488 -0.00013848840100296256 -3.4598839357186426 -0.005305704264975614 0.0001849086698988368 0.9999859075533358 178.7765249358352
0.9999503483491506 -0.009447749800065922 0.003168733773350224 -0.7376661239793589 0.009460567263275928 0.9999470279976653 -0.004054485942895325 -3.490965550724487 -0.0031302604176098514 0.004084262740254238 0.9999867600440616 180.11788878475053
0.9999762190770372 -0.006720598851280348 0.0015475275935597696 -0.7506585053054838 0.006733252533014867 0.9999427039545301 -0.008321785270158519 -3.533618392791156 -0.001491511678200499 0.008332007435091654 0.9999641758799074 181.53487667556848
0.9999955299347443 -0.0027699548034993207 0.0011258181668018453 -0.7761716976458535 0.002780414794964282 0.9999519724162309 -0.009397986482324138 -3.566477306546648 -0.0010997321991050026 0.009401074902505694 0.9999552041860048 182.9353285659888
0.9999984057046746 0.0015941846861759175 0.0008044636182734952 -0.7961621769281131 -0.0015874120458616026 0.9999638738290771 -0.008350518682234883 -3.5999905211100938 -0.0008177469011214724 0.008349228517808829 0.9999648102169519 184.25858146785373
0.9999963200022005 0.002481836181888083 0.0010956588704482237 -0.789094548450471 -0.002476284851502089 0.9999842360145813 -0.00503941864650667 -3.629240507165185 -0.0011081487079510318 0.005036687036266474 0.9999867018057667 185.70331405161028
0.9999940465803482 0.003071663041198259 0.0015721598547165378 -0.8039607499393631 -0.0030676776622160533 0.999992091003873 -0.0025312623910454324 -3.6668738455916676 -0.001579922741422551 0.002526424490439012 0.9999955605006494 187.06466496510242
0.9999943236472165 0.0028889490968033987 0.0017339675947897644 -0.8085430928543669 -0.002885241331589788 0.9999935540167693 -0.002137127233522515 -3.697221697054566 -0.0017401306184382 0.002132112228689425 0.9999962130129664 188.51054470771214
0.9999985201575587 0.0007589793774691331 0.0015439021624134505 -0.8076414456298806 -0.0007565675313233695 0.9999984935793594 -0.0015621926945980664 -3.72776374635103 -0.0015450856405804295 0.0015610223479948365 0.9999975879557258 189.92486041047385
0.9999965428717853 -0.0020302492572710443 0.0016710289618164982 -0.8141897475031866 0.002032009054659452 0.9999973820911726 -0.0010520204751650183 -3.757159518680354 -0.0016688888651816313 0.0010554124078905312 0.9999980504541832 191.28648287144378
0.9999917172451082 -0.003557837134739417 0.0019766749277042505 -0.8188553092644839 0.0035594598851034914 0.9999933305993635 -0.0008179225140457349 -3.791211183734132 -0.001973751876597587 0.0008249516550943322 0.9999977118751363 192.74276541128086
0.9999723652686743 -0.007048358466595071 0.0023641813173432267 -0.8205281724070485 0.007048203548500666 0.9999751583593104 7.404559254990346e-05 -3.8198972009864445 -0.002364644686369265 -5.7380308981545695e-05 0.9999972025760205 194.11120050775926
0.9999269216777373 -0.011801685240754166 0.0026213628478246984 -0.8189874916846731 0.011797269189673379 0.9999289747867459 0.0016940516988851718 -3.8408539732091165 -0.002641169550898933 -0.0016630029988664522 0.9999951293087616 195.57551155647485
0.9998924436403546 -0.014381181704358008 0.0028779814835856966 -0.8138323677727519 0.014376284073517554 0.9998951840983087 0.001715594063832308 -3.869332724760046 -0.0029023523381850875 -0.001674034881042917 0.9999943869615785 196.9808211992252
0.9999206133302619 -0.012209355653610358 0.0031142713305151544 -0.8227453749950984 0.012216622673884618 0.9999226713734357 -0.002324950281067668 -3.9031598662910283 -0.0030856446251362303 0.0023628116471805173 0.9999924479286081 198.3854711841122
0.9999802867249316 -0.005284205870307956 0.003391657538404943 -0.841936875283453 0.00531039958190355 0.9999557830068214 -0.007760907194268291 -3.9350750026458083 -0.003350497627279436 0.007778765418231938 0.9999641318418478 199.82051168863094
0.9999801037841564 0.003931557429577588 0.004933040654603489 -0.8538611218275707 -0.00389060008325219 0.9999581099986854 -0.008285015749958638 -3.966363084685765 -0.0049654074513759945 0.008265658585059362 0.999953510725261 201.26649360684283
0.9999165351136543 0.011274078193968362 0.006310146344090339 -0.8739537964564221 -0.011247816824950248 0.9999279961084918 -0.00418201409883948 -4.004495729928446 -0.0063568408842230445 0.004110689754849583 0.9999713459880809 202.70737353756928
0.9998977228883313 0.012255639765218238 0.007371772763740822 -0.867083796290236 -0.012239384429860133 0.9999225728788455 -0.002246273803260705 -4.0311796429356965 -0.007398732138922356 0.002155818139203889 0.9999703051611136 204.15852742557763
0.9999187016533192 0.010812910892613492 0.006758033979939066 -0.8622748990010854 -0.010801627557724559 0.9999402088422051 -0.0017039976676230474 -4.064722807527108 -0.0067760556588483175 0.0016308613987329622 0.9999757123821363 205.5796815501977
0.9999635849552055 0.006622508532387831 0.0053824842257673925 -0.8581685332292917 -0.006614131592340413 0.9999768896372483 -0.0015727264454203466 -4.089796579262443 -0.00539277568632283 0.001537068745166109 0.9999842775684639 207.03643610708394
0.9999767299697735 0.005355954640551979 0.004225312204979641 -0.8536652191522247 -0.005347244019841588 0.9999835604437507 -0.0020702256879761706 -4.126565262578287 -0.004236331137624498 0.0020475837780452636 0.9999889303857389 208.50182615587045
0.9999761920350273 0.005800717267456179 0.0037372496876096756 -0.8644108165847048 -0.0057904743692522315 0.9999794650856647 -0.0027458742523404785 -4.152674529701246 -0.003753101303462379 0.0027241684824395097 0.9999892465081431 209.96542310928612
0.9999672937599698 0.007182761307196118 0.003717437269640532 -0.8685267421588718 -0.007172341759910464 0.999970333667997 -0.002808792063180687 -4.190752571454151 -0.003737502188444177 0.0027820375199581983 0.9999891456110312 211.44701219287285
0.9999576594080665 0.008502636835768945 0.00351916805451541 -0.8761191878134001 -0.008494957695111006 0.9999615158414559 -0.0021914717764608188 -4.215007361217738 -0.0035376662122131586 0.0021614838434725657 0.9999914064134844 212.86706669847982
0.9999607246595886 0.008293396923616088 0.003125490639969244 -0.8885739921851302 -0.0082860028808382 0.9999628584773881 -0.002371463717466339 -4.253671087080911 -0.003145042312612285 0.002345472795410886 0.9999923037014045 214.3272928205702
0.9999575577237713 0.008754822177973914 0.0028698125762412355 -0.887597074612381 -0.008745711914353691 0.9999567244267171 -0.0031720366270637066 -4.290752642401142 -0.002897459248053229 0.0031468035022439843 0.9999908511349901 215.78116311716562
0.9999671551635472 0.007728322510909312 0.0024416412664897864 -0.8977061289363917 -0.007719372464211877 0.9999635284264988 -0.0036541924255350257 -4.323066553776057 -0.00246979320575147 0.0036352245335623925 0.9999903425836818 217.2324558314033
0.9999713590665473 0.0073103644621483315 0.0019594910936973284 -0.8965777687453835 -0.00730340632870316 0.9999670808791136 -0.003535170394063346 -4.3565482726063305 -0.0019852701441034288 0.00352075824923834 0.9999918314470767 218.7248911694177
0.9999578513955147 0.008979788391969104 0.0019128030947277324 -0.9071724986520895 -0.008971878189043644 0.999951326433703 -0.004104897725177074 -4.398024618954001 -0.0019495712733844902 0.0040875633483740265 0.9999897454448468 220.22104370696366
0.9999693937359482 0.007625597434226795 0.0017498118104202415 -0.9127843029867321 -0.007618151726702844 0.9999620628136242 -0.004223353432658137 -4.427455845190502 -0.0017819511750974699 0.004209893918308192 0.9999895506656753 221.71579897319776
