1.0 -3.469446951953614e-18 0.0 -1.7787691892340307e-19 0.0 0.9999999999999999 -3.5575383784680614e-19 0.0 2.168404344971009e-19 -2.371692252312041e-19 1.0 0.0
0.9999999398638733 -7.08535559765227e-05 -0.00033948727388392647 0.05569069961672338 7.123806521749064e-05 0.9999993559314045 0.0011327230995349811 -0.026761272848715878 0.0003394068273799933 -0.0011327472383819146 0.9999993008434594 1.3159701006825606
0.9999991075624272 -0.0005587901877283866 0.0012135198795759842 0.11108300046058615 0.0005566348298350308 0.9999982684086526 0.0017757635472657302 -0.04833477912174309 -0.0012145101586562628 -0.0017750865086460634 0.9999976870130872 2.5650198957187875
0.9999997887342603 -0.00036720499259971714 0.0005363705003499897 0.10459283199812416 0.0003661098365727259 0.9999978511378709 0.0020405102999440047 -0.07147698465901783 -0.0005371186770406688 -0.0020403135378334377 0.9999977743093993 3.887328949585252
0.9999994985774079 -0.0006329654440650669 0.0007760166371178149 0.09406301489189615 0.0006312706233057973 0.999997419400781 0.0021823583092669095 -0.07959698901734144 -0.0007773960558059591 -0.002181867380363493 0.999997317551079 5.214488772932588
0.9999994234442717 -0.0009031207715820364 0.0005809356884721086 0.08907839317640782 0.0009016902557867478 0.9999965723329818 0.0024581039659307014 -0.08959802707368977 -0.000583153709190757 -0.0024575787719192154 0.9999968101138702 6.545634428936454
0.9999985733280589 -0.001518162901456831 0.0007406258574809616 0.08697040804770564 0.001515936584920231 0.9999943584922296 0.0029974851277639295 -0.11475636826165034 -0.0007451724103879954 -0.0029963581667913344 0.9999952332662887 7.8846200013548255
0.9999984725400923 -0.0016801100201480883 0.00048182058075874686 0.08741744283135108 0.001678611464835637 0.9999938042563116 0.003094141139573313 -0.12122319168003795 -0.000487016131583052 -0.003093327683131687 0.9999950970574859 9.209992657454464
0.9999986786118548 -0.0016256602168924217 2.4252526678017385e-06 0.08490012051069007 0.0016256450820964774 0.9999939097601634 0.003088319539286554 -0.12765792640014215 -7.445794118452224e-06 -0.0030883115754365004 0.9999952311270125 10.539036658695908
0.9999991622562147 -0.0012839626800673857 0.00016410038637459478 0.03856443558441883 0.0012834606921618159 0.9999946044055635 0.0030238858852631007 -0.13168820142900753 -0.0001679820692324196 -0.0030236727941017876 0.9999954145820827 11.870014666968395
0.9999999116508647 -0.00040520548731934336 -0.00011183582808660733 0.07214658391094211 0.00040555662442364783 0.9999949327262265 0.003157537715297845 -0.1554004841030341 0.00011055582171117222 -0.003157582854107536 0.9999950087119054 13.209912958107557
0.9999999019333788 0.0003149863128209338 0.00031131463944705545 0.028350082686777703 -0.00031592908056626325 0.9999953508733499 0.003032889782033147 -0.16107604028834382 -0.0003103578971206894 -0.003032987897723335 0.9999953523204546 14.531987524392207
0.9999998184427331 0.0003117305341652551 0.0005156925713281314 0.020904436443765318 -0.00031355466699880576 0.9999936817528854 0.0035409232650890064 -0.18004329370172967 -0.0005145855397851507 -0.0035410843896344656 0.9999935979410192 15.902766994730849
0.999999344510537 -0.00036345110429201327 0.0010857642180817201 0.020645025126295583 0.0003582274999795968 0.9999883804872265 0.004807344580436169 -0.1942155641719388 -0.0010874989247023111 -0.004806952572250986 0.9999878552025459 17.22952164606575
0.9999969064369633 -0.0022603604227547387 0.0010382158297221218 0.02008243835884098 0.002253421693635573 0.9999754378172675 0.006636704585458025 -0.20274610469558008 -0.0010531917567248312 -0.006634344644493593 0.9999774378747227 18.587857206022143
0.9999793631552387 -0.006360490159796211 0.0009041225672811379 0.023097547902732947 0.006355527150004472 0.9999652740640457 0.005390540945886754 -0.25746477155424685 -0.0009383777279060859 -0.005384683627104904 0.999985062203133 19.929079832518735
0.9999799519904685 -0.006271858113205353 0.000871448149641273 0.019787920468163946 0.006268499937944349 0.9999731145654548 0.0038047399875925643 -0.24409998821918355 -0.0008952875818733785 -0.0037992011068088325 0.9999923822362773 21.296504672361813
0.9999904362108211 -0.004257615297663815 0.0010001030301991483 0.0015158668122658703 0.00425514794012761 0.9999879291334753 0.0024566841807511807 -0.3121730417746611 -0.0010105506573504122 -0.0024524051434472575 0.9999964822414957 22.652261287612586
0.9999924141455753 -0.003317675030034913 0.0020407574965071503 -0.011955717014297276 0.00331011391446555 0.9999876859445692 0.003697445019400268 -0.29976487957451803 -0.0020529994577911 -0.00369066189986645 0.9999910820632025 24.012227627100927
0.9999911775014895 -0.003023448684591803 0.002916107904821432 -0.017830722409566624 0.0029993808118726328 0.999961693491696 0.008222849704396651 -0.30914781706133493 -0.002940857804693813 -0.00821403079740981 0.9999619398017406 25.373628418468112
0.9999897202124813 -0.003950740910662479 0.0022251121383788436 0.013484773430232501 0.003930405867753211 0.9999511386298863 0.009070405411051707 -0.3261429593779672 -0.0022608384215300164 -0.009061566749142153 0.9999563873576996 26.782692633032234
0.9999521368741484 -0.009390040897319424 0.0027479275666986934 -0.0016942270999642794 0.00936594184047646 0.9999186785040703 0.008655374055172563 -0.35207156884900814 -0.002828978648889609 -0.008629223012733505 0.9999587658443416 28.128802545090217
0.9999604227126891 -0.008442315909017475 0.0028071913203370426 -0.0104621625364303 0.008423288418385563 0.9999419268975843 0.0067224276674643785 -0.3726578725635772 -0.0028637813920549125 -0.006698515953109743 0.9999734639670349 29.483878829191188
0.9999562981184053 -0.008871395720499222 0.0029496108942564754 -0.002037974371981492 0.008858441545711651 0.9999511861369901 0.004376453628980755 -0.4030863371081467 -0.0029882924127230944 -0.004350133490551145 0.9999860731251154 30.897745735052577
0.999963111336392 -0.007776207770983083 0.0036478174771390984 -0.015552307496818192 0.00776380957504382 0.999964078014756 0.0034008721830172985 -0.37329285846875687 -0.0036741326361974715 -0.003372425826657765 0.9999875636674637 32.2577790821519
0.9999701242246315 -0.006474143603451344 0.004223284925321249 -0.012432837921054408 0.00646806186063352 0.9999780273681529 0.0014522219614925317 -0.42530992644442867 -0.00423259437823578 -0.001424862126766706 0.9999900274042759 33.639601856079764
0.999969780067004 -0.006296316983715723 0.004560192769533408 -0.02386455480626913 0.006287339482337305 0.9999782734014322 0.001980424027205566 -0.43637671660455835 -0.004572563453884931 -0.0019516927288034923 0.9999876412006511 35.033558748954995
0.999972228410734 -0.006134400772806265 0.004232203556634568 -0.03649764129374992 0.006121220364514093 0.9999763967157589 0.0031203628792239274 -0.46899887007260294 -0.004251245575510991 -0.003094370024023528 0.9999861757948528 36.41902749048867
0.9999750718193128 -0.005862125796137204 0.00393589038778968 -0.044512704210027204 0.005846416969848426 0.9999749454102412 0.003990983873947542 -0.4572914652351714 -0.0039591877561424415 -0.00396787360012177 0.9999842902803465 37.83488077419683
0.9999856261010106 -0.004160180555143321 0.0033823806677632322 -0.037425680676969865 0.004145030412379718 0.9999814010476463 0.004473955192350456 -0.4715965614634937 -0.003400930503919906 -0.004459870895386262 0.9999842714863287 39.22727572646195
0.999989111124271 -0.0027827519412329405 0.003746189143984306 -0.04439577509332985 0.002764684323503049 0.9999845641021972 0.004819551103292953 -0.4949869546704444 -0.0037595432469974036 -0.004809141682996956 0.99998136882012 40.62612952082558
0.9999903843442773 0.0020617031158461406 0.0038704780422014833 -0.06057615668245053 -0.0020813901452297386 0.9999848832728714 0.005089306756217087 -0.5272499659703797 -0.0038599272158400134 -0.005097313892953008 0.9999795589658235 42.045889622368165
0.9999918579914426 0.0017593578151043586 0.003631612903699325 -0.06874395930713952 -0.0017788869017277805 0.9999839385311057 0.005381286370029542 -0.5314727037619223 -0.003622087268272442 -0.005387702888765135 0.9999789263470678 43.43925436345915
0.9999920903578351 0.0018309006874050269 0.0035308675414391566 -0.09358930711853136 -0.0018502169845661161 0.9999832994305665 0.0054751766140298044 -0.5635533300776474 -0.0035207843625233003 -0.005481666285015379 0.9999787774793873 44.869464992746
0.9999945492890805 0.001834127052738583 0.002745427188275463 -0.0917623427567206 -0.0018485380636881965 0.9999844798688486 0.005255752126542049 -0.5888133597264074 -0.0027357450887732213 -0.005260798608481353 0.9999824196927094 46.26620508402055
0.9999968783651718 0.0015539246279061914 0.0019566752794941324 -0.10705744271960382 -0.0015643030604049852 0.9999846583692789 0.0053137541746930425 -0.6102678460176666 -0.0019483882478692855 -0.0053167985246170895 0.999983967589121 47.70080831650539
0.9999984177787161 0.0015651013326612702 0.0008455154703196817 -0.10476643217015338 -0.001569695206059596 0.9999838618699124 0.0054600419478163225 -0.6202886867646711 -0.0008369563727539506 -0.0054613606185607245 0.9999847364056714 49.09763059008221
0.9999970094399372 0.002415418365902514 -0.00038322368342310676 -0.10080987721990071 -0.002413152584224236 0.9999802273611386 0.005807028862061825 -0.6425585035457002 0.00039724254836558917 -0.005806086835179706 0.9999830656346608 50.517028253604494
0.9999970947423705 0.0019749508698538535 -0.001382052870175282 -0.12408896649473342 -0.0019669139068527524 0.999981287653002 0.005792719181649574 -0.6338916456035928 0.001393467466835609 -0.00578998409006204 0.9999822670109753 51.97256406839964
0.9999924981904887 0.003066349864193561 -0.002366654085334331 -0.13141529260344845 -0.003050105410160684 0.9999719735163405 0.006837327146771058 -0.6731866489239555 0.002387553600615322 -0.0068300574489240295 0.999973824611952 53.374193937832366
0.9999900534565731 0.0022811501607066234 -0.0038326662659095897 -0.11974698784999378 -0.0022533157122236825 0.9999711712811069 0.007251150043104395 -0.6788668434685927 0.0038490970681401325 -0.007242441859733024 0.9999663651827854 54.85354986452773
0.9999910981235222 -0.0017736646161926415 -0.003828548435436548 -0.1443195092417071 0.0018052884626283492 0.9999641536351328 0.008272386183486921 -0.6911754409223956 0.0038137390863530072 -0.008279224342971502 0.9999584540609922 56.23198989353636
0.999988167520471 -0.002110203828965592 -0.00438313285903288 -0.15806947984540157 0.0021468413516597257 0.9999626588445412 0.008370900972230939 -0.7184835853591024 0.004365305256346507 -0.008380211981695092 0.9999553570875205 57.672248223229644
0.9999890649616022 -0.002120602287643882 -0.004168092905199357 -0.18130593489857988 0.0021563014770067702 0.9999608740431918 0.008579087418060401 -0.743311238388654 0.004149737349965506 -0.008587981441316542 0.9999545120980108 59.123711672192876
0.9999888893930405 -0.002032766771507398 -0.004253110006139177 -0.1697556268974617 0.002072596680019013 0.999953844811645 0.009381502190145245 -0.7690939290540191 0.004233843662669729 -0.009390213124606226 0.9999469478309251 60.53318717589105
0.9999803381761281 -0.005161126402122252 -0.0035617461396039484 -0.19859527776800145 0.005199000301067892 0.9999291587436238 0.010707375019489467 -0.7806409446482723 0.0035062320104722452 -0.010725682222521188 0.9999363310171978 61.97701151947973
0.9999800353117219 -0.005317946459299439 -0.0034129787624403657 -0.19087695470155275 0.0053528580527051495 0.9999325986365764 0.010302673648974697 -0.8022317109851771 0.0033579599486703625 -0.010320737352238525 0.9999411015130507 63.39806910060701
0.9999700879123284 -0.007290877681572723 -0.002581934767711793 -0.21621449514720864 0.007312965538121425 0.9999358379367206 0.008651042355926876 -0.8016103085014847 0.0025186956342052496 -0.008669665352512405 0.9999592457105729 64.79443316820027
0.9999708450690817 -0.007399284728608841 -0.001886690921736625 -0.2241158491886476 0.007414989171535838 0.9999367462721495 0.008457031352235026 -0.8114763289745737 0.0018239957600983472 -0.008470774743601656 0.9999624588055135 66.25397119080101
0.9999794699660588 -0.006296147493501004 -0.0011908731561404086 -0.23287254410937505 0.006305772994251724 0.9999460107025733 0.008259109933152792 -0.8283084742671687 0.0011388083908114633 -0.008266449908169273 0.9999651838567666 67.6161891232447
0.9999948490012723 -0.0031238757534676354 -0.0007371393871771716 -0.24801557786675155 0.0031308262698049993 0.9999487878765758 0.009623904794600582 -0.8519316330116034 0.0007070378216257743 -0.009626163265149097 0.9999534174563204 69.07554891624608
0.9999999909255238 -8.228103963248828e-05 0.00010667276497366204 -0.265372553340781 8.113025407359593e-05 0.9999422824483067 0.010743611408461117 -0.8692658850389166 -0.00010755060398390378 -0.010743602868181733 0.9999422800511233 70.44036451435181
0.9999930571380572 0.00345640771446338 0.001392449985445391 -0.29209880687493084 -0.003472498252745762 0.9999252461305204 0.011723647417946554 -0.8848030650652506 -0.0013518242940224621 -0.01172840153513142 0.9999303061568158 71.89651534856648
0.9999698289371832 0.007455207447380266 0.002181990939282861 -0.3083764231654861 -0.007480063205280957 0.999904580865661 0.011613691478152152 -0.9010702947907354 -0.0020952004245299713 -0.011629662744096967 0.9999301781029512 73.24987006473175
0.9999481798909 0.00985578820550285 0.0025496965980367327 -0.3124696645672135 -0.009883052781058662 0.9998916312903431 0.01091104768983271 -0.903430503711305 -0.00244188351371099 -0.010935681285304902 0.9999372220696094 74.64905146641912
0.9999394108288625 0.010516043145533605 0.0032538419739316093 -0.3254660861115577 -0.010551459053448143 0.999883104509361 0.011065443907208775 -0.9060037672545842 -0.003137097185720093 -0.011099106465749426 0.999933482016083 76.07766875249834
0.999918023067859 0.012266235839009926 0.003672407544373261 -0.32564565717755495 -0.0123081202282164 0.9998568688932579 0.011608269846117122 -0.9311361397314639 -0.003529492422615163 -0.011652518905541219 0.9999258779960775 77.47449573433755
0.9999247322629627 0.011627365267204095 0.0039158859528876525 -0.3364853621044588 -0.011672904888748642 0.9998620715743481 0.011814446317015989 -0.9605489542139148 -0.0037779752685542373 -0.011859267074234013 0.9999225393434508 78.8701383904189
0.9999361256047778 0.010799690772278155 0.003333371979825148 -0.3271261607563909 -0.010834343406944036 0.9998855596888069 0.010558624445458274 -0.9583094623636842 -0.0032189608928437784 -0.010594065130897444 0.9999387001583183 80.25256897433337
0.9999395346272689 0.010537565551119097 0.0031443252514456845 -0.3353391358221589 -0.010570101969657152 0.999888829280962 0.01051675064684836 -0.9836347031722881 -0.003033154993675797 -0.010549350799660686 0.9999397537692908 81.64195347238024
0.999928329588102 0.011603233613000561 0.002949683549039177 -0.35708631709216065 -0.011634340389695855 0.9998744598859971 0.010756700942222688 -0.9920205572613108 -0.0028245009621833436 -0.010790247846747963 0.9999377944381204 83.0058070265028
0.9999331698360762 0.011245245452894867 0.002683336222417056 -0.37158546180820334 -0.011271922634687938 0.999885029019795 0.010142609388344168 -0.9940646355224166 -0.0025689717940899854 -0.01017217812141084 0.9999449620735047 84.38376977289683
0.9999320745096727 0.011524398612153416 0.0017420041496890406 -0.37070783657512707 -0.011541543560554791 0.999881626821097 0.010174730544574436 -1.0047504719535962 -0.001624540422312782 -0.01019414504621788 0.999946718718716 85.7736151997627
0.9999417439901833 0.010764049250014172 0.0008024000010018739 -0.3840854494123682 -0.01077211324353232 0.9998833039852281 0.010832359343498762 -1.023914531688328 -0.0006857063645066925 -0.010840372058490479 0.9999410063314603 87.15114482034011
0.9999389849159523 0.011046534246802665 2.23727258736033e-05 -0.39785232776916757 -0.011046004593236375 0.9998666094960245 0.012031168631946488 -1.0474690260881951 0.00011053299313356691 -0.012030681924085539 0.999927622620532 88.50737216569453
0.999977013979373 0.006521378006938153 -0.0018555660289831083 -0.375379718929603 -0.006498534013006499 0.9999061353975796 0.012061901121052793 -1.0393931823382603 0.001934052246478168 -0.012049565651052417 0.9999255309358459 89.86313639931147
0.9999791418899554 0.005988776648635429 -0.0024187440986003198 -0.4055267140035681 -0.005957320507298746 0.9999002072936568 0.012809597705954282 -1.0730837368599087 0.002495216766026864 -0.012794921546934773 0.9999150283325338 91.24340586960683
0.9999832534193388 0.0051114713348490055 -0.0027139872658696247 -0.4195995721482474 -0.005075845427346156 0.9999029326790094 0.012975400489848155 -1.097295861712187 0.002780047459144959 -0.012961407678044573 0.9999121327682543 92.59990295505577
0.9999852540399293 0.004524080376376085 -0.0030040614834757674 -0.43048562942252994 -0.004486133157927723 0.9999115472182577 0.012520876671252427 -1.1044230904144035 0.0030604414867789033 -0.01250721567154244 0.9999170981958274 93.94480445841818
0.9999864283590354 0.004030058321916228 -0.0033017743827988733 -0.44768517970369337 -0.003990174894922504 0.9999200565578561 0.011998291571534354 -1.1068058905911466 0.00334986453491097 -0.011984954319808458 0.9999225666461091 95.33369810024044
0.9999868251677217 0.0039586482696729 -0.0032678098926620805 -0.4425043470329434 -0.00392052146136778 0.9999251182587034 0.011592557521124128 -1.1169024807520498 0.0033134563402654775 -0.01157959350626389 0.9999274643850828 96.70925878632049
0.9999825093120783 0.005191325069629035 -0.002833936966447299 -0.46441345986484484 -0.005160215154025427 0.9999275306220642 0.010876841906590204 -1.129477720029227 0.0028901970675666282 -0.010862028159076513 0.9999368295618263 98.08353244502041
0.9999710612315797 0.007085900963574676 -0.002768878338295964 -0.47786017905497796 -0.007055137900876864 0.9999149756593684 0.010966608047184027 -1.1386652530286892 0.002846351463713779 -0.010946756092045028 0.9999360313656771 99.42239847897933
0.9999738429504891 0.006912225686822799 -0.0021294442696711815 -0.506853986620031 -0.006886007987883132 0.9999032890898857 0.012082854416910621 -1.148083887116788 0.002212757942161885 -0.012067875239786063 0.9999247322162965 100.78012272201295
0.9999680445493523 0.007561082317874483 -0.002596130538891215 -0.5158629197164741 -0.007525171773989524 0.9998795473987996 0.013574332161721311 -1.160342773637972 0.002698454709613725 -0.013554362334704688 0.9999044942463946 102.05974268722707
0.999972801654545 0.006667765535652973 -0.0031522745003463746 -0.4754602938441608 -0.006625866324439176 0.9998919689460158 0.013120531278844905 -1.1885419118372154 0.0032394188670002294 -0.0130992881385695 0.9999089532686134 103.40770660020607
0.9999754299825279 0.006474386346261179 -0.002687328547462217 -0.4888787913772844 -0.006445087952112713 0.9999212127122099 0.010771685975975652 -1.2020472318484179 0.002756857118007651 -0.01075410146577904 0.9999383726256025 104.73627830219048
0.999984579215905 0.0048307419673647945 -0.0027395708118139305 -0.5022614953796902 -0.004804180960434841 0.9999421810858339 0.009620516447892469 -1.21456375962071 0.0027858868882535536 -0.009607206893371944 0.9999499689574654 106.01805092213274
0.9999892758312917 0.004154154244553267 -0.0020472453576712937 -0.5416088608394432 -0.004131753815569164 0.9999328473927899 0.01082724892775573 -1.2219946883710926 0.0020920861271824308 -0.010818674318808882 0.9999392878915189 107.40339564458515
0.9999943739365303 0.002850160310649671 -0.001768805628967997 -0.5316313261262421 -0.0028299911265955973 0.9999321207375309 0.011302436400974338 -1.192829961410811 0.001800899480536914 -0.01129736733482968 0.9999345609886023 108.7420073470147
0.9999989806317146 0.0005880849948895692 -0.001301110470222272 -0.5375322721762994 -0.0005709407552521228 0.9999135296817545 0.013138005243994067 -1.2379123003827972 0.001308724347716264 -0.013137249254978979 0.9999128461670782 110.08574989200147
0.9999998861278774 0.0003129789171912095 -0.0003602601160900957 -0.5619272249731754 -0.00030838040325674096 0.9999193739334027 0.012694507858500037 -1.2238666427502656 0.0003642042240835884 -0.012694395566527272 0.9999193565892956 111.44426190589368
0.9999972125572247 0.001995181697083342 0.0012625870540807864 -0.5739006423533846 -0.002006888882855367 0.9999543677267092 0.009339960482044139 -1.2518150984126202 -0.0012438946188420752 -0.00934246850401312 0.9999555845184417 112.74188910586004
0.9999878541957209 0.004497682522299239 0.0020155165782873327 -0.5619242433763232 -0.004514261324632541 0.9999553829619852 0.008297803093222884 -1.2733827556802093 -0.0019781059286913395 -0.0083068010438273 0.999963541411941 114.10161099995284
0.9999656973552249 0.007538171800113834 0.0034322102349453433 -0.5916778258611536 -0.007563343065992098 0.9999441586458749 0.00738074830341834 -1.2794239626405648 -0.0033763815067678745 -0.007406454256716301 0.9999668716918069 115.39530047325557
0.9999548595191083 0.007886578801058355 0.0052991308537126604 -0.6059075527925728 -0.007937083491653181 0.9999226274665544 0.009578193974277968 -1.3026318286340062 -0.005223182099103528 -0.009619821445406872 0.9999400869059446 116.76822890367518
0.9999499949401955 0.008307077469074579 0.005567770732910632 -0.610354839993038 -0.008372558636232461 0.9998948235956443 0.011842382453276958 -1.3017197650476335 -0.005468809999423771 -0.011888406997395557 0.999914375281551 118.05382920411374
0.9999458328063262 0.008211718759707613 0.006395241736578128 -0.6065664623849415 -0.008291079932027233 0.9998877064253708 0.012483290672039331 -1.316232685686531 -0.006292014841947123 -0.012535638195878844 0.9999016293229175 119.42959765806457
0.9999315557847871 0.00889031012810495 0.0076056636001826695 -0.6121873392387234 -0.008979520255036108 0.9998903322793936 0.011776741720196838 -1.3304332514395643 -0.007500131243013133 -0.011844231114852182 0.9999017262802012 120.73928014666357
0.9999069615257759 0.01037011593633768 0.008861657341194352 -0.6098806565236529 -0.010473852289562793 0.9998762158219875 0.011741016624627978 -1.333707211331153 -0.008738805434205976 -0.011832740182435872 0.9998918039151145 122.06523830078683
0.9998803358696284 0.011800590491955996 0.010002998745196653 -0.6083668725002673 -0.011913170498417218 0.9998655149648764 0.011270686627217785 -1.339315724064754 -0.00986865355962105 -0.011388505585319368 0.9998864493603691 123.42073654059656
0.9998484397417264 0.013196215234842453 0.011355942198734554 -0.6172619871122236 -0.01331932756186112 0.9998525917422137 0.010834681760411392 -1.352644327504592 -0.011211292385951664 -0.010984293384641807 0.9998768185226596 124.75898026402135
0.9998281241246814 0.013850560504767784 0.012324128937355749 -0.5990201637809485 -0.013977327178148726 0.9998496721040656 0.010259997566824284 -1.363480270987561 -0.01218017058165052 -0.01043049270937984 0.9998714158648986 126.11137807399699
0.9998189602687372 0.013365375991969346 0.013543019737867507 -0.607021056427937 -0.013499219953726053 0.999860462389112 0.009840063109875966 -1.3795143050749294 -0.013409614959946678 -0.010021102066606712 0.9998598700506868 127.44047623241339
0.9998197594910406 0.01274686498482837 0.014070036881685366 -0.5830954469144848 -0.012896972408346249 0.999860327424218 0.010629852949387411 -1.3821968489934913 -0.013932575552508729 -0.010809398108198684 0.9998445080359264 128.73136908011313
0.9998049775001028 0.012832355108030949 0.01501124914060645 -0.5829049337523743 -0.013002147452488422 0.9998519707680024 0.011268573149622556 -1.4024503586855812 -0.01486442595240822 -0.011461554222718447 0.9998238252890757 130.1143377700366
0.9998130491313891 0.011720842833300209 0.015378186025370716 -0.5616666587572354 -0.011893630716798992 0.999866621089508 0.011192926505519576 -1.4024636152246608 -0.015244945647120946 -0.011373736664603878 0.9998190985106282 131.43159196163916
0.9998287305391323 0.010187685041044434 0.015450587114013535 -0.5536505579752473 -0.010364028654005836 0.9998815734931418 0.01137655125666405 -1.420958199747987 -0.015332857920969447 -0.011534733351098054 0.9998159097527808 132.78535831896392
0.999836168997615 0.010234386611049901 0.014929583900015473 -0.5275711909685766 -0.010415005592993938 0.9998729030499858 0.012070850184377275 -1.4408591493238165 -0.014804149889766801 -0.012224364541434008 0.999815684042693 134.12599854198308
0.9998591746995861 0.007857953820961642 0.014828463107374868 -0.5336058969933186 -0.008041534415027394 0.9998912575539208 0.01236150492186874 -1.4466782713003945 -0.014729715724393693 -0.012479007945605504 0.9998136375523252 135.45817333262582
0.9998730944728761 0.008390030989637658 0.013542611130552886 -0.5185078015832033 -0.008553392640341136 0.9998908096183564 0.012050241868944605 -1.4593454431229473 -0.013440031631459955 -0.01216454813226485 0.9998356811583917 136.79330098150663
0.9998596784431246 0.01102021605528814 0.012616585978365895 -0.5083919149992198 -0.011184397032391932 0.9998527187118822 0.013017302656996913 -1.5066916927730685 -0.012471275347584599 -0.01315658521319591 0.9998356722760521 138.1492750721883
0.9998693910604982 0.011432225274786134 0.011423879592613352 -0.4898333533017706 -0.011581173384468426 0.9998476672300127 0.013058283957723469 -1.5277232575400421 -0.011272855060195874 -0.013188880618916638 0.9998494767540062 139.46826773270303
0.9999012151025052 0.009501521587307276 0.010357659461775375 -0.49772988064772494 -0.009639717101566705 0.9998640829185206 0.013375034948937953 -1.5319630676537304 -0.010229169349799816 -0.013473558869036088 0.999856903413769 140.85196182042816
0.9999137936010999 0.009698647274678266 0.008851078597533701 -0.4942963282712387 -0.009812224607138247 0.9998689037703969 0.012880044186515626 -1.532692878316945 -0.008724999976526175 -0.012965782871379703 0.9998778739665647 142.18554305588913
0.9999175019420457 0.009752198799466127 0.008359659885696698 -0.5012490345109648 -0.00985656622739108 0.9998728448337537 0.01253564053473262 -1.5423799426288136 -0.00823634753964064 -0.012617004159476423 0.9998864804481761 143.5212806331944
0.9999399799509494 0.007803489150871734 0.007690386394120254 -0.48124720691077444 -0.007883827496058128 0.9999140857072859 0.010472176532580936 -1.550807975953308 -0.007608006798972697 -0.01053217787910977 0.9999155921668543 144.8835740645887
0.9999739064984423 0.00438627063862417 0.005739943357313464 -0.46831102825132553 -0.004439668199820464 0.9999466811471142 0.009323315644850878 -1.5882746360644102 -0.005698743198758283 -0.009348555993868643 0.9999400626156056 146.184274540742
0.9999744777810977 -0.0047870558935081044 0.005303573733471288 -0.4822866425280389 0.004721233379897501 0.9999125305818458 0.012354801898649804 -1.5903046890355903 -0.005362253403055848 -0.012329447402327963 0.9999096113969344 147.5876605194907
0.9999300723901912 -0.011218899212705708 0.0037398723044523956 -0.4733825277742465 0.011165254479718537 0.9998386863898848 0.01406905380260725 -1.6071839441879334 -0.0038971086259756587 -0.014026313625998115 0.9998940319210944 148.9048237651316
0.9999128392303032 -0.012893242556364173 0.00284222670818001 -0.420110497196308 0.012861636587430135 0.9998581839364361 0.010871536498140386 -1.6231386702930477 -0.002981993234106435 -0.010834033440873869 0.9999368637247371 150.2043234624327
0.9999458678983254 -0.010126662451937381 0.0023899777539322913 -0.4541121620845957 0.010105073275819089 0.9999095213746929 0.008878994643492625 -1.6569866177529589 -0.0024796762953535048 -0.008854363269269187 0.9999577248344023 151.62340889279528
0.9999881697409233 -0.004120433012605998 0.002585037521473853 -0.42084156802695316 0.004105427098840637 0.9999748467581548 0.0057837109495005295 -1.6809487858006982 -0.002608804108427671 -0.005773029952116379 0.9999799329308008 152.93907418852118
0.9999714584488991 -0.0063701392524527275 0.004062465514026822 -0.44964298075286946 0.006345096048598694 0.999960970078196 0.006148013270475562 -1.6780360719683678 -0.0041014709981700755 -0.0061220611752096695 0.999972848781048 154.2984079421368
0.9999596043867789 -0.008035032701527273 0.004028381538040583 -0.4253417479826717 0.008005674861165437 0.9999416586371371 0.007251791587292105 -1.6615704625543193 -0.004086415238234968 -0.00721924886672692 0.9999655912347233 155.61528413530942
0.9998177131327085 -0.01856023844665396 0.004478623442163531 -0.43718777503283046 0.018514640781379474 0.9997784121267759 0.01001672157141242 -1.6613289521968737 -0.0046635441590199105 -0.009931975728151358 0.9999398017940482 156.94563998260378
0.999759993468279 -0.021282578884256564 0.0051968555213142845 -0.45043327048779225 0.021220602923408785 0.9997063168611858 0.011703248701219733 -1.686270074290439 -0.005444405055268733 -0.011590159645348277 0.9999180099644515 158.32680022434772
0.9997472812301684 -0.02205793084619005 0.004338360185260766 -0.4112398682723718 0.0220068341825491 0.9996917584044566 0.011492929099045939 -1.696440375886294 -0.0045905335345246155 -0.011394551250895665 0.9999245427543143 159.65803426568215
0.9997462893570879 -0.021780017674238386 0.005743496980501344 -0.4361764778098897 0.02171247893120564 0.9996972983327058 0.011570650645310763 -1.6888346853685579 -0.005993767885559387 -0.011443009694915728 0.9999165626558696 161.0162952106377
0.9997688853657439 -0.02050726491231364 0.006451972787327826 -0.4205331947252255 0.02043590977740907 0.9997313338012318 0.010937723615886071 -1.6934425117833918 -0.006674542709818815 -0.010803344005935314 0.999919365866614 162.34535910162674
0.999776956444291 -0.01931374530014636 0.008544976281950372 -0.47406655481706833 0.01922934432147162 0.9997665608130788 0.00985170983500944 -1.6957697464256851 -0.008733255692903546 -0.009685198352481645 0.9999149599710813 163.68555232260312
0.99979084522409 -0.01826532552664568 0.009200201332695486 -0.48522390201718224 0.018182448224697525 0.9997940624623565 0.009012837003025591 -1.6931782768780255 -0.00936292985038749 -0.008843669893443798 0.9999170590819555 165.04439264236262
0.9997853279169697 -0.01836222090749194 0.009598277984298331 -0.49139802120133336 0.018267264709660537 0.9997842345353466 0.009888953610508034 -1.704484309760106 -0.009777790975202837 -0.009711496612944412 0.9999050363076022 166.4058868214266
0.9997774241635261 -0.019023891814421868 0.009121057374977988 -0.460727282310579 0.018932526189656844 0.9997707437273532 0.010000971368898099 -1.7167633072312363 -0.009309224490051818 -0.009826060908237873 0.9999083892350203 167.72839781272677
0.9998135413743231 -0.017176868277329803 0.008822567455057332 -0.46003247270189973 0.017105428534857282 0.9998207989646363 0.008110133248064876 -1.7190819142115283 -0.00896029388184643 -0.007957707383077306 0.9999281914327793 169.10787600864546
0.9998542725763048 -0.015078966111292119 0.008003649703925853 -0.4368844459671127 0.01502390085528207 0.9998633527623365 0.0068962449505256315 -1.7466564498163335 -0.008106544949678066 -0.006774994054280286 0.9999441901323367 170.5088108909089
0.9998438348787471 -0.015660053839691778 0.008189541206809767 -0.45512616555694596 0.015604567167610632 0.9998551454170319 0.006796002892659171 -1.7204782292824312 -0.008294781379847299 -0.006667147460883304 0.9999433712672914 171.83331633003363
0.9998533348900027 -0.014921981117732559 0.00840495125688795 -0.4586566793692948 0.014858906099432904 0.9998613386916458 0.007517731535945609 -1.7086024382991551 -0.00851596597596277 -0.0073917406928656814 0.999936418222723 173.20660303844517
0.9999094363571168 -0.009867029925032803 0.009152093812135755 -0.4524956392038151 0.009782691377067882 0.9999096897900753 0.009214727388101454 -1.7324857343027456 -0.00924219004846048 -0.009124360924365823 0.9999156604217347 174.61317342522648
0.999940729008909 -0.006158478920181332 0.008978397464391451 -0.4621679211043847 0.006052427305873305 0.9999121591399013 0.011791612111490062 -1.7485969335238234 -0.009050227943755568 -0.011736572332219409 0.9998901670889905 175.979250495515
0.9999182538632518 -0.009979392141394946 0.007993581186832802 -0.4515667669506441 0.009877386018554136 0.9998705589082054 0.012700498398848719 -1.7509840445052687 -0.008119290418101608 -0.012620504729615865 0.9998873936505517 177.38976403310068
0.9999211102102534 -0.010641282367584473 0.006673565906718422 -0.4521416714343515 0.01055784327950716 0.9998671780659892 0.012416044344642956 -1.7529576785723024 -0.0068048027088652855 -0.012344606612181752 0.9999006477374203 178.7824603153951
0.9999057036038463 -0.012739374328780547 0.0051275976890693305 -0.4596761094000983 0.012696444225731124 0.9998847843017774 0.008319760409339374 -1.7555854622032119 -0.00523299588612208 -0.008253873776518133 0.9999522435188722 180.1202882234101
0.9999331591958956 -0.011056022070591838 0.0033825331896293505 -0.4923713805161462 0.011037529384429614 0.9999242977103179 0.005437994328941375 -1.7983037957567547 -0.0034423999951774457 -0.0054002961347289925 0.9999794931302015 181.54097713773461
0.999975547289287 -0.006774241575678203 0.0017362272379712244 -0.46151047358129055 0.006767273573898617 0.9999691475109898 0.0039884866382380426 -1.797789424104267 -0.0017631927883476205 -0.003976639655980541 0.9999905386985609 182.92963263437755
0.9999918616156834 -0.0038288520163628995 0.0012714565382358277 -0.4615319107519786 0.003821757683389302 0.9999773720228061 0.005536208447889923 -1.8155940212180424 -0.0012926251951090697 -0.0055313042983408615 0.9999838667660417 184.25556681878552
0.999996124207924 -0.0007974346308776935 0.002667521673730389 -0.4986270247546663 0.0007769195703169109 0.9999701841346295 0.007682918346496065 -1.8254837244277886 -0.002673568984076626 -0.007680816267909032 0.9999669279976329 185.7167015498362
0.9999933633455916 0.00142375451526419 0.0033535338953333224 -0.5353634079654666 -0.0014572882903453755 0.9999487528658076 0.010018380712983083 -1.84075659162461 -0.0033390985957163256 -0.010023201486055504 0.9999441913685219 187.0873149875657
0.9999929317233262 -0.0017267931325296946 0.0033398646160931883 -0.5222730483536171 0.0016912588684776502 0.9999422482749093 0.010613187653378531 -1.8452356867800994 -0.00335799878777789 -0.01060746426579448 0.9999381008569457 188.53578194704198
0.9999925262803128 -0.003028737982759936 0.002402943460977776 -0.47690349950828487 0.003001523839472173 0.9999322194838941 0.011249323730403986 -1.8510151036341433 -0.0024368520389199903 -0.011242027381303062 0.9999338370978521 189.93955408093203
0.9999805691847589 -0.005515954108927313 0.002904395623236697 -0.5019156029848704 0.0054813160766615555 0.9999153296343158 0.011802064444453723 -1.870442902482549 -0.002969249593869458 -0.011785915435954709 0.9999261351493207 191.29832360675522
0.9999577502062019 -0.00845148385571358 0.0036152782394816645 -0.5293342736769496 0.008407742350303648 0.9998932721102154 0.011947980746650448 -1.8670694993857702 -0.0037158708586356617 -0.011917079844354061 0.9999220847203845 192.74346661913265
0.9999438091461184 -0.00994975980753166 0.003657983648986716 -0.5071012873328572 0.009902696488920632 0.9998707383138589 0.012666619576884024 -1.8820123474646135 -0.003783540943032561 -0.012629684165109444 0.9999130841708247 194.10869410626208
0.9999203701090634 -0.012022308225957417 0.003836347313386992 -0.4914974138880854 0.011970047427427485 0.9998390116742898 0.013366700546098282 -1.8872775696473256 -0.003996428626281362 -0.013319715147976594 0.9999033021982936 195.56793125994614
0.9998575118203099 -0.016251598034378624 0.004565263672252667 -0.5009933910737339 0.016185881905032316 0.9997698459628622 0.014080920265724507 -1.8916017159950476 -0.0047930508070367925 -0.014005021342062062 0.999890437018687 196.96216860919668
0.9998964859302261 -0.013645518790368273 0.004562593199274754 -0.5069447124542172 0.013593043939744878 0.9998432929245056 0.011341020075635151 -1.9153800101035803 -0.004716632699657655 -0.01127782679865667 0.9999252792070406 198.41177060928834
0.9999551504162986 -0.007998976167683055 0.005070853050017558 -0.5405618893064026 0.007970149142719459 0.99995210661477 0.005679893409046311 -1.9260609951243728 -0.005116043948920295 -0.005639223313962908 0.9999710122050778 199.84193120534715
0.9999720816950074 0.0022372572659531765 0.007129552099035829 -0.5523466414131992 -0.002274255113329878 0.9999839692081374 0.00518546942967696 -1.9302020989981397 -0.007117837174954705 -0.0052015391789164015 0.9999611394342681 201.32304867390346
0.9999404350169382 0.008724072978048574 0.006558731285827207 -0.5189950193100761 -0.00877945219536166 0.9999256495056752 0.008462664853117256 -1.9455919879918395 -0.006484415276790025 -0.00851974301173934 0.9999426815241202 202.7328953277627
0.999926102681505 0.009100252046291592 0.008060680835727335 -0.4935183291208003 -0.009187956460395389 0.9998982597433327 0.010911078534433863 -1.9475204180709935 -0.007960567839657748 -0.010984333636535093 0.9999079826519628 204.155924972058
0.9999392267357956 0.0069214884541163755 0.00858113192639872 -0.5490950975963251 -0.007019014361616481 0.9999105244061967 0.011387564687604221 -1.9495057664077209 -0.00850154593665747 -0.011447103940355377 0.9998983385950433 205.60188213870774
0.9999635214992332 0.0045385414416834295 0.007235835153170608 -0.5427970849424907 -0.004622414981179651 0.9999218351422097 0.011617094738912016 -1.9676543665026203 -0.0071825454970987565 -0.011650118224774311 0.9999063385052652 207.04609918510738
0.9999776399693617 0.003479479035400978 0.005710760587335068 -0.5225920864403112 -0.003543330805754083 0.9999308975200288 0.011209147787357501 -1.9794963296760695 -0.005671364435306003 -0.011229132483753014 0.9999208679725796 208.47539805288338
0.9999751210400373 0.004414806723932455 0.005501525240141665 -0.5433547657834551 -0.004471672169412139 0.9999362608244289 0.010367180979031082 -1.982406686745213 -0.005455405930069186 -0.01039152427540954 0.9999311250116049 209.98890895623364
0.9999687631367523 0.0052489034794886555 0.005909463493589949 -0.5709232201685025 -0.005311650421609894 0.9999291491686869 0.010652840902512634 -2.0022536800305635 -0.005853129555843202 -0.01068389735526631 0.9999257948514124 211.43658717014802
0.9999704110925343 0.005721872201283113 0.005141703233515562 -0.5475485175990168 -0.005777910713605481 0.9999233448654969 0.010950805833743103 -1.9952619629512067 -0.005078650404756064 -0.010980190330225273 0.9999268186865228 212.87923531174658
0.9999706096885398 0.00647039987628302 0.004112624003225617 -0.5347040669379088 -0.006514606869215447 0.9999201532913653 0.010828063011556902 -2.0169695303452486 -0.004042234059401928 -0.010854537115598467 0.9999329174333266 214.33178847876562
0.9999700302723689 0.006850544297712388 0.003606742315757881 -0.533149659217176 -0.006886871803341929 0.9999246922153392 0.010157800233881888 -2.0260149459849552 -0.003536884530610637 -0.010182335182389667 0.9999419035609283 215.78989381190465
0.9999720485957362 0.006638459079813499 0.0034398951869209927 -0.5433128420450419 -0.006670900478886067 0.9999325581300101 0.009506749652314714 -2.0361789153211483 -0.003376553303467647 -0.009529431313919045 0.9999488931067628 217.3100535825761
0.9999660237457699 0.00767474121309258 0.0030082700872366246 -0.5477458167360971 -0.007703203540306555 0.9999245671916281 0.009566639693423208 -2.0607616444952415 -0.0029346219217780962 -0.009589488164121718 0.9999497135907499 218.7664049346175
0.9999624093842007 0.007887950900111592 0.0036000050952398254 -0.5876578834431364 -0.00792040625524506 0.9999273004335132 0.009091810957414083 -2.061196524519659 -0.0035280279092729247 -0.009119982876437937 0.9999521883219585 220.2585098804779
0.9999647674790564 0.007702620986806542 0.003336677730120771 -0.5754661120141799 -0.00773271481700588 0.9999286773038976 0.00910194706230822 -2.08008347687993 -0.0032663311699411154 -0.009127428138229995 0.999953009463443 221.74775351531628
0.9999511397725158 0.009483545716920951 0.002789338744227365 -0.5874242597865624 -0.009508004241129516 0.9999152806706906 0.008889845614383642 -2.0951667126343514 -0.0027047953979789357 -0.008915932479906769 0.9999565941725057 223.2232170181167
