1.0 -3.469446951953614e-18 0.0 -1.5585406229479126e-19 0.0 0.9999999999999999 -3.5744790374131474e-19 0.0 2.168404344971009e-19 -2.405573570202213e-19 1.0 0.0
0.9999995697529869 -0.0009035185326197234 -0.00021011709727722654 0.0012891276216170076 0.000903796358909437 0.9999987129066772 0.0013256453147696286 -0.018216159629967657 0.00020891910052226316 -0.0013258346730921405 0.9999990992574778 1.3106429997350186
0.9999992323312992 -0.0012002754356155998 -0.0003076963959051718 -0.015055864802535863 0.0012007249949929633 0.9999982063176036 0.0014647931469521506 -0.034021255080913845 0.00030593771589031713 -0.0014651615094375592 0.999998879851664 2.6141899142329907
0.999997561534678 -0.002016464188970994 -0.0009004434703177189 -0.01358652603936926 0.0020175973651444887 0.9999971718679591 0.0012591877294755706 -0.07095039369177104 0.0008979018938242882 -0.0012610014154039386 0.9999988018239152 3.9411442404380677
0.9999961442371935 -0.0027606352111989828 -0.00030067841214528575 -0.02806895557000899 0.0027609829980367127 0.9999955135124793 0.0011618621343745404 -0.08574912628759192 0.00029746961191022005 -0.001162687843538425 0.9999992798344685 5.254375608907241
0.999995814066181 -0.0028303541258993693 -0.0006007901254081341 -0.02672616648089507 0.0028312541190633235 0.9999948637132252 0.0015021794006944266 -0.10008584476711002 0.0005965353917424003 -0.001503874130147648 0.9999986912538037 6.577230983005059
0.9999918031335833 -0.004024327297954855 -0.00044548877083233846 -0.03180394384092773 0.004025403846579444 0.999988916254247 0.0024420251011342403 -0.13858769081752095 0.0004356563639521854 -0.002443798401832731 0.9999969190222721 7.9150229032219634
0.9999914250718731 -0.004135787509353906 -0.00021224913506580974 -0.05323669087010804 0.0041363349176266745 0.999987945728949 0.0026455857845989264 -0.15558706214977658 0.00020130501536301678 -0.0026464410815579 0.9999964779071476 9.229576485056485
0.9999927087605112 -0.003743505809972786 -0.0007540517538649474 -0.052767016171030495 0.003744987438202811 0.9999910414658181 0.0019728283447268255 -0.18023545388674084 0.0007466597692592099 -0.001975637911389921 0.9999977696752973 10.562023106694165
0.9999990656867828 -0.0011716530973890846 -0.0007041699219353216 -0.06678026711167158 0.0011713006269742279 0.9999991885964815 -0.0005008587266180303 -0.2006143000036664 0.0007047562424779619 0.0005000334741670155 0.999999626643041 11.881535132807198
0.9999976061974802 0.002055835114088028 -0.0007490904341836385 -0.06930090955938836 -0.002056938414788184 0.9999967968455619 -0.0014748921168160677 -0.23096729899508933 0.0007460559614361705 0.0014764294460244862 0.9999986317778761 13.224503912634708
0.9999874632003826 0.004977764734939974 -0.0005434056898233886 -0.09202327494078055 -0.004978614113863276 0.999986370294547 -0.0015724619317718034 -0.24894668254251684 0.0005355709814634237 0.0015751476521664396 0.9999986160361807 14.562139047496558
0.9999862353440423 0.005244285257826483 -0.00016304605159030605 -0.11057215715184711 -0.005244437516768806 0.999985800648192 -0.0009457206574673255 -0.2782108809256547 0.00015808411978515484 0.0009465627392894983 0.9999995395141567 15.912467784164315
0.9999935718176566 0.0035842337154852596 -9.79041442892045e-05 -0.09990904543130864 -0.003584056948668264 0.9999920427058636 0.001751875309817216 -0.30568423453054655 0.00010418250577912602 -0.0017515131917656363 0.9999984606728163 17.26081843321837
0.9999994630837029 -0.0009758164780093535 0.0003487356552799798 -0.12798765809698232 0.0009744592719536267 0.9999920321458546 0.00387118477914439 -0.3327534688369024 -0.00035251046908166533 -0.003870842947208352 0.9999924461272365 18.612836568753593
0.9999959824060538 -0.0028260404688024952 -0.00022061450561026074 -0.11105713341182817 0.002826459898815286 0.9999941551318628 0.0019237521007517294 -0.37061077172020707 0.00021517663480155342 -0.001924367965890414 0.99999812525205 19.957386087834657
0.9999937141127292 -0.003544887657959909 7.424008202298903e-05 -0.1305771521021382 0.0035449246886605276 0.9999935909373086 -0.0005015858481483961 -0.37208939161178023 -7.246154701895423e-05 0.0005018458833996861 0.9999998714499219 21.307807000009483
0.9999987204806806 -0.001566304401980868 0.00032516211473391284 -0.13781110851302159 0.0015668279380681108 0.9999974671092603 -0.001615804148996918 -0.4293308798104964 -0.00032263047845686285 0.0016163115879485833 0.9999986417219645 22.660502833293883
0.9999993084582256 0.0007364581509407163 0.0009169037907656899 -0.13741174480431229 -0.0007360765485599861 0.9999996423575405 -0.00041650617283268466 -0.4267042135980529 -0.0009172102801074482 0.0004158309818020172 0.999999492904127 24.03071404784359
0.9999980425629403 0.0007729225832815434 0.0018213901779080672 -0.15029738291184547 -0.0007796362522184668 0.9999928947798036 0.0036881645516844094 -0.4498070352713641 -0.0018185267215922686 -0.003689577425978561 0.9999915399528294 25.423097158188767
0.9999973749564762 -0.0009479038201837924 0.002086039984169199 -0.14506281899740447 0.000938415343249361 0.9999892316716984 0.0045448778646999186 -0.47152821869251477 -0.0020903258009926998 -0.004542908449382074 0.9999874961813472 26.789504801574
0.9999884232722525 -0.004403420638992012 0.0019399012123973102 -0.15106962500266438 0.004396153010319667 0.9999833616410233 0.0037350064486427687 -0.5076646854299085 -0.0019563159021002688 -0.003726435175419247 0.9999911432143125 28.16098754540896
0.9999844989283455 -0.005235849056463777 0.0018941481006074564 -0.16775437618542732 0.005233514308908236 0.99998554163619 0.0012356535211630717 -0.5174420582195587 -0.00190059056890233 -0.0012257213346256476 0.999997442676873 29.518893304091108
0.9999841704671463 -0.005021119570909883 0.00253913041629691 -0.1647111614789985 0.005022800246806857 0.9999871705909963 -0.0006558388747942511 -0.5665139406927568 -0.0025358050098358807 0.0006685820571374891 0.9999965613378713 30.908617948918533
0.99999252880055 -0.0025274487336946223 0.002924782630491423 -0.1715271711980465 0.0025332802603248855 0.9999948076110837 -0.001991792777945988 -0.569316040235486 -0.002919733537943826 0.001999187234682715 0.999993739181669 32.29242322480861
0.99999367105553 -0.000833642916401511 0.0034587416743244066 -0.17962681685507495 0.0008471383695588565 0.9999920275814724 -0.0039021954036375377 -0.6146550080922636 -0.0034554613573718734 0.003905100820060783 0.9999864048925395 33.674786477712345
0.9999929967628208 -0.0003683210053090132 0.003724348274667745 -0.19565055824780297 0.0003825436002643512 0.9999926351190476 -0.0038188175748668967 -0.6304115377466809 -0.0037229146122623614 0.003820215634986273 0.9999857728260724 35.06947770153137
0.9999947234167971 -0.0005846223789658812 0.003195521897462415 -0.19107084193458038 0.0005917015863926445 0.9999973721721076 -0.0022148447737364726 -0.6746378102850925 -0.003194218924062951 0.002216723929037826 0.9999924415195688 36.460469571617445
0.9999948978471142 0.0007264990976066808 0.003110704346206585 -0.20644779026863308 -0.0007228686801243524 0.9999990565565372 -0.0011680531877089827 -0.6948010563742001 -0.003111550264968505 0.0011657986223316055 0.9999944795669872 37.86098140694935
0.9999927507821618 0.002814943444809476 0.0025640738685146804 -0.2015472317161861 -0.0028131839628949187 0.9999958052002839 -0.0006896252639773982 -0.7204382468027186 -0.002566004586444992 0.0006824070666299209 0.9999964749625894 39.25958465251922
0.9999859444300054 0.004284759965890586 0.003122782454385982 -0.21675990198109074 -0.0042821804872722686 0.9999904850399148 -0.0008323269619903405 -0.7417002820358145 -0.0031263193276287867 0.0008189429604726454 0.9999947777142812 40.65457522801132
0.9999652357035502 0.007682021776901545 0.0032425165395519187 -0.23450616731231208 -0.007680651739768585 0.9999704087881568 -0.0004349175571835829 -0.7794057961790253 -0.0032457619108263395 0.0004099978021190172 0.9999946484493258 42.076900496472845
0.9999571313610492 0.008783178669846554 0.002931074393571511 -0.23713332079691865 -0.008782110600537777 0.9999613653670079 -0.0003772613049746656 -0.8064131587529835 -0.0029342749548543516 0.00035150411538220595 0.9999956332262344 43.468088303084805
0.9999656933034267 0.007920064498126763 0.002425856715287264 -0.24375087606542628 -0.007918873075249135 0.9999685199582906 -0.0005005583515243059 -0.8345758868829306 -0.0024297450098814065 0.0004813311329921717 0.9999969323234182 44.89683639785726
0.9999707130244772 0.007501724257948284 0.0015156558798691579 -0.23499436768911944 -0.007500169391053283 0.9999713436153345 -0.001029282871377557 -0.8707583135456307 -0.0015233339729834347 0.0010178850665142425 0.9999983216792652 46.29012790782701
0.9999749600854508 0.007020960085643831 0.0008861761935700001 -0.2598535719793559 -0.007020463628944175 0.9999751979811035 -0.0005626080185581077 -0.90032409176113 -0.0008901043391825966 0.0005563725694788499 0.9999994490810807 47.72272711001578
0.9999737407494531 0.007240382328622592 -0.0003076680380780627 -0.257046058355586 -0.007240351129974965 0.9999737829222335 0.00010391764625353616 -0.9265020654331038 0.00030841240108785313 -0.00010168730062714829 0.9999999472709874 49.124434323662165
0.999967023134401 0.0080407725876898 -0.001139561665091259 -0.27788105036638794 -0.008040580574607204 0.999967658977782 0.0001734351917921359 -0.9566089419025382 0.001140919459470212 -0.00016426674537953488 0.999999335660331 50.545654600239686
0.9999662572652933 0.007903622198798612 -0.0022398808490923547 -0.28811844867511505 -0.007902682257880192 0.9999686815581489 0.00042840731735106357 -0.9760853744129885 0.0022431968584901824 -0.0004106918110437478 0.9999973996986246 51.99306472959684
0.9999596151196586 0.00837363886164509 -0.003263476351194645 -0.30553604912387705 -0.008369046626612106 0.9999639728878991 0.0014184508167199188 -1.0122521672727272 0.003275236649825094 -0.0013910813835012943 0.9999936688417719 53.39729199532092
0.9999678762931251 0.006890093460169928 -0.004095481895109351 -0.31667162557895745 -0.006881570499331826 0.9999741342001727 0.002091633800405469 -1.0374305427712545 0.004109787863104527 -0.002063383311273453 0.9999894259946592 54.85360387655986
0.9999784477414024 0.004423941519306501 -0.004851059291241842 -0.31327853876966916 -0.004410822457614039 0.9999865953049963 0.0027118007814936024 -1.0557462464920613 0.004862991525198765 -0.002690345235166691 0.999984556563707 56.260121623248
0.999982745583291 0.002748329064202449 -0.00519184050889653 -0.33806095312272155 -0.002736967931379261 0.9999938473621796 0.0021941396645323097 -1.086168806416066 0.005197839224042401 -0.002179891954252615 0.9999841151483945 57.68867247019316
0.9999861762077963 0.0013537225472378166 -0.005080828307797905 -0.35800178059489246 -0.0013423301005935223 0.9999965790589366 0.002244999380609687 -1.108682297899186 0.005083850464219331 -0.0022381482467168983 0.9999845724646313 59.13265237285768
0.9999877985469832 0.0011429290671692953 -0.004805877552649138 -0.3648608867379003 -0.0011295253291005204 0.9999954676972779 0.0027908347888346225 -1.1445412384278544 0.004809045905749839 -0.0027853724358570912 0.9999845572746305 60.53349970069778
0.9999902577986037 -0.000902028603649855 -0.004320954235011573 -0.3795945037006609 0.0009177084243211266 0.9999929970900344 0.0036281648191340155 -1.1672580838196174 0.004317651635201565 -0.003632094923333713 0.9999840827632146 61.99359915418156
0.9999867993491495 -0.0032824065124380936 -0.003953091473724061 -0.39082333869735425 0.0032949659511013196 0.9999895320158375 0.003174752408711252 -1.1897653983975165 0.003942629600844061 -0.003187735865244843 0.9999871469273421 63.390129049016
0.9999852595096693 -0.00409691442280722 -0.003563152345966397 -0.40086551739883436 0.004104235679140549 0.9999894768110161 0.002049758713921722 -1.220749938493726 0.0035547174665665803 -0.0020643525569054993 0.9999915511838784 64.81042277827436
0.999988692317509 -0.0038917431067449493 -0.0027330520016767244 -0.4130693710394792 0.0038973018545905794 0.9999903421111215 0.002031432261655315 -1.252597767929776 0.002725120025886762 -0.0020420608589856305 0.9999942018399207 66.26372891893442
0.999995782981742 -0.001997509023167327 -0.0021080739605963753 -0.4288949183832945 0.0020014511773040877 0.9999962495462364 0.001869514196877188 -1.283623222894472 0.002104331862378297 -0.0018737255573254507 0.9999960304640584 67.6325984482637
0.9999987033507891 0.0006223477742382357 -0.0014852530052731506 -0.4463738453143725 -0.0006177791337020127 0.9999950828698118 0.0030745057432824785 -1.3102177127029324 0.0014871592420297992 -0.0030735842606778698 0.9999941707031367 69.10326721288486
0.9999916933170662 0.004023847087595046 -0.0006495712852082329 -0.45909023559930007 -0.004021109803665105 0.9999832538008684 0.004162066846784422 -1.3372922899235165 0.0006663079873390266 -0.004159420361955675 0.9999911275895819 70.45953982903211
0.9999682448355917 0.007962003498726994 0.00034030009907490256 -0.4823932190587671 -0.007963576762129566 0.9999562773441835 0.004901516192957861 -1.366757673012283 -0.00030125935316434446 -0.004904070652976591 0.9999879295944092 71.91497701377747
0.9999336224522498 0.01149660281747541 0.0007607805330815832 -0.48881361349367913 -0.011499836199074952 0.9999242349581334 0.004390687533809925 -1.3802696871638414 -0.0007102449590158841 -0.00439914503718626 0.9999900714881953 73.2763884618945
0.9998787424349065 0.01549957487746332 0.001504515446026329 -0.5036594361151429 -0.015505304817243673 0.9998722809418743 0.0038739342426657142 -1.4071462394681198 -0.0014442790767092485 -0.00389679255692871 0.9999913644949632 74.67594713638687
0.9998403984481655 0.017719994225602734 0.0022758272161554722 -0.5174744621637659 -0.01772875200921702 0.9998352780330825 0.0038869269341546293 -1.437972881054151 -0.002206576198952587 -0.0039266542400894396 0.9999898561514562 76.1127552341948
0.9998437215154702 0.017479138488593806 0.0026480594794422137 -0.5233302433741385 -0.017490102149168626 0.999838320475234 0.004174839318829947 -1.45842334840363 -0.0025746589630384993 -0.00422050180654223 0.9999877791719489 77.48382758617933
0.9998607423588446 0.01647801527705215 0.002640238850568622 -0.5267078467213376 -0.016488898622857774 0.9998554183404575 0.00415435685477134 -1.4937005198675803 -0.0025714017796396368 -0.004197313052842041 0.9999878851533864 78.90025665996748
0.9998776857502939 0.01544671083433588 0.002452065594624216 -0.5331408579661332 -0.015454130296779708 0.999875969101973 0.0030358374661939775 -1.5142676647625397 -0.0024048679609318287 -0.0030733607516594892 0.999992385501598 80.27166938739586
0.9998831930239851 0.015129201142321209 0.0021696876325776856 -0.5379082235905259 -0.015135821397220995 0.9998807414771415 0.003067535257778884 -1.5499567431379269 -0.0021230196987372984 -0.003100017023719268 0.9999929413148569 81.64658212898738
0.999892571394346 0.014553137069805367 0.0017469507254581154 -0.5450421303302175 -0.014558982800297658 0.9998882963306974 0.0033809639728351387 -1.5695417162573422 -0.0016975520941189945 -0.003406034663054042 0.9999927585953238 83.06741741773095
0.9998949775622548 0.014411818806871417 0.0015275109437434577 -0.5623595092545954 -0.014415716072979125 0.999892782255035 0.002571217761894138 -1.596342316647323 -0.0014902913676954651 -0.002592967951334658 0.9999955277636118 84.4167914382566
0.9998917781400847 0.01469377785277974 0.000724474591837352 -0.5686725521548617 -0.014695795467957191 0.9998879159995255 0.00286165528778793 -1.6176731610452841 -0.0006823449189764681 -0.0028719923918612373 0.9999956430228357 85.83204718583777
0.9999060526387616 0.01369799758624487 -0.0005007227376929973 -0.5800277413722806 -0.013696103721195617 0.9998996888161479 0.003609581949707832 -1.6514878491964462 0.0005501166029993378 -0.0036023849704004394 0.9999933600758865 87.17553112747115
0.9999206259131128 0.012485863739543617 -0.0016867267014914577 -0.58420049615337 -0.012477629569097391 0.9999105940121209 0.00480757442592808 -1.6793044392885048 0.0017466027679290267 -0.004786146583451266 0.9999870210076212 88.56580287679722
0.9999398376166315 0.010623276870818923 -0.002732600654740849 -0.5902588158052324 -0.010609021352514828 0.9999303071802621 0.00517971732564126 -1.7052165905500813 0.0027874360224271052 -0.005150415594725585 0.9999828515658601 89.94738270492093
0.9999554409706377 0.008673435810956835 -0.003726601479275769 -0.6008755073099991 -0.008652880241694132 0.9999474527818366 0.005497213490607472 -1.7301991004029258 0.003774085707904981 -0.0054647228212227434 0.999977946301767 91.31921480683958
0.9999607200139053 0.007876700273906311 -0.004063987895404115 -0.6177084090367914 -0.007857387473447348 0.9999578648246633 0.004746583301452475 -1.7532650796205547 0.004101204422457744 -0.004714464630434479 0.9999804767865924 92.69396159235956
0.9999679247892803 0.006779365823127997 -0.004264923162459126 -0.6318933611896201 -0.006759817374138265 0.9999666569055226 0.0045814800166727775 -1.7831800352556386 0.004295840852058164 -0.004552503061458007 0.9999804100463375 94.0150700803178
0.9999693204310955 0.006447618295876581 -0.004448189881025131 -0.6527152894975161 -0.006429468348842299 0.9999709963491283 0.004082696352294499 -1.8033672271014523 0.004474384915971991 -0.004053971689361115 0.9999817724351829 95.41283707329548
0.9999755458616467 0.005543158941096827 -0.004263924082432369 -0.657742317226365 -0.005529681832288441 0.9999796989059189 0.0031661341080044514 -1.8227131559084109 0.004281388268701203 -0.003142478609055406 0.9999858971762702 96.75711796537257
0.9999688833863786 0.006712603162720473 -0.0041440555186597755 -0.6753125898607402 -0.006702120812805138 0.9999743189290872 0.0025383207521443023 -1.8512002996429375 0.004160988188026862 -0.0025104678654637343 0.9999881917986383 98.0928994243553
0.9999624600419147 0.007784043887517346 -0.0038061981079055745 -0.6967784398031288 -0.00777384102057793 0.9999661698951643 0.00268821074545145 -1.8706876833211572 0.003826994819316554 -0.0026585211126228204 0.9999891431329438 99.48101542798095
0.9999624978725091 0.007767963170822704 -0.0038290433660410055 -0.7044525213883005 -0.007752188483912822 0.9999614735569838 0.004117643868320936 -1.9023628024442796 0.0038608818816345983 -0.004087806071688666 0.9999841915953948 100.80121213702526
0.9999593580930035 0.008226148989901186 -0.0036895271317846914 -0.7272619400366113 -0.008205856110723846 0.9999513041177587 0.00548209221004798 -1.925085015104186 0.0037344442937890885 -0.0054515937953937815 0.9999781667912347 102.13320491387475
0.999958827962297 0.008365821799729637 -0.0035150222349525943 -0.7404460215987061 -0.008350261096037568 0.9999553732910266 0.004418663044533156 -1.9491608249414776 0.003551831421887127 -0.0043891298615567394 0.9999840598930122 103.49172763553115
0.9999603166014372 0.008273945149166248 -0.003302579317149428 -0.7507125426597284 -0.008267871260670953 0.9999641116138963 0.0018487310762909882 -1.9725530140633374 0.0033177573737542573 -0.0018213524566710656 0.9999928375581343 104.81457894577163
0.9999682882383373 0.007091722621724014 -0.0036235295626287217 -0.7730278094071213 -0.007090114373532063 0.9999747605795605 0.0004566144394722324 -1.9962948533465226 0.0036266765961666374 -0.00043090873726406255 0.9999933307483887 106.12816027400032
0.9999784996645539 0.005736125893432259 -0.0031775857468758946 -0.7782182012479896 -0.005730399693981956 0.9999819460218009 0.0018083586282615512 -2.0300722155129796 0.003187901622048544 -0.0017901109538219129 0.9999933163737024 107.49596718969052
0.9999933868003396 0.0024663135676812617 -0.0026727595979917293 -0.7858935372328465 -0.0024568997490883333 0.9999907873875646 0.00351977091270351 -2.0466850668399417 0.0026814160629422164 -0.003513181006683684 0.9999902337385892 108.84291168495872
0.9999971744735611 0.0014187909843754185 -0.001907372897308469 -0.8039742575695362 -0.0014104766859488636 0.9999895292724305 0.004353378282968983 -2.076250660249676 0.0019135296247331608 -0.004350675765773961 0.9999887049506959 110.17042155632512
0.9999987815576071 0.0008743352252620108 -0.0012932198657720302 -0.81321420318251 -0.0008700962649583737 0.9999942592460515 0.0032748142294216193 -2.102792252277912 0.0012960758392821427 -0.0032736850797212913 0.9999938015688918 111.48708852412942
0.9999975754094191 0.0021433395752419922 -0.0005052387231748898 -0.8241489724882333 -0.002142937944252573 0.999997388362312 0.0007944112190691425 -2.125994821854394 0.0005069401400221039 -0.0007933266154061859 0.9999995568226487 112.80954926439631
0.9999869346969571 0.005049221857425731 0.0007973614707893061 -0.8228497097987969 -0.005048297507470582 0.9999865874067982 -0.0011574578990365683 -2.1604584759724577 -0.0008031951069738814 0.0011534174780932556 0.9999990122517312 114.16334375908039
0.9999675184461843 0.007798853758476344 0.002034679032197263 -0.8448998795712688 -0.00779542889320062 0.9999681938002554 -0.0016860287785799334 -2.1811194582063687 -0.002047763583582108 0.001670112846640296 0.9999965086861248 115.47011959716177
0.9999552326506936 0.008793347611560143 0.003494240585949132 -0.8557077173881613 -0.008793771825216302 0.9999613284435824 0.00010589493722905633 -2.208859045567796 -0.003493174582888275 -0.00013661775759325577 0.9999938895126419 116.83623914481733
0.9999554586073949 0.008369562364430299 0.004362477966565892 -0.8646598058811086 -0.00838114508922556 0.9999613835004791 0.0026434697773223084 -2.232734822514922 -0.004340185182919423 -0.0026799146499812774 0.9999869903381131 118.12865305628627
0.9999529383266489 0.008131509387800953 0.005291471930316635 -0.8643005067726978 -0.00814964176116708 0.9999609627936612 0.0034141243052630767 -2.2629264539453233 -0.005263503824720375 -0.0034570873015631527 0.9999801718383377 119.50521717223921
0.9999416930996239 0.008766815273871685 0.006305024825534957 -0.863488428463201 -0.008782767039741825 0.999958288880493 0.0025066952581429725 -2.2870198495146314 -0.006282786631042229 -0.0025619247168299133 0.999976981299099 120.82145407964228
0.9999159478979722 0.010443972816080126 0.007682483570872597 -0.8618517108264176 -0.010462227303340342 0.9999425321856654 0.002339690071391614 -2.310426895090127 -0.007657607061656488 -0.0024198693543567083 0.9999677521200568 122.12794785824832
0.9998882614085929 0.012081735893282784 0.008803200151176731 -0.8679112956108792 -0.012096537942458865 0.999925505596612 0.0016300478616418474 -2.330655012622573 -0.008782851295846387 -0.0017363540033616895 0.9999599224925119 123.50098436819464
0.9998668908779553 0.012889277807089818 0.010003350376973068 -0.867680581795629 -0.012897198615832864 0.999916562950264 0.0007276243799281296 -2.3572341389027316 -0.009993138018769061 -0.0008565427417419481 0.9999497004951419 124.82371857555827
0.9998418394231584 0.013872829073823256 0.011128374720016068 -0.8600738552552327 -0.013872007730997728 0.9999037676759532 -0.0001510761777875224 -2.3825051716600956 -0.011129400606029677 -3.320618289805485e-06 0.9999380662943836 126.14986289013815
0.9998364007393449 0.013568646423503637 0.011960918151066266 -0.8560037490611316 -0.013564869623907325 0.9999079141646062 -0.0003969094729061114 -2.411337197414505 -0.011965203256418595 0.0002345962474791622 0.9999283868704729 127.49351449731269
0.9998328932130144 0.012872355072450657 0.012980296533967957 -0.8558745086117293 -0.012879015511105783 0.9999169697740337 0.0004295916847095472 -2.442070158077397 -0.012973690017013716 -0.0005966933484815042 0.9999156601028037 128.82176347815798
0.9998348344250497 0.011818301160238217 0.013806940451951267 -0.8480700194784005 -0.011839310879448669 0.9999288747822255 0.0014408756850542532 -2.4673661286595605 -0.013788930892241308 -0.0016041023917399936 0.999903641475294 130.19136409130465
0.9998455880468079 0.010393700746752128 0.014169369390101206 -0.8330497000508824 -0.010421068089289118 0.9999439713005127 0.001858930683297284 -2.488553162184745 -0.014149255524287373 -0.002006303641360085 0.9998978814405831 131.51618870924227
0.9998566904795457 0.009326093958029993 0.01412878121805686 -0.8193644805249432 -0.00935415620727529 0.9999544030571108 0.0019213507956461063 -2.5223011951656273 -0.014110219482135871 -0.0020532383104397947 0.9998983377894682 132.85654923438824
0.9998746030727322 0.0074831654254946395 0.013956373255535687 -0.809310465358008 -0.007522829252218265 0.9999678064345227 0.0027916213780128265 -2.5382838284353886 -0.013935034961297502 -0.0028962627817206575 0.9998987080990214 134.19321629713818
0.9998936598008044 0.005958409004290199 0.013310388637857327 -0.7943918064864682 -0.005992716202471217 0.9999788200702806 0.0025390500098797244 -2.5706745990867845 -0.013294979148115418 -0.0026185454337959604 0.9999081891575228 135.53901192866877
0.999913548263525 0.004917927768913642 0.012194670230557935 -0.7881262691004258 -0.004945045715578892 0.9999853650839396 0.0021945728593723126 -2.597506621838277 -0.012183700039888945 -0.002254686374799849 0.9999232339719581 136.88082837554282
0.9999370315759718 0.0016372140628282059 0.011101910506230599 -0.7777817378464362 -0.0016731820895616051 0.9999933796192108 0.003231281742266742 -2.611249704796663 -0.011096547642665025 -0.003249653847635785 0.9999331509527467 138.2078007249266
0.9999492723729906 0.0010929721263318011 0.010012896566849642 -0.763161557122666 -0.0011285951815550857 0.9999930520937539 0.0035527508101434323 -2.639637285596243 -0.010008944783592386 -0.0035638711572754285 0.9999435583274229 139.5565139133958
0.9999620604604361 4.117354262669383e-05 0.008710680301584731 -0.763920570134673 -7.18654759075607e-05 0.9999937909328487 0.0035231989015187364 -2.662881445886798 -0.008710481887053445 -0.0035236912925513753 0.9999558545749486 140.92573077099985
0.999971623945394 -0.00034605701564747494 0.007525394065854533 -0.7645728148508214 0.0003224362763361334 0.9999950188511709 0.00313979403127523 -2.685275408446681 -0.007526443761972769 -0.0031372785317108397 0.9999667545081458 142.24259687045094
0.9999784667216333 -0.000784706914785202 0.006515392216592407 -0.7578978740558885 0.0007690240389845934 0.9999968021379794 0.0024092144345460825 -2.7042417777326753 -0.006517262457247704 -0.00240415210450234 0.9999758723773016 143.58993912242266
0.9999815774300795 -0.002333334718221532 0.005603602315945707 -0.7529870182175215 0.0023319876343003056 0.9999972504204553 0.0002469447830779893 -2.7321808053294108 -0.005604163586478142 -0.00023387270067397572 0.9999842692003506 144.94150131652322
0.9999766868356293 -0.005108741533070388 0.004530624351540985 -0.7662370909409054 0.005112111313678341 0.9999866648348574 -0.0007324369126636485 -2.7804891820463586 -0.004526822486853582 0.0007555809157340895 0.9999894684297268 146.2516610683965
0.9998857085670059 -0.014745378862838979 0.003338206064679051 -0.7571034194872179 0.014738367065188841 0.9998891460274169 0.002115699075888691 -2.7890881837348247 -0.003369033077661135 -0.002066257589990365 0.9999921900654255 147.6455643465985
0.999731837058863 -0.023092429796755076 0.00173022033632003 -0.7500614373665839 0.023085731811840378 0.9997262790961373 0.0037968233582231403 -2.8113810356745783 -0.0018174247644688665 -0.0037558618431304826 0.9999912951957689 148.9467734446423
0.9997315674277882 -0.02314919235452889 0.0009528830129134026 -0.7215976971734008 0.023148300494128696 0.9997316020327999 0.0009381247848965464 -2.853472726977887 -0.0009743441719742112 -0.0009158153388810842 0.9999991059668135 150.26478374267512
0.9997086774487942 -0.024115980697797863 0.00098980379563679 -0.74572150928084 0.024118616290852136 0.9997053445968519 -0.0027415928357469935 -2.8718121404469974 -0.0009233960231275623 0.0027646669195637076 0.999995751968501 151.6457623778649
0.9997974563358845 -0.02002041338279445 0.0020565411929003106 -0.7492951035407114 0.020030708960154946 0.9997862894651289 -0.005113324703834061 -2.9093658310030115 -0.001953730981854013 0.005153483128889769 0.9999848121566975 152.9830056253702
0.9997978843138496 -0.019897779466547198 0.0028755702537518147 -0.7543378737600734 0.019912307437382662 0.9997886478505132 -0.005114649066400068 -2.941667789720904 -0.002773192573704014 0.005170874673938597 0.9999827855789875 154.34496156552152
0.9996974032263103 -0.02437862761791021 0.0032839767537466706 -0.7596779144983551 0.02438450051835115 0.9997011048632566 -0.0017598490334971334 -2.9645465829311277 -0.0032400927582517296 0.0018393946992466363 0.9999930591868187 155.6636684960349
0.9994973886849543 -0.03149370429213633 0.0036216837695182066 -0.7596660224632409 0.03149112164106517 0.9995037361924912 0.0007685102428227981 -2.990624418271813 -0.0036440899981901383 -0.0006540730825949195 0.9999931463725755 156.99810554419588
0.999447604733381 -0.0330367404879852 0.0036137457152768905 -0.7413213199459119 0.033030028660969914 0.999452549808149 0.0019020792254109118 -3.0244312312120067 -0.0036746061736856587 -0.0017816664081698598 0.999991661430277 158.3519896191496
0.9993635248993219 -0.03549933643927619 0.003513145827126295 -0.7417619458057818 0.03549153162777925 0.9993674212403404 0.0022602145385816246 -3.0519085730769984 -0.003591159900893933 -0.0021340890540723755 0.9999912745771494 159.6854266045767
0.9994016396017369 -0.03428610175511665 0.004563548250767052 -0.7449423025540429 0.034275782024667384 0.9994097172820592 0.0023211611038974084 -3.0686010113026385 -0.004640438420531082 -0.0021633530405643486 0.9999868930290886 161.04797781223556
0.9994751941563507 -0.031865173346365974 0.005826404194883479 -0.7499061340329096 0.031854028933121274 0.9994905386158661 0.0019960139720086203 -3.08436654818512 -0.005887039691648587 -0.001809372010920458 0.9999810342855516 162.39676345607634
0.9995784225687634 -0.028231572579674902 0.006779044580280951 -0.7548583766708469 0.028231888055787416 0.9996013995879001 4.94411728258059e-05 -3.1150967715058546 -0.006777738823053475 0.0001419649280750299 0.9999770207839243 163.74387893318655
0.9996529860331355 -0.025244215633084377 0.00752576232960962 -0.7546763381663008 0.025250944989029973 0.9996808237357232 -0.0008002702820403861 -3.138910848779221 -0.007503158722272326 0.0009900252325871 0.9999713608160953 165.09898124078708
0.9996519192687648 -0.025224725216068215 0.007730041828229564 -0.7503814399253421 0.025222800954124523 0.9996817944813875 0.0003465467538854995 -3.163726108557349 -0.007736324284613042 -0.00015145279863426985 0.999970062722802 166.43424908794947
0.9996816050607561 -0.024041249756902243 0.007662037700999901 -0.7491244416587576 0.0240406509323406 0.9997109672517134 0.00017046322521585046 -3.1843642388145086 -0.007663921915986552 1.3791448109628197e-05 0.9999706316206937 167.7670206914929
0.9997649998297755 -0.020454620662302237 0.007180085079987401 -0.7477315351774652 0.02047019608842478 0.999788253250431 -0.002102315040321742 -3.2228546508316267 -0.007135563266948858 0.0022487988112257357 0.9999720129253464 169.15862420222945
0.9998576795374599 -0.015537193266503924 0.00657391142568143 -0.7522582890242906 0.015571963469305164 0.9998648547735481 -0.005271255333696093 -3.2576829856817073 -0.006491123031847012 0.005372873957838166 0.9999644981401792 170.54472474484558
0.9999188908854887 -0.011003985056247305 0.006412798112368306 -0.7593876770278878 0.01104578752435717 0.9999177370878352 -0.006519940565091765 -3.2876967631857776 -0.006340525788786545 0.006590246287344572 0.999958182315799 171.89135846830695
0.9999634018093712 -0.005223651288731382 0.006775582799757247 -0.760651711962434 0.005260171358415479 0.9999716747869276 -0.005383327451674706 -3.3279609064284776 -0.006747270828803563 0.005418771274502679 0.999962554922763 173.28771937657797
0.9999700663592483 -0.0018316808140932655 0.007517402501945792 -0.7671360118713146 0.0018558386391759052 0.9999931327411659 -0.0032078545600155418 -3.367046847047202 -0.007511475749624005 0.0032217096942941913 0.9999665985980652 174.67616759386158
0.9999688448951688 -0.0025277807546229304 0.00747793914824814 -0.7693282790582086 0.002536194818437717 0.9999961612388509 -0.0011158941776747322 -3.386733695353093 -0.00747509033885464 0.001134824952781825 0.9999714171864688 176.02693898404488
0.9999688776762357 -0.0042297579329490225 0.006659792709626072 -0.7677465498195504 0.004231665154356051 0.9999910093956658 -0.0002722722268229883 -3.420748620448672 -0.006658581751108972 0.00030044578040249695 0.9999777862607312 177.44105345147773
0.9999662068305175 -0.00639649397560816 0.005164307816514449 -0.7681627853318991 0.006397345455035777 0.9999795257763676 -0.0001482951722703306 -3.4435064639914006 -0.005163253948181462 0.00018132803471708408 0.999986653872508 178.84477263842538
0.9999682071186873 -0.007390736919201153 0.0029936218778013482 -0.7655808174990324 0.007402491579919851 0.999964860611032 -0.003934546130581827 -3.476075818593016 -0.002964437741633648 0.003956581386819469 0.9999877787096212 180.18048601436243
0.9999882624220904 -0.004650289785338855 0.0013600849440311574 -0.7813878106776926 0.00466138249443308 0.999954942371938 -0.008269506194836447 -3.5187077419781647 -0.0013215681797625468 0.00827574917475918 0.9999648820991247 181.59532390801718
0.9999994254722798 -0.0005449266821385638 0.0009230992527728165 -0.8077736917883529 0.0005536167468022171 0.9999552886959051 -0.009440027341902909 -3.5508001510646734 -0.0009179139422726406 0.009440533148784284 0.9999550158717254 182.99655178838498
0.9999979040865244 0.001961359943409564 0.0005872709417665471 -0.8244425468632652 -0.0019564792325166332 0.9999644705377281 -0.008199381345746071 -3.5775158899402815 -0.0006033320722921818 0.008198215337723677 0.9999662120566971 184.3272489399178
0.9999877738690263 0.004855319523931987 0.0009370041196832262 -0.8210024219279766 -0.004850496212608463 0.9999753160166149 -0.005083311282622498 -3.6152441307434833 -0.0009616621769352974 0.005078704295623069 0.9999866408942527 185.7732512562883
0.9999871114480189 0.0048949262561508375 0.0013478231280217858 -0.8332632896278798 -0.004891464684724064 0.9999847600490026 -0.0025599321716571516 -3.649776493982909 -0.0013603333838249287 0.0025533063962896196 0.9999958150499401 187.1300721181254
0.99999074338218 0.00402460550710597 0.001521740779922266 -0.8418742515030342 -0.0040213599701361515 0.9999896457709372 -0.0021300288048924877 -3.677661770309573 -0.0015302976804460187 0.0021238896605971706 0.9999965736338206 188.5881905422012
0.9999958589543126 0.002547456496154175 0.001338856586127615 -0.8404391394422928 -0.00254541353032129 0.9999955968183233 -0.0015255224198827961 -3.709273277935973 -0.0013427370077783824 0.0015221081880975706 0.9999979401188442 189.9987208175558
0.9999988978466137 -0.0002402658892479599 0.0014651212611438967 -0.845919027281094 0.00024168021082336157 0.9999995049735796 -0.0009652165525109763 -3.7394423562394143 -0.0014648887518214527 0.0009655695999166435 0.9999984608858761 191.3601904969033
0.99999609258848 -0.0021047784002074417 0.0018397612150375916 -0.854917927301076 0.0021062107003214352 0.9999974801772841 -0.0007768606813685767 -3.7721166217091624 -0.0018381216154109968 0.0007807325891064691 0.9999980058794775 192.81254839863576
0.9999841167775418 -0.005207701807146286 0.0021554684304754814 -0.8539952620988209 0.0052077336252615535 0.9999864396195086 -8.992751318606048e-06 -3.80110258738502 -0.002155392551738425 2.0217720047067963e-05 0.9999976769329423 194.17636679511267
0.9999436192266685 -0.010348161462681615 0.0023820023691037808 -0.8508018270767239 0.01034467966533142 0.9999454122982053 0.001469699382543053 -3.823640851128956 -0.002397081228238813 -0.0014449754868948988 0.9999960830145653 195.6384924600288
0.9998930569539453 -0.014390452882474605 0.002605673531282853 -0.8467454261282983 0.014385527844844249 0.9998947187828928 0.001899454768768189 -3.852763605850008 -0.002632733437076998 -0.0018617676696921308 0.9999948012528163 197.0378188591521
0.9999217227868971 -0.012160842819725936 0.0029431640770189132 -0.8575032868788756 0.012168376484128478 0.9999226977393753 -0.0025552200123146684 -3.8846608904471878 -0.0029118631821508922 0.002590833588096611 0.9999924042862425 198.46173955844787
0.9999860983557353 -0.004196525506775047 0.0031925348333353564 -0.8752939140594931 0.004220742276466287 0.9999620840230773 -0.007616813308790695 -3.9168217778726993 -0.0031604499069504393 0.00763018244547424 0.9999658953526342 199.9003616771743
0.9999796148568856 0.004482507165848169 0.0045471965866875535 -0.8919750089152158 -0.004444216782193437 0.9999548756786081 -0.008396162938291487 -3.9465828361141417 -0.004584627652636952 0.008375783219308285 0.9999544126808081 201.3249473022632
0.9999145550477907 0.01159030194206024 0.006045451435779088 -0.9082497978055684 -0.011565356639295945 0.9999245271571163 -0.004145183132973532 -3.980674879097357 -0.006093039611452007 0.004074911222494711 0.9999731346193493 202.78486604682038
0.9998957212653793 0.012606838332334162 0.007043734678030267 -0.9024021994208367 -0.012590457876050861 0.9999179398053925 -0.002365175855294079 -4.008419827656117 -0.007072974657794142 0.002276245413958862 0.9999723954837574 204.2229704702428
0.9999078961920245 0.011874884671798727 0.006571622692350362 -0.8983030967006693 -0.011863482044620517 0.9999280571830045 -0.001771519301276506 -4.04633748401682 -0.006592187057917365 0.0016933938394339356 0.9999768374720098 205.67839032089142
0.9999515197386696 0.008376040502848946 0.0051768818122468275 -0.8961899990987985 -0.008367405288188825 0.9999635686924724 -0.0016875529340456548 -4.075580464996384 -0.005190828663943745 0.0016441540830017171 0.9999851759147766 207.1232292013748
0.9999688696722577 0.006828273066291048 0.003954031349746277 -0.8928564615062571 -0.006819981144410195 0.9999745241141054 -0.0021068920927652963 -4.111628979822692 -0.003968317389317027 0.0020798601242678757 0.9999899632666487 208.55433793817426
0.9999690836746696 0.00702892813470922 0.003525032456857562 -0.9020803632665566 -0.007018890939673051 0.99997130060742 -0.002851867169485765 -4.138030689069516 -0.0035449771622890645 0.00282703723508094 0.9999897204435736 210.0365720100596
0.9999570591611704 0.008606200225578694 0.003437024421747799 -0.9092583544909446 -0.008596387323277839 0.9999589608323325 -0.0028598592886750203 -4.175462059941439 -0.0034614961861642595 0.0028301905427569837 0.9999900039806142 211.5153656743214
0.9999490906732813 0.00955308410123919 0.003248788766651325 -0.9148223208204036 -0.009546385777854459 0.9999522870400853 -0.0020712758265839524 -4.203592398988607 -0.0032684211079708255 0.0020401562240026654 0.9999925775633328 212.94432001028213
0.9999511820374946 0.009455280017964396 0.0028690075133939058 -0.9284594101647285 -0.00944852505665904 0.9999525787521514 -0.002359161414771562 -4.239067067659183 -0.0028911782400932303 0.0023319383970125283 0.9999931015500954 214.38835079850804
0.9999549784550168 0.009120573018764469 0.002618433506784625 -0.9294355857925023 -0.009112515973721176 0.9999537586508691 -0.0030728867715130634 -4.271000165081752 -0.0026463391417698165 0.0030488879635068374 0.9999918505506217 215.8638978403577
0.9999612562183694 0.00848893978138019 0.0023289371371599784 -0.9361089912436761 -0.008480272553771994 0.9999571716113459 -0.0037067423959566714 -4.3045705460512975 -0.002360303908534727 0.0036868488291406072 0.9999904180079981 217.3305972414235
0.9999547758936576 0.009348836155134814 0.0017451107540644856 -0.9373888229667102 -0.009342242082876246 0.9999493302242956 -0.0037496023775109395 -4.34000954258616 -0.0017800769020397897 0.0037331296258350474 0.9999914474967988 218.8076462876618
0.9999464060432909 0.01022926423786873 0.0015959865463958088 -0.9466250281565158 -0.01022247234775206 0.9999388964594345 -0.004207663280286391 -4.377616365539008 -0.0016389304680556303 0.004191122922728808 0.9999898741452717 220.28314897210402
0.9999526893941577 0.009609424965770401 0.001509273239973174 -0.955901198172801 -0.009602811386587867 0.999944516451132 -0.004330133331338099 -4.410811287152782 -0.0015507997266640161 0.004315435282809943 0.9999894859628033 221.7788832154351
