1.0 -3.469446951953614e-18 0.0 -1.7787691892340307e-19 0.0 0.9999999999999999 -3.5405977195229754e-19 0.0 2.168404344971009e-19 -2.354751593366955e-19 1.0 0.0
0.9999999329903542 -0.00023856303523352683 -0.00027768132445020336 -0.006249876403034034 0.0002388124324499176 0.9999995679252576 0.000898397127141595 -0.02474944864823339 0.0002774669043207685 -0.0008984633984443721 0.9999995578880061 1.3146648278395987
0.9999988514463402 -0.001501588398800104 -0.00020576749005580186 -0.012837427096427297 0.0015019308477320758 0.9999974712224744 0.0016738428268287617 -0.038483202317622076 0.0002032535653855496 -0.0016741499848839277 0.9999985779541953 2.611731982703824
0.9999972586664498 -0.0022001784628409952 -0.0008011718310105571 -0.014513953161556264 0.002201431430132102 0.9999963503049172 0.0015662289041784667 -0.07225568021752975 0.0007977229927143611 -0.001567988365341604 0.999998452524828 3.9412529262319724
0.9999932584501433 -0.003664275513016067 -0.00023694715808026106 -0.015595850872044893 0.003664546888990884 0.9999926194645642 0.001154169497033098 -0.08939345202140062 0.00023271623511595427 -0.0011550300402625023 0.999999305874411 5.256897733177745
0.9999938593728016 -0.003459938423043969 -0.0005568184392947988 -0.02113089723872793 0.003460935130493198 0.9999923932752329 0.0017986980125462317 -0.11042193844276829 0.0005505908675968252 -0.0018006141131990442 0.9999982273182736 6.578735462226524
0.9999873982421087 -0.005002785256218766 -0.0004189302109670499 -0.013557630283109683 0.005003965235140401 0.9999833792723717 0.0028638267904153862 -0.1399467284080858 0.00040459617446682544 -0.0028658870663605873 0.9999958114884496 7.914745157566861
0.9999879273857127 -0.004911598050869256 -0.00014592332955050392 -0.032168400610718545 0.004912116654798472 0.999980739520766 0.003793638131515952 -0.16129599584509735 0.00012728770752474627 -0.0037943091959318533 0.9999927934823122 9.23399353280032
0.9999893179484168 -0.004515781690624809 -0.0009857531223706733 -0.016525457728790157 0.0045182786836601655 0.9999865528981989 0.0025454221711319514 -0.17582388473315247 0.0009742453807297718 -0.0025498489357138423 0.9999962745522566 10.566990378001908
0.9999983954566795 -0.0015613794774710435 -0.0008781680745008483 -0.03768737077440561 0.0015614185312093059 0.9999987800304958 4.3672660209379216e-05 -0.19596470631912205 0.0008780988879166498 -4.5043778446743896e-05 0.9999996134573339 11.89618261484368
0.9999990352302519 0.001039671542486683 -0.0009212048658957295 -0.02153427852209053 -0.0010404832494927884 0.999999070598257 -0.0008810216220740509 -0.21498863775285415 0.0009202881136013925 0.0008819792861619525 0.9999991875915213 13.230150383332466
0.99999015829501 0.0043842910713122185 -0.0006791873550499978 -0.04485098955141503 -0.004384748345961056 0.9999901605988202 -0.0006728268400082965 -0.23882169904074235 0.0006762308598539783 0.0006757982932888253 0.9999995430046366 14.575891796744642
0.9999884134037745 0.0048136616145522245 -4.136016352593655e-05 -0.04543448654022765 -0.004813672008642086 0.9999883836590842 -0.00024722066003484507 -0.24995259923900662 4.01696493476844e-05 0.00024741689100794053 0.9999999685856549 15.927722986659692
0.9999958358199552 0.002885367240074351 -5.4711236475635553e-05 -0.051850730420965496 -0.002885216573033621 0.999992505433397 0.0025815900346842823 -0.2734578897541577 6.215966891139719e-05 -0.0025814214838511297 0.99999666619438 17.273432993461146
0.9999981658736351 -0.0019016714766494844 0.0002278116888708257 -0.034839832864069636 0.001900550480851403 0.9999865566773283 0.004824351618044101 -0.28963944845488787 -0.00023698297417080322 -0.004823909895387527 0.9999883367985556 18.628943044394035
0.9999930230411811 -0.003727712067206611 -0.00024090765092265112 -0.02908348566774301 0.0037283423470534007 0.9999894852663487 0.002669983976161388 -0.3089786789164387 0.00023095220830082665 -0.0026708635839659267 0.9999964065683705 19.979974919306564
0.9999906351868685 -0.004327764348155965 3.7462557016709926e-07 -0.032879091756604376 0.004327764363058952 0.9999905975306989 0.0002744083576721694 -0.3221271373432398 -1.562196364204068e-06 -0.00027440416869236375 0.9999999623499733 21.326947348345684
0.9999963684595092 -0.0026746513052764154 0.0003306245224669103 -0.02379231509712698 0.0026749954599682504 0.9999958768301249 -0.0010443745802458636 -0.35843194155307 -0.00032782984978342133 0.0010452552295697002 0.9999993999840613 22.686863474525712
0.9999993479282103 8.848567048703668e-05 0.0011385582680062843 -0.035051216358713166 -8.876862227350131e-05 0.9999999651928102 0.00024846452483808076 -0.35739133590992783 -0.001138536338845398 -0.00024856543511055 0.9999993209740846 24.048532333425502
0.9999980591184896 0.00017334749162079867 0.0019625779720953323 -0.05227216166923944 -0.00018305528395146618 0.9999877450517761 0.004947346377073365 -0.37928509624911366 -0.001961696472493872 -0.004947696131181666 0.9999858359238893 25.442185486354678
0.9999970314016954 -0.0007867374141318686 0.002306130169877082 -0.02454952977216796 0.0007724194108479441 0.9999804627406869 0.00620302364720893 -0.388857790743644 -0.0023109654554091348 -0.006201224052956998 0.9999781018889333 26.801303292040092
0.999985781189228 -0.0048853970057361334 0.002137831789125939 -0.04139313632958731 0.00487324297577227 0.9999721408730219 0.005654111157410849 -0.4287532256640414 -0.0021653949867918845 -0.00564361269465616 0.999981730182484 28.18556010540341
0.9999871589178947 -0.004594523797797087 0.0021383075988416437 -0.033449059682278036 0.0045889707453471654 0.9999861041368205 0.0025947782550868525 -0.43318993089310354 -0.0021501998349450074 -0.0025849323499918305 0.9999943473655167 29.546324485850818
0.9999814463976686 -0.005423833531456392 0.002772886721181464 -0.04068795345003649 0.005423107297108473 0.9999852585306643 0.0002694840405315013 -0.4720629195791331 -0.0027743077151988036 -0.00025444137702561743 0.9999961192288319 30.93728039386821
0.9999925948470956 -0.002160821721543924 0.0031845105894677764 -0.03108692544164351 0.0021640330485333484 0.9999971531843065 -0.001005276649131972 -0.48722824350467375 -0.0031823295697419106 0.0010121606152571445 0.9999944241370899 32.31538886358515
0.9999929928765163 -0.0015946424021542616 0.003386933734902035 -0.015057981765366144 0.0016054360357221145 0.9999936344042435 -0.003186490844769228 -0.5182909235753292 -0.0033818311499196384 0.003191906088987405 0.9999891874161279 33.71154234685759
0.9999924291296025 -0.0012197102950289394 0.003695131481625819 -0.034872056615386185 0.0012299258470795868 0.9999954249788606 -0.002763566911148846 -0.5364710805089405 -0.003691744139462465 0.0027680907847559403 0.9999893542902888 35.10616775427269
0.9999930693769649 -0.0015634587009215814 0.0033788757779934513 -0.03285760348489729 0.0015672567288355418 0.9999981427833733 -0.001121665673153287 -0.5726240744736915 -0.003377116110937114 0.0011269534912675527 0.9999936625090549 36.498283935628855
0.9999948636802019 -0.0004800441569253258 0.0031689391902980837 -0.03626357645803353 0.0004785959498073058 0.9999997807036477 0.00045775292818044105 -0.5890292137685506 -0.0031691585043954907 -0.00045623394159878343 0.9999948741273746 37.90171478567255
0.9999932629354458 0.002098766559014446 0.0030115216741733505 -0.023392924146656162 -0.0021000096895781063 0.999997711074912 0.0004096436058883467 -0.616648386442253 -0.003010655288950935 -0.00041596507814433873 0.9999953814513335 39.287228682493556
0.9999802006762595 0.005309157029335376 0.0033780320963991604 -0.031200297242757927 -0.00531019174546991 0.9999858566403501 0.0002973101346936107 -0.6562160259188206 -0.003376406138909595 -0.0003152422538393042 0.9999942502333414 40.682601558616504
0.99997061536793 0.006885426760727679 0.0033703544213969285 -0.021708289739650992 -0.006887472697364783 0.9999761036662019 0.0005956765846531179 -0.6768242172774549 -0.0033661726791981185 -0.0006188723197049496 0.9999941429200657 42.11535054393187
0.9999605408480473 0.008312406766532294 0.00313378789775049 -0.03230357966342856 -0.0083155191279217 0.9999649440175705 0.000981272347296055 -0.702952457537751 -0.0031255215686850613 -0.0010072927240040244 0.9999946082217055 43.497643215972346
0.9999671658911413 0.007638422367369228 0.002705851194348652 -0.019704104972933886 -0.007639891094635296 0.9999706737287821 0.000532693719943721 -0.7343781023266674 -0.0027017031305563667 -0.0005533486524208112 0.9999961972937805 44.938700805025746
0.9999745646215394 0.006921222377014334 0.001722433971855537 -0.0175146832557474 -0.006921603645579975 0.9999760222589144 0.00021523138488554778 -0.7657543341726686 -0.0017209031531968783 -0.00022714792402977975 0.9999984934457671 46.333856842031174
0.9999809704649233 0.006095217099118866 0.0009523789155568973 -0.027705049864581166 -0.006096127575663395 0.9999809618291311 0.0009556254707484732 -0.7839200170278926 -0.0009465361189001295 -0.0009614131318562971 0.9999990898760551 47.76529055526938
0.9999780176761035 0.006629092024150298 0.0001388887348145447 -0.0096473400106621 -0.006629271054433377 0.9999771449171868 0.0013275624156443423 -0.8080262033453708 -0.0001300850374237048 -0.0013284539949610804 0.9999991091435444 49.15219013702911
0.9999722298176712 0.007413457553670847 -0.0007617241846281568 -0.03041287909784969 -0.00741224340136776 0.9999712724582405 0.0015852196528018468 -0.8373367461673706 0.0007734543269420026 -0.0015795295833408742 0.9999984534269034 50.58192165312932
0.9999679677348888 0.007716791058762 -0.0021247634837137127 -0.037681160356618185 -0.007712445889213698 0.9999681657346869 0.002045901179067402 -0.8629880301915815 0.0021404838173947815 -0.0020294485684743185 0.9999956498263193 52.036540132076595
0.9999617106981237 0.00810488244290269 -0.0032996961758675752 -0.02070028611205628 -0.008096540289872027 0.9999640121242814 0.002533872247823532 -0.8808273806641014 0.0033201144455978914 -0.0025070591629138307 0.9999913457130082 53.429626600632155
0.9999767164728526 0.005475673980723159 -0.004072282915093668 -0.036289337578678735 -0.0054617124252522575 0.9999791960975474 0.0034317749902608016 -0.9017078344439498 0.004090989824872989 -0.0034094535229589012 0.9999858196181176 54.89093143310513
0.9999864809522054 0.0029320074589682475 -0.004294325514427142 -0.034105835353412495 -0.002914735647046806 0.9999876606151757 0.004022802245911755 -0.9037805471260552 0.0043060677782438585 -0.0040102311225876305 0.9999826877679832 56.27893778359692
0.9999867093781927 0.0014930455666775384 -0.004934761364300659 -0.046108888173874915 -0.0014732972066011972 0.9999909021662734 0.004003121494049916 -0.9397402836024047 0.004940693732136903 -0.0039957980038613115 0.9999798113733457 57.7055156412233
0.9999854571440979 0.0015699342285865206 -0.005159534277781874 -0.040200721506087944 -0.001552262853795879 0.9999929222472186 0.00342723466958898 -0.9635395508128783 0.005164878732038627 -0.00341917594720147 0.9999808164532004 59.17439679244532
0.9999886200920246 -0.000855217902840863 -0.00469342956514952 -0.05041968633572716 0.0008759373023357955 0.9999898734570056 0.004414262671568016 -0.9758163726799909 0.004689607280425508 -0.0044183236779411945 0.9999792427893125 60.56626884952392
0.9999899505301946 -0.001768894043934835 -0.004119447464604292 -0.05404225037203775 0.001789431378089781 0.999985963327869 0.004987091208480454 -0.9955849094589174 0.004110568356888383 -0.004994412659839685 0.9999790793206067 62.0238410094599
0.9999852025696224 -0.0035129634993416297 -0.004153760505965947 -0.03824217052623834 0.0035314906973474766 0.9999838121202173 0.004461397209624304 -1.0163764159260702 0.004138020893410698 -0.004476000247893382 0.9999814209342489 63.4325012348623
0.9999826964859018 -0.004364389516021038 -0.003944468462175322 -0.030444872852765717 0.004376354762371772 0.9999858337272679 0.0030298279362274386 -1.0313374556528838 0.003931189569475038 -0.003047037962810152 0.9999876305815796 64.86018866158228
0.9999871633734938 -0.004008560631096964 -0.003099117587904049 -0.04962354529667834 0.004018873284298757 0.9999863848140046 0.0033284888463504044 -1.062199527532487 0.00308573320725237 -0.003340901145951307 0.9999896582646866 66.30517895885181
0.999992055352023 -0.0030613111094233095 -0.002552960446633702 -0.042128302074147805 0.003068540957139286 0.9999912796795222 0.0028327753871889576 -1.0741472375379457 0.0025442663947673637 -0.0028405868011917627 0.9999927288636327 67.67409731468666
0.999997715256022 -0.0008547733273110095 -0.0019592966374667093 -0.04206878021927993 0.0008621408160179554 0.999992550174171 0.0037624868416848544 -1.086796801548113 0.0019560661360708506 -0.0037641675100950726 0.9999910023856943 69.15159598169743
0.9999952414539934 0.002794105284767422 -0.0013076841466142788 -0.057897461757515256 -0.0027873455982183578 0.9999828903725451 0.005142924312918171 -1.110352368990098 0.0013220317603365496 -0.005139254976934249 0.9999859200477297 70.49486416023296
0.9999758205681735 0.006943067582230514 -0.0003899699012048323 -0.07867849707561428 -0.00694061890998469 0.9999581223089444 0.005965018890403905 -1.1407103561428027 0.0004313691402930671 -0.005962168150346067 0.9999821330772857 71.94412063873222
0.999948529458109 0.010139429921309407 0.0003610717582069956 -0.07295227586550303 -0.010141306333173106 0.9999326694368711 0.005640081595270084 -1.1441657333526014 -0.0003038602567005278 -0.00564345315527167 0.9999840294256496 73.31492735858151
0.9998936981447437 0.014543179475035622 0.0010432187292099228 -0.0888180041284744 -0.01454817223207126 0.9998819238241146 0.004948649373405797 -1.1757764826849528 -0.0009711265328754151 -0.004963300356720692 0.9999872111995068 74.70896462540784
0.9998670890223048 0.01619304879324287 0.0018945764943664387 -0.08458517853625618 -0.016202778547306396 0.9998550082502378 0.005237603102895478 -1.1935436717632586 -0.0018094891834349583 -0.00526760448608177 0.9999844889250145 76.15317823215011
0.9998629007470526 0.01642750182268613 0.0020777035755311906 -0.08016293101972123 -0.01643860247284275 0.9998500617259436 0.005443019214577216 -1.2116860901722084 -0.0019879770047365776 -0.005476427642750324 0.9999830281991319 77.5070029367966
0.999880414056032 0.015330415802918766 0.0020336914789012396 -0.08590963781948278 -0.015341366019486297 0.9998672849604131 0.005482243455197305 -1.2411018836532337 -0.0019493766669647576 -0.005512787580100767 0.9999829044050552 78.9320549673648
0.9998946109920639 0.014364890675057156 0.0021016162864843234 -0.08910331962215222 -0.014373827691890877 0.9998874428347342 0.0043005551546787075 -1.254051694813902 -0.0020396028996115642 -0.004330310288507562 0.9999885441498747 80.2831543287017
0.9999034622728664 0.013802033760370133 0.0016031114252978713 -0.06486868460221074 -0.0138088351468619 0.9998953584018806 0.004311421117077297 -1.2769125230829694 -0.0015434374211169043 -0.0043331420983978765 0.9999894207836725 81.69408839883451
0.9999059918118439 0.013641793572238112 0.001381656468773683 -0.08259553720495603 -0.013648096299508212 0.9998960050066681 0.004659256617739799 -1.3004853443325075 -0.0013179522748691024 -0.004677675691578926 0.9999881911058288 83.10556629616704
0.9998975930186338 0.014263577038504763 0.0011635337894185338 -0.08185418859707307 -0.014267830492367425 0.9998912435604511 0.0037323048809329534 -1.3216140230831945 -0.0011101713210850722 -0.0037485238536418813 0.9999923580146687 84.44721443524767
0.9999024424372975 0.013961190658471772 0.0004367248866410289 -0.08822766798805955 -0.01396288290539191 0.9998939239254754 0.004144735486638827 -1.3396207512200493 -0.00037881314773188443 -0.004150429166991281 0.9999913151816164 85.87046141344315
0.9999138328920086 0.01311154925907871 -0.0006434545385684326 -0.08937342980863071 -0.013108320788142471 0.9999026110134335 0.004789618555157651 -1.3604230407442692 0.0007061912555420167 -0.004780771343920207 0.9999883226925668 87.20368896419264
0.99993002104545 0.011682283623458706 -0.00186473332833246 -0.08962898894210584 -0.011670961900979129 0.9999140613026842 0.005971489234759493 -1.379127274131435 0.001934333874032573 -0.005949308252336511 0.9999804318528339 88.59082306504
0.9999511470931828 0.009411732597008634 -0.0030203791321237123 -0.10126637999710686 -0.009390167584160433 0.999930871522627 0.007076506743534452 -1.4057313538654028 0.0030867727930770205 -0.007047799318021269 0.99997039974491 89.9905716338736
0.999963715294212 0.007643656443094653 -0.003760663239446076 -0.10902705617841833 -0.0076174328641823085 0.999946912138236 0.006938849757382852 -1.423170439045955 0.0038135021049155032 -0.006909951528658916 0.9999688544052524 91.3586989744536
0.9999719694247532 0.006145528629516341 -0.004277010884270669 -0.1197507291130781 -0.006119224567939669 0.9999624494868159 0.006136344006845958 -1.4317680944985614 0.004314561727265541 -0.006110000140155639 0.9999720258413094 92.7350457670063
0.9999766809810396 0.005239040255534798 -0.0043806315428298916 -0.1317387612529779 -0.005213129872131196 0.9999689738125355 0.005905480332172244 -1.4649208771692142 0.004411435054956551 -0.005882505944552772 0.9999729673218604 94.07983279394234
0.9999783269552286 0.004691930340013245 -0.004618591946921086 -0.15523580819987237 -0.004666984585040451 0.9999745440748141 0.005397264577104058 -1.472216014612292 0.004643798362307083 -0.005375592817848348 0.9999747687561402 95.46858151791855
0.9999794850723622 0.0044367363598778195 -0.004620041938649884 -0.16822409275855715 -0.004414386072574409 0.9999785592806475 0.0048367532397889075 -1.4947003238228058 0.00464140267644543 -0.004816259467457839 0.9999776302678021 96.80874390727082
0.9999693544014375 0.006458432531606017 -0.0044248034495902675 -0.19287522957443667 -0.0064391871699191645 0.9999698065280546 0.004350047470856555 -1.5223617315246414 0.00445276471689597 -0.0043214221171884275 0.9999807489180667 98.15776783943159
0.9999645870297313 0.007365489148718964 -0.0040711463896966615 -0.22158947651220967 -0.0073479178115269375 0.999963696299801 0.004314417774497752 -1.534252910066876 0.0041027767390410565 -0.004284350632501107 0.9999824056308998 99.51910078747015
0.9999627603624837 0.007781876567222741 -0.003730986714105638 -0.23180304260488993 -0.007760977994356481 0.9999542941708774 0.00558361933620485 -1.5547710148735363 0.003774267545700013 -0.005554455416966294 0.9999774512147211 100.85402315771643
0.9999650077066958 0.007505611447330576 -0.003694473748389454 -0.25733025999439785 -0.007481124441695381 0.9999502488637112 0.006597923041885853 -1.5619588612273103 0.003743811712062389 -0.006570053485856876 0.9999714087311461 102.20058287717539
0.999964878253606 0.007609753323866835 -0.003511963987209943 -0.2720288038879441 -0.007588972694243471 0.9999538383407827 0.005893105761391844 -1.589722506159194 0.003556647255116021 -0.005866246710767063 0.999976468432058 103.54385293049552
0.9999641985126668 0.00783144860036193 -0.00320469706034999 -0.2909469012860593 -0.007821187039199576 0.999964286538732 0.0032022954893998457 -1.6061065143044753 0.0032296614970630366 -0.0031771163785909314 0.9999897375596426 104.86751322311397
0.9999669288648769 0.0073449057214442824 -0.0034919213431363685 -0.30650192904279183 -0.007337358545070545 0.9999707280588038 0.002169380129494158 -1.6310479696130058 0.003507753318046253 -0.002143686957455425 0.9999915501041454 106.19908816026937
0.9999771193337598 0.005882658311874001 -0.0033399284828915486 -0.3254324451753451 -0.005871986402317789 0.9999776517053212 0.0031962285167135927 -1.6519349301326984 0.003358656447467161 -0.003176543440085606 0.9999893144456009 107.54380321225904
0.9999940902506637 0.002155355856977355 -0.0026784130304810935 -0.33517232145909004 -0.0021417643931005512 0.9999848688309041 0.005067046190760304 -1.665222188141516 0.0026892940218782835 -0.005061279819723124 0.999983575440212 108.88943740430894
0.999996945842614 0.001608066891707104 -0.0018768112212747244 -0.35501157918627796 -0.0015974071712488635 0.9999826637399638 0.0056674960262666114 -1.688090595676792 0.0018858925609694065 -0.005664480799548335 0.9999821783767564 110.2152436233083
0.9999989750437069 0.0009115570465915348 -0.0011040706298414697 -0.3692761003007161 -0.000906391610228415 0.9999886843089366 0.004670086593589463 -1.7115727298108754 0.0011083152842536435 -0.004669081180224412 0.9999884855942256 111.56382608640786
0.9999967771069155 0.002515962891409278 -0.0003401491957962862 -0.3857256082844972 -0.002515234313280543 0.9999945765760018 0.002126127712744672 -1.7340351601949893 0.0003454966402081205 -0.002125265349629244 0.9999976819374042 112.88146749464092
0.9999854230411002 0.005369896070928035 0.0005638366143777822 -0.40496962586872454 -0.005369984017258595 0.9999855696847625 0.00015396259584031256 -1.767300353734461 -0.0005630017627013088 -0.00015698815188968689 0.9999998291914464 114.2418175657281
0.9999714800099323 0.007246842024218749 0.0021266017719557546 -0.42608228313957963 -0.007246049536134222 0.9999736747134317 -0.00038034390133349303 -1.781427661478473 -0.002129302261431978 0.0003649235955213205 0.9999976664471405 115.55098583568846
0.9999495433037008 0.009389684942597636 0.0035699645362001864 -0.436150140910616 -0.009395913680945715 0.9999543577354583 0.0017318408300745767 -1.8069305817141326 -0.0035535404546374752 -0.0017652965648269749 0.9999921280061115 116.89978042277193
0.9999558666168202 0.008178903956359637 0.004622806106538414 -0.441121632783422 -0.008197420506184461 0.9999583974531272 0.0040007095379703435 -1.826292189980918 -0.004589892752093006 -0.004038428140821416 0.9999813118145081 118.22114133953959
0.9999494555711474 0.00839495846373055 0.00553271750655072 -0.4419674924864725 -0.00842039600301093 0.9999540114661586 0.004590414043770313 -1.8480173464691974 -0.005493927190813225 -0.0046367697896391264 0.9999741582286449 119.5684123394127
0.999940057896021 0.008801449530589625 0.006512686703596274 -0.4440853967602648 -0.008827525337884421 0.9999530925880917 0.003985904970027632 -1.8692355986259832 -0.006477300013557365 -0.0040431570345490254 0.9999708483051801 120.89544598366443
0.9999187745662502 0.009991473148402336 0.007912946248908181 -0.4444528315042253 -0.010022586387622589 0.9999421593680689 0.0039020126036262755 -1.8935370700961647 -0.007873502367721975 -0.0039810039280282015 0.9999610790236652 122.21570810969975
0.9998876019363713 0.012003053554105008 0.008983884313649533 -0.45079135899481276 -0.012035909466432657 0.9999210419584982 0.003612029915302475 -1.9076123912114993 -0.008939820328448998 -0.0037197532236221804 0.9999531204222711 123.59419117170066
0.9998547359024784 0.013639981580730173 0.010220468111186857 -0.45349699305192026 -0.013666568125095611 0.9999033924041654 0.0025359038120853555 -1.9339439796925275 -0.010184891914429402 -0.002675214214903782 0.999944554062487 124.93050193634538
0.9998428815212299 0.013847191193777742 0.011066505274092541 -0.45309606735459185 -0.013865724725162488 0.9999025866081461 0.0015996896282228243 -1.9549123576770824 -0.011043276972828302 -0.0017528834393881658 0.9999374847594287 126.29622026126019
0.999836985985491 0.013421491322105525 0.012077458290920598 -0.4431053595561497 -0.013438416421277435 0.9999088275018296 0.0013212423454008835 -1.9845287854157208 -0.012058625134886338 -0.001483328907905967 0.9999261919208072 127.63549543862541
0.9998348497955309 0.012903092783412763 0.012797785156638649 -0.4495320924748787 -0.012931686429306564 0.9999140622803305 0.002153966479932537 -2.016307166801456 -0.01276889359282078 -0.002319107741760139 0.9999157849990651 128.99236885057115
0.9998368678265224 0.011753358294723602 0.013714819745362416 -0.4369868124817086 -0.011798768931782963 0.9999251597641523 0.003234802907255653 -2.037499807121157 -0.013675774681133408 -0.0033960932607470812 0.9999007149376944 130.33905737013617
0.9998453050430486 0.010789043414557317 0.013891094464177595 -0.4391357609610448 -0.010840627120120051 0.9999346008854346 0.003643457172999986 -2.074864191438904 -0.01385087774939677 -0.00379348179568054 0.9998968760212992 131.6953836030309
0.9998675516717032 0.008372666817875811 0.013956272823171708 -0.4263269402568648 -0.008430479067070534 0.9999561039353453 0.004088672466096859 -2.0938714048793012 -0.013921428279030354 -0.004205789072125792 0.9998942469925695 133.05778842490648
0.9998798142201186 0.007304989474268762 0.013674583492623245 -0.43117551405516963 -0.007364382817101192 0.9999636458837524 0.00429799849960236 -2.125052997426146 -0.01364269068124713 -0.004398186890177973 0.9998972611917556 134.42347701105797
0.9998987579796954 0.005687407485929067 0.013043281066635885 -0.41728306368656454 -0.005747585968700642 0.9999729899930895 0.00458088967720663 -2.152618150725995 -0.013016876477907793 -0.004655393363438566 0.9999044395514689 135.74931698769242
0.9999162282244938 0.005318090635503176 0.011800611895091219 -0.42708211096958815 -0.00536693580792213 0.999977146032055 0.004111377299413241 -2.1958800303981922 -0.011778478519507384 -0.00417436608533052 0.9999219180046351 137.13363416516478
0.9999397256299826 0.0026034285188445165 0.01066617405726287 -0.4208050369254884 -0.0026597091580956014 0.9999825987358681 0.005265755041917036 -2.210417609973453 -0.010652280331584415 -0.00529380667033137 0.9999292497617667 138.47166087425668
0.9999516157421704 0.0021205435660014045 0.009605700014721535 -0.43068465218288376 -0.0021702533338344666 0.9999842930940708 0.0051675495366811115 -2.2558601393420363 -0.009594591931726229 -0.005188146407182069 0.9999405116989512 139.82068121233914
0.999966458838433 0.0004800770586207998 0.008176229584279278 -0.4259308405112121 -0.0005260432184895298 0.9999840653772677 0.005620700096265606 -2.2695057896732185 -0.008173401616164222 -0.005624812726158276 0.99995077727969 141.17958675466033
0.9999750106834352 0.000736871032383569 0.0070310052694161585 -0.44587138440262825 -0.0007726841666909692 0.999986735947873 0.0050922379744787255 -2.315368017163365 -0.007027160276907557 -0.005097543564694334 0.9999623163212723 142.5329436581375
0.9999819158945052 0.0008332989839437595 0.005955963522258527 -0.43992505031279105 -0.0008606108379429827 0.9999891206503513 0.004584531637109545 -2.330071293172936 -0.005952078939023367 -0.0045895745829654805 0.9999717538792395 143.87737786832759
0.9999868144481701 -0.0012296553758878882 0.004985868519633136 -0.44834459600397436 0.0012175260871179483 0.9999962940598621 0.002435055326268931 -2.370004451735643 -0.0049888447407156955 -0.0024289528366029504 0.9999846056870874 145.2552005193437
0.999976668285604 -0.005433488490541899 0.004140060273677052 -0.4486454476880022 0.00542679738446112 0.9999839531997243 0.001625793965244514 -2.4002110295021613 -0.004148827920682596 -0.0016032887884839188 0.9999901082947289 146.5700412263607
0.9998955060224513 -0.014181993404792866 0.002801448348577023 -0.4615958797674685 0.014171184222375023 0.9998922038724906 0.0038416353255383753 -2.4366190613048886 -0.002855628647345559 -0.0038015341188973946 0.9999886967963532 147.95191502704057
0.9997599801272915 -0.021879118388742652 0.0011341607562123904 -0.46372635089777997 0.02187234638700574 0.9997446632372573 0.005675278526150706 -2.4641790109626287 -0.0012580413541085779 -0.0056491096831861164 0.9999832523054207 149.26898710354726
0.9996960068613426 -0.02465480415958421 0.0001857373038849882 -0.443017157877445 0.024654105020548663 0.9996911507820002 0.003127003769163779 -2.488927698674137 -0.0002627756223713099 -0.003121474036930936 0.9999950936624763 150.5921484401484
0.9997349992399914 -0.023015684211644353 0.00045779765360983815 -0.47286767776595207 0.023015965922371297 0.9997349074478313 -0.0006165548373045257 -2.5375910659056946 -0.0004434858996579703 0.000626928135319467 0.999999705140272 151.99208502144484
0.999794742447661 -0.020215113470240728 0.001349877672382272 -0.48404722470885075 0.02021899356797007 0.9997912982327071 -0.002924426607490966 -2.559521321187844 -0.001290478444759041 0.0029511195894977036 0.9999948127647943 153.31780356509583
0.9997960796398894 -0.020059950452504288 0.002323259396610217 -0.4890241364160052 0.02006546933028948 0.9997958437932895 -0.0023764822312158087 -2.592241120240191 -0.0022751131657047117 0.002422614973217315 0.9999944773815133 154.6709608622108
0.9997134956117859 -0.02378788315164277 0.002657689286599197 -0.5062441094192146 0.023787626198638077 0.9997170260825317 0.00012883509645310207 -2.6282733562503626 -0.0026600021669854583 -6.55780462654001e-05 0.9999964600359971 156.0082603098898
0.9995227856673968 -0.0307423950727573 0.0030176264692400676 -0.5051733973109218 0.030732199568728268 0.9995219751389618 0.0033694412983811374 -2.6573910525371023 -0.003119768922882879 -0.0032750950923311375 0.9999897703430202 157.35916142737696
0.9994288393992985 -0.03366551690463345 0.002937334440139515 -0.49437843490587563 0.0336512306438035 0.9994221807132652 0.004785330948860644 -2.6823042318423798 -0.0030967380867912477 -0.00468375290169647 0.9999842362102954 158.6979162396449
0.9993808484054431 -0.035064456038557235 0.002898921219665836 -0.49563134898586275 0.03505138769827834 0.9993756353507613 0.004442939290274867 -2.7182609072070654 -0.0030529007367945454 -0.004338577281974365 0.9999859281716459 160.06625976977193
0.9994105595318706 -0.03410895133592019 0.0038875338890791153 -0.5002943040163913 0.0340888259042047 0.9994056346300304 0.005131221796715522 -2.7318948423005094 -0.0040602442044389625 -0.004995675850079444 0.9999792786033674 161.41498102306528
0.999486657172236 -0.031622320866613034 0.005143048704658734 -0.5081566346908073 0.03160086093692474 0.9994917348703195 0.004202085976772413 -2.75355717392827 -0.005273314823249936 -0.004037404150273788 0.9999779455136046 162.7721726261767
0.9995894096498538 -0.028000564355375818 0.00608116046416912 -0.512618024929821 0.027988240650263355 0.9996060411631175 0.0021025842308764965 -2.775401606183738 -0.006137638797254066 -0.0019315199592395613 0.9999792990931072 164.11849456599742
0.9997116828074548 -0.022990849317107105 0.006926190561237585 -0.5170274424784295 0.02298329470666332 0.999735166219403 0.0011685826366086148 -2.8072507176997106 -0.006951223564177814 -0.0010090590319259006 0.9999753308379241 165.47588872160227
0.9997457985573834 -0.02139347914795636 0.007117396194757801 -0.5200967559093828 0.02137419517341711 0.9997676953202634 0.0027747376609227764 -2.8311495493107364 -0.007175104685208607 -0.0026219037326857897 0.9999708213180004 166.83333310687692
0.9997334195752038 -0.021933148089566486 0.0072129612872946225 -0.49488832863403365 0.021914088239824117 0.9997561814709651 0.0027111514625836842 -2.8529368994216546 -0.007270667330896897 -0.002552363280166673 0.9999703109752945 168.16342275911208
0.9998018401067144 -0.01875469031393224 0.0066739886613443305 -0.5061376243320779 0.01875421049323169 0.9998241152564373 0.000134657777089972 -2.883824075664372 -0.006675340836178568 -9.465685541006339e-06 0.9999777196161259 169.54049547767343
0.9998745810286228 -0.014642329744285816 0.006035263755967005 -0.5109366082668781 0.01465735989384437 0.9998895648041267 -0.0024535661766137916 -2.913549703351686 -0.005998671833359018 0.0025417195519752554 0.9999787775706139 170.93567482100096
0.9999271721496885 -0.010330381999231435 0.006239681133308879 -0.4882302999125332 0.010355260707891884 0.999938509847963 -0.003968008186159353 -2.939970688421115 -0.0061983069403819605 0.004032332821949033 0.9999726602645985 172.2792535256773
0.9999701421594887 -0.004329246817345249 0.006400970527943128 -0.5058860930662903 0.004348515813220799 0.9999860468040533 -0.0029994335764602902 -2.980398172776108 -0.006387896467676804 0.00302717880958962 0.9999750151682009 173.64409728642602
0.9999727592567491 -0.0017428217325669813 0.007172400304540038 -0.49789627391848656 0.0017476722173075214 0.9999982483392177 -0.0006700430961221406 -3.0034824873842867 -0.007171220581720103 0.0006825598690183853 0.9999740535137321 175.03289013390486
0.9999675635684259 -0.002668831510370418 0.007599286810968122 -0.46024248462421524 0.002660532242913266 0.9999958535340682 0.0011020339444788156 -3.0217768926076807 -0.007602197085085161 -0.0010817800639366308 0.9999705177377841 176.3879286259359
0.9999718604781833 -0.0040320406473219935 0.006326208330059946 -0.4444971831148735 0.0040155529472913586 0.9999885136853506 0.002616835097530959 -3.0473898287759256 -0.006336687383838493 -0.002591358279368102 0.9999765653501155 177.78724982081297
0.9999639219588536 -0.00677391919390781 0.005125311025212966 -0.4038581830352908 0.006760995871630017 0.9999739317834864 0.0025346952114171564 -3.0562150201699425 -0.005142347670102321 -0.002499951597799706 0.9999836531150142 179.16439202124295
0.9999698932117237 -0.007438580579588039 0.002209117603774665 -0.3648288602917064 0.00744179938538829 0.9999712549394499 -0.0014522080925872662 -3.0813052458142094 -0.0021982519220823333 0.001468604217719523 0.9999965054374094 180.49692018777333
0.9999878658943877 -0.0048846097446369405 0.00063926440448534 -0.3849891741955616 0.00488836198312583 0.9999700189246884 -0.0060054277556222425 -3.116839017545278 -0.0006099111238215516 0.0060084799635997345 0.9999817629216803 181.9040524724127
0.9999984902824365 -0.001689600175793414 0.0004058167886262778 -0.4189332680445821 0.0016921342216806388 0.999978552308412 -0.006327053218414424 -3.144537057323231 -0.0003951179330026423 0.00632773048915898 0.9999799016520393 183.297894892641
0.9999985512401189 0.001700113267085291 8.443765007998651e-05 -0.4277895641498144 -0.0016996333429191981 0.9999840161949459 -0.005392458089624593 -3.1674628591418834 -9.36041024085369e-05 0.00539230686925693 0.9999854570265523 184.63330860883278
0.9999918195535561 0.004025980395370831 0.0003902573585507342 -0.40335346569416847 -0.00402504637212817 0.999989100572058 -0.002365955750351152 -3.18016746805532 -0.00039977843241229384 0.0023643656356547977 0.999997124971637 186.12321411687168
0.9999870812438916 0.0050008717538064795 0.0009102848940930684 -0.41933945515266974 -0.005001017645388527 0.9999874824018044 0.00015770842635703667 -3.211408102112882 -0.000909484896952762 -0.00016225874606553536 0.9999995732539194 187.48353906959028
0.9999921561878254 0.003681402402377211 0.0014611072383710199 -0.3813893491427479 -0.003682339290426992 0.9999930160818025 0.0006388832001904579 -3.219265399210066 -0.0014587451709646552 -0.0006442584958319591 0.99999872849497 188.95934690512905
0.999997374051408 0.0019540627004576887 0.00119730010231308 -0.3882232881690577 -0.0019555066225970825 0.9999973609037462 0.0012058949483691676 -3.2411136076659486 -0.0011949406483136307 -0.0012082331343678976 0.9999985561429681 190.3532238266382
0.9999993231343326 -0.0003331664892957352 0.0011147793970609325 -0.35849108182943523 0.00033132700522520153 0.9999985840474666 0.0016498862595624283 -3.2599668128073036 -0.0011153275982895108 -0.0016495158176405601 0.9999980175683283 191.71680460938722
0.9999966130794382 -0.0019788044358461376 0.0016906117151046134 -0.3684206081120764 0.0019755413509276384 0.9999961867540359 0.001929691806343444 -3.288977674468777 -0.0016944238925838623 -0.0019263454323527672 0.9999967090540466 193.15040001269958
0.9999815257108153 -0.005814253428632277 0.00177276728864949 -0.34425196549450354 0.005809994002510085 0.9999802449831897 0.0023986674146390017 -3.3088295397920167 -0.0017866788764836531 -0.0023883233748172284 0.9999955518341128 194.5089028744199
0.999944171193799 -0.010331540125453278 0.002216706354334563 -0.3474885298245033 0.010322355743263803 0.9999382528993104 0.004115744144742223 -3.330720243533258 -0.002259091641771015 -0.004092632807011568 0.9999890733700549 195.9673139892585
0.9999130889495825 -0.012988805887667135 0.002259531401475082 -0.31436219338301563 0.012978867688243143 0.9999062690781494 0.004359133017436249 -3.363923557998359 -0.0023159397373743477 -0.004329428075017527 0.9999879461641131 197.38250752620098
0.999942376290901 -0.010473921763303074 0.00235394852925183 -0.3175302518058121 0.010473994227323377 0.9999451460479455 -1.8169870284357602e-05 -3.3948059859627104 -0.0023536292942582314 4.282407735059173e-05 0.9999972292922126 198.8063866011086
0.9999909659882581 -0.0030390364381956223 0.0029719030183781086 -0.3311845820402218 0.0030546295278753577 0.9999815196617141 -0.005256383668492249 -3.4227431634376178 -0.0029558740089838196 0.00526541435348574 0.9999817689421152 200.2429143593819
0.9999805738765284 0.004833512727799218 0.003935609179497415 -0.34253596260495356 -0.004808519577623021 0.9999683693933565 -0.006335484330212159 -3.4650921342919716 -0.003966107678577534 0.006316436926542949 0.9999721859180211 201.65946063714546
0.9999067130784848 0.012537892925141174 0.005419073425820413 -0.3636266692707726 -0.012525294350588717 0.9999187875559354 -0.002352727120151669 -3.498441316507769 -0.005448132033395386 0.0022846321915747964 0.9999825490012697 203.10646691720837
0.9998877397196787 0.01364197299970902 0.0061971366710051505 -0.37196685552879527 -0.01364506514162896 0.9999067974338042 0.000456811939711915 -3.526143691810695 -0.006190327789359163 -0.0005413210075242395 0.9999806932172542 204.53310373900752
0.9998956712087533 0.013269484947520012 0.005706788956671772 -0.36030647919794767 -0.013272286725492882 0.9999118166303574 0.00045321186331907077 -3.5811462273310712 -0.005700272306910837 -0.0005289067355380838 0.9999836134394314 205.99277628353732
0.9999408406357081 0.009900031469287088 0.00450606129292169 -0.35695874374583736 -0.009904160971519327 0.9999505521637453 0.0008948995446348175 -3.6060124664366295 -0.004496979324185055 -0.0009394753817787653 0.9999894472232822 207.4344813669152
0.9999634877800663 0.007848489474707626 0.003379986262212891 -0.35253124345845754 -0.007850056160579042 0.9999690864317795 0.0004503507143166713 -3.6374760247895055 -0.0033763474873828546 -0.0004768673656546555 0.9999941864186108 208.87338586057095
0.9999638990225316 0.007965296949303374 0.002958831336641295 -0.3565277698780433 -0.007964223672598227 0.9999682149426559 -0.0003745167751070869 -3.6689842984744203 -0.0029617206784322333 0.0003509384633377195 0.9999955525146004 210.3371247359241
0.9999546855195529 0.009087854364835541 0.002835100360210146 -0.35975008525017405 -0.009087406367490013 0.9999586940476154 -0.0001710680117037819 -3.698863955427846 -0.002836538135277151 0.0001452965489915554 0.9999959664601844 211.78129201535907
0.9999386835377521 0.010743864036143946 0.0026830074341240963 -0.36986537832320376 -0.010745146509622367 0.9999421617062862 0.00046378178016475796 -3.7326961170512734 -0.002677869671745829 -0.0004925826664315908 0.999996293179586 213.22648903257854
0.9999430566024552 0.010387228039417443 0.0024472485648654677 -0.3768019582038282 -0.010388017256238722 0.9999459951373996 0.00030972569994043656 -3.7690837068754113 -0.0024438994169847816 -0.00033513013600148714 0.9999969575154919 214.69163201014868
0.9999537090294544 0.009400070552386883 0.0020538874383117453 -0.37608692919456055 -0.009398811358075968 0.9999556366518422 -0.0006221690841375114 -3.799744112482172 -0.002059644929422867 0.0006028361891014134 0.9999976972215618 216.16017573385187
0.9999587106945796 0.008911412759651018 0.001778654397620533 -0.3857508717804784 -0.008909873877651029 0.9999599264592388 -0.0008715749404753035 -3.832801826544415 -0.0017863502369155032 0.0008556913788904013 0.9999980383693415 217.62013080547007
0.9999527336692361 0.009640823636120907 0.0012589388858440752 -0.37532846131918096 -0.009639668703561708 0.9999531134178005 -0.0009207470679669127 -3.866019712565589 -0.0012677567270890557 0.0009085678054088327 0.9999987836470171 219.0991654899185
0.999943823860254 0.010538334645350384 0.001136927402754383 -0.3880086598938125 -0.010536620496520092 0.9999433573711546 -0.0015038957209363587 -3.8974724148886715 -0.0011527116598738045 0.0014918318875747389 0.9999982228442412 220.5951470971212
0.9999557504303526 0.009361994356237663 0.0009220755759797286 -0.387842846762688 -0.009360646978583175 0.99995512886752 -0.0014555276606457376 -3.9352293452213263 -0.0009356609239964298 0.0014468320523261422 0.9999985156059669 222.08732765637293
