1.0 -3.469446951953614e-18 0.0 -1.7787691892340307e-19 0.0 0.9999999999999999 -3.5575383784680614e-19 0.0 2.168404344971009e-19 -2.371692252312041e-19 1.0 0.0
0.9999999398638733 -7.08535559765227e-05 -0.00033948727388392647 0.05569069961672338 7.123806521749064e-05 0.9999993559314045 0.0011327230995349811 -0.026761272848715878 0.0003394068273799933 -0.0011327472383819146 0.9999993008434594 1.3159701006825606
0.9999991075624272 -0.0005587901877283866 0.0012135198795759842 0.11108300046058615 0.0005566348298350308 0.9999982684086526 0.0017757635472657302 -0.04833477912174309 -0.0012145101586562628 -0.0017750865086460634 0.9999976870130872 2.5650198957187875
0.9999996659213443 -0.0007369579103192036 0.0003536268276526451 0.1103502796412044 0.0007362903164471555 0.9999979534200237 0.0018844179070216867 -0.07349488545041369 -0.00035501486902977724 -0.001884156941751959 0.9999981619567367 3.897784413580999
0.9999990816152095 -0.0011728103918876402 0.0006791813769637491 0.09599107388983853 0.0011713708126030922 0.9999970747322415 0.0021162266397835756 -0.08916644562131928 -0.0006816613785775856 -0.002115429163273488 0.9999975301452436 5.224875016303551
0.9999989345137452 -0.0014382102493606976 0.00025005046900631765 0.09968768325733887 0.001437607186562672 0.999996096659264 0.002395819103268263 -0.09785175088987014 -0.0002534952039414493 -0.0023954571221109114 0.9999970987584967 6.560065706354954
0.9999960690635743 -0.00275937056972635 0.0004977310486333083 0.08538357635384358 0.0027578507123060623 0.9999916090734297 0.0030291975188677647 -0.12883348572754985 -0.0005060855908108116 -0.003027813000510741 0.9999952881017203 7.89452619409971
0.9999961190521012 -0.0027486389414075277 0.0004548289440263712 0.07141660670445676 0.0027472103618666702 0.9999913820104753 0.0031126733568922096 -0.13977830234076177 -0.0004633806759586658 -0.0031114118248247 0.9999950521851211 9.226629201102588
0.9999961140037363 -0.002785634021904239 -0.00011056393088265649 0.08029356087600625 0.002785970253609866 0.9999911089619344 0.003165495566809349 -0.15318072665287136 0.00010174504706919152 -0.0031657913538748464 0.9999949836943343 10.547060986817591
0.9999995761361966 -0.0009205497899925398 -1.7802447149692195e-05 0.034279272443681244 0.0009205822686716922 0.9999977410154515 0.0019158524234286144 -0.17303430750142784 1.603877236373754e-05 -0.0019158680370546276 0.9999981645947047 11.880632178647133
0.9999996616646105 0.0007903496909034214 0.0002280724635132115 0.03126375088962853 -0.0007906537604526458 0.9999987949887645 0.0013359972902948977 -0.19859544666638046 -0.000227016301789128 -0.0013361771913865943 0.9999990815465702 13.199066597602608
0.9999977938952752 0.002091849485883624 0.0001907011067084918 0.019267087615104216 -0.0020920420707745266 0.9999972969509681 0.001014620253600249 -0.20269280496231287 -0.00018857817362860586 -0.001015016991433724 0.9999994670891835 14.537089898403483
0.9999969348898438 0.002360331666501003 0.0007476912709045269 0.001062029774969532 -0.002361340489813091 0.9999962993627369 0.001351049926356094 -0.22531938794421696 -0.0007444996400195424 -0.001352811366775935 0.9999988078096973 15.887893711040874
0.9999979973921436 0.0016299055919778357 0.0011613002639033173 0.008417344227199704 -0.0016332382571614974 0.9999945347763108 0.002874535193265367 -0.23446161471193483 -0.0011566087916662494 -0.0028764261737176506 0.9999951942021813 17.2223144384088
0.9999956372692806 -0.0027183769614014287 0.0011558004600960405 0.015325564630878856 0.002710931589513096 0.9999758746095229 0.0063953923458600825 -0.272592860433814 -0.0011731577569400176 -0.0063922312714597375 0.9999788813171137 18.577239926515684
0.9999848719884671 -0.005427228249491196 0.0008949837787797503 0.010194304188514934 0.005423210723954261 0.9999754716199613 0.004432260823793874 -0.3089173875044129 -0.0009190167911209896 -0.004427340169233318 0.9999897769811477 19.927106174472893
0.9999826234812383 -0.005798343228795319 0.001063936169794998 0.018317535872018113 0.005795763632341888 0.9999802950076349 0.0024122007973568773 -0.3086553366377565 -0.0010779020618321348 -0.002405992601250301 0.9999965246567765 21.28738382582402
0.9999922001033642 -0.0036577661154197777 0.001490129745754502 0.0010889355914753054 0.0036550744846684854 0.9999916908012167 0.0018052018319477557 -0.36453067845156556 -0.0014967204948322242 -0.0017997412478017076 0.9999972603749478 22.625999444605657
0.999996479821619 -0.001301513171220979 0.002312231159080338 -0.01132767418925637 0.001297123357325486 0.9999973555510702 0.0018990417415779906 -0.3320748256232189 -0.00231469686632316 -0.0018960358420583047 0.9999955236018464 24.00484559024571
0.999993896886897 -0.0004899015163462046 0.0034592181963022097 -0.004140534356297347 0.0004629012587929592 0.9999694582908674 0.00780180779730504 -0.3625448807784677 -0.003462934949626713 -0.007800159056076846 0.9999635821359468 25.368860819682848
0.9999939466787886 -0.002098926816083757 0.0027750889590510723 0.013218827012869597 0.002077022142832981 0.9999668516923427 0.007872832410363483 -0.3816097992674075 -0.0027915216979990613 -0.007867020983541067 0.9999651580860632 26.773799108811044
0.9999773248590825 -0.005972864588945375 0.0031104127751263736 -0.00017170809229246492 0.005945022346396014 0.9999428548180899 0.008885032216545095 -0.43235353871874127 -0.0031633043840449907 -0.008866339441338873 0.9999556897827965 28.128671201995786
0.999977828694005 -0.005892146537583989 0.0031023766505078295 -0.020994552628735397 0.0058736685716185965 0.9999651551460033 0.005931989765267328 -0.44155747164486275 -0.0031372209615143725 -0.005913636022570004 0.9999775931245245 29.490287383769786
0.9999751602501985 -0.006123726310612698 0.0034898238517377367 -0.01636833956902388 0.00610725807116229 0.9999702566766349 0.00471032401913292 -0.47289558446572266 -0.0035185650810189264 -0.004688893845842862 0.9999828168378554 30.868595826050395
0.9999828592017507 -0.0041617628715674565 0.004118378688070204 -0.034604852232678625 0.0041494042990719085 0.9999868763960618 0.0030049082195847303 -0.45975226039047196 -0.00413083070193377 -0.0029877679471657036 0.9999870046536017 32.27570009377596
0.9999847725723632 -0.002605401512323925 0.004864824314397593 -0.03171301886840954 0.0025992602916059503 0.9999958176155389 0.001268303345365297 -0.49680795098347685 -0.004868108817481005 -0.001255639106493271 0.9999873623610024 33.645645485181106
0.9999845066677207 -0.0025378802494108437 0.004954351378462626 -0.03550268019763447 0.00252976739351324 0.9999954501797873 0.0016431350181643285 -0.5039226375174309 -0.004958499334498091 -0.0016305762301136732 0.9999863771573353 35.04182759585
0.999987697229303 -0.0021719500239858174 0.004459599926848691 -0.03361531884344925 0.002159581184388972 0.9999938135861394 0.0027765076673055143 -0.5409191924604353 -0.004465603148795544 -0.002766842689712558 0.9999862013874992 36.430248047054015
0.9999896044026573 -0.0016384517993949348 0.0042551815233928545 -0.055396412433243836 0.0016231185187148313 0.9999921867906154 0.0036044196193031446 -0.5384996107476177 -0.0042610543016398045 -0.003597475551459504 0.9999844506699197 37.83813834911151
0.9999896545958282 -0.0009834945912461663 0.004441108687855572 -0.07046812703468622 0.0009673131547082211 0.9999928918410662 0.003644251684538264 -0.5263756501024915 -0.004444661594157012 -0.003639918107797364 0.9999834978513757 39.222879762999575
0.9999841933177035 0.003132197059175494 0.004669310002152284 -0.07158216899584968 -0.0031545390516824453 0.9999835754538728 0.0047851552240083944 -0.5952667835313908 -0.004654245651367754 -0.00479980920053888 0.999977649662644 40.62307751950545
0.9999722735430987 0.0061696932029971325 0.004169774961725417 -0.05541063118165068 -0.006190092977750337 0.9999688499496091 0.004897130870104017 -0.60844356315844 -0.004139431624203716 -0.004922806483107843 0.9999793153252611 42.053921609950656
0.9999701664195655 0.0065297047732363585 0.004126647293720135 -0.07297611094796394 -0.006549417724352172 0.9999671203481584 0.004781564846088082 -0.6207621671542276 -0.004095289746801551 -0.004808449428256524 0.9999800535071715 43.44272232784813
0.9999731731682241 0.005910401155554684 0.004326672533254127 -0.10847064784177494 -0.005931974913764954 0.9999699533422799 0.004990400483394054 -0.642601081431663 -0.004297047621871818 -0.005015932419578137 0.9999781876620193 44.86405496683031
0.9999796798533885 0.005686413215731124 0.00288176637037255 -0.08695389265380583 -0.005699066537791302 0.9999740726415322 0.004401669645706371 -0.6721224477544504 -0.0028566621795338993 -0.004418003670531908 0.9999861602652487 46.272701239560625
0.99998438872389 0.005340823502933091 0.001642529927911597 -0.0764051363720255 -0.005348836055699108 0.999973626402928 0.004912887216873554 -0.6943493962158532 -0.0016162478779145112 -0.004921596243513118 0.9999865827260324 47.703938793756016
0.9999834581500291 0.005728350937742675 0.0005190483270261297 -0.0721756556305706 -0.005731045135595206 0.9999692858175986 0.0053462653523849305 -0.7171255109827569 -0.0004884071380432927 -0.0053491517140743915 0.999985573913425 49.11673507373082
0.9999799183036306 0.006329663940042672 -0.00031357691997493616 -0.08774423156063345 -0.00632783056807337 0.9999646364682789 0.0055393487568694885 -0.7371465656519457 0.00034862808040926857 -0.0055372533699982645 0.9999846085242899 50.52990270448744
0.999983991089044 0.005500255961279732 -0.001328434000202554 -0.10327007591704038 -0.005493222610900097 0.9999711747490012 0.005241582399517444 -0.7366639052276602 0.0013572258711843988 -0.005234201212285106 0.9999853804326823 51.98243184765151
0.9999776419531152 0.006311428325081551 -0.0022094003118735767 -0.12040555447531051 -0.006297620476180942 0.9999609373554472 0.006201915084573638 -0.7643318243442226 0.0022484571440122645 -0.00618786258584463 0.9999783271664309 53.39280095496817
0.9999792879562733 0.005639629852318295 -0.003101325006271672 -0.12767188100946752 -0.005618552640345846 0.9999613424714048 0.006763537412412446 -0.791954009612927 0.003139349234614786 -0.006745972507760948 0.9999723177912425 54.847491493651894
0.9999919930536512 0.0026474263423113854 -0.003000825258239008 -0.16180598421645181 -0.0026235792954823816 0.999965169611613 0.007923155790105108 -0.7995375908466272 0.0030216969712828475 -0.007915219607296596 0.9999641086827683 56.2274699825109
0.9999898232994268 0.00265521605476802 -0.0036473433890555976 -0.1775455570423262 -0.0026265679385129876 0.9999658405350595 0.007837021519482746 -0.8489539220355937 0.003668028099266177 -0.007827361928546732 0.9999626382941351 57.66492586265444
0.9999875271505122 0.0035531395846236024 -0.0035100896685287255 -0.18863397481920613 -0.0035231003465773 0.9999574341656589 0.008527462968954846 -0.8975568272972716 0.0035402398307115652 -0.008514990382493414 0.9999574799209391 59.11706915011753
0.9999891175682657 0.0028308748101044477 -0.0037082180202410824 -0.17708695928161183 -0.0027995011425487326 0.9999604750669363 0.008438666941144854 -0.9187862731647506 0.00373196058487238 -0.008428194118663971 0.9999575181094303 60.54732804989124
0.9999946257971472 -0.0016660235170915683 -0.0028236040794725583 -0.2107208325535082 0.0016926724895084694 0.9999538023668313 0.009461922974310633 -0.8969156178779222 0.0028077100945136163 -0.00946665174855694 0.9999512484500181 61.980651934088094
0.9999835617185173 -0.0050661864911918965 -0.002685153448916515 -0.19967631674223238 0.005088097338230384 0.9999532962949554 0.008216841567773482 -0.8976539477115215 0.002643400220964559 -0.008230368979625457 0.9999626360363929 63.390816828978416
0.999987925804306 -0.004360503350521518 -0.0022658901323616243 -0.21423616366188128 0.004377836190795046 0.9999607597954755 0.007701520077290174 -0.9433161821836505 0.0022322189094640546 -0.0077113469339216275 0.9999677756474383 64.79793949168463
0.9999864598548108 -0.004995851527864106 -0.0014565639900341958 -0.22417756531648358 0.005006252982275031 0.999961354093223 0.007226876410431523 -0.9558905007401806 0.0014204034244911965 -0.007234070625207156 0.9999728249710947 66.2495551346847
0.9999943272591791 -0.0032202225214484122 -0.000987734451851087 -0.22493054685124492 0.0032273032764495793 0.9999684912519334 0.00725265539891448 -0.9746017689948594 0.0009643482529205926 -0.0072558021164415626 0.9999732113270229 67.62180444233613
0.9999990777613376 -0.0013499843401551075 -0.00014839341336363165 -0.25777862467724527 0.001351176488925722 0.9999642241132911 0.008350138384080762 -0.9882294356437538 0.00013711556684877554 -0.008350331352611467 0.9999651259760705 69.08295276813638
0.9999962477232831 0.002674138228622112 0.0005945756074746012 -0.25946494364480394 -0.002679691434768856 0.9999508686387323 0.009543561398237603 -1.0216512060745333 -0.0005690256333263997 -0.009545119057032222 0.999954282412075 70.4293091462838
0.9999797162207724 0.006123899141527341 0.0017507130980648827 -0.27958627405433295 -0.006141709126873429 0.9999275227258563 0.010355129799389826 -1.0427823918644674 -0.0016871725752488958 -0.01036567233645622 0.9999448516227587 71.9037585011582
0.9999508741730712 0.009622035837074232 0.002380262247079933 -0.3007714058529034 -0.009645964238807765 0.9999008994142083 0.0102541085754864 -1.0471450145911703 -0.0022813611465934015 -0.01027656496649792 0.9999445922670848 73.26791079030683
0.9998919226861669 0.014459575521591194 0.0026577413501500243 -0.2924837696566991 -0.014485213849961386 0.9998461277218691 0.00989441726359583 -1.0785326336974486 -0.0025142635290978836 -0.009931846058155008 0.999947517079128 74.64405799781466
0.9998828583858069 0.014866236178153176 0.003642045312580592 -0.3134772661150178 -0.014902043954789064 0.9998388516224559 0.010009990376698644 -1.0797538398579496 -0.0034926478097346606 -0.010063091916487625 0.9999432661863066 76.1149657825621
0.9998656530085965 0.015907968004942798 0.003951259303448187 -0.3068697996908818 -0.01594873821975796 0.9998175698589401 0.010510223077627142 -1.0954788594305156 -0.003783342494354967 -0.010571828878522153 0.9999369593892989 77.47883003834883
0.9998714126353317 0.015429630324645817 0.004368600142171003 -0.33007581424247134 -0.015476212832660052 0.9998214994173754 0.010837720046982779 -1.131585676159914 -0.0042005986777237415 -0.010903936062018662 0.999931727243368 78.86763122934093
0.9998857787403088 0.014665908041022966 0.0036524759920119306 -0.3072615215255352 -0.014700851840893606 0.9998445820914699 0.009731220479044334 -1.1277576458273333 -0.003509191436699796 -0.009783803676408529 0.9999459799208665 80.25136358913208
0.9998972892996798 0.013888755027825914 0.0035374149008179727 -0.32284239659570113 -0.013922918734114293 0.9998548167398684 0.009823329770823076 -1.1569032319559684 -0.0034004677868830066 -0.009871572152373062 0.9999454929550116 81.65069868348691
0.9999081728214381 0.013200321609195962 0.0030655187861473383 -0.3317537072217346 -0.013232267439034193 0.9998557810275164 0.010645387417470783 -1.163898351739865 -0.00292455438193658 -0.010684973864326019 0.9999386372748448 82.99833848278139
0.9999133308195697 0.012882855533088083 0.002713458021650105 -0.34908346476047913 -0.012908231901767254 0.9998710639738628 0.009551597011543839 -1.1673697879677967 -0.0025900565266690516 -0.009585795324551546 0.9999507008522225 84.37629483153073
0.9999156036719746 0.012828778365673029 0.0020513288851199524 -0.3629163319589813 -0.012848265655755605 0.999869564175947 0.009786558764093976 -1.177414586414667 -0.0019255118805772855 -0.009812089034586557 0.9999500064069867 85.76400483938006
0.9999141109536958 0.013065382126868696 0.0010327026312922408 -0.37189424553590655 -0.01307563263689273 0.9998579554026465 0.010634701578409574 -1.2030312918868782 -0.0008936095692496926 -0.010647291633398816 0.9999429166933317 87.14682001653566
0.9999326621382111 0.011602987922290961 -0.00020453005247880155 -0.37427344502612925 -0.01159983358754123 0.9998653557021195 0.011606651135494713 -1.207706255748779 0.00033917438393868534 -0.011603497291716733 0.9999326196379907 88.56922787944579
0.9999519720591962 0.009719491963503817 -0.0012589785132001317 -0.3775856623519903 -0.009703393901174983 0.9998782801473988 0.012217571501572058 -1.2285587026705507 0.0013775739842154704 -0.012204768601461321 0.9999245701152584 89.93420973016482
0.9999574567869507 0.008959971455199561 -0.002191689793909709 -0.38139184837464424 -0.008931230811838263 0.9998783216213832 0.012789647468461411 -1.2463193226892033 0.0023060181935217697 -0.012769529128768416 0.9999158071632267 91.30965779419749
0.9999675664211044 0.0077905470912925665 -0.0020429052308886496 -0.4029914241201824 -0.007763545550007197 0.9998865480110498 0.012908078028815221 -1.2659853383638715 0.002143234640014853 -0.012891799447636647 0.9999146003839585 92.68787719533232
0.9999795709407837 0.005922909454023866 -0.002403503402608513 -0.41731196259514025 -0.005891424965677129 0.9998994126771943 0.012901769117918377 -1.2788760726382602 0.0024796778705095945 -0.012887345747519973 0.9999138800549899 94.00749169507507
0.9999789120609351 0.0059074723256015635 -0.0026976262772746874 -0.4370149251777056 -0.005873326918425624 0.9999046862160735 0.012494899797943295 -1.2799984717174904 0.0027711826749727917 -0.012478792517958588 0.9999182968090837 95.39348898782178
0.9999809071678318 0.005663503359102403 -0.0024718442319119015 -0.4495782818896868 -0.005633497936435353 0.9999123473481087 0.011981708078071673 -1.2912710444449653 0.0025394862360802488 -0.011967554426229916 0.9999251615294188 96.76035123224509
0.9999767349098004 0.006668877243105349 -0.0014337710235501587 -0.48412802375256103 -0.006652298398144691 0.9999143309786317 0.011272871822568616 -1.3025386580191487 0.0015088257283439608 -0.011263071913831423 0.9999354312467067 98.08178389337942
0.9999613074221837 0.008674931203565087 -0.0014591798118651935 -0.49561991462697785 -0.008657401506134647 0.999895016309999 0.011619198429724994 -1.3120544439107042 0.0015598225094569965 -0.011606116384150131 0.9999314301606199 99.43649789214278
0.9999525959487175 0.009400837698025709 -0.002535760348952564 -0.4337689825440516 -0.00936834154259247 0.999877527930094 0.012536480092385723 -1.3236262289727863 0.0026533034375349858 -0.012512130199389933 0.9999181999484903 100.83852180606216
0.999952200447252 0.009639014575409461 -0.0016389613394385358 -0.5037595497477034 -0.009616127287764389 0.9998634116305467 0.013442030894715084 -1.322928905011055 0.0017683055677768773 -0.013425628184226249 0.9999083086021708 102.13339139918544
0.999953513344317 0.009386993358469594 -0.0022035156629161804 -0.48268093794404554 -0.00935869958640728 0.9998778541255577 0.012517651028343365 -1.3390037876639238 0.002320749825268003 -0.012496447338865162 0.999919223204043 103.48379370373651
0.9999528084645801 0.009509897030156941 -0.0019856176788346745 -0.4839550071807047 -0.00948848564441967 0.9998995598425316 0.010528004768324143 -1.3520423054933797 0.002085538668509611 -0.010508667646876009 0.9999426075730256 104.80236399255976
0.9999731186090643 0.00722451469712045 -0.001252369539867907 -0.5167133765529959 -0.00721254757579147 0.999930642937694 0.009310665052295239 -1.367005538323027 0.0013195478342870057 -0.009301382183712667 0.9999558705703641 106.08127305634468
0.9999736589661733 0.007171555254245851 -0.001118102060648043 -0.5235599610770787 -0.007159925199979697 0.9999235577323394 0.010080385633995959 -1.3773625330142654 0.0011903087412333852 -0.010072114784075263 0.9999485665143976 107.49109015070292
0.9999884000399605 0.00450304756921943 -0.0017094843091543888 -0.4918395833432408 -0.004482985625519452 0.9999230893511866 0.011563659739937447 -1.3694880359824813 0.0017614246994021381 -0.011555862241004711 0.9999316773850505 108.81916111102512
0.9999939935246865 0.0034449473416927846 -0.000381110732637781 -0.530161595932682 -0.0034398623589302407 0.9999144027149193 0.01262357285675244 -1.3827000992455842 0.0004245657002110172 -0.01262218631687176 0.9999202469007553 110.14438403980209
0.9999924730057501 0.0038767401794712313 0.00015751311311950613 -0.5317268333569035 -0.0038783690076599027 0.9999185626343469 0.01215838623173099 -1.3786617648884913 -0.00011036538098966285 -0.01215890585213011 0.9999260716834759 111.48702893412896
0.9999875275236204 0.004554731875051901 0.0020491971031959535 -0.5436070876297365 -0.0045726070418250515 0.9999507854666627 0.008804425901921717 -1.4155132804133161 -0.0020089946165543797 -0.008813686437599064 0.999959140601239 112.84389202831422
0.9999685996774904 0.007704849757332384 0.0018533578757160968 -0.49731430740667915 -0.007718377366753898 0.999942788918309 0.007405778510767913 -1.4362450619490823 -0.00179619157861999 -0.00741985103309625 0.9999708593284343 114.1856075513359
0.9999408908485415 0.010011067246889764 0.004241853814696644 -0.5563289315544071 -0.010040053583486315 0.9999260114106454 0.006867972724627897 -1.448848048362041 -0.0041727845767890355 -0.006910155344649071 0.9999674182786649 115.47341443152715
0.9999237728605238 0.011077748398641757 0.005452700123815502 -0.5680470650318923 -0.01112417117535818 0.9999015002455113 0.008558191737366523 -1.4721739913862206 -0.005357357985837197 -0.008618196314422738 0.9999485113766974 116.84896584976941
0.9999181330837785 0.011790052907651977 0.004972098149401874 -0.5821430678443623 -0.011843363382787396 0.9998711907184088 0.01083220843244566 -1.4672792176936371 -0.00484374578775109 -0.010890208217834417 0.9999289682222458 118.14287109321062
0.9999120182183977 0.011634566342716824 0.006371237480831923 -0.5902983378434045 -0.011707952293139284 0.9998641186609529 0.01160465815790728 -1.485563636371124 -0.0062353571015539575 -0.011678231537891763 0.9999123657740459 119.5021017635928
0.9999037206708002 0.011736983001172561 0.007402202198337187 -0.5910699476569558 -0.011818068374867444 0.9998695788978456 0.011007201221901701 -1.497002862615229 -0.007272046067646813 -0.011093621409378461 0.9999120205833827 120.81696802546824
0.9998688075548415 0.013733134365952276 0.008588869056928912 -0.5719359728402913 -0.013827291542372055 0.999843879674172 0.0110010143844717 -1.5035424217335414 -0.008436450455997767 -0.011118332153755904 0.9999025997519487 122.13819444308567
0.9998371223390988 0.0151172155651082 0.009858932684625774 -0.583295061061612 -0.015220247125868197 0.9998294459743349 0.010460548553792394 -1.5101801180006589 -0.009699117648553343 -0.010608900368752663 0.9998966838360797 123.5013829271015
0.9998043485259418 0.01646047205335399 0.010968932977145643 -0.5756671675499279 -0.01657393280240713 0.9998092345578034 0.010334373972624248 -1.5149808792212434 -0.010796732714741764 -0.010514150606251924 0.9998864351497376 124.8427142064284
0.9997838141669952 0.016745116588380064 0.012325824951018492 -0.5764535642881714 -0.016859614013031668 0.9998151283989729 0.009244592070918602 -1.5293926318521882 -0.012168745505716718 -0.00945040236133353 0.9998812987173823 126.1408832074057
0.9997696649808299 0.016624298577866965 0.013573858741491638 -0.5958034391554425 -0.016748478088483926 0.9998184455286189 0.009086501240727293 -1.54914885090967 -0.013420338764695089 -0.009311749962339081 0.9998665840088449 127.49445426039988
0.9997677668055576 0.01635854640666314 0.014028912179672118 -0.5620721241672534 -0.016496738776269178 0.9998159705665765 0.009791968687665145 -1.5548757737770045 -0.013866149237417007 -0.010021126165796002 0.9998536427566892 128.8223378946857
0.9997466479468596 0.016574500768171463 0.015229110355301285 -0.5708909569443108 -0.01673196940461965 0.9998072519602687 0.01027132752549615 -1.5802310406646591 -0.015055934113020973 -0.010523538479957949 0.9998312727582078 130.1892420509769
0.9997754537127765 0.014765883434646503 0.015199039619893674 -0.5326341352362787 -0.014922410711270465 0.9998362487452608 0.010237059567978449 -1.579991979254646 -0.015045392793698603 -0.010461567391140231 0.9998320817831429 131.51310345600788
0.9997811744435094 0.013982911099111109 0.015558965051106634 -0.5554436839761019 -0.01414530363085796 0.999846107134403 0.010376534373554064 -1.6109595187141161 -0.015411477774421034 -0.010594350214448673 0.9998251077544498 132.8639650437828
0.9998103198152503 0.012021511286513992 0.015323434079223213 -0.5397347127074948 -0.012189122496001277 0.9998663846183717 0.010892117719391626 -1.6128930794289449 -0.015190448192147486 -0.011076831130701102 0.9998232614295932 134.1948851090761
0.9998248987803081 0.011829628067238288 0.01449936739407747 -0.5052380682466117 -0.011988735663596843 0.9998683283083205 0.01093600877378233 -1.636840952171395 -0.014368090527492296 -0.011107923164579963 0.9998350724077872 135.53261248643054
0.9998291060436533 0.01256544205547673 0.01355980635628586 -0.501068662892509 -0.012708432668564716 0.9998639982313015 0.010510985080746006 -1.6599199963030387 -0.013425888151403473 -0.010681512912220782 0.9998528145719188 136.8545835247163
0.9998189398419938 0.013883953024453888 0.013012430678043507 -0.5121051781418113 -0.014040460419357501 0.9998292466473123 0.012014285279418275 -1.712576179809179 -0.012843404065813708 -0.012194810729456326 0.999843154480679 138.1958466270861
0.999849124840498 0.013040490752315717 0.011474891320182907 -0.4745400394359126 -0.01318153866310847 0.9998374254540745 0.012303240534741241 -1.725236007666245 -0.01131258644727429 -0.012452641251171655 0.9998584685402965 139.5632796980076
0.9998790606140442 0.01144914979847141 0.010525259810563634 -0.4803813049264517 -0.011580793690989738 0.99985439813 0.012532668514983629 -1.7291571670396428 -0.010380239781559598 -0.012653043933865344 0.9998660665804939 140.9265395498976
0.9998861447827866 0.012110257686200032 0.009002172398893157 -0.4815939433553381 -0.012217207129065741 0.9998542945363532 0.011921810772472393 -1.7382552186987104 -0.008856485272126912 -0.012030435056108504 0.9998884094229508 142.2582976029641
0.9998918324781434 0.01228649723350557 0.008084881340920539 -0.47749938418089416 -0.012379703685200671 0.9998562997479792 0.01158114055670475 -1.750249603133465 -0.007941428552463034 -0.01167997652191623 0.9999002509542039 143.59816314276986
0.9999229594120232 0.009588120098006024 0.007883094502499242 -0.45322578733791286 -0.009662207622592726 0.9999090007654499 0.009414454350239018 -1.757519671154652 -0.0077921108793911524 -0.00948989733897529 0.9999246095844806 144.949602377514
0.9999541641303933 0.0071288473318139875 0.006391335184366019 -0.45943610682138014 -0.0071834074931556875 0.9999376069070799 0.008554587194642397 -1.7930576371162301 -0.0063299525915258515 -0.008600106822565949 0.9999429833040755 146.2603338559207
0.9999833146686566 -0.00095942244900501 0.005696481399363416 -0.45958571437710727 0.0008929456326738638 0.9999316105526023 0.0116609116339594 -1.8127236412341359 -0.005707280033363444 -0.011655630643945949 0.9999157830672893 147.6640416096605
0.9999604910767137 -0.007841756516329972 0.00418606665814633 -0.44953223999740805 0.00778578795027708 0.9998822567460031 0.01322324229138277 -1.8254448172398834 -0.004289267574703579 -0.013190128278451127 0.9999038067233152 148.96921267467084
0.9999372559820962 -0.01069497128013284 0.0033319217389332877 -0.4737146381752443 0.010648645286896236 0.9998504787428956 0.013624481491030162 -1.8516717719886773 -0.003477137266156242 -0.013588146440400855 0.9999016310586968 150.21459976607485
0.999923565760549 -0.011977738679560859 0.0030653591850825918 -0.46937215726932996 0.011949397321680143 0.9998871671714932 0.009103011398733863 -1.8570497201548462 -0.003174047063691385 -0.009065686589077212 0.9999538683112813 151.599821602247
0.9999751224032031 -0.006300031040662934 0.003172411586874277 -0.4389434242372738 0.0062788280772672015 0.999958176965672 0.006649859253856226 -1.8674403711863992 -0.0032141734925170157 -0.006629774917627039 0.999972857217125 152.92199055273167
0.9999876358364591 -0.003031924977418457 0.003941524350203734 -0.43495079413936394 0.0030102039094486582 0.9999803156324818 0.005505180683500876 -1.896302685016554 -0.003958138388438427 -0.005493247927265792 0.9999770784194367 154.39517128002845
0.9999527238574059 -0.008649377532423475 0.004442784354928736 -0.4493316083881008 0.008612959452112923 0.9999296784064651 0.008152003429007503 -1.879554886007189 -0.00451298206075226 -0.008113352661845884 0.9999569023206193 155.65826314116828
0.9998008342058046 -0.019266880521113635 0.005203772607469893 -0.46041697497885903 0.01920951944087338 0.9997565304111616 0.01085699093999897 -1.8713000633951082 -0.005411686441537204 -0.0107548668205379 0.9999275206170486 156.99067278091454
0.9997369229786146 -0.022385176493150562 0.004998871485652284 -0.4396149681239966 0.02232461513353705 0.9996804349461215 0.011859154146817676 -1.8904630846961574 -0.005262743713193781 -0.011744436603922808 0.9999171824386022 158.32433866000997
0.9997331811604784 -0.022686504710698857 0.0043461476498225845 -0.4105526942170683 0.02263349596290067 0.9996732314614246 0.011880873383980828 -1.9045092922005047 -0.0046142633341846075 -0.011779335038904517 0.9999199747174249 159.669452261995
0.9997522364308163 -0.02161467208907532 0.005317115075342099 -0.41097100015255983 0.021551869943343696 0.9997004549285544 0.011598159715412077 -1.9114376093872425 -0.005566213238276536 -0.011480692546604289 0.9999186021706852 161.06188705276898
0.9997811826331359 -0.019801436760500356 0.0067446251355896426 -0.4247404739548029 0.01972671559572481 0.9997452166754944 0.010970798324179994 -1.9156288653272167 -0.0069601448647378834 -0.01083534861387689 0.9999170723619885 162.3909156906703
0.9997892678989864 -0.018586613587976634 0.008715365978751602 -0.4703908278157427 0.018500558929822688 0.99978030133352 0.009852835827854917 -1.9134645278002247 -0.008896582819349389 -0.009689520546691107 0.9999134782578942 163.7151450717016
0.9998058213566774 -0.017231110382404942 0.009560775701924828 -0.4857948111329895 0.017148637021267305 0.9998156005533466 0.008642287151105488 -1.8962011591499228 -0.009707929716289672 -0.008476654877343512 0.9999169477602837 165.06222047084995
0.9997931471920128 -0.018016323166539266 0.009437952250134269 -0.4718448715593381 0.01792486335254733 0.9997924057522 0.009687345497167559 -1.9059733700773567 -0.009610524135762586 -0.009516167804091785 0.9999085360032548 166.41005942953805
0.9997789218441652 -0.01891834989502686 0.00917624585078386 -0.4590148875808603 0.01882998965699796 0.9997763989191528 0.009622039454166715 -1.8842656911856617 -0.009356227923006492 -0.00944712378107906 0.9999116025165832 167.73520015926243
0.9998109671897905 -0.017148476425694406 0.009162950348852436 -0.46492736671151846 0.017079414883094092 0.9998255321078338 0.00756299687274411 -1.897949260962847 -0.0092910463596967 -0.007405069512898836 0.9999294182081501 169.1140357389128
0.9998584681440329 -0.014400776939404985 0.0086983516338234 -0.45663305600948845 0.014347586064239647 0.9998781736596479 0.006146918067361183 -1.925591777745997 -0.008785813077967514 -0.006021247834461353 0.9999432754199549 170.5233259512324
0.999922953907416 -0.009635322766844725 0.007826034802355072 -0.4327298173914109 0.009599043232728992 0.9999430686549992 0.004660236817964114 -1.9317260822959703 -0.007870492802292134 -0.004584755395101405 0.9999585168171603 171.84749010749115
0.9999459622420015 -0.0067067656797804905 0.007943041286045921 -0.423287721561181 0.00666295732537253 0.9999625166126886 0.005529046937649814 -1.9367102425373175 -0.00797982624564412 -0.005475824111524233 0.9999531677622765 173.2303217549161
0.9999592508708308 -0.0016526047876425764 0.008874993223092053 -0.46342362820481353 0.001585166142458596 0.999969860094908 0.0076004042989255005 -1.9641556596519516 -0.008887286940958949 -0.007586026391314995 0.9999317318344967 174.6174684086374
0.9999572544803651 -0.003309016932064592 0.008633633686538624 -0.46108329872836873 0.003230687091237203 0.9999536397251498 0.009070890472266268 -1.961390302246991 -0.008663249883634375 -0.009042610332078977 0.9999215865734771 175.98697904294278
0.9999634341610281 -0.004231892964180814 0.007431112653251011 -0.42916427551616076 0.004151600143518222 0.9999331961466018 0.010787374609616665 -1.981318269312557 -0.0074762678638122405 -0.01075612935453012 0.9999142018678482 177.45529005589725
0.9999651100879117 -0.005753593954185891 0.0060559703498210245 -0.44218864276834013 0.005689254409574931 0.9999277569528721 0.010588354393011914 -1.9877820781525537 -0.006116454447837548 -0.01055353120886463 0.9999256032132208 178.85057177995765
0.9999456874928955 -0.009505043468674973 0.004275070483649066 -0.4421805270372847 0.009477342066751262 0.9999342598771065 0.006454138220606947 -1.9759122520548127 -0.004336136664890562 -0.006413271490445806 0.9999700334831011 180.19248693878063
0.9999702026054754 -0.00705657156772743 0.003130289299698298 -0.48835637418964095 0.007045337438287863 0.9999687527878962 0.003585618391751352 -2.0221761356070043 -0.0031554939229553403 -0.0035634576675350337 0.9999886722479795 181.61647223674805
0.9999942291944592 -0.003026203610190419 0.001543915795674665 -0.457715272786679 0.0030225028684607094 0.9999925669727753 0.002393840190409434 -2.0277064793367154 -0.0015511486964678261 -0.002389159929612619 0.9999959429171749 183.00349928003885
0.9999993341989274 -0.00021571744709405864 0.0011336091302443126 -0.4677709302433142 0.0002111708908961868 0.9999919404422535 0.0040092962217008685 -2.040765947386387 -0.0011344649616025445 -0.004009054244985734 0.9999913201985977 184.32644785649018
0.9999950275510212 0.002911528399416605 0.0012115576973979068 -0.4862394776418431 -0.0029192464452016155 0.9999751436585201 0.006417948964390976 -2.056095954861098 -0.0011928416376191444 -0.006421454014791552 0.9999786708010951 185.77410943195886
0.9999835914253711 0.005328981015101321 0.0021021022068882077 -0.49821240381374055 -0.0053463601062176125 0.9999508440863091 0.008350200756545618 -2.081435233599154 -0.0020575009822778856 -0.008361302504235958 0.9999629269677089 187.15257907572928
0.9999934620606054 0.002754418203408792 0.002342864604190626 -0.5021241127243625 -0.0027756709559568354 0.9999545884380949 0.009116836866598728 -2.087938373859233 -0.0023176468182788067 -0.009123280462546679 0.9999556961518701 188.6063438016905
0.9999922146056219 0.0031617310991656367 0.0023609705525400844 -0.5219815846259163 -0.0031830354896607693 0.9999537559816019 0.009074920732533295 -2.1044174133003524 -0.002332169102610804 -0.009082365313288172 0.9999560348471828 190.0131019924287
0.9999930316021277 -0.002094928426669411 0.0030899885313317955 -0.5642704735329692 0.002063639583705144 0.9999469189247998 0.010094588552555918 -2.1014986962357973 -0.0031109722065232946 -0.010088141781497851 0.9999442740706598 191.40027234614905
0.9999926020892999 -0.0022344743524300974 0.0031309580512634654 -0.5449958223483075 0.0022027389016582646 0.9999465360618716 0.010103115983799643 -2.1285456430979592 -0.003153366069618723 -0.010096144753465009 0.9999440605068268 192.83377569970386
0.9999860181018962 -0.004218768953455571 0.0031883536454411308 -0.529355983744871 0.00418469767063182 0.9999348665708299 0.010618423240648725 -2.14009692341416 -0.003232942915670637 -0.010604932682022382 0.9999385398525451 194.17916260757195
0.9999503350183803 -0.00923183760974053 0.0037550878871829875 -0.5445888466371994 0.00918606157204667 0.9998854362301816 0.01203040621861084 -2.1457190834935385 -0.003865720763073607 -0.011995314486378694 0.9999205811628641 195.61956434094557
0.9999090218453045 -0.012847547330197495 0.004109571151443876 -0.5319044077006165 0.01279462715004102 0.9998380673201769 0.012654510607476554 -2.1600221915516644 -0.004271485451399267 -0.012600779127872953 0.9999114834709896 197.0496888340011
0.9999378751348074 -0.010140981352768669 0.004626703276667918 -0.5420244718901498 0.010093732991378808 0.9998978075100018 0.010123787726695511 -2.1854038517499346 -0.00472889599564343 -0.010076458267236379 0.9999380493457506 198.47427861560269
0.9999760961091023 -0.004821221780693616 0.004956111661081076 -0.5732400394021865 0.004798889505045478 0.9999783234745061 0.004508129694241629 -2.184479073101848 -0.004977739339556982 -0.004484238180805811 0.9999775566053686 199.91608592382823
0.9999637423554649 0.00555598889211706 0.0064532904164325885 -0.5738116013985735 -0.005582196130903087 0.9999762175190412 0.0040501225741934686 -2.1956029593123048 -0.006430635045628965 -0.004085999338636974 0.9999709753471854 201.37525236085364
0.9999067800392257 0.011979492942113453 0.0065515614960414935 -0.5574345658431971 -0.012028296710607057 0.9998998210809232 0.007461092901583034 -2.2133191067440348 -0.006461525598632094 -0.007539201656899367 0.9999507033454244 202.79815036037775
0.999890069735602 0.012919994963346712 0.007274761102016025 -0.5123842069116336 -0.01299138947648925 0.9998670555669481 0.009853680530023468 -2.221288403369768 -0.007146485056898981 -0.009947106767276026 0.9999249885940664 204.2245781298725
0.9998941626532225 0.011952826502184863 0.008294179210902676 -0.5997536031960938 -0.012035063445007502 0.9998782004329405 0.00993687940742094 -2.2350012835874074 -0.00817439587136713 -0.010035648887797347 0.9999162289911478 205.71901411764938
0.9999321094657939 0.009306055617972256 0.007012401438797025 -0.582716204440337 -0.009378173043886039 0.9999027436613421 0.010322456403245323 -2.260145669114978 -0.006915658661522033 -0.010387519326544555 0.9999221335205976 207.12782187261803
0.9999567583698477 0.0076260846796461675 0.005322049651704413 -0.5639090163120467 -0.007677429524365291 0.9999235323023583 0.009694670541604807 -2.264617744214748 -0.00524771074441323 -0.009735111182817566 0.9999388426996889 208.55116521020352
0.999960161408171 0.007445940676756178 0.004922758754718656 -0.5713449659943766 -0.007491134241474392 0.9999293735105771 0.009226641388829367 -2.270257327659171 -0.004853710456279512 -0.009263151043424338 0.9999453162673356 210.05385464969817
0.9999465509961828 0.008916859448631815 0.00523304447145089 -0.5925184432189019 -0.008964986767147371 0.9999170626016265 0.009246455923002665 -2.2842614569092707 -0.005150161536769155 -0.00929287606937991 0.9999435575509948 211.52557945150963
0.9999333761102356 0.010446859035373098 0.004909832836399348 -0.5936811153858912 -0.010495035330974161 0.9998960064823238 0.009890928919729324 -2.293373465858847 -0.0048059935042175685 -0.009941799016697813 0.9999390296695875 212.9451595605947
0.9999442033636322 0.009837383561679307 0.0038491591922777736 -0.589585282987323 -0.009875313282017753 0.9999016118960692 0.009962165134231798 -2.314948329006759 -0.0037507791507745613 -0.009999621133393383 0.9999429679895034 214.36034518263105
0.9999329453017993 0.010876343651685862 0.003976182619060564 -0.6022828872464273 -0.010912498411781942 0.9998982535844687 0.009186940707281347 -2.334022143945288 -0.0038758580532460094 -0.00922971495335099 0.9999498937869004 215.8527853141501
0.9999512425021332 0.00915015575772729 0.0037131189380527063 -0.6125924932318869 -0.009182147959563437 0.9999200633133841 0.00869224711033299 -2.3372633313134745 -0.0036332870092418146 -0.00872591788162946 0.9999553277926027 217.37248386459618
0.9999441580203877 0.01023147450171135 0.002645326150014125 -0.5840693855326653 -0.0102542434414403 0.9999092127937868 0.008741663584789165 -2.3603577329608547 -0.0025556460896922883 -0.00876830142989059 0.9999582919114182 218.80914342467986
0.9999476259498811 0.00958390159409891 0.003590845344224776 -0.6348857543063249 -0.009611536620391634 0.9999237033734164 0.007759240624259276 -2.3505612236537083 -0.003516207867693591 -0.007793347941008932 0.9999634493360082 220.3277153968996
0.9999418359216421 0.010391388549565369 0.002888563219497723 -0.6251235450333726 -0.010414196938344571 0.9999137983493053 0.007996273776057753 -2.3869185304195053 -0.0028052220640435786 -0.008025890910263612 0.999963857248328 221.7794685633101
0.9999240322144621 0.012056865862736238 0.0025615932272156786 -0.6386722802622818 -0.012075822574083444 0.9998988207925761 0.007518158924013642 -2.3985783078498537 -0.002470688816993664 -0.00754852128745121 0.9999684572635216 223.27982393869507
