1.0 -3.469446951953614e-18 0.0 -1.7787691892340307e-19 0.0 0.9999999999999999 -3.5405977195229754e-19 0.0 2.168404344971009e-19 -2.354751593366955e-19 1.0 0.0
0.9999999096369221 -0.0004023222983346921 -0.00013734390597789 -0.004235298272973682 0.00040251641898087984 0.9999989163157408 0.0014161027511645392 -0.023940560156149177 0.0001367740401643201 -0.001416157934093551 0.9999989878944928 1.3125340633878024
0.9999989337164847 -0.0014585596499955104 -7.191499287156444e-05 -0.008506039987923885 0.0014586973119731558 0.9999970319876649 0.0019514649477935168 -0.040777912707474405 6.906845891855597e-05 -0.0019515678065896444 0.9999980933047271 2.6103781363140195
0.9999955302322355 -0.00291616264117457 -0.0006599349572883025 -0.012199856845431886 0.0029168355450890394 0.9999952250992534 0.001020707963378574 -0.07214980448609416 0.0006569553122840542 -0.001022628341249722 0.9999992613208251 3.944185321561443
0.9999944343423466 -0.0033133491634650108 -0.000391159455989825 -0.015057599720124803 0.0033137807853221134 0.9999938961921009 0.0011074432711511806 -0.09057651223033475 0.000387487756067204 -0.0011087333438219746 0.9999993102819582 5.245648512937293
0.9999932026363787 -0.0036366238959183225 -0.000607989948382301 -0.016226217600829956 0.003637832584116679 0.9999913861093798 0.0019984683462013946 -0.10675892593616243 0.0006007170861230548 -0.0020006665646678003 0.9999978182344105 6.5839689474477625
0.9999867347669739 -0.005138165140654582 -0.0003599377197182061 -0.013287340327913778 0.00513930409111611 0.9999815535911791 0.0032372864500285685 -0.13322169751645316 0.00034329739977244345 -0.003239093396252631 0.9999946951969533 7.911656364323198
0.9999869605215894 -0.00510274405536219 -0.00020198069984980293 -0.01435193122420685 0.005103517379152054 0.9999788485786373 0.0040319348025007005 -0.14886162054083157 0.00018140251528604929 -0.004032913115914774 0.9999918513198365 9.230685831160411
0.999990590444629 -0.0042764080378793114 -0.0007289452028438367 -0.016955981896668346 0.004278183406894223 0.9999878442161705 0.0024512365088869407 -0.16883273735498233 0.0007184539174401744 -0.0024543320507977463 0.9999967300345285 10.575837717419077
0.9999986162782025 -0.0015180598580620958 -0.0006803948764933336 -0.018802713411818613 0.0015179983156058292 0.9999988436888658 -9.11028846741154e-05 -0.18342125421728417 0.000680532446917905 9.006992272024493e-05 0.9999997643820057 11.892058350123618
0.9999980270206384 0.00188328512164199 -0.000631813014534381 -0.02496144703058401 -0.0018839501430936321 0.9999976705110133 -0.0010534267058003824 -0.20286953936648505 0.0006298276921321336 0.0010546149504619333 0.9999992455523458 13.236546152464426
0.999990814144097 0.0042571048475501735 -0.0004986751003599648 -0.029120928935853878 -0.004257620857273258 0.9999903978265905 -0.0010377511658752727 -0.2203410279163331 0.0004942525371174462 0.0010398648195841405 0.9999993371979022 14.580927294144459
0.9999870558389194 0.005086877537280163 -0.00010872629640552552 -0.0292705241821706 -0.005086920174461279 0.9999869845339391 -0.00039244855246051564 -0.23726794905698842 0.00010672855192193735 0.0003929965582974299 0.9999999170814146 15.921648684695322
0.9999958213138215 0.0028885927454289327 0.00011567964736590376 -0.024961140280184153 -0.002888844332299725 0.9999933285576663 0.0022354917612909054 -0.25353634246550105 -0.00010922145793620507 -0.00223581664655607 0.9999974945942764 17.28325729851998
0.9999992135278171 -0.001161300896528954 0.00047363116884334075 -0.016654265665337117 0.0011592169251551931 0.9999897492334304 0.004376944301739483 -0.27298083174736054 -0.0004787092999244591 -0.004376391903105731 0.999990308968826 18.625398012647448
0.9999936294891741 -0.0035690346334709584 5.457032149063564e-05 -0.014010749877391693 0.0035688920691464895 0.99999069204862 0.002424627828694518 -0.2946077456822158 -6.322339737295838e-05 -0.002424417671989939 0.9999970590967256 19.984049306826382
0.9999897288718353 -0.0045319653852816544 5.8708724613171746e-05 -0.01245401714847123 0.004531953743890992 0.9999897102684003 0.0002018576534343495 -0.30696766991817037 -5.9622936974899204e-05 -0.00020158951535991488 0.9999999779033547 21.328747941035573
0.9999962205095586 -0.002703117729439146 0.0005021213126175615 -0.016878814952331903 0.0027037209291274397 0.9999956199050521 -0.0012041843920655368 -0.3377228908802165 -0.000498864104052999 0.0012055374629999535 0.9999991489062153 22.69635954407071
0.9999990808448632 -2.6035204202783796e-05 0.001355593434458945 -0.02378125782103618 2.5860902611763922e-05 0.9999999913968339 0.00012859815691756147 -0.3474644547921971 -0.001355596885328278 -0.00012856298325693012 0.9999990729129408 24.064448570681158
0.9999971469829471 0.0008313956180000474 0.002239376899854958 -0.02452488573071966 -0.0008435125438118023 0.9999849812552937 0.005415325524885422 -0.36934253092918534 -0.0022348411738352548 -0.005417199122963401 0.9999828295710285 25.442533905356374
0.9999958342226006 -0.0015335707006214599 0.002445343316275087 -0.019586423598185104 0.0015191477560142688 0.9999815048341253 0.005889157493659198 -0.3847447483269411 -0.002454329731159508 -0.005885418235756291 0.9999796688513054 26.808460748836474
0.99998313560094 -0.005276366141344227 0.002426619883203501 -0.013916640561696149 0.005264215453417986 0.9999737095314836 0.004986809963115171 -0.41678830767661157 -0.002452868524355373 -0.004973951705672933 0.9999846215009129 28.18471659965893
0.9999814546235389 -0.0057250298526513015 0.002077125944300705 -0.018349793261920523 0.0057207282083022535 0.9999814915199615 0.002071202246007805 -0.4266103886251143 -0.002088945369005504 -0.002059281196306242 0.999995697823608 29.55914894963669
0.9999778643232908 -0.006004380120909239 0.002866756691241812 -0.01236683249157293 0.006004282725559857 0.9999819732159868 4.2715002177505355e-05 -0.46183747123040114 -0.002866961731789231 -2.5501232545965376e-05 0.9999958899297655 30.9399691855899
0.9999904411424018 -0.0026685883758734846 0.0034635629166334396 -0.01502037958401712 0.002671066109267553 0.9999961800092877 -0.0007108930088539999 -0.4830930551535212 -0.0034616528979758603 0.0007201376381067242 0.999993749158776 32.31863407005987
0.9999916698259987 -0.0016592303225454637 0.003729241264028284 -0.013368339395799303 0.0016705441668334441 0.9999940059075902 -0.003032726291583883 -0.5151388193740678 -0.003724187236274819 0.003038930954883942 0.999988447594941 33.70709262888248
0.999992476885414 -0.0010950651203571592 0.00372115723796599 -0.015226046497624962 0.0011065058346770365 0.9999946636254186 -0.0030738191270832456 -0.5379302930912614 -0.003717771664979345 0.0030779135491139547 0.9999883522408132 35.10760264370116
0.9999927787182595 -0.0011056185154133848 0.0036359490100078143 -0.007944440494073127 0.0011096988877937562 0.9999987566513489 -0.001120384993327602 -0.577355255654073 -0.0036347060788643774 0.001124411737250739 0.9999927622765057 36.492476038498815
0.999995098205283 -0.00013247798379395666 0.003128261365050914 -0.005523341734739201 0.00013094252879536708 0.9999998708687914 0.0004910358148865139 -0.5992257248787723 -0.0031283262764901327 -0.0004906237924984506 0.9999949864169858 37.90610117518291
0.9999920342727152 0.0024611916332946213 0.003142280451955145 -0.007523417594387016 -0.002462142983796091 0.9999969242603626 0.00029887472021958007 -0.6252758667543006 -0.003141535464557259 -0.0003066090886038754 0.9999950183585202 39.29238084349586
0.999981019031649 0.005190758174276576 0.0033192770231395725 -0.007268655328991666 -0.005191231350702711 0.9999865165144172 0.0001338529039829781 -0.6529388510212425 -0.003318537750320624 -0.00015108150252137077 0.9999944822235014 40.69314810547899
0.9999679930841373 0.007267167982300715 0.003346799325504702 -0.00832794716042537 -0.007269011740261384 0.9999734351678875 0.0005389267335467323 -0.6753066767157645 -0.0033427942297451236 -0.0005632374216997336 0.9999942542266178 42.11091841691563
0.9999595509667667 0.008497152020235705 0.0029486985530893677 -0.006555449708758973 -0.008499214713260352 0.9999636446845752 0.0006875149450784208 -0.6992323528633376 -0.002942749681871578 -0.0007125487760480083 0.9999954162369347 43.512107334191704
0.9999693100609045 0.007409699318514495 0.0025446571590935097 0.00010640476873143012 -0.007411069603085087 0.9999723975716553 0.0005292992256302422 -0.7265695602401827 -0.0025406651870053627 -0.0005481416272020569 0.999996622273244 44.932362203606466
0.999975251869471 0.006786756879006338 0.0018535285726977479 0.0034900379092736994 -0.006786556228308006 0.9999769644841939 -0.00011475880367299496 -0.7518631612039817 -0.0018542648730354235 0.00010217688605307319 0.9999982756280645 46.33180102567688
0.9999793101374275 0.006379439290039838 0.000825856891719328 0.010252857526945991 -0.006379871871391279 0.9999795123159219 0.0005217243094165419 -0.7763045994909742 -0.0008225117327616198 -0.0005269823907683804 0.9999995228813278 47.76241019053928
0.9999798297963224 0.006351238836387027 -4.186582038765265e-05 0.007546625073389018 -0.006351181264921159 0.9999790322729524 0.0012639318514284176 -0.7953359514497437 4.9892480448358346e-05 -0.0012636404900618684 0.9999992003615459 49.16749331013329
0.9999746528600291 0.007022312827405408 -0.0011750504156774553 0.006943970667052449 -0.0070205919469323586 0.9999742856184527 0.0014626704835745935 -0.8193941811283613 0.0011852916305758326 -0.0014543838945834345 0.9999982399251571 50.59241181777257
0.9999717348146573 0.00714054219214616 -0.002354189875780478 0.004363635585803563 -0.007137355996087631 0.9999736049601127 0.0013592450638432118 -0.8404930442721086 0.002363833683964674 -0.0013424039871539806 0.9999963051162557 52.03287743923058
0.9999678649997028 0.007273520459929803 -0.0033711788250719724 -0.0015074815538092812 -0.007265239541777 0.9999705762703495 0.0024622962270857457 -0.8607302680612469 0.0033889894823114592 -0.0024377247358679487 0.9999912860895442 53.441654850952254
0.9999744996891837 0.005681609173331309 -0.00432657705655259 -0.0022396008562971664 -0.005666447230409945 0.9999777899964608 0.003508689233078382 -0.8813122266050571 0.004346416333961023 -0.0034840835163903383 0.9999844847976838 54.8950494978556
0.9999804984166912 0.0040782114660219745 -0.004729794995451693 -0.009272792313118741 -0.004060604608027778 0.9999848131856671 0.003726244103691714 -0.9001957678021648 0.004744919980089279 -0.003706965688724528 0.999981871910553 56.30159745900998
0.9999841570408383 0.0017614232847040267 -0.005346311033623958 -0.01441821284043561 -0.001744671437013805 0.9999935594895024 0.003136415709419435 -0.9214865560531351 0.005351801611007092 -0.0031270385304951543 0.9999807897458844 57.729802454239085
0.9999850870561174 0.0009674361442917907 -0.005374915847673756 -0.0186725689035082 -0.0009489820819348514 0.9999936505355115 0.003434868639525294 -0.9429711827887547 0.005378205193133389 -0.003429716789405339 0.999979655774581 59.17968446747414
0.999987951115736 -0.00014618543361659235 -0.004906754921525311 -0.02088520417753316 0.0001668271163682792 0.9999911381328763 0.004206640374702375 -0.9649349832919824 0.004906096907000778 -0.004207408355959661 0.9999791137511634 60.58576806527557
0.9999874845370629 -0.0019556209203204136 -0.0046050309601113355 -0.025099629690649952 0.001977993528008686 0.9999862400172583 0.004858735810508957 -0.9792440216365637 0.004595466142008406 -0.004867783820800273 0.9999775929397586 62.03361368648841
0.9999828518127218 -0.004000356033210644 -0.004277058507844524 -0.02703557935327383 0.004019574305182402 0.9999818225954182 0.004494162288812258 -0.9985161835810439 0.004259002876656182 -0.004511277265874092 0.9999807544553161 63.44035883185754
0.999980144613946 -0.005051490779840004 -0.003767335712421904 -0.029962386261682503 0.005065073343800627 0.9999806761960046 0.00360447767470665 -1.0217141307082491 0.0037490552475458573 -0.0036234880087062985 0.9999864073711703 64.85976895467907
0.9999837559284347 -0.00476686792379784 -0.003124876018507778 -0.034212379352628566 0.004776911294950857 0.9999834243636969 0.0032143598778339904 -1.0460691937407085 0.003109502058435265 -0.00322923498161845 0.9999899514718229 66.29976516064511
0.9999925697680633 -0.0029328750499946488 -0.002501729893773796 -0.036894515474410805 0.0029409696701873204 0.9999904329366769 0.003238012918630246 -1.0672452672536772 0.0024922094857153924 -0.0032453464349310483 0.9999916282766556 67.69610063407804
0.9999980421750697 -0.00048125705652152066 -0.0019193840653624055 -0.0441320325706549 0.0004896041771926159 0.9999904156317264 0.004350739097860212 -1.0884214607479328 0.0019172720109786896 -0.004351670405292148 0.9999886934545513 69.12104928668509
0.9999937783818529 0.003306351384917346 -0.0012293209532929508 -0.05331654693746948 -0.0032994175135517166 0.9999788741433099 0.005600456751145562 -1.109504677315429 0.0012478121705435012 -0.005596365978008476 0.9999835616929181 70.52559720372648
0.9999778496104765 0.00664403039797331 -0.00039640154458181064 -0.06156288253686493 -0.006641487591682914 0.9999593095516178 0.006104907506785666 -1.1286493436585223 0.00043694664732229333 -0.006102139710481356 0.9999812863103134 71.94097636459603
0.9999388004186804 0.011060487751394722 0.0002469866340302606 -0.0689427149462392 -0.011061720973211758 0.9999224433559111 0.005722379458794927 -1.146010904873222 -0.0001836751822392878 -0.0057247614699532075 0.9999835965508028 73.33532525405343
0.999893523914805 0.014558474558576912 0.000995799062837722 -0.07408359760334966 -0.014563565932510618 0.9998798383397098 0.005311446614266677 -1.166040333014367 -0.000918352919753943 -0.005325383572898866 0.9999853983522219 74.74099118763748
0.9998644830250476 0.01636793425808406 0.0017624618049036334 -0.08131929128103653 -0.016376850235870676 0.999852531701559 0.005168526773550449 -1.1850953604264631 -0.0016776039297755454 -0.005196690037062537 0.9999850899171461 76.13960346098466
0.999863012724879 0.016427731427451495 0.002021233138810782 -0.07792448024851163 -0.016438274385763722 0.9998507587205262 0.005314458020963467 -1.2054733026207272 -0.0019336271584138687 -0.005346955709173009 0.9999838354439938 77.54327385922518
0.9998835520402752 0.015112965857543856 0.002116739420690149 -0.07623520651134152 -0.015123966675375678 0.9998716814699186 0.005280744698183827 -1.2279690923241406 -0.002036660258209174 -0.00531214337731808 0.9999838164421562 78.93638746604961
0.9998935263188272 0.014452244479703573 0.0020170822708460425 -0.07369331175168452 -0.014461080301658252 0.9998855911298212 0.0044364223733441895 -1.2474368588714784 -0.0019527354002801995 -0.0044651192973051 0.9999881246957042 80.32952652460902
0.9999057320576916 0.013627674206137145 0.0016773377773618868 -0.07054375421635022 -0.013634861474254927 0.9998975777192136 0.004350247925222479 -1.2700469177090765 -0.0016178823531830442 -0.00437270819984944 0.9999891308801262 81.71748984038207
0.9999057260281154 0.013658465088984328 0.0014090263559576302 -0.0699193946007352 -0.013664686519650075 0.9998964902906375 0.004503896093212996 -1.2896591771622552 -0.0013473643115374896 -0.004522725494999506 0.9999888647193044 83.10017606286307
0.9999132831907048 0.013136626748600545 0.0009247190032392058 -0.07285006613619405 -0.013140149480026852 0.9999060137709084 0.003911537814934308 -1.3102240183539458 -0.0008732477515304123 -0.003923349651465615 0.9999919223500918 84.48304197790715
0.9999116122164994 0.013293712586565365 0.00021196108635742586 -0.0783649219129708 -0.013294490890807913 0.9999026889465336 0.004227195467925212 -1.3283832834061124 -0.00015574534915997317 -0.004229639843640793 0.999991042905318 85.8618374376593
0.999918428395463 0.012744925554734705 -0.0008386865585363533 -0.08550373565749125 -0.01274050141213669 0.9999059051282929 0.0050853262719110495 -1.3529820751113575 0.0009034198268564103 -0.005074226276913421 0.9999867179432733 87.24899358275192
0.9999382209629353 0.010925774489262489 -0.0020449157177708606 -0.08960557955730561 -0.010913040105776652 0.9999216088753422 0.006138540836320421 -1.3725969149716033 0.002111823910135701 -0.006115845486565856 0.9999790681004037 88.63251107076785
0.9999569918666967 0.008693427340562875 -0.003230899736990378 -0.10011815388638601 -0.008671356371930625 0.9999393924140124 0.006783737497674303 -1.3942552117286953 0.003289678131917299 -0.0067554296012481765 0.9999717706997988 89.99533773629759
0.9999691555045427 0.0067863581206076586 -0.003953904600569449 -0.11210400926057545 -0.006759536887898594 0.9999543185898636 0.006757914369175841 -1.41208578628289 0.003999585950707412 -0.0067309795018344245 0.9999693481484774 91.37744898310767
0.9999750622747465 0.005450840582310857 -0.0044903392066118365 -0.1251833103305327 -0.005422811573356735 0.999965884237413 0.00623084946058312 -1.4285302500895367 0.004524149769375159 -0.006206343944132999 0.9999705062520651 92.73905308536644
0.9999792790342669 0.004330355233829448 -0.004763350520988065 -0.1445894870868846 -0.004301567340302868 0.9999725227090348 0.006037412688498702 -1.4484899090964882 0.00478936418799282 -0.0060167978402471305 0.9999704296354315 94.10241880019956
0.9999765587530017 0.0048388258411319425 -0.004844346209115329 -0.16272824781648282 -0.00481298819551551 0.9999742066315701 0.005331155991507804 -1.465383556689818 0.004870018208031342 -0.005307715353724631 0.9999740552090104 95.45652991028363
0.9999788887178259 0.004429177671943417 -0.0047544175400599 -0.18145445813401032 -0.004406840716364578 0.9999792519684938 0.004698445994223089 -1.4848126567607451 0.004775129554389834 -0.004677394942672146 0.9999776598127715 96.81027588610439
0.9999748341764507 0.005441553525115689 -0.004551976441163382 -0.20245362965726005 -0.005422329891584022 0.9999763737918279 0.004224950468992149 -1.5089755960007005 0.00457485957900686 -0.004200161917384227 0.9999807144687443 98.16911274430113
0.9999678593145369 0.006900960382859672 -0.004081306375011922 -0.22304431275981662 -0.006883217549133944 0.9999668678488555 0.0043456338994434605 -1.5270820335556694 0.004111160550416142 -0.0043174018018515775 0.9999822290467532 99.508680601633
0.9999652586174647 0.007394281579014143 -0.0038478741301675875 -0.24144211542997335 -0.007372026613775401 0.9999562010112155 0.005766220325567703 -1.549008617602095 0.0038903429868500927 -0.005737653490522743 0.9999759719976091 100.86889886740109
0.9999575538569152 0.008402250079551086 -0.003780562505045113 -0.26115551470121945 -0.008375346839959273 0.9999398846441464 0.00707677040060595 -1.5662194788268278 0.0038397963595147334 -0.007044806645176878 0.9999678128181672 102.20073136265034
0.9999626481437298 0.007868868386868563 -0.003575360725846616 -0.27778738383608054 -0.00784821858641477 0.9999526502025013 0.0057535061726201875 -1.585640876877269 0.0036204653261738707 -0.005725231177797272 0.9999770567202466 103.54599925830468
0.9999607467648496 0.008168408582693002 -0.003432492803483068 -0.2980997870627819 -0.008156989522725916 0.9999611937554714 0.003327840431193119 -1.6055423759876173 0.003459543056182632 -0.003299711068962212 0.9999885716725424 104.88301948935015
0.9999651407666691 0.007586262637238761 -0.0034879576048960905 -0.30922125152917795 -0.007578900799927845 0.9999690342000598 0.0021191789261424975 -1.6244595084430924 0.0035039265427289487 -0.0020926702184146952 0.9999916715837807 106.20888141798574
0.9999799147893129 0.005361431175410281 -0.0033800971854716687 -0.32948413112792935 -0.005350238820779492 0.9999802034526629 0.0033117453409170924 -1.6482462282729933 0.0033977862553993474 -0.003293594568420257 0.9999888035824386 107.55948126784048
0.9999925166026464 0.0026917633500557828 -0.0027786937608448485 -0.3391905771406527 -0.0026770502300243427 0.9999824496345174 0.005285246309320731 -1.6649342698240663 0.002792871866191364 -0.005277768163307171 0.999982172359175 108.88912054014712
0.999997653182172 0.0010717961222608922 -0.001882784698115665 -0.3584622063519435 -0.00106039404512217 0.9999811569590396 0.006046593386424723 -1.6895921276272194 0.0018892301005596465 -0.0060445828239837135 0.9999799467153633 110.23449868341714
0.9999991803972536 0.00036971221562564875 -0.0012257712203037371 -0.37490170188964556 -0.00036395705444370804 0.999988926019469 0.004692054264588176 -1.713758256495682 0.0012274924634329068 -0.004691604384636459 0.9999882409876799 111.56357514617095
0.9999972748053002 0.00228219761315584 -0.0004918853543745907 -0.39097646723714563 -0.0022810915639173484 0.9999948943407527 0.0022378376492442507 -1.7336139489796298 0.0004969900743830985 -0.0022367095614052334 0.9999973750627489 112.88452785127694
0.9999898827286628 0.004469355250722291 0.0005092112991326103 -0.40635758927914145 -0.0044694826012226544 0.9999899809005531 0.000248661054791229 -1.7581252152012106 -0.000508094885731235 -0.00025093445801650376 0.999999839435369 114.22310192363094
0.9999704426333779 0.007440274817077907 0.0019380808045260359 -0.4204689345909424 -0.007440027522387675 0.9999723135039406 -0.00013502502450778877 -1.780556699167087 -0.001939031933592225 0.00012060165725415051 0.9999981128020861 115.54657974201727
0.9999551547743006 0.008799633415149515 0.0035006966514102896 -0.43529855409759305 -0.00880614852743706 0.9999595140242924 0.0018498863283432385 -1.8032310669327032 -0.003484276894227023 -0.001880631065405636 0.9999921614879409 116.8952597521178
0.9999543859880687 0.008482058496162605 0.004390969541605541 -0.43743424358465777 -0.008500489177175366 0.9999550675862515 0.004195772857469441 -1.821632192948054 -0.004355183819088452 -0.004232906946882675 0.9999815572641879 118.2155313497202
0.999954485870866 0.00784475753896305 0.005430097139929467 -0.4369410427667633 -0.007870920495229057 0.9999574382278996 0.004813559900156454 -1.8401893720145193 -0.005392105267297956 -0.004856080775370113 0.999973671491189 119.568456281364
0.9999443868337847 0.00838429857209093 0.006397403003557947 -0.4387420439943005 -0.008411224368272425 0.9999558317751203 0.004193545142221345 -1.8574706537803953 -0.006361961041804094 -0.004247122002887721 0.9999707432725018 120.90348651895735
0.99991745976545 0.010332408990668462 0.007636423487495212 -0.4454703836489571 -0.010361042072462318 0.9999394054240329 0.003719450280316734 -1.8793145680058496 -0.007597530519761065 -0.003798264657647385 0.99996392470408 122.23712607868416
0.99988655006839 0.012243105007535298 0.00877458542520888 -0.45011641444375516 -0.012274001392890784 0.9999186303101412 0.0034758707486890815 -1.9007638407989722 -0.008731316725072127 -0.003583175758015262 0.9999554614849069 123.59198716549372
0.9998661945460607 0.012942255244516152 0.010004549369718055 -0.44861270155919375 -0.012966971511206429 0.999913022188095 0.0024095103251810784 -1.9271811795784881 -0.009972495539765733 -0.0025389166780548224 0.9999470502123475 124.93530311969229
0.9998369226345184 0.014323256434632874 0.010998746830300077 -0.4519226004514074 -0.014341625437837248 0.9998958847293484 0.0015929587190683036 -1.9561287742293396 -0.01097478626349817 -0.0017504388874214874 0.9999382431049493 126.298290173794
0.9998412017387746 0.013224532236977907 0.0119450000432244 -0.45364996877885655 -0.013241660101181867 0.9999114061191319 0.0013558699380767894 -1.9895181966101911 -0.011926012051048296 -0.0015138262890272449 0.9999277366692578 127.6558502446
0.9998325451786884 0.013151439179747147 0.012724826999800102 -0.45623238207601396 -0.01318165415111441 0.9999104880065236 0.0022934691291979837 -2.0229623839616666 -0.012693526626933885 -0.002460819393620626 0.9999164058781442 128.9984821632476
0.9998399378120886 0.011736933154719294 0.0135034489393498 -0.4557727705854985 -0.011785175636946216 0.9999244321010914 0.0034985353961169106 -2.0535320757850135 -0.013461367571367303 -0.0036571160004523076 0.9999027038072495 130.36530887181172
0.9998461369313566 0.010792611819343486 0.013828303346419026 -0.44991857779494115 -0.010845041782701799 0.9999342634385686 0.0037220820424944145 -2.0810242969067305 -0.01378722449733608 -0.0038714779524518417 0.9998974567898499 131.7093606074148
0.9998652876186557 0.008869430160501882 0.013810858386391265 -0.4467379053279803 -0.008926737955141607 0.9999517778528935 0.004093328360839219 -2.1124698391622396 -0.013773888068278471 -0.004216062931254247 0.9998962470259661 133.07588093196586
0.9998853802497427 0.006744500468066799 0.013555001569691937 -0.4444036452694089 -0.006810548999639872 0.9999651317617333 0.004832359256979665 -2.140228695022877 -0.013521938220553704 -0.00492412246675716 0.9998964497389093 134.43348513401745
0.9999026787609048 0.00527701008774662 0.012914571869708704 -0.4407649068585836 -0.0053358846706643 0.9999755100271515 0.004528541729447535 -2.1739062743256907 -0.012890359517760745 -0.004597011756374165 0.9999063486695448 135.77153328220166
0.9999233796955656 0.004400660960108852 0.01157017369318677 -0.44335310267399247 -0.0044503101984457154 0.9999809855389019 0.004268876590469777 -2.205825024941713 -0.011551168786965122 -0.004320040448942311 0.9999239509805905 137.12922865353673
0.9999410629864263 0.002596035998804579 0.01054187614957955 -0.441260739621645 -0.002654029810994948 0.9999814023197234 0.005491005723828389 -2.2332786022756785 -0.010527426131958074 -0.005518660656102334 0.9999293563437855 138.4739358638852
0.999953511553502 0.0013985259357549374 0.00954038057618795 -0.44257403424608 -0.0014526744946030202 0.9999828637682181 0.005671146957574516 -2.263049371337489 -0.009532286644947872 -0.005684742487649345 0.9999384077074789 139.84319508492308
0.9999663191626141 0.00031811662046825513 0.008201179704009392 -0.4453756810361156 -0.00036467173821888056 0.9999838262281209 0.005675763903432651 -2.2919156358006765 -0.008199242193485919 -0.005678563582901143 0.9999502619318329 141.18127419700312
0.9999755299095532 0.00033401011068307646 0.006987705301191772 -0.45150448586711006 -0.0003695444518099413 0.9999870051052058 0.005084590153590539 -2.3212678223829446 -0.006985916778437786 -0.005087048095767582 0.9999626587543172 142.5425908642942
0.9999823675075067 1.2798226375610594e-05 0.005938393417336142 -0.4579171415706428 -3.9929781229634115e-05 0.9999895624484655 0.004568741486999105 -2.3479774005614398 -0.005938273461385502 -0.004568898132676706 0.999971930642567 143.89018006081497
0.9999868178025137 -0.00129271773692103 0.004969216193085008 -0.4617439327257661 0.0012797892376033258 0.9999957905607361 0.002604034918859788 -2.3803056348689897 -0.004972561975621488 -0.0025976410887155747 0.9999842628177262 145.2278116610151
0.9999689593655803 -0.006798822933827496 0.003982000108365909 -0.46625910412516447 0.006793467138886119 0.9999760032541286 0.0013570968501892707 -2.4110773483858177 -0.003991131550234246 -0.0013300031559206772 0.9999911509388445 146.5853518518057
0.9998928714721842 -0.014373341152937277 0.0027663435811451365 -0.4636673082387761 0.014361553866629734 0.9998878989526752 0.004235007402829407 -2.441064194934324 -0.0028269049117588753 -0.004194824789747136 0.9999872059435784 147.93032392952173
0.9997542236623695 -0.02213443253409074 0.001248667969605155 -0.46249375130126913 0.02212726428571859 0.999740088824704 0.005489896772883315 -2.4673349969168368 -0.0013698592862338385 -0.005460917969579928 0.9999841508043215 149.28790603796062
0.9996874791770795 -0.024998840343298828 4.425281956234317e-05 -0.4666262945968799 0.024998619614325333 0.999683551918528 0.002804467922678237 -2.5056525140244914 -0.00011434726714744316 -0.002802485244676656 0.9999960664930212 150.63392061643302
0.9997018238581094 -0.0244166407945791 0.00030170950969277545 -0.4777453926399491 0.024416990458320804 0.999701129084215 -0.0012095799678164744 -2.5339574740522384 -0.00027208548001535194 0.0012165861810211026 0.9999992229432035 151.97246581694532
0.9997748795730484 -0.021183139006655433 0.0012102907273177383 -0.49620831274495325 0.021186834380497482 0.9997706482416917 -0.003125533244377144 -2.5683888286007477 -0.0011438046374511075 0.003150471931418962 0.9999943831020732 153.3273426667461
0.9997818254516935 -0.02078674870661992 0.0020524578688647043 -0.5069261366357267 0.0207930985646815 0.9997789262233843 -0.003121814537802707 -2.6047626013291705 -0.001987111918881657 0.0031638104759678064 0.999993020818928 154.67025809220036
0.9997136367605285 -0.023789220798326488 0.0025918052182316246 -0.5113024826455047 0.023789421941654974 0.9997169905861281 -4.6206787366611415e-05 -2.6345394856543494 -0.00258997270662667 0.00010785112579610179 0.9999966401974064 156.0280556879084
0.9995486216356624 -0.0298902868431312 0.0030205518169647456 -0.5073438711274999 0.029880289016903483 0.9995480264890035 0.0033031922348703943 -2.665210614226877 -0.0031179202294730254 -0.0032114463219855547 0.9999899825411411 157.374573262537
0.9994244483101078 -0.03379214053489826 0.0029771366946167383 -0.4971997148676801 0.03377943184949618 0.9994203983121921 0.004221070920493189 -2.6865862686548914 -0.0031180504203539906 -0.004118075542704269 0.9999866595171745 158.71789342704201
0.9993739592497329 -0.035255483965537036 0.0029564175060178915 -0.49169184306257296 0.03524194702331575 0.9993686194100713 0.004513062242566779 -2.7152964444341867 -0.003113661331612604 -0.0044060470299259686 0.9999854458239327 160.07600502290677
0.9994246596629393 -0.03369816399821544 0.003844916988539562 -0.49120801843862605 0.03367888015747614 0.9994203227785362 0.004975084562049662 -2.7359229020117133 -0.0040103397254848275 -0.004842729763171402 0.9999802323746355 161.42339548287757
0.9995442380364884 -0.029767646780007033 0.005020299773605426 -0.49400570857552234 0.029745481473168387 0.9995476712866058 0.004433865763960885 -2.7592591899852628 -0.005150015127191383 -0.0042825138001432814 0.9999775684559135 162.78078420419223
0.9996314513394641 -0.026508704061619072 0.005852358977973486 -0.4909036217039705 0.026497266876651236 0.9996468376793116 0.002023553293970463 -2.782140852512068 -0.005903934416070879 -0.0018677360101523345 0.9999808273736133 164.12299129920112
0.9997106570443778 -0.023102099255908278 0.006700388895951767 -0.4876766348301199 0.023094519293415126 0.9997325577877256 0.0012066791839885809 -2.8107784934859814 -0.00672647431722255 -0.0010515877768180369 0.9999768240814804 165.48765855254257
0.9997439142651027 -0.021472821990276263 0.007143095783303704 -0.4807301476802768 0.02145491859835732 0.999766503619355 0.0025738498774662997 -2.833813391762567 -0.007196696321126473 -0.002419936238071542 0.999971175316787 166.83816894019301
0.9997680302807839 -0.020402118626482765 0.006902115387063889 -0.47032393421765695 0.02038544328567103 0.9997891244721928 0.0024779593523426356 -2.858545638663552 -0.00695121610449491 -0.002336681883824171 0.9999731098916006 168.1726035589291
0.9998106506961573 -0.018352979601160342 0.006467681864937565 -0.4655042288062431 0.0183529957123527 0.9998315679581945 5.704906718699195e-05 -2.8863011055559924 -0.006467640065690746 6.166309306992123e-05 0.9999790826928672 169.5524046439946
0.9998765886793193 -0.014505982160147021 0.00603190755228648 -0.4587573908464428 0.014523314746940436 0.9998904992272072 -0.002839520051450464 -2.9138596390037375 -0.005990057534069542 0.0029267729880971633 0.9999777763551934 170.9114940289983
0.9999434016975558 -0.008920371214183426 0.005798309609401579 -0.44789752355265894 0.008945409057457377 0.9999507154989901 -0.00430653232159245 -2.9429527246294462 -0.005759608465303316 0.004358156927883973 0.9999739163459861 172.28902209982937
0.9999718921974012 -0.004481121540212839 0.006011187656065543 -0.43741991723327567 0.004500627738795154 0.9999846383371955 -0.0032353413701087267 -2.9709233636873504 -0.0059965978654318505 0.0032623046222899944 0.9999766988166523 173.65512059376456
0.9999761916788148 -0.0016698570725160785 0.006695346286281962 -0.4301503468487617 0.0016760644447020318 0.9999981707300468 -0.0009215975786287482 -2.9965475005382456 -0.00669379566877604 0.0009327974939050433 0.9999771612301045 175.03715097740883
0.9999734848369036 -0.0018789947752509053 0.007035553367990138 -0.4104130050667961 0.001872036520231126 0.9999977522400773 0.0009954853534751844 -3.0164557127311817 -0.007037408659324001 -0.000982288157367456 0.9999747546727809 176.40784502684807
0.9999727433348689 -0.0038301944163878967 0.006312068571656548 -0.38988811302236076 0.0038173069653408363 0.9999906075771524 0.0020525397421114855 -3.032455971595726 -0.0063198714444665325 -0.0020283887253014408 0.9999779721864563 177.79239239628518
0.9999654230925585 -0.007026015855307474 0.0044483405782617435 -0.37259143520142746 0.007015890681588376 0.9999727712524712 0.0022877987194534015 -3.04536422542764 -0.004464293940537498 -0.002256510578701205 0.9999874890391669 179.174467949664
0.9999680784869471 -0.007642729643117237 0.002330386768271151 -0.36218301597458935 0.007646673629679168 0.9999693390161443 -0.001688017035666998 -3.0642075892313376 -0.0023174144551739453 0.0017057829000127487 0.9999958599372699 180.5253823375928
0.9999817576562813 -0.005985227148380602 0.0008132768572345834 -0.3586302727866079 0.0059901199148984525 0.9999631312299924 -0.006152612186656901 -3.0853508672213263 -0.0007764221614448067 0.006157371701061893 0.9999807417851344 181.94179230391234
0.9999987711730086 -0.001529045401765742 0.0003459414525914515 -0.35871308634099724 0.001531531443467701 0.9999721550181158 -0.0073036701349668285 -3.1076787046199303 -0.00033476421077222496 0.007304191125637878 0.9999732680049446 183.32202994814762
0.9999970168050899 0.002441719501025243 6.620075219942166e-05 -0.36046585757039107 -0.0024412780719010527 0.999978987006741 -0.006005473405974874 -3.1366448708975123 -8.086305454852523e-05 0.006005293992590728 0.9999819647898686 184.66656156001184
0.9999921464243197 0.003956652198297386 0.0002280042863858551 -0.35747376588301993 -0.003956021189090971 0.999988514694043 -0.0027056208239100077 -3.1552221790197086 -0.0002387068909051552 0.002704697635796974 0.9999963138077752 186.11159843760097
0.9999897217560914 0.004475482598251957 0.0007255550783814703 -0.3533482991322096 -0.004475086082561952 0.9999898368197951 -0.0005476041685077372 -3.1796450899446396 -0.0007279985596207372 0.000544351626559362 0.999999586849048 187.48061512542682
0.9999928420977873 0.003654393334743204 0.0009803862256049707 -0.3486647078399092 -0.0036547964063482355 0.99999323740066 0.0004094177912772249 -3.197908924047844 -0.0009788835046273961 -0.0004129979829006153 0.9999994356090364 188.91687229459617
0.9999951667385811 0.0029848480330922416 0.0008701594851669072 -0.34067262453696406 -0.0029856545801416117 0.9999951133962285 0.0009268525676926652 -3.2260480175865895 -0.0008673887917221908 -0.0009294461035229502 0.9999991918824241 190.32281339609983
0.9999997061217002 -5.2895833151237956e-05 0.0007648266155040853 -0.33484855094055466 5.166661980446005e-05 0.9999987072542694 0.0016071154278364847 -3.25275400246732 -0.0007649106998180977 -0.0016070754705460526 0.9999984161083444 191.69983263272914
0.9999962608428467 -0.002526143297970476 0.001047332598910103 -0.3295877517152252 0.002524463226943774 0.9999955294794995 0.001602530023052398 -3.278306844469813 -0.0010513762246416325 -0.0015998801070520694 0.9999981674935333 193.13852791555138
0.9999826840831895 -0.005709717619834147 0.001425014972971721 -0.32249297089835993 0.005706158940088845 0.9999806215104351 0.002489246098845101 -3.305967822371397 -0.0014392003698541034 -0.002481071676698377 0.9999958864835657 194.5277057772686
0.999952631486548 -0.009549468006022209 0.0018821413727368752 -0.3166659196303656 0.009541423734427065 0.9999454990610165 0.004237939386224139 -3.330629864286636 -0.0019225090192060694 -0.004219780407267518 0.999989248647535 195.9681448419118
0.999915295462644 -0.012850228351107256 0.0020672552327287187 -0.31246337268086966 0.012841099477313381 0.9999079977450644 0.004370606202444802 -3.3684734902059894 -0.0021232285032919 -0.004343690236231828 0.99998831205866 197.37746081724796
0.9999385296392589 -0.010863067585649127 0.0022205221289292023 -0.3148951357538766 0.01086262439918295 0.9999409775049837 0.00021186666016744454 -3.400047378475358 -0.002222692776925217 -0.0001877329323691376 0.9999975121920079 198.8081398461586
0.999987130045769 -0.004258180442233464 0.002758197143988776 -0.3248687764442866 0.004273214200519598 0.9999759216063512 -0.005467709051054148 -3.4393910557616705 -0.002734848474578567 0.005479425162575046 0.9999812480741972 200.23003012105738
0.9999792715983686 0.005204167544875468 0.0037911750321256077 -0.34094835958233377 -0.005180628215406357 0.9999674055483222 -0.0061926523034094415 -3.4865702448254887 -0.003823279389463518 0.0061728833920759296 0.9999736386728777 201.6522591132197
0.9999010952689146 0.013027599396213313 0.005299179892200325 -0.3560104832153654 -0.013016810582549568 0.9999131443787893 -0.002065520074543758 -3.5279286436644295 -0.005325628849213605 0.001996337397638533 0.9999838260234132 203.0989490072593
0.9998767074451269 0.014466239471220792 0.006107191935631695 -0.3595399376098047 -0.01446865356775967 0.9998952619176082 0.000351134883433102 -3.564996950325529 -0.00610147319491212 -0.00043945445028241637 0.9999812892742045 204.5223086617811
0.9999077469533536 0.012363951379249614 0.005624079023448593 -0.35614678142063605 -0.012366670850963973 0.9999234290636099 0.00044887826631342335 -3.5936802888857082 -0.0056180989485209555 -0.0005183880051641583 0.9999840839894485 205.97322527238842
0.999947338169516 0.009269915859574686 0.004403354641615575 -0.3512275476852169 -0.009271733074745122 0.9999569396094808 0.00039231776585941705 -3.62575651193228 -0.004399528650801786 -0.00043312384661422354 0.9999902282254275 207.42298793196457
0.9999672641972599 0.007408763558683432 0.003252805688583724 -0.34685091345481145 -0.007409460511833881 0.9999725291525329 0.00020211579817014906 -3.66002240806298 -0.0032512191781441744 -0.00022621072453605492 0.9999946891851522 208.8636119617601
0.999967794022979 0.007539660721388791 0.00275034918486746 -0.3497869909885198 -0.007538012974097284 0.9999714032429751 -0.0006091573761235272 -3.6805574587730665 -0.0027548636075163963 0.0005884055978411457 0.9999960322429833 210.33340290093554
0.9999564046471651 0.008954818985526464 0.002645752395445428 -0.35493736281972593 -0.008953626064553282 0.9999598084920828 -0.0004626019929679366 -3.70984782441355 -0.002649788800636145 0.0004388927520109113 0.9999963929879679 211.78195568007138
0.999948889447489 0.009783821077468079 0.0025485915879867394 -0.36081185896491097 -0.009785264021841614 0.9999519696642446 0.0005540709885092606 -3.737865348480475 -0.0025430484619225167 -0.000578981328042916 0.9999965988351546 213.24618821667008
0.9999543893315672 0.009265263595790578 0.002318216876092468 -0.36555858308197403 -0.0092662440087946 0.9999569824608149 0.0004122746778365803 -3.7702638852823873 -0.0023142975143599543 -0.0004337370507139648 0.9999972279442355 214.70866190246906
0.999955279718085 0.009262409069388487 0.0019095350580029464 -0.3673596346534836 -0.009260847430947938 0.999956776826788 -0.0008253507014803083 -3.8018350365213354 -0.0019170974209214361 0.0008076298891119827 0.9999978362320202 216.16552405841014
0.9999615073981046 0.008603835997886968 0.0017197999343330965 -0.36802162852051756 -0.008602082609839896 0.9999624764253032 -0.0010246633953448 -3.8350121922618854 -0.0017285515845496754 0.001009830106997497 0.9999979961730255 217.6503728805502
0.999959335785805 0.008937600316584454 0.0012025212633629521 -0.37103209802721654 -0.008936620250703211 0.9999597327124718 -0.000818408164570074 -3.863488302416329 -0.0012097875496314765 0.0008076284188282349 0.9999989420737395 219.11455679519554
0.999959614764007 0.00893501601290184 0.0009665979274055803 -0.37792171152277154 -0.00893385105593505 0.999959368149016 -0.0012034850194853506 -3.898055653746721 -0.000977311894799393 0.00119480099204535 0.9999988086545417 220.61188375215937
0.9999600718914275 0.008903497252528411 0.000763112741907501 -0.3827651439228472 -0.008902328384214125 0.9999592145944539 -0.0015224049350422105 -3.928859515550548 -0.0007766364136383411 0.0015155506917536683 0.9999985499692917 222.08983066552747
