1.0 -3.469446951953614e-18 0.0 -1.7787691892340307e-19 0.0 0.9999999999999999 -3.5405977195229754e-19 0.0 2.168404344971009e-19 -2.354751593366955e-19 1.0 0.0
0.9999999141507749 -0.00031842487957154525 -0.00026514927552763706 -0.005672866381571063 0.0003186686941025734 0.9999995260962845 0.0009199221799930036 -0.024196248018421046 0.00026485624691540343 -0.0009200066138964874 0.9999995417196708 1.3120242740679018
0.9999988506754811 -0.0015157901241731869 3.20995847975891e-05 -0.01631615776291122 0.001515735963352853 0.9999975263450676 0.001627834650264226 -0.04301543610976739 -3.4566962575283784e-05 -0.0016277841557533095 0.9999986745611651 2.6060928187008567
0.999995686587249 -0.0028770329219801136 -0.0005911782075782789 -0.02171742980313065 0.002877791909196001 0.9999950313163691 0.0012867213970246948 -0.07775827869958989 0.0005874733812717122 -0.001288417158396719 0.9999989974281918 3.9393643484342813
0.9999938677689232 -0.003501526507143601 6.116916464921963e-05 -0.028064182650484087 0.003501435958763172 0.9999928532916229 0.00142594066349399 -0.09788747172971217 -6.6161700712481e-05 -0.0014257177647497875 0.9999989814752894 5.243740087282153
0.9999937778448312 -0.0035092351607635824 -0.000359922991841125 -0.040775948834397606 0.0035101139988331503 0.9999907884796904 0.0024702328083456575 -0.11362730306837741 0.0003512510805110218 -0.002471480855217459 0.9999968841981782 6.579469325940627
0.9999870142769661 -0.005081179568429475 -0.0003910212479971342 -0.04378851098114358 0.005082583688740549 0.9999803234806356 0.0036769535321166755 -0.1436190043697896 0.0003723303277051212 -0.0036788932513567426 0.9999931635345914 7.906742884272624
0.9999844239032247 -0.005581220683506881 -4.397288564424585e-05 -0.014969471974014137 0.005581337285801574 0.9999787805038726 0.0033596440849416698 -0.14359739696808183 2.522104275570346e-05 -0.0033598372442761155 0.9999943554132223 9.222634468530483
0.9999899898746435 -0.004403142293902122 -0.0007952943405929675 -0.027961811537963087 0.00440511899005286 0.99998717059615 0.0025007125851327985 -0.17534012612799965 0.0007842732127099283 -0.0025041909655131546 0.9999965569664999 10.560949361970886
0.999998369179293 -0.001791465306211014 -0.000228676986565075 -0.03738866174367973 0.001791525278057829 0.9999983609433245 0.00026181118839866215 -0.19451149643218785 0.00022820760571070188 -0.00026222044601600806 0.9999999395810569 11.878415005937985
0.9999982547412125 0.00169819362565375 -0.0007788765912170948 -0.05185456684828661 -0.0016986686968004476 0.9999983714889954 -0.0006095465886412947 -0.22223482980275666 0.0007778402597995021 0.0006108685882157087 0.9999995109025127 13.234342227824975
0.9999906226306052 0.00429862034258474 -0.0005258374112116068 -0.06945018224632793 -0.004298896657311891 0.9999906219197231 -0.000524946090341687 -0.24713249373848262 0.0005235759794574189 0.0005272016950908268 0.9999997239636245 14.571087175287959
0.999987783345633 0.004940055927971993 0.00017028667825652014 -0.07996913811893863 -0.004940177202827077 0.999987539951724 0.0007173562661392546 -0.2679648513804821 -0.0001667407902323126 -0.00071818876661409 0.9999997282010923 15.905594407299013
0.9999957820117609 0.0029041983424031026 -3.981633670076712e-05 -0.08956150569891555 -0.0029040566883578155 0.9999906917723971 0.003191054361824383 -0.2910704371146394 4.908342741711852e-05 -0.0031909253382513434 0.9999949077805397 17.273329182357152
0.9999985797434108 -0.0015582616612658754 0.0006421332289142732 -0.0877132710753529 0.0015547100288276668 0.9999836936732883 0.0054950214335477855 -0.3163016337110183 -0.0006506854897307846 -0.005494015404799039 0.9999846960846431 18.608847459247592
0.9999943725053797 -0.0033460913897089203 -0.0002421452622318604 -0.048397712383243904 0.003346954647951459 0.9999877153059672 0.003656108077778903 -0.3148849581757563 0.0002299086384226609 -0.0036568980219629887 0.9999932870974637 19.981694749730746
0.9999899882936962 -0.004459069493398268 0.0003741900004579895 -0.05256311507882064 0.004458692026463547 0.9999895556003372 0.0010043652404689465 -0.32762826917440613 -0.0003786646575479676 -0.0010026868031288976 0.9999994256157545 21.317094254014698
0.9999973657370486 -0.0022898583407338167 0.00015833941396322347 -0.06395009435016484 0.0022897844742277695 0.9999972698328083 0.00046605851403446196 -0.3713176116977692 -0.00015940620258134467 -0.0004656947304780163 0.9999998788589455 22.695102280394778
0.9999991895014976 0.0005711902382495079 0.0011378658715178775 -0.04736364888743403 -0.0005717259975226629 0.9999997258593736 0.0004705437754240868 -0.35740825227091316 -0.0011375968853626272 -0.0004711939503481118 0.9999992419237237 24.060521858641224
0.9999966479355719 0.0007673624908388164 0.0024729080876859768 -0.04889811250532925 -0.0007804225558747102 0.9999857318253981 0.00528460843358086 -0.3780002166141208 -0.0024688177979070806 -0.005286520735256764 0.9999829786727249 25.436318574048276
0.9999965912030163 -0.0010618813145804856 0.002385371092332675 -0.03587510343526895 0.0010461258133229387 0.9999776946757933 0.006596648262452869 -0.388294052608396 -0.0023923229401359323 -0.006594130504752015 0.999975396813531 26.81094394211855
0.9999857572574562 -0.004659312373834563 0.0026030943175800354 -0.045659427833114705 0.004643213530305406 0.9999702667142631 0.006156805001168485 -0.4322362549285547 -0.0026317036138505763 -0.006144630704023956 0.9999776585742821 28.172952884034977
0.999985575120323 -0.0049015720881321265 0.0021963951645728513 -0.05115208268478622 0.0048947716484872145 0.9999832430777743 0.0030910786417600957 -0.4371077971988084 -0.0022115096885901566 -0.0030802832557017216 0.999992810512946 29.55298291039417
0.9999794805193888 -0.0057547148639139015 0.002814570636937485 -0.025773960248712827 0.005753119235738265 0.9999832854585341 0.0005748176386334765 -0.47143469334001176 -0.0028178317415626353 -0.0005586132875143902 0.9999958738774408 30.942314316165007
0.9999894370407696 -0.0032159085278924554 0.0032838617369274114 -0.04603664885851244 0.0032175885111193955 0.9999946953407446 -0.0005063694691833121 -0.4839996205061228 -0.00328221615683871 0.0005169302515416509 0.9999944799027831 32.3236188274542
0.9999912374338761 -0.0017857499931022269 0.0037863121521781676 -0.044218976651907015 0.0017950992552904516 0.9999953451673419 -0.0024672372820265273 -0.5145190038596006 -0.003781888980062402 0.0024740125220282932 0.9999897882343612 33.70081185434388
0.9999901327592816 -0.0013189992083730059 0.004242008035320914 -0.029854318944923776 0.0013303276253816953 0.9999955538569043 -0.002668799916912205 -0.5340834420204386 -0.004238469390041645 0.0026744169008686555 0.9999874413542885 35.10399730484615
0.9999923217240538 -0.0014057004764868875 0.0036579373610984706 -0.02841403763184864 0.0014085273441935102 0.9999987113288697 -0.0007703176274887113 -0.5714504433684479 -0.003656850120932732 0.0007754640369103251 0.9999930130246726 36.49839039184773
0.9999940460438225 -0.00047234384756924923 0.0034182997522387805 -0.04060187047473779 0.0004696381218624434 0.9999995758420992 0.0007923097797489956 -0.5899469558391565 -0.003418672833220049 -0.0007906997109361061 0.9999938437139974 37.89995949470471
0.9999926993745257 0.002007937053403428 0.003251059364809342 -0.02275101954445974 -0.002009304531357987 0.9999978942467399 0.0004173737612141285 -0.6205576359734206 -0.0032502147330987297 -0.00042390308968522143 0.9999946281887387 39.284725072405536
0.999979712245432 0.00526723260288608 0.0035820876982933965 -0.03529975960545943 -0.005269486582487923 0.9999859239651632 0.0006199943344343696 -0.6529550324904634 -0.0035787719245907357 -0.0006388575329174982 0.9999933921022967 40.681879337282105
0.9999694239192305 0.006955492880652394 0.00357384042234423 -0.04401320886302271 -0.006959232787101667 0.9999752486559431 0.0010349728458168964 -0.6741924500682198 -0.0035665535197214786 -0.0010598124111592354 0.999993078220753 42.10178168699685
0.999958885673995 0.008515220313422044 0.0031173658796724906 -0.014717322595273141 -0.008518081230055098 0.9999633105770045 0.0009054338458950823 -0.701766287546393 -0.0031095417992108134 -0.0009319506177390897 0.999994731093139 43.49617484846415
0.999970805204509 0.007121391556655451 0.0027702905366580816 -0.030293442534610387 -0.007124049995784875 0.9999741716417991 0.0009507763570825614 -0.7286486649197617 -0.0027634483670861145 -0.0009704843099800504 0.999995710745744 44.920398346718606
0.9999758543890013 0.006662101487297768 0.00197662129294455 -0.03353709646353848 -0.006663269439851132 0.9999776292580344 0.0005846686945481151 -0.7566577481032373 -0.0019726821189342937 -0.0005978253529002752 0.9999978755614929 46.320259679915615
0.9999789557757192 0.0063829301900054335 0.0011602570945434445 -0.044355763620683074 -0.006384569824236864 0.9999786178109427 0.0014146384214112184 -0.7862000361211531 -0.0011512028439640328 -0.0014220164258559654 0.9999983262985369 47.749466387846056
0.9999769915808964 0.006781211076803504 0.00017740181623517818 -0.011713446880592004 -0.006781470353510821 0.9999758781768313 0.0015015785270230736 -0.8078871941617265 -0.00016721502938924306 -0.0015027470579082886 0.9999988568945504 49.15092558144686
0.9999712866822547 0.0075405627940467925 -0.0007521347153017564 -0.03156023714841387 -0.007539197075962837 0.9999699543566403 0.0018030271913270102 -0.8366927298026284 0.0007657080223682552 -0.0017973049704103614 0.9999980916919784 50.571525694557046
0.9999708415743365 0.007406294839090911 -0.0018608544063279432 -0.04609143510313391 -0.007401951123926772 0.9999698891347057 0.0023306562661331025 -0.8574979053730121 0.0018780600619825662 -0.002316814407365113 0.9999955526226129 52.01771486260643
0.9999661776314672 0.007585697537004626 -0.00317816994497736 -0.05594621072036963 -0.007574727049592371 0.9999653602199149 0.0034499109676212497 -0.8807788471877906 0.0032042301080760565 -0.003425720589547057 0.999988998616656 53.428327067868636
0.9999728825206494 0.0063413165491366715 -0.003744583812102008 -0.029406825090702568 -0.0063263826700743625 0.9999720411543674 0.003986703384808702 -0.8967894011341782 0.0037697603873936606 -0.003962905691357329 0.9999850420346023 54.88487551557929
0.9999835945789891 0.00393918048554582 -0.004158535167920885 -0.04874452470173906 -0.003920401829195351 0.9999821256847471 0.004514284755089166 -0.9142401516844166 0.004176243775685373 -0.0044979076625343865 0.9999811637343431 56.28310450777111
0.999985827636149 0.0021684907493247094 -0.004862320581861154 -0.0640847671172613 -0.002147758988200463 0.9999885985528573 0.004264961719269688 -0.9423817634025274 0.004871514089398373 -0.004254458271424713 0.999979083754117 57.71128699849573
0.9999848517000413 0.0017605795124261449 -0.0052150471597517374 -0.03336585988626939 -0.0017410647754107483 0.9999914747721002 0.003744206031458095 -0.9610936668856095 0.005221595116899798 -0.003735069657403048 0.9999793918927531 59.181495223481136
0.9999899260883812 -0.0002562867348152413 -0.004481297883064446 -0.058090607406539034 0.00027854227494450434 0.9999876286048277 0.00496639203959225 -0.9797837068191023 0.004479970005402995 -0.004967590340862823 0.9999776262120595 60.57194303067271
0.9999903591253557 -0.0019165622641909765 -0.003950751946291994 -0.05425883152253068 0.0019372408847851304 0.9999844108666863 0.005236899580696378 -0.9909894590595857 0.003940653850781832 -0.005244502755706108 0.9999784829918612 62.03645983535474
0.9999852344905112 -0.003599788317531988 -0.004070911741757866 -0.038229746272705076 0.003619438883928447 0.9999817852713665 0.004829987735880229 -1.0095685944828598 0.00405345100451172 -0.004844650930930202 0.9999800492515117 63.43764241881379
0.9999820878600812 -0.00450326719333425 -0.003942656748954462 -0.03029787283386269 0.004515586213567072 0.9999849337836666 0.0031211664812352347 -1.0269454992303888 0.0039285422362717315 -0.003138914042540977 0.9999873568113194 64.86204012025611
0.9999840124054842 -0.00468617906026883 -0.0031645947218146 -0.04873142735951544 0.0046961165980754695 0.9999840432145277 0.003140031594251072 -1.0551670646963487 0.0031498297438249147 -0.0031548427596550088 0.9999900627236487 66.31065553824097
0.9999921438156713 -0.003012689626986264 -0.0025760450224726417 -0.043294202210710564 0.0030200356249724235 0.9999913713845511 0.002852461465420208 -1.0725327368726036 0.0025674294332027454 -0.0028602188598531478 0.9999926137023348 67.6784061437777
0.9999977568942245 -0.0006992091072718989 -0.0019993275996303995 -0.044269052160497716 0.0007067910809155122 0.9999925527915078 0.003794048758361325 -1.0875418436968047 0.001996660048640404 -0.003795453430720168 0.9999908039007701 69.14857141484728
0.999996161688797 0.002447503687283784 -0.0012985864899624287 -0.05511470214626929 -0.0024409753296737342 0.9999844937462344 0.005005388066558992 -1.1048204551206533 0.0013108171741729143 -0.0050021991382685465 0.9999866297933432 70.50125031632031
0.9999809092636777 0.0061651388596472845 -0.0004149191291935193 -0.05945007585561085 -0.006162661816006238 0.9999646024198651 0.005728483013674174 -1.127669613715614 0.0004502213775872839 -0.005725816764382621 0.9999835060265854 71.95901154557347
0.9999437031330535 0.010607102573461534 0.00028269316357460946 -0.06759090659779324 -0.010608509403953113 0.999928320289222 0.005551021069163531 -1.1439481458520588 -0.0002237926654205288 -0.005553707634557255 0.9999845530053804 73.31737804133134
0.9998968096056681 0.014325907316908316 0.001066998068063296 -0.07646354839155568 -0.014331107174186748 0.999884624489474 0.005035584578236829 -1.1660462862922536 -0.0009947357255146996 -0.005050356327652675 0.9999867521130155 74.72266329236815
0.999869960166943 0.016029033540692572 0.0017699715295856656 -0.07975982063384938 -0.016037834389495062 0.9998585071514594 0.00507479914843535 -1.1859753156209514 -0.001688377105033515 -0.005102525844142411 0.9999855567014982 76.16596136046086
0.999861110798323 0.016558589375565758 0.0018900235211018299 -0.07528844432434753 -0.016568300433112564 0.9998489899431408 0.005242973755881433 -1.2068007990533665 -0.0018029220081065582 -0.005273560156124648 0.9999844693965358 77.52558413630446
0.9998836273630448 0.015123162083956806 0.0020054084866130994 -0.07469768474640495 -0.015133095121740136 0.9998728182093649 0.005033574899392793 -1.2296074304438795 -0.0019290300259480458 -0.005063337276207054 0.9999853206209183 78.95029940339627
0.9998912031379186 0.014616892841686258 0.0019819929687118635 -0.07533293226082742 -0.014624743981377437 0.9998850283619681 0.004005865421664925 -1.2487192155444655 -0.001923211950282958 -0.004034415824967158 0.9999900123216062 80.31784292844738
0.9998966394894948 0.01428959895511012 0.0015867151747218612 -0.06524937986916898 -0.014295830610695403 0.9998898585934896 0.003987473461886182 -1.2731275112606115 -0.00152956114195703 -0.004009744814691733 0.9999907911515677 81.7058836111511
0.999906558534058 0.01360402668875917 0.0013433637628306634 -0.0689801380304353 -0.013609644655921644 0.9998982897691963 0.004264706566888057 -1.290788780142523 -0.001285210053017556 -0.004282590863694383 0.999990003774896 83.11298380385055
0.9999064672579754 0.013637677299604467 0.0010346307525367375 -0.07195467225447072 -0.013641341796308203 0.9999003973415481 0.0036206661879295454 -1.3117077877310308 -0.000985150304633455 -0.0036344413701005487 0.9999929101319286 84.46764249441424
0.9999057415724598 0.01372752164011485 0.00025116902204408 -0.07436940135270612 -0.013728374852664878 0.9998986044687282 0.0037831916518950943 -1.3288191567144565 -0.00019920972397186954 -0.003786283281665299 0.9999928121616114 85.86828092207809
0.999919584727683 0.01265999984687978 -0.0007405739178212374 -0.07951882982041912 -0.01265653404957549 0.9999097228555904 0.004512018903594442 -1.3505454048800563 0.0007976292898198617 -0.004502283068443863 0.9999895465638511 87.23499549913824
0.9999341284825507 0.01131374732167268 -0.0019333358227993042 -0.0843653987971224 -0.011302562671053496 0.9999198681417176 0.005701701296851638 -1.3725742033989166 0.001997688681498927 -0.0056794741900657985 0.9999818762446017 88.6159900150593
0.9999531388454574 0.009187387564326016 -0.003051556485320377 -0.09377936080295081 -0.009167814592159713 0.9999377010769412 0.006367508082658454 -1.393425103374928 0.0031098674085769306 -0.006339233724314242 0.9999750711131496 89.99402181094871
0.9999648566310939 0.007480377189225571 -0.003785424290598889 -0.10498955100409718 -0.007455864181469022 0.9999514093573995 0.00644895553011945 -1.4141197915238508 0.003833481302928461 -0.0064205054181099164 0.9999720403791837 91.3646690940692
0.9999715308183121 0.006213382846895826 -0.004281519095417711 -0.1194645485814323 -0.0061872522339997535 0.999962316249392 0.00608966352782001 -1.4312885311844545 0.004319195532150149 -0.006062999449266448 0.9999722919148358 92.73734573758878
0.9999775757681175 0.004963155581963065 -0.00449611269040338 -0.1371780823258132 -0.004936404124937725 0.9999701638383743 0.005941662683054131 -1.452324281764723 0.004525468326887751 -0.0059193349407516875 0.9999722404249405 94.09393200680212
0.9999785165234 0.004631955539468336 -0.004638045029479309 -0.1568546982602686 -0.004608508297400511 0.9999766117893116 0.00505346745272088 -1.4635668918546676 0.00466134438816908 -0.00503198452418697 0.9999764752285094 95.47027962416425
0.9999788824044364 0.0045536542114819195 -0.00463669718964042 -0.17425722137721444 -0.00453244680015962 0.9999792667738192 0.004574161796863384 -1.4852021305456173 0.00465743060406824 -0.004553049715239174 0.9999787888192836 96.80651967915271
0.9999721229665545 0.006038632505075319 -0.0043918318147466 -0.19665751003326776 -0.006020962917641755 0.999973771233445 0.004025526295262958 -1.5110790989654423 0.004416025672396644 -0.003998971106070233 0.9999822533208513 98.16953825850145
0.9999693812560763 0.006669601224447109 -0.004093036578199176 -0.22039008944634594 -0.006652838380582192 0.9999694824496385 0.004095598082502044 -1.5246816996869108 0.004120228025799287 -0.0040682424582361675 0.9999832364259728 99.51880920248779
0.9999629892400551 0.0077505542297397695 -0.0037348408032097037 -0.2407375248864731 -0.007731332163541019 0.9999569330247039 0.005134064080824626 -1.5474744675224383 0.003774472119608576 -0.005104998880008347 0.9999798459743433 100.8621754169525
0.9999603716795713 0.008105968874982748 -0.003680803556960228 -0.2615380512192751 -0.008082685491572325 0.9999475064704492 0.006297183056900466 -1.5612490452457533 0.003731655428368042 -0.006267182865373502 0.9999733982337957 102.20018837205073
0.9999645472206236 0.0076665470616728015 -0.0034825759669568426 -0.2764703947071085 -0.007646670838266867 0.9999546014304406 0.005685377554840638 -1.5859752049379316 0.003526005379651169 -0.005658546000584166 0.9999777738285486 103.54536072086793
0.9999638372027949 0.007843545440939447 -0.003286800706587735 -0.2955018816178148 -0.007833439407371738 0.9999645853822784 0.0030765604795666736 -1.6057709786966936 0.0033108157294843062 -0.003050702337183973 0.9999898658091807 104.87816668440621
0.9999666378315568 0.00738075507739028 -0.003499665185080621 -0.31316387913990124 -0.007374203092494917 0.9999710400702082 0.0018815325764609582 -1.6249964529130942 0.00351345126408585 -0.001855662607709382 0.9999921060604696 106.20215470869017
0.999977972844493 0.005711761662599599 -0.0033807672174538256 -0.329444959302496 -0.0057017426631425115 0.9999793465983651 0.0029658924619781 -1.6482100014009808 0.0033976381531198225 -0.002946550932339638 0.9999898868985362 107.54996716246552
0.9999931455676314 0.002478287466783571 -0.0027507998298279043 -0.3384320297092098 -0.002464657249056582 0.9999847240509392 0.004947436977548381 -1.6614606226620185 0.002763019217148228 -0.0049406233884584936 0.9999839778573384 108.88893470243507
0.9999973297144895 0.0013901546367309139 -0.0018460846335569701 -0.3537865179220942 -0.0013796795103101292 0.9999830105528398 0.005663487537484075 -1.6870659173662292 0.001853926554233463 -0.005660925523359725 0.9999822582841624 110.2258594450853
0.9999990718410718 0.0008684862744660861 -0.0010497835123936719 -0.3670317328604724 -0.0008636831515439524 0.9999891972073418 0.004567222399808516 -1.7126546340625344 0.0010537388344659146 -0.004566311571890492 0.9999890191576306 111.56812754844994
0.9999971265008208 0.002348821798541523 -0.00047960538565245845 -0.38488959747441687 -0.002347755160167657 0.9999947955848316 0.0022128833528821928 -1.7332100920324167 0.00048480060085481303 -0.0022117510439304236 0.9999974365601427 112.88126769967785
0.9999849804081713 0.005454172981768579 0.0005393933175198004 -0.404428593521971 -0.005454308040351645 0.9999850942602004 0.00024857993937496515 -1.764943324587243 -0.0005380295250943816 -0.00025151823181067943 0.9999998236310069 114.24554962652215
0.9999717560969893 0.007224568177285754 0.0020718616321679633 -0.4252075962751272 -0.007224087655076242 0.9999738772545688 -0.0002395437088353751 -1.7822200276048143 -0.002073538285191235 0.0002245696337268188 0.9999978249999444 115.5461521812549
0.9999537044509507 0.008901610899039774 0.0036538011800867714 -0.44049871314176675 -0.008907221259333369 0.9999591717341884 0.0015219374093130092 -1.8065937704678696 -0.0036401046140158754 -0.0015544122004258094 0.9999921666877721 116.91111334700932
0.9999552880758316 0.008269670913171354 0.004586325273995515 -0.44392200660351855 -0.008287336121490659 0.9999582630793074 0.003846059867120042 -1.8228176394864837 -0.004554328587743851 -0.003883896400667989 0.9999820865572724 118.21497706487972
0.9999469401404637 0.008713832663019174 0.0054941797202432245 -0.4430462139968653 -0.008738205898949495 0.9999520180284794 0.004427800420516583 -1.8461413432424265 -0.005455333444684804 -0.004475574846135085 0.9999751039710566 119.58117847843087
0.9999391650167095 0.008899210536680434 0.006516924449175615 -0.4396169120913276 -0.008924617688793463 0.9999526476577879 0.003879904650850451 -1.8610105297556647 -0.006482088314351047 -0.003937829755284398 0.9999712375975246 120.90291481211335
0.9999168367233935 0.010254876126596646 0.007820302807582575 -0.4389535670934991 -0.010283744783608845 0.9999404220692685 0.0036601814068758435 -1.876257623946876 -0.007782302838478028 -0.003740299087640556 0.9999627222647857 122.21787718029805
0.999888262482449 0.012026660067888901 0.008878174103638555 -0.4430025665529501 -0.01205620585552103 0.9999219356865074 0.003281838149495771 -1.895001092454994 -0.00883801222813886 -0.003388508608466824 0.9999552027680888 123.58990580809431
0.9998601558327194 0.013325204420741827 0.010104834434547197 -0.4458729047884734 -0.013350035135487194 0.9999080190133972 0.0023937642685621973 -1.9228928107858723 -0.010072008433636783 -0.0025283294611716783 0.9999460796412105 124.91792748323358
0.9998394862579074 0.01414149179973408 0.0110009045003541 -0.4483903157790319 -0.014158981529847816 0.9998986111548135 0.001513502052221169 -1.951098748861647 -0.01097838688177468 -0.0016690207527668924 0.9999383427916081 126.2956353736163
0.9998357257422741 0.013622309558912814 0.011956344914411915 -0.4493716444389416 -0.013637657225394268 0.9999062792058487 0.0012029730447208147 -1.9860622903927334 -0.011938838093731953 -0.0013658319884637972 0.9999277967142984 127.65666786795835
0.9998313554877679 0.01310072174914741 0.01286979589534703 -0.4530456626697409 -0.01312868887634931 0.9999116288685618 0.0020909361373557416 -2.0168039671543077 -0.012841266888565715 -0.0022595471027783832 0.9999149945401458 128.99455306863013
0.9998454078073647 0.011100984219410512 0.013635564343967925 -0.44915022151303385 -0.01114183543333765 0.999933653925865 0.0029235723366914396 -2.0455225207793357 -0.013602206295133038 -0.003075045647230872 0.999902757308687 130.37457162470307
0.9998451147930015 0.010808695099331663 0.013889510956178285 -0.4477641183172597 -0.010859611403940966 0.999934568195594 0.00359557953051266 -2.0796052343572 -0.013849739785623028 -0.0037458573908395725 0.9998970713308352 131.70643081279044
0.9998565841606006 0.009622340488172716 0.013936343045174307 -0.44443805986625917 -0.009674390848330956 0.9999464590198699 0.0036722304298489215 -2.1149102764662753 -0.01390026260037048 -0.0038065294745322498 0.9998961411210465 133.09400232046872
0.9998813286270846 0.007158395908148873 0.01364133502026986 -0.4430970711067086 -0.007218948448940024 0.9999642855917775 0.004394808109543061 -2.1367410225612513 -0.013609389198595731 -0.004492762748869053 0.9998972945279151 134.4343361475814
0.9998999239167535 0.0056391151044151815 0.012974687915369256 -0.43894149657427173 -0.005695756548343966 0.9999743926981653 0.004332703042665642 -2.1724990855296022 -0.012949924148615427 -0.0044061701869906374 0.9999064381851225 135.76904827902035
0.9999159402664031 0.005400023415627515 0.011787796396493714 -0.44211432551493146 -0.005447852884956413 0.9999770430495176 0.00402917892110241 -2.206485004047325 -0.011765769115449999 -0.00409305848523044 0.9999224037613353 137.13573440585273
0.9999398426403889 0.002444269213465999 0.010692831742230855 -0.4402746914907635 -0.002496258013716594 0.9999851163576164 0.004851367075565732 -2.2314874999029284 -0.010680815445581736 -0.004877767386372935 0.9999310614042709 138.49328598175478
0.9999515332254851 0.0020827652121066997 0.009622540844718617 -0.4440878644748769 -0.00213261637304995 0.999984344346404 0.0051732979829083444 -2.2668174370832648 -0.00961161624066681 -0.0051935685341306945 0.9999403200558351 139.83941201062873
0.9999650922611693 0.0007004260309535614 0.008326083605409101 -0.44593862368726167 -0.0007454024062297157 0.9999851421649484 0.005399983753610017 -2.2918336931618115 -0.008322178307597523 -0.0054060016354533676 0.9999507570320036 141.19933916106862
0.9999745842878347 0.0005377113522829612 0.007109265123323317 -0.4535117071903626 -0.0005728161043041264 0.999987650020373 0.004936769008618181 -2.3229966829074606 -0.007106523363889978 -0.004940715930677098 0.9999625426215969 142.53662866730878
0.9999814956966855 0.0003003780693378571 0.006076021965396893 -0.4590591972762144 -0.00032717991939995236 0.9999902198686449 0.004410569114874955 -2.3467454324961787 -0.0060746382126630645 -0.004412475534996863 0.9999718140152708 143.8954803765302
0.9999864515554602 -0.001163303421492833 0.00507379917503909 -0.4621746806441829 0.0011527341490091738 0.9999971608369397 0.002085550260076009 -2.3848332832742933 -0.005076211324660672 -0.0020796732985070214 0.9999849534029565 145.2475224966994
0.9999739590855868 -0.005923961084708813 0.004121631716871276 -0.4707794189811454 0.005918001455825047 0.9999814274235531 0.0014567289159275593 -2.4187936847403737 -0.0041301851204159565 -0.001432299179208 0.999990444996988 146.5769804267437
0.9998884825842315 -0.014646634980822996 0.0029152174578386198 -0.46645242969222955 0.01463487633258937 0.999884842923751 0.004015130803401889 -2.439528893859514 -0.0029736901522012414 -0.0039720192640730935 0.9999876900376657 147.95178243833305
0.9997528899390198 -0.02219437769737167 0.0012524628482168273 -0.4623912107895156 0.02218695488403733 0.9997378216375975 0.005659241546278227 -2.4673157378501607 -0.0013777379340906262 -0.005630054846916697 0.9999832020189285 149.27312389531727
0.9997223196781154 -0.02356426818648449 9.38336062000077e-05 -0.4620960408855257 0.023563984600369414 0.9997195734073683 0.0023480147449208037 -2.5109326381139376 -0.00014913655080949916 -0.0023451516818575107 0.9999972390072268 150.62313336747883
0.9997336000151446 -0.023076382532353508 0.00045779220628766213 -0.47798929624343883 0.0230766444815131 0.9997335351137587 -0.0005720536960221607 -2.5416812488432954 -0.00044446932709384123 0.0005824656384085387 0.9999997315899949 151.9939827921172
0.9997965366727505 -0.020125336677515114 0.0013623836555440364 -0.4896128892478101 0.02012950193890852 0.9997925285493591 -0.003114964238285073 -2.5635196712485895 -0.0012994114066531381 0.003141754640107446 0.999994220436152 153.3209547685237
0.9997882894320793 -0.02046454131655212 0.002139829954985523 -0.5062713548439509 0.020471352389374347 0.9997852853677582 -0.003210434150576884 -2.6078933272492444 -0.0020736706162154473 0.0032535597622691996 0.99999255709031 154.68431611486818
0.999715848849088 -0.02369133369568464 0.00263481940532327 -0.515754693111502 0.02369233614123467 0.9997192361792865 -0.0003493123688676319 -2.63615952051675 -0.00262580418788668 0.0004116381667479722 0.999996467845211 156.02824651321217
0.9995394408404403 -0.030193204198597758 0.0030457541818429924 -0.5098026537561636 0.03018461795634986 0.9995403417941583 0.0028273617337152006 -2.6646591160198563 -0.0031297215459866407 -0.0027341246682593954 0.9999913646636561 157.3649563167232
0.9994156531000338 -0.03405163759725664 0.002972927790239868 -0.5026516411765631 0.03403847536918696 0.9994109613941241 0.0043717798190422335 -2.687776839779188 -0.0031200431405118026 -0.004268031309246027 0.9999860245205949 158.71291248656433
0.99938763112218 -0.03486250587318594 0.0029947330477085566 -0.49843338463680265 0.03484985760996249 0.9993838285345261 0.004177404645021483 -2.718785363604106 -0.003138522831735019 -0.004070480563157542 0.9999867903424035 160.06793626307078
0.9994199880376721 -0.033822382795591466 0.0039666003648151085 -0.5014794111560578 0.0338028309138749 0.999416522459937 0.004897272146017967 -2.7353310909045834 -0.004129923698194605 -0.004760349412762936 0.9999801412027595 161.41929873739446
0.9995025540398154 -0.03112179367180249 0.005106703440893606 -0.5049862945840222 0.03110091205532802 0.9995077617577106 0.004119158507415993 -2.7543523256628317 -0.005232385763829733 -0.003958286364012282 0.9999784768200717 162.77768931488103
0.9996243983496356 -0.02673735782056527 0.006014642487326143 -0.5104513777996741 0.0267248138559967 0.9996405019473836 0.0021566625260760965 -2.7806937057297474 -0.006070144201998031 -0.0019951122931236485 0.9999795862268651 164.12316054075518
0.9996840792759434 -0.024166636368709846 0.006907628889176174 -0.5046248478400185 0.02416137411746088 0.999707714712275 0.0008444784992951123 -2.804207334235568 -0.006926018678590191 -0.0006773138944095888 0.999975785459175 165.48337833007085
0.999731722100117 -0.022008530199646464 0.007218617338295593 -0.5062958401116292 0.021991725020837807 0.9997552734813342 0.0023994107755185294 -2.8291322558390224 -0.007269658866572226 -0.0022400172404990464 0.9999710667696521 166.8341612593169
0.9997628865813221 -0.020616338742109802 0.007009793438844428 -0.5055249542964986 0.020595464581114213 0.9997832772995497 0.003037312024968252 -2.852254467223068 -0.007070893104696378 -0.0028922219205189705 0.9999708183327078 168.17585489272665
0.9998118499034212 -0.01818559228191086 0.006749002942366324 -0.49294266823475336 0.018183958154617076 0.9998346120682515 0.00030359176848563296 -2.882824783900275 -0.006753408304065429 -0.00018081104473034612 0.9999771791281946 169.52475181516525
0.9998721156248669 -0.01468313483189374 0.0063370311349758785 -0.48019509666231197 0.014700061966609406 0.9998884822265526 -0.00263273224978297 -2.9132506006109913 -0.0062976682141222505 0.002725550384912717 0.9999764550946583 170.92350141017357
0.9999426965239265 -0.008844590531230715 0.006031326743426541 -0.46631319592371867 0.008871472357974157 0.9999507689455791 -0.004444845796996773 -2.9468006715409474 -0.005991717483189454 0.004498097940669858 0.9999719328212229 172.284485396868
0.9999659468282016 -0.005453112934172544 0.006194251891865668 -0.4582471757017306 0.005474687595922081 0.9999789885154718 -0.003471356584322091 -2.9720916249480833 -0.006175192566277877 0.0035051500459038526 0.9999747901389795 173.66269452410987
0.9999725542509934 -0.003020041968284445 0.006765360453932079 -0.4433839507159926 0.0030294029394521763 0.9999944676605019 -0.0013738129515082716 -2.9933759772750594 -0.006761174625191798 0.0013942702843242792 0.9999761709768077 175.04180516956959
0.9999708404160693 -0.0026287552992351384 0.0071699353988209135 -0.42176147963299065 0.0026226813687177577 0.9999961940229507 0.0008564333608254226 -3.0159243367912856 -0.007172160069191007 -0.0008376039402579504 0.9999739289266814 176.40077404389527
0.9999705685684979 -0.0041945965282652285 0.006423968306209428 -0.39429932001417084 0.004181420767214098 0.9999891295392197 0.002063132991208913 -3.0379525305127597 -0.006432553026854013 -0.0020362109874542977 0.999977237791118 177.80052539544434
0.9999670932490902 -0.006736669629255877 0.004519924168943047 -0.37793142801050494 0.006726872836693973 0.9999749996484822 0.002179277741693709 -3.050786914135713 -0.004534492624408683 -0.002148801107133185 0.9999874104335519 179.1716144480552
0.9999667301267234 -0.007843242670267331 0.002241025629423015 -0.3798802323634131 0.007846652003438287 0.999968064809287 -0.0015163789984773766 -3.083846700821367 -0.0022290609224460962 0.0015339131350348343 0.9999963391906742 180.5497621648703
0.9999824314332976 -0.005854241480179422 0.0009298871438494811 -0.3698785461675144 0.005859566473384049 0.9999658349305898 -0.005830475543766346 -3.097718828370538 -0.0008957224424619437 0.0058358219664316376 0.9999825702790373 181.95936162709472
0.9999992095146758 -0.001237206391517521 0.0002242601648388199 -0.3896633216039878 0.0012386470095931187 0.9999778374437237 -0.0065414350925676185 -3.1344793006679406 -0.00021616211287696363 0.006541707830899354 0.9999785794366953 183.34610650323876
0.9999970744648651 0.002418256925542351 5.559607442680325e-05 -0.4023112730673531 -0.0024179082532726293 0.9999814305901719 -0.005593943062396485 -3.1641250665871374 -6.912264415866675e-05 0.005593792379368418 0.9999843522318901 184.69132313509084
0.9999920617990514 0.0039626198222290875 0.00041710452350165864 -0.39270417382087325 -0.0039615962751784325 0.9999892066636501 -0.0024274099049386945 -3.1695637610819243 -0.00042671896245717145 0.002425738281067684 0.9999969668473353 186.136790189527
0.9999915630408425 0.0039731885487922225 0.0010428872919453873 -0.3747460662004929 -0.003973254512157658 0.9999921047400494 6.093954335070795e-05 -3.189488329131584 -0.0010426370221038614 -6.508268932138931e-05 0.9999994543352451 187.49712205907983
0.9999878101606496 0.0047621850454961185 0.0013042685050563346 -0.38262818764714396 -0.004763483877331491 0.9999881602237012 0.0009943051993422693 -3.2217080793712585 -0.0012995181067770095 -0.0010005059632259693 0.9999986551185023 188.9400049630555
0.9999951396479354 0.002906615235869133 0.0011279471255593422 -0.3570691511303488 -0.002907578597123225 0.9999954089941056 0.0008532189397410746 -3.230917373031155 -0.0011254620625846855 -0.0008564944059085167 0.9999989998749954 190.31790387263203
0.9999995097712248 -0.00017153701531325005 0.0009752097480834789 -0.34174807569947036 0.00017013536744865665 0.9999989527657307 0.0014371920152631851 -3.254587575645791 -0.0009754553396928494 -0.001437025420439557 0.9999984917206829 191.7021243611392
0.9999981690229587 -0.0015092749047532026 0.0011764539877526816 -0.32954851996161094 0.0015077854893497944 0.9999980619545545 0.0012659650652860797 -3.2815807784370006 -0.0011783624954849708 -0.001264188929883787 0.9999985066422307 193.13804832068246
0.9999868328342926 -0.00490855550962588 0.0014967462645598636 -0.3188629193282853 0.00490541887988389 0.9999857793366577 0.0020923630881430058 -3.3047412934545175 -0.0015069955855172477 -0.0020849934063777303 0.9999966908770483 194.52645508902998
0.9999504342327749 -0.009776149948510641 0.001885731204484326 -0.31045421772052983 0.009769546308215745 0.9999462205733546 0.0034802177553165683 -3.3268492158531933 -0.0019196530802881636 -0.003461622576509867 0.9999921660189416 195.97914494689948
0.9999165196516606 -0.012740385228034345 0.0021532127334447084 -0.3021924855013615 0.012731276385653734 0.9999101635889168 0.004192772606599162 -3.3639912646882584 -0.0022064370168791 -0.004165009516601245 0.999988892102977 197.3869210885196
0.9999393941492926 -0.010768575899989573 0.002290374316476061 -0.30722734337462676 0.010768919939904378 0.9999420040243427 -0.00013762671968244196 -3.3944543144748436 -0.0022887596329850554 0.0001622832496463862 0.9999973676167386 198.80779239064714
0.9999903055494447 -0.003485007479380041 0.0026913822455323652 -0.3211057825753839 0.003500073103154219 0.9999781195430009 -0.00561336964047764 -3.434579966765119 -0.0026717609518090383 0.0056227353722152085 0.9999806230806427 200.23118444871633
0.9999747240918087 0.005895658685392841 0.003973962641556627 -0.3352730432053378 -0.005871257842339919 0.9999640104491315 -0.006124226462969247 -3.4791868419881187 -0.004009926313596744 0.006100739627250928 0.9999733503759629 201.66313858864342
0.9999093763107543 0.012360587819893758 0.005334323792510545 -0.3536831567328542 -0.012348129479514015 0.9999209684990128 -0.002362304929973826 -3.521668217163661 -0.005363102146310159 0.0022962219684646637 0.9999829821022318 203.10093889517893
0.9998745590082637 0.014602868085188144 0.006133715051664058 -0.35841717768550063 -0.014602887910226101 0.9998933712964335 -4.170997213883032e-05 -3.5680204153016586 -0.006133670626011135 -4.786522051233612e-05 0.9999811877167321 204.53517416899726
0.9998985675235171 0.013031922778832583 0.005746618735430789 -0.35292113518645607 -0.013034311776955259 0.9999149781977597 0.00037831790053481775 -3.5999488920912204 -0.005741200423507616 -0.0004531827613163284 0.9999834164810621 205.98077689205402
0.9999458895526889 0.009388405470111733 0.004480601921446276 -0.35256067262326585 -0.009391242660758858 0.9999557137560394 0.0006124612933399478 -3.626441765600119 -0.004474653835672117 -0.0006545065891449615 0.9999897744922736 207.42736438786474
0.9999658037307959 0.007597153567983234 0.003267202883388636 -0.3464866942001059 -0.0075969956728429745 0.999971140566443 -6.0886008109244775e-05 -3.6622535695801566 -0.003267571430774225 3.606299741923677e-05 0.9999946608218963 208.86031394517224
0.9999647581203973 0.00789984860129855 0.002841636158391537 -0.3521343392450609 -0.007898056788914115 0.9999686041637874 -0.0006414067878002561 -3.683348622084232 -0.0028466142009387204 0.0006189407881325275 0.99999575683907 210.3276589520688
0.9999606074478669 0.00847785370451371 0.002628599254618187 -0.35539348317130665 -0.008477147992888477 0.999964029224706 -0.00027970893849072967 -3.7101337337335845 -0.0026308762564101335 0.00025741489586788495 0.9999965061060057 211.77485051072293
0.9999477067062662 0.009894645479595014 0.0025845356748966887 -0.3626676833996063 -0.009895068270457691 0.999951031283963 0.00015060042079550592 -3.7345262946705766 -0.002582919194495189 -0.00017616671130286387 0.9999966487395632 213.24139266766232
0.9999503370464976 0.009689409398086556 0.00233211649959325 -0.36653800412834026 -0.00968953845552602 0.9999530543730075 4.3777365876990723e-05 -3.7709062138617147 -0.0023315830377035798 -6.63723311014345e-05 0.9999972796523747 214.70917223090737
0.9999512684468543 0.009682793665506863 0.0019246348111983207 -0.36911181699621504 -0.00968134303298446 0.9999528444240535 -0.0007619365155592796 -3.8006755249897846 -0.001931921892487651 0.0007432663441943408 0.9999978576128117 216.16697419886899
0.9999603148690057 0.008738689149521434 0.001733200004220263 -0.3710113092193507 -0.008736470084699672 0.9999610118146992 -0.0012841184930125567 -3.8339299385530903 -0.0017443540912449075 0.0012689255023508649 0.9999976735244559 217.64450514182803
0.999957743475465 0.009120836357673502 0.001149603847266588 -0.3716521724487527 -0.009119390883738688 0.9999576275573828 -0.001256908948980054 -3.8648971944680492 -0.0011610192962980652 0.0012463721680560553 0.9999985492933543 219.11649650891428
0.9999513136806493 0.009819902077943574 0.0009694177105073966 -0.38016643017916657 -0.009818432290999027 0.9999506577955759 -0.0015100940198767279 -3.899894832501164 -0.000984198937725089 0.0015005023596584798 0.999998389920473 220.60832598653474
0.9999604833063459 0.008853418078819517 0.0008054785848497861 -0.3805951184302845 -0.008852141333561011 0.9999595774628367 -0.0015757708668748907 -3.931040346300526 -0.0008193970547335186 0.0015685784121479893 0.9999984340732102 222.0959853594729
