1.0 -3.469446951953614e-18 0.0 -1.7787691892340307e-19 0.0 0.9999999999999999 -3.5575383784680614e-19 0.0 2.168404344971009e-19 -2.371692252312041e-19 1.0 0.0
0.9999999398638733 -7.08535559765227e-05 -0.00033948727388392647 0.05569069961672338 7.123806521749064e-05 0.9999993559314045 0.0011327230995349811 -0.026761272848715878 0.0003394068273799933 -0.0011327472383819146 0.9999993008434594 1.3159701006825606
0.9999991075624272 -0.0005587901877283866 0.0012135198795759842 0.11108300046058615 0.0005566348298350308 0.9999982684086526 0.0017757635472657302 -0.04833477912174309 -0.0012145101586562628 -0.0017750865086460634 0.9999976870130872 2.5650198957187875
0.9999997461612209 -0.0006398306598752474 0.0003135214616164603 0.10801875316898907 0.0006392706487090092 0.9999982057817259 0.0017831895722442025 -0.07347108343451099 -0.00031466186354964145 -0.001782988728929508 0.9999983609681236 3.898259372116382
0.9999990350373487 -0.0011602727058598623 0.0007639990453935863 0.08538787774234258 0.0011587668424869885 0.9999973908749453 0.001968629108947978 -0.09228028097403612 -0.0007662812617259729 -0.0019677419498045044 0.9999977703994457 5.213353064460222
0.9999989513405172 -0.0014028466299067753 0.00035964134152737513 0.09137594687421509 0.0014020857087509147 0.9999967960290659 0.002107625380736813 -0.0963848757267674 -0.0003625968932433651 -0.0021071189627317106 0.9999977142838861 6.551056652112349
0.9999967152662471 -0.002502933194580611 0.0005520748383521983 0.07442525078485307 0.0025014082744187916 0.9999931010175578 0.0027460644126639246 -0.12648308502907896 -0.0005589442902038263 -0.002744674479730275 0.9999960771637896 7.889714716850873
0.9999966212024867 -0.002567621230161103 0.0004060901232679065 0.06811372849198247 0.0025665271131082978 0.9999931349570497 0.002672634114092107 -0.13398531702226943 -0.00041294968008398275 -0.0026715828928451316 0.9999963460519694 9.221281181994843
0.9999963293322989 -0.0026858044576471077 -0.00035746285022560066 0.08291956371401665 0.0026867417985318998 0.9999928858545735 0.002647575184973427 -0.14868188427712342 0.00035034946989327166 -0.0026485259274163188 0.9999964312769846 10.556306058024953
0.9999992154814523 -0.0012523814131106797 2.4067599886220354e-05 0.01893294663533106 0.001252351003398152 0.9999984621552537 0.0012277222657911646 -0.1565529083216614 -2.5605140500321822e-05 -0.0012276911847551122 0.9999992460591599 11.874047329560797
0.9999993122477479 0.0011675842042624847 0.00011067672352637128 0.022233291150684467 -0.0011676338102424534 0.999999217730168 0.0004485223076420814 -0.18803232709666357 -0.00011015295840778485 -0.00044865123870131826 0.9999998932891387 13.199090295584584
0.9999981086971367 0.0019444495617581435 4.140899798007157e-05 0.01586849694895047 -0.0019444646747590793 0.999998042907926 0.00036502164703596077 -0.20516148998745098 -4.0699154029479e-05 -0.00036510148365497675 0.9999999325222354 14.539672700426005
0.9999979559454518 0.001957620037187742 0.0005057924737299163 -0.0012449427218180834 -0.0019579720270932154 0.9999978408863637 0.0006961116872611176 -0.21979416930326157 -0.0005044287016713563 -0.0006971006067139394 0.9999996298008222 15.893447282732929
0.9999986788267428 0.001339854478922627 0.00092039870969005 0.006956613775031338 -0.00134151102925826 0.9999974775220378 0.001801471539750246 -0.23481518022007766 -0.0009179827544945204 -0.0018027039205240228 0.9999979537805104 17.223801810031194
0.9999938291983307 -0.0033133732825769285 0.0011675312005842266 0.00541004490085871 0.003307718898361643 0.9999829501903956 0.004812309055496015 -0.26660276465682503 -0.0011834563665314858 -0.004808417585947258 0.9999877392002113 18.574788722064795
0.9999871856334894 -0.004965761670118234 0.0009847780253000584 0.009340998188401006 0.004962399208366275 0.9999819468259907 0.0033883047471044456 -0.3046670942425417 -0.0010015858423194541 -0.003383374528501331 0.9999937747815376 19.926041824694767
0.9999819155320059 -0.005865925392792806 0.0013264755658986722 0.01854322990781218 0.005864783069494657 0.9999824290009246 0.0008637137944941058 -0.3110070724977688 -0.00133151885049547 -0.0008559186945450395 0.9999987472287042 21.276537649100085
0.9999912296208726 -0.003894950082197153 0.0015394975499405618 0.00842651196344605 0.0038950136451827207 0.9999924136760194 -3.812822288890447e-05 -0.3612666666139656 -0.0015393374931418945 4.412425755757473e-05 0.9999988142447818 22.635770549081943
0.9999958165308249 -0.001190098071749109 0.002636397679281041 -0.01650445752884993 0.0011887686645868038 0.9999991655013013 0.0005057903195370369 -0.33612743165066006 -0.002636997641652283 -0.0005026541434802288 0.9999963967829436 23.99695057055616
0.999993698094061 -0.0007926718994633614 0.003460556163471645 -0.013936478939424825 0.0007723006670698265 0.9999823904116112 0.005884081548634851 -0.37086643644238865 -0.003465159658608429 -0.005881371990365464 0.9999767007931751 25.367316421791998
0.9999918934851686 -0.002355720329067246 0.003265509646755067 -0.013074530407189665 0.0023377112932116226 0.999982099125607 0.00550786069915528 -0.3835885891568127 -0.003278426443124872 -0.005500182334756445 0.9999794997456397 26.75732965376032
0.9999786263208746 -0.005687224566397241 0.0032252735341427854 -0.0017220343373989394 0.005670451140108746 0.9999704739581003 0.0051862498540956575 -0.4249827996181346 -0.0032546739426145984 -0.005167850343720955 0.9999813500348199 28.122668364357356
0.9999771679045327 -0.005981212436675199 0.0031446428756710674 -0.027321444991597325 0.005972607013787486 0.9999784127860715 0.0027389631991327256 -0.45289967306990675 -0.0031609575768413774 -0.002720118993230248 0.999991304610377 29.46623415067261
0.9999748567378517 -0.006159966265052455 0.003512936041509973 -0.020856829431614696 0.006156291717583844 0.9999804923013673 0.0010559740928731485 -0.4944587957500822 -0.0035193725731448543 -0.001034320895989858 0.9999932720737617 30.88418164595575
0.9999821291249485 -0.0043093045753424195 0.004143831019489288 -0.03793642931809361 0.004310641553447955 0.9999906599348264 -0.00031369847715530957 -0.4828721080562305 -0.00414244084359568 0.00033155545447704886 0.9999913650876716 32.26168539315424
0.99998512566293 -0.00269296161762027 0.004743039099136391 -0.021407674474851923 0.0027019718573161877 0.9999945555514321 -0.0018942575930157622 -0.5326534793682591 -0.004737912514671658 0.0019070450188587286 0.999986957594333 33.639149462884966
0.9999840194505161 -0.00278648113194869 0.004918981196546762 -0.029050306145913883 0.002793831184120443 0.9999949902454974 -0.0014879473551109494 -0.5431864255367799 -0.004914810832800315 0.0015016664156862433 0.999986794726222 35.04212135079389
0.9999862420012696 -0.0025491253216919346 0.0045845149411510916 -0.045238228108882866 0.0025515418779239775 0.9999966089298596 -0.0005213052450560423 -0.5864617061871232 -0.004583170909912578 0.00053299567098829 0.9999893551707038 36.423986047596934
0.9999890660905201 -0.0018134000858769789 0.004310369741338249 -0.05406931027898136 0.0018136084899926085 0.9999983544230963 -4.441409210227017e-05 -0.5872986838163479 -0.004310282471947122 5.223093556633117e-05 0.9999907093227942 37.83102653002474
0.9999921390648985 -0.0014433434004724344 0.003693044131078135 -0.04778508430343638 0.0014436947820806283 0.9999989535968381 -9.24575705775783e-05 -0.5733793011668062 -0.003692907130702313 9.778847835455923e-05 0.9999931764116309 39.238168028423765
0.9999914316402383 0.00011767393392318921 0.004137970957899773 -0.05201045096472618 -0.00011810724229285516 0.999999987568535 0.00010446907362938478 -0.5997802320942767 -0.004137958962785163 -0.00010495690163021004 0.999991433100702 40.632627162847115
0.9999729551364653 0.005992943356340912 0.004263052718415591 -0.06922420678942984 -0.005995700067143669 0.9999818246058355 0.0006340746615242865 -0.6691234373732743 -0.004259175622010995 -0.0006596175126554016 0.9999907121182987 42.04865134756531
0.9999771625845417 0.005368954001225206 0.004104709070646617 -0.08195336435044899 -0.005371557851924506 0.9999853786984791 0.0006235110401986746 -0.6688413936770581 -0.004101301798783069 -0.0006455454965532586 0.9999913812577584 43.440611051641575
0.9999747838022995 0.0057600552709658704 0.004153735209965514 -0.11310356582917758 -0.005764102401528153 0.9999829238016888 0.000962932971359549 -0.7240644223401523 -0.00414811808294525 -0.0009868512654358753 0.9999909095767813 44.870615812297395
0.9999824349905777 0.0052423198414681 0.002765463120077063 -0.08095099929462124 -0.005243328028031034 0.9999861898278838 0.0003573163350040577 -0.7560146527441363 -0.0027635519956261496 -0.0003718102981209 0.9999961122594102 46.26645922795822
0.9999868118865156 0.004939873381219212 0.0014048830493351757 -0.07276049728113804 -0.004940709955119657 0.9999876191507171 0.0005924018490796572 -0.7838772446420091 -0.001401939383876543 -0.0005993351705390928 0.9999988376800362 47.701690043992095
0.9999850834737103 0.005441680279755619 0.0004700380145370598 -0.0741792308450983 -0.005442176675577493 0.9999846288339426 0.0010605750681762082 -0.8160774110772495 -0.00046425951779620247 -0.0010631173027427212 0.9999993271218601 49.098448575941696
0.9999824079511883 0.005922787698038812 -0.00032305047868446 -0.09716392050031918 -0.00592245776687863 0.9999819479585743 0.001014032898542443 -0.838284168975356 0.0003290505767847619 -0.0010121018315612576 0.9999994336879751 50.51841709902929
0.9999820284800848 0.00582526392588349 -0.001417393040181967 -0.11049993335010326 -0.0058234985776882756 0.9999822661385999 0.0012467093049176139 -0.855212293396993 0.0014246304360897829 -0.0012384327433322836 0.9999982183559198 51.973153799354264
0.999975604083465 0.006669578463928131 -0.0020755586587224823 -0.13130115153227176 -0.006665477298339579 0.9999758315059089 0.0019768231619633767 -0.8961474303161496 0.002088693250457341 -0.001962940391925567 0.9999958921062815 53.38380907525696
0.9999831412707502 0.004834895465825844 -0.003215733965717547 -0.13548668433895394 -0.004827922244239976 0.9999859849483262 0.002172805259147034 -0.9084931164775154 0.003226194457411247 -0.0021572433637126647 0.9999924689599451 54.84705404731815
0.9999903326368748 0.0027489108646625545 -0.0034319252086687456 -0.15121964335198698 -0.0027373374805035886 0.9999905666478266 0.0033724772976203637 -0.9407681779291169 0.0034411637669501606 -0.0033630504283428627 0.9999884240783545 56.23456983931155
0.9999900531304058 0.0024898048829230983 -0.003700608141446628 -0.18533307272412516 -0.0024775338578897623 0.9999914300177812 0.003316884189736323 -0.9892074448095948 0.0037088351377011306 -0.0033076828852738145 0.999987651815449 57.65405396420842
0.9999879612971599 0.0033224062711807237 -0.003610936799085691 -0.1938635129895983 -0.003308445236259754 0.9999870559755669 0.003865498246612856 -1.0466274307766892 0.0036237331237926828 -0.0038535052058202932 0.9999860094338172 59.10938202815899
0.9999898651837714 0.0024695377143995187 -0.003764425832048069 -0.18116535044462234 -0.0024549331785997455 0.9999894618968741 0.0038793558536308528 -1.0639189196691272 0.0037739666996390617 -0.003870075204437922 0.9999853897438133 60.53301619168428
0.9999945268570222 -0.001342036673566362 -0.003024101557568027 -0.21068937700997337 0.0013563805059939073 0.9999878173422353 0.0047460926951858416 -1.0685269836110136 0.003017695544489239 -0.004750168646594699 0.9999841645835847 61.979305240042805
0.9999877651702677 -0.004014293835831274 -0.002890493924680402 -0.2063914457402017 0.004025552192824609 0.999984293736004 0.003899641591701763 -1.089618219966751 0.002874794465014429 -0.003911229790762801 0.9999882188527304 63.39690637695407
0.9999859277868862 -0.004709344237583974 -0.002442602512441501 -0.20599527101668547 0.0047159372836035485 0.9999852338755725 0.0027003628701758285 -1.1151803937513596 0.002429849714219612 -0.0027118440821732055 0.9999933708464182 64.8003777092905
0.9999855940283424 -0.0051394642267886086 -0.0015484338289252595 -0.22267542339747415 0.005142919864027437 0.999984275602007 0.002235825789803813 -1.1416604917514517 0.0015369186661348196 -0.0022437570931980073 0.9999963017122019 66.24619424214139
0.9999943633981355 -0.003217103372232048 -0.0009609478993866377 -0.23031893675074042 0.0032191080972421553 0.999992630901872 0.002091764825273076 -1.1661486125589064 0.0009542114769568911 -0.002094846469593887 0.9999973505468086 67.61965173649892
0.9999989612938934 -0.001417588593316279 -0.0002604908570238197 -0.2558165174873864 0.0014183837902487992 0.9999942572784107 0.003077920539821107 -1.1869942031118874 0.0002561261602915862 -0.003078286878570379 0.9999952292637625 69.08011132581578
0.9999966218894709 0.0025376452134316637 0.0005626390537068668 -0.26279996121545324 -0.0025399508091987965 0.9999882234825582 0.004135402002666211 -1.2252408025034882 -0.0005521382881499657 -0.004136817191369752 0.9999912909055301 70.44273174890574
0.9999803467391717 0.006042541765041674 0.0016714707731718206 -0.2850959358040707 -0.006050640078491537 0.9999697729718043 0.00488292006931344 -1.2554386118021288 -0.0016419151363006358 -0.004892937671791092 0.9999866815485386 71.8977299884565
0.9999487325953359 0.00981838794425471 0.00247617047117769 -0.3076924189836878 -0.009829718617524746 0.9999410801781768 0.004605738284991316 -1.2660776221260681 -0.0024308038526929974 -0.00462984231651806 0.9999863277818156 73.25165265838642
0.9999063082767428 0.01341535342113993 0.0027208327775540366 -0.2972074285375981 -0.013426338053463376 0.9999016215488556 0.004059643212990946 -1.2926692222938216 -0.00266610378059201 -0.004095793767514663 0.9999880581094105 74.64490494015165
0.999853941605342 0.016664131689676263 0.003795013934604634 -0.3203910084217844 -0.016681278436173935 0.9998505867423303 0.00453201773997637 -1.3344310106480515 -0.003718925080339183 -0.004594661585152913 0.9999825291862093 76.07527526406709
0.9998530613931057 0.016652854092536765 0.0040666980657526235 -0.31561354619781873 -0.016671756308857522 0.9998501620431881 0.004658974967984404 -1.3469147556361731 -0.003988503823903754 -0.004726089486489195 0.999980877773019 77.45074960908129
0.9998626800004954 0.016000883247942937 0.004311941547143633 -0.32614135773421754 -0.016021230189493633 0.9998604828044331 0.004726007914702369 -1.3906105508386508 -0.004235720011323003 -0.004794441650696584 0.9999795357912792 78.86501211185745
0.999884002197981 0.01481997628652499 0.0035143160637450266 -0.3104302839629031 -0.014831578031249716 0.9998845662879938 0.0032982464778059015 -1.3931893457724733 -0.0034650307496271095 -0.0033499868159505087 0.9999883855058522 80.23540570675414
0.9998945948708495 0.014112535234733988 0.003411079839210588 -0.3245498945920524 -0.014123388607340458 0.9998952075281289 0.003178661941373346 -1.436478436688163 -0.0033658636877740102 -0.0032265029719059537 0.9999891302592416 81.64689059796305
0.9998918756787138 0.014376955720991248 0.003088699245197393 -0.33526441280346325 -0.01438697126586877 0.9998912367361488 0.003244964122570003 -1.4446591526035193 -0.0030417108579491687 -0.0032890503636807777 0.9999899650194132 83.0093708464091
0.999904490070155 0.013486005471614266 0.003022972722642678 -0.35347537496958326 -0.013492567301805345 0.9999066369162601 0.0021605813443892944 -1.4687796677779397 -0.0029935531287864662 -0.0022011627016073937 0.9999930967356635 84.39789513401882
0.999914861360299 0.012851404064242159 0.0022608440462238053 -0.36965984002939145 -0.012855595008158228 0.9999156545000748 0.0018486735648874503 -1.4716946423254487 -0.00223689549155133 -0.0018775807118004563 0.9999957354841791 85.79361077229377
0.9999140136839504 0.013061449747591571 0.0011677920636767563 -0.38246553712684284 -0.013064465101492177 0.99991124434777 0.002612127540262988 -1.5110207300794616 -0.0011335703374066692 -0.0026271595725640366 0.9999959065164864 87.15331357904469
0.9999315494254226 0.011699122827458181 -0.00016419677267407438 -0.3786024633448364 -0.011698409682409913 0.9999242469207009 0.0038272258886658 -1.5423627598187428 0.00020895954005090557 -0.0038250431562611943 0.9999926626640284 88.5579343556219
0.9999425018370423 0.010631485778554831 -0.0014016073204460898 -0.3712715931317929 -0.010625473687206684 0.9999346021459475 0.004229747482154148 -1.574040521979986 0.0014464842835264322 -0.00421461163012975 0.9999900723183934 89.90577313803642
0.9999528487993185 0.009356342189797886 -0.002599810282844088 -0.37299311063494023 -0.009345042260461657 0.9999469793830822 0.004325347113444069 -1.6010940147990858 0.002640142092990233 -0.004300847925254472 0.999987266100148 91.28832058489014
0.9999574030941424 0.008941819528530027 -0.0022881951537099686 -0.407972086737026 -0.008933755219503646 0.999953929961359 0.0035108391385471832 -1.6240779640116598 0.0023194832247190257 -0.0034902474897926233 0.9999912190488282 92.66491407748764
0.9999661021964535 0.0078090358344668764 -0.0026102482903923923 -0.41062455814129506 -0.007798926787647236 0.9999621339284122 0.0038610187863891104 -1.6706264066180663 0.002640300510346921 -0.003840530854842905 0.999989139511738 94.00937541376118
0.9999685801139743 0.0074426855604389636 -0.002728588643252057 -0.4456599955130853 -0.007433147413266438 0.9999662855011773 0.0034894405621759108 -1.6790201645920593 0.002754467694251626 -0.0034690489990505968 0.9999901892580466 95.3752675762069
0.9999708150627462 0.0073577002199116314 -0.002057486630010122 -0.47407299308506845 -0.007352169214839997 0.9999693724888796 0.0026832269687710776 -1.703383059845779 0.002077166171203379 -0.0026680217290100555 0.9999942835060637 96.76470221642181
0.9999598621495507 0.00876507022863782 -0.001856774451484494 -0.47772621187489606 -0.008761319556898513 0.9999595808758688 0.002018889058594297 -1.736783617521824 0.0018743952661369608 -0.0020025402781203593 0.9999962382320963 98.10587412714298
0.9999498218221716 0.009884040298958513 -0.001630815759116324 -0.49542591725571195 -0.009880500691906262 0.9999488433672551 0.002164804045080808 -1.7618248404013943 0.0016521294832292476 -0.0021485821941848496 0.999996327026191 99.46297249452459
0.9999545210971493 0.009317167137410327 -0.002036199806119246 -0.47397811062108824 -0.009310050488249013 0.999950614379965 0.003477323834006724 -1.7924616788869796 0.0020684982315002454 -0.003458208643114093 0.9999918810231864 100.79261344279723
0.9999566944504852 0.009115286654318903 -0.0018763660309206833 -0.5086284129900766 -0.009105732087534263 0.9999458434022461 0.0050394369388616165 -1.8286918798917735 0.0019222004915295887 -0.005022133124429984 0.9999855415597756 102.10909478306887
0.9999546664253136 0.009314243728718464 -0.0019773552706516154 -0.49782694795034754 -0.009306360171253355 0.9999488550456522 0.003959668307939811 -1.8509094360359062 0.002014135627427922 -0.0039410869081358355 0.9999902055000014 103.48848660829758
0.9999556223491821 0.009256549846447543 -0.0017520255832042086 -0.4725634549064691 -0.009254139940367181 0.9999562287047796 0.0013789810894484014 -1.8743365400036895 0.001764713651615353 -0.0013627064389652224 0.9999975144069504 104.79147984568851
0.9999789262392004 0.006418805905642119 -0.0009726220010740863 -0.5441234370993332 -0.006418374438344716 0.9999793023404745 0.00044651234379085146 -1.9039811478271746 0.0009754680285196494 -0.00044026029629348144 0.9999994273171534 106.07820195515028
0.9999824121251334 0.005828115089122536 -0.0010993186240871285 -0.5251970573866542 -0.005826281964993195 0.9999816430331036 0.0016637447720865594 -1.9335437473891 0.0011089950346282232 -0.0016573106081089794 0.9999980117248456 107.4698507019119
0.9999886049912134 0.004713297141087714 -0.0007580946297712486 -0.5247612012070753 -0.004711928709455201 0.9999872837177021 0.001797258889787363 -1.9057941229912259 0.0007665560707417066 -0.0017936663617415648 0.9999980975753426 108.83733559524158
0.9999951831940613 0.003103557227749903 -3.892909799243344e-05 -0.5353005354432245 -0.0031034125558013406 0.9999897723087816 0.003290002027451713 -1.9521238167942698 4.913941602898851e-05 -0.0032898654343573347 0.9999945871710882 110.13635416852384
0.9999958362579259 0.002836794489770011 0.0005292064646851711 -0.5326534097652604 -0.0028381586266616656 0.999992606266563 0.0025946623022888127 -1.9658329903033038 -0.0005218420703301018 -0.002596153523593933 0.9999964938275736 111.45376181639531
0.9999904482011356 0.003771105895248041 0.002209584288885972 -0.5490545408657309 -0.003769871482233805 0.9999927357114696 -0.0005626725756375879 -2.0092380834265295 -0.0022116903233012184 0.000554337362142078 0.9999974005631029 112.80125289843956
0.9999804175989873 0.005736935671298966 0.002500395866136855 -0.5273840761883658 -0.005733015805768018 0.9999823302008822 -0.0015722046373631774 -2.0568608969993574 -0.002509371535216144 0.0015578390691535062 0.9999956380847203 114.1735067804514
0.9999551116924775 0.008554766685494805 0.00407315028042028 -0.5558151065894317 -0.008545100225924718 0.9999606460680519 -0.0023848681666045713 -2.072833174249117 -0.004093392325070382 0.002349955679623657 0.9999888608592259 115.46553278123152
0.9999407035265457 0.009065276018385034 0.006034085483611387 -0.571423338929037 -0.009062958498046687 0.9999588459289442 -0.0004114022923140273 -2.1122783958148896 -0.006037567142856916 0.00035669123629858727 0.9999817101068154 116.83817930187891
0.9999269907628783 0.009801062806745078 0.007067693836668857 -0.5884114172210333 -0.009809860924313279 0.999951148684908 0.0012111541471354229 -2.1226996982616555 -0.007055478568494527 -0.00128039884228859 0.9999742900667838 118.14222770394086
0.9999246225403133 0.009585805758128705 0.007672128178528893 -0.5742114509183984 -0.009601455070324288 0.9999518939628401 0.002005453036303556 -2.1566178214435063 -0.007652535865206366 -0.0020789655064365566 0.9999685578011073 119.50629809028393
0.9999002426432847 0.011065587993941986 0.008778240439963229 -0.5685491114552621 -0.011073036124523414 0.9999383718529056 0.0008002455723604326 -2.176999040913279 -0.008768845006481231 -0.0008973675345034704 0.9999611502863279 120.81743624995752
0.999877614151137 0.012251714654788415 0.009728935433259948 -0.5498541544163326 -0.012261769688182603 0.9999243468695689 0.0009744593929681076 -2.2029485082083955 -0.009716261431396516 -0.001093634121552374 0.9999521979682129 122.1377427516161
0.9998403047221642 0.014201716087682722 0.010847870008355671 -0.5478799920996433 -0.014201384378228845 0.9998991494743266 -0.00010769612448139854 -2.2198234649284148 -0.010848306382359688 -4.637584871690693e-05 0.9999411543142206 123.49323345578928
0.9998111906344969 0.015105769139858578 0.012222879669666823 -0.5610707352037845 -0.01510000285410222 0.9998858294135486 -0.0005639957588091372 -2.2435690714473924 -0.012230004800830085 0.00037932375909115147 0.9999251387428619 124.83964772523143
0.999782065963141 0.01596481012743456 0.01345159391479418 -0.5582927106642952 -0.015940979652066246 0.999871172708035 -0.0018770183344270185 -2.277608494814492 -0.01347982836517906 0.0016621777148653435 0.9999077614395605 126.17974328417554
0.9997639173752401 0.015628487596655707 0.015095027410356197 -0.5861053993105396 -0.015595826178746854 0.9998757802764999 -0.002279092727921576 -2.300871226825862 -0.015128772363782092 0.0020431352906875627 0.999883466130421 127.51264879371463
0.9997666230313118 0.015073174026383324 0.015475750757527386 -0.5557182850813502 -0.015049182146258045 0.9998853673206731 -0.0016656452518140714 -2.329094829635384 -0.015499084603393368 0.001432359165878067 0.9998788560221337 128.83774679536936
0.9997698776493771 0.014594858097013753 0.015722017290272755 -0.5139674257214771 -0.014578240054944572 0.9998930459654664 -0.0011711466406167264 -2.3664041945638186 -0.015737429807732135 0.0009416778115869183 0.9998757155480351 130.19239638837914
0.9997623129355652 0.013966103509319247 0.01674113356510217 -0.5307938953078319 -0.01394929495413783 0.9999020761170091 -0.0011204385911550289 -2.386690085271913 -0.016755143787171255 0.0008866452878494337 0.9998592295992454 131.52692274046626
0.9997683385063137 0.013801525460483471 0.016516270241477 -0.5103801079928434 -0.01378450212337107 0.9999043346420264 -0.0011441591649729661 -2.435710276509508 -0.016530482746980775 0.000916225566084327 0.9998629424418957 132.86599248389217
0.9997928488781032 0.012260664081095284 0.016246089417011906 -0.49187552971827997 -0.012254155392942138 0.9999247899389727 -0.0005001708222515714 -2.4523632661644847 -0.016251001348425314 0.0003009851168344152 0.9998678984548607 134.2023525772615
0.9998109511513462 0.011255319664706626 0.015854958642864247 -0.47820332319729636 -0.011242868002572726 0.9999364147411105 -0.0008743113721807492 -2.4952757485327095 -0.015863792497089812 0.0006958908954264442 0.9998739199621038 135.54488809726655
0.9998341579881852 0.01065498350927727 0.014769151158260224 -0.46605398388075425 -0.010634710515106323 0.9999423977499492 -0.0014505651159433988 -2.5230037453024954 -0.014783757420385806 0.001293258933550266 0.9998898779333605 136.87447955373847
0.9998629978063505 0.0077540738549556135 0.014623951043983832 -0.5148395259185264 -0.007752171251103096 0.9999699340259895 -0.00018681940102794288 -2.5512407560080024 -0.014624961208571818 7.342644091634689e-05 0.9998930468374512 138.21345533716138
0.9998959517543113 0.006684648715701706 0.012782845100549507 -0.450869318184438 -0.0066819115649116145 0.999977642797888 -0.0002568579804870457 -2.5794256668305002 -0.012784277398215128 0.00017141742302290998 0.9999182630903845 139.56677513155282
0.9999141196839978 0.005859330262001463 0.011722691671400649 -0.4558511536228033 -0.005861378742663648 0.9999828121268872 0.00014036303621818203 -2.612547283279274 -0.01172166874066556 -0.0002090621166303267 0.9999312770229034 140.92871017740137
0.9999363951109537 0.005068206285438021 0.010075664468792303 -0.4324594648970127 -0.005064780879907523 0.9999871071284014 -0.00036548811717174086 -2.630865061965206 -0.01007738778592503 0.00031443384810683913 0.9999491723982196 142.2562616913224
0.9999431284302802 0.0056641471583617 0.009036444968252256 -0.42176391057704515 -0.005657087239769892 0.9999836731865873 -0.0008066818490904268 -2.6634161528841034 -0.009040867361615256 0.0007555160322177101 0.9999588451060673 143.60517145381795
0.999951343474646 0.003701640078786805 0.009143770775568235 -0.410669344186831 -0.0036728775676002955 0.9999882608440788 -0.003160403693786263 -2.6911403125349436 -0.009155362888888052 0.00312666603520287 0.9999532005462853 144.94520408220205
0.999971377012537 0.0007768986525067524 0.007526060693830432 -0.4159248843989509 -0.0007470297257692873 0.9999918375586272 -0.003970738494396571 -2.751245660640345 -0.007529084763737853 0.003965002732624769 0.9999637951591227 146.25921716549615
0.9999469583884221 -0.00789898537694892 0.0066095729820577365 -0.4057835301668301 0.007905508631901675 0.9999682888923438 -0.0009613190274406643 -2.7745599315018645 -0.0066017704984068365 0.0010135201051882602 0.9999776944496069 147.66882403404
0.9998587767548786 -0.015985599312016485 0.005185284563610608 -0.4023820988604955 0.015981015171455334 0.9998718680122761 0.0009245010303689596 -2.804732639833853 -0.005199399303356864 -0.0008415043581776274 0.9999861289596688 148.93968537221468
0.9998240999913034 -0.01819193839846406 0.004563164174287682 -0.4347238753179817 0.018186150645028244 0.9998337641115126 0.0013069273064589282 -2.8517931172157085 -0.004586181538906181 -0.001223711033312139 0.9999887346691162 150.20728626171254
0.9997696840785194 -0.02098429240492168 0.004498697656237627 -0.441981149779927 0.020998390728498816 0.9997746736926144 -0.0031095697730050813 -2.8672704551573798 -0.004432432235536082 0.003203319083527158 0.9999850460311858 151.59563779944685
0.9998795444254828 -0.014631967226354042 0.005177083173497351 -0.41573871638175536 0.01466471902633515 0.9998723305991176 -0.006345747249907784 -2.9095479708139864 -0.005083571886373486 0.006420903481278719 0.9999664640825506 152.95198862811597
0.9999428418157045 -0.009542020978875387 0.004823168276719686 -0.36030179471728213 0.009580543607500016 0.9999218800861656 -0.008027882609104909 -2.9584133018933203 -0.004746189673961227 0.008073632494206251 0.9999561441067403 154.39664920238096
0.9998521071704636 -0.016162154936239057 0.005877801465401203 -0.39197053361528095 0.016189612684561757 0.9998581080005452 -0.004654062464019575 -2.9723710927640155 -0.005801748266745665 0.004748533601393731 0.9999718951748067 155.67023639422823
0.9996660667442662 -0.02502140741889017 0.006456328472788514 -0.3980675628580088 0.02503783964956971 0.9996834361161262 -0.0024767197542831234 -2.982678362836667 -0.006392314158756934 0.00263754528854234 0.9999760905481792 156.99073273367827
0.9996430370441427 -0.02606781474594051 0.0058538472816577645 -0.3498905934071475 0.0260817454348489 0.9996571309187388 -0.0023158497680123343 -3.0129314075352553 -0.0057914715251006395 0.002467701723334777 0.9999801844534497 158.33582812130823
0.9995974384398987 -0.027743071783379862 0.0059399523404873675 -0.35114444307034187 0.027756387450643575 0.9996123601296834 -0.0021708147151451246 -3.0467359180770623 -0.005877425206083638 0.0023348125192042364 0.9999800020586318 159.69130727151887
0.99960874733266 -0.027057245470233075 0.007089268425137433 -0.35733728162639977 0.027075151251522767 0.999630418576816 -0.0024418116655266654 -3.065654920196586 -0.007020580258928361 0.0026327993933693765 0.9999718895116044 161.04177833995718
0.9996544105147508 -0.024835077951299064 0.008618494586742027 -0.3808896121651215 0.02486265467846871 0.9996860473928177 -0.003107257662103271 -3.083521831736551 -0.008538620524015657 0.0033204625726747164 0.9999580323597348 162.4047971943565
0.9996816595349189 -0.02309385858610156 0.010161362851026808 -0.4038832953145517 0.023136358112405574 0.9997239735050911 -0.004084816961142824 -3.130925841873108 -0.010064224712666315 0.004318613639417424 0.9999400286768058 163.73309713422415
0.9996803464114308 -0.02275428439303071 0.011020324432326905 -0.4206742265876361 0.02280485172301821 0.9997298766918998 -0.00448468328167305 -3.1420610801429296 -0.010915302751583625 0.004734566720793555 0.9999292175134447 165.09769600428947
0.9996494566746299 -0.02397779295027308 0.01122627381085698 -0.42010403815443476 0.02402432905781634 0.9997032562223301 -0.004028785198891396 -3.14979423688256 -0.011126342048542386 0.004297076743345995 0.9999288672887527 166.45140965191402
0.9996595843765718 -0.02376170538485852 0.010774819258449746 -0.3886110309656746 0.023812213467474617 0.9997059411563849 -0.004583634414162022 -3.167032795484528 -0.010662736760225009 0.0048386464918727095 0.9999314444191075 167.77007428686602
0.9997082048432036 -0.021559999585123883 0.01089364946680492 -0.3989739613861096 0.021630833086343896 0.9997453699090374 -0.0064266943600265695 -3.199271107857458 -0.010752317000568227 0.006660457951575275 0.9999200097869797 169.15809801004585
0.9997853205402697 -0.01843513890396782 0.009458250403733888 -0.35831459266726995 0.018511259101373453 0.9997964498254005 -0.008024474729067697 -3.2487883920759955 -0.009308393660900246 0.00819783634629396 0.9999230716810693 170.54861478977125
0.999850148632185 -0.014519914939830035 0.00942615336417383 -0.36649478876192754 0.014613369536062746 0.9998439865182512 -0.009922300304329732 -3.270508661990771 -0.009280612592183013 0.010058561513386438 0.9999063433962463 171.94270718230328
0.9998777084455861 -0.012399531709160893 0.009529941455427234 -0.3576801434521693 0.012485715667785124 0.9998812059089791 -0.009037752125962062 -3.295719218674386 -0.009416746262999261 0.009155635222157251 0.999913745893679 173.31167331399465
0.9999388613944801 -0.003762297966120357 0.01039800938255989 -0.3733947957232142 0.003834823942177608 0.9999683989631892 -0.006963849150022243 -3.36599415225732 -0.01037148160111561 0.007003298074683131 0.999921690023186 174.64526155129383
0.9999341895963502 -0.004294553485085175 0.010638293997576653 -0.37266278689741844 0.0043432221052122424 0.999980189648605 -0.0045559550496257475 -3.391622552998287 -0.010618518357400348 0.0046018597966698115 0.999933032731418 176.04311183525303
0.9999306271146632 -0.006689562698300122 0.009694881323578222 -0.36951413983035725 0.006727445117837768 0.9999698427288576 -0.003880091130569132 -3.4260039073334134 -0.009668633659342033 0.003945043830226775 0.9999454755861796 177.45487258749708
0.999933263092836 -0.007821259739905594 0.008502780267448143 -0.3755792923230613 0.007856875313814357 0.999960467291712 -0.004163334652431489 -3.4556976805163093 -0.008469882326482983 0.004229862184985141 0.9999551836718509 178.8589166277537
0.9999395112934351 -0.008817485983145407 0.006574626294821381 -0.36096957865953966 0.008871136992022438 0.9999272235867538 -0.008176212380613963 -3.4908017272190737 -0.006502054734612828 0.00823404239696562 0.9999449603973016 180.19276110512902
0.9999567859220261 -0.00813053853231815 0.004507842699559577 -0.3681640205264792 0.008183428817092457 0.9998964029563229 -0.011841234627855482 -3.5408767540380923 -0.004411100467884985 0.011877612773585457 0.9999197290300932 181.6097428806336
0.999986188841146 -0.004142308822412084 0.0032347201239439132 -0.3539975042516276 0.004181954469176616 0.9999150257986901 -0.012347162902224866 -3.578542613618618 -0.0031832997732053666 0.012360520075258181 0.9999185387537383 183.0055212608313
0.9999933196083333 -0.0019621195433367905 0.003083963758906261 -0.37693218156904207 0.0019965289033556845 0.9999353488902455 -0.01119428015094929 -3.6073596804849477 -0.003061800129141672 0.011200362816303827 0.999932586352636 184.33269337815327
0.9999896218453157 0.0020317045371391184 0.004077791019627082 -0.39219510429922816 -0.0019939934072933105 0.9999554069725658 -0.009230821183415627 -3.6483837075201593 -0.004096363833706361 0.009222594479668224 0.9999490804786229 185.7812344985699
0.9999763849166123 0.004958799443353316 0.0047581417475196525 -0.4184800326398621 -0.004922377411540103 0.9999587287658963 -0.007636162323521239 -3.6929955273046944 -0.00479581198244162 0.007612560775598994 0.9999595237311562 187.15693834870478
0.9999818637325382 0.003472535331258046 0.004920742162087726 -0.41641367626085063 -0.0034365036908603815 0.9999673614426119 -0.007312078925549789 -3.728682049256291 -0.004945973432734936 0.007295036308277873 0.9999611591390339 188.6075385687688
0.9999923806688763 -0.0008818191498598422 0.003802762833266622 -0.366123248980845 0.0009048749043095525 0.9999811957092208 -0.006065428923848337 -3.753759970562293 -0.00379734303942851 0.006068823857371699 0.9999743744507541 190.01150854694916
0.9999823495271849 -0.002702617642713496 0.0052911720470281785 -0.44338375276818665 0.0027348600020815645 0.9999776802733308 -0.006095858597118083 -3.7831241685653825 -0.0052745796250654765 0.006110221743919354 0.9999674214664479 191.3817833170912
0.9999772672945794 -0.0043145936208345385 0.005181620155523458 -0.4176464258595714 0.004345014175923666 0.9999733083206604 -0.005873967336516746 -3.826960380348054 -0.005156138507626521 0.005896348142091786 0.9999693231837501 192.8272052662831
0.9999653733116958 -0.006441066742432146 0.005269236219872971 -0.40147128848967234 0.006468822571406185 0.9999652034349877 -0.005267470556089151 -3.8667475249604273 -0.00523512518541861 0.005301374028900261 0.9999722440607448 194.17595470250888
0.9999085552650229 -0.01218641428903905 0.005862800600421582 -0.41223932308421607 0.012208351216087869 0.9999185538660681 -0.003720454935389451 -3.8947054014439018 -0.005816984586583531 0.003791689937006249 0.999975892595167 195.63544510567806
0.9998608883650326 -0.01561641169422272 0.005859319019798233 -0.38420686791193376 0.015633742684090998 0.9998735112528114 -0.002923623644543958 -3.9432568785617947 -0.005812921863949695 0.003014820096438494 0.9999785601666393 197.03707867025386
0.9999104427805645 -0.01163277972964502 0.006617013732829235 -0.40654753081078426 0.01167069257215126 0.9999155345702423 -0.0057200218401384124 -4.000983166369357 -0.006549915627215463 0.005796734832393345 0.9999617475004218 198.46749349195852
0.999952582145324 -0.007122462615546129 0.006641084394955305 -0.4207598730033483 0.00720305619912082 0.9998997349246367 -0.01219163931785819 -4.009260696963091 -0.006553584594205147 0.012238897572606473 0.9999036253110593 199.90457061303596
0.9999623279765071 0.0034057473134210675 0.007983953505688975 -0.4201480307950796 -0.0033029267933645592 0.9999118976004361 -0.01285642704323562 -4.049543924265533 -0.0080270365311608 0.012829572558455377 0.999885477815999 201.33325327501305
0.9999128899562536 0.009837531403781862 0.008799742033161743 -0.415371349737436 -0.00975979803326618 0.9999133547813305 -0.008833419164561346 -4.085829798679958 -0.008885879374720991 0.008746766152136966 0.9999222645901721 202.81631339138153
0.9998955451587522 0.010036635739474655 0.01040022589285912 -0.42453693179343016 -0.009956904374580513 0.9999208588471548 -0.00769000131739642 -4.108916043811769 -0.01047658544123583 0.007585644155191997 0.9999163460778691 204.2287340084225
0.999910965994061 0.008306560504061202 0.010443233512109469 -0.4452106075608321 -0.008233438907837244 0.9999414249148473 -0.007025470864799627 -4.150012860382924 -0.010500980191237365 0.006938861772811985 0.9999207876655489 205.67822123646232
0.9999472626210273 0.0052301099323697415 0.008838434445658301 -0.43062971884145873 -0.005169075611430865 0.999962735258541 -0.006914388025734934 -4.190731689769928 -0.008874268849066428 0.006868336981688214 0.999937034664018 207.1314224203512
0.9999644474828001 0.004288260884671682 0.007260481216200924 -0.40030432769803465 -0.0042343336839308215 0.9999634567129153 -0.007426686005700771 -4.235399687631431 -0.007292064084008686 0.007395678816561463 0.9999460634102884 208.5551897095447
0.9999695401408027 0.003840192874234684 0.00679497671619777 -0.4045866227524091 -0.0037864006850076857 0.9999615330758916 -0.007911734660425888 -4.266259702854459 -0.006825098504876602 0.007885765323649629 0.9999456148858265 210.06370237340207
0.9999585613979795 0.005847098435329139 0.006977601421939705 -0.41568092825918346 -0.0057915220053019 0.9999515564748279 -0.007958830814073265 -4.312546526907242 -0.00702380006994274 0.007918090236373283 0.9999439834677029 211.53515581022253
0.9999548632518045 0.0068941107136641176 0.006537789276611303 -0.40856763620273434 -0.006843660274076996 0.9999468738245193 -0.007708038449995697 -4.337826148489691 -0.006590582582990012 0.0076629482765709885 0.9999489204147937 212.97993715941868
0.9999594349045972 0.00659876720891361 0.006130645092155069 -0.4245657786534938 -0.006548401788641274 0.9999449418792752 -0.008199491287121698 -4.378605961507717 -0.006184414614316114 0.00815901290747971 0.9999475903857705 214.43291120404805
0.9999597846817102 0.0069272642994749065 0.005695789692743122 -0.42345815917723123 -0.006878975998713822 0.9999406004908535 -0.00845430028352648 -4.4310278508863865 -0.0057540170317440355 0.008414779255789878 0.9999480400362813 215.86881705459513
0.9999639791496764 0.005461244743563177 0.006497322875804443 -0.4843488563268266 -0.005400785167812637 0.9999422918067116 -0.00928679633797483 -4.4557076443872266 -0.00654766595597037 0.009251371358144224 0.9999357680334554 217.3601053679983
0.9999689024010947 0.006249386572492348 0.004810342079529682 -0.4140958893271233 -0.006202569839351741 0.9999338452800005 -0.009686754001099387 -4.499632024850047 -0.0048705605429812445 0.009656616473115828 0.9999415119862989 218.83464348920555
0.9999576226065252 0.007819544317229588 0.004858776237735979 -0.4188249199511911 -0.007769665064804501 0.9999177789816533 -0.01020135271334471 -4.54769773946429 -0.004938147099968034 0.010163169540957388 0.9999361603039194 220.32361298386138
0.9999495955765899 0.008635254041275735 0.005122370602698469 -0.46460289535374244 -0.008581172727327778 0.9999081823199646 -0.01048763187429908 -4.597823044244351 -0.00521246409362571 0.010443147507805617 0.9999318831217183 221.75595270095363
