1.0 -6.776263578034403e-21 8.673617379884035e-19 -8.673617379884035e-19 0.0 1.0 -1.828002979293187e-19 0.0 0.0 1.0683203047244863e-19 1.0000000000000002 5.551115123125783e-17
0.9999997609328668 -0.0006045316352606309 -0.00033567176852968787 0.0008173796576166348 0.0006050023138056827 0.9999988318071305 0.0014036942841376668 -0.01857989305489406 0.0003348228266244115 -0.0014038970103075637 0.9999989584824406 1.2749714875841887
0.9999978368183133 -0.0019566735062049503 -0.0007055400733073282 -0.01174617371001907 0.001957822024744843 0.9999967540600325 0.0016305839136153862 -0.029476061921138996 0.000702347320944461 -0.0016319616842456139 0.9999984217029594 2.6381620524508076
0.9999952991993519 -0.0030237652292684093 -0.0005083521647714882 -0.0035991156713336726 0.003024381057161469 0.999994689091483 0.0012144586599936022 -0.05069223498144051 0.0005046772682766433 -0.001215990383523952 0.9999991333334084 3.9119715561680874
0.999987479472861 -0.005001864162818166 -0.00014916399838967725 0.00993460808219157 0.00500184951344831 0.999987485501735 -0.00010170419135414655 -0.07494900280084414 0.00014967085297469193 0.00010095682160419589 0.999999983703244 5.236417018962866
0.9999904377002694 -0.004347076050607289 -0.00047690227360597595 0.015203532627502708 0.0043475553263804005 0.9999900416214236 0.001007682121495906 -0.07661466323725585 0.0004725170916352094 -0.0010097458292865483 0.9999993785700186 6.553323579076096
0.9999881668419518 -0.00486215081509873 -0.0001601971971300414 0.0318928743769409 0.004862524870958791 0.999985248312415 0.0024205399349806513 -0.10490569464276123 0.0001484258144268235 -0.0024212902191895888 0.9999970576565185 7.876038796869588
0.9999896570505018 -0.004546837116909803 -0.0001098279661209435 0.04037953421477507 0.004547170548430167 0.999984379132783 0.00325034381838426 -0.1156685910692743 9.504747293240245e-05 -0.0032508095587684112 0.9999947115863909 9.225946849027707
0.9999894314896804 -0.004583045435053634 -0.0003641445799914718 0.03249969132930142 0.004583774249017215 0.9999874437110209 0.002025200608254868 -0.12628566150826917 0.0003548584493658002 -0.002026848331202639 0.9999978829777401 10.530111234041664
0.9999959963368377 -0.0004953538185605151 0.0027860249992025243 0.0611159240374098 0.0004914531136849846 0.999998898361581 0.0014006250445698029 -0.14384131161896724 -0.0027867159685346582 -0.0013992502159171979 0.9999951381439228 11.844683323272847
0.9999915084391553 0.0038283416269442646 0.0015254012352464161 0.03529766375545995 -0.0038279928227305127 0.9999926463517979 -0.00023176400760609015 -0.1696347239886556 -0.0015262774162336894 0.00022592281057556954 0.9999988097172396 13.219463394145535
0.9999891983200823 0.004585330210286089 0.0007602553528811796 0.030084658212433488 -0.004584547015146886 0.9999889611496184 -0.0010293244979700568 -0.18269713354925016 -0.0007649668156763344 0.0010258279373848143 0.9999991812513073 14.55534380504707
0.9999876008538128 0.00469712534805864 0.001653828995800845 0.023477967974260078 -0.004696728439978043 0.9999889405247749 -0.00024407395722754997 -0.19145619804803415 -0.0016549572882100065 0.00023630334090977084 0.999998602637454 15.911914973761894
0.9999925934621215 0.0036267466199455495 0.0012883046704993137 0.039370715049336064 -0.003628363208288602 0.9999926306690836 0.0012544282240985257 -0.21105152880260497 -0.0012837457894468284 -0.0012590933528618515 0.9999983833383896 17.27960569168743
0.9989651121812824 -0.01008426887837445 0.04435100909771475 -2.8561470631670174 0.011106127073620041 0.9996771110292884 -0.022854488154098927 1.2750979570187828 -0.04410622154029065 0.02332340392944539 0.9987545545353965 30.73946268287836
