1.0 -3.469446951953614e-18 0.0 -1.7787691892340307e-19 0.0 0.9999999999999999 -3.5405977195229754e-19 0.0 2.168404344971009e-19 -2.354751593366955e-19 1.0 0.0
0.9999998184236251 -0.0001920850232811945 -0.0005711877703400902 0.0023623220759034095 0.0001924746445146272 0.9999997488292218 0.0006821250560820844 -0.022605926090915572 0.0005710566496940094 -0.0006822348851515522 0.9999996042253559 1.3271691435190551
0.9999996106291743 -0.0006537789352943687 -0.0005927180634304468 -0.007919513178060316 0.0006544457365945475 0.9999991525635218 0.001125420722648312 -0.03902273942997718 0.0005919818357649513 -0.0011258082084223669 0.9999991910569219 2.628002273801946
0.9999985244154309 -0.0013027885225958633 -0.0011197808784350139 -0.009237918093241298 0.0013039059154677044 0.9999986522689209 0.0009976409880589597 -0.0746863043332523 0.001118479749464476 -0.0009990996244713523 0.9999988754018504 3.9515879976599413
0.9999979703940859 -0.001937228998920874 -0.0005534921413556564 -0.02262172482950816 0.0019378220718998269 0.9999975470087418 0.0010727623416835195 -0.08804861158533576 0.000551412644931519 -0.0010738327538173656 0.9999992714139098 5.267169937196659
0.9999969623152345 -0.002310209018483538 -0.000859241892588266 -0.02171844957458797 0.002311585736025957 0.9999960409966623 0.0016045431463562532 -0.11094872979484335 0.0008555317345632813 -0.0016065245141542947 0.9999983435716673 6.578168693917819
0.9999935761187918 -0.0034911522293420306 -0.0008121458330076685 -0.018820940033951048 0.0034934417490132506 0.9999898801523917 0.00283468730739967 -0.14939797970525948 0.000802241359645287 -0.0028375063357709736 0.9999956524747614 7.914355990794743
0.9999941715091927 -0.003375370876813534 -0.0005136370638447465 -0.04383481505610655 0.003377075912434864 0.9999886687793011 0.003355244531746682 -0.17065258350389093 0.0005023060944415432 -0.0033569596310801097 0.9999942392394526 9.232206250533773
0.999994621379127 -0.003135237137803318 -0.0009630699965696345 -0.04873915434484753 0.003137413877039169 0.9999925089583862 0.002266860474485567 -0.18987973102674394 0.0009559557198731289 -0.0022698698741904057 0.9999969669160844 10.580325580114112
0.999999317768481 -0.0005997789877081623 -0.0010023607491342658 -0.061684123574087514 0.0005998355580215022 0.999999818524633 5.609851654752839e-05 -0.20545100577262318 0.0010023270053104777 -5.669973136860215e-05 0.9999994960635442 11.883996757796785
0.9999963168577725 0.0024957933962952168 -0.0010664333163261227 -0.06722169672488622 -0.002496508984389154 0.999996659231429 -0.0006700547911856492 -0.23447962411760542 0.001064757524562942 0.0006727146941155335 0.9999992068736842 13.237980566431531
0.9999793923707351 0.00636955918671789 -0.0008022065477346055 -0.08852636625756805 -0.006370255905306001 0.999979332615283 -0.0008684440694012713 -0.2688993437632774 0.0007966584285210234 0.0008735364455166644 0.9999993011350538 14.573095140907343
0.9999802373067417 0.006273085349888271 -0.00041639252438842745 -0.11267153977667753 -0.006272968516608864 0.9999802849064224 0.00028227145830700043 -0.2883160058620465 0.0004181550632770107 -0.0002796538733229291 0.9999998734703662 15.921363102047868
0.9999853272814904 0.005415546857946721 -0.0001306255893745586 -0.1081525055253337 -0.0054151938340301214 0.999982038225566 0.002568834793684506 -0.32665320790277463 0.00014453490224980046 -0.0025680897938894125 0.9999966920071153 17.260781052941788
0.9999999639785568 -0.0002672834581162291 -2.4552611107436523e-05 -0.12230327255692947 0.0002674082140226401 0.9999862922544065 0.005229129416806905 -0.33142592347004174 2.3154620972616917e-05 -0.005229135896894479 0.9999863277079922 18.62631916395467
0.9999978471231694 -0.001996111435198473 -0.0005668247171348711 -0.11503343592406229 0.001997808868665329 0.9999934749282756 0.003009793519074418 -0.37400123404268265 0.0005608131852782728 -0.0030109195050788684 0.999995309915891 19.962357981520405
0.9999957189477438 -0.002908710118187356 -0.0003185833061210507 -0.1269023951358824 0.002908967330609944 0.9999954414591784 0.0008092994671118818 -0.37636397802646443 0.00031622786387999107 -0.0008102227648880074 0.9999996217697409 21.32724017727017
0.9999999251969389 -0.00032285038466152785 0.00021301311397166974 -0.13379623297025756 0.00032286917762952734 0.9999999439968515 -8.809812929996784e-05 -0.4368078230342314 -0.00021298467757614801 8.816690023711655e-05 0.9999999734318952 22.676131414246953
0.9999962231636211 0.0026555748089675526 0.0007082211450692396 -0.15041878006353743 -0.0026564287249077603 0.99999574293158 0.0012072736767332272 -0.43082663304939356 -0.0007050121833324235 -0.0012091504813429835 0.9999990204555644 24.048310789575915
0.9999952999771972 0.0025794211554612916 0.0016572892608421165 -0.16071213920666316 -0.0025889601297983374 0.9999799469077115 0.005779539002585807 -0.44456538661391587 -0.0016423482961656704 -0.0057838026090756035 0.999981924995943 25.42888650439008
0.9999981768125338 0.0007042423113731164 0.0017749410267257956 -0.15739360615023412 -0.0007160288278064662 0.9999776413014273 0.006648623870635015 -0.4765827698342717 -0.0017702192433637597 -0.006649882788055313 0.9999763224107061 26.80062556666699
0.9999909053386207 -0.0038868487501861407 0.00175546421620592 -0.1584860852234184 0.0038765189864385114 0.9999753744329294 0.005850053119861544 -0.4937825752495807 -0.0017781594038208967 -0.005843194935989975 0.9999813474365733 28.17108696544003
0.9999913735248888 -0.00393057116377093 0.0013429420811352222 -0.16867969839163377 0.003925621670651445 0.9999855648929563 0.0036687183162869897 -0.5091430756780837 -0.001357342965503878 -0.0036634148537347463 0.9999923684761358 29.54056372302882
0.9999884205268103 -0.00404237137103652 0.002611140543469717 -0.1682427069644593 0.00403827249362447 0.9999906085965264 0.001573234962953576 -0.5548544413328675 -0.0026174758408175217 -0.0015626722742629515 0.9999953534254095 30.91067536313623
0.9999943153067528 -0.0020320589496215877 0.0026907428625558925 -0.18295913265339064 0.0020299428294160756 0.9999976284080843 0.0007889912312926142 -0.5465480616889518 -0.002692339984652877 -0.0007835247036360449 0.9999960686877974 32.30754156486348
0.9999950228308883 0.000820127442631333 0.003046589393186448 -0.19061520251115277 -0.0008153314791513764 0.9999984270937026 -0.0015751337199249875 -0.6010069821278728 -0.003047876670481861 0.0015726419328305522 0.9999941186032618 33.68159119592202
0.999991308035888 0.0026616026785609512 0.0032093181685652694 -0.21057340570017088 -0.0026575322417050256 0.9999956597999949 -0.0012719703160804594 -0.6246443587698973 -0.0032126899917864667 0.0012634304191316858 0.9999940411634527 35.076488112305235
0.9999958707438213 -0.0004089276642091789 0.002844517146742667 -0.1953685543861442 0.0004064931721809509 0.9999995506799884 0.0008563891296523358 -0.6336173971849196 -0.0028448663095414764 -0.0008552293308318114 0.9999955876477288 36.46711281634698
0.9999921173591293 0.0029689491402545886 0.002636391217734568 -0.21798323523471427 -0.002974958884518198 0.9999929790671926 0.0022784733816650533 -0.6693369242445332 -0.0026296082567834516 -0.0022862986219492655 0.9999939289795649 37.86212522473953
0.9999877012404499 0.00427019884464516 0.002522452152162032 -0.21170259969310556 -0.004276952746376387 0.9999872676337985 0.0026781062563168197 -0.6862547804100207 -0.0025109841994308277 -0.0026888617818145526 0.9999932324660258 39.258354188938036
0.9999734986339167 0.006671572914835563 0.002914126745017306 -0.22951904661442243 -0.006679879018349897 0.9999736286784934 0.002849767894919027 -0.7081300585749551 -0.0028950377040990677 -0.0028691584455808714 0.9999916933071584 40.66942909702452
0.9999529808633789 0.00919170328431893 0.0030900868374454894 -0.23610282857870754 -0.00920251780238747 0.9999515175649263 0.003503741628117183 -0.7362960636283672 -0.0030577319252030645 -0.003532013538509614 0.9999890875167843 42.09588320280526
0.9999352531534693 0.011101255141091794 0.002500322467978589 -0.24145070080536088 -0.011109351712352717 0.9999330153059494 0.0032476500824515663 -0.767315846055246 -0.0024641021987471647 -0.003275216840092477 0.9999916005409173 43.486313078778196
0.999957553485169 0.009015492686283334 0.0019005531412037673 -0.24610740894047356 -0.009020897705983947 0.9999552366759327 0.0028544821467021194 -0.7845223921589978 -0.0018747336598855197 -0.0028715057413306335 0.9999941198959372 44.902072584276176
0.9999691622386487 0.007751557010262546 0.0012601273494265298 -0.23925249231281226 -0.007755481569801648 0.999964997285022 0.0031395423631474942 -0.8001530714707217 -0.0012357470023064594 -0.0031492185081243886 0.9999942776591204 46.30416448863703
0.9999604372202432 0.00887088921132861 0.0006567345983206421 -0.2682597972057886 -0.008873223757447422 0.9999540047198433 0.003640654287045625 -0.8388362352764602 -0.0006244086011662649 -0.003646337683836157 0.9999931571441987 47.729350042517915
0.9999632757183342 0.008549070808924366 -0.0006004859402840438 -0.2763664067681 -0.008546189829442713 0.9999526799515974 0.004647635371224281 -0.853862509219122 0.000640190546464365 -0.0046423329218855305 0.9999890193913021 49.13096454370499
0.9999547586135792 0.009438543721019876 -0.0011809298993585423 -0.28426806796936877 -0.009432996314447677 0.9999448423397582 0.004618536418997168 -0.8804619005203532 0.0012244571265605788 -0.004607187861649596 0.9999886371993454 50.543651863816116
0.9999435937885204 0.010282404154282257 -0.002661085840868403 -0.2941230245299329 -0.010269732215505804 0.9999360644304242 0.0047328293871613785 -0.9024039491164741 0.0027095807995299983 -0.004705233890016811 0.9999852593672534 51.985283290929246
0.9999354544652727 0.010698712239908712 -0.00382418982563208 -0.30285168360350306 -0.010674841225793257 0.9999237443639157 0.006209125953488392 -0.9487777929676394 0.0038903281945332794 -0.006167902695854792 0.999973410812373 53.40093326222124
0.9999602145843376 0.007676242957621084 -0.004543623828283117 -0.3114742239072456 -0.007642798170626534 0.9999439052314678 0.0073330785247991154 -0.9330674402677345 0.004599659841272566 -0.007298060928802368 0.9999627900311816 54.87428663034223
0.9999669973588178 0.006011497228781765 -0.005464985932837664 -0.33054155295011856 -0.005967953739444936 0.999950593399051 0.007949484176842042 -0.9435127477867766 0.0055125047004373935 -0.007916607204756048 0.9999534687352595 56.27312155841196
0.9999776647546127 0.0035760151654605212 -0.005646422713686342 -0.3543494134232489 -0.003535356527180614 0.9999678700316758 0.007194453632591286 -0.9691292622163971 0.005671969254512077 -0.007174330974063999 0.9999581780021121 57.707264504746234
0.9999828606289034 0.001541987873339059 -0.005648071159867881 -0.3585897107326865 -0.001502784187451505 0.9999747972325774 0.006938770787480568 -0.9883522186432386 0.005658628796974164 -0.006930164171659598 0.9999599755780273 59.13907013609101
0.9999807241684999 0.0026411382746226245 -0.005619222725201588 -0.38454370868740984 -0.002594357124279493 0.9999620535797932 0.008316292066371248 -1.0321618019788776 0.005640974456358217 -0.008301553662648668 0.9999496305453845 60.563729313189256
0.9999888675500366 0.0013466290059683372 -0.004522317476076579 -0.3886875339452873 -0.0013029765590119 0.9999526678334607 0.009641801901496801 -1.0481027427762897 0.004535087746072556 -0.009635802285594611 0.9999432905446856 61.9959794616256
0.9999915456701172 -0.0009450452899580544 -0.004001933493699147 -0.4058688455593008 0.0009790320581259601 0.9999634023571599 0.008499143393978432 -1.0690065312888994 0.003993755301395813 -0.00850298973071783 0.9999558735735912 63.393373669843264
0.9999907722130352 -0.002130708920776053 -0.003730357162106836 -0.41605187926485476 0.0021622301099537954 0.9999618222771361 0.008466329983893515 -1.0731719362053416 0.003712175781466964 -0.008474317917395585 0.9999572019322938 64.8415124298308
0.9999897208942676 -0.003121588647262556 -0.003288432547638569 -0.42209294921948404 0.0031497395790367547 0.999958141049849 0.008590418014153741 -1.0790516346350072 0.003261479428764478 -0.00860068758826731 0.9999576945718769 66.30559850426107
0.9999970684896593 -0.0007598510802971758 -0.0022990510336361536 -0.43895867017235557 0.0007781530669884427 0.9999679342730927 0.007970250928397244 -1.1255088406779248 0.0022929213094013265 -0.007972016735546575 0.9999655941417942 67.59366260712025
0.9999950473613782 0.002800731919492529 -0.001435669178961865 -0.44915881430083027 -0.002787016177525482 0.9999512910571331 0.009468265730931635 -1.1500285109925354 0.0014621174541313252 -0.009464217794676127 0.9999541443484151 69.07503607765237
0.9999608834375525 0.008790257947333142 -0.0009812946110425574 -0.4679654361701674 -0.00877924366189742 0.9999040494218043 0.010715262294007884 -1.19995567473325 0.0010753904737788947 -0.010706228343910029 0.9999421084320058 70.36839542276626
0.9999454295586584 0.01044687320612256 2.685020392386903e-05 -0.4681604051622982 -0.010446455210431159 0.9998748121993107 0.011884086941000967 -1.1854458501621328 9.730472401284001e-05 -0.011883719152889 0.9999293813842187 71.67615307962612
0.9999161146641851 0.01294521186979636 0.0004302246430349273 -0.48820973620839286 -0.012949235169954441 0.9998528323903992 0.011253039460856396 -1.1679185903378402 -0.00028448836364220777 -0.01125766680751032 0.9999365899935889 73.12045270637852
0.9998176790698551 0.01902272109911122 0.0016566982982819023 -0.47515904360143413 -0.019039385852640527 0.9997614559219902 0.010702013340983583 -1.2337812651730502 -0.001452721802954362 -0.010731604883009069 0.9999413594094636 74.48397697607528
0.9997927477068683 0.02017803799772299 0.00270339778987431 -0.4941264050809252 -0.020205288030591767 0.9997411044619504 0.010462812252715921 -1.2475971425623626 -0.002491579072302945 -0.01051526696257606 0.9999416088925885 76.10100037424007
0.9998291791216192 0.018195215887907446 0.003247560437297488 -0.49361680357853366 -0.01823073294483861 0.9997703564249232 0.011263873096750244 -1.215541863914088 -0.0030418663021816975 -0.011321154633710119 0.999931286892896 77.48294009256098
0.9998174994459146 0.01898678480746883 0.0021141790350081412 -0.5297878940868838 -0.019008875825922 0.9997591236415205 0.010970751366438897 -1.2881419173666158 -0.0019053706371427268 -0.011008937594966028 0.9999375844806498 78.79860291140255
0.9998519450395158 0.017016630143809722 0.002553870815986847 -0.5345548629045311 -0.01704223268456681 0.9998010755777583 0.010362027863643824 -1.2669419460534046 -0.002377036186508484 -0.010404017590872908 0.9999430514370675 80.2612338692142
0.9998661444021725 0.016184456539864094 0.0023992925446634592 -0.5433030267703757 -0.01620920944808875 0.9998115474090018 0.010683222179103339 -1.2748859942775563 -0.00222593842712735 -0.010720683027284402 0.9999400542803717 81.6416834623271
0.999863883451548 0.016405859495896312 0.0017499433330978808 -0.5495211289662946 -0.016423672447085706 0.9998078404677915 0.010702577386431916 -1.3151050827371782 -0.0015740222092960096 -0.010729861307412413 0.9999411945369081 83.11611592834593
0.9998627624227462 0.016515935687116193 0.0012962044678094969 -0.569304823810965 -0.016529130291348428 0.9998036359302548 0.010930575142492476 -1.305816744725374 -0.0011154213501571738 -0.010950500416951038 0.9999394193540178 84.43632460381625
0.9998063256749425 0.019675470555621962 0.0004323682797842108 -0.5805347855126611 -0.019679133374970986 0.999740789377133 0.011449271498049748 -1.33737457149481 -0.0002069864104910818 -0.011455562941858113 0.9999343614648551 85.8845318070742
0.9997313701965892 0.023175758862837237 -0.00026753140841487646 -0.589532494489915 -0.023170679506178068 0.9996549920161812 0.01236998850894611 -1.3841248746640242 0.0005541230342307013 -0.012360466938675289 0.9999234529754201 87.20211787727159
0.9998914179255327 0.014679109314549781 -0.001294630691553718 -0.5833261523681407 -0.014661349410493142 0.99981057517339 0.012800728005005703 -1.3850698381429787 0.0014822888767455776 -0.012780357306825675 0.999917229221613 88.56044808018048
0.9999048188199956 0.012770998256839658 -0.005220618970666618 -0.6225189031744583 -0.012702433291208896 0.999835299462398 0.012962336333773316 -1.4308391555629119 0.005385301571373224 -0.01289478826740753 0.9999023567220711 90.16298264121387
0.9999359314767475 0.010658200670657203 -0.0038125671701041254 -0.6165293375319478 -0.010605297585149344 0.9998507663676914 0.013637179909606915 -1.3898453366278252 0.003957346351662515 -0.013595873065579559 0.9998997408032405 91.58416590001146
0.9999210233250097 0.012417131949594446 -0.0019395652422969467 -0.5570353527730929 -0.012390287449798344 0.9998349328656215 0.013288635110182658 -1.4621817341373917 0.002104252007187578 -0.013263554119730469 0.9999098210661317 92.94356188590936
0.9999566643162757 0.008959704048165689 -0.002528471602496187 -0.5691798086702073 -0.008928972342758221 0.9998891502892193 0.011914722066888428 -1.5223749319064994 0.0026349439374098354 -0.011891629324638914 0.9999258203644497 94.19755150495627
0.9999696032553201 0.00707290525938649 -0.003281243042842831 -0.6153129626572776 -0.007028819921293268 0.999887402909317 0.013258099525074308 -1.4075369706277767 0.003374647161714325 -0.013234633524554047 0.9999067237714959 95.42817925000091
0.9999581795259253 0.008635798460567772 -0.0030103421545695716 -0.617975641127298 -0.008598001682010484 0.9998867642340222 0.012350428763308665 -1.454979041569572 0.003116657362672049 -0.012324029587666284 0.999919199111568 96.7923367314025
0.9999541299726951 0.009234387403326012 -0.0025424426927229135 -0.6153291502641917 -0.009204778961153636 0.9998924084980251 0.011421185949334764 -1.4962764769000745 0.0026476370355386003 -0.011397259670078238 0.9999315439063496 98.0880965701958
0.9999293114259156 0.011674569305025424 -0.0022531203097250828 -0.6410443450868505 -0.011646949872746098 0.9998612960534551 0.01190534485410949 -1.4914861689581655 0.002391797777648919 -0.01187826154795805 0.9999265904127993 99.3902177775326
0.9999475700755268 0.010153524652947006 -0.0013277845407845418 -0.6112680781827585 -0.010135916342091657 0.9998685260955655 0.012656766627985809 -1.5224329038584004 0.0014561208963859724 -0.012642644979785391 0.9999190183445591 100.64346468083464
0.9999666697868647 0.0070523053661309945 -0.004113913218002675 -0.7328714074763283 -0.006996968094278366 0.9998868817825745 0.01331413105430141 -1.577758827325428 0.004207343543195908 -0.013284902642611146 0.9999029001034988 101.97695961819191
0.9999790151113238 0.004874052001971555 -0.004267661716464116 -0.7558322734360173 -0.004822263702023376 0.9999156178169006 0.012062463405207398 -1.6106582889272556 0.004326095050776926 -0.01204163073015596 0.9999181386712339 103.4379513764783
0.9999209772191349 0.012555999296880626 -0.0006214234910265322 -0.6634266985561135 -0.012547917996471071 0.9998535027510589 0.011641426740131867 -1.536434035888147 0.0007675022736456415 -0.011632709470730272 0.9999320431989903 104.60226380382461
0.9997025173420895 0.024218341017512877 0.002889412491642639 -0.5363163042078045 -0.02424167446694747 0.9996713936516173 0.008333427169417887 -1.642496579198377 -0.00268664145296702 -0.008400992498332654 0.9999611018843342 105.74091549635334
0.9999642050146605 0.008212363391363522 -0.0020361128959153585 -0.7312920834322585 -0.008187957921509071 0.9998978135780755 0.0117183514238229 -1.5465031870971895 0.002132140382189125 -0.011701260597542288 0.9999292647411554 107.04276642085982
0.99999735794451 0.001551610434639002 -0.0016960552873831931 -0.7426388906240668 -0.0015292048225464929 0.9999125904852819 0.013132894542301468 -1.6019110036948292 0.0017162843277786118 -0.013130266489917638 0.9999123213952786 108.31596538637439
0.9999988637587744 -0.000646845655553438 0.0013616441575959033 -0.6648705091100289 0.000629504926232179 0.999919187718528 0.012697312707317712 -1.639287242904211 -0.0013697474270288486 -0.01269644136703466 0.9999184587612755 109.85510586973407
0.9999876948030272 0.0015639322519251982 0.004707904105889229 -0.5660696720536549 -0.0016197583945436172 0.9999281472083011 0.011877575582112675 -1.6867593741864362 -0.004688990493056934 -0.01188505532503272 0.9999183760822951 111.40621214148865
0.9999870536340554 0.0038793098861333516 0.003292949426162066 -0.6697322667544685 -0.003916469309316723 0.9999278709057811 0.011354041448114383 -1.6046203352262378 -0.003248666329062155 -0.011366791414265241 0.999930118668283 112.8235933487925
0.9999581858529136 0.008939163440402203 0.0019281819534406745 -0.7729777496079764 -0.008958798868461175 0.99990550542247 0.010426896218661523 -1.5730180262077371 -0.001834792168399039 -0.010443734632387508 0.9999437793924374 114.19054937203781
0.9999535864597121 0.008950033685904753 0.003566764360827245 -0.7817804008228186 -0.008983316568695773 0.9999152113808474 0.009427093365165503 -1.623633206070633 -0.003482089423801421 -0.009458697384215346 0.9999492027576796 115.49066447668865
0.9999162606560668 0.01207999354229557 0.0046417031110361 -0.8047606262371494 -0.012109503361541075 0.9999063058519821 0.0063827480918495424 -1.8289873157645113 -0.00456416503613304 -0.006438422456575762 0.9999688570701613 116.82246624846836
0.9998912658444757 0.01372198866136759 0.005400322802549394 -0.8261297477881172 -0.01379554289359822 0.9998092282910143 0.013827148992095976 -1.6143037661211284 -0.0052095570219216885 -0.01390014617382729 0.9998898171558039 118.01217672955246
0.9999156060276175 0.010776652400418718 0.0072556575890386 -0.7748836132421348 -0.010885334138453563 0.9998265874089539 0.015109752792747892 -1.675562674206208 -0.007091567400666329 -0.015187458179760051 0.9998595155248835 119.27409535602759
0.9999093087718609 0.01092313384753655 0.007877776312276498 -0.7927156636059355 -0.011022669412065979 0.9998585428291945 0.012704137562639321 -1.7395790794472366 -0.007737893593579856 -0.012789819786944361 0.9998882665130915 120.52340514205311
0.9998773191413463 0.011648773266030683 0.010471519809046013 -0.7328411614583412 -0.011772586093649604 0.9998605904764704 0.01184085521714756 -1.755807350791174 -0.010332129405968404 -0.011962679675637139 0.9998750628925367 121.76999932673517
0.9998295185305914 0.014019991381522856 0.012015560210387723 -0.7043507569582084 -0.01416501070120818 0.9998268150115739 0.012070314284810976 -1.720860748579699 -0.011844254585399167 -0.012238457301169427 0.9998549563783214 122.92580424415772
0.999747471261281 0.018115649280274024 0.013297252064534042 -0.7043522425655533 -0.018277858537801832 0.9997587526359155 0.012180166732365102 -1.707420036914249 -0.013073393604690536 -0.012420136430432343 0.9998374000754264 124.14223839244903
0.9997902083344543 0.014822956593848531 0.014135743444697368 -0.7012209535956822 -0.01494961962190013 0.9998486626115558 0.008897234563990292 -1.8541370615028967 -0.014001722033256583 -0.00910669216534828 0.9998605002377566 125.37580521620781
0.9997958041858308 0.013573694420861631 0.014970127658208524 -0.6981506297870523 -0.013699840406808966 0.999871234705343 0.008356339714004677 -1.8689295807726545 -0.014854774872818428 -0.008559721911212013 0.999853022610113 126.72994969539222
0.9997457994537268 0.0159170286169504 0.0159682383243318 -0.7015963963322136 -0.01610496124809173 0.9998017293839434 0.011710345106461762 -1.7836647260311913 -0.015778679718440117 -0.011964536424915224 0.9998039223445232 128.3422338284057
0.9996299814162193 0.02098127436333067 0.017311450498520557 -0.6706825153199373 -0.021229430198226776 0.999672676447379 0.014277650903635654 -1.7416135270469508 -0.017006222168761687 -0.014639880428233186 0.999748199454641 129.98943338450104
0.999616763777 0.020035721896457137 0.01910223452446611 -0.5551978060382093 -0.020309998880753036 0.9996918300367291 0.0142740658771499 -1.7737158676159588 -0.018810358154303482 -0.014656562188777537 0.9997156373778419 131.6838203781148
0.999747447479521 0.014802166244293882 0.016909674629185523 -0.6710775124605302 -0.015007743340126476 0.9998142124610442 0.012095794102031855 -1.93746968550853 -0.01672749047174253 -0.012346515576607795 0.9997838539494465 132.97776508049674
0.999835849344529 0.00881485348694188 0.015829488531529507 -0.7034432733422475 -0.008989200570841913 0.9998993462882966 0.010976865727072689 -2.0651843038096507 -0.015731137092608517 -0.011117358527772993 0.999814450618524 134.1217401098115
0.999860577988281 0.005530120877406886 0.01575570817744953 -0.6476415339678259 -0.005753895798561575 0.9998827187092794 0.014193009376987583 -1.9133351795012035 -0.015675372583716398 -0.014281687535110884 0.9997751327662955 135.18455889739687
0.9998793425936967 -0.000961479969158581 0.015504058036399607 -0.5757539760919683 0.0007642058490604578 0.9999187426034727 0.012724942970751092 -1.908869011457527 -0.015515034295593871 -0.012711559557471667 0.9997988297480621 136.26727133744026
0.9996920006959192 -0.02038527122691049 0.014154309330008798 -0.5373355552517355 0.020159943624568383 0.9996705878795517 0.015883714569155518 -1.8058519404257565 -0.014473441767550553 -0.015593472597947673 0.9997736559330892 137.49824521629222
0.9995167878145019 -0.02868381078401928 0.011976221252470939 -0.5729337190109616 0.02852449202502714 0.9995050278361279 0.013268484715877297 -1.989799267174608 -0.012350885092364053 -0.012920457817442135 0.9998402459423111 138.7342155034695
0.9993506196254268 -0.03379338516787916 0.012503845812902703 -0.43560027431155457 0.033682589199897306 0.999392343246196 0.008968135930323765 -2.3521288148251975 -0.012799312510289982 -0.008541150429007039 0.9998816061640874 140.02613367446477
0.9996698694173373 -0.022068091016646592 0.013158706163630964 -0.366879893008796 0.02196030513340096 0.9997245525958759 0.00828033385504508 -2.495602445440888 -0.013337813912345972 -0.007988631190804826 0.9998791349400753 141.18726146422733
0.999922392861318 -0.00816903252587983 0.009406124493786309 -0.547714194618818 0.008097919308409305 0.9999385287845399 0.007573793243506012 -2.313454204638071 -0.009467417644652877 -0.007497035559732378 0.9999270785692534 142.35526576703523
0.9999344664299608 0.007288851196910777 0.008828107683805948 -0.5544032308605598 -0.007388297073428213 0.999909027927124 0.011284899095125629 -1.9543966636347938 -0.00874505135259271 -0.011349384459719933 0.9998973525048508 143.62847598318433
0.9999630027605814 0.003174296373621339 0.00799480791460849 -0.5521807637288749 -0.0032632630318389184 0.9999326270796648 0.01113967764072352 -1.9520635349705941 -0.007958909306483426 -0.011165354880533974 0.9999059908861587 144.59547826329748
0.9998640894035652 -0.015218975984229176 0.006339203991847501 -0.5469847351358864 0.015118980568848068 0.9997650232788612 0.015534305214378734 -1.8321845075833931 -0.0065741311864562 -0.015436351922966558 0.9998592400126414 145.55354566755767
0.9995678638764337 -0.028676447779516064 0.0064611800781967516 -0.4129989237408077 0.028562835728131807 0.999446765175722 0.017039013882257707 -1.8662538786027116 -0.006946224491350004 -0.016847101388134382 0.9998339487841249 146.0431209115565
0.998068548239918 -0.06207577426271155 0.002402315193727262 -0.539943964761757 0.0620190801621987 0.9978934850689685 0.019032243518839476 -1.7065443285714204 -0.003578696214856481 -0.018846494601171014 0.9998159843589669 146.29653403330474
0.997353634057719 -0.07258964617030825 0.004058531996227969 -0.4421694650309055 0.07247792514547202 0.9971047040137159 0.023003473914275954 -1.6093408463781964 -0.005716595834909786 -0.022648444712473893 0.9997271470211934 146.3725286333972
0.9972870351686088 -0.07349653570014074 0.004102255335084925 -0.5094222494912696 0.07336441579058159 0.9969595804386138 0.026253717506810444 -1.4798340251981514 -0.006019340524578533 -0.025881532977567456 0.99964689455861 146.58037785805143
0.9978400136522024 -0.06552434872351066 0.004676185675605333 -0.5267014037897563 0.06540901033205257 0.9976247952810141 0.02159697592220192 -1.5698394411909584 -0.006080207049675333 -0.021244462435636165 0.9997558221402987 147.1077594901852
0.9995652556912448 -0.028931870587405498 0.005678598244708554 -0.5548128461204151 0.02886512692615581 0.9995171201461255 0.011503520579105937 -1.8793969207271983 -0.006008675029050422 -0.011334606226295027 0.9999177078759498 147.40676713142398
0.9999250269067524 -0.009538339433958808 0.007678584686263394 -0.48698932203567674 0.009525733001224113 0.999953223364193 0.0016767481830050606 -2.3705135718400743 -0.007694219549460091 -0.0016034783424997256 0.9999691134411096 148.09053509648504
0.9999607011487925 0.00587100710957298 0.006642847897040265 -0.5490057103692648 -0.005862702074791561 0.9999820089467715 -0.0012690622839437067 -2.4960619145107112 -0.0066501796222795855 0.001230067398266502 0.9999771307578083 149.05814643174276
0.9999635093202821 -0.0045337239146634786 0.0072405378279808376 -0.4967973318674292 0.004508492533593854 0.9999837210311607 0.0034973076842372856 -2.3710297914948533 -0.007256276397062717 -0.0034645362132737765 0.9999676711952636 150.4404206075794
0.9994930023785616 -0.030753164532970948 0.008245062955879078 -0.45224760623287513 0.030627602008254415 0.9994191184844996 0.014945755522440018 -1.9695487588717315 -0.008699903550780923 -0.014685651812047309 0.9998543110414464 151.81342209404002
0.9989097532626212 -0.04577525553650803 0.00916137342292929 -0.4555020045742546 0.04559413935822572 0.9987776586512215 0.019088297135493586 -1.8012427219517497 -0.010023947604701952 -0.01864978156970612 0.9997758279354607 153.05615800666195
0.9991078532494323 -0.04102569714676418 0.010019466726331928 -0.47560572722662103 0.040822717557082305 0.9989724499158629 0.019686291496976097 -1.7828682025347238 -0.010816815950533765 -0.019259706915187132 0.9997560003246468 154.18877389479206
0.9996856034731729 -0.022295472218924056 0.011471971824871422 -0.44847392585391976 0.022162889837643564 0.9996875678312028 0.011557379882436759 -2.084147489833684 -0.011726065834041757 -0.011299494430676406 0.9998674016104141 155.18332131258444
0.9998389464762101 -0.013433607517260296 0.011900391373965633 -0.4451409015839069 0.013294480459824218 0.9998432412481528 0.011694002970483211 -2.1392490195414138 -0.012055619538174663 -0.011533910296747099 0.9998608057867834 156.30202880615363
0.9997649332084089 -0.01854509798166623 0.011231993682656049 -0.44707276634930476 0.018408368656270165 0.9997566429690168 0.012156759047140007 -2.0692264413969474 -0.011454709542664547 -0.011947138928300514 0.9998630183672543 157.43882242934797
0.9996292044752085 -0.025309250011681522 0.010044671754672805 -0.4867391828705886 0.025160325290024883 0.9995755536885059 0.014685724157762254 -1.9046805733032837 -0.010412093861410706 -0.01442755180471673 0.9998417044959522 158.7299908922897
0.9997501794100999 -0.019678873804169696 0.010598146486934147 -0.4134701329225876 0.0195552810123249 0.999740995146133 0.011641889787090182 -1.9623459416990183 -0.010824501699551696 -0.01143173187200359 0.9998760651533821 160.01663884000416
0.9999213587849192 -0.006061139603010539 0.010979018469308176 -0.3973306704052567 0.005963536491218439 0.9999426022851226 0.00890103127124724 -2.0374267869255176 -0.011032339616627538 -0.008834857666563849 0.9999001113954146 161.20999496028716
0.9999346600822852 0.0016103798188670795 0.011317342739212175 -0.39716433401131207 -0.0017000696611710704 0.9999671924513335 0.007919834895516809 -2.1177205557765384 -0.011304218451629967 -0.007938557833688244 0.9999045924188862 162.85907208807566
0.9997320536506223 0.018979081776531265 0.013251992665990807 -0.36197024349346807 -0.019093928930720542 0.9997807564449056 0.008594240645089804 -2.1857830579928943 -0.013085977555848772 -0.008844970634057377 0.9998752540606628 164.50328628045492
0.9998814389018718 0.007978217552712863 0.013170276101437435 -0.3400310260780247 -0.008146247600802405 0.9998854769455705 0.012754279902209 -2.1442466210634725 -0.013067012475793227 -0.012860056319809287 0.9998319219426615 166.11544525909292
0.9999007571608137 -0.00934086063892582 0.010546286932542396 -0.41112323324953914 0.009184503113456683 0.9998486128255448 0.01477823798090898 -2.075572283285979 -0.010682732711691926 -0.01467990921493617 0.9998351761598088 167.9711992864927
0.9997760268541378 -0.018993090599766137 0.009335879803378829 -0.3735589701400573 0.018846114290071048 0.9997008912890248 0.015586914961044758 -2.0388599793268645 -0.009629131848314022 -0.015407479134201322 0.9998349310792203 169.30019304673868
0.9997969403439185 -0.01883553107269162 0.007162462038714787 -0.37149157661120125 0.018730661819809473 0.9997203252664916 0.014437227693235365 -2.038058315213446 -0.007432392345011184 -0.014300138681892378 0.9998701243545517 170.77093789328396
0.9999159762791056 -0.011056670896607257 0.0067668624236232175 -0.3328486065413839 0.010952553186325997 0.9998239547433657 0.015234864082449331 -1.875999413304461 -0.006934118600860337 -0.015159469856564608 0.9998610445820709 172.38058743293098
0.9999638653692735 -0.005781025298305291 0.006232793575128265 -0.35098538747226515 0.005727613136286454 0.9999470132807854 0.008553658216227318 -2.0427208394809186 -0.006281912757955377 -0.008517650260931132 0.9999439920327259 173.8712868711264
0.9999151462903998 0.011411590531274753 0.0062829769902492125 -0.3573388178350055 -0.0114229744078699 0.9999331734605595 0.0017788466719903513 -2.353709744376104 -0.006262258179229022 -0.0018504660557322535 0.9999786797186715 175.26738650984802
0.9997907416442696 0.01930590181063494 0.0067642463427244936 -0.34791819299388965 -0.019330018392272733 0.9998069682224323 0.003518058792100933 -2.512900221055326 -0.006695021894606782 -0.003648075696363452 0.9999709336874728 176.50120730148373
0.999004964563643 0.04392070094029535 0.007749362324282934 -0.37336846296186676 -0.043984187725295804 0.9989984000079357 0.008221204632380033 -2.703350060534067 -0.007380520112022972 -0.008553873845941074 0.9999361775437978 177.6264926532504
0.9990937747105442 0.04210441657132121 0.006232757231361995 -0.47168227615426833 -0.04217882927583796 0.9990339711502602 0.012331708197259452 -2.6667351859499444 -0.005707517303409035 -0.012583423570272659 0.9999045362914404 178.8216554321744
0.9995388249065826 0.029551757086244235 0.006987922392390337 -0.39687236230221434 -0.029645028852956702 0.9994673745102153 0.013643300663783338 -2.600565421175211 -0.006581017486355025 -0.01384416616443094 0.9998825077333533 179.95479516747378
0.9999261107458618 0.010440842193456274 0.0062259011507548815 -0.397023806909648 -0.01051970844331683 0.9998630955468065 0.01277207567187888 -2.5177573050413056 -0.0060916980756720125 -0.012836626873680474 0.9998990510165134 181.05798724788622
0.9999655511401442 -0.005018515181090076 0.006611433379700155 -0.3698604475026116 0.004959510673846449 0.9999479970094286 0.008911033695887454 -2.510835054383722 -0.006655810278205172 -0.008877937412242135 0.9999384393116677 182.11144057396658
0.9998686766525479 -0.014796365466689804 0.006610373241448406 -0.37974038948803757 0.014728003652847014 0.9998387584075085 0.010273416247142968 -2.3779765230918164 -0.006761317157791833 -0.010174709690200076 0.9999253771506281 183.3897681461245
0.9996767269473651 -0.023988217342897397 0.008426567342598853 -0.2509763547769275 0.02386846302901536 0.9996165719975553 0.014035863112338063 -2.262799669264387 -0.008760032422930787 -0.01383019673205563 0.9998659847643663 184.63886244904458
0.9995115065725434 -0.03046130609532738 0.006989782262334541 -0.35254532454905113 0.0303311078515821 0.9993772248246987 0.01803292545464038 -2.0334971693591215 -0.007534736281500427 -0.017812108971066377 0.9998129607706006 185.92011236853267
0.999496282521094 -0.03071990770447114 0.007966711543966928 -0.3143755349107918 0.030576928329195674 0.999379423382644 0.01748769786465573 -1.9888422840025577 -0.008498988755329409 -0.017235291746971085 0.9998153389049252 187.15466448358856
0.999461261252853 -0.031897937413879 0.007727149303872883 -0.34857665506756685 0.031787186405088985 0.999395831113498 0.014055160691810691 -1.9952022910324203 -0.008170812113578367 -0.013801964537839594 0.9998713635277631 188.50902502893024
0.9998081401249369 -0.0165236215285339 0.010519167622385977 -0.31755542193276354 0.016418597760795035 0.9998152635962708 0.009993413589612258 -2.0767488840050237 -0.010682352626701253 -0.009818786444745606 0.9998947338452459 189.8305922429321
0.9997567361102737 0.01871092337301771 0.011677752431612046 -0.3836196036828171 -0.018826248813421667 0.9997742986462043 0.009845007474886425 -2.3816339385493945 -0.011490908530669803 -0.010062461016241944 0.9998833461440231 191.31848227245968
0.9979693096027605 0.06214118865685101 0.013990332979357116 -0.4040221022799666 -0.0622980209031165 0.9979962268749896 0.011067433421946013 -2.7451045156877143 -0.013274557172787188 -0.01191652921933217 0.9998408785711608 192.7577800478144
0.9912217343594976 0.1314673567738931 0.013993073595137906 -0.5730210831361044 -0.13162030889853002 0.9912431818063081 0.01063250380037619 -3.4817575212363123 -0.012472712669427217 -0.012380941861732647 0.9998455599320205 194.3098954742708
