1.0 -3.469446951953614e-18 0.0 -1.7787691892340307e-19 0.0 0.9999999999999999 -3.5405977195229754e-19 0.0 2.168404344971009e-19 -2.354751593366955e-19 1.0 0.0
0.9999998184232816 -0.0001920851292522164 -0.0005711883356860027 0.002362340360531358 0.00019247475088568847 0.9999997488291841 0.0006821250811968831 -0.02260592772998818 0.0005710572149626968 -0.0006822349104356856 0.9999996042250158 1.3271691263019685
0.9999993567967418 -0.0011053321712566812 -0.00025426013986305914 -0.025542658467249225 0.0011056864168588754 0.9999984128418246 0.0013970574197280283 -0.03901613334682887 0.00025271554636885807 -0.001397337680019567 0.9999989917909323 2.619295904261235
0.9999971366446202 -0.002246956219661478 -0.0008233421641499006 -0.022394998614420306 0.002247648815945554 0.9999971203360486 0.0008410653691773575 -0.08173775181894366 0.0008214500263972488 -0.0008429135605104881 0.9999993073587738 3.946059743684724
0.9999936321318118 -0.003560359975305837 -0.00024400259661754476 -0.025117366362197233 0.0035605958788093115 0.9999931883419028 0.0009723279618248935 -0.10321801713336402 0.0002405391183615312 -0.0009731905814600586 0.999999497520648 5.248609454761559
0.9999937906935702 -0.0034980107428145644 -0.00042719945862791783 -0.03685480943305428 0.0034990833736124344 0.9999906627561639 0.002535904311096392 -0.11312689036160803 0.00041832488689460753 -0.0025373834190859086 0.999996693339933 6.5749546921406115
0.9999891752853595 -0.0046259721510633674 -0.0004996990291816473 -0.03588981653459618 0.004627623680810988 0.9999836629290424 0.003355438464454912 -0.13966930152037968 0.0004841687446369052 -0.00335771462488404 0.9999942456507258 7.913875829446517
0.9999879922974296 -0.004896048466803882 -0.00020970564247548007 -0.05609155281192036 0.004896859463556518 0.9999797785027876 0.004057504855416934 -0.16744518250500165 0.0001898356811658548 -0.004058483109563338 0.999991746305154 9.23406584440652
0.9999924793327455 -0.0037550121270919726 -0.0009701368490922286 -0.05129925722129751 0.003757655240693155 0.9999891946001367 0.00273691511736626 -0.19102171482505848 0.0009598493005205357 -0.0027405400256751773 0.999995784056992 10.568999222632186
0.9999986209272089 -0.0015772712922111735 -0.0005199620538052603 -0.07511644221699759 0.0015777704249960497 0.9999982938129728 0.0009607336138900825 -0.2009590172585109 0.0005184458738065635 -0.0009615526878853301 0.9999994033154569 11.878457692275653
0.9999982256883106 0.0017501012677924458 -0.000696966016337748 -0.08223431989191557 -0.001750237426604088 0.9999984493935374 -0.00019463438563301676 -0.22877178265701048 0.0006966243643266006 0.0001958538982511557 0.9999997381783795 13.229524051713929
0.9999952916325272 0.0030138407438845523 -0.0005774689095432472 -0.10115427245878973 -0.0030138830865472314 0.9999954556454246 -7.213004751474213e-05 -0.24488489253496126 0.0005772489453656732 7.38701303579393e-05 0.9999998306638662 14.56541707671871
0.9999797302762984 0.006361481502394005 -0.00026566190614143895 -0.11299352911425808 -0.006361190289798773 0.9999791793370151 0.0010845106552392844 -0.2727283477634133 0.00027255549285652367 -0.0010827987730053653 0.9999993766302628 15.920699683376249
0.9999953702169446 0.0030343238106161742 -0.00022894933535046245 -0.11305569315235536 -0.0030334073100899903 0.9999877811986436 0.0039033188688525015 -0.2992938387769367 0.00024079049456548823 -0.0039026063801836926 0.9999923558130739 17.280436214228498
0.9999996521246599 -0.0007585962741203395 0.00034681979489396375 -0.11587659220068247 0.000756509181495996 0.9999818395065724 0.005978992240356956 -0.31937888179227875 -0.00035134916250088074 -0.005978727905025588 0.9999820655228696 18.61789330363473
0.9999942077461635 -0.003401704078009774 -0.000113525766538583 -0.11923317971937646 0.0034021537746686745 0.9999852800550347 0.004226702882758702 -0.3592216143832091 9.914611505853306e-05 -0.00422706471352838 0.9999910610075633 19.958452023460143
0.9999932233272878 -0.003681442608193629 1.688084067467282e-05 -0.13322909367889904 0.0036813914113694723 0.9999903135797773 0.002412488000874627 -0.36357245064672367 -2.5762113240326108e-05 -0.0024124095519597565 0.9999970898041995 21.32308012591825
0.9999976565525884 -0.0021146100981639902 0.00046402296086194353 -0.12803495285231858 0.0021142884557368777 0.9999975248633336 0.0006928551654527527 -0.407766049120294 -0.0004654869695011692 -0.0006918724750326862 0.9999996523168232 22.662336849806476
0.9999993387872821 0.0004421983997318383 0.001061549043374867 -0.15271257049954476 -0.00044458923650896216 0.9999973631377097 0.0022530109561379377 -0.4152011943855821 -0.0010605500541999544 -0.0022534814635879067 0.9999968985220643 24.038992035193797
0.9999982352330796 0.0002342609897962606 0.0018640425668851844 -0.16143925617835375 -0.0002470616386175172 0.9999763716184019 0.006869873651508423 -0.425218719625335 -0.00186238933100556 -0.0068703221952688175 0.9999746647681591 25.423883298629768
0.99999651387578 -0.0014575046943358996 0.0022017996161623624 -0.15415507395274203 0.0014409252561100334 0.9999707395608101 0.007512905715605522 -0.4467347286364743 -0.002212685466689294 -0.007509707041104021 0.9999693536915554 26.79369077993929
0.9999874646163106 -0.004570737551162052 0.002044254716182715 -0.16374498627206377 0.004556122055371677 0.9999644287360804 0.0070980987854816725 -0.49127933165245197 -0.0020766257155460013 -0.007088696068617514 0.99997271863426 28.161661172229415
0.9999828181923173 -0.005559889224336385 0.0018576763882936873 -0.16849260745576547 0.005552179834624284 0.9999760582821847 0.004129909637180107 -0.49023809760906334 -0.00188059390761174 -0.004119524599892757 0.9999897463883932 29.533477412857188
0.9999820346468425 -0.005346910200940013 0.0027094178791628697 -0.17290139077735978 0.00534062075285417 0.9999830396481844 0.002323398094777972 -0.5217438312696869 -0.002721795155221307 -0.0023088864199565244 0.999993630415463 30.917923758324633
0.9999930681678395 -0.002250450450530142 0.0029663270510942594 -0.1842203777907555 0.002246118368391989 0.9999964072949581 0.0014629921011194136 -0.526208164661541 -0.002969609034807071 -0.0014563192627914698 0.9999945302614485 32.30708618269975
0.9999927266159482 -0.0011658147010950772 0.0036314731914643223 -0.19147638321813015 0.0011669261292162648 0.9999992729538814 -0.0003039298359449126 -0.5665096774499703 -0.0036311165323749325 0.00030816529622276566 0.9999933599891525 33.68652186489769
0.999992070402037 -0.0006805623610622626 0.003923770343064821 -0.20526384963763594 0.0006805654066015989 0.9999997684146353 5.701929229690663e-07 -0.5832128380690639 -0.003923770153974496 2.1001977132865524e-06 0.9999923019797006 35.08092135484643
0.9999941097378129 -0.0007157235146707745 0.003356819156466721 -0.19828030843947309 0.0007100331405791981 0.9999983096010381 0.0016960679816471226 -0.6140877127699972 -0.0033580276801950452 -0.0016936745686147504 0.9999929275313109 36.47600914213818
0.9999952885951604 0.0007911077345171859 0.002965963334887139 -0.20931760600095567 -0.0008000502499419214 0.9999951346673903 0.003015055869891355 -0.6372306652566513 -0.0029635639185171137 -0.003017414642115823 0.9999910562072819 37.8729039797535
0.9999933802431766 0.0022385374342368735 0.0028685222169567946 -0.2153493031398489 -0.0022489771692702975 0.9999908414066778 0.0036413194969136006 -0.6507112009031221 -0.0028603449542333116 -0.0036477467045213183 0.9999892561261705 39.26881448505494
0.9999769793890372 0.005955821444643001 0.00325098061931028 -0.21855608948337732 -0.005967104823830883 0.9999761689920986 0.0034720482696691843 -0.6906063104073709 -0.0032302245161569734 -0.003491367353877999 0.9999886879361211 40.660610587955205
0.9999671051607188 0.007370814777635422 0.003385214129271956 -0.23221418345676617 -0.007384547385027328 0.9999644833667898 0.004062078229074928 -0.7041092025375719 -0.00335515335232052 -0.004086942965276966 0.9999860198222043 42.088514374249925
0.9999565425680425 0.008768978750238833 0.003165117973577071 -0.2440699723655111 -0.008782352745136996 0.9999524605614422 0.0042363800212765305 -0.7250736654806846 -0.003127819040687713 -0.0042639931898162415 0.9999860174557823 43.47227638458542
0.9999723929259137 0.006943280367564446 0.0026465511129598277 -0.24346988797606692 -0.006955202189484576 0.9999655867312918 0.004522226115301545 -0.735333625852995 -0.002615061170439115 -0.0045405086606465205 0.999986272522654 44.895828360960984
0.9999757627035724 0.006766364838980872 0.001640213577039265 -0.2395084054655262 -0.0067725332420265445 0.9999699045748373 0.0037845410867697053 -0.7665495894074845 -0.0016145567621728574 -0.003795557839377075 0.9999914934366614 46.30026135775443
0.999982260963792 0.005914341804161434 0.0007059092805056964 -0.24586712568393618 -0.005917455392244572 0.9999723990482778 0.004492757968802988 -0.7868204456186282 -0.0006793181446093802 -0.004496855550892829 0.9999896583550315 47.73648950916091
0.9999779541439282 0.006639050654090576 -0.00011924215459705356 -0.25718990066999153 -0.006638332757333635 0.9999641548155048 0.005255628855504505 -0.8140511523995029 0.00015413028339003013 -0.005254721530344669 0.999986181978025 49.133860427851225
0.9999680348708108 0.00790692185495896 -0.0011873518994943708 -0.26826529202384786 -0.007900458158231653 0.9999544596008336 0.005353643697877168 -0.8364387887986295 0.0012296287771149292 -0.005344092056349994 0.999984964235198 50.55352235179945
0.9999609683454408 0.008507554031312056 -0.0023839646367739722 -0.28317661060466554 -0.008493441580025698 0.9999467076352554 0.005868846265535332 -0.8630118244829615 0.002433767326239355 -0.005848369254149272 0.9999799364784191 52.01048486047308
0.9999633743841569 0.007820995431002491 -0.0034759024277608436 -0.30104042186128654 -0.007795104470738367 0.9999422291539022 0.007400994221763821 -0.8697393907389173 0.003533585068022465 -0.007373628287434446 0.9999665711367662 53.408932659831876
0.9999658385195503 0.007014515677429365 -0.004372452491808953 -0.295786836359594 -0.00697890410614354 0.9999427811434239 0.00810736385443743 -0.897499763243482 0.004429071916323244 -0.008076572136398317 0.9999575752577506 54.86842317776605
0.9999825537931792 0.003531105502426542 -0.004735333937923768 -0.315255793201678 -0.003491352635410792 0.9999588161157418 0.008377143492340547 -0.8964869937665002 0.004764719905161856 -0.008360464793700858 0.9999536989703295 56.27053404225966
0.9999813830642653 0.0030924879584042523 -0.005260230704325828 -0.3309647781741369 -0.003049390258853443 0.9999618811020852 0.008181538054095485 -0.931884052887454 0.005285331951111703 -0.00816534541026203 0.9999526950878418 57.69643364987915
0.9999867295704716 0.00025213922933876864 -0.005145590173178517 -0.3453832050352694 -0.00020848222171428524 0.9999639958848325 0.008483128372047082 -0.9337161989233108 0.005147544282076802 -0.008481943204775329 0.9999507785086678 59.14774756894636
0.9999872729085975 0.000754424846457641 -0.004988472007706255 -0.3504893585859228 -0.000708542639161357 0.9999574921407869 0.00919303416205466 -0.9750963053576664 0.004995195841358652 -0.009189382802107725 0.9999453001414427 60.54936475290697
0.9999910599031201 -0.00024404484869719294 -0.004221439134925557 -0.37319192156467573 0.00028733926563477216 0.9999473412558412 0.01025827215484287 -0.9958541324216984 0.004218713725609141 -0.010259393635571191 0.9999384717612508 61.99341408756527
0.9999913341340131 -0.0012166265461932002 -0.003981390607754725 -0.3786023640670547 0.0012556273596075283 0.9999511124617013 0.009807960103725675 -1.0220448672509361 0.003969263686211123 -0.009812874447940238 0.9999439746563575 63.413742512353735
0.9999853544843097 -0.004259727832522726 -0.0033384929808827893 -0.395500017387291 0.00428802812181801 0.9999545436576666 0.008516068629537661 -1.025969895974288 0.003302065376899389 -0.008530259626661603 0.9999581646466807 64.79432735831296
0.9999876810698651 -0.004193222967092125 -0.0026560479443348667 -0.4039655796583672 0.004217352072243597 0.9999492903426694 0.009144980927005114 -1.0403820116304574 0.002617566541912721 -0.009156069939308668 0.9999546563400663 66.25118054072699
0.9999968061376429 -0.0015223226166494915 -0.0020174853798866905 -0.41719452121975836 0.001540591908922544 0.9999575435818608 0.009085020919877444 -1.0656764933629717 0.0020035695686512504 -0.009088100204811558 0.999956695137316 67.608312077126
0.9999983687629502 0.0010488617657014561 -0.0014704952303256258 -0.4351411070229056 -0.0010334585607952532 0.9999450010828166 0.010436798889825677 -1.082085900395958 0.0014813612475596263 -0.010435262376731733 0.9999444538943238 69.10135635950199
0.9999908143851185 0.004235122061705588 -0.0006594523552263304 -0.4515927591628236 -0.004227284614469532 0.9999253436175548 0.011464609017619117 -1.0984319159221652 0.0007079572103045209 -0.011461716245065876 0.9999340617573654 70.48145498470004
0.9999663710239587 0.008199231444159832 0.0001714860330322154 -0.4773188061426157 -0.008200739573755052 0.999887408270898 0.012566569320424457 -1.1161141443486198 -6.843051095068104e-05 -0.012567553285788964 0.9999210228444937 71.91991292602137
0.9999283065509758 0.01195899803139904 0.0006034039655919657 -0.4873953349094891 -0.011965347433029114 0.9998572575016015 0.011928751246321551 -1.1232530556477813 -0.0004606619515558697 -0.011935116215115405 0.9999286678534731 73.29306977545886
0.9998791989995222 0.015484314157298836 0.0013503274892991254 -0.5016950389088618 -0.015498689200002688 0.9998151482469135 0.011378049284045576 -1.1358440624732211 -0.0011738966802175566 -0.011397603345933604 0.9999343561489175 74.68205576592939
0.9998260062012867 0.018538931457170955 0.0020652589109603167 -0.5221882190116488 -0.018561612757174224 0.9997608317246515 0.011564857503924263 -1.1662311108314596 -0.0018503650140747623 -0.011601180067938317 0.9999309920049418 76.1519413176644
0.9998191875336142 0.018875348946901873 0.002305079397771456 -0.5248920541022069 -0.018902191693812832 0.9997464353261069 0.012238147362300202 -1.180127100027317 -0.00207349577557084 -0.012279505860137891 0.999922454169761 77.522957020465
0.9998388374951219 0.017785321670759274 0.002445674398976602 -0.5274712628590228 -0.017814298489994433 0.9997645946770078 0.012385719363149876 -1.2026400051928636 -0.0022248148502502316 -0.012427291480099183 0.9999203031377253 78.92040468788458
0.9998624613510994 0.01640983875348065 0.0024032336631006953 -0.5377237537547964 -0.016435759507172826 0.9998022493582177 0.011195000118554446 -1.2080844149468117 -0.002219050454752516 -0.01123295957605403 0.9999344460689531 80.2841853111941
0.9998699104771699 0.015978668577678816 0.002200961896568948 -0.545550660304975 -0.016003203216929367 0.999804407437051 0.01162086031083624 -1.2264147169054014 -0.0020148456911178417 -0.011654571239476535 0.9999300532374934 81.67224540875264
0.9998819114883043 0.015272828931193477 0.0017040355996996192 -0.5421267312191449 -0.015291771455801845 0.9998143895468751 0.011719565530495444 -1.236258139952095 -0.0015247285136756727 -0.011744239549321956 0.9999298715622538 83.09737263408708
0.9998793194434766 0.015459288092863909 0.0015352271548898515 -0.5599104789991255 -0.015475745251180473 0.9998157308545688 0.011358066781814212 -1.2529128890922756 -0.0013593567399547753 -0.011380455103387775 0.9999343165393582 84.42955091419532
0.9998768557718001 0.015684227758051925 0.0005274948835127778 -0.5628698088979676 -0.01568940717757539 0.9998057344337938 0.011930462375578368 -1.2660372208639652 -0.00034027234032490863 -0.011937269537027024 0.9999286903647869 85.87303570891632
0.9998957310328556 0.014435388184035586 -0.00038287420386094945 -0.5746871908233044 -0.01442941669710306 0.9998164136487494 0.012606782467833522 -1.2795967495885536 0.0005647877690843994 -0.012599943580075098 0.9999204580576843 87.19453217917409
0.9999151523349402 0.01292689618450595 -0.0016073118823954804 -0.5840685195076621 -0.012903192397588126 0.9998190981561337 0.013974212463624179 -1.2919373760816262 0.0017876644720331704 -0.013952287616215584 0.9999010640732305 88.5661258295354
0.9999309549315136 0.01141623301681054 -0.002784773153874583 -0.5873268886432035 -0.011373514514134403 0.9998242730502913 0.014901886031418026 -1.3093044684268935 0.0029544074584748805 -0.014869184776006844 0.9998850828132027 89.99993312539
0.9999414777132932 0.01019973127555235 -0.003606466484768026 -0.6015093172238958 -0.010144164474357191 0.9998344662036507 0.015104176070922558 -1.3275204282581117 0.0037599283590134275 -0.015066707858638081 0.9998794213636912 91.34919739498123
0.999967739157255 0.007085002728712415 -0.0037846214180098743 -0.6089731566754881 -0.00703040785577576 0.9998737593205336 0.014249168262331724 -1.3268885758608786 0.0038850993802130003 -0.014222101428906075 0.9998913130170565 92.71377570140255
0.9999763494743206 0.00554112559586252 -0.004073868001991301 -0.6177466464095334 -0.00548209363061301 0.999881838733819 0.014361588507016193 -1.3383275612767829 0.00415296635645321 -0.01433891581230956 0.9998885679802881 94.04873102836103
0.9999688920965282 0.006533744872713161 -0.0044187096949940005 -0.6438987823893898 -0.006471305395009148 0.9998810475288468 0.014000464508420619 -1.3535794383132724 0.0045096599337299 -0.013971434447478372 0.9998922251929064 95.43193687269873
0.9999665959122216 0.00717684969206071 -0.003911504304647288 -0.6507082255236939 -0.007123709603540814 0.999884378198832 0.013434396331130034 -1.3676900695990104 0.004007469041688375 -0.013406083419582162 0.9999021037742447 96.78381084162302
0.9999513314367833 0.009125029879331626 -0.003750807957277393 -0.6616617684115587 -0.009074612780665443 0.9998710898063108 0.013245949837330583 -1.3855871804054878 0.0038711944651923604 -0.013211268316684392 0.9999052336373575 98.1483051508997
0.9999406773343342 0.010292478957041796 -0.0035646400842626698 -0.6857611731738815 -0.01024468565122018 0.9998607087342757 0.013176098184336196 -1.3891094348815485 0.003699758596964817 -0.013138798195800336 0.9999068375505649 99.4801051989177
0.9999425077736105 0.010153469969469125 -0.0034479219130743935 -0.695624388274348 -0.010101053291179914 0.999838053959235 0.01489411272456432 -1.402967824186684 0.0035985907775156053 -0.014858429089434862 0.9998831317921407 100.81868867559773
0.9999368291298648 0.010703787285396409 -0.0034302560218388584 -0.7144018859001244 -0.010646216133632166 0.9998090948412586 0.016383893665317183 -1.4109951960664666 0.0036049711981414614 -0.016346339766807966 0.9998598908712542 102.19877266048364
0.999940516068617 0.010411533900122668 -0.003250270210558933 -0.7315101356571189 -0.01035999009157037 0.9998263226040772 0.015491780080238356 -1.4273651330895027 0.0034109992056563497 -0.015457186116484127 0.9998747123989423 103.50806537983095
0.9999431967949117 0.01022793545113586 -0.002998748273689617 -0.7390433182121221 -0.01018744883322351 0.9998607229680418 0.013219325624326945 -1.4389068844805677 0.0031335373009495075 -0.013188025399975128 0.9999081242498921 104.83227760538594
0.9999510626820499 0.009315875357071126 -0.003329666733290615 -0.757991807573041 -0.00927672203572866 0.9998898332857812 0.011587222976228273 -1.4420253259948346 0.003437245339061878 -0.011555767773548671 0.999927322152046 106.16803990986166
0.9999623209647817 0.008231600349320911 -0.0027563352062697755 -0.7666042394421805 -0.008194497400296827 0.9998791363291606 0.013212227605640808 -1.4551019748540834 0.0028647600950861118 -0.013189143268557808 0.9999089156817188 107.49996318438052
0.9999845905867918 0.004986868863725344 -0.0024392035460039717 -0.7790943352386774 -0.004949809617698759 0.9998756853190981 0.014970414005701366 -1.4623608529979963 0.002513556032852837 -0.014958110027917183 0.9998849618787836 108.8390987704512
0.999993569644718 0.0033319364281965734 -0.0013262203934287877 -0.7820189726998692 -0.0033103049647054943 0.9998666436324161 0.015991773857294507 -1.474472107866187 0.0013793272366177535 -0.015987281149331255 0.9998712438645949 110.20882997987009
0.9999934751267541 0.003549403760434085 -0.000671884814397552 -0.7913594437255695 -0.00353867473262472 0.9998759518062343 0.015347924305389452 -1.4874305587525118 0.0007262775220836029 -0.015345446886074591 0.999881987930934 111.5410738583967
0.9999913604012963 0.004156780417749389 -1.7070807572760506e-05 -0.8011854247708348 -0.004156216120975232 0.999908433602557 0.01287828718536573 -1.4923015193978484 7.06014725550591e-05 -0.012878105229229865 0.999917071274541 112.86085445292137
0.9999732110388562 0.0072659595487257365 0.0008848855955752885 -0.8198044159679517 -0.0072749868189497715 0.9999166608800216 0.01066517101592148 -1.5163185486392783 -0.0008073192088623945 -0.010671323053349028 0.999942733911536 114.20713219288659
0.9999466270517471 0.009969489503459321 0.0027115139196218774 -0.8162589423653155 -0.009998297017888912 0.9998914059581504 0.010826373658096255 -1.516042727143097 -0.0026032862586700327 -0.01085290656357584 0.9999377167204494 115.51029205167835
0.9999401252188651 0.010189085166605326 0.003991052768178167 -0.8398792406598596 -0.010239703619378256 0.9998646867547432 0.012874652184646736 -1.5254543130408347 -0.003859332114626784 -0.012914748774348533 0.9999091532834495 116.83583139839496
0.9999320389770258 0.0105687287678824 0.0049213189820332464 -0.8432298466195607 -0.010642706510597597 0.9998269698655454 0.015256577118464074 -1.5333532810921318 -0.00475922521055782 -0.015307916725381733 0.9998715004749957 118.16097877411964
0.999933463086857 0.00992717984861513 0.0058754134244347125 -0.8421875175897692 -0.010020574639738388 0.999820402578253 0.01608572931024073 -1.5448223967966397 -0.005714672758010104 -0.016143534355360794 0.9998533536549066 119.51914767171989
0.9999150426824792 0.01109632906163227 0.006839508690236902 -0.8389782088909703 -0.011201538644541001 0.9998164828317198 0.015541113513384788 -1.554301942739116 -0.006665804764848956 -0.015616406513839987 0.9998558370558863 120.8647431746047
0.9998974385090407 0.011797594394603525 0.008119680300944364 -0.837165262334506 -0.011918250360907389 0.9998168326808528 0.014975193429266412 -1.5653944894353624 -0.007941522442508422 -0.015070430233383014 0.9998548966491909 122.15916026714663
0.9998650928743665 0.01354451877695517 0.00929204150979173 -0.8447177978528982 -0.013683523530816172 0.9997929175587308 0.015062642887585728 -1.5630387864579607 -0.009086101798160313 -0.015187759000702213 0.999843375099365 123.51351664538984
0.9998364033818459 0.014748802645298924 0.01047087683213176 -0.844752832033901 -0.014897173529406647 0.9997876815984077 0.014236080123891087 -1.5731449588106161 -0.010258689392341945 -0.014389737905064207 0.9998438351732469 124.86202033415765
0.9998099702595522 0.015659079739401727 0.011611053195006828 -0.8421095759591153 -0.015815959722465904 0.999783174160726 0.013544745081803113 -1.5782593307828536 -0.011396438328332814 -0.01372581140032771 0.9998408489823126 126.18999835421762
0.9998112181479308 0.014866188068000368 0.012510974593024431 -0.8334836508173864 -0.01503447293429339 0.9997962936940865 0.013466097154098283 -1.5924412496715254 -0.01230823752580796 -0.013651651178674895 0.9998310555830454 127.51019671346118
0.9997883594034236 0.015468367153721192 0.013563406044344624 -0.8305179121618856 -0.015664523830544584 0.99977249139602 0.014477160492034307 -1.6079136656326662 -0.013336383335062953 -0.01468656112481486 0.9998032035367744 128.84428146994935
0.9998106840580067 0.013098597587537848 0.014388285400835834 -0.8216063228416737 -0.013325154452943223 0.9997869376734848 0.015764502596617432 -1.6027536751271014 -0.014178728109756759 -0.015953244563159292 0.9997722028838287 130.2486913505988
0.9998229821223561 0.0117278008234332 0.014712684459899256 -0.8042278837809519 -0.011961925590111883 0.9998015970378775 0.015927301026200272 -1.6087940652394646 -0.014522974420689968 -0.016100473960408673 0.9997649013416707 131.57567384566818
0.9998340642801133 0.010847815628147179 0.01463450649031903 -0.792435539905939 -0.011093635025235414 0.9997969566047976 0.01682191557468437 -1.6250724366680425 -0.014449055219822659 -0.016981474423034208 0.9997513962644794 132.91276645147775
0.99985503448853 0.008890868294235734 0.014521103736278894 -0.7779199221227845 -0.00914465488428279 0.999804953027094 0.017505176411197414 -1.618814612877771 -0.014362636421124422 -0.017635429589255337 0.9997413196931406 134.26068133752577
0.9998827985878591 0.006474351140436417 0.013873422689884217 -0.7669443364121321 -0.00671481056921451 0.999826817622305 0.017356442252412115 -1.6310414672452362 -0.013758649504936302 -0.01744756579582019 0.9997531105300453 135.60255337329374
0.9999026648447058 0.005584159028437896 0.01278585151816294 -0.7591580277608683 -0.005805018953914164 0.9998334523323079 0.01730229335786399 -1.6363865030441704 -0.012687104365264212 -0.017374831683255963 0.9997685495197983 136.94148530766827
0.9999221091463351 0.0043399752374108855 0.011702147381483088 -0.7511756161994654 -0.004556224921062677 0.9998181721835693 0.018516570561169513 -1.640733787203369 -0.01161965911513603 -0.018568446265051285 0.9997600693806112 138.28627826162602
0.999942659568957 0.0012884695240486712 0.010630965382645529 -0.7372051262121313 -0.001488663853536471 0.9998213114862244 0.01884486590229611 -1.636907952257184 -0.010604785596919715 -0.018859611627524458 0.999765899385553 139.63255971235358
0.9999561609595798 0.000539998569951526 0.009347971253347687 -0.7322380555038639 -0.0007206741606884748 0.9998127974844051 0.01933521673958654 -1.6405660336269328 -0.009335781073625517 -0.019341106317594798 0.9997693558020877 140.97238375194124
0.9999666516904167 -3.802920174438701e-05 0.008166643604744615 -0.7274480760417624 -0.00011263515405034695 0.9998298241039251 0.018447496757500098 -1.6469849098488836 -0.008165956057641893 -0.018447801772750374 0.9997964771759831 142.3087153862604
0.9999749239091198 1.6227357284206295e-05 0.007081757988078889 -0.7324200443719997 -0.000145055999117771 0.999834510725336 0.01819148461887201 -1.6394971832931797 -0.0070802914170397645 -0.018192056051838528 0.9998094411297704 143.66903891436056
0.9999812201946302 -0.0012100098447057114 0.0060079232900122565 -0.7242295861265219 0.001112457652590557 0.9998679232093568 0.016214147091486344 -1.6545768835049692 -0.006026749556534925 -0.016207159346324627 0.9998504919620511 145.0309761892805
0.9999795304863598 -0.0037668536196158314 0.0051719853982840425 -0.7284269797070586 0.0036880432443860047 0.9998782200507937 0.015163884511193892 -1.6771904032861993 -0.005228476116781191 -0.015144499899398074 0.999871645343059 146.32523213717627
0.9999051154999604 -0.013128799505888064 0.004170687672842432 -0.7131681536963699 0.013048393870159884 0.999738976740129 0.018754140468712377 -1.6667132090973644 -0.004415818733613134 -0.018697940570895136 0.9998154267501019 147.719804818476
0.9997517861269144 -0.022134899992986193 0.0025322610360428944 -0.704036233976075 0.022079194913353146 0.9995513077845491 0.020240855805089428 -1.6641773927869892 -0.002979154383065639 -0.020179921837272956 0.9997919260529397 149.03258981003708
0.9997192424309906 -0.023650986350374482 0.0014377628895213216 -0.6882344865331882 0.023622056784513845 0.999566076142456 0.017597097724610242 -1.6706222879465826 -0.0018533278686349993 -0.017558194616080974 0.999844125343287 150.34873624969313
0.9997080036896488 -0.024081507822058916 0.001997083924830953 -0.6914850008516211 0.024050901526582943 0.9996106243724777 0.014147571185332417 -1.6798162637365786 -0.002337001339442572 -0.014095408735425136 0.9998979237302027 151.69536355106538
0.9998227551261688 -0.01865737087350737 0.002522073579151099 -0.717267874389154 0.018626354518496813 0.9997567828274269 0.011808221545695951 -1.695756854997514 -0.0027417707570753947 -0.011759151777615379 0.9999270998644277 153.04459710549452
0.9998116928397633 -0.019098490842183437 0.0034389707985610606 -0.7215081594354287 0.019056228711946323 0.999747243941428 0.011929307073480512 -1.707320321406376 -0.003665933638529138 -0.01186152710166367 0.9999229295826763 154.4330663434379
0.9997441787622592 -0.022237870629297118 0.00412966704252504 -0.7100754731199223 0.022169616921331355 0.9996278240246036 0.015897217070592315 -1.6993663272650519 -0.004481650700534011 -0.015801597379286197 0.9998651030659272 155.7286984385086
0.9995673419778627 -0.02904238848463672 0.004654945791414946 -0.7058332640941334 0.02895090351862445 0.9994069393936946 0.01864442747478482 -1.7117764945365634 -0.005193664253943221 -0.018501596265403444 0.9998153413459243 157.06566432647153
0.9994728605761619 -0.03215939030560497 0.0044468615140502285 -0.6870736529778202 0.032066194538374934 0.9992926849804377 0.019644055528309733 -1.7091004538955203 -0.005075457441673173 -0.019491106801246515 0.9997971476713596 158.39399724934967
0.9994113683901089 -0.03402640291434055 0.004372713429757023 -0.6819466775214753 0.03393165486448591 0.9992205800483145 0.02017114810313256 -1.723534700225554 -0.005055657270649201 -0.02001090168911185 0.9997869793851094 159.7425863569016
0.9994619299176221 -0.03232774038414131 0.005546876398121745 -0.6833510385246544 0.032208700959928074 0.9992739015308185 0.020353606726603954 -1.7166672810240362 -0.0062008354389937355 -0.020163997744249356 0.9997774566567895 161.10051764161068
0.9995382060588481 -0.02964743904006804 0.0066636315002590145 -0.6893411890272109 0.029509312326340735 0.9993653919171166 0.01995028629288196 -1.7178728975814923 -0.007250878197060734 -0.019744434548963203 0.9997787665644703 162.45224995265124
0.9996111948718337 -0.026815758631551743 0.007640299715225454 -0.6915405468183803 0.026673977790205215 0.9994804693037453 0.018091168667964144 -1.713463280781137 -0.008121459427184305 -0.017880337869194456 0.9998071491123058 163.81420818644335
0.9996410709049104 -0.02547886862466579 0.008279892510557964 -0.697094131646955 0.025331808484305322 0.9995275598837884 0.017405645762248265 -1.7036615371225678 -0.008719457639914337 -0.017189654030435753 0.9998142261709209 165.15948340095855
0.9997034306837368 -0.02278707561432316 0.008590685332533701 -0.6933555964621938 0.022620091042902257 0.9995624598279087 0.019058341251954446 -1.7128321653997574 -0.009021211171217923 -0.018858367395296324 0.9997814659867098 166.5109769003953
0.9997567973905095 -0.02038704419904095 0.008409192200118565 -0.683494710189515 0.02022355131775049 0.9996132243638306 0.019089516323793035 -1.7199052389850156 -0.008795119268967803 -0.018914810323658746 0.9997824142431556 167.8525214874026
0.9998082966529028 -0.01786364838604617 0.008016235127020781 -0.6939142397017616 0.017726823893178402 0.9997012649235442 0.016826782492501628 -1.7229656192456202 -0.00831442881017205 -0.016681454661944966 0.9998262845837504 169.22587778960118
0.999868449725399 -0.01444285721346654 0.007381540214322961 -0.6980046749585851 0.014341790653349359 0.9998051165588974 0.013566205377133073 -1.7322379855795633 -0.007576037069861769 -0.013458556482682788 0.9998807283462321 170.64368768474037
0.9999328483290114 -0.009093933482863423 0.007183259881633436 -0.7004171337855281 0.009003759510610991 0.9998814894379668 0.012487569018883204 -1.7411458529667303 -0.007295970317367488 -0.012422054345215955 0.9998962253058427 171.98945210461147
0.9999567676616143 -0.005517584161291972 0.007484589935179187 -0.7073680718210793 0.005412437709980355 0.9998873927515317 0.013996689681293162 -1.7391044976353904 -0.007560975656701208 -0.013955574959540735 0.9998740288523723 173.3416085184733
0.9999644261032086 4.599521347990222e-05 0.008434715131447622 -0.7050859400573364 -0.0001861131297958181 0.9998619935812704 0.01661201812567845 -1.753228708682527 -0.008432787712536891 -0.01661299730329864 0.9998264331435487 174.72918573616093
0.9999654206606767 0.0003720453875595397 0.00830777174810004 -0.7131444009997061 -0.0005229332968991127 0.9998348210025735 0.018167477629372132 -1.764846501340961 -0.008299641039197293 -0.01817119417214461 0.9998004419196916 176.11878333674156
0.99997018827817 -0.0017872366771790917 0.007511880551361134 -0.7074898110183128 0.0016366852298822336 0.9997986327462558 0.02000038017515207 -1.7588549197162027 -0.007546113939094311 -0.019987489731869708 0.9997717521625746 177.5162025739386
0.9999756388490881 -0.0036298923664169133 0.005962013162359957 -0.7068807028994908 0.0035116735937180763 0.9997993570439628 0.01972089723901186 -1.7601447784955286 -0.006032402154424475 -0.01969948055165091 0.999787747771595 178.92523362266442
0.9999880315359121 -0.0031181205676559295 0.003770161544935346 -0.70392933464529 0.003056445064187686 0.9998631996182935 0.016255466186548728 -1.771005573370084 -0.0038203325983713968 -0.016243748656602063 0.9998607631520985 180.28403385542808
0.9999912459528543 -0.0035361840985793976 0.0022368342868988693 -0.717344764383191 0.0035092569052526165 0.999922680838865 0.011929687788238996 -1.778660393572801 -0.002278847091698203 -0.011921733959433757 0.999926336845195 181.5297233570965
0.9999980527833687 -0.0003304361863094348 0.0019455705044099235 -0.7372585600026642 0.0003091497093440556 0.9999402052600211 0.010931163098238555 -1.7667444957368936 -0.0019490663772154355 -0.01093054055393763 0.9999383603125693 182.94377735331986
0.9999833494434632 0.00557604771072868 0.0014861085956991453 -0.7520939720034285 -0.005594364542496491 0.9999047152198692 0.012619967219350743 -1.785524172933259 -0.0014155975626255872 -0.01262807117511972 0.9999192606929613 184.4006051917074
0.9999784184845342 0.006386969117279451 0.0015392140143511575 -0.7655686415268455 -0.006410590749627863 0.9998536105511441 0.015863851988643964 -1.7830816138386696 -0.0014376668660184809 -0.01587337721037855 0.9998729764399906 185.8456146001579
0.9999719672851922 0.007147157781486469 0.002232211343497318 -0.7646693221492205 -0.007187115474454761 0.9998041924184468 0.01843697912629386 -1.79105689238934 -0.002100002423810354 -0.018452505815861664 0.9998275326401217 187.19079030359327
0.9999783027651744 0.006188420245331142 0.0022577520279629514 -0.779061010871966 -0.006230163980571832 0.9998005329597281 0.01897575698174395 -1.7847361083472038 -0.0021398718880996344 -0.018989411802922178 0.9998173949248924 188.62068462619604
0.9999617358302636 0.008501513429964034 0.002061826617944012 -0.7842957139541156 -0.008540325199633722 0.9997712610846384 0.019608374814238466 -1.8134936584338623 -0.0018946542809765347 -0.019625233577654062 0.9998056113564086 190.08554556482144
0.9999968682096494 0.0010551218370745104 0.0022694250487381978 -0.7810128283263875 -0.0011014502028039328 0.9997890270491426 0.020510684785097027 -1.7856859012373476 -0.0022473051634865748 -0.020513120611897195 0.9997870580829896 191.38537094599755
0.9999965035751684 -0.00047043769795570255 0.0026022163580679825 -0.7889368337507265 0.0004161598668086259 0.9997831602990798 0.02081968254661763 -1.7877949893793113 -0.002611446661665414 -0.020818527221989343 0.9997798604085224 192.84814231113575
0.999993132169711 -0.0023935306052283428 0.002829599235573463 -0.787181385437175 0.002331478817992127 0.9997610885029883 0.02173315684001546 -1.7928218737227557 -0.0028809424136329717 -0.021726410853743758 0.9997598027779727 194.2141069214076
0.9999542978500343 -0.008995862539234166 0.003236770287010652 -0.7758819752119221 0.008917922103588945 0.9996878497648151 0.023338244900382346 -1.7726545022042766 -0.0034457078432331475 -0.023308313476836182 0.9997223862802004 195.67443422098304
0.9999095583597583 -0.013023465619963108 0.0033562566103625237 -0.7723694446589805 0.01293945915275799 0.9996296180665311 0.02394153413498613 -1.7668698047680733 -0.0036668155499566674 -0.023895941136083433 0.9997077265235104 197.08704961643463
0.999947458151574 -0.009559131317968823 0.003701885844042674 -0.7879315509693737 0.009481041526451853 0.9997435203741892 0.020567044050583943 -1.7744435038131958 -0.0038975397728015348 -0.02053086608082718 0.9997816225196171 198.51248961174045
0.9999895505057396 -0.00193159469704356 0.004143407903171773 -0.7970156862619133 0.0018660682731808861 0.9998740520180888 0.01576064339859198 -1.7819368205103454 -0.004173329564347486 -0.015752747131413537 0.9998672083232627 199.94908534930045
0.999956835074774 0.007548702490501473 0.0054171088029092845 -0.8142703509955584 -0.007625609648297764 0.9998683904777571 0.014319630265661847 -1.7706076773088906 -0.005308301668638417 -0.014360321201542653 0.9998827946857158 201.37756491839087
0.9998817883181208 0.013830804093315694 0.006717009710092161 -0.8405351588279814 -0.013953819772996574 0.9997291436837488 0.01862606261855619 -1.7719843894673544 -0.006457577473966481 -0.01871758911753109 0.9998039565603196 202.81253561219856
0.9998709608342511 0.014059603882983098 0.007771048200624623 -0.8308215801984702 -0.014219622624120649 0.9996797151217527 0.020934887886837325 -1.756164901148005 -0.00747422363593513 -0.02104268825860625 0.9997506395379218 204.27334322412048
0.999866981420016 0.014743037531358767 0.006975835351609765 -0.8293062957386433 -0.014890626155223415 0.9996557839745299 0.021600528812077385 -1.7728767980120888 -0.006654977296157541 -0.02170153053035575 0.9997423442344336 205.66805700917973
0.9999216651433027 0.01103051929938397 0.005915336109400644 -0.818039357159559 -0.011157079305731211 0.9996999445825471 0.021806888740630692 -1.7710784149364507 -0.005673020336149009 -0.021871178810123064 0.9997447016033324 207.08832780028723
0.9999472003132678 0.009123943922364017 0.004727601723938521 -0.815366804142402 -0.009223444160461362 0.9997269350469813 0.021470524623741074 -1.7705694618124825 -0.004530415285062935 -0.021512996184594416 0.9997583039610994 208.5751379600397
0.9999428315847748 0.009709489697743955 0.004478767160553976 -0.8260933607347064 -0.00980095330227747 0.9997340982444032 0.020872808442289528 -1.7658779450078146 -0.004274912275006729 -0.02091551178089622 0.9997721072815973 210.04229690011758
0.9999344770206966 0.01071485397466008 0.0040290879318586395 -0.8280012436361575 -0.010797201540651408 0.9997210820100394 0.02100425282672653 -1.7624348123929892 -0.0038029069499699447 -0.021046379859856836 0.9997712677409606 211.49755637092062
0.9999148354522599 0.012431921786140703 0.003971037355392355 -0.8363135539211799 -0.012516595695571023 0.9996782611351469 0.02206148371083111 -1.760411331569758 -0.003695493373642004 -0.02210930916589944 0.9997487293239817 212.92935669010217
0.9999231780467941 0.011869746601391208 0.0035703075995569215 -0.8484485545210885 -0.011945453893672818 0.9996868564444714 0.021988524262104122 -1.7578868413104627 -0.003308191632191355 -0.022029484446131595 0.9997518480560288 214.39006211713232
0.9999296423070627 0.01134269522971888 0.0034718407353275943 -0.8459432785880626 -0.011413898732700078 0.9997095415511015 0.02122629176989286 -1.7507493262381533 -0.003230069208006775 -0.021264426000716725 0.9997686686665975 215.86354320955735
0.9999216944444654 0.012072494665182822 0.0032954251471260226 -0.8477323790463263 -0.012138476206048649 0.9997100565655548 0.020795677788158728 -1.7616135911833315 -0.0030434141922533126 -0.02083405122819606 0.9997783154014018 217.36549797944787
0.9999421508060796 0.01047163763398074 0.0024576056795027204 -0.8537658722961876 -0.010521896746028242 0.99971528998904 0.02141561726899382 -1.7449060292269312 -0.0022326495628879114 -0.02144023749478248 0.9997676387546146 218.8346107554395
0.999928401752723 0.011736955113288126 0.002331357542978321 -0.861939364650617 -0.01178331337806186 0.9997104511148845 0.02098016858344741 -1.7518919447504187 -0.0020844393640375375 -0.021006137977991654 0.9997771738184595 220.31279389344223
0.9999355064478997 0.011144462315780812 0.0021872085478140614 -0.8722403569788388 -0.011187554048100129 0.9997212285960274 0.02079191533982217 -1.7476289977219206 -0.0019548842487775806 -0.02081504432639223 0.9997814322970191 221.77769314393785
0.9998947766022478 0.014409998110841264 0.001669623729698192 -0.87933380639033 -0.014441217555893532 0.9996855080446934 0.020502103951284177 -1.7574461675332367 -0.0013736634677014652 -0.020524058464205325 0.999788415656993 223.24228474440918
