1.0 -3.469446951953614e-18 0.0 -1.7787691892340307e-19 0.0 0.9999999999999999 -3.5405977195229754e-19 0.0 2.168404344971009e-19 -2.354751593366955e-19 1.0 0.0
0.9999998184236251 -0.0001920850232811945 -0.0005711877703400902 0.0023623220759034095 0.0001924746445146272 0.9999997488292218 0.0006821250560820844 -0.022605926090915572 0.0005710566496940094 -0.0006822348851515522 0.9999996042253559 1.3271691435190551
0.9999994585728283 -0.0007411687286386307 -0.0007304265690933019 -9.062530215675404e-05 0.0007419072032218525 0.9999992135237867 0.0010111993781580517 -0.03864718446692598 0.0007296765878094305 -0.0010117407593676175 0.999999221976714 2.6338097442315864
0.9999989013571049 -0.0008645956865974205 -0.0012040590825508853 0.005471372876523683 0.000865920224061548 0.9999990201709313 0.001099926275136082 -0.06949927784469757 0.0012031070138921564 -0.001100967707837154 0.9999986702019952 3.957195025261218
0.9999985388074579 -0.0015132639857402645 -0.0007952459376222311 -0.0037874298601993104 0.0015141978530530138 0.9999981634037687 0.001174900613777962 -0.08240688212672537 0.0007934666104048541 -0.0011761030793810546 0.9999989935963639 5.273776932685823
0.9999975269219241 -0.001876891897780496 -0.001193074900574808 -0.0036765223579699434 0.001878865055189383 0.9999968657867856 0.0016547747906333194 -0.09808972563791879 0.0011899654298637217 -0.0016570123571754952 0.9999979191451084 6.602050648458356
0.9999948990196367 -0.0029774228062019546 -0.0011562398225054016 -0.007134755986283662 0.0029802325281618348 0.9999925924931597 0.0024358095528283774 -0.12282470400638767 0.0011489789220221398 -0.0024392430380733012 0.9999963649649735 7.935702038495141
0.9999939418823383 -0.0033191654178625508 -0.0010484953698301342 -0.027450096567042503 0.0033219602860194777 0.9999909044580304 0.002674990820143516 -0.13183292304292987 0.00103960718643377 -0.0026784577258095353 0.9999958725331318 9.259283405525547
0.9999946712826605 -0.0028974158928375734 -0.001504124032173458 -0.037876108141078904 0.002901325251880792 0.9999924024776381 0.0026033236705557453 -0.1575585591967198 0.0014965698219709552 -0.0026076738016122705 0.9999954801493285 10.586981175470164
0.999998313727288 -0.0013675834473063832 -0.001225666429193636 -0.0664183634633522 0.0013697102156521295 0.9999975551584657 0.0017359633114514845 -0.16314982146058132 0.0012232894628274261 -0.0017376392261696013 0.9999977420850045 11.91424625330648
0.9999988609240326 6.900668783848922e-05 -0.00150777521565433 -0.06544616244905727 -6.731779177093777e-05 0.9999993703672083 0.0011201488451761897 -0.17983587760520636 0.0015078516924032822 -0.0011200460924990067 0.9999982359397961 13.25758425088428
0.9999987180193013 0.00072298069587868 -0.0014287249898976275 -0.08717223653693619 -0.0007214410275784011 0.9999991588212375 0.0010779057004015303 -0.18715788876266531 0.0014295032147297016 -0.0010768736006638855 0.9999983984318873 14.593715189151679
0.9999992891662424 0.000722477857863224 -0.0009485199084610971 -0.10157765587352478 -0.0007209003846604459 0.9999983583190155 0.0016624267907860933 -0.20377039703446076 0.0009497194994022737 -0.001661741854788403 0.9999981683226687 15.938438637064687
0.999999572835764 -0.0006693787785164232 -0.0006373855898165047 -0.09944847594563797 0.0006716074678686686 0.9999936397602224 0.0035027675823724154 -0.2248775545655546 0.0006350369141628865 -0.0035031942280883076 0.9999936621599373 17.277015699413518
0.9999861094780537 -0.005243632697647157 -0.0005340159059742469 -0.10154649912177185 0.005246591811871648 0.9999699984592703 0.005698723331359863 -0.2525608417723737 0.0005041179202731581 -0.005701446045367937 0.9999836195560019 18.643562012196178
0.9999665687295819 -0.00813933061501753 -0.0007827694604915988 -0.09846154850821996 0.008141697532453198 0.9999621463416687 0.003068979559476527 -0.28373660644119325 0.0007577604576295696 -0.0030752500867752166 0.999994984306325 19.97616560485035
0.9999648797682249 -0.00836594263147598 -0.0005002422399214134 -0.11692677878945912 0.008366962885984623 0.99996284900784 0.0020723240020499405 -0.2907766292745593 0.0004828867547986798 -0.0020764367647221173 0.9999977276133533 21.331478973551857
0.9999791170576213 -0.006462055803494175 -8.538812586990872e-05 -0.12199186821490579 0.00646217401471842 0.9999780542816213 0.0014598815398571374 -0.33483957046120627 7.595242404773096e-05 -0.001460402870062997 0.9999989307269497 22.685796242654067
0.9999823374461922 -0.005924631969116268 0.00047279990830057005 -0.13437217192678746 0.0059235349574941875 0.9999798344017875 0.002289654039854621 -0.3302764643249396 -0.0004863557703588719 -0.0022868129920738706 0.99999726696831 24.054276484920557
0.9999799096201438 -0.006136693293666411 0.001587879490005867 -0.15180950014168668 0.006125660311788097 0.9999576903491575 0.0068624913839116985 -0.343138540862476 -0.001629925443987873 -0.006852626832520362 0.999975192116336 25.42908783458103
0.9999731863828049 -0.0071533153608420545 0.0015673561460381503 -0.1417186836415925 0.007141199192091876 0.9999455863270954 0.007604449267309192 -0.3621968753467503 -0.001621668014573398 -0.00759305270493526 0.9999698574173883 26.804967444239455
0.9999530717030733 -0.009557412498191064 0.0015843830908898796 -0.1544816888105701 0.009545632212452481 0.999927912933405 0.0072835314755999355 -0.4075874984296656 -0.0016538807253087592 -0.007268065868193587 0.9999722195625158 28.18823183741748
0.9999582043441542 -0.009001744151243203 0.0015994307375410072 -0.15586880906904532 0.008992791920750151 0.9999443325268055 0.005519196529100892 -0.4168507884204786 -0.0016490242305983568 -0.005504582603109984 0.9999834900079517 29.552105547470003
0.999957990869808 -0.008871137090551151 0.0023063899844062846 -0.162433727523817 0.008860598492664658 0.9999504364740713 0.004540306088275134 -0.4555209166642185 -0.0023465535433326475 -0.004519679438728499 0.9999870330069822 30.94178390298087
0.9999633278817688 -0.008195876769827828 0.0024840506964186886 -0.16311298061375476 0.008185844299315147 0.9999584045443588 0.0040225768377561075 -0.4367007931744755 -0.002516916124128032 -0.004002095339669051 0.9999888241193687 32.333889621209735
0.9999654670301675 -0.00778557603748946 0.002906813613928517 -0.16817165398864473 0.007776395658558416 0.9999647816008062 0.0031564567621138254 -0.45897986868206647 -0.0029312863193592617 -0.0031337432809406614 0.9999907935628222 33.71897181569732
0.999965206903747 -0.007669146240330375 0.0032816445082708996 -0.18093772209771966 0.0076574547398454255 0.9999643417545719 0.0035607017427782203 -0.475594667160412 -0.0033088353091804707 -0.0035354488717652126 0.999988276034642 35.110641811940255
0.9999700902014176 -0.0071923763412833856 0.0028440177849925236 -0.1710266805924518 0.007178203097310333 0.9999619208593854 0.004962884449298014 -0.5162242027774412 -0.0028796046587697007 -0.004942321162713588 0.9999836405341597 36.498702699659304
0.9999784619661078 -0.0059756407834960605 0.0027142829755053273 -0.18711207342636393 0.0059593272862166115 0.999964367001508 0.005979225427601266 -0.5249395552843361 -0.002749916187918199 -0.005962921456957997 0.9999784405308774 37.90458101216248
0.9999852268842331 -0.00483816789220658 0.0024775298927049018 -0.19048278287690656 0.0048233688454865885 0.9999706957890022 0.005944970011756775 -0.5328745391525813 -0.002506220260323761 -0.0059329322567211315 0.9999792593714173 39.29752241585528
0.9999873679409109 -0.004185301769869001 0.0027833822931083822 -0.19625595161666526 0.004168153085144292 0.9999724709490286 0.006138716214491267 -0.5357075642089079 -0.002808998281195795 -0.0061270372216449 0.9999772842127195 40.69227276523117
0.9999890791613586 -0.003797239362036844 0.0027244338929144694 -0.20594557578504327 0.00377884074148716 0.9999702338598926 0.0067269420880358335 -0.5400198174055324 -0.0027498968329956255 -0.006716573549631089 0.9999736625058457 42.10957163142441
0.9999912931865937 -0.003355124320016986 0.0024812697983268737 -0.22016153104245473 0.0033376573601136116 0.9999698555535842 0.007010564948724071 -0.5542451098676954 -0.0025047165245385638 -0.007002222414042732 0.9999723472551502 43.50064273130527
0.9999902871156341 -0.00379017950226199 0.0022494937181454858 -0.2310730838816028 0.003774103863406774 0.999967614454018 0.0071081767025242895 -0.5712806807672373 -0.0022763623190520917 -0.007099617973870429 0.9999722064128064 44.92729755396978
0.9999938335313318 -0.0032201048374806817 0.0014013674379293102 -0.2262860046727616 0.003210181040994289 0.9999701560737306 0.007027210906056563 -0.6029043356855112 -0.0014239540858743552 -0.007022669064590285 0.9999743269073793 46.33587520015853
0.9999955887468485 -0.0029057386129093584 0.0006157719143726423 -0.24165105315995034 0.002900812625419351 0.9999649388261455 0.00785534201145244 -0.6234745037856659 -0.0006385759426852237 -0.007853521272652502 0.999968956731013 47.77392945877805
0.9999969337934685 -0.0024527750252411086 -0.00034102992091296076 -0.25233504837937504 0.0024555651306420387 0.9999613971969994 0.008436486804194754 -0.6408550880979712 0.00032032398614472205 -0.008437298522045028 0.9999643540593034 49.16888413451938
0.9999977892369859 -0.0016270675789568593 -0.0013319806758743218 -0.26456874132758534 0.0016385877254850873 0.9999608649325525 0.008693884544438531 -0.6615987460797483 0.0013177831295657018 -0.008696048062728655 0.9999613203522237 50.59550809179583
0.9999956505121065 -0.001603326764042689 -0.0024755399997638708 -0.27799619009563914 0.0016247545809145378 0.999961024106431 0.008678158529394266 -0.6731901172675996 0.0024615298047135454 -0.008682143100700805 0.9999592798055198 52.051109152040574
0.999993473256919 -0.0012741341414417816 -0.0033808314921472465 -0.2959227560623714 0.0013063746272471075 0.9999535326896026 0.009551222007304235 -0.685912818446355 0.0033685051484444077 -0.009555576491514482 0.9999486707527737 53.44915756431907
0.9999904452840663 -0.0016887886131636588 -0.004032037773883088 -0.3096325091515407 0.0017298840105924983 0.9999463746786547 0.010210546620867858 -0.708554427444277 0.004014578447350838 -0.010217424223025495 0.9999397418910554 54.91089107223997
0.9999883648484976 -0.0021356808828443784 -0.004325393597003293 -0.32927664676116075 0.002180381401601556 0.9999439960422813 0.01035619182996222 -0.7330298888216443 0.004303034209116659 -0.010365502548020914 0.9999370181492762 56.31046949304294
0.9999853066808778 -0.0022741296074033322 -0.004920848571421192 -0.3395912838492987 0.002324922798886967 0.9999438273944362 0.010341024264740773 -0.7664300700603197 0.004897055747466805 -0.010352313120088146 0.9999344220853625 57.74653825660793
0.9999860496910051 -0.0023753002652082723 -0.004717877321651541 -0.36401195193007396 0.002425577510699743 0.9999400280857635 0.010679737747941986 -0.7870098907798877 0.004692227202965395 -0.010691032552145405 0.9999318400969479 59.20564881193775
0.9999887299106177 -0.0018744570723571007 -0.004361932710220756 -0.3729298028293401 0.0019237935285576872 0.9999339165948596 0.011334083765482884 -0.813417993942712 0.004340399581491915 -0.01134234771291542 0.999926253326823 60.600695274657326
0.9999899757339551 -0.002215737173945657 -0.003890878619243244 -0.3862415305626948 0.0022618183992876486 0.9999268820813233 0.011879169203191728 -0.834501973700173 0.0038642733458341566 -0.01188785081984245 0.9999218701508824 62.05449689693354
0.9999911489621885 -0.002363042362277216 -0.0034810954029904613 -0.39794327970882426 0.002403504546624217 0.9999290683206524 0.011665396929993153 -0.8658589075882053 0.003453282957371157 -0.011673660738836269 0.9999258975006069 63.461549890077244
0.9999923450274456 -0.0025414015469508756 -0.0029750904356302624 -0.4105505863941737 0.0025745210897270866 0.9999341670470705 0.011181833720307264 -0.8855608184350019 0.002946477305361977 -0.011189407777738247 0.9999330554763906 64.88076450297542
0.9999944998605855 -0.002368709169424882 -0.0023215221145659643 -0.42462756927419637 0.0023944663786069475 0.999934907009173 0.011155638389353666 -0.9019641255018317 0.00229494673994464 -0.011161136058473525 0.999935079027288 66.33747434605975
0.9999983355346049 -0.0007527474455975725 -0.0016620161589671273 -0.43334638987974505 0.0007713592793617881 0.9999366865502938 0.011226214432187553 -0.9137171889466531 0.0016534605756242046 -0.011227477980187197 0.9999356028330643 67.70716710236005
0.9999988867762039 0.001101920868926183 -0.0010060880944334515 -0.4491583244209494 -0.0010896659321829759 0.9999261840890509 0.012101198228878965 -0.9229449901960181 0.0010193484878520743 -0.01210008869777712 0.9999262716762447 69.17069048072725
0.9999927058390444 0.003812857008964338 -0.00022446077613620598 -0.4644932966798298 -0.0038096041186323724 0.9999076189774192 0.013047621596028567 -0.931164869879614 0.00027418878914389115 -0.013046671578166998 0.9999148509682153 70.53726736558055
0.9999769914215276 0.006738409038404148 0.0007813183836656717 -0.4806363864804448 -0.0067484556127584295 0.9998839200984885 0.01366033248463142 -0.9371999469794605 -0.0006891788280534534 -0.013665291146168447 0.9999063880458658 71.97688366786167
0.9999441444653532 0.010459046580068567 0.0015219303898770834 -0.5001813313252443 -0.010478918753593532 0.9998513231468346 0.013693935945583326 -0.9420698034872867 -0.0013784787062110257 -0.013709119525464764 0.9999050754155957 73.32850296187146
0.99991255149573 0.012995550089831845 0.002450512254566702 -0.5233428110623941 -0.013028243727101433 0.99981942776604 0.013833898700554284 -0.9485866297697231 -0.002270290818057844 -0.013864615099087322 0.9999013042447368 74.73529003179648
0.9998917831659363 0.01437944925276444 0.003106986251696937 -0.5326407829322681 -0.014421658298365822 0.9997977247778547 0.01401874929575682 -0.952365189419354 -0.002904776126281143 -0.014062040410959632 0.9998969053343113 76.18124954997123
0.9998941624366403 0.014166041229691277 0.003314689893808323 -0.5358838158439767 -0.014212365226729948 0.9997953631671989 0.014395849884720665 -0.9606287552734731 -0.0031100796352007266 -0.014441436139387009 0.9998908802109051 77.54597063302063
0.9999081522871583 0.013177261485695192 0.003169659401442989 -0.5269136744194259 -0.013221361256736515 0.9998100577539443 0.014319359173814045 -0.9788326805098557 -0.0029803676501606825 -0.01435995147612996 0.9998924488185691 78.9816160273187
0.9999110219727366 0.012933540503090986 0.003266747572029805 -0.537830828642313 -0.012976506483723515 0.9998247645829069 0.013492606588830038 -0.9877539463183574 -0.003091668199487318 -0.013533797288499766 0.9999036343168988 80.29848619780827
0.9999198336658142 0.012334450158744417 0.0028613903552205857 -0.536157698498229 -0.01237258683605865 0.9998293720847997 0.01371662625176241 -1.0030615516276598 -0.00269171529643237 -0.013750929719043705 0.9999018284824968 81.6864072392658
0.9999250451321016 0.011984683857674545 0.002504285304375702 -0.5444774981926338 -0.012018609841305927 0.9998297343657534 0.014001975521088028 -1.0106796609875202 -0.0023360498474759035 -0.014031024316692573 0.9998988314976376 83.093406897453
0.9999214294900397 0.01231139874152502 0.0023588728035934693 -0.565540839044923 -0.012342835539257167 0.9998284408389952 0.013810985641329016 -1.0290610987607132 -0.002188435740638009 -0.01383901596462847 0.9999018413768367 84.4314655020587
0.999918457178523 0.012677225238076895 0.0015384814246533168 -0.5691016263783908 -0.012697368599912186 0.9998230828667953 0.013877313232173444 -1.0379579558739942 -0.0013622835200726097 -0.013895716585112804 0.9999025218729676 85.83994765191427
0.9999276492955945 0.012005138676355857 0.0007568300873919871 -0.5859100995300779 -0.012014862339607085 0.999822473707491 0.014514274867145247 -1.0523375229640666 -0.0005824498858268076 -0.014522318253400652 0.9998943759367384 87.1752179278405
0.9999375112147907 0.011170325125618927 -0.0004443818158207254 -0.5976121174645415 -0.011162120902381072 0.9998181480399991 0.015462144935251913 -1.0631189141430553 0.0006170182541055716 -0.01545621879473775 0.9998803551409696 88.55659919511164
0.9999512857199992 0.009751663993875465 -0.0015268306081344038 -0.6072816457616788 -0.00972573856540013 0.999822197134144 0.01615500360875384 -1.0754676459558539 0.0016840974550217823 -0.01613936740099655 0.9998683336549037 89.93734954077877
0.9999585874874086 0.008796964955832993 -0.0023316720168935785 -0.6141215426710003 -0.008757086232751274 0.9998239504062034 0.01659462702724082 -1.0891615705654063 0.0024772441015623436 -0.01657352148453277 0.9998595809708949 91.28848754422046
0.9999640997307319 0.008006190872140021 -0.00277491177268904 -0.627277527482835 -0.007959712686615857 0.9998342479437108 0.016374358678823094 -1.0978418455942383 0.0029055483245808574 -0.016351683665277447 0.999862080610602 92.66854562025921
0.9999678997396426 0.007474812471401183 -0.002885593162729457 -0.6414314590434919 -0.007425968869906227 0.9998349342207833 0.01658189693233482 -1.1099544086617814 0.0030090636872151036 -0.016559936658691456 0.9998583469905531 94.00462335815206
0.9999664195222011 0.007602021163999918 -0.0030608953884739246 -0.6607399702056456 -0.007551003212369517 0.9998378504882114 0.0163479383995838 -1.1106482762488417 0.0031846767213068814 -0.016324276927248815 0.9998616783486892 95.38896632535992
0.9999627896148553 0.008030284501071619 -0.003151807988978263 -0.6733689148076392 -0.007978857640354954 0.9998400988624523 0.016003579199038494 -1.118072224061105 0.003279817594859815 -0.015977836196174895 0.9998669669312205 96.73223762178645
0.999947201317304 0.009841090749446668 -0.002957614409833622 -0.6846419894961012 -0.00979227872701314 0.9998226175683796 0.01608865098997558 -1.1319789689594462 0.0031154199310488026 -0.016058840072314996 0.99986619496166 98.08909993594033
0.999936293358313 0.010955388703201055 -0.0027182076467827682 -0.7062026247910105 -0.010908602441823977 0.9998015649687925 0.01666832613595751 -1.1355114127538621 0.002900276508852992 -0.01663761274497619 0.9998573789552453 99.45364358558327
0.9999346273672697 0.011128657628242087 -0.002625631455147595 -0.7174019819525121 -0.011080101412814652 0.9997795491668433 0.0178349218509135 -1.1407595825442178 0.002823531623887919 -0.017804664034066758 0.9998374976072532 100.80346923221967
0.9999336694736595 0.011247471742041873 -0.0024801212750737525 -0.7333112197386582 -0.01119882912772106 0.9997600788900799 0.018824741707864624 -1.1383097922751362 0.0026912572339193776 -0.01879571897972501 0.9998197227984913 102.14066526648868
0.9999361293501794 0.011057524545382842 -0.0023384484498581775 -0.7438674268288071 -0.011012053405858724 0.9997656532640167 0.018637951857921987 -1.1389875513973333 0.0025439902815436845 -0.01861101069796456 0.9998235636391588 103.4518075963895
0.9999346630996186 0.011228468553258934 -0.002142660890697994 -0.7597072457435099 -0.011190379100448226 0.9997923537675911 0.017030113959182736 -1.1428962795715103 0.0023334382844993357 -0.017005024422334963 0.9998526812597252 104.79227383125725
0.9999394231685879 0.010768615598791314 -0.0022774728090964574 -0.7731206821680574 -0.01072912094464085 0.9998030477180309 0.01669586039671072 -1.144822169037603 0.002456815778732066 -0.016670414071988257 0.9998580206024077 106.12806210968296
0.9999513776577299 0.009608300784396354 -0.0022187498766393673 -0.788416410237406 -0.009566741180513327 0.9997915282488727 0.018038223785952708 -1.1490602198056852 0.0023916042257539566 -0.01801612088384391 0.9998348361757415 107.46712187648811
0.9999772041056568 0.006563562254138889 -0.0015845830551198194 -0.8002198149124689 -0.006531352345885233 0.9997877049126516 0.019541917640208677 -1.136351771725444 0.0017125114089620622 -0.01953112308583559 0.9998077828006543 108.81290289475368
0.9999830299049027 0.005783947198158758 -0.0006970253443736304 -0.8154110056310796 -0.005768450101918045 0.9997733476563476 0.020493372093359895 -1.1453198208938282 0.0008154000290891599 -0.020489003971891143 0.9997897458222932 110.14468871166214
0.9999794570447178 0.006409774588458948 1.6285197865423696e-05 -0.8196448272262922 -0.006408818410278414 0.9997794047194875 0.02000172361667358 -1.1453296418797998 0.0001119249595003351 -0.02000141749025579 0.9997999453800477 111.48930480113073
0.9999627404766329 0.008611428540580168 0.0006007820083817424 -0.8299815169035908 -0.00862105139955178 0.9997925097705113 0.018455754900368566 -1.147584920595064 -0.0004417269604896847 -0.01846024699039223 0.9998294975478985 112.81378848845964
0.9999316108730284 0.011599589181381181 0.001491000399258008 -0.8399526768058082 -0.01162387973334218 0.9997798029963683 0.01747086029565185 -1.155958366015037 -0.0012880173788309965 -0.017486997040591284 0.9998462611583117 114.18063738551696
0.9999059922069088 0.01336326263122355 0.0030708192957092668 -0.8512391355427484 -0.013414776636038968 0.9997583334938995 0.017416038645614106 -1.1550387744339279 -0.0028373423096498232 -0.017455596109169278 0.9998436136005022 115.50820907337689
0.9998913582495238 0.014017596921630593 0.004558359807621736 -0.8664794409325081 -0.014101292132584396 0.9997223417375726 0.01887837431513357 -1.1641636974654133 -0.004292465048021273 -0.018940602479351608 0.9998113963773432 116.83985296297966
0.9998833226336951 0.014210830045631246 0.0056029811814431 -0.8676316801741084 -0.014323155360518848 0.9996863354605272 0.020544535503966573 -1.1644681525945544 -0.0053092692554638915 -0.02062239120464074 0.999773238612746 118.16921885611818
0.999878803369039 0.014166208563754359 0.006457327506083908 -0.8657879199776555 -0.014299689945854727 0.9996747575492392 0.021116297278050183 -1.1689832417685853 -0.006156089941767606 -0.021206076258982985 0.9997561727199391 119.52602140250688
0.9998711416491609 0.014213966852777492 0.007460778377213271 -0.8690431046695365 -0.014367511056306854 0.9996773551527518 0.020946604633207837 -1.161580071922744 -0.007160637440640753 -0.02105109872407198 0.9997527576949495 120.84750807531583
0.9998355921025636 0.015819031916448276 0.008862672232315898 -0.8717416516649321 -0.016000574277428382 0.9996555748867847 0.02080176077495674 -1.1604343932305008 -0.008530556692822516 -0.02094014906445222 0.9997443372002361 122.16824289822026
0.9997953202311928 0.017593309401513837 0.009989647954844479 -0.8749183655069668 -0.017796127205414673 0.9996295982676241 0.020590390029656975 -1.1543066098641992 -0.009623695467075168 -0.020763953054023006 0.9997380870724086 123.52312714448627
0.9997634108409815 0.018646036230268115 0.01120034062671886 -0.8787087682292518 -0.018869736044949688 0.9996176634629385 0.020210393289021536 -1.1556285085051587 -0.010819215500768626 -0.020416959608199288 0.9997330105284356 124.86892839687196
0.9997356059739254 0.019479560665405148 0.012217398004680937 -0.8760110875971573 -0.019721018599996344 0.9996061727397356 0.019964490780539985 -1.156540282346223 -0.011823687935081654 -0.020200152225175454 0.999726039601745 126.21493339072337
0.9997369433389861 0.01877387115945727 0.013175197796991877 -0.8671383222200864 -0.019038657473832765 0.9996132910836473 0.020268148745013367 -1.1595764463613467 -0.012789592282787865 -0.020513655559775114 0.9997077654343283 127.5506717688552
0.999746358891683 0.01757380868395861 0.01408471111946868 -0.8632850270408489 -0.017870362057557043 0.9996152522760987 0.021213147205800285 -1.1513478454705846 -0.013706497410451653 -0.021459465992076092 0.9996757590611386 128.88943135818127
0.9997681832396488 0.01553017121539573 0.014912864473967254 -0.8517641067176467 -0.01585740381426315 0.9996304113160814 0.022081294012749816 -1.1443270875908782 -0.014564427785156805 -0.022312654952511623 0.9996449484092792 130.24482383428617
0.9997680043653385 0.015140923488898464 0.015319590312687358 -0.8370965807825946 -0.015480856346863588 0.9996310213234794 0.022319595020937263 -1.1465511925013243 -0.014975999678403063 -0.022551577793136966 0.9996335057315866 131.5717395370844
0.9997844119896037 0.014045668623882724 0.015292112460090903 -0.8258898322573799 -0.014384526615876452 0.9996482998201254 0.022279185000748044 -1.1483105717475135 -0.014973809419845647 -0.022494352116198362 0.9996348279060815 132.93488654218072
0.9998149118143463 0.012028101899110539 0.015015553713998136 -0.8159834089138946 -0.012366807928804612 0.9996664726390996 0.022671690703629396 -1.1384938745031317 -0.014737849437833479 -0.022853189357898096 0.99963019539165 134.2742966433126
0.9998280798851548 0.011608403295453816 0.01445875592571359 -0.7985987739104572 -0.011935400699186423 0.999670194636331 0.02273869347350024 -1.1458937538948957 -0.014190028607688109 -0.022907355729125306 0.9996368821476203 135.60919548407688
0.9998378459168674 0.012095106062200519 0.01334129895710266 -0.7890198859991322 -0.0123929841078433 0.9996705791845917 0.022475477177193542 -1.1524634552783477 -0.013065061861920857 -0.02263717163754987 0.9996583729584314 136.95487179770137
0.9998757414471947 0.009914719602439474 0.012255610314366566 -0.7800505601672791 -0.010197141993537343 0.9996788207200386 0.023200726458027423 -1.1408464077944072 -0.012021646366669862 -0.02332281622541718 0.9996557038646735 138.2892282449326
0.9998902538234282 0.009697202414551567 0.011200203520906315 -0.7705218255052777 -0.009957817442196173 0.9996753649830287 0.023452217935575233 -1.1438414851975591 -0.010969147546909966 -0.023561174189180276 0.9996622173914553 139.60822021090092
0.9999076323741658 0.009265092412290099 0.009944082094291111 -0.7636903895321695 -0.009498319220916158 0.9996747368515743 0.02366859605955514 -1.1436996579233447 -0.009721556724117245 -0.023760862381120604 0.9996704020630156 140.96519983274172
0.9999151954696027 0.009659209323103123 0.008735074664163964 -0.7645112648185409 -0.009863661288621168 0.9996710767224282 0.02367375251952378 -1.1425724681791896 -0.00850353246385494 -0.023757905164612115 0.9996815752452998 142.31254673744544
0.9999247353902103 0.009552482339081736 0.0076989363739298775 -0.7615226790400693 -0.009732880776807307 0.9996706688840117 0.023744995516469546 -1.1278158800084794 -0.0074695778370048056 -0.023818141659165983 0.9996884022245283 143.66045870728044
0.9999405210915308 0.008604949915535834 0.0067014255054438625 -0.7492021345099593 -0.008749983427880446 0.9997213887739663 0.02192219478827395 -1.135686915054488 -0.006510919557961609 -0.021979528676671443 0.9997372195989973 145.01828433791965
0.9999641350387289 0.0063055804570237625 0.0056540502703129325 -0.7503879573665855 -0.006428495863529309 0.9997374949950808 0.021991260589427374 -1.142254090858174 -0.005513898839469366 -0.0220268193469741 0.9997421748408497 146.33823481657868
0.9999882470610186 -0.0013384798180165 0.0046598518186066855 -0.7417164093393995 0.0012239311227660414 0.999699111879445 0.024498728192888085 -1.1260523330994183 -0.004691241154467129 -0.024492737401061778 0.9996890006800396 147.7183044254767
0.9999565060952279 -0.008811769210493273 0.0030559212045161268 -0.7310788360410765 0.008728092715247856 0.9996135693787314 0.02639189809891706 -1.112363174364201 -0.0032872998740578847 -0.026364078358817593 0.9996470022186972 149.04891812319673
0.9999311790932043 -0.01160857983850918 0.0016964562840598727 -0.7203173503328737 0.01156631848285906 0.9996663009849194 0.02309776890756743 -1.1195663931451956 -0.0019640226192922288 -0.023076557988841218 0.9997317715754546 150.36298562114246
0.9999316477490743 -0.01149368213392631 0.0021436216706631275 -0.7278379194450404 0.011448040355749823 0.9997301991953584 0.020210669663855273 -1.12682149131507 -0.0023753385162840535 -0.02018474833880312 0.9997934455220993 151.7205922119665
0.9999643520992879 -0.007936516118744356 0.0028820574415979114 -0.7388261169609726 0.007882818498136721 0.9998035045501734 0.018188277657854298 -1.1233428556735028 -0.0030258429297246514 -0.01816491089771159 0.9998304257681156 153.05432724916724
0.9999646793512887 -0.007499522346309892 0.0037943678800311962 -0.7434729541747781 0.007427721334356947 0.9997994885014749 0.01859601382933749 -1.136233731397868 -0.003933068603782983 -0.018567173855823696 0.9998198792936831 154.41386621836946
0.9999449333152901 -0.00951383978080094 0.0044291313428673415 -0.7407542098331041 0.009421565892629094 0.9997473424808143 0.02040797095332983 -1.127096941978497 -0.004622170828958146 -0.020365118191579653 0.9997819249733272 155.74743689488108
0.9998273335345694 -0.017998799315190703 0.0046202114606666315 -0.7334131653994741 0.017886463621805737 0.9995684628587671 0.023301554791261062 -1.1140004819716034 -0.005037618081944588 -0.023214892589627233 0.9997178057702647 157.07612548778854
0.9997607116701147 -0.021409462406346835 0.004489357487839468 -0.718648249408844 0.021293644921149858 0.9994747708307746 0.02442873593172381 -1.1065551592447558 -0.005010006052104698 -0.024327296095059438 0.999691493668554 158.40863872979074
0.9997462160787629 -0.0220859425959578 0.004440110957557529 -0.7166733506782579 0.021970269049322953 0.9994558882661274 0.02460151761952858 -1.1048670140406294 -0.004981043146568279 -0.02449772417946615 0.9996874765288444 159.7414981103241
0.9997589195819322 -0.02127169072903792 0.005442233092273967 -0.7209780364379745 0.021131235357529123 0.9994720189081203 0.024681051274441833 -1.0904164282542184 -0.005964367868364958 -0.024560100510883757 0.9996805628737959 161.10197063683364
0.9997730202306145 -0.020273324639517185 0.006549835096397609 -0.726943587753805 0.020109868278362038 0.9995066467083281 0.02412584430037369 -1.0691793983063413 -0.007035715361157639 -0.023988652352337166 0.9996874728010727 162.44555066216842
0.9998080195517205 -0.018103693052585267 0.00749535542122869 -0.7354488723087894 0.017929963290619192 0.999583095523239 0.02263076533637944 -1.0615707485576222 -0.007901931651526846 -0.022492029647380125 0.9997157936555847 163.78937245025955
0.9998091943897035 -0.017721303751141157 0.00821767744266908 -0.7383847118392255 0.01753490220312231 0.9995991872637427 0.02222593092871591 -1.0420893124020614 -0.008608256874412913 -0.022077594340683068 0.9997191994490633 165.144074144074
0.9997880304397369 -0.018747106574277878 0.008511180833728168 -0.7398051951719177 0.018546986355912218 0.9995631240067198 0.023012396708445147 -1.0238261613065012 -0.008938879092398782 -0.02284966245477865 0.9996989493704528 166.48976017338416
0.9997964349951813 -0.018429652827377557 0.00821197189847304 -0.7317465148657272 0.01823750175983388 0.9995716342209517 0.02288976997527798 -1.0145905758534628 -0.008630305394344017 -0.022735344994173578 0.9997042672324743 167.81977615177217
0.9998221826268238 -0.017159124689455366 0.00782097071284313 -0.7347409410303399 0.016987195785920655 0.9996235839321131 0.021543574578378744 -1.0135338319009954 -0.008187696329671087 -0.021406887797932643 0.9997373188935125 169.12801170740985
0.9998776048322016 -0.013839187690717321 0.007297414328168213 -0.7419988665533506 0.013697635738284508 0.9997236795163496 0.019103386348274003 -1.0071644205557475 -0.007559773874854311 -0.01900109122055936 0.9997908823119432 170.52755140551164
0.9999426188341403 -0.007937944300766737 0.007193614868987839 -0.7519166830660619 0.007811215392117909 0.9998167523466112 0.017477031333855926 -1.0174379389148998 -0.007331028962135192 -0.01741983793752825 0.9998213866796563 171.8829130134015
0.9999535403754715 -0.006134171529198389 0.007435660325362883 -0.7609876817320871 0.0059980833327684755 0.9998165871543925 0.01818832128146339 -1.00796039128447 -0.007545867434941971 -0.018142876895371817 0.9998069293141495 173.2509498307383
0.9999580191291257 -0.004029522490931052 0.008229394888903101 -0.7643933754579486 0.00386593473881198 0.99979651461206 0.019798583347483172 -1.0067502080882011 -0.008307499850027445 -0.01976593826186376 0.9997701201446697 174.64488907444272
0.9999577969390803 -0.0040785262687312585 0.008232252222695217 -0.7694450828312781 0.003903163719048905 0.9997674926540523 0.021206742518512806 -1.0058578792689377 -0.008316831105526718 -0.021173716108298372 0.9997412185516061 175.9980804977498
0.9999525751898836 -0.006203146205235412 0.007507886694460093 -0.7760704799916709 0.006032843436537875 0.9997287037030962 0.02249719475697877 -1.0068372078774255 -0.007645403848487647 -0.022450834358348343 0.9997187143604596 177.42350945700215
0.9999511376005112 -0.007824892917120373 0.006040983133390043 -0.7801668895887026 0.0076854428279994145 0.9997111411013281 0.022772094868786594 -1.0025734238967623 -0.006217427852088403 -0.02272455497593611 0.9997224305770157 178.82315658788968
0.9999642192812602 -0.007497597048983369 0.003917423767650873 -0.7748400690352446 0.007419956916689721 0.9997828783354609 0.019471528143117908 -1.0099837972417405 -0.004062563209147667 -0.019441764696410516 0.9998027372290914 180.16373691649704
0.999987673511371 -0.004279441916452364 0.002517779040835641 -0.7801645578664695 0.004241000310837175 0.9998772906392545 0.015080370290876981 -1.0151170687508635 -0.0025820058602484272 -0.015069506792806362 0.9998831147758309 181.58586743202403
0.9999958512357184 -0.0021593598495134956 0.0019064842554061133 -0.7995655040324634 0.002131605713249961 0.999893439936422 0.0144417803612666 -1.0078198806334469 -0.0019374662529071237 -0.014437656854323902 0.999893894517033 182.98362838177542
0.999998418322601 0.000602235554996661 0.0016735190332332743 -0.8144853357367478 -0.0006287308610659504 0.9998737562422826 0.0158769099441036 -1.0088280292537426 -0.001663746250048132 -0.015877937337071935 0.9998725534082294 184.34035068269364
0.9999911942249727 0.0038412633405159958 0.0016900188162707265 -0.8303293220291911 -0.003871586392952561 0.9998246671559744 0.018320637634085406 -1.007839849003374 -0.0016193482290651493 -0.01832701972336707 0.9998307347077113 185.7681199077858
0.9999868844612539 0.004668870894034921 0.0021053607496394496 -0.8420134150552849 -0.004709836135903181 0.9997910514833546 0.019891475959660104 -1.0121730936012228 -0.0020120502587874225 -0.019901131370555714 0.999799928301467 187.1232743615891
0.9999872584181775 0.004479584868738145 0.0023272978353450074 -0.8502792278365378 -0.004525811575654688 0.9997846550243445 0.02025242220490123 -1.013116188069671 -0.0022360743923174006 -0.02026269746947034 0.9997921899426536 188.57598451688787
0.999990253233816 0.00388378435717423 0.0020999171361811135 -0.8513833442446279 -0.003926159929708755 0.9997807727410902 0.02056676254502777 -1.0140165636871463 -0.002019580060802606 -0.02057480710296984 0.9997862764698068 189.99318508787945
0.999997186291958 0.0009883019820367796 0.002156540886753917 -0.8552120310649811 -0.0010337701501307696 0.9997750261409168 0.021185570896631575 -1.0056765509902919 -0.0021351181431549754 -0.021187741070837977 0.9997732347425504 191.38219685640735
0.9999966262080234 -0.00031347849597562413 0.0025786251557254006 -0.8648444623328225 0.00025814412441299214 0.9997702901796122 0.021431290755120125 -1.0083513339296002 -0.0025847512701482117 -0.02143055321351474 0.9997669980842026 192.82505919793255
0.9999937630668871 -0.002175749247644557 0.0027820764509085836 -0.8687084779069111 0.0021138405445918513 0.9997542961358769 0.022065335264947816 -1.0105491744069068 -0.002829401741774211 -0.022059317209739946 0.9997526599208613 194.1988349042965
0.9999824027799893 -0.005020974641901448 0.003159739631568822 -0.865270222142646 0.004947358550214673 0.9997257478999063 0.022890011132370255 -1.0084890745972361 -0.003273803489693312 -0.022873976411255246 0.9997329960659607 195.63927561764842
0.9999631172344696 -0.00790289996056897 0.003362789905249738 -0.8587892834544348 0.007821943642261292 0.9996945899676019 0.02344235407734238 -1.0082777903347913 -0.003547025734945472 -0.023415186357942937 0.9997195345024149 197.0435560672152
0.9999799129400732 -0.00513333319403236 0.0037178781390516187 -0.8635347652415877 0.0050566923128144755 0.9997803674221715 0.020338307764604786 -1.0052318059848147 -0.0038214651884668866 -0.02031909945543439 0.9997862424574927 198.46784605288508
0.9999888932585526 0.0016918657157733615 0.004398971708845518 -0.8726107045007249 -0.0017603074456080088 0.9998767394532575 0.01560151320025957 -1.005476336192403 -0.0043720341808709115 -0.015609083766324439 0.9998686122800428 199.90886792435774
0.9999030046709882 0.012708416032612628 0.00569889346247198 -0.8856216143619526 -0.012794647499245462 0.9998001798618329 0.015358950746014016 -1.0054748391509718 -0.0055025672262354035 -0.015430376641904454 0.9998658036113559 201.34158555145066
0.9997948471270531 0.01902669322797257 0.006946117989372595 -0.9149353970776222 -0.01915527991400313 0.9996371076491469 0.018940124260952245 -1.000772314204957 -0.006583229904383923 -0.019069293859517455 0.9997964908514371 202.79425256641602
0.9997638140187752 0.02024359400793682 0.007906518043969033 -0.9215459963522097 -0.020399091169815243 0.9995896891259528 0.020107971587506376 -1.001678905469428 -0.0074962169188750385 -0.020264508557737582 0.9997665509651117 204.24677678212814
0.9997690274055298 0.020113690024002456 0.007571741015268113 -0.9193173698121775 -0.020263679883031842 0.9995889094536569 0.020282884975831052 -1.0023814902294286 -0.0071606652727996874 -0.02043163193363931 0.9997656091772207 205.70221108449581
0.999831163819 0.01725315324556315 0.00632238233200878 -0.9137525549304597 -0.017380019981597977 0.9996368669583134 0.02059293955141243 -1.0038021134479198 -0.005964793812675806 -0.020699346265745017 0.9997679522288448 207.14684715341176
0.9998561222424444 0.016159123166373496 0.005159216531499728 -0.9101103614653113 -0.01626147937490935 0.9996585129648501 0.02045536060587948 -1.0114815038578724 -0.004826914426859806 -0.020536314440897818 0.9997774555828933 208.57411375459262
0.9998410298666829 0.01718880018697607 0.004739208952390387 -0.9192985917893721 -0.01728054882531909 0.9996496206528022 0.020050401425079994 -1.006909558503657 -0.004392906443750768 -0.020129110548119163 0.9997877381159385 210.05757155884604
0.9998279155200651 0.017983087365956406 0.004554983049526746 -0.9225548892568037 -0.01807185352821406 0.9996314038553136 0.020259925357379485 -1.0100707457630462 -0.004188968431310771 -0.020338756336394096 0.999784370521965 211.53869846397095
0.999788356510124 0.020073492458208497 0.004505222937011602 -0.9336723453788054 -0.020164232719502052 0.9995742009691049 0.021090768660556276 -1.008650288362342 -0.004079939560738221 -0.021177149729882935 0.9997674141665241 213.0038368900156
0.9997923309020132 0.019946073763972158 0.004177218882844464 -0.9462507232337722 -0.020029228650121488 0.9995806483484844 0.020913093826551685 -1.0093804055036077 -0.0037583333490045917 -0.02099241772132479 0.9997725708057227 214.46589617106758
0.9997779371649186 0.02072316732383337 0.003824478708185061 -0.9487619857224777 -0.020797078873895994 0.99957516182123 0.020420025235250307 -1.0111031685956071 -0.003399686595931781 -0.02049502910896249 0.9997841746695024 215.92465475091268
0.9997762511163906 0.020849758042247618 0.003568646174457446 -0.9552792194213051 -0.02091777840370415 0.9995766698477616 0.020221960677844857 -1.0118594336929283 -0.0031455127223675287 -0.020292084599964046 0.9997891462998959 217.38802416414697
0.9997690430703722 0.021277387042329003 0.0030221281726646406 -0.9562233563438891 -0.02133456405079317 0.9995652778288544 0.02034924539914144 -1.009275573186422 -0.002587835819678286 -0.020409021803426665 0.9997883650764706 218.854751574391
0.9997469505068176 0.02232123169984214 0.0027924008888808097 -0.9678511651701527 -0.022372541467012307 0.9995508959505077 0.019936796394184973 -1.0141475486255371 -0.0023461331421358858 -0.01999422491191614 0.9997973427834403 220.3336403553044
0.9997275165325428 0.023198468879905898 0.0025930021361066993 -0.9753943831006663 -0.023245825101521997 0.9995290400150512 0.020033218499310623 -1.0206252357725893 -0.0021270411048621464 -0.020088036664589085 0.9997959524257052 221.80991695108918
0.9996886220234256 0.024853698880068525 0.002225437350550255 -0.9866352910721969 -0.024892974284168007 0.999493627913757 0.0198198804374714 -1.0210683951820652 -0.00173171324273475 -0.01986910712719546 0.9998010900970372 223.294844814652
