1.0 -6.776263578034403e-21 8.673617379884035e-19 -8.673617379884035e-19 0.0 1.0 -1.828002979293187e-19 0.0 0.0 1.0683203047244863e-19 1.0000000000000002 5.551115123125783e-17
0.9999997609328668 -0.0006045316352606309 -0.00033567176852968787 0.0008173796576166348 0.0006050023138056827 0.9999988318071305 0.0014036942841376668 -0.01857989305489406 0.0003348228266244115 -0.0014038970103075637 0.9999989584824406 1.2749714875841887
0.99999808555016 -0.0019135812550718583 -0.0004087814388796171 0.008943818519126855 0.0019143583491854324 0.9999963460804869 0.0019086800580810877 -0.03446757297002865 0.00040512756408903495 -0.0019094589301432625 0.9999980949166869 2.6023587252218636
0.9999962006455579 -0.002681667319511153 -0.0006382427839900654 0.007174038881669228 0.00268281769024816 0.9999947667860526 0.00180800768715642 -0.05165224527728578 0.0006333910208881658 -0.0018097130801948984 0.9999981618749704 3.9063932094714144
0.99999589288467 -0.0028455033767563957 -0.00034252502048841716 0.017015104263216493 0.0028461501221151006 0.9999941410908479 0.0019018979122469896 -0.06447728928882775 0.0003371111839496231 -0.0019028649504495264 0.9999981327281351 5.226455070275954
0.9999941901915226 -0.0033525228314805556 -0.0006165812960171099 0.01816050893312764 0.0033542167321517907 0.9999905478105748 0.0027665001023684786 -0.07673271946380936 0.000607300762879774 -0.002768552136083916 0.9999959831434464 6.544385281880205
0.9999895737468896 -0.004549649149118023 -0.0003912645412982637 0.027032910398532155 0.004551225318778565 0.9999811337267693 0.00412535378592858 -0.0932134523890149 0.0003724882768219454 -0.004127091446374289 0.9999914141459583 7.873474061068173
0.999989603650963 -0.004538111547899922 -0.00044511949147805954 0.033149472890284186 0.004540269496350968 0.9999773319331878 0.0049720799097542675 -0.10927007326415056 0.00042254558198931164 -0.004974049107803198 0.999987540065858 9.2105697426546
0.9999928149631756 -0.0036801416288429014 -0.0009091632795273441 0.035179544494868285 0.0036836742169241276 0.9999855534974595 0.003914504438776028 -0.12381004679872396 0.0008947442881738592 -0.003917825316792126 0.9999919250048145 10.531850897206034
0.9999985679315846 -0.00020676296182154882 0.001679697671879003 0.044201698136096486 0.00020062822738471263 0.9999933125964158 0.0036516453238795146 -0.13843034974786328 -0.0016804416048722829 -0.0036513030467856837 0.9999919220167991 11.8296497115631
0.999997597534569 0.0021810587022119193 -0.00021887774935223144 0.034314326365906256 -0.0021806814807330704 0.9999961601132298 0.0017100844448971753 -0.1423169171274634 0.0002226067228707062 -0.0017096030094865152 0.9999985138502068 13.206706854489825
0.9999940951195475 0.003393221139970358 0.000543852356810811 0.01053868307614629 -0.003394040243178435 0.9999930975799866 0.0015117160640250676 -0.16141585089063404 -0.0005387190599086995 -0.00151355297304354 0.9999987094681031 14.574162924180255
0.9999876719789027 0.004851606238420011 0.0010572630352980016 0.02429516324480449 -0.004853723949240585 0.9999862019796427 0.002009282947801984 -0.18020328146807835 -0.0010475002834646587 -0.0020143898119974915 0.9999974224841915 15.902938992978331
0.9999928815590396 0.0037638407513189407 0.000265203223933831 0.02776134251072626 -0.0037651620212826326 0.9999795475447604 0.005169918046201499 -0.18640928004078122 -0.0002457390708858276 -0.005170879703390737 0.999986600715842 17.27879502041117
0.9999993541950617 -0.00023814558948434766 0.0011112589526529708 0.04117324825607577 0.00023035081666196412 0.999975408390305 0.007009248096382103 -0.20779107689490667 -0.0011129009398147972 -0.00700898748881155 0.9999748174528325 18.61729258292885
0.9999967821783436 -0.002502515750378144 0.0004159896761112402 0.051523248409191494 0.0024999780753715436 0.9999789143178733 0.005993415945554787 -0.22727608514499376 -0.000430979559476294 -0.005992356607468292 0.9999819527941237 19.967873900742504
0.9999911427233555 -0.004180085300975107 0.000491284205259495 0.06250557235451705 0.004178619728569343 0.9999869239530317 0.0029480610694548803 -0.23148082461862662 -0.0005036009716158961 -0.002945982024309454 0.9999955337768095 21.311838141592204
0.9999987542537241 -0.001556898878658964 0.0002599167932311082 0.049782254596084666 0.0015561714505882493 0.9999949349401055 0.0027764053894796838 -0.25354280560801684 -0.00026423808186030757 -0.0027759974151829775 0.999996111999638 22.687676364706014
0.9999990170663542 0.00016343155269440263 0.0013925361137977913 0.06123748310261164 -0.00016888226326870027 0.9999923220841688 0.003915003770029809 -0.2533435719359221 -0.0013918857033862085 -0.003915235039819347 0.9999913667554188 24.041923400814785
0.9999967918115295 0.0009223467329615423 0.002359161613621901 0.065370879190637 -0.0009415726803879967 0.9999662522670312 0.008161358637194664 -0.2698674036780152 -0.0023515545913965624 -0.008163553658089674 0.9999639126365609 25.398712868720196
0.9999962793717067 -0.000912041188423608 0.002570880000338758 0.08291571142544689 0.0008862878151338035 0.9999495982300368 0.010000775078998105 -0.27161565333087967 -0.0025798717586086994 -0.009998459185230166 0.9999466861121071 26.78979486969142
0.999986717220754 -0.004146229785762227 0.003061724894883766 0.07986331495653765 0.004113737362350859 0.9999359517137507 0.010543701724687528 -0.2848520396777278 -0.0031052456683319796 -0.01053096638960658 0.9999397262768902 28.19577032486075
0.9999826527351643 -0.00551960454632088 0.002056256755364619 0.09879777087714263 0.005505462654980429 0.9999615806808959 0.006821074084048182 -0.2892513927593387 -0.002093827564229573 -0.0068096350125946056 0.9999746220535486 29.600909704957324
0.9999849588544336 -0.00463433121114983 0.0029334344076739263 0.09672506208362665 0.0046193130611724195 0.9999762948820623 0.005106038280105795 -0.31025497728132123 -0.00295702819213124 -0.00509241095291205 0.9999826615149501 30.95541499253982
0.999990624667306 -0.0027385732702423357 0.003354220260048762 0.10113654290124227 0.0027251596195562696 0.999988297961041 0.003997180237486665 -0.31488691509317124 -0.0033651278625875477 -0.003988001918694676 0.9999863857831882 32.33704823526773
0.9999898851143414 0.0012406357674711222 0.004323250150395379 0.10645596686365116 -0.0012525118271439037 0.999995447071411 0.0027453693374873294 -0.3348160953494895 -0.004319824824883531 -0.0027507564507387545 0.9999868861391333 33.701047813515544
0.9999888717937776 0.0012384042739736058 0.004552213016282393 0.12239093237659843 -0.0012494433726126916 0.9999962841542206 0.0024229261197166656 -0.34956563948612407 -0.004549195919441737 -0.0024285868543481013 0.99998670330186 35.10031208892183
0.999991569232151 0.0005816609826995449 0.004064865961269572 0.12493723001641238 -0.0005972146964162857 0.9999925017433015 0.0038261984742371806 -0.36967871718524725 -0.004062610271522305 -0.003828593758802383 0.99998441841084 36.48906205224256
0.9999910385418995 0.001902693856411826 0.003781876769524731 0.14180697965449013 -0.0019261920086191605 0.9999788041539678 0.006219407730486089 -0.38772270742157033 -0.0037699632956099947 -0.0062266365265257 0.9999735078335961 37.89621632804969
0.9999872071344892 0.0037017368228530584 0.0034471308157551766 0.13440835667566478 -0.003722885321453496 0.9999741651025207 0.006148923377566109 -0.3916998587808518 -0.003424280348844175 -0.006161677899409562 0.9999751537034564 39.28559669489126
0.9999745766504322 0.005810374429179433 0.004133472952688292 0.12171752601118624 -0.005836186927317681 0.9999633737464757 0.006260199365758159 -0.39792999649425714 -0.004096947797768787 -0.006284163841442652 0.9999718617532714 40.704060156736624
0.9999598521012065 0.008197676407532991 0.0036183257137725176 0.14426687303761976 -0.008222001464812067 0.9999433514486402 0.006759629997120325 -0.41044706912332574 -0.003562707776938122 -0.006789108394752332 0.9999706071253575 42.102594280291115
0.9999546284562619 0.008939514772626632 0.0032903034909110345 0.14978145099427517 -0.008961300086815978 0.9999376231649414 0.006666700329876153 -0.4163722348442509 -0.0032305014534482045 -0.006695883153095093 0.9999723641197988 43.512178784146904
0.9999578124209999 0.008605166106931086 0.0032131740694806574 0.15744283477419962 -0.008629451399146218 0.999933716753164 0.007621986771493376 -0.4335092116802862 -0.003147372888134339 -0.007649393038666305 0.9999657898264974 44.91567465541339
0.9999706725974346 0.007330098089728155 0.0022189191525006577 0.17159904272495352 -0.0073462118596474306 0.9999460570009021 0.0073427699802588245 -0.442818384416533 -0.002164976411824452 -0.0073588551809172665 0.9999705796277535 46.30090485327451
0.9999685476118809 0.007794764749632182 0.001464726563212431 0.17344388297439092 -0.00780634731991368 0.9999369241774843 0.008075185489126929 -0.45986674693510676 -0.001401690117776553 -0.008086365553928197 0.9999663224078248 47.74420660038439
0.9999740424279938 0.0072013079672522354 0.0002358575101711743 0.17674658748270927 -0.007203046371583856 0.9999382749781005 0.00845945441252847 -0.46101099324451444 -0.0001749238274725796 -0.008460933597064358 0.9999641903574172 49.151762286476895
0.9999721667929465 0.007427338462284064 -0.0007073026513555137 0.17676351487747366 -0.007420674936439471 0.9999319674152805 0.008999674299437667 -0.47421570994803736 0.0007740982262864297 -0.008994175017753127 0.9999592519600135 50.606695293633365
0.9999654525054608 0.008293902248246434 -0.0005522445453638759 0.17265849339218478 -0.008288226492658587 0.9999196563805309 0.009590938450749948 -0.4803408244492501 0.0006317465378930416 -0.009586029842749833 0.9999538533953729 52.01181313837339
0.9999582176926659 0.008452516368692499 -0.003481066866839972 0.18841822433904148 -0.00841414247638545 0.9999052487065636 0.010894761672119791 -0.48676792179399225 0.003572825484849439 -0.010865016115527293 0.9999345910287515 53.4480493618191
0.9999685411309455 0.0072294568530365975 -0.0032636934204542008 0.17831474829875937 -0.007189597599859633 0.9999013800536015 0.012063990593679335 -0.4957922417483462 0.003350587937833263 -0.012040146258818576 0.9999219011653179 54.88187861569237
0.9999809510794678 0.004768025718740046 -0.003919617824410873 0.1808693867967167 -0.004720867273204442 0.9999174045252609 0.01195397642829383 -0.5000753997063684 0.003976291283460144 -0.011935244550506045 0.9999208663876425 56.313158828503674
0.9999856864516796 0.0017079233993252106 -0.005070491594481309 0.18885070039123608 -0.0016496385381408055 0.9999327767989891 0.011476958923726471 -0.500454526441113 0.005089752933349003 -0.011468430003621523 0.9999212816628938 57.75805730107753
0.9999851908732655 0.0018057880952175875 -0.0051339223781885586 0.1888157695229491 -0.0017429766199548267 0.999923900760415 0.012212892031287184 -0.514217470880572 0.005155586018027723 -0.01220376268595961 0.999912240200336 59.19542313090524
0.999990223047926 0.001002656912438071 -0.004306795136438137 0.18465561305837216 -0.0009464654952922706 0.9999146650921538 0.013029456956334525 -0.5212865709497073 0.004319492053635722 -0.013025253146523828 0.9999058379469193 60.596688430388475
0.9999920136328707 -0.001000812212915717 -0.003869243148331202 0.19215779076491782 0.0010552268767170952 0.9999002166069486 0.014086991825195145 -0.5290009159672358 0.0038547589511010935 -0.014090962046402684 0.9998932871120894 62.02828580629016
0.9999924895648646 -0.002689646866355954 -0.0027904499924301784 0.18005783931142938 0.0027283189185964146 0.9998989908199196 0.0139486360166858 -0.5326423009526641 0.0027526514557557656 -0.013956144291220763 0.9998988193489293 63.45750548527811
0.9999910246515947 -0.003288438660083779 -0.0026714761359629535 0.18154357822988682 0.0033230742355970337 0.9999091203164066 0.013065538588730658 -0.5358290972392223 0.002628268349763121 -0.013074298644497983 0.9999110735011414 64.88313004879346
0.9999917919170773 -0.0034931631805301924 -0.0020527803406628848 0.18108216499536717 0.003519734676730908 0.9999081777528214 0.013086158485690327 -0.5514286106317295 0.0020068799295674383 -0.013093276125259304 0.9999122654225827 66.3474768379419
0.9999970999198369 -0.0018117884711901105 -0.001586686265670374 0.18532428086987235 0.0018320771260680307 0.9999153712113383 0.012879981391715504 -0.5545730403895123 0.001563216314791227 -0.012882850783419723 0.9999157907042152 67.74637291611867
0.9999990687274881 0.0010215559598529234 -0.0009049679848118679 0.17979844833291875 -0.001008537446940478 0.9998976523681204 0.014271217684372695 -0.5595926769008763 0.0009194542883122405 -0.0142702914934038 0.9998977514585048 69.16802722994368
0.9999901868438976 0.004414239031579334 -0.0003751101201554157 0.1754202099183969 -0.00440780882404723 0.9998671126842104 0.015694846625350416 -0.5602285201061574 0.00044434111612156896 -0.015693038969247057 0.9998767579428363 70.54954162030565
0.9999425070527057 0.010470292758723047 0.0023142057784472014 0.08475275655352466 -0.010508877000331096 0.9997943971935132 0.017341478374103002 -0.5450239180731472 -0.00213215979061603 -0.017364800815801138 0.9998469470724097 72.52555349070512
0.999639033868111 0.02676109113697229 0.0023761099532840103 0.19879321606686795 -0.026784527764284624 0.9995866170134885 0.010449126251312278 -0.524820038116371 -0.002095497855791933 -0.010508997306507603 0.9999425832790523 79.24800295884704
0.9977127102834157 0.05837938294242015 0.03407631096104265 -1.2943280048881558 -0.05917639027864374 0.9979855816963906 0.02286774862395121 -0.4525016789196555 -0.0326726646774156 -0.024831956185628428 0.9991575806572858 95.70578128019483
0.9970390208247395 0.050546326372987685 0.0579504903800687 -3.9781530369872735 -0.04947889179485676 0.9985806706747753 -0.019709988683924776 -1.4537064942053686 -0.05886451198242623 0.01678430152188261 0.9981248703077142 128.19152677205565
0.9993125130794602 -0.018334194695075905 0.03222356901098882 -16.890653782942028 0.02031214396592132 0.997859062726115 -0.06216677403945454 -7.102958641537841 -0.03101480523728795 0.06277856406250687 0.9975454545065242 189.2473301691882
0.3021219021780371 -0.64759860243022 0.6995272145773446 155.6646263846187 0.7821587197673936 -0.2510800409450341 -0.5702513611255099 -189.89736605255752 0.5449313515593242 0.7194267264891488 0.4306681146621268 84.67328674316205
