1.0 -3.469446951953614e-18 0.0 -1.5585406229479126e-19 0.0 0.9999999999999999 -3.5575383784680614e-19 0.0 2.168404344971009e-19 -2.388632911257127e-19 1.0 0.0
1.0000011901969095 1.7172027310143056e-06 7.720567252050359e-06 -0.0025795945020472546 0.00021362531400950097 0.9999977833952309 0.0009588311974929588 -0.02514351757379453 0.0002935011067487208 -0.0009609326812643877 1.0000000391096426 1.3165417217018347
1.0000065362715123 2.4427057114546208e-06 1.1188046216770078e-05 -0.005072104480695189 0.0008615526111524965 0.9999917061187054 0.0013893233174583153 -0.04360975513786216 0.00022212458226893161 -0.0013898438519244203 0.9999994307396 2.614630664711127
1.000011422855289 2.275177382502283e-06 1.0646046823641541e-05 -0.0077358072395634385 0.0016041889612543048 0.9999849025954936 0.0013222047357506965 -0.07683348877858898 0.0008275907419137668 -0.0013274014373440364 1.000000290036527 3.941720330191652
1.0000190246749114 2.181061625253916e-06 1.0576605924162612e-05 -0.010222617124921177 0.0024075769136539006 0.9999768335942675 0.0013134038372614371 -0.09178142082389115 0.00020018848748089247 -0.0013112609726638768 0.9999995007547654 5.2523424437015995
1.000021090222034 2.863251818937748e-06 1.3741990709466778e-05 -0.012802482268470257 0.0027517799746799125 0.9999725746157169 0.0017065056706138746 -0.11482109432213633 0.0005912085839820385 -0.0017080751868033814 0.9999994587138393 6.5784162686697165
1.000028849679382 4.6566745957390965e-06 2.222808917655742e-05 -0.015486503987372422 0.0036752981960698015 0.9999598022577514 0.002759825117337835 -0.14923178643121954 0.0004122287555843706 -0.0027582952074948516 0.9999968952882793 7.911465983988379
1.000030672733478 5.3117191517130374e-06 2.529020880717649e-05 -0.01801524043272244 0.00386267133909236 0.9999564606470869 0.0031398056590336053 -0.16745567787405774 0.00023815811874146418 -0.003135984153073598 0.9999955299951161 9.23069918183215
1.0000269600525737 4.214756860286897e-06 2.0131175652220038e-05 -0.02061932959349892 0.0035307178071887265 0.9999621754663479 0.002499665229317717 -0.19224334112167768 0.0008140064385130171 -0.0025029620771005426 0.9999980423292515 10.562393864487165
1.0000001927535345 -3.162054237892953e-08 -1.3372847607355173e-07 -0.023200899006547936 0.00017908310277809682 0.9999985420699544 -1.6381439540662342e-05 -0.21650592501585803 0.0006918775677164468 1.1010852676359536e-05 1.0000010095974734 11.883957935647407
0.999978600179866 -1.0129544355860082e-06 -5.189845298195434e-06 -0.02574990240772106 -0.002483815162979055 1.000016716713423 -0.0006443312493173529 -0.23251588719894617 0.0007752621271669413 0.0006355591276088555 1.0000008879902151 13.224288834000307
0.9999555204502208 -8.991176904584591e-07 -5.1317756836518746e-06 -0.02836062195736218 -0.005415002648943448 1.000028745940965 -0.0006371944371586932 -0.25692637429264037 0.00048583521213942343 0.0006261573370719483 1.0000005540040202 14.561337699042515
0.9999524360050881 5.096535780919204e-07 1.1059082131109968e-06 -0.031053739569240568 -0.005878734734683577 1.0000300434412353 0.00013739075940146422 -0.28868004526203206 0.00012607037918239538 -0.00014828374025198398 1.0000002108315071 15.911274178634535
0.9999597780087118 5.081523974508409e-06 2.1730343922486814e-05 -0.033780993898579297 -0.005038434608895798 1.000024197442661 0.0026978113407176638 -0.32712289947531814 -0.00019282464733114883 -0.0027064178262014237 0.9999960102467381 17.25028598619281
1.000002738193638 9.301555470435027e-06 4.210098990934611e-05 -0.0363389383153843 0.00030280731227949435 0.9999837863273098 0.005225437286914396 -0.3375810930262075 -0.00016612203216098535 -0.005223836191416906 0.9999861178439067 18.62032716351417
1.0000164434830294 6.493475915508168e-06 2.9912532480235897e-05 -0.039015350890529675 0.0020645265980053402 0.9999742956299845 0.003713364889263291 -0.3710770817713724 9.989142969213079e-05 -0.003710946723378077 0.9999933437045855 19.95324183762885
1.0000222761948345 1.911631482788209e-06 9.52874668739851e-06 -0.041538461791525684 0.0027648029932268794 0.9999731975714113 0.0011832265701643514 -0.38024159476112984 -7.548205572096255e-06 -0.0011782560815511223 0.999999309326702 21.3097602240247
1.0000081510897392 -2.163956869596917e-09 3.1619175755253325e-07 -0.04434151864175079 0.0009353396634469019 0.9999920297196607 3.911591253522685e-05 -0.42543948963230954 -0.000343161303804165 -3.4345443087758145e-05 0.9999993214605548 22.66062966022681
0.9999866754024153 2.7647544468562685e-06 1.1917667564876819e-05 -0.046807294747694066 -0.0018808070423012614 1.0000122598099626 0.0014793015318792355 -0.4243775823073758 -0.0010079326789013117 -0.0014765454754206524 0.9999966036017578 24.030999312919576
0.9999855822641175 1.1278533493280785e-05 5.0554068376112244e-05 -0.04949890178372658 -0.002201330748578605 0.99999553549936 0.006272843506587246 -0.446250987180794 -0.0018319077438561516 -0.006266360440150838 0.9999754716896854 25.42416079133893
0.9999998405248495 1.2153074834608119e-05 5.50721559029303e-05 -0.05212831198375304 -0.00047251658265015824 0.9999802472332351 0.006832982550598536 -0.46622137952955994 -0.0020188916229349017 -0.006818891258744937 0.9999711669790688 26.79136205490919
1.0000348701148738 1.0778455645385487e-05 5.045618566510931e-05 -0.05484437917947167 0.0039062123352471834 0.9999412248952931 0.006260686291653906 -0.49573186207087744 -0.0018923265991489726 -0.006231600872176692 0.9999754668048063 28.164012452211775
1.0000340921225277 7.149481768208357e-06 3.382211818276108e-05 -0.057314485045926816 0.003795694274572152 0.9999533614576881 0.004197238279614416 -0.498415712957191 -0.0019543085056699123 -0.004167623099255822 0.9999859378011866 29.52007565741419
1.000036451061701 3.2881868265288022e-06 1.648480261399218e-05 -0.06022828585570724 0.003954371145495263 0.9999582180893033 0.002045048904450007 -0.549322630741023 -0.0025531439106521083 -0.0020074429699036916 0.9999901452990939 30.906819302483022
1.0000174379602957 1.7958527417719083e-06 8.7727903163126e-06 -0.06269759800698291 0.0015276912902105096 0.9999859247927627 0.001087317561098049 -0.5453917996500117 -0.0028449328709039354 -0.0010573759517374533 0.9999902730153096 32.29194147101084
1.0000073298421222 -2.2250766005607603e-06 -9.604616957378277e-06 -0.06556817445385685 0.0001310846070106276 0.9999982383440692 -0.0011957366548933852 -0.5926724744835805 -0.0034749465397573617 0.0012244699125123514 0.9999869208771054 33.67091737203721
1.0000100270220247 -1.4013174746904666e-06 -5.833279684676687e-06 -0.0680149303645127 0.0004111261191664939 0.999996350929853 -0.0007275636071487229 -0.5833589696703478 -0.003719879096233427 0.0007598259429139622 0.9999860652719816 35.06755143665506
1.0000058891386499 1.7577544835483544e-06 8.08949526987044e-06 -0.07096921223731778 8.418890636510343e-06 0.9999994155054994 0.001002065470579971 -0.6372069311819026 -0.003224068747998427 -0.0009761131873823235 0.9999885194274426 36.463599174209904
0.999993375707337 4.049541036769966e-06 1.791490105760977e-05 -0.07358567070943965 -0.001508761824927522 1.0000085092314936 0.002222037406824246 -0.6485035336812497 -0.0030596416914965624 -0.0022048316471860027 0.9999873965042132 37.86230857244073
0.9999764584987569 5.092893476305038e-06 2.2120360837969135e-05 -0.07625040109313509 -0.0035088887408808887 1.0000182909780533 0.0027444897927119843 -0.6671446759699162 -0.0026099731081226964 -0.00273905487359485 0.9999881702990656 39.25499926924332
0.9999559739719402 5.4485258421700655e-06 2.3333371107600543e-05 -0.07905754319023128 -0.006172022782151244 1.000026417932562 0.002894475515426359 -0.703297467749497 -0.003141315538707095 -0.002899774039426551 0.9999852321796568 40.648468411839936
0.9999347865572876 6.355903875342184e-06 2.7280057322911794e-05 -0.08183885477822232 -0.008806288080952301 1.0000263548279906 0.003384248666668955 -0.7279690365377476 -0.0031546320255927997 -0.0034025935045821445 0.9999835890196936 42.07883287250284
0.9999287940944318 6.495065833406893e-06 2.7911189014505474e-05 -0.08442993788434436 -0.009479305257043345 1.0000253499444107 0.003462908448165629 -0.7383394001280748 -0.0028371525687564906 -0.0034841476543431065 0.9999848337409852 43.4676191107196
0.9999333877118229 6.297849210102138e-06 2.7015285940283195e-05 -0.08722861502427495 -0.008814108225540586 1.000026457471665 0.003352152726126706 -0.7658200608995294 -0.002414776313158562 -0.0033699830323965694 0.9999870951016433 44.895073922602016
0.9999378031440387 5.371960791443475e-06 2.2834544386844636e-05 -0.08992053825948773 -0.008058486624937694 1.0000283582170961 0.0028340843114325106 -0.7875984192301724 -0.001490461291520143 -0.002848716797054618 0.9999921820476183 46.28883438877934
0.9999392241196574 6.591843034992745e-06 2.836229348536002e-05 -0.09275222456803725 -0.0076914669819071625 1.0000261019035668 0.0035206377737970864 -0.8175674958990629 -0.0006407028527640678 -0.003534392886709972 0.999992443344747 47.723473613339564
0.999939440817034 7.816372239033767e-06 3.39248806755408e-05 -0.09535520210079622 -0.007439878471777919 1.0000232994312463 0.00421129761448492 -0.8280147426179967 0.00036125576027915907 -0.004225078253661476 0.9999917227024816 49.11850454101832
0.9999265019087791 8.408698031254006e-06 3.6613959850295176e-05 -0.09822828449818774 -0.008852855887193405 1.000021699028751 0.0045451232993964676 -0.8646274714567017 0.0012260275450429983 -0.004560266312688783 0.9999911301958831 50.546442638580906
0.9999236559897785 8.961208891466663e-06 3.9144424898576464e-05 -0.10098637249076176 -0.008922397520495411 1.000020160203957 0.004859038353030009 -0.8820701644050764 0.0024920732685892 -0.004873128844939706 0.9999895912086242 51.99618263409562
0.9999140711902447 1.1245322665894009e-05 4.967151778681e-05 -0.1037917114609885 -0.009873042960141293 1.0000116656950568 0.006164502544844982 -0.9144861456232452 0.0035610167835191655 -0.0061760335833196634 0.9999811067329667 53.40531766070135
0.9999224323555929 1.2706089159732897e-05 5.632773140835457e-05 -0.10658806895498905 -0.00861833782679223 1.0000077261471545 0.006989439359834309 -0.9353636014334661 0.004525736672558952 -0.007002626369844458 0.9999735129053926 54.86093513908403
0.9999502056989431 1.4389671976314938e-05 6.417824999621017e-05 -0.10911354508231874 -0.005097764645348462 0.9999962344182778 0.007962545025523146 -0.9358673031460005 0.0048440733786821785 -0.007986302097441231 0.9999652381727655 56.257386852442814
0.9999547523947909 1.3313424511336713e-05 5.925388216998159e-05 -0.11200246122993464 -0.004421921791963173 0.9999986963518304 0.007351662906469387 -0.9740928563131508 0.005339912093240543 -0.007379259054003084 0.9999682636503844 57.686901758970684
0.9999673897870188 1.3324147190156219e-05 5.951448125812698e-05 -0.11474041839321014 -0.0028520465812007434 0.9999915270295365 0.00738396259470435 -0.9880303590718906 0.005341825199023115 -0.0074171696537026184 0.9999679769571196 59.141124184444465
0.9999718426758616 1.5039130822598959e-05 6.755185076063631e-05 -0.11746393758481764 -0.002367849743798678 0.9999810211495408 0.00838059583381964 -1.013808020646986 0.005034961231689249 -0.008413839814488594 0.9999611401326162 60.534548488246074
0.9999911750671867 1.727157391382024e-05 7.850153620362222e-05 -0.12021353224407695 -0.00013616757867699475 0.9999535255432241 0.009738160437987878 -1.0280510156879898 0.004280312840967856 -0.009772863976727207 0.9999509537090332 61.99385381036321
1.0000040614552383 1.6091070203555838e-05 7.348391727245314e-05 -0.12289411816612011 0.0013958470845982715 0.9999460943188528 0.009116492733803098 -1.0489788143538425 0.003975481986128558 -0.009152199238333157 0.9999575260157187 63.385128390780544
1.0000127985937834 1.4348406283455628e-05 6.57705677910667e-05 -0.12561098255045375 0.0023823892488372463 0.9999445584722065 0.008160619532396373 -1.0687942492951727 0.003536086593694661 -0.008193899520769292 0.9999666808013566 64.80145591606174
1.0000126031530459 1.4373622693113902e-05 6.58784082517704e-05 -0.12842385992889613 0.002189250456713355 0.99994644388456 0.008174230782362346 -1.0934131461243768 0.0027830151472543 -0.008199457156556674 0.9999676550842768 66.24953752148892
1.0000027060711396 1.434041836178429e-05 6.529359923791874e-05 -0.13101234486188368 0.0008180149302291322 0.9999601380227189 0.008101841984691844 -1.107890517845552 0.0021492662475682397 -0.008119997634751023 0.9999687210351123 67.61856936295321
0.99997907393201 1.701066515240844e-05 7.691035250945708e-05 -0.13385777716992714 -0.0022510708826693005 0.9999699278861209 0.00954170070715041 -1.130899722351742 0.0015508178027598516 -0.009555216294927735 0.9999560841610321 69.09185955434651
0.999954163220375 1.8920188348144767e-05 8.534506982107483e-05 -0.13645204354296134 -0.005519945466283736 0.9999730138051609 0.010586745488136366 -1.1474559597168597 0.0007695186344706744 -0.010599015944695134 0.9999450760936602 70.45482254209263
0.9999220774963181 2.0986507534567073e-05 9.495204914637938e-05 -0.139279152371908 -0.009708814044761127 0.9999615229317738 0.011776540047910247 -1.170795612824718 -0.00014077048736268007 -0.01179466079534311 0.9999303477421658 71.91649088834902
0.9998907459229044 2.0401951377646554e-05 9.266194886484841e-05 -0.14180146690271297 -0.01370224549574955 0.9999502373239426 0.011492622322537501 -1.1798553001202108 -0.0005971719113273082 -0.011521241731815384 0.9999325390136097 73.27303569291873
0.9998627476208026 1.912295377557577e-05 8.754418817902873e-05 -0.1444852927822872 -0.017324052951367217 0.9999303095964487 0.010858205371603119 -1.1979047852711255 -0.001242378513760256 -0.010901756459750929 0.9999377173740954 74.67894067939436
0.9998568944929208 1.903090301507912e-05 8.735735711836931e-05 -0.14707605582437025 -0.018223667833257937 0.9999218202102131 0.010834441766410905 -1.1972985634305537 -0.0020125930630782484 -0.010888634394190185 0.9999352158730304 76.11650036247244
0.9998524968245112 1.9955957723858872e-05 9.190659352868984e-05 -0.149708349704089 -0.018863537710280792 0.9999088363639191 0.01139761004793899 -1.2179034479739206 -0.0024305449075443034 -0.011458864610794216 0.999927168866229 77.48246915578106
0.9998600184633321 2.0534814479051047e-05 9.430294441370858e-05 -0.1524566179239046 -0.01796234035990038 0.9999147449180283 0.011694307731079314 -1.242925476345496 -0.0025773536194909873 -0.011753106421268965 0.9999231252019753 78.89297013601339
0.9998686038473801 1.8612788472777836e-05 8.492375666826644e-05 -0.15503929820811435 -0.016815437416600472 0.999938382894518 0.010532765426279197 -1.2524773113530059 -0.002217563980435975 -0.010583205539275815 0.9999376870595652 80.28075286908128
0.9998682862133076 1.8950943382636115e-05 8.652236163904999e-05 -0.15772851197999196 -0.01680274537028799 0.999936382961606 0.010731031637804077 -1.276767143408173 -0.0019850460939314987 -0.010779406502827023 0.9999365025455729 81.66181267857858
0.9998719034813967 1.979239963546299e-05 9.034742796870231e-05 -0.16037898636486167 -0.016253264489703195 0.9999358320936241 0.01120527124930398 -1.2872382996832483 -0.0015379758265458233 -0.011247891363216871 0.9999329440748786 83.08304241678809
0.9998722346553983 1.8440337265859114e-05 8.398538323907434e-05 -0.16285957348775826 -0.01617211843263503 0.9999450268078423 0.010417214582341227 -1.297389579967201 -0.001359516240276046 -0.010458067051946596 0.9999420858857845 84.41160908597352
0.9998658754005397 1.8998923207750804e-05 8.6838578406249e-05 -0.16554069109984595 -0.01674778667488878 0.9999364288668192 0.010771302356020557 -1.3104645978766472 -0.00040476128697136313 -0.010805774710004556 0.9999409600765817 85.8381980579985
0.9998673283613401 2.0634995806642284e-05 9.448405629618553e-05 -0.16812823609680613 -0.01630724427848168 0.9999294928502652 0.011718857374069948 -1.3287769554895765 0.0007551615314522198 -0.011742821140243585 0.9999322995665054 87.18960699173037
0.9998713311654644 2.2831932302335226e-05 0.00010473466302115858 -0.17077085974023312 -0.01559180662444573 0.9999194385295939 0.012988513561604752 -1.3507530248280064 0.0017288019863644798 -0.013004400087790408 0.9999172550730638 88.55518189686389
0.9998911898138539 2.4083439010252894e-05 0.00011009385125195664 -0.1733544278795314 -0.012859178700052586 0.9999274635556087 0.013651973609280374 -1.3570441201980536 0.0029166899541172237 -0.013661740705267794 0.9999078849428041 89.95799780953439
0.9998972380102682 2.4325634957873127e-05 0.00011111336950805017 -0.1759826517643094 -0.01193901725672351 0.9999297346089042 0.01377795544599658 -1.3801711371891243 0.0036704972115224298 -0.01378574949552834 0.9999050628476838 91.310464902458
0.9999029711039977 2.359324268850875e-05 0.00010751888135744083 -0.1785631656822453 -0.011103335568749779 0.9999386780755479 0.013332642355351537 -1.3889941427754653 0.004222077201657247 -0.013340240854993437 0.999909918434375 92.70029808156112
0.9999205224822557 2.4267389352333052e-05 0.0001105194039994525 -0.18112878123360038 -0.00889676009861047 0.9999379508993801 0.013704071389251653 -1.4143211847942667 0.004341852102420311 -0.013716850004016186 0.9999045317961843 94.00827932825413
0.999923378540309 2.272829288754545e-05 0.00010318591733325102 -0.18364739432701943 -0.008487516140058812 0.9999502613538606 0.012795871471327332 -1.4108800019015326 0.004585112872197429 -0.01280954477476584 0.9999159068416815 95.41852248818952
0.9999289516601478 2.2327384941017367e-05 0.0001012666474372681 -0.18612136431287382 -0.007811096270571233 0.9999533438558551 0.012558229491592755 -1.4194875592503873 0.004515054914302591 -0.012573761181614277 0.9999190884523937 96.75030867316353
0.9999093349774609 2.150582184659057e-05 9.752559762466135e-05 -0.1887751540220906 -0.010292495013757553 0.9999565785797568 0.012095041353264255 -1.4447806598459987 0.004313528619227525 -0.012104325047651208 0.9999254002782576 98.10727525071447
0.9998989102323739 2.1571907421453693e-05 9.800763079611391e-05 -0.19128799359930762 -0.011662890820000424 0.9999518411654185 0.012154925675116881 -1.451199829497405 0.003975763031589311 -0.012162052345263238 0.9999254908020847 99.47034802964225
0.9998939815887232 2.3951966845112138e-05 0.00010940299694651772 -0.19377765529717922 -0.012297047511821667 0.9999311783883315 0.013566105718945681 -1.4599868295567244 0.003877362329660192 -0.013572360262313902 0.999907571745583 100.81002460472924
0.9998984778181488 2.7021840947695497e-05 0.00012399063616411621 -0.19634469620974537 -0.011748050727435786 0.9999072004474142 0.015371912896045328 -1.4776631447686943 0.003835473867468132 -0.015379496107612965 0.9998815211284896 102.15291411863768
0.9999000865378815 2.50416032503524e-05 0.00011447352732207872 -0.19884669346967554 -0.011593876103975102 0.9999251917953389 0.014193964953504393 -1.4884942990628216 0.003632058493365135 -0.014202536993844522 0.9998993066918301 103.49030654208673
0.9998999882044646 2.1013779528327586e-05 9.535037539825384e-05 -0.20129913904387273 -0.011634534506928149 0.9999558923359678 0.011826002810224539 -1.496647695067157 0.003505200554769191 -0.011834874952595057 0.9999303225805045 104.81219710498623
0.9999113979079404 1.910193793872028e-05 8.61763132920931e-05 -0.2037851034293698 -0.010203207226755731 0.9999728089662175 0.010689507467002177 -1.5113429671986665 0.003569188727901811 -0.010700588786966529 0.9999429769553448 106.1234777020398
0.9999199283172059 2.1320981294778094e-05 9.654503340112948e-05 -0.2064085765435363 -0.009232598658821567 0.9999598498973712 0.01197407554796265 -1.5285667468381319 0.0031732305421582514 -0.011987365185513132 0.9999290175300927 107.49963947322603
0.9999514501840129 2.4802296236206556e-05 0.00011314459563430373 -0.20880069866125342 -0.00541952811854258 0.9999303230597291 0.014029696193886053 -1.5301281086571532 0.00271991100506468 -0.014047117139970321 0.9999027501762585 108.81751832416545
0.9999629230798783 2.6929174161109334e-05 0.0001234992295703677 -0.21140703762513696 -0.004182759217179908 0.9999074758014619 0.015311526994054208 -1.554762248941372 0.001881256830944037 -0.015326946006730603 0.9998843851122636 110.15114367174735
0.999967545837423 2.462552577619896e-05 0.0001125635028182807 -0.21385175369766196 -0.0037718961394493412 0.9999256353055176 0.013957817594915812 -1.5583066852857204 0.0011532774923685212 -0.013970120714026249 0.9999040332254533 111.48930728124559
0.999960012854303 2.120616417645646e-05 9.619180616845754e-05 -0.21633921501868794 -0.00487020722071623 0.9999560097930226 0.011930329339564668 -1.572061111360736 0.0004273291734096809 -0.011940900568525389 0.9999295585575108 112.8056126906914
0.999938930372847 1.8345091540973926e-05 8.251959580400539e-05 -0.21895527921774988 -0.00771503564424519 0.9999798177528559 0.01023614297079053 -1.5941742118504798 -0.0005831212714822464 -0.010250164400874338 0.9999463916485403 114.155866937966
0.9999159561997705 1.70309567873346e-05 7.643523407642092e-05 -0.2212882325838086 -0.010896510731645485 0.9999832821441379 0.009481141558303744 -1.5886824332595277 -0.002047180955426332 -0.009506900446111773 0.9999491545811119 115.47242992277543
0.9999125815097007 2.0915956812847525e-05 9.470004435592006e-05 -0.22386899110422212 -0.011643668130034989 0.999956844340689 0.011742547938927282 -1.60610765805041 -0.00351014919464765 -0.011776451753735097 0.9999183271627323 116.82403648509913
0.9999122127441211 2.4254161278665365e-05 0.00011053256394169281 -0.22628756165618483 -0.011879837018478947 0.999931006540237 0.013702093170374295 -1.6090721392755059 -0.004359122377749095 -0.01374049259392567 0.9998884213750263 118.15030612347289
0.9999175511704986 2.6075648050316938e-05 0.00011918080076321028 -0.22890137189019788 -0.011417039244735465 0.9999174305458842 0.014771379972398342 -1.6273734958696788 -0.005251858694017389 -0.014809839309748447 0.999867267324321 119.51631073409747
0.9999198441268085 2.5687569624580076e-05 0.00011730495076327663 -0.23138690069039308 -0.011357013990658305 0.9999210623722986 0.014537478914036483 -1.6403165428815563 -0.006254092957311404 -0.014578711415437824 0.9998630843127744 120.83516423628355
0.9999065123437081 2.5004994854690293e-05 0.00011418998880711995 -0.23380856234224776 -0.01333248993138451 0.9999181585807485 0.014149001402076417 -1.6455451540410002 -0.007680227385742683 -0.014213626990448562 0.9998558228320948 122.15304881875963
0.9998908876662869 2.3999564061981393e-05 0.00010970165604984685 -0.23625519090919148 -0.015510994500776112 0.9999120297188865 0.013590862158420989 -1.649440444033597 -0.008741893572984955 -0.013684115865983055 0.9998525665225165 123.49070698348852
0.9998878986626818 2.279790919192115e-05 0.00010406386396904404 -0.2387743848316198 -0.016150249402245184 0.9999163505888115 0.012889759877142198 -1.6629007962971816 -0.009937271289057558 -0.012999327733641394 0.9998483696347168 124.82589846880715
0.9998835704765976 2.1910745909561533e-05 9.99762374481873e-05 -0.2412135616023866 -0.016937850419340265 0.9999161046054406 0.012380438937383642 -1.6646111171506313 -0.011052520332579412 -0.012509082307713679 0.99984089604486 126.16917355953002
0.9998859428457797 2.1276882599806368e-05 9.691292112454296e-05 -0.2437698724274063 -0.016836993447531774 0.9999216581741451 0.011998465293778512 -1.6810864952930809 -0.011916644883298199 -0.012133259932614982 0.9998340357575093 127.51147601868881
0.9998886530317647 2.2595356213381962e-05 0.00010308355355475468 -0.2462260723523167 -0.01672825315862477 0.999913175668071 0.012759403828070514 -1.6906701410591474 -0.012932708225931925 -0.012901305470071883 0.9998099699913202 128.8290675935572
0.9998913121991758 2.4246823603784468e-05 0.00011086936057378674 -0.24876521423850942 -0.016590498172731782 0.9999016206228867 0.01372051107115583 -1.7001933522997206 -0.013791122984837412 -0.013867476901476663 0.9997840271655204 130.19286487126465
0.9999025144418313 2.523875361377416e-05 0.00011537147334822516 -0.2512582482479668 -0.01526864900667277 0.9999042386630799 0.014276835593985576 -1.711099182168824 -0.014100459554687063 -0.014405167524089286 0.9997715587633864 131.52496010961346
0.9999141339001969 2.576466905618996e-05 0.00011772436093409038 -0.25377699248933694 -0.013831110332323027 0.9999093763181816 0.014568080625065188 -1.7211842027401938 -0.014124940992189 -0.014673526431143257 0.9997672701991107 132.87495502950304
0.9999271139252345 2.7533342816287235e-05 0.00012612408424621897 -0.25617727884821784 -0.0121869972344977 0.999901815432698 0.015608310656569242 -1.7195869162538167 -0.013981721970670373 -0.01568679871283504 0.9997541713968895 134.21144169789568
0.999936511432584 2.780595434216139e-05 0.00012743558840283987 -0.25877432796328625 -0.010896835116154373 0.999903738763981 0.01577259415551596 -1.7441066769449802 -0.01343284249185739 -0.01582920341217621 0.9997604456264615 135.5404320809494
0.9999354199244652 2.712102837888926e-05 0.00012413854494093047 -0.26121791422382806 -0.010779138856470883 0.9999103689736067 0.015368280745729237 -1.747463888822769 -0.01230345352076265 -0.015420299392102385 0.9997834062355637 136.87880489878006
0.9999585873409006 2.9514788041794596e-05 0.000135891238586962 -0.26369342951021046 -0.007664129196018556 0.9998905245391246 0.016825974839092993 -1.753542548676708 -0.011242825199002238 -0.016834545540759402 0.9997750186261305 138.2227246881936
0.9999633631116971 2.96730859631663e-05 0.0001367408044257209 -0.2661376925332016 -0.006842372867051857 0.9998880434225341 0.016933976973123207 -1.7581067617286184 -0.010223146841469516 -0.016933281208952895 0.9997861406828258 139.55608963055153
0.9999753234588159 3.0487831741777063e-05 0.0001409602780700059 -0.26864745607628165 -0.00505970079439892 0.9998752529917747 0.017459418388549044 -1.7658894453202396 -0.008897282488101135 -0.017441555891058072 0.9997924828515928 140.91137812493798
0.9999744347648425 2.9194617852331545e-05 0.00013467047649463057 -0.27103282406945456 -0.004908612745175284 0.9998880427867161 0.016683885404789326 -1.7667026159858386 -0.007731306577301654 -0.016668291482279572 0.999817463926833 142.228852903871
0.9999712145074995 2.872738747853286e-05 0.00013233356233750696 -0.2734881912645335 -0.005073829128670314 0.9998933016031489 0.016396823562855746 -1.7691824294982885 -0.006684606035580502 -0.016386070785087952 0.9998315610114799 143.577663227876
0.9999922955397427 2.5334584241393232e-05 0.00011665317875194118 -0.27602780131843135 -0.0022843856535233655 0.9999110524829721 0.014457615857800903 -1.7779968409957334 -0.005920345295879428 -0.014427855297249416 0.9998679048583556 144.94488072622434
1.0000259052054572 2.31203082079693e-05 0.0001076250097055561 -0.27846166131112443 0.0021557269648323704 0.9998911102165557 0.013341831212577822 -1.786853316169529 -0.004733631862938639 -0.01329044458832393 0.9998921190336026 146.25334251517214
1.0000845292562726 2.7337006389963753e-05 0.00013211866132861912 -0.2810860210853314 0.009649425771691355 0.9997413916367982 0.016375054537377306 -1.8017713221386222 -0.003783128148392904 -0.01629347970698485 0.9998535005823043 147.64027807900285
1.0001404813684895 2.9281021625044562e-05 0.00014761593222577252 -0.28348392937178485 0.016908710126195825 0.9995531797991323 0.01829378487510287 -1.8082285089640002 -0.0023981949335823037 -0.018209485505007304 0.9998272510331437 148.9395283044884
1.0001579812727097 2.3417120718561418e-05 0.00012154293452946302 -0.28589946644030545 0.01929227858066143 0.9995446886299042 0.015068489614492477 -1.8142782808106646 -0.0014606016000568423 -0.014999716642375639 0.9998840114650318 150.25035886326629
1.0001516951220817 1.848049428817243e-05 9.722077944493163e-05 -0.28851875409102457 0.018522132167150172 0.9996063684364476 0.012057036128601005 -1.8267926776386794 -0.001413620831914713 -0.011990573718840151 0.9999247329038449 151.6452043375261
1.000122716766 1.510660169541482e-05 7.791172471688693e-05 -0.2909652511508427 0.0146923650280928 0.9997268785932522 0.00966398194842495 -1.8355843224022477 -0.0024434469257659276 -0.00958457076871594 0.9999468089733933 152.96095409609822
1.0001286473125437 1.5425343634477978e-05 8.006664997412959e-05 -0.2935103649795419 0.015229710472378847 0.999711896254381 0.009930139901660005 -1.8455603753828405 -0.003331670751063256 -0.009827915920935647 0.999940281696298 154.32603937325945
1.0001627259033588 1.922916968360132e-05 0.00010222000007974099 -0.2958341886989347 0.01934971209983867 0.9995763820714001 0.012673984313962904 -1.8377557451465196 -0.003832217812057747 -0.01253894253392937 0.999907303261509 155.64786033043728
1.0002173113916617 2.3404450941746924e-05 0.0001305165908691273 -0.298411454272498 0.026010066735682062 0.9993209678145193 0.016176426333104097 -1.8517959649084226 -0.0043613611176423804 -0.015990395384916183 0.99985499007924 157.01262799789868
1.00024104754155 2.3829066233630944e-05 0.00013678818261029634 -0.30079724948817355 0.028940744408231127 0.9992038906201424 0.016952415612621244 -1.8479689968380968 -0.004437756491297073 -0.01674767476500677 0.999842129131133 158.35103235062795
1.000248059304712 2.4584544794195237e-05 0.0001417655755009779 -0.3034014844172168 0.029844064445011392 0.9991593862344671 0.017568404393049904 -1.874920620379542 -0.004292711789350261 -0.017364555353088253 0.9998325099445738 159.67315746077608
1.0002444272531774 2.492389237479173e-05 0.00014272696476131394 -0.3057958781959175 0.029160433688824365 0.9991830067923321 0.017685938685544376 -1.8644846227840284 -0.005329843469349086 -0.017447160822635453 0.999824209438807 161.04579734525248
1.0002243575130572 2.5540851969551442e-05 0.00014207292064559668 -0.30818384460195825 0.026391250404047564 0.9992837681315977 0.017602986596404798 -1.86068546437274 -0.006563842081563431 -0.01733950393772912 0.9998165126380545 162.3852801612384
1.0002084146154122 2.3756858012799476e-05 0.00013072326562002957 -0.31069781560461024 0.02420990042456935 0.9993803736408803 0.0161969764277466 -1.8689571326787093 -0.007461955922412726 -0.015920647219985103 0.999832170609574 163.74071824037196
1.0002009327430617 2.3083136256435086e-05 0.0001262621925974248 -0.3130336461699677 0.023145480315766347 0.9994229926388449 0.015643631972107993 -1.8588282363627802 -0.008065072472058687 -0.015357454435461344 0.9998351995249566 165.0795542104074
1.000203802267806 2.5101545176337697e-05 0.00013646233395583408 -0.3154385993243162 0.023452132041900685 0.9993928059418941 0.01690541223309401 -1.8536326903294367 -0.008286785933255408 -0.01660993997560023 0.9998129813935311 166.43467215848935
1.0001862403929969 2.5658907794101626e-05 0.00013639105301173002 -0.3178960077443371 0.021313169456319093 0.9994580891102796 0.016896915036982457 -1.8612353742022123 -0.00809922396467664 -0.016627493099896588 0.9998145655716052 167.76176725303458
1.0001767195243676 2.288703553584258e-05 0.00012162101992526145 -0.3204577690979689 0.020237195536784325 0.9995183676920665 0.015070000268305196 -1.8683279899735625 -0.007624597136996905 -0.014823516441031867 0.999847501857813 169.1489313706836
1.0001400869336958 1.8441578129935535e-05 9.55836187780943e-05 -0.32309262470644506 0.015835859438461566 0.9996766861488258 0.011847141993958317 -1.8776501337477478 -0.006964181715803226 -0.01165543473236416 0.999895415540799 170.56663496478782
1.0000732348444752 1.7181860298490226e-05 8.285365710761954e-05 -0.3257574676590007 0.007613209846570134 0.9998568101505023 0.01027055057011564 -1.9067077747827903 -0.006608504280257406 -0.010154485203611459 0.9999148193316666 171.9129350370169
1.0000472311684427 1.975612561348067e-05 9.30062902254297e-05 -0.3282608036286695 0.004294259498894065 0.9998895810398666 0.011527548265508693 -1.9137154149978468 -0.0070077968302404295 -0.011434060734299437 0.9998975848206045 173.26812006398157
0.9999827296561619 2.4480086271261303e-05 0.00011225743459569726 -0.33112400458784585 -0.0038701129272465254 0.9999267179241961 0.013910001924534706 -1.9517463725453392 -0.007694061700177429 -0.01388474317268574 0.9998603079277787 174.6842607999068
1.0000094822423196 2.8282226230380916e-05 0.00013152058682671178 -0.3333780195379896 -0.0005480931575080131 0.9998712561899789 0.016294361182166327 -1.9330251360576773 -0.007695853802334822 -0.016237837516610277 0.9998248787824507 176.01610241877276
1.0000309850149558 2.9946161094650953e-05 0.00014071278940440326 -0.3359290574709806 0.0023074160302438296 0.9998265179318708 0.01743340934254068 -1.932298764222189 -0.006870544001735227 -0.01735889630320352 0.9998135620063141 177.43219674718907
1.0000415769271007 3.056660493902519e-05 0.00014439297950637328 -0.33853578037390847 0.003931301654925357 0.9998002804314307 0.017891103549907004 -1.9375693856824892 -0.005494909166142185 -0.017819527674906677 0.9998164559427688 178.85238744838836
1.0000365507799702 2.4679934486439292e-05 0.0001156849696260032 -0.34112979285295625 0.003800155401634399 0.9998591142685973 0.014341569300936639 -1.9613514488251327 -0.0032961053044882815 -0.014296908533383001 0.9998866170886387 180.18298583923084
1.0000197064422305 1.7046343047139034e-05 7.866406660062865e-05 -0.34374698074996823 0.0021019796412561353 0.9999331103138932 0.009757850471255795 -1.9685224716277898 -0.0015402268008205906 -0.009739166034318847 0.9999487474511778 181.60049747629807
0.9999835165967502 1.6084764573051982e-05 7.272067374010024e-05 -0.34628507358097954 -0.0022922511894793067 0.9999750016880713 0.009021560160267379 -1.9705946372000471 -0.0010933329802375955 -0.009019792898365145 0.9999568800618056 182.99694211250275
0.99993485564053 1.707159089205275e-05 7.655379212828119e-05 -0.3487899102566261 -0.008245693079114842 0.9999871614222974 0.009496818677586397 -1.9838106190921316 -0.0006928874421298795 -0.009512105188636554 0.9999534059448233 184.32527183035373
0.9999469265935501 2.4376534614118164e-05 0.00011106784079275276 -0.35141936812045227 -0.006847791491234614 0.9999366529447915 0.013771723870160525 -1.9848581443314024 -0.0011441864313603827 -0.013783086812602898 0.9999024881932497 185.77688709501004
0.9999215376528668 2.7884720228901413e-05 0.00012784060799532373 -0.354087371499751 -0.010060979606771311 0.9999045803616677 0.01584763067102187 -2.012742875279856 -0.0014122884641641937 -0.015869073593229522 0.9998707610643601 187.1301681826537
0.9999482582638937 2.9234185647746685e-05 0.00013440064617931298 -0.35657543668986363 -0.006791541916477072 0.9998926000406098 0.016659243795969367 -1.9937374965277044 -0.001630864384875715 -0.016669882193614302 0.9998570148413333 188.59290225085925
0.999960912858772 3.0376049367052474e-05 0.0001401042431303074 -0.3591353299810787 -0.005190759052682635 0.9998772822451846 0.017365003329431625 -1.9940384508527822 -0.001500644276917387 -0.017370597287330126 0.9998455359459062 190.00931957035388
0.9999870610381154 3.13496333949545e-05 0.00014549873601831876 -0.36158953013102113 -0.0019704356199584825 0.9998510597996919 0.01803225565384976 -1.9961127186180854 -0.0016212151135247207 -0.018026743044063074 0.9998335247218686 191.35929209783433
0.9999961098012198 3.143509846481249e-05 0.000146240374984325 -0.3642912031877763 -0.0009487590581278901 0.9998426696481679 0.018123643970057494 -2.0055895030525583 -0.0020765153620817545 -0.0181114929808484 0.9998303302313952 192.8133119291524
1.0000196472895826 3.237199811014467e-05 0.0001518921348799753 -0.3666840742930717 0.0018971353750743217 0.9998054790432175 0.018822394839540242 -1.9972000302516384 -0.0024209806395332394 -0.018796234760607877 0.9998163049945469 194.17598190940947
1.0000600617049764 3.474263470443564e-05 0.0001661833875318062 -0.36933051653700405 0.006818258331767026 0.9997095414698592 0.02058912680160362 -1.9986223243830303 -0.002857885259357789 -0.020537016220992306 0.9997801455940358 195.63533242125786
1.0000893457253284 3.553324063167683e-05 0.00017264715069901918 -0.3719236233466986 0.010386875088322025 0.999633302746408 0.02138788916108454 -2.0078810258382576 -0.0031619618475919346 -0.021314872673122872 0.9997624111601183 197.03019697866742
1.000040764541524 3.0386880400632907e-05 0.00014346534002946266 -0.37476345929813576 0.004350319870009802 0.999797164047073 0.0177794339230923 -2.034804927773236 -0.003176345715739063 -0.017733887562549434 0.9998322184353042 198.48292989378692
0.9999955505735543 2.21814919541298e-05 0.00010176133701017814 -0.37735572984904475 -0.0013384947922124675 0.9999300931650191 0.012617262069364388 -2.0353292896767763 -0.0035048439967653427 -0.012596648265050185 0.9999083710122442 199.91628258599695
0.9999233549704412 2.1564059533777172e-05 9.767313356496546e-05 -0.3798914841829234 -0.010608539773752711 0.9999556513269762 0.012108987777695038 -2.0294906405626905 -0.004860658949563229 -0.012140714275118768 0.9999058845302415 201.3467108082529
0.9998818675827825 2.7118006663761143e-05 0.0001248651640476839 -0.38239336875692725 -0.01602496514637805 0.9998806723928733 0.015473489631600248 -2.021394167895214 -0.006038333663206137 -0.015551059451854185 0.9998501638916072 202.76844965226994
0.9998636458969976 3.177795744977244e-05 0.00014807372520762255 -0.3851491528511269 -0.01852803298081236 0.9998090111923001 0.01834271426402193 -2.035721930617271 -0.007109093126631389 -0.018451482213063173 0.9997919124841932 204.23080487606404
0.9998780638602491 3.241155970207937e-05 0.0001506348918607803 -0.3876916407305701 -0.016608973409809272 0.9998213905909064 0.018660663481584325 -2.027371443469339 -0.006536115694361009 -0.018747186916635076 0.9997913604460186 205.67616405871968
0.9999041118837452 3.294157390210106e-05 0.00015258276101278627 -0.39036318139988296 -0.013075938755969891 0.9998408138142473 0.01890398553794848 -2.0302794444508887 -0.005206663186601235 -0.01895410855574904 0.9997976701809351 207.14278937193734
0.9999179410452135 3.2312337246775263e-05 0.00014933367017952622 -0.3929345779680411 -0.011107163122192728 0.9998562607837169 0.018503853970100716 -2.0309139408818457 -0.004085874889819682 -0.018536728401547232 0.9998127220905194 208.5640901630382
0.9999148098308247 3.13967587538197e-05 0.00014490011512208862 -0.39559467633132966 -0.011381412305202806 0.9998653799136985 0.017956135644626035 -2.026811071028673 -0.003574727462311313 -0.017988981370839263 0.9998256006313149 210.05564370011967
0.9999079820333838 3.1524160574621096e-05 0.0001456047492443826 -0.3982115011087885 -0.012204564594699555 0.9998607270865157 0.01804340766512162 -2.0239387315229003 -0.003464146254019836 -0.01808029055283493 0.9998245438769923 211.51774317473692
0.9998960040998864 3.299098850791625e-05 0.00015298073419311 -0.40077609362456806 -0.013655665138850736 0.9998367504011142 0.01895580572372796 -2.0254188744149277 -0.0033016085405530044 -0.018999597134340036 0.9998083536269412 212.93150443244892
0.9998985929224348 3.2943128739991445e-05 0.00015269239301449493 -0.40341783597294234 -0.013239414118301897 0.9998396638395417 0.018920628387236304 -2.03188626119361 -0.0028790949047432226 -0.01896009805763441 0.999811171834854 214.36575309802546
0.9998927143040153 3.182422466894985e-05 0.00014735722677187762 -0.40613220379104165 -0.013890818521413651 0.9998483440184078 0.01826115427512848 -2.0398062557615484 -0.002528283131569559 -0.018301699658096734 0.9998250132450456 215.83374633020225
0.999901226667928 3.130566892577992e-05 0.00014465215793761145 -0.40875217754887955 -0.012776436716476226 0.999860286791205 0.01792683403773959 -2.032428320039678 -0.0022730822270437216 -0.01796124567214585 0.9998322559056719 217.3176827843634
0.999890616853044 3.150368007465848e-05 0.0001458461726222941 -0.4115126112188287 -0.013971437587458446 0.9998512557707666 0.018074980224330066 -2.043643403238026 -0.0017261659163356612 -0.01811118559940828 0.9998316346969669 218.79649427919927
0.9998850924653068 3.068334811272104e-05 0.00014200208764431304 -0.41415478510555004 -0.014616074539621781 0.9998557187860934 0.017599622789109617 -2.0414035015797483 -0.001541359790533993 -0.017636953674622768 0.9998407413692315 220.26981259448138
