1.0 -6.776263578034403e-21 8.673617379884035e-19 -8.673617379884035e-19 0.0 1.0 -1.828002979293187e-19 0.0 0.0 1.0683203047244863e-19 1.0000000000000002 5.551115123125783e-17
0.9999999520556653 -0.00021661944205385926 -0.00022127943901499754 0.002102274673966724 0.0002167420704873432 0.9999998229377592 0.0005542091035697942 -0.01548121933919435 0.00022115936581252205 -0.0005542570294932409 0.9999998219436688 1.3129438562310276
0.9999996030234856 -0.0008820519424788537 -0.00012624229267214643 -0.002573244100881847 0.0008821907363355041 0.9999990026412474 0.00110293104855583 -0.030025300554791953 0.00012526933446548993 -0.0011030419643528499 0.9999993838024411 2.61392378865525
0.9999985204178208 -0.0014988950955985693 -0.0008440823748564353 0.013256726875178516 0.0014997882078330639 0.9999983153439995 0.001058274769718639 -0.05698652425018358 0.0008424947800279728 -0.0010595391330705246 0.999999083789072 3.940544040191934
0.9999974226791498 -0.002265521147197393 -0.00014848713051180025 0.011520711605653287 0.0022656774728983236 0.9999968718762653 0.0010596907806988047 -0.06574241014437086 0.00014608592557733245 -0.0010600244576896667 0.999999427503004 5.252369093387767
0.9999965674149491 -0.002555006702203492 -0.000580601566570884 0.020526693681376544 0.0025558663210328366 0.9999956322757951 0.0014842433819316236 -0.08017817031423859 0.0005768068262684929 -0.0014857222051158259 0.9999987299604793 6.579534941749719
0.9999937145294974 -0.0035246731962537145 -0.0003841600965569054 0.026887567696792795 0.0035256752234179706 0.9999903032937905 0.0026387375433542127 -0.10891684699847826 0.0003748557141123937 -0.0026400753424597715 0.9999964447354533 7.91369279221519
0.9999932259836302 -0.0036786338985850763 -0.00012505245812396114 0.01832578400642701 0.003679021547302345 0.9999879433728849 0.00325237038696385 -0.12339825073786582 0.00011308667861321779 -0.003252808378215585 0.9999947032092832 9.232877034496227
0.999994638320277 -0.003190828979346208 -0.0007361656036726687 0.027581217684497457 0.0031927125891355723 0.9999915971634039 0.0025714182556095047 -0.13956385692144216 0.000727954521730057 -0.0025737547957831305 0.9999964229270298 10.566952198660367
0.9999996153042148 -0.0006511599912842075 -0.000587691917928717 0.021276653990648278 0.0006511955164902691 0.9999997861631567 6.015084757928997e-05 -0.15469536725259567 0.0005876526734155717 -6.053352577872872e-05 0.9999998255001055 11.885755913569561
0.9999976490662089 0.00203015052955679 -0.0007618071479679918 0.03432500634905629 -0.002030725302092936 0.999997653658791 -0.0007542092123936477 -0.17665655802052638 0.000760274266675319 0.000755754449009322 0.999999425409399 13.228563587774486
0.9999862635050177 0.005199728653300129 -0.0006600153406291455 0.02433395989174092 -0.005200076862720048 0.9999863410728506 -0.0005261849902675541 -0.19367720306638703 0.0006572703632653941 0.0005296098841571283 0.9999996437547898 14.57022579777863
0.9999838641474251 0.0056805864577563646 -4.877587500585947e-05 0.019291718584519252 -0.0056805716106392715 0.999983817259591 0.00031036834740873925 -0.21173250190743703 5.053816617785027e-05 -0.00031008626110567847 0.9999999506460995 15.913962621935873
0.9999919112825469 0.0040217440183543535 -5.42486465702971e-05 0.03701692942858245 -0.004021578428625098 0.9999880644970065 0.0027744862871888184 -0.23423376778376742 6.540627963344883e-05 -0.002774245640565062 0.9999961496331243 17.264687849823837
0.9999997225559258 -0.0006861420020825064 0.0002899953170173832 0.03951332993364161 0.0006846420066871556 0.9999865478082187 0.005141543740192776 -0.2531523012300376 -0.00029351926988764165 -0.005141343696131757 0.9999867401257221 18.617572023144973
0.9999967267874982 -0.0025566375620990345 -0.00010008989073677973 0.04916558313136468 0.0025569600647202665 0.9999910725860379 0.0033640313118440163 -0.2770694443224402 9.148839512920955e-05 -0.0033642761772867675 0.999994336620534 19.96490151375743
0.9999940906791903 -0.003437528488284319 4.4759924283015694e-05 0.05550212922092902 0.00343748049317414 0.9999935526056044 0.0010384974719153427 -0.2845334315891633 -4.832950561872891e-05 -0.0010383374580267832 0.9999994597592569 21.31768441490954
0.9999992389361252 -0.0011855937095580128 0.00034131321651639963 0.05979739141380387 0.001185502903323047 0.9999992617880733 0.0002664704549985734 -0.3252053412391033 -0.0003416289192851186 -0.0002660656203045897 0.9999999062492221 22.67632785736381
0.9999990132112794 0.0009093534990052513 0.0010708188079839552 0.059972115611901494 -0.0009108946217712024 0.9999985490402709 0.0014395101538514689 -0.3138586709833268 -0.0010695083199176057 -0.0014404841157659848 0.999998390576748 24.035978705656074
0.9999970706965803 0.0012948361049783291 0.0020449933983888056 0.05494193930236016 -0.0013070984176944602 0.9999811078217403 0.006006288231302558 -0.32915448117561674 -0.0020371777752949275 -0.006008943557921629 0.9999798710467948 25.421403426031475
0.9999975570079048 -0.0007759706701152698 0.0020697459085956835 0.08238005154211424 0.0007613861419987619 0.9999749426032409 0.007038072363917033 -0.3387756364530531 -0.0020751555579461567 -0.007036479192050878 0.9999730904798357 26.791639918862334
0.9999866821076542 -0.004657421001759228 0.0022235186646533123 0.07632081453592938 0.004643474503242042 0.9999697687792414 0.006236960740578222 -0.37020324807406835 -0.0022524997872149233 -0.006226552734094048 0.9999780778998569 28.16232079123392
0.999985470098775 -0.005008722353053853 0.0019930603842767238 0.08690858256804816 0.005001193204138114 0.9999804056766454 0.003765147363093868 -0.3662561264451568 -0.002011880079646724 -0.0037551249204639744 0.9999909256448499 29.534516451052703
0.9999852753345861 -0.004708463510695647 0.002698051822107416 0.09001857758268395 0.004703292021806565 0.9999870961056297 0.0019200703079384222 -0.4088319941222561 -0.0027070578161080966 -0.0019073522813948993 0.9999945169066682 30.92356668225643
0.9999924200704012 -0.0022823889024000065 0.0031544417122579926 0.09346968807405942 0.002279484606954001 0.9999969750271063 0.000924060466836106 -0.4013029499249625 -0.003156541500683924 -0.0009168629474740311 0.9999945977889239 32.29169124775331
0.9999934636585948 -0.0005749213348732803 0.003569608638261808 0.10050959883554578 0.000578061494693353 0.9999994468586475 -0.0008787074153010143 -0.4358442227239234 -0.003569101775239485 0.000880765112429198 0.9999932428599886 33.679658290692494
0.9999930123743942 4.414653141647205e-05 0.003738081559937829 0.10099190857009968 -4.2197593295209534e-05 0.9999998631534254 -0.0005214519391555088 -0.4476253930978973 -0.003738104381736305 0.0005212905498400174 0.9999928773905756 35.07544388850611
0.9999943212980138 -3.781505977797004e-05 0.0033698578757530603 0.1186374203578856 3.414402965090496e-05 0.9999994059942334 0.001089424693281829 -0.47888314541158844 -0.0033698973529354 -0.0010893034304535032 0.9999937285846917 36.461938693758945
0.9999945302307494 0.0008360950896398582 0.003200070921251905 0.11654234793430585 -0.0008440765728444003 0.9999965347531121 0.0024935954866553162 -0.48376598875777604 -0.0031979752167989165 -0.0024962829161688732 0.9999917707280668 37.866181354050006
0.9999905961681866 0.003168291637069373 0.0029613346197032517 0.1258218646121491 -0.0031772668447113597 0.9999903592096164 0.0030309184272042404 -0.5016373346765545 -0.002951703482655519 -0.0030402988318416575 0.9999910219731168 39.253918471536444
0.999977545438332 0.005826699117262029 0.0033103162336554567 0.13238765415091064 -0.005837165936933987 0.999977967888322 0.003160891886489942 -0.5223472884468046 -0.003291826008028877 -0.0031801437302754797 0.9999895252274376 40.648880310114976
0.9999626176572184 0.0079663725775703 0.0033615755554626367 0.12943884135532072 -0.007978836234984925 0.9999612845422828 0.0037104713967635594 -0.538583840029122 -0.0033318866891225408 -0.0037371540989091416 0.9999874660249959 42.07840090312732
0.9999539118087823 0.009125046429029211 0.002984590127040417 0.13927117155575522 -0.009136951172365949 0.9999502591494529 0.003999420145855329 -0.5534916422390174 -0.0029479470200793273 -0.004026505817516247 0.9999875483503463 43.464493587205595
0.9999638993294356 0.008058240586181022 0.0026953275483569015 0.14124979654106037 -0.008068643678587697 0.999959955239637 0.0038710354827001777 -0.5699216486047323 -0.0026640260995902196 -0.0038926433184841153 0.9999888750828639 44.89874945969259
0.9999675643084098 0.007829140296241764 0.0018907373548048912 0.15335901074061303 -0.00783559179695924 0.9999634227736764 0.0034287934607025697 -0.5956467694979345 -0.0018638238451098637 -0.0034434972431595184 0.9999923342127893 46.29476449400082
0.9999724910289347 0.007347582798568554 0.0010149913341820326 0.15801387109249682 -0.007351689473199233 0.9999645599985635 0.004102611028647498 -0.6095495079568606 -0.0009848111685057679 -0.004109960013038507 0.9999910691462037 47.725342067251546
0.99996900123704 0.007872794349121415 0.00012517222342317037 0.15852893671780163 -0.00787331865792818 0.9999567335030066 0.004953986807463368 -0.6267165712537256 -8.616509270976784e-05 -0.004954818690559729 0.9999877210963077 49.12155847425961
0.9999621147809739 0.00866194947087551 -0.0008600153182932464 0.16040991684995887 -0.008657470915611632 0.9999496076896394 0.0050823508384725755 -0.6467907551042236 0.0009039951251035598 -0.005074712663064745 0.999986714952062 50.5426978301675
0.9999575388320471 0.008978739885726339 -0.0020743080566643576 0.16337792750024327 -0.008967928685433066 0.999946452373598 0.005164170070773522 -0.6592082105965499 0.0021205649029937467 -0.005145348474567635 0.9999845141754458 51.99675046225243
0.9999532188492014 0.009135940410256883 -0.003177215075370111 0.1638648720227674 -0.009115459247788716 0.9999379571855892 0.006402358591543333 -0.6749511518899449 0.003235509792821142 -0.006373097216760515 0.9999744572263988 53.39986240163052
0.9999624972498233 0.007782834173070088 -0.0037988916108098987 0.1564942852754046 -0.007754845574695613 0.9999430818504289 0.007327717345251131 -0.6891818378840696 0.003855706119584061 -0.007297982613709888 0.9999659359082379 54.854082215472104
0.9999706795736434 0.006331052478147507 -0.0043078719057207315 0.16070526723630046 -0.006297257039645886 0.9999496414223034 0.00781403759528454 -0.7015160317876763 0.0043571264166599654 -0.007786680596140224 0.9999601907333685 56.254659243653165
0.9999820971197863 0.0035378648918327964 -0.004825862291153363 0.16204528008770516 -0.0035014771551717503 0.9999655342499864 0.007527946418210102 -0.7123016759407491 0.004852329229160098 -0.007510913891632181 0.9999600197364035 57.676681456205785
0.99998449659883 0.002903419933622036 -0.004751495564344814 0.15353690511491047 -0.0028668021182341047 0.9999662805959002 0.0076953962848856 -0.7286304019219196 0.004773678714531397 -0.007681655271837359 0.9999591012442587 59.13404481219636
0.999988092463073 0.0022626042045459567 -0.0043238351636268185 0.158664903059191 -0.002225725530594958 0.9999612691099732 0.008515070960252308 -0.7451498532966606 0.004342934297509182 -0.008505345773678818 0.999954397965772 60.52853907847628
0.9999923314832382 0.0005139954750163068 -0.0038823679078714883 0.15716202615311864 -0.00047701717071512047 0.9999545736340062 0.009519618227447723 -0.7559474816810332 0.003887084912404315 -0.009517693132201913 0.9999471506449613 61.98935156622886
0.9999935764797493 -0.0007859288477819813 -0.0034970434150220064 0.1608609991323539 0.0008184820459014524 0.9999562600923341 0.00931708094225557 -0.7761307269448877 0.0034895681839270318 -0.009319883225919442 0.9999504801163872 63.38744974342947
0.9999941845997877 -0.001754001772056687 -0.0029247636212936974 0.15942058205927212 0.0017785768634918833 0.9999629607246006 0.00842103619508586 -0.7893058569026049 0.002909885020820466 -0.008426189017925228 0.9999602651618619 64.79683239737113
0.999995597641645 -0.0019107486819768143 -0.0022701839433667634 0.15975565403991815 0.0019297111654136727 0.999963024089469 0.008380135801128476 -0.802809649197604 0.002254087855896006 -0.008384479586270362 0.9999623090818417 66.25338136914739
0.9999985255245532 -0.0005751484909438507 -0.0016180704727344264 0.1563894129330567 0.0005886149236547838 0.9999650953840037 0.008334359791649627 -0.8138277532482043 0.0016132206350407165 -0.008335299802439529 0.9999639594956712 67.62014904223288
0.9999971314279226 0.0022023698994083287 -0.0009416484657173169 0.1527522935460519 -0.002193217467424984 0.9999513907243752 0.00961280366028054 -0.827211659035767 0.0009627737237095004 -0.009610710706634273 0.9999533525613621 69.08493339293386
0.9999832156873792 0.0057928474668701106 -0.00010610565453475235 0.1464531877442059 -0.005791320272342405 0.9999220672118497 0.011059842912253853 -0.8397418997101731 0.00017016538474278614 -0.011059042629517051 0.9999388324343871 70.43976991085826
0.9999542861608075 0.00953293821714063 0.0007407218705183108 0.1430462454596499 -0.009541171990263659 0.9998819314648485 0.012045297289860122 -0.8518951746747633 -0.0006258073886980563 -0.012051813835129788 0.9999271784172382 71.89330583577436
0.9999053117539262 0.013703507426140965 0.0012575342598337173 0.1418132983716644 -0.013717393915058834 0.999836381572258 0.01179165881274556 -0.856472693199795 -0.0010957415067981086 -0.01180779220567358 0.9999296852194088 73.25539145162773
0.9998576271661029 0.016740055123426415 0.0021203596781495613 0.13488710056562048 -0.016762824336366177 0.9997965592332326 0.011218195177890807 -0.8619954510748362 -0.0019321352606849534 -0.01125214106870253 0.9999348259583637 74.6576680909344
0.9998285188544547 0.018294072109617348 0.0028739830419248578 0.13658113730848265 -0.018325463640277796 0.9997681680559309 0.011304316313606556 -0.8703522489208596 -0.002666514999794747 -0.01135504474727051 0.9999319740092885 76.08256209035387
0.999808567517235 0.019288722613832816 0.0032822953727134063 0.1407337634111282 -0.01932653131966219 0.9997423402417719 0.01190539214990819 -0.886171660176363 -0.0030518100991369186 -0.011966548285819492 0.9999237411753968 77.4542473937603
0.9998270200213303 0.018303885302556333 0.003301179422933222 0.1500043655090469 -0.018342227966111346 0.9997599419134445 0.011984208864078562 -0.9022955480516799 -0.0030810296150747644 -0.012042686650497913 0.9999227374870681 78.86806305844269
0.9998406796486122 0.01756327058026313 0.003185406792697225 0.1542319854233007 -0.017597601762695342 0.999783646455563 0.011089848163682999 -0.9064280189994738 -0.002989943858740538 -0.011144136687321846 0.9999334320058672 80.2413113247905
0.9998457090150282 0.017339713243507165 0.002809355759331701 0.1654628722940673 -0.01737023607164619 0.9997860509142694 0.011230642702188686 -0.924949612164371 -0.0026140187889244406 -0.011277708927991478 0.9999329878430622 81.62806086829752
0.9998632262072924 0.016350546017641864 0.0024876690838221043 0.16951914871761126 -0.016378212421048827 0.9997992761055132 0.011539570757073986 -0.9259958147748723 -0.002298491653126826 -0.011578735854335944 0.9999303224732514 83.04127583704835
0.9998633597180917 0.016403113681934478 0.002049323988629341 0.17369910459210114 -0.01642493825546388 0.9998031613344192 0.011129241897154566 -0.9384476193555635 -0.0018663665328084332 -0.011161381055869724 0.9999359680692902 84.39909685399029
0.99986253365744 0.0165295990943517 0.001298505074659651 0.17934640479911051 -0.016543420015960982 0.9997973473912284 0.011470808191922206 -0.9421995079954387 -0.0011086341554276931 -0.011490712893457612 0.9999333649984127 85.79917012913575
0.9998711728374372 0.016048349756064645 0.0002969403857268557 0.17953532864479227 -0.016050795390753478 0.999794837914662 0.012355326090918441 -0.9563534903222717 -9.85968728602184e-05 -0.012358500342772612 0.999923625951924 87.14164884688567
0.999891272883293 0.01472020779138091 -0.0008705588425387571 0.18740807310507201 -0.0147070773095219 0.9998001398001825 0.013541874540611818 -0.9650693536532943 0.0010697241544562926 -0.013527598602339418 0.9999079256383909 88.51231365166576
0.999915011010638 0.01287983451617105 -0.0020200497470975578 0.19432601601431676 -0.012849699232070317 0.9998154304027342 0.014282520350832927 -0.9757975553047689 0.0022036335950736717 -0.0142553492581929 0.9998959590900571 89.9090139940765
0.9999349313032424 0.011061852556687103 -0.002787214345963419 0.19720265654592406 -0.011020207498796798 0.9998335778282055 0.014538627833222498 -0.9841410473019734 0.0029475748999631653 -0.01450696593524665 0.9998904238615386 91.27079111408878
0.9999406441833983 0.010432700322174283 -0.0031411560464841377 0.1927297239716747 -0.010387467704717808 0.9998468055544828 0.01408779474169021 -0.9911446871928625 0.0032876488586167088 -0.014054329690603207 0.9998958281597116 92.62384746787788
0.9999516072863929 0.00919646865726676 -0.003494000411824189 0.19371557728171906 -0.009146920961737554 0.9998609703670129 0.013941800264719985 -1.0003431191589645 0.003621730277973829 -0.013909166037895096 0.9998967037447792 93.96989980313857
0.9999554787182271 0.008743419701590963 -0.003548687553416495 0.18753391964581467 -0.008694238653953705 0.9998690936587006 0.013645723879769825 -0.9988233867395293 0.003667533608983399 -0.013614263022668615 0.9999005955742309 95.34469787322678
0.9999572275055959 0.008581924841068019 -0.0034487266848035074 0.19109021553020533 -0.008535899419762202 0.9998771525136163 0.01314603823924703 -1.0059451471117395 0.003561121630816429 -0.013116037777991307 0.9999076397129415 96.68285312406994
0.9999441049831465 0.010033008967472097 -0.0033355102107304148 0.1871702995387442 -0.00998992065861084 0.9998695320864226 0.012693317599835765 -1.0176397043016963 0.0034624274965272036 -0.012659286442864076 0.9999138733178766 98.05323562347141
0.9999350528147622 0.010986954309472404 -0.0030293519941759018 0.17991440872605102 -0.010946874668591082 0.9998562953458654 0.012944288920024525 -1.0193705245552938 0.003171135242625177 -0.01291028610342352 0.9999116302976093 99.39868917133339
0.9999272201618378 0.011721044841467047 -0.002858578653914824 0.17960554506909132 -0.011678938255090856 0.9998291533227308 0.014327127896115276 -1.0309203091340933 0.0030260194413739786 -0.014292699801723846 0.9998932752686533 100.72555956865189
0.999916609821409 0.01258984388843842 -0.002875624577304379 0.17308725987812534 -0.012543321974484151 0.9997986820084261 0.015660796857236745 -1.0302683446179706 0.0030722129117218538 -0.015623420791785962 0.9998732270732414 102.05988603814565
0.9999259221638221 0.011868571031081729 -0.0026994797613093223 0.17458543717916575 -0.011826416893375184 0.9998155946429186 0.015129857901198926 -1.0404560635815865 0.0028785520012755477 -0.015096811724648019 0.9998818931263012 103.40957714975485
0.9999247361401998 0.012016820030032314 -0.00247347440424765 0.17403241919428414 -0.011984752706503995 0.9998488504981992 0.012595312039147754 -1.046645854406391 0.0026244563619077163 -0.012564719908623644 0.9999176166228604 104.76134144866532
0.9999306289955155 0.011471768303514047 -0.00267127573069045 0.16956714298580167 -0.01144029352232964 0.9998682600365304 0.011514437833318751 -1.0502622313404777 0.0028030150187399096 -0.01148307872266009 0.9999301385604267 106.09147027621599
0.9999478978053792 0.009896986984000667 -0.002500262406151781 0.1680260259520876 -0.009864195729687813 0.9998693693058 0.012803983273991645 -1.0594178248558352 0.0026266568744521823 -0.01277865289744804 0.9999148997259116 107.4296152504285
0.9999780248122548 0.00635651952833806 -0.0018826967511386796 0.17594999748786821 -0.006328332520113698 0.999873132868336 0.014617468762749717 -1.0570459873192783 0.0019753742921365877 -0.014605232999756707 0.9998913866280595 108.75322486942191
0.9999863037161288 0.005135537082357209 -0.001009274964633539 0.1790916641899053 -0.0051190271194915225 0.9998631431946745 0.01573182950590007 -1.0706913749694247 0.0010899283253842434 -0.015726447305611898 0.9998757377279833 110.08766627225275
0.9999894274713781 0.004585408058607339 -0.00034492924987502335 0.1786351906179129 -0.004579816506403925 0.999880517343361 0.014764021596381868 -1.075039792261461 0.0004125871365969402 -0.014762285577755866 0.9998909463950717 111.42505049836326
0.9999804521405502 0.00624518998996928 0.00030485249759951843 0.17546267101226365 -0.006248468404460751 0.9999048106940114 0.012301471797122848 -1.0756736642006228 -0.00022799846723729148 -0.01230313601390138 0.999924287558735 112.74547738666851
0.9999599776396497 0.00884111005555637 0.0013703592938443124 0.18633937946275902 -0.008855258187816354 0.9999036867063632 0.010686520969138573 -1.089373636179315 -0.0012757467057013727 -0.010698228001463635 0.999941958504743 114.08931850026212
0.9999338724482716 0.011134613042617024 0.0028759539726068116 0.18457208940517755 -0.011164132056359974 0.9998829673539065 0.010460103835577477 -1.089744923821476 -0.002759148410584452 -0.010491519514650332 0.9999411558230756 115.3958089577054
0.999913147692655 0.012457812407026031 0.004301158715975837 0.1861583355788169 -0.012510573459903643 0.9998440358924157 0.012465531218675961 -1.0945691322555238 -0.004145194982793661 -0.01251825834169784 0.9999130514976039 116.74353580456012
0.9999116570871108 0.012227940114484531 0.005211092683875115 0.1951259281497727 -0.012303851711924689 0.9998148756840664 0.014792890943591083 -1.0943730421817532 -0.005029241816120857 -0.014855700395350915 0.9998769998749147 118.05917836328956
0.999908506775474 0.012098707052246128 0.0060497397176175775 0.20611086831365932 -0.01219151593742456 0.9998048138133456 0.015546743838138715 -1.1009920118137921 -0.005860463879126749 -0.015619076690715952 0.9998608400134218 119.4137092039703
0.9998955526955008 0.012573431704661018 0.0071268855724480416 0.21658027292389714 -0.012680102596475226 0.9998052049895845 0.015125048883953187 -1.1030444704284854 -0.0069353240978170085 -0.015213838535697088 0.9998602104213209 120.74232346601995
0.9998671788268932 0.013928169156326381 0.008463497326976979 0.23140041864333838 -0.014052685298644356 0.9997911997502256 0.014835058848267182 -1.1052793077920373 -0.008255105623863874 -0.014952023088939347 0.9998541344742519 122.06619346540394
0.9998350876129091 0.01544367435141452 0.009554604823811163 0.23720930209089608 -0.015582620953590465 0.9997713587297611 0.014642821627740436 -1.100805968951396 -0.009326282053506205 -0.01478929241917826 0.999847136957803 123.41177619545323
0.9998030527449505 0.016672486369717205 0.01076493787299254 0.25036543430385083 -0.016822572436386213 0.9997603978338593 0.01400528544114511 -1.1083722360959407 -0.010528856515687045 -0.014183620883545281 0.9998439718632309 124.74563836125077
0.9997716336617903 0.017795776087468646 0.01183177250340928 0.26805660352182825 -0.017953138341689157 0.9997499752160458 0.013329363184054005 -1.1098864874888918 -0.011591608868776795 -0.013538736462111007 0.999841155990919 126.08632644460214
0.999773109057129 0.017053879602984823 0.012763054478087427 0.28858624340517525 -0.017224484546521132 0.9997621369656258 0.01337858973374552 -1.1163439260268224 -0.012531862803996449 -0.013595391093911472 0.999829044262844 127.42609263944033
0.9997628203717619 0.016905301924673564 0.013730030253185938 0.30159952459159933 -0.017097063610014618 0.9997562171122714 0.01397128493496136 -1.120198548699278 -0.013490495440345068 -0.014202714228961704 0.9998081263113586 128.7443359371685
0.99977830203024 0.015257751924581058 0.014510263988379058 0.32764033065123355 -0.015477460710636081 0.9997654094832122 0.01515170777283979 -1.119774257467934 -0.01427568020964945 -0.015372930491075649 0.999779914761132 130.09092372845623
0.9997840235496711 0.01450904325346373 0.014879310649184956 0.3491132956426224 -0.014741609694460473 0.9997689894708668 0.015641376922168996 -1.1234680452024868 -0.014648933179007407 -0.01585734351636721 0.9997669495490553 131.42941154944685
0.9998037786306642 0.013072508943717111 0.01488333686802185 0.37447412087326304 -0.013313389894621632 0.9997800979403362 0.01620214321184596 -1.1262458524078578 -0.014668262553236926 -0.016397111436838002 0.9997579591115549 132.76541480819145
0.9998281751081941 0.011293890139815976 0.014699261223475101 0.39547084246822095 -0.011541715353837046 0.9997908135260563 0.016885438247980323 -1.1231564385057204 -0.014505485263013648 -0.01705219135357002 0.9997493754251159 134.10011084253247
0.9998552030192427 0.009499383271309924 0.014118593868432729 0.4221861777156696 -0.009737642230641014 0.9998097044308344 0.016903646801959517 -1.127011054477138 -0.013955334108195359 -0.017038680775917584 0.9997574365824177 135.43452841662358
0.9998702235599767 0.009504004049208016 0.013008071618775895 0.44303063043390867 -0.009723971122956369 0.9998090103126753 0.016952501547302778 -1.1319929717763748 -0.012844471640139653 -0.017076791379321138 0.9997716753023494 136.78191265081506
0.9999097770503564 0.006267740150230321 0.011880790440607854 0.4688692974196007 -0.006483692192817075 0.9998128697768164 0.018226003021368835 -1.1216396198977479 -0.011764332317677977 -0.01830138974201385 0.9997633017908355 138.12836276463295
0.9999228698597148 0.006062503617678826 0.010839758862397322 0.4899990692049182 -0.006259742347399665 0.9998137602359276 0.018255423586871607 -1.1274266389039977 -0.01072706739288919 -0.018321869376909786 0.9997745941536971 139.46165601119432
0.9999420495586304 0.005047077106416029 0.009509181395503202 0.5082444611868301 -0.005221401926358024 0.9998171185663122 0.018397456465219317 -1.1248518448053932 -0.00941458974805149 -0.018446041316389945 0.9997855315242745 140.8145083036352
0.9999527482112323 0.004960855469633722 0.008360098851814437 0.518199959418574 -0.005110943908101004 0.999824415815316 0.018028194919894734 -1.12492905806009 -0.008269196372027561 -0.01807007079099603 0.999802526961115 142.12438320861443
0.9999614228380569 0.0048151114674420984 0.007346259818430465 0.5332453883415376 -0.004944422710253005 0.9998313500489906 0.017686835862615366 -1.1159935774567897 -0.007259857392144553 -0.017722476312831144 0.9998165873240733 143.47786985484532
0.9999744668804553 0.003164033549636911 0.006407376758289791 0.5542442403576069 -0.003265009905950671 0.9998696724368016 0.015810688391064594 -1.117924821018696 -0.006356516683178561 -0.015831204614791303 0.9998544732320112 144.84131821878273
0.9999852976520908 -9.963917445011974e-05 0.00542167421887703 0.5593004772732333 1.857650832132428e-05 0.9998882484542815 0.01494959102702732 -1.1367626814200524 -0.005422558357466795 -0.014949270300638973 0.9998735495875289 146.15031318845166
0.9999546217434281 -0.008521053582289342 0.004259823093469577 0.5809863780053641 0.00844469109007234 0.9998088464315065 0.01763399596994121 -1.1274795985277744 -0.0044092694099226015 -0.017597222623302947 0.9998354345001279 147.52179810948823
0.9998536420643092 -0.016890197947538387 0.002723166616817813 0.6042889762233603 0.016834489092028074 0.9996715115382376 0.01932534716502045 -1.1197175559457206 -0.003048681288373963 -0.0192766753458877 0.9998095395176197 148.83315296928282
0.9998095414409751 -0.019437714753067364 0.0017481567623273825 0.634944290456295 0.01940636167035415 0.9996763209323157 0.016451338752162443 -1.1242765708185036 -0.0020673675306124894 -0.01641427984993901 0.9998631393307844 150.15059189078235
0.9998268630757755 -0.018506888843446093 0.0019336246205537031 0.6313348611495335 0.018479321001122807 0.9997392193524476 0.013416707111875172 -1.1292400340065387 -0.002181422065119295 -0.013378651917000627 0.9999081223082676 151.5247375550074
0.9998854988571164 -0.014848144380418845 0.0029192057922978144 0.6366114723991954 0.014814534664185728 0.9998273428571484 0.011216687093581805 -1.1323698135125668 -0.0030852490236745345 -0.011172155929963793 0.9999328298241524 152.8530741458736
0.9998941341640195 -0.01404793326955161 0.003791571718409932 0.6425019213633296 0.014003649195012654 0.9998362219230543 0.011464168930833452 -1.1446432006859157 -0.003951998958191267 -0.011409859258756413 0.9999270957453124 154.22090263168778
0.9998554285582459 -0.016438768685903066 0.004346129337664892 0.6530816513588911 0.01637510018143119 0.9997636469517552 0.01430057227466376 -1.1463463521331176 -0.004580186305879173 -0.014227336307718105 0.9998882961520549 155.5355670689196
0.9996968393486833 -0.0241419906630232 0.004836695739961666 0.6757891796495341 0.02405352484496852 0.9995560397375189 0.017582702886935506 -1.140021182230639 -0.005259030337188621 -0.01746103266445652 0.9998337136352081 156.90292269048945
0.9996107054706977 -0.02750052821629907 0.004707269039400438 0.7001184561000839 0.027404824033515972 0.9994378188227866 0.019313777973593977 -1.1383761706580235 -0.005235762245725597 -0.019177257062575802 0.9998023902684373 158.2310526906901
0.9995937595754252 -0.028116971444629844 0.004663867162394047 0.7190336920654445 0.02802258289749836 0.9994228731069585 0.019200407672159924 -1.145022716668984 -0.005201033279030261 -0.019061913804549045 0.9998047772821884 159.57101925445974
0.9996332889671111 -0.02647752850083712 0.005676971361218255 0.7269761151441836 0.0263610944312652 0.9994585905583986 0.019688030565285588 -1.134551803461807 -0.006195188713974562 -0.01953115928099952 0.999790054679107 160.9296862166194
0.9996749390677698 -0.024559499158510984 0.0068444970828101855 0.7342010769923843 0.02442246104418528 0.9995128174492608 0.019433765186100894 -1.1222679894419505 -0.007318446724617694 -0.019260288281090453 0.9997877182759164 162.27504757378327
0.9997654686995092 -0.020238661563644917 0.007707407595827883 0.7425072823572803 0.02010155316870857 0.999645305296442 0.017469722828834834 -1.1250424532304966 -0.008058238309162573 -0.01731069451374022 0.9998176856989439 163.624791670367
0.9997818838089547 -0.019079882081304178 0.008493695813670007 0.75249981701648 0.018934123730323528 0.9996775072844493 0.016922778722528307 -1.1122999626994203 -0.008813842026065695 -0.016758266656563454 0.9998207222669655 164.97042409336868
0.9998099766308983 -0.017407115678724775 0.008775130777763191 0.7668233764797456 0.01724534038809083 0.999685881231435 0.018186180152752057 -1.1098485092640438 -0.00908894405351723 -0.018031393971749406 0.9997961091708703 166.317170230902
0.9998338708359232 -0.01608020382399329 0.008582409097102997 0.7806679560852621 0.015921504473610678 0.999706677952012 0.01825003551579618 -1.1061121107053238 -0.008873356727009599 -0.01811035852237251 0.9997966185380062 167.64062126413603
0.9998671804849942 -0.014099792942045893 0.008174179222200015 0.794825526863385 0.013966691193389433 0.9997725455550598 0.016117962836362 -1.1036607213516485 -0.008399580615894946 -0.0160016555848878 0.9998366836896478 169.01594962014832
0.9999299571626935 -0.009133077523901068 0.007527792073149679 0.8034920800736585 0.009031482453286154 0.9998691408008373 0.013421386633058117 -1.1108474978115903 -0.007649386200768862 -0.013352459243876026 0.9998815923461583 170.40770159997962
0.9999661652927888 -0.0036195046462905943 0.007386978593743873 0.8111867306077931 0.0035281760841006826 0.9999176433480325 0.012339307399800858 -1.1154064050080286 -0.007431033030996489 -0.012312827162717303 0.9998965816653687 171.76284184189055
0.9999701175245279 -0.0011666554329744204 0.007642183655097913 0.8179408448329 0.0010647685472476315 0.999910681824383 0.013322711948282504 -1.1050691463762758 -0.007657044725134777 -0.013314176482835224 0.9998820442234708 173.14401855378404
0.999960842422099 0.0027708319631847816 0.00840452909587571 0.823519578983323 -0.002901873345799651 0.9998737923251739 0.01561981331131824 -1.110643819679231 -0.008360189200954132 -0.015643590330211232 0.9998426802782415 174.52066188029298
0.9999610289904495 0.002370466211529314 0.008504198198842438 0.8366115351892558 -0.002520942513855068 0.999839678112912 0.017727462812080895 -1.1036201000207098 -0.008460813145832 -0.017748210293168407 0.9998066891443335 175.86549507494945
0.9999702662747213 0.0006236474009952306 0.007686197264061919 0.8524744440104252 -0.0007701823110456583 0.9998177306989728 0.019076483379676275 -1.1042339845248377 -0.007672899949328492 -0.019081835661701917 0.999788482698804 177.2523590634182
0.999979926317827 -0.0017607662730838112 0.006086596953447846 0.8682544738906235 0.0016430387840858521 0.9998125169814644 0.019293297546355805 -1.096567346728457 -0.0061194273206059396 -0.019282909464366452 0.9997953400538727 178.63386510984654
0.9999871063735233 -0.003233719698508075 0.003915372628724892 0.8834499710418318 0.003172110170918101 0.999872646012395 0.01564063582381061 -1.0966270705219832 -0.003965451755821853 -0.01562801393899022 0.9998700117304024 179.97255101533497
0.9999970131565863 0.0003974350705885098 0.0024115811628071067 0.8849694093211691 -0.00042488963147491865 0.9999349887531004 0.011394636729086173 -1.108250069156371 -0.0024068959560867775 -0.011395627185958533 0.999932170960817 181.39455196954992
0.9999916263776282 0.003651098528179308 0.0018484191317414446 0.8743385163499486 -0.0036706042471409185 0.9999364286218595 0.01066139718834429 -1.101338277108653 -0.0018093759638325192 -0.010668092575147817 0.9999414572612343 182.7771642214547
0.9999753131246097 0.006837768478557392 0.0016180418381789505 0.8744391200897513 -0.006856414934243962 0.9999067135662507 0.01181328719937787 -1.0961125046805757 -0.0015371145002688723 -0.011824089362524716 0.9999289115626555 184.12112275371985
0.9999559229146465 0.009202861821467219 0.001859987722929661 0.8805162259307286 -0.00922988433198591 0.9998436482576621 0.01508271515458159 -1.0983939340316238 -0.001720892907976555 -0.015099217607091446 0.9998845194024804 185.55557365009292
0.999948360092856 0.00987827326361649 0.002386808708148758 0.8848636635523668 -0.009918929153966098 0.9997947031768166 0.01766823055050023 -1.1010111202195683 -0.002211787276140527 -0.01769099249687967 0.9998410557503042 186.94220366490796
0.9999587382225449 0.008730654310355416 0.0025094861338003016 0.889868086972093 -0.008775629137236281 0.9997902148965468 0.018507148782898126 -1.0930816900189169 -0.0023473803561673036 -0.018528407198016315 0.9998255787453587 188.36941402608664
0.9999655387842545 0.007972776026871003 0.0023143207540833634 0.8977195534040205 -0.008015534062559374 0.9997855529124305 0.019094486808409354 -1.0915492938233002 -0.002161588566250632 -0.01911237903075085 0.9998150051300712 189.7673759686516
0.9999819340538176 0.005540495667771914 0.002331195225654622 0.9092032047502353 -0.005585605577116451 0.9997881495225823 0.01981053021576802 -1.0909420955938924 -0.0022209413880262367 -0.019823193170823292 0.9998010344121184 191.15335328845174
0.999989293102663 0.0036675740891945596 0.0028218042894599584 0.9205628725741702 -0.0037234719638279145 0.9997917299333609 0.020065705442733714 -1.086748902429549 -0.002747624359537163 -0.020075997220397553 0.9997946813598043 192.59175099346706
0.9999949966714633 -6.206097880763684e-05 0.0031627173228819905 0.9331215179801797 -4.534560331939852e-06 0.9997783804721648 0.02105207688975027 -1.0741209589067235 -0.0031633231804174275 -0.02105198559592238 0.9997733779547529 193.97247625405413
0.9999832999898598 -0.004545557519058391 0.0035689839607542517 0.9481456065249174 0.004463432856511058 0.9997325612874054 0.02269104877569162 -1.0641491894480721 -0.003671173252748374 -0.02267473958539348 0.9997361545166409 195.41757417877008
0.9999649640538576 -0.007461117144807906 0.00379504815556346 0.9655426296632112 0.007370899879344916 0.9997023818896478 0.02325548341785973 -1.0599285909448763 -0.003967430901485056 -0.0232266953821589 0.9997223515001639 196.83102483502688
0.9999772113017941 -0.005332713731160993 0.004139932211397019 0.971186135059674 0.005251606942330168 0.9997987630079223 0.019361150130491975 -1.0528934242072925 -0.004242346932239841 -0.01933896733722162 0.9998039841966255 198.25146118203938
0.9999886422243136 0.0016473481160453297 0.004472322255370288 0.9727940830028228 -0.0017115090729473775 0.9998951308690534 0.014380473379394021 -1.0490447364396314 -0.004448163973023294 -0.014387964261263115 0.9998865937236706 199.69313933739178
0.9999227953385631 0.01099729529596566 0.005784707951631815 0.9670804780719406 -0.011077123270663618 0.9998412855369825 0.01395353362435985 -1.0397300719023683 -0.0056303391726997215 -0.014016534068702555 0.9998859115124574 201.11250333778202
0.9998197024809578 0.017607256975303534 0.007109641400299213 0.9625836924195228 -0.01773198525626298 0.999682910510431 0.01787890322313068 -1.0315616812584778 -0.0067925891267722124 -0.018001747500374678 0.999814881767392 202.5579699351642
0.999793662150985 0.01871527488323857 0.00789756749199369 0.9720480754361558 -0.018871239989840832 0.9996186755383181 0.020158865826733208 -1.0262129066866101 -0.007517277863849352 -0.02030374289071823 0.9997655967973024 203.96379698584812
0.9998089297916355 0.0180483197234742 0.007507464974249737 0.9887222597126383 -0.018200823421249086 0.9996186601129027 0.02076690719349996 -1.0226784004317788 -0.007129794888310917 -0.02089958100131857 0.9997561570298201 205.43629209118245
0.9998780479452932 0.014304588057412191 0.006266416576651784 1.0105765483251816 -0.014432956394481283 0.9996764986834045 0.020942487710251867 -1.0139844628810373 -0.005964816217443797 -0.021030376346209703 0.9997610435586316 206.87251196321483
0.9999137373481684 0.01211005262908972 0.005085712651562502 1.0280080104171851 -0.012213124021336138 0.9997101013888482 0.02074976670667529 -1.0090196544910264 -0.004832957944073499 -0.020810088917062184 0.9997717653023098 208.30616869259367
0.999905405493119 0.01294120890705306 0.004658879826288428 1.0350590446381158 -0.01303270137124795 0.9997115230329897 0.020174722970787314 -0.9986003125027401 -0.004396450905709857 -0.020233532051761663 0.9997856147093002 209.76598866163425
0.9998914983094218 0.014037334930182685 0.004465962084070786 1.0445322436835331 -0.014125741335012982 0.9996916707008772 0.02042123902150905 -0.9914245889616468 -0.004177925670133185 -0.020482108013814858 0.9997814902104949 211.22271965899174
0.999869658400395 0.015523798805419408 0.004435973102131911 1.0487506303900056 -0.015615353770490673 0.9996488481638376 0.021408903220928463 -0.9836412307279789 -0.0041020682337548665 -0.02147538173148994 0.9997609619271337 212.67929645034638
0.9998836743671589 0.014675986265411079 0.004153689950737014 1.0541825183548446 -0.014760670814391275 0.9996673581540506 0.021149365978925607 -0.9762812204427573 -0.0038419207715049693 -0.021208216711227808 0.9997676986014176 214.13209976380764
0.9998808300677889 0.014972435223209356 0.0037618911091730446 1.0658203644893822 -0.015046474863670844 0.9996768142336986 0.0204907471950389 -0.9698671509355692 -0.0034538792183452637 -0.020544908219416944 0.999782965169666 215.61097186398976
0.999893018885748 0.014187218141163003 0.0035600007769984415 1.07473332220924 -0.014256588188570563 0.9996926478492313 0.02028200112774281 -0.9636179998371248 -0.0032711616976319226 -0.020330584509965346 0.9997879609265796 217.05848936383083
0.9998898151875708 0.014528411673674378 0.003046755338953839 1.087115727102305 -0.014587016201045763 0.9996898212157852 0.020186142698472936 -0.9535657050048802 -0.00275253793417395 -0.02022836127143436 0.9997915967412222 218.50586508766526
0.9998795800104703 0.015271147375662453 0.0027599843220633136 1.0880126036256184 -0.015323421146403957 0.9996819323241576 0.020030651315095693 -0.9489441313095911 -0.0024532156319811045 -0.020070531338642728 0.9997955568436017 220.00936661842786
0.9998857228694535 0.014878080008422176 0.0026802827842031694 1.1017190191339086 -0.014928965462175843 0.9996867754746575 0.020086736253366683 -0.9438845755805018 -0.0023805913788547016 -0.020124454359288915 0.999794648465732 221.51589749093105
0.999869921924667 0.015975879008045903 0.0022159638240322127 1.1054812970935022 -0.016016986681357943 0.9996722153671134 0.01997293182813927 -0.9319560939369471 -0.0018961524758972035 -0.020005826563978157 0.9997980653555683 222.97045275362441
