1.0 -3.469446951953614e-18 0.0 -1.7787691892340307e-19 0.0 0.9999999999999999 -3.5405977195229754e-19 0.0 2.168404344971009e-19 -2.354751593366955e-19 1.0 0.0
0.9999998549119234 -0.0003777581181359634 -0.0003840246621083373 -0.005314829359409311 0.00037807568095386997 0.9999995864554124 0.000827131822932019 -0.025171887541896837 0.0003837120806614116 -0.0008272769096390252 0.9999995841892534 1.3190158759612793
0.9999993403678933 -0.0010901938995504113 -0.0003615828703385194 -0.01822051911551005 0.0010907066775731368 0.9999983958461934 0.0014207962751487807 -0.041572406725025 0.0003600333785278658 -0.001421189746266571 0.9999989252976557 2.620358763843348
0.9999976312156966 -0.0019738518870103684 -0.0009173184876206509 -0.0182850422850218 0.001974526152987934 0.999997780818006 0.0007345763849427085 -0.07310960172458064 0.0009158665850723663 -0.0007363859279821972 0.9999993094626356 3.9429079954977633
0.9999967222095633 -0.0025073228899211483 -0.000518560422520416 -0.029246731362817933 0.0025078463015456263 0.9999963444223482 0.0010108635126862722 -0.09340176573066891 0.0005160240102617967 -0.0010121606875750468 0.9999993546252587 5.260278594905403
0.9999952938036307 -0.002983746744881643 -0.0007138831103828199 -0.03219487057593621 0.0029849173826709714 0.9999941935244172 0.0016441353716546499 -0.10826173534323252 0.0007089733431322129 -0.0016462585468760592 0.9999983935942104 6.581896715159609
0.9999915806289718 -0.00407859890174685 -0.00045133914173204714 -0.034286366093580066 0.004079848850605734 0.9999877476846555 0.0028034457099498835 -0.1423182751534006 0.000439899520925594 -0.0028052635547054956 0.9999959684848865 7.91824288216984
0.9999913088469812 -0.004160508391687082 -0.0002690829898153084 -0.049100589223176686 0.004161445072533776 0.9999849383561619 0.003578467460741322 -0.16186158412398222 0.00025419071776018056 -0.003579556201388895 0.9999935610620763 9.231204665341599
0.9999934582127757 -0.0035096181590339986 -0.0008752802636191506 -0.04602510184816526 0.003511517788416822 0.999991462663597 0.002178035226871202 -0.1840329820725486 0.0008676287944103882 -0.002181094581851689 0.999997245020447 10.568721032545584
0.9999994380621631 -0.0008418042191186206 -0.0006443922073570787 -0.06301465493579271 0.0008416817959670288 0.9999996276753669 -0.00019031443041710264 -0.2047544473440338 0.0006445522292969845 0.00018977195414213703 0.9999997742699877 11.884274691045015
0.9999957624055656 0.0028175456909925517 -0.0007325304934638573 -0.06229852892171141 -0.002818243804877596 0.9999955741754354 -0.0009534865565275208 -0.23292835565839948 0.0007298408201858091 0.0009555469816454443 0.9999992771314354 13.224997125798057
0.9999858881383269 0.005294989888680716 -0.0004319666295360639 -0.0864114555416903 -0.005295381737931546 0.9999855650622342 -0.0009102801560177342 -0.25290783855079124 0.0004271405049096292 0.0009125547520551991 0.999999492397559 14.562710727862537
0.9999838400973488 0.005684703303653345 -6.067182520326964e-05 -0.1075854749428369 -0.005684717783502942 0.9999838142533864 -0.0002350028696503937 -0.27396584603388924 5.933492604616713e-05 0.00023534397446747706 0.9999999705463198 15.911331381438368
0.9999916416082563 0.004083465867233705 0.00020497004532334475 -0.10581427306767141 -0.004083997525374487 0.9999881152045051 0.002662784475906322 -0.2986266577137403 -0.0001940942342842963 -0.002663599371935908 0.9999964337766505 17.260502450876608
0.999999966212936 -9.779253920092282e-05 0.00024085528621634739 -0.10479105734939285 9.664608078748665e-05 0.9999886883086232 0.004755408824711227 -0.3279648632088789 -0.00024131762176528987 -0.004755385479776056 0.9999886639734802 18.61832691121645
0.9999967249911406 -0.0025540371446915074 -0.00016402663561744762 -0.09807527108691752 0.002554505002218788 0.9999924817100904 0.0029173657985677283 -0.35882044969458 0.00015657435758136256 -0.0029177753067105424 0.9999957310271552 19.963975898976113
0.9999940142999502 -0.0034526341730610668 0.0002251371254022895 -0.09945023267894446 0.003452513852199768 0.9999938976685504 0.0005336373670809192 -0.36221934282790225 -0.00022697822466075795 -0.0005328568915183344 0.9999998322720622 21.30537101590689
0.9999988122893048 -0.0014547732567028165 0.0005089771500340781 -0.1141111569133256 0.0014550228294958906 0.9999988213383327 -0.0004901309417298522 -0.41250456078709025 -0.0005082635639887128 0.0004908709441712873 0.9999997503564929 22.659790707251993
0.9999981366181182 0.0013440394399356062 0.0013857553644700236 -0.12802772999741768 -0.0013452237954892825 0.9999987305081524 0.0008540241205114123 -0.41174437461903474 -0.0013846058795685349 -0.000855886697000836 0.9999986751604674 24.027109336295823
0.9999958314795504 0.0018761169391808405 0.00219481398417907 -0.1427111008717038 -0.0018890996735107341 0.9999806443393388 0.005928089987474003 -0.4354297349245818 -0.0021836498919101765 -0.005932211615071597 0.9999800200689196 25.418741631517676
0.9999975966074073 -0.0004996596517118871 0.0021347419802863754 -0.1266403387246229 0.0004858211037432215 0.999978898462474 0.006478163718149545 -0.4477319867191112 -0.0021379339863604858 -0.006477111171412726 0.9999767378634042 26.79182207831091
0.9999887541272583 -0.004233990838639611 0.0021365741756673986 -0.1315441372146624 0.0042225322674951035 0.9999768297234918 0.005339497208450761 -0.48236156881388104 -0.002159132230761706 -0.005330415507808306 0.9999834622716886 28.157961756159473
0.9999888265342215 -0.004118138923504865 0.002321152132149961 -0.13974346224590123 0.004110111429129676 0.9999855926471524 0.003452749033673483 -0.49364357016704774 -0.002335337784954203 -0.0034431703234038937 0.999991345349111 29.513532435754378
0.9999861341948781 -0.004558103106134331 0.002637256828726569 -0.13732533715340406 0.004555070152399355 0.9999889585696152 0.001155018839556956 -0.5331836825799372 -0.002642492626665731 -0.0011429899513143637 0.9999958553931153 30.91143221102303
0.9999936163907904 -0.001666718213711952 0.0031605750415599834 -0.14673658739080161 0.0016656354928686438 0.99999855324319 0.0003452062460018639 -0.5378641134728861 -0.0031611460972662776 -0.0003399396792243906 0.9999949457834358 32.29384815082491
0.9999923639761605 -0.00014690827754019684 0.003905177621655565 -0.1498980929307205 0.00015297816950771322 0.9999987807412324 -0.001554063590279783 -0.5770997739990616 -0.0039049448866831267 0.0015546491642695049 0.9999911671942732 33.669029512456405
0.9999914008465511 -0.00013643563182622748 0.0041448309236971825 -0.17112899520793837 0.00014151024971330826 0.9999992408330911 -0.0012240539189696778 -0.589698223512999 -0.0041446611237535465 0.001224629956815977 0.9999906609866994 35.06058827884579
0.9999934210215987 -4.67826542792215e-05 0.0036270827700324304 -0.16349457135953813 4.57944526690169e-05 0.9999999618139378 0.0002725341780820623 -0.6248836454261276 -0.0036270956876946364 -0.00027236628719577407 0.999993384972657 36.45647980285705
0.9999938742833515 0.0008450244806843255 0.0033966648647807563 -0.17508207086670913 -0.0008506149886914702 0.9999982856116525 0.0016447580522308495 -0.6392515573053535 -0.003395269466404109 -0.001647637261312602 0.9999928786910175 37.85991215995057
0.9999911911176886 0.0030991032154246267 0.002830767435935074 -0.1677321704286364 -0.003104897204281672 0.9999930895421995 0.002044623805701423 -0.6603321686007398 -0.0028244116110477044 -0.002053395077294782 0.9999939031136181 39.25982116210097
0.9999745173419392 0.0062786877422852175 0.003397460587192181 -0.18495490694626948 -0.006286019832111783 0.9999779279812405 0.002151631335295749 -0.6984134017459427 -0.003383876461695263 -0.00217293305552209 0.9999919138364015 40.65404436715622
0.9999581994099487 0.008531637026093511 0.0032879458608457827 -0.18600386477396152 -0.008539826874998577 0.9999604478776062 0.002484764676215044 -0.717257984511423 -0.0032666169798578402 -0.002512739353412365 0.9999915076393394 42.076090631697376
0.999956474938026 0.008817208058893172 0.003050418996926367 -0.19712196151106992 -0.008825186331335687 0.9999576464563266 0.0026117807388167506 -0.7289068481418883 -0.0030272614409434483 -0.002638587633229739 0.9999919367375367 43.46391443195953
0.9999603484771082 0.008473475216046538 0.0027389188409412246 -0.2107513240736369 -0.008481293991118112 0.9999599558201518 0.002855595607918207 -0.7596869123603313 -0.0027146125721842895 -0.0028787120161302858 0.9999921719157188 44.8919435133082
0.9999665124772655 0.00796334462376651 0.0018865449834157724 -0.2019446766032174 -0.007967381658079456 0.9999659660383802 0.002141870938482991 -0.7880139916048907 -0.0018694244771353013 -0.002156830083517155 0.9999959266586662 46.285779974705974
0.999971459792107 0.007494952959286642 0.0009514551603467046 -0.21404335233278393 -0.007497637556105949 0.999967832220341 0.002849556262978686 -0.8148657905696844 -0.0009300673407624793 -0.002856608663279612 0.9999954873702569 47.718600423202524
0.9999690588548291 0.007866167885810758 6.869550894089238e-05 -0.22146034894871447 -0.007866371184074582 0.9999619819034352 0.003762308882489596 -0.8369605115002348 -3.909794471566516e-05 -0.0037627329368710226 0.9999929201313996 49.11471231502278
0.9999649497547893 0.008315831410637155 -0.0009727231203518388 -0.23567987470456558 -0.00831213805749717 0.9999584528067255 0.0037417961553321316 -0.8560034666573114 0.0010037989397640285 -0.003733579676364541 0.9999925263585204 50.5485082026059
0.9999611365483316 0.008578683792038478 -0.002032622733291478 -0.24585329832003672 -0.008570928391153617 0.9999560706316527 0.0037942075959831595 -0.8752143028235161 0.0020650829256990866 -0.003776638758773208 0.9999907361753518 51.990970269568535
0.9999529752783206 0.009193995923581898 -0.003085068074990987 -0.25915532057058693 -0.009178010069552938 0.9999445851253702 0.005156629588768557 -0.9039403571078743 0.0031323074160293047 -0.005128072424502635 0.999981945602181 53.40501839362662
0.9999679618342386 0.006844272719850525 -0.004151049750664227 -0.2617650762211461 -0.00681985026280341 0.9999595188625902 0.005869437031716448 -0.9122081064788105 0.004191054097680816 -0.005840939571761124 0.9999741589160552 54.858093808502645
0.9999748457470911 0.005596495882667453 -0.004357417527146218 -0.28289822346151905 -0.00556733612024783 0.9999622193313007 0.006675678825068334 -0.9398135001782983 0.004394613686468222 -0.006651251834319847 0.9999682236100117 56.24966067070319
0.9999819808516932 0.003505519308434176 -0.004873324361646788 -0.2934419961726324 -0.0034757442265579905 0.9999753240568773 0.006104955713378977 -0.9548962579613609 0.004894605566245564 -0.006087907404919222 0.9999694896500094 57.68163849908242
0.9999853614879962 0.0026451377455500337 -0.004720173954604384 -0.3186153347859778 -0.0026141450789483904 0.9999750649025071 0.006560169332373829 -0.9870687737121006 0.0047374092136118545 -0.0065477342166741365 0.9999673415374629 59.127031874359474
0.9999869241719154 0.0026097804224264123 -0.004397785611300395 -0.3263280067169546 -0.0025773664654229955 0.9999695920606647 0.007360172461603275 -1.0165726764853267 0.004416860696746289 -0.00734874166652957 0.9999632429984744 60.52433187931775
0.9999921856328966 0.0002333488651497847 -0.003946417832347317 -0.3379934689342652 -0.00020115609970388845 0.9999667198854059 0.008155896992995472 -1.0223337745865988 0.0039481900046680896 -0.008155039577927032 0.999958952725059 61.982509886722404
0.9999923075294034 -0.001104191942074919 -0.003763726468730396 -0.3373232190294028 0.0011349530531556025 0.9999658933374262 0.00818071141627226 -1.0590923157752763 0.0037545653489583063 -0.00818492030276827 0.9999594543420718 63.39181680214168
0.9999924600200596 -0.002263157965689693 -0.003155632540215952 -0.3553396330015887 0.0022856359072554316 0.9999719137973514 0.007137750320435909 -1.0750192586718537 0.003139390325240826 -0.007144909270630944 0.999969546790075 64.79427497266194
0.9999942183154468 -0.0023916225950690317 -0.002417328353153635 -0.3670488089918523 0.002408548871675388 0.9999724342573783 0.007023504272571139 -1.0941490070893876 0.0024004643549121454 -0.0070292860570292945 0.9999724130767421 66.24985220941922
0.9999977318131368 -0.0009791863372889866 -0.0018914441655531371 -0.37559286538857 0.0009921440877036086 0.9999759644641653 0.006861934178953906 -1.1106690757662316 0.001884679756389044 -0.006863795336017691 0.9999746678295725 67.62943366070141
0.9999978906289898 0.0017136355879594951 -0.001132336443585188 -0.4007960416475206 -0.0017042257861385286 0.999964437314335 0.008259523083980244 -1.1318276818066693 0.0011464500908202043 -0.008257576069614575 0.9999652484431572 69.09175323935409
0.9999868528872897 0.005117635521982002 -0.0003222556596782942 -0.41302524154828907 -0.005114359212877961 0.999942189452008 0.009458387318612734 -1.1491626056483155 0.0003706416474722799 -0.009456615027533494 0.9999552165275278 70.45703624097601
0.9999588404213404 0.009045849449759412 0.0007000371034616168 -0.4373601781090315 -0.009052676467179582 0.9999043658724283 0.010455054967247922 -1.174382583140105 -0.0006053953460713767 -0.010460962063620542 0.9999450993788818 71.90289026770506
0.9999186635457855 0.012701099837060428 0.0011611745256083163 -0.44220495788957426 -0.012712200493190906 0.9998680670012106 0.010111803867916809 -1.1835708324482621 -0.0010325903777701818 -0.010125742701485358 0.9999482002052583 73.27259280034754
0.9998630132862681 0.01645126903032624 0.0018194415598293612 -0.45517148217457115 -0.016468203554224518 0.9998171385918185 0.009720477905698379 -1.204243107502637 -0.001659194790380422 -0.00974910946674183 0.9999510997734385 74.66072405966264
0.9998492327300715 0.017156191269871432 0.0026789674685393826 -0.4738207820738793 -0.01718124724276881 0.9998060378015227 0.0096276457406614 -1.2107678872645875 -0.0025132743239185077 -0.009672222410964883 0.9999500645360258 76.12236053289485
0.9998380319639039 0.017752384200253078 0.002960177060601425 -0.4762809174415418 -0.017781129381926285 0.9997920497154266 0.009984428354369908 -1.2240238476977363 -0.002782314310852624 -0.01003544669655829 0.999945772797888 77.48588263774042
0.9998479147170845 0.017159571235344 0.003113921619870428 -0.47982041518022256 -0.017190792413356873 0.9997992492170291 0.010292616996592544 -1.2567321022604232 -0.0029366798439600097 -0.010344582635828587 0.9999421810891239 78.8931044734996
0.9998636326224316 0.01627950116924624 0.0027737989619961052 -0.4765468752210706 -0.016304164359011053 0.999825544584238 0.009113433054901015 -1.2593579393273484 -0.0026249531290811375 -0.009157414944935488 0.9999546246565443 80.25730734312543
0.9998676568689159 0.016057708964827035 0.002611262308156292 -0.48515056072925244 -0.016081669399027138 0.9998262219031064 0.009428994854639633 -1.2928997043825015 -0.0024594006739098247 -0.009469740646037594 0.9999521365346322 81.66431940491114
0.9998767399298767 0.015523115730027136 0.002353250409261411 -0.5007524029381143 -0.015545610355036335 0.9998305207786301 0.009862238878412572 -1.3025272257962859 -0.002199759085585659 -0.009897606177267674 0.9999485979050114 83.03639271803745
0.9998820036526817 0.015232210375275784 0.001989598318151433 -0.5111445319124546 -0.015249485569845697 0.9998434247318712 0.008976594408306183 -1.312827610151503 -0.001852553571979559 -0.009005875741461604 0.9999577302304502 84.41217236514346
0.9998801176023505 0.015434480837737418 0.001235793666562682 -0.5176155215759002 -0.015445298540346278 0.9998376258408722 0.009282496609596578 -1.323190361173929 -0.0010923225752847846 -0.009300471198005842 0.9999561530728531 85.81079932685834
0.9998881241028204 0.014957891144981243 2.705254054141985e-05 -0.5223608425131533 -0.01495741089912387 0.9998378152223599 0.010030909522128689 -1.3441475886668381 0.0001229931172788731 -0.010030192150341934 0.9999496887952161 87.17917187149605
0.9999034347606265 0.013862555302262053 -0.0009750270818530404 -0.5332241331635272 -0.013850635301577267 0.9998399658835608 0.01132265668363851 -1.3609607804345158 0.0011318321026407832 -0.011308058798483924 0.9999354212989016 88.55786455471352
0.9999443620313552 0.010323309032559009 -0.002168433744410711 -0.5379583527618038 -0.010295811703437662 0.9998709642217561 0.012330903713401115 -1.3794676363508362 0.0022954498718457776 -0.012307892113801946 0.9999216202834375 89.93600667460889
0.9999517449974223 0.009327266082576832 -0.0030837895026328338 -0.5451984848292301 -0.009288781851995012 0.9998816127148558 0.012266992392367903 -1.3918939178218253 0.003197842202792344 -0.012237756051598346 0.9999200023714377 91.31930719073254
0.9999614316390854 0.008075593230986725 -0.0034525359693480407 -0.5612643977502767 -0.008033388898025288 0.9998949057925745 0.012068224619934953 -1.4069975687290726 0.0035496315100640484 -0.012040023850543346 0.9999212158729676 92.69352542391434
0.9999702521087862 0.00677928424912715 -0.003679155035481842 -0.5731960010050785 -0.006735985610855371 0.9999093753044782 0.011656229475582472 -1.4231026907948452 0.003757842832608308 -0.011631100229450818 0.9999252952775791 94.01972066202592
0.9999718286779284 0.006349092576947958 -0.004003854835309146 -0.5908470442635015 -0.0063036333615780005 0.9999166653782258 0.011266166785234961 -1.430522355678448 0.004075051464550281 -0.011240610799233124 0.9999285187632901 95.40175075914519
0.9999709706172261 0.006487786158067268 -0.003995814417598852 -0.6041528506800118 -0.006444560096261325 0.9999215844687077 0.01073743768804627 -1.4481830005200818 0.004065163635085998 -0.010711374940103012 0.999934368297696 96.74711703056703
0.9999689173668718 0.006882435928731492 -0.0038466029696784063 -0.6178739618578184 -0.0068433441551624535 0.9999257260138245 0.010085192472046957 -1.4592949773082042 0.003915728296773001 -0.010058555576466606 0.9999417445743172 98.09548581030491
0.9999564141672014 0.008691590694902026 -0.003409690869482742 -0.6383846102032447 -0.008655957247413528 0.9999091792623923 0.01032993931471895 -1.4745726891681443 0.0034991651067622434 -0.01029997514983056 0.9999408314322411 99.45335310767433
0.9999550087395442 0.008899910757549532 -0.003282081604277988 -0.6471659569663282 -0.00886057448206004 0.9998909870952056 0.011811187942959262 -1.4854769694046412 0.003386842628842615 -0.011781575655997882 0.9999248590682283 100.79971669480955
0.999947127580453 0.009792390331184819 -0.0031386473868515153 -0.6687807415963971 -0.00974926058816229 0.999861686584866 0.013474406631661414 -1.50001731235061 0.0032701602056336952 -0.013443094991031464 0.9999042900501285 102.11593002905299
0.9999567936701278 0.008805833204513452 -0.0029779304677026606 -0.6797641284616682 -0.008767919872864663 0.9998832595099045 0.012513630458696391 -1.5191206371427175 0.003087776035723265 -0.012486979790293527 0.9999172670702442 103.47034699319178
0.9999533847009185 0.00915181820814111 -0.0030777626340126427 -0.6933435890383295 -0.00912050757285954 0.9999080231110312 0.010038011583618181 -1.5276503758549351 0.003169345883522916 -0.010009473108166227 0.99994488133289 104.79557371811735
0.9999573747767073 0.008655465954352431 -0.0032142672659611926 -0.7116856536861812 -0.008627475553772024 0.9999256074156977 0.00862243098180967 -1.5409287775190434 0.0032886595904487144 -0.008594332615199422 0.9999576601904752 106.12246433694574
0.9999726922400879 0.006727144254743818 -0.0030594582744266777 -0.7226010865578176 -0.006696096165840044 0.999927098930925 0.010047842060578408 -1.5592789306327055 0.0031268287915661485 -0.010027081455024822 0.9999448387727214 107.46823247268173
0.9999888962965422 0.004100881954258137 -0.0023216457626650377 -0.7297024239968946 -0.0040726949059884925 0.9999194830611764 0.012018342399412917 -1.5672924059044968 0.002370744844116204 -0.012008753838188944 0.9999250818980158 108.81226350808765
0.9999956505864959 0.0025556286387936047 -0.001472264694908661 -0.7489605545124235 -0.0025362038710625813 0.9999116542150381 0.013048043310999699 -1.586582199931144 0.0015054807173003266 -0.013044252856524542 0.9999137867850754 110.14936324420965
0.9999975958723708 0.001906525349637379 -0.0010832384194730707 -0.7440283457470677 -0.0018932475270455182 0.9999246461345958 0.012129207111121679 -1.6016265627666466 0.0011062815372746924 -0.01212712735388189 0.9999258517158455 111.46677558643732
0.9999955989925738 0.0029659696785829083 -7.080849568436758e-05 -0.7733672915776072 -0.0029651478791014926 0.9999489841109207 0.009655934745133246 -1.615626131976442 9.944410902699746e-05 -0.009655682484293732 0.9999533778681524 112.8067909991463
0.9999819534290155 0.005955469375830301 0.0007906895537204185 -0.7734225328001897 -0.005961405632196288 0.9999523530176239 0.00773002892089159 -1.6355076895439975 -0.0007446159862804598 -0.007734603197935714 0.9999698102750526 114.14936241863201
0.999957347293289 0.008959720002372266 0.0022420960884993587 -0.7858352347380833 -0.008975900825262709 0.9999329693998168 0.007313680969602518 -1.6398607482941518 -0.0021764174443316543 -0.0073334940030757405 0.9999707411079124 115.45835872672647
0.9999428488855134 0.010011447463433328 0.003750981761080412 -0.7906661725025573 -0.01004667597106088 0.9999044638341712 0.009493551817727605 -1.6593165270667665 -0.003655579513245192 -0.00953069434152714 0.999947899943964 116.81902626970228
0.9999364484661176 0.010207719144255082 0.0047855491702264875 -0.7979611549178822 -0.01026218572523951 0.999881230233372 0.011498390771027073 -1.659219413387295 -0.004667608833824863 -0.011546770456640612 0.9999224397514993 118.12022505709491
0.9999379242498514 0.009523158304511878 0.005784210183977478 -0.801252230371658 -0.00959520217843129 0.9998751090154352 0.01255780566491456 -1.6776668767051022 -0.005663898286023513 -0.012612527047137587 0.9999044176402325 119.48812672159423
0.9999299905607331 0.009762839543179474 0.0066858750850243495 -0.8021135073815079 -0.009843138539872075 0.9998785319713696 0.012084450507444843 -1.6899532037016352 -0.006567084959455434 -0.01214941471815578 0.9999046280096677 120.81530436210953
0.9999046438246809 0.011286152657769688 0.007957763267630367 -0.7950805528062753 -0.011380283960581404 0.9998646157581013 0.01188441476035038 -1.6996324153165745 -0.007822557244748675 -0.011973843351966941 0.9998977121041033 122.12865092291217
0.9998661764100158 0.013546814857930665 0.009171316775702949 -0.8056717765289806 -0.013652461915333756 0.9998400184378 0.011556290226930976 -1.713882133961659 -0.009013299363063507 -0.011679955008927566 0.9998911636186918 123.49330086984435
0.999845924261937 0.014187724809109872 0.010336158482705488 -0.8095275412740001 -0.014296530524982741 0.9998423528144204 0.010529898676740706 -1.727298260183606 -0.010185134564686516 -0.010676047693087646 0.9998911365924985 124.8312587042704
0.9998274702188712 0.014651393058304131 0.011417812657116907 -0.7992097086801176 -0.014768124531851966 0.9998388449677313 0.010207185013757029 -1.7334135240641273 -0.011266424084110828 -0.010374043856082924 0.999882716571918 126.17203381326745
0.9998253907280324 0.014034411283368842 0.01233788174151013 -0.7986791066124475 -0.014157415141929225 0.9998503770602319 0.009939372290610397 -1.7480758506486282 -0.012196543496144008 -0.010112309497968841 0.999874484883199 127.5153486487728
0.9998143705170563 0.013998410625197698 0.013238919045983441 -0.7921606446420442 -0.014140936700382502 0.999842395296732 0.0107339884732611 -1.7634850527657366 -0.013086574849740004 -0.010919206860023978 0.9998547456897325 128.8398410998246
0.9998117134439295 0.013300737014698994 0.014128978264833605 -0.78386070936006 -0.013467738793811615 0.9998397822190012 0.0117910955018761 -1.780407920738991 -0.013969885462617052 -0.011979161020725215 0.999830656661757 130.2065556487539
0.9998287544137849 0.011716894101717007 0.014323973491818048 -0.7623786853934404 -0.011891640149992201 0.9998551587937949 0.012175810104621071 -1.7841711156984075 -0.014179237301643078 -0.012344060829891567 0.9998232710791642 131.53040962470746
0.9998352313254618 0.011141310057871511 0.014331133554060545 -0.7512028614194741 -0.011319871726265885 0.9998585500415923 0.0124394708329306 -1.8071833436006757 -0.014190515604045587 -0.012599648036647452 0.9998199228541489 132.8871781891147
0.9998573227137932 0.009035203285621796 0.014272326433331668 -0.7451629449735429 -0.009222903234665871 0.9998711221599442 0.013140667475218672 -1.8037311702479568 -0.014151759630577194 -0.013270425143024981 0.999811794047309 134.21390132632578
0.9998801644314174 0.007263958319337927 0.013670833040460836 -0.7287193615798749 -0.007447868936065546 0.9998818029559134 0.013450255615473524 -1.8252725828705358 -0.013571516228657413 -0.01355046263076397 0.9998160825420269 135.5434549055536
0.9998971264018378 0.007024322535946495 0.012505818547729983 -0.7206104107626352 -0.007186626700720651 0.9998899173618118 0.012980969327355058 -1.8333464951484797 -0.01241326039776276 -0.013069508830690277 0.9998375362548191 136.8949905127291
0.9999176074072226 0.005767695594615978 0.011467871617573828 -0.7105763973962784 -0.005934626791429642 0.9998761519489264 0.014576041105343093 -1.8567208117084464 -0.01138238212641017 -0.014642897969422364 0.9998279986655907 138.2309107443973
0.9999342909914258 0.0050180506826424665 0.010306932803678164 -0.6877516864735594 -0.00517064264355777 0.9998766326484875 0.014831855644655771 -1.8650486244038813 -0.010231235114266685 -0.01488417481327992 0.9998368782793899 139.5728593466425
0.9999512849343197 0.003756920516307734 0.009127612302183057 -0.698014003908038 -0.0038930892532551336 0.9998807140299231 0.014946623962731569 -1.8726356707079728 -0.009070370982551012 -0.01498143073709631 0.9998466307902429 140.93111999241302
0.9999649930123707 0.003040975125908371 0.0077952050198825795 -0.6949511083329852 -0.0031551916161269497 0.9998872363065051 0.014681942537735788 -1.8738079790070112 -0.007749679224950831 -0.01470602421855001 0.9998618281156989 142.25487220561686
0.999971983649002 0.0030877997155564782 0.006818901001063551 -0.6890173896244449 -0.0031844311245589566 0.9998940189993053 0.014205990556896548 -1.8761843149610076 -0.006774313634706091 -0.014227307154726905 0.9998758384945426 143.6071564835445
0.99998185911243 0.0010269537633812494 0.005935218309933752 -0.6862305724015951 -0.0010976706502489626 0.9999283061221632 0.011923830434745278 -1.8907606946753224 -0.005922548059501256 -0.011930129271923492 0.9999112937847219 144.95880837297878
0.999986095601086 -0.0022637799130058 0.004762763245272417 -0.6951586644622498 0.0022116110255008415 0.999937815378284 0.01093042296071421 -1.912008540688455 -0.004787211542147037 -0.010919737809642446 0.9999289184387893 146.26729616727658
0.9999228224777866 -0.011809457343138346 0.00385821463299276 -0.6967013412371008 0.011754059529424597 0.9998317993305598 0.014078889028079961 -1.9125144371295704 -0.004023830045980127 -0.014032453034098351 0.999893443850143 147.65958827429662
0.9998278372422367 -0.018412357660777652 0.002298036543265613 -0.6850587356924509 0.01837391093270478 0.9997069754680166 0.015759523566036097 -1.9285852414153974 -0.00258753335124819 -0.015714586737769258 0.9998731701762706 148.96896552812183
0.999781509945735 -0.020856967638097017 0.001385380554634825 -0.6571611515879902 0.020837714914807622 0.9997021939801607 0.01270090461840637 -1.9373988540340779 -0.0016498704641719905 -0.012669261664431058 0.999918380538569 150.26748656626089
0.9997869831936604 -0.020606590708443683 0.0011647590223961184 -0.680346250009066 0.02059466674284301 0.9997431446838023 0.009460673904326119 -1.9471215744390935 -0.001359412188506073 -0.009434670966968397 0.9999545684596521 151.67589665540453
0.9998485585744176 -0.01722239096809753 0.0024998356169114245 -0.6866595083454139 0.017203829897505764 0.9998256009766355 0.007266075826780432 -1.960512872365486 -0.00262453906137631 -0.007221968822204404 0.9999704770439888 152.98153124910434
0.9998426203998316 -0.017408751000926793 0.003416113804880356 -0.6942719676919611 0.017382330200430257 0.9998198980131052 0.007617487984305652 -1.9783284656608968 -0.0035481097999944117 -0.007556909261671693 0.9999651514112838 154.3562501051198
0.9997814693696507 -0.020566631447349264 0.0037452885850865073 -0.6952917392994791 0.02052655121411366 0.9997347663746237 0.010443064100309289 -1.9824356827637917 -0.003959074183782399 -0.010363904298289841 0.9999384557151585 155.68492603012592
0.9996186496419767 -0.027301417993038327 0.004145824953661897 -0.6964366159778475 0.0272409636915465 0.9995308717499349 0.013998796897335885 -1.9941056918359088 -0.004526067404693556 -0.013880522433111874 0.9998934172256579 157.02739343149784
0.9995201735180135 -0.03070598955246366 0.004070003663944813 -0.6801431134474673 0.030641735468819428 0.9994177601268528 0.01500749132006852 -1.9967985127870964 -0.004528454185451801 -0.014875578618706472 0.9998790978235867 158.3710134935403
0.999506241006401 -0.03119604038600421 0.0037524986000263584 -0.665900802110609 0.03113486573418434 0.9993967808264931 0.015384882694411926 -2.025056249303911 -0.0042301827854723025 -0.015260453003620155 0.9998746042026009 159.71025610441865
0.9995245407530522 -0.030444432827736095 0.004881489233884263 -0.6718971644244783 0.030365256142022616 0.9994179415658736 0.015547646120142521 -2.0192291915979834 -0.005351987627285991 -0.015392026452822503 0.9998672120591583 161.07429284048268
0.999588507530435 -0.028082342879008623 0.0058478741582291 -0.6672918976707631 0.02799028487816631 0.9994915507024178 0.01527036430958552 -2.0167956097241313 -0.0062737289329394055 -0.015100397277087048 0.9998663002259105 162.41430259693132
0.9996709141751227 -0.024651921016452857 0.007095502084566639 -0.6788653928365751 0.02455505524566 0.9996082681835697 0.013429796542986646 -2.027420591325704 -0.0074237934490561375 -0.013251146777909914 0.9998846405452372 163.7622992070445
0.9997010677027749 -0.023201935382028777 0.007710086778378781 -0.6787698042886543 0.023102368552752793 0.9996516520634877 0.01276146882253416 -2.0232494343438896 -0.008003492424977972 -0.012579532964692537 0.9998888435507255 165.11104883755436
0.9997491089080001 -0.020930249924042327 0.007977711971642487 -0.6764726096953217 0.02081692288165083 0.9996848104455496 0.014033370053784468 -2.03807750099237 -0.008268920108672962 -0.013863778041870486 0.9998697018198094 166.45252295042815
0.9997563761092556 -0.02070503822847443 0.007647864639400197 -0.6661680230326691 0.020595867449650494 0.9996886215972849 0.014087940996617435 -2.0361910579969944 -0.007937175274362692 -0.013926994683430487 0.9998715117786124 167.78616134330017
0.9998112293231657 -0.017937298051149436 0.0074671998098954345 -0.6716227007572122 0.017847910116355545 0.9997702488441789 0.01187019873767278 -2.0519928235222915 -0.007678404142855286 -0.011734684292508728 0.9999016648109718 169.17349170333935
0.9998766669536509 -0.014091770291244943 0.006933462940446577 -0.6734709229481002 0.014027659122954103 0.9998591894977877 0.00921010008430889 -2.066882843467698 -0.007062273839208443 -0.009111704082995553 0.9999335483586336 170.58471816800338
0.999934310312458 -0.009223873006507215 0.006804060752262432 -0.6724555902138862 0.009170553139691022 0.99992732019768 0.00782657433165352 -2.073475919521598 -0.0068757581362936596 -0.007763663346099885 0.9999462232925913 171.93562482036828
0.9999631553668563 -0.004991275675587603 0.006983916449636901 -0.6759623447121782 0.004930278104497291 0.9999497892677854 0.008724178589544022 -2.0861640914744517 -0.007027111148924546 -0.008689424661753835 0.999937554852264 173.2986996351495
0.9999685267123618 -0.0014243587610770856 0.007804921256428363 -0.6878680126422548 0.0013368921624393702 0.9999363799815565 0.011200388506822584 -2.1091232539252354 -0.00782037873042738 -0.011189601868803701 0.999906812899863 174.68320677305732
0.9999674529969488 0.0010094536785967478 0.008004620865304325 -0.6874756250684785 -0.0011187630954198873 0.9999060298506351 0.013663082881628485 -2.124256857925211 -0.007990077084857152 -0.013671593727375852 0.9998746152351535 176.06871395776423
0.9999717091804372 -0.0026232557891742118 0.00704977859509951 -0.6840961894756004 0.0025179928370681164 0.9998858327701766 0.014899031094200817 -2.1239684223197495 -0.007088058297778137 -0.01488085858191334 0.9998641505109727 177.44948773926043
0.9999717369870106 -0.005101313796817176 0.005522846840709863 -0.6789193638689979 0.0050184390132412375 0.9998761393626335 0.014917144174576333 -2.12484405383678 -0.005598260271485198 -0.014889006786082416 0.9998734804759946 178.87171426013578
0.9999641989134591 -0.007705682863554152 0.003496191640525903 -0.6830065455076615 0.007666704070102736 0.9999097900192941 0.011028756042591462 -2.1259459745929976 -0.0035808606387541103 -0.011001557142486225 0.9999330693486114 180.20921245841527
0.9999847729869151 -0.005238557268083081 0.0017353158813333206 -0.6911602332040983 0.005226110969400401 0.9999611305206907 0.0071010705732437954 -2.1425974505101455 -0.0017724479390420604 -0.007091893626112745 0.9999732813793475 181.62409507336284
0.9999982415727255 -0.0015129464098837045 0.0011080832662604483 -0.713226034372052 0.0015054795341292188 0.9999763627602603 0.006708759054505608 -2.162207274271559 -0.0011182071561111726 -0.0067070791910869695 0.9999768820836082 183.01826272207796
0.9999991014802952 0.0011045519258546027 0.0007596070581660553 -0.7334227734628256 -0.0011102712022487008 0.9999707275814309 0.007570421246055312 -2.16241021730993 -0.0007512229566831482 -0.007571257963185323 0.9999710554400888 184.34531726363
0.9999894717869046 0.004354619340267183 0.0014469275969813688 -0.736255560922901 -0.004370058267124484 0.9999316544523462 0.01084384707701539 -2.1840467917239015 -0.0013996079894996432 -0.010850056284635751 0.9999401568983416 185.79655841449204
0.9999853440073555 0.005041781060292466 0.001972867727256674 -0.7532752649573461 -0.005067865372142122 0.9998967338786088 0.013447614059260767 -2.1957685336309716 -0.0019048642214154713 -0.013457415466718008 0.9999076304659296 187.15817486619815
0.9999902984544767 0.003830060315369665 0.0021756908451080574 -0.760497259504673 -0.0038595821131892118 0.999898280922437 0.013730674996554773 -2.191188891588417 -0.002122880390982276 -0.01373893931725026 0.9999033627945961 188.6148212610274
0.9999938706958504 0.0029025371751953463 0.0019580209602888202 -0.7577281927805416 -0.0029303041787871334 0.9998930196244687 0.014330478811218397 -2.1984723977369756 -0.0019162168935262494 -0.014336128855579904 0.9998953962918182 190.02242754934053
0.9999972119744271 -0.00028482242125476426 0.002344125240683311 -0.7727644068408099 0.0002495368448181389 0.9998868717106287 0.015039331940270684 -2.203906286425234 -0.002348143779010967 -0.015038705358890294 0.9998841550725882 191.3857889997585
0.9999935910842372 -0.0022924041229520215 0.002750032863652738 -0.7844364340037399 0.002250033508137489 0.9998802210930838 0.015312766114820643 -2.2105633578539776 -0.0027848067387163844 -0.015306480608164374 0.9998789709288957 192.8400006015919
0.9999858556491453 -0.004483151984354785 0.0028617930773222446 -0.7721337269777425 0.004436839817147389 0.9998623193815465 0.015989268912509583 -2.2163275179141673 -0.0029330816211936344 -0.015976345746275173 0.9998680680030481 194.1995080124455
0.9999500603249886 -0.00942826014700545 0.0033143295530721423 -0.7727558930876028 0.009368570695630976 0.9998014602002637 0.017586075365636358 -2.214653305582831 -0.0034794778994691614 -0.017554146927959587 0.9998398597591616 195.6586129963171
0.9999106403693215 -0.012894564412593948 0.0035272509675214675 -0.7587326031960506 0.012827904186313103 0.9997500603448288 0.018310152805678208 -2.226153857235584 -0.0037624711146837064 -0.01826326972676663 0.9998261332823639 197.0643969520005
0.9999260329139004 -0.011649223489623484 0.003496327737522378 -0.7660963093191299 0.011599069832563745 0.9998341870163834 0.014037807400720302 -2.228622145434337 -0.003659277853792758 -0.013996215179394242 0.9998953523481534 198.4901243369271
0.9999793676408257 -0.00520376604929545 0.003766314225289177 -0.7810623518665029 0.0051673483019683535 0.9999404194102 0.00961541114851988 -2.24367083294126 -0.003816126490511709 -0.009595751084526285 0.999946677947465 199.91679164556015
0.9999775344112597 0.004498007026711589 0.004969768853101795 -0.7922192993134871 -0.00453928690963562 0.9999550326368573 0.00832631879927127 -2.2441705490289308 -0.0049320939455684155 -0.008348691114295802 0.9999529857962967 201.36708944374968
0.9999230058525753 0.010673803704441445 0.006328685706586238 -0.8049831045014834 -0.010750576838994476 0.9998674961386289 0.012223554445566026 -2.2529534575738808 -0.006197375825036334 -0.01229065057076692 0.9999052617321809 202.79286947589284
0.9998878175185164 0.013093712388710554 0.007273723130213322 -0.7988078623445274 -0.01320038147033954 0.9998031027013476 0.014815727587233318 -2.260264721278441 -0.007078298664871031 -0.014910081740316876 0.9998637842977056 204.2350348441616
0.9998956643732131 0.012692792002618677 0.0068958954648318605 -0.8040071216194307 -0.012794962035336848 0.999805931985418 0.014979564011428314 -2.2654639012587814 -0.006704425257009247 -0.015066234131116005 0.9998640203902519 205.69898921716702
0.999937547569242 0.009659170651215956 0.005621509379579271 -0.7975745674964385 -0.009745395447033596 0.9998320874761149 0.015518509453981123 -2.2814563094955753 -0.0054706699770409985 -0.015572324427127292 0.9998637779631966 207.14522839927344
0.9999633821855816 0.007283648915332424 0.004492520042058197 -0.7962404027152457 -0.0073508098500788405 0.9998586869209841 0.015118590937626982 -2.281832254906011 -0.00438176704026327 -0.015151061289080135 0.9998756149945831 208.5841415549415
0.9999634537246482 0.007540612708952159 0.004028692577387206 -0.8076620766345106 -0.007598940816627424 0.9998635959910148 0.014664430438961923 -2.283282770082566 -0.003917564576712871 -0.014694508597322974 0.9998843553663176 210.06830541131393
0.9999553488585772 0.008652356785641746 0.0037996048263508166 -0.8092619913612845 -0.008708125398010337 0.9998508499478309 0.014914637881589757 -2.2993841680505867 -0.0036699916454377974 -0.014947059659515968 0.999881551270304 211.52240163477737
0.9999367253772043 0.010624608502911036 0.0036963381835990764 -0.8139744412565971 -0.010681476529911006 0.9998193593214523 0.015721157804170046 -2.300638570220408 -0.0035286396138264377 -0.015759645719277668 0.9998695826315859 212.95453684519313
0.9999427690363998 0.010145336598976429 0.00339569994999607 -0.8283516236117363 -0.010197736825831659 0.9998233729138946 0.01578699321452761 -2.3119367101550976 -0.0032349360786101842 -0.015820718481081526 0.9998696115285373 214.400988287361
0.9999448702000964 0.010002419633347298 0.003195018506177079 -0.8283093745458066 -0.01004909979699626 0.9998378270849524 0.01494440161251003 -2.3156797737901305 -0.003045020430482815 -0.014975685090809442 0.9998832215359599 215.88222035955351
0.9999466531478113 0.009959515418459654 0.0027384104951445384 -0.8319463783074861 -0.009998274938736167 0.9998445250548882 0.014524470125243797 -2.3223612329778835 -0.002593328264799974 -0.014551074963822519 0.999890764468091 217.34857115100183
0.9999594602049297 0.00872737352565655 0.002216050957418583 -0.8303266131019664 -0.008759283611180986 0.9998517686669065 0.014822808673510143 -2.328380181890261 -0.002086358446121115 -0.014841619076226071 0.999887680419706 218.80733622787776
0.9999376329903688 0.010973145354239967 0.0020785061480998266 -0.8391188151468503 -0.011002336886200541 0.99983293905289 0.01459597846098556 -2.3415269925673363 -0.0019179952686236097 -0.01461793687327602 0.9998913127031526 220.29346714804757
0.9999593367593698 0.008824917359524937 0.0018562447303656696 -0.8548086854148393 -0.008850688867037597 0.9998576263558377 0.014366361332082337 -2.340772251471921 -0.0017291986336008631 -0.014382206482663687 0.9998950755016046 221.78745563614171
0.9999312596268563 0.011632420924686452 0.0014706389248587606 -0.8548304995911223 -0.011652380616485986 0.9998286737346441 0.014382114777522369 -2.35636835255094 -0.001303088252124005 -0.01439826288172213 0.999895490534458 223.2605046079799
