1.0 -6.776263578034403e-21 8.673617379884035e-19 -8.673617379884035e-19 0.0 1.0 -1.828002979293187e-19 0.0 0.0 1.0683203047244863e-19 1.0000000000000002 5.551115123125783e-17
0.9999997609328668 -0.0006045316352606309 -0.00033567176852968787 0.0008173796576166348 0.0006050023138056827 0.9999988318071305 0.0014036942841376668 -0.01857989305489406 0.0003348228266244115 -0.0014038970103075637 0.9999989584824406 1.2749714875841887
0.999998955391719 -0.0014440744725798408 6.216275695703107e-05 0.015716850451889933 0.0014439615463131383 0.9999973695988601 0.0017820695663301814 -0.02799047734688543 -6.473604055066192e-05 -0.0017819779180462338 0.9999984101800357 2.593226845338064
0.9999969489379885 -0.0023846142703436513 -0.0006447702344362606 0.005662430069724805 0.00238579356967355 0.9999954719950443 0.0018341156918637166 -0.0471524756685225 0.0006403937092409658 -0.0018356483574934951 0.9999981101431771 3.9107880016506367
0.9999971484290541 -0.002385464285443869 -0.0001126645544579502 0.01623906728081732 0.0023856915645017 0.9999950323812504 0.0020600220084869376 -0.06250551615496733 0.00010774989402637797 -0.0020602848867626415 0.999997871805062 5.227965997526436
0.9999952002951198 -0.0030569026180372457 -0.0005047097932117349 0.017868131858388633 0.0030582859991441147 0.9999915071445664 0.0027627031133722153 -0.07407578396874984 0.0004962602328728088 -0.002764233359478347 0.9999960563611442 6.546571267163653
0.9999911539059545 -0.004199185951692661 -0.00024278664191098014 0.024996196993504465 0.004200178795748624 0.9999821781046242 0.004242873583812003 -0.09149301060231334 0.0002249657171846664 -0.004243855735977663 0.9999909694970813 7.871859060266586
0.9999908423022286 -0.004275808365439609 -0.00018103214365379657 0.03024657054412632 0.004276659823267666 0.9999783779524616 0.004995379270559037 -0.10240494176413967 0.0001596689567381548 -0.004996107664090333 0.9999875066270384 9.208209803075716
0.9999948179614266 -0.003131482144593801 -0.000746906001725201 0.03392273910340123 0.0031345393997994687 0.9999865696349606 0.004127374058952044 -0.11736914193791656 0.0007339712326842962 -0.004129693816612263 0.9999912034174796 10.533169767588827
0.9999979207981009 -6.462326771285635e-06 0.0020392052757238896 0.03650549733099107 -6.717056666554136e-07 0.9999938805172836 0.003498418244566201 -0.1308152949368306 -0.0020392155755460635 -0.0034984122897258837 0.9999918013204728 11.83798963015175
0.99999662136746 0.0025916973625479947 -0.00020089226442700225 0.03218994754577233 -0.0025913215000653864 0.9999949305040249 0.001850411080645864 -0.1324826557613585 0.00020568696967611117 -0.0018498842260530896 0.9999982678084655 13.201452308012318
0.9999907513318937 0.004228578508254763 -0.000785093851277693 0.017013170741218206 -0.004227208637023844 0.9999895533951028 0.0017389108218137004 -0.14708414710068357 0.0007924388385218408 -0.0017355759593774794 0.9999981799062694 14.551443843198726
0.999986485572398 0.0051853261892916905 0.0003755827002821085 0.023930478240452635 -0.005186314447045745 0.9999829637534892 0.0026784976957226515 -0.16376504239854794 -0.0003616874459454536 -0.0026804093495254554 0.9999963422861902 15.890264573431905
0.9999930961591968 0.003650534837202553 0.00069370618010912 0.03146199323323405 -0.003653707781141851 0.9999826134702435 0.0046285182943949996 -0.1740430594400785 -0.0006767976070603983 -0.004631020873145288 0.9999890477334354 17.233012563285925
0.9999983642258693 -0.00020791925549892802 0.0017967513993690587 0.04840933207290961 0.00019625293418190702 0.9999789155483102 0.006490758728341608 -0.18260627928824763 -0.0017980632202309194 -0.0064903953991526115 0.9999773206080914 18.6175833191661
0.9999984981953632 -0.0013316101046582855 0.0011092437515887125 0.05707106921553608 0.0013251784419257714 0.9999824230689238 0.0057790535638370995 -0.19546234347582891 -0.0011169197946243265 -0.005777574854986764 0.9999826859071217 19.97904744429644
0.9999955055498324 -0.0028305185872709543 0.0009884554504513933 0.06063184896731513 0.0028266871248588247 0.9999885681347436 0.003856610362117186 -0.20484318897978354 -0.0009993604425814614 -0.003853798918114044 0.999992074723259 21.324287108286214
0.9999983685917374 -0.0012389828830943422 0.001314433525662179 0.06229994533211171 0.0012350130586764375 0.9999946868273013 0.0030167967040099462 -0.22904183063024428 -0.001318164412164152 -0.003015168395904874 0.9999945855850779 22.681849100928716
0.9999977378199613 0.0017197218142726498 0.00125176351824011 0.0507645758792418 -0.0017246129273809376 0.9999908425149083 0.003916707787216184 -0.22353477767728885 -0.0012450165110639514 -0.003918857678040487 0.9999915462067701 24.054679078411652
0.9999907425096918 0.0015586056739102963 0.004010691117839006 0.0689382971273104 -0.00159368356673652 0.9999603799763321 0.00875777699539469 -0.2362858334011944 -0.003996882627414371 -0.008764087566259406 0.999953606769233 25.451820556802456
0.9999951385570973 0.0003373388810359471 0.0030998491961434773 0.0763141483943992 -0.0003677597389039659 0.9999517314838581 0.009818322852815026 -0.23843831160877543 -0.003096387728170654 -0.00981941497918328 0.9999469943270406 26.80912339859738
0.9999866859026736 -0.004040079036160238 0.003210261288862566 0.07254392588509426 0.0040092015818511025 0.9999461941470784 0.009567398978340682 -0.24548561411239195 -0.0032487418795752662 -0.009554400873261142 0.9999490782492967 28.21586121923871
0.9999867798805213 -0.004630579728370061 0.002235574625136823 0.06885678383952595 0.004615134317151125 0.9999657818580128 0.006865541203975574 -0.24420041337941567 -0.0022672897553842643 -0.0068551328633455425 0.9999739329325322 29.60930554375131
0.9999847577659016 -0.004486317273259779 0.003218259093446048 0.08442722458737406 0.0044691130533607935 0.9999757907999978 0.005333371225681297 -0.2623809091553964 -0.003242108650543302 -0.005318907091558539 0.9999805987889245 30.98274771065844
0.999988187702444 -0.0024150455579422 0.004218057622093934 0.09559675187504302 0.002399981667177726 0.9999907376942299 0.0035727604250854863 -0.26301638793799076 -0.004226647287184005 -0.0035625949095474466 0.9999847215669563 32.41309303806386
0.998879185177079 0.043832013941839935 0.017864147496339803 0.8901528124071224 -0.043409645751660675 0.9987836849502114 -0.023382760952014185 0.5728799981502952 -0.018867334133402136 0.022581076557212133 0.9995669655983411 38.729537443029734
