1.0 -3.469446951953614e-18 0.0 -1.5585406229479126e-19 0.0 0.9999999999999999 -3.5744790374131474e-19 0.0 2.168404344971009e-19 -2.405573570202213e-19 1.0 0.0
0.9999999193965529 -0.00023237203133748795 -0.0003274293682217842 -0.006848675698024186 0.00023261229403085878 0.9999997036481925 0.000733890021114982 -0.023519859349974248 0.00032725876394129713 -0.0007339661406119813 0.9999996770979608 1.31677599496275
0.9999994892333232 -0.0009683293051982872 -0.00028960751690565727 -0.01630800160761892 0.0009686919681032215 0.9999987438962391 0.001254527839569418 -0.03994918796393691 0.00028839238251507924 -0.001254807763499057 0.9999991711436365 2.6172809443694023
0.9999982604998674 -0.001686887001415555 -0.0007958710777982009 -0.021434471892724072 0.0016877641772613111 0.9999979678172403 0.0011026380816554233 -0.074586391989257 0.0007940095027086649 -0.001103979427424873 0.999999075389461 3.937937551826608
0.9999971709770303 -0.002353819165560076 -0.0003428938737294763 -0.028010400820064556 0.002354193349923577 0.9999966298945966 0.0010945179214203972 -0.0911005731406265 0.00034031645069195187 -0.0010953220835447045 0.9999993422272587 5.259744773677555
0.9999964250714138 -0.0026178093055854498 -0.0005449053023484612 -0.03435233877064625 0.002618681513350875 0.9999952818924267 0.001605831852573145 -0.11171894790562577 0.0005406990170395726 -0.0016072530753950718 0.9999985621905898 6.576965813935452
0.9999924821965084 -0.0038461658742728073 -0.0004925069134433619 -0.037845920309198575 0.0038474858099030364 0.9999889338578212 0.002707214258919983 -0.14424081597546026 0.0004820891114024786 -0.002709088870819157 0.9999962142072585 7.915384633170139
0.9999921797511095 -0.003947767108989003 -0.00023574674318975735 -0.058257378992936315 0.003948507608225307 0.9999869986963348 0.0032267196851546143 -0.16106073751992228 0.0002230053620726777 -0.0032276253599874765 0.9999947663383707 9.232754517847232
0.9999939102816435 -0.0034065160356502623 -0.0007583216397756794 -0.06109505884623698 0.0034084448604358997 0.999990922966826 0.0025566545198032714 -0.1875312438782192 0.0007496055375080786 -0.0025592236964365788 0.9999964442273198 10.563603277737814
0.999999726167949 -0.0004660794784012035 -0.0005748337004961271 -0.07980010693709216 0.00046613581606480894 0.9999998865735416 9.782406008828472e-05 -0.21079800101055168 0.0005747880901934654 -9.809198592125652e-05 0.9999998299987533 11.882798067994008
0.9999977771131237 0.001989981596671438 -0.0006969486733089897 -0.074815550966749 -0.0019904155740998308 0.9999978254582559 -0.0006223569524025746 -0.23414058975932187 0.000695708737035494 0.0006237427966711035 0.9999995634675577 13.22194720770864
0.9999856884667307 0.005307968877311985 -0.0006695644769947038 -0.09505128144331706 -0.005308378675918406 0.9999857236568416 -0.0006112355365201251 -0.2537735606301663 0.0006663105543183187 0.0006147810981043504 0.9999995890376296 14.566895727770895
0.9999832578412745 0.005786445539416686 -3.276481745044654e-05 -0.12086073883929957 -0.00578643298694842 0.9999831855854201 0.00038177382279919257 -0.282642230574082 3.4973382851198435e-05 -0.00038157785164126063 0.9999999265876542 15.909368518118102
0.9999906965846963 0.00431353320963558 1.2926605812554328e-05 -0.11270095537677971 -0.004313552843085135 0.9999859743854014 0.0030731583026904485 -0.3086399622259957 3.297481289952532e-07 -0.0030731855352944164 0.9999952777544295 17.26159803420753
0.9999998803085337 -0.0003753834944160029 0.0003138012500325312 -0.12342242877318782 0.0003737273042642257 0.9999860887814328 0.005261422779188537 -0.33307617950441787 -0.00031577195833237706 -0.00526130497649983 0.999986109382922 18.616649330499673
0.9999971531388423 -0.0023857662083235087 -4.2863253173022666e-05 -0.11951038888096771 0.002385904279447869 0.9999907715197448 0.003572720515147368 -0.36734910250710245 3.43391877012753e-05 -0.0035728126803476175 0.9999936168952072 19.95733631405445
0.9999948662501859 -0.003203370055118211 -7.679839354096988e-05 -0.12255020895461305 0.003203464975566511 0.9999940667545291 0.0012665950984539205 -0.37346473780521666 7.274057246463555e-05 -0.0012668346396112879 0.9999991949192361 21.321258328294235
0.9999991786183884 -0.0012594015406428814 0.0002380601070670538 -0.13502006994554555 0.0012593259687458877 0.9999991565887618 0.00031767574374321275 -0.42338831524571 -0.00023846000741347155 -0.00031737569263239236 0.9999999212045864 22.67180209943455
0.9999984498130084 0.0014210071016753853 0.0010397641338242515 -0.143950634497199 -0.0014227757786562057 0.9999975391251797 0.001702191183167215 -0.42145604484921884 -0.0010373428357090496 -0.0017036679295001815 0.9999980107151286 24.034955504176455
0.9999964540995049 0.0015702077191233994 0.002150868736672391 -0.16350281124772797 -0.0015833948510432126 0.9999798773494728 0.006143106545544397 -0.43899037840726784 -0.002141179678240855 -0.0061464905577874535 0.9999788177766921 25.414317065009612
0.9999977689791248 4.90947969590521e-05 0.0021117834288243275 -0.1518744388319172 -6.394836766647656e-05 0.999975257874733 0.0070341699684937226 -0.4586538065182496 -0.0021113860103959704 -0.007034289457179269 0.9999730300463072 26.787128452917333
0.9999890341380765 -0.004215206521511115 0.0020405014238111113 -0.16000056224842146 0.004202098172875564 0.9999707774898644 0.006386433272294778 -0.48990242279389623 -0.002067362099659886 -0.006377788973039291 0.9999775246577304 28.163197249524153
0.9999895880442784 -0.004131912525951719 0.0019367782991444758 -0.169520709805174 0.004124215008225761 0.9999836472918959 0.003961816872757437 -0.4967069536529324 -0.0019531166698939027 -0.0039537880055419495 0.999990276399647 29.52419964188247
0.999986458193097 -0.004452961189115281 0.0026934321131752955 -0.17452141615682099 0.004447293155297993 0.9999878913296645 0.0021068391793724046 -0.5388081669789757 -0.0027027813987869865 -0.0020948322024420124 0.9999941533067046 30.91281021474092
0.9999933724288254 -0.0018698743450659278 0.0031238878235705187 -0.18207974018358983 0.0018666092829424923 0.9999977089178991 0.0010478195288825519 -0.539956724585396 -0.003125840220526027 -0.0010419815229352886 0.9999945716820756 32.29085749592696
0.9999935864781505 -0.00028258544162233085 0.00357031551523615 -0.1851356762812838 0.0002857719976115808 0.9999995613079132 -0.0008920302634792149 -0.5807996467609431 -0.003570062176607623 0.0008930448593440157 0.9999932285382962 33.67046767895866
0.9999929785163414 0.00036121288021147713 0.003729939303847558 -0.20128017611884116 -0.00035895225840260926 0.9999997515146218 -0.0006067327567597275 -0.5918921028827564 -0.003730157852444004 0.0006053896411501054 0.9999928596850939 35.07038823522282
0.9999943465269973 0.00014164851453182283 0.003359591299658227 -0.1979427214129927 -0.0001452630468292658 0.9999994109245215 0.001075662273594386 -0.6292312996324686 -0.003359437237676111 -0.0010761442354197623 0.9999937780261451 36.45464320634004
0.9999939870916889 0.0015979284552695757 0.003077727451319846 -0.20913586470696596 -0.001606057241710629 0.9999952242292045 0.0026404736695142973 -0.6468667707470201 -0.0030734937224794062 -0.00264540084991137 0.9999917777098247 37.86359513178413
0.9999893932556754 0.003534759713819024 0.0029527694004922132 -0.21020461026353876 -0.003543427107208656 0.9999894142791114 0.002935210393417163 -0.6662759761573672 -0.0029423631263433723 -0.0029456422418955358 0.9999913328063381 39.24875103507762
0.9999773706624552 0.005830251900146175 0.0033565336698591895 -0.22383957990976122 -0.005840721019044188 0.9999780830181557 0.0031176068365761996 -0.6918315503526462 -0.003338283951532957 -0.0031371409275352336 0.9999895070466943 40.647757204043614
0.9999597224851572 0.00836969483986349 0.0032406174728815493 -0.2329478850262895 -0.008381266514861539 0.9999584906854997 0.003573694866083457 -0.716561074785818 -0.003210572490524995 -0.0036007114800143706 0.999988363481195 42.07901544067863
0.9999472981244993 0.009820081161911376 0.0029944884504592272 -0.23759354452345294 -0.009831416355522914 0.9999444720859083 0.0037942085720030286 -0.7382622265237822 -0.002957062984056351 -0.0038234487532972402 0.9999883184393389 43.46905475066613
0.9999590709677418 0.008678158331265689 0.0025585037944413284 -0.24424397582465457 -0.008687547471615417 0.9999554852961858 0.0036815707535194147 -0.7583432917316877 -0.0025264408605497213 -0.0037036472711498014 0.9999899499949463 44.89699936433569
0.9999636037083539 0.008354885153044299 0.0017283335768933006 -0.23833257565998456 -0.008360599395424153 0.9999595198219752 0.003325524406713445 -0.7878474055531874 -0.0017004793806792312 -0.0033398533454576484 0.9999929768492422 46.291209301758464
0.9999695951081152 0.007744378254067579 0.0009129346123721526 -0.2544866272551363 -0.007747931361910041 0.9999621657443606 0.0039543210629549306 -0.8077948231948934 -0.0008822763859633771 -0.003961274270253535 0.9999917649131359 47.727141941086
0.9999671755562219 0.008102242908072588 -3.8111312010459964e-05 -0.26388169527336147 -0.008101952565176257 0.9999547391206483 0.004987794201893825 -0.8311170420000763 7.852191742073857e-05 -0.004987321808848852 0.9999875601510095 49.120647904667415
0.9999603612092697 0.00885368073205289 -0.0009425108574830312 -0.2770383582201611 -0.008848761056551233 0.9999478308876886 0.0051024453915363595 -0.8547771835797594 0.0009876371970084623 -0.005093903191383869 0.9999865382723144 50.54392654134965
0.9999573434043917 0.008979539923094077 -0.002163148367012962 -0.28701316595561865 -0.008968041947774775 0.9999459099206383 0.005267966883437634 -0.8718464853237525 0.0022103354715659316 -0.005248343076728872 0.9999837845270892 51.99647149560238
0.9999501935280048 0.00949856108320411 -0.0030639474324443954 -0.30433307900373857 -0.009478184860082868 0.9999333139384678 0.006597856257334222 -0.8980021654736063 0.003126413519465709 -0.006568487120506442 0.9999735399113504 53.39967551171358
0.9999653023460947 0.007297340688819884 -0.004017822783006229 -0.31176580564601103 -0.007266561758915855 0.9999445438772386 0.007622746442877111 -0.910438312709066 0.0040732260978175745 -0.007593286352633659 0.9999628747315443 54.85737162108772
0.999973241149318 0.005785780422526166 -0.004476796857146374 -0.3198568882590037 -0.005749061463939552 0.9999500821775131 0.008171992075018184 -0.9279457092359061 0.0045238551254860706 -0.008146036190275815 0.9999565874778338 56.25149582715826
0.9999821704239754 0.0034834684876054994 -0.004850182015496876 -0.3437628637002249 -0.0034459175797657646 0.9999641922373337 0.007729159028316498 -0.9452794245593884 0.0048769330414061085 -0.007712308051857572 0.9999583670535366 57.67236854229606
0.9999848208921632 0.0027907460220121865 -0.004750758642833253 -0.36397513157634187 -0.002752383293256549 0.9999637088908384 0.008062585816669042 -0.9725831848323845 0.004773087271534306 -0.008049387689761236 0.999956211544975 59.12609465563059
0.9999873899653066 0.0022376742754043116 -0.004495854941363913 -0.3654552408363774 -0.002197788152311378 0.9999583587925911 0.00885722355945962 -0.9923305405279071 0.00451548769846415 -0.0088472311126013 0.9999506672251012 60.52964029188303
0.9999921568833446 0.00025548047203533507 -0.003952327634744907 -0.3822051295093826 -0.00021692514548303163 0.9999524201976856 0.009752450022061853 -1.0075689859369807 0.00395463148639486 -0.009751516368823309 0.9999446328817143 61.98464331329696
0.9999910784915864 -0.00207225989649581 -0.003680852138727539 -0.3898270023482058 0.0021071252135732785 0.9999527151286655 0.009493551704942474 -1.0240015175508423 0.003661005300859709 -0.009501223213147777 0.9999481605600856 63.37984556092411
0.9999916853161814 -0.0025649273676323376 -0.0031702435466842748 -0.40211274742132463 0.002591945601097812 0.9999601070700522 0.008547869916358773 -1.045752056141657 0.0031481926840567407 -0.008556016111572131 0.9999584408761313 64.8003454577893
0.9999935072993321 -0.002481896775533869 -0.0026125747143270713 -0.41299863800536085 0.0025042448907921493 0.9999600059116562 0.008585763124967742 -1.0680719408118704 0.0025911614750769546 -0.008592250076616266 0.9999597287531221 66.26682080510973
0.9999974729573815 -0.0011189414433089451 -0.0019498839273815135 -0.42772969699472985 0.0011354725229877766 0.9999632504339208 0.008497557264084427 -1.0841420946686071 0.0019403041719410835 -0.008499749998266607 0.9999619940155603 67.62478405525039
0.9999978529430728 0.0016482694502189784 -0.0012559108843682358 -0.44246530672231066 -0.0016358777190077405 0.9999505940522073 0.00980476202249548 -1.1007002663837209 0.00127200983993473 -0.009802686649984734 0.999951143471886 69.09889353290524
0.9999862354291401 0.005234604709467589 -0.00035756809033973824 -0.4627695746382763 -0.005230263730586188 0.9999233673297616 0.011220686940471248 -1.1187025024611692 0.0004162765935611756 -0.011218662542579532 0.9999369821789817 70.44887412717219
0.9999568292552377 0.009258901366010607 0.0007825291228758943 -0.4861471724953137 -0.009267847847374782 0.9998810556045352 0.012328084005633224 -1.1387044543105809 -0.0006682915786722615 -0.012334804403574214 0.9999237000843402 71.89546585913922
0.9999174908243882 0.012800829318653797 0.0010725121481854661 -0.49051002824480494 -0.01281250586667031 0.9998494993245721 0.011696940659833538 -1.1417339778966396 -0.0009226202627408571 -0.011709717362942447 0.9999310132674436 73.26073694486539
0.9998605638186387 0.016585207917018098 0.001945188028043754 -0.5119976740984344 -0.01660605090751044 0.9997989477740367 0.011238467145612593 -1.160604059636002 -0.001758404769875875 -0.0112692022214756 0.9999349544322965 74.66608133804732
0.9998210526331446 0.018712224440626535 0.002777646214008032 -0.5266547724995874 -0.01874290783542766 0.9997586011692198 0.01146485249924446 -1.1808435731087634 -0.002562443008674073 -0.011514862300273149 0.9999304184955997 76.11150926612974
0.9998194750443348 0.018747291030568602 0.003091334941953405 -0.5302822089257361 -0.018782914169834165 0.9997524362846871 0.011927628715953245 -1.1912618975523606 -0.0028669591464653334 -0.01198354000841576 0.999924084775848 77.4617740599854
0.9998353476499998 0.01789341058560214 0.003017184316246872 -0.5316343454099209 -0.01792840843222638 0.9997672459286345 0.012001090974208262 -1.2135610500844625 -0.0028017418341413688 -0.012053208528107928 0.999923432272533 78.9037367254101
0.999854052821843 0.016880036891536485 0.0026338883393617137 -0.5337695362591786 -0.016908030978143182 0.9997965970435423 0.010994683737134364 -1.2218817314013213 -0.00244776213054577 -0.01103761318819133 0.9999360877357447 80.25664272989705
0.9998587456349397 0.016621000076078817 0.0024962155631240075 -0.5411509286244848 -0.016648206617782463 0.9997974969478283 0.011304970322120363 -1.2454376595284788 -0.0023078103461337237 -0.011344931192633549 0.9999329810285208 81.63361959737236
0.9998703101339957 0.015966712942264864 0.0021040320118714023 -0.5479405598698921 -0.015990275944004196 0.9998036581513369 0.011702831301006416 -1.255137219582983 -0.0019167633078090163 -0.011734957856812507 0.9999293058932512 83.04271948071754
0.9998700635141843 0.01601275646578882 0.0018567924988246646 -0.563824467564203 -0.016032222729898578 0.9998110688016765 0.010990658515118705 -1.2666751314954339 -0.0016804510886673874 -0.011018999166559709 0.9999378769418745 84.43017020792323
0.9998670265976536 0.016272019193971313 0.0010726005892749628 -0.5693704659340939 -0.016283264309944902 0.9998015754697429 0.011474538373191802 -1.2797900607817942 -0.0008856739169013524 -0.0114904782418973 0.9999335900420254 85.82110805534069
0.9998764395101672 0.015719277107882294 -9.998965688214783e-05 -0.5771834623373686 -0.0157167843512947 0.9997976703647774 0.012553926051033464 -1.2966588496219815 0.00029730810271027066 -0.01255080362556337 0.9999211913653561 87.15748846165232
0.9998995382109034 0.014129265021754819 -0.0011301848529107624 -0.5830227104624455 -0.014112505017588206 0.9998069488719309 0.013671218657156326 -1.3113196843663788 0.0013231310630050512 -0.01365389576367736 0.9999059058043345 88.52361427655276
0.9999273437297365 0.011870474097933284 -0.0020973970190229056 -0.5961549542367995 -0.011839135041576866 0.9998266368402728 0.014371192303057667 -1.325936651847965 0.0022676264761197344 -0.014345317072960426 0.9998945293170646 89.90347377962114
0.9999385210496813 0.010617794413899935 -0.0031963310878373096 -0.596253927360916 -0.010569784172740855 0.9998363697424253 0.014680375363058112 -1.3417817376151793 0.003351681573290622 -0.014645688598768327 0.9998871286542627 91.28308266484444
0.9999504139440558 0.009282532722460915 -0.0036061353360660508 -0.6159606786516241 -0.009230269987079742 0.9998558762171708 0.014248821859090802 -1.3525214437062896 0.0037378810881436514 -0.014214830003770934 0.9998919775984942 92.66741048657505
0.9999599402071229 0.008047360275061711 -0.003918921915954272 -0.6299127514630039 -0.007991055158453388 0.9998675639341036 0.01417736368394258 -1.3682014355911574 0.004032493614365504 -0.014145479708744023 0.9998918163544268 94.02687090624003
0.9999631975615149 0.0075083349757751475 -0.004150711356253947 -0.6433440158495698 -0.0074509014978781625 0.9998786139563377 0.013683619026008884 -1.3708463213968265 0.0042529490831166444 -0.013652189172289875 0.999897759857753 95.39401343282758
0.9999629790945795 0.007685113023220001 -0.0038703300365368985 -0.6576658462881 -0.007633565815560838 0.9998842406133935 0.013161840933883744 -1.3845407023106644 0.003971032590387284 -0.013131809519493168 0.9999058888173326 96.76114251083243
0.9999547476458741 0.008875352270352172 -0.0034250192369776134 -0.6825850000872263 -0.008831344666378964 0.9998808958612762 0.01265707143941813 -1.400150331274168 0.0035369475792945398 -0.012626251410302517 0.9999140301988657 98.07762325136592
0.9999443512314485 0.010000799904993073 -0.003358334815145249 -0.694968286075478 -0.009956728035243067 0.9998673062337883 0.0128931574500526 -1.4080471561904606 0.0034868313772833774 -0.012859002199255195 0.9999112401012507 99.4254349328067
0.9999421494538877 0.01022485875867908 -0.0033391584925811287 -0.6972597127150703 -0.010175976601768553 0.9998453656171266 0.01434204905891466 -1.4186145652571946 0.0034852878752570497 -0.014307240457511916 0.999891571947343 100.75936654127229
0.999936987765643 0.01078036503778455 -0.0031311654589707087 -0.7280981613001462 -0.010729285747868418 0.9998160812258011 0.015896105408314556 -1.4273460666191617 0.003301955689010554 -0.015861508913830417 0.9998687462046043 102.09360713387677
0.9999416661683813 0.010393911980455936 -0.0029378265784171403 -0.7375907060794105 -0.01034865406177039 0.9998336048899984 0.015022247130324325 -1.4436242274151672 0.003093477925740322 -0.014990968580080774 0.9998828437709234 103.45043302296698
0.9999420601236143 0.010345930905276563 -0.002972890912519118 -0.7464542901903155 -0.010307238410306294 0.9998656090450926 0.012748517708727033 -1.4517549535248204 0.0031043869382065045 -0.012717137026884075 0.9999143149380924 104.76471745658833
0.999952959725067 0.009197040353869958 -0.0030810322691217397 -0.7655872470160879 -0.009160650857857337 0.9998904773314718 0.011623933656493435 -1.462399382413051 0.003187600891330633 -0.011595162840733223 0.9999276930904905 106.09090229821625
0.9999639998307123 0.007958017838419377 -0.0029443118642510334 -0.776093105992199 -0.00791998703408568 0.9998878510565805 0.012710591124366124 -1.4756585042704304 0.0030451330407804643 -0.01268681488776955 0.9999148823290724 107.43452073578337
0.9999859683487505 0.004822301635166638 -0.002192829093574863 -0.786325926256223 -0.004789746126395959 0.9998816943146981 0.014616966491070221 -1.4784165926045396 0.00226305729357322 -0.014606258589655245 0.9998907619294355 108.78484075193455
0.9999933513890084 0.003371499056475139 -0.0013893031986684271 -0.7962827456634785 -0.0033490758496792557 0.999868961043454 0.01583806906946656 -1.4991240281745966 0.0014425193152219897 -0.01583331120233984 0.9998736047140641 110.12179505787535
0.9999958956980727 0.0027377416015186328 -0.0008446014670150482 -0.8027632222210719 -0.002724820071736184 0.9998846992457124 0.01493866019173749 -1.5072492614644004 0.0008854023620181288 -0.014936297789141217 0.9998880552736238 111.45550859339036
0.9999910500344957 0.004230607908237572 -4.2420788781709915e-05 -0.8193644881445596 -0.004229752138080222 0.9999135477503764 0.012450149610789735 -1.5151850384325485 9.508884063992042e-05 -0.012449859001657088 0.9999224929832492 112.77613161543839
0.9999723254286854 0.00737619999923778 0.000969554636348912 -0.8214592166684115 -0.007386213471196834 0.9999147760852046 0.010764963015643057 -1.534897571473602 -0.0008900675538940899 -0.01077182665465584 0.9999415860602567 114.1055939485504
0.9999493102797213 0.009735165919007235 0.0025697075763314483 -0.8326641989939195 -0.009761315585084609 0.9998986113679473 0.010367435598251777 -1.5377203957551215 -0.0024685185323091935 -0.01039199401272506 0.9999429548113836 115.42250536953613
0.9999346152507229 0.010721672576723098 0.00397629732226898 -0.8496055132238429 -0.010770394606577405 0.9998646018396855 0.01244092472818757 -1.5477433012579416 -0.003842371732735329 -0.012482937823796563 0.9999147025835746 116.7894813756892
0.9999271910967338 0.011003208120925824 0.004953977815463832 -0.8601597754769543 -0.011074611181047722 0.9998317300044195 0.014624113070125707 -1.5520688457453844 -0.00479223244376562 -0.01467791197642147 0.9998807895989077 118.08669047203254
0.9999284647963599 0.010457978097984068 0.005804822652148821 -0.854804912261518 -0.010547544175459049 0.9998223743341317 0.015619510553387134 -1.5673190583858372 -0.005640443532058786 -0.015679620144331944 0.9998611578163057 119.44404709422746
0.9999198545639298 0.010661014978820393 0.006828410522298888 -0.8577005113186318 -0.010763069825441354 0.9998282494397888 0.015087344642026285 -1.5718818203483689 -0.006666391883545086 -0.01515963042098935 0.9998628630090808 120.77096049212977
0.9998878552091841 0.012506662701074048 0.008237740566136012 -0.8548721376633679 -0.012628422851527175 0.9998092631107182 0.014898334084492842 -1.581703881846072 -0.008049841554870455 -0.01500069328382947 0.9998550791246511 122.08436608807673
0.9998573185632597 0.014098467354640157 0.009304606645528936 -0.855836594433836 -0.014233509950435458 0.999791950100873 0.014610398275652027 -1.5862547193601464 -0.009096687357642092 -0.014740751148238725 0.9998499690122635 123.45705424911351
0.9998346761210892 0.01481269493161004 0.010545352678029635 -0.863675520621116 -0.014957749228150283 0.999792727948525 0.013811839564987003 -1.5946074739829066 -0.010338577218552168 -0.013967291157197097 0.9998490028987012 124.78810594065834
0.999799618866595 0.016378621185288593 0.011509250394643759 -0.8537737741651859 -0.016531889646430063 0.9997742064727273 0.013350383346627408 -1.6022711514040597 -0.011287991752879539 -0.013537978109305564 0.9998446401264434 126.12932689313342
0.9998034829538325 0.015410816424069865 0.012470051162168176 -0.8464337980741233 -0.015575845773851463 0.999790934738612 0.013246881837734042 -1.615708200634483 -0.012263299869909674 -0.013438510460028592 0.9998344952600688 127.4699387136558
0.9997959093711963 0.015134698952339567 0.013382094682851882 -0.8427652378655678 -0.015321768672887945 0.9997847553735976 0.013988794135247838 -1.6207536254495603 -0.013167499173171638 -0.014190976793118742 0.9998125990120634 128.79489342921988
0.9997964214385318 0.014175946297437786 0.014358209976210132 -0.8359459599159416 -0.014394175838598963 0.9997806877935759 0.015211313119797136 -1.63213739847374 -0.014139427470935226 -0.01541489132484819 0.9997812049233058 130.14770694459142
0.9998113435079274 0.012724616385216487 0.014675200297320749 -0.8213493291018731 -0.012955431642246731 0.9997921536059339 0.015741867856308104 -1.6366816210386008 -0.014471842091130884 -0.01592902191694683 0.9997683892030095 131.46757851629584
0.9998265774852668 0.011535647988876236 0.01461997799169056 -0.8087838891334043 -0.011770672130183556 0.9998012181267306 0.01609271669023271 -1.647841959016583 -0.014431433097336833 -0.016262013135929832 0.9997636123954793 132.81890161464025
0.999856999368453 0.008878978836405024 0.014392516586458624 -0.7993778380098634 -0.009123020330719494 0.999814206572676 0.01698007207053303 -1.6422419288022592 -0.014239078041009611 -0.0171089474633491 0.9997522355945287 134.15630094961227
0.9998753417363924 0.007654904991274871 0.01380954039299832 -0.7797655575533089 -0.007889188237745884 0.999824512097008 0.016991342725312417 -1.6567951574242774 -0.013677051014004848 -0.01709817100939407 0.9997602666770945 135.4949454148461
0.9998901508854511 0.007725827849369164 0.01264902113618238 -0.7703437250596178 -0.007938557383041406 0.9998264308167704 0.016854897086445855 -1.6654830303598667 -0.012516608667186454 -0.016953460900926514 0.9997779326793729 136.83114934710915
0.9999151197359355 0.005788504151408922 0.01167246922961386 -0.7647376379138009 -0.005997706596806766 0.9998205721175621 0.01796805746942168 -1.6686719513409738 -0.011566367651212148 -0.018036540732167948 0.9997704248175583 138.17536935446236
0.99993360158524 0.004501736921720215 0.010607864231061493 -0.750007043957758 -0.0046970651376207605 0.9998185461175495 0.018461105552248818 -1.676528656023215 -0.010522833227073435 -0.018509705953069548 0.999773304688913 139.5042473123387
0.9999503656305418 0.003494861438735031 0.009330177882303666 -0.7555040066762833 -0.0036681959138345262 0.9998197958370946 0.01862579363116764 -1.6791880306762839 -0.00926340274550511 -0.018659094434927043 0.9997829902366884 140.86525262031984
0.9999647628378485 0.0026919415821425353 0.007951511500472356 -0.750903957541296 -0.002835587174580636 0.9998319888853265 0.018109484894230067 -1.679310927525661 -0.007901426536037653 -0.018131394324395794 0.9998043908687457 142.1777867609875
0.9999735952577431 0.00203086331802735 0.006977419614889267 -0.7451199295061306 -0.00215688859058695 0.9998338177736925 0.0181020623835562 -1.675175148707621 -0.0069394978492587365 -0.018116634273001996 0.9998117977571456 143.52469083121767
0.9999797429602605 0.00045768402536966197 0.006348558893190157 -0.7293349482878333 -0.0005588240018331277 0.9998728170380375 0.01593855256634394 -1.6887327437447297 -0.00634045716675057 -0.01594177773493361 0.9998528183319054 144.88324918341803
0.9999829921164963 -0.0029003558686167344 0.005059982543033953 -0.7464666182679496 0.0028231730515901193 0.9998805691048943 0.015194644114895291 -1.7071079942763627 -0.005103448518843796 -0.015180100772621191 0.9998717514534563 146.18636440413093
0.99992692107617 -0.011370617774707353 0.004106284640337428 -0.7368931314511435 0.011294821945411985 0.9997735976145535 0.018032761614059277 -1.7031570042044442 -0.00431039895637546 -0.017985064387646445 0.9998289643351298 147.56336452136435
0.9998147347066539 -0.019100105039501387 0.002383749474837522 -0.7257955183460352 0.019049535079144468 0.9996246750165831 0.019688176504122502 -1.704525993202593 -0.002758901249260406 -0.019639120019309484 0.9998033273776146 148.87293299393735
0.9997683437325393 -0.021477644929566275 0.0014034406351344931 -0.7006267435631266 0.021451200593316302 0.9996300335490126 0.0167225000404489 -1.7138858119403495 -0.0017620814611982638 -0.016688520992984245 0.9998591842560886 150.1924933930018
0.9997802717116052 -0.020906538558505144 0.0015247785440006874 -0.721658269939995 0.02088406919295612 0.9996906817802422 0.013505421318645346 -1.7204912475492486 -0.001806658653970404 -0.013470610462956873 0.9999076350549232 151.5867973355545
0.9998461116110973 -0.01734376264081271 0.002635717324262374 -0.7351659960000707 0.017312539768050604 0.9997846735464655 0.011440388795705445 -1.7306867607139187 -0.002833569401343647 -0.011392997500688725 0.9999310828716056 152.89960041881383
0.999845671502079 -0.01722813533566988 0.0034386835398762523 -0.7361317709004025 0.017186587688218045 0.9997830539192163 0.01176716987073799 -1.7446633686187112 -0.0036406642229280233 -0.011706254839479669 0.9999248517570747 154.27112769901441
0.999791965531547 -0.02005001331698709 0.0037446809861323444 -0.7321431438279864 0.01999352007249128 0.9996940940745089 0.0145594441972309 -1.7457643225687998 -0.004035452843892623 -0.01448154624333943 0.9998869935847446 155.6008629530947
0.9996004871132437 -0.027938832687160103 0.00427642267940115 -0.7288665182451317 0.027858410108965437 0.9994527799167433 0.017833947963180698 -1.7446083892336757 -0.004772342610154164 -0.017707689058109207 0.9998318171058996 156.93774897162436
0.9994973211893593 -0.031426731469090925 0.004179171751203479 -0.7191821389825924 0.03134041871757869 0.999321943554128 0.019324370350411964 -1.7499957249587739 -0.004783640220964051 -0.019183679756514655 0.9998045325070001 158.27413295651695
0.999470272331569 -0.03228503132805082 0.004105053892122206 -0.7143867065783354 0.03219914204001763 0.999291161390595 0.01950359003283009 -1.7607201887963502 -0.0047318184683423905 -0.019361079581267204 0.9998013595189459 159.62109549208506
0.9994982193563231 -0.031236603576624243 0.005252056154677609 -0.7191212278172867 0.031125653727844767 0.9993148743810135 0.02002437323304353 -1.7526365557770247 -0.005873951722924625 -0.019850852071513193 0.9997856972208459 160.97673273788087
0.9995560835596025 -0.02910050474546444 0.00638720920027692 -0.7266734163667992 0.0289694177427465 0.9993854228541024 0.01973700636286262 -1.7500260793245852 -0.006957641184741521 -0.01954321140699549 0.9997848039055361 162.32139795866976
0.9996357239808249 -0.025968963479032776 0.007350665440461072 -0.7282391706523624 0.025832737608710583 0.9995031721607294 0.01805764384818542 -1.752319437126887 -0.007815952362941943 -0.017861178395811198 0.9998099265343604 163.66374300634428
0.9996795193111215 -0.023994556668506896 0.008069691987563448 -0.7295470994958575 0.02385239818466557 0.9995662407506887 0.01727406850908649 -1.7450180466591616 -0.008480676000833954 -0.017076051308503776 0.9998182267828442 165.00884114764452
0.9997301317448238 -0.021658150739725095 0.008401678390458966 -0.7265670558514128 0.021498326803877112 0.9995945733734252 0.01866844431741299 -1.7504911707541493 -0.008802596834785702 -0.01848278460973602 0.9997904285219332 166.35140503760366
0.9997478252257422 -0.020921532933967164 0.008159376732186396 -0.7205807301817753 0.02076549588678575 0.9996083271283941 0.01876130329784256 -1.7499476221400054 -0.00854869685637393 -0.018587139009831114 0.9997906971199704 167.6906718309168
0.9998038005974142 -0.018232485452491728 0.007741886083097246 -0.7227125222870137 0.018102906550084973 0.999700135478721 0.016490114702989892 -1.757805317387993 -0.008040221007480454 -0.01634672901374796 0.9998340558798327 169.07979708869706
0.9998711169483927 -0.014424200676766108 0.0070492512941008716 -0.7217935164455784 0.014325914360763423 0.9998021444216315 0.013800006243050802 -1.766349730660341 -0.0072469112201010415 -0.013697240938819315 0.9998799267247849 170.48683861260474
0.9999448580055108 -0.007870794363293073 0.006952090318163533 -0.724850354493217 0.007783991587796026 0.9998924967470556 0.012425957129574658 -1.779651378169248 -0.007049145684325506 -0.01237115715702988 0.9998986268685789 171.8229878725327
0.9999635893090019 -0.004313910149776721 0.007362760894460098 -0.7395811104719849 0.004214640747152472 0.9999007247863358 0.013445347304281107 -1.7821604736297316 -0.007420032590916531 -0.013413826612857028 0.9998824992820099 173.18255751294268
0.9999672611671928 -0.0005504269520623592 0.008073018746660686 -0.7429340061654098 0.00042276666408413294 0.9998749816976154 0.015806398571957345 -1.7928316362438357 -0.00808071040944346 -0.015802468390173907 0.9998424796496953 174.5537434329124
0.999966094673933 -0.0003087235270366126 0.008228863817123813 -0.7393400659912077 0.00016021569890004028 0.999837221707811 0.018041740753824358 -1.7914230178098545 -0.008233094927760818 -0.018039810998173103 0.9998033713529844 175.96456697535572
0.9999682068205796 -0.0027580639867180734 0.007481874217288019 -0.7383428809687405 0.0026114584865118105 0.9998057772186506 0.019534280403805067 -1.7905194701670955 -0.00753429848295184 -0.019514121119375137 0.9997811927749356 177.37370260439985
0.9999698230510915 -0.005110927185249687 0.005850762614454446 -0.7391200459169466 0.004996008290697018 0.9997975562211388 0.019490676204661005 -1.7885488352262824 -0.0059491940775511865 -0.019460857951803866 0.9997929196095535 178.75281766113005
0.9999724197058951 -0.0064478385588141365 0.0036858130385631844 -0.733781056082567 0.00638801346681285 0.9998512824624592 0.016018933401057856 -1.7971945662445419 -0.00378855269677672 -0.015994946878072624 0.9998648951460133 180.08735517751856
0.9999918848203367 -0.003429276802778351 0.0021143230027185675 -0.7530206918574773 0.0034041200620068823 0.9999247092694356 0.011789306594486083 -1.8114412285650934 -0.002154592781731887 -0.011782013740634268 0.9999282683690565 181.5007214048128
0.9999989313053299 0.00037346209706302144 0.0014134764372228227 -0.7687595866208482 -0.000388664961784177 0.999941918849292 0.010770694705449283 -1.8129478403575614 -0.0014093720050620715 -0.01077123277506657 0.9999409953676186 182.8813937341857
0.9999933571343501 0.0034492017401737164 0.0011784268452115405 -0.78496359815658 -0.003463312851266784 0.9999197032610285 0.012189852183024562 -1.8141243616722842 -0.0011362870484054634 -0.01219385271036414 0.9999250065933675 184.2259850707502
0.9999827053475583 0.005684340429360441 0.0015090627667395566 -0.7818096727985449 -0.005706812301568685 0.9998662088584077 0.015329601463514008 -1.8204652076039078 -0.0014217223022729342 -0.015337948586846882 0.9998813559835533 185.67704496765944
0.9999763495036201 0.006589019945523383 0.0019711008909988883 -0.792099365891288 -0.006623502574128005 0.9998154853166137 0.01803121014653571 -1.8294213822181726 -0.0018519293330195215 -0.018043839650466954 0.9998354815741778 187.03758042437062
0.9999842291856591 0.005156421589526594 0.0022254638228565073 -0.806615225892003 -0.005197045254009748 0.9998125405674854 0.018651392583424617 -1.8248612753439322 -0.002128872360473336 -0.018662664642023694 0.9998235708650687 188.48802231059904
0.9999870702839134 0.004624555533096125 0.00211488653679627 -0.8090016279426406 -0.004664347878419217 0.9998045105596683 0.019214175038282197 -1.8280252033645668 -0.0020256162353092916 -0.01922379155177154 0.9998131539064206 189.89450692892513
0.9999962583843612 0.0016922529596613703 0.002149301551400161 -0.8079298909574486 -0.0017347942207845569 0.9997995168257648 0.0199478479141596 -1.8302223396304107 -0.0021151140107080945 -0.019951502265700825 0.9997987116703417 191.25620937437472
0.9999967678451592 -0.00013410900684042437 0.002538959938373766 -0.8168671142303703 8.261273681968093e-05 0.9997945048452477 0.020271685805886345 -1.832139439555348 -0.0025411570084627358 -0.020271410931600738 0.9997912844325604 192.71694213904635
0.9999922006488371 -0.0027500129543616015 0.0028347976814487178 -0.8150555538498088 0.0026894644404443467 0.9997727795061967 0.02114606639514702 -1.830574362580576 -0.002892305741048536 -0.021138277794157657 0.9997723779877291 194.09071941966107
0.9999635430668621 -0.007929918710119362 0.0031668500523444236 -0.8153836058561674 0.00785589092315241 0.9997105114263973 0.022741554467553524 -1.8216338400206835 -0.003346272227654535 -0.02271584739056978 0.9997363616216253 195.5401333609307
0.9999308473032907 -0.011276975922657488 0.0033362313539544892 -0.8031826972337142 0.011195853704405246 0.9996632651004574 0.023409597281201566 -1.8236305450970214 -0.0035990976778635677 -0.02337062693532518 0.9997203910603829 196.95322790830502
0.9999489827450698 -0.0094153400103619 0.0036583184173451166 -0.8095007075729279 0.009341471147486345 0.9997620946387601 0.019710175563328478 -1.821424310072708 -0.0038430263966130313 -0.01967499630578648 0.9997990426450761 198.3621958793703
0.9999877475590698 -0.002922903679728044 0.0039951689314281 -0.8317155214142617 0.002863939538793662 0.9998880563875774 0.01468579359421389 -1.8242670760236672 -0.004037647187080243 -0.01467417201882709 0.9998841763334794 199.79754784921232
0.9999603022667756 0.00714192296660669 0.005327928087296225 -0.8417692282899468 -0.0072153986927920785 0.9998773390985126 0.013901251319827316 -1.8202394247313927 -0.005227993323774511 -0.013939142872966926 0.999889178050084 201.25294021722715
0.9998866774705394 0.013462028441397818 0.006738395950504119 -0.8668052760953107 -0.013579505152176045 0.9997510741715443 0.017702733059434775 -1.8206624628463512 -0.00649840442942974 -0.017792231379174742 0.9998205875278303 202.65527079110973
0.9998542161323061 0.015197830273769603 0.0077828275391751064 -0.863217655997531 -0.015351187395933892 0.9996813361658359 0.020039141607823135 -1.8198119533526724 -0.007475796576988339 -0.02015569627109756 0.9997689034857651 204.10153969526627
0.9998742208768393 0.013997142185828166 0.007458043161179986 -0.8620308966558275 -0.01414879924842276 0.999685912842188 0.020685433740336413 -1.8175020788520646 -0.007166164318087917 -0.020788354714712257 0.9997582159710785 205.5695229784337
0.9999245298495111 0.010625000380876968 0.006167978092906306 -0.8604740607094407 -0.010752345255247573 0.9997217869791051 0.020993706769773808 -1.818861458481146 -0.005943204424627278 -0.021058443019901108 0.999760581491395 207.0023734756862
0.9999513868757672 0.008611239303074922 0.004803168691080353 -0.8475229092577625 -0.008709108978174571 0.9997469388057569 0.020741498905630124 -1.8211748213741639 -0.004623343559416922 -0.020782322328582237 0.9997733342007348 208.4245469651318
0.9999486564649743 0.009167109786207033 0.004318392840761488 -0.8497731814287297 -0.009252450875548612 0.9997536495065887 0.020175045492423743 -1.8151436005502308 -0.004132382479102576 -0.020213965753956824 0.9997871368492939 209.91442889179163
0.9999370397043426 0.010370507720121963 0.0042859279159951635 -0.8598491767747584 -0.010455541941012138 0.9997388883529766 0.020318385033355098 -1.817481772585174 -0.0040740971699966076 -0.020361917886861106 0.9997843737717502 211.37792155117208
0.9999287168382134 0.011246714350266324 0.004009069328713413 -0.8620802409509994 -0.011328942387350787 0.999712878230316 0.021114359558979834 -1.8076579266487995 -0.003770451369287564 -0.021158273398690926 0.9997690289112975 212.8180481156609
0.9999299484547105 0.011216126583172812 0.003781093228277802 -0.8748723357359081 -0.011293947270285749 0.999710827374963 0.02122989399046179 -1.8141500217654145 -0.0035418829441744553 -0.021271110696079887 0.999767470426134 214.25414752868943
0.9999287671233008 0.01142713084097026 0.0034469315672804417 -0.8770640142289885 -0.011495092618862392 0.9997260805794477 0.020386924017625496 -1.8108659014696888 -0.003213023593379384 -0.020425095004706448 0.9997862231398597 215.732292596088
0.9999384589552738 0.01063953200125033 0.0031430304277915333 -0.8813749711029613 -0.010700609595977314 0.9997406947469204 0.020100752101401224 -1.8096222835343445 -0.002928353060179005 -0.020133147824256157 0.9997930191364088 217.2231045928778
0.9999362838301591 0.010988340079749009 0.00258546705773973 -0.8837892077972482 -0.011038373961272708 0.9997348930118107 0.020206385369290494 -1.8069658863323383 -0.0023627471821963553 -0.02023363765334757 0.9997924871395288 218.69312262420036
0.9999196040638451 0.012445165715296871 0.0024296567762071564 -0.895965195171548 -0.012491163421558846 0.999723229237528 0.01993579140119724 -1.8120292653160863 -0.002180880259587424 -0.0199645382856864 0.999798310150541 220.16920393563836
0.9999370574827262 0.010983165926219727 0.002291531451862436 -0.9003388446647371 -0.011026929201088213 0.9997381770730681 0.020049542385400985 -1.8057736454343005 -0.0020707241851373502 -0.020073549374184506 0.9997963616280312 221.64842265914245
0.9999225928280622 0.01229441839873938 0.001911962618648499 -0.911710119537271 -0.012330097819941318 0.9997253977907113 0.01992731088164601 -1.8037439816070693 -0.001666443017469598 -0.019949343452237953 0.9997996032564036 223.1199516933253
