1.0 -3.469446951953614e-18 0.0 -1.7787691892340307e-19 0.0 0.9999999999999999 -3.5405977195229754e-19 0.0 2.168404344971009e-19 -2.354751593366955e-19 1.0 0.0
0.9999998184236251 -0.0001920850232811945 -0.0005711877703400902 0.0023623220759034095 0.0001924746445146272 0.9999997488292218 0.0006821250560820844 -0.022605926090915572 0.0005710566496940094 -0.0006822348851515522 0.9999996042253559 1.3271691435190551
0.9999995990749863 -0.0006227654238465836 -0.000643438467405147 -0.007878449377712479 0.0006234318605723953 0.9999992690199224 0.0010359976767853364 -0.039982446498254665 0.0006427928687385296 -0.0010363984219421438 0.9999992563481335 2.6231509716465324
0.9999989732184265 -0.0005462443338452392 -0.0013248312772263305 -0.010181380675332502 0.0005478582007660167 0.9999991080611215 0.0012180834487439097 -0.0674937677403847 0.0013241648373066885 -0.00121880804239965 0.9999983805470946 3.9457426161011844
0.9999992587409344 -0.000863053596684241 -0.0008588690525857161 -0.023503601077690096 0.0008642941959071757 0.9999985823841044 0.0014450687636606992 -0.07664220526171318 0.000857620736955586 -0.0014458100365610609 0.9999985870598135 5.278795002344793
0.9999986084910863 -0.0011723058987375534 -0.0011868928565376756 -0.021120976150679316 0.001174371274268336 0.9999977950753758 0.001740888963413753 -0.08685334493538406 0.0011848494867532887 -0.0017422804282339161 0.9999977802939537 6.609259414685544
0.9999969948364335 -0.002292126620104846 -0.0008697560884195944 -0.038430953179922914 0.0022942146809654725 0.9999944709325528 0.0024072140531530618 -0.11417975293863544 0.0008642337152179198 -0.0024092022727010033 0.9999967244177975 7.942258227263239
0.9999967527602609 -0.0023992057349396783 -0.0008592339194740607 -0.045425084496084095 0.0024012867017064576 0.9999941670784265 0.0024289148461975603 -0.11863389718535886 0.0008534015154609308 -0.002430970272684499 0.999996681040094 9.264058802737303
0.9999970852176912 -0.001975411159017653 -0.0013882750259226972 -0.04643996501582941 0.001978430293814313 0.9999956740011902 0.0021766463036029604 -0.1508151036995527 0.0013839693677125161 -0.002179386607089004 0.999996667447187 10.589521531119694
0.9999989882287958 -0.0008636166563662177 -0.0011303571001503717 -0.08467659021038715 0.0008648215440185628 0.999999058043211 0.0010658305977915075 -0.16012389018395268 0.0011294356627184628 -0.0010668070978716747 0.9999987931491247 11.912866642435741
0.9999991542029193 0.0007453643626708388 -0.0010658435325162593 -0.09163751964058314 -0.0007449728334481907 0.9999996548930625 0.0003677369012182063 -0.1758164218092807 0.0010661173530111831 -0.00036694257438146897 0.9999993643741569 13.245819859439191
0.9999778809501896 0.006538450875143148 -0.0012191206335598452 -0.09940244691317943 -0.006539394604731415 0.9999783204136047 -0.0007713847958636662 -0.20726566990005746 0.001214050643472439 0.0007793400538238111 0.9999989593554607 14.608083728120452
0.9999828185565268 0.005830892341336613 -0.0006027218281334473 -0.12548786130529455 -0.005830644084884474 0.9999829161818259 0.0004134557725150678 -0.2239257429042526 0.0006051223985311816 -0.0004099344253234531 0.9999997328907976 15.94843334557881
0.9999876729618279 0.004960076621950945 -0.0002270556629530452 -0.12119302755580247 -0.004959330564715498 0.9999826540729356 0.0031775151628216434 -0.2574360324224516 0.00024281246591203055 -0.0031763500159823184 0.999994925908971 17.273356496560726
0.9999999578804362 -0.0002125473344996697 -0.0001976430960577006 -0.12516237451598589 0.00021357073965453353 0.999986496423807 0.005192432570855484 -0.2842890189316496 0.00019653681030503052 -0.005192474665273594 0.9999864996997067 18.643994542411704
0.9999983503058666 -0.0017242560183497579 -0.0005712516431632573 -0.11339108809675816 0.001726741256967328 0.9999889223376376 0.004378762732403134 -0.3155769679903009 0.0005636952583473777 -0.0043797419980260285 0.999990250007244 19.980840821907545
0.9999963565881965 -0.0026944463666794018 0.00016362540368392063 -0.1065905351176269 0.002694254111303595 0.999995691765174 0.0011650930352483228 -0.31322905800341716 -0.00016676399240385192 -0.0011646479626744237 0.9999993078921728 21.33449401933297
0.999999687501349 -0.0007888524281283015 -5.2059717180177574e-05 -0.14512667711929603 0.0007888578240104437 0.9999996835748866 0.00010272391346719269 -0.3693056877840538 5.197867122836504e-05 -0.00010276495054514522 0.9999999933688383 22.68806939299109
0.9999982704262732 0.0015958852751029422 0.0009551404471641904 -0.13741615878865265 -0.0015975542167429874 0.9999971943831072 0.0017490136944076653 -0.35241986669157493 -0.0009523466213696851 -0.001750536592957797 0.9999980143262595 24.05636494401857
0.9999977991319395 0.0016391405631974677 0.0013095604259797692 -0.1503712368716976 -0.0016470250972219934 0.9999803878593109 0.00604245036193318 -0.37426903493427266 -0.0012996304222416954 -0.006044594061519127 0.9999808867388785 25.447980633329735
0.999998804669446 0.0005480361554310049 0.0014457929233120548 -0.15180807723042627 -0.0005583810198747175 0.9999741790712356 0.007164453949036085 -0.40007562388553697 -0.0014418293278706418 -0.0071652528289430474 0.9999732897832909 26.823457026251823
0.9999916626405397 -0.0038218177990468408 0.0014381812894407233 -0.14829466405010644 0.0038113482943121745 0.9999667188711805 0.007213512803432226 -0.44801101555132633 -0.0014657022745247787 -0.007207971389926623 0.9999729480666975 28.197167709726646
0.9999920819935147 -0.003623126386169689 0.0016458775178795778 -0.15611234299903512 0.0036154863414917197 0.9999827845297913 0.004621568619281735 -0.447481764788255 -0.0016625938470397506 -0.004615581464830619 0.9999879660216717 29.5445404174215
0.9999910699412766 -0.003745600772317701 0.0019571715346610443 -0.15993308597307487 0.003740445157945622 0.9999895423584657 0.0026313947002876816 -0.49465874482263944 -0.0019670073851216045 -0.002624050556239435 0.9999946226047528 30.93624752591274
0.9999952924603642 -0.0016831747254742596 0.002565538127342359 -0.18091675825113138 0.0016800276722300882 0.9999978343051326 0.001228368560797438 -0.4762558280568884 -0.002567600345957479 -0.0012240526239030893 0.9999959545520435 32.31659415045583
0.9999940699388572 -0.0005175889251121564 0.0034047311029463357 -0.18799757412026663 0.0005173621915510931 0.9999998638907184 6.74838754105538e-05 -0.5318060615480276 -0.0034047658560788703 -6.572199421005408e-05 0.9999942016061193 33.689803771307645
0.9999936627756754 -0.0003636313347578513 0.00354149483797232 -0.20310781596975258 0.00036298546116427313 0.9999999173721604 0.00018302081822786114 -0.5269540162332822 -0.0035415613965685813 -0.0001817341476680484 0.999993712135849 35.090303725242144
0.9999956080490674 -0.000194302913198564 0.0029573861866734044 -0.19900404773102115 0.00019025469909109485 0.9999990447205968 0.0013690728667906538 -0.568272480571582 -0.0029576496252090422 -0.0013685042216876066 0.9999946897365583 36.484797363286965
0.9999966595553859 0.00010853870118747791 0.002582460190062846 -0.2109175320063289 -0.00011428722232528776 0.9999975160602455 0.002225940600658915 -0.5525233962959227 -0.002582212391101278 -0.002226228349089216 0.9999941880248624 37.89358234060312
0.9999959723584336 0.0016923819714634181 0.0022784008170299765 -0.20435152171231324 -0.0016986947516176836 0.9999947163750721 0.0027715808662846387 -0.5692136090660955 -0.002273698395327887 -0.002775440065008574 0.9999935635920486 39.28457375443942
0.9999852354512716 0.004665263458939832 0.002786429781894182 -0.22224429189948888 -0.004674236325921921 0.9999838839930133 0.0032223093235849605 -0.6144387693990105 -0.0027713521857117545 -0.0032352862440314127 0.9999909262223413 40.68719181981751
0.9999630941307499 0.008151859051212221 0.0027124815984498974 -0.23235928853593812 -0.00816075100630213 0.9999613106063783 0.0032832073170732277 -0.6353695664646549 -0.002685612635693021 -0.0033052221035897913 0.9999909314532616 42.10950553076838
0.9999645741420347 0.007980932555404205 0.0026749136168625178 -0.2491037007388733 -0.007990210980218872 0.9999620364795968 0.003475937925111915 -0.6446728496669202 -0.0026470710629505753 -0.0034971879840676647 0.999990381297855 43.49383557048839
0.9999665156125676 0.00785669050976994 0.0022891164601162063 -0.26244708236172637 -0.007864630576740795 0.9999630169185302 0.0034802869333978616 -0.6672539947656927 -0.002261688453011142 -0.0034981735265520535 0.9999913237348561 44.925814058742034
0.9999708212803351 0.007508236941798309 0.0014081733105952437 -0.25696811939336234 -0.007512315023478505 0.9999675390236847 0.0029130803613927215 -0.7014061740164168 -0.00138625561759065 -0.0029235740651990293 0.9999947654906223 46.319431807026355
0.9999769834578122 0.006782796374750141 0.0001619079324441362 -0.2521208121305637 -0.006783318149164375 0.9999709654934658 0.00347199916926434 -0.7250340497782815 -0.0001383533774597539 -0.0034730176023994317 0.9999939594855423 47.75551486420094
0.9999718673509251 0.007447498264856512 -0.0008940129467114398 -0.25235172890306495 -0.007443733161476187 0.9999637087443908 0.004143916691149513 -0.75117497559512 0.0009248423952612209 -0.004137145405975098 0.999991014308041 49.15455661931376
0.9999634581836524 0.008388907667585363 -0.0016457534978993262 -0.27479753393034656 -0.008381743908045528 0.9999555718900693 0.004312845030003474 -0.7805460233891041 0.0016818605840059455 -0.00429889323898037 0.999989345376073 50.581985236089004
0.9999617944168155 0.008242997912416799 -0.0029090667118685425 -0.27916159042249983 -0.00823015619498087 0.9999564545819158 0.004399259678986168 -0.7877960700666616 0.0029452033756087173 -0.004375149624226378 0.9999860918278184 52.03460459333274
0.9999474440758802 0.009450659347715096 -0.003974178584983976 -0.29888320526237355 -0.00942906355793572 0.999940865925469 0.005418249935233399 -0.8207665305598062 0.004025149953931941 -0.00538049250819346 0.9999774239837032 53.4488967348383
0.9999576385472727 0.00790217995318032 -0.00471981323135749 -0.31672916627336195 -0.007874157852174577 0.9999514354099107 0.005926590507707753 -0.8337754756746308 0.0047664174073347824 -0.005889175020311038 0.9999712990348383 54.90319877044394
0.9999780329121949 0.004484860571763567 -0.004880543066450466 -0.33422015476574407 -0.004449773231593214 0.9999643476721302 0.007176552746939725 -0.8540754262127942 0.004912555322844708 -0.0071546779375297525 0.9999623379884885 56.28573546663419
0.9999775414405856 0.00404936554449579 -0.005340340334843275 -0.35497182930001625 -0.004010618324215304 0.9999657011647366 0.007246477784744899 -0.8821771609723612 0.005369501264210872 -0.0072248971223577724 0.9999594838444561 57.7172783699929
0.9999801700554125 0.003762437760977228 -0.005050103079865987 -0.38297074699891104 -0.0037226102391068596 0.9999620791803009 0.007872888862636918 -0.913235319008874 0.005079533265545114 -0.007853933340065043 0.9999562560858317 59.158776854900225
0.9999802168722591 0.0035016376668276098 -0.005225359409700049 -0.36760876409377774 -0.0034575062875127262 0.9999584817159758 0.008430925119417981 -0.9346177847944549 0.005254664957359443 -0.008412691789103121 0.9999508063530074 60.574343411388085
0.999990233092332 0.0002589111930925555 -0.004412105632295345 -0.4000420195075924 -0.00021774960939895116 0.9999564773184443 0.00932716738216798 -0.938261855441946 0.004414328894249369 -0.009326115737911204 0.9999467672216873 62.02605455282253
0.9999890582798184 -0.0014753802615748903 -0.0044392079836693635 -0.39373995513050825 0.001514730147425489 0.9999594791180514 0.008873877928435681 -0.96729724164906 0.004425936140034103 -0.008880505212612832 0.9999507726521857 63.43955073086823
0.9999905234058671 -0.0019494669343135453 -0.003892643422716666 -0.41547033634408204 0.0019800310072116533 0.9999671229604118 0.00786336252892344 -0.9882340925461923 0.0038771864130520087 -0.007870995722501698 0.9999615066898303 64.84776182026897
0.9999919181855018 -0.002497325924787963 -0.0031507022870510956 -0.42400227921546774 0.0025215411944286194 0.99996713530975 0.00770520113582319 -0.9910638669318699 0.0031313566126954222 -0.00771308364208309 0.9999653508769049 66.30219108589775
0.9999964434376369 -0.0009402576596236438 -0.0024958014214262027 -0.43719119367776954 0.000958871970888453 0.9999716578482531 0.007467533807183872 -1.007600963275822 0.0024887094956211986 -0.007469900550996114 0.9999690029782312 67.67230134616268
0.9999966801040677 0.0018819901805847304 -0.0017600816896139373 -0.4618720652392258 -0.0018665056666057299 0.9999599031708752 0.008758322192827343 -1.0363953331365574 0.001776494349382828 -0.008755008089106137 0.9999600961572878 69.13784132135332
0.9999864967410995 0.0051063059469164595 -0.0009653825578788936 -0.4754447521377969 -0.0050964814247472755 0.9999378127264086 0.009919504202977712 -1.052146664346893 0.001015974640225765 -0.009914450403217355 0.9999503345035033 70.50140353601248
0.9999620467655338 0.008711213299374567 0.0001406145671587072 -0.5006802494567948 -0.008712221308474705 0.999904450793281 0.0107324973278322 -1.0745493432270434 -4.710805394089615e-05 -0.010733315278256161 0.999942395204652 71.94486234648811
0.9999226407436728 0.012421515393219104 0.0006468804195848244 -0.5033469844769 -0.01242775982983442 0.9998648726403438 0.010760449424263815 -1.0905998655822793 -0.0005131319556064948 -0.010767656499715917 0.9999418954479643 73.31401596765062
0.9998718350484322 0.015956924816153593 0.0012999948735491638 -0.524183476425254 -0.01596954468910059 0.9998188469984242 0.01035600636875099 -1.1087051678030633 -0.0011345094490083406 -0.010375439633723145 0.9999455300878107 74.7108573204333
0.9998614361948531 0.016487271786518445 0.0022974416262949893 -0.5441911389937866 -0.016510070999200908 0.9998107971333778 0.01028530660284328 -1.1043491018518286 -0.002127430470821762 -0.010321812570329585 0.9999444655706826 76.14331394473176
0.9998520173136832 0.017029230966010497 0.002439000448585804 -0.5449395286855081 -0.017054237991458415 0.9997980833501934 0.010627583849023134 -1.120535124411271 -0.002257528576993288 -0.010667606666192327 0.9999405510995932 77.5307456177043
0.9998568854527267 0.016711479471224346 0.002633443526119282 -0.5476456032795489 -0.016739550581048264 0.9997991072063598 0.011024187813117784 -1.1527341068769121 -0.0024486841969647457 -0.011066692981509054 0.9999357640632616 78.93843708246719
0.9998729883461679 0.015817320842398577 0.0019543535469837797 -0.537372042036769 -0.01583528228757814 0.999829060339407 0.009544316339650569 -1.156731316891076 -0.001803054102276463 -0.009574052039705714 0.9999525421358912 80.30687152110133
0.9998740665436817 0.015757309348136586 0.0018863235037387105 -0.5533898321084307 -0.015774889487265395 0.999828531774131 0.009698450930238673 -1.185742168890928 -0.0017331787072471987 -0.009726986317977863 0.9999511897235235 81.69859867603842
0.9998752197695854 0.015693187433264835 0.0018079601488833173 -0.5803442034980415 -0.01571029201065831 0.9998278705172773 0.009869959467659216 -1.1824445488325936 -0.0016527579543750258 -0.009897131679472105 0.9999496563210591 83.06740522324388
0.9998806742589184 0.015368458233326046 0.0015645117234848742 -0.5958963801596833 -0.015382162108850898 0.9998397315576288 0.009159712052315918 -1.1950374379976063 -0.0014234904433271544 -0.009182684827442032 0.9999568250555573 84.44388497220052
0.9998866971086141 0.015036126791229166 0.0007125996581518832 -0.603398332733013 -0.015042084344235134 0.9998439898238941 0.009259143999461388 -1.200947552856036 -0.0005732668640649565 -0.00926881408957382 0.9999568792965836 85.84597830577994
0.9998872854275899 0.015007054786609523 -0.0004524457464194524 -0.6073570571526511 -0.015001757100510639 0.9998370303549698 0.01004291044825476 -1.2245106551235234 0.0006030865769767304 -0.010034991194482649 0.9999494663444806 87.22554060418466
0.9998968698016054 0.014274547774751949 -0.0015770249594848206 -0.6125358229603363 -0.014256157573264865 0.9998365947187537 0.011115118741666695 -1.2357288048843738 0.0017354307135290937 -0.011091490351903075 0.9999369815787783 88.59464536575976
0.9999126455543881 0.012866027076511223 -0.0030276344928172262 -0.605000957788364 -0.0128298312547994 0.999849409170581 0.011685650955668446 -1.2540529882097968 0.003177526737577877 -0.011645786364438882 0.9999271368423854 89.93205764236492
0.9999280784240164 0.011447377806811935 -0.003577077987509187 -0.6290983322920634 -0.011402423554966417 0.9998587846665219 0.012344856595017618 -1.2778848768899125 0.003717889410087276 -0.012303181629457928 0.9999174011045647 91.3112314801201
0.9999362545856262 0.010554043867482005 -0.004012342385872854 -0.6393065524643752 -0.010504361297161889 0.9998702992042973 0.012208324303864895 -1.3028157658743358 0.00414066953121971 -0.012165399236332525 0.9999174255555728 92.69019811321282
0.9999425397546772 0.0099518903089596 -0.003984600129701649 -0.6561358181638017 -0.009903826918221673 0.9998800765421824 0.011905745010848396 -1.320179990013518 0.00410260730674408 -0.01186559835862339 0.9999211849946171 94.02470423089149
0.9999498437166479 0.00907730105377811 -0.004232331335061096 -0.6855672899708651 -0.009027797383133028 0.9998922806500061 0.011572639567006304 -1.3255084627098608 0.0043369241396783885 -0.011533850734474627 0.999924077812277 95.39158515803355
0.9999522979501363 0.008884839441558 -0.0040572681900743115 -0.6905989982455293 -0.008838810953456773 0.9998979295264713 0.011225237854891856 -1.3339025702562437 0.004156588858577958 -0.01118884119223105 0.9999287637695571 96.76261769975501
0.9999230728051045 0.011779683927693319 -0.003884260957175772 -0.6981253120997255 -0.011736533014674146 0.9998711557424727 0.010951060724519684 -1.362401278679422 0.0040127608736631615 -0.010904630760389805 0.9999324911160468 98.11135397229785
0.9999124419284201 0.012686047711036612 -0.003764655653418143 -0.7186227159135168 -0.012644278501416303 0.999860438051523 0.010919096459597568 -1.3659987174837427 0.003902650767200833 -0.010870539277171874 0.999933298127401 99.45267676124647
0.9999092589393941 0.013041614158649916 -0.0033749294867138893 -0.7321375443641909 -0.013000521667641578 0.9998443870537144 0.01192426689602714 -1.373086191292115 0.0035299162990813475 -0.011879309278482509 0.9999232079079371 100.8009877862852
0.9999074334047262 0.013228355444094042 -0.003183582200335826 -0.7778353273352416 -0.013184031385598982 0.9998210980458359 0.013562936475094439 -1.3875958055564535 0.0033624282900770945 -0.013519708831932936 0.9999029510711029 102.12251414186271
0.9999076203126909 0.013176416004936065 -0.0033365945424118585 -0.7583613590837044 -0.013133385931123637 0.9998342893094023 0.012605876510828899 -1.4061584169001908 0.003502142211338651 -0.01256089146059109 0.9999149758939123 103.4847037734233
0.9999050252436544 0.013377448431684435 -0.0033142610913440168 -0.76166622452495 -0.013342857709241162 0.9998584607510966 0.010248250688943566 -1.4146977451905158 0.003450887737482339 -0.010203055863832397 0.9999419928349045 104.80192200617654
0.9999270185058482 0.011611017308749187 -0.003337949278043451 -0.8006184535616874 -0.011580697906799187 0.9998927644742083 0.008963649518989574 -1.4287211546810576 0.003441668718361579 -0.008924339743827048 0.9999542544965074 106.12141837420779
0.9999364323763781 0.010888674724690798 -0.0029271041211630755 -0.8018564261373684 -0.010858586101689787 0.9998899731631902 0.010106072300921884 -1.4435429511644835 0.0030368240592908704 -0.010073645879152413 0.9999446481516734 107.48443732558377
0.9999710560511745 0.007180942039991841 -0.002514182154740382 -0.8103234420862525 -0.007149663980119364 0.999899572587038 0.012236300725283374 -1.4504825499100018 0.002601798057517752 -0.012217971249258235 0.9999219728731937 108.80540969409311
0.9999762898264284 0.006590329837010331 -0.0019968276534754613 -0.818757595027415 -0.006563662334201437 0.999892914757886 0.013079654504007275 -1.4651547372614353 0.0020828132461931806 -0.013066238144944111 0.9999124638279346 110.14296301351956
0.9999791318404412 0.006313614291033055 -0.0013689934659269342 -0.8166362623104929 -0.006296542102302731 0.9999065332381168 0.012135829326471257 -1.4727079445080014 0.0014454865875669163 -0.012126956394081493 0.9999254209710323 111.45632936472242
0.9999744237818039 0.007146717983488676 0.00027602497841589077 -0.8509657184760668 -0.007149026940055935 0.9999289262890818 0.009541163237917467 -1.4951622350673757 -0.0002078173676953955 -0.009542892714442457 0.9999544439689982 112.81736016830082
0.999950437613492 0.009906891576083657 0.0009878232797316945 -0.8410320650004806 -0.009914663299674473 0.9999172301806315 0.008199528004423038 -1.5159474456162465 -0.0009065097534475372 -0.008208915720110049 0.9999658953903743 114.15553669329195
0.9999086231365881 0.013336729849091839 0.002208389404148673 -0.8573865985503091 -0.013352186678349687 0.9998853737822404 0.007138517942941368 -1.514576770471233 -0.0021129319530765424 -0.007167352624908002 0.9999720818972947 115.4531938160764
0.9998981994777619 0.013652158435737985 0.004148399904907169 -0.8847920977991482 -0.01369112416824421 0.999861007062458 0.00951418447444649 -1.5410378621304974 -0.0040179344854344235 -0.009570012379505619 0.9999461340811187 116.83005819541955
0.9998892559138225 0.014226826996623039 0.004367295560154524 -0.8794724434901181 -0.014276605489051452 0.9998309518365509 0.01158647130496342 -1.5415388547679156 -0.004201718900642725 -0.01164753856460098 0.9999233372628586 118.1214301087671
0.9998873196051216 0.014020694753916981 0.005363597833459391 -0.881754226053891 -0.01408612918728415 0.9998243559780698 0.0123627742997433 -1.5548272931211748 -0.005189321494149026 -0.012436933841088686 0.9999091926860243 119.49258441869591
0.9998817074976478 0.013937458866900527 0.006505245808208492 -0.8885759198878482 -0.014013628092770854 0.9998320115811057 0.011813842570714184 -1.573374293852003 -0.006339498584338776 -0.011903607417255041 0.999909053307411 120.81626376843917
0.9998503279962774 0.015591719606152965 0.007497989800472033 -0.8710565982353713 -0.0156794219997548 0.9998076317365374 0.01178368719724637 -1.5803948470672138 -0.007312820087816431 -0.011899487895930911 0.9999024576666252 122.11636515454059
0.9998096665797005 0.01734820032627904 0.008925834325591343 -0.8860032826872172 -0.017448840672511297 0.9997836347850271 0.011323498531200458 -1.5875723597251927 -0.008727461493928498 -0.011477088984408353 0.9998960485177317 123.48226886249743
0.9997737579199468 0.018525617672808935 0.010451527105108235 -0.9017349290998675 -0.018638069259921106 0.9997683264390564 0.010766423375489815 -1.6034946643360857 -0.01024965197788051 -0.010958784065371797 0.9998874185041987 124.83778161290108
0.9997518198728572 0.019218813967050205 0.011266578979262698 -0.8839408379503929 -0.01933374474124201 0.9997612347239938 0.010182333199974365 -1.6129147546510583 -0.01106819747199676 -0.010397631519967353 0.9998846854814062 126.1588962045037
0.9997441490431253 0.01873968426088135 0.012667305964259945 -0.9037993208155657 -0.018861133723827705 0.9997766263630706 0.009537036390502912 -1.6278925325205036 -0.012485756419681715 -0.009773516279155079 0.9998742842293883 127.49511776138843
0.9997508170139506 0.018096733243205237 0.013069509582867754 -0.8730972234551404 -0.01823320664932539 0.9997796763597125 0.010399469252560044 -1.6358853500485346 -0.012878434720829383 -0.010635177163784086 0.9998605097330219 128.81746649815972
0.9997312667868387 0.018556054074872822 0.013894855823968294 -0.8652146197084774 -0.018712415046625477 0.999762074744704 0.011208901556920978 -1.6579946795580824 -0.013683558051659118 -0.01146589589104614 0.9998406340358553 130.18136823711097
0.9997586504266149 0.016857483381367607 0.014087800045431005 -0.8406995953451455 -0.017012976529805043 0.9997948531760574 0.010991370913041905 -1.6547346602929316 -0.013899624292069484 -0.011228393784796491 0.999840349063963 131.51195576649138
0.9997728332768975 0.015771001981223574 0.014337269641084147 -0.8358192296315232 -0.01593984784525892 0.999804031816494 0.011739644456518683 -1.6800657216796189 -0.014149315223441379 -0.01196551173295017 0.9998282969625811 132.86143854273365
0.9997942590902492 0.014514335659398516 0.014169457222328371 -0.8267998180798171 -0.014691755598374653 0.999813952893781 0.01249847787509952 -1.683669463349451 -0.013985415105217981 -0.012704080879487847 0.9998214913138584 134.18819724922815
0.9998309844564508 0.012667255522298958 0.013324531239019177 -0.7962984471218797 -0.012837999155903564 0.9998355613946922 0.01280765296956138 -1.7024200696556906 -0.013160103461322603 -0.012976548852684011 0.9998291958409912 135.52156661426264
0.9998424727084887 0.012811599445692285 0.012283837444704402 -0.7922632179879345 -0.01295963413512153 0.9998434320236249 0.012048209391714115 -1.707832319043625 -0.012127558372180882 -0.01220550574948607 0.9998519630202938 136.86597260862885
0.9998804082712235 0.009598573989542654 0.012125861506392109 -0.8337763966415364 -0.009765592069461591 0.9998572193322158 0.013790365369897795 -1.7261986738098993 -0.011991763328223364 -0.013907132644917948 0.9998313804202633 138.19259737023427
0.9999026453227373 0.00937284627181506 0.01033680875296223 -0.7775265253312984 -0.009512110215092618 0.999863534871745 0.013506717171825071 -1.7334204104886792 -0.010208802607675956 -0.013603727360856679 0.9998553490128687 139.54883311260167
0.9999243844852044 0.00807318171320054 0.009276262095814935 -0.795397891291086 -0.008202648587810096 0.9998682865430367 0.014004504040183906 -1.7501435591969607 -0.009161980144754684 -0.014079535276808807 0.9998589024481812 140.90331325766107
0.9999343820474347 0.00833383264475302 0.00785995048369695 -0.7842788982613398 -0.008440267832788334 0.9998717994570052 0.013606856441114413 -1.7499372669830795 -0.007745546213424906 -0.013672303943842482 0.9998765296861873 142.23381655616095
0.99994355596324 0.008143657272958746 0.006823908173938717 -0.7782455839374789 -0.008233473667878816 0.9998784636275775 0.013238878256742586 -1.759113867802063 -0.006715266490965618 -0.013294315732070667 0.9998890770299648 143.58639069180396
0.9999620211146364 0.005928129198203945 0.006388552805102728 -0.7754612178212674 -0.005997779734735597 0.999922180616604 0.010938891961441042 -1.7690915848974262 -0.006323209012896994 -0.010976793862807335 0.9999197602916519 144.93260979691752
0.9999829663766374 0.0031595112150035734 0.004907590564778112 -0.7751531624914783 -0.003209231452221753 0.9999432701846571 0.010156635679923521 -1.8040740338698966 -0.004875222557704365 -0.010172212468553515 0.9999363771242571 146.24042156186908
0.999974701625087 -0.0057773644286645935 0.004149479752677459 -0.7794792779502764 0.005722811812624368 0.9998985903515195 0.0130406451455241 -1.802038678375222 -0.004224399860854173 -0.013016568795340511 0.9999063573068531 147.6304398070729
0.9999161956370227 -0.012685271572954009 0.002585653015919383 -0.7716781077499466 0.012646107623659076 0.9998128734057905 0.01463878812932064 -1.8225600427585014 -0.0027708663958380753 -0.0146048631645846 0.9998895040322594 148.9420070796576
0.9998887652808544 -0.014841399954540365 0.0014798393427219822 -0.7435438486002909 0.014823042260299246 0.9998213460288637 0.011728317409950855 -1.8318992389761355 -0.001653639742209595 -0.011705077310743625 0.9999301258801544 150.2426052638811
0.9999096766961121 -0.013368487635391385 0.0013863621301699444 -0.7624086598176665 0.013355787500921912 0.9998720990477259 0.008798208534439241 -1.8565855385083483 -0.0015038036741383167 -0.00877889805474213 0.9999603339753164 151.64718564543102
0.9999473031743427 -0.00997273604668906 0.002436272382035881 -0.761388705365579 0.009957343733946205 0.9999308875444264 0.006250714285613501 -1.8653412730751302 -0.0024984409343189315 -0.006226126204324469 0.999977496318626 152.96608140746562
0.9999412567730177 -0.010252549855873127 0.003516850703222503 -0.7754094842596079 0.010228711061562349 0.9999250311495086 0.006730938947140401 -1.890387914409452 -0.003585596632950526 -0.006694570821559398 0.9999711626920276 154.3397604846686
0.9998915441400016 -0.0141898373813442 0.003943157007979821 -0.7786541752890141 0.014151926942651997 0.9998549009350001 0.009481562485804286 -1.8807290455335004 -0.004077127025261467 -0.009424731056472829 0.9999472743489309 155.65294533179204
0.9997921779112703 -0.019947585860861067 0.004206520817985743 -0.7777588341996164 0.01988995146700802 0.999713376267849 0.013324981431802007 -1.9017546026349588 -0.004471116706139343 -0.013238544953442809 0.9999023702556692 157.0057252829809
0.9997418236135558 -0.022320696921914004 0.004251189926312358 -0.7582859970157063 0.022259036135891544 0.999653673188038 0.014038126034264409 -1.9087749703544146 -0.0045630587544733345 -0.013939874585385646 0.9998924234095034 158.34827526161985
0.9997238870117902 -0.02319559848939336 0.0037568545623426707 -0.7377712560239912 0.023138920412479384 0.9996272971392582 0.01448644772454563 -1.9337646290414083 -0.00409147652921575 -0.014395518532116056 0.999888008162457 159.68121994558922
0.9997296074891414 -0.02270624032970325 0.005013837731671009 -0.7542291024979255 0.02263338343575447 0.999643844046312 0.01413913029766854 -1.9235057352330678 -0.005333098951733696 -0.01402182732551776 0.9998874668751029 161.04443428647693
0.9997662097512012 -0.020688509311690598 0.006285812151669434 -0.7507577533829211 0.020602562123501086 0.9996973561889295 0.013443602636279015 -1.9272488927428704 -0.006562038430074368 -0.01331095605891012 0.9998898729856104 162.38274932334608
0.9997935477584252 -0.018748854041512428 0.007832135552156849 -0.7855246966962597 0.018651202326683273 0.9997496432127161 0.012360563728333485 -1.9325048955100648 -0.008061921799099533 -0.012211933337198826 0.999892931317474 163.73561228577586
0.9998122563655027 -0.0174874867992149 0.008345048970458112 -0.7888016967679061 0.017392029802799615 0.9997840109208573 0.011377556585545926 -1.9186016669375396 -0.00854221211311722 -0.011230283382333419 0.9999004507171209 165.0892804067728
0.9998070878464373 -0.017602441017086384 0.008714423548073454 -0.7899475749289242 0.017494431061050843 0.9997710628952896 0.012319361432887699 -1.9327425658838644 -0.008929280069622469 -0.012164531215367775 0.9998861395855022 166.43723838797672
0.9998064614318587 -0.017839454587805448 0.00829418799070743 -0.7686169799395313 0.017737047877908464 0.9997675082746709 0.012260771512113569 -1.9283347898412195 -0.008510985845361791 -0.01211128438858442 0.999890433951565 167.76042014398686
0.9998504789494959 -0.015499289380442767 0.007667580427146874 -0.7663706892507863 0.015420490971493362 0.999828747808321 0.010231495558084154 -1.9377096782340058 -0.007824848899583958 -0.010111728060440481 0.999918259005093 169.15944308670177
0.9999077127205321 -0.011815206720060398 0.006705739990140945 -0.7701414335164052 0.01176031708784619 0.9998974937092183 0.008166823346337775 -1.9680576278824786 -0.0068015458830727946 -0.008087208168654842 0.9999441664580201 170.57462409645038
0.9999563328783839 -0.006387938429082316 0.0068210404858992275 -0.7736115233442735 0.006345888554280955 0.999960837398744 0.00616874039149822 -1.9666293679641944 -0.006860179464342562 -0.006125185567865262 0.9999577091229647 171.92447686463663
0.9999676412709855 -0.003953687001396842 0.007006053242797992 -0.7719726316713171 0.003903373818134822 0.9999666007336587 0.007180604619291403 -1.980829850189493 -0.0070342096972816764 -0.0071530251514871305 0.9999496757939478 173.28449814313686
0.9999666637791966 0.000464514933898005 0.008152028108076748 -0.7925217836577961 -0.0005404558107530467 0.9999564604926324 0.009315848028200676 -2.0074141229138185 -0.008147346503259524 -0.009319943461410277 0.9999233767618471 174.65373337148972
0.9999627034592421 0.0030775915169783145 0.008069703970146502 -0.7911039325696887 -0.003176785695646814 0.9999192039080047 0.012308277285678654 -2.0292909105874846 -0.008031172788770238 -0.01233345418856034 0.9998916872187071 176.02458700777515
0.9999755924492209 8.533002670613882e-05 0.006986217220310238 -0.7778765289031986 -0.000178791901206541 0.9999104878039807 0.013378505447752789 -2.031131335631931 -0.006984450859873035 -0.013379428248344276 0.9998860976854043 177.44307976630265
0.9999800930709525 -0.002215767352701766 0.005907947717614913 -0.7921150335886222 0.0021374871413126304 0.9999102802539269 0.013223561655707997 -2.036313991607769 -0.0059367184851198615 -0.013210670506775211 0.9998951112778658 178.8430018482242
0.999978628303345 -0.0054042911427940755 0.003679209860783519 -0.7870129374735848 0.005369077912905546 0.9999403219361745 0.00951449203498886 -2.034785078152093 -0.003730409684879684 -0.009494534909711735 0.9999479675707619 180.18156955123104
0.9999954230931228 -0.002228825413120172 0.0020460049289872766 -0.7975617702678606 0.002217389346467367 0.9999820017405384 0.005574887876462176 -2.0652289522010756 -0.0020583937255122114 -0.005570325677594736 0.9999823670873743 181.60023209441098
0.9999988579348577 0.0011976262786182607 0.0009218565910577988 -0.8034443125524555 -0.0012026527040690663 0.9999843090336772 0.0054713173572949825 -2.0884403186145795 -0.0009152896057795831 -0.005472419890047566 0.9999846073142701 182.9923922463513
0.9999889733536751 0.004607944087591172 0.0009055466801575636 -0.8222178132469352 -0.004614066256522251 0.9999656957032604 0.006878794680248376 -2.0957505936186185 -0.0008738185833042761 -0.0068828972210697 0.9999759307940906 184.320487147422
0.9999717008868699 0.007301280783893805 0.0018134804921125446 -0.8403259437208582 -0.007318069468717428 0.9999287570841343 0.009430091604901394 -2.107124414167207 -0.0017444996880969976 -0.009443096108185549 0.9999538912656535 185.77251311483886
0.9999511568547476 0.009624974756068988 0.0022458288313488973 -0.8621385733706403 -0.009650444477381047 0.9998859197194506 0.0116196594405219 -2.1258090745882448 -0.002133733869289588 -0.01164076538132136 0.9999299674289357 187.14327357794772
0.9999725701388982 0.007008781553358313 0.0023949821574161772 -0.8640195959307657 -0.0070370927830206405 0.9999029429440847 0.012024309833780635 -2.1166728662421206 -0.0023104741325113446 -0.012040833961095022 0.9999248371893542 188.5982082962429
0.9999803143635329 0.005979654922604923 0.0019012109225542465 -0.8462867927285025 -0.006003297415306832 0.9999015489279565 0.012682778824898286 -2.12505315334592 -0.0018251852498345784 -0.012693942944228959 0.9999177628753639 189.9986410190789
0.9999936336523672 0.0025629960878202577 0.0024826809041356974 -0.8703658763420681 -0.0025961136220286974 0.9999064529871203 0.013429276526182468 -2.1333088018758133 -0.002448029669741072 -0.013435636617235463 0.9999067410621367 191.3693224572013
0.999995989020685 0.0011060486753687836 0.0026074125887171557 -0.8652301133567015 -0.0011406365279029154 0.9999108842194728 0.013301224168344894 -2.1383131928939543 -0.00259246863413941 -0.013304145188408495 0.9999081351949362 192.81668579585462
0.9999954921043515 -0.000814779510072321 0.0028899671847168553 -0.8622026870698141 0.000774016252698545 0.9999005962912638 0.014078296353003453 -2.1535749492064737 -0.0029011508524052253 -0.014075996282389463 0.999896719493768 194.17385466883803
0.9999762359112561 -0.005971028308639116 0.003445931713827826 -0.8707004898473465 0.005916433831525396 0.9998601557062307 0.01564176549102213 -2.155612007734961 -0.0035388475305147176 -0.015621006452179679 0.9998717221314174 195.6330036642851
0.9999473331436046 -0.009584127633871384 0.0036708923468900165 -0.8616857919827041 0.009522880232640673 0.9998209171534045 0.016353848407599344 -2.1647612753721033 -0.003826972633037505 -0.016318029944820202 0.9998595282247977 197.0479470782192
0.9999714106100316 -0.006449764062350094 0.003946963219407773 -0.8682687117478868 0.006394294853734345 0.9998828251928304 0.01390858959115993 -2.193704301491234 -0.0040362081854776214 -0.013882954171872542 0.9998954808417352 198.46280004155702
0.9999907286508909 -0.001096842759616969 0.0041640791106235 -0.8927010093754666 0.0010636869720751074 0.9999677829369562 0.007956233669680365 -2.1898010223182554 -0.004172672039624145 -0.007951730780449508 0.9999596785785883 199.90528961647104
0.9999390113791751 0.00961924540131378 0.005426197942400375 -0.8903077086133342 -0.009656998580624703 0.9999290454393028 0.0069747032204023176 -2.1944813044729323 -0.005358721994803219 -0.007026678770199433 0.9999609541777746 201.360389814269
0.9998629955818907 0.015262135300749336 0.006407593812599435 -0.8959971214390212 -0.015328084362565953 0.999828716791417 0.010372412708918232 -2.1939491956996955 -0.00624819165370349 -0.010469207994022265 0.9999256751290253 202.7830118767943
0.9998313963254785 0.01679497173759926 0.00742346329291008 -0.8837958941550073 -0.016887078040332265 0.9997789656182482 0.012523839004673508 -2.1991573304484153 -0.007211485530390384 -0.012647088299622229 0.9998940171998493 204.2118828076532
0.9998624026454124 0.01471295222134706 0.007661904584429883 -0.9241563217414116 -0.01481172641663385 0.9998058086515159 0.012998376059486994 -2.201594462695473 -0.007469172844447258 -0.013110073815448523 0.9998861622304067 205.68102996261135
0.9999060229178485 0.012103966631867625 0.006437336525167691 -0.9165848704439519 -0.01219093256130533 0.9998325652324814 0.01364634337912299 -2.2208710450859552 -0.006271084325943244 -0.013723538345696068 0.9998861625184133 207.1321912408134
0.9999260788562703 0.011173480246027129 0.004794803586481783 -0.8858051621980203 -0.0112362492775376 0.9998488156845375 0.013269984829459847 -2.2304124446777696 -0.004645807156571743 -0.01332287977270488 0.999900453720436 208.57151434883
0.9999317169687599 0.010817188244432523 0.004421517648662032 -0.9051705228520386 -0.010873058625815874 0.9998587864393381 0.012813422507193407 -2.228912640048234 -0.004282288419270402 -0.012860623246751376 0.9999081289676066 210.07564395060746
0.9999194124893085 0.011920481998431917 0.004366991232188144 -0.9174433387966046 -0.011974918256618412 0.9998481679800517 0.012658686478444613 -2.242880027703707 -0.004215430885508914 -0.012709960965654321 0.9999103394977782 211.5219779611918
0.9999092631316135 0.012832937104129808 0.00409648656373832 -0.9160450789589925 -0.012885860713100106 0.99983030091608 0.013165256929394631 -2.2365601484294886 -0.003926842801554673 -0.013216849377616432 0.9999049428813601 212.97021755999108
0.9999133365924096 0.012676324547710536 0.003553881529027484 -0.9266673724557578 -0.012722284727770851 0.9998316411358383 0.013222438527825432 -2.2568220827820125 -0.003385671555664503 -0.013266506387379856 0.9999062641254746 214.41275750160602
0.9999080299021736 0.013126034996670125 0.0034115852808996473 -0.932121778094597 -0.01316859407764959 0.9998317839554169 0.0127668300692548 -2.270665117518982 -0.003243433803789783 -0.012810581944277073 0.9999126807517893 215.86062257886883
0.9999170217551072 0.012476147052450457 0.003208634097204834 -0.9372964145247099 -0.012514633404131191 0.9998464300212564 0.012267858417971976 -2.271044543216614 -0.0030550859907012068 -0.012306995581703293 0.9999195989228529 217.3483977076947
0.9999087236301484 0.01329864050911922 0.0023854850664656964 -0.9246096935549216 -0.01332681624437699 0.9998366199941537 0.012211851448936923 -2.290400559220221 -0.002222694482294064 -0.012242527966276208 0.9999225870735249 218.8209567867812
0.9998952065449115 0.01426139944260087 0.002487645742632739 -0.9402700728978806 -0.014289766614410542 0.9998284510356666 0.011784358345814984 -2.295743889316496 -0.0023191577353479866 -0.011818671541249137 0.9999274676253309 220.28987547433778
0.9999149412195548 0.012780817765189613 0.0026001913715607994 -0.9596987479863257 -0.012811229820325894 0.9998454898220381 0.01203614970762098 -2.3073175692722643 -0.00244595797726219 -0.012068437822307834 0.9999241821754865 221.76858892712426
0.9998842374037262 0.01509284086223086 0.0019281881621657565 -0.9556553076187135 -0.015114537136111082 0.9998163542698301 0.011781703465302475 -2.324319447346407 -0.0017500148224221187 -0.011809483499202432 0.9999287342353418 223.26630812825044
