1.0 -6.776263578034403e-21 8.673617379884035e-19 -8.673617379884035e-19 0.0 1.0 -1.828002979293187e-19 0.0 0.0 1.0683203047244863e-19 1.0000000000000002 5.551115123125783e-17
0.9999999012251343 -0.00040226569784647495 -0.00018902893487830232 0.002860750728085698 0.00040244184058771913 0.9999994842357649 0.0009325070855523172 -0.025041341114032077 0.0001886537374263409 -0.000932583053012115 0.9999995473489042 1.3141118647424097
0.9999987589901248 -0.0015722157587798793 -0.00010077468327137143 0.009180557314857842 0.0015723532934380502 0.9999978144454669 0.0013779733908837505 -0.03518187093161702 9.860799923891526e-05 -0.0013781301139456224 0.9999990455159831 2.6095536882990977
0.9999968092692294 -0.002430641406014117 -0.0006880645552056726 0.016436060565892682 0.002431507226153698 0.9999962501234522 0.001259965534231498 -0.06668673993613755 0.0006849995071499639 -0.0012616345292143834 0.9999989695261536 3.9409282286674308
0.9999957383660683 -0.0029185640901645974 -7.23359584595875e-05 0.01939736632073773 0.0029186546464730866 0.9999949203395075 0.001280918425482931 -0.08199145674023867 6.859715320039518e-05 -0.0012811240712366483 0.9999991770069769 5.248077466472573
0.9999949993263554 -0.003138640252947318 -0.000387631935974451 0.023295172233594938 0.0031393545828409604 0.9999933510524837 0.0018553452435108619 -0.09269480188761914 0.0003818061282198047 -0.0018565528521307308 0.9999982037155716 6.578660888637961
0.9999904397114705 -0.004366121570086467 -0.00023972093938437466 0.03337127585315508 0.004366818255563428 0.9999860099513719 0.002985096982852207 -0.12319067004594642 0.00022668430677569816 -0.0029861152181402235 0.999995515853924 7.911722893550504
0.9999893553702226 -0.004613775348526456 4.712971995507291e-05 0.03194499022884694 0.00461358091455325 0.999983139038834 0.00352654419811558 -0.1314416707449934 -6.339961494731226e-05 -0.0035262891706119978 0.9999937806118829 9.22693639425551
0.999992485894352 -0.003826297181832852 -0.0006225777085207803 0.03503795159259054 0.003827896332285924 0.9999893262537596 0.002587390888419957 -0.15014754218354104 0.0006126709867626274 -0.0025897545711667785 0.9999964588956515 10.566635998673263
0.9999994333712637 -0.001024837544295428 -0.00028803634893519604 0.030076079249781965 0.0010249440365070533 0.999999406493063 0.0003694639530589487 -0.16552940243300185 0.00028765756117786045 -0.00036975895929412475 0.9999998902656397 11.88427276773367
0.9999969504379185 0.002385601409185303 -0.0006387643816264856 0.03362451462032941 -0.002385936929171554 0.9999970160192516 -0.0005246501244354245 -0.1898600470145805 0.0006375109237345125 0.0005261725679267405 0.9999996583613943 13.238607646395035
0.9999871375913585 0.005049386122501253 -0.00047785867360539656 0.031068631560608767 -0.005049642420951507 0.9999871070264398 -0.0005356252821476294 -0.2032245409094203 0.0004751479753216086 0.0005380313993780832 0.9999997423785664 14.574489874380053
0.9999844640069342 0.0055719741329929295 0.00015762623803168303 0.02816906370457989 -0.005572048381534982 0.9999843650689518 0.0004710603708869804 -0.22169613129543095 -0.0001549990483389798 -0.0004719313477616036 0.9999998766278422 15.907495044175072
0.9999933922225798 0.003635313574011754 2.257353421140744e-06 0.03695351012617849 -0.003635302329286034 0.9999881999787218 0.003222496554469257 -0.24127169788057623 9.457460776664262e-06 -0.0032224834211239425 0.9999948077408727 17.275374520738787
0.9999995350597507 -0.0007929883076635295 0.0005486801915803976 0.04746595404027683 0.0007900868823047478 0.9999858102194058 0.005268313467418222 -0.26059773431346495 -0.0005528501634933132 -0.005267877436497494 0.9999859718114305 18.616807569408675
0.9999961841218517 -0.0027625557301499733 5.179604869226875e-06 0.0607831199052752 0.0027625203784196286 0.9999899234987827 0.0035385569829528016 -0.2859970563761908 -1.4955015786404825e-05 -0.003538529119701257 0.9999937392730505 19.976343817240487
0.9999924544685368 -0.0038503777914216174 0.0005153596590655738 0.06050066482749733 0.0038497038250366834 0.999991740755092 0.0013031517454338594 -0.293426495994889 -0.0005203730740796055 -0.0013011579108161636 0.999999018098928 21.320337640294483
0.9999985302441244 -0.001620774623111448 0.0005591056658776237 0.06521877793436807 0.0016204602887548128 0.9999985288561841 0.0005624896301531151 -0.3323075154979517 -0.0005600165597512141 -0.0005615827864534369 0.9999996855027654 22.68793788125931
0.9999988804590181 0.0006235668249906861 0.001360237280770566 0.06249527087770705 -0.0006259268159735862 0.9999982986388475 0.0017352049894812911 -0.3204503289078246 -0.0013591530638529968 -0.0017360544308160633 0.999997569405198 24.049529228013387
0.9999969899805704 0.0009802771647151398 0.0022492413909615773 0.0669704424726454 -0.0009943015479657435 0.9999800211087174 0.006242495732289329 -0.3394202104738844 -0.0022430772650959396 -0.006244713276201713 0.9999779858351878 25.424094908536365
0.9999966115506781 -0.001074001151071355 0.002371372814413743 0.08696379222576084 0.0010568508352417 0.9999733645425869 0.007221722628639098 -0.3447128391735781 -0.0023790659898543865 -0.007219191866095616 0.9999711112364432 26.799291473430422
0.9999869182603214 -0.0044635633460052134 0.0024979809781078173 0.08817720235729276 0.004446842791672737 0.9999679358378726 0.006659796745255313 -0.38457911196465716 -0.002527627520361466 -0.0066486013976616845 0.9999747032764031 28.16630438688112
0.9999844262961546 -0.005077849614725585 0.002315730198814766 0.09555166599322296 0.005068949716785697 0.9999798057313117 0.003833260207628982 -0.37444940661456527 -0.002335148350582533 -0.0038214621332988076 0.9999899717026913 29.54033908984422
0.9999826322835499 -0.005020064844648073 0.0030877302562964575 0.10100013163989806 0.005012459571124161 0.9999843968065879 0.0024660488100515126 -0.4148549649646728 -0.0031000620641981214 -0.0024505288208699844 0.9999921922302484 30.925709741659485
0.9999918604731478 -0.0022611073924968224 0.003341613482705563 0.10768644591263385 0.002258002525990472 0.9999970157442938 0.0009326994579978333 -0.4112561318233956 -0.003343712724955595 -0.0009251464807428669 0.9999939818259742 32.30822569658252
0.999992516394692 -0.0007196846992891668 0.0038012114856216398 0.11018803799367119 0.0007212120660062382 0.9999996597518771 -0.0004004360771482612 -0.44021895025029917 -0.0038009223231304733 0.00040317455433129166 0.9999926951932168 33.69091090742641
0.9999921516065805 -8.297807285959697e-05 0.003961040280478655 0.11560344390500532 8.446291032105412e-05 0.9999999262357347 -0.0003746922422250019 -0.45402023401686975 -0.003961009228816273 0.0003750238570664728 0.9999920848501949 35.08660845788136
0.9999934087195167 -0.0003679978794574107 0.0036120763249348413 0.13107701149963555 0.000363358773199164 0.9999991084822049 0.0012849148428096043 -0.48356332094415233 -0.0036125462533187435 -0.0012835938752926517 0.9999926509205352 36.474364615846696
0.999993690931524 0.0007273894965997801 0.0034769242088344495 0.13205772802385 -0.0007373930353116645 0.9999955904524824 0.002876687215136567 -0.4963044349921913 -0.003474816695854816 -0.0028792328840582066 0.9999898177803673 37.877263979995334
0.9999890191092341 0.00325871261548287 0.0033678557511306 0.1370926624766617 -0.0032696446875420883 0.9999893879691536 0.003245516325407407 -0.5123118107825553 -0.0033572440863428223 -0.0032564923318801585 0.9999890620236778 39.26510420427741
0.999976803381638 0.00573576314661038 0.0036733794850313545 0.14162272422209873 -0.005747580485822137 0.999978316142928 0.0032144312414302454 -0.5297992100039096 -0.003654862919775009 -0.0032354696759899887 0.9999880867841613 40.66430659590338
0.9999634644945138 0.00774513195677955 0.003616987908523437 0.1462075084077452 -0.007758522645216899 0.9999630469377024 0.0037027144349110375 -0.544913605916281 -0.0035881765355716693 -0.0037306415844261085 0.9999866035599342 42.084484627793756
0.9999540455807939 0.00897701447490846 0.0033645103917477556 0.15169900853472718 -0.008990109621577425 0.9999519938349597 0.0038971740303181137 -0.5602175132291146 -0.0033293641624317664 -0.003927242200044453 0.9999867459619548 43.47577782629326
0.999962861419413 0.008085086816331523 0.002984484389934659 0.1573625030651621 -0.008096961833614457 0.9999592657313131 0.003988244811542171 -0.5815055844964662 -0.0029521177579331205 -0.004012261893437908 0.9999875932988979 44.900823584307574
0.9999679899328424 0.0077083285275775055 0.002144941863336052 0.17113856279000256 -0.0077158091697904115 0.9999641037411574 0.0035010750528733678 -0.6003371631000302 -0.002117877605844071 -0.0035175128958652587 0.9999915708116404 46.30089914675199
0.9999737371930647 0.007136138975033586 0.0012650849850263275 0.17433692914149668 -0.0071412381344751665 0.999966208180545 0.004072495928577051 -0.6168372636994368 -0.0012359804395334758 -0.004081423188806149 0.9999909071254567 47.73481533080684
0.9999729739155047 0.0073444076917111665 0.000333330250770157 0.1785528939578404 -0.00734598090929766 0.9999605631744887 0.004990858589884303 -0.6288430832825678 -0.00029666222727946917 -0.004993172273277335 0.9999874900308159 49.13354150190769
0.9999671975258903 0.008067712812158085 -0.000718244715372276 0.1826635738970193 -0.008063838315701509 0.9999537358358412 0.0052441119449692175 -0.6467238480068106 0.0007605195420913348 -0.005238148041558359 0.9999859916075421 50.5567249123366
0.9999640790107945 0.008281824720230379 -0.0018033467967752967 0.18130418174348056 -0.008272105250613697 0.9999515672920434 0.005332481209329499 -0.6593029850292108 0.0018474222881916238 -0.005317372111409084 0.99998415616524 52.005630479820425
0.9999614951143432 0.00824217513015217 -0.003012445714683242 0.18560358986342587 -0.008222806976965187 0.9999457978837055 0.006386450651781919 -0.6736868135498217 0.0030649209381136983 -0.006361433892048299 0.9999750688968793 53.40992065490526
0.9999691398949574 0.006965450601861799 -0.0036334210251535272 0.18188258081322736 -0.006938339951476249 0.9999483880095122 0.007421641780537076 -0.6882984343751912 0.0036849288873632285 -0.007396202731862073 0.9999658581575311 54.864608169909665
0.9999768682927004 0.005401058043167811 -0.004134180162439831 0.1846917649770498 -0.005368466171727039 0.9999547417619036 0.007854553340613118 -0.7028334893848865 0.0041764163069171675 -0.007832177332650332 0.9999606064949013 56.264152071084254
0.9999834471875061 0.0033339139883337985 -0.004689388418855174 0.18600075937209842 -0.003298432715533337 0.9999660292666668 0.0075538507775807714 -0.7174893136336262 0.004714413401671222 -0.007538257999404545 0.9999604737038794 57.69209832561347
0.9999866046912818 0.0023224609912403005 -0.004625646854173891 0.18338961110131202 -0.002286527111445078 0.9999672870666673 0.00775864661069731 -0.7321795163562155 0.004643515079500792 -0.007747965902534019 0.9999592025624218 59.14650448086369
0.9999905614739155 0.0012096411581055976 -0.004172975931561094 0.1845426015721416 -0.0011745030947157803 0.999963923608142 0.008412611477263096 -0.7419376781099919 0.004183001977475629 -0.008407630779937803 0.9999559061454532 60.54260112832656
0.9999932017123198 -0.0003733550674192455 -0.0036683964581523242 0.18249346991764864 0.00040758020884122366 0.99995635978178 0.009333403361161164 -0.7568096843262145 0.0036647520018583644 -0.009334834940531556 0.999949713957659 62.00319973155707
0.9999926613701059 -0.0019165417495667929 -0.0033172384736433764 0.18842267957759934 0.0019470799486625476 0.9999555325122969 0.009227236094043195 -0.768823659677486 0.0032994068567965586 -0.009233627173191533 0.9999519258634242 63.39763122446329
0.9999911605804196 -0.003157816836326006 -0.0027761396146666157 0.18829068657818232 0.003180982141857135 0.9999598286437494 0.008379884211052088 -0.7787921618339884 0.0027495661830582207 -0.008388640866174015 0.9999610345332975 64.8128301925895
0.9999931806018648 -0.003075479901659977 -0.0020445466673439643 0.18668312779324475 0.003092181885452173 0.9999614626458883 0.008216546846853204 -0.7992383902054312 0.0020191982192340006 -0.008222812805431417 0.9999641534487028 66.26716211449643
0.9999973967543191 -0.0017011497542764752 -0.0015207146456911094 0.18578866605298272 0.0017135615284286617 0.9999649277008309 0.00819799257695729 -0.8104173645744523 0.0015067154232444304 -0.008200576954584196 0.9999652395659457 67.64367891416829
0.99999911856913 0.0010448240287592558 -0.0008192699365598957 0.18370044526755064 -0.0010370577428611958 0.9999550605752908 0.009423446781070002 -0.8281725983875962 0.0008290790324720007 -0.009422588708459467 0.9999552627204583 69.10608213194321
0.9999895033477142 0.004581659859086347 -3.981514898542503e-05 0.17944285546693867 -0.004580956949541673 0.9999304399431662 0.010868768100655244 -0.834548296888842 8.960938710477536e-05 -0.010868471466971742 0.9999409323998484 70.47058650418738
0.999966669604837 0.008124481608255265 0.0008077572532933413 0.1739533113730915 -0.00813344788234793 0.999897343830818 0.01179613676349675 -0.8501200887450434 -0.0007118368925523467 -0.011802313275752296 0.9999300968962201 71.91806589226785
0.9999156040184886 0.012929542251283876 0.0012695516728392763 0.17489640327770034 -0.012943388025546482 0.9998491662235425 0.01158073983580273 -0.8557314464217232 -0.0011196266056865967 -0.0115961946023512 0.9999321350453912 73.27910218966362
0.9998643687103416 0.01633583745300299 0.0020939370623016635 0.17274831824109593 -0.01635810456761587 0.9998046027159373 0.011098145743063555 -0.8678810772581571 -0.0019122305620745397 -0.01113089317058237 0.9999362212567902 74.68189704225237
0.9998355282323913 0.01790538264623168 0.0028833531690991548 0.17257062448408766 -0.017936372393986478 0.999777445499713 0.011106126988491682 -0.874341917031843 -0.002683852230757835 -0.01115601708218597 0.9999341679379913 76.12102802398151
0.9998300413894085 0.018148327171209358 0.00324446053919548 0.1761757531944388 -0.018184999202355764 0.9997667090552727 0.011654754889019465 -0.8856982481122349 -0.003032189578518027 -0.011711774409232977 0.9999268174000409 77.47811998342593
0.9998498782207875 0.017014588112959618 0.0032748717811379026 0.18438847476884557 -0.01705196430299485 0.9997856241007816 0.01174463254935633 -0.8998472795633695 -0.0030743398935421306 -0.011798712253302607 0.9999256666435379 78.91042738940783
0.9998617062719521 0.016333176466690438 0.0031298005782151644 0.19125114860064857 -0.016366562747310406 0.9998060346437259 0.01095576330798462 -0.9064958279886882 -0.0029502513311005594 -0.011005472115915106 0.9999350856883384 80.27112738191762
0.9998720505877078 0.015738494755260977 0.0028604566912105497 0.20173785743914047 -0.015769262843408606 0.9998143546159487 0.011071887252807153 -0.9204644894206324 -0.002685671040434029 -0.011115577746781327 0.9999346134084154 81.65554703386107
0.999878928124437 0.015361212963150687 0.0024823791631293952 0.20834510319928679 -0.015388318703996526 0.999817787086986 0.011295676388884866 -0.9262872684966316 -0.0023084117388247373 -0.01133250828067731 0.9999331205040137 83.07053369047726
0.999883408535502 0.015131885991733634 0.0020482528457079615 0.21222230344742987 -0.015153483628061551 0.9998249528343711 0.010974318009899833 -0.9401291406294212 -0.001881832328054887 -0.01100407650758018 0.99993768255689 84.43553574898526
0.9998785955804409 0.015523389414538602 0.0013485020841135786 0.21503854599765676 -0.01553778541450618 0.9998141158192765 0.011415387275302882 -0.9460626783037849 -0.0011710460094155259 -0.01143495397020951 0.9999339330518433 85.84175804626125
0.9998918373172939 0.014705200889601264 0.00026591706970012854 0.2167729627566316 -0.014707348483779489 0.9998179440894823 0.012156175767308831 -0.9562612955968737 -8.710965323993625e-05 -0.012158771684460085 0.9999260756036716 87.18971367348757
0.9999116858802322 0.013261919307038824 -0.0008613470570705255 0.22447793703281482 -0.013249370323184701 0.9998246966814547 0.013229894975532444 -0.9642225992411504 0.0010366499512435203 -0.013217314093986132 0.9999121101144467 88.56904600253041
0.9999391028928675 0.010847438256369593 -0.0020306590960405824 0.22777134261394893 -0.010817923759514033 0.9998431709628365 0.014021627182275172 -0.9696649341151826 0.002182439551489168 -0.01399880558980378 0.9998996301569749 89.95980324768351
0.9999510313970216 0.009510748637881998 -0.0027350425553744357 0.23251911105310102 -0.009471464103648086 0.9998566471055746 0.014034836236814882 -0.9768289256334264 0.0028681325223175102 -0.014008243912059683 0.9998977662277643 91.31323924902144
0.999963175019525 0.007968323991403714 -0.003186598388479219 0.23013264814747236 -0.007923513139338067 0.9998728803815429 0.013836221877764687 -0.9822931131887572 0.003296445086949237 -0.013810463106487396 0.9998991971934568 92.69620215445156
0.999968366594618 0.007140612395206842 -0.003503920274855703 0.23057264713730452 -0.007091813602537547 0.999880351727355 0.013747306168440885 -0.9903896454722743 0.0036016655258401106 -0.013722021947511633 0.9998993619905214 94.04599805413274
0.9999673003988878 0.007243624472673519 -0.0035955569530076344 0.22582443944935982 -0.007195445019702546 0.9998865012532119 0.013236698970750038 -0.9964516283823172 0.003691030850089699 -0.013210394313679869 0.999905926457052 95.4193946457869
0.9999684859660344 0.007082780234468986 -0.0035862642855980023 0.22706454187043584 -0.007036072934588298 0.9998923786536966 0.012873414634679583 -1.0031998105514315 0.003677058204193644 -0.012847775539675062 0.9999107029618305 96.75886162860357
0.9999617649062804 0.008086178243948229 -0.003329029626555539 0.22207268955473053 -0.008044283670619467 0.9998906154300176 0.01241155480361361 -1.0150544040826897 0.0034290278165603734 -0.01238430041019027 0.9999174320226731 98.10971422069309
0.9999527179479835 0.009253778328593115 -0.0029882176525103266 0.21585482683458646 -0.009215596727385937 0.9998788006715981 0.012548177718245093 -1.0150458958772532 0.003103973800820393 -0.012520046026292468 0.9999168034316291 99.47342692080073
0.999946012551538 0.009986836727226096 -0.002869679918261584 0.21647606058532337 -0.009945486840766274 0.9998514152624118 0.014079584932326855 -1.026028631904842 0.00300986429915809 -0.01405028424603228 0.9998967597799894 100.82133284789998
0.9999398752220193 0.010593142449488314 -0.0028339479866369005 0.21136937541571277 -0.010548749472479397 0.9998281207871352 0.015246402624356243 -1.0274851164974128 0.0029949684593242893 -0.015215591112128479 0.999879750739413 102.16387399131878
0.9999438073621416 0.010262281331297326 -0.0026585123629004805 0.21264545749417085 -0.010222886495737459 0.999843605395406 0.014431124875386349 -1.0359673369106674 0.002806193087978544 -0.01440313607565637 0.999892331673755 103.50528017608866
0.9999449182772954 0.010202408440879366 -0.0024639930402798813 0.20901714959008455 -0.010171752644316141 0.9998744550346234 0.012149470700917923 -1.0455842860355986 0.002587637781142472 -0.012123738185796559 0.9999231565944846 104.85102353606358
0.9999487211454569 0.0097917729618418 -0.0025838441946750236 0.20868047167733805 -0.009762354854755833 0.9998900380849168 0.011162803651077883 -1.050891923000064 0.0026928639382074624 -0.011137006671965748 0.9999343556244515 106.17813664153024
0.9999679538020513 0.00761095456768938 -0.002482887898646165 0.20753000664800614 -0.007579818897217506 0.9998954058910839 0.012317615029457234 -1.0601699296546951 0.0025763772300474407 -0.01229840027946751 0.9999210526944119 107.52712666390553
0.9999862228326987 0.0048971787840473725 -0.001889915699172122 0.2121381675238947 -0.004869840626431546 0.9998871920838484 0.014208721770332262 -1.061164196071757 0.001959285318341863 -0.014199322221444538 0.9998972649415018 108.84644473659135
0.9999939097604457 0.0033219502749039865 -0.0010700872804690854 0.21536845846493036 -0.0033053331852547635 0.9998794127417693 0.015173488819513333 -1.0704925564720131 0.0011203639119303013 -0.015169859195273618 0.9998843033786731 110.1935893186005
0.999995753485286 0.002902239175076584 -0.0002646095738898079 0.21872545577228786 -0.0028982098021742503 0.9998959155405355 0.014133593991400633 -1.0731045138618844 0.00030560112893003154 -0.014132766874704775 0.9999000807558411 111.52401283535596
0.9999899235577271 0.004475602579356729 0.00034894514991072514 0.21745554354441687 -0.004479452709019532 0.9999185974043209 0.011947095085102133 -1.077552285229274 -0.00029544631843854766 -0.011948537612001773 0.9999285700237213 112.82957515792977
0.9999735985577451 0.007120578304376705 0.0014489815359874482 0.2241050337893601 -0.00713514142532108 0.9999214329621591 0.010306195885678649 -1.0925813392609356 -0.0013754817316195059 -0.01031626232738914 0.9999458399194933 114.18796537889054
0.9999500318953033 0.009557499783150758 0.0029305122306090567 0.2227182728437469 -0.00958664433898814 0.9999030629243754 0.01009757507871297 -1.093736691905454 -0.0028337208175863837 -0.010125164155707975 0.9999447240062781 115.49072546978853
0.9999313153329243 0.010879950375360246 0.004357899137739189 0.22487875848968952 -0.010931881543406607 0.9998673325280875 0.012075236293189046 -1.100112114931911 -0.00422594336464204 -0.01212204677328658 0.9999175952916118 116.85235012104036
0.9999291148314942 0.010662775573482993 0.005298161751211051 0.2354894325430652 -0.010738059091123546 0.9998387990964274 0.01438992470235791 -1.1019251134715944 -0.005143871572084195 -0.01444579643691518 0.9998824228565153 118.16135379057513
0.9999281308568261 0.010311969057804878 0.006115259941894695 0.24623528244524306 -0.010403406359847657 0.9998316576063254 0.015113755621956926 -1.1100630434430714 -0.005958378399368906 -0.015176288725652536 0.999867080153074 119.53044222355308
0.9999148030424028 0.01090234160187597 0.007178132842890348 0.2585599485939327 -0.011007402061966666 0.9998304321289925 0.01476293040575081 -1.1109647351091303 -0.007015965735503494 -0.014840685030416403 0.999865256062145 120.85887285768543
0.9998892088070466 0.012212573371296687 0.008510178935781864 0.27085630670713834 -0.012335809033621517 0.99981757966101 0.014582017853718425 -1.111784598997824 -0.008330543236376704 -0.014685382026425076 0.9998574606378022 122.16178852763133
0.9998565862964188 0.013950110194110974 0.00960214779180173 0.27934293219142514 -0.01408526811233014 0.9998006010926991 0.01415497472033323 -1.1098301924835956 -0.009402770459308707 -0.014288193324837205 0.9998537070140703 123.5248321460978
0.9998267696210266 0.015098974044848808 0.010883551993183022 0.2932649108175588 -0.01524454215761555 0.9997937539169589 0.01341840519621534 -1.1133072086504519 -0.01067870404030037 -0.013581995294182367 0.999850736198592 124.84136037861757
0.9997924089253356 0.016529721114299064 0.01191248677574435 0.3078844287154505 -0.016681280007988387 0.9997797210080555 0.012737519267045347 -1.1172244657592876 -0.011699316037815391 -0.012933590415093408 0.9998479125539392 126.2058656658347
0.9997957125181677 0.01561129352951442 0.01283825190563016 0.3272033855369736 -0.0157724445468759 0.9997968641314957 0.012548326640422542 -1.124415720926432 -0.012639749438601203 -0.01274825360901089 0.9998388463952833 127.54543291044787
0.9997835174927872 0.015564104239266716 0.013808576129086956 0.3449053971989422 -0.015750570984324596 0.9997848226219868 0.013499185345310503 -1.1284879608981029 -0.01359550324098504 -0.013713755770725807 0.9998135302104862 128.8628137758738
0.9997985081022535 0.013772956581568446 0.014603041902832025 0.3685038561856768 -0.013984533349985472 0.999797263612258 0.014486701935622816 -1.1268901595462548 -0.014400557819122094 -0.014687999499005394 0.9997884209188278 130.234726021376
0.9998027228843647 0.013068133998291195 0.014957912863490016 0.3928817667116731 -0.013292348871218027 0.999799291490315 0.014989670717469475 -1.133507442109911 -0.014759024888861947 -0.015185539177241641 0.9997757601495144 131.5507914621813
0.9998216318731127 0.011496152997957289 0.014984754885347552 0.41796412864999966 -0.011726642020090643 0.9998128690826787 0.015385470791571989 -1.137402562023061 -0.014805078283973268 -0.015558447147175067 0.9997693455879465 132.91226236281398
0.9998447805711552 0.009616642816040296 0.014762619146094641 0.4422226717886879 -0.009853238212166581 0.9998228259687062 0.016038403703861965 -1.1333773171475463 -0.01460576921329121 -0.01618137360261129 0.999762389095955 134.2569332510198
0.9998685490004284 0.007840801022985023 0.014191777259000567 0.46738830708630963 -0.008067517237012711 0.9998396205293582 0.01598900893837648 -1.1380437265288827 -0.014064135726618892 -0.016101399343176705 0.9997714463922691 135.58342188218134
0.9998882238923207 0.007405266877168659 0.012988522992469513 0.4881241380905054 -0.007614648253904626 0.9998406531790044 0.016145754969416212 -1.139467213247599 -0.012866890763017468 -0.01624285305990486 0.9997852833683836 136.9323893262249
0.9999152008127317 0.005270117766961932 0.011908695663817487 0.5127156263373596 -0.005473301938465461 0.9998389042863614 0.01709410602258802 -1.1350140698645408 -0.011816690259827319 -0.01715783609589567 0.99978296368881 138.27654908522445
0.9999330875604037 0.0040120825125593675 0.01085005016709335 0.5338968042598911 -0.0042013498788274406 0.9998384260175424 0.01747771542840193 -1.136599473295626 -0.010778175946027247 -0.017522130555801124 0.9997883805349147 139.61667724984443
0.9999499283489022 0.0030228692307812657 0.009539551972717115 0.552691480947274 -0.0031904112607178425 0.9998400745014598 0.01759678138062207 -1.135708091217428 -0.009484834379341438 -0.01762633512007856 0.999799655037836 140.95623267837988
0.9999595714904416 0.003279512752524995 0.00837258485162075 0.5651254935584318 -0.0034243143060463453 0.9998437985829992 0.017339334604967928 -1.1381273935884135 -0.008314413168165127 -0.01736730371271516 0.9998146064552116 142.29912638908218
0.9999694175825573 0.0026948365434493744 0.007341781339600119 0.5805795829656919 -0.0028170535842713903 0.9998567841962651 0.01668757988871432 -1.1304358781463768 -0.007295760190402878 -0.016707751492170686 0.9998337976428637 143.6490885107219
0.9999783737022706 0.0014405523478988715 0.006416925707727445 0.5958675679168624 -0.0015349575730738924 0.9998903097875347 0.014731337758103282 -1.1352044246157393 -0.006395001105628448 -0.014740868669312571 0.999870897035704 144.9982652702532
0.9999813090343983 -0.00285354248030027 0.005407298401738606 0.6083577220901359 0.0027762014138985394 0.9998945088273556 0.014257066196260588 -1.145670262660112 -0.0054474115807462324 -0.014241787761645235 0.9998837418298524 146.3351077217229
0.9999285815689297 -0.011134687885038068 0.0043417133891457136 0.629549940562911 0.011060420327985357 0.9997981929843421 0.016770224672382893 -1.1430539087694527 -0.004527568801557297 -0.016721005549872287 0.9998499432805387 147.6843412720765
0.9998189857850056 -0.018831897061163148 0.0027120624070317073 0.6553194827369448 0.018780103238252844 0.9996615657201146 0.018001716493162793 -1.1368795576303476 -0.003050151286222838 -0.017947524850942618 0.9998342777235368 149.00126195655156
0.9997652109538894 -0.021613001600273202 0.0015495427261586125 0.6780109197124671 0.021586734608431437 0.9996493891042406 0.015333356211910131 -1.1422490566613321 -0.0018803994571164788 -0.015296306314426215 0.9998812364957406 150.33921755829215
0.999803653619097 -0.019709442112587263 0.0020474530000281904 0.6830479724188995 0.019682795654018984 0.9997305056094571 0.012308686291949434 -1.1603054438760954 -0.0022894987616398103 -0.012265969745391708 0.9999221490547259 151.70571848842454
0.9998422636064338 -0.01752249333556666 0.0029000179148296543 0.6816068709108244 0.017492230437347357 0.9997954627027281 0.010151584715194428 -1.1506185163784455 -0.0030773060924761154 -0.010099255509473432 0.9999442660549954 153.03677166710034
0.9998467663999433 -0.017086996049141878 0.003805030505214736 0.6900992203972665 0.0170463728344903 0.9997999357038985 0.010464691937133503 -1.1652184121910836 -0.003983079743905816 -0.010398226272113613 0.999938004056714 154.38905048656696
0.9997934168812564 -0.019867566116225744 0.004289911284008579 0.7036791571778687 0.0198095407185204 0.9997170279174878 0.013169898971172241 -1.1688552416532503 -0.004550351585580098 -0.01308219692671869 0.9999040706048495 155.7259039339491
0.9996490299343067 -0.02606975081249483 0.004710093111249522 0.7264204086231075 0.025988107918225718 0.999523832318173 0.016635112179308582 -1.1698790458671686 -0.0051415239862330825 -0.016506867100570404 0.9998505328568298 157.07579375863298
0.9995482464538022 -0.029692855927295397 0.004651583743382501 0.7475780485184564 0.029605407440953756 0.9994021091939777 0.017859005922835177 -1.1686736480316826 -0.00517908793837348 -0.017713225759155026 0.9998296948302506 158.41488022191842
0.9995076482476347 -0.03103293848153084 0.004627929235415617 0.767151547700784 0.030944099228869478 0.9993559445703272 0.018170274816019624 -1.1725971728381077 -0.005188826058582137 -0.018018121280743378 0.9998241962326654 159.75882752917306
0.9995522741192119 -0.029390638732334842 0.005607278538929188 0.7770249615961418 0.029281872052309442 0.999398442489584 0.01858292821941879 -1.1689121371107996 -0.0061500700937771186 -0.01841041627628727 0.9998115988490417 161.1121515659837
0.9996163479511211 -0.026873851660344138 0.006704694891497689 0.7825418800588695 0.026749203877381174 0.999479461220801 0.01803570840760554 -1.161009457952776 -0.007185894401474552 -0.017849443456685626 0.9998148629991904 162.46496419542194
0.999708329864535 -0.022901722200124323 0.0076659158719734055 0.7927598572774417 0.022774591789695882 0.9996080666967823 0.016279773649897956 -1.1651115491785593 -0.008035746878956173 -0.016100436983724414 0.9998380882363141 163.81628257621747
0.9997641114758572 -0.020025693162850296 0.008407911517276228 0.8025896396580307 0.019892643988130253 0.9996800877209416 0.015620658855977434 -1.1622976979621336 -0.008718036981614052 -0.01544971830361367 0.9998426386306988 165.17181767979608
0.99978329325938 -0.018882286461253776 0.008765029336227522 0.8155974090151281 0.01873338855997892 0.9996838627893504 0.01677005313862737 -1.1568208490810337 -0.009078916098673947 -0.016602220010612682 0.9998209537515722 166.5226732854355
0.999809310477089 -0.01756390004783864 0.008535342128620726 0.829058645201442 0.0174170751265785 0.9997040784997556 0.016982372367041247 -1.1550996611174558 -0.00883109377402029 -0.01683047306426563 0.9998193571571562 167.85818582326837
0.9998492708613186 -0.015368247159092385 0.008077902682018533 0.8411320268585503 0.015248212793022724 0.999775425024828 0.014717049963296962 -1.1525109263515876 -0.008302264549266549 -0.014591657881671438 0.9998590680254122 169.2445347206649
0.9999081443956731 -0.011229082746327963 0.007590155305468731 0.8520271242436308 0.01113700267225406 0.9998651686852658 0.012066965004981917 -1.162433592786152 -0.0077246335142994935 -0.011981324830981742 0.9998983837789281 170.61739983846718
0.9999613974779897 -0.004740818320261328 0.007397850470176548 0.8592336394476712 0.0046602829604841965 0.9999301044698076 0.010865907663940586 -1.1763706704632184 -0.007448847313120665 -0.010831011978229773 0.9999135981901344 171.9729641085193
0.9999698981696332 -0.0010408284447097627 0.007688915962842913 0.8662251001931787 0.0009493380490600193 0.9999288240242638 0.011893092674799571 -1.1729730308656083 -0.007700748011176612 -0.011885435118132507 0.9998997124229757 173.35045652370138
0.9999636833432205 0.0014769161663781797 0.008393492148529387 0.870676388561243 -0.001594602054703232 0.999900279113207 0.01403171717043581 -1.171669030667751 -0.008371932172701402 -0.014044591662095601 0.9998663211582124 174.74120328955803
0.9999628273804325 0.001488418833408349 0.00849284779995721 0.8814295571111515 -0.0016265631175006558 0.9998661118226668 0.01628228291078459 -1.170798613654869 -0.008467476560088987 -0.016295491572963464 0.999831365172305 176.10539159227946
0.9999705056687009 -0.0009340266179778516 0.007623344735803077 0.9000515887031078 0.0008005197731742792 0.9998465916670984 0.017497208828809185 -1.166936588035918 -0.007638518750009353 -0.017490589868649438 0.9998178495517729 177.48896052410163
0.9999756671616115 -0.0034915841373068593 0.006039364451788075 0.9151513279977861 0.0033842833602855163 0.9998378479463167 0.017686844222321876 -1.1561229137610383 -0.006100140773278076 -0.017665974674050414 0.9998253355486412 178.88447168412816
0.9999838915149762 -0.004090780056108024 0.003934746202159193 0.9260519388165143 0.004035187732532214 0.9998933717213231 0.01403433155653174 -1.165324700059064 -0.003991738346336149 -0.014018227841287555 0.9998937720078441 180.22079839712458
0.9999964571673167 -0.0010207183532791487 0.0024584115202549994 0.9279367469818673 0.0009959592055849887 0.9999489864775816 0.010051493245972806 -1.176565588223376 -0.0024685460587578123 -0.010049009011893264 0.9999464604113235 181.64132078476896
0.9999947380165576 0.002651922784007679 0.0018684872189060368 0.9253613547344105 -0.002668733756081929 0.999955462616105 0.009052659979661997 -1.1738463437089457 -0.001844397199632546 -0.00905759870896275 0.9999572781356701 183.02771076009918
0.9999810715186185 0.0059334088519030406 0.0016282692729047655 0.9249699283978432 -0.005950288779013352 0.9999264830569254 0.010565157712446286 -1.176792038164113 -0.0015654622962124904 -0.010574646250433384 0.9999428614550382 184.37107183630306
0.9999655580054149 0.008095430333508818 0.0018294274050669997 0.9277943091537069 -0.008119594378607119 0.9998743980991063 0.013611033463263837 -1.1791281356184726 -0.0017190105934047134 -0.013625418684822047 0.9999056920306967 185.81554700360698
0.9999648064729583 0.008079893636078458 0.0022585677698918677 0.9319061908470968 -0.008115225597080639 0.9998374837418306 0.01609811293315991 -1.1754400350350296 -0.002128129851004838 -0.01611587493891919 0.9998678660815901 187.17256719268073
0.9999635510397782 0.008182303867218403 0.002438542437659311 0.9351361959896713 -0.008222122480200418 0.9998251944946447 0.016792176105494053 -1.1771296539044818 -0.0023007176692840014 -0.01681161380082728 0.9998560277975262 188.62955012136644
0.9999752163613358 0.006647459751967314 0.002319038175549809 0.946262922588313 -0.006686732607756561 0.9998269569458325 0.017359256683539586 -1.1730511785469573 -0.002203242104117792 -0.01737433299583452 0.999846627368383 190.03319119660287
0.9999907231901799 0.0036556600946695415 0.0022780873540701923 0.9584208988369813 -0.003696657308964854 0.9998264453675609 0.01825962452020409 -1.1723038199028868 -0.002210941184619405 -0.01826787617354483 0.999830683876443 191.404834205573
0.9999951174985446 0.0016571498836228135 0.002649308118632212 0.9676345683890917 -0.0017053712902610294 0.9998310132499596 0.018304006953226926 -1.1679741744816492 -0.002618528156384389 -0.01830843537305467 0.9998289576152966 192.8503654017151
0.9999940288642133 -0.001576944226243798 0.003074976907409148 0.9795429534158511 0.001517287940697462 0.9998124439591186 0.01930737582498109 -1.1600576233716005 -0.003104847092344038 -0.019302594632777108 0.9998088666066997 194.2308577019964
0.9999758109380468 -0.005986460409405732 0.003541161865243983 0.9933290710208378 0.005911513721825718 0.9997659847065569 0.020809369377250357 -1.152378308336292 -0.0036649079542095202 -0.020787932088932908 0.999777190331789 195.686706912516
0.9999478335076699 -0.009506266341702348 0.0037364628921311193 1.009173394814264 0.009425014114178985 0.9997309737163816 0.021193143502169817 -1.1475228581583685 -0.00393692568526622 -0.021156821406446546 0.9997684179360125 197.09336709569652
0.9999652813502435 -0.007321669298790134 0.003978598716311652 1.0156298793520693 0.00725210053089482 0.9998252914205618 0.017227701399500438 -1.1426978240314054 -0.004104039499727232 -0.01719824982859867 0.9998436763043752 198.53265429649338
0.999990193651697 0.0001271346748908131 0.004426786339038252 1.0146258451084877 -0.0001820889813722781 0.9999229038061384 0.012415848687120007 -1.147573981352836 -0.004424866936296845 -0.012416532822198617 0.9999131213530891 199.9665731180758
0.9999406685534907 0.009327623227369276 0.005626260635737618 1.0128566507051002 -0.009395260057732054 0.999882443348287 0.012117284833576429 -1.1419224897471778 -0.005512574222221194 -0.012169425904915019 0.9999107543116753 201.38261360883726
0.9998410860044645 0.016439552798982383 0.006895202201189051 1.0066378688023332 -0.01654720607814355 0.9997373313571 0.015857436860548038 -1.137603759209588 -0.006632702426812357 -0.01596901299554191 0.9998504877572738 202.83658121303694
0.9998093070943161 0.017874518794862352 0.007864540165017836 1.0168555031680384 -0.018015953626096978 0.9996702831745388 0.018296185459986958 -1.136342180196263 -0.0075349122075115595 -0.018434383434559075 0.9998016796290825 204.2666710475686
0.9998363376478068 0.01651882994962259 0.007377407924789203 1.0341496290996597 -0.016655550665271735 0.9996831688317694 0.018872059567221655 -1.1320844632648304 -0.007063326774815522 -0.018991845441139358 0.9997946885257188 205.72859195961632
0.9998949926532249 0.013122614339633826 0.00614822269045554 1.0512527253921302 -0.01323753093448066 0.9997311129512397 0.019038634615691528 -1.128379717168876 -0.005896733342506121 -0.01911802243287816 0.9997998448368539 207.17027689238847
0.9999237903003506 0.01127970177563723 0.005018157690222869 1.0695331546602254 -0.01137251524524155 0.9997573003810872 0.01886812823260307 -1.1299993109332243 -0.0048041133240206355 -0.01892375910115175 0.9998093877424816 208.60779329532676
0.999922711903575 0.011550292811507277 0.00460010242327565 1.0778161728653992 -0.011632107739387068 0.9997671656482224 0.01817439386234467 -1.1172053605704952 -0.00438911215406154 -0.01822649782328746 0.9998242497827589 210.07747253332315
0.9999116066077212 0.01254542587541186 0.004403549184835227 1.085628763662633 -0.012624263181944529 0.9997518019456293 0.018356538866798527 -1.1111249382370703 -0.0041721659797204005 -0.018410507569673527 0.9998218072355812 211.52716637906013
0.9998993488933098 0.013512157262449675 0.004325930079948046 1.0933792458288187 -0.013592772703187029 0.999723602319223 0.019182167062832954 -1.1041977593757355 -0.004065542280550952 -0.019239037464751464 0.9998066466992893 213.00103304533275
0.9999070864525922 0.013014152730639267 0.004055893758151843 1.100807542826948 -0.013089372393009727 0.9997317737182478 0.019106255107219163 -1.1017467944574482 -0.0038061544528634546 -0.01915756870610726 0.999809232168951 214.47049539249653
0.9999083672742126 0.01302714030323053 0.0036811213216332386 1.1134976841821886 -0.01309273643927881 0.9997450593722027 0.01839555783930809 -1.0986714056362366 -0.0034405416247898653 -0.018442067890871508 0.9998240109073064 215.90866509219614
0.9999162342752994 0.01247290755965082 0.003457021086343026 1.120650163238797 -0.012533404475563817 0.999758199702114 0.018068091588402724 -1.096685634467862 -0.0032308238075561225 -0.018109906085283456 0.9998307822131812 217.3993849670332
0.9999128002597248 0.01288104514121899 0.0029104186919741686 1.1313624575126715 -0.01293173359306246 0.9997520867268728 0.018125545112173746 -1.0893278427359443 -0.002676221415263247 -0.018161601067955713 0.9998314828346705 218.86199948857666
0.9999079224077043 0.013314400798456087 0.0026217209477554324 1.1348790018670363 -0.013359438030260733 0.9997490308006926 0.017983349620969577 -1.086614064794529 -0.002381625646681637 -0.01801671821758869 0.999834849215563 220.35116041586232
0.9999097569064576 0.013212269447742049 0.00243186402198665 1.1431898552987525 -0.013253857979610657 0.9997508013761512 0.017963029563465432 -1.083699170683726 -0.0021939257971326422 -0.017993639846415655 0.9998356943001506 221.82164814946162
0.9998918142000006 0.014572638112024437 0.001999523412192232 1.147626161764658 -0.01460566391156223 0.9997377708659576 0.01763701005437867 -1.0779887645409443 -0.0017419814546644988 -0.01766430609423918 0.9998424564766404 223.32873777969786
0.9998919975163372 0.014605305671333493 0.0016365599582572818 1.154730891959276 -0.014631920755727102 0.9997373243798403 0.01764055483553698 -1.0786758160592447 -0.0013784844884841352 -0.017662595374414735 0.9998430539277776 224.81406666437982
