1.0 -6.776263578034403e-21 8.673617379884035e-19 -8.673617379884035e-19 0.0 1.0 -1.828002979293187e-19 0.0 0.0 1.0683203047244863e-19 1.0000000000000002 5.551115123125783e-17
0.9999999313448692 -0.0002646002993425489 -0.00025941631731870186 0.004907968257137062 0.00026481499983835137 0.9999996222740832 0.0008278437748747893 -0.019026451194111234 0.00025919719323286034 -0.0008279124033293692 0.9999996236886151 1.3129917092235384
0.9999993628316644 -0.0011258144134047774 -8.293380202701369e-05 0.0061354133898773745 0.0011259282589438176 0.9999984079251717 0.0013843532136188553 -0.033037182418596635 8.137515160186459e-05 -0.0013844456887948337 0.9999990383431543 2.6098387180103897
0.9999984107804439 -0.0016638067770020535 -0.0006404553399796814 0.013093973600293164 0.0016645664369048878 0.9999979099229328 0.001187168684189454 -0.06020298633395893 0.0006384788349535547 -0.0011882328604490742 0.9999990902230153 3.9400972170133803
0.9999979190443699 -0.0020393742125536223 -5.347264025235346e-05 0.017084804595967774 0.002039439511406399 0.9999971428167885 0.0012470148601839129 -0.07170562245009396 5.092936105912261e-05 -0.0012471213009583463 0.9999992210465798 5.24907941870705
0.999997632822143 -0.0021447960613318923 -0.0003663323117416555 0.02111882794906854 0.0021454580718845272 0.9999960498991098 0.001815818723677809 -0.08526491221805856 0.0003624363334324516 -0.0018166003492008393 0.9999982842994679 6.578217540661827
0.9999947580739504 -0.0032302732818910384 -0.00022171611079202774 0.027519334483488853 0.0032308821155497694 0.9999908567456736 0.0028013976785616753 -0.10887424356452258 0.00021266482016825232 -0.002802099291248431 0.9999960514978066 7.911041786782027
0.9999942308076127 -0.0033955123165573227 9.405586039562194e-05 0.027903189371173184 0.0033951862486287904 0.9999888679877125 0.003276677375678365 -0.12002571792906361 -0.00010518082177311643 -0.0032763390866207857 0.9999946272538891 9.225595248551448
0.999996926591778 -0.0023957306604114326 -0.0006381855206397677 0.02831729997900661 0.0023972696296335775 0.9999941950568678 0.002421353603283105 -0.1421886905466816 0.0006323809570466816 -0.0024228760286861156 0.9999968648773533 10.566531498335406
0.9999999607780858 0.00013302005386581044 -0.00024647391176931856 0.02616954418350545 -0.0001329490340607688 0.9999999496355295 0.0002881903916388068 -0.1559041220100556 0.00024651225515005294 -0.00028815760771953554 0.9999999280983948 11.88464309507885
0.9999952330421537 0.0030243933829988494 -0.0006220421670231503 0.02570070674898145 -0.0030248314734956333 0.9999951773306218 -0.0007040670853812305 -0.17902929695775924 0.0006199098442847871 0.000705945291038102 0.9999995586768035 13.239112096325046
0.9999850666052368 0.005433541541482665 -0.0005858239275655409 0.01955749937783538 -0.00543398429182179 0.9999849500790998 -0.000755931472344811 -0.19565069128913531 0.0005817077765683121 0.0007591035296985023 0.9999995426892371 14.577354144645323
0.9999827465252927 0.005873039571041003 0.00011855201729933651 0.023759373737961456 -0.005873050761655184 0.9999827494959638 8.93795312882712e-05 -0.21398113699333882 -0.00011802505047309175 -9.007425102523203e-05 0.9999999889783039 15.91112075408624
0.9999913612849164 0.004156384630018653 -4.2668833867153325e-05 0.030747495751423576 -0.004156269486506229 0.9999884286297193 0.002422402554361674 -0.2305892384801118 5.2736782780734605e-05 -0.0024222042504671608 0.999997065067495 17.273968775152127
0.9999996883588216 -0.0005166477648013323 0.0005969568851107582 0.04198300939933036 0.0005136511782413532 0.9999873221960626 0.005009152981217927 -0.25213247224682395 -0.0005995373350943783 -0.00500884471990959 0.999987275931752 18.61826942274119
0.999997071437244 -0.0024199607271410415 3.0107353267621456e-05 0.048351028191768286 0.002419858297752311 0.99999245451836 0.0030389463714658024 -0.27328813302485855 -3.746126096608026e-05 -0.0030388645717100726 0.9999953819375601 19.966987418836343
0.9999946422973187 -0.0032364484610035884 0.0004906904928744628 0.05091418598819465 0.0032358970340190915 0.9999941360574165 0.0011210811808667325 -0.2836195625111067 -0.0004943159795108617 -0.0011194873336931646 0.9999992511991355 21.31048833923038
0.9999989126353057 -0.0013152682351320157 0.0006669315767554775 0.055909037220209915 0.0013151208501828201 0.9999991106808095 0.00022157406760524903 -0.3163308762053816 -0.0006672224693227528 -0.00022069672759913542 0.9999997530533448 22.67610281234432
0.9999988024459423 0.0006604971049994301 0.001399589437064805 0.052436846248814464 -0.000662584024313324 0.9999986687874144 0.0014911093026478252 -0.31657513680962607 -0.0013986028174301857 -0.0014920348410844228 0.9999979088681703 24.039204314679008
0.9999962121191176 0.0010602594758152715 0.0025399995269076636 0.06821754805798823 -0.0010757781039735547 0.9999807178207787 0.006116101138899999 -0.3282044498062942 -0.0025334661077852936 -0.006118810359300661 0.9999780706115019 25.409729781568107
0.999996486301068 -0.0007550661655635205 0.0025411141241736164 0.07902038862217896 0.0007366237507465079 0.9999734415371412 0.007250766291901451 -0.33788754530385995 -0.0025465216579240923 -0.007248868864743959 0.9999704841250239 26.78629161168077
0.9999869164375598 -0.004285688068439017 0.002792817592000281 0.08655406507114934 0.004266006738192962 0.9999662911846449 0.007015531944485174 -0.3691815017199292 -0.002822790068908088 -0.0070035258754035 0.9999714908313084 28.146416808852013
0.999987252525733 -0.004411497504925193 0.0024563131584364436 0.08870548284161194 0.004401002050403832 0.9999812324173586 0.004262158987172559 -0.36702019093855415 -0.0024750697719709896 -0.004251294353733658 0.9999879001878927 29.52429134404627
0.9999847914710438 -0.004384036093849276 0.003346199726155338 0.10179980222475599 0.004373670131573709 0.9999856334527129 0.0030990162945839055 -0.3975037034014473 -0.003359738135046884 -0.003084333943784877 0.9999895994664564 30.90077579116938
0.9999907069961028 -0.0022520191666737972 0.0036761842853881826 0.10187435977283876 0.002245341109710185 0.9999958234672016 0.0018197508893212618 -0.3974433836257182 -0.0036802673545863955 -0.0018114796639939151 0.9999915870506054 32.28415326141193
0.999991098006634 -0.0008070459430476426 0.004141567871848569 0.10909821900200256 0.0008046150940085612 0.9999995030774618 0.0005885914279913968 -0.42470443852931217 -0.004142041181313678 -0.0005852538117002972 0.9999912504478395 33.66861847265438
0.9999902971443233 -0.0007481526031990741 0.004341184739189879 0.11413796071744367 0.000745171421785629 0.9999994854712912 0.000688314795843693 -0.43564826412921154 -0.004341697833911249 -0.0006850731803546683 0.9999903401203699 35.06543673154743
0.9999920182867875 -0.0006175596412489937 0.003947402056378131 0.13008048726304325 0.0006078423002982585 0.9999967834373102 0.002462446884128526 -0.4623151568921294 -0.0039489103980606295 -0.0024600277958906265 0.9999891771253513 36.45256972507172
0.9999931316648658 0.0003254435610304521 0.0036919791256528004 0.13492134755631943 -0.0003387955677511904 0.9999934032941986 0.0036164331097701024 -0.4693416565831681 -0.0036907781348607376 -0.0036176590447296575 0.9999866452591883 37.85684522218081
0.9999914980405488 0.002127405463181643 0.0035324202042666037 0.13997710082787265 -0.0021407774171963026 0.9999905416765292 0.0037859784596519655 -0.4800857996776359 -0.0035243327766279428 -0.003793508342290059 0.999986594094984 39.24342361776841
0.9999852049773358 0.003777619986005598 0.003914002110181899 0.14124618121134633 -0.0037933182852887336 0.9999847608740939 0.004011079715165237 -0.49455695896799645 -0.0038987904544746503 -0.004025867369348867 0.9999842957874695 40.63729487593053
0.9999782841225267 0.005365982722404247 0.003825899924324882 0.14539125694328253 -0.00538353511444575 0.9999749643130635 0.004592200256115073 -0.5041421453870212 -0.003801162789474841 -0.004612697333276247 0.9999821369308983 42.05903782506599
0.9999750891299718 0.006066192521374908 0.0036086596548002307 0.14944034370743056 -0.006083795695510147 0.9999695515827187 0.004887058917533724 -0.5166038859907461 -0.003578904234117925 -0.0049088914547954846 0.9999815469422376 43.446934998933344
0.9999803361079128 0.005396229266435832 0.0031950124791432044 0.15779527234848484 -0.005411730822437087 0.999973531709767 0.004863029518128627 -0.5348691903918227 -0.003168686153851907 -0.0048802243699154835 0.9999830712736753 44.876730136604756
0.9999821672493937 0.0054534592742729445 0.002434124623206327 0.16940371393274187 -0.005464540762743798 0.9999746305567773 0.004569140355582372 -0.555279882541165 -0.002409145449777981 -0.004582360183154574 0.9999865989048663 46.272242785783924
0.9999850250508949 0.005253705564426328 0.0015323999123814588 0.17384286388316508 -0.00526147769316159 0.9999730898850817 0.005112373706654297 -0.5714487221830715 -0.0015054998933330338 -0.005120359763931406 0.9999857575893375 47.70743681207655
0.999982626624787 0.005865549183340876 0.0005846179826494956 0.17597135321301877 -0.005868822693643551 0.9999661692812135 0.005763438316358589 -0.5872375425910875 -0.000550792517719223 -0.0057667691228788205 0.9999832203575666 49.10645435331221
0.9999785119337027 0.006545927469869401 -0.00035566845720073036 0.1787470343112038 -0.006543686512062969 0.9999607376109168 0.005975233255024634 -0.6020406070925194 0.0003947679717161484 -0.005972777390690414 0.9999820848814571 50.525615839611866
0.9999744422335504 0.006977028667868733 -0.0015607514414959518 0.1806657451534784 -0.006967425489419782 0.9999572651783771 0.006076414129287663 -0.6157511072062307 0.0016030801953922586 -0.006065384323840987 0.9999803204277854 51.9765988877565
0.9999686374573014 0.007446030581628974 -0.0026982815348482207 0.1815946529506569 -0.00742671307963633 0.9999472147565328 0.0071001158229582455 -0.6310025540985698 0.0027510070180060383 -0.0070798536814066365 0.9999711533980102 53.38144461255766
0.9999725363300213 0.006582261070372063 -0.003405938686274375 0.18237209297727802 -0.006555899927048187 0.9999489093997503 0.007694074146180108 -0.6462825957970304 0.003456409371365588 -0.007671533735649994 0.9999645997736125 54.83953274952459
0.9999745766672473 0.005979853233583348 -0.003884246150668183 0.1825341334089341 -0.0059490414347914905 0.9999511270760134 0.007896352033296307 -0.6622643885412246 0.003931275673810804 -0.007873043627552541 0.9999612793763089 56.240062785391025
0.9999799674026318 0.0046460293151830345 -0.004298743965287489 0.1815155872433451 -0.004614307595946658 0.9999622676360295 0.007360127563638847 -0.681356671247254 0.004332777496456443 -0.007340144288831833 0.9999636739993144 57.665706762794635
0.9999812837541309 0.004447119503820309 -0.004201816808201725 0.17751487548788297 -0.004414576790874384 0.9999604341091083 0.007722806250038601 -0.6979129936724457 0.004235995158214401 -0.007704112354424395 0.9999613507504302 59.1205226246368
0.9999838561682054 0.004127881656807861 -0.0039048676688997674 0.18395342880007476 -0.004095474023245572 0.9999574054509853 0.00827129885845065 -0.7146008892371817 0.003938844616996393 -0.008255172925135406 0.999958167934536 60.521064387816146
0.9999896990667948 0.0032957907072014513 -0.0031208205349364665 0.17380703514287155 -0.0032675817484948385 0.9999541476200449 0.009001420756767207 -0.7275605784748898 0.0031503445017736593 -0.00899113036793696 0.999954616419504 61.96927175437827
0.9999933234133026 0.0022033001835035895 -0.0029152349463891563 0.18510367720094906 -0.0021774909807374837 0.9999586701081143 0.008827038945478536 -0.744753071474471 0.0029345633231149188 -0.008820631985867286 0.9999567914584585 63.369505063912946
0.9999960300525572 0.0015869902144881615 -0.0023283770259836115 0.18416140123836622 -0.0015681401202459451 0.9999661631675982 0.00807548533501651 -0.7584054617729096 0.002341114153908772 -0.008071801937741855 0.999964681972641 64.7831725772153
0.9999972227215932 0.0016909891140341011 -0.0016416771210099618 0.18526242131090226 -0.0016779584635896383 0.9999673338029722 0.007906692684375721 -0.7744485083806383 0.0016549937641210108 -0.007903915945127172 0.9999673940197675 66.24215247653271
0.9999937047558405 0.003390733361342825 -0.001045645412744215 0.18419482326415865 -0.003382237708867507 0.9999620987128098 0.00802256902381221 -0.7857054609085448 0.00107280826492487 -0.008018981782955615 0.9999672719681557 67.61758793213261
0.9999841332152204 0.005618591124868257 -0.0004058919772800306 0.18167736258081552 -0.005614644610002713 0.9999424056253489 0.00914665014807488 -0.797121387274123 0.0004572599278323741 -0.009144225949593947 0.9999580861404055 69.07424888982078
0.99996358359247 0.008529369309622992 0.00028520350107185104 0.17597840401395304 -0.008531859384517554 0.9999103531799433 0.010319544323914527 -0.8018679757728098 -0.00019715874229745724 -0.010321601691506392 0.9999467114091387 70.44549672989707
0.9999308944256508 0.011705458315017066 0.0010902319094862178 0.17242786454893244 -0.011716803087321022 0.9998702401771444 0.011055286366134332 -0.8115804141393475 -0.0009606833237255788 -0.011067296258784665 0.9999382941117337 71.88977751650731
0.9998727363506278 0.015874239613315713 0.001587323238233838 0.16848954112184295 -0.015890885077262173 0.9998122369194393 0.011089216026062986 -0.8184095614333601 -0.0014109924376778955 -0.011113028585209433 0.9999372528743413 73.2597744938982
0.9998190244984404 0.01886311034420928 0.0024700778613895155 0.16172795250664473 -0.018889107079208448 0.9997614970819589 0.01096132431582106 -0.8285171936818315 -0.002262724253239177 -0.011005997994072097 0.9999368720459457 74.66098575344706
0.9997853765816151 0.020452606077896198 0.003300248094927684 0.16002536893736152 -0.020488199686418507 0.99972805878984 0.011137423078735356 -0.8356610272854881 -0.0030715615443915175 -0.011202648710554522 0.9999325308046102 76.09143947573787
0.999780039016943 0.020677242946678612 0.003510721545397101 0.1679412870501667 -0.0207168489458974 0.999717546355335 0.011646447157877306 -0.844183344019166 -0.003268913778275216 -0.011716616316105545 0.9999260148101292 77.46056699358428
0.9998008983010269 0.019627729169849277 0.0035938790460660203 0.1786035781924481 -0.01966854304791766 0.9997381362300755 0.011696470829479942 -0.8560992684793707 -0.0033633630522786695 -0.011764828240345204 0.9999251354949901 78.87967394485356
0.9998071753192745 0.019305086885037445 0.00359524188202355 0.18302081390821728 -0.019343160524345458 0.9997537664035148 0.010874224068715597 -0.8649512484420411 -0.0033844290487236076 -0.010941670435993367 0.9999344105880984 80.24172861821593
0.9998216518958171 0.01862573459366236 0.0031219188824110743 0.19786784699591914 -0.01865882408789742 0.9997661917687826 0.010927493925235838 -0.8771291578662046 -0.002917656588102389 -0.010983796207130879 0.9999354196601343 81.63600879677858
0.9998266767223345 0.0184000840927368 0.0028378489993486633 0.20293620083492275 -0.0184310588733171 0.9997662271896519 0.011304294892657525 -0.8829946607288574 -0.002629185824351072 -0.01135463999625878 0.9999320774542759 83.03343642640345
0.9998265493248865 0.018457136381900864 0.0024910537267739197 0.20636023726665687 -0.018483285522642248 0.9997695685918674 0.010916863878979279 -0.8941924307025648 -0.0022889858493403146 -0.010961013043628086 0.9999373063981596 84.39513377469801
0.9998227720001875 0.018749635679872177 0.0016957940982137666 0.2116190030653618 -0.018767407788285288 0.9997616722427278 0.011152720011096302 -0.9009433445459574 -0.001486280624095157 -0.011182568937822815 0.9999363685313448 85.7907119546377
0.9998379568278198 0.017986360028450454 0.0007422316046315439 0.21415982966623304 -0.017993912852955877 0.9997675353444158 0.011878316962914342 -0.9108110516323806 -0.0005284114143836328 -0.0118897476447994 0.9999291748276898 87.15758323537207
0.9998598974893057 0.01673338262834186 -0.00042340380766286816 0.2201172020482165 -0.016726476416065963 0.9997757527792889 0.01298726993850161 -0.9212028414277132 0.0006406298773670013 -0.012978368150807145 0.9999155722070041 88.51589702229853
0.9998865412923748 0.014983556373682034 -0.0015484049483682517 0.22362158050876008 -0.014961259666205208 0.9997965522067285 0.013528301408165081 -0.9286128043324062 0.0017507921475774608 -0.013503600223368788 0.9999072894506258 89.9067404547244
0.9999083127500682 0.013341149903750326 -0.0023194382270845613 0.22802874452902905 -0.013307982637020623 0.9998166054436447 0.013771459879638357 -0.9375601226765047 0.002502740179755651 -0.013739329972276058 0.9999024787910258 91.26919982679553
0.9999186219421596 0.012459788266226448 -0.002739188324395462 0.22905508757735193 -0.012421836266079322 0.9998322284383062 0.013461537327798943 -0.9450861111431937 0.0029064569191951098 -0.013426415913108834 0.9999056374746187 92.63790305249978
0.9999260630523189 0.011800066355348776 -0.0029371494895368104 0.22880489776312574 -0.01175974700019388 0.9998412489392488 0.013386011198260163 -0.9546009266606834 0.0030946392976948242 -0.013350481151467478 0.9999060895156662 93.99561065914136
0.9999238027974755 0.011962857021952166 -0.00304608516853645 0.22660719776737343 -0.011922394323523171 0.9998447732322444 0.012972508600404876 -0.9567060868957817 0.00320080087251664 -0.012935203317978566 0.9999112137481605 95.35936030680374
0.9999231946728258 0.012019015185167488 -0.0030245682505846277 0.22807686082121587 -0.011979894848162172 0.9998483911573354 0.012636330358051968 -0.9644139233470637 0.0031759862160265296 -0.012599125630800498 0.9999155840047995 96.70631041844197
0.9999062173022809 0.013401212204894852 -0.0028220723308830433 0.22490147015035994 -0.013365515762180348 0.9998349041330008 0.012309650452408546 -0.9754735680365709 0.002986570911197802 -0.012270777392816814 0.9999202510237076 98.06348725116003
0.9998871162064998 0.014810357017739566 -0.0025314316406258395 0.22051530525987234 -0.014777088116050977 0.9998102604045711 0.012691764627370624 -0.9798516644560384 0.002718921126131828 -0.012652924564007477 0.9999162519722291 99.41588466441652
0.9998807426023901 0.015268906645148041 -0.0023153916443674483 0.21778454620020815 -0.015235515392260635 0.9997885281644251 0.013812243008364191 -0.9880644130379718 0.0025258000702952643 -0.01377531941458931 0.9999019256396807 100.77033024336595
0.9998717400158892 0.01585640612384216 -0.0022534143864708332 0.21517380602040959 -0.015820819670852138 0.9997620378386188 0.015018968014947807 -0.9885499884451928 0.002491025229809026 -0.014981390605758512 0.9998846697076318 102.10472931186207
0.9998794627549805 0.015378169719044087 -0.0021381843754065847 0.21406102762465118 -0.015346146028729139 0.9997804911640892 0.014264127241820494 -0.9962288095700518 0.002357071397564257 -0.014229594790418352 0.9998959760069015 103.44309264052006
0.9998807571764547 0.01531430026202945 -0.0019858528520996857 0.21260904087771326 -0.015289774198867123 0.99981314038351 0.011828235490003863 -1.0034570780809478 0.002166623113198275 -0.011796461648191526 0.9999280720270068 104.77318190875887
0.999890280775199 0.014651202180362501 -0.0021837269965699953 0.21166249820281946 -0.014626106293746251 0.9998314533384826 0.011096934731167787 -1.0084398517232114 0.002345942572720478 -0.011063777603495306 0.9999360426398622 106.09790651661176
0.9999162023536271 0.012787844846980147 -0.0020147649129488533 0.20950427941495509 -0.012762669446221607 0.999845954179146 0.012049157932164932 -1.018493324445665 0.002168537495193229 -0.012022434290829179 0.999925376470362 107.43762181678255
0.9999518495796342 0.009697678229349442 -0.001501182600537246 0.21493639548858845 -0.009675499492278717 0.9998532520303051 0.014137154457595726 -1.0174654682989004 0.0016380600206901868 -0.014121948853517368 0.9998989385471994 108.75685310756137
0.9999649718577253 0.008350811622571817 -0.0005647970574104953 0.2159542961051092 -0.008341461073203476 0.9998539676952461 0.01491520472284211 -1.0252442672079995 0.0006892687044485358 -0.014909970823930658 0.9998886026278643 110.09964698040591
0.9999681497873504 0.007980448684354352 0.00010882756332059994 0.2211103984528009 -0.007981190251221203 0.9998675307846956 0.01418525657056631 -1.0305347669193405 4.391568333106562e-06 -0.014185673136704458 0.9998993782602883 111.42689901480261
0.9999540458503642 0.009556220148786652 0.0007647452057294186 0.22172994443072314 -0.009564668696973233 0.9998830546326707 0.011932903699727047 -1.0335009652297535 -0.0006506223686184066 -0.011939669696733273 0.999928507928063 112.73439545182623
0.9999217459800921 0.012395441153007699 0.0016896567918720153 0.22524352885614052 -0.012412692330037037 0.9998666398658771 0.010612614039858845 -1.0441239989165048 -0.00155788355222675 -0.010632756598434937 0.9999422570710322 114.09354012396282
0.9998911948443826 0.014397330302267738 0.003211749193476261 0.22510146531124997 -0.014430495788129619 0.9998401803069887 0.010553419567580961 -1.0439241938982626 -0.0030592950764095515 -0.010598618283591066 0.9999391531460807 115.4017136574841
0.9998654827810785 0.015708434565532777 0.004718199044963222 0.22693170355478243 -0.01576488486146831 0.9998015976225408 0.012175131700705446 -1.049495817934131 -0.004526011056802051 -0.012247875626168721 0.9999147487439033 116.75852126991322
0.9998704365680448 0.01511654224451933 0.005531745202083652 0.23501745408775798 -0.015195199405749794 0.9997799181909398 0.014464478321871477 -1.0506605691099102 -0.005311875307414633 -0.014546660018045048 0.9998800821347867 118.07226692533577
0.999867845140363 0.014966844827124707 0.0063471085879676006 0.24572967851605254 -0.015061373403750427 0.9997723007966767 0.015116270282159417 -1.0576819655175866 -0.006119420991821637 -0.015209868548646444 0.9998655972539443 119.42966998882514
0.9998543629224306 0.015397531399686477 0.007359955629918048 0.256832456165332 -0.015505622780817973 0.9997693219565916 0.014861984188117353 -1.0575594956510648 -0.007129420573082091 -0.014973940213941349 0.9998624667744517 120.7638515224381
0.999819719894552 0.01687575671876777 0.008702672824910761 0.26745165778280766 -0.01700189388219167 0.9997484247593882 0.014629519384408356 -1.058398818280201 -0.008453599939741794 -0.014774843682223539 0.9998551098190164 122.08598963361659
0.9997831945490824 0.018390281337646884 0.009765316802178119 0.27525927373629244 -0.01853046874216828 0.9997236624379484 0.014464457710887743 -1.0549386147393678 -0.009496613620324225 -0.014642277426830648 0.9998476974178564 123.43561743796734
0.9997501375747223 0.01945717231458339 0.011003673110426049 0.288874705995517 -0.01960987465710816 0.9997104683393557 0.013943900426862691 -1.0592066338990704 -0.010729179216852777 -0.01415619681925006 0.9998422309531612 124.75600404966318
0.9997158244600945 0.020577297301477886 0.012035161442402607 0.3042289510132362 -0.020736410723560854 0.9996971915040617 0.013248646095563178 -1.0608179707203038 -0.011758896741064718 -0.013494447013699621 0.9998398012891632 126.11320780319514
0.9997226010122375 0.019659796848849758 0.012969709570040655 0.32230967309415215 -0.01983198880340104 0.9997150725634165 0.01328404909027674 -1.066879145197587 -0.012704853494392147 -0.013537579051189382 0.9998276454706421 127.4569277057278
0.9997166845300659 0.01931059550842237 0.013915873168764324 0.3389512200529514 -0.019508004569201164 0.9997089637494577 0.014192448945676044 -1.0690898463146543 -0.01363775963949711 -0.014459898716982311 0.9998024419044103 128.7837017142798
0.9997341243791615 0.017736464625018468 0.014734257064462422 0.36267309808938175 -0.01795907753158542 0.9997244505684123 0.015116035049431813 -1.0664969784420846 -0.014462093232124565 -0.015376629509939496 0.9997771787362122 130.14206183501187
0.9997413952490156 0.0170766563117467 0.015017669367246437 0.38492906977643526 -0.017310212566180844 0.9997290537174327 0.015561996598908364 -1.0698938092074917 -0.014747854747028093 -0.01581793101585498 0.9997661195681176 131.46423960575402
0.9997650086554261 0.015587732065385163 0.015064861114482998 0.41048390514955524 -0.015825463071479813 0.9997500499041035 0.015792164979604627 -1.0737250620002692 -0.014814932849636243 -0.01602686213166698 0.9997618003566257 132.8251801137489
0.9997988101138079 0.013529098163632606 0.014808874617078095 0.4330168531380205 -0.01377228371106004 0.9997699231314888 0.01644460511157519 -1.069696817690222 -0.01458298797714826 -0.016645248407566815 0.9997551060951579 134.1625414017639
0.9998221558039069 0.012361454344321617 0.014242583465249365 0.45885423201950276 -0.012594240815663191 0.9997866448922003 0.01637222723337365 -1.0745673039043058 -0.014037161368955263 -0.01654868981651088 0.9997645217556531 135.48832446430657
0.9998387220219199 0.012330673228034376 0.013056968226779061 0.4794966882742107 -0.012542469768749351 0.9997890432033976 0.01626516441316063 -1.0785832199138445 -0.01285365441520711 -0.016426307594077528 0.9997824563274701 136.8284275839526
0.9998711584101555 0.010673829685577408 0.011988991654112633 0.5031125987104841 -0.010876993714968034 0.9997961480276967 0.017010391665784556 -1.0758946179497313 -0.011804982635766336 -0.017138603960604824 0.9997834318640345 138.16541869318587
0.9998944164430259 0.009570221362943266 0.010934661148127852 0.5227461583787388 -0.009759432323952608 0.9998012658379745 0.017383392523020205 -1.078206152583417 -0.01076612604109705 -0.01748827295664353 0.99978910317509 139.51108378191827
0.9999119782294807 0.00906786815231972 0.009685532936220593 0.5417218838350828 -0.009237325428789208 0.9998024929603158 0.0175967870550347 -1.0777050753674795 -0.009524055424702978 -0.01768470631999878 0.9997982514074342 140.85371518999952
0.9999210982414001 0.00928075639259846 0.008465508925274857 0.5545507612352873 -0.009425898185944559 0.9998064429395407 0.01726931166310116 -1.0779339484915367 -0.008303598783697927 -0.01734774385981338 0.9998150359021396 142.18431233188468
0.9999308864013019 0.009083476907327935 0.007464104644709063 0.5694566733187614 -0.009209344192870894 0.999812988046367 0.017005203261484282 -1.0712674826037596 -0.007308243005563263 -0.01707276723394786 0.9998275402229871 143.52950898738504
0.9999481159022147 0.007898127783519967 0.006433123196289236 0.5860557150197243 -0.007993384682003293 0.9998567614639992 0.014918524598045591 -1.0760754180024974 -0.0063143738374956395 -0.014969172777001561 0.9998680175584909 144.8710844247129
0.9999772450213863 0.003977402803428768 0.005448825971144742 0.5983398422358326 -0.0040544894697381265 0.9998908112903165 0.01421008891667263 -1.0876596835137105 -0.005391712223485458 -0.014231857568580392 0.9998841851217938 146.20320071721204
0.9999821191126921 -0.003986119949092769 0.004457835925289802 0.6207591617072268 0.003910388422072973 0.9998500432306743 0.01687008985519444 -1.0806499291366272 -0.004524414024664077 -0.01685235608818513 0.9998477522882168 147.56677558123437
0.9999251227954135 -0.011896152182242256 0.0028688590663345495 0.6456703161623039 0.01184044737524212 0.999754841397287 0.018709915578142465 -1.0753073840648657 -0.003090732006983026 -0.018674545784370812 0.9998208382988417 148.89538710570093
0.9999032163480297 -0.013815826516494996 0.001637332033451483 0.664685494172164 0.01378863549426004 0.9997833199778132 0.015594443201791118 -1.0808213842354288 -0.0018524275382778982 -0.015570357111817514 0.999877058680988 150.216950276274
0.9999147250483568 -0.012894873945941295 0.0020651492657542464 0.6715080542595525 0.012867342604020476 0.9998348687275813 0.012832256180943396 -1.0864869876662684 -0.00223027876230504 -0.012804588739808739 0.999915530608392 151.5877872317355
0.9999538714496178 -0.009149566799033646 0.00292239499306606 0.6711712952023932 0.009118871863713225 0.9999048601598648 0.010349725685624665 -1.0883014731753136 -0.0030168127193012572 -0.010322599171014683 0.9999421697168461 152.91481105158712
0.9999546489140764 -0.008711257768044881 0.0038489084175795806 0.6782487493305747 0.008669116522715714 0.9999037375232847 0.010833380014749375 -1.0989160220976983 -0.0039429106112461015 -0.010799521915533935 0.9999339097023681 154.2728635976579
0.9999170626336752 -0.012109291134532376 0.004385533938020262 0.6918540332814426 0.012048540682769754 0.9998345975528952 0.01362388455633014 -1.0966458214021508 -0.0045497845297994 -0.013569915144253273 0.9998975731800245 155.60670492208965
0.9998200758983686 -0.018345845589361864 0.00482138434544082 0.713192059363986 0.01826241965185027 0.9996918610255333 0.016812705812897403 -1.0980715960115148 -0.005128342429810784 -0.016721630411894842 0.9998470318826228 156.94184858509476
0.9997505438384141 -0.02181576899992735 0.004787720842710265 0.7357979417338233 0.021725777368789955 0.9995999994197617 0.018106126640798394 -1.0970484593272398 -0.0051808052695122425 -0.017997592733841147 0.9998246075663557 158.28522505408324
0.9997313615648659 -0.022681434673910022 0.004770448002516683 0.7518025093513676 0.02259099449020597 0.9995786130308464 0.0182275452926387 -1.1001194206282625 -0.005181865117745059 -0.018114879242009153 0.999822483947263 159.62215144687798
0.9997578568280903 -0.021240101394080207 0.005752022109491295 0.7629013089746808 0.021129766390187096 0.9996035607908395 0.0186079093099196 -1.0927728735557538 -0.006144976185046786 -0.0184818643764244 0.9998103119789602 160.9794487789443
0.999803513956944 -0.018613746317813998 0.006816296062157696 0.7686516161191774 0.018487871075153796 0.9996654823549145 0.018086516043425156 -1.0852519811129058 -0.007150674317722849 -0.017956943228913003 0.999813190566451 162.32673983090876
0.9998501026254417 -0.015463749136862713 0.0077874717916663555 0.7762156315472017 0.015333151725140588 0.9997453018337225 0.016559769278908523 -1.084533892183437 -0.008041565133729642 -0.01643788028533139 0.9998325506346286 163.67800527562582
0.9998712235202849 -0.013654784606678788 0.008431086070375701 0.7859174075592158 0.013518152204336546 0.9997797135344223 0.016055653186700325 -1.078750450453096 -0.008648466031345139 -0.015939612657932485 0.999835552864292 165.03075810937816
0.9998760462015365 -0.013083599442589099 0.008758518030865728 0.7977529120004123 0.012933498855260054 0.9997721674110409 0.01698051561113132 -1.0723791945884884 -0.008978689576199687 -0.016865132281982102 0.9998174585561548 166.3844871031033
0.9998913034679459 -0.01201411141807151 0.008546482256710593 0.8147829034212575 0.01186711683081148 0.9997842587118552 0.017047216793846683 -1.070203882963431 -0.008749446326558793 -0.016943941469324132 0.9998181584784303 167.72475587522246
0.9999173319811875 -0.009976244886069876 0.00811194979077694 0.8245961692133364 0.009852713704481571 0.9998370147649838 0.015128382670532696 -1.0688009538944512 -0.008261552808413225 -0.015047207098365023 0.9998526532905729 169.09308095350278
0.9999558330617961 -0.0054814420885228215 0.007634508066945403 0.8359793015706418 0.00538556951538053 0.9999070893680699 0.01252231155061364 -1.0740059497674221 -0.007702439712561003 -0.0124806421227265 0.9998924472089353 170.44645945934963
0.9999727212137556 -0.0005266566705500736 0.007367459493697154 0.8457295683439914 0.00044365429536452296 0.9999364698899276 0.011263186265551017 -1.075924118282746 -0.007372923888004239 -0.011259610251283744 0.9999094264792837 171.81687881919456
0.999966009022945 0.0030522070771652416 0.0076592968241249205 0.8489342503372312 -0.0031460332310931254 0.9999197969842084 0.012267929160434406 -1.0748926830109524 -0.007621238902369248 -0.012291608386452118 0.9998954110664735 173.18287784395753
0.9999509787164429 0.005254753770947936 0.008392122586564655 0.8551481114777939 -0.005374320285604775 0.9998834640253602 0.014288984082369604 -1.074329556342364 -0.008316060203939936 -0.014333385366121398 0.9998626891708509 174.5744748138219
0.9999523916089545 0.00491082857576383 0.008431979198591788 0.8655506029384106 -0.005047672175498697 0.9998546458032251 0.016285216893946065 -1.0690209996598137 -0.008350780364122942 -0.016327003212253822 0.9998318325700957 175.939785422659
0.9999664319570856 0.0028684898340562886 0.007675071487450622 0.8818322744519651 -0.003003240351529714 0.9998405389230723 0.01760333182555288 -1.0683412728088184 -0.007623353271294158 -0.017625790745838164 0.9998155909817995 177.35073296232235
0.9999812250655981 0.0008182525228191949 0.006072888795281576 0.8947807033002054 -0.000926815338591456 0.9998394351325318 0.017895390040648277 -1.0659322777552456 -0.00605727126163163 -0.01790068224326979 0.9998214215665533 178.7272451860558
0.9999919820205778 0.00012599658813376263 0.004002501671049934 0.9095100526547297 -0.0001838968887603406 0.9998953023303264 0.014468952037578333 -1.0657888588100395 -0.00400025991482761 -0.014469571863888852 0.9998873083488424 180.06419739512833
0.9999927624175144 0.002841592399555012 0.002529914006230512 0.909457208232564 -0.002867200103083928 0.9999441081503544 0.0101764310315924 -1.0697226674003386 -0.0025008555440065574 -0.010183611001595668 0.9999450183781514 181.48122384091602
0.99997435029273 0.006911862020254923 0.001877475909103284 0.9069688013478068 -0.006929176458648689 0.9999320229652073 0.009377418354381283 -1.070539367988217 -0.00181253301140506 -0.009390187053552912 0.9999542685056941 182.86870500151727
0.9999502786912986 0.009837074284741728 0.0016346576457374863 0.9054313263084418 -0.00985409746525712 0.9998936210663273 0.010753759011984654 -1.0718441405588903 -0.001528698350857791 -0.010769332242697828 0.9999408405273864 184.22107103063846
0.9999201368385184 0.01250419583581146 0.0018343981070651312 0.9053943339069221 -0.012528456195491833 0.9998253171875383 0.013869856677947313 -1.073905306386374 -0.0016606463997216412 -0.013891730964880304 0.9999021262359568 185.65405596089715
0.9999157581422955 0.012786888799348271 0.002229815675852706 0.9103953805542359 -0.012821279980177059 0.9997872366265694 0.016158474237917764 -1.075044981767414 -0.002022724804316642 -0.016185701877152254 0.9998669569614219 187.012557041062
0.9999165397068052 0.012680727894019164 0.002472396713697628 0.9113291949860366 -0.012720476418605403 0.9997782094323309 0.016784560044177322 -1.0720213560324878 -0.0022590081053291506 -0.016814609022878204 0.99985607253705 188.46042021545665
0.9999300677333061 0.011587763685039882 0.002362914072580858 0.9208349804178466 -0.011626737580530316 0.9997843461309902 0.01720698214304355 -1.0720773504521004 -0.002163014235211578 -0.017233251554265354 0.9998491568197716 189.856013375427
0.9999571142792274 0.00895305206919948 0.0023690617529280355 0.9353467820966989 -0.00899421678829379 0.9997979575845043 0.017976320525921644 -1.0700455936109108 -0.0022076403499734906 -0.0179968571945278 0.9998356062059357 191.2427371518049
0.9999682150103548 0.007471838422615532 0.0027821923993000064 0.9428088823305665 -0.00752090362184608 0.9998085565166916 0.018063398015830043 -1.0708004290856417 -0.0026466931943438226 -0.018083748211340466 0.9998329725747446 192.68040299853524
0.9999840975327869 0.004708263120162783 0.0031043418232526336 0.9541754040300983 -0.004766203793754526 0.9998094737841159 0.018928799588382422 -1.066579868449596 -0.0030146288465327494 -0.01894329422610075 0.9998160148735481 194.07810521664877
0.9999934066415014 0.000672085345998015 0.0035686096855513227 0.9693703542784101 -0.0007442945929820763 0.9997942264811763 0.020271920011886897 -1.0597409433005283 -0.0035542511972336192 -0.020274442155244578 0.9997881346930172 195.52812512669715
0.9999896549058727 -0.0024218534748998654 0.003850286567484954 0.9859899549514541 0.0023413221631677036 0.9997812391862034 0.02078441732424418 -1.0569877694440928 -0.0038997814164554805 -0.020775187244862686 0.9997765666780216 196.936716255285
0.999991492606045 -0.0008350358113571317 0.004039483984234345 0.9928000571193552 0.0007678548098331685 0.9998618465439092 0.01660416335530312 -1.0497067300775007 -0.004052791326291921 -0.016600920119348824 0.9998539814980943 198.36938954361057
0.9999692616339738 0.006477828519586011 0.004417411102585894 0.9914473444101515 -0.006528928177132056 0.9999107859656611 0.011653034834725554 -1.0506690916300878 -0.004341531007395154 -0.011681517431363092 0.9999223436090287 199.7951583450935
0.9998619412228109 0.01562121295217922 0.005663583286684513 0.9896527710587443 -0.015684015061349723 0.9998140551872174 0.011219035413318723 -1.0455066948642158 -0.00548727568536745 -0.01130631409182153 0.999921025410338 201.21402769393816
0.9997304068046604 0.022156467488515064 0.006942953920578117 0.9821503331122237 -0.022259200576933872 0.9996384043897181 0.01508603730278869 -1.0407954225936515 -0.0066061906291544825 -0.015236514597251064 0.9998620939185203 202.65978343783004
0.999687631957435 0.02372428973702121 0.007861076930551469 0.9929876891298903 -0.02385714415945342 0.9995663584093021 0.017260703385219296 -1.037462239357041 -0.007448170727679384 -0.017442854290558717 0.9998201196074624 204.0873204451962
0.9997250722228145 0.02224929215467141 0.0073992511418820486 1.0083311066941545 -0.022377631610068303 0.999592194169313 0.017739420103362546 -1.0327947718807065 -0.007001544721930759 -0.017900120505259264 0.9998152649571551 205.54775140022966
0.9997947340701899 0.019296255113448537 0.006176101262880866 1.0264072811078437 -0.019404384843818612 0.9996504913410469 0.01795452769684263 -1.0305788035256818 -0.0058274879962226305 -0.0180706854317273 0.9998197290985045 206.98839131701249
0.9998375745850393 0.017309725094850403 0.005019744565074042 1.0454339802278285 -0.01739635945652936 0.9996909028300074 0.01776134914585157 -1.0313785176920063 -0.004710749293497134 -0.017845789277030632 0.9998296538054995 208.4198915879316
0.9998251403309079 0.018125605965430894 0.004599036687267379 1.0534095162417505 -0.018202339357585418 0.9996858456893627 0.017230345885112856 -1.025433670935977 -0.004285281772271023 -0.01731104597178025 0.9998409693699523 209.8918024077625
0.9998088198193986 0.019048464044263032 0.004413591890696376 1.0613859479133292 -0.019123126188798287 0.9996632529768557 0.01754100183315038 -1.0223388440186028 -0.004077976818718632 -0.017622049764339738 0.9998364033430046 211.33463652944104
0.9997843673053344 0.02030779887759884 0.004337298267419729 1.0670390170150987 -0.02038403581624865 0.9996243244458437 0.018322148309862694 -1.0147299023821892 -0.003963586672245681 -0.0184066088361683 0.9998227276440291 212.80521601558817
0.9997942768250325 0.01986308013646459 0.00410634105603962 1.075015914613892 -0.019934597234617536 0.9996360255098794 0.018177689418783786 -1.0137028665962908 -0.003743781857418404 -0.018255807841252695 0.9998263397007008 214.26727107404517
0.9997949302998824 0.019910552852048884 0.003696916710227742 1.0844531450068438 -0.01997253535529772 0.9996462618351035 0.017562718658582076 -1.0078989206105768 -0.0033459258046738354 -0.017632953625252943 0.9998389288827879 215.7212098268788
0.9998026304747627 0.019555795171959753 0.0035029892569994397 1.09340457951253 -0.01961357554551467 0.9996579795050723 0.017298315540486418 -1.0045272995024193 -0.003163509105258445 -0.017363607276841303 0.9998442365365209 217.19269659836036
0.9997981777536548 0.019871194294539957 0.0029562407601542258 1.1028257323741542 -0.019919669592982348 0.9996503873672898 0.017387059999015863 -0.9998873960642981 -0.0026097057850050327 -0.017442437993859285 0.9998444632917757 218.65533790335095
0.9997844053314021 0.020584200511864888 0.0027264453520798324 1.1071610296400036 -0.02062790309525855 0.9996408217682863 0.01710897794943772 -0.9982638461591584 -0.00237329163095582 -0.017161529950895496 0.999849913416802 220.14332416525798
0.9997818898300893 0.020730112459360055 0.0025367623950013586 1.1153409559723388 -0.02077051032536049 0.9996380948140693 0.017095770121338644 -0.9964587422908578 -0.0021814472655827056 -0.017144730965173164 0.9998506385810777 221.61641178017192
0.9997591389244639 0.021848405020427984 0.0020763642852265098 1.1169840547420427 -0.021880230562934165 0.9996195817148519 0.016791290174827302 -0.9894482915649159 -0.0017087116249792592 -0.016832676896279406 0.9998568603937883 223.10839385954614
