1.0 -3.469446951953614e-18 0.0 -1.7787691892340307e-19 0.0 0.9999999999999999 -3.5405977195229754e-19 0.0 2.168404344971009e-19 -2.354751593366955e-19 1.0 0.0
0.9999998184236251 -0.0001920850232811945 -0.0005711877703400902 0.0023623220759034095 0.0001924746445146272 0.9999997488292218 0.0006821250560820844 -0.022605926090915572 0.0005710566496940094 -0.0006822348851515522 0.9999996042253559 1.3271691435190551
0.9999996106291743 -0.0006537789352943687 -0.0005927180634304468 -0.007919513178060316 0.0006544457365945475 0.9999991525635218 0.001125420722648312 -0.03902273942997718 0.0005919818357649513 -0.0011258082084223669 0.9999991910569219 2.628002273801946
0.9999985244154309 -0.0013027885225958633 -0.0011197808784350139 -0.009237918093241298 0.0013039059154677044 0.9999986522689209 0.0009976409880589597 -0.0746863043332523 0.001118479749464476 -0.0009990996244713523 0.9999988754018504 3.9515879976599413
0.9999979703940859 -0.001937228998920874 -0.0005534921413556564 -0.02262172482950816 0.0019378220718998269 0.9999975470087418 0.0010727623416835195 -0.08804861158533576 0.000551412644931519 -0.0010738327538173656 0.9999992714139098 5.267169937196659
0.999997036378921 -0.002257119790703626 -0.0009124941099497561 -0.018649532155090798 0.0022585203953163664 0.9999962688856073 0.0015366511946255576 -0.10716273517368945 0.0009090223777324522 -0.0015387075564707359 0.9999984030282704 6.588547945280161
0.9999934119286554 -0.0035640749000146067 -0.0006880939448463098 -0.02745835817716638 0.003565774164919891 0.9999905575658861 0.002483954156186457 -0.14381065598129011 0.0006792345085711311 -0.002486391426161097 0.999996678244332 7.923302919618288
0.9999934488604734 -0.0035843750530780826 -0.0005044757888072321 -0.0465135028782244 0.0035858147715182205 0.9999894178086839 0.002882047455111991 -0.16242385186491953 0.0004941401556974973 -0.002883837585649996 0.9999957196446488 9.238816185896198
0.9999943853945131 -0.003178870621352933 -0.0010601716006701494 -0.045096460260239266 0.0031813286672287087 0.9999922372690773 0.002324767636819906 -0.18721029828362878 0.0010527733263801051 -0.0023281273827818905 0.9999967357413443 10.570550192816047
0.9999993687847709 -0.0006551737587281326 -0.0009127852844807026 -0.0661500682084681 0.0006551678753710898 0.9999997853539264 -6.791070508366857e-06 -0.2039312015990779 0.0009127896150635379 6.1930385071391005e-06 0.9999995833890292 11.891690629798024
0.9999974609329536 0.0020534361254247926 -0.0009281824258260142 -0.0662545312698439 -0.0020541173362308854 0.9999976213487369 -0.0007334183965482445 -0.23049241334906068 0.0009266742677488995 0.0007353231421284433 0.9999993002877952 13.229593873260853
0.9999825763612736 0.005857678701218167 -0.0007311369104783881 -0.09360530603499091 -0.005858246053997207 0.9999825394364347 -0.0007757495008073443 -0.25272880800631503 0.0007265801134718596 0.0007800191746458177 0.9999994318260829 14.569979383574177
0.9999824980340419 0.005907204708004316 -0.00032946281567014816 -0.11424904217719009 -0.005907192547231523 0.9999825516300411 3.903269550063731e-05 -0.28002457526652186 0.000329687668709484 -3.70858175854426e-05 0.9999999449655997 15.920241422566376
0.9999906106483816 0.004331838600978623 -0.00011739235633997339 -0.1043758587273754 -0.004331475290246993 0.9999863025266893 0.0029382117842349583 -0.30647546020984573 0.00013011862068403046 -0.0029376757755641266 0.9999956765561292 17.262322216780927
0.9999999873561882 -0.0001562310253649512 -2.9659686001431464e-05 -0.11691822874944668 0.00015637946430547243 0.9999871250157234 0.005072016049569641 -0.33460387636493466 2.8866904432920922e-05 -0.005072020723477298 0.9999871368041284 18.627756867929524
0.99999782463288 -0.002048658823199538 -0.00039208287747600893 -0.1084249613329046 0.00204997750041613 0.9999921439279651 0.003392590582577068 -0.368380182514624 0.00038512957205775306 -0.003393387029151607 0.9999941682834819 19.963717348896665
0.9999955365716997 -0.002976101696689706 -0.00026393034908640876 -0.1171557198051627 0.002976335947819233 0.9999951738453358 0.0008909017681138828 -0.36845357118455496 0.0002612776840638404 -0.000891683352532537 0.9999995683175634 21.31949843574183
0.9999996400300711 -0.0008475206433744761 4.061874141459733e-05 -0.13133911101730633 0.0008475283976465391 0.999999622813318 -0.00018991452916284913 -0.4259705847047585 -4.045777312587889e-05 0.00018994889076174383 0.9999999811412503 22.671777519461436
0.9999988284632028 0.0012981975201007499 0.0008110205823243987 -0.14202851828653626 -0.001299046153059446 0.9999986085281484 0.0010466245351423422 -0.4129499949299911 -0.0008096607960938875 -0.0010476768831351045 0.9999991234103764 24.03830705713363
0.9999969016163764 0.0018283319252479805 0.0016893664999236078 -0.15567470903154965 -0.0018379501259427897 0.9999820121519138 0.005709405724277062 -0.43823252490117887 -0.0016788975604628581 -0.005712493118343824 0.9999822742051087 25.42725200081094
0.9999983623890508 0.0003292533113620254 0.0017795542666415483 -0.1495241824763988 -0.0003409422110528873 0.9999783452277319 0.0065721254427636945 -0.4653417365265492 -0.001777351981625911 -0.00657272153369695 0.9999768199067617 26.800773052955616
0.9999903298747498 -0.004053046481636081 0.0017067451792189981 -0.14998052879398593 0.004042737349173481 0.9999738210515725 0.006001123164831437 -0.4927526106399115 -0.0017310234706961105 -0.005994165324368719 0.9999805365800436 28.169613465005412
0.999990439776109 -0.004081389980608653 0.001569273707466034 -0.16084992484466987 0.004075576465658648 0.9999848856419988 0.0036902788147573033 -0.5008668408828554 -0.0015843115864944857 -0.0036838479080690003 0.9999919595776403 29.530195297973595
0.9999884820709805 -0.004195992624074744 0.00233010301778234 -0.16415473866260744 0.004191766609804328 0.9999895660909538 0.0018157081078346133 -0.546919415303597 -0.0023376975993233615 -0.0018059199770897592 0.9999956369005589 30.918358839722906
0.999994383695898 -0.0018907063038563262 0.0027672753332876245 -0.17689623281914943 0.0018888025478656107 0.9999979778487891 0.0006904493640903841 -0.5424750263714677 -0.002768575407684111 -0.0006852186594214102 0.9999959327227825 32.30252324928103
0.9999943371034627 -0.0001720036762123834 0.003360979055468022 -0.1804093821285152 0.0001768123691540842 0.999998961211656 -0.0014304939221730058 -0.5899047879472733 -0.0033607297990707434 0.0014310801151763079 0.9999933287280395 33.68181356449206
0.9999937230081745 3.0253943291442403e-06 0.0035431538856112053 -0.19457524617569333 9.156845770120353e-07 0.9999993813868474 -0.001112306256622639 -0.5869796658015132 -0.003543155359265252 0.0011123025439011384 0.9999931043905589 35.07703508526604
0.9999954324763015 0.0001483290975363566 0.00301877932660821 -0.19099312070430163 -0.00015022393592757644 0.9999997918612633 0.0006274634269054964 -0.634839928077525 -0.003018685881801943 -0.0006279140638963077 0.999995246616559 36.46825389624759
0.9999949295971486 0.00148029752043241 0.0028194858286710897 -0.20762937046704727 -0.0014857076204601548 0.999997057614976 0.0019176643297697808 -0.6486804246024697 -0.0028166390554714435 -0.0019218435747404307 0.999994186512295 37.871648208401666
0.9999915853904158 0.0032970643519632335 0.002441006387610044 -0.20377372968095203 -0.003302990875232289 0.9999915980424887 0.0024277770354022617 -0.6650609125282425 -0.0024329815451056436 -0.0024358192769846714 0.9999940736736703 39.26315785967168
0.9999782030343141 0.0058644825594055755 0.003033363259890309 -0.22542275653494154 -0.005872609892805356 0.9999791721618508 0.002677257330078105 -0.7003629358404276 -0.0030175996057765333 -0.0026950127882333177 0.9999918154641735 40.66396469412003
0.9999566051836724 0.008833316486301224 0.002959772584929783 -0.23230558763259637 -0.008842689611773697 0.9999558822308555 0.003168667090446901 -0.7288265266867296 -0.002931652412836199 -0.0031947020043564278 0.9999905996008605 42.09041527110347
0.9999526738069557 0.00937565754201508 0.002597532372152078 -0.23466184999962447 -0.009383932085166547 0.9999508764186172 0.003191643551465599 -0.7398821316112337 -0.0025674812300843838 -0.0032158676389711406 0.9999915330805117 43.478453081844485
0.9999606515019728 0.00859122249707582 0.002210504006031808 -0.2443874943830565 -0.00859802222561814 0.9999582776793069 0.003084952605783072 -0.7624060096449599 -0.0021839084470337104 -0.003103837246083383 0.999992798342019 44.905708042996224
0.9999647284976273 0.00828935373175882 0.001352168387416658 -0.2387858398349187 -0.008292912984182978 0.9999621075758105 0.00264783386994843 -0.793391870529421 -0.00133016842969029 -0.002658953949319838 0.9999955802974579 46.30158842279106
0.9999674642453865 0.008048234718352015 0.0005443822942022901 -0.25670962021521365 -0.008050021129030405 0.9999619461494104 0.003362057329537929 -0.8238445334725848 -0.0005173029933352713 -0.0033663303035283854 0.9999942000920837 47.7329239089094
0.9999648911624807 0.008362677182362888 -0.0005310873506866331 -0.26131596544072255 -0.008360325701585031 0.9999558648999254 0.004286399834831741 -0.84422073289541 0.000566909740034306 -0.004281809372347726 0.9999906723183394 49.13044404434726
0.9999577690049215 0.009073672059539609 -0.0014589926463104586 -0.2742029826272637 -0.009067261899879667 0.999949464122726 0.004342117153762478 -0.8698398360283272 0.0014983179914887389 -0.004328704806886219 0.9999895086256356 50.559234301195325
0.9999554371133056 0.009061972388074716 -0.002646586342028329 -0.2829930020612788 -0.009049888293896257 0.9999487291873839 0.004542965700437747 -0.883146219689857 0.002687619109348104 -0.004518812040208062 0.9999861784279954 52.009677472943295
0.9999407057280384 0.010286013326414666 -0.003575322057722521 -0.30259007806168997 -0.010264300783389328 0.9999290831199709 0.006039278283314326 -0.9246100014177207 0.0036371889155304114 -0.006002222136846879 0.9999753717939538 53.416610642526656
0.9999554625458298 0.008317512323248113 -0.00446003217298448 -0.3141528530647927 -0.008286980571088965 0.9999423977287408 0.006821084482848689 -0.9361102863987664 0.0045165101058960684 -0.006783820632898643 0.9999667899108433 54.869675379833545
0.9999719973754704 0.005482245194531137 -0.005094058468488045 -0.31673023513704185 -0.005443956466545089 0.9999570548026091 0.007500126470772171 -0.941167565631349 0.005134957675092255 -0.007472184770656073 0.9999588984936786 56.270866403975205
0.9999774971957514 0.004079673991072839 -0.005325536966485422 -0.3440413015250092 -0.00404104595624997 0.9999655956963123 0.00724412706098061 -0.9675054853740138 0.005354907879976324 -0.0072224434580163265 0.9999595798254958 57.69634777833195
0.9999814756147586 0.0030413551320140125 -0.005272434951873421 -0.3625891581929442 -0.0030015754062258553 0.9999670956941418 0.007536449920241631 -0.9925157249836849 0.005295182940087547 -0.007520484855920186 0.999957700784306 59.14583731239349
0.9999830987294502 0.002796813623857224 -0.005097065228443727 -0.3646578749962397 -0.0027551909443589923 0.9999629529858862 0.008154850160204 -1.019849426592669 0.005119684432495174 -0.008140669111671205 0.9999537581059705 60.551260944101195
0.9999891321598139 0.0009181693246385729 -0.0045708332982955305 -0.3811066362269221 -0.0008768514905966385 0.9999588146823929 0.009033275656316602 -1.0327586508225512 0.004578939517897529 -0.00902916972451941 0.9999487523961684 62.00496703124054
0.9999897385486561 -0.001692807369818793 -0.004202046553892154 -0.3912642878382141 0.0017293751032160971 0.9999605368737552 0.008714008930004789 -1.0490153827714739 0.0041871299504929165 -0.008721186600321 0.9999532033338806 63.40431994167144
0.9999910633748141 -0.001919235648816537 -0.003766921946303435 -0.4052966569006211 0.0019493823948366594 0.9999659736918397 0.008015694702144596 -1.077341784936842 0.0037514100884955153 -0.008022966399922858 0.999960778701759 64.81992771490795
0.9999930614584254 -0.0022232713511387402 -0.002988996063977054 -0.41550605480454494 0.002247123090289665 0.9999654725043964 0.008000264447599863 -1.095839813860685 0.002971106360407849 -0.008006925738033422 0.9999635301724258 66.27553854289766
0.9999969107846504 -0.000626878576502253 -0.0024052944162218206 -0.4296015632861425 0.0006457378089468266 0.9999689958867297 0.007847947800350237 -1.1146728811272864 0.002400300341108089 -0.007849476902078937 0.9999663115710967 67.63649593831853
0.9999957521855751 0.00234530183362549 -0.0017306539338196544 -0.4504829543367139 -0.0023290609357004095 0.9999537862169299 0.009327427658163879 -1.1345679973517286 0.0017524497424383347 -0.009323357425493187 0.9999550009536223 69.11594312503105
0.9999845975786442 0.005487189163768856 -0.0008338754951579319 -0.46608015909185874 -0.005478222379585231 0.9999309109246441 0.010400118470814053 -1.1497715811796334 0.0008908853841923044 -0.01039539033822402 0.9999455696126307 70.47047602075592
0.9999534421017626 0.009648775106422761 0.00012143406410995944 -0.489265867455246 -0.009649534334504717 0.9998871344465617 0.011515418914126616 -1.1749161831221504 -1.0310663195457889e-05 -0.011516054796954655 0.9999336879912375 71.9248339141967
0.9999124639000055 0.013221671679427836 0.0005018997149035327 -0.4969403809834376 -0.013226337624279536 0.9998537641025219 0.01084040736896986 -1.1765686396206485 -0.00035849803438584645 -0.010846096960678522 0.9999411150978434 73.29547648151986
0.9998504998459844 0.01724514060522442 0.0012581882600002042 -0.5117416027943272 -0.017257503320824194 0.9997950656639637 0.01058325548141954 -1.1991515899138863 -0.0010754207685342394 -0.010603386692496905 0.9999432042185701 74.68265352054921
0.9998277934227525 0.01843548786232783 0.002125144115674937 -0.5287688625778602 -0.0184569740681734 0.9997737038452931 0.010577393624341113 -1.2082992135083728 -0.00192966394755038 -0.010614796079192088 0.9999417995574683 76.13702308623358
0.9998227321855541 0.018664167134344295 0.0024805282750272988 -0.5353085937873552 -0.01869040241969265 0.9997646870402895 0.011010878869437371 -1.2230895621235611 -0.002274435875449322 -0.011055289297024533 0.999936301731677 77.50188301968213
0.999832994731954 0.018104529859175128 0.0024917055393999295 -0.5356142036427846 -0.018131534165492645 0.9997719940434235 0.011278627651598937 -1.251680682368177 -0.002286943349805709 -0.01132192274064446 0.9999332897531331 78.90676880723966
0.9998496443551783 0.01720992395314265 0.0021230063631923735 -0.5385519304677844 -0.017230708439950372 0.9997995721488414 0.010194030666660891 -1.2576857306509195 -0.0019471425183551967 -0.010229079053479733 0.9999457858196521 80.27329157530612
0.9998554468807411 0.016887566190040094 0.001973678752490221 -0.5483825649894428 -0.016907276276719767 0.9998025897342327 0.010436743353725488 -1.2850102567941748 -0.0017970380782684203 -0.010468604439677325 0.9999435878969851 81.66329928155767
0.9998693344634693 0.01609375420941067 0.0015182339015975155 -0.557329588366336 -0.01610931402222225 0.9998112298987553 0.010862532349318348 -1.2929349319385597 -0.0013431284843895546 -0.010885570923168573 0.9999398483676052 83.07419855781976
0.999867349744206 0.016233608905455145 0.0013239394945265528 -0.5753704731558398 -0.016246182131367234 0.9998168701731956 0.010113739325016113 -1.3038495483871224 -0.0011595146437195704 -0.010133906908295975 0.9999479783760139 84.43214225481661
0.9998681125072765 0.01623398101225209 0.0004641215650200432 -0.5792805772352885 -0.016237960447459572 0.9998130600907463 0.010496358994532492 -1.313776810753261 -0.00029363712686806707 -0.010502511262876931 0.9999448039954786 85.83280123431412
0.9998699881195691 0.016111878130992553 -0.0006435812349698093 -0.5905317038481201 -0.016103662179683252 0.9998075624930968 0.011203128347007192 -1.3329412123385602 0.0008239609021162119 -0.011191308026022037 0.999937035876966 87.19631098357036
0.9998902344975342 0.014717417040209412 -0.00170779134760346 -0.6002420730777185 -0.014694561649034604 0.9998113438367968 0.012702229171372037 -1.3535785542448062 0.0018944133357323403 -0.012675739922214138 0.9999178650387539 88.58310081705014
0.9999198965844291 0.01233819128467753 -0.002823015315703793 -0.6020558328346264 -0.012299757573029334 0.9998365709995747 0.013249425639462468 -1.3699918207575967 0.0029860281633406335 -0.013213642183523108 0.9999082374431513 89.95873863902338
0.9999296298631359 0.011235233735628774 -0.0038085182371805333 -0.6140224680003125 -0.011181967964713388 0.9998432100620528 0.013730218706867817 -1.386776222789274 0.003962183661450164 -0.013686666062165797 0.9998984829900273 91.32882803934106
0.9999373195783481 0.010404604160435711 -0.004135347024681076 -0.631000328173797 -0.010348650347277681 0.9998576065012532 0.013329372672431419 -1.4034120592166897 0.004273445395739439 -0.013285742194612217 0.9999026086235799 92.70705858479326
0.9999557865179047 0.008204368339285856 -0.00459492361018431 -0.6424621474811496 -0.008142756913316819 0.9998787857659595 0.013270617813771405 -1.419253684309455 0.0047032440843107785 -0.01323261599847526 0.9999013838290904 94.06050895571693
0.9999569656707776 0.007997508095329217 -0.004701770361695798 -0.6635726408898384 -0.00793665264855107 0.99988629099067 0.012822427442816746 -1.4266531311326582 0.00480378361110876 -0.012784559582070936 0.9999067350076523 95.43204464979193
0.9999600272440187 0.007695491103742646 -0.004552285770389131 -0.6716042428650258 -0.007639126515790459 0.9998955135322791 0.012272154478269478 -1.4365503288970116 0.004646250775792504 -0.012236888690355434 0.9999143317917506 96.78450249558061
0.9999502524014474 0.008944444641703358 -0.004414703182693203 -0.6909524687158672 -0.00889281512978344 0.999893413303174 0.011579286991298248 -1.449769566515295 0.004517803316107079 -0.011539452048285458 0.9999232123080914 98.11121519293012
0.9999344465046013 0.010699536046463365 -0.004077080996863519 -0.712322034718789 -0.010651128956761576 0.9998746433075179 0.01171542328792406 -1.4577001307277644 0.004201919865108787 -0.01167123002716246 0.9999230601758153 99.47018544610636
0.9999335968387003 0.01081876745397577 -0.003969401894749508 -0.7203344884181305 -0.010765511259219 0.9998549018890469 0.013201475499516469 -1.4711254615910436 0.004111649992937195 -0.013157866509987917 0.9999049779335246 100.79998307406227
0.9999316750882137 0.011032767639692107 -0.0038630506695505142 -0.7434643390146269 -0.010974704126309418 0.9998310947796649 0.01474238108912596 -1.480389483124737 0.004025047796470407 -0.014698978280552262 0.9998838627768805 102.13593608211546
0.9999370664184069 0.01060609894220676 -0.003657025636326364 -0.7558596142419701 -0.010554280980193509 0.9998475599673647 0.013909133645689858 -1.5004281016415657 0.003803990138875858 -0.013869661302559795 0.9998965757352974 103.48351091953761
0.9999373535165853 0.010602242583463005 -0.003589075553997816 -0.7675126424515936 -0.01056006761781059 0.9998772691006307 0.011572887616870779 -1.5084856112082188 0.0037113339477344103 -0.0115342619740995 0.999926590711607 104.80712287577835
0.9999495612634973 0.00935039836008753 -0.0036667358534317298 -0.7801967185900895 -0.009311811246577812 0.9999025265432812 0.010403249528701884 -1.5212555451016856 0.003763653297205418 -0.010368581064366606 0.9999391618749176 106.14179005246547
0.9999609449682332 0.008159524547562717 -0.0033956845602164196 -0.793103185100605 -0.008119629930950027 0.9998997364328118 0.011601237196910287 -1.5391558924134647 0.0034900049802363354 -0.011573212645424283 0.9999269376434178 107.49293198443624
0.9999825959842561 0.005147406361809977 -0.002883040257351705 -0.8001253324666774 -0.0051083294418931245 0.9998971486618178 0.013401383243110795 -1.535690311568958 0.002951726358099981 -0.01338642275598181 0.9999060410898443 108.81358992645661
0.9999903195781117 0.003937029299453888 -0.0019648255942827904 -0.8155291499919514 -0.003908486845146558 0.9998897504301705 0.014325177714698252 -1.5573018867456332 0.00202100779959441 -0.014317359832794982 0.9998954589077567 110.1713288935136
0.99999385346505 0.0032202158467419806 -0.001386807060162098 -0.8260709630093797 -0.0032010298478533043 0.9999020972168635 0.013621651498270118 -1.570040790902221 0.0014305360775942243 -0.013617128833538524 0.9999062592947152 111.47458179200075
0.9999919399888142 0.003964672746375731 -0.0006334973931972762 -0.8390815901639324 -0.003957179549161689 0.9999269390104737 0.011421793835956946 -1.5864235691388606 0.0006787348503267308 -0.011419195141898259 0.999934568512619 112.81803402123855
0.9999725595252112 0.007397434136294787 0.0003976805340147249 -0.8429840132962718 -0.007400879724157199 0.9999274717797317 0.009501482617192717 -1.6057647879912142 -0.00032736511953996043 -0.009504165270521855 0.9999547808161907 114.16272487335803
0.9999457824476655 0.010237024380934448 0.0019066924526821522 -0.8598897710653786 -0.010253688692539528 0.9999074196431097 0.008945056256264258 -1.6067804329270436 -0.0018149453181961388 -0.008964122091094278 0.999958174369756 115.46926653061094
0.9999348960958916 0.010892489017564608 0.003399592844702468 -0.872684148040837 -0.010930257337881366 0.9998764576388802 0.011295970757340046 -1.621089359303851 -0.0032761318819378897 -0.01133239399921392 0.9999304194822916 116.83956555976134
0.9999266396149195 0.011327128549711931 0.004290865354798038 -0.8802685943544042 -0.011382884526366509 0.9998480784969831 0.013200374510642456 -1.6223185362991888 -0.004140691481024991 -0.013248248817361355 0.9999036646485504 118.14105781459004
0.999928995049934 0.01069074738060656 0.0052642910044508415 -0.8791530516163646 -0.010765328818506515 0.9998390961122839 0.014348853598626969 -1.6416261305504316 -0.005110044411418173 -0.014404506870589865 0.999883191992058 119.50426494478646
0.9999178796120809 0.011213834595957184 0.006203541373572053 -0.8811823439202429 -0.011297658217311768 0.9998430591688902 0.013646243860668964 -1.6504584266469025 -0.00604954156398367 -0.013715208989992208 0.9998876417320508 120.83010735373185
0.9998854131312713 0.013070900228827169 0.007636239187182812 -0.8780806003768824 -0.013173274374680466 0.9998219104954439 0.013513406767834702 -1.6598663596006904 -0.007458247481614225 -0.01361245285510896 0.9998795305787482 122.13496416906048
0.9998551940437064 0.014617981703414627 0.008712377632640059 -0.882512302401983 -0.014730095768449667 0.9998076930002576 0.012946093188259056 -1.66385748694839 -0.008521457138551177 -0.013072552935671475 0.9998782391501588 123.50586513871123
0.9998361275390099 0.01514146155589342 0.00992240782793547 -0.8843130585562954 -0.015265500275583007 0.99980475467256 0.012546595965757986 -1.6768628466413527 -0.009730497536674529 -0.012696010697544153 0.9998720561791148 124.84140629708239
0.9998086186229659 0.016156197225126755 0.011031925572462398 -0.8789071745417807 -0.0162854149940521 0.9997986302712529 0.011725365891801821 -1.6793951377502487 -0.010840267660173925 -0.011902781599414474 0.9998703977940225 126.17427322668844
0.9998040169543514 0.015865285783329887 0.011841467522370657 -0.8761055408948887 -0.01599990270730102 0.9998074428025839 0.011361358553474898 -1.6975960075330878 -0.011658937139143259 -0.01154859447837394 0.9998653405073937 127.50698905353119
0.9997963336256083 0.015528728391846713 0.012889911873066191 -0.8726557664505309 -0.01568763729070121 0.9998010392505858 0.012319902037191867 -1.705520218770152 -0.012696035937744744 -0.01251960539790174 0.9998410224384945 128.8368273943035
0.9997920827368078 0.015039663260046816 0.013769524019409007 -0.8651263212063272 -0.01522244079297593 0.9997961134965849 0.013266829600270398 -1.717649330964527 -0.013567189086167554 -0.013473677227538254 0.9998171789893159 130.2117499857835
0.9998131320988178 0.01320020181994993 0.014122872464005974 -0.8489501721461316 -0.013396817542112728 0.9998133773187584 0.013918902314697187 -1.721884212111306 -0.013936505663194211 -0.014105503140984466 0.9998033849670763 131.5336589649533
0.9998247058210105 0.012346840275649862 0.014075266958432822 -0.8386959859828307 -0.01254644481405077 0.9998207100779368 0.014182187639489951 -1.739448980015281 -0.013897639363018372 -0.014356296425787814 0.9998003562580846 132.8796315043031
0.9998511718987471 0.010180976430522737 0.013927733241664447 -0.8272290876449904 -0.010389521157567602 0.9998337580445669 0.01498379597458254 -1.7333480465967506 -0.013772869346755558 -0.015126268738586354 0.999790730135644 134.19884872104507
0.9998755279570992 0.008464156860444383 0.013314902482789244 -0.8106595533437979 -0.008664817057009444 0.9998486627642692 0.015085507154641 -1.7542564995544727 -0.013185202445909358 -0.01519900092020637 0.9997975499111178 135.54045795104935
0.9998872901874849 0.008755331165230976 0.012196355381360989 -0.804336476625539 -0.00893636266985564 0.9998495236432964 0.01486847354820111 -1.7652904528861386 -0.012064342716408213 -0.014975789072323942 0.9998150715889721 136.87638154720904
0.999910938238751 0.007319490837419864 0.011159777576168218 -0.7952032171170897 -0.007498578132631557 0.9998424124455454 0.01609104127907352 -1.7775829378655132 -0.01104024162531805 -0.016173290962081505 0.9998082504784398 138.21567496778437
0.999929483173216 0.006235521299836568 0.010106777390999709 -0.778563521575053 -0.006401763189503026 0.999843363391311 0.016500488348294012 -1.787243287930849 -0.010002305985428759 -0.01656402630478466 0.9998127759276062 139.55488981965382
0.9999496779068551 0.004832854329664755 0.008791198470630722 -0.7817434400240282 -0.00497998495408691 0.99984660392236 0.016791914022447837 -1.7945945447019347 -0.00870869778357165 -0.016834849382718484 0.9998203570791471 140.91352617939796
0.9999647461358218 0.0036323483126581317 0.007570504027815683 -0.7808411073920516 -0.0037555766071109744 0.9998596485217589 0.016327244157069102 -1.787938011821949 -0.00751013588032848 -0.016355100485472986 0.9998380411585263 142.23275064021612
0.9999732749305777 0.0033381867167189194 0.006504301214252272 -0.774276952721831 -0.0034412855370809957 0.9998675910398666 0.015904651556563225 -1.7858824376380515 -0.006450347822402785 -0.015926609972556793 0.9998523571549832 143.58227848692687
0.9999822960264082 0.0015598387508691334 0.005742346221946349 -0.7646873495892672 -0.001639601713965674 0.9999018806975557 0.013911889908424556 -1.8038756668902145 -0.005720082954212198 -0.013921059044317915 0.9998867359684591 144.93633627034902
0.9999883686293125 -0.0015386709193969568 0.00457111643615701 -0.7808647985756878 0.0014795063269675904 0.9999154585381812 0.012918468567763356 -1.824809672801841 -0.004590607636599147 -0.01291155556214568 0.9999061046189176 146.2415926150647
0.999939084192435 -0.010487144497356509 0.003442051553925087 -0.7693931103685905 0.01043036156674196 0.9998156599546139 0.01611997674138745 -1.8258511285181138 -0.003610469862745289 -0.016083093243775298 0.9998641400819576 147.62198057715443
0.9998394421017702 -0.01781845136809389 0.0018954734206154886 -0.7607770139680743 0.017782301502090328 0.999686423517744 0.01763077908434886 -1.8317966436884416 -0.0022090323955841354 -0.017594242775007072 0.9998427690404598 148.93993354493227
0.9998036927249879 -0.019787513068943392 0.0010150607469490039 -0.7336986484520315 0.019770528327223313 0.9996971503864986 0.014653794940905181 -1.845975863969872 -0.0013047155920469075 -0.014630850279270703 0.999892112150926 150.2449378658032
0.9998203048570599 -0.01892762188451349 0.0010503020685030064 -0.7560115443345075 0.018913999199550856 0.9997521710974762 0.011741252429160862 -1.861571845392446 -0.0012722758563428979 -0.011719277386112349 0.9999305175131658 151.6386796804582
0.9998743797030117 -0.0157034044333526 0.0021512589807134285 -0.76326090557926 0.015682668585131294 0.9998334037538883 0.009339091584530076 -1.867209959950968 -0.0022975563067052143 -0.009304181092933963 0.9999540756700097 152.95072164127902
0.9998658050012601 -0.016099551496551158 0.0030292646077756183 -0.7681304471437107 0.016069966735772503 0.9998252626699463 0.009549883968708206 -1.8779932452878625 -0.0031824843909715062 -0.009499922412892745 0.9999498103736236 154.32372944232267
0.9998190502317781 -0.018721277561309348 0.00337351034699856 -0.7726008448925055 0.01867750517244804 0.9997465296961634 0.012570884963800433 -1.8821161933885773 -0.0036079985822976782 -0.012505601737347296 0.9999152925481694 155.65393234501406
0.9996091272644998 -0.027713597104205925 0.003680927175602762 -0.7711418058658404 0.02765364641385374 0.9994982229799773 0.015445973531001096 -1.8750558844982557 -0.004107143990788717 -0.01533814534025961 0.9998739283867258 156.99337154718702
0.9995534427196957 -0.029649143527555613 0.0037206761611260084 -0.7553649815055545 0.02958325480388877 0.999423387551193 0.01666503682947089 -1.8919132353886323 -0.004212635182090017 -0.01654752552507753 0.9998542059252381 158.3447910390327
0.9995165319365724 -0.030888927737302375 0.0035463391726483686 -0.7499463392218757 0.03082419747633309 0.9993793916712833 0.017049937151809382 -1.910567063810143 -0.004070792889529086 -0.016932381299538165 0.9998483500570332 159.67316048251283
0.999540010058815 -0.029974021332310134 0.004618044242055417 -0.754358547978025 0.029889936969632595 0.9994032608814823 0.017312244488608266 -1.9002215304464787 -0.005134206477681327 -0.017166248290209372 0.9998394670375008 161.03821991990432
0.9995902886939751 -0.028007062659751232 0.00590416723314277 -0.7574969907036342 0.027903118510381717 0.9994659230317211 0.01700837069023116 -1.89352340907583 -0.006377368980232027 -0.016836657795687895 0.9998379149244746 162.3802422174288
0.9996648284483127 -0.024965324767176465 0.006852979603767783 -0.7638151015504129 0.024857051515997174 0.9995715498441418 0.015454569728887821 -1.9020032441458272 -0.0072358723932369395 -0.015279045205883674 0.9998570862518985 163.7312013535527
0.9996911217848446 -0.02368040555033577 0.007543170850803448 -0.7664598941707832 0.023565892722469343 0.9996108768853434 0.01492459394717042 -1.8964106565040904 -0.00789365671937038 -0.014742222776199753 0.9998601687488504 165.08078102522933
0.9997151678609663 -0.022550823561144052 0.007813035005554046 -0.7667858906386943 0.022422090283280842 0.9996174889609356 0.016190294007964418 -1.9004671425690365 -0.00817515157322102 -0.01601049820726758 0.9998384023651242 166.41934226043347
0.9997375936315717 -0.021609399993704814 0.007601165920029057 -0.7615500902859818 0.021484412704886602 0.9996386100025657 0.01615764187697817 -1.8960823423595186 -0.00794757653806345 -0.01599009571534719 0.999840563723211 167.75624138015053
0.9998024906239564 -0.01851818213285477 0.007215032030676874 -0.7600487944273396 0.01841552624016906 0.9997317821901737 0.014043933166343125 -1.9178072740192635 -0.007473165561748709 -0.013908291000059407 0.9998753478492929 169.14149424931685
0.9998646640946777 -0.015041853000083908 0.006663045057614134 -0.7656487390737283 0.014965727790397034 0.9998237984015361 0.011331333901489698 -1.923865365347622 -0.006832315844464145 -0.01123008325084091 0.9999135986112712 170.5499275716284
0.999930370294575 -0.009920904481477533 0.006389853905408779 -0.7701878168564966 0.009858147905933584 0.9999035882118431 0.009779120008551006 -1.927121255060412 -0.006486256103253244 -0.009715447145024557 0.9999317669547405 171.91233403541602
0.9999565812662173 -0.006383622536764477 0.006788590423719771 -0.7734904412190708 0.006309403060472658 0.9999207004368287 0.01089881918126648 -1.9419330690293466 -0.006857626609508773 -0.010855514218632225 0.9999175619847247 173.2596544159375
0.9999704618686904 -0.0015971059130635724 0.007518287836404418 -0.7854524319970295 0.0014964067477753404 0.9999093569290223 0.013380533809927313 -1.97068461873987 -0.007538977111565806 -0.013368888413448759 0.9998822113854838 174.62983691976694
0.9999712396014847 0.00016756081155449264 0.007582341308665481 -0.7851576706224865 -0.00028594160272756367 0.999878048413752 0.015614305340158383 -1.9731199622582554 -0.007578800912315315 -0.015616024675085447 0.9998493394257219 176.0494953540067
0.9999740105520311 -0.0028487940001658447 0.006622884853159719 -0.7841195276994718 0.0027360384020829586 0.9998522158713947 0.01697234512546483 -1.9707934354311611 -0.006670257360671483 -0.016953783882835825 0.999834024666152 177.44965036939092
0.9999732062530423 -0.005115218412565018 0.005236537876892925 -0.7824940450846893 0.005026566129693707 0.9998461499843051 0.01680505817476367 -1.968933518598743 -0.005321694214289251 -0.016778286422805197 0.9998450723373693 178.85330313865012
0.9999681345981555 -0.007391469977957744 0.0030159529491371397 -0.7789061289062135 0.007350835678190049 0.9998849432218849 0.013268968287941715 -1.9753782451651511 -0.0031136833759486246 -0.013246375945282657 0.9999074149646971 180.19043732560766
0.9999893030843077 -0.004389886354141335 0.0014569223405867726 -0.7943645259530876 0.004376313637411335 0.9999481743847594 0.009192193144583185 -1.9971039473449024 -0.0014971996367200242 -0.009185719043828618 0.9999566895419393 181.60584252673948
0.999999180615748 -0.0008236128419814998 0.000980016548455247 -0.8236190678174595 0.0008152254584372805 0.9999633009928421 0.00852830997862852 -2.0036100908853185 -0.0009870046848827858 -0.00852750422286573 0.9999631530684636 183.00193894162624
0.9999974511701547 0.002153691141214986 0.0006776908257800569 -0.8420560879791297 -0.0021602353815090344 0.999949560606924 0.009808650553490724 -2.005240698829171 -0.0006565318873419856 -0.009810089719076914 0.9999516643857479 184.32817138071607
0.9999856589402474 0.00525704190297361 0.0010224555733864074 -0.8374517532025814 -0.005269618377220861 0.9999053018286963 0.012712926586424476 -2.0184922479690077 -0.0009555264317465731 -0.012718132474181791 0.9999186647318409 185.77285072278562
0.9999753417610877 0.0068738641623302425 0.0014373061780800147 -0.8491279030112524 -0.006894998923463446 0.9998598451068508 0.015256118124903274 -2.035605673645866 -0.0013322363496500887 -0.015265652465508525 0.9998825856098521 187.1398024235283
0.9999875898441742 0.004735280488820608 0.001548311770646507 -0.8546947226934345 -0.004759207436678726 0.9998633197221952 0.015833250478117886 -2.030038723954522 -0.0014731253769095108 -0.015840423036541373 0.9998734474445364 188.5912300529223
0.9999891850138231 0.004430502241530137 0.0014143899006102177 -0.8532149876059413 -0.004453457548392603 0.9998512700040794 0.01666147015692624 -2.04178068980338 -0.0013403609576361616 -0.016667589219549778 0.9998601876802086 190.01157488027903
0.9999980682214359 0.0012501347477272134 0.0015168112937323547 -0.8594166197916309 -0.00127620368282356 0.9998493710579911 0.017309144779695154 -2.046322437423281 -0.0014949441671576027 -0.017311047443354214 0.9998490349970107 191.3565291491899
0.9999982787669464 -6.471016914129553e-05 0.0018542595267364607 -0.8693752567189439 3.237722860124741e-05 0.9998480531869057 0.017431852502642856 -2.0487523794873765 -0.0018551059387349744 -0.017431762804591674 0.999846334310039 192.82029432515603
0.9999928363748187 -0.003049569141024425 0.00224217181960293 -0.8667207084081925 0.003008071279466871 0.9998283073727233 0.018284071485577306 -2.047322832019647 -0.0022975455746163144 -0.018277196248720484 0.9998303182978258 194.18817906354755
0.9999649171583741 -0.007995496217893637 0.002497299510396885 -0.8672181705681437 0.007944264918177804 0.9997705731784631 0.01989194918144076 -2.0452393542107403 -0.0026557727752086905 -0.019871412489824634 0.9997990167246298 195.63774486775918
0.9999277377180084 -0.011704969363045672 0.002740993997227226 -0.86030588987584 0.01164587378259212 0.9997186136739739 0.020665601288807896 -2.053399597299495 -0.0029821131834985824 -0.020632187070438162 0.9997826863198392 197.04785258939333
0.9999465643355725 -0.009907827530184229 0.0029501594305095403 -0.8678435615129516 0.009855989135877577 0.9998052715824386 0.0170961509283452 -2.0567495017402075 -0.0031189709145592005 -0.017066160971111854 0.9998494977616122 198.46333294569223
0.9999886992689481 -0.003436229581815888 0.0032853720650275987 -0.8867626115285401 0.003396182880877001 0.9999208030646815 0.01211831387092391 -2.0669364656968154 -0.003326753453341232 -0.012107019434040269 0.9999211732892674 199.9014974530871
0.9999664961822748 0.006602404260860325 0.004838880322654436 -0.9024830148055021 -0.006655721004621572 0.9999163940629071 0.011086310107980309 -2.0604425150015127 -0.004765279856573311 -0.011118145131981762 0.9999268368011668 201.34797709916722
0.9999001587768713 0.012702694122009514 0.006189831591508585 -0.9233551590467786 -0.012793364077872385 0.9998080999297947 0.014835537574855916 -2.0595906059615983 -0.006000192962257992 -0.014913245444550813 0.9998707880495533 202.78237331387612
0.9998716911992601 0.014337767092623077 0.007143496558904432 -0.9192619821683452 -0.01445837896347204 0.9997487514896743 0.017128607683690626 -2.0617519807235376 -0.006896116348212466 -0.01722969365791473 0.9998277757880165 204.21017514958004
0.9998778810762251 0.014135693771801718 0.006663712673420996 -0.9175210940415323 -0.014251744481628942 0.9997417324365209 0.017701870846067922 -2.0720219650594176 -0.0064117639554882215 -0.01779467899930853 0.9998211033401962 205.68742806593266
0.999931500935896 0.010434571481279225 0.005302182172181796 -0.9091272019738841 -0.01052849012343149 0.9997824585836602 0.01800517757021333 -2.074408232178895 -0.005113152833772675 -0.018059768564815098 0.9998238346981845 207.10977158624033
0.999955681410416 0.00847666681658496 0.004096501081302995 -0.9059025763135301 -0.008547938823111768 0.9998067029655582 0.01770563347801844 -2.0772435790294126 -0.0039456248036936255 -0.017739865782873728 0.9998348509682354 208.54802353724932
0.9999528273175152 0.008987206718072056 0.003684187799729435 -0.9156375025557213 -0.00904945494952708 0.9998103824313951 0.017242579827512712 -2.0771638299305417 -0.003528526868559159 -0.017275106684785952 0.9998445480128064 210.04576888579294
0.9999465913993293 0.009725263311179875 0.0034976541784762756 -0.9228184907923522 -0.009784378861759105 0.9998024477374814 0.01730119770589729 -2.081689910666072 -0.0033287047736267144 -0.017334496393143654 0.9998442053456807 211.50136530346123
0.9999321755634071 0.01114795857529849 0.0033715383190155547 -0.9264778252595627 -0.011206863593644574 0.9997753888532744 0.017988275874435695 -2.0748650344042994 -0.003170248733715195 -0.01802484056102296 0.9998325132993311 212.94722873927972
0.9999398396622375 0.01054185836311537 0.003030884031718459 -0.9409152523325264 -0.010595286947425479 0.9997784412363201 0.018188137585203448 -2.089168814280918 -0.002838475968335327 -0.018219156831580725 0.9998299882398894 214.38251157954937
0.9999314696978276 0.011373933954797856 0.0027729967603887917 -0.9411310701225408 -0.011420865546699127 0.9997809219748458 0.017540578770016007 -2.09445527958944 -0.0025728840772462147 -0.017571047084951528 0.9998423068548703 215.85994836041354
0.9999421537923271 0.010469835279908572 0.002464061177864685 -0.9504427867162522 -0.010510410264725453 0.9997989881026844 0.017073801007659123 -2.0894294051832474 -0.0022848061680499797 -0.01709871199008615 0.9998511957856558 217.33278640050534
0.9999442771280074 0.010392385191873809 0.0018549791390415717 -0.9481187421211407 -0.010422740651440495 0.9997980473860858 0.01718228552515161 -2.0973449201948493 -0.0016760397199189507 -0.017200662390949487 0.9998506529026967 218.78536242439907
0.9999181497640602 0.01268315286977058 0.0016826695964809503 -0.958574321259615 -0.012709896665647036 0.9997752277332925 0.016969164989547276 -2.1079237752723654 -0.0014670689764480992 -0.016989162959454678 0.9998545974572675 220.27486347717624
0.999945299638298 0.010339730080451633 0.0015772417651110334 -0.9691582496165471 -0.010364900887858578 0.9998037014292571 0.016885717444043366 -2.0987917352180334 -0.0014023384997444695 -0.016901142083656787 0.99985618208265 221.7672776472111
0.9999232235247493 0.012336089183028701 0.001169585943571443 -0.9742876812439675 -0.012353953169535567 0.9997834492318807 0.01674617881708334 -2.108356916553554 -0.0009627503820802056 -0.016759342453461012 0.9998590888513276 223.25069596377705
