1.0 -6.776263578034403e-21 8.673617379884035e-19 -8.673617379884035e-19 0.0 1.0 -1.828002979293187e-19 0.0 0.0 1.0683203047244863e-19 1.0000000000000002 5.551115123125783e-17
0.999999899427346 -0.0004323878121465258 -0.00011910504793214306 -0.0013317203194852974 0.00043257032124153545 0.9999987264299353 0.0015362364974873305 -0.02054899079884035 0.00011844065607041158 -0.0015362878419591566 0.9999988128944912 1.3140724158844006
0.9999993622715271 -0.0009614711379848026 0.0005924777635727399 0.015335369450914512 0.0009600475532951931 0.9999966626463449 0.002398542632090357 -0.031675654992669895 -0.0005947819659342006 -0.0023979722607278355 0.9999969479760675 2.6199420252785073
0.9999970573401878 -0.0023087394914517306 -0.0007450047446617728 0.007332536063256661 0.0023113504588247397 0.999991124072655 0.003522703250403714 -0.02155672801734189 0.0007368651888285576 -0.0035244147998528715 0.9999935177428112 3.9464311597736943
0.9999964553349691 -0.0026592929660550096 -0.00013220314940041306 0.010001470900344117 0.0026596139767776856 0.9999933674161458 0.0024882885236879966 -0.05357577126539849 0.00012558519395065425 -0.0024886312763229904 0.9999968954656356 5.260165826896405
0.9999952551512696 -0.0030485245599965244 -0.0004429129218055808 0.014497216001112874 0.003049875077938496 0.9999906043742626 0.0030804915942311407 -0.06647839529814539 0.0004335178412965138 -0.003081827761619901 0.9999951571871589 6.57954764784303
0.999991462932917 -0.0041163648031482085 -0.00036000039096865076 0.03276190681430393 0.004117984866433129 0.9999808468988427 0.0046203940738534085 -0.0886269332319301 0.0003409742953870108 -0.004621837037662357 0.9999892611200648 7.915354372567
0.9999922948317805 -0.0039010274527885034 -0.00043847486248567956 0.039015975323098105 0.0039034019134343094 0.9999769766820948 0.005550636464287251 -0.09968225747980486 0.00041681161562382926 -0.005552305158144332 0.9999844989654915 9.266770785602436
0.9999954558117202 -0.0029256544368115715 -0.0007272557066470339 0.03845383386607096 0.002928631796059405 0.9999871963349227 0.0041267767164991686 -0.11368982523120141 0.0007151729313464054 -0.0041288877674684026 0.9999912203667598 10.574907549389048
0.9999992791290203 0.0005931767795564898 0.0010439746294488251 0.05013927605267639 -0.00059768287933327 0.9999904848247585 0.004321231134403504 -0.12656386721847027 -0.0010414015288816867 -0.004321851922638132 0.999990118488747 11.875793323682895
0.9990207964802987 -0.0021424597568474955 -0.04419115165951318 -5.096119872225284 0.003860341551148629 0.999238558785675 0.038825255313334056 4.816115303146098 0.04407432483794406 -0.038957829861354154 0.9982683714876122 14.578307929864375
0.9770744313284782 -0.21266679529790264 -0.009918939902605428 -7.750828126871018 0.21278466239862337 0.9739737560817596 0.07808850433047104 32.34377594872572 -0.006946045466249319 -0.078408878055461 0.9968970860378956 13.728019811028725
