1.0 -3.469446951953614e-18 0.0 -1.7787691892340307e-19 0.0 0.9999999999999999 -3.5405977195229754e-19 0.0 2.168404344971009e-19 -2.354751593366955e-19 1.0 0.0
0.9999998184236251 -0.0001920850232811945 -0.0005711877703400902 0.0023623220759034095 0.0001924746445146272 0.9999997488292218 0.0006821250560820844 -0.022605926090915572 0.0005710566496940094 -0.0006822348851515522 0.9999996042253559 1.3271691435190551
0.9999995990749863 -0.0006227654238465836 -0.000643438467405147 -0.007878449377712479 0.0006234318605723953 0.9999992690199224 0.0010359976767853364 -0.039982446498254665 0.0006427928687385296 -0.0010363984219421438 0.9999992563481335 2.6231509716465324
0.9999989732184265 -0.0005462443338452392 -0.0013248312772263305 -0.010181380675332502 0.0005478582007660167 0.9999991080611215 0.0012180834487439097 -0.0674937677403847 0.0013241648373066885 -0.00121880804239965 0.9999983805470946 3.9457426161011844
0.9999992587409344 -0.000863053596684241 -0.0008588690525857161 -0.023503601077690096 0.0008642941959071757 0.9999985823841044 0.0014450687636606992 -0.07664220526171318 0.000857620736955586 -0.0014458100365610609 0.9999985870598135 5.278795002344793
0.9999986084910863 -0.0011723058987375534 -0.0011868928565376756 -0.021120976150679316 0.001174371274268336 0.9999977950753758 0.001740888963413753 -0.08685334493538406 0.0011848494867532887 -0.0017422804282339161 0.9999977802939537 6.609259414685544
0.9999966351936271 -0.00245615861180014 -0.0008347985183716314 -0.035385209703945084 0.002458202470076094 0.9999939626640715 0.00245598696516703 -0.11464071911776066 0.0008287612570808129 -0.0024580308522672823 0.9999966356147854 7.937813887423317
0.9999965392769598 -0.0025253898976199934 -0.0007374567717014411 -0.05126279231338886 0.002527289740812129 0.9999934613472881 0.0025865160090801274 -0.1260191655245368 0.000730920052373835 -0.0025883708744753086 0.99999638304033 9.253960354845619
0.9999969405782594 -0.002116563275828461 -0.0012802324304051847 -0.04718857175607107 0.002119465653604234 0.999995177765088 0.002269869677813219 -0.15614188817899693 0.0012754220437982894 -0.0022725761861985675 0.999996604343531 10.58334152043762
0.9999992286082414 -0.00048397913326995654 -0.0011439169685060545 -0.07437716742346381 0.0004846238076699292 0.9999997238993077 0.0005633295817441424 -0.16803037345651267 0.0011436441100457335 -0.0005638835282672764 0.9999991870574002 11.906127663598848
0.9999921970936312 0.0037927296217707164 -0.00110496378628884 -0.0684415401564197 -0.003794171479661031 0.9999919499291461 -0.0013055063940541002 -0.2019047700093739 0.0011000035501218803 0.0013096886514080688 0.999998537353664 13.238330196033008
0.9999796194057934 0.006296636639607867 -0.001055047652043371 -0.09034273666093459 -0.00629739927575198 0.9999799114814909 -0.0007207001760500634 -0.22319016119052343 0.00105048855833688 0.0007273295527305617 0.9999991837332285 14.587693321690686
0.9999812154860486 0.006108572184183574 -0.0005039918282973368 -0.11866063675296183 -0.006108595302427442 0.9999813414151834 -4.355786110395636e-05 -0.24339318420057446 0.0005037163903161407 4.663572083673418e-05 0.9999998720478388 15.933815975357629
0.9999883146377119 0.004832830516413962 -0.00011969822404532928 -0.113876858628596 -0.004832464708869072 0.9999841464536726 0.0028903520475084144 -0.27256066711752813 0.00013366492130900188 -0.0028897398960194814 0.999995815760138 17.266179528211474
0.9999998484971564 0.0005436259182125692 -8.64609053199425e-05 -0.12291978377639488 -0.0005431923927699776 0.99998766118768 0.004937855219513161 -0.3039148122113335 8.914419607840523e-05 -0.004937807604319073 0.9999878049809712 18.631085955695823
0.9999987010752157 -0.0015477277082973397 -0.0004498760717447719 -0.11896729390289962 0.0015494776407576714 0.9999911335179263 0.003915609963398204 -0.34083005361431784 0.0004438118256836689 -0.003916302026594738 0.9999922327753502 19.977605323542665
0.999996897440129 -0.0024624372371575796 -0.00037618611854767356 -0.11965228238171088 0.0024628795682510255 0.999996271496263 0.0011794973534404753 -0.3383278482503688 0.00037328031040597103 -0.0011804202167688678 0.9999992336350526 21.336720213726924
0.9999998938705045 -0.0004601859945162715 -2.210275295276695e-05 -0.1417195255749146 0.00046018617276150434 0.999999894091455 6.710351373961836e-06 -0.39417806530484323 2.20996645064074e-05 -6.720521841211031e-06 0.999999999733237 22.675367513340362
0.9999982123361398 0.0017708615204464285 0.0006628513349517774 -0.14424313107025755 -0.001771718834511606 0.999997592178993 0.0012948557692898494 -0.3790932422011245 -0.0006605567835548556 -0.001296027867080168 0.999998941987308 24.04726178620623
0.9999967115867426 0.002145048042252331 0.0014055542653702948 -0.15602877776360594 -0.002153427225783258 0.9999797576630403 0.0059872378957574425 -0.40103823572454556 -0.0013926830137161723 -0.00599024508464184 0.9999810885198697 25.4451712819721
0.999998483655459 0.0006027895131109819 0.0016338093086902495 -0.1525780758369807 -0.0006136346311781437 0.999977729747755 0.006645559443252129 -0.42386676688026936 -0.001629767182181651 -0.006646552058403096 0.9999765833279032 26.81041409911178
0.9999924566436609 -0.0035920918757374604 0.0014776802161065295 -0.15038247148185863 0.0035823738491569824 0.9999722781229178 0.006527601135346251 -0.4664007361642764 -0.001501087116359361 -0.006522258416941167 0.999977603190295 28.185029861703573
0.999991397693877 -0.0038661622467377078 0.0015024430645892322 -0.16579936459892275 0.0038600628426082254 0.9999843820101706 0.00404173779792982 -0.4632299398884269 -0.0015180457382769354 -0.004035903580368509 0.9999907034658638 29.537562405871558
0.9999911115347586 -0.0037155445051815592 0.001992884436426018 -0.16632398549545285 0.0037110406271764138 0.9999905623721577 0.002259057002082946 -0.5157719109694449 -0.002001259422191573 -0.0022516412873305885 0.9999954625246602 30.93889952294958
0.9999958924290828 -0.0012795563943434427 0.0025647350241445074 -0.18630309986803878 0.0012775907831607675 0.9999988890258947 0.0007679236156545402 -0.5035034232353293 -0.0025657149924776653 -0.0007646437915289059 0.9999964162051725 32.31224044072495
0.9999943189594934 0.0003505879195668917 0.003352482729954484 -0.18712427882088709 -0.00034780306558055904 0.9999995940384997 -0.0008312379539590449 -0.5524237315303917 -0.003352773074995907 0.0008300672467123636 0.9999940349306069 33.693519723668096
0.9999939087017583 0.000396272416385836 0.003467784766974954 -0.2006408824609231 -0.00039413904092287354 0.9999997326810383 -0.0006158676770886505 -0.5519651392328017 -0.0034680281849458617 0.0006144971509233945 0.9999937975654618 35.086819220746186
0.9999955514220467 0.0005928098231860815 0.0029233055599053987 -0.20268648097375608 -0.0005952354300840504 0.999999479281309 0.0008289347132936305 -0.5959870276710166 -0.0029228128834102433 -0.0008306710952025102 0.9999953835627186 36.48030486600401
0.9999958881650329 0.0007663133595540725 0.002763407165494179 -0.21634599636492843 -0.0007710230765636851 0.9999982515743074 0.0017036351567247142 -0.5815406796797584 -0.0027620970475859467 -0.0017057588343112964 0.9999947305878137 37.88688571710758
0.9999926011346342 0.00323018616403378 0.002088916041827813 -0.20215885179513654 -0.003235486743891026 0.9999915425260711 0.002538997306063372 -0.6180716367040514 -0.0020806971148872927 -0.002545737231482186 0.9999945949449464 39.283211888564004
0.9999819520477538 0.005344004203024831 0.002745394481513142 -0.22354042639376492 -0.005351333912507524 0.9999821188187501 0.002669321666992674 -0.6467721024249491 -0.002731080753376572 -0.0026839650685644787 0.9999926687363115 40.682491601462885
0.9999557566808209 0.009032267579698838 0.0026273193002996137 -0.23411675891518807 -0.009039830818029766 0.999954989710836 0.0028809773683833276 -0.6732162192782096 -0.0026011795034553164 -0.0029046004884113103 0.9999923985502733 42.10469927412357
0.9999564121469428 0.008978864428447168 0.0025600358035112875 -0.2487098548936108 -0.00898679615302263 0.9999548016515571 0.0031035734413164045 -0.6847005369711519 -0.002532053740962224 -0.0031264447495612862 0.9999919069894253 43.49115527676291
0.9999597309440011 0.008687240447648974 0.0022512946926589884 -0.26227755030225397 -0.008694199452768754 0.9999574003809548 0.0030997318651974225 -0.7086150129666505 -0.0022242708583190226 -0.0031191803133275805 0.9999926616385423 44.91804631707141
0.9999652634111034 0.008236048636829493 0.0012804132286104266 -0.2517017620165648 -0.008239325725753676 0.9999627404392583 0.0025751237039063047 -0.7404471013712395 -0.0012591567817426363 -0.002585584050791011 0.9999958646304479 46.310576111649915
0.9999690959429256 0.007857489567800654 0.00025884431987700904 -0.2603476131441416 -0.007858278817005005 0.9999639971508648 0.0032018544964424515 -0.7683313063313972 -0.00023367648009210316 -0.003203789685957323 0.9999948405503056 47.74758357494562
0.9999656235781451 0.008255487134913673 -0.0007736763216501345 -0.2647143810051939 -0.008252297242161838 0.9999577882299951 0.004039970956267399 -0.7889224733213841 0.0008069956626003706 -0.004033447556023224 0.9999915399947017 49.142871244095105
0.9999576938915337 0.00904942704180854 -0.0016487190649084125 -0.28043856736954587 -0.009042719803007845 0.9999509868441726 0.004031519195494965 -0.8167030529739929 0.0016851213399002676 -0.004016439820533528 0.999990514245475 50.573946758561306
0.9999547360581265 0.009072429088996869 -0.0028665031257150433 -0.28391355657624884 -0.009060238144050905 0.9999499751541061 0.0042378406239748905 -0.8307712501625123 0.002904807486208888 -0.00421167769396637 0.9999869118496351 52.02775745372737
0.9999439007722691 0.009839761501868948 -0.003921016748206632 -0.3056853739327307 -0.009818843174274259 0.9999376468566658 0.005319091872012568 -0.8563395023777726 0.003973111195334113 -0.00528029374137384 0.9999781662087172 53.44256968265358
0.9999520150948323 0.008584653509720028 -0.004719237655984412 -0.3194522303058431 -0.008557040364248357 0.999946330313971 0.005840682234142383 -0.8745864435987544 0.004769125016407898 -0.0058000193872198 0.9999718072187845 54.89587975549507
0.9999728646823806 0.005405394145418044 -0.00500515659878026 -0.3348998993681929 -0.005370485839234986 0.9999613441338588 0.00696190552310022 -0.8908314917166763 0.005042595394885177 -0.006934836631870664 0.9999632394665235 56.28147402054932
0.9999749292285179 0.004585339131939139 -0.005395883608976176 -0.35521396079730877 -0.0045478832499442675 0.9999656208361395 0.006933535212857295 -0.9208121792693121 0.005427491177314683 -0.00690882167919366 0.9999614045228246 57.70810211057581
0.9999801251135445 0.003721390799716404 -0.005089264336157586 -0.3833872005894838 -0.0036820343710927735 0.9999634145109484 0.0077208980762887725 -0.9490420990498343 0.005117811060496982 -0.007702005936923798 0.9999572426493145 59.153905020865594
0.999979711665099 0.003542949101517579 -0.005293746574823703 -0.3697160459763662 -0.0035000776363222526 0.9999611823833298 0.008085987084963293 -0.9733574107583772 0.005322189780951841 -0.008067294675796631 0.9999532954421098 60.566708164931526
0.9999889627225357 0.001249126227898095 -0.004529250045199037 -0.39838304074048664 -0.0012099315304002706 0.9999618894614728 0.008646137272757981 -0.9777947866132335 0.0045398779404557344 -0.00864056193545535 0.9999523639699647 62.02004753406836
0.9999891753718092 -0.0010733458657410967 -0.004527367984686746 -0.3936887922925587 0.0011119216086892762 0.9999630291979585 0.008526656043206 -1.004956989693035 0.0045180489420503355 -0.008531597994625963 0.999953398454502 63.431976713607256
0.9999908630478442 -0.0015254459560884674 -0.003993348260729352 -0.41599385775328457 0.0015556158692199649 0.9999701912903473 0.0075628424225 -1.027028513236707 0.003981692859508896 -0.007568985588349898 0.9999634276256171 64.84072777012153
0.9999924011957102 -0.00224629580900864 -0.003186173813151511 -0.4270167845137843 0.002269711715098285 0.9999703043658591 0.007364698892881831 -1.035031691082526 0.0031695361794265332 -0.0073718747721624265 0.9999678042369954 66.29178223504208
0.9999962454291251 -0.0007903218954341418 -0.002623836046758759 -0.44130532890707075 0.0008090655307483752 0.9999741095577055 0.007150218458331031 -1.0482519375806496 0.002618117367385684 -0.007152314610127415 0.9999709945112216 67.6660924689466
0.9999951152341389 0.002470598480659527 -0.0019145869923525814 -0.4609060188831029 -0.0024538475625261735 0.9999591200680106 0.00870269076965532 -1.07926416459062 0.0019360097492536347 -0.008697950329324416 0.9999602979780218 69.13251641564685
0.9999827933136225 0.005775666567122483 -0.0010270049502896256 -0.47594820516133896 -0.0057653058969165385 0.9999351571759588 0.009820524406942692 -1.0996576637578994 0.0010836585300279303 -0.009814434629306675 0.999951250092772 70.50044217267411
0.9999568819115785 0.009285247421452356 0.00013593198425043457 -0.5036065395433017 -0.009286171007033092 0.9998996200352727 0.010701256850963122 -1.1159752608343776 -3.6554516839325734e-05 -0.0107020579388906 0.9999427306717552 71.94616391219189
0.999916973454053 0.012875129712072024 0.0005265002104957249 -0.506672859087675 -0.012879984817787394 0.9998609882983163 0.010588205611329535 -1.1315062644430742 -0.00039010252533679514 -0.010594108042258908 0.9999438047699784 73.31366496842145
0.9998568321050878 0.01688634552086736 0.0010800848692234962 -0.5198641217167371 -0.016896394363971994 0.9998063220053005 0.0100911039084875 -1.1475005127572957 -0.0009094738829697796 -0.010107908937701455 0.9999485001919872 74.70138843779158
0.9998418481367949 0.01765740126276763 0.0021201058862201647 -0.5422796524168968 -0.017677898449091685 0.9997929936757006 0.010072822285045599 -1.1544614453145088 -0.0019418073029437402 -0.010108708477179148 0.9999470202955828 76.14230501349884
0.9998286604460228 0.018339483248955298 0.00251257965909171 -0.5488096645501878 -0.018364830176482938 0.9997765729882203 0.01046600040073772 -1.1690813365622492 -0.00232007743055965 -0.010510350478960354 0.999942073209236 77.51474203868362
0.9998357651875229 0.01796981426663663 0.0023512507446488517 -0.542699008517004 -0.017994026264920533 0.9997806623712553 0.010716445937180668 -1.2012540257102757 -0.002158162658560583 -0.010756994615375071 0.9999398128895404 78.92151867350523
0.9998549251892257 0.01692727693019814 0.0018962666108239261 -0.5402105517887138 -0.01694439927627093 0.9998121577579256 0.009409387627425972 -1.2032584118449452 -0.0017366352418854937 -0.009440153858502404 0.9999539327357861 80.28700438686697
0.9998588215643647 0.016700739389360633 0.0018499192030769435 -0.558230700824887 -0.016717690139460065 0.9998145369700869 0.009560886029375515 -1.2379251814223609 -0.0016899023816118902 -0.009590462814907465 0.9999525825026266 81.69380211147644
0.999871051654225 0.015970618031953883 0.0016791019516117936 -0.5785663370841044 -0.015987104603242576 0.9998190247799462 0.010311654247366478 -1.2458634531898474 -0.001514114705070163 -0.01033716876989436 0.9999454237106318 83.05912415266266
0.9998707324322352 0.016021530414844044 0.001352385965674041 -0.5912818171590537 -0.016033372405798746 0.9998286406095017 0.00925313059648634 -1.25256988745427 -0.001203905003565767 -0.009273617968698623 0.999956274355895 84.43919313822855
0.9998822791323616 0.015335262227661982 0.0005075135888640294 -0.6000673258604197 -0.015339367294610898 0.999837910818093 0.009426342815416926 -1.2552903023997777 -0.0003628759114491847 -0.009433018272883313 0.9999554422522108 85.83531440500538
0.9998758378401013 0.015748611056018547 -0.0005386193598530711 -0.6093803633870857 -0.01574241236242218 0.999825655547229 0.010041663241402259 -1.2762868290346705 0.0006966677693304758 -0.01003193748909428 0.9999494361659952 87.20375117281525
0.9998908450631413 0.01468759585698806 -0.0016038847555006437 -0.6210460744807149 -0.0146687745322285 0.999829942805132 0.011176428660282425 -1.2872678406344866 0.0017677670281541142 -0.011151681906549665 0.9999362554669919 88.58980692637458
0.9999226500904093 0.012151002853462128 -0.002654605776951604 -0.6275527523056111 -0.012118519642486347 0.999855419820238 0.011928158381317038 -1.3186862876287209 0.00279916130551386 -0.011895066093126306 0.9999253332664512 89.96489656082797
0.9999264469343535 0.01157121034414202 -0.0036342507108517936 -0.6335935430876549 -0.011525585214544864 0.999857506728308 0.012333983419596092 -1.325239378145027 0.003776452299464204 -0.012291189605235835 0.9999173291216723 91.33007908212323
0.9999329288356957 0.01085920424693367 -0.004026844961921348 -0.6459598702466162 -0.01081090302585527 0.9998715940497435 0.01182877038432022 -1.343783383356942 0.004154779284624065 -0.011784443428499925 0.9999219293096862 92.70572419933342
0.9999491983382472 0.009213729231173251 -0.0040875308182602 -0.6580790987358479 -0.00916452388023917 0.9998872212459986 0.01189774376913165 -1.3655402522300168 0.0041966927848425825 -0.01185967931440312 0.9999208647631065 94.03657562106136
0.9999520304009739 0.00874170795364265 -0.004418077798702043 -0.6857910060454986 -0.008690290955680198 0.9998958074838625 0.011526189049568645 -1.372307591790438 0.004518376437127758 -0.011487241998146712 0.9999238108768731 95.41952949768762
0.9999563357985305 0.008314645590383153 -0.00426534160503839 -0.6856622038226509 -0.008267340551826936 0.9999054205819197 0.01099095013965498 -1.3855443131817236 0.004356324423105277 -0.010955207422810403 0.9999305005249317 96.77496244525214
0.9999449265436545 0.00973149817277559 -0.003929604767448229 -0.711287712329086 -0.009690064846154783 0.9998986651769028 0.010428904011029243 -1.402020153488919 0.004030695770393 -0.010390251745744192 0.9999378961572617 98.11674355414576
0.9999272544910233 0.011476438350178005 -0.003711745517408929 -0.7273427996216242 -0.011436940480064899 0.9998795372815091 0.01049320453848333 -1.4111609267580703 0.0038317233369861156 -0.01044999041029245 0.9999380558851785 99.46937460517559
0.999923470448457 0.011861427064098887 -0.003515644958632479 -0.734491871012171 -0.011819327884875334 0.9998609557701844 0.01176318997718727 -1.4242092103778632 0.0036546846660329693 -0.01172073742811151 0.9999246309623631 100.81954939907868
0.9999231112294928 0.0119157595605618 -0.003433113512143764 -0.7693669781915604 -0.011868927297962972 0.9998403947128844 0.01335341484640788 -1.4364235700437904 0.0035916819632409325 -0.013311641018494266 0.9999049455053353 102.11951125541964
0.9999280954394185 0.011444415682125852 -0.00358179660475452 -0.7568377923237596 -0.011398510832105841 0.9998558409093004 0.01258456881631772 -1.4604433436621065 0.0037253036171715883 -0.0125428370400411 0.9999143960178264 103.49218870787888
0.9999270245966969 0.011616515297131385 -0.003316929287187402 -0.7718533375977167 -0.01158193245244059 0.9998802691829559 0.010261879125288026 -1.4712419094651206 0.003435739722265385 -0.010222714022746002 0.9999418442191155 104.81645398405801
0.999939809046247 0.010419078568664265 -0.0034381762732591187 -0.790466333748903 -0.0103883475882982 0.9999069787673669 0.00883832946461748 -1.4782948596078764 0.003529944003753053 -0.008802080691279317 0.9999550304288984 106.139996535988
0.9999533023655522 0.009181936543586731 -0.0030141505852890344 -0.8046167413680377 -0.009151120184958828 0.9999072863910432 0.010083433853194098 -1.502573847087995 0.0031064568523701823 -0.010055380334172397 0.9999446180969891 107.49059061856293
0.9999788373345668 0.005988476248889092 -0.0025422467852958914 -0.809116273267514 -0.005957363444722412 0.9999093537364809 0.012074524357506208 -1.4998693233757956 0.0026143245727554883 -0.012059123984714735 0.9999238685244373 108.79941685440842
0.9999849057112455 0.0051171548737262325 -0.0020007654146625997 -0.8214561289656872 -0.00509053138726351 0.9999013270371554 0.013092848591685111 -1.5186153145084136 0.0020675663121654665 -0.01308246626875734 0.9999122832801801 110.15624659872687
0.9999894802200961 0.004382211804785315 -0.001354864655482959 -0.8226238887760569 -0.0043654890040812026 0.9999171548076871 0.012108923601535912 -1.5382002607352783 0.0014078164078867928 -0.012102881814613654 0.9999257664004942 111.4689993431857
0.9999846289164667 0.0055444574928395565 -3.0180205716959186e-05 -0.8613795290656155 -0.005543912011427015 0.9999384797504629 0.009607380587730537 -1.5511952866950494 8.344607678098677e-05 -0.009607065789141434 0.9999538475984387 112.82643241075162
0.9999629000505355 0.008601343636585046 0.00046410350992315166 -0.8451841012308855 -0.008604781518174743 0.9999309975378844 0.007997369209346171 -1.5721413053225815 -0.0003952833923511483 -0.008001066180621434 0.999967912831586 114.17158902233935
0.9999311273803294 0.011536382505705954 0.002156930711354247 -0.8679527159133124 -0.01155171418563082 0.9999070962671547 0.007235797072090838 -1.5748552714420014 -0.002073255571730409 -0.007260215121132532 0.9999714950371901 115.46756134240128
0.9999201740999747 0.012097814212811791 0.0036453112939254734 -0.8790582475983411 -0.012131900367438928 0.9998814840519907 0.009478125844043127 -1.5985075261775505 -0.003530214952235854 -0.009521593991604278 0.9999484370850908 116.84112934989706
0.9999075503509608 0.012846290384198976 0.004456854052365701 -0.8828097995850669 -0.01289625035077369 0.9998522171814844 0.011367961629723054 -1.5967179325886214 -0.0043101596255440714 -0.011424387602799386 0.9999254501666158 118.13219238259593
0.9999069132814692 0.012572091482361098 0.005301628307923193 -0.8840366640430877 -0.012636709012730216 0.9998440560478042 0.012336012208531928 -1.6153697598602208 -0.005145712502651817 -0.012401859273734907 0.9999098537010005 119.50540113250037
0.9999005178879392 0.012568536789628755 0.0064020454572601285 -0.8879704603096916 -0.012643315288146079 0.9998507145582961 0.011776892721301514 -1.6291366586773448 -0.006253071935273992 -0.011856664448573771 0.9999101552627158 120.82765949360441
0.9998715570091222 0.014036972234195231 0.007735170703465358 -0.8826574623548005 -0.014127368558740114 0.9998310660949697 0.011758263492335462 -1.6380431674472204 -0.007568814183609294 -0.011866031071664986 0.9999009502725483 122.13070564251971
0.9998367510680739 0.015637797513486595 0.00905154507185701 -0.8974831510350434 -0.015739649466783134 0.999812352250438 0.01129264182831018 -1.6433971254325568 -0.008873255265066484 -0.011433266693259666 0.9998952673909131 123.49959594823679
0.9997968628437981 0.01729309116337409 0.010352874236913506 -0.9024734522696507 -0.01740469577425759 0.9997903183619212 0.010788694021241949 -1.6602196147565629 -0.01016413441117396 -0.010966691284226582 0.9998882047763075 124.84772624726551
0.9997832867701207 0.01756071562883696 0.011180372073725511 -0.8864057112370076 -0.01767392310440971 0.9997927042025078 0.010108467286519502 -1.668567087026575 -0.011000543432482428 -0.01030387789181922 0.9998864026184496 126.1715560195058
0.999780365535134 0.016979053732133022 0.012285454184165972 -0.8942521854073413 -0.01709668710008394 0.9998083838111588 0.00953409642029156 -1.6847249690246757 -0.012121221174341558 -0.009742043165347833 0.999879076983342 127.50640291252176
0.9997796420787246 0.016513237550589272 0.012960718792286724 -0.8751187098234404 -0.016647371746173263 0.9998082613572713 0.010310459591617728 -1.6929258161643241 -0.012787975726347928 -0.010523949713670738 0.9998628476730561 128.8308834147545
0.9997642255163465 0.01676246008115503 0.013802654427493845 -0.8678717392922299 -0.016918491301135038 0.9997933966421719 0.011266264889649005 -1.7137294718547067 -0.01361095357922842 -0.011497128909090914 0.9998412663859363 130.1986010414676
0.9997979644303684 0.014312545843873889 0.014113161252611594 -0.8523268494961178 -0.014480259055801734 0.9998248907736983 0.011853688014927007 -1.7135315103068152 -0.013941034624003711 -0.012055655616576821 0.9998301399340628 131.52974325623117
0.9998006075741838 0.014005115542392671 0.014233825981826181 -0.8412489540124746 -0.01417438956510628 0.9998291772503672 0.011861830835105776 -1.7404300569016 -0.01406526938889361 -0.012061221707348134 0.9998283328288659 132.87720917192703
0.9998374246739837 0.011312742845497362 0.01404087065394051 -0.8310514977424874 -0.011492085506235167 0.9998525645183792 0.01275857432630889 -1.7320483867373868 -0.013894467225456127 -0.012917859235023742 0.9998200201501716 134.20203911342867
0.9998581702275142 0.010478622511116219 0.01318475941634054 -0.799352783779904 -0.010650870865072017 0.9998579553677128 0.013062467494869409 -1.759306585036349 -0.013046011018587888 -0.013201044275598824 0.999827752178286 135.53080499535614
0.9998731527026329 0.010217999625667717 0.012217649971580886 -0.8020375448813732 -0.010369489695019064 0.9998693378529414 0.012400843677905789 -1.763904934788813 -0.012089342783317497 -0.012525961704743628 0.9998484625546107 136.88318645001885
0.999904382337623 0.007367821149179598 0.011702195706593678 -0.8233779016937697 -0.007532544574087176 0.9998722862500705 0.014095104513568315 -1.7772549319040338 -0.011596851935213138 -0.014181904359119507 0.9998321792246758 138.21095925473531
0.9999230483369896 0.007160614240695295 0.010130301081939934 -0.7785288754498063 -0.007304202969942276 0.9998723702190134 0.014208866980574815 -1.7892746861043074 -0.010027264774899788 -0.014281767638689338 0.9998477309436222 139.56178066338444
0.999940251209416 0.006054760343391429 0.009101312165448105 -0.797364188224311 -0.006185143936815022 0.9998776658060167 0.014366538316249169 -1.801912964626542 -0.009013213567726813 -0.01442197314026822 0.9998553738770553 140.9177118990092
0.9999512622774865 0.006186158595176175 0.007694446420703471 -0.7867350409014362 -0.006294156436718911 0.9998808973698129 0.014091652725778976 -1.80573962110901 -0.0076063574250458815 -0.01413939625741247 0.9998711020922232 142.24699366496625
0.9999606632413189 0.005867109548277315 0.006651991445553843 -0.7811906624560849 -0.005958216942295596 0.9998875729316709 0.013760129140435132 -1.8113123059506622 -0.006570511941085269 -0.013799222140808873 0.9998831980987573 143.59874974543717
0.9999739426664168 0.0038241561061550123 0.006122892885730039 -0.781073294939905 -0.0038940010171498634 0.9999270230426007 0.011436142197849 -1.823858518927275 -0.006078712967302152 -0.011459686977448322 0.9999158588705744 144.94421803359876
0.9999883139366853 0.00034224828272874826 0.0048223294197255896 -0.7874342670305314 -0.00039353031407249155 0.9999433443566786 0.010637349653429546 -1.849812845073258 -0.004818415991505396 -0.010639123283532406 0.9999317936345757 146.2511153963537
0.9999470066176868 -0.009502918207956465 0.003959610614341917 -0.7914339567398088 0.009449204974856823 0.9998659658172279 0.013370224792354822 -1.8387307644410869 -0.004086136377650801 -0.013332101338777708 0.9999027745554894 147.64469395323331
0.9998774016070274 -0.015486166008704477 0.0023152603929514435 -0.7773289320053942 0.015449170460692213 0.9997647491543086 0.01522397663432921 -1.865497702867781 -0.0025504769575891715 -0.01518634163218061 0.9998814280194915 148.95772760307204
0.9998339160285681 -0.018168447411115334 0.0014310443193270995 -0.7549412267705925 0.01814963458191033 0.999760665091505 0.012214879774161892 -1.8725519748823025 -0.0016526273497238983 -0.012186878371907088 0.9999243715504851 150.2503189696733
0.999864325264258 -0.016410825390866746 0.001419818685913215 -0.7677306070548193 0.016396804076125704 0.9998215592760646 0.009380533611789643 -1.9000138200936707 -0.0015735077557989736 -0.009355980592121244 0.9999549938378564 151.65741118304825
0.9999155114624713 -0.012773931891216544 0.0024076158742582726 -0.7704956127097156 0.012757337670721241 0.9998955916713029 0.006786462992132438 -1.9084445591937356 -0.0024940545195165443 -0.006755174966447742 0.9999740733147623 152.97115732780884
0.9999030863779949 -0.013505776602811213 0.0033781451253140863 -0.7817128816568748 0.013481209426836395 0.9998832545390524 0.007192654084407335 -1.9244513449066505 -0.0034748934083299755 -0.007146415664030572 0.9999684264298493 154.34127664087558
0.9998378629414548 -0.017584334800681674 0.003878016443394767 -0.7894255943518078 0.017544821925147565 0.9997960872493395 0.009998156473648585 -1.9172824189742912 -0.004053036930386611 -0.009928496472980736 0.999942497270632 155.66557273863788
0.9996476179117313 -0.02618105025174086 0.004380937615995571 -0.7973749770904008 0.026122412874139918 0.9995749213668401 0.012945891908078787 -1.920411654241227 -0.004718012805930207 -0.012826889575424504 0.999906601267597 156.99119324763114
0.9996119254889481 -0.027526525985448407 0.004276539272567821 -0.7720282279836802 0.02746453401197544 0.9995256416844481 0.013935242583971748 -1.9366538159775257 -0.004658099858039496 -0.013812381760611054 0.9998937544639602 158.3547108999984
0.9995818729653941 -0.028659306635422377 0.003837105708194587 -0.7524067378875051 0.028601742336209178 0.9994886005208576 0.014299572208267679 -1.9572346725764214 -0.004244959584029092 -0.014183845515950593 0.9998903934158565 159.6894289035097
0.9995929578127485 -0.028061390050335117 0.005145588390825942 -0.7675400175483337 0.027984893415173517 0.9995049004299361 0.014380533957672617 -1.9500510798885835 -0.005546579039781953 -0.014230681985510219 0.9998833547724832 161.0535684265687
0.9996442635018877 -0.02592625058403432 0.006259072082865146 -0.7634913702418347 0.02583622622784501 0.9995673170939116 0.014059445507139959 -1.9528031331724214 -0.006620873142942547 -0.013892733495525058 0.9998815709842571 162.38827716847948
0.999695838539386 -0.023507102366842093 0.007459661823993567 -0.7848508409703544 0.023411368664147704 0.9996456072896142 0.012671528591865985 -1.9567562935249292 -0.007754889737427382 -0.012493033730091575 0.9998918870513923 163.73606351292625
0.9997221438326261 -0.022107601083287555 0.008178576662958504 -0.7877569318283371 0.022009772569119262 0.9996873544461351 0.011864369496392656 -1.9524895213746187 -0.008438313117238708 -0.01168106450231615 0.9998961684100168 165.09077255309253
0.9997280244468577 -0.021740799691362257 0.008438884762436018 -0.7901702257722482 0.02162954919288839 0.9996807754925005 0.013057936393542665 -1.9631268741698626 -0.008720081567984208 -0.012871855910938671 0.9998791304456516 166.4375553978144
0.9997281182325145 -0.021871724955102416 0.008081910308125242 -0.773592853934012 0.02176467731250949 0.9996772370800664 0.013104215963342013 -1.9560889362440799 -0.008365914269339919 -0.01292475322722211 0.9998814740910154 167.76447777873798
0.9997862337643237 -0.019144287636238013 0.007809163877996336 -0.7794846530141624 0.019057355747979374 0.9997572315306094 0.011058715254968233 -1.9728227702501753 -0.008018979952374264 -0.010907529454730412 0.9999083566800261 169.151165691238
0.9998661091615525 -0.014947913196485798 0.0066576014836723695 -0.7754811077230281 0.014892767072952737 0.999855000907682 0.00825727780059451 -1.9971900155151014 -0.006780065774569612 -0.008157022262401812 0.9999437452635672 170.57380435374344
0.9999196859424988 -0.010744452169468116 0.00672149006694555 -0.7794959730808783 0.01069831542571819 0.9999192202427948 0.006862872893765722 -1.9956322578535972 -0.006794685484093064 -0.006790413207814016 0.9999538602020035 171.9154881856026
0.9999472926087801 -0.0075991121249036325 0.006904021614879226 -0.7733610392895922 0.007544184663755445 0.9999399598838936 0.007947445774573377 -2.0107503065992987 -0.006964001209749417 -0.007894941815576194 0.9999445847528352 173.27847955201852
0.9999620926377815 -0.0030585923578829895 0.008152196728371707 -0.8024293518536476 0.002973567036785342 0.9999412727524335 0.010421561186009023 -2.0379719497530155 -0.008183593962652955 -0.010396925224561756 0.9999124625347239 174.6582184538816
0.9999676187808041 0.0006204803475274492 0.008023490499541269 -0.792048261943268 -0.0007235437324606712 0.9999171904651847 0.012848684480778737 -2.060439529687076 -0.008014854388784904 -0.012854074018273251 0.999885260861586 176.0382274366235
0.9999688518493146 -0.0036799101556225476 0.006982378111782833 -0.7864791622445744 0.0035833335468906657 0.9998984378741762 0.013793971398278369 -2.0527512007168793 -0.0070324301249716295 -0.013768521814684728 0.9998804792236055 177.4659290661658
0.9999663882623775 -0.0058474084543170286 0.005747188284581811 -0.7930417694398741 0.0057673151707948785 0.9998873781371265 0.013855291589168112 -2.057087292669369 -0.005827559055605391 -0.013821680305760456 0.9998874940254167 178.85224578384256
0.9999565010664907 -0.008635570270540302 0.003524615516076716 -0.7894745030771195 0.008599514347337137 0.9999118133514434 0.010119973357830327 -2.0597003332217487 -0.003611696729551501 -0.010089223357389066 0.9999425799602999 180.1895663762436
0.9999812611742886 -0.005780388346823637 0.0020160408791432606 -0.8060950959707222 0.005767782560192062 0.9999641229014429 0.006203675161818812 -2.0837291822665547 -0.00205182836902844 -0.006191930942754192 0.9999787247688471 181.60895614690168
0.9999974488891117 -0.0020150274375674015 0.0010207272828890578 -0.8166717932422976 0.0020090493429557616 0.9999810199454724 0.005824385384267052 -2.105800689415739 -0.0010324442881734757 -0.0058223199465099705 0.9999825171717686 183.00150221897235
0.9999993216218602 0.0007269535513165322 0.0009101068396899408 -0.8411807979484407 -0.0007333092251790513 0.9999752123145467 0.007002643312725919 -2.110606889988027 -0.0009049937546714629 -0.0070033060898798145 0.9999750670345243 184.32665031809492
0.9999915881338726 0.0037450921669763782 0.0016727048382763766 -0.8459833773928964 -0.0037613886534020226 0.9999444333877515 0.009847948821239568 -2.124944317405743 -0.001635730546243343 -0.009854157870369909 0.9999501087350239 185.779535959749
0.999981343275575 0.005741791616695019 0.002084447444513528 -0.8606076503233125 -0.005766968157706108 0.999907967609675 0.012279999827260201 -2.1434703514594053 -0.0020137465683814255 -0.012291791909751182 0.9999224253302168 187.14649990552843
0.9999912455464428 0.003534326439326935 0.002239947217500879 -0.8656841582979746 -0.0035626912912154083 0.999911880761608 0.012788195500030658 -2.1389413921973155 -0.0021945523529339167 -0.012796064039937523 0.9999157187918454 188.60196742884344
0.99999531252961 0.0023965262356083145 0.001905670262042558 -0.8572893514264947 -0.0024216145703464757 0.9999089703102579 0.013273540407829729 -2.1428971797158973 -0.0018736865494083735 -0.013278093249391235 0.9999100867283172 190.01258882405295
0.9999969517789552 -0.0008076150607042431 0.0023332799010779754 -0.8756513578542974 0.0007748062709591885 0.9999013010650091 0.01402810738359981 -2.1520342802774395 -0.002344379106360586 -0.014026257056854343 0.9998988788883477 191.3747112613939
0.9999933533864876 -0.002581342156575699 0.002574851970533968 -0.874889384855591 0.0025450549148796475 0.999898782706198 0.013998108040842182 -2.151201728008162 -0.0026107254665259385 -0.013991462132831005 0.9998987064209012 192.82881376920892
0.9999845894760483 -0.004746495902981967 0.0028795133333917792 -0.8701065351923426 0.004703386500024409 0.9998794467676506 0.01479763746750439 -2.162727908847535 -0.002949403361340549 -0.014783866249369615 0.9998863627037755 194.18343005330394
0.9999502530165815 -0.0093658411317605 0.003431111451162534 -0.8777127430340064 0.009308981894566571 0.9998249654457148 0.016229026800071145 -2.1657740043334996 -0.003582509663841091 -0.016196279609706037 0.999862413612081 195.64832629241613
0.9999110534457141 -0.012851019322148282 0.003568825306733336 -0.8647366770946165 0.012788273128407917 0.999772325941363 0.017080876273079408 -2.1782652789587016 -0.0037875197542150715 -0.017033718198032823 0.9998477419796423 197.06107222712612
0.9999440682958394 -0.009900359735538199 0.003720641257213808 -0.8742603528020685 0.009845968195393727 0.9998483611877348 0.014363548481002514 -2.20464360876326 -0.003862281674745802 -0.014326112059415405 0.999889916588203 198.4758756746926
0.9999807752330302 -0.004757047200911951 0.003977395794695419 -0.8905595099129205 0.00472273696942279 0.9999519378235902 0.008591727973472525 -2.1976794935724056 -0.004018076220188465 -0.008572778767397373 0.9999551802583236 199.9173039252452
0.9999691648184695 0.005834513245126385 0.005256221214251485 -0.895561615548638 -0.005875289777151341 0.9999525066960112 0.007775945722819643 -2.2049194950255417 -0.005210603155018441 -0.007806587926980176 0.999955952428008 201.37018411358576
0.9999067006090077 0.012022190035816251 0.006485136959669641 -0.9063463487395051 -0.012094319134796905 0.9998641348639761 0.01119996796178332 -2.205584254348243 -0.006349608240648312 -0.01127735655392969 0.9999162483438023 202.78991540880259
0.9998807709807424 0.013510309821083977 0.007477655006158564 -0.8996547093927121 -0.0136093475577338 0.9998181866843144 0.013355869978814461 -2.2151084992943435 -0.007295854134090394 -0.013456043847055671 0.9998828458349482 204.21542445096765
0.9998955231176687 0.012342102693242513 0.007524315724419533 -0.9281130113299048 -0.012445205309351223 0.9998271409865279 0.01381321960699641 -2.2169332552209626 -0.007352531514600155 -0.013905418376419612 0.9998762821564166 205.68619965005655
0.999938412402082 0.009190135423739209 0.0062219610667040605 -0.9206508149797603 -0.009279214631467868 0.9998526427296366 0.014442611148842006 -2.2331808343587403 -0.006088315166561486 -0.014499456863142315 0.9998763414387181 207.14072167284448
0.9999570548369942 0.007979916065678928 0.004712686020776225 -0.8948751668957113 -0.008045406497642328 0.9998689957220548 0.014045028991991036 -2.2415472119635997 -0.0045999908641219285 -0.014082341580589722 0.9998902578483841 208.57338041325224
0.9999620336742603 0.007567359830813676 0.004320447226387729 -0.9125965350171416 -0.007625623735840007 0.9998779992904429 0.013632182807391908 -2.2408585544250545 -0.004216760841972337 -0.013664611620105743 0.999897743430673 210.0697718657702
0.9999535174242343 0.008713499209398658 0.004127700110740838 -0.9179699932687176 -0.008768525100911358 0.9998703460908176 0.013505702108143811 -2.2523801430775308 -0.004009483342091156 -0.013541268440656033 0.999900274073831 211.51956708618388
0.9999445077691398 0.009740007309645622 0.004014177714256528 -0.9219183549486673 -0.009795526059627213 0.9998532969880803 0.014051056452747495 -2.2473971553785823 -0.003876731746587845 -0.01408959799269261 0.9998932213893796 212.96744721447774
0.9999468951109093 0.009640814571979316 0.0036416528087257734 -0.9398186775684412 -0.009691391548413735 0.9998531168960502 0.014135826078008909 -2.2666822742134003 -0.0035048373187690964 -0.014170368363609881 0.9998934527124734 214.40503250367692
0.9999435679053564 0.010099006100857653 0.0032971292910294403 -0.9372547032105155 -0.010143328009026599 0.9998545031783989 0.013714422633807321 -2.2802650991712063 -0.0031581477877688003 -0.013747092840213363 0.9999005168228046 215.85803303554675
0.9999507294046269 0.009414121060744593 0.003148502933692286 -0.9452480768412423 -0.009455049923116476 0.9998675460239947 0.013247356515338636 -2.278866424222047 -0.0030233739293574887 -0.013276473329041319 0.9999072929363861 217.34527697179985
0.9999463764008886 0.010085567614548352 0.0023506655970000285 -0.9333080927478903 -0.010115991961757612 0.9998602251884888 0.013311529222818159 -2.2975505853413583 -0.0022160828822674044 -0.013334594993736907 0.9999086346038281 218.81034964114008
0.999936570248339 0.011008448370212344 0.0023810757787818674 -0.9506903212302665 -0.01103807254035243 0.9998570467804052 0.01280808255898191 -2.299305381865726 -0.002239738460355715 -0.012833552892210153 0.9999151381460927 220.28539946166748
0.9999554879982007 0.009101720510200712 0.0024860991804417773 -0.9734488542448656 -0.00913326600505348 0.9998739601122277 0.012986429708738645 -2.308049067313364 -0.002367587169289887 -0.013008558123324066 0.9999125821532794 221.7775543387099
0.9999324200964887 0.011486313365554827 0.0017943858219610655 -0.9654415554573079 -0.011508151853490321 0.999853445794257 0.01267475429642397 -2.3202834126571936 -0.001648536777264651 -0.012694548059936066 0.9999180620323901 223.27268476352734
