1.0 -3.469446951953614e-18 0.0 -1.7787691892340307e-19 0.0 0.9999999999999999 -3.5405977195229754e-19 0.0 2.168404344971009e-19 -2.354751593366955e-19 1.0 0.0
0.9999998753034914 -0.00031855454223982463 -0.0003845983821540299 -0.0034960031506339364 0.00031894706722607365 0.999999427992372 0.0010209245938828636 -0.02619061398497908 0.0003842729753203659 -0.001021047153296441 0.9999994048986985 1.316925609586849
0.9999994432797932 -0.0010078532827178348 -0.0003125267217974192 -0.01374686483968859 0.0010083449764201734 0.9999982482713167 0.0015769251319381068 -0.04144877561616002 0.0003109368927922578 -0.0015772394193501614 0.9999987078165702 2.618141566701481
0.9999967587953288 -0.0024786080778699884 -0.0005821542308522656 -0.022030062553856183 0.0024789719195027586 0.9999967321378639 0.0006248264472660686 -0.07571783436528134 0.0005806036783179696 -0.0006262675769852774 0.9999996353445839 3.946188932049029
0.9999961429498274 -0.002755962075910237 -0.0003446185714594684 -0.02834191331049159 0.0027563468582215995 0.9999955734200621 0.001120574902949934 -0.09600749639517137 0.0003415288140052276 -0.0011215204894259557 0.9999993127750493 5.250898045932084
0.999995266964616 -0.003045979138151524 -0.00043366246354304447 -0.030396223089501056 0.0030467743951642454 0.9999936571840845 0.0018446551764260183 -0.10816283314969219 0.0004280409696004819 -0.00184596775169777 0.9999982045908765 6.581911184101823
0.9999899674815119 -0.004472158005698907 -0.00025444976650277566 -0.0323656931265581 0.0044729188512843635 0.9999852797213009 0.0030713728360938935 -0.14010513673879676 0.0002407103794622228 -0.0030724802129764514 0.9999952509511382 7.912678104954417
0.9999906315887657 -0.004327264349669688 -0.00010734809423786117 -0.04160760880968294 0.0043276529005622216 0.9999829224320913 0.003927627516459575 -0.1578119254731306 9.035038958808976e-05 -0.003928055360302843 0.9999922810796431 9.226534256339844
0.9999926713796227 -0.0038001868848814915 -0.00046451179196729765 -0.04242971955791243 0.003801359612714444 0.9999895239270643 0.0025498422520410227 -0.1795537293603939 0.0004548170893950063 -0.0025515893893327205 0.9999966412614555 10.571943241122682
0.999999442192999 -0.0008281939441611066 -0.0006555217349172872 -0.055086740094569514 0.0008279623254999827 0.9999995947188801 -0.0003536088295498787 -0.19788823909199993 0.0006558143811283457 0.0003530658920635303 0.9999997226264458 11.89140608231543
0.9999964866738333 0.0025692397674129883 -0.000652411958337091 -0.05729969534560587 -0.0025698949355789603 0.9999961926794803 -0.0010051225267058235 -0.22574505828392405 0.0006498271275538071 0.001006795642917699 0.999999282043818 13.226274834731717
0.9999877520357524 0.004941799882785498 -0.0002727312816467244 -0.08144405546483308 -0.004942051462104815 0.9999873570125666 -0.0009284137593385687 -0.2421790174669673 0.0002681398200800843 0.0009297502545117622 0.9999995318327947 14.569543732647116
0.9999830239363414 0.005824664232465163 0.00015847483145075224 -0.0982587825086505 -0.005824649538659925 0.9999830320403599 -9.539817352193691e-05 -0.2659875416517946 -0.00015902781868179484 9.447349121344077e-05 0.9999999828923292 15.912062162127532
0.9999927076762357 0.003800026245506751 0.000379984648777166 -0.0965055811677443 -0.0038010658833714213 0.9999889308290634 0.0027731072963034322 -0.2935140822528377 -0.00036944259137180937 -0.002774531477886011 0.9999960827359379 17.262129750074166
0.9999998314747701 -0.00018963743506149842 0.000548715951613796 -0.09262516207820642 0.00018688978024817594 0.9999874665455515 0.005003181242908916 -0.3165373447506695 -0.0005496579071416511 -0.005003077948359299 0.9999873334635677 18.618593503219287
0.9999967373883583 -0.002539994703918115 0.0002713736692016107 -0.0883344474815774 0.002539171870687345 0.9999923026307372 0.002991200629092394 -0.3448750655010894 -0.0002789692350655892 -0.002990501862349317 0.9999954895272956 19.967119531740728
0.9999927334812927 -0.0037968841855027715 0.0003415565147315415 -0.09274401770254755 0.003796648382320465 0.9999925552611922 0.0006891138576936774 -0.3524839798061056 -0.00034417048570447727 -0.0006878120906158011 0.9999997042303511 21.30578756555421
0.9999985406177408 -0.001545013446799963 0.0007291771178521878 -0.10179164666531489 0.0015453410037716987 0.9999987052801027 -0.00044872819784726837 -0.4034668974629486 -0.000728482944495943 0.00044985438092260636 0.9999996334711871 22.66538365992468
0.9999977210464935 0.0012337250233607584 0.0017423618139596386 -0.11301114424213098 -0.0012356449342852856 0.9999986302596017 0.0011012095405365074 -0.40383503974065993 -0.0017410009839241782 -0.001103359992754839 0.9999978757527741 24.02807138219687
0.9999952035109978 0.0018346014842897862 0.002495434327318272 -0.1264329930261091 -0.0018502373736805798 0.9999785818016326 0.006277942437369488 -0.42570017853230235 -0.0024838635620297034 -0.006282529594353104 0.9999771798606311 25.41675036796036
0.9999961266033892 -0.0008776630014843915 0.002641304735888899 -0.10935205033705625 0.0008592078283220055 0.9999752689223996 0.006980207893552348 -0.4352575582425515 -0.002647365901793047 -0.0069779115614382 0.9999721497133975 26.786430683565367
0.9999878879229642 -0.0042655894640726815 0.0024553539272052323 -0.12044305370400721 0.004251217639692025 0.999973973851627 0.005829130363833634 -0.466920474506569 -0.0024801549054412697 -0.005818621626429792 0.9999799960360034 28.158144868708565
0.9999849694389452 -0.004834832225585516 0.0025855953457846197 -0.11860147726733514 0.004825871623253144 0.9999823667930848 0.003460788776140985 -0.47723813908461854 -0.0026022823033251116 -0.003448259069480764 0.9999906687732025 29.516909011590645
0.9999843657968348 -0.004631849992986098 0.0031327524099742754 -0.12140351574796462 0.004628388673855632 0.9999886714193139 0.001111325788415531 -0.5182128549712953 -0.0031378646786429645 -0.0010968088334684888 0.9999944753906569 30.908620941435398
0.9999914745945822 -0.0020073752574192843 0.003608488625568175 -0.13085826866037642 0.0020055836929372475 0.9999978637771136 0.0005000721800848724 -0.5211975957098839 -0.003609485054045907 -0.0004928307960623183 0.9999933643435308 32.28604475657102
0.9999909576464043 -0.0007074092474115192 0.004193352315031365 -0.13276689198716218 0.0007121351242899525 0.9999991129478952 -0.0011255958363461745 -0.5628417393665841 -0.004192552693580797 0.001128571917980264 0.9999905743667206 33.66722812627842
0.9999897592191396 -0.0007060368057646548 0.004470232113582923 -0.1486413589527899 0.0007115660927072779 0.9999989836884179 -0.0012354330563544974 -0.5690168119914436 -0.004469355687882063 0.0012386012987443626 0.9999892453028055 35.061342319587226
0.9999913735552989 -0.0004019143718633055 0.004134160779891377 -0.1451694225465619 0.0003995864962624829 0.9999997611734075 0.0005638998470133947 -0.6118830293751932 -0.004134386780901047 -0.0005622430351504759 0.9999912953240682 36.45100907989327
0.9999924797063856 0.00034993322839565934 0.0038623932328707526 -0.15325576854365824 -0.0003578375808413062 0.9999978429489544 0.0020459838547973322 -0.6196238279324056 -0.003861669268457561 -0.0020473506153261952 0.9999904478851849 37.854570899294124
0.9999905439815223 0.003029571278163567 0.003119878817751979 -0.141938820186882 -0.0030362594705582594 0.9999930982354013 0.0021411714409914915 -0.643832016889346 -0.003113370715141597 -0.0021506239978160997 0.9999928408421896 39.25733873746499
0.9999723105212326 0.006423097437321552 0.0037579251680554815 -0.16114187524580445 -0.006430964905344008 0.999977147203711 0.002085131523863081 -0.679343012905957 -0.003744446601149357 -0.0021092409159744973 0.9999907650664683 40.65315868744505
0.9999612210976242 0.00802860300065318 0.003619091321592263 -0.16172658259579553 -0.008038177575227708 0.9999642118671562 0.0026386934092793002 -0.6963866974019407 -0.003597777081638832 -0.0026676820381489343 0.9999899696840384 42.07295895891646
0.9999580079081389 0.008467897772831693 0.003503871229279164 -0.17163241839102594 -0.008477315022013798 0.9999604717153182 0.0026814464025787786 -0.7090665374988027 -0.0034810268057558222 -0.0027110372803282397 0.9999902663153436 43.466189825930485
0.9999631663076707 0.00794113757987535 0.0032564319356789243 -0.1775151597238936 -0.00795068630188821 0.9999641010273879 0.002929720166136128 -0.735378798313231 -0.003233049993537997 -0.0029555031842114937 0.9999904061465571 44.8812673476502
0.9999676493153783 0.007654500293484762 0.002471625971961198 -0.171818943760625 -0.007660132740001968 0.9999680676951936 0.0022772729695848546 -0.7668326462550613 -0.0024541158666542 -0.002296132330395075 0.9999943525284483 46.27739500531598
0.9999715746427867 0.007374477347515416 0.0015706613084154205 -0.18594171659553005 -0.007379322010241467 0.9999679640898492 0.003101034596013335 -0.7939181688192063 -0.0015477426102138202 -0.0031125369292962124 0.9999939582843052 47.71260660778983
0.9999710943387885 0.007593353791269454 0.000389165228702727 -0.1856049099480378 -0.007594887575089333 0.9999627415769097 0.004102822915544664 -0.8168486035175527 -0.0003579965704892684 -0.00410566007334076 0.9999915076610225 49.11849465440688
0.9999662675893157 0.008205956716471764 -0.00035487968176815365 -0.20553922801066699 -0.00820445546739821 0.9999581644851613 0.004044280745061048 -0.8379970441010235 0.0003880520634846321 -0.004041232813428456 0.9999917588932524 50.54218676050821
0.999964479361927 0.008314095990667326 -0.001384124993945343 -0.21665098547099781 -0.008308373692745818 0.9999571194178277 0.0040902651798813685 -0.8576543667434492 0.0014180726218090073 -0.004078620151274758 0.9999906769220054 51.977726876740135
0.9999583380822858 0.008733271640561908 -0.002655568178564563 -0.2241492207604185 -0.008718825988358875 0.999947389472097 0.00540373750843032 -0.8782698111953444 0.0027026210074567827 -0.005380359056446471 0.9999818736268125 53.398987356716155
0.999972928427671 0.0064661225043237775 -0.003511645183970147 -0.23153902982430513 -0.006443944462093865 0.9999594505244496 0.006290699332834295 -0.8882477790143205 0.00355217952597739 -0.006267900318556255 0.9999740473904183 54.84526473237148
0.9999774837442229 0.005532977074575262 -0.003797124075707977 -0.24314375261462806 -0.005507466413385706 0.999962412342658 0.0066963963921480235 -0.9190813461764221 0.0038340326874905057 -0.006675333219984516 0.9999703696253646 56.240245108177476
0.999985851947766 0.003412259100118974 -0.004080732553407374 -0.2616858084155565 -0.0033862627912830297 0.9999740377637741 0.006360583879384547 -0.9369051382572994 0.0041023309202940905 -0.006346675587745916 0.9999714448920037 57.66271981286146
0.9999890641217112 0.0017791342094757813 -0.004325078860039123 -0.2702201834338801 -0.001750172994183877 0.9999760852589715 0.00669072536240432 -0.9566895460478573 0.0043368794970820605 -0.0066830826938392785 0.9999682634423931 59.11956978643157
0.9999912307513142 0.0016708923028593628 -0.0038401210082869555 -0.2835160974112478 -0.0016419882850154223 0.9999703932613283 0.007517744073524003 -0.985012798646931 0.0038525689870890197 -0.007511372867308179 0.9999643678647631 60.51679520913282
0.9999952011538369 5.255334255763189e-05 -0.003097563849808954 -0.30831777365240637 -2.5874193311648322e-05 0.99996291264927 0.008612354726260919 -1.0034712605576566 0.0030979018461758387 -0.008612233422234298 0.9999581153467656 61.9619356260034
0.9999937422551596 -0.001859106975106271 -0.00300984537867071 -0.3015058462116032 0.0018834056055889413 0.9999654984954534 0.008090401527059206 -1.0252770708129906 0.002994700872334198 -0.008096019819631792 0.9999627424247035 63.367604260519144
0.9999914129693384 -0.003354803103459484 -0.0024329579172500952 -0.30863998089312955 0.0033719811303434613 0.9999691727811478 0.007091066491012672 -1.041823496407493 0.0024090939936306064 -0.007099209627309991 0.999971898352627 64.78450898970749
0.9999926758632347 -0.0033727569516132875 -0.0018090694120128112 -0.3228496755082478 0.003385246345364903 0.9999701489928331 0.006945590242186912 -1.0565762382291333 0.0017855897784645554 -0.006951663653235303 0.9999742426915359 66.23711626230626
0.9999971230430512 -0.002101741414453441 -0.0011561098124191552 -0.33074224758134096 0.0021096167389919023 0.9999742906836727 0.006853282711650172 -1.0734866075876213 0.0011416763637120942 -0.006855702078106534 0.9999758476722426 67.61572541318279
0.9999993151009985 0.001125552803840464 -0.00032082083137231266 -0.35898813259958906 -0.001122827145765234 0.9999643130028923 0.008373289630461406 -1.0987908440904417 0.000330233996479872 -0.008372923835422935 0.9999648919312047 69.06900154006522
0.9999913650806063 0.004133061077203758 0.00043308563959836986 -0.3663542475821133 -0.0041369474541844775 0.999947324358749 0.00939330497291539 -1.1142119234610195 -0.00039423974934259926 -0.009395015703034526 0.9999557881513422 70.44351229514797
0.9999737467811232 0.007158975259603082 0.0011201823024050712 -0.38006303240221795 -0.007169846345290582 0.9999240784494029 0.010021509469789448 -1.1258239606337215 -0.0010483535990056668 -0.010029278110197638 0.9999491559760064 71.87157010973274
0.9999265392595406 0.011976047739867077 0.0018682448314298501 -0.39771446984987985 -0.01199416949147563 0.99987796087395 0.010010158944318797 -1.1476348072645097 -0.001748134831424124 -0.01003183184126513 0.99994815184359 73.2656551932074
0.9998777712685215 0.015450361853722977 0.002393492061413498 -0.4018342146959346 -0.015472181574594266 0.9998362758256244 0.009382599742755683 -1.1603594378825093 -0.0022481358110561928 -0.00941848565890489 0.9999531179076544 74.66436211335625
0.9998451002591738 0.01726023357323923 0.0034438033612094006 -0.4176707279187992 -0.017292856680134805 0.9998036166944637 0.009679111354669282 -1.1795515336118256 -0.003276063602978562 -0.009737165463263215 0.9999472261149751 76.06796859635215
0.999847283845845 0.017089097875865884 0.003656730452606092 -0.4144552513990758 -0.01712447715694372 0.999804621900615 0.009872707410974155 -1.1894438049058067 -0.0034873006320177338 -0.009933819492219055 0.9999445774459286 77.46218395181349
0.9998590988842015 0.016388167787308703 0.0036345970087810183 -0.4195842097747261 -0.016425031934691227 0.9998114722521403 0.01035559362796162 -1.2182521475053982 -0.0034642028658066386 -0.010413833100192952 0.9999397738753376 78.86212014986357
0.9998780764544334 0.015141425810764522 0.0038169903469402245 -0.43244245253665947 -0.01517637824122205 0.9998415767593029 0.009300481890377865 -1.2309186225493451 -0.003675563394382726 -0.009357276224935644 0.999949464529999 80.25528476803638
0.9998872675249708 0.014611004076134557 0.003459879767164966 -0.4310341801190773 -0.014643237342224358 0.9998478265076416 0.009481532710583378 -1.2525557543376997 -0.003320818825916909 -0.00953112787088575 0.9999490635840947 81.64995772977302
0.9998905699521303 0.014406819966721086 0.003360301555016384 -0.4471830711615238 -0.014439348269084613 0.9998470788642557 0.00986529987971032 -1.266415480992808 -0.0032176603593861187 -0.009912741087708904 0.9999456906378025 83.0197317698385
0.9998960320590581 0.01413948159638451 0.0028284448768249116 -0.4520262712273415 -0.014165685356305973 0.9998548243898848 0.009469083137324752 -1.279908888963263 -0.002694146549713689 -0.009508165712462914 0.9999511669870014 84.39163289279685
0.9998943066222383 0.0143836484608671 0.00211806690976813 -0.4565468417413299 -0.01440320608217565 0.9998508788146078 0.009527214797875676 -1.2896881950509722 -0.0019807151131938892 -0.009556714986326782 0.9999523718491143 85.78340047165516
0.9999027214777996 0.01391564340229048 0.0009499558796047887 -0.463732639823515 -0.013924495142553192 0.9998525271419093 0.010051489174318664 -1.3018981248134043 -0.0008099429090466916 -0.01006373924469092 0.9999490312746228 87.16370668458922
0.9999267487891511 0.01210358447346297 1.6422140318869466e-05 -0.4742207550179427 -0.012102989020533483 0.9998620589207393 0.011374568670433587 -1.3224625992561008 0.00012125319641219877 -0.011373934460035722 0.9999353073658497 88.54401197089844
0.999952698459732 0.009632194368698601 -0.0013496854586574848 -0.47405577102668844 -0.009614845583087504 0.9998778806132717 0.012319846651838221 -1.3414332415615067 0.0014681879268559836 -0.012306287137969524 0.9999231969147411 89.91784980430924
0.9999638627541751 0.008235258267882276 -0.00211037570304015 -0.48439749801677445 -0.008207999808798138 0.9998867361679491 0.012615212533615045 -1.354577350023642 0.002214026403884324 -0.01259743494761096 0.9999181980184693 91.2958470355012
0.9999743869632324 0.006632705273892491 -0.0026893530607775278 -0.491392415609525 -0.006599213802764861 0.999902860710423 0.01227678822437195 -1.3706825418127986 0.0027705203805542043 -0.012258726411653202 0.999921020807718 92.6629794686804
0.9999809252141585 0.005524244717456765 -0.002762591590517517 -0.5035815780549648 -0.005491257480214019 0.999915191583101 0.011809137947504003 -1.3847095470615542 0.002827594115561369 -0.011793742827971774 0.9999264534709634 94.01789136504806
0.9999825747275426 0.005019685969213377 -0.003106924310573628 -0.5204036922557786 -0.004984093010789737 0.9999230545083907 0.01135974845785694 -1.390378063002029 0.0031637078929164083 -0.011344065541408935 0.9999306491648196 95.37087959029967
0.9999797661425336 0.0055548520912949775 -0.0031001463144201564 -0.5435924788647654 -0.005521242078334987 0.9999270085372439 0.010746789791036266 -1.4073075062272 0.0031596171332901406 -0.010729455902041411 0.9999374458460248 96.72643396355201
0.9999788067367005 0.005664826043093979 -0.0032087078811869497 -0.5528464879589963 -0.0056325534348830725 0.9999343426120664 0.009979219137955376 -1.4165280141140888 0.003265028029891772 -0.009960934630459852 0.9999450581819515 98.07677978263924
0.9999676998021716 0.007543877316483899 -0.002772949067306194 -0.5680845097267883 -0.007515285163623195 0.9999199308480956 0.010180981976403257 -1.4304770114121093 0.0028495313671677487 -0.0101598138340285 0.999944327631468 99.42705921944031
0.9999642688869227 0.008111305533257554 -0.002380682759751628 -0.5813877953953049 -0.008082534999980925 0.9998970515234671 0.011855757905706305 -1.4492385304140747 0.0024766035651398914 -0.011836092576062728 0.9999268840050407 100.77570654760315
0.9999560646967072 0.00906616705889409 -0.00238186207212057 -0.5956272519297782 -0.00903301653402274 0.9998670050755251 0.013578541450640068 -1.465939038050002 0.0025046508438072235 -0.01355642974999786 0.9999049704579218 102.08814606333999
0.9999635307850279 0.00821970676734261 -0.0023180808534544375 -0.6051682875224484 -0.008190377506862141 0.9998896926595939 0.012390328575875638 -1.4800436389524796 0.002419670233727642 -0.012370891005127728 0.999920549974164 103.44413446934972
0.9999606783221354 0.008574372006274932 -0.0022631684910480337 -0.6194682944444752 -0.00855158651744034 0.9999144973844976 0.009892841027858316 -1.4853948184180645 0.002347800089249798 -0.009873098546667966 0.9999485035576492 104.77553131464647
0.9999634910484152 0.008189728338700259 -0.002438216171010942 -0.6291743157957164 -0.008168724803137241 0.9999304803001536 0.008503323863730346 -1.4992793433944989 0.002507686797643557 -0.008483096474890971 0.9999608735286059 106.09881334342879
0.9999802131738883 0.005947636272923265 -0.0020491139566067083 -0.6484438825445722 -0.00592705017709747 0.9999333264491315 0.009910234161215684 -1.5145910330136945 0.002107919988839687 -0.009897893069249843 0.9999487928854235 107.4466846194099
0.9999932865396249 0.003323887509416693 -0.0015422836368627548 -0.6580786262513565 -0.003304823014032352 0.9999200734790898 0.012203474909129161 -1.5285012725558351 0.0015827234887225519 -0.012198296251383436 0.9999243454192766 108.77457624522894
0.9999982039955214 0.0017883335447225375 -0.0006275864502023338 -0.6734166857882758 -0.0017800286871500334 0.999914000278211 0.012993211438387239 -1.543564583845399 0.0006507687391950202 -0.012992071238603851 0.999915387715934 110.12281008850974
0.9999996456322332 0.0007676321566986105 -0.0003456507675412507 -0.67576595881387 -0.0007634441376840658 0.9999282115143783 0.011957799443778956 -1.5607931478523753 0.0003548051847807555 -0.01195753155782292 0.9999284432184727 111.44368389033386
0.9999971630840873 0.002332871673450149 0.0004811757475292884 -0.6904312164230703 -0.0023373506178355884 0.9999518801186236 0.009527551645971346 -1.5718593183019174 -0.0004589260692766965 -0.009528649482758078 0.9999544960788378 112.77268520734899
0.9999850906059895 0.0052744531050541625 0.0014137544983216447 -0.6986083450148026 -0.005284741477728414 0.999958840121165 0.007374929106798783 -1.588395264479629 -0.0013747977011720834 -0.007382290626533973 0.9999718054607819 114.12360946752096
0.9999627080352465 0.008154885115964761 0.002842599804317958 -0.7102455350304517 -0.008174991651741905 0.9999411307456239 0.007134743880131304 -1.5987105614300074 -0.0027842496759257047 -0.007157716186239161 0.9999705070906217 115.43028637692056
0.9999473795377796 0.009259403750325662 0.004416059578403336 -0.7172178511231917 -0.0093004336583171 0.9999129170800154 0.009362703024008313 -1.6128376427754472 -0.004328982326357445 -0.009403281812291407 0.9999464176650061 116.78473044089996
0.999946320412957 0.00883359955574221 0.005415145229036484 -0.7171242401129433 -0.008896741380150227 0.9998913975400257 0.011749090748144024 -1.6223430112496027 -0.005310770807957402 -0.011796637443393572 0.9999163140267994 118.0953194578812
0.9999476845270313 0.007936086098707938 0.0064534282223189365 -0.7178476920239829 -0.008016085624441843 0.9998901589395194 0.012466452561679664 -1.632472676565523 -0.006353785057380776 -0.012517531854141046 0.9999014655505104 119.46118646472678
0.9999393126720149 0.00821970705558616 0.007335351243151161 -0.7147924024126395 -0.00830736717359015 0.9998934770212423 0.012000928063773605 -1.6433474803010601 -0.007235926348876555 -0.012061137453765953 0.9999010802728915 120.79224798555164
0.9999100920488249 0.010215202634750143 0.008686624060424211 -0.7151807427420513 -0.01031762038307753 0.9998768116418626 0.011828282617512077 -1.6625783325155508 -0.008564726380510701 -0.011916844686050795 0.9998923113376181 122.11053560205701
0.999877705511458 0.012230898515450655 0.00974572316084734 -0.7237866359855529 -0.012343326656509578 0.9998569864778927 0.01156066191624765 -1.674813230123771 -0.009602932910831787 -0.011679542987240627 0.9998856794415517 123.47004502863908
0.9998498666661527 0.013385046763278043 0.011003845874313934 -0.7292861104143638 -0.013500678551516647 0.9998537094056852 0.010501975828874686 -1.6860873057118744 -0.010861667587702874 -0.010648958729509075 0.999884305233369 124.8072643248054
0.9998274172921389 0.014252666186997779 0.011916253914650527 -0.7093033277872607 -0.014374685192433114 0.99984447382916 0.01021746602767424 -1.691552387817263 -0.0117687754797756 -0.010386995274476936 0.9998767955352759 126.14362676671027
0.9998179565117499 0.014134919846887917 0.012816311768947644 -0.7115036305730001 -0.014261998228823042 0.9998494919761802 0.009878706110098579 -1.714991562766048 -0.01267474915598949 -0.010059694170509483 0.9998690680705874 127.48867976726878
0.9998202550494023 0.012953113098460277 0.013844653373430597 -0.7110620835708613 -0.013104348197609104 0.9998548386699858 0.010889337673047192 -1.723675777938297 -0.013701593992440638 -0.011068805744994357 0.9998448618960828 128.81152480767807
0.9998153567722032 0.012405531533227699 0.014674982927900756 -0.7020888839457229 -0.012583593842983635 0.9998475589767091 0.01210421415428382 -1.7370120233817972 -0.014522587866234544 -0.012286643457773014 0.9998190500456289 130.17974944189248
0.9998299543366115 0.01075581574386823 0.014979146099969263 -0.6868018226286632 -0.010944311026757114 0.9998612346673764 0.012559199263246877 -1.748997077974133 -0.014841984325282592 -0.012721000306589434 0.9998089275721548 131.51232656987256
0.9998459852742311 0.009324954830983128 0.014867781665617471 -0.6630119226013151 -0.009513255778000683 0.9998747934794844 0.012644973118298125 -1.7610354533281143 -0.014748007555832256 -0.012784466863178065 0.9998095086968324 132.86276750087197
0.9998670963595865 0.006698219271653366 0.014863494417674292 -0.6590685158563085 -0.006899264107782934 0.999884848891822 0.013516253922282858 -1.7625662656803192 -0.014771249275044876 -0.013617004997972137 0.9997981733183608 134.205822045418
0.9998830961150672 0.005805338169763391 0.014145393072927013 -0.6514407834357183 -0.00599522210598465 0.9998919950047673 0.013418481429981175 -1.7791555796159972 -0.014065967655550914 -0.013501717789727346 0.9998099080179856 135.5353863429471
0.9999015346663109 0.005052235480781363 0.013091825093497673 -0.6396235669659962 -0.005224617108954653 0.9998996680573647 0.0131665181352764 -1.784577359500442 -0.013023992305444446 -0.013233621717140126 0.999827608580614 136.89206930598326
0.9999159465556948 0.003925750422854899 0.012356710964836336 -0.6452117058571123 -0.004108251407215952 0.9998823478392217 0.014778793972647598 -1.811008465603529 -0.012297240341907902 -0.014828316524575925 0.9998144322368091 138.22447425199454
0.9999373735348451 0.002786503204665311 0.01083902254594574 -0.6107901993893934 -0.002948395967626874 0.9998839120088131 0.014948895144468722 -1.8176177480232951 -0.01079611002181539 -0.014979916966968121 0.9998295085141087 139.57858656948417
0.9999530563298473 0.0014742177073118331 0.009576629006062643 -0.612545792840631 -0.0016181821842264433 0.9998855446776203 0.015042573830000633 -1.826460899556039 -0.00955335767647622 -0.015057364696945573 0.9998409919206372 140.91942609330354
0.9999660199138972 0.0013247931811263642 0.008136580681031272 -0.6075039404717888 -0.0014439132548146154 0.9998916159367356 0.014651671924341931 -1.8329761098682165 -0.008116289044437116 -0.014662922859370667 0.9998595524095033 142.25143847855142
0.9999737981439472 0.0014834360718806944 0.007085368518114419 -0.5977215460747843 -0.0015830275663803114 0.9998997446219827 0.014071059857711534 -1.837033096112435 -0.007063785239721951 -0.014081907776443739 0.9998758937040703 143.60113438734646
0.999979394746535 -0.0009457972061441885 0.006349453346214297 -0.6130828051871149 0.0008695033624259128 0.9999275251335601 0.012007849031443401 -1.8448057413925274 -0.006360350688226884 -0.012002080966291665 0.9999077437392001 144.94778804207021
0.999973995148935 -0.005126026870097958 0.005072759272856639 -0.6167191878120915 0.005071306426616394 0.9999294444038673 0.01074188321813752 -1.8645592018727923 -0.005127464967597183 -0.010715878563472002 0.9999294370342396 146.26784834633085
0.9998872443834195 -0.014464369752624107 0.004034915337653115 -0.60856387806136 0.014406031490444983 0.9997963671556083 0.014131187622355167 -1.8645357194200745 -0.004238492764938782 -0.014071467396992802 0.9998920086614913 147.65294222133437
0.9997865046573792 -0.02053199130997914 0.0023200101341307715 -0.5880036329237639 0.02049311022434111 0.9996667723725031 0.015696389236482606 -1.890225130116798 -0.0026415153791059937 -0.01564549419759596 0.9998741125317882 148.9645828742837
0.9997032421446799 -0.024336952945336845 0.001067880850635261 -0.5848837964425742 0.024321543070024633 0.999624394647105 0.012630604240665363 -1.8913462065846591 -0.0013748702740729122 -0.01260088372816421 0.9999196605047111 150.29106722476547
0.9997103389060841 -0.024016485182346954 0.0015642019248417697 -0.5904494833866378 0.024001396278256197 0.9996710405817669 0.00904121643586474 -1.896256362522023 -0.0017808257478077066 -0.009001054674554526 0.9999579039513261 151.6655491685792
0.9997987979919591 -0.01992689160832719 0.0022983764783266617 -0.6020579541458763 0.019910149926880935 0.9997766268159491 0.007091007965656935 -1.917820506678395 -0.0024391650286995263 -0.007043820341946393 0.9999722171478678 152.98819316293648
0.9997884877937349 -0.020316911618179535 0.003194180296113935 -0.6058072129375722 0.02029336888112575 0.9997678668546002 0.007238202562564164 -1.9364429380397776 -0.0033404970176869825 -0.007171851038443706 0.9999687023252923 154.3425829078662
0.999739830314821 -0.02250177508985471 0.003733873089719907 -0.6083037513558829 0.02246102881080305 0.9996913335862316 0.01061789669368416 -1.948948208238826 -0.003971642417230482 -0.010531267794924295 0.9999366572208129 155.6920702579486
0.9995898770141378 -0.02832287850787605 0.004229931791831516 -0.6010324456113463 0.02826204077966317 0.9995051495557548 0.013809890052215038 -1.963125961941859 -0.0046189748234226995 -0.013684680038379622 0.9998956918619039 157.0326469868962
0.9994569402527668 -0.032661315601820035 0.004366123318114411 -0.5967548301790281 0.032591907125910674 0.9993543464434856 0.015121436586441916 -1.961925896586205 -0.004857190723535283 -0.014970924723375235 0.9998761318843853 158.37541470132027
0.9994205251531247 -0.03380602730688355 0.003970693399634363 -0.5790115263627024 0.033740568526433826 0.999309888117439 0.015534527964069933 -1.981598731403149 -0.004493114218045318 -0.015391552916969831 0.9998714477496046 159.72681137717072
0.9994481125352376 -0.03283301211420495 0.005046152435844417 -0.5838555850491158 0.03274966876280637 0.9993387544557916 0.015795982041316235 -1.9748618125418202 -0.0055614458144942315 -0.01562200489430963 0.9998625021893823 161.074465965716
0.9995637268619292 -0.028886825699395838 0.00615688574436461 -0.578935959543246 0.028788456920276102 0.9994652174943512 0.01550818389892877 -1.9905109344287255 -0.00660157589802597 -0.015324171129430837 0.9998607847970475 162.43067108522212
0.999637312391377 -0.025915935615325437 0.007321745793967232 -0.5851284973633506 0.025816919874129908 0.9995780868312067 0.013309206268764672 -1.9899679488306412 -0.007663577820778684 -0.013115354492510315 0.9998846218688178 163.77100358555572
0.9997058886819673 -0.02291153267747971 0.007949705345630702 -0.5809135514304331 0.022811485235380614 0.9996621900994288 0.012455593894728502 -2.0051844706428352 -0.008232397287030893 -0.012270586195097294 0.9998908242137844 165.12815724930044
0.999745628467254 -0.020848055484935665 0.008604473011724302 -0.5796216937121946 0.020725274235587628 0.9996854908090067 0.014120285497821124 -2.0102670730599708 -0.008896148060363776 -0.013938363887866595 0.9998632809341462 166.4816488724493
0.9997553729593931 -0.02068039442095105 0.00784318418659796 -0.5608841928405092 0.020569076190696645 0.9996901600384165 0.01401773932028436 -2.0106836166082007 -0.008130647107098678 -0.013852983399686379 0.9998709853911936 167.80447442408635
0.9998002018006258 -0.0184808032141417 0.007616850182661143 -0.5726236547771995 0.01838928841418004 0.9997599073015851 0.01191477284152659 -2.0215638580506963 -0.00783521665601328 -0.011772324048062775 0.9999000058825003 169.20272479259842
0.9998544578441042 -0.015439772743041345 0.007257862169289352 -0.56916594194642 0.015371377665327902 0.9998377903232016 0.00938689393786456 -2.0359084256182207 -0.007401616999829851 -0.009273964573585184 0.9999296023435895 170.57523031448892
0.999916578809355 -0.010733912259575864 0.007184606213938934 -0.571993297652093 0.010675993035017905 0.9999105898332359 0.008052049418898432 -2.0351717217274947 -0.007270394436248322 -0.007974675044495018 0.9999417712638309 171.9270011286549
0.9999621584621935 -0.004725571027956068 0.007304151902454924 -0.5759444928950533 0.0046600188144645584 0.9999489479612733 0.008965806538344114 -2.0572453580993026 -0.0073461481794769605 -0.008931429939585987 0.9999331295952464 173.29629774691256
0.999964691016407 -0.0005061242348616372 0.008388120553846332 -0.5931451342756977 0.00041141033503001856 0.9999361889785423 0.011289318310545885 -2.0766273427379343 -0.008393299797036225 -0.011285468951915898 0.9999010904614694 174.66445944125854
0.9999628677771581 -0.0011707328419755282 0.008537708136544782 -0.5913098421548731 0.0010560649257284303 0.9999093506926466 0.013422932514670083 -2.0799131233071657 -0.008552649578995809 -0.0134134179737545 0.9998734581944352 176.0486272101871
0.9999654206516111 -0.003215070234626395 0.007669474282590991 -0.5871461832379239 0.0031003382565723166 0.9998838114513913 0.014924861452480646 -2.0914169960867457 -0.007716568295175787 -0.014900567680912665 0.9998592039162073 177.4293379112849
0.9999656757595513 -0.005516463537642683 0.006181904724951198 -0.5797608199722349 0.005425742988790502 0.9998787349055698 0.014597149847997324 -2.085522420336958 -0.006261680237595875 -0.014563107663411361 0.9998743457332583 178.849237317984
0.9999726354549855 -0.006138200409462802 0.004129267414092777 -0.5809306092385914 0.006092280513369928 0.9999204667849836 0.011042835294661666 -2.103603191967927 -0.004196722481619082 -0.011017376666131175 0.9999305000502169 180.18564798312565
0.9999817958995748 -0.005439766150099374 0.002610904834067232 -0.5839572674378711 0.005422622513776456 0.9999639825537907 0.006529069738266331 -2.111284368792626 -0.002646327626469903 -0.006514793053177233 0.9999752769042823 181.60510608339123
0.999997140427499 -0.0007606717602742282 0.0022672713856323637 -0.6155666207481021 0.0007456681242998895 0.9999778689205424 0.006611024523802664 -2.132896077036292 -0.002272250214742092 -0.006609315114932816 0.9999755766174289 183.0000791818782
0.9999958811258478 0.00215396091812699 0.0018968875812703436 -0.6263862464533381 -0.002168111055500556 0.9999696036506174 0.007489397236707701 -2.138924636609493 -0.00188069820686688 -0.007493479199571322 0.9999701549262635 184.3304444655298
0.9999860760064234 0.004691669951509167 0.0024157856866353017 -0.6275489817330666 -0.004716673910341456 0.9999342669297362 0.010450589093074137 -2.145730307799905 -0.0023665963666364784 -0.01046183826032542 0.999942472926434 185.7800662743427
0.9999791547229268 0.005668500687544037 0.0030916358440861453 -0.6380629101781485 -0.005708692208106986 0.9998972404126649 0.013149884201498834 -2.1708208861791465 -0.0030167782658918627 -0.013167259547379994 0.9999087570004513 187.14832990209183
0.9999863639095776 0.004134942904105092 0.003189708178916755 -0.6416333288865921 -0.004177372677765192 0.9999013282614015 0.013412058047953097 -2.158505828422214 -0.0031339356048726854 -0.013425200024934768 0.999904966710959 188.60208611060662
0.9999947095061541 0.0017751884075351814 0.0027257414169671317 -0.6423227327616285 -0.0018140431919394387 0.9998958317558001 0.014319039137613232 -2.163643990117628 -0.002700038705704092 -0.014323908276965783 0.9998937620792814 189.99687064619238
0.9999946162587097 -0.0002629996163478511 0.003270823952109669 -0.6550352877739813 0.00021381355352612964 0.9998870338899712 0.015029096302094676 -2.178648819981547 -0.0032744073709690996 -0.015028316336172295 0.9998817069867632 191.3718483334224
0.9999905426557683 -0.00231870900487355 0.0036794286906090875 -0.6525563395014117 0.0022627690513107278 0.9998828914911735 0.01513549370231298 -2.1848704970214645 -0.003714092905236376 -0.015127025156721314 0.999878681953836 192.82497655091197
0.9999820082616084 -0.0046578238865030135 0.00377992598871873 -0.6440446944585166 0.004596681092839313 0.9998610037833243 0.01602634153850402 -2.189884693631089 -0.003854048782188795 -0.016008678391257837 0.9998644250730284 194.19436242098934
0.9999424967858276 -0.009850683588884458 0.0042387697834678 -0.6411692093516604 0.00977480502617516 0.9997979539591506 0.01756429411881177 -2.1881655168334135 -0.0044109340185631285 -0.01752185130148143 0.9998367508704786 195.6380575050673
0.9999071833209696 -0.013006925910852946 0.00405519870106933 -0.628353548741024 0.012931387135118096 0.9997520377046074 0.018128494517619744 -2.2037262929160577 -0.0042899894967752435 -0.018074372889444267 0.9998274416310607 197.03735533306516
0.9999175095601712 -0.011986154332447978 0.004615863383386623 -0.6386323872907232 0.011921813122797878 0.9998347572695527 0.013723283575547359 -2.202697700187561 -0.004779590432406209 -0.013667122331503911 0.9998951771473389 198.47445521272962
0.9999757231269493 -0.004997034603167378 0.004856213944030585 -0.6442000999365847 0.0049524279869544805 0.9999458322863041 0.009154558481705627 -2.223628420107963 -0.004901696946024782 -0.009130286359944405 0.999946304176061 199.9052904557727
0.9999745977336436 0.004049363095778701 0.005865709196167373 -0.6628524418409143 -0.004096665769956567 0.9999590067439742 0.008074785848643094 -2.2324375290983904 -0.0058327714884478235 -0.008098610738836389 0.99995019439826 201.33979092497316
0.9999061332008679 0.011505740894359925 0.007439266977309501 -0.6689583982791943 -0.011594571517693079 0.9998606544823574 0.012009893935141146 -2.241738358952361 -0.00730004822887315 -0.012095021959106595 0.9999002048891503 202.7626785960199
0.9998688513774106 0.013902027988074824 0.008307444538565474 -0.6746863001469232 -0.01402506904687877 0.9997900126219269 0.01494082087791532 -2.2500532366329224 -0.008097993043111545 -0.015055374193887099 0.9998538684307833 204.2241885771659
0.9998989463592927 0.011763724682074948 0.00798196904868083 -0.6754927831431927 -0.011883420101006209 0.9998151029194249 0.015117682447668278 -2.2479931225102945 -0.007802653599607082 -0.015211008144719372 0.9998538612355541 205.6834461546127
0.9999330774956577 0.00949076662487629 0.0066155773803352495 -0.6674751303319731 -0.009591727682490888 0.9998354039934242 0.015400119998236332 -2.263168304167221 -0.006468330072566182 -0.01546254450709859 0.9998595253452903 207.10810053598178
0.9999623623490073 0.006678847628323733 0.00553776776985326 -0.6644507848818 -0.006761552698742821 0.9998638362500463 0.015052919044264564 -2.2656725316120188 -0.005436478021642234 -0.015089796694464502 0.999871363097777 208.5583322618463
0.9999539033610602 0.008236476763419147 0.004934733143524885 -0.6611359460590764 -0.008307460775395762 0.9998597639600391 0.014540925724120043 -2.270107405353924 -0.004814275514840725 -0.014581250828124661 0.9998820979876517 210.02875714973683
0.9999505211462026 0.008839919763553802 0.004561914486581205 -0.6689121895722361 -0.00890599260855057 0.9998526925216855 0.014672306090015795 -2.283586281155774 -0.004431540837062564 -0.014712208790961983 0.999881949211667 211.47094458046348
0.9999398524595499 0.009836227470666205 0.004851811566347264 -0.6758295724679153 -0.009911271492270111 0.9998277259565962 0.015693473839441596 -2.2833562668174325 -0.0046966115314802815 -0.015740617851205365 0.9998650782937403 212.93159830457648
0.9999491088808707 0.008994206427145083 0.004569888887658854 -0.6833578917824492 -0.00906512730550978 0.9998349790322704 0.015742877224981223 -2.294848806091078 -0.004427540434648546 -0.015783502991251617 0.9998656299327581 214.3849176869765
0.9999533514214706 0.00870048632138182 0.004194818781141806 -0.682220347711747 -0.008760485289279165 0.9998564436549722 0.014503309693200513 -2.297716375840056 -0.004068031073282148 -0.01453938207256122 0.9998860222512059 215.84272896214782
0.9999530970064956 0.008872861620100245 0.0038827952448757864 -0.6821527524495539 -0.008927697318660732 0.999857308341262 0.014340822523775847 -2.3041425201118777 -0.0037549973748913453 -0.01437481460402856 0.9998896262594105 217.31828492112663
0.9999587524391063 0.008500545681807452 0.003199082532721739 -0.6768104922419453 -0.008547043054113376 0.9998537533992365 0.014812828244873137 -2.3165141514825285 -0.0030726978028289844 -0.014839560244470806 0.9998851663977855 218.8037125094444
0.9999468846404301 0.009847689745392487 0.003041526941803027 -0.6928320712012261 -0.009891133912638687 0.9998442724370894 0.01461493621946594 -2.3253704125761687 -0.002897130168313537 -0.014644244385971226 0.9998885701644764 220.2820803323358
0.9999594696118951 0.008426812232309403 0.003169850908760031 -0.6951069512484042 -0.008471018135752241 0.9998632815110632 0.014200709490362753 -2.3257185031290497 -0.0030497510658661423 -0.014226986079011938 0.9998941403406166 221.77308094484758
0.9999460835790995 0.010033174249630707 0.0026768133919938025 -0.6966381867038831 -0.010070577621065882 0.9998463787442767 0.014345814549135685 -2.3352921136658713 -0.0025324683224739195 -0.014371998420091956 0.9998935104641026 223.25653951231888
