1.0 -3.469446951953614e-18 0.0 -1.7787691892340307e-19 0.0 0.9999999999999999 -3.5405977195229754e-19 0.0 2.168404344971009e-19 -2.354751593366955e-19 1.0 0.0
0.9999998184236251 -0.0001920850232811945 -0.0005711877703400902 0.0023623220759034095 0.0001924746445146272 0.9999997488292218 0.0006821250560820844 -0.022605926090915572 0.0005710566496940094 -0.0006822348851515522 0.9999996042253559 1.3271691435190551
0.9999996106291743 -0.0006537789352943687 -0.0005927180634304468 -0.007919513178060316 0.0006544457365945475 0.9999991525635218 0.001125420722648312 -0.03902273942997718 0.0005919818357649513 -0.0011258082084223669 0.9999991910569219 2.628002273801946
0.9999985244154309 -0.0013027885225958633 -0.0011197808784350139 -0.009237918093241298 0.0013039059154677044 0.9999986522689209 0.0009976409880589597 -0.0746863043332523 0.001118479749464476 -0.0009990996244713523 0.9999988754018504 3.9515879976599413
0.9999979703940859 -0.001937228998920874 -0.0005534921413556564 -0.02262172482950816 0.0019378220718998269 0.9999975470087418 0.0010727623416835195 -0.08804861158533576 0.000551412644931519 -0.0010738327538173656 0.9999992714139098 5.267169937196659
0.999997036378921 -0.002257119790703626 -0.0009124941099497561 -0.018649532155090798 0.0022585203953163664 0.9999962688856073 0.0015366511946255576 -0.10716273517368945 0.0009090223777324522 -0.0015387075564707359 0.9999984030282704 6.588547945280161
0.9999934119286554 -0.0035640749000146067 -0.0006880939448463098 -0.02745835817716638 0.003565774164919891 0.9999905575658861 0.002483954156186457 -0.14381065598129011 0.0006792345085711311 -0.002486391426161097 0.999996678244332 7.923302919618288
0.9999934488604734 -0.0035843750530780826 -0.0005044757888072321 -0.0465135028782244 0.0035858147715182205 0.9999894178086839 0.002882047455111991 -0.16242385186491953 0.0004941401556974973 -0.002883837585649996 0.9999957196446488 9.238816185896198
0.9999943853945131 -0.003178870621352933 -0.0010601716006701494 -0.045096460260239266 0.0031813286672287087 0.9999922372690773 0.002324767636819906 -0.18721029828362878 0.0010527733263801051 -0.0023281273827818905 0.9999967357413443 10.570550192816047
0.9999993687847709 -0.0006551737587281326 -0.0009127852844807026 -0.0661500682084681 0.0006551678753710898 0.9999997853539264 -6.791070508366857e-06 -0.2039312015990779 0.0009127896150635379 6.1930385071391005e-06 0.9999995833890292 11.891690629798024
0.9999974609329536 0.0020534361254247926 -0.0009281824258260142 -0.0662545312698439 -0.0020541173362308854 0.9999976213487369 -0.0007334183965482445 -0.23049241334906068 0.0009266742677488995 0.0007353231421284433 0.9999993002877952 13.229593873260853
0.9999825763612736 0.005857678701218167 -0.0007311369104783881 -0.09360530603499091 -0.005858246053997207 0.9999825394364347 -0.0007757495008073443 -0.25272880800631503 0.0007265801134718596 0.0007800191746458177 0.9999994318260829 14.569979383574177
0.9999824980340419 0.005907204708004316 -0.00032946281567014816 -0.11424904217719009 -0.005907192547231523 0.9999825516300411 3.903269550063731e-05 -0.28002457526652186 0.000329687668709484 -3.70858175854426e-05 0.9999999449655997 15.920241422566376
0.9999906106483816 0.004331838600978623 -0.00011739235633997339 -0.1043758587273754 -0.004331475290246993 0.9999863025266893 0.0029382117842349583 -0.30647546020984573 0.00013011862068403046 -0.0029376757755641266 0.9999956765561292 17.262322216780927
0.9999999873561882 -0.0001562310253649512 -2.9659686001431464e-05 -0.11691822874944668 0.00015637946430547243 0.9999871250157234 0.005072016049569641 -0.33460387636493466 2.8866904432920922e-05 -0.005072020723477298 0.9999871368041284 18.627756867929524
0.99999782463288 -0.002048658823199538 -0.00039208287747600893 -0.1084249613329046 0.00204997750041613 0.9999921439279651 0.003392590582577068 -0.368380182514624 0.00038512957205775306 -0.003393387029151607 0.9999941682834819 19.963717348896665
0.9999955365716997 -0.002976101696689706 -0.00026393034908640876 -0.1171557198051627 0.002976335947819233 0.9999951738453358 0.0008909017681138828 -0.36845357118455496 0.0002612776840638404 -0.000891683352532537 0.9999995683175634 21.31949843574183
0.9999996400300711 -0.0008475206433744761 4.061874141459733e-05 -0.13133911101730633 0.0008475283976465391 0.999999622813318 -0.00018991452916284913 -0.4259705847047585 -4.045777312587889e-05 0.00018994889076174383 0.9999999811412503 22.671777519461436
0.9999987918018299 0.0012744781374322781 0.0008899997043035901 -0.14411092234833356 -0.0012753684236307614 0.9999986863381302 0.0010003796390434796 -0.4111901787898634 -0.0008887236475410188 -0.0010015135278985726 0.9999991035694938 24.035173612851487
0.9999968742817965 0.001827079481814215 0.0017068117589958832 -0.15653357573392532 -0.0018368016055663903 0.9999819999614442 0.005711909903785186 -0.4380136028217389 -0.0016963450617706666 -0.005715027237203192 0.9999822302801961 25.426527361776188
0.9999983542122268 0.0003294623539343549 0.0017841046254622088 -0.14954033734716962 -0.000341185413457807 0.9999783294459362 0.0065745136585946395 -0.46514860156566207 -0.0017819000534544265 -0.006575111677209782 0.9999767960997358 26.800690944317356
0.9999903350550667 -0.004046446919456239 0.0017193230330556457 -0.15033731838034697 0.004036069355162607 0.9999738715682231 0.005997192511824433 -0.49298132566954045 -0.0017435455732098867 -0.005990195355831798 0.9999805386143872 28.169016812678112
0.999990600403101 -0.004039689129419847 0.0015748094815071808 -0.16090432332566124 0.0040339402755093234 0.9999852499720534 0.0036369159934143322 -0.5001384640342577 -0.0015894783941222091 -0.003630529187646866 0.9999921463765465 29.530962478628165
0.9999885237948196 -0.004171617977246562 0.0023558206448120456 -0.16488726483174684 0.004167355990280362 0.9999896761744762 0.0018112654586786246 -0.5467462422454002 -0.0023633524292491813 -0.0018014271593372194 0.9999955847015718 30.917827852371996
0.9999944198773364 -0.0018502380220293702 0.0027815175438086264 -0.17738160500472339 0.0018484266768131526 0.9999980780070701 0.000653680429792028 -0.5418632022805931 -0.0027827218966456142 -0.0006485353600462775 0.9999959179202776 32.30094621715616
0.9999943144857599 -4.701381316447005e-05 0.003371763653506797 -0.1808791249846216 5.2059708417193096e-05 0.9999988789744747 -0.001496442332157496 -0.5892131288630532 -0.0033716898063635074 0.001496609389423652 0.9999931959087688 33.680618181641684
0.9999936843639105 0.00010839579387117264 0.0035523917069361353 -0.19484752968534552 -0.0001044023749450871 0.9999993625048408 -0.0011243177281313513 -0.5878027096862655 -0.0035525116147541932 0.0011239397741795098 0.9999930581839646 35.07694160944626
0.9999953848921531 0.00022052491964573602 0.0030301100072391706 -0.19134231971809426 -0.00022237083069680252 0.9999997899196377 0.0006088613709083519 -0.6351129046712596 -0.0030299753571440295 -0.000609532378743407 0.9999952238465127 36.46804016189536
0.9999947915423445 0.0015489481773369052 0.002831545286238848 -0.20758162612936804 -0.0015543537034924323 0.9999969721393159 0.001907799548359466 -0.6492036771149253 -0.0028285818676683167 -0.0019121908711410673 0.9999941713066915 37.871180367943076
0.9999914043650947 0.003349397086687549 0.0024439173757359713 -0.2035604902100776 -0.003355294639845837 0.9999914597514424 0.002412970740837955 -0.6653826168811243 -0.002435814711004733 -0.002421150110995772 0.9999941024006282 39.262925149562165
0.9999780245045762 0.005889664520062848 0.003043411212444892 -0.22529295744609235 -0.005897772018237515 0.9999790654648587 0.00266175291448269 -0.700367832973814 -0.003027670922414014 -0.002679643821493485 0.9999918263237976 40.663633789820295
0.9999558846935637 0.008910689858685933 0.0029712383121704602 -0.23241390437418114 -0.00892008235672209 0.9999552133589636 0.003162819309321409 -0.729645619063317 -0.0029429225851235947 -0.0031891835383116795 0.9999905841115996 42.089943974411426
0.9999519679485838 0.009448829226688183 0.00260411294829019 -0.23438989724393677 -0.009457122905992304 0.9999501892454676 0.0031909050130608254 -0.7403447021191375 -0.0025738331344138587 -0.0032153792320766005 0.9999915183223473 43.47819909893014
0.9999601774156462 0.008643768558350265 0.0022200973065346916 -0.24424412088764375 -0.008650585922843696 0.9999578412272562 0.0030794722925323033 -0.762765474610001 -0.002193385647574914 -0.00309855486840101 0.9999927939814233 44.905641879122705
0.9999647851286809 0.008281089605358422 0.0013608973156904525 -0.2388070031001323 -0.008284665385410742 0.9999621891856425 0.002642827257106113 -0.7931025279827615 -0.0013389604812562967 -0.0026540088267310046 0.9999955817005244 46.30150960454997
0.9999672875309522 0.008069544516698153 0.0005534462499675792 -0.25658429562310736 -0.008071357509319753 0.9999617984981553 0.0033548098205210164 -0.8239716318761378 -0.000526353362569983 -0.0033591672109141886 0.9999942194571314 47.73268649618087
0.9999647793476094 0.008376452775555262 -0.000524484681325076 -0.26108527283948185 -0.008374132824573659 0.9999557752191558 0.004280364759174107 -0.844309510226729 0.000560315809657236 -0.004275821988695192 0.9999907016539408 49.13010860125045
0.9999577770871829 0.009074454478865974 -0.0014485497137595724 -0.2741139723068956 -0.009068110393452905 0.99994951725727 0.004328086172537642 -0.8695807042966845 0.00148775173660032 -0.004314767912621034 0.9999895846337881 50.55891780119966
0.9999551157832857 0.009098670442635647 -0.002642080658879148 -0.28261952836709114 -0.009086625050205615 0.9999484274758302 0.004536039337063758 -0.8835798915860172 0.0026832165569881995 -0.00451182824226997 0.9999862217853644 52.00934516391423
0.9999405924209469 0.010302963965052847 -0.0035581641645393335 -0.3026982954682983 -0.01028136225527573 0.9999289212519761 0.006037056897839327 -0.9247022365823457 0.00362011114450196 -0.006000115605262115 0.999975446406676 53.415836278372176
0.9999499367973579 0.008925307554185634 -0.0045235777528385215 -0.3106898245080843 -0.008894607856108502 0.9999375787160208 0.006761999728094323 -0.9419968524486106 0.004583648704798457 -0.006721425893555533 0.9999669057569609 54.87322352182291
0.9999712468628631 0.005585444929926234 -0.005129155026026668 -0.31879127142061575 -0.005546766398328991 0.9999563066947674 0.007524499498757471 -0.9409046221978797 0.005170959036568992 -0.007495833077265616 0.9999585359811075 56.27061524726824
0.9999776088418394 0.004015058379347877 -0.005353606538791706 -0.34341527268329464 -0.003976811532074173 0.9999666322373033 0.007135782193288547 -0.9647552181068387 0.005382078943343732 -0.007114332278313182 0.9999602089659325 57.69844514637155
0.9999814027643268 0.0030514209899476473 -0.005280429852064509 -0.3625669887267913 -0.0030118889811295672 0.9999675006808928 0.00747837616842361 -0.9922857533101879 0.00530307836970465 -0.007462333176543177 0.9999580945999854 59.1449615852576
0.9999834556929125 0.002707159001064088 -0.005075393164707552 -0.3657461335747847 -0.0026661067411602795 0.9999638189419142 0.008077913365241905 -1.018922170548478 0.005097078164593222 -0.0080642483469951 0.9999544928171581 60.5508644585418
0.9999895953138837 0.0008701517715005123 -0.004477955990613306 -0.3851118636262418 -0.0008290865163370189 0.9999576637129091 0.009164245514906412 -1.035217617516033 0.004485741081499737 -0.009160437735740315 0.99994798090649 62.002278937631466
0.999989864510585 -0.0016401764064868252 -0.004192933584659271 -0.3917522512812174 0.001676643755389588 0.9999606734677148 0.008708638155078479 -1.0493769323391142 0.004178485348579783 -0.008715580118604883 0.9999532883760097 63.40377050656825
0.9999912134056832 -0.0018415924259320617 -0.003765852437050395 -0.40542095804507283 0.0018716816255172405 0.9999662308445006 0.00800212305555409 -1.0783183693506209 0.0037509889417926537 -0.00800910138045435 0.9999608914284416 64.81910894473688
0.9999935672072638 -0.001986572010962976 -0.0029864817740559387 -0.4152014524372492 0.0020104824705880053 0.999965781165759 0.008024615408255494 -1.0987664952426044 0.0029704383614357756 -0.00803056821599877 0.9999633425669952 66.27480541844834
0.999997026268793 -0.00040153981722765644 -0.002405455428055703 -0.4294305399824484 0.0004204319961753529 0.9999690329372297 0.00785852407080856 -1.1174982002385971 0.0024022256372552434 -0.0078595121886528 0.9999662281230401 67.63728262061782
0.9999954639010306 0.0024588406181688185 -0.001739618597484388 -0.45008438513944216 -0.002442558884257695 0.9999537664456863 0.009300477329047558 -1.1363704244133825 0.0017624067164650123 -0.009296186206842468 0.999955236423371 69.11553686937211
0.9999840839021052 0.0055771676524093055 -0.0008527197578346317 -0.4657022469905815 -0.005568035219029684 0.999930814629587 0.010361609212668738 -1.1504744778813207 0.0009104492787929025 -0.01035669653177694 0.9999459535015138 70.47265068036224
0.999952376047307 0.00975882837548341 0.00010432731764616304 -0.4888854222974473 -0.009759383870652106 0.9998869000194144 0.011442972244420436 -1.1758677405349256 7.3544932709486074e-06 -0.011443445688219306 0.9999345216067052 71.92617457498193
0.999910549352009 0.013366766113353454 0.00047204407355658554 -0.4963062325020773 -0.013371112718228474 0.9998514070691756 0.010880126643740985 -1.1794534733913142 -0.00032654184263104357 -0.010885465388400389 0.9999406982501573 73.29323015082916
0.999844672317458 0.01757741609943473 0.0012905947741497453 -0.5105184853766178 -0.01759017842345039 0.9997885524807585 0.010650633604215911 -1.202472610279945 -0.0011031113481533674 -0.010671681281235188 0.9999424475268895 74.68369415477942
0.9998250126303155 0.01858295915273315 0.002148883011351193 -0.5288946431990479 -0.018604710601799614 0.9997708504844968 0.010588263015684548 -1.2102721180142115 -0.0019516294941798358 -0.010626389772026014 0.9999416337885384 76.13538148177882
0.9998194354225503 0.018843585775345277 0.0024527078972505062 -0.5332865416500399 -0.018869483948941855 0.9997614169619624 0.011002353352573154 -1.22483518843545 -0.00224479911551829 -0.011046648279924891 0.9999364642013794 77.50206588623855
0.9998329479309196 0.018102862863330293 0.0025224076878318166 -0.5366583867643738 -0.01813014075466835 0.9997723795814942 0.011246646995786853 -1.2522344951489486 -0.0023182372159707507 -0.011290500061072649 0.9999335729864666 78.90697995776654
0.9998523252710431 0.01704033350226942 0.002225902212344203 -0.544970014244611 -0.01706241944900931 0.999801256323317 0.01031124336506662 -1.2638606785379765 -0.002049752968472874 -0.010347700147534129 0.9999443602596672 80.28957711345234
0.999852764622814 0.01704634269600995 0.001967544896215888 -0.5476551396504673 -0.0170660566927916 0.9997994447013555 0.010479509845766104 -1.288025069235634 -0.0017885131222178938 -0.010511545342709388 0.9999431527024019 81.67090842554943
0.9998673027700095 0.016215632362120116 0.0015588705125651045 -0.5590330525317987 -0.01623164776520862 0.9998090917448474 0.01087721079054146 -1.2949478643978412 -0.0013821921689873527 -0.010901070678025922 0.9999396262798649 83.0714316670669
0.9998645166935182 0.01640605535493102 0.001337745373324165 -0.5757341006687016 -0.0164188018037314 0.9998136869376002 0.010149600982324132 -1.307253815071597 -0.0011709813100671442 -0.010170190269039425 0.9999475966441337 84.43269905982852
0.9998649568549819 0.016426590837836746 0.0004848951820868375 -0.5797095972839564 -0.01643079733682737 0.9998092520815612 0.010558806340001918 -1.317399996455487 -0.0003113575166208214 -0.010565347880623688 0.9999441366815507 85.83764554266835
0.9998678979714598 0.016242726131897634 -0.0006003411223775275 -0.5914736255453555 -0.016234986799116398 0.9998054509007177 0.011202035175661929 -1.3353405841951695 0.0007821759901941634 -0.011190809067542246 0.9999370750194122 87.19796705463104
0.9998876622643268 0.014892112118713545 -0.0016993548116819432 -0.6005240595564293 -0.014869354519910803 0.9998087906902061 0.012699779056640458 -1.3551637966188455 0.001888156581711653 -0.012673084345794738 0.9999179105336576 88.58468073250313
0.9999175480695133 0.012508320417648808 -0.002904986632014875 -0.6010241060923633 -0.012468615489272732 0.999833727089265 0.013306082345765687 -1.3734929737405916 0.0030709406223829315 -0.013268764345875716 0.9999072503123752 89.97509569903166
0.9999269735127687 0.011464486416213115 -0.003822716122269151 -0.6140971378572742 -0.011410909250974864 0.999840287465673 0.013754662184326775 -1.3892544847075472 0.00397979607104949 -0.013710037345140343 0.9998980928636204 91.33481749811291
0.9999346255560722 0.010665261922833494 -0.004122713873794369 -0.631492572223608 -0.010609466866377171 0.9998549095252837 0.013326632359254468 -1.4044198241138997 0.004264248102372465 -0.013282021615253251 0.9999026973177751 92.71477730382591
0.9999547358516606 0.008332644004419389 -0.00459274045227298 -0.6431937848431948 -0.008270943972788776 0.9998774296585613 0.01329350057858241 -1.4212792922638486 0.0047029479340247975 -0.01325491283209541 0.9999010898988798 94.06560542332323
0.999955742023956 0.008151517529542514 -0.004697523673274597 -0.6643259998624972 -0.008090387110696451 0.999884206471641 0.012888727524765501 -1.4295591218259827 0.004802042834468913 -0.012850152574214641 0.9999059025617497 95.43583340713248
0.9999588404738208 0.007867424990735093 -0.004518955278849798 -0.6719825374034466 -0.007811395493553908 0.9998940184706101 0.012285517450328565 -1.4396348237676775 0.004615132139493154 -0.012249712688568145 0.9999143188833494 96.78912527350097
0.9999472983305625 0.00929917346087498 -0.004350391403253595 -0.6910933824762817 -0.009247513105794584 0.9998882264021446 0.011748115587101494 -1.454323491005182 0.0044591532947539396 -0.011707266381776571 0.9999215248601439 98.11873628161439
0.9999318004519591 0.010964085598876348 -0.004022839635174235 -0.7127340475621995 -0.010916018020256279 0.9998710004423604 0.011782319208670892 -1.4600076377842415 0.004151503406640409 -0.011737602512995476 0.9999224938558511 99.46779535842255
0.9999307343257625 0.011084331094465645 -0.003957792509954752 -0.720186700457686 -0.011031073737535958 0.9998515787988181 0.013233888547219226 -1.4732808167045712 0.004103894248740761 -0.013189313463776782 0.9999045954866665 100.80411723302883
0.9999289649947867 0.011274799951336756 -0.003865723315275427 -0.7445062492114923 -0.011216813563528556 0.9998289220527958 0.014707472254863824 -1.4815588027179813 0.004030886134512166 -0.014663066712699329 0.9998843665371553 102.14401447615022
0.9999344063090566 0.010861977499578433 -0.003633248155341002 -0.7560429849476735 -0.010810263099720554 0.9998440762396098 0.013962859287401297 -1.5031620591087276 0.0037843462394133087 -0.013922667329268217 0.9998959136183975 103.48793199123605
0.9999350737302825 0.010821149610536386 -0.0035708561134715575 -0.767393720436045 -0.010779026755451147 0.9998744781330914 0.011612087707866052 -1.5111283868475263 0.003696064352352894 -0.011572843664132854 0.9999262014813467 104.812498086176
0.9999470133556789 0.009635005433988049 -0.0036245169324476056 -0.7786626092900167 -0.009596623951376993 0.9998992209444331 0.010461968328751988 -1.5225698697982946 0.003724953101370568 -0.010426631074066587 0.9999387031710135 106.14312836005898
0.9999585046379138 0.00848440584521728 -0.003317202930694872 -0.7915232672465057 -0.008445141330660702 0.999896160051042 0.011676845337463949 -1.541559036317562 0.0034159298649040328 -0.011648346793828413 0.9999263210110321 107.50203363189281
0.9999808073940625 0.005499948417312314 -0.002852261376835424 -0.8009050803729643 -0.0054613160244638935 0.9998955696746472 0.013379976743853118 -1.5360331827594915 0.0029255529538498386 -0.013364143116463124 0.999906416035655 108.82163108863618
0.999988964089751 0.004290853685097209 -0.0019131811064351408 -0.8151012939646443 -0.004263061049765347 0.999888635001573 0.01430188474417198 -1.558467925464413 0.0019743355180020065 -0.014293571188612606 0.9998958924964609 110.17948132384818
0.9999925131002951 0.0036277292933684932 -0.001346593687316463 -0.824922526109181 -0.0036091649463969025 0.9999017918054377 0.013541812059821556 -1.5703343513785657 0.0013955875977213702 -0.013536850865619163 0.9999073987183369 111.48110123464889
0.9999921388549423 0.003924384741484362 -0.0005669430648828177 -0.8369854193648485 -0.003917639659745658 0.9999268235513302 0.011445507643458603 -1.5886845785697215 0.0006118182142638669 -0.011443196819070911 0.9999343373092751 112.82225192244607
0.9999706931638349 0.007642550667228892 0.0004519039612089471 -0.8414285762317497 -0.007646496067399026 0.9999257367498291 0.009489578297653975 -1.6068823643975232 -0.00037934584326316666 -0.00949275586264284 0.9999548708243524 114.16952328947467
0.9999410874872808 0.010678162019629778 0.001948945491975748 -0.8586235525232493 -0.010694980385423167 0.9999037936689184 0.008832939657944676 -1.606269498010607 -0.001854438580522505 -0.00885326340224811 0.9999590895555909 115.48080453408522
0.9999315911096626 0.011176164612105088 0.003450568569317817 -0.8718621074684912 -0.011214441869535558 0.9998734880929291 0.011280253747470537 -1.6229413423925267 -0.0033240623310176833 -0.011318178507398859 0.9999304223018374 116.85056080844205
0.9999196532355803 0.0119021653300938 0.004361824183386013 -0.8791998783499717 -0.011958500923187298 0.9998423474942967 0.013125335655954404 -1.6209630279305494 -0.004204916961330215 -0.013176442221623823 0.9999043454470513 118.14368308137537
0.999924175209383 0.011117229123292379 0.005296322128171753 -0.8782043883526 -0.011191704713894662 0.9998358869235687 0.014245876088079685 -1.6418356530119604 -0.0051370786871910105 -0.014304071057098534 0.9998844953163166 119.51108113687016
0.9999162948769488 0.011335914644975756 0.006237007150448199 -0.880151701259402 -0.011420738613932432 0.9998404214389968 0.013736753889570156 -1.6531499838819532 -0.006080293691623652 -0.013806835557155592 0.9998861941840291 120.83659592086605
0.9998830343652098 0.013228743232582794 0.007675800609662631 -0.8770509714320942 -0.01333229709399156 0.9998186248383486 0.013600268673917552 -1.6626491773101901 -0.007494494571004863 -0.013701014238096242 0.999878049943406 122.1405986839591
0.9998521469524361 0.014799752735856736 0.00875508550469508 -0.8815916442380493 -0.014912815724947317 0.9998043796327434 0.012992706709414641 -1.6656394124073723 -0.008561084698775284 -0.013121348937905182 0.9998772614820779 123.50980850452305
0.9998290310283062 0.015562213944377151 0.009986299413269206 -0.883244553544217 -0.015686375678263406 0.9997991031580046 0.012477619121669602 -1.6771205779756078 -0.009790114637056176 -0.012632134933118726 0.9998722832543092 124.84845113253425
0.9998047904302801 0.01639555179358472 0.011025737006288934 -0.8787821061713774 -0.016524834381260685 0.9997945491562642 0.011738371525847547 -1.6821454474042108 -0.010831015587668965 -0.011918278800001738 0.9998703134553578 126.18252870593219
0.9997997343346933 0.016106242315343546 0.011877716361933214 -0.87470926492082 -0.016241512715064833 0.9998033196797987 0.011381355856307883 -1.6993064149490928 -0.011692070353281327 -0.011571988873723802 0.9998646831256689 127.51272165286068
0.9997912882813245 0.015840689121251077 0.012901643637741305 -0.8714675017658696 -0.015999281453560603 0.9997965510169788 0.0122833059560474 -1.7071090866071241 -0.012704443844941253 -0.012487159561833773 0.9998413213862284 128.84127962737244
0.999785411518633 0.015475269643362977 0.013771234814309884 -0.8635658363006268 -0.01565642883852699 0.9997910114594717 0.013145709441990717 -1.719347073304463 -0.013564924522283054 -0.013358497146156265 0.9998187552634279 130.21760014206959
0.9997996719395692 0.014165028165926661 0.01414100191854849 -0.8470960913819761 -0.014358498214440307 0.9998033951962404 0.013674959377850742 -1.7212395077494906 -0.013944516712983268 -0.013875263723533869 0.9998064950332548 131.54102615265282
0.9998103271488252 0.013427277367527725 0.014107371132714805 -0.8370144740956812 -0.01362255156920562 0.9998114467744795 0.013838244676457829 -1.741322747634345 -0.013918902358601768 -0.01402779860333176 0.9998047234455311 132.88369765269815
0.9998422757810193 0.010968085597119826 0.013968702108612284 -0.8265295986185817 -0.011175364996445785 0.9998273060840746 0.014848206811961952 -1.7369728889145064 -0.013803434550553656 -0.01500197052757509 0.9997921814437204 134.20641909559635
0.999866437030461 0.009423941588297912 0.013352805294019008 -0.8090270534411994 -0.009623265913460279 0.9998420417421542 0.014942701665360462 -1.7582640543173809 -0.013209878065271245 -0.015069203763258971 0.9997991889475368 135.54382266171515
0.9998805785774657 0.00947078583474619 0.012211993453947207 -0.804177172931084 -0.009647629844264245 0.9998482604584148 0.014504458351841033 -1.7684009996684553 -0.01207277280200588 -0.014620543286885952 0.999820227776275 136.88420042971646
0.9999058516613465 0.007908801508478423 0.011213325184978553 -0.7946183532675111 -0.008087223626032727 0.999839980172149 0.015956530744667782 -1.7812105204053912 -0.011085334720551565 -0.016045713445457042 0.9998098071305992 138.2190578589556
0.9999251055389254 0.006884473759138959 0.010118662292239382 -0.7772317035570107 -0.007048773117475659 0.9998424262293616 0.016292253263535596 -1.788731121589252 -0.010004905099137545 -0.016362357538381434 0.99981607065005 139.5598204179888
0.9999461147530425 0.00550127637256894 0.008803609746968366 -0.779164604749131 -0.005647195323244445 0.9998456520519102 0.01663674431134145 -1.7987225593492564 -0.008710728322496013 -0.016685563866044424 0.9998228418930749 140.9183556013561
0.9999622784062827 0.004226402303067791 0.007588101659905038 -0.7792751288283952 -0.004348988854687449 0.9998591201642125 0.016211912941204613 -1.7916835816676324 -0.007518515205740964 -0.01624430228884368 0.9998397844518452 142.23630441696554
0.9999717520535606 0.0037250668784094883 0.006528320696248759 -0.7729193269303976 -0.0038279327458207993 0.9998675946877924 0.01581581563376491 -1.7891646208533725 -0.00646854187503898 -0.015840359151815024 0.9998536097792031 143.58891623966545
0.9999820507166173 0.001663303554947363 0.005756011553022598 -0.7636459217665814 -0.0017424319933296963 0.9999036780703121 0.013769477463175169 -1.805313442419199 -0.005732554775491427 -0.013779260037797605 0.9998886287022329 144.94335826897714
0.9999886907763568 -0.0011253101301511217 0.004620822818491558 -0.7790599367722845 0.0010659881308157614 0.9999172464907242 0.012820445901033253 -1.8279753082172212 -0.004634867788078495 -0.012815375417416518 0.9999071377648466 146.24543031478547
0.999941650903194 -0.010225515371519096 0.0034833372733525667 -0.7687228413107745 0.01016882327205142 0.9998215290205964 0.01592184422209467 -1.8259458283950063 -0.0036455249560932218 -0.015885494058039917 0.9998671717927803 147.6261639627674
0.9998447503917756 -0.017517492316552967 0.0019006809773710724 -0.7588683915379286 0.017481698780848626 0.9996949195214228 0.017448727009783727 -1.8327688930282884 -0.002205759229089385 -0.017412791297429668 0.9998459528001077 148.9482944806793
0.999809113173156 -0.019510453307969335 0.0010389591946738457 -0.7320057433092605 0.019493367748014842 0.9997050094282199 0.014488020058253868 -1.8474564331204977 -0.0013213206488877172 -0.014465001941520532 0.9998945033526017 150.24848673425635
0.9998254598023966 -0.018651457035416125 0.0010830931410118873 -0.7535517704793047 0.018637782406234853 0.9997601627396456 0.011500002353337811 -1.862063883561682 -0.0012973252736736233 -0.011477808897266194 0.9999332862007998 151.64572600793082
0.9998768528507651 -0.015539038541605106 0.0021948637885181987 -0.7621042523901809 0.015518472686063484 0.9998382094022354 0.009095713964981964 -1.8703859015164144 -0.002335847518975028 -0.009060533084775118 0.9999562243199849 152.96349208300475
0.9998697806813058 -0.01584611964096179 0.003053225515850783 -0.7666511801787599 0.01581699899883483 0.9998313064921116 0.009337081378466911 -1.8806948229143161 -0.003200667226941935 -0.009287572813489908 0.9999517471955374 154.3326884805158
0.9998125660257725 -0.019067112961336508 0.0033582781220134086 -0.7727840672943915 0.019024368018281584 0.9997429755845313 0.012331106158282649 -1.881572451848365 -0.003592533848851749 -0.01226490599537487 0.9999183295557739 155.6575873093343
0.9996078903587832 -0.027755291594187416 0.003702609990731541 -0.7699136612620807 0.02769563153927368 0.9994993993356515 0.015293878511916948 -1.8763129369507645 -0.004125242853597681 -0.015185335787379798 0.9998761863101048 156.9968363463777
0.9995565629733326 -0.029541504959171804 0.0037385689440016866 -0.7538891868029459 0.029476115434634236 0.9994296183602492 0.016480187034460657 -1.8943355987483135 -0.0042232864012890555 -0.016362680916046472 0.9998572030683324 158.35045373109384
0.999519812636583 -0.03077940520993995 0.0035738431609390053 -0.748778233788207 0.030714845176353894 0.999385334016288 0.016898297044473164 -1.9137855528622245 -0.004091766303010642 -0.016780412960268536 0.9998508264697588 159.67891967551571
0.999543225598702 -0.02986428621701403 0.00463298657195166 -0.7525661228594829 0.029780645665684898 0.9994088215759971 0.01717907161311202 -1.9044147004613166 -0.005143288780396555 -0.01703325163018622 0.9998416949305835 161.04462701287682
0.9995933888380829 -0.027896590945973895 0.005902305130921996 -0.7561552753907048 0.027793545064770584 0.9994712453743692 0.016874493183875496 -1.8969939012428254 -0.006369925616204392 -0.016703586145657652 0.9998401943604676 162.3867054944653
0.9996676038231794 -0.024853713525238987 0.0068538162641020315 -0.7627790801455887 0.02474657159475797 0.9995767018392238 0.015297853700766783 -1.9055830190066114 -0.007231124126676173 -0.015123160570984352 0.9998594905575129 163.7369188378405
0.9996929450447168 -0.023602698431010975 0.007545082084473996 -0.7649291028487648 0.023489401398189946 0.9996150060517378 0.014767792316918986 -1.8993925420958027 -0.007890737675325284 -0.014586028594455139 0.9998624825584457 165.08516034794116
0.9997103946424898 -0.022762899505278253 0.00780879377081947 -0.7656158997575908 0.022635535122807592 0.9996152843482164 0.016028594350140646 -1.9016762885837373 -0.008170647563998117 -0.015847196445958344 0.9998410408075877 166.42935061490385
0.9997335301719659 -0.021793815988689402 0.007609089696582358 -0.7601558483604016 0.021669836631171807 0.9996369387024667 0.01601277460114962 -1.8992595772724192 -0.00795530725157709 -0.015843620238344784 0.9998428340415944 167.76354364825937
0.999819447290947 -0.01757314637659612 0.007228925266216733 -0.7578739764634675 0.01747264370720425 0.9997529450443248 0.013738834856884666 -1.9284719597279922 -0.007468574499242586 -0.013610046086194991 0.9998794862577609 169.15184836761446
0.9998699317041618 -0.014664207646717805 0.006714216590230674 -0.7634032862284639 0.014588363536905045 0.999830752955266 0.011209151641972667 -1.9298656693580143 -0.006877454127276429 -0.011109744456387854 0.9999146334563351 170.5584265896202
0.9999393867036929 -0.008964681620614682 0.006391980742058777 -0.7692103306123652 0.00890274342393212 0.9999137712139693 0.009653563270828351 -1.9403459760789914 -0.0064779712295818135 -0.009596072149021414 0.9999329733960658 171.910772713492
0.999959573890262 -0.005879731534451649 0.006802893217449112 -0.7728826551971231 0.005806725067106973 0.9999258699833338 0.010702171330844473 -1.9495397871937525 -0.006865315384258828 -0.01066223635317712 0.9999195888458516 173.26340945042483
0.9999703470883111 -0.0015667458865945751 0.007539911176033197 -0.7837418730283476 0.0014672867912550267 0.9999120828084713 0.013178532379393308 -1.9747410228020792 -0.0075598963277386 -0.013167078637625482 0.9998847313595469 174.63230124449922
0.9999710346629179 0.00039553963948717706 0.007600880848209608 -0.7837404748819338 -0.0005127507260402359 0.9998808966760362 0.015424964929783689 -1.9795508477732418 -0.007593875002282232 -0.015428415795858016 0.9998521375925101 176.05632180028917
0.9999745776734251 -0.002639834140275738 0.006623842755405248 -0.7823120726202294 0.0025282471530168465 0.9998556990633728 0.016798482233871453 -1.978094153922418 -0.006667232685310802 -0.01678130878908711 0.9998369545505054 177.4547106382489
0.9999755570868448 -0.00459351167227811 0.005271137562790549 -0.780051040114562 0.004504970011259433 0.9998505935081805 0.016688196214480342 -1.9788904002389631 -0.005347007882818819 -0.016664042310277623 0.9998468478734087 178.85615970785165
0.9999660454056966 -0.007662946049949576 0.003031056921529552 -0.7779536890046999 0.007622563512342756 0.9998849071334384 0.013117507332023402 -1.977753179353628 -0.0031312270729819862 -0.013093957758153453 0.9999093677370767 180.19515040922798
0.9999891476416068 -0.004433049405577413 0.0014327176773375227 -0.7910966007995931 0.004419939174073921 0.9999494786945492 0.009027966964091532 -2.0015239931069506 -0.0014726668349898792 -0.00902153663759027 0.9999582206921543 181.61077178311487
0.9999992655286237 -0.0007416129704398023 0.0009586213939319333 -0.8209742557365982 0.0007335100856890094 0.9999642350330246 0.008425592803188815 -2.0108221265759236 -0.0009648357124339476 -0.008424883621069563 0.9999640445681759 183.00715787999988
0.9999969040169624 0.0024057475630278177 0.0006358709004866644 -0.8394402940924859 -0.00241173951844166 0.9999510444659683 0.00959646732237596 -2.012063855618727 -0.0006127531373808007 -0.009597971357371005 0.9999537506713059 184.33183361448653
0.9999868017527606 0.005038445264575303 0.001005177202777243 -0.832970355131998 -0.0050507795310371535 0.9999069708131174 0.012670412399082105 -2.026962706324097 -0.0009412445822280641 -0.012675322353205619 0.9999192218701327 185.7800586888434
0.9999746457217051 0.006974804912665339 0.0014352692077797735 -0.8471322404937356 -0.006995804113147192 0.9998602079719482 0.015186284828721336 -2.0451048919985637 -0.0013291472950579897 -0.01519594095742294 0.9998836516068117 187.14356148398366
0.9999873458233258 0.0047844813334688785 0.001554646099570387 -0.853226011118472 -0.004808280786870742 0.9998654472860001 0.01568335938764932 -2.0367714710665545 -0.0014794002901451688 -0.015690636414336052 0.9998757999414472 188.5961868703962
0.9999900889794666 0.004221862098231411 0.0014134416261335316 -0.8508190609856812 -0.0042445854154384895 0.999855200133665 0.01647914623725844 -2.0474504892517875 -0.0013436643775842727 -0.016484982712865706 0.9998632106026498 190.0159591186681
0.999998009211345 0.0012699992576072341 0.0015390501022038235 -0.8583200971400556 -0.0012961880238176841 0.9998523221974887 0.01713632653101997 -2.0537747469643897 -0.0015170598111510366 -0.017138287652052935 0.9998519778606322 191.3621679578345
0.9999982703211134 1.2883134683141367e-06 0.001859934320066154 -0.8674269187780282 -3.3421180946407655e-05 0.9998507509010729 0.017276423166334792 -2.057309759958849 -0.0018596346123080012 -0.017276455783871783 0.9998490215228827 192.82470916520094
0.9999928655424053 -0.0030322552762302862 0.0022526206048135012 -0.8648059498859878 0.002990875464057109 0.9998307762644036 0.01815140450016602 -2.0560957481245494 -0.0023072792801455654 -0.018144538045466507 0.9998327121109956 194.19222429645933
0.9999630495648686 -0.008224247433194472 0.0025022532630319437 -0.8662545035197806 0.008173391137535107 0.9997725737990958 0.019697622633518888 -2.0518440536301643 -0.0026636825161237944 -0.019676443282500643 0.9998028517572495 195.6362664193534
0.999927236540508 -0.01174072210028369 0.002770754915059296 -0.8594192448287661 0.011681568296876494 0.9997220453389158 0.02047859869890352 -2.0609309410634964 -0.003010418544229361 -0.020444742233966296 0.9997864521497739 197.05046153846902
0.9999470185226439 -0.009850782475013748 0.0029870128677509846 -0.8666032400588339 0.009798451931552751 0.9998065340446076 0.017055345318997744 -2.0675956317406348 -0.0031544437313603957 -0.017025173925056137 0.9998500852335331 198.4685893557388
0.9999885053242996 -0.0034799749663177865 0.0032983332940653247 -0.8853869414500206 0.0034402910729235507 0.9999225365180832 0.011961828930877981 -2.0755826741303753 -0.003339704931239703 -0.011950344437101282 0.9999230148561439 199.904236148897
0.9999650077592753 0.006856730376459863 0.004792545954295935 -0.8976200134243487 -0.00690913698997967 0.9999155702399116 0.01100528183158665 -2.0719283017123136 -0.004716681460664915 -0.011038009307611724 0.9999279550372564 201.35021742682272
0.9998977892553009 0.01289947773012137 0.006165589273891583 -0.9202676269576227 -0.012988944410341128 0.9998076141327199 0.014697689303958317 -2.0701620519641066 -0.005974811079582741 -0.014776271834777832 0.9998729736437788 202.78753129039225
0.9998679159733668 0.014618245501521488 0.007103342487571402 -0.9157806983405482 -0.014736707512946116 0.9997482242467586 0.0169209218682269 -2.0720298741169976 -0.0068542004145895515 -0.017023367106479784 0.9998315982755958 204.21192700301341
0.9998763291793598 0.014246403000031178 0.006660804641357705 -0.9154116739892623 -0.014361364871254913 0.9997429745277735 0.017542408879791197 -2.082553460414311 -0.006409176946692269 -0.017635897994773716 0.9998239332776403 205.6949175534333
0.9999287231994306 0.01069524652833877 0.005306618826981328 -0.9077066972042488 -0.010788848801159392 0.9997809399341604 0.017935241898326525 -2.0882711680721795 -0.005113634943374575 -0.017991216198466407 0.9998250681396257 207.11661835898968
0.999954363473552 0.008617123349704011 0.00412506259555757 -0.9045528852971969 -0.00868828576396466 0.9998081357977171 0.017555776642655417 -2.0883692725153327 -0.003972991172995165 -0.017590815530689356 0.9998373760535846 208.55282818695187
0.999950298775931 0.009250353565499539 0.0037189945901591123 -0.9132358217651935 -0.009312531613805037 0.9998110222200064 0.01706448401836062 -2.089177550398448 -0.0035604395599146835 -0.017098269488496895 0.9998474745951164 210.04915331741955
0.9999423918287681 0.01014191492549621 0.003514906338577781 -0.9205126602620675 -0.010200654528699846 0.999801456446529 0.01711707771706205 -2.0947189248782307 -0.0033406087997162456 -0.017151946321886238 0.9998473138805088 211.5050641216855
0.9999296531606601 0.011365324589301708 0.003393833280223699 -0.9242869585094723 -0.011423973104562283 0.9997764334689565 0.01779258094516347 -2.087708391698681 -0.0031908563309541327 -0.017830100710978257 0.999835939516613 212.95074698730093
0.9999373873104658 0.010779417107997576 0.003004264351285268 -0.9383243384477599 -0.01083177255858186 0.9997794485372816 0.0179924151198955 -2.101654814543193 -0.002809654232613068 -0.01802383043576554 0.9998336098494772 214.38830941138193
0.9999280045475445 0.011675310893878002 0.0027699842693028505 -0.938425182263396 -0.011721552414509378 0.9997814609416722 0.017309985145876675 -2.106612274092586 -0.0025672796651010597 -0.01734120777010667 0.9998463339898878 215.86964469847797
0.9999398776545112 0.010687609105515401 0.0024527670777248194 -0.9481645535184118 -0.01072754473675181 0.9997997862206652 0.01689104122792725 -2.1035276038228647 -0.00227175133293471 -0.016916338207218145 0.9998543277159733 217.34167988539664
0.9999427387733332 0.010543644615959675 0.0018304947015697283 -0.9455888153969874 -0.010573324734657595 0.9997988736445941 0.017041627833144318 -2.1097230713685726 -0.0016504457996677703 -0.017060006766514105 0.9998531053127188 218.79990322136186
0.9999175569678338 0.01272918092086928 0.0016873623464308328 -0.9568938530172295 -0.012755686472882359 0.99977821144001 0.016757697204360572 -2.1198886616292416 -0.0014736764610259077 -0.01677783945328474 0.9998581561334934 220.2816424583862
0.9999433968037665 0.010524501380749889 0.0015614215026503759 -0.9655329797786908 -0.010549139107026219 0.9998046815963993 0.016712699912557562 -2.1131263032514314 -0.0013852237992163093 -0.016728225909602032 0.9998591138849121 221.78381521730617
0.9999217400089749 0.012456865794182807 0.0011577233435198528 -0.971552264943033 -0.012474329031291514 0.9997851977803888 0.01655141797180675 -2.122002204511438 -0.0009512959373984672 -0.016564564815148536 0.999862345643021 223.26239288648017
