1.0 -3.469446951953614e-18 0.0 -1.7787691892340307e-19 0.0 0.9999999999999999 -3.5405977195229754e-19 0.0 2.168404344971009e-19 -2.354751593366955e-19 1.0 0.0
0.9999998184236251 -0.0001920850232811945 -0.0005711877703400902 0.0023623220759034095 0.0001924746445146272 0.9999997488292218 0.0006821250560820844 -0.022605926090915572 0.0005710566496940094 -0.0006822348851515522 0.9999996042253559 1.3271691435190551
0.9999996106291743 -0.0006537789352943687 -0.0005927180634304468 -0.007919513178060316 0.0006544457365945475 0.9999991525635218 0.001125420722648312 -0.03902273942997718 0.0005919818357649513 -0.0011258082084223669 0.9999991910569219 2.628002273801946
0.9999985244154309 -0.0013027885225958633 -0.0011197808784350139 -0.009237918093241298 0.0013039059154677044 0.9999986522689209 0.0009976409880589597 -0.0746863043332523 0.001118479749464476 -0.0009990996244713523 0.9999988754018504 3.9515879976599413
0.9999979703940859 -0.001937228998920874 -0.0005534921413556564 -0.02262172482950816 0.0019378220718998269 0.9999975470087418 0.0010727623416835195 -0.08804861158533576 0.000551412644931519 -0.0010738327538173656 0.9999992714139098 5.267169937196659
0.999997036378921 -0.002257119790703626 -0.0009124941099497561 -0.018649532155090798 0.0022585203953163664 0.9999962688856073 0.0015366511946255576 -0.10716273517368945 0.0009090223777324522 -0.0015387075564707359 0.9999984030282704 6.588547945280161
0.9999934119286554 -0.0035640749000146067 -0.0006880939448463098 -0.02745835817716638 0.003565774164919891 0.9999905575658861 0.002483954156186457 -0.14381065598129011 0.0006792345085711311 -0.002486391426161097 0.999996678244332 7.923302919618288
0.9999934488604734 -0.0035843750530780826 -0.0005044757888072321 -0.0465135028782244 0.0035858147715182205 0.9999894178086839 0.002882047455111991 -0.16242385186491953 0.0004941401556974973 -0.002883837585649996 0.9999957196446488 9.238816185896198
0.9999943853945131 -0.003178870621352933 -0.0010601716006701494 -0.045096460260239266 0.0031813286672287087 0.9999922372690773 0.002324767636819906 -0.18721029828362878 0.0010527733263801051 -0.0023281273827818905 0.9999967357413443 10.570550192816047
0.9999993687847709 -0.0006551737587281326 -0.0009127852844807026 -0.0661500682084681 0.0006551678753710898 0.9999997853539264 -6.791070508366857e-06 -0.2039312015990779 0.0009127896150635379 6.1930385071391005e-06 0.9999995833890292 11.891690629798024
0.9999974609329536 0.0020534361254247926 -0.0009281824258260142 -0.0662545312698439 -0.0020541173362308854 0.9999976213487369 -0.0007334183965482445 -0.23049241334906068 0.0009266742677488995 0.0007353231421284433 0.9999993002877952 13.229593873260853
0.9999825763612736 0.005857678701218167 -0.0007311369104783881 -0.09360530603499091 -0.005858246053997207 0.9999825394364347 -0.0007757495008073443 -0.25272880800631503 0.0007265801134718596 0.0007800191746458177 0.9999994318260829 14.569979383574177
0.9999824980340419 0.005907204708004316 -0.00032946281567014816 -0.11424904217719009 -0.005907192547231523 0.9999825516300411 3.903269550063731e-05 -0.28002457526652186 0.000329687668709484 -3.70858175854426e-05 0.9999999449655997 15.920241422566376
0.9999906106483816 0.004331838600978623 -0.00011739235633997339 -0.1043758587273754 -0.004331475290246993 0.9999863025266893 0.0029382117842349583 -0.30647546020984573 0.00013011862068403046 -0.0029376757755641266 0.9999956765561292 17.262322216780927
0.9999999873561882 -0.0001562310253649512 -2.9659686001431464e-05 -0.11691822874944668 0.00015637946430547243 0.9999871250157234 0.005072016049569641 -0.33460387636493466 2.8866904432920922e-05 -0.005072020723477298 0.9999871368041284 18.627756867929524
0.99999782463288 -0.002048658823199538 -0.00039208287747600893 -0.1084249613329046 0.00204997750041613 0.9999921439279651 0.003392590582577068 -0.368380182514624 0.00038512957205775306 -0.003393387029151607 0.9999941682834819 19.963717348896665
0.9999955365716997 -0.002976101696689706 -0.00026393034908640876 -0.1171557198051627 0.002976335947819233 0.9999951738453358 0.0008909017681138828 -0.36845357118455496 0.0002612776840638404 -0.000891683352532537 0.9999995683175634 21.31949843574183
0.9999996400300711 -0.0008475206433744761 4.061874141459733e-05 -0.13133911101730633 0.0008475283976465391 0.999999622813318 -0.00018991452916284913 -0.4259705847047585 -4.045777312587889e-05 0.00018994889076174383 0.9999999811412503 22.671777519461436
0.9999988284632028 0.0012981975201007499 0.0008110205823243987 -0.14202851828653626 -0.001299046153059446 0.9999986085281484 0.0010466245351423422 -0.4129499949299911 -0.0008096607960938875 -0.0010476768831351045 0.9999991234103764 24.03830705713363
0.9999969016163764 0.0018283319252479805 0.0016893664999236078 -0.15567470903154965 -0.0018379501259427897 0.9999820121519138 0.005709405724277062 -0.43823252490117887 -0.0016788975604628581 -0.005712493118343824 0.9999822742051087 25.42725200081094
0.9999983623890508 0.0003292533113620254 0.0017795542666415483 -0.1495241824763988 -0.0003409422110528873 0.9999783452277319 0.0065721254427636945 -0.4653417365265492 -0.001777351981625911 -0.00657272153369695 0.9999768199067617 26.800773052955616
0.9999898168830673 -0.004174916628839084 0.0017135370884340574 -0.14970770498606423 0.004164786066939248 0.9999740760319166 0.005873824481635095 -0.48936531301716485 -0.001738015536084043 -0.00586662826342127 0.9999812808117278 28.16817775154677
0.9999910497891122 -0.003910499150265336 0.0016150373654402225 -0.161158977375278 0.0039045857719523375 0.9999857205972263 0.0036486717439330953 -0.4999008652508058 -0.0016292825658844464 -0.0036423331031029227 0.9999920393914943 29.530806868815795
0.9999885778455767 -0.0041599673550731155 0.0023534780159501167 -0.16435859512586853 0.004155717869082707 0.9999897309649507 0.0018077521115485303 -0.5460264980948478 -0.0023609742355441073 -0.0017979511028105343 0.9999955965751283 30.916820155358543
0.9999944390232166 -0.0018100035528147047 0.0028010384041015665 -0.17900318044166946 0.001808264437196604 0.9999981708151494 0.0006233323824763192 -0.5407098309314827 -0.0028021617504902134 -0.0006182639065256214 0.9999958828093878 32.3024760377831
0.9999941851082864 -0.00014772967406124528 0.0034070412431709404 -0.18150554410924355 0.00015256945966155185 0.9999989797264117 -0.001420305812200752 -0.5898792760447993 -0.003406828234793009 0.0014208173946073394 0.999993187374259 33.68083716371973
0.9999935532602866 6.693938698344552e-05 0.003590119953866963 -0.19518816257806015 -6.271767358129177e-05 0.999999306513887 -0.0011760265610531028 -0.5867324534371409 -0.003590196491027677 0.0011757938415897407 0.9999928639712712 35.07790180400062
0.9999953437116754 0.00015386470489630634 0.003047767092520387 -0.1908536708715735 -0.00015555005024686652 0.9999998351389155 0.0005527445136697704 -0.6325440162573844 -0.0030476817993047153 -0.0005532160287974376 0.9999952027804293 36.470430776572414
0.9999949544635702 0.0012651942075110724 0.0029138175303556352 -0.2085755853492705 -0.0012704341589613874 0.9999975781489052 0.001797135285410137 -0.6464261127989056 -0.0029115369930394824 -0.00180082806531491 0.9999941399664171 37.87228380866667
0.9999917208163183 0.0032073111990669236 0.002504286546693008 -0.20750776230479803 -0.003213341490146725 0.9999919389054187 0.002407605884745706 -0.6652301726448543 -0.0024965446273128543 -0.0024156331276333873 0.9999939659711211 39.26449553666821
0.9999783687854726 0.0058429808476140165 0.0030201867639600413 -0.22380076391619996 -0.005850922040886162 0.9999794322375486 0.0026271323467059824 -0.6988949727675531 -0.003004774613650324 -0.0026447464501035477 0.9999919882890962 40.66411342120211
0.9999573813365888 0.008749342695665607 0.0029469471392175022 -0.2313443342181788 -0.008758099434144495 0.9999572317787278 0.00297158650109688 -0.7258118686305342 -0.0029208219198417346 -0.0029972695755235345 0.9999912425472637 42.08383257653911
0.9999534534119185 0.00926702135630533 0.0026857601555484462 -0.24021236559319964 -0.00927520540789375 0.9999523307401368 0.0030507100877674924 -0.7377324567396988 -0.002657361354477257 -0.003075479130292415 0.999991739893819 43.47134504684255
0.999958767376154 0.00874751164128508 0.002438149232845517 -0.254489968418923 -0.008755242437903427 0.9999566217743624 0.003178099747077859 -0.7669114081850777 -0.0024102432073705923 -0.0031993153611153224 0.9999919775209815 44.899421225744156
0.9999629895628269 0.008476465577990821 0.0014727591445948501 -0.24257250258041652 -0.008480450674772199 0.999960339222911 0.002720653499814843 -0.7999519008595836 -0.0014496393289121431 -0.002733042527700586 0.9999952144999622 46.30275262014226
0.9999676890962345 0.00802352435867034 0.0004937650330531372 -0.251734736542425 -0.008025116872003956 0.9999623153117458 0.0033114154213055675 -0.8242170516503493 -0.0004671772406812803 -0.003315271019685746 0.9999943953460223 47.731650388893925
0.9999651411043795 0.008338159326059127 -0.00043778578136042276 -0.26384020725159846 -0.008336225702115783 0.9999562292797622 0.004248162276626343 -0.8450667777627352 0.0004731885159656689 -0.004244364799724362 0.9999908806892943 49.12877234257713
0.9999561116851166 0.009266032255133828 -0.0013839533615156558 -0.2765321825686232 -0.009259956257239679 0.9999477315203903 0.004334450016774092 -0.8737401873872884 0.0014240443013012792 -0.004321444530907065 0.9999896485555778 50.559842776350514
0.9999544606227188 0.009188961006055015 -0.0025767521083658565 -0.2844436304869375 -0.009177299584059278 0.9999477544161688 0.004501736301454271 -0.8871974211715673 0.0026179839880704162 -0.004477883766559647 0.9999865472707211 52.00926918995361
0.999942332200655 0.010115442663297978 -0.003606946510638995 -0.30096150652882997 -0.010094279056679036 0.9999320073344465 0.0058383439355180235 -0.920942312501499 0.0036657590119110075 -0.005801597851528331 0.9999764515634686 53.41899220961984
0.9999536617843192 0.008569657387777242 -0.004385798598481447 -0.3162164624462904 -0.008540570394100331 0.9999416914089626 0.00660851392613319 -0.9379168110750135 0.00444217594911492 -0.006570750617409521 0.9999685456650206 54.87382762662654
0.999972023921643 0.005701181943735702 -0.004842300870544219 -0.325023604200541 -0.005665525961847037 0.9999569711866904 0.007345583700201658 -0.9436656924961554 0.00488397143954074 -0.007317944170852741 0.9999612965148633 56.265160951723615
0.9999768762991854 0.004334301284097409 -0.0052402939506973 -0.34556962869725344 -0.004297214805295019 0.9999657888349561 0.007067892953707926 -0.9714618986852511 0.005270749502492685 -0.00704521099558242 0.9999612913578797 57.696857532902946
0.9999813321476096 0.0031886939931999817 -0.005212251988006311 -0.36347928857440015 -0.0031509022433165315 0.9999688063438789 0.007242800423520669 -0.994997581722775 0.005235184921081087 -0.007226242068637051 0.9999601863458395 59.14709678220145
0.999981838148003 0.0033284092453392845 -0.005024445250692939 -0.36557483104289323 -0.0032880228667913234 0.9999623935022715 0.008024991619524942 -1.0279717656727563 0.00505096718832577 -0.008008325544436694 0.999955176227784 60.548718195254835
0.9999895380410331 0.0009243594943101254 -0.004479883691738419 -0.38323622384554823 -0.0008844250600771857 0.9999599320689652 0.00890797663076286 -1.0349271228294545 0.0044879387512639715 -0.008903921494325664 0.9999502880639576 62.00515943027064
0.9999901732265795 -0.0016912594168149424 -0.004097936887396349 -0.3951161714158119 0.0017261656272507375 0.9999621336512196 0.008529455477815905 -1.0503660433786954 0.004083356543704495 -0.008536445548864784 0.9999552266511915 63.40539906015617
0.9999910283997788 -0.002186712789203125 -0.0036278648969742863 -0.41177004438751397 0.0022145430741427625 0.9999680176431099 0.007685016878262178 -1.0752967836439322 0.0036109442561541947 -0.007692982147334263 0.9999638889060649 64.82144830347853
0.9999933332303936 -0.002347794565863358 -0.0027966683684582452 -0.42315764977330106 0.002369278156773451 0.999967521452856 0.007703411891705059 -1.0964731927474152 0.0027784917493731166 -0.0077099867725342365 0.9999664174834677 66.2732295302299
0.9999972556459321 -0.0005185320058289852 -0.002284692988087187 -0.4338913570431854 0.0005357225299841752 0.9999715054782125 0.007530021914032611 -1.1162714858168203 0.002280723528368601 -0.007531225360390504 0.9999690389961347 67.64340051921792
0.9999961750890152 0.0022777289129213138 -0.0015689970317562462 -0.4549542525695234 -0.0022634846293521794 0.9999567445176893 0.00902140410794651 -1.1355966249569232 0.0015894776184845315 -0.00901781838198909 0.9999580753801738 69.1169157575368
0.9999826214380872 0.005852266415675281 -0.000712591561845345 -0.46922822382491597 -0.005844748810975124 0.9999315988020492 0.010130974126772418 -1.155504150974017 0.0007718320524146643 -0.010126633351029358 0.9999484264585302 70.47321666678977
0.9999517875301808 0.009816078240396034 0.0002592322257952515 -0.49319598448306456 -0.009818375964574277 0.9998883807374194 0.011261686274864954 -1.1789224024946952 -0.00014865770096425036 -0.011263688790010887 0.9999365515969119 71.93021141369094
0.9999135054855891 0.013133882583324107 0.0006947260456179826 -0.501201580826694 -0.013140593972962432 0.999855897406459 0.010747522514037803 -1.18047873360795 -0.0005534692739178428 -0.010755722246786788 0.9999420023749451 73.28431764222019
0.9998574146704566 0.016825339929978367 0.0014346501480690392 -0.5175216616159656 -0.01683922799222734 0.9998052593536 0.010289985983425622 -1.197777686511738 -0.0012612383505883184 -0.010312677398439368 0.999946027525671 74.67791986369481
0.999836270457811 0.01796609033089632 0.0021568096786582737 -0.5274281315182214 -0.017987343774605882 0.9997854105299088 0.010275621730928145 -1.208555466224932 -0.001971734261155384 -0.010312734800654227 0.9999448783636528 76.13461762885628
0.9998239454383222 0.018578795274306663 0.0026280116318223128 -0.5397976271254459 -0.0186060457561898 0.9997690450324479 0.010755078097961036 -1.225678246845045 -0.002427588482869286 -0.01080208174723522 0.9999387090440001 77.49148429477873
0.9998359151613057 0.017926677065378805 0.0026032587961074076 -0.5360720534166608 -0.017954409750864302 0.9997777262321281 0.01105157665280652 -1.2546289936298316 -0.0024045623095593277 -0.01109650346223363 0.9999355407683543 78.92003371537226
0.9998537287453735 0.016944395367839128 0.0023256260473557755 -0.5430472905881241 -0.016966654771980855 0.9998069397557465 0.009910392768546388 -1.2603524754764386 -0.002157251623385399 -0.009948401464542588 0.9999481864447195 80.25655972177856
0.9998569490368355 0.016781452077876145 0.002112885752981677 -0.551594689993633 -0.016801935008288887 0.9998080153408062 0.01008104569298711 -1.2879101473190855 -0.001943305683198408 -0.010115104369433487 0.9999469527066482 81.65606219117039
0.9998702608309372 0.016012732993705828 0.0017475261621598998 -0.5636754269394065 -0.01603054250666007 0.9998142177188528 0.01070288713156535 -1.298899223189541 -0.0015758191543302404 -0.010729512562766701 0.9999411954488354 83.05907652531198
0.9998653520424596 0.01634441564797529 0.0014621286817225758 -0.5781696184797487 -0.016358274905820064 0.9998158885011565 0.010029754888212 -1.3137610483148554 -0.0012979291068256806 -0.010052322514718649 0.9999486317774414 84.4167552325167
0.9998571128658789 0.01689019091913286 0.0006893890539020034 -0.5839832369683882 -0.016896487925911537 0.9998024077292499 0.01047159188999838 -1.329200834727561 -0.0005123856855492558 -0.010481744107184204 0.9999449337359487 85.81830861241522
0.9998684763861082 0.016212670902066646 -0.00042330540558906896 -0.5958009327750207 -0.016206918015201147 0.9998059644240415 0.011196845524146055 -1.346711118462741 0.0006047541000743677 -0.011188512631989654 0.9999372237608263 87.17035123052567
0.9998945101064985 0.014435288340714456 -0.0016096800091716563 -0.6011780042453702 -0.014414273544813623 0.9998194494067772 0.01238133022155204 -1.356764160377001 0.0017881176124939842 -0.012356822004435813 0.9999220527586523 88.55842233122934
0.9999207565214832 0.012301115628127239 -0.002676415006282268 -0.6054832290684059 -0.012264993449121842 0.9998387223096192 0.013118663432551145 -1.3780864752620385 0.0028373578056127566 -0.013084797921136048 0.9999103647198947 89.95178660656457
0.9999304564569351 0.011224729765484377 -0.0036176868916683964 -0.6179203949145442 -0.011175484599196513 0.9998483407046682 0.01335680181868516 -1.391453763205944 0.0037670650551773423 -0.01331544380932543 0.9999042495106082 91.31985157667235
0.9999383950707333 0.010370238901580807 -0.0039577995486362785 -0.6337377174333945 -0.010318255448744288 0.9998630815292007 0.012936453063525253 -1.406140093036604 0.004091412117112701 -0.012894818792915534 0.9999084878167449 92.69121311638496
0.9999514007852393 0.008912524289437552 -0.004214611586779021 -0.6443245702910565 -0.00885716588387164 0.9998765775201041 0.012976145553985474 -1.4277923110637123 0.004329741997192471 -0.012938185674896335 0.9999069240179462 94.01738840183243
0.999954823115015 0.008384515833255208 -0.004477900904919668 -0.6655157125379739 -0.008327847665219129 0.9998868498835868 0.012527345937706698 -1.4341023874987748 0.004582430357094174 -0.012489488970956938 0.9999115030896043 95.40780989872607
0.9999579788392218 0.008009528297071876 -0.00445959488528507 -0.6737181852251108 -0.007955883372969149 0.9998973065737238 0.011919741560152656 -1.4401705824428443 0.004554608815530541 -0.011883760906042448 0.9999190126097559 96.7491925075288
0.9999482886686402 0.0093080606010588 -0.004096335930774499 -0.6944274963820407 -0.009261503470993799 0.9998939202088339 0.011241570145120307 -1.4564319218434587 0.004200538971931234 -0.011203050830475026 0.9999284210064344 98.09117825725896
0.9999331073897072 0.010920641898846664 -0.0038105503440934814 -0.7140516121221623 -0.01087597578044993 0.9998741236824326 0.011552054453235972 -1.4676022843717478 0.003936226877196903 -0.0115098384913289 0.9999260121366232 99.46214250625162
0.9999328855944898 0.010978370681691942 -0.0037013040076714085 -0.7236729109937361 -0.010929930394114436 0.9998575278591942 0.012863149893924309 -1.47786801574749 0.0038419934369929437 -0.012821831860343446 0.9999104158505189 100.79821574785613
0.9999289000465373 0.011367947146017075 -0.0036006382670644016 -0.7443032941657288 -0.011315174887307829 0.9998329701852934 0.014352650214696125 -1.4860974025291813 0.0037631973510399916 -0.014310888184067776 0.9998905124252834 102.13225076349971
0.9999340022599443 0.010964058107837469 -0.0034322765534882645 -0.7570287272953938 -0.010916442204910226 0.9998479593000706 0.013597411255413338 -1.5070380197054858 0.003580837827760368 -0.013559045886927799 0.9999016601082267 103.46990816214986
0.9999362819979168 0.010793587151001044 -0.003306113957610393 -0.769560800597775 -0.01075567518801663 0.999878551133254 0.01127822928023555 -1.5181832998880904 0.0034274452825263178 -0.011241951398767033 0.9999309331938361 104.79628970031696
0.9999468958379111 0.009707330242379691 -0.0034602334432550005 -0.7836635383887051 -0.009671660817727029 0.9999014044024872 0.01018039631802912 -1.5312914087927638 0.0035587170568684755 -0.010146389702711762 0.9999421914885316 106.13269287545265
0.9999583923196489 0.008565018734052632 -0.0031391175925750275 -0.7932591308750554 -0.00852946664896064 0.9999012428946714 0.011169273515169015 -1.5453171099955423 0.0032344729011214574 -0.01114203401759069 0.9999326943714009 107.47097086274974
0.9999832281748061 0.005157275764616973 -0.0026355001505814503 -0.8024157236462264 -0.0051217835887065535 0.9998984215088355 0.013300902287301785 -1.5493487938287602 0.002703829100370759 -0.013287181013509035 0.9999080658435558 108.80300880288053
0.9999900275780949 0.0040800754400754065 -0.0018159620004990365 -0.8204242765975032 -0.004053655746189629 0.9998892167162992 0.014322086829510642 -1.5667884174294906 0.0018741961866764359 -0.014314583005604302 0.9998957846251837 110.15311339360086
0.999992723139732 0.0036420282315776584 -0.0011354687621766874 -0.8286347555528231 -0.0036268668687173067 0.9999078696368567 0.013080446343379883 -1.5791819905791855 0.0011830036162002243 -0.013076233226244597 0.9999138026020784 111.45870997913508
0.9999890991895851 0.004654402240321796 -0.00037152688768677636 -0.8397029348459889 -0.0046500307286619635 0.9999285878209478 0.011008927179399827 -1.5929590147934154 0.00042274037579929013 -0.01100707978258103 0.99993933090452 112.80113685287125
0.9999681032908269 0.007956570509123437 0.0006966854764792235 -0.844912650765493 -0.007962513049512801 0.9999279062982602 0.0089878031834516 -1.6119985382127207 -0.0006251232061473227 -0.008993064052140147 0.9999593661853496 114.14984318434354
0.9999474142718824 0.010031788226908289 0.002128825021850376 -0.8580986055217814 -0.010050373451036971 0.9999098268523288 0.008906636718621016 -1.6209685425198166 -0.00203928373136379 -0.008927564025108706 0.9999580690821073 115.44992950660972
0.9999303339711254 0.011227444285216133 0.0036430313239388373 -0.871075946427587 -0.011266030524817023 0.9998787515143882 0.010749830179344659 -1.634409724469421 -0.003521896782098616 -0.010790124001866307 0.9999355826584164 116.82111860279528
0.9999242136048676 0.011481787582476151 0.004442474366554734 -0.8784856980354698 -0.011538943978106293 0.9998481143483574 0.013061432844491834 -1.6396444081341959 -0.004291831373816157 -0.01311170469214975 0.9999048271628547 118.12056240719163
0.9999256330701176 0.010926809762986801 0.0054160075715500465 -0.878652769376786 -0.011001895138091815 0.9998410013655727 0.014033186074147736 -1.6548063373166433 -0.0052618089131119955 -0.01409172909838181 0.9998868618688617 119.49010038136626
0.999914164885028 0.011424732107906978 0.006413917509888212 -0.8799119992302656 -0.011509661603920808 0.9998444485815114 0.013364368756092272 -1.6643908684195794 -0.006260236001993396 -0.013437043912552543 0.9998901216108975 120.8109135053155
0.9998841700646747 0.013045391924968584 0.007839909319590554 -0.8768271571873304 -0.013147582008104196 0.999827390527547 0.013127462259598491 -1.6715078190987358 -0.007667303824894518 -0.013229017821700459 0.9998830959356351 122.12040109323743
0.9998512112578487 0.014744816743468434 0.008952412761268319 -0.8812770359267581 -0.014858535950813274 0.9998080347704943 0.01277174815808086 -1.6790373020704745 -0.008762377854187629 -0.012902867871070912 0.9998783609684505 123.48552220692635
0.9998286681435905 0.015483567143186754 0.01014364198989887 -0.8841584501095794 -0.015606383641061882 0.9998044814155561 0.012142477809707912 -1.6905765205328847 -0.009953650681098634 -0.012298703231017397 0.9998748255329416 124.8126945892931
0.9997998518293048 0.01654339182194297 0.011250441367983676 -0.8763974292406121 -0.016673066918274956 0.9997944932692338 0.011531700166277614 -1.6944491283151382 -0.011057356818307494 -0.01171697171398286 0.9998702152937284 126.14281766383971
0.9997971018361236 0.0161561479778462 0.012030544691049043 -0.8713692203723377 -0.01628944764504 0.9998060832451274 0.01106570562470696 -1.7135397930228748 -0.01184943358256815 -0.011259431565889861 0.9998663991364604 127.48208892000696
0.9997931312491934 0.015572467960044675 0.0130840709662413 -0.8682148992433335 -0.015731799956505733 0.9998022530128492 0.012164101994895687 -1.723718393435197 -0.012892059622494656 -0.012367421854560207 0.9998404081022606 128.81178416632406
0.999786559869656 0.015221868659069975 0.013968871951879378 -0.8604721504634987 -0.015405342573383246 0.999795221079004 0.013122170657009664 -1.7365903287082651 -0.013766268616617484 -0.013334565380248986 0.9998163227385526 130.18337974426973
0.999796156149924 0.014215215020565204 0.014337844261988381 -0.8452716598045031 -0.01440868224384731 0.999805299414551 0.01348158632258801 -1.740694335884797 -0.014143410211983107 -0.013685427895268368 0.9998063177492807 131.50783534012206
0.9998233352542907 0.012212857687478457 0.014287909684489272 -0.834483378515634 -0.012411610332776376 0.9998262791759521 0.01390551769416879 -1.756895398121803 -0.014115602650654329 -0.014080397322276445 0.9998012263313993 132.85194937177724
0.9998460527396942 0.01040277225439621 0.014129866633345126 -0.8252383278599265 -0.010611117630258009 0.9998348934664124 0.014750932434470959 -1.7545565895260986 -0.01397408427894651 -0.014898595536017727 0.9997913566443635 134.18928325943915
0.9998712759205733 0.008561928326363471 0.013569265227537234 -0.8080814131231525 -0.008764794264757422 0.9998496459463271 0.01496208191086021 -1.7744633397619196 -0.013439121884663577 -0.015079088041501659 0.999795984742729 135.52559180560138
0.9998857566393099 0.008612649724786172 0.012421590948632193 -0.8022248041152122 -0.00879379364896536 0.9998547030314208 0.014602809050213932 -1.784627458029884 -0.012294018277394781 -0.014710373970349556 0.9998162141174527 136.86647134491847
0.9999087245291387 0.007194754795081401 0.01143582552040689 -0.7942074014259208 -0.007374837221594543 0.9998482302338781 0.015783798099364154 -1.7942472925083999 -0.01132053029512001 -0.015866695086488403 0.9998100287460521 138.20707363032494
0.9999271964321083 0.006238114262777686 0.010328976715299554 -0.7756430175182771 -0.006404361136637229 0.9998492134959387 0.01614107913338272 -1.8038549006708278 -0.010226730200622005 -0.016206054818155763 0.9998163720288401 139.54947128868034
0.999947249928853 0.004955055095139792 0.008996932032766762 -0.7757109210182422 -0.005102222815134529 0.9998523465266318 0.01640891434163417 -1.8117027071000449 -0.008914297270266745 -0.016453953442957893 0.9998248860278792 140.90554496406895
0.9999598048341027 0.004334046608281113 0.007848869643270797 -0.7789209997168207 -0.004458617856622103 0.9998632662293995 0.015923868034234616 -1.80843155770951 -0.007778782296259549 -0.0159582233935803 0.9998424004073266 142.23185553598543
0.9999664092946775 0.00457663191377374 0.006799611777885628 -0.7725801175786472 -0.004682107562874807 0.9998676948834658 0.015577888150678698 -1.8134883987060983 -0.006727418450617323 -0.015609201697838174 0.9998555368970116 143.58640469522203
0.9999780903797054 0.002806070274921502 0.00599539250031068 -0.7609394250159585 -0.002885490526745864 0.9999076598131769 0.013279525264974711 -1.8241458494222647 -0.0059575760964383 -0.013296534223251276 0.9998938490978604 144.9344156797431
0.9999883342324125 -0.0004307295958468297 0.00481101623360221 -0.7760516722174502 0.0003705839525016356 0.9999218587710955 0.012495559768927748 -1.8497873778448066 -0.004816022899151123 -0.012493631355215307 0.9999103535308791 146.24354185649733
0.9999465507216796 -0.009642435785385765 0.0037308371914040756 -0.767409151638874 0.009582774655100879 0.9998309530310214 0.0156919015611033 -1.8502240742355869 -0.003881514972529705 -0.01565531136623116 0.9998699140736865 147.63460448411607
0.9998579431064476 -0.01672029603308079 0.002127279831614466 -0.7558443980789318 0.01668116284170885 0.9997120915563128 0.017247399383365225 -1.8596366770611967 -0.0024150491822464773 -0.01720946409454062 0.9998489895418786 148.94651247505166
0.9998244744672208 -0.01869428975336515 0.0012424960813325022 -0.7284796762646241 0.01867457962091793 0.9997228755873561 0.014332902356748277 -1.875048121568478 -0.0015100952996556988 -0.014307183740885748 0.9998965066992699 150.24204989596012
0.9998315771028988 -0.018307375398593152 0.0012874175124003354 -0.7528767710711644 0.018291915054286356 0.9997706173711344 0.01114084706233135 -1.8829286890382808 -0.0014910819862622331 -0.011115421560678962 0.9999371100623543 151.64265861811205
0.9998848217248879 -0.014989091399775044 0.0023812677722337477 -0.7580960292313659 0.014967323615770273 0.9998482787639721 0.008910592802914261 -1.8919611124503912 -0.0025144683774981293 -0.008873925452229245 0.9999574645429903 152.9565028405692
0.9998808950125454 -0.015091184539331037 0.0032329478784185513 -0.7617025975638272 0.015060967593918919 0.9998444743978983 0.009175742946953282 -1.9088866619583458 -0.003370918178722295 -0.0091259589125544 0.9999526757717995 154.32588403550992
0.9998275476683572 -0.018197511313068345 0.0037047966427643632 -0.768660040668351 0.018151885143368615 0.9997632526789829 0.011997818392243466 -1.9063945957389512 -0.003922250298466359 -0.011928500515340985 0.9999211603059942 155.6512183586694
0.9996626181546308 -0.025652517599015132 0.004074089960180659 -0.7664973513343933 0.025587588620924216 0.9995560854799771 0.015261300182407069 -1.9160477427291844 -0.004463772547008183 -0.015151905434270597 0.9998752394662399 156.9824685593259
0.9996024581356432 -0.027904872004224847 0.0040303606983424535 -0.7500688453846692 0.02783553605948408 0.9994789293359866 0.016341748493519926 -1.926410329825164 -0.0044842753593337835 -0.016223065008568172 0.9998583416856227 158.34074522590984
0.9995751919571064 -0.02888206401528099 0.003906660948751231 -0.7473261080754692 0.02881237462755107 0.9994427653153775 0.01685247539294775 -1.950302640816351 -0.004391218650204773 -0.016732756451197865 0.9998503548346005 159.67101619772734
0.9995939233039478 -0.028060708225115957 0.004958341243238889 -0.7487898708357792 0.027972478269989186 0.9994633058528453 0.017048187910682196 -1.938457853431718 -0.005434064800630691 -0.016902568253443235 0.9998423746411835 161.03704665884726
0.9996411354308623 -0.026057078441926423 0.0062152250349411945 -0.7535317850207113 0.025950020516564407 0.9995233175628179 0.016725252695336965 -1.9304439727539502 -0.006648074114203279 -0.016557965678576075 0.9998408057706873 162.38153001388335
0.999709642456154 -0.023019200940807175 0.007123705355441737 -0.7555651376640592 0.022909364665464792 0.9996229883047828 0.015134141995869793 -1.9408088468574152 -0.007469396108261394 -0.014966548391113476 0.999860095488648 163.7288345620846
0.9997333038468261 -0.021702225896618983 0.007895225283353818 -0.760673515751466 0.021585196086412572 0.9996601393588407 0.014617971006411509 -1.9366291402335396 -0.008209785196441033 -0.014443652725285602 0.9998619806363158 165.07736464165941
0.9997781056955538 -0.019422921509001517 0.008154109755786954 -0.7586460533803263 0.019291175844206872 0.9996868938983606 0.015936269589742202 -1.9525465372432176 -0.008461086268499047 -0.01577543134631667 0.9998397600540346 166.41952402836327
0.9997868019717866 -0.019059219207976298 0.00794334819409619 -0.7539363717047265 0.018930860233508408 0.9996938349488163 0.01593294956611611 -1.945945403667066 -0.008244586479472864 -0.015779178567947007 0.9998415095991224 167.75186450630986
0.9998500665015831 -0.0155738755193773 0.007569605965672029 -0.7538707796069215 0.015470488168704275 0.9997887764309734 0.013530207082653642 -1.9619367489015918 -0.007778725492724225 -0.013411073197917532 0.9998798100490777 169.14342260366718
0.9999119579788703 -0.011318220717568018 0.006926340110708775 -0.7597424919284672 0.011243732065705026 0.9998795308448646 0.010700573492346254 -1.9755806750928917 -0.007046617739046019 -0.010621753674781777 0.9999187584620342 170.54737237784903
0.9999483146504562 -0.007643072998085433 0.006704586339594329 -0.7630033000898446 0.007580598850158044 0.9999280695505363 0.009294634718342366 -1.9683478490435493 -0.006775144211859249 -0.009243329713219357 0.9999343269800558 171.9075836425296
0.9999667097914735 -0.003965186028534809 0.007131382799578112 -0.7680380070655478 0.003890458745202774 0.9999377012934565 0.010462210753518324 -1.9886835292254323 -0.007172423732970952 -0.010434118310541595 0.9999198395419883 173.2476361900423
0.9999691226470817 0.0002301214133876555 0.00785498586858409 -0.7767960113210797 -0.0003304892361633985 0.9999182946269006 0.012778687056542434 -2.006842991905044 -0.007851404077697303 -0.012780888718483579 0.9998874958391799 174.64058251148435
0.9999652008912406 0.0025931778738059845 0.007929214161856041 -0.7782272399928312 -0.0027136052352966693 0.9998805639079199 0.015214935557494829 -2.0166797749082153 -0.007888812747803252 -0.015235923144217168 0.999852805806431 176.02072709867502
0.9999749911536757 0.00021570809022807003 0.0070689846139767604 -0.7792516745227651 -0.0003328950678873179 0.9998624762798382 0.016580642367106106 -2.0217297408136488 -0.0070644364658502936 -0.01658258125573325 0.9998375426724021 177.39855606070125
0.9999785409701554 -0.0034312604904684525 0.005580686461586651 -0.7743760574273925 0.0033391315737464743 0.9998593616248865 0.016434937153410517 -2.0143558338724077 -0.005636294616255486 -0.016415950145574443 0.9998493630368778 178.7980495481215
0.9999785737433089 -0.005621767862751639 0.003353772753714757 -0.7708401323550766 0.005578295044363118 0.9999020810645215 0.012833974259954134 -2.0189537994719986 -0.0034255942586390352 -0.012814991187482873 0.999912016782218 180.13537980302306
0.999996081952412 -0.0022093427944352116 0.0017189793203550578 -0.7857978082374835 0.0021941923666225025 0.9999591685569815 0.008766226825724626 -2.04292595622297 -0.0017382768716679466 -0.008762420877525653 0.9999600983910051 181.5533086615573
0.9999983605496071 0.001235188106270919 0.0013240876897953064 -0.8140724349927047 -0.0012456503825023944 0.9999677815703282 0.00792995436574612 -2.0464740801494257 -0.0013142501491713147 -0.007931590871521392 0.9999676807843444 182.94754872769917
0.9999904638562988 0.004260126597577413 0.0009609948598545874 -0.8321548019507872 -0.004268675038100871 0.999949703472079 0.009075733840241415 -2.0518911270465687 -0.000922282820888982 -0.009079749648979394 0.9999583529038636 184.27729089645467
0.9999723653932646 0.007307736877164878 0.0013658031015212834 -0.830155453627982 -0.00732397590511391 0.9998976680444723 0.012288727630941515 -2.0661401991066417 -0.0012758606464816475 -0.012298391392747823 0.9999235579540879 185.72516165582653
0.999953735020324 0.009441534849683183 0.0018398967288091343 -0.8389887319959062 -0.009467890977110994 0.9998443869711651 0.014884921811094229 -2.089143013376224 -0.0016990740410414904 -0.014901653401681392 0.9998875206128387 187.0886791254711
0.9999771458550972 0.0064812811433834615 0.0019237337640721332 -0.8459179491785416 -0.006510272854631203 0.9998591775115986 0.015467433515909765 -2.0765314292059065 -0.0018232142159081575 -0.015479604361223585 0.9998785214929862 188.53883148330627
0.999978238683416 0.006345618889018126 0.0018042367023199664 -0.8445805345493249 -0.006374114319329713 0.9998476016190919 0.016252513917505016 -2.0911317396929148 -0.0017008296112742114 -0.01626366097643011 0.9998662913186356 189.96120585393646
0.999993137811004 0.0032044958642013883 0.0018589066225938897 -0.849273531855992 -0.0032355826695980956 0.9998507922629947 0.016968329727541975 -2.0988015775622313 -0.0018042544558951265 -0.01697422826924987 0.9998542995086616 191.3171155245683
0.9999963723979254 0.0014710376597791303 0.0022563775577313025 -0.8602541218854362 -0.0015095649226532669 0.999851458754733 0.017169205986648575 -2.099287135668547 -0.002230786018763334 -0.017172550189789967 0.9998500523172423 192.76903367628648
0.9999951726867714 -0.001712795307654589 0.0025924778471908393 -0.857748966080907 0.0016655312571721651 0.9998343427676364 0.01812492804489422 -2.101684764294635 -0.0026230928831315267 -0.01812052305100384 0.9998323689666643 194.12885660778346
0.9999730535288011 -0.006765369617180439 0.002849912621929878 -0.8580809305265673 0.006707895117769496 0.9997831212594153 0.019715845651394937 -2.097732953471834 -0.0029826797553274146 -0.019696197844564174 0.9998015620203548 195.57793912065767
0.9999400593475212 -0.010499529916619545 0.003104448017357055 -0.8514622219245515 0.01043453047689433 0.9997402764900077 0.020260802476293964 -2.0989459909170947 -0.0033163708841661924 -0.020227194961059104 0.9997899090682527 196.99818789540177
0.9999518503558087 -0.009214815949609505 0.003374040709832257 -0.8626262776638951 0.009160052868923702 0.999831600564269 0.015901695763449786 -2.099877731011767 -0.003520004007027396 -0.015870024014047933 0.9998678672265942 198.40785520261073
0.999990666636746 -0.0022557496200399547 0.003684866467773867 -0.875768905878388 0.002213070407721271 0.9999308978664663 0.011545640038599847 -2.114722829779194 -0.003710656212860616 -0.011537377632661555 0.999926557276796 199.8532581632924
0.999959436677236 0.00740817322002342 0.005122885875692035 -0.8923352775140765 -0.007461638698359103 0.9999170612986326 0.010497356042479786 -2.1144360321760916 -0.005044695176544669 -0.010535155567547338 0.9999317784457568 201.29974341922855
0.9998805866842772 0.014019033283037028 0.006502234118865467 -0.9118314002553622 -0.014112712404163442 0.9997939283164475 0.014592199270501982 -2.1211497419300165 -0.006296326186389747 -0.014682221222703235 0.9998723861855142 202.7226587665277
0.9998445199797645 0.015946652946397 0.007525961103644812 -0.9086150099310487 -0.01607055029939318 0.9997313931927918 0.01669966803843658 -2.1202481462645966 -0.0072576363694702726 -0.01681801824796598 0.9998322264147758 204.16209013219256
0.9998573827295105 0.01531259714552793 0.00712309879500023 -0.908583001547039 -0.015433942136686116 0.9997311423415225 0.017304233428140522 -2.127952841889578 -0.0068562115062432046 -0.017411703389565606 0.999824897144727 205.62506722849278
0.9999131556814027 0.011856523020761584 0.005753601890586459 -0.9004698821698873 -0.011956652503537205 0.9997719865084885 0.017692186795760602 -2.1337202136751765 -0.005542522626508524 -0.017759444502906084 0.999826926310973 207.06737762710458
0.9999405740048765 0.009852633219017023 0.004666268361709362 -0.8970465950448312 -0.009931611320691723 0.9998024704679193 0.01721578220539276 -2.132710960749036 -0.004495726214880891 -0.01726110304818712 0.9998409087301156 208.49895276051177
0.9999405581767886 0.010072041050345875 0.004175414245526627 -0.903972403844807 -0.010140316440713587 0.9998096855762093 0.016666332099844448 -2.1304312884650995 -0.0040067559486616005 -0.016707681778154557 0.9998523887450788 209.9769728733556
0.9999252552101794 0.011529100794621373 0.0040698654984131655 -0.9082071751611132 -0.011596051849221103 0.9997911371769068 0.01682895194138684 -2.1427363190976303 -0.0038749930861922744 -0.016874888774525146 0.9998501000452773 211.44473710244677
0.9999154246947464 0.01241145872182177 0.003885759180496673 -0.9154027937991687 -0.012478219096759339 0.9997662601952759 0.01765556696491415 -2.13662983291884 -0.0036657198795896555 -0.017702561449794974 0.9998365775564856 212.88004551981814
0.9999214205017962 0.012030810407209196 0.0035231233298730798 -0.9283310951865809 -0.012091490850132334 0.9997695057187309 0.0177406680868013 -2.14788251110599 -0.003308876921882197 -0.017781874204509066 0.9998364147637794 214.32124146131227
0.999915275577549 0.012600935959078833 0.003264667353102544 -0.9276924107184854 -0.012654866922751458 0.999774347595916 0.017061894822188756 -2.153745677064095 -0.003048935073719134 -0.0171017635381452 0.9998491054568728 215.8020432088859
0.9999213162334598 0.01219121335310357 0.0029556104675657747 -0.9353911716016887 -0.012238692327604663 0.9997870325408565 0.01661637730918329 -2.152331818109735 -0.0027524074377083298 -0.016651243012471492 0.999857570038604 217.26867095506174
0.9999271365643335 0.011840066870554531 0.0023525206761405293 -0.9336254395614865 -0.011877752760543609 0.999789844450703 0.01670885821963927 -2.160073196991016 -0.002154192451497867 -0.01673558375094703 0.9998576297134572 218.73420928284483
0.9998966521350763 0.014201921046364994 0.002233932513025811 -0.9445645089576251 -0.014236771905300465 0.9997633968681002 0.016445809097213923 -2.170010546225733 -0.0019998420318378656 -0.016475913779582976 0.9998622629651415 220.21305973751814
0.9999244622485837 0.012101799885815995 0.002148536738480168 -0.9520088754877483 -0.012135409834176708 0.9997920718909313 0.01638733760175127 -2.162475805793208 -0.001949773869263671 -0.01641217344414349 0.9998634101463598 221.70967301435815
0.9998973026304666 0.014233776042877646 0.0016684657332223254 -0.9572269702863669 -0.014258971521598777 0.9997669111313354 0.016211266659551166 -2.17415855542287 -0.0014373294026707973 -0.016233392740171854 0.9998671967064697 223.18262985448706
