1.0 -3.469446951953614e-18 0.0 -1.7787691892340307e-19 0.0 0.9999999999999999 -3.5405977195229754e-19 0.0 2.168404344971009e-19 -2.354751593366955e-19 1.0 0.0
0.9999998184236251 -0.0001920850232811945 -0.0005711877703400902 0.0023623220759034095 0.0001924746445146272 0.9999997488292218 0.0006821250560820844 -0.022605926090915572 0.0005710566496940094 -0.0006822348851515522 0.9999996042253559 1.3271691435190551
0.9999995990749863 -0.0006227654238465836 -0.000643438467405147 -0.007878449377712479 0.0006234318605723953 0.9999992690199224 0.0010359976767853364 -0.039982446498254665 0.0006427928687385296 -0.0010363984219421438 0.9999992563481335 2.6231509716465324
0.9999992654936589 -0.0008350967863015504 -0.0008784221100734727 -0.024215488357780993 0.0008359553244037844 0.9999991729440257 0.0009773886099560401 -0.07059727051236409 0.0008776052444990722 -0.0009781222330511028 0.9999991365433738 3.9426346576663795
0.999999101867025 -0.001256596323183399 -0.0004660815749976024 -0.03114431439766266 0.0012571241098508785 0.9999985672307276 0.0011336548612485766 -0.08024093207653232 0.0004646564009550436 -0.0011342397872323763 0.9999992487974394 5.26073309661662
0.9999988476623024 -0.0013339458720114852 -0.0007247505635294713 -0.029556118098814987 0.0013350277608439893 0.9999979924926867 0.0014942252755665558 -0.09668967200235497 0.0007227559553346055 -0.0014951911448729891 0.9999986210133833 6.582763767017742
0.9999961674453254 -0.0027383030663890254 -0.00040840458925907254 -0.03716973162349994 0.002739247411406626 0.9999935349992206 0.0023294804136831473 -0.1280536290652063 0.000402023161619714 -0.0023305902512019945 0.9999972033598451 7.916443577196956
0.9999962397520221 -0.002705184123918134 -0.000449959880494029 -0.05104632449262839 0.002706378335770497 0.9999927611207889 0.00267455003747888 -0.14571609905694383 0.00044272151276257034 -0.002675757793207592 0.9999963221527833 9.237125310894779
0.9999966676691282 -0.0024029284270819014 -0.000943709504819223 -0.05142952662884774 0.002405102436547105 0.999994441571176 0.0023091784411708688 -0.17033184912249083 0.0009381555500828393 -0.0023114405087351843 0.9999968885495947 10.569339852940779
0.9999995797694051 0.0001825848001758123 -0.0008983997221784153 -0.07129340899332663 -0.00018258107869220143 0.9999999833232459 4.2374582312371145e-06 -0.19088705210539955 0.000898400556804539 -4.073426611279707e-06 0.999999596430564 11.89591182870709
0.9999966398172343 0.002458639312186861 -0.000821852337348926 -0.07292120299988113 -0.0024591783172191618 0.9999967615214196 -0.0006552809730253302 -0.2177506271464277 0.0008202386448548453 0.0006572998630145755 0.999999447583191 13.224241633218375
0.999978185010254 0.0065726450706905986 -0.0006556110410275771 -0.10009909118325272 -0.006573280291903333 0.9999779244915936 -0.0009708394863933189 -0.23390752730418676 0.0006492156383584755 0.0009751278363325758 0.9999993138226012 14.570507539134994
0.999978397032218 0.006571483767942974 -0.00014510770551765927 -0.125936011830106 -0.006571503222724973 0.9999783988589532 -0.0001310510956585465 -0.2625885250068283 0.00014424338253273103 0.00013200183777206702 0.999999980884783 15.917510342094037
0.9999849849486939 0.005479549001681837 6.640132581015794e-05 -0.1158857179420503 -0.005479704658647068 0.9999815475104181 0.002622496115335568 -0.29688288497507065 -5.203000719356367e-05 -0.0026228206539249 0.9999965590466329 17.26076570653479
0.9999998354852514 0.000571542363099857 4.866128019660721e-05 -0.1226155825659988 -0.0005717745240165764 0.9999877728216425 0.004911952861429724 -0.32234371931861716 -4.5853295986169815e-05 -0.004911979973834878 0.9999879351028594 18.624948109860057
0.9999993188472208 -0.001142771820163391 -0.00023744276824052093 -0.11562881857689808 0.0011435698237509048 0.9999936068631046 0.0033879903367752214 -0.35685662836918697 0.00023356957292159503 -0.0033882596275173057 0.9999942325548675 19.96843137614667
0.9999976098331607 -0.002181398937743346 -0.00014774861780691268 -0.12215658937262402 0.0021815295352740766 0.9999972256308614 0.000888625957096915 -0.3580923205898261 0.00014580977337318645 -0.0008889461670756611 0.9999995942572092 21.319677983320457
0.9999999678833656 -0.00020819052040057205 0.0001445355682640078 -0.14269776916445273 0.00020821929906948873 0.999999958515221 -0.00019903258335061998 -0.4109034982652294 -0.00014449413792971366 0.0001990626762535005 0.9999999697476243 22.66966343611676
0.999997746794742 0.0019159731152863608 0.0009140297771555058 -0.1469962710368066 -0.0019168005609945934 0.9999977533146581 0.0009051212414432747 -0.40026515821101855 -0.0009122936121400578 -0.0009068712334076446 0.9999991726515288 24.033473098455943
0.9999949157271464 0.0026444909068435874 0.0017819049927495314 -0.16175811049971822 -0.0026548344052513637 0.9999794958260906 0.005827502464640976 -0.4253597082241072 -0.0017664578237058495 -0.0058322036142478585 0.9999814323410008 25.429365328525805
0.9999975966694563 0.0011379254338243832 0.0018739748276703045 -0.15434763754264647 -0.0011501227009027464 0.9999780794767142 0.006520566237848273 -0.45214968000631295 -0.001866513983517481 -0.006522705995674788 0.9999769849507435 26.797865913604184
0.9999935027005448 -0.0031265282738146497 0.0017942643560715165 -0.15368038340032736 0.0031156429084403057 0.9999769177987148 0.006037932850095685 -0.48357435513428654 -0.0018131008563842595 -0.006032303447846499 0.9999801617929296 28.17017851704005
0.999993310313292 -0.003231468573740565 0.001713752164161376 -0.16512089264372565 0.0032250983808842417 0.9999879281747228 0.0037070527283612383 -0.4862408204390761 -0.001725710843045322 -0.0037015009790870713 0.9999916603707037 29.528164587931812
0.9999913339601095 -0.0034167720277241513 0.0023785881443322667 -0.1677143191846236 0.0034124763790946908 0.9999925434362555 0.001807780891662141 -0.5352965613204392 -0.0023847473832531467 -0.0017996483804167598 0.9999955371114182 30.92191989023349
0.9999953703816219 -0.0009796160771314531 0.0028808979340753525 -0.18215790177215913 0.0009781199930524662 0.9999993860770302 0.0005206968760645195 -0.5281897185592868 -0.0028814064914712573 -0.0005178766086815811 0.9999957146392237 32.29890408354179
0.9999937410388842 0.0006333824230038447 0.0034809069238214 -0.1847941211365312 -0.0006288107336889079 0.9999989385917214 -0.0013143111068034253 -0.5776754989532628 -0.003481735986056718 0.0013121140771546452 0.9999930779094068 33.68235532363743
0.9999929657667829 0.0007833185425642122 0.0036680829024280616 -0.2013816029264748 -0.0007796425188506895 0.9999991925714755 -0.0010035015518977714 -0.5757374534323829 -0.003668866313002103 0.0010006347217488048 0.9999927690466273 35.07650565593945
0.9999945574129223 0.0009814781339156572 0.0031498964317378765 -0.19725065331440664 -0.0009831515309690203 0.999999376400189 0.0005297300111985077 -0.6196447109387084 -0.0031493748148201817 -0.00053282396228613 0.9999948987534844 36.47122309677993
0.9999946755500124 0.0013873438388946023 0.002953667229083882 -0.21222715106229978 -0.0013916187452296 0.9999979866323695 0.0014457284066994808 -0.6157828192005439 -0.002951655808220991 -0.0014498311149096865 0.9999945928424686 37.87424467573067
0.9999907267992432 0.0035382890011749855 0.002454958888510694 -0.20566463641392257 -0.003543449447101758 0.9999915152677713 0.002100800961759144 -0.6410342186131393 -0.0024475050232586892 -0.002109480545620796 0.9999947798904308 39.26782928874851
0.9999746102796078 0.006382595624438736 0.003168794757493221 -0.22895117216003621 -0.006390468101888042 0.9999765045782993 0.0024803671846991902 -0.6812022093355965 -0.0031528893894120532 -0.002500554342296023 0.999991903223691 40.66544799061162
0.999952695963893 0.009263743954131872 0.002964602106582638 -0.23398352863790373 -0.009272323451742576 0.9999528254995216 0.0028932357998956125 -0.7064567633298461 -0.0029376603037858393 -0.0029205877500709976 0.9999914201211495 42.0873992984779
0.9999486009855336 0.009771811285000999 0.002703159764411824 -0.24158467591941332 -0.009779967103324693 0.999947613584086 0.0030203232327705434 -0.7216006772227357 -0.00267350435099067 -0.0030466048700602314 0.9999917852514303 43.47270008452468
0.9999554862337148 0.009126318418956931 0.002394962659593103 -0.2549278622073802 -0.009133387602081464 0.9999539167777203 0.0029572912372519155 -0.7443189598943145 -0.0023678633087753642 -0.00297903378312212 0.999992759263028 44.900681871935994
0.9999591827719796 0.00891378568514244 0.001475532843458183 -0.24579974580273894 -0.008917518428376976 0.9999570060796839 0.0025424154645333286 -0.7770207844026251 -0.0014528069792119408 -0.0025554698375170226 0.9999956794527726 46.305223319154656
0.9999625026704079 0.008641012776360483 0.0005710807986449122 -0.25786651630031066 -0.00864278562161814 0.9999576022258775 0.003177424367018931 -0.8063816945463869 -0.0005436004654469581 -0.003182241019902067 0.9999947889066446 47.73264861524918
0.999961659395578 0.008746854190983257 -0.0004150430840513986 -0.2655992108411365 -0.0087451410665288 0.9999538986844866 0.003965227825849892 -0.8226393842119192 0.0004497072603060733 -0.003961446271443469 0.9999920523226029 49.12975360019214
0.9999522411765907 0.00966710301727318 -0.001436127086219028 -0.27478397709278346 -0.00966115599535182 0.9999449564243134 0.004092213000200415 -0.8520318131278669 0.0014756080086867612 -0.00407814300209702 0.9999905956227744 50.561687382338555
0.9999507145393272 0.009572010989611798 -0.002635350407474959 -0.28229480813777197 -0.00956072544261605 0.9999452107365914 0.004262402427096829 -0.8632630984560584 0.0026760060104158334 -0.004236996583957161 0.9999874433498789 52.01266614849207
0.9999396613142741 0.010374568605395932 -0.00361137459450371 -0.3024268218012105 -0.010354712966334834 0.9999314041018984 0.005474215247181208 -0.8952423186044265 0.0036679198043855564 -0.0054364903109698015 0.9999784952415276 53.42424451771809
0.9999502163842551 0.008820151591449315 -0.00466579581762124 -0.3057053300773874 -0.008792320089367487 0.9999436305562734 0.005952380626282848 -0.9080325361676127 0.004718034111704511 -0.005911061252051571 0.999971399350818 54.87990137109413
0.9999703832088681 0.005949349993309157 -0.00488240906766985 -0.32478283814259185 -0.005914062770648542 0.9999565161568454 0.0072103860393292534 -0.9258939391541575 0.004925094293542543 -0.0071812977672374625 0.9999620854913515 56.267340984484534
0.9999739913784984 0.005021663350266412 -0.0051768179180720336 -0.34813726509070625 -0.0049849885358622045 0.9999625590330906 0.007073219141064588 -0.9555338838606385 0.005212143864189219 -0.007047228945395463 0.9999615843285166 57.69315644761233
0.9999790819456704 0.004059996257037403 -0.005035085298360652 -0.3711076181453051 -0.004022015847317625 0.9999635566287917 0.007530525096777414 -0.9846238773902799 0.005065476140482186 -0.007510116535233338 0.9999589687148217 59.144975229562355
0.9999804116856474 0.0038226133773258683 -0.004956193614066245 -0.3687220002967954 -0.0037825094786793807 0.9999602346313027 0.008076000421799895 -1.0091129711454163 0.004986868384159513 -0.008057095543028176 0.9999551061759223 60.549518912803194
0.9999888678566737 0.0017010617809254764 -0.004401197588649212 -0.38748693038791693 -0.0016628768998259496 0.9999610737792654 0.008665204374236757 -1.016184842474005 0.00441576669471835 -0.00865778943767482 0.9999527707335327 62.006258006647634
0.9999902193735168 -0.000930538156064184 -0.004323800331054997 -0.38267271177316475 0.000967222185852764 0.9999634926882196 0.008489862657996705 -1.0333156122650362 0.0043157427112501465 -0.008493961867640197 0.9999546124637121 63.41376645342218
0.9999920768073303 -0.0013470856248674803 -0.0037458881502568193 -0.40684421159368306 0.0013756769417848005 0.9999698637438152 0.007640622542983769 -1.0615765452638437 0.0037354830123904476 -0.0076457152895161775 0.9999637939513141 64.82362616974983
0.9999945522645467 -0.0016498695129407437 -0.002858910502099376 -0.42393893581009545 0.001671660347822023 0.9999694443578785 0.007636484634716292 -1.0787289294276532 0.0028462241899068156 -0.007641222312150886 0.9999667548157279 66.2733326897406
0.999997076819937 -1.6817347970805516e-05 -0.0024178636414954914 -0.4290314185187512 3.454744312382518e-05 0.9999731118565464 0.0073331008654620574 -1.0966888683283351 0.002417675516584184 -0.007333163106982591 0.9999701893407713 67.64952337918376
0.9999950112920513 0.002663041546423958 -0.001698703356770736 -0.45124372409137137 -0.0026480447896369552 0.9999580327658164 0.008770437157742127 -1.116640664688145 0.0017219882578700168 -0.008765895338232235 0.9999600961243249 69.11678634457607
0.9999819453877467 0.005957076467476696 -0.0007887491642196751 -0.4666493411590003 -0.005948921395612001 0.9999326314438892 0.009967091677465255 -1.1333950618023845 0.0008480708339576686 -0.009962219720314561 0.9999500162302012 70.47874507516491
0.9999460652958602 0.010383182020459573 0.00023665783502004262 -0.4932176035503798 -0.010385172118313867 0.9998842739483123 0.011116965894689515 -1.1635663084137517 -0.00012120096904536686 -0.01111882426377515 0.9999381766194689 71.93046484233619
0.9999053088619612 0.013749251216144388 0.0005756447594964049 -0.4978171674799834 -0.013754610255146755 0.9998485435761988 0.01066305003358546 -1.1662148789622535 -0.00042894864922475334 -0.010669958327039805 0.9999429823721911 73.29722866118891
0.9998432204779782 0.017655214463118157 0.0013519687386913642 -0.5140759613124714 -0.017668251308778086 0.9997905585304937 0.010328214471680983 -1.1878846857593823 -0.001169338830364049 -0.010350482359169598 0.9999457486101169 74.68325679471654
0.9998213291176745 0.018764294867554186 0.0022827678790645943 -0.532902583788922 -0.018786866846732593 0.9997704119224531 0.010304228653799609 -1.1944928518720719 -0.002088892367217598 -0.01034527386093979 0.9999443043680294 76.12814813384948
0.9998112994633637 0.019249412319229775 0.0026125732195428674 -0.5396162581295958 -0.01927630769275578 0.9997570221062392 0.010692088777602493 -1.211032794253352 -0.0024061221923712675 -0.010740432164443873 0.9999394250120374 77.4962994841118
0.9998225963555213 0.01863620925736986 0.0027326675859558488 -0.5421580860366875 -0.018665280512039438 0.999764954487668 0.011029194459335572 -1.2404738117837235 -0.0025264831144861275 -0.011078244077652483 0.9999354426120564 78.90788781203389
0.9998399837171305 0.017759271004257955 0.002148303396582601 -0.5386046166256624 -0.017779464852233882 0.999794130018743 0.00977692464815464 -1.2456141095267748 -0.0019742302309570386 -0.009813556071168144 0.9999498970112113 80.27993227361846
0.9998444877930334 0.017514441895808933 0.0020602207110073144 -0.5507751626951889 -0.017534212389957907 0.999796207966716 0.010004697701571951 -1.2736644849816252 -0.0018845743100576525 -0.010039266406225362 0.9999478293943245 81.67511512928255
0.9998591732334307 0.016696063968517527 0.0016956137640045533 -0.5635470138791023 -0.01671310179845996 0.9998042783047029 0.01058665921203651 -1.283326294764828 -0.0015185264769429787 -0.010613507513244086 0.9999425221166978 83.05357847687375
0.9998532280880605 0.017076821011086367 0.0013800077188078719 -0.5760717761193929 -0.017089465285607876 0.9998065416526871 0.009738043337270151 -1.295239948595639 -0.0012134460174090204 -0.009760197864501758 0.9999516318741882 84.42383924860519
0.9998676903987685 0.01625548741968597 0.0006006518905162265 -0.5846782269435005 -0.016260641080138458 0.9998187601175308 0.009901439732828397 -1.296121639325393 -0.0004395903295437839 -0.00990989686950838 0.999950799143132 85.82752551328046
0.9998616966348023 0.01662429668008117 -0.00046937913318559343 -0.5947233265845382 -0.016618546620478583 0.9998082497900506 0.010357972829598806 -1.3165682033757864 0.0006414832045357828 -0.010348740105321108 0.9999462445962122 87.17836636943089
0.9998830070988057 0.015215477414956432 -0.0015688593676444853 -0.6037356940359594 -0.015196442424656953 0.9998183351029004 0.011504997390674164 -1.3234464261618681 0.0017436285446296989 -0.011479810545936817 0.9999325845857985 88.57215600215815
0.9999135378303642 0.012877058233769742 -0.0026642444396269248 -0.609253239407421 -0.012843059566427267 0.9998405423268242 0.012407488352113135 -1.3534702047949623 0.002823591803273939 -0.012372198779725988 0.9999194747760569 89.95223387896417
0.9999203610935506 0.012080367374163617 -0.003651870591890585 -0.6176457110360924 -0.01203285177494063 0.9998461221227772 0.012764896317560889 -1.365082894882665 0.0038055136179333147 -0.012719937580698885 0.999911856748425 91.32800828219843
0.9999303172462987 0.011112043178384724 -0.003985362542476001 -0.6337843035090366 -0.011061779737149287 0.9998616815119182 0.012419939380171524 -1.3847410185399638 0.004122822553542878 -0.012374988977749503 0.9999149273785818 92.70435078342071
0.9999465667476113 0.009454327450122809 -0.004180826841597786 -0.6468431062256015 -0.009401605722106203 0.9998782303055389 0.012455295541146041 -1.4064308448244485 0.004298074558789327 -0.012415323784078294 0.999913689426926 94.0259570843476
0.9999503418082795 0.008829397703906996 -0.0046212147099772075 -0.6628847636777306 -0.008773259427381308 0.9998891419279691 0.012030535657007067 -1.4086427087664484 0.004726925203532124 -0.011989395373755353 0.9999169518466833 95.39891192666491
0.9999524632115291 0.008710719247736828 -0.004381171072296549 -0.670249909920026 -0.008660325334707697 0.9998975953577218 0.011392873985409746 -1.4197383502101546 0.004479962933978757 -0.011354390272043099 0.9999255011081442 96.75642951418077
0.9999440322927208 0.00973364299695399 -0.0041458951273667605 -0.6905809387058361 -0.00968813896291943 0.9998941160179702 0.010858026246676006 -1.437876670687696 0.0042511446620134554 -0.010817252763839843 0.9999324551306376 98.09600715018577
0.999927821627078 0.011391885961137528 -0.003817909945932535 -0.7143171387214919 -0.011349287252319026 0.9998750928806204 0.010999651748513957 -1.4465488164707359 0.003942740181475492 -0.010955527482731443 0.9999322133168342 99.46319376050874
0.9999242306830693 0.011700483032178055 -0.003825121525687482 -0.7165284090699047 -0.011652815365984996 0.9998569990816845 0.012255337789761704 -1.458218151897238 0.003967968246128131 -0.012209836029139578 0.9999175841759218 100.80837289693105
0.999923318179579 0.011882602187899787 -0.003487332954586999 -0.7500478836054416 -0.011832325761540117 0.9998305789077584 0.014099984762293795 -1.471288101188347 0.0036542869560493565 -0.014057640579382856 0.999894508906207 102.12585503036442
0.9999285230355419 0.011451615149348287 -0.003436465777913971 -0.7550537326810554 -0.01140533144405063 0.9998478435227 0.01319879688453689 -1.4941405399793808 0.0035870907528019677 -0.01315865971445047 0.9999069869074307 103.47595039225061
0.9999292526529187 0.011379321425223826 -0.0034642026000941545 -0.7631968264615625 -0.011340956026408316 0.9998762763039117 0.010900221273721873 -1.5032872624724367 0.003587811428898629 -0.010860162968315238 0.9999345901007165 104.80005516798865
0.9999409358551795 0.010242027495549264 -0.00363670781094925 -0.7807040442341364 -0.010206304277368307 0.999900774079975 0.009709447322175187 -1.5179471124643238 0.0037357917046006365 -0.009671756696997102 0.9999462490518388 106.14190608851305
0.9999532528567006 0.009091259460839914 -0.003292579021730675 -0.7894259453912313 -0.009055332328781336 0.999901031211887 0.010767021592852267 -1.533126887110684 0.0033901392407028248 -0.010736703089428225 0.9999366130773698 107.4774890262746
0.9999785040145921 0.005968959349013835 -0.0027134878349612535 -0.8015514215108651 -0.0059341110761114675 0.9999020689590329 0.01267433722634133 -1.531552572603792 0.0027888749494867286 -0.01265796289708082 0.9999159955524588 108.79860096845348
0.9999882358139984 0.00444096245361369 -0.0019509162666826209 -0.8189131615016947 -0.0044131335909222 0.9998916311944966 0.014044576237161167 -1.5599344349849193 0.0020130764651400393 -0.01403580164172342 0.9998994668488772 110.15828024641732
0.9999907941020559 0.0040706697647302685 -0.001356963107347477 -0.8206934741484937 -0.004052907759400341 0.9999092848431566 0.012845077879633906 -1.5704807363141484 0.0014091282095767964 -0.01283946024017544 0.999916577833255 111.4612692421112
0.9999858756272851 0.005288026841914544 -0.0005341411714284872 -0.8409142228985527 -0.00528210175235389 0.9999304537337611 0.010544529556827194 -1.5825460268053408 0.0005898638372740419 -0.010541559446243631 0.9999442622414769 112.80120578983058
0.9999654668056389 0.008295356168371334 0.0005022399911519548 -0.8404373762443315 -0.008299427399121751 0.9999274230214579 0.008733167219780543 -1.6046886577587613 -0.0004297588372965814 -0.008737034118170272 0.9999617390401473 114.1549864965614
0.9999335663606104 0.011357909181027324 0.0019648766430709133 -0.8576283995495604 -0.011373332237445542 0.99990312299856 0.008024459853511334 -1.6058442686213488 -0.0018735453579959449 -0.00804627412007074 0.9999658730678476 115.46616976591909
0.9999234379651302 0.011860855929128798 0.0035267946563415486 -0.87030682896498 -0.01189678129356191 0.9998757064022311 0.01034593477301944 -1.6263118572851263 -0.0034036449365236147 -0.010387100382935607 0.9999402598885698 116.83326959481366
0.9999141662094476 0.012395016661847929 0.004245438783105399 -0.8727266358860077 -0.012446540206750987 0.9998464836750018 0.012332588739169413 -1.6266910734111095 -0.004091924732602434 -0.012384371461095632 0.9999149381298689 118.13076936470897
0.9999132748579453 0.0120404793796044 0.005335690764563949 -0.8765106994002676 -0.012110876723530277 0.9998373558970813 0.013363698640701966 -1.6433886902326418 -0.005173918035149556 -0.013427159834779706 0.9998964656155815 119.4990975394343
0.9999049167899988 0.012268898078939475 0.006295355087183993 -0.879143241268205 -0.01234835198737863 0.9998425776008697 0.012741202629948708 -1.6560415047415016 -0.006138044049934914 -0.012817728673040162 0.9998990100232787 120.8182961248105
0.9998757314472737 0.013821612526983468 0.0075818640055146675 -0.8702028844314713 -0.013916686154202218 0.9998233455107661 0.01263343374614514 -1.6653812802577868 -0.00740591082549855 -0.012737378485055002 0.9998914499445596 122.12561980480709
0.9998382730996974 0.015661943149928272 0.008839182502583552 -0.8811029125978362 -0.015768778144875942 0.9998018542929732 0.012148984528650562 -1.6712143077975965 -0.008647155073283508 -0.012286403066026621 0.9998871291332735 123.50181546397816
0.9998161733319755 0.016295543115767523 0.010103206494151539 -0.8872765714022701 -0.016412290530634595 0.9997982243131617 0.011582202702737849 -1.6817067515741932 -0.00991243045838377 -0.011745890581202088 0.9998818819111113 124.83611400794597
0.9997973768404308 0.01682049418684007 0.011057856897736975 -0.8766611743238375 -0.01694145624746755 0.9997966551711707 0.010937797346805469 -1.6882671394049573 -0.010871630093800527 -0.011122917517837273 0.9998790368650012 126.165301992895
0.9997842908986767 0.016922106328895126 0.012042173794059068 -0.8797137592100475 -0.017047578976859573 0.9998006514598025 0.01039410575030619 -1.7068414836921446 -0.011863884036645046 -0.010597153768075296 0.9998734662869855 127.49646340633214
0.9997800325499846 0.016524209336557797 0.012916539057293286 -0.8689768560025936 -0.01667000628747002 0.9997976123411917 0.011262561345030597 -1.7159107691070163 -0.012727821055197281 -0.01147540296390172 0.9998531480653118 128.82729534309814
0.9997741437675831 0.016165369336662672 0.013796457870551549 -0.8618660754118259 -0.01633650464997697 0.999789868010533 0.012382991487240013 -1.7323414317779602 -0.013593384302081908 -0.012605580859360645 0.9998281448497905 130.19833110991013
0.999798808630747 0.014223034430011067 0.014143815631228303 -0.8453406548474609 -0.014407612053157085 0.9998112386682976 0.013034867816291495 -1.7355550908909234 -0.0139557516215755 -0.01323602418236365 0.9998150052187427 131.52578294753366
0.9998121326300803 0.013218523931497961 0.014176390324266172 -0.8370910616426477 -0.013407048583997789 0.9998218390108433 0.013286885005818079 -1.7533183988779166 -0.01399823281002322 -0.01347445265180552 0.9998112264843555 132.87090917417586
0.9998448041711343 0.010698902016905544 0.01399646554114536 -0.8260755873509797 -0.010894695960576635 0.999842806715686 0.013988119182579632 -1.7459492633097147 -0.013844609033465245 -0.014138435797007968 0.9998041965477331 134.1971035915635
0.9998640069099988 0.009594344935975704 0.013413285014038335 -0.8092900764196593 -0.009784437451563276 0.9998516013858121 0.014178857712052864 -1.7726116999588954 -0.013275258760368157 -0.014308171212168281 0.9998095037264032 135.53580801274458
0.9998828236438566 0.009249808268904602 0.012197541328766392 -0.8025289131661437 -0.009416309728071897 0.9998623001771827 0.01366432621258638 -1.7799951329133425 -0.012069470341326695 -0.013777581172513284 0.9998322389990626 136.87917752199033
0.9999050482646505 0.007973574878110984 0.01123906348213169 -0.7948996477474012 -0.008141348152939121 0.999854921114009 0.014961790844513911 -1.7923161003855956 -0.011118134899647115 -0.01505187161895217 0.999824898788168 138.21904762621995
0.9999237840832204 0.0071027938329141374 0.010098333350918746 -0.7742419957765321 -0.007258491662261124 0.9998540479267095 0.015465999858138018 -1.8053951411617266 -0.009987008501717862 -0.01553812007477007 0.9998293986903327 139.56015584939118
0.9999438790563968 0.005762028992260349 0.008890318044702996 -0.7831175400538521 -0.005901349068309207 0.9998589373896102 0.015725120222533792 -1.813956516105457 -0.00879845608578576 -0.01577670289226171 0.9998368280955838 140.91847220943868
0.9999587975135646 0.00498703444265316 0.007585035247966616 -0.7769672827000169 -0.005103554969857364 0.9998680664623841 0.015420875414364219 -1.8137298137567934 -0.0075071307128653664 -0.015458950982688572 0.999852321006884 142.24223264045975
0.9999677920333108 0.004687968935868475 0.006514433253346798 -0.7698657472580416 -0.004784754300396053 0.9998772166350357 0.014921721858251724 -1.8125881643522228 -0.006443681353545188 -0.014952411515506012 0.9998674433945721 143.5939556578936
0.9999794608331835 0.002411840038096187 0.005938092388521911 -0.7712237031002434 -0.0024880660638195128 0.9999141725017301 0.012863015075974935 -1.8274429614868986 -0.005906559691038577 -0.01287752549736841 0.9998996359077592 144.94232036268434
0.9999893685363469 -0.00043967016587130245 0.00459015363302101 -0.7796751307750365 0.00038589408413486 0.9999313628179631 0.011709856270298604 -1.8481282385585243 -0.004594987431071503 -0.011707960690937954 0.9999209017446893 146.2531011012321
0.9999403721145095 -0.010295778592154109 0.0036399413488084034 -0.7776670116752413 0.010240523505803307 0.9998367501600401 0.014886392837863298 -1.8426668673587239 -0.0037926144414363837 -0.014848230570480802 0.9998825661677936 147.64802664136877
0.9998599445748804 -0.016613294204314982 0.0020223012393981786 -0.7640240692306679 0.01657754539301998 0.9997252866581839 0.01656913360924282 -1.8630598714247018 -0.002297013757169358 -0.016533288532882235 0.9998606773458869 148.95673801704586
0.9998190154531227 -0.018991696976065377 0.0011188357606532787 -0.7363795033570766 0.018974875515047618 0.9997287924988759 0.01350168638952133 -1.8716810560641741 -0.0013749523644549688 -0.013478013273647328 0.9999082221222185 150.2537016535842
0.9998403486103365 -0.017836311044086284 0.0010692563076100474 -0.7549414644409317 0.017824033212206204 0.9997853291602835 0.01056406286232326 -1.888768219407883 -0.0012574507769643917 -0.010543318028204114 0.9999436270431957 151.65825484385388
0.9998857828871954 -0.014951695419953982 0.0022063537670268317 -0.7645319518534335 0.01493305205023395 0.9998545611150796 0.008237752225227934 -1.8946562803568512 -0.002329201428703957 -0.008203863885668329 0.9999636350574682 152.96681621123878
0.9998805079182742 -0.015141109179259543 0.0031171640408427796 -0.7710357632813915 0.015113943527816389 0.9998491217614099 0.008561682765656135 -1.913927658875447 -0.0032463273684681473 -0.008513547224651384 0.9999584895738043 154.34095235512908
0.9998215172716451 -0.018580838328348663 0.00341848793453863 -0.7731643861630451 0.01854077881081819 0.9997631192654605 0.01139933620938127 -1.9128178670084413 -0.0036294876799258056 -0.0113339204023107 0.999929182025931 155.66192255058377
0.999626181471282 -0.027065393038084955 0.003868050939882645 -0.7762989338220103 0.02700783190375216 0.9995339258050239 0.014230536836729988 -1.9066830371076362 -0.004251403559543569 -0.014120749782964858 0.9998912590847561 156.99730065606437
0.9995745090086189 -0.028907430324281166 0.0038937655036980403 -0.7611967310881594 0.02884391729800733 0.9994639859587934 0.01548448278522547 -1.924092806201249 -0.004339295349961485 -0.015365583104342044 0.9998725265619101 158.35373399478257
0.9995477445828476 -0.029865133154456977 0.0035185389227230545 -0.7460501569847986 0.02980579357564498 0.9994299129016349 0.0158576123507817 -1.9476748772324044 -0.00399012307557201 -0.01574556809913105 0.9998680692997576 159.68533824299956
0.9995657426114805 -0.029081972494267853 0.0047502706545115535 -0.7588736533824003 0.029001810773185015 0.9994488426989735 0.016152578750169205 -1.9389291226149845 -0.0052174017847855265 -0.01600779821188381 0.9998582545123148 161.05025818184552
0.99961421291375 -0.02714338137843936 0.0058874604618803375 -0.7563045395546826 0.027047077794828022 0.9995082887879797 0.015863045856517332 -1.9335194352329887 -0.00631514275396166 -0.01569768778064956 0.9998568405381123 162.38896954132483
0.9996778495198965 -0.024413075166896392 0.006942546207808957 -0.7674469047529507 0.024312506037794626 0.9996032787645948 0.01421925197073227 -1.9358081808907424 -0.007286928222060196 -0.014045880787524756 0.999874799116839 163.73948771671178
0.9997042860199992 -0.023093625524685014 0.007617413154454853 -0.7684921758292251 0.02298744815560582 0.9996412779232974 0.013743823737111817 -1.9336539772243988 -0.007932075996452426 -0.013564654849560789 0.9998765335318431 165.0856314385873
0.9997136911778347 -0.02254290226376398 0.008022047103452532 -0.7766110126963228 0.02242187644289466 0.99963800820517 0.014869835191507086 -1.9355699973317957 -0.008354353122058775 -0.01468570874294195 0.9998572571831298 166.43542292859695
0.999746531009798 -0.02119681102337692 0.007587420408860788 -0.7611143215618452 0.021081769088236616 0.9996662095368043 0.014934139111361799 -1.9388689719961933 -0.007901444579033889 -0.014770397793640349 0.9998596914176837 167.76465519824026
0.9998069165646939 -0.018230024977100856 0.007334561579459311 -0.7650793326235759 0.018135807543541327 0.9997546986679428 0.012713573980929475 -1.9582526190243186 -0.007564531800692268 -0.012578101230974977 0.9998922788110607 169.15374112923718
0.9998636376556931 -0.01514230484572333 0.0065891360662814315 -0.7642377698265443 0.015075184005079258 0.9998351497833986 0.010119884972930648 -1.9642190241234523 -0.0067412887895105435 -0.010019172743459336 0.9999270829414183 170.56479584257718
0.9999328146767952 -0.009618256385046844 0.00646956665385927 -0.7736862960210906 0.009563471940066667 0.9999185957419694 0.008446412362606686 -1.972070930050779 -0.006550280309298136 -0.008383973521056041 0.9999433998041554 171.92453934660804
0.9999612795586122 -0.005476278753542018 0.006888379201809342 -0.7811750841227458 0.005409218655799188 0.9999381626137451 0.009716547338489801 -1.9924407643135498 -0.006941164342558684 -0.009678910541127371 0.9999290669466484 173.26262852268223
0.9999693554340636 -0.0017875970490591545 0.007621856666086749 -0.7905080092166479 0.001695973176616133 0.9999264297032554 0.012010780527358272 -2.0108352465825394 -0.007642766995709292 -0.011997486226616835 0.9998988190984297 174.65240681900679
0.9999695562250431 0.0005139614064661614 0.007786043456560355 -0.7935565705102043 -0.0006272405031526162 0.999893894874721 0.014553541029708085 -2.0205893497497445 -0.007777738004585309 -0.01455798196778998 0.9998637766974664 176.03787388374732
0.9999739089305596 -0.0027333383668570084 0.00668657834288369 -0.7822564357322085 0.0026280288054029016 0.9998731707078403 0.015707830929101656 -2.0215560670976758 -0.0067286656615968 -0.015689848876170944 0.9998542662313249 177.44349395707687
0.9999741706951377 -0.004821395829930476 0.0053302998909322 -0.7848977170057704 0.004736931082046593 0.9998647897112029 0.01574686529255796 -2.0234475650318595 -0.00540550149398176 -0.015721209600512476 0.9998618025123996 178.83563245499354
0.9999641223852413 -0.007859103312589821 0.003160450952353059 -0.7846373502244587 0.007820835611318369 0.9998980846884699 0.011943816543497522 -2.0201387416434837 -0.0032539968069643715 -0.011918670886742038 0.9999236754819504 180.1749035033096
0.9999867009047156 -0.004878947642156654 0.0016714940412506695 -0.8061711680090284 0.004865382512454976 0.999955955417139 0.008025912417018628 -2.0438212853669344 -0.0017105785651761842 -0.00801767337466529 0.9999663948526398 181.5922768213762
0.9999990200101049 -0.0010971241291617452 0.0008696553628907415 -0.8194567344805601 0.0010906806071051076 0.999972205565209 0.007375534496574622 -2.0575408240823756 -0.0008777231362933947 -0.007374578896182099 0.9999724222142222 182.98572185168527
0.9999988099787994 0.0014564523045463478 0.000508710053763093 -0.8384725067075153 -0.0014607281701822829 0.9999627359432292 0.008508407492862585 -2.0593063378473753 -0.0004962990426042586 -0.00850914062320645 0.9999636734476636 184.31161798156802
0.9999862243890522 0.005054561385422445 0.001415073653169845 -0.8491726377018898 -0.005070714745216061 0.99991923141694 0.011654119447854003 -2.0798331656489313 -0.001356053003026526 -0.01166113457268088 0.9999310871570298 185.7613095619126
0.9999757212597231 0.006786099586693454 0.001582950308192793 -0.8547822340574589 -0.006807533606961988 0.9998794851575232 0.013952514308539431 -2.0928720462184263 -0.0014880765025119644 -0.01396295182568001 0.9999014059437259 187.12854064471517
0.9999872988078076 0.0046715062239502305 0.0018918895952161285 -0.866947637047869 -0.00469867414844591 0.9998820870483189 0.014619660185136628 -2.090850351024937 -0.0018233708259592395 -0.014628364161168455 0.9998913372384215 188.58136093386472
0.99999095654065 0.003898086149320994 0.0017005164856916494 -0.8636237486040812 -0.0039234959983530555 0.9998767142367402 0.015204029300554431 -2.096417803980092 -0.0016410403468395532 -0.015210564074604077 0.9998829660172242 190.0011040087366
0.9999978562184665 0.0005263643042043003 0.0020026235151515744 -0.8767660178595678 -0.0005584152044227873 0.9998712320240025 0.016037691135018413 -2.1034869009798998 -0.0019939241288266045 -0.016038775364030342 0.9998693824474567 191.3548447208139
0.9999969426718356 -0.0009966606850299337 0.002263033152819626 -0.8817535986818229 0.0009597933089428232 0.9998677556746545 0.016234221572590624 -2.1085484065937656 -0.002278914069333962 -0.016232000212478632 0.9998656553377768 192.8083444335406
0.9999898669842284 -0.0037633089034863013 0.0024705148122764627 -0.872444994798196 0.003720656879688717 0.9998477517817185 0.01704787248706174 -2.110003996663067 -0.00253429529127183 -0.0170385081336475 0.9998516222883131 194.16533248248749
0.999957513378939 -0.008767863025337986 0.0028453519890442903 -0.8764177857234488 0.008713333432061677 0.9997882496719339 0.018642253620607837 -2.1073122373696433 -0.003008202449639252 -0.018616669431399432 0.9998221693594904 195.61862069646074
0.9999190046439241 -0.012360109799515951 0.003035103249738123 -0.8669205064841009 0.012299031945267895 0.9997365510374999 0.01937943015131144 -2.1181159746518614 -0.0032738357996397564 -0.019340532044712217 0.999807594402623 197.03053767708616
0.9999382659047116 -0.010688483045835306 0.0030365644277373883 -0.8678573858129776 0.010640593945407038 0.9998252218421237 0.015372166808088655 -2.1213471461716797 -0.003200339104206756 -0.01533890726375351 0.9998772303418891 198.45054968245577
0.9999839394547182 -0.004475855338224109 0.0034767171159219234 -0.8940494073964056 0.004438685445471479 0.9999336876099172 0.010626309087027434 -2.1297593295291914 -0.0035240486776647846 -0.010610706571887453 0.999937495039669 199.8920099771855
0.9999738255329075 0.005513418872861617 0.0046851313522231555 -0.898885138054307 -0.005558062894820134 0.9999387614541927 0.009569811188306769 -2.129354433707796 -0.004632082448015419 -0.00959560114790259 0.9999432325130087 201.33684356535008
0.9999116478755944 0.011826703687939236 0.0060684018036538745 -0.9167682277559039 -0.011907040061537599 0.9998396188608591 0.013377554938370038 -2.1291493237775074 -0.005909216657386177 -0.013448629975674416 0.999892101933718 202.7652022001852
0.9998801589303912 0.01374518350898695 0.007123038651758549 -0.915837144204793 -0.013854918089923608 0.9997824388845715 0.015592182993213738 -2.136547032558605 -0.00690717211087785 -0.01568900384052955 0.9998530622707387 204.19124202733587
0.9998792859707042 0.014105592149832353 0.006515038552900887 -0.9087514879093399 -0.014208027126273958 0.9997717817886707 0.015953568032461982 -2.144264826073449 -0.006288517697810201 -0.016044208379384178 0.9998515079367705 205.68604986066393
0.9999397602801574 0.009627587455290607 0.005271181527304249 -0.9068912492374233 -0.009712969630924223 0.9998180177539119 0.01641918419804927 -2.1486777477130783 -0.005112145553378211 -0.016469394264905613 0.9998513014554734 207.11307153626313
0.9999620828899843 0.007599730681064056 0.004251689636707306 -0.905392046011831 -0.007667589040396631 0.9998397221275613 0.0161783232425724 -2.152523519086876 -0.004128057621682121 -0.016210310338131348 0.9998600827022716 208.54418650996797
0.9999596900715094 0.008183565684046988 0.003694248452280855 -0.9111452770752583 -0.008240367208552039 0.999843864372631 0.015631482186811742 -2.155989650873497 -0.0035657506764809345 -0.015661294358732755 0.9998709963208234 210.02617511176092
0.9999547543251197 0.008794582904020022 0.003625548130345398 -0.9189906238860435 -0.00885064681440942 0.9998368070349112 0.015748820954258363 -2.161832941601125 -0.003486452437328323 -0.015780197149156017 0.9998694064876548 211.49323539178081
0.9999397523599806 0.010446020442308347 0.0033722822103765602 -0.9219189568660091 -0.010500084896978991 0.9998098294541488 0.016433294266379593 -2.1609328708275726 -0.0031999786315808345 -0.016467713778657102 0.9998592773701265 212.92441445566672
0.9999443983701475 0.010083819732170618 0.0030849195594463345 -0.9404106273983829 -0.010133425096653563 0.999812340714239 0.01651051382025753 -2.1735446399666083 -0.002917851834467803 -0.01654085694142726 0.9998589331481295 214.37046182881193
0.9999402953722646 0.010555723750511024 0.002825308156604969 -0.9420496507292632 -0.010599464658924657 0.9998167302522701 0.015942310802071688 -2.1814007810543807 -0.0026565079465905115 -0.015971306047008214 0.9998689215853884 215.84358945254243
0.9999479289816694 0.0099325485032809 0.0023417485052440483 -0.945826303339233 -0.009967665480533903 0.9998302760367191 0.015494024035177946 -2.179109552765154 -0.00218745608212467 -0.015516559322961252 0.9998772181755653 217.31225972830921
0.9999508747815168 0.009750562739833123 0.001781721180321906 -0.9445391564043346 -0.009777170330045831 0.9998306580098832 0.01559045409329226 -2.190854990680028 -0.0016294038850466872 -0.015607108714041803 0.9998768740225791 218.7763152498035
0.9999247885835392 0.012154828917069059 0.0016362405335579122 -0.9562407117806863 -0.012178524088822525 0.9998080574539377 0.015347046088005389 -2.2033227597531386 -0.001449385860638805 -0.015365819120669434 0.9998808883502222 220.2612435644287
0.9999515946787265 0.009702489678995145 0.0016340054727636039 -0.9707145450582774 -0.009726233880881912 0.9998370054485081 0.01521061883587342 -2.1954106665010618 -0.0014861583804200225 -0.015225775586688927 0.9998829767005498 221.75650814384767
0.9999307733464174 0.011709603061947208 0.0011548526658986362 -0.9737587199226627 -0.011725664267490964 0.9998179942736038 0.015049489872297511 -2.2064063225077972 -0.0009784189946646356 -0.015061989766153737 0.9998860830942793 223.23837215376975
