1.0 -6.776263578034403e-21 8.673617379884035e-19 -8.673617379884035e-19 0.0 1.0 -1.828002979293187e-19 0.0 0.0 1.0683203047244863e-19 1.0000000000000002 5.551115123125783e-17
0.9999999797104953 0.00020022288585128676 -2.2131250481275365e-05 0.015481505985071288 -0.0002001610027026934 0.9999961641655849 0.002762533580007032 -0.002318677433910815 2.2684290006969206e-05 -0.0027625290541730043 0.9999961839510038 1.3043877635068823
0.9999990451162032 -0.0012431393412329665 -0.0006036313814911359 0.013293815367110424 0.0012459865737832897 0.9999879927652247 0.004739393073505437 0.0110391022217073 0.0005977324571779293 -0.004740140595640932 0.9999885868246637 2.6643191009141773
0.9999966330277407 -0.0025387101748656146 -0.0005374783412212527 0.005974006261570151 0.002540375677008232 0.9999919041601641 0.003120594263520696 -0.03608693424921918 0.0005295517489158604 -0.0031219491077632434 0.9999949864907164 3.9772710188401215
0.9999968659869798 -0.002486161995590034 -0.00029498139572616856 0.0056926321157274515 0.0024872015377160905 0.9999905100438815 0.003576821779454512 -0.048639162519719795 0.0002860860610630787 -0.003577544195533251 0.9999935596440946 5.27581494480204
0.9999956399455553 -0.0029518699719619235 8.094890427087428e-05 0.029742062994239985 0.0029515357318485366 0.9999881906646569 0.0038609547893684957 -0.05572464714894798 -9.234499361265684e-05 -0.003860698975323838 0.9999925432086035 6.581424315204955
0.9999909336177852 -0.004226597671539067 0.0005182207819533092 0.03827530290480535 0.004223757829705843 0.9999766903598896 0.005364570130992032 -0.07607918156864106 -0.0005408826288460988 -0.005362332576178351 0.9999854763099741 7.9195145653053
0.9999911185435303 -0.004207550480771441 0.00024362135434124414 0.04995966911245023 0.004206053128032958 0.999974027211898 0.005852693835320856 -0.08807772008228486 -0.0002682405555447971 -0.005851617084948272 0.9999828431626789 9.255353301646277
0.9999944512705417 -0.0033302008874022166 -8.478831408929594e-05 0.032823795272501836 0.0033305695970073713 0.9999829507999846 0.004796396602998969 -0.10628898988835403 6.881390886516979e-05 -0.004796652312355773 0.9999884936275529 10.589449697531753
0.9999998145076936 -0.0005314725329988836 -0.0002975254188186298 0.027947919905452263 0.000532258702112725 0.999996351417926 0.0026483680888942708 -0.11750457703447814 0.0002961168229857619 -0.002648525919674516 0.9999964488053974 11.90911900356406
0.999994544545415 0.003302884128001579 4.283441208079077e-05 0.04712958670466872 -0.003302962715218305 0.9999925892025787 0.001977872535900501 -0.13588659850176696 -3.6301412694583236e-05 -0.0019780031981646846 0.9999980430901202 13.264702324108319
0.9999826254642737 0.005863826669207771 -0.0006035749511135316 0.044809470046514956 -0.005862734705131415 0.9999812007540299 0.0017962419144870272 -0.15070318827995433 0.0006140965091333593 -0.001792672080973844 0.9999982046040025 14.610492082742015
0.9999786671846901 0.006488646286847172 0.0007500939946019289 0.04461033858650229 -0.00649097115415516 0.9999740071828153 0.0031388307924984315 -0.16126730915770726 -0.0007297077935646285 -0.0031436326266055118 0.999994792535348 15.924270104294042
0.9999904201521982 0.0043714235550430134 0.00022418326180724188 0.06075989916245399 -0.004372741749877406 0.9999708473612 0.006259677645842946 -0.17443664536132858 -0.00019681303888328516 -0.006260597884766147 0.999980382894401 17.295961682066523
0.999999942594957 0.00027811023000387936 0.0001935583803564095 0.0742239542093559 -0.0002795305692489344 0.9999727506736731 0.0073769762682575945 -0.18433580080491196 -0.00019150150939438188 -0.007377029843480023 0.9999727710051524 18.683777876640875
0.9999978904233058 -0.0016772733665501088 -0.0011857074429611853 0.08448341848894894 0.0016843635050054777 0.9999805570489761 0.006004036034343027 -0.2114466139454877 0.0011756140774305136 -0.006006020443403842 0.9999812726475065 20.019420791899755
0.999996041469624 -0.0026307877115634504 0.0009979983582928727 0.10613739113682126 0.002627324517494291 0.9999905766401169 0.003455980348843907 -0.21458361720282665 -0.001007080989709334 -0.0034533445521594455 0.9999935300772376 21.348771874907786
0.9999977622589097 -0.0012382393564116141 0.0017152961078362484 0.11028152571538166 0.0012339380518376559 0.9999960974700794 0.0025064803070485135 -0.24219138799751866 -0.0017183931807587026 -0.0025043580925460155 0.9999953876459223 22.7409172347775
0.9999966559169624 0.002314014561624385 0.0011547689428618333 0.08444927290878679 -0.0023198599494860376 0.9999843735067341 0.0050863539691234265 -0.23648286162998342 -0.00114298109561596 -0.005089015788899476 0.9999863976615707 24.08201416057709
0.9999925397085635 0.002398327508801701 0.003027961727416789 0.10962718541915929 -0.0024259408040354586 0.9999552055998933 0.009148858574740362 -0.25250663652375666 -0.003005884383369274 -0.009156135845354883 0.9999535638354814 25.441744301832003
0.9999967985609076 3.8384960680562584e-05 0.0025300978194218596 0.1205701118769861 -6.275572687685018e-05 0.9999535999527734 0.009632964831450121 -0.24666651195574 -0.0025296108736220695 -0.009633092630720999 0.9999504010632299 26.8115019573124
0.9999902975681826 -0.0025352021436532805 0.003602432409359302 0.13957025023939962 0.0024985534887253264 0.9999454499182496 0.010141717192883754 -0.27188822111097355 -0.0036279475042805143 -0.010132617776258858 0.9999420823452047 28.192457405731982
0.9999884022990511 -0.003797514476568915 0.0029621192049912167 0.12724378830582594 0.0037774241260958045 0.9999700236534101 0.0067589103024014345 -0.2663510612235533 -0.0029876977227667927 -0.006747642635567737 0.9999727711169345 29.602323483736583
0.9999906774916644 -0.0025561958074687614 0.0034800563854825513 0.13925918370825655 0.0025334347456182683 0.9999754748492736 0.006529273641316953 -0.285907644878834 -0.003496661432231936 -0.006520396181415178 0.999972628518827 30.97226179772536
0.9999935761775706 0.00030134014046517995 0.003571666000959556 0.12243050587687096 -0.0003209639550023749 0.9999848508903484 0.005494995571082833 -0.29002577272522206 -0.003569956329528473 -0.005496106568712829 0.9999785238792394 32.364407047810545
0.9999843365176463 0.0027274624362656668 0.004887501119619543 0.1454898417531709 -0.002747989032426478 0.999987412695367 0.004197977024991592 -0.3158291477029948 -0.004875990181885494 -0.0042113420090632925 0.9999792444421324 33.71718904773022
0.9999800280806427 0.003156317603617275 0.0054754997641616315 0.15110880134840066 -0.003177862044764813 0.9999872264393781 0.003930414091447207 -0.32546112218746076 -0.00546302464373195 -0.003947735919850003 0.999977285112106 35.112699531107125
0.9999884762595778 0.001572686064529475 0.0045358578448114525 0.1550004910065777 -0.0015974913567915405 0.9999837620755646 0.005470247815381964 -0.3360392759609252 -0.00452718158796152 -0.005477430692346732 0.9999747508689836 36.50397625266875
0.9999865638753223 0.0029701383697715972 0.004248569896753289 0.16424831927077665 -0.0030002474634347005 0.9999703074627547 0.00709807823915962 -0.3459249246792505 -0.004227361824368583 -0.007110729527144268 0.9999657828804115 37.905926570286866
0.9999763753347879 0.005410051795234365 0.004240295879873358 0.17638648053808823 -0.00543920185227992 0.9999614480703333 0.0068932912900313515 -0.3547599797446202 -0.004202839695402624 -0.006916192164416559 0.9999672506730641 39.29127912936972
0.9999607602293391 0.0072673476183074005 0.005065930793600041 0.17255127957498492 -0.007304476413754765 0.9999463139506888 0.007349411678416676 -0.36390084223179336 -0.005012248511487049 -0.007386127155614826 0.9999601604486972 40.69127251293993
0.99994113698505 0.009448285303442045 0.005334084815217735 0.16320978723607044 -0.009492358705109267 0.9999205121001092 0.008298471150297686 -0.3716882622177822 -0.0052552549337283195 -0.008348615604604677 0.9999513402692947 42.10913368007677
0.9999324262774422 0.010798147996586958 0.004306142988773159 0.18899741459294342 -0.01083114151708849 0.9999115906350222 0.007713449621131856 -0.3716720986041824 -0.004222471664576738 -0.0077595687284270675 0.9999609791484971 43.52999279017654
0.99993210912438 0.01054567717312258 0.0049563922362257755 0.18426969110826538 -0.01058742321071419 0.9999080525558037 0.00847307039419574 -0.39312244356772913 -0.004866582647361051 -0.00852497045079394 0.9999518194618641 44.93368356031706
0.9999525190486128 0.009171432799972535 0.003293092900266317 0.19943745330849438 -0.00919683562291178 0.9999274170553987 0.0077832416240824565 -0.4014140060423429 -0.0032214706668645568 -0.007813157991068766 0.9999642877033628 46.33400550602278
0.9999494012165413 0.009600957631276209 0.0030027671589432777 0.20298251853429308 -0.009628664430498446 0.9999099048674046 0.00935259249520717 -0.41316542324498445 -0.0029127030204355413 -0.009381031768724383 0.9999517550340429 47.7575509589251
0.9999625991217764 0.00864763443957454 0.000136999707036815 0.22288572673553084 -0.008648575530386374 0.9999120771135814 0.010051875430716084 -0.4141995121236543 -5.0062718566885704e-05 -0.010052684190134826 0.9999494692361319 49.172542860910056
0.999959353299575 0.00898761125177155 -0.0007173453939962092 0.21169087241435927 -0.008980018865455602 0.9999100093222396 0.00996657086659337 -0.4202515565393147 0.0008068565748488975 -0.00995972384068736 0.9999500751914016 50.61254185416352
0.9999581893894617 0.009132272243893312 -0.0004701789112277607 0.20300944355843217 -0.009126844793386988 0.9999034199373099 0.01048100753898504 -0.4256654715607237 0.0005658489662118951 -0.010476277921744574 0.9999449621889274 52.03600097779078
0.9999382457344516 0.010920535878716154 -0.0020607282045467567 0.21434404661774958 -0.010896186786232685 0.9998747444941991 0.01147904429489796 -0.4410303024259423 0.0021858275890319374 -0.011455881171702337 0.9999319901550717 53.45769535036693
0.9999680534107371 0.007357613264020852 -0.0031237281617176316 0.21654970452498473 -0.007318803766412925 0.9998980697312574 0.012259089497792794 -0.4318257198592709 0.003213607670511282 -0.012235835732472798 0.999919975318454 54.92047057013694
0.9999738038853954 0.006645402502866929 -0.002868825959731134 0.21191576500472908 -0.006608074368938355 0.9998958447469763 0.012830940210744594 -0.4451148599628284 0.002953794168363396 -0.012811646490406892 0.9999135646667413 56.3305164829353
0.9999842694378428 0.004604569199167652 -0.0032029385186726203 0.2087029003525224 -0.004563455620674383 0.9999085905813409 0.012727347245752163 -0.4512578844393681 0.0032612499657904944 -0.012712530386419518 0.9999138741964507 57.73949128083098
0.9999911546312663 0.0036692429576258103 -0.002056043010688721 0.19388360836096513 -0.003641871260090398 0.9999067420839992 0.013162215691177075 -0.4564022665041621 0.0021041468131472877 -0.013154611232771507 0.9999112604420319 59.13996742340755
0.9999926482171856 0.0022145813922265127 -0.0031303575375927093 0.21126394672189713 -0.0021716749121518564 0.999904554993714 0.013644220161325995 -0.4622336443289233 0.0031602752621137714 -0.013637321535977649 0.9999020132549011 60.595081373508116
0.9999963630314455 6.320753583153913e-05 -0.002696280221589505 0.21583838043887052 -2.5209208944847253e-05 0.9999007225771196 0.014090577248878276 -0.458101758650098 0.002696903398362935 -0.014090457826745856 0.9998970875540102 62.05548021907992
0.9999980490292019 -0.00041786061374756496 -0.0019306292290357813 0.2068681812090599 0.000445621792993537 0.9998961960924184 0.014401335856744307 -0.4740475033668014 0.0019244112321320653 -0.014402167881953887 0.9998944315223778 63.46144226796287
0.9999962735319713 -0.0018170024850661503 -0.0020375040323050778 0.21339455673918858 0.0018452961488444589 0.9999006906838215 0.01397153052838997 -0.46345325661670833 0.002011915551305833 -0.013975238059520024 0.9999003174843414 64.87561916188878
0.9999966085565021 -0.0025944230670967372 -0.0002276920978347115 0.19228681554577448 0.0025973970644446133 0.999895649601013 0.014210680885327294 -0.47574996807486586 0.00019079983482264175 -0.01421122389106961 0.999898997248185 66.2985648859715
0.999999873233404 -0.0001077038607681971 -0.0004918666911567096 0.20605703985419438 0.00011447895692356431 0.9999048374541776 0.013795033270387851 -0.48815594815492 0.0004903341465390676 -0.01379508763021203 0.9999047230197906 67.70220039290588
0.9999931057296505 0.003675057806877919 0.0005314528560015717 0.2074815206290479 -0.0036826239800161076 0.9998804907226446 0.015014745025691284 -0.49478634018123546 -0.00047620932510847053 -0.015016598434239784 0.9998871311212922 69.10457134061264
0.9999852023583614 0.005341418800223722 0.0010316525652625226 0.2146767494157658 -0.005357788069248251 0.9998482654074071 0.0165752914735009 -0.4872899004929724 -0.00094296053145699 -0.01658057333498143 0.9998620881887584 70.53126680971926
0.9999491950162459 0.009952760352986735 0.0015968526532808775 0.21718335353251983 -0.009979484760077836 0.9997934514943271 0.017704921912069897 -0.4922514717819889 -0.0014203100962847728 -0.017719957925796077 0.9998419804112707 71.95125027601469
0.9999112546196559 0.01318681436923034 0.001894939338479974 0.20652401397325093 -0.013216936112255079 0.9997702459537253 0.01687506855432833 -0.4901053572612053 -0.001671975707306734 -0.016898616019912775 0.9998558102332583 73.35275548977646
0.9998381368884598 0.01777118377051853 0.0028080278194355015 0.21071398450681406 -0.01781546723371703 0.9997031216285388 0.016621605830018295 -0.49779561184849175 -0.0025118087689197472 -0.01666894149476754 0.999857908499881 74.76074601173676
0.9998078014021118 0.01909721945618123 0.004433557128384268 0.2053919145081065 -0.019168662784146834 0.9996772326952718 0.016673117576812984 -0.4970087926596973 -0.0041137162733625755 -0.016754898149504597 0.9998511642790594 76.14976126163154
0.9998107700080326 0.019026542280259934 0.004051521871790059 0.2160379750945366 -0.019094677943237874 0.9996645060327152 0.017500534428062587 -0.4939655739670663 -0.003717188256887467 -0.017574585056494233 0.9998386452094276 77.52150757651678
0.9998388894325619 0.017465870602257003 0.0041398686703507 0.2264204836116035 -0.017535688704514288 0.9996935149523068 0.01747500589372145 -0.4980933728473119 -0.003833383985551292 -0.017544785683124866 0.9998387298186072 78.92195415746053
0.9998395532177079 0.017459250294445332 0.004005292857226295 0.23064816944968103 -0.017524445932003103 0.9997042001737172 0.016864340961182157 -0.5056588773071715 -0.0037096696468049747 -0.01693182542817188 0.9998497645257658 80.29669246788693
0.9998639628421202 0.01596416037443332 0.004147453237593046 0.2472852551048974 -0.01603192821017983 0.999729407396805 0.016854948983157248 -0.5020207936477042 -0.0038772561777310503 -0.01691914751437824 0.9998493433089924 81.66500688461475
0.9998604892667501 0.016232172520515935 0.00393935945272919 0.2433637315486309 -0.016295557348619812 0.9997289184706745 0.016629624952127487 -0.5010625516648984 -0.003668356925355085 -0.016691498760199486 0.9998539578410106 83.06980391244021
0.9998680354212625 0.01599091345346833 0.002863984125836952 0.25819531481632174 -0.016037613370310386 0.9997251359218665 0.017101099526975257 -0.5060110507145578 -0.0025897349281315714 -0.017144774012442205 0.9998496636895461 84.39896273151034
0.9998705650960865 0.015903363183255578 0.0024364050385685104 0.2590144918289179 -0.015943338837209397 0.999721918427386 0.017375149042993466 -0.5002702504275532 -0.00215940438877115 -0.01741174427419113 0.9998460722114785 85.79845043347275
0.9998998284695475 0.014070847307507944 0.0015310988115139071 0.26042369391425363 -0.014095836232277809 0.9997429024959625 0.017760527767144246 -0.4967584941197247 -0.0012807995977451745 -0.01778033053118455 0.9998410970653956 87.19207565109576
0.9999101621175458 0.013398471490316127 -0.0003855359580042395 0.2694709793346089 -0.013388612918969115 0.9997263310918354 0.019183534667441982 -0.4997711544658663 0.0006424605497102132 -0.01917664919243809 0.9998159047301816 88.51570516751276
0.9999420030055066 0.010747069010179753 -0.0007008005082008491 0.2720096840234764 -0.010731480710614352 0.9997547478055175 0.019372134436302493 -0.49734726968707155 0.0009088223809352583 -0.019363490005220342 0.9998120969851471 89.88625325183524
0.9999637298746674 0.008395936138877923 -0.0014307983183922766 0.2783152733742375 -0.008365941194844816 0.9997685918389031 0.01981852232294185 -0.4961066456850203 0.0015968624044808647 -0.019805833242833807 0.9998025700011985 91.30600511095767
0.9999624910382664 0.008210725157031251 -0.0027569005401019133 0.2812634385142651 -0.0081544423513765 0.9997698902808576 0.019841158839930872 -0.5022435586536638 0.002919176699897082 -0.019817933346705327 0.9997993438221698 92.67089959636107
0.9999771071528898 0.006117812153770347 -0.002890940862918929 0.28261335056788345 -0.006060619245080875 0.9997935346110725 0.019394769066809068 -0.4921014729019447 0.0030089977917501926 -0.019376803894048906 0.9998077242078935 94.00331921098363
0.9999702727402852 0.007316158667479345 -0.002434635774313209 0.27388889454707116 -0.007267807847308717 0.9997871485274231 0.019308978037496934 -0.49202841069157466 0.002575385323796184 -0.019290709291535046 0.9998106000177376 95.36729580133523
0.9999699323008759 0.00714900023680779 -0.0030043772784709355 0.27838376845133395 -0.007091362457682139 0.9997985581776198 0.018776465798429155 -0.49764526503549844 0.0031380052949969957 -0.018754595834825843 0.9998191926750418 96.72270937975706
0.9999646803471353 0.007933389573142019 -0.002774775703613696 0.27401323933588495 -0.007881036935846169 0.9997997302872187 0.018395341761786935 -0.49476831696778817 0.002920157659968969 -0.018372823670333806 0.999826941032014 98.08605741530292
0.9999578230411399 0.008888125518545889 -0.0023137317177815333 0.2696925024176183 -0.008843859614021945 0.9997899924702127 0.01848667437213635 -0.4884866435096539 0.0024775579095784907 -0.018465432076216967 0.9998264296908592 99.44001404416369
0.9999482253265081 0.009903282668944816 -0.002339155343439382 0.2672579334298413 -0.009853868318473924 0.9997460202143079 0.02026811226366456 -0.49117718386514764 0.0025392823063457217 -0.02024401286875558 0.9997918443203297 100.77573721543719
0.9999434245307048 0.010407101651422522 -0.0021999911590625584 0.26371321372316375 -0.01035773989881805 0.9997179809081065 0.02136997673301261 -0.4917543369629328 0.0024217704462046767 -0.021345980473197523 0.9997692154317944 102.10479085411521
0.9999543331226843 0.009416310891700981 -0.001632405823556512 0.26302390513933227 -0.00938077814438225 0.9997446677302555 0.020557246307103358 -0.48421358305272133 0.0018255625961990764 -0.0205409939893076 0.9997873448225482 103.46843316564006
0.9999429943543141 0.010505498724997432 -0.0019085403733031924 0.26242586636849136 -0.010467520311235195 0.9997661113179569 0.018924949355943597 -0.4831742034653919 0.002106910198820881 -0.01890389257010291 0.9998190855137754 104.79710886428882
0.9999470671727643 0.010103788088820556 -0.001943272426154009 0.2704099104135763 -0.010067081214846858 0.9997863474053822 0.01805307301117036 -0.47822225665091017 0.002125261846591321 -0.018032554070421182 0.9998351415305294 106.13617046802435
0.9999616474639381 0.008519687917854698 -0.0020294114188131335 0.26469454168451706 -0.008479827522938804 0.9997853975141432 0.018901097015038157 -0.479419941195912 0.0021900075363763703 -0.018883162779389683 0.9998192986800246 107.45071600626562
0.9999887009674234 0.004462635277017731 -0.0016379319409856553 0.2636699605959931 -0.004427618461798322 0.9997739838187333 0.020793688874445618 -0.47428987038373394 0.0017303565378422843 -0.020786201487997865 0.9997824461720396 108.79988804885197
0.9999935913504323 0.003508443006075046 -0.0007128002557353257 0.2730519826842496 -0.0034919833253277393 0.9997538115752757 0.021911693612389038 -0.4690011532922536 0.0007895007681021681 -0.021909063784790392 0.9997596559125324 110.1479278265026
0.9999929487687764 0.0037396184871177946 0.0003430233886022949 0.28257096257473024 -0.00374593920842831 0.9997770825331498 0.020778671839626933 -0.4648030632699881 -0.000265242638253416 -0.020779809968941285 0.9997840412422981 111.47830228284403
0.9999870723479611 0.005034166040406293 0.0007157562257772412 0.28394276140398034 -0.005046836752634753 0.9998074048464219 0.018965301851045228 -0.45155622201423734 -0.0006201439462275278 -0.01896866870530099 0.9998198862845471 112.83614987704323
0.9999689695635452 0.007711016234848102 0.0016124928579312227 0.28294995007961976 -0.007738104632069299 0.9998164372808939 0.01752750702376097 -0.45678378316310075 -0.0014770420940898891 -0.01753944052348645 0.99984508117777 114.13952467695574
0.9999458538337431 0.009943561536647882 0.0030683831860478785 0.28552213243857516 -0.009994434731869431 0.9998049367123503 0.017035252453326263 -0.45244538624237407 -0.0028983938152469958 -0.01706499656996323 0.999850181371445 115.46733775436371
0.9999246926638533 0.01139891525572338 0.004546836195407781 0.2857094254057635 -0.011482461098162667 0.9997574759784381 0.018792081943921096 -0.45016347780196175 -0.004331524487517304 -0.018842875361315386 0.9998130744919275 116.802350533048
0.9999203180966774 0.011330464147133072 0.005565790747059229 0.30208139692915537 -0.01144629661978924 0.9997088783012179 0.021240079423708574 -0.44042815141392916 -0.0053235109079751005 -0.021302094359232433 0.9997589114311609 118.14569239015162
0.9999223820664189 0.010883725299529629 0.006064186169505963 0.3083482377543567 -0.011016675220903313 0.9996897430900478 0.0223394373849183 -0.4326082262214189 -0.0058191688974356635 -0.02240451029107399 0.9997320516864715 119.47890666689018
0.999906350427891 0.011608947132887201 0.007247255043590912 0.3226520919651582 -0.011764365775895059 0.9996934818073072 0.021783988749428128 -0.4213696474174129 -0.006992145035737334 -0.02186720773294289 0.9997364328224599 120.82992865621928
0.9998836219728582 0.01266328331527973 0.00850786387224825 0.3315068527898055 -0.012842890751290569 0.9996885331314873 0.02139852613174352 -0.42523649599004765 -0.008234239040628777 -0.021505301070706962 0.9997348244978174 122.14941632805443
0.9998437234723636 0.01482383889344164 0.009632362527003805 0.34769425994525394 -0.015026653181925672 0.9996594363308375 0.02133567652514087 -0.4080904774837024 -0.00931280623736352 -0.021477084122515096 0.9997259656921921 123.48656583847139
0.9998412671711494 0.014155346463050012 0.010819732108962914 0.36079385004999964 -0.01438083859368533 0.9996748850895419 0.021055062199970012 -0.39844077627469454 -0.010518173628241595 -0.021207316587056272 0.999719769600563 124.83374593813416
0.9997924944809933 0.016802343719197352 0.011517343042814224 0.3680232553057122 -0.017033065639562944 0.9996501291880375 0.020235956563598414 -0.39787492521897944 -0.01117330289264662 -0.020427932858344596 0.9997288916736713 126.18854403880427
0.9997983180437128 0.015488211351790451 0.012784307330557243 0.3925368956547607 -0.01573637680905165 0.9996851338188086 0.019544812875211044 -0.38939118078141494 -0.012477568831245841 -0.019742049433576415 0.999727243676321 127.49386914023275
0.9997722683501467 0.015792722314284042 0.01435274621357523 0.39826868177242014 -0.016095322676386446 0.9996453080727679 0.02121788592367738 -0.3884197532849475 -0.014012568397661528 -0.02144406571358834 0.9996718461383121 128.79045558049015
0.999795144912026 0.014455159500611131 0.014167446574751809 0.4223261981776585 -0.014766707413404556 0.9996458614081529 0.022138115682177384 -0.3778115550679273 -0.01384242049596659 -0.022342786794116023 0.9996545339568821 130.19523132447503
0.9998115955656218 0.012513322168272006 0.014838804294703575 0.4437422334817432 -0.012853078469600064 0.9996522296407067 0.02302646713006943 -0.3678693782921312 -0.014545507410406597 -0.02321285282379363 0.9996247254173052 131.52566669601404
0.999826439399399 0.011528065027367118 0.014635394406763683 0.47635458801613495 -0.011860333741668892 0.999669167924551 0.022822953843982068 -0.36144195908961096 -0.014367449251871282 -0.02299257300975776 0.9996323914199645 132.893443267997
0.9998552390118438 0.008822634132686549 0.014548612575999672 0.4971897659007821 -0.009171448977635567 0.9996678208936994 0.02408593836886001 -0.3489407102829386 -0.01433127960589299 -0.02421588317357213 0.9996040243080303 134.2141197736547
0.9998769092620768 0.0074816615456215875 0.013790977087409641 0.52517217323923 -0.007811412932950266 0.9996811066841909 0.024013887609448278 -0.34192088178680435 -0.013606916594320832 -0.024118658391244004 0.9996164975243019 135.5464726238983
0.999899652803065 0.0065746343823999765 0.012548246671843694 0.546136875156023 -0.006879231841428867 0.9996789170669466 0.02438727069141433 -0.3292549593066213 -0.012383881290336622 -0.024471145442098073 0.9996238305016549 136.8846616555584
0.9999269582227168 0.0040528014788432844 0.01138652763642637 0.5602018056814995 -0.0043393442074139265 0.9996716472497696 0.02525406513600443 -0.3165032768535033 -0.011280440069454035 -0.025301630231307905 0.99961621593409 138.21506870748857
0.9999422133122662 0.0033038419013936247 0.010230085972830457 0.5834350388630716 -0.003566426640982041 0.9996618738904965 0.02575691208209112 -0.3097615707662556 -0.010141530996392735 -0.025791908153722804 0.9996158896293296 139.59144281228726
0.9999582582336614 0.0017636411353785463 0.008965007345256593 0.6019522097469883 -0.001996585105511806 0.9996588692624461 0.026041481940671934 -0.2946246123242457 -0.008916022022959965 -0.02605829394630897 0.9996206629730198 140.89825034793748
0.9999723238910323 0.0014919465735489606 0.0072887272933946715 0.6044781105112913 -0.0016808315068276916 0.9996611113546123 0.025977630363910556 -0.27901826873013247 -0.007247500596289009 -0.025989162150560827 0.9996359523141582 142.26426669605513
0.9999781597792989 0.0005311163316551821 0.006587706637787291 0.6264274969426953 -0.0007012284549455556 0.9996656572165632 0.025847283970215497 -0.2564186982787379 -0.006571776721150641 -0.025851338572884425 0.9996441967108174 143.62088224931603
0.9999845958769733 0.0013201194217790225 0.005391223698719392 0.6360067052780083 -0.0014478427975645985 0.9997167337069172 0.023756180731906506 -0.25086352661098565 -0.005358335999477311 -0.023763620089273022 0.9997032452536692 144.9727242780649
0.999976888766424 -0.004654311315541718 0.004955735760417891 0.6449608309515843 0.004541422866833495 0.9997353547157484 0.022552073857668224 -0.2515739521918803 -0.005059389046244737 -0.02252904623252896 0.999733386776217 146.29567420100864
0.9998965226834828 -0.01381811002821426 0.004000467742110672 0.6726400505162239 0.01371112053074622 0.9995772351233846 0.025638959482228375 -0.23771901257805894 -0.004353058817497651 -0.02558145516290616 0.9996632633056002 147.62613082456096
0.9997784017663353 -0.020961074162355875 0.0019443993363686156 0.6861491636817547 0.020901885846507512 0.999426512380858 0.026641276071912124 -0.21716114781081697 -0.002501714227954581 -0.026594730409910824 0.9996431671904897 148.99174527464078
0.9996971125366237 -0.024610409578268263 0.00010424437335431695 0.7095743249202442 0.024600487521582573 0.9993976526570283 0.024477499119892956 -0.20820488196519485 -0.0007065829287909694 -0.024467520370626227 0.9997003756931742 150.33715994368154
0.9997498900173127 -0.022323870621435406 0.0013424463720151042 0.7241338940271318 0.022289718063474916 0.9995184618475536 0.021587333455330947 -0.19797788617206452 -0.0018237129326842275 -0.021552011180031694 0.9997660650685546 151.70355451305045
0.9998154996765687 -0.019094956518056972 0.002085475169533152 0.7199861207757305 0.019052096258373126 0.999639185341418 0.01893454020101195 -0.1910573817187546 -0.0024462771330303864 -0.018891313821176602 0.9998185505236271 153.06512378052014
0.9998255401054662 -0.018489787383606567 0.002648977568792292 0.7285395732264459 0.018434850639237742 0.9996409160257186 0.019447245102208424 -0.19157009914927237 -0.003007602049010091 -0.019395018547508455 0.9998073752307113 154.4203534311184
0.9997375595200453 -0.022675891822017718 0.003258214973198882 0.7382469779123348 0.022596674028593416 0.9994895956269148 0.022581820791595198 -0.1730238209560518 -0.00376861521513457 -0.022502269255656578 0.9997396888160454 155.74875638968118
0.9996015224227659 -0.027968790593010377 0.0038135346098099624 0.7591043847108798 0.027856647924271883 0.9992517859974341 0.02683049484195608 -0.16892880613090927 -0.004561098153493263 -0.026713570807949883 0.9996327232983387 157.1049859941883
0.9995201695998153 -0.030756752149522365 0.0036677878463877594 0.7802819247415791 0.030643956179636722 0.99914858931356 0.0276232609539506 -0.14698193586806768 -0.004514267232341228 -0.027497610539173187 0.9996116759898955 158.41522442436832
0.999457470965263 -0.03277304964698669 0.0032696855158501036 0.8008638309615891 0.032667657075499026 0.9990657907976257 0.028290810806503933 -0.13092346601514757 -0.00419380745554335 -0.028168648840536988 0.9995943873240442 159.7892184778799
0.9994916555990251 -0.0315706769061106 0.004441018993347435 0.8107428360854818 0.03142959520895225 0.9990884684833169 0.028886204644380162 -0.11171494587200811 -0.005348928357624166 -0.028731940652286566 0.999572841027403 161.1338466507317
0.9995137158403798 -0.03068219372396105 0.005561900955427049 0.8178144762879285 0.03051324538739118 0.999134504082524 0.028269855522287578 -0.08069607172059502 -0.006424468885473622 -0.028086396277791397 0.999584854083493 162.49600666639748
0.9996799287350654 -0.02446668802077415 0.006435930521815176 0.820052117290708 0.024289363073592272 0.9993583953842714 0.026321559670552008 -0.08550732248444987 -0.00707580318904483 -0.02615680985881943 0.9996328097256858 163.80124413740546
0.9997379856766009 -0.021845430711885664 0.006836454057229139 0.8325175240847131 0.021662852051977054 0.9994342037107561 0.02572923178612955 -0.0697286218933865 -0.00739465279419798 -0.025574392891362763 0.9996455719464957 165.19366629460592
0.9997488754834745 -0.021077185841289998 0.00761171208765425 0.845883316354661 0.02086866285364468 0.9994307626494889 0.026507539543898482 -0.04998750728539374 -0.008166084245376085 -0.026342036211882264 0.9996196337456739 166.54493999859446
0.9997679842521391 -0.01995232090011321 0.008116804392205555 0.8777130282508561 0.019722023660840315 0.9994264859035407 0.027527098035981613 -0.03304862464060311 -0.008661379516392223 -0.027360631107278873 0.9995881033419696 167.91850350358365
0.999818016479774 -0.0177831821916746 0.006905962723338025 0.8589749009612258 0.017608245095484382 0.9995418978186928 0.024615935217946222 -0.019434078404161538 -0.007340549368630636 -0.024489853280966076 0.9996731282757902 169.27438698730774
0.9998825914549963 -0.014045143735326435 0.006126762807665278 0.8743688525710256 0.013907788355759152 0.9996631311846427 0.021913411758640002 -0.00722200576338651 -0.006432476453925148 -0.021825628897561972 0.999741099059328 170.65224908835063
0.9999535932892304 -0.007565347732660184 0.005964627006579596 0.8786226498029804 0.007437672112865577 0.9997487579075387 0.021144789499193246 0.0011108145206194797 -0.006123096641998017 -0.021099444992058854 0.9997586314144844 171.96936063646476
0.9999721950361458 -0.003888676061072971 0.006362967127316728 0.8852841048891811 0.0037466877020271455 0.999747047399375 0.022176644739221044 0.012357535108311807 -0.00644759592710347 -0.02215218774615295 0.9997338191052888 173.35572005124075
0.9999756848339283 -0.0013021528396852315 0.006850849396565683 0.8891732233386194 0.0011371532680092156 0.9997105052788213 0.024033571172482036 0.01586807965633065 -0.00688016207143897 -0.024025195978228112 0.9996876778793606 174.744363360054
0.9999752610861451 -0.001970627685132721 0.0067523211294652375 0.9016492036204968 0.0017933501313189299 0.9996561454171131 0.026160559131309043 0.04536568836225072 -0.006801552605302149 -0.026147802292434883 0.9996349490139208 176.10733878060603
0.9999788327952196 -0.0016385940040153741 0.006296742813079314 0.9145284577028854 0.0014657858511194408 0.999624806639498 0.027351370229077774 0.050382621678159226 -0.006339198639728629 -0.02734156120420316 0.9996060491823998 177.48882163073972
0.9999691203755623 -0.006430155399005729 0.004517896948362169 0.9298554403204259 0.0063018299675778235 0.9995918021751503 0.02786603664743115 0.08353582276466408 -0.004695236094187652 -0.027836704731898556 0.9996014568799811 178.92640452395844
0.999973851803181 -0.006871326366091061 0.0022540141274008897 0.9335024804070635 0.006813403074029296 0.9996699336594791 0.024770977110895927 0.09351230596282929 -0.002423479826788256 -0.02475497152786331 0.999690611190859 180.27342503242926
0.9999963506119537 -0.002617461088393257 0.000669073819225173 0.9342105436135457 0.0026034536457372305 0.9997937162122024 0.020143164415730382 0.08433983704472073 -0.0007216598105984507 -0.020141348710620496 0.9997968820008966 181.69221385221718
0.9999999486080549 -8.26664428437989e-05 0.00030975838681638473 0.9345819619015889 7.666868938435757e-05 0.999813484528741 0.019312956677541203 0.11294241679900519 -0.00031129717164033507 -0.01931293165651974 0.9998134394703696 183.09008039920386
0.9999934965711414 0.0036064825228849357 -9.896960889551644e-06 0.9336438439772854 -0.0036054897500150357 0.999775433115461 0.020882619686245867 0.11509511740931049 8.520754968431663e-05 -0.020882447892484543 0.9997819342679036 184.44947669769905
0.9999880576593877 0.004886273483858559 -9.416824663798038e-05 0.9280602237975726 -0.004882633113554504 0.9997030504381629 0.023874062623348576 0.14237128867802545 0.00021079550192493364 -0.023873317377353178 0.9997149695075146 185.88049308106116
0.9999844220980872 0.00554332253788408 0.0006535545827581809 0.9348632845636146 -0.005558472910504135 0.9996449322271657 0.02605979437578249 0.15106556271036892 -0.0005088647217720973 -0.026063020807910123 0.9996601722457514 187.27088893297358
0.9999785018798422 0.006535283905830344 0.0005346385708470403 0.9348506141372548 -0.00654741355105517 0.9996082491765877 0.027211754596926003 0.15710663753619233 -0.00035659261145777523 -0.027214669702295444 0.9996295486650966 188.71272171295405
0.9999896113559443 0.004550317987166192 0.00026792622852803843 0.9417210753562134 -0.004556039612636371 0.9995968940943324 0.028023059315897377 0.18033309607192421 -0.00014030440520493206 -0.028023988471832635 0.9996072410468693 190.1027005955278
0.9999970976960998 0.0023849266914558642 0.000341648380311331 0.9533068828237872 -0.0023937744727971617 0.9995826180521747 0.028789921237608422 0.19245149539081471 -0.00027284395290185035 -0.02879065509317155 0.9995854259155579 191.50526278747952
0.9999988877506684 -0.0011884008872794284 0.0009012218929749048 0.9629464526840605 0.0011617635719849925 0.999578653864604 0.029002846010342465 0.21582062951608422 -0.0009353092533613289 -0.029001766324922924 0.9995789227036658 192.91121269787482
0.9999875893215956 -0.004832231458870648 0.0012127406834344066 0.9678444266022981 0.004793682339344464 0.9995384849159148 0.02999729685191854 0.2427827548781607 -0.0013571349822906987 -0.02999111063622048 0.9995492441258694 194.34520116204612
0.9999551215800104 -0.009372171539987028 0.0013846365150359096 0.9744479116785076 0.009322130350698671 0.999426308253688 0.03255998008926438 0.2602342118016802 -0.001689000024098307 -0.03254561061353531 0.9994688241609534 195.7848887486028
0.9999270679673158 -0.011982422983546272 0.0015100569588055958 0.9858794403387886 0.011926399364587571 0.9993896579002314 0.03283401793052509 0.28096716675299804 -0.001902566562244976 -0.03281361325891809 0.9994596775187456 197.18174633335283
0.9999413206144784 -0.01076604209453164 0.0012031850860931724 0.9874698302537271 0.010728007185208877 0.9995478302104907 0.028089945287693138 0.30826357068357674 -0.001505058705484977 -0.02807538879999512 0.9996046755143413 198.64369062550858
0.9999928103239789 -0.003130694591777075 0.0021396381015440337 0.9881338024258777 0.003080498272789057 0.9997290097452414 0.023074176677926328 0.32659113469139933 -0.0022112966669418756 -0.023067419295905153 0.999731466099483 200.02443336012962
0.9999732867661703 0.006596421828094301 0.003148486819926243 0.9854610807043425 -0.006668941665398346 0.9996990740219931 0.023606919449691184 0.3417234055223009 -0.002991818407914279 -0.0236272855665516 0.9997163599611509 201.4366478038418
0.9999051493519123 0.013165207762171758 0.00404593466441679 0.972624088937899 -0.01326882682461083 0.9995540813985355 0.026750264314443592 0.3617903883937346 -0.0036919580239887003 -0.026801411455307782 0.999633959887362 202.91180395067784
0.9998756633921532 0.014818577546894779 0.005391427799703639 0.9828101978483269 -0.014972033058911505 0.999448723990635 0.02963252259500534 0.3802200901994378 -0.004949344210114516 -0.029709558395476794 0.9995463201362582 204.3664813045868
0.9999031257458026 0.01318957114359849 0.00444683256180581 0.9726653455184411 -0.013319920072187583 0.9994404415190556 0.030681975789092496 0.4056013974236572 -0.004039662530049641 -0.0307382345072221 0.9995193054814671 205.7944107051136
0.9999483693906047 0.009581995617194233 0.003382884037818071 0.9977326778404363 -0.009681012938160267 0.9994854535306996 0.03057950643053113 0.4252412180076594 -0.0030881309454200458 -0.03061067689463256 0.9995266128880482 207.302870988887
0.9999670898313676 0.007864133070963732 0.0019936548341359713 1.0113526355090094 -0.007921217329127917 0.9995047380905127 0.030455424671665746 0.4386174528880097 -0.0017531620845477663 -0.030470214111945254 0.9995341377056696 208.7189274449147
0.999962239096287 0.008531414059568664 0.0016538890380148365 1.0216868085241415 -0.008577265296832844 0.9995117251638876 0.030045662276505018 0.4664788014420426 -0.0013967496140163274 -0.030058713136503306 0.9995471588775244 210.1873537620822
0.999955017438254 0.009427109925435297 0.001045318180165883 1.019016204774648 -0.009454406669743346 0.9994982318136666 0.030230759821930697 0.49184044263699556 -0.0007598050371051572 -0.030239282391948688 0.9995423995317101 211.64213384399423
0.9999410224468253 0.010819534369048991 0.0009430232364781846 1.0222458841100248 -0.010843743672999713 0.9994517435771069 0.0312829910943444 0.5156140102608605 -0.0006040388673981562 -0.03129137155121946 0.9995101225934265 213.09610909985807
0.99995309722758 0.009660361635019472 0.0006933607350585033 1.0288744503558693 -0.009677353344216088 0.9994615399952113 0.031352495090508456 0.5431085710263666 -0.0003901109765812637 -0.031357734016104574 0.9995081491883872 214.57046562045923
0.9999482153429136 0.01014813388677163 0.0007628900745568082 1.0475937707350595 -0.010166722655053088 0.9994804198051824 0.030586405836195336 0.5618830510444611 -0.00045209878473549073 -0.03059257758034641 0.999531835294948 216.01560374589565
0.9999559058532257 0.00936138886239872 0.0007421182195570964 1.0552954809450248 -0.009379409295947865 0.9995079742169618 0.029930522896961468 0.5872146329979091 -0.0004615618499308324 -0.02993616333486031 0.9995517060417115 217.53225333658781
0.9999536964062439 0.009623150620489011 -2.5532051561808627e-06 1.053151930276079 -0.0096185915349779 0.9994879553755515 0.03051736883118126 0.606988629528587 0.0002962251627862513 -0.030515930768989733 0.9995342366246219 218.96397891099906
0.9999495011533703 0.010043359089542715 -0.00035506514390941466 1.0514557528385506 -0.010027809377430313 0.9994821612372742 0.030575356951810708 0.6343579389811675 0.0006619606255310294 -0.030570251965158057 0.9995324014096854 220.43012811457285
0.9999530159994043 0.009662941754946015 -0.0007702861813318482 1.0549793635634597 -0.009634984915096168 0.9994891157602052 0.03047416261075551 0.6544930305953115 0.001064362805118675 -0.030465308677579912 0.9995352580395932 221.9512050398069
0.9999358298724093 0.011214507473911664 -0.0016034170635422168 1.0483241971126547 -0.011160451823020502 0.9994732017539749 0.030475618748813136 0.677828214424234 0.0019443416072409143 -0.03045576782665016 0.9995342243803655 223.41902347749541
