1.0 -3.469446951953614e-18 0.0 -1.7787691892340307e-19 0.0 0.9999999999999999 -3.5405977195229754e-19 0.0 2.168404344971009e-19 -2.354751593366955e-19 1.0 0.0
0.9999998184236251 -0.0001920850232811945 -0.0005711877703400902 0.0023623220759034095 0.0001924746445146272 0.9999997488292218 0.0006821250560820844 -0.022605926090915572 0.0005710566496940094 -0.0006822348851515522 0.9999996042253559 1.3271691435190551
0.9999995990749863 -0.0006227654238465836 -0.000643438467405147 -0.007878449377712479 0.0006234318605723953 0.9999992690199224 0.0010359976767853364 -0.039982446498254665 0.0006427928687385296 -0.0010363984219421438 0.9999992563481335 2.6231509716465324
0.9999989732184265 -0.0005462443338452392 -0.0013248312772263305 -0.010181380675332502 0.0005478582007660167 0.9999991080611215 0.0012180834487439097 -0.0674937677403847 0.0013241648373066885 -0.00121880804239965 0.9999983805470946 3.9457426161011844
0.9999992587409344 -0.000863053596684241 -0.0008588690525857161 -0.023503601077690096 0.0008642941959071757 0.9999985823841044 0.0014450687636606992 -0.07664220526171318 0.000857620736955586 -0.0014458100365610609 0.9999985870598135 5.278795002344793
0.9999986084910863 -0.0011723058987375534 -0.0011868928565376756 -0.021120976150679316 0.001174371274268336 0.9999977950753758 0.001740888963413753 -0.08685334493538406 0.0011848494867532887 -0.0017422804282339161 0.9999977802939537 6.609259414685544
0.9999969948364335 -0.002292126620104846 -0.0008697560884195944 -0.038430953179922914 0.0022942146809654725 0.9999944709325528 0.0024072140531530618 -0.11417975293863544 0.0008642337152179198 -0.0024092022727010033 0.9999967244177975 7.942258227263239
0.9999967527602609 -0.0023992057349396783 -0.0008592339194740607 -0.045425084496084095 0.0024012867017064576 0.9999941670784265 0.0024289148461975603 -0.11863389718535886 0.0008534015154609308 -0.002430970272684499 0.999996681040094 9.264058802737303
0.9999964980837591 -0.002340106032579236 -0.001236011895511268 -0.05366710939540237 0.0023429281815449416 0.9999946409346888 0.0022866537948512777 -0.13029254048569688 0.0012306543653246684 -0.002289541718619895 0.9999966217397843 10.575342127890963
0.9999974103185943 -0.0018695968910766147 -0.0012976764836553126 -0.08188754568193034 0.0018720137505858318 0.9999965111837988 0.0018636473950918414 -0.12655560443687913 0.0012941877979388645 -0.0018660718734614368 0.9999974214247529 11.905302983753222
0.9999992423448053 -0.0005728324309258338 -0.001089574212043064 -0.08460518992005735 0.0005746420153166613 0.9999984551068859 0.0016611951132043128 -0.15153491944297076 0.0010886210357198283 -0.001661820002913359 0.9999980266283366 13.232366573314083
0.9999993509143734 -1.5527554382237588e-05 -0.0011392663859896616 -0.0950637687723357 1.7269942457402362e-05 0.9999988303197301 0.0015293987836851773 -0.1568362873438376 0.0011392414031093367 -0.0015294174970986998 0.9999981815049739 14.568291649740962
0.9999998488132779 -0.00016164106257051877 -0.0005255901651712931 -0.12390711644113299 0.0001626542870755681 0.9999981276177162 0.0019282904470996 -0.17798694460094888 0.0005252775361177223 -0.0019283756833725263 0.999998002723954 15.920425053983232
0.9999992441170481 -0.0012282994892655955 -5.520428624812145e-05 -0.11615942447524451 0.0012284856207009157 0.9999930958992935 0.0035069893377486475 -0.18889053787989518 5.089627913361155e-05 -0.0035070545727708203 0.9999938489703759 17.246201144400878
0.9999948115375348 -0.0032161892173405687 -0.00018173940526056598 -0.12888692666034418 0.0032169770452256923 0.9999846383255996 0.004513775133485835 -0.20806966220652584 0.00016721947654355627 -0.00451433645207783 0.9999897963506003 18.61283556324687
0.9999812663990979 -0.00611995127880007 -0.00011425654538936808 -0.12117559979653478 0.006120430960235564 0.999969674758003 0.0048155872579142035 -0.26087518397763637 8.47819326375216e-05 -0.004816196434232353 0.999988398465287 19.959855890165255
0.9999782060948533 -0.0065988377165195865 -0.0002066003579286296 -0.1312417882717422 0.006599601351749428 0.9999704539514671 0.003941633846207356 -0.26712358150100746 0.00018058407054119064 -0.003942911495424195 0.999992210389387 21.330703361123646
0.9999908849092817 -0.004267886345766204 0.00012349269190429298 -0.1424056051667459 0.004267527422533371 0.9999870413963413 0.0027758319141426282 -0.31791136268075937 -0.00013533803562245533 -0.002775279655056368 0.9999961397459355 22.67054124437796
0.9999951694262165 -0.002968018761608276 0.000923035462286645 -0.15633662928361186 0.0029644767126980123 0.9999883265377812 0.00381558133803138 -0.30185033459443783 -0.0009343494799240763 -0.0038128266615681996 0.9999922946419822 24.03569112958604
0.9999948692081893 -0.002797567439558878 0.0015605063113657558 -0.15226865705018783 0.0027847408599934818 0.9999628119283086 0.008162105877908948 -0.3127054139220912 -0.0015832824477835788 -0.008157718551510857 0.9999654718263551 25.437312432509287
0.9999927430250425 -0.0033385232035506116 0.001835256741785737 -0.14203259889469153 0.003320799079704123 0.9999486218929926 0.009577361851472918 -0.3443765482212926 -0.0018671368443444346 -0.00957119801446817 0.9999524518541255 26.798060120407243
0.9999574446482209 -0.009072538994581178 0.0016727045615986514 -0.14324483693682952 0.009058399997656057 0.999924729336801 0.008275327089014926 -0.35371309321309574 -0.001747657024077444 -0.008259823056995129 0.9999643598738969 28.17566856593604
0.9999644630986549 -0.008222054528404561 0.0018628931027959868 -0.16093334824411112 0.008209628294212746 0.9999446320418388 0.006582920577409553 -0.3713507458496432 -0.0019169152462389354 -0.006567393102472797 0.9999765971175869 29.513436297682407
0.99996551318534 -0.00799375034070158 0.002252200559731785 -0.15818560598724862 0.007982494638845648 0.9999558216998521 0.004963307159207435 -0.424657889964112 -0.0022917766887295852 -0.00494515790114378 0.9999851464751904 30.927647147527097
0.9999712237749782 -0.007087892065093715 0.0027043335318529373 -0.1735674999448459 0.007077932346139749 0.9999681980842505 0.003675008142144524 -0.39587021353213236 -0.0027302958171805574 -0.0036557613639101654 0.9999895903912156 32.304226155946786
0.9999772103961718 -0.005826156508391151 0.0034109529686866067 -0.17437603875331226 0.00582110643328531 0.9999819490529948 0.0014887177557903531 -0.44373500222252743 -0.003419565187777501 -0.00146882832994038 0.9999930745326431 33.679512205184984
0.9999766297414238 -0.005651955128137747 0.0038464770873573384 -0.19343484635488606 0.0056447430297563335 0.999982294748317 0.0018833636366189287 -0.4398454256338776 -0.0038570539953215414 -0.0018616072764220306 0.9999908287321863 35.074788237581764
0.9999799357913427 -0.005451143845588308 0.003226926792825569 -0.19272741699355095 0.005440553263439184 0.9999798149408158 0.0032817805464006545 -0.4812196602107209 -0.0032447513861219445 -0.003264158490499502 0.9999894083710819 36.473226900804484
0.9999819086653574 -0.00522744212057483 0.0029759370645198926 -0.21037214293201953 0.0052154186324187436 0.9999782633935509 0.004033874235515939 -0.45973984029002 -0.0029969594714756853 -0.004018280572490456 0.9999874357471592 37.87416778302786
0.9999881706630365 -0.004319517274327831 0.002236138040093181 -0.19131780094665607 0.00431010492418748 0.9999819032179763 0.004197168736046903 -0.455533881643441 -0.002254227502850345 -0.004187481174138519 0.9999886916648886 39.282780587270764
0.9999935121754328 -0.002115876814992994 0.0029152494311891044 -0.21628666682204498 0.002102261482095094 0.9999869062187788 0.004665606442532695 -0.4944830467735542 -0.00292508335131649 -0.004659447644142269 0.9999848666016494 40.66242886133343
0.9999931335257846 0.0023070971141756257 0.0029000351407092347 -0.22841589382781444 -0.0023210112004922985 0.999985768692606 0.004803677994065654 -0.521847893253959 -0.0028889115581654705 -0.004810376118004031 0.9999842571105696 42.089032090215234
0.9999937155044036 0.0022733600142999504 0.002720438466133846 -0.23819036096240992 -0.0022871709370819405 0.999984458860186 0.00508437705647082 -0.5342963725210962 -0.00270883779285995 -0.005090567311390712 0.9999833740217428 43.4817135725257
0.9999938398296747 0.0025420194820546726 0.00242042110179914 -0.25346974988591586 -0.00255398615648609 0.9999844684345189 0.004953791260456101 -0.5585895209277901 -0.00240779107459712 -0.00495994256399049 0.9999848006394105 44.908043782061554
0.9999963741813445 0.002234595487846747 0.0015027326175023343 -0.24940717161738457 -0.002240843753620744 0.9999887985878433 0.00416909116783004 -0.5840213432753303 -0.0014933996754278856 -0.004172443523193737 0.9999901801874125 46.31269340901625
0.9999994372827166 0.0010347300720789515 0.00023402249561902495 -0.24485536152102877 -0.001035841692309714 0.9999879404850119 0.00480061633307228 -0.6009356778483916 -0.0002290523468653214 -0.004800856137169281 0.9999884495913577 47.74193809489016
0.9999980770880512 0.0017363076662311764 -0.000911620206428879 -0.2391577971359208 -0.0017312776716538053 0.9999834319395454 0.005489856618664816 -0.62638123384067 0.0009211372649659414 -0.005488267904696153 0.9999845150922941 49.14367589206793
0.999994350066752 0.0028650517241407825 -0.001758210750871149 -0.25519929642593825 -0.0028550179322244604 0.9999797751937937 0.00568313995269745 -0.6562216972944599 0.00177445783569387 -0.005678088235664312 0.9999823051523358 50.57202578577929
0.9999935583274189 0.002449788590059715 -0.0026233243332902294 -0.279147325252456 -0.0024346491256658914 0.9999804536894437 0.005758882320610075 -0.6578812241804817 0.002637381328564759 -0.0057524584668818286 0.9999799765232275 52.01380835426493
0.9999878069569277 0.0033372245873107007 -0.0036398978946948434 -0.2992206925987232 -0.0033121287010739534 0.9999708534901943 0.006879097161964043 -0.6898975952050539 0.0036627492114446976 -0.006866957615430666 0.999969714126364 53.42556708685272
0.9999869346065149 0.002217185885267004 -0.004605940755692665 -0.3054032005314341 -0.0021829947584925255 0.9999701249139599 0.007415107227483014 -0.706992785147438 0.004622244220374708 -0.007404955753068896 0.9999619000240371 54.88640163115704
0.9999880046015998 -0.0010122672557792717 -0.004792281316376218 -0.32181259755941477 0.0010537488456135984 0.9999619349861534 0.008661304049648788 -0.7228251402374644 0.004783331754964672 -0.008666250188686206 0.9999510067283122 56.27257992303043
0.9999855167734918 -0.0014878092457753945 -0.005172297264931683 -0.34806009198481697 0.0015326916036185068 0.999961115929604 0.008684323824435236 -0.751328714104836 0.0051591759708219075 -0.008692125758372443 0.9999489136280852 57.697295356682716
0.9999871911583652 -0.0014297892539995947 -0.0048552255003791985 -0.3743958416099852 0.0014744805654961987 0.9999564659176451 0.009213694774590683 -0.7817018995126851 0.004841840907559731 -0.0092207358780567 0.9999457658387686 59.139679924148886
0.9999853912599347 -0.0019176760996569304 -0.005053689550896452 -0.35713487514471837 0.00196693101737656 0.999950441209366 0.009759421163680379 -0.798562448218072 0.005034724120964084 -0.009769219044738913 0.9999396051389371 60.555677153918346
0.9999775975463095 -0.005048254349343988 -0.0043953989276942895 -0.3839555349641866 0.00509480697344581 0.999930359356282 0.01064515708302181 -0.8033066166206064 0.004341353744610001 -0.010667312524407772 0.9999336783523043 62.01209925541179
0.9999669180884904 -0.0068792374139207 -0.004340371078169983 -0.37973790105499167 0.006923873198790464 0.9999224249685599 0.01035393709458671 -0.8292147612147175 0.0042688075519475895 -0.010383646948402532 0.9999369765989311 63.42058925148266
0.9999661270602379 -0.007326436226648284 -0.0037507420431801726 -0.4066863130777726 0.007361265558875086 0.9999291188784816 0.009357829712173976 -0.8500594425771558 0.0036819169630444484 -0.00938512312556002 0.9999491801892927 64.82604951338419
0.9999639560289527 -0.00793755246235153 -0.003013620295290322 -0.411701435518795 0.00796504126186633 0.9999257570683152 0.00922162986639705 -0.8538659784182897 0.0029401996409550756 -0.009245301270775413 0.9999529387119647 66.28050860328266
0.9999735635472915 -0.006842201719327971 -0.0024609928854483726 -0.4255419815741144 0.0068637834180684445 0.9999370996144126 0.008870472430072001 -0.8613611739818786 0.0024001447368494537 -0.008887129820284192 0.9999576282201929 67.65371499867267
0.9999917294700695 -0.003672205881370367 -0.0017481125796410773 -0.44579409725637814 0.0036901781332721144 0.9999392023564818 0.010391061901051619 -0.889060960270459 0.0017098483330587973 -0.010397427011788616 0.9999444834272759 69.11956667256976
0.9999995581426282 -0.00020405044173064067 -0.0009176474371512661 -0.4583717648928459 0.00021457775550993465 0.9999340036396832 0.011486614688674027 -0.9064199073181483 0.0009152431136159348 -0.011486806746945157 0.9999336055991132 70.48460620483179
0.9999938348308343 0.003504189646354786 0.00022571904438796562 -0.4864376023644531 -0.0035067216023984453 0.9999168207839436 0.012411866042543915 -0.927356600608449 -0.00018220674236488362 -0.012412581302321346 0.999922944346488 71.93153616018688
0.9999743743446877 0.007124479224840647 0.000701737752639574 -0.49049014928900453 -0.007132589526879365 0.999898594297938 0.012325879188040983 -0.9393879345588685 -0.0006138511645888245 -0.012330568784642134 0.9999237872277753 73.29925004459675
0.9999409913176751 0.010784593963056577 0.0013062895711731868 -0.5064489968993597 -0.010799434419452055 0.9998703641211816 0.011942662555091191 -0.9549563364477728 -0.0011773235531856944 -0.011956065265819172 0.9999278306034564 74.6964982489527
0.9999277511264639 0.011794683191098386 0.002319040852936491 -0.5266155669712076 -0.011821472574248076 0.999859326105175 0.011898773481352154 -0.9578718828724804 -0.0021783725360373556 -0.011925328528518908 0.999926517917201 76.12624495708724
0.9999163728757342 0.012648648373840688 0.0026942386506287764 -0.5315764153621871 -0.012681026400606848 0.9998432022553696 0.01235971275110618 -0.9731829864372015 -0.002537482744701139 -0.012392845107212704 0.9999199860852754 77.5000055496867
0.9999204000210661 0.012319496540485 0.0027246284805688796 -0.5322455912396449 -0.01235297437850286 0.9998439098617307 0.012631704608276806 -1.0006784329863498 -0.002568587159308437 -0.012664356647623772 0.9999165047303451 78.91820128640076
0.9999358699441925 0.011118643430195453 0.002152148697994514 -0.5281837593966433 -0.011142116205002155 0.9998749717361091 0.01122025686768697 -0.9987128631237896 -0.002027125746184551 -0.011243517031343811 0.9999347349138302 80.28109027729315
0.9999388680477126 0.010877145147129718 0.0019869218014838324 -0.5391084703089857 -0.010898957691634868 0.9998765479262266 0.01131819992571427 -1.025516275365945 -0.0018635669574697741 -0.011339163629013028 0.9999339730641524 81.67622225925017
0.9999479727476885 0.010036217945189104 0.0018237617150926406 -0.5607774589901704 -0.010057643591291982 0.9998756635818853 0.012145007215398037 -1.034873228876616 -0.0017016451503363242 -0.012162718335394115 0.9999245835004958 83.0452770335883
0.9999489785116971 0.010000479514134375 0.001425048123359604 -0.5688262825141039 -0.010015480305459465 0.9998900038912215 0.010939391731637601 -1.0370100237815678 -0.0013154923136424238 -0.010953106351475015 0.9999391476200833 84.4257791501205
0.9999539775547018 0.00957323067459398 0.0006292903879971138 -0.5773143204916937 -0.009579752425421972 0.9998898326646977 0.011338028688217048 -1.0429060648126642 -0.0005206795321564183 -0.01134353556101817 0.9999355244699956 85.82258327302597
0.9999514930871521 0.009839031496446885 -0.00045266874413405346 -0.5870755765484923 -0.009832960653108744 0.9998810676457547 0.011881223256887827 -1.060373393612837 0.000569514694127165 -0.01187619610355168 0.999929313313905 87.1933469086544
0.9999626551093517 0.008509866019089232 -0.0015068330875575241 -0.600196710021834 -0.008489607783026933 0.9998797678290653 0.012975995492831167 -1.0664878554938233 0.0016170760474466552 -0.012962718747114316 0.9999146728574062 88.58844230680448
0.999976348042541 0.006373946343359333 -0.002583823908670949 -0.6027127006387802 -0.006338297621686903 0.9998877244178704 0.013578090772621157 -1.0887959161130036 0.002670080066563091 -0.01356139285360438 0.9999044750907531 89.93983280965156
0.9999774458508304 0.005695965224143076 -0.003558616574807376 -0.6107209809978884 -0.005645328626377153 0.9998849215721681 0.014080975912181801 -1.1006436955776455 0.003638412122396512 -0.014060569052181305 0.9998945256214402 91.31964426825901
0.9999809751667801 0.004719533494935639 -0.003971812124151068 -0.6260589709344837 -0.004663612567790449 0.9998914980517671 0.013972932576009792 -1.1237918800200957 0.0040373272502730725 -0.013954144032288595 0.9998944853665178 92.69786587346833
0.999987674859016 0.00305766471513354 -0.003911624174907944 -0.6399424239062609 -0.0030037554164806836 0.9999014429930805 0.013714290123932082 -1.1378772756975684 0.003953172702895949 -0.013702371806696366 0.9998983035516485 94.02771806315349
0.9999861020128723 0.0027787218293668665 -0.004480454499065466 -0.6558513331436351 -0.0027194244124904765 0.9999093505582535 0.013186940383481033 -1.1376676615242531 0.0045166915796427 -0.013174573119677763 0.9999030103636178 95.40376223773528
0.9999884649915044 0.002275242340647828 -0.004230028865132064 -0.6643201332581748 -0.002221157646731903 0.9999162873136956 0.012746953458360345 -1.1489255830345755 0.004258677536322608 -0.012737411117440737 0.99990980695097 96.759996017848
0.9999862061930512 0.003433765379028276 -0.00397450187807833 -0.6886941808036446 -0.0033849871682206673 0.999919662408684 0.012215178753134734 -1.1647165988896133 0.004016126983114664 -0.012201556867844727 0.9999174929694101 98.1058603880931
0.9999787225398671 0.005337534749551997 -0.0037503563659346153 -0.7031730359991673 -0.005291618648790365 0.9999122050600102 0.012148289998238112 -1.1710357261018836 0.0038148693554891523 -0.012128186304029617 0.9999191736737819 99.46084599140805
0.9999782817294683 0.005448227462284773 -0.003708486115773702 -0.7064295218745494 -0.005397947776546596 0.9998951665891777 0.013435698589590372 -1.1818364616130186 0.0037812984146004943 -0.013415388846731588 0.9999028598503108 100.80989695677209
0.9999786856888824 0.005517801804479246 -0.003490274180918108 -0.7375390626147194 -0.005463712190665441 0.9998676904816926 0.015321533340521127 -1.1949566943901995 0.003574353882802652 -0.015302137227734654 0.9998765266791232 102.11154359404873
0.9999812011451493 0.00497486960833238 -0.00358441242218912 -0.7360119455257397 -0.004922579105452009 0.9998834409001708 0.014452433427912656 -1.2150206395013408 0.0036558939184262447 -0.014434517476302616 0.9998891334331783 103.48092556840398
0.9999807232564906 0.005178857166350581 -0.003425279182230516 -0.7494707303309671 -0.00513721398604932 0.999914118126488 0.012056757825829106 -1.2210492996555542 0.0034874255436260627 -0.012038929262765941 0.9999214479428882 104.79886168762637
0.9999841044087241 0.004400516873118947 -0.0035251051429856335 -0.7681308921770365 -0.004363183608616607 0.999935045617036 0.010529348522601902 -1.2265487078584458 0.0035712110578147212 -0.010513800684901228 0.9999383513281929 106.14422888376266
0.9999912422170255 0.002868030203490575 -0.0030479306669310077 -0.7838475264866106 -0.0028314207059497165 0.9999246052280168 0.011948511079957506 -1.2463904764213114 0.0030819698294818525 -0.011939776703522087 0.9999239687117436 107.48316263246794
0.9999965587095988 -0.0003921908263647862 -0.002593983693699847 -0.7912120249911707 0.0004283955315439007 0.9999023038674703 0.013971370418923988 -1.245237638902779 0.0025882510582674128 -0.013972433867601382 0.9998990309319226 108.79987397985049
0.9999963671942151 -0.0020104379584498355 -0.0017954769771727378 -0.8070797325022897 0.0020377745623848514 0.9998800224075323 0.015355398250286468 -1.274255255535087 0.0017643906463106842 -0.015359001547034937 0.9998804868617338 110.16294016045052
0.9999966855853767 -0.002158724730829691 -0.0014031132149091117 -0.8003484146538749 0.002178419449016901 0.9998969476155612 0.014189736738648486 -1.279550953797159 0.001372337012719686 -0.01419274655629176 0.9998983361544771 111.46241881374605
0.9999994492281505 -0.0010437653936711654 -0.0001099938955758219 -0.8370461681080859 0.0010449926739308328 0.9999295970107213 0.011819856442720324 -1.289537025246479 9.764901245184945e-05 -0.011819965107738558 0.9999301370065935 112.82013380918548
0.9999975924373162 0.0021056268605558637 0.0006176182431934937 -0.8253925128425347 -0.002111688867179229 0.9999479266412483 0.009984226378462496 -1.3103720203013902 -0.0005965630689605211 -0.009985506756317247 0.9999499656331536 114.16791899522185
0.9999843691272925 0.005200946809001431 0.0020522295067963102 -0.8360203960925949 -0.005219629194207079 0.9999440060540966 0.009205445933382005 -1.3077379501317532 -0.002004237721964921 -0.009216014105271132 0.9999555230685638 115.46745443986902
0.9999774200475167 0.005618811771217879 0.003686236928773333 -0.8575859463997209 -0.005661135047221958 0.9999170032482579 0.011573166031218458 -1.329515257592795 -0.0036209038385381547 -0.011593773224614001 0.9999262340180495 116.8377999104035
0.9999703231660682 0.006328444030692085 0.004393583446066406 -0.8576289413632514 -0.006387232715972094 0.999888498116124 0.013497948022024 -1.3265545163841386 -0.004307672898160894 -0.013525610553514283 0.9998992458311325 118.12678660036805
0.9999669717261169 0.006095557534116129 0.005375837488627344 -0.8624909439463957 -0.006172598486571378 0.9998767908607666 0.014432675851004991 -1.3414447216380598 -0.0052872003658187205 -0.014465382336452297 0.9998813920792671 119.50655651458929
0.9999614051023336 0.006044299785413893 0.006376106961832781 -0.8646464864447119 -0.0061327041943530485 0.9998840588473711 0.013937675873178365 -1.3539935180016855 -0.0062911247381048484 -0.013976241002887238 0.9998825363192749 120.81792601601389
0.9999411102789277 0.007651861214887642 0.007695777063883493 -0.8567198735461706 -0.00775815578032272 0.9998735936746305 0.013878317684699566 -1.3612987119298718 -0.007588609938696869 -0.01393720570613454 0.9998740757190829 122.12545460839691
0.9999155010543289 0.009352131880462241 0.009029305986484366 -0.8717745707525821 -0.009473030901007453 0.9998647921649337 0.01344094826197944 -1.3647772429093201 -0.008902384374817423 -0.013525347677142573 0.9998688976665687 123.500767224368
0.9998932582349722 0.010376412324088138 0.010286018980254023 -0.8755694528228823 -0.010508029257266337 0.9998625374329908 0.01282527107952694 -1.3757983615775344 -0.01015152558488474 -0.01293198813040843 0.9998648459713395 124.84166035260061
0.999875469664396 0.01108681644252995 0.01123065648506956 -0.8614241375182758 -0.011224669445937634 0.99986150993846 0.012286893870940951 -1.3819209388547398 -0.011092879541872217 -0.012411424430715221 0.9998614426834221 126.16265462022001
0.9998688483725112 0.010528157195278314 0.01230625621422837 -0.8700809488629367 -0.010672982629300663 0.9998738569176251 0.011762555619790928 -1.3960728748678224 -0.012180866850988611 -0.011892357632824977 0.9998550886557208 127.50110439326554
0.9998629808462256 0.010210299738868164 0.013029554664536964 -0.8524336493659393 -0.010374829132956693 0.9998665042965864 0.012622857243821521 -1.404024065285169 -0.012898933199356198 -0.012756307322667283 0.9998354335313303 128.82880498065788
0.999853807977665 0.009994880080916278 0.013873176526993118 -0.846168880281325 -0.010182282463873454 0.9998569719837266 0.013503951903713882 -1.4172682802117107 -0.013736223044617118 -0.013643238601118926 0.9998125715438191 130.19941678164636
0.9998690271164047 0.007741006807975487 0.014212860904400059 -0.8296394845736708 -0.007941579135535056 0.9998689080411389 0.01411021135428104 -1.4167941192202471 -0.014101771651197586 -0.014221236133568176 0.9997994281254255 131.52713938038812
0.9998751498046067 0.006872541673637951 0.01422859671848847 -0.8182367297132962 -0.007076299032429996 0.9998724270093838 0.01431976630384892 -1.4351015959926234 -0.014128369525938602 -0.0144186645613657 0.9997962248817297 132.87377635162858
0.9998899939975107 0.004669680606586341 0.014078138459158403 -0.8100448961292743 -0.004881909291815291 0.9998743943016689 0.015078547157976005 -1.4263857127370048 -0.01400595933720654 -0.015145616912921248 0.9997871990542432 134.20287030688678
0.9999032992013738 0.0033595101662702463 0.013494663268052123 -0.7916541111220528 -0.003567512131591951 0.999874752012362 0.015419245934401502 -1.451664998485009 -0.013441173098790333 -0.015465897552381461 0.9997900484000544 135.53385311489328
0.9999198781906787 0.0030032968882475718 0.012297048731755477 -0.7834578760293645 -0.0031856250921317034 0.9998848906034393 0.014834329615744286 -1.4570957450862843 -0.012251082353430623 -0.014872315134867344 0.9998143453780296 136.88165993903584
0.9999342024079361 0.0012786823185889206 0.011399817130810834 -0.7799824545088541 -0.0014619417260814359 0.9998696103244769 0.016081824249133358 -1.4641976725560513 -0.011377768116646612 -0.016097432281145213 0.9998056906555106 138.22005350739488
0.9999486445971576 0.000585524009942346 0.010117575589323281 -0.751604411924238 -0.0007533090319217671 0.999862131331614 0.016587671569105157 -1.4764140431655108 -0.010106469053406796 -0.01659444168291289 0.9998112240763555 139.56513151269885
0.9999592816030728 -0.0006510155796658496 0.009000629008539861 -0.7660783043689546 0.0004993099677956248 0.9998579547081636 0.016846990464487777 -1.4850123238568915 -0.00901031891264246 -0.016841810702374956 0.9998175671421476 140.91984321514985
0.9999694468169471 -0.001378061677483661 0.007694568702742099 -0.7605461726214338 0.001250585161279405 0.9998623004134983 0.016547393723714297 -1.4827261167056522 -0.007716313131619083 -0.016537265753329724 0.9998334748115273 142.2449850766117
0.9999766308154613 -0.0013149077628398231 0.006708863467945076 -0.7546719682985773 0.0012065191073812702 0.9998691009489139 0.016134598541787264 -1.4830090072158264 -0.006729201348522507 -0.016126127428769323 0.9998473212766104 143.59833615181356
0.9999753715326032 -0.0035423149820669013 0.006058741117543017 -0.7505140035731235 0.0034577698909176013 0.9998972964911899 0.013908281220963235 -1.4953905153087548 -0.006107386881173429 -0.013886989214724012 0.9998849190558752 144.94609751659473
0.9999659576228076 -0.006763048601413675 0.004727026815289083 -0.75916605397063 0.006701864877354817 0.9998950831885206 0.012841635789031181 -1.5134652384854435 -0.004813379873609132 -0.012809518977610903 0.9999063694152601 146.25674696906987
0.9998622235390102 -0.016162025662689095 0.0037845581077575593 -0.7596553584490817 0.01609943437920839 0.9997419996782428 0.016023179328347025 -1.512096156431889 -0.004042549053601882 -0.01596004276540636 0.9998644582313838 147.64856565596259
0.9997402992489791 -0.022685532804456954 0.002168101803789009 -0.74592240116763 0.022643748149429183 0.9995874512600446 0.017668840982181713 -1.5276350213736871 -0.002568034628918023 -0.017615158747448803 0.9998415431384584 148.95854014070065
0.9996841869407149 -0.025097445641829058 0.0012824214531474544 -0.7171718489053444 0.025076051213455797 0.9995787127052862 0.014614676059093001 -1.5352246345225165 -0.0016486723488589685 -0.014577902754289518 0.9998923775259998 150.25886219106994
0.9997074898512832 -0.02415361529159535 0.0012400027660053787 -0.7350818342160562 0.024137594945649245 0.9996410724555347 0.011623371493175622 -1.5474367982693094 -0.0015203042555394528 -0.011590041063279703 0.9999316774786033 151.6620019291709
0.9997766635910591 -0.020982072625593554 0.0025249902993222614 -0.7448515001110552 0.020957635466569466 0.9997366954341196 0.009344373162198338 -1.556160729882298 -0.0027203899949624346 -0.009289368562029351 0.9999531524573382 152.96797634829016
0.9997617119421621 -0.021554687108142796 0.0034517832204920156 -0.7529140511208765 0.021520668958855432 0.9997222460272082 0.009606851621269426 -1.5683511195696878 -0.0036578974545504288 -0.009530277907622953 0.9999478954364404 154.34245807164595
0.999689334497245 -0.024642572096826784 0.003738734840318557 -0.7557036796280785 0.02459448626720534 0.9996205469692028 0.012404568399851108 -1.5673603602965651 -0.004042996966990049 -0.012308762686150103 0.99991607074615 155.66856957384036
0.9994449596046544 -0.03305643030115703 0.004128574143042154 -0.7574828201790667 0.032989324997427225 0.9993373077276989 0.015383427143187044 -1.564981886894361 -0.004634359732697701 -0.015238690116828263 0.9998731444711528 156.99820085402254
0.9993585765117399 -0.035581302193799125 0.004050489759093987 -0.7410247806125536 0.03550909624188528 0.9992300366571791 0.01668645987922161 -1.576093682470057 -0.004641097377946816 -0.01653192785609859 0.999852566921093 158.35241671645855
0.9993308763203538 -0.03638632003249561 0.0037195866995962355 -0.7246167066635549 0.03631806957125061 0.9991954607917622 0.017012612236511272 -1.5955723362265108 -0.004335620849505129 -0.016866140787362316 0.9998483563468546 159.686119275173
0.9993551768274141 -0.03556365081086854 0.004945429269737919 -0.7358934011648965 0.035473683145952145 0.9992221677388314 0.017224323498664595 -1.5851890251865277 -0.005554142834404929 -0.01703778456890741 0.999839419805166 161.05166667571652
0.9994227480099377 -0.03343129248414725 0.006043130914430438 -0.7319128505944781 0.033324495493516085 0.9993002500026728 0.01698494496159219 -1.5810985918491496 -0.0066067314385311535 -0.016773756379056322 0.9998374828930149 162.38857995340206
0.9994987949011171 -0.030822124646585167 0.00722188470825577 -0.7474255622096062 0.03070786421163678 0.9994092706327815 0.015431683443985229 -1.5836714102151423 -0.007693256434913515 -0.015202180620386628 0.9998548432194811 163.74065383498353
0.999529445103616 -0.029612095197255633 0.008000761657779775 -0.7524963928894305 0.02949034332000709 0.9994535616845045 0.014929758527048134 -1.5782324634768494 -0.008438491864758405 -0.014686788307921927 0.9998565347605517 165.08918437934784
0.999545195142634 -0.02900775793371583 0.00824335165471686 -0.752437462804618 0.028873281235159184 0.9994551874625628 0.015989430429269723 -1.5792767684343767 -0.008702678821234993 -0.015744146029043483 0.9998381795305761 166.43767406337705
0.9995908191668061 -0.02755027077623104 0.007692647140499435 -0.7319504683871338 0.02742386372524687 0.9994945405886887 0.01608089019038518 -1.5797929040822414 -0.008131792370921305 -0.015863348376444986 0.9998411014412013 167.76531739631176
0.9996534968542323 -0.025204483026815556 0.007590801609464614 -0.7432832552255018 0.02509760658885319 0.9995889121791354 0.013860620004336974 -1.592777518529215 -0.007937031542770664 -0.013665306547016478 0.9998751236658441 169.16263099391074
0.9997326357720562 -0.022037447900371765 0.00700056235445381 -0.7456300623222165 0.021956327463298064 0.9996932379714409 0.011460786633742977 -1.6038706334662998 -0.007250981938032146 -0.011304015989931224 0.9999098171738724 170.56787030655616
0.9998491849137678 -0.01601201595950212 0.006724789076056554 -0.7453974906566894 0.0159474490854601 0.9998272443732807 0.0095477884494009 -1.610092508731193 -0.006876507244233485 -0.009439105435655173 0.9999318061413426 171.92436103456964
0.9998855124402655 -0.0133234822264019 0.007172645973164901 -0.7513925031864723 0.013245862008821808 0.999854345244442 0.010762686548785167 -1.618951693221867 -0.00731499831468799 -0.010666446670349904 0.9999163553577683 173.26781809481824
0.9999354106851454 -0.008167699104382616 0.00790336416156869 -0.764676710295301 0.008063698515353615 0.9998816412963735 0.013102677238755168 -1.6478472167049272 -0.008009448120528633 -0.013038100844158696 0.9998829214789509 174.65682550035297
0.9999487501263552 -0.006177421222487068 0.008021010049320513 -0.7650249744909188 0.006051242842923231 0.9998590456155441 0.01566114129143979 -1.652369100187683 -0.008116625592254838 -0.01561180187664079 0.9998451840315112 176.04576936321027
0.9999306060409152 -0.009502375492984548 0.0069633310149726365 -0.7575024393351608 0.009383572095891028 0.9998131532863395 0.016899913405555644 -1.6498275219529364 -0.0071226198500961785 -0.016833400053759728 0.999832938510303 177.45308738569838
0.9999182789365014 -0.011483427204638026 0.0056183951789357325 -0.759933673150921 0.01138698196399572 0.9997922223805382 0.01690706040051118 -1.653762646914355 -0.005811379276207009 -0.01684170249141143 0.9998412798688407 178.84495320891318
0.9998879092392695 -0.014570690122875134 0.0034444100652122507 -0.7572574965026969 0.014524601894034893 0.9998093852431099 0.013047187621206964 -1.6452418217841647 -0.0036338603331466128 -0.012995696709098482 0.9999089493182285 180.18347598794034
0.9999301344507021 -0.011674694002940935 0.0018514183896537492 -0.7719893145799617 0.011657271287872938 0.9998901147131046 0.009157866140313563 -1.6677697266583995 -0.0019581303881570475 -0.009135644004062533 0.9999563519145171 181.6001671252249
0.9999678777528628 -0.007941581059732344 0.0010838648931796805 -0.7872849622127769 0.007932071603445504 0.9999323016749038 0.008513183652448322 -1.68091497692439 -0.0011513997452440587 -0.008504313056519672 0.9999631747914375 182.9937088346262
0.9999857913272681 -0.005270500148437952 0.0007993620651942502 -0.8098962110268355 0.005262548122965949 0.9999396474580374 0.009644014668235093 -1.682392321107671 -0.0008501426660712452 -0.009639671143519274 0.9999531759035378 184.3179814253461
0.9999966653778612 -0.0021202427864130246 0.0014743842505279235 -0.8171389032807483 0.0021017223828922564 0.999920266520571 0.01245164072014944 -1.6941706881493488 -0.001500667310761639 -0.01244850069476312 0.9999213883254389 185.7697355765857
0.9999981548191293 -0.0002723261429832466 0.0019016308403029469 -0.8228026219883362 0.00024371940376562498 0.9998870534122007 0.015027342168555988 -1.7099472276362657 -0.001905508544592934 -0.015026851270471367 0.9998852748100177 187.13505447853302
0.999995086018345 -0.0023353722479621843 0.0020914066814051438 -0.832489356445431 0.0023023924393284715 0.999875111501541 0.01563522876576887 -1.70607483105398 -0.002127659735136254 -0.015630337000159332 0.9998755750758742 188.58799915945144
0.9999939967375805 -0.0029004209565388715 0.0018957990003052446 -0.8296719225906783 0.0028692198239672877 0.9998637017835623 0.016258702955731463 -1.711514197987811 -0.0019426978399134259 -0.01625316620293945 0.9998660212839405 190.00624660798124
0.9999769859238553 -0.006417309697416631 0.0022013108883827863 -0.8418416605411005 0.006378721069253851 0.9998332553287547 0.017110623617167524 -1.7171746153693361 -0.0023107481834198887 -0.017096188613996012 0.9998511793175153 191.36043219789929
0.9999665756737026 -0.007790205082550027 0.002481985537602026 -0.851027355078119 0.007745950694415032 0.9998191739850735 0.01736719789845052 -1.7232963275010846 -0.002616830969982126 -0.017347392407781135 0.9998460982456739 192.8139469790128
0.999941770073421 -0.010456865339321466 0.002666541416677158 -0.8387531186067099 0.010406864646536704 0.999781616523194 0.018122262881606545 -1.7226730905191587 -0.0028554613766550684 -0.018093457634260762 0.9998322224935008 194.17008090475616
0.9998739279899003 -0.015582699534277676 0.0030508383742854257 -0.8434571057419609 0.01551955339896526 0.9996848834915926 0.019730107987192127 -1.717793926488776 -0.003357325616006423 -0.019680273296993515 0.9998006877441427 195.62372305036888
0.9998136898637591 -0.019028572499116585 0.0032402162339730985 -0.8342174360366001 0.018958463829162733 0.9996112261321807 0.020444393407440455 -1.72536945999113 -0.0036279844334803145 -0.020379155271605266 0.9997857409293964 197.0396491783539
0.9998483750446258 -0.017086550905864722 0.0033580815720857717 -0.8352005876417368 0.01702785667358027 0.9997139924690862 0.016792419191975508 -1.7298542359022195 -0.0036440459540039937 -0.016732692424214594 0.9998533582163657 198.4505791872935
0.9999307987299367 -0.011180603573263835 0.0036594903498045044 -0.8573476664546053 0.01113760862217009 0.9998710842507124 0.01156583500644921 -1.7325256376748848 -0.0037883319100825716 -0.011524276880204751 0.9999264170843987 199.89155190560274
0.9999875673178406 -0.0009003373494868572 0.004904549856497383 -0.8595550597502815 0.000847593949870145 0.9999419065345868 0.010745470460877682 -1.7324203923989379 -0.004913939889107001 -0.010741180006089302 0.9999302376891094 201.34251534913798
0.9999666814157218 0.005217470131587817 0.006278061793004507 -0.8794942453843955 -0.005308102273864173 0.9998806744927706 0.014507268191157352 -1.7304400526135233 -0.006201621934301786 -0.014540109709125981 0.9998750547417263 202.7685453346029
0.999949878302816 0.007006116290363814 0.007152286959305365 -0.872588281684147 -0.007124932939411859 0.9998347533112829 0.016724276023314274 -1.7364679743872946 -0.007033933426220244 -0.01677439766942132 0.9998345579966794 204.1893099860935
0.999950129811014 0.007464084798699673 0.006635157852581938 -0.8689426389769421 -0.007576587504353594 0.9998251593077129 0.01709520824315085 -1.7444074636434894 -0.00650639820950493 -0.0171446278942948 0.999831850121934 205.687395478039
0.9999797327476286 0.0031671065717979686 0.005523000091981286 -0.8716609513281925 -0.003263490092823661 0.9998410036450364 0.017530460917730886 -1.7472078069508883 -0.005466601565145117 -0.017548130223380705 0.9998310754299601 207.11448213202036
0.9999893799455482 0.0011054980945298873 0.0044741338112601345 -0.8670583773705257 -0.00118240469203765 0.9998509712171678 0.017223160831877596 -1.7478263494339297 -0.004454427227670862 -0.017228268494566504 0.9998416598870352 208.54615610946698
0.9999906552485855 0.0015178289685785391 0.0040479146384347865 -0.8778868247697054 -0.0015850297226822256 0.9998601212242156 0.016650094932567427 -1.7488392391152046 -0.0040220767512283775 -0.016656355732765072 0.9998531835800339 210.03371836217377
0.9999891572974937 0.0024430519278942067 0.0039644400744849135 -0.8829332620142367 -0.0025092149137463738 0.9998562113786094 0.0167708200380271 -1.7553270411553674 -0.003922898367021779 -0.01678058615859097 0.9998515003737206 211.49528075160336
0.9999862611449233 0.0038142959742495756 0.0035956452660026008 -0.8817355718147912 -0.0038765398966890685 0.9998399458546644 0.017465826936555295 -1.7515746996794335 -0.0035284502190329886 -0.017479525982982046 0.9998409954659764 212.9293967411885
0.999988438204186 0.003403479617081983 0.0033970255200357754 -0.9048583769259053 -0.003462723211917952 0.9998393054733651 0.01758899588780917 -1.7637059718266368 -0.0033366161156350104 -0.017600555833340654 0.9998395308405615 214.37099065268208
0.9999874439882152 0.0039447363138247005 0.003090455925182445 -0.9025855920878799 -0.003996653003650035 0.9998478947155517 0.016976872418326152 -1.7684660908899428 -0.0030230168073997984 -0.01698901107187929 0.9998511063534538 215.8474811740091
0.9999904662603314 0.003423694811639337 0.0027102950905281875 -0.908328899827244 -0.0034678005385289324 0.9998588497784465 0.01643943058425832 -1.7659342539881553 -0.002653629149779076 -0.016448672942440366 0.999861190073294 217.32517733273826
0.9999933432270112 0.0029633033747927503 0.0021289274900937604 -0.9063904195262248 -0.0029982613491280428 0.9998575612129713 0.016609265842780132 -1.7734470012555086 -0.0020794061172300015 -0.01661553868773923 0.9998597901451618 218.78081754723902
0.9999891230829726 0.004166841589917867 0.0020955051519846806 -0.920214103126801 -0.004200206094626048 0.9998603090352701 0.01617778369206245 -1.7734299158259348 -0.0020278023254987156 -0.01618640960173066 0.9998669352301203 220.263674820188
0.999993994011358 0.0027953913445340874 0.0020488353200686 -0.9361212473748379 -0.0028282070734813166 0.9998648890674123 0.01619274073947733 -1.7761815902249358 -0.002003293609111662 -0.01619843833638013 0.9998667898349045 221.75403748974762
0.9999856429512175 0.005152721231318774 0.0014708321842384208 -0.9334089598369671 -0.0051756569378356085 0.9998579456488519 0.016040607872264898 -1.7874916762498811 -0.0013879705700536532 -0.016047990418390022 0.9998702593569193 223.23834419504732
