1.0 -3.469446951953614e-18 0.0 -1.7787691892340307e-19 0.0 0.9999999999999999 -3.5405977195229754e-19 0.0 2.168404344971009e-19 -2.354751593366955e-19 1.0 0.0
0.9999999401275681 -0.00021001870191549206 -0.00027502166536809056 -0.008690389828431178 0.0002102754788753866 0.9999995417952617 0.0009339127403672232 -0.02416318346589757 0.00027482542420928513 -0.0009339705332350309 0.9999995260851876 1.3157283125953299
0.9999995854480969 -0.0008744361052631048 -0.00025390177557181397 -0.023418535426540397 0.0008747724800621005 0.9999987362311523 0.0013275193482147288 -0.04164620495654958 0.00025274064634791117 -0.0013277409298804446 0.9999990866129809 2.6159352994232234
0.9999984741779478 -0.0015279258409116384 -0.000846808938738899 -0.021423632579566355 0.0015290063643499403 0.9999980160841607 0.0012767007250538995 -0.07462157128190654 0.0008448566272529865 -0.0012779935779990248 0.9999988264749385 3.941835898234891
0.9999973314906194 -0.002298762254085044 -0.00022957957768029807 -0.033128085444188056 0.0022990466674323393 0.9999965813010969 0.0012456993802141766 -0.0898020697477139 0.00022671524643176014 -0.0012462238932039746 0.9999991977630561 5.252953966647543
0.9999962568034796 -0.0026599720789181602 -0.0006410385500432434 -0.027275846402305993 0.002661044973042379 0.9999950508792955 0.0016784077035404347 -0.11300782368976844 0.0006365709151815262 -0.001680107284937678 0.9999983860078347 6.580031799828299
0.9999936139442138 -0.003540366496303191 -0.00048772947949261825 -0.032028449958722206 0.0035417090948481784 0.9999898653666794 0.0027794703008968973 -0.14829430943284166 0.0004778842358917155 -0.002781179999472587 0.9999960183249476 7.913293014814065
0.999993075980418 -0.0037097326789982555 -0.0002930518072890879 -0.05313958655805442 0.003710623773441439 0.9999883098683938 0.003100224512425485 -0.165602967535745 0.00028154740385782353 -0.0031012905099278344 0.9999951513528853 9.231828244648183
0.9999936824323602 -0.003458932663848502 -0.0008190749279554688 -0.05299616264112951 0.0034610350549286843 0.999990684552795 0.002579154640222153 -0.18980935731740906 0.0008101462464767807 -0.0025819732421776707 0.9999963385328045 10.561989683325654
0.9999997259110496 -0.00023128109259198774 -0.0007033392754134738 -0.07049680715469417 0.0002312960072878463 0.9999999730282243 2.110288311489263e-05 -0.21383859479059925 0.0007033344352156516 -2.126555771138721e-05 0.9999997524347543 11.883713158847165
0.9999970865163894 0.0022859429504847777 -0.0007755116135451741 -0.06974238222051457 -0.002286400111695827 0.999997212765663 -0.0005889308692123289 -0.230240768015456 0.0007741632544335374 0.0005907022924739614 0.9999995258714974 13.225003535115627
0.9999871547407919 0.0050383440505529006 -0.0005526589611548696 -0.09869434803279892 -0.00503865284941259 0.9999871501204451 -0.0005581947438875149 -0.24919776628647394 0.0005498395280655035 0.0005609722371315705 0.9999996914936724 14.562132925704178
0.9999827869196194 0.0058649939556976085 -0.0001664281813451695 -0.11928827320591745 -0.005864964526570079 0.9999827849261698 0.00017903673155993826 -0.28581679957694683 0.00016747537953511757 -0.00017805756254367318 0.9999999701238922 15.911938222597067
0.9999917123804184 0.004067906421504802 0.00016522827328882203 -0.11503233378126164 -0.004068408307653508 0.9999867360632883 0.0031584423984266355 -0.30924476497629716 -0.00015237784417566078 -0.003159088503792698 0.9999949984580968 17.253682822834683
0.9999999705166943 -0.00016419958277602217 0.00017890121318449867 -0.12061045039190546 0.00016327299039135303 0.9999866366288233 0.005167195004764667 -0.3341731168084644 -0.00017974728470957044 -0.005167165744253492 0.9999866339556921 18.6189520941146
0.9999977628001359 -0.0021140908391224494 -7.083565107583712e-05 -0.11844624447959784 0.0021143439094075487 0.9999906042517 0.0037843036638178927 -0.3680849707194522 6.283463234241834e-05 -0.0037844450415243426 0.9999928369885591 19.95139625640233
0.9999958545424243 -0.002878921634597447 -5.207932922141837e-05 -0.12423645241383441 0.002878979507601487 0.9999952016608151 0.0011437342420925775 -0.3706171539810528 4.8786363324139536e-05 -0.0011438794564936673 0.9999993445797527 21.31160683199563
0.999999301455052 -0.0011370809711472689 0.00032270501265195127 -0.13733443051884092 0.0011370783380734405 0.9999993534886024 8.57100505998915e-06 -0.4206783539396407 -0.0003227145771342382 -8.204057221851299e-06 0.9999999478937541 22.65920505675551
0.9999982913806534 0.001585884139399577 0.0009498452000912879 -0.14135448107488793 -0.0015872273658748557 0.9999977392901234 0.0014149651740192548 -0.41651823668164334 -0.0009475991609736679 -0.001416470405038518 0.9999985478320833 24.032352538693193
0.9999963527586071 0.0019234734500412094 0.001895974313884323 -0.1611461674088569 -0.0019352514599343387 0.999978721252037 0.006229915464525366 -0.4402770648775516 -0.0018839510472132984 -0.006233562052379444 0.999978796491003 25.42091511696999
0.9999977555556003 0.0003418123411794644 0.0020909448471255103 -0.14907039714267797 -0.00035623680017408607 0.9999761171186315 0.006902049434768889 -0.46071098138288974 -0.0020885358745846884 -0.006902778949617504 0.9999739944917028 26.78875705821887
0.999991145467017 -0.003777498761653765 0.0018545884832348307 -0.15341830389126282 0.003765730887390283 0.9999730112089082 0.006308416430634038 -0.4980435043126593 -0.001878368618753302 -0.006301376811195432 0.9999783819566561 28.163768542891493
0.9999903219891124 -0.003981864198556756 0.001871014066961663 -0.1600974074089942 0.003973739807964723 0.9999827464787276 0.004326214329895254 -0.4917464476148397 -0.0018882083391232249 -0.004318737618202705 0.9999888915248013 29.52086256885298
0.9999890384749137 -0.003956954684713307 0.0025030877672519714 -0.16469345206854075 0.0039518851201515125 0.9999901366003365 0.0020271409114415405 -0.5396788534101504 -0.002511084593316965 -0.002017226810269946 0.9999948126101422 30.908102785827843
0.9999944366293423 -0.0017284588033039828 0.0028529190017177143 -0.17599757415130757 0.0017252506834834393 0.9999978771129023 0.0011266219323807342 -0.5373436089851008 -0.002854860505118444 -0.0011216936825691995 0.9999952957745687 32.29496153893466
0.9999938172741913 -0.0003300222383742814 0.003500928957902747 -0.183126888531972 0.00033414232219088763 0.9999992522990804 -0.0011763289433298527 -0.5870577397746458 -0.0035005384223036886 0.0011774915052519075 0.9999931798467725 33.67126055615317
0.9999928115584403 -0.00046833565510169366 0.0037626451431309544 -0.19851651840754372 0.00047142283374568446 0.9999995529847652 -0.0008196280409859783 -0.5787506213096867 -0.0037622599187136277 0.0008213959655834363 0.9999925853246685 35.0664995676891
0.9999947687546529 -0.00010070758201118947 0.0032330056513256546 -0.1965934981463859 9.743262350364254e-05 0.9999994820470312 0.0010131200511454255 -0.6317392009909596 -0.0032331062780444762 -0.0010127997682969566 0.999994260611784 36.46322054677626
0.9999946062164133 0.001255126526933814 0.003035160161379668 -0.2101352109137348 -0.0012618800879103127 0.9999967303104168 0.002224191734942001 -0.6428202884533841 -0.003032358849832716 -0.0022280097887107044 0.9999929203592935 37.860936020026855
0.9999906474848131 0.003352328401317573 0.0027325509257517563 -0.21146741327056784 -0.003359835086007933 0.9999905824071655 0.0027471095423791257 -0.6612934176983218 -0.002723316206483962 -0.0027562648251455886 0.9999924932468341 39.253627377661196
0.9999750444436551 0.006326868741950809 0.003143439663359842 -0.22390024954254412 -0.006335918977396909 0.9999757880972435 0.0028773881110196013 -0.6993256626926928 -0.003125158959965484 -0.0028972329426210494 0.9999909196684403 40.65190293241179
0.999955197777538 0.008922045210955564 0.0031622035439314994 -0.2345668693362072 -0.00893301380420116 0.9999540739722267 0.0034714881066697898 -0.7251472360021989 -0.003131085804978291 -0.003499580657457642 0.9999889745560369 42.07891635997847
0.9999496494293186 0.009618144987961232 0.002861795801982447 -0.23920838781194764 -0.009628180856892194 0.9999474744456068 0.003513759261174566 -0.7360002466601756 -0.0028278498752586385 -0.0035411363038074027 0.9999897317551895 43.46751774730243
0.9999590844750744 0.008707761570792501 0.0024503567810186485 -0.24843739915023638 -0.008715935590815327 0.9999564209538236 0.0033449481889078233 -0.7601721971198037 -0.002421123187940735 -0.003366168551519529 0.9999914034976723 44.89453082378137
0.9999661650642363 0.008084874182095076 0.0015177354573132386 -0.23645370909796998 -0.008089103701860232 0.9999633590660467 0.0028012396337455596 -0.7828533634375976 -0.0014950323006529926 -0.002813422033915584 0.999994924753775 46.29060570301627
0.9999707524706977 0.007618891832684308 0.0006683376785577946 -0.25176893032272596 -0.007621209365160112 0.9999647074426292 0.0035356827333389122 -0.8113409098663008 -0.0006413761587294533 -0.0035406729398279263 0.9999935261148098 47.72232910020554
0.9999678164009578 0.00801527554349161 -0.0003485721034420168 -0.2581412082803124 -0.008013672752527401 0.9999582950381658 0.004380553567664766 -0.8315842572646801 0.00038366894559498793 -0.004377619335649681 0.9999903445777184 49.12006683806198
0.9999589959573838 0.00898100751968815 -0.0011609849694903698 -0.27788461044633095 -0.00897558101791368 0.9999491466296978 0.004598164705233432 -0.8605443670064256 0.0012022221860333682 -0.004587555745513575 0.9999887544353205 50.546759076625015
0.9999565621557853 0.00899846812239518 -0.002429269216519497 -0.28323800122456905 -0.008986347735445072 0.9999473444410364 0.004955191049042856 -0.878035952930253 0.0024737306431652966 -0.004933145654438631 0.9999847722521218 51.99615161266606
0.9999470304373876 0.009683607772812698 -0.003487697199158077 -0.2997181260359752 -0.009661710210164135 0.9999338437873989 0.0062417485083099255 -0.9051135993230518 0.0035479094149384522 -0.00620772089863798 0.9999744379473698 53.40489219467929
0.999953118283032 0.008616378700347257 -0.00441805691345549 -0.3071983397780301 -0.008585225682431108 0.9999384869423376 0.00702255282535961 -0.9290392134513203 0.004478294503417276 -0.00698429372824642 0.9999655816726724 54.86016006465512
0.999974161337099 0.005465422086555486 -0.004669668056874605 -0.32404276133114607 -0.005427800837434198 0.999953014847628 0.008031630191158835 -0.9348096579034105 0.004713345305297812 -0.008006076802200987 0.9999568426296062 56.25430079715329
0.9999756482885345 0.0044901508900440455 -0.005342411038774579 -0.33257338078224835 -0.004449901976584771 0.999961807581661 0.007522084601901584 -0.9675934802294313 0.005375982754148249 -0.007498128376423936 0.9999574375407875 57.68961768539723
0.9999810365224381 0.0031804635772666526 -0.005273635433882217 -0.3521459224344391 -0.0031401367899232726 0.9999659024810712 0.007637631811520088 -0.9860173472182029 0.005297747279464435 -0.007620927195769024 0.9999569267499291 59.1415208394162
0.9999832242560424 0.0028550680454435167 -0.005039819233749514 -0.3563958856365318 -0.0028116167760003693 0.9999589998035906 0.008607759600213864 -1.0138007438961674 0.005064188774290851 -0.008593445334016936 0.999950252113553 60.53876101959297
0.9999903954930913 0.0004976315912632347 -0.004354454647208203 -0.3794197319003913 -0.00045568876248283825 0.9999535471826118 0.00962786696441909 -1.0226526156271203 0.004359043877420634 -0.009625790411103025 0.9999441698949552 61.99330293923954
0.9999907724948289 -0.001554733421609264 -0.004004712732343478 -0.38856271382911 0.0015908301866068703 0.9999579977395737 0.009026184728425849 -1.0369509866736104 0.003990511558947071 -0.009032472437245975 0.999951243946179 63.38859309630645
0.9999912519932369 -0.0021537364197732854 -0.003585715139200572 -0.4028923444993715 0.0021831654300001595 0.999963801893374 0.008223666213656293 -1.0639100027762054 0.003567874042008875 -0.00823142264579472 0.9999597561727573 64.80308305119605
0.9999935845166149 -0.0021492196594913356 -0.002865620104454897 -0.40759859748478555 0.002172679364412216 0.9999639474510804 0.008208730522580546 -1.0869310974833377 0.002847874674003166 -0.00821490409585795 0.9999622017696773 66.25186670295933
0.9999973349871597 -0.0007144026361591872 -0.002195368946697899 -0.4248012398597353 0.0007321673792995698 0.9999669120719555 0.008101770712038148 -1.1010944226315054 0.002189508571783599 -0.008103356659192146 0.9999647702140528 67.6220773577063
0.9999958024174417 0.0024215926888435536 -0.0015909209206957057 -0.4459834860312364 -0.002406104641308477 0.9999503864388282 0.009666194825307332 -1.125986576388609 0.0016142497202449341 -0.009662326522053752 0.9999520156736945 69.09541844660478
0.99998402826131 0.005608105148630406 -0.0007016884244327318 -0.46074419896185154 -0.0056003174346192655 0.9999276249000348 0.010648070895146173 -1.1404512347201183 0.0007613532134652971 -0.01064397136372609 0.9999430614888986 70.45554413987779
0.9999557594575471 0.009403110069659909 0.00024622761280078224 -0.480707172456639 -0.009405361474560881 0.9998861580039856 0.011798738241507956 -1.1602659526596997 -0.00013525474987197941 -0.011800532358307329 0.9999303621484565 71.91632013596762
0.9999060601615783 0.01368720716888977 0.0007288200891386219 -0.4909336507642633 -0.013694609574058235 0.9998416427141242 0.011364294674718353 -1.1720733059972799 -0.0005731592597105135 -0.011373208255463884 0.9999351587106367 73.27604625710691
0.9998482824331576 0.017362332051339836 0.0014005339668370694 -0.504517892161731 -0.017376558988273286 0.999789810027063 0.0108807631866245 -1.1906365892638273 -0.0012113242598198036 -0.010903449072018291 0.999939821936268 74.68035833724207
0.9998308336133176 0.018261230593582686 0.002198082103676004 -0.5177209068217455 -0.01828394431654066 0.9997745136630909 0.010799039647710557 -1.1913055389129172 -0.002000382874379503 -0.010837402649945893 0.9999392727426888 76.12907092958432
0.9998186541546312 0.018862699940542783 0.0026186456516729653 -0.5276870095422346 -0.018891269421483246 0.999757108998744 0.011350902853113649 -1.211552324073857 -0.0024039011266987678 -0.011398314191718755 0.9999321475449339 77.48609194841569
0.999835568052416 0.017931181964097785 0.0027036131703546268 -0.532406105840302 -0.017961309561012894 0.9997718055845071 0.011564089361566561 -1.235993727148839 -0.0024956386329306347 -0.011610748529468319 0.9999294786670121 78.90228550095104
0.9998571855324583 0.01673304448280412 0.002369328854958902 -0.535727583050473 -0.016757073955223516 0.9998043156064396 0.010513372855179278 -1.2456103005980048 -0.0021929446564307458 -0.01055157463128298 0.9999419259472847 80.28151083017998
0.9998559266662556 0.016839992186132295 0.0021308520898090976 -0.5400358970218572 -0.016861868697531923 0.9998005502373498 0.010702204025378203 -1.2706310423401848 -0.0019502022168487669 -0.010736592494247568 0.9999404593744317 81.66573537228122
0.999863558185312 0.01643157475323275 0.0016936121896418746 -0.5502489376454505 -0.016449271204909556 0.999803909536822 0.011025606189663681 -1.27756048369302 -0.0015121121359842522 -0.011051960751359164 0.999937781905549 83.0766573741597
0.9998609867503974 0.016604045587368787 0.0015207898934080138 -0.5660020257773193 -0.016618921145550608 0.999808275271389 0.01035491187657148 -1.2930180964342486 -0.0013485649981034723 -0.010378746510124893 0.9999452299975813 84.42042617150005
0.9998631299312913 0.016534387879461036 0.0005791180269340646 -0.568130523244492 -0.016539660406691012 0.9998054349844329 0.010748574317477997 -1.3047526485163152 -0.0004012842801249144 -0.010756681799225207 0.9999420647071121 85.83658306438284
0.9998721733529464 0.01598012027374962 -0.0005221753720744174 -0.5823343853642462 -0.01597293031296363 0.9998041220452164 0.01168687625406241 -1.3221965349314102 0.000708830845965571 -0.011677041931997038 0.999931569786631 87.18656975644096
0.9998760507519363 0.015670449224311062 -0.001523190691255955 -0.5889436420138899 -0.01564930703548116 0.9997927411775902 0.013022054900423092 -1.345847072563095 0.0017269366021483528 -0.012996604217277954 0.9999140492946427 88.55496130274094
0.9999139135518741 0.012824946664092923 -0.0027723982433776923 -0.5932855727480635 -0.012785752117865645 0.9998241127942986 0.013721080257739922 -1.3525708222095219 0.002947882995859643 -0.013684452143902594 0.9999020180828804 89.95923155732139
0.9999252988730993 0.011675790991103623 -0.0036155972958097915 -0.6028894970716832 -0.011624113683859526 0.9998344454995144 0.013998628340360916 -1.377656898895181 0.0037784441059269605 -0.013955554800123879 0.9998954774691003 91.32259089256354
0.9999310148286272 0.011008705185078932 -0.004095602579461255 -0.6197061417031645 -0.010952645598584238 0.9998493230753962 0.013467394701280102 -1.3824623414412391 0.004243244413284908 -0.013421608243602787 0.9999009227530891 92.70152116863271
0.9999511922698746 0.00893054410841082 -0.004225923840697412 -0.635010197280563 -0.008872024264737231 0.9998672032321553 0.013669787854106287 -1.4053247115358896 0.004347441672900138 -0.013631628442985533 0.999897633995974 94.01557942986992
0.9999539144073231 0.00848024689372852 -0.004500494087891045 -0.649677766180506 -0.008422424509434267 0.9998836864108891 0.012715204598760525 -1.4023920223887132 0.004607799092681118 -0.012676713799407227 0.9999090304265651 95.41201652154771
0.9999572309755184 0.008134749268758824 -0.0044002327452315505 -0.660905966205317 -0.008079093829728228 0.9998889619742161 0.012521660331409092 -1.4137333841434447 0.0045016051093006324 -0.012485575154969163 0.9999119191098508 96.75088916813145
0.9999358816559462 0.01052307831417638 -0.004182985484191268 -0.6732975346494001 -0.010471760488559152 0.9998718781608074 0.01210658972946032 -1.4390924930214721 0.004309848517549679 -0.012062010502161623 0.9999179631955571 98.10066404704202
0.9999214397858524 0.011933958729788703 -0.003833386214478409 -0.6995384222979104 -0.011886899385547593 0.9998564603666551 0.012073123449921392 -1.4413496293806454 0.003976916473681587 -0.012026608155937401 0.9999197692033114 99.47659136342092
0.9999170216758271 0.012331297555010685 -0.003726771626872382 -0.7085314428736866 -0.012279680009713086 0.9998325192487233 0.013569927621231827 -1.4529261100228343 0.0038934826188510704 -0.01352303832747924 0.999900979217567 100.81348227998473
0.9999216039949222 0.01198482418691394 -0.0036262677730183415 -0.7293627797529254 -0.011928504131602874 0.9998137194645308 0.015173568513972488 -1.4656821063504069 0.0038074451540760527 -0.015129123327173097 0.9998782990956713 102.15254466806047
0.9999273184679013 0.011540889855225875 -0.00348792333158271 -0.7419695588872499 -0.011489935801264695 0.9998318465378758 0.014291957353267281 -1.4813257044466412 0.0036522790502687835 -0.014250842869441125 0.9998917813183488 103.49015137736866
0.9999259109806011 0.011696297681236081 -0.003371814963730355 -0.7563939685006981 -0.011655701095378845 0.9998622256107406 0.011818394642317858 -1.4896615487207723 0.0035095821812179454 -0.011778218405640898 0.9999244753554686 104.81421739803383
0.9999426439648194 0.01010146381240904 -0.0035593791489665306 -0.7685053535965569 -0.010063035287444393 0.9998926083301177 0.010653973282037734 -1.5049296242248498 0.003666617944677458 -0.010617544274382145 0.9999369098482658 106.14066342955878
0.9999528652655975 0.009188764381572167 -0.003135893845108223 -0.7790256199710786 -0.009150869398309502 0.9998874134610456 0.011892098519284088 -1.5203086842547333 0.0032448147601962115 -0.01186284207684541 0.999924369222657 107.49316664565669
0.9999830001521766 0.005197424892043855 -0.002643135694351465 -0.7877174746712182 -0.005159692883335017 0.9998874540413699 0.014087470468914948 -1.5257476622696546 0.002716057030358909 -0.014073593499204137 0.9998972732290433 108.84787247818065
0.9999896022785726 0.004173963044253081 -0.0018366698748100375 -0.8032947523326857 -0.0041454885238195885 0.9998752194123184 0.015243376633503369 -1.5462964787126112 0.0019000661574081015 -0.015235604548261669 0.9998821261091431 110.16231327443221
0.9999923907571463 0.003727884105143793 -0.0011494777364329917 -0.8143688391214995 -0.003711664386298227 0.9998978321784988 0.013803939780223706 -1.5536088513792297 0.0012008198968818645 -0.013799568542932331 0.9999040603713983 111.48911952930534
0.999987784082724 0.004925709090307012 -0.0004111752045799764 -0.823783419311077 -0.004920511132380278 0.9999181719658167 0.0118083846431095 -1.5631086137536345 0.0004693062753907231 -0.011806217437537958 0.9999301940568279 112.81135363760502
0.9999697115062174 0.007753878392570516 0.0006733680441562253 -0.8272384290858547 -0.007760229996133159 0.9999198261900677 0.010005999975961195 -1.5865638168029004 -0.0005957287934018887 -0.010010922602952988 0.999949712004698 114.15499495962275
0.9999397160988199 0.010773242147945545 0.0021216502173733017 -0.8445065492422451 -0.010792610381376464 0.9998981455655277 0.009339061930964645 -1.5809302142888915 -0.002020822306149084 -0.009361397271156764 0.9999541392076691 115.47479968867651
0.999925578270043 0.011655887478430962 0.0036025248162565872 -0.8565932613250189 -0.01169671882779394 0.9998651297544957 0.011528620611534169 -1.6007855841943255 -0.0034676629226398302 -0.011569900585634707 0.9999270536964865 116.82555433154737
0.9999226155779232 0.011611160592704716 0.004465846281388956 -0.8646243397575151 -0.011671442033947271 0.9998377884466144 0.013717662229537955 -1.604600079227941 -0.004305844243905633 -0.013768723838945781 0.9998959355601301 118.14701885864996
0.9999206722186669 0.011385022049577908 0.005387997917681622 -0.8649340986826208 -0.011462874932557071 0.999827035231715 0.014645891531184407 -1.6198195360525889 -0.005220322615850448 -0.014706491945702099 0.9998782262490128 119.51413551020849
0.9999143756613383 0.01142432190459354 0.0063817077719945416 -0.8637343827147982 -0.011514539941929969 0.9998316817147109 0.01428368406904738 -1.6324645046019408 -0.006217452723645159 -0.014355943753724062 0.9998776175913594 120.83540882613845
0.9998780333798896 0.013517008247151178 0.007823606928182037 -0.863239383774474 -0.013624408000487028 0.9998113830753845 0.013841019029924895 -1.6418050664469244 -0.007635042729924838 -0.013945923179448679 0.9998736006855896 122.14669314078704
0.9998448133662309 0.015204596644478728 0.008897718399543108 -0.8653324746732823 -0.015322899624508116 0.9997930417035025 0.013382172575911547 -1.6416326726377606 -0.008692407131251004 -0.01351643495849668 0.999870865683459 123.51001959372962
0.9998186364752233 0.016126269875382224 0.010131018727345793 -0.8697028146704908 -0.016254847720785705 0.9997867145907328 0.01273990941003473 -1.654422042675655 -0.0099234115407052 -0.012902277280403902 0.9998675197956567 124.82955638535215
0.9997939242374896 0.016905553088152066 0.011238829701650193 -0.8612654129432116 -0.017041803030851274 0.9997810762693763 0.012139873343345087 -1.6579927619228443 -0.011031138905119822 -0.012328901778731848 0.9998631467121993 126.17417766216946
0.9997922278265581 0.016435670052391667 0.012056943619156676 -0.8555544823028449 -0.016576146402994825 0.9997947908042304 0.01164507154925697 -1.6740186204170442 -0.011863075863689376 -0.01184250992638054 0.9998595013238418 127.50799530563688
0.9997797631555714 0.01640134196146368 0.013092789155199082 -0.8563768283020365 -0.016564901649134756 0.9997848646872433 0.01248312522267241 -1.6845430639896692 -0.012885233508033191 -0.012697256995566725 0.9998363618218544 128.8303392292904
0.9997714781053588 0.016180916714395352 0.013970306470391627 -0.8473479372585212 -0.016370507202686374 0.9997739745603967 0.013564893063994317 -1.6941578712430583 -0.013747657572463323 -0.013790494464636958 0.9998103941117628 130.19993415290065
0.9997912214552045 0.014625225598586993 0.014269416394944938 -0.8305036670454791 -0.014826700378107823 0.9997904155127681 0.01411715399501975 -1.7019909692592068 -0.014059960362157215 -0.014325775279722348 0.9997985245428613 131.52663229247017
0.9998174578005115 0.012712070334128358 0.01426374139576682 -0.8191160503023167 -0.012919988802213745 0.9998102243240442 0.014580440728826322 -1.7168673421083949 -0.014075688074942435 -0.014762066851448999 0.99979195655328 132.88516532353742
0.9998316865664204 0.011742830154989529 0.014096256752101648 -0.8086563365405768 -0.011959746977654607 0.9998098252566002 0.015403824015053625 -1.7137561146605857 -0.013912692674854822 -0.015569819313172853 0.9997819850900882 134.21160908538286
0.9998610723195384 0.009741144066416062 0.01352575896317704 -0.7922798506327975 -0.009950926777344542 0.9998298826467594 0.015530126797922669 -1.732700824643501 -0.013372177912392386 -0.01566256337575654 0.9997879119931532 135.5405347573164
0.999876569273085 0.009681591407285492 0.012373883410979798 -0.7858698249949514 -0.009868104223469825 0.9998372626460816 0.015101945537893948 -1.73841858555105 -0.01222565987328004 -0.015222188562412305 0.9998093909422275 136.88210799635814
0.9999095236349466 0.007260470812067 0.011323872967307391 -0.7761275407096835 -0.0074478695009856325 0.999834545179593 0.016595526905386588 -1.7490713498521895 -0.011201508972865482 -0.016678364455707473 0.9997981588084164 138.22295842521044
0.9999276974217688 0.0062551466231758075 0.010270007965421218 -0.7613654547700632 -0.0064267594256024576 0.9998388368363287 0.016762968777327244 -1.7524546731976092 -0.010163498836634935 -0.016827759970143606 0.9998067462197533 139.55759423392016
0.9999496388973961 0.004559806313717792 0.00894023677033759 -0.7612622316567534 -0.004713959581253067 0.9998392654421238 0.017298030696361835 -1.7621739599098745 -0.008859924830798678 -0.017339303801275643 0.9998104071656622 140.91770674170047
0.9999601237749651 0.00441179170326482 0.007764467288309542 -0.7615097916227661 -0.004540060990202213 0.9998522240182234 0.016580650559246842 -1.7625850734320916 -0.007690170146725864 -0.016615240865137805 0.9998323834797558 142.2402492448732
0.9999665325324957 0.004642299729000078 0.0067366806134367616 -0.755704711005764 -0.004751870416078489 0.9998551863873448 0.016340929700702785 -1.7650922662314097 -0.006659846106760943 -0.016372394965306195 0.9998437833650833 143.58488768355235
0.9999799306580722 0.0022490840755736872 0.005922829054799232 -0.741843693878679 -0.002333531691415901 0.9998951717442403 0.014289861809886985 -1.7771057078128496 -0.005890069560674063 -0.014303396409908771 0.999880352808001 144.9490533819915
0.9999870791909844 -0.0019665268884133565 0.0046876680079568755 -0.7585884711031717 0.0019043158734545554 0.9999105477747826 0.013238958483202282 -1.7876070703821214 -0.004713283840935764 -0.013229860879964953 0.9999013730045216 146.2580829803501
0.9999457654865311 -0.00977949180434958 0.003581569450199997 -0.7471548398503132 0.009720039058826799 0.9998205970086051 0.016257140621691264 -1.7991591414506127 -0.0037399137816592834 -0.01622144623782201 0.9998614292638724 147.64257173309673
0.9998510232551497 -0.01713644395433507 0.002067267736753869 -0.7420633615810508 0.01709599392369535 0.9996879610118319 0.01821284113941857 -1.8043103782048844 -0.0023787261851474307 -0.018174786196137202 0.9998319952943054 148.95066799352645
0.9998080402903082 -0.01955927229642196 0.0011478008423494804 -0.7146043353147635 0.019539971743582053 0.9996975835002867 0.014930875223269462 -1.8104826976771131 -0.001439490890690397 -0.014905581378419352 0.9998878694704101 150.25363701687598
0.9998275618395791 -0.018534036984328203 0.0011558843133724686 -0.7377791291949543 0.018518987481967265 0.9997577058693832 0.01189859846624655 -1.8250867949240754 -0.0013761334187255274 -0.011875141105441812 0.9999285410882868 151.65185465951558
0.9998850820239584 -0.0149864145921834 0.0022869491711029174 -0.7390678419109699 0.014964065061107595 0.9998429409939017 0.009495793217485215 -1.8309471928916619 -0.0024288980756787103 -0.009460480096979458 0.9999522987474238 152.9657163724961
0.999876384836043 -0.015399464460259332 0.0031735713714788937 -0.7473257433811222 0.01536756409584025 0.9998334657956323 0.009842694557035259 -1.8438631048956955 -0.0033246153602159746 -0.009792707967792627 0.9999465234713142 154.3354853460432
0.9998099372354989 -0.019169978251446305 0.0035498381295038296 -0.7493086450923242 0.019124202686375467 0.9997388586332903 0.012509172570218182 -1.838133039199217 -0.003788711994719667 -0.012438907445823617 0.9999154560476803 155.6662141436351
0.9996276751233888 -0.027009963170709816 0.003869498451559883 -0.7484919813967685 0.026945643459396373 0.9995118953548328 0.015808331333709034 -1.8459338774609846 -0.004294592526654553 -0.01569817965830863 0.9998675530450505 157.0034333328784
0.9994972660019417 -0.03147324799091379 0.0038275197181016803 -0.7352323806895419 0.03140370790485221 0.9993614648761227 0.017043170365200328 -1.8409100659356024 -0.004361479992206446 -0.016914404178559526 0.9998474285741278 158.34640956929078
0.9995008553171724 -0.03137340204829948 0.003708079818369568 -0.7267292357138007 0.03130446109378673 0.9993587583821539 0.017381103694079175 -1.868074147640157 -0.004251006740331456 -0.017256348880851365 0.9998420612117173 159.6770677695742
0.9995345781375367 -0.03013617394727333 0.004736889568483962 -0.7316774632904574 0.03004924522652465 0.9993958955846363 0.017461006613895432 -1.8623816372990487 -0.005260236353376475 -0.017310540237283102 0.9998363241614003 161.05019820529063
0.9995771831592833 -0.02845124088476774 0.0059984830969997864 -0.7383458241397428 0.028343247100613103 0.9994471542742728 0.017379475114568298 -1.8493946042014853 -0.0064896350265134855 -0.01720211060316932 0.9998309717295304 162.39102385533943
0.9996346083436891 -0.026119240372548366 0.006959532225052535 -0.7396630404601526 0.02600535347462086 0.9995340553098657 0.01598104694431857 -1.8585188854888084 -0.007373702882874675 -0.015794222792897238 0.9998480739754063 163.7389190147434
0.9996553409370857 -0.025118826991256962 0.007631767377862144 -0.7420959434267365 0.0249987611155019 0.9995682336679766 0.015440472084919214 -1.8484160155193081 -0.00801631944781837 -0.015244365931436422 0.9998516629627903 165.08775808722143
0.9996635621433183 -0.024720781688919218 0.00785146375371056 -0.7433871971930253 0.024586504296186536 0.9995571765481818 0.016761700675168672 -1.8453783663532226 -0.008262349967524802 -0.016563021658026356 0.9998286852691869 166.43323820619867
0.9997043463678907 -0.0230697763509589 0.007681489576201132 -0.737098207993028 0.02293833248243141 0.999596024130178 0.016781580247891115 -1.852024846188661 -0.008065534409351063 -0.016600418453856906 0.9998296721254343 167.7646808953833
0.9997359531012966 -0.021794477679990293 0.007281815066871511 -0.7359930544141375 0.021684162489768212 0.9996538362125055 0.014899826577349763 -1.8583906743760823 -0.007604028933010829 -0.014737992530840701 0.9998624757032744 169.15370823954947
0.999830514191197 -0.017136621319977074 0.006728975943582321 -0.7413076148753057 0.01705756013860571 0.9997867964929047 0.01163620160253151 -1.8714630235467973 -0.006926947057573414 -0.011519449727958061 0.9999096557589178 170.56180268905308
0.9999380272231699 -0.009064134095329711 0.006463992724169521 -0.7435647390836782 0.008999031750142284 0.9999091983255507 0.010030579191521932 -1.9015310679877593 -0.006554324842830042 -0.009971788077186981 0.9999287995978483 171.92430007375592
0.9999644235036321 -0.004845429591681456 0.006904603683958087 -0.7505792040575702 0.004766810662038259 0.9999241358515488 0.01135781877680896 -1.9142533017625067 -0.006959113961881379 -0.011324501980780713 0.9999116592905192 173.27688391373724
0.9999699740851273 0.0010400663846373672 0.007679140258906796 -0.7604931362965792 -0.0011469432944029344 0.9999023630517432 0.01392655308547312 -1.9387444308208837 -0.0076639065878419295 -0.013934942735612651 0.9998735329558103 174.66982714384747
0.9999705191751053 -0.00039125422662662085 0.007668618402286379 -0.7629860961703622 0.00026819645657339374 0.9998712925524147 0.016041396216050382 -1.9308165264429156 -0.007673908293591346 -0.0160388669157489 0.9998419204453396 176.01385820432725
0.9999715125965035 -0.0032869564688435427 0.006794845383650854 -0.7595299977395131 0.003169307110363612 0.9998461262542047 0.017253385009353084 -1.9303364236542084 -0.006850511525602419 -0.01723135888495554 0.999828060600562 177.44071502494842
0.9999688835513474 -0.005774040856355682 0.005375164582660297 -0.7563105719513872 0.005677121929817204 0.9998241141204889 0.017874873260186216 -1.9313206785626895 -0.005477429863709117 -0.017843801935698317 0.999825783072853 178.85196016473066
0.9999782453021493 -0.005782083142170694 0.0031743421722787556 -0.7541115249051183 0.005736412544174209 0.9998825366927704 0.014212894672590324 -1.950286144027351 -0.00325614970553392 -0.014194376411794548 0.9998939529615625 180.1839980685503
0.9999929448044677 -0.003451685361656522 0.0014819636915316147 -0.7674306867126067 0.0034373707217808854 0.9999484356163588 0.009555657122805912 -1.9618635217080191 -0.0015148705168442898 -0.009550495831534021 0.9999532455058225 181.60054157114453
0.9999990454142693 0.0008663814956592856 0.0010763613450547307 -0.7984767391771321 -0.0008758048476533832 0.9999610243530431 0.008785370762620981 -1.9647364949455768 -0.0010687079937666513 -0.008786305231683592 0.9999608285851765 182.9972968778446
0.9999771060486545 0.006727046866916134 0.000730894110756373 -0.8161440356887134 -0.006733612338011278 0.9999332848488643 0.00938532508954978 -1.9775703574709367 -0.0006677098765635557 -0.00939003196965819 0.9999556897508713 184.32587338780354
0.9999785121221894 0.006445916821045195 0.001193917397502225 -0.8089041714126367 -0.0064611525117673155 0.9998916088836517 0.01322966364401295 -1.9780648267752166 -0.0011085107594368173 -0.013237093713941236 0.9999117713866202 185.77705632878983
0.9999543760973105 0.009422322928676499 0.001570202398797732 -0.8260172854198897 -0.009445551932866272 0.9998351255694158 0.01550816689250914 -2.009681980841263 -0.001423820664467342 -0.015522291089711442 0.9998785082292961 187.1313982580521
0.9999840780896325 0.0053905432080302166 0.0016690125263980594 -0.8269831422244049 -0.0054172733764388525 0.9998500471235416 0.016447991343713532 -1.9868514794067071 -0.0015800987657429316 -0.016456771284592647 0.999863329646651 188.5931551433849
0.9999897041050693 0.0042748748158529335 0.00152220995831468 -0.8276199039378433 -0.004300330760397429 0.9998439906995141 0.017131883066535885 -1.9942423452023164 -0.001448735932813974 -0.01713825302465832 0.9998520797865466 190.01242522275746
0.9999980816902759 0.0011042431276838674 0.0016177958037403284 -0.831478791236779 -0.0011327611831204697 0.9998420964379638 0.017734120670084813 -1.9935996027689067 -0.0015979576879488735 -0.017735919575950596 0.9998414292748333 191.3584299980312
0.9999979006635819 -6.405345960084317e-05 0.002048064566495039 -0.8405125961122459 2.7344489466200536e-05 0.9998394459207267 0.017918750637827777 -2.0032164768224248 -0.0020488836580312003 -0.017918657368515438 0.9998373486721588 192.8140384106721
0.9999931575551145 -0.0028865820393372214 0.0023135458351065284 -0.8387803852341763 0.0028430588567192987 0.9998229640180868 0.018599936157743045 -1.9950463821160658 -0.002366826680716476 -0.01859323170405765 0.9998243295061217 194.1744458222785
0.9999652203555428 -0.007909794673783204 0.002644473442644811 -0.8380857614645569 0.007854587496593615 0.9997636288724574 0.020272933178407754 -1.9925781993908154 -0.0028042033244528577 -0.020251457235774595 0.9997909856218151 195.63778503157374
0.9999282693536717 -0.011619871729878887 0.0029042627723858414 -0.832711754217544 0.011556169266436047 0.99971132254032 0.021064816999040285 -2.004004921066455 -0.0031481950970011097 -0.021029744256944535 0.999773893803787 197.0436855109244
0.9999692608210538 -0.007214576559158192 0.0030703925390522884 -0.8452358113996254 0.0071590128265352215 0.9998170299716301 0.01773852015605183 -2.026005990144758 -0.0031978069163952436 -0.017715994249988026 0.999837945660753 198.4788723316181
0.9999938519436762 -0.0005993904366889229 0.003454969057432195 -0.8606972766527996 0.000556708539218553 0.9999236853769097 0.012341535249585608 -2.031272841134222 -0.0034621030735281907 -0.012339536202285712 0.9999178714719179 199.91706410545012
0.999948104275396 0.008918081351239986 0.004925095620639535 -0.8721573925627251 -0.008975984934259655 0.9998893502053897 0.011862506294701968 -2.0264092953503474 -0.004818760261819908 -0.011906098503005889 0.9999175087810339 201.35268986145496
0.9998817646222655 0.014046301932977151 0.0062576472007672725 -0.8944170826882154 -0.014140455852751284 0.9997834920156387 0.015264882255425312 -2.0150307433935275 -0.006041877724117479 -0.015351563698706607 0.9998639033418364 202.77702076685694
0.9998344028776754 0.01662983111936594 0.0073902300968825985 -0.8898435298628149 -0.01676064761539053 0.9996973768203655 0.018006540650024976 -2.03159644951558 -0.007088548497336848 -0.018127424225416734 0.9998105565422195 204.23333139619558
0.9998573672744631 0.015441862784157098 0.006840610108745308 -0.8861596472809012 -0.015564330885896996 0.9997127244106205 0.018226911069784156 -2.0260219510110202 -0.006557188049031413 -0.0183307812027599 0.9998104749140628 205.68913490893024
0.9999181980331852 0.01157993127850191 0.005431612277520506 -0.8777628640942505 -0.011679292625603997 0.9997581795026719 0.018632677194077706 -2.0283850926354 -0.005214534107223978 -0.01869459076674342 0.999811642717606 207.13709099640502
0.9999442378719059 0.009667892918022414 0.004248879438491922 -0.8779706586626183 -0.009743871412253677 0.9997861461279904 0.018240586425750896 -2.0282111445612054 -0.004071623092804581 -0.018280970191131028 0.9998245986263607 208.56410942849942
0.9999464644427032 0.009647060201871198 0.0037419862119178367 -0.8868788132123273 -0.009711925498438734 0.9997957869761547 0.01772181878114768 -2.0247461571157763 -0.0035702588849360678 -0.017757212279480416 0.9998359538782736 210.05893547639252
0.9999348097174607 0.010829245543917912 0.0036199082118709234 -0.8900169130590714 -0.010891995015846926 0.9997824329967839 0.017789073390140103 -2.026095196453838 -0.0034264786714185876 -0.017827342094497555 0.9998352089829998 211.5098410640321
0.9999213566498418 0.012041996782056821 0.0035029707917932015 -0.8960872194178955 -0.012105205139440188 0.9997533468857159 0.01862013476963372 -2.02441120456068 -0.0032778834328775746 -0.01866107497424645 0.9998204937718469 212.9396952848495
0.9999250255960076 0.011852807487348417 0.00307475478743945 -0.9082432435477137 -0.01190800908846353 0.9997560336853087 0.018603022557104304 -2.035282213857628 -0.002853506832653551 -0.01863824238863894 0.9998222209098052 214.3856776570314
0.9999209284225881 0.01225314256290688 0.0028279628396481373 -0.9132615652086494 -0.012302029201163866 0.9997628376296325 0.01797021404914294 -2.0390550356804504 -0.0026071007652152256 -0.018003583159512993 0.999834523320907 215.85695929756625
0.9999359491064095 0.011030429317873416 0.0025352102924983497 -0.9190637748028838 -0.011073289864450685 0.9997844202138653 0.01756403616530116 -2.033367874410273 -0.002340925077279463 -0.01759098464478148 0.9998425262681602 217.34305152620973
0.9999191066756183 0.012561669111875763 0.001996132812727285 -0.9189757236943243 -0.012595237496705845 0.9997621884096481 0.0178024335564575 -2.046118242596313 -0.001772029965642506 -0.017826135584803206 0.9998395315279773 218.79710756038546
0.9998989878774939 0.01409263869234283 0.0018470362703109475 -0.9274127707563442 -0.014122727020438031 0.9997481924262279 0.01743847324661592 -2.05252418701932 -0.0016008171918442003 -0.01746279729214095 0.9998462322283067 220.2730367762671
0.9999336822418964 0.011389150065157519 0.0017083191685961202 -0.9327107506331482 -0.011417143999236932 0.9997836750231088 0.017385396130141225 -2.0425328137492342 -0.0015099448453003914 -0.017403747646107116 0.9998474031774016 221.7749902098125
0.999913603182065 0.01308525589970267 0.001249887550679552 -0.9415589224103491 -0.013104841883959672 0.9997659422855921 0.01721405788706394 -2.049289423436875 -0.0010243447258099388 -0.017228950574729562 0.9998510458996609 223.26709979719553
