1.0 -3.469446951953614e-18 0.0 -1.7787691892340307e-19 0.0 0.9999999999999999 -3.5405977195229754e-19 0.0 2.168404344971009e-19 -2.354751593366955e-19 1.0 0.0
0.9999998184236251 -0.0001920850232811945 -0.0005711877703400902 0.0023623220759034095 0.0001924746445146272 0.9999997488292218 0.0006821250560820844 -0.022605926090915572 0.0005710566496940094 -0.0006822348851515522 0.9999996042253559 1.3271691435190551
0.9999996106291743 -0.0006537789352943687 -0.0005927180634304468 -0.007919513178060316 0.0006544457365945475 0.9999991525635218 0.001125420722648312 -0.03902273942997718 0.0005919818357649513 -0.0011258082084223669 0.9999991910569219 2.628002273801946
0.9999973832897621 -0.0019937085628151125 -0.001121847118712181 -0.008759940933186779 0.001994515455558829 0.9999977528437065 0.0007184793254019106 -0.07711640004962919 0.0011204122547694532 -0.0007207150003571904 0.9999991126237053 3.9557353038506045
0.999997019647125 -0.0024170082913066403 -0.0003446314037267627 -0.02410593739766747 0.0024172838029769047 0.9999967577085199 0.0008008169514757941 -0.09616690665162843 0.00034269473489781854 -0.0008016476508976587 0.9999996199609371 5.265960210419191
0.9999962136156255 -0.002623068434181688 -0.0008320269779666751 -0.023919454581658343 0.002624307779259453 0.9999954438111913 0.0014917645504772068 -0.11290399617308797 0.0008281102579677732 -0.0014939424250649223 0.9999985411844384 6.57928209828445
0.9999922191205884 -0.003883924167259587 -0.0006905328299693166 -0.023888297191776695 0.003885751679326652 0.9999888998075253 0.0026648057700213246 -0.15589697446156134 0.0006801753213071906 -0.002667468324747844 0.999996210980748 7.933081839847394
0.9999932587357954 -0.0036393531903033457 -0.00048743781004093436 -0.043874964698792575 0.0036409638999909035 0.9999877775908622 0.0033448535165013 -0.1754216226166777 0.0004752587921934058 -0.0033466057749910382 0.9999942871638264 9.243756563331402
0.9999938037602929 -0.003390195025907058 -0.000948167681122836 -0.04640158768826608 0.0033922245340569316 0.9999919418607449 0.002146863093402697 -0.19341462864812675 0.0009408818375685042 -0.0021500662291420707 0.9999972459754467 10.591139352262463
0.9999993598635173 -0.0008829763577878381 -0.0007075489860346271 -0.07226767002738654 0.000882936529330006 0.9999996086043526 -5.66819864685294e-05 -0.21401263538939685 0.0007075988177690908 5.605723054332458e-05 0.9999997480812773 11.884563748516978
0.9999968632310254 0.0023208259344724156 -0.0009419604283452724 -0.06700277157250834 -0.002321592027060655 0.9999969747334096 -0.0008128583610559651 -0.23757537828318848 0.0009400711545237833 0.0008150426726495199 0.9999992259862416 13.243029204781205
0.9999816927067909 0.005996763926838761 -0.0008081214544910424 -0.09156536425644043 -0.005997559975734135 0.999981528592513 -0.0009857790487908095 -0.2724710830282846 0.0008021951097048549 0.000990607773015039 0.9999991875898765 14.580071355150384
0.9999826441379024 0.005878851334485898 -0.00038796590407582754 -0.11595243922922317 -0.0058787595576292595 0.9999826915664458 0.00023825482442089795 -0.2918821465651559 0.0003893598863984487 -0.00023596994050619952 0.9999998963588488 15.924913283218356
0.9999861301873741 0.005265924819775929 -9.725304976585013e-05 -0.10863778448327438 -0.00526565617439427 0.9999827947159398 0.0025851783335226262 -0.3275596477876287 0.00011086474237415587 -0.00258463043152644 0.9999966536919978 17.26658974581561
0.999999903714399 -0.00043149671588211223 -7.988957583621972e-05 -0.1251184419682908 0.00043189077529700963 0.9999874084495116 0.004999641080334841 -0.33410476813939893 7.773125185291802e-05 -0.0049996752007868284 0.9999874985253704 18.639038952572736
0.9999979161714606 -0.001978332122739552 -0.0005038421593838449 -0.1101980484852946 0.0019797987976924065 0.99999375636873 0.002927049154680449 -0.3776427031559644 0.0004980483828153604 -0.0029280406179145965 0.9999955892539221 19.965483989223834
0.9999961582506597 -0.002752039482514247 -0.0003313096433204105 -0.12848780140885374 0.0027522517076153125 0.9999960069259749 0.0006412788495885127 -0.38391410340121235 0.00032954352422339935 -0.0006421882443062031 0.9999997394979329 21.325053025539017
0.9999998843806223 -0.0004808735819654686 3.2945449459482155e-07 -0.13443271840243612 0.00048087368732706304 0.9999998436857043 -0.0002852864048093276 -0.4424487290052705 -1.922679635935759e-07 0.0002852865362418878 0.9999999593057582 22.681176305999355
0.9999965798886177 0.002497947800817541 0.0007748964560389518 -0.15314588371287358 -0.0024987808375403157 0.99999629945346 0.0010757220879531913 -0.43775578854730346 -0.0007722065554221929 -0.001077654727803691 0.999999121177793 24.051984466942212
0.9999958947040554 0.002334184623320327 0.001661973326731451 -0.15873361584132542 -0.002343534846737989 0.9999813131482247 0.00564634408555112 -0.44971932035091944 -0.0016487627950439899 -0.005650215909852269 0.9999826781702271 25.427066017479778
0.9999978393396503 0.000740115281632852 0.0019425619207463865 -0.16187763755986567 -0.0007528834807768066 0.9999780657552234 0.0065803627877258205 -0.48524697836917835 -0.001937649243518006 -0.006581811221292122 0.9999764623607541 26.80226113238893
0.9999896139336927 -0.0042066729907824195 0.0017538344331304815 -0.1585539294895149 0.004196554831224816 0.9999747569043136 0.005733626656229847 -0.4949014432260273 -0.0017779097986243594 -0.005726207152234081 0.999982024632116 28.17549756826852
0.9999917247037011 -0.0038230275599960353 0.0013910397674714303 -0.17177815004449276 0.003818204988676457 0.9999867477339593 0.0034533550602868822 -0.5129819391195081 -0.0014042237202157104 -0.0034480152716607703 0.9999930696485545 29.542541213906542
0.9999871511834482 -0.004326944169449122 0.002641028483547498 -0.16649561609696698 0.004323228965671111 0.9999896594360913 0.0014109238657513598 -0.557084214451014 -0.0026471063848826143 -0.0013994879883271322 0.9999955171189111 30.91022780759024
0.9999938347579668 -0.0022652946016466433 0.0026830753397924945 -0.18663131145229384 0.0022633420761717215 0.9999971717569733 0.0007305869163210964 -0.5547536501979144 -0.002684722972137377 -0.0007245097051265466 0.9999961336649525 32.311895233967405
0.9999955831199246 -0.0002627039487550272 0.0029605289211328966 -0.18943221207790273 0.00026786518785466666 0.9999984449530661 -0.0017430833124039403 -0.6006242270755021 -0.0029600666540537963 0.0017438686730307585 0.9999940984443336 33.6869101790986
0.9999940921865145 0.0011000911205794961 0.003256592362630247 -0.20865345804599136 -0.0010958949574868555 0.9999985674058245 -0.0012900397458566087 -0.6061066516849409 -0.0032580071349734008 0.0012864632685585878 0.9999938651799525 35.08464637377727
0.9999955727163837 -0.0008756072581172364 0.002843917124003594 -0.1963221263642997 0.0008736239224243301 0.9999993743804757 0.0006985831547207694 -0.6354066582173661 -0.0028445272690339994 -0.0006960955585965106 0.9999957120468157 36.47491053875355
0.9999932072144337 0.002557753572219195 0.0026539443353844226 -0.21485777208996198 -0.002563470404506122 0.9999943968806984 0.002152865741359289 -0.6748453220347908 -0.002648423187205219 -0.002159654467531955 0.9999941608550093 37.86718588984565
0.9999885042526833 0.004104298324425652 0.002479131551425159 -0.21336200427018268 -0.004110706718023704 0.9999882091248388 0.0025852869983114418 -0.6918064907197328 -0.0024684917379682618 -0.0025954483135178924 0.9999935850763241 39.26168250474534
0.9999754518985238 0.00632433798404236 0.0030163455321415796 -0.2283345760086168 -0.006332429245437839 0.9999763577018429 0.002680371164928443 -0.7136032093363139 -0.002999322897316822 -0.0026994062171737674 0.9999918585993064 40.669629372094064
0.9999538400144234 0.009121628263951386 0.003018894141083397 -0.23616034716015477 -0.009131215616524536 0.9999532621088667 0.003177187245176529 -0.7498513032398124 -0.002989772174002956 -0.0032046068272995865 0.9999903958309935 42.09836650682444
0.9999411987423905 0.010576677698268115 0.0023943527757477497 -0.24557499591491352 -0.010583954366074967 0.999939346591773 0.003046813324404165 -0.7674668570485992 -0.002361982585334638 -0.0030719759551904088 0.9999924919715353 43.48497210251739
0.9999596958092009 0.008765928280016409 0.0019404231407223753 -0.2485966836979399 -0.008771380277999057 0.9999575573101357 0.0028189510549690147 -0.787848721794801 -0.0019156302213165775 -0.002835857689743937 0.9999941441178185 44.90683379586976
0.9999647962274616 0.008290471676757777 0.0012939741266161518 -0.2452835744019261 -0.008294191685518546 0.999961408877666 0.0028960588805312447 -0.8207828211333495 -0.0012699146020688243 -0.002906689460381303 0.9999949692233603 46.3041903124979
0.9999661873343758 0.00820229576363274 0.0005886555199615734 -0.2687514878626106 -0.008204338516785547 0.9999600243999673 0.003555059557667626 -0.8346996400516425 -0.0005594723830709928 -0.003559768956771513 0.999993507496686 47.732930487655594
0.99996694649618 0.008112223369701103 -0.0005456452873639462 -0.2743119704061102 -0.008109665607802168 0.9999568197601515 0.004537835968587405 -0.8588170768495965 0.0005824337176406438 -0.004533261072423707 0.9999895551039301 49.13642484929292
0.99995749842758 0.009147129282916179 -0.0011538380093867144 -0.2870953316925416 -0.009141559923871318 0.9999469636659511 0.004743601642719152 -0.8826649380962793 0.0011971672559687922 -0.004732852254147981 0.9999880833805701 50.55192973704874
0.9999480191021859 0.009845982869697706 -0.0026487144039475307 -0.2982834896087406 -0.009833414908806194 0.9999405248762171 0.00471706292392587 -0.9082723434167663 0.002695001223005519 -0.004690771921238699 0.9999853667094429 52.00098732443547
0.9999410569484652 0.010204921499598677 -0.0037070440765300736 -0.30189790907529784 -0.01018060394252854 0.9999269153312161 0.006520684091969829 -0.9370907654555779 0.0037733165412104867 -0.006482559934066061 0.9999718688581722 53.40635173578242
0.9999518900689507 0.008644132482321137 -0.0046364310995612385 -0.31913671182112 -0.008611021698946801 0.9999376144655461 0.007114597600632728 -0.9524688199435987 0.004697641779720188 -0.0070743310589036195 0.9999639423563392 54.869688574541335
0.9999713434866092 0.0054188013483899705 -0.0052866602272089724 -0.3274343222112006 -0.0053776140708213915 0.9999553204599337 0.007774211155898953 -0.9510266255218345 0.005328551383788975 -0.007745558916834218 0.9999558054584565 56.27488404902213
0.9999806226575022 0.0027934828881186766 -0.0055633395262380154 -0.3541818817288599 -0.0027525427481300685 0.9999691775651458 0.007353055894380045 -0.9683960942308188 0.005583709164019807 -0.007337600233132221 0.9999574900104973 57.70039151260721
0.9999803828839581 0.0026762450945537787 -0.005663174308362193 -0.3597889555058963 -0.0026360128570132 0.9999713217812107 0.007099792540256705 -1.0040064217403535 0.005682013169314852 -0.007084725208823305 0.9999587598538748 59.1472004991341
0.9999811392136781 0.0033121314314141625 -0.005172135537313136 -0.3718661153099343 -0.0032684243582745947 0.9999590728100809 0.008436237931930983 -1.0470409642038658 0.0051998662311946746 -0.008419174256780898 0.9999510382558057 60.5573295769584
0.9999876124529958 0.0018140521316372038 -0.004635099065082485 -0.38767864137909236 -0.001770874395884324 0.9999551618782059 0.009302593031120155 -1.0725810562596683 0.004651767025187312 -0.009294269804915094 0.9999459873534752 61.99925770243201
0.999990574474195 -0.0018879740506471607 -0.003909796966041072 -0.40088073419222603 0.0019217649348706838 0.9999606813437633 0.00865693828915861 -1.0615347409014344 0.003893299499398384 -0.008664370576168933 0.9999548844380298 63.38375780891195
0.9999891577100022 -0.0026199782588346102 -0.003849697784792753 -0.4132579041734842 0.0026508969519972083 0.9999640975029992 0.008048381462871259 -1.0851373368908839 0.0038284733168292527 -0.008058499512048458 0.9999602009016139 64.82235468861032
0.9999854184046146 -0.00430971189506241 -0.0032541299083394663 -0.419799261731737 0.0043360532837876855 0.9999575379794036 0.008131474153184161 -1.084508345782801 0.0032189476994558567 -0.008145465823857247 0.9999616441496523 66.25960553033995
0.9999970137614985 -7.768758819213205e-05 -0.002442627398016462 -0.43588461106273646 9.721161671416914e-05 0.9999680432541523 0.007993936318667658 -1.1434376656396168 0.002441928522810652 -0.007994150058114716 0.9999650646680371 67.61765849932789
0.9999968825101894 0.0017831908756964932 -0.0017479113710110478 -0.458018954782793 -0.0017667085920523642 0.9999543862663062 0.009386379897123442 -1.1422764350874242 0.0017645695058397053 -0.009383262772884112 0.9999544193012944 69.08481489957866
0.9999869318179688 0.0050484496444567735 -0.0008058153117135287 -0.4811620373937184 -0.00503932870127766 0.9999273911429003 0.010946123255089044 -1.1481079380838628 0.0008610178357304825 -0.010941919661157252 0.9999397647096797 70.41040381607453
0.9999559515331249 0.009383348404784445 -0.00021850602488010062 -0.5014837558855071 -0.009380134603834155 0.9998869859161861 0.011748552538429772 -1.1844191261353987 0.00032872212902717115 -0.011745985655740674 0.9999309595004854 71.93150982937141
0.9999079120833997 0.013570677918313427 6.340293644732892e-05 -0.5119860200659947 -0.013570577001587395 0.9998502340966962 0.010740058039629973 -1.2047817114269452 8.235644243969947e-05 -0.01073992964663513 0.9999423219028455 73.28798216518825
0.9998280219467494 0.018497932641342966 0.0013239968466577012 -0.5201702172863466 -0.01851140981045044 0.9997679655702806 0.011015569636892639 -1.2216223574836673 -0.001119924455481195 -0.01103818447970806 0.9999384502332478 74.67735724682726
0.9998024857187287 0.019783629855038374 0.001896703838634542 -0.5441684944311449 -0.01980287770583289 0.9997463102931164 0.010731316016907253 -1.2334219213149014 -0.001683918415232666 -0.010766756848895808 0.9999406189204931 76.13491175570532
0.999820165120317 0.018863813389674487 0.0019477967256536764 -0.5517761445012235 -0.018884090540460793 0.9997614231159331 0.010976703663825959 -1.2458915614766128 -0.00174026967612339 -0.011011512269435733 0.9999378570993459 77.52200205216688
0.9998391058967993 0.017822341996233358 0.002031353841869963 -0.5618773600118502 -0.017843873589255092 0.9997788827019716 0.011125732512875767 -1.268867698395438 -0.0018326182115143462 -0.011160189901417409 0.9999360437914327 78.91148257048003
0.9998531279540943 0.017021945907712988 0.0019939493891075405 -0.5608826547874656 -0.017042167052707266 0.9997985253204464 0.010605345436744925 -1.2744299704996402 -0.00181302418807823 -0.010637769247779788 0.9999417737097807 80.28307736659677
0.9998771880143953 0.015563243833763025 0.001842360253880849 -0.5667910608324818 -0.01558164339416929 0.9998241661817494 0.010433079381938559 -1.2821129313092074 -0.0016796638807188864 -0.01046050529195246 0.9999438767048342 81.63761712800674
0.9998749452120869 0.01577158204507197 0.0011623668962791728 -0.573657661668673 -0.01578331821247974 0.9998160962832147 0.010893140821114164 -1.3053774785160939 -0.0009903511443286831 -0.010910124814614456 0.9999399923912982 83.12714963119726
0.9998595362961463 0.01672437469030663 0.0010967794259675921 -0.5813752248537221 -0.016735071012619597 0.9998037631552172 0.010600595281833401 -1.3252031042119 -0.0009192759401124206 -0.010617461185867632 0.999943210613491 84.43844033844807
0.9998182051559568 0.01906259557174011 0.00041717483959282146 -0.5887686106079029 -0.019066067241829278 0.9997558811109531 0.011165272691617552 -1.3516748839647637 -0.00020423393093114343 -0.01117119702077379 0.9999375793764729 85.87791345051797
0.9998437171292385 0.017648926292258477 -0.0010279432641232351 -0.6015669451110041 -0.017635278730171636 0.9997719504557429 0.012043424349640952 -1.358004792353786 0.0012402624642523256 -0.01202341435423702 0.9999269469630332 87.20591177524891
0.999902401321558 0.013849143401868064 -0.0018409292081243778 -0.603559263869046 -0.013823792841219613 0.9998181587667686 0.01313591188824003 -1.3743019392542335 0.002022515759401519 -0.013109181487223327 0.9999120255299371 88.57496108176355
0.9999041468420499 0.013445682088992272 -0.003303138154118139 -0.6177791064784686 -0.013398773042963136 0.9998145103384769 0.013835383084148885 -1.3973985057192673 0.0034885519237918914 -0.013789799205462578 0.9998988306100806 89.99775322998136
0.9999217474547278 0.01190016731391596 -0.003858101772001074 -0.6273922701486684 -0.011845039174442963 0.999831690133569 0.014010227477018005 -1.431024231588768 0.004024176817106702 -0.013963432062033468 0.9998944087149122 91.34332537893273
0.9999565139550077 0.008063865492915694 -0.004684468582631324 -0.6448475585989398 -0.00800101504786622 0.9998797502689051 0.013284154927156983 -1.4039602884017517 0.004791027330139789 -0.01324609701932666 0.9999007885712974 92.75616535583978
0.999958534340613 0.007628385323230314 -0.004973661714177678 -0.6576478644256444 -0.007562674815788694 0.9998855995544057 0.013099380293240336 -1.433626239165692 0.005073020284218993 -0.01306122320001221 0.9999018296457366 94.12083156667273
0.9999421205896445 0.009525078032275994 -0.005002831999460501 -0.6810608392552878 -0.009459378852764098 0.9998708040477609 0.012995975551024273 -1.451183218986032 0.005125973778098938 -0.012947899935066867 0.9999030334464075 95.41888975098696
0.9999682074745229 0.006322798198328981 -0.004858625404623957 -0.689165641048283 -0.006263138797609761 0.9999059890606528 0.012197792467356555 -1.4500779136059292 0.004935293247430006 -0.012166974672117864 0.9999138000958702 96.79289953973941
0.9999714352355896 0.0058882941950226565 -0.004738848316654086 -0.699271509846077 -0.005832792855556585 0.9999152189877515 0.011641880068529578 -1.451987246696306 0.004806997782371716 -0.011613907037689077 0.999921001854282 98.13347558779279
0.9999448001469173 0.009553151651291043 -0.004374233978607772 -0.729642211516163 -0.009499528533175157 0.9998814262909959 0.012119914707971833 -1.4692494563550709 0.004489499081230855 -0.012077692778986448 0.9999169834282783 99.4617630485531
0.9999547204179465 0.00847706590621352 -0.004323938117021852 -0.734278688589514 -0.00841398762726991 0.9998608607993054 0.014403606004713887 -1.484563230990497 0.004445437191863196 -0.014366572546905244 0.9998869134537245 100.72705139081941
0.9999331560767271 0.010846347278283739 -0.004005008913636885 -0.7510764090210423 -0.010783663194009644 0.9998239557093495 0.015354810840091597 -1.495305804856874 0.004170847829603165 -0.01531059611054776 0.9998740869178327 102.1858279194554
0.9999261150579807 0.01144143395725573 -0.004105846958760999 -0.7804425942218691 -0.011381747667780238 0.9998332927670287 0.014277342728536778 -1.5242237360816464 0.004268516129795664 -0.014229556426546063 0.9998896436647596 103.50154590679503
0.999942564175383 0.009862457601557184 -0.004195265207291719 -0.8001473135174574 -0.00981129987203162 0.9998793217139617 0.012044933423851432 -1.522084735911126 0.004313551948699626 -0.012003080855816087 0.9999186563577441 104.80010749769917
0.9999392541787825 0.010381826536513946 -0.0037021074329131824 -0.7977830702780841 -0.010340551019102253 0.9998860360001383 0.010999456180332375 -1.5405798622916627 0.0038158803026905504 -0.010960506405629672 0.999932650915969 106.15326410801043
0.9999556340780773 0.008330276570880382 -0.004397310694904159 -0.8339926833780463 -0.008276074098095564 0.9998912793613346 0.01220393657160608 -1.5579750487665205 0.00449849517284237 -0.012167002913412658 0.9999158602575182 107.48263179560844
0.9999797274106035 0.005479818975894116 -0.0032428899288547905 -0.8259520074450077 -0.00543559779842521 0.9998942089844978 0.013491668580167506 -1.5536111111601434 0.003316479052546192 -0.013473768296209946 0.9999037246385636 108.87169353075102
0.9999948043275008 0.0023009644823513307 -0.0022576254073000393 -0.8362455440650076 -0.002266979181186452 0.9998857857608902 0.01494243073500524 -1.5769439026454823 0.0022917497623230598 -0.014937235407265282 0.9998858069258902 110.19032580008513
0.9999951057751593 0.0028866049554528124 -0.001206619389516821 -0.8341154481191503 -0.002869750655876667 0.9999014263645253 0.013744165486646939 -1.5926970111376255 0.001246174541089531 -0.01374063579687333 0.9999048164623247 111.44581338152136
0.9999937047222218 0.003395630865020937 -0.001029659659867041 -0.86125420275431 -0.0033825468307228258 0.9999167318220307 0.01245342526093236 -1.587104415601889 0.001071861257603035 -0.012449864239996212 0.9999219229521606 112.59116750117927
0.999958558388029 0.009103505161230405 8.763710561810866e-05 -0.8622376759621574 -0.009103927390822041 0.9999103310045284 0.009820818361960736 -1.6111627935528454 1.7746308806293812e-06 -0.009821209413809503 0.9999517707598358 113.5770490510951
0.9999285265759726 0.011850900975298381 0.001580461798898954 -0.8819275106364595 -0.01186493576000278 0.9998874008006315 0.009187439519628162 -1.6242792167646412 -0.0014714045218365136 -0.009205535128900799 0.9999565456021304 114.82027940656992
0.9999037116008276 0.013562224655665398 0.002938291859745649 -0.9035827145195143 -0.013595105359056595 0.9998417350397457 0.011475104038840911 -1.6317228300740874 -0.002782199118826252 -0.011513945741912363 0.9999298417499229 116.21717516251663
0.9999408892918391 0.009996721434228844 0.00427591686829891 -0.8896293341957602 -0.01005370458681785 0.9998580666805558 0.013519228349848592 -1.618385658842413 -0.004140162352957034 -0.01356141829529641 0.999899468441696 117.53443421302052
0.9999360180187364 0.010120270429543748 0.005053709304316209 -0.895335431232853 -0.010193918887298026 0.9998390063999729 0.014766357561462785 -1.653721535717959 -0.004903456560737384 -0.014816930179174802 0.9998781999296498 118.89037005397925
0.99991742334701 0.011360954052614725 0.006006262513150021 -0.9004789081191686 -0.011446077951395368 0.9998317582112356 0.014333268735303445 -1.6651471484108236 -0.005842412884089853 -0.014400833578648865 0.9998792338096472 120.46218194700973
0.9998848276322457 0.01321204657729197 0.007468150371393419 -0.902505154456952 -0.013316365963655617 0.9998119746907412 0.014095733027191876 -1.6716603310917924 -0.007280513293434328 -0.014193558495605467 0.9998727604162782 122.0762818510568
0.99987748262561 0.013124518615889477 0.008530341361879322 -0.9012888750578442 -0.01323928043780542 0.9998206924622057 0.01353899571863374 -1.67168986306286 -0.008351119701550652 -0.013650272810244208 0.9998719562275835 123.56116821655121
0.9998584110566567 0.013648125166034444 0.009843093583566017 -0.897911887272221 -0.013778713217758368 0.9998163002646439 0.013323393573928154 -1.678404966490002 -0.009659446873023607 -0.013457132560200638 0.9998627909206524 124.87302857644744
0.9998229385145887 0.015174330943706689 0.011127949829140251 -0.8857647072864095 -0.01531239627248411 0.9998055118773137 0.012428554832775635 -1.6899106076894905 -0.010937191485919115 -0.012596750042877898 0.9998608401816357 126.1848430681377
0.9997980926329351 0.01623680978591148 0.01183807156051941 -0.8890300445450705 -0.01638641829221313 0.9997856793929033 0.01265229683907967 -1.7056067819566918 -0.011630102454157173 -0.012843726095617732 0.9998498784393858 127.48057681851074
0.9997888032992216 0.015894136491729535 0.013027861913388424 -0.8816140644780917 -0.01605962789255387 0.999790400444185 0.012698171886031697 -1.7236990938631984 -0.012823305876386838 -0.012904712944671722 0.9998345019098092 128.83728645293667
0.9997898850723708 0.015016078714455035 0.01395360357944049 -0.868292911095166 -0.015212336594818313 0.9997853304331898 0.01406690795959487 -1.7212628295906094 -0.013739379518701793 -0.014276219488304187 0.9998036902352919 130.26341577620653
0.9997920672470959 0.014523775321414235 0.014313706279687744 -0.854343750526758 -0.014728830526386608 0.9997888917876755 0.014325970857750347 -1.728477897875132 -0.014102618537694334 -0.014533816459289787 0.9997949211365891 131.53707501036016
0.9998272865489598 0.011984803691207253 0.014204278527641572 -0.8415675634068525 -0.012205269375281755 0.9998047925140882 0.01553731919295878 -1.7475618881032053 -0.014015295198210048 -0.01570800304202013 0.999778390515973 132.77958910236288
0.9998559870782656 0.008688854565144616 0.014577684843778362 -0.805609193523662 -0.008926755469416105 0.9998267323706371 0.016334573329112128 -1.7269487757977735 -0.014433231477847315 -0.016462352686761748 0.9997603076616968 133.99519724927993
0.9998669119498405 0.009448174320237226 0.013300014065473171 -0.8246875471444148 -0.009658698905582833 0.999827655216556 0.01585463383513875 -1.7793783330149078 -0.013147925631986414 -0.015980984915644817 0.999785847156296 135.34748553393135
0.9998990701408655 0.007519610721319359 0.012054251378478037 -0.8226253262918805 -0.007713791649344491 0.9998399191276022 0.016144148977254122 -1.7767088066968215 -0.011930925003311693 -0.01623550385023537 0.9997970101196201 136.7062831647798
0.9999162875495045 0.006947483071188107 0.010915601879497144 -0.8206705719559269 -0.0071338838116400405 0.9998277967046422 0.017131393554617187 -1.7752909406822295 -0.010794703008987952 -0.017207830414917094 0.9997936611924175 138.0448271649905
0.9999488441528318 0.0025955466832769973 0.00977610439072455 -0.8057282177879622 -0.0027678553244717017 0.9998403358102708 0.01765338098230101 -1.7796841030876904 -0.009728724130553238 -0.017679537093756303 0.9997963722160205 139.34192546339347
0.999954619990154 0.003340045687748044 0.008921998426446812 -0.7840368414592104 -0.0034982414700441052 0.9998358995545011 0.017774596097271445 -1.7834497139069934 -0.008861167094187966 -0.01780500113709048 0.99980221126666 140.62803888784887
0.9999611064903069 0.0038729575178416764 0.007923743199633498 -0.782854998477508 -0.004011086296932413 0.9998389706908433 0.017491251346408426 -1.7975166897328605 -0.00785472502125234 -0.017522354209953805 0.9998156182012582 141.97091450807463
0.999974416550964 0.003401859102609141 0.006292344412434864 -0.8001563056822651 -0.0035048735825635915 0.9998588189628118 0.016433441585068202 -1.7940042120961464 -0.006235552313780556 -0.01645507535450909 0.999845162204404 143.28377256628266
0.999982347111812 0.00031318807863833266 0.005933581007524572 -0.7591788955227688 -0.0003997508505370097 0.9998934357941202 0.01459305484024579 -1.80787361204675 -0.005928378818596824 -0.014595169467814431 0.999875909977189 144.60246434245985
0.9999799628236845 -0.004397764040017902 0.00455342000234784 -0.7880234124243644 0.004334743472741362 0.9998959457440669 0.013758912466783927 -1.8054006565088587 -0.004613455028559926 -0.013738899133062287 0.999894973826511 145.9339891872911
0.999928625533276 -0.011488028903042886 0.0032816223609492745 -0.7832838690859838 0.011430695941273852 0.9997903861071865 0.01698596538688171 -1.8128441159239017 -0.003476070027874879 -0.016947242117662003 0.9998503427640159 147.40620323610167
0.9997636305099737 -0.021668995234894257 0.0017713730015676214 -0.7723045283740491 0.021631721935730507 0.9995876300768589 0.01888487197733147 -1.8037968688822736 -0.0021798589088859984 -0.01884209067458081 0.9998200957375721 148.77368520006414
0.9997499175200985 -0.022344774651736884 0.0009019255168998864 -0.7503323251467537 0.02232688708491936 0.999614839426596 0.016482806199163508 -1.8346852988308004 -0.0012698828132261574 -0.016458547255206346 0.9998637425297553 150.1304540586301
0.9997560209921136 -0.022065295161726207 0.0010105668013457277 -0.769665266073509 0.02205134951981813 0.9996824913846819 0.012192390854015363 -1.829581716471963 -0.0012792747371899917 -0.012167132026732887 0.9999251593779939 151.52915489814345
0.9998123776063654 -0.01928127937326549 0.0018552252356195448 -0.7883950809597615 0.019260724799349323 0.9997591036964476 0.010524212354599927 -1.8372432098395908 -0.002057698761268446 -0.010486504984243746 0.9999428979145655 152.88064858908317
0.9998802851200626 -0.015211578036313273 0.0028325492568038284 -0.7911298579772241 0.01518255533501941 0.9998347253768387 0.01000059654530622 -1.8636458873011752 -0.002984206206063011 -0.009956394171430571 0.999945980904897 154.24614503306668
0.9997061796376153 -0.02401108277895441 0.0033199855445764383 -0.7854802546980387 0.023964576826139256 0.9996229661597134 0.013402409371758893 -1.8514959974738343 -0.003640540453585611 -0.013318909663519762 0.9999046720119591 155.48346892093716
0.9995792872599344 -0.02874264639417897 0.003886998468596169 -0.7714562301207583 0.028673468842639632 0.9994473936035468 0.016814862566699715 -1.857088932400808 -0.004368154490713472 -0.01669633491386012 0.9998510647238142 156.79449973045652
0.9994523708070235 -0.03288944065914033 0.0036391165439093463 -0.7637106745004753 0.032815265391369274 0.9992837026288387 0.018847812220590492 -1.8676315939263557 -0.004256404197853152 -0.018718072373534036 0.9998157414215094 157.9896727762783
0.9993711193718883 -0.03526696062103818 0.0036887986137589404 -0.7577130873396924 0.03519233217811779 0.9992065971368785 0.018646072204690386 -1.8794624991803826 -0.004343462553836369 -0.01850452895916017 0.9998193420539059 159.4799661438419
0.9995684916390257 -0.028963104589844357 0.004895824062187549 -0.7563713562341181 0.02886799188051044 0.9994121274610043 0.018494283637928606 -1.9059751118160853 -0.005428598254677014 -0.018344970925640657 0.9998169794346637 160.85630847543828
0.9996025049487652 -0.027463257482647344 0.0063719377544802025 -0.7490239553727681 0.027339957859078584 0.999451420757236 0.018691822970010694 -1.8963566774245912 -0.00688178115323878 -0.01851018489141968 0.9998049880581498 162.1776856353047
0.9996411529277923 -0.025861476018521783 0.006982079680564051 -0.7680609430748566 0.025741250435747005 0.999527587037304 0.016792580840566534 -1.884995510229223 -0.0074130627933764875 -0.016606827711980066 0.9998346162111709 163.59852894216448
0.9997458021422778 -0.02120847897370323 0.007650590216748062 -0.7776595646937541 0.02108413887698744 0.999649945335637 0.015982673934595532 -1.8937166295363401 -0.007986880956628662 -0.015817305355529124 0.9998429989672876 164.88058442800272
0.9998135036465648 -0.01754630807390989 0.008067528396440683 -0.7728779222034232 0.017405516928208728 0.9997005123176196 0.01720272176036848 -1.9065682769250776 -0.008366957218788846 -0.017059094329411925 0.9998194743694849 166.19985034462778
0.9997901075319634 -0.01882565981141799 0.008083033368156307 -0.7532748857236731 0.01867893340536949 0.9996660084275629 0.01785970395533744 -1.8942600625280686 -0.008416555109711234 -0.01770497322370437 0.9998078292975413 167.6061111533321
0.9998382899132919 -0.01640899836521712 0.007357908118087485 -0.7679051794591789 0.01629779788296353 0.9997557578510639 0.014926701325789233 -1.9041094502846663 -0.007601043853633545 -0.014804370101320899 0.9998615177901486 168.8467812353164
0.9999167680249249 -0.011056332800956954 0.006649401785794576 -0.7772239727085001 0.010969662582495087 0.9998561968809062 0.012932596289895772 -1.9101294835545224 -0.0067914332323824045 -0.012858578429846942 0.9998942611065267 170.14304196224694
0.9999761176945069 -0.0018065546692911279 0.0066708627652472185 -0.7759826310551408 0.0017290066590976289 0.9999310786506957 0.011612427722611608 -1.9599442365072226 -0.006691382041877542 -0.011600616646736249 0.9999103215275942 171.51044853809606
0.9999700122090498 0.0035788140337363328 0.006867806972894186 -0.7930410973227635 -0.003660385112715041 0.9999224726244648 0.011901694155101911 -1.9591121213763816 -0.006824681147108055 -0.011926476300237744 0.9999055869871261 172.90662591120977
0.9999613471802209 0.004337684793670517 0.007647786257008892 -0.7986349365314006 -0.004442119623329906 0.9998963952002694 0.013691838504336893 -1.9722146643960852 -0.007587603660376709 -0.01372528192524333 0.9998770148900371 174.508856982703
0.9999671845383704 0.002802620478642633 0.007600997733203501 -0.802239109665751 -0.002924245284102717 0.9998671146693631 0.016037511973067582 -1.9630395779447636 -0.007555041238310719 -0.016059213189001668 0.9998424991087091 176.03076685716798
0.9999692686530427 -0.003942355474188098 0.006776399834822919 -0.7921344784117892 0.003821085719664337 0.9998339689778288 0.017816671073304077 -1.9294310141976667 -0.006845514956850955 -0.017790230680412848 0.999818306803409 177.44607347088896
0.99998337548568 -0.0023735388150918097 0.005255004754617404 -0.7920964526410147 0.002279607009440191 0.9998388054713412 0.017809167682866566 -1.959046232829379 -0.005296428860436431 -0.01779689261307213 0.9998275943668489 178.80623321663276
0.9999831504370619 -0.004905732016487854 0.003103650385531946 -0.7880825082710998 0.004859442384816047 0.9998793979563572 0.014750435572985023 -1.9730747396438701 -0.0031756380191222747 -0.014735105308445058 0.9998863895447845 180.0222351960551
0.9999986478428317 -0.0007186304699597201 0.0014791504224882861 -0.8041984370939271 0.0007036332177214246 0.9999485964973412 0.010114803943093885 -2.001555677711385 -0.0014863433126560874 -0.01011374968449633 0.9999477500610443 181.30360008952167
0.9999985130764314 0.0013205501750522637 0.0011090498155490948 -0.8309149623869316 -0.0013304280182789441 0.9999590314886627 0.008953507972627745 -1.9755151931514634 -0.001097180908461919 -0.008954970347011244 0.9999593015224841 182.69880948349598
0.9999887708533416 0.004666906853996813 0.0008234924622186556 -0.847824235743256 -0.004675147495323837 0.9999359654059831 0.010305730879797413 -1.9808787962708843 -0.0007753439016163184 -0.010309465310094532 0.9999465554564364 184.08736560531676
0.9999637812216005 0.008413639323027498 0.0012833167518946698 -0.8346284072994083 -0.008430676959542954 0.9998677822252964 0.013904738988113981 -1.9972953527553747 -0.0011661577037252967 -0.013915054884181226 0.9999025009108534 185.55981573240476
0.9999677130581501 0.007920104335728227 0.001358224404169425 -0.8636481536365898 -0.007941922725980394 0.9998258027883087 0.016890528441377096 -2.001289111430183 -0.0012242131480485064 -0.016900770349307256 0.9998564223276757 186.7857950387329
0.9999511228505559 0.00971365362545842 0.001843047413154089 -0.8562148903116202 -0.009744336263105348 0.9998004108058591 0.017440942538286007 -2.0182243360280983 -0.0016732644140239443 -0.01745804969864357 0.9998461965187009 188.12872050141314
0.9999561982374173 0.009235560616558086 0.0015185546549423687 -0.859594239161653 -0.009261142805690716 0.9997986093350344 0.017803707967348426 -2.0414863544432493 -0.0013538217087030887 -0.017816992042214708 0.9998403482396852 189.40157935890082
0.9999851315382678 0.00522681501008896 0.001554702267903472 -0.8664238434820426 -0.00525449111256272 0.9998175517647384 0.01836446316602754 -2.0236981739179556 -0.001458431072262068 -0.01837235964888704 0.999830150268923 190.96583148704212
0.999996289862916 0.0019305564583073842 0.001921772986188146 -0.8805357709643504 -0.001965815704150598 0.9998266022906356 0.01851758393295976 -2.0234274646526593 -0.0018856906584472863 -0.01852129344669214 0.9998266879146712 192.49628056221022
0.9999930829719381 -0.0030236934470149607 0.0021659393958352625 -0.8810151612139452 0.0029797378349261765 0.9997951853605355 0.020017704102718355 -2.001063399846396 -0.0022260233522398906 -0.020011112098416512 0.9997972795622887 194.03335036200522
0.9999574954530682 -0.008901119363610092 0.002403616826503315 -0.8779100948857672 0.008846933266481926 0.9997257187518913 0.021684534040818233 -2.003779849343354 -0.002595974386626806 -0.021662348129892893 0.9997619734712668 195.51150841647438
0.9998585063331283 -0.016586080810048368 0.0028052182532487327 -0.8631323216592192 0.016521059911839685 0.9996258375632776 0.02179998702647078 -1.9759368753031878 -0.003165745241222696 -0.02175055770097043 0.9997584164711566 197.00341146974586
0.9999012163036834 -0.013759023161730556 0.0028717468340152975 -0.879425708594902 0.013705348955441066 0.9997451099443287 0.017940973604924505 -1.995479025271151 -0.0031178653737227342 -0.01789984337649832 0.9998349236385465 198.32094975408194
0.9999942360422066 8.399787706476168e-05 0.003394234936870192 -0.8927018508973275 -0.00012846686436201842 0.9999141406703241 0.013103235434244943 -2.04308741063177 -0.003392843142308392 -0.013103596210038046 0.9999083879949382 199.69859608987764
0.9999097255220468 0.01256049608429179 0.004772286585279966 -0.9168428404259161 -0.012617964439653694 0.9998458523149851 0.01220895605474783 -2.0378811745636844 -0.004618200784772436 -0.012268070687704516 0.9999140796400338 201.0105009726092
0.9997981553963566 0.0190641593915424 0.006340839412767047 -0.923194857535379 -0.019169232148187894 0.9996726573991088 0.01694457535633813 -2.0526228664116046 -0.006015730196244782 -0.017062704553969996 0.9998363241577263 202.23158820982243
0.99981326180911 0.01791991673616298 0.007233121833898415 -0.9314212746669619 -0.018052772895358945 0.999661389753711 0.018740418004561117 -2.0352694864321426 -0.006894846463037409 -0.018867496738587633 0.9997982189731512 203.60816029098928
0.9998318166900669 0.017058733062873574 0.006733343922352152 -0.9196402073585661 -0.01718694502719066 0.9996627805016595 0.019466233246740215 -2.0459849367824883 -0.006399004556826279 -0.019578685356793486 0.9997878414063862 205.11923819695423
0.9998836712703348 0.014269617213620616 0.005387199727455179 -0.9143254599225815 -0.014372874720862489 0.9997037760141279 0.019641301419086654 -2.052912146455634 -0.005105330473289132 -0.0197164465136027 0.9997925771589737 206.63538457629053
0.999951376577555 0.008949640296706722 0.0041410631900317555 -0.9138946025414685 -0.009028301670578711 0.9997713598186598 0.01938344306292442 -2.0407896972931927 -0.0039666418536012495 -0.01941988772768528 0.9998035475623384 208.2533388987322
0.9998801689503922 0.014963647892792229 0.003966982146618285 -0.9189241543006454 -0.015035128445504042 0.9997130809101887 0.01864673695304329 -2.055326616960199 -0.0036868210350049545 -0.018704146958212733 0.999818264607141 209.74781694717865
0.9999290806689356 0.011400812419522253 0.0034431215547499907 -0.9322466748595577 -0.011463124912591053 0.9997602619907525 0.018655168958773737 -2.036840393107158 -0.0032296122842635448 -0.018693315253684242 0.9998200485960315 211.31092939143355
0.9999084864634143 0.012994596869081401 0.003762861028992184 -0.924053658144333 -0.01306518741543199 0.9997267122760942 0.019385604487277105 -2.041921058436678 -0.0035099248516554417 -0.01943299331672839 0.9998050005895711 212.87456610642732
0.9999537023726502 0.009003926333931073 0.003394466985462876 -0.9295709590880026 -0.009069814754329667 0.9997603929769208 0.01992222638795626 -2.0167818365844363 -0.003214275644658042 -0.019952091620419173 0.9997957703843519 214.2503713802603
0.9999579161065103 0.008640921555673647 0.003082284154054076 -0.9319202633298167 -0.008698046224863653 0.9997811174080755 0.019027907799489544 -2.0132985139381203 -0.0029171910687638223 -0.019053917260883877 0.9998142018591132 215.7745490458415
0.9999391382958552 0.010699782519339843 0.0026896722575406344 -0.9437754524585287 -0.010747053163207548 0.9997762103786163 0.018221691056144764 -2.0419494748191442 -0.0024941024020994113 -0.018249488469574467 0.9998303534247542 217.2027462373353
0.9999256289942737 0.011997932778402824 0.0021877073705959867 -0.9429829634014237 -0.012036326232447821 0.9997569022253125 0.018473313808927614 -2.0386205685994927 -0.001965534118467585 -0.01849827226179906 0.9998269603313658 218.5772420130755
0.9998928260990527 0.014511746481553081 0.0019353281597438963 -0.9533197626523374 -0.014545313252888829 0.9997205744315484 0.01863348996378466 -2.0581146482032153 -0.001664383023655851 -0.01865964327184501 0.9998245083759131 219.98723648043097
0.9999221509197243 0.01229531975665811 0.0021253670782685175 -0.9473014891721694 -0.012333154392350509 0.9997469449580813 0.018813276423009444 -2.044376295191787 -0.0018935141397204431 -0.018838024686227473 0.9998207556542366 221.42889591215658
0.9999273535830637 0.011981481979951752 0.0013159099515266314 -0.970399110977777 -0.012004380086790913 0.9997465530361982 0.01904532934265621 -2.0262957767797647 -0.001087385245101099 -0.019059742834891553 0.9998177552956999 222.87202153312458
