1.0 -6.776263578034403e-21 8.673617379884035e-19 -8.673617379884035e-19 0.0 1.0 -1.828002979293187e-19 0.0 0.0 1.0683203047244863e-19 1.0000000000000002 5.551115123125783e-17
0.9999999201372463 -0.00022086694661737854 -0.000333081296602299 0.004339031441106808 0.00022111942030331243 0.9999996882086917 0.0007580826318512571 -0.01930477580804247 0.0003329137851566348 -0.0007581562110289781 0.9999996571835209 1.3163055952402603
0.9999994446961933 -0.0010187818547399534 -0.0002696119909000594 0.006743832736974405 0.0010191259655714783 0.9999986628977247 0.0012789003361325581 -0.03070430027375136 0.0002683087320512591 -0.0012791743758111035 0.9999991458608911 2.614948383753834
0.9999982107062817 -0.0017194394396065713 -0.0007887405164840149 0.012902073429549861 0.001720326729890768 0.9999978869338871 0.001125435389875156 -0.05932150064908794 0.0007868037971062941 -0.0011267902508813143 0.999999055641078 3.9397157590817242
0.9999971154073158 -0.0023856061549087587 -0.0002793915701282783 0.016850829846093165 0.002385908642062816 0.9999965634360961 0.0010865345378893224 -0.07054388015685456 0.00027679858882910004 -0.0010871979902319362 0.999999370690997 5.256523378853065
0.9999963169069505 -0.0026518978413397503 -0.0005775893293312774 0.023222472086663462 0.0026528185282157515 0.9999952033906951 0.0015986717393466259 -0.08511251801217673 0.0005733470917956302 -0.0016001980672734873 0.9999985553181194 6.578927977585319
0.9999920516857788 -0.003956810776006654 -0.0004901142785795239 0.0315612192175728 0.003958121035416912 0.9999885186497447 0.0027010831412885563 -0.1125840058910267 0.00047942101526241444 -0.00270300156394939 0.9999962319610015 7.917388794320887
0.9999916711699999 -0.004076515431732962 -0.00019902476396682894 0.024528701830979868 0.004077137463432451 0.9999864724526525 0.0032298399188686127 -0.12524278117476195 0.0001858555934871678 -0.0032306244218198747 0.9999947642468714 9.231944142793076
0.9999935304352817 -0.0035109295538171686 -0.0007825980377219885 0.03669265089526901 0.0035128529908639767 0.9999907803321064 0.002469639187709245 -0.14461609252896168 0.0007739201567765336 -0.0024723723255861904 0.9999966442049534 10.563996539207732
0.9999996422638127 -0.000547477359318119 -0.0006447793994148387 0.027937538645213006 0.0005475274337880262 0.999999847111168 7.740435662483888e-05 -0.1617894621262715 0.000644736977502767 -7.775736211233446e-05 0.9999997891341037 11.886100621474952
0.9999977443536371 0.001994856298956417 -0.0007292703634780061 0.041362027077037025 -0.0019953154256096804 0.9999978114625339 -0.000629115604418031 -0.18082826239312252 0.0007280138339006252 0.0006305693002421745 0.9999995361893863 13.225129893508946
0.9999859514036378 0.005261847113229644 -0.0006402790865583105 0.030227395007754357 -0.005262247719250296 0.9999859590931292 -0.0006247942221818911 -0.19528317114396337 0.000636982580016641 0.0006281547417490553 0.999999599837689 14.569230734755488
0.9999833851602844 0.005763524881059247 -0.0001057403090846433 0.022262947208889508 -0.005763481219265635 0.9999833053431211 0.00041391164177760566 -0.21823759987807365 0.00010812414495307756 -0.0004132953275433667 0.999999908747939 15.9134481458469
0.9999914417722231 0.004137090515097181 -2.9371480060593966e-05 0.03895906699722115 -0.00413698172758495 0.9999867644406244 0.003058811821690541 -0.23713718333455408 4.202567768937359e-05 -0.003058664090907679 0.9999953213918122 17.263785370263925
0.9999998661190238 -0.0004565244491180091 0.00024361328186287175 0.04226703770751063 0.0004552404740751077 0.9999861412008035 0.005245013499461243 -0.25654537870998156 -0.0002460044033396544 -0.005244901818578196 0.9999862151462416 18.620945112122037
0.9999966467680992 -0.002584070205380377 -0.00017039075429019137 0.05907161308380042 0.0025846503144290236 0.9999905503813123 0.0034955305988960176 -0.28444790811155213 0.00016135646027964478 -0.003495959226954101 0.9999938760965302 19.964333723824087
0.9999950472814416 -0.0031472763632708566 -7.943995383883663e-06 0.06064937949487531 0.0031472841239218127 0.9999942722412714 0.0012450257742138895 -0.28641429347635944 4.025508904231638e-06 -0.001245044591317935 0.9999992249231242 21.31910118603386
0.9999992447920464 -0.001202796789940517 0.0002523790210033688 0.06328315950784272 0.0012027045917128395 0.9999992099121751 0.00036561878453381075 -0.3300605128190404 -0.00025281860830546864 -0.00036531496548363504 0.9999999013136809 22.674274731649067
0.9999985567566719 0.0013513597862330681 0.0010297142480344698 0.06395325093756196 -0.0013531286507476397 0.999997607148569 0.0017189361372068172 -0.3227743964200309 -0.0010273889684684076 -0.0017203269675613072 0.9999979924707091 24.03472408221227
0.9999968590232488 0.0014859983839096591 0.00201835394966891 0.06379019236453312 -0.0014985262532108315 0.9999795350625833 0.006219636670823088 -0.33456766620666223 -0.0020090704418626966 -0.006222641601637301 0.9999786209524695 25.41921984869438
0.9999980333392771 -0.00016421426513059923 0.00197644926324656 0.08679296014024536 0.00015011759599479826 0.9999745673580726 0.007130365178841219 -0.34864445159127455 -0.001977570070273222 -0.007130054352724893 0.9999726253929486 26.792912938023193
0.9999892988602744 -0.004164423313638138 0.0020148801793860877 0.0891619832838653 0.004151420380803405 0.9999708040048588 0.006415360752444873 -0.37547158657280105 -0.002041537803298613 -0.00640692739252987 0.9999773914440079 28.16608712592493
0.9999891829064074 -0.004261424395087437 0.0018639557257797024 0.09432555864354257 0.004254134262077218 0.9999833539695193 0.003897964897315907 -0.3757279738847839 -0.0018805357400335405 -0.0038899931575803797 0.9999906657239999 29.530636035209707
0.9999864774399287 -0.004497430112696762 0.002611141151846779 0.09848680793475567 0.0044918070005911985 0.9999875885366271 0.0021555616813978763 -0.4116112859487036 -0.002620803452874 -0.002143803758655601 0.9999942677299024 30.918015048492496
0.9999938202227605 -0.0018832561885214188 0.002968646573961106 0.10419088854983377 0.0018800000836364868 0.9999976285637827 0.001099303255245575 -0.4077019186312071 -0.0029707100531295586 -0.0010937153897831475 0.999994989321053 32.29606157719602
0.9999938250014404 -0.00028036060471713005 0.003503049706108519 0.11140076802338247 0.00028349738773206375 0.9999995593278707 -0.000894970767281073 -0.44106131404078286 -0.0035027975413243584 0.0008959583333564027 0.9999934638128126 33.67643882722383
0.9999930758279939 0.0002877440334436094 0.00371018863652825 0.10707882991266299 -0.00028565898039079274 0.9999998009931764 -0.0005625052575548487 -0.44933697578164117 -0.0037103500663432727 0.0005614415057807931 0.9999929590181778 35.07148530778403
0.9999946254479328 8.494154282349014e-05 0.0032774777732935707 0.12542433511077158 -8.870078331774963e-05 0.9999993384207684 0.0011468613852478268 -0.4800743268634815 -0.0032773784632519954 -0.0011471459196304976 0.9999939714045457 36.45904381447146
0.9999941275501719 0.001653129139110256 0.003002004224475883 0.1262029720657036 -0.0016615197409403 0.9999947147506993 0.0027946064483597884 -0.49330675127838297 -0.0029973687632145578 -0.002799577886229876 0.9999915890354422 37.86608203236265
0.999989757338914 0.003597270679096269 0.00274679087078797 0.13986236301252414 -0.003605867537658575 0.9999885967706271 0.003131142231117547 -0.5070930537467232 -0.0027354962101649406 -0.0031410146791277936 0.9999913255045989 39.25547226699191
0.9999769873060498 0.005984084808558571 0.0031961827538253447 0.1371335269906089 -0.005994631712621784 0.9999765858153805 0.003300335996798259 -0.5268465862913236 -0.0031763586911790647 -0.0033194199387522197 0.9999894460412134 40.6543642508694
0.9999595499265107 0.008440907830848728 0.0031063771778863172 0.14208152022338713 -0.008452651786721175 0.9999571054269519 0.0037868184343274737 -0.5454034016385161 -0.003074280000223896 -0.00381292232825023 0.9999880051392911 42.08209968099133
0.9999482012248642 0.009773375518653237 0.0028418284932350546 0.14826724054368356 -0.009784690525229648 0.9999441483970848 0.003994988140406358 -0.5609324295599528 -0.0028026254844767604 -0.004022587560867433 0.9999879819658667 43.468256884757565
0.9999583994251194 0.008782582516514974 0.0024628553292368703 0.15181779746191598 -0.008792196304669934 0.9999536648267553 0.003919884474865712 -0.5765984086325947 -0.0024283147037685053 -0.003941375257551107 0.9999892843652303 44.89622398603982
0.9999644108003003 0.008285158883532727 0.0015916245625476203 0.16970837037294434 -0.008290701875484101 0.999959479564004 0.0035076348062214498 -0.5982732790611001 -0.0015624988854360585 -0.00352070560765722 0.999992581585562 46.29497199673683
0.999968511861537 0.007900920471148492 0.0007421153809805672 0.1693487728995013 -0.007903922747125468 0.9999602238984991 0.004132630567338292 -0.6137825216886705 -0.0007094343336551401 -0.004138366002722193 0.9999911852743061 47.72827756675113
0.9999658521675349 0.00825973951273852 -0.0002668243199494512 0.17439299547428253 -0.008258260929175441 0.9999527038164072 0.0051372431741187365 -0.6307532986215627 0.000309244019468944 -0.005134864170766677 0.9999867686795444 49.125475974777025
0.9999591939028657 0.008957545388542378 -0.0011717086994067786 0.1729881010598106 -0.0089512853732822 0.9999461874139907 0.0052437370644316155 -0.6481091449995897 0.0012186167647596606 -0.005233034714980565 0.9999855650544707 50.54780673976459
0.9999541172187876 0.009282500367655629 -0.002366143327194652 0.177812393500151 -0.0092693660546649 0.9999418955736445 0.005503121144947634 -0.6625300837558972 0.0024170887735980584 -0.005480935920215273 0.9999820583492335 51.99835005984731
0.9999473251024174 0.0097010703324293 -0.003352050627191878 0.17101054378682043 -0.009678115057449473 0.9999300576686874 0.006798078724696425 -0.6813345507877729 0.0034177651064945663 -0.0067652790088365685 0.9999712745266292 53.40078003684372
0.9999612200941168 0.007698063822072575 -0.004277629277120173 0.17658495079863773 -0.007664613361219221 0.999940344040806 0.007782163823568421 -0.689661554918391 0.004337282050818705 -0.0077490755467361835 0.9999605691273169 54.8605289963261
0.999971651931698 0.005803172910277702 -0.00479776094042742 0.1804701244043353 -0.005762927855937387 0.9999484472699375 0.008360112153013228 -0.6976131628561348 0.004846029187038057 -0.00833222589026562 0.9999535439257728 56.2608711764824
0.9999796923735337 0.0037883776984697077 -0.005124746757753381 0.1715401379693522 -0.003747595489847245 0.9999614210646296 0.007944301002654109 -0.711519564043234 0.005154645496263767 -0.007924934080885168 0.999955311525104 57.680188884286615
0.99998282940022 0.002872683526556542 -0.005107699002092285 0.1661603742274294 -0.0028308885775870864 0.9999626074627077 0.00817127614502823 -0.7285756076415588 0.0051309819333649805 -0.008156676394984462 0.9999535697481076 59.13707596501827
0.9999854758513822 0.0022871959756287866 -0.004880247579909311 0.1763009242649819 -0.002243175491396808 0.9999569231414199 0.009006666051693847 -0.7445441822921501 0.004900637775744396 -0.008995587855942368 0.9999475301958708 60.53900859574163
0.9999908147969399 0.0005754073886555516 -0.004247260869750323 0.169336155952508 -0.0005334192633753328 0.9999510447531912 0.009880464027598986 -0.7550528385269096 0.004252738592399352 -0.009878107559820064 0.999942166927761 61.9939588984134
0.9999904917166463 -0.0019125968988465464 -0.003918985358831097 0.1731604061193635 0.0019498289129389684 0.9999527953415176 0.009518679761254211 -0.764415353807264 0.0039005952930422586 -0.009526230467578023 0.9999470167384351 63.39021243890049
0.9999914518320777 -0.0022664285108837993 -0.0034582599291999435 0.17488060950143258 0.002296414531024857 0.9999595906297435 0.00869158188906114 -0.7809771304693556 0.0034384216212357405 -0.008699449063883594 0.9999562474617296 64.81310292895695
0.999993355389642 -0.0022627584928555863 -0.0028581634449701167 0.17476647441060583 0.0022875555917452987 0.9999595156321498 0.008702539512959656 -0.7956701319653181 0.0028383562257255114 -0.008709019769177779 0.9999580474715141 66.27342811529188
0.9999970803529216 -0.0009325387063927586 -0.0022292724887627777 0.17196757336572882 0.0009517782722080794 0.9999621787150018 0.008644956045388754 -0.8060152999044327 0.002221126604358476 -0.008647052452872908 0.9999601467431041 67.63347668505125
0.999997041684237 0.001942309843613723 -0.0014642588990739173 0.166386263741659 -0.0019276818125405796 0.9999488753495404 0.009926265103628562 -0.8187141796652485 0.0014834640466940266 -0.009923412970011902 0.9999496613338505 69.10032553486322
0.999984191624671 0.005575191165085826 -0.0007305756886854097 0.1642422032630993 -0.005566431967022696 0.9999185083196432 0.011488758337241443 -0.829706678974562 0.0007945682453554762 -0.011484509853518675 0.9999337351469657 70.46331281458126
0.9999563310839555 0.009341596448938628 0.00026550408349390424 0.15584190812121768 -0.009344174464817227 0.9998792174639725 0.012419215227398715 -0.8420798855661225 -0.0001494567275454415 -0.012421153632112917 0.9999228433204017 71.90842200138954
0.9999112408990878 0.013308015946720785 0.0006379796384849102 0.15937426175413882 -0.013314733109329218 0.9998389366413687 0.01203406357618229 -0.8435112581660573 -0.0004777274086031919 -0.0120414898002907 0.9999273845080107 73.27661566106136
0.99985821075474 0.016777083403323644 0.0014449330598586187 0.1533350434796581 -0.016792740522879206 0.9997916270910903 0.011606304415080943 -0.8539399325140584 -0.0012499121364293207 -0.011628922986670488 0.9999316005903547 74.67400374296206
0.9998170087267902 0.018991072641545034 0.0022996055255083995 0.15104456868806676 -0.019016947540316284 0.9997494439389357 0.011806993518979129 -0.8675859161440901 -0.002074802040741128 -0.01184856425186459 0.9999276507381452 76.11829056991702
0.999816307188473 0.019001725106278483 0.0025072470931549705 0.1596833069483945 -0.019030980767982687 0.999744322709353 0.012211102645719564 -0.8736728022122071 -0.002274574214951512 -0.012256574751266333 0.9999222983192808 77.48063296641709
0.9998341953982075 0.01803214087226175 0.0025344775603092463 0.1693268675662316 -0.01806201354582281 0.9997611658357093 0.012303454655644861 -0.8884588585379419 -0.0023120148000579013 -0.012347192278889987 0.9999210975966559 78.91025463854116
0.9998519241077177 0.01705582311665324 0.0022866411600607145 0.17365538861862367 -0.017080763735933605 0.999789455200578 0.011370700001951844 -0.8926549190029601 -0.0020922232408005764 -0.011408073690843781 0.9999327369608831 80.26586634927314
0.9998533926080739 0.016996860117811423 0.002073646145526871 0.18477620803105205 -0.017019934518651338 0.9997870586191391 0.011668731095705105 -0.9096853864152776 -0.0018748729411768687 -0.011702313528847985 0.9999297678830938 81.65640677977935
0.9998678178344891 0.01616689729766987 0.0017257651680108697 0.18742748798902098 -0.016186427370040484 0.9997972768981412 0.011975170661631842 -0.9122248908486296 -0.0015318140838145632 -0.012001521559465801 0.9999268058287064 83.06306411413644
0.9998686830590122 0.016148458575449286 0.0013579021435916874 0.18773000294207182 -0.016162881352470786 0.9998045990508653 0.01138090588427254 -0.9201185609186143 -0.0011738528135095284 -0.011401358827724455 0.9999343133806708 84.42733431715499
0.999863299893115 0.016525877162920064 0.0005261978644242596 0.1952533857516145 -0.016530959113842576 0.9997929949027071 0.011861482687993497 -0.9267527891003904 -0.00033006755462286486 -0.011868559608692783 0.9999295116844855 85.82895059533311
0.9998729643102608 0.015928851102659805 -0.0005717681060202718 0.19668686710792266 -0.01592013085134995 0.9997896467950909 0.012931033660403247 -0.940054693857696 0.0007776244133817266 -0.012920288150482854 0.9999162272125955 87.17208698697335
0.9998953043694933 0.014369103322436533 -0.0017056225638237875 0.20432275946818101 -0.014343794521510966 0.9997987652804523 0.014024426385219876 -0.9479003393997394 0.0019067979299438329 -0.013998492789485784 0.9999001981745321 88.54784383130071
0.9999216909856992 0.012202937756747313 -0.002774921624230208 0.2074818493450703 -0.012160602801317647 0.9998166200173978 0.014793448033348238 -0.9572589906395871 0.0029549365365329483 -0.01475854464193676 0.9998867204330107 89.93654083764328
0.999937696432607 0.010541409861636255 -0.003671773096729578 0.20965021017017071 -0.010485472722154974 0.9998334933627567 0.014934538375269103 -0.9642948940929519 0.00382859313663442 -0.01489510740991039 0.999881731825662 91.30622722105042
0.9999487767048963 0.00924495882391445 -0.004120035348647049 0.2078460681001682 -0.009184153420584373 0.9998520946267293 0.014540984086243809 -0.9688470238343541 0.004253857131953625 -0.014502400004133095 0.999885786019266 92.68671083236318
0.9999586861357037 0.007918467831005263 -0.00446361729696668 0.2050751445259124 -0.007853220955134774 0.9998647471535458 0.014450409668569067 -0.977849283305942 0.004577439070284893 -0.014414758686177804 0.9998856243459979 94.04158651766065
0.9999608958224733 0.007586112292440725 -0.004545076129668448 0.1997982704389914 -0.007522044095661302 0.9998743809382464 0.013951387540512165 -0.9766656745303746 0.004650342366132582 -0.01391665351982712 0.9998923447359427 95.41243615762198
0.9999606495854026 0.007690492490211878 -0.004422171050794176 0.19903588663368715 -0.007630385009519225 0.9998803983041156 0.013452372643552393 -0.9834562504792103 0.004525097904124163 -0.013418100226571783 0.9998997340066307 96.76733063334284
0.999950216948619 0.009056284621027477 -0.004188952385243989 0.19399403600540716 -0.00900110389555508 0.9998748580328514 0.013009551188511765 -0.9948245376115047 0.00430624673371857 -0.01297119815161203 0.9999065977625544 98.09673076689504
0.9999390760310497 0.010305488145748347 -0.0039548864627053796 0.18708120213399237 -0.010252335397665938 0.9998598809995718 0.013232838270774755 -0.997614096058384 0.004090703512160862 -0.01319148506220742 0.999904620880242 99.44601810529821
0.9999398269312911 0.010298284037923572 -0.003779927165350692 0.18854224429456756 -0.010241440254330698 0.9998385871165295 0.014761864323630466 -1.0030644092493861 0.003931339241047023 -0.014722263947488892 0.9998838930121738 100.78899613293977
0.9999328766646522 0.010948083918343197 -0.003792309214842417 0.1768803915380781 -0.010884916715999006 0.9998079734848171 0.01629523768932701 -1.00713967686757 0.003969982956980824 -0.01625286469537876 0.9998600320104422 102.12822010145315
0.9999373665908052 0.01061456998506712 -0.003548772455651424 0.17833630076372264 -0.010559123956077205 0.9998272835442165 0.0152940513632256 -1.0152589620181953 0.003710499617323908 -0.01525562129749678 0.9998767415035341 103.48248498689216
0.9999394199992221 0.010453713969339206 -0.0034461837973049575 0.17726673004327864 -0.010407783719019986 0.9998601941766131 0.013087022640918369 -1.018083908277293 0.003582510295894966 -0.013050362506465346 0.9999084226313384 104.80160308656096
0.9999468732407913 0.009654103113917133 -0.0036123368263737497 0.1736780446449364 -0.009610363226320657 0.9998825764629545 0.01193625670391345 -1.0214161890312587 0.0037271468216038845 -0.01190090652978281 0.9999222353725232 106.13107453652978
0.9999611769294053 0.008116720559635627 -0.0034297919033307485 0.17227998364051855 -0.00807134320311828 0.9998823529560777 0.013043530353264955 -1.0306059515773507 0.0035352593883983038 -0.013015340748866662 0.999909047282252 107.48367241525419
0.9999841229320551 0.004901677989014253 -0.002779826001855716 0.17766848228439303 -0.004859474709700454 0.9998758208107914 0.014990946593444845 -1.0288828113909474 0.0028529618389265482 -0.01497719987105162 0.9998837652850421 108.8251670868186
0.9999920794287596 0.003456202427625052 -0.001973763473869403 0.17686755972264512 -0.003423898893540071 0.9998638477062922 0.01614196341189084 -1.0433268163990301 0.0020292848057344255 -0.016135077358734443 0.9998677618903529 110.16566499891
0.9999947868946695 0.002938198762228009 -0.001339092974679287 0.17827030899952678 -0.0029175804469474776 0.9998810102124839 0.015147711239011161 -1.0449586813077365 0.0013834407395945493 -0.015143725142163389 0.9998843701484087 111.4861416201933
0.99999015937667 0.004379291679339089 -0.0007091910898195291 0.17295699901591544 -0.004369855227327012 0.9999085003562528 0.01280215973939294 -1.0462191400548446 0.0007651906563506013 -0.012798934511252523 0.9999177974951003 112.80294023992916
0.9999716639879448 0.007511742321774978 0.000494917262398962 0.18421059972706444 -0.007516804882881594 0.9999093204356382 0.011173565483744862 -1.0600583444207585 -0.0004109394705161555 -0.011176968905526873 0.9999374512862718 114.14018711893016
0.9999493845695943 0.009867351534912396 0.001965620374486972 0.18004293279233252 -0.009888051911251083 0.9998926239546206 0.0108151287346682 -1.0581849719428995 -0.0018586927889474277 -0.010834017323563434 0.9999395828348158 115.45674849039527
0.9999348283059395 0.010895449358885454 0.0034100311941245337 0.17943389229059548 -0.010938401406079665 0.9998577195531086 0.012841029866012333 -1.0633456542909585 -0.0032696374926556794 -0.012877493099942483 0.9999117359197957 116.8134048874611
0.9999301952484364 0.011015015497111367 0.004274816049405173 0.18530381254406603 -0.01107894080303629 0.9998226397996496 0.01522977481774332 -1.06284906536388 -0.004106302001478429 -0.015276071921927776 0.9998748821207675 118.11576811719789
0.9999330646140366 0.010332837930975716 0.005205645124804751 0.1998801120881719 -0.010416208135673786 0.9998136858677162 0.016251036451193687 -1.0705845829847456 -0.00503675633179481 -0.016304171530755276 0.9998543919296478 119.47429944710387
0.9999215056328637 0.010893802354798811 0.00618931585364335 0.20974866447960738 -0.010989344876496387 0.9998176377286583 0.01561811808069954 -1.0698452301879655 -0.006018046964500437 -0.015684908447805433 0.9998588734134585 120.80481996965958
0.9998921503920305 0.01257012987630789 0.007594695645412878 0.22120862040925304 -0.01268624962555308 0.99980031636715 0.015439769843718256 -1.0727274752408331 -0.007399099811929862 -0.015534452652816522 0.9998519560864276 122.11434154673837
0.9998611728805549 0.01422211277882792 0.00868138533251064 0.22895256780832451 -0.014352285715717101 0.9997826620715489 0.015120864729006474 -1.0703485280764724 -0.008464448598467489 -0.01524336304757931 0.9998479849363946 123.47925423223539
0.9998378662642927 0.015039217894421586 0.009902680581355 0.2382483719615458 -0.015180894754446018 0.9997812029762219 0.014390505402301185 -1.0733295945135017 -0.00968409276355419 -0.014538503559926357 0.9998474134847871 124.81008647984176
0.9998040518255518 0.01650739977529699 0.010925368344276886 0.25555681429626687 -0.016658970283400947 0.9997641802239436 0.013930638542599532 -1.0753308967509256 -0.010692834196353352 -0.014109914044810086 0.9998432745260357 126.14567821052546
0.9998093496488781 0.01553457585116039 0.011829677810270944 0.2745585690717067 -0.015697783177681675 0.9997811211842632 0.013830739808276296 -1.0815499424893613 -0.01161223483465813 -0.014013802490234427 0.9998343709514224 127.48818641718921
0.9998002284509481 0.015332065168743332 0.012823062634723412 0.28795921346223485 -0.015519339353683863 0.9997724627740436 0.014634644577306942 -1.0826632952685633 -0.01259576663556489 -0.014830726240437422 0.999810680187328 128.81792591672382
0.9998048927088692 0.014245212227659489 0.013683947303937773 0.3112151449925741 -0.014460654558375797 0.9997709726732333 0.015776302010175207 -1.0851041337973621 -0.013456077657521815 -0.015971102545031535 0.9997819051435138 130.1758889607734
0.9998196628899956 0.012835253091570895 0.013996354867257223 0.3349190563902039 -0.013062639769488056 0.9997821817279106 0.016277486716449643 -1.0850040210594645 -0.013784381693481805 -0.01645738038739432 0.9997695461690068 131.49701162824414
0.9998333837034333 0.011724505597733827 0.013990738946580681 0.3595665704554214 -0.011958209688683344 0.9997883803940407 0.016739046571263867 -1.0905069234463234 -0.013791522337446935 -0.01690356152080671 0.9997620034357558 132.83833090606322
0.9998636556872922 0.009160946997582149 0.0137385249249642 0.3800906628395706 -0.00940118901767833 0.9998022220073655 0.017525254343391167 -1.0805963089272987 -0.013575260954489174 -0.01765202309041545 0.9997520284369817 134.18277651310214
0.9998814687784956 0.007893300433218698 0.01321908416162387 0.40856367539712946 -0.008124475356336367 0.9998133901858318 0.017526486491044182 -1.0877664507242069 -0.013078276619774709 -0.01763180692488376 0.9997590099905852 135.51753928933417
0.9998963435640555 0.007862545416655637 0.012061612383442222 0.4278465142616876 -0.008072534145452703 0.9998149592549159 0.01746085524314333 -1.0909362059396788 -0.011922094721928626 -0.01755641283820379 0.9997747926487998 136.85871244349974
0.9999249735282063 0.005368964864171912 0.011010064587911879 0.44885970601333336 -0.005573645617863805 0.999810637962177 0.01864464302635665 -1.0850138192909402 -0.01090787817788427 -0.018704610112973488 0.9997655503874209 138.19142727943188
0.9999420789656779 0.004112740836386872 0.009946058040738448 0.47191873388747096 -0.004300792431608297 0.9998109888031823 0.01896021817972227 -1.0852974658045487 -0.00986620048560094 -0.01900189564102783 0.9997707667438205 139.5301403674506
0.9999575963867419 0.0031641490298198213 0.008648328479697308 0.4849892650151848 -0.0033294281411291554 0.9998108108525222 0.01916396177127661 -1.0824967271179866 -0.008586055396667952 -0.019191942860935823 0.9997789500513234 140.88193203579542
0.9999696667606 0.0024531172378364713 0.007392413152945127 0.49674444550056973 -0.0025909671649067085 0.9998218585575849 0.01869593695666387 -1.0785129869337817 -0.007345233546831608 -0.018714523077523786 0.9997978866517628 142.20164576024177
0.9999777695300933 0.0018829595894308746 0.006396476179779518 0.5125892945883064 -0.0020012852652082835 0.9998260647931491 0.018542789330605686 -1.0678531874894606 -0.006360448816377559 -0.01855517802085164 0.9998076065134373 143.55474046484085
0.9999839880065635 0.0005154619694581197 0.005635426243873609 0.5402494020306164 -0.0006073700779385502 0.9998666444047718 0.016319452316039804 -1.0741239302745114 -0.0056262631422166675 -0.01632261356205944 0.9998509476089372 144.90241293566453
0.9999858070385902 -0.0028969277423604015 0.004471412558118344 0.5360918926480427 0.002826757867216538 0.9998739983134695 0.015620401790769114 -1.0875323492443176 -0.0045161007071357825 -0.015607540263780195 0.9998679960407669 146.21432732896977
0.9999242011066254 -0.0118214535890857 0.0034416947737149132 0.5604644224363933 0.011756331541864957 0.9997622455017803 0.018364127248178687 -1.0755177420567896 -0.0036579674838378437 -0.01832227329515375 0.9998254415431308 147.59069111231952
0.9998087844430048 -0.019470480057594376 0.0018151914797484197 0.5802864718239189 0.01943042854404734 0.9996121148823562 0.01995189926483311 -1.0715489193574657 -0.0022029606421754347 -0.019912813910721472 0.9997992932514654 148.90629192763387
0.9997437688768014 -0.022620393697722667 0.0008451810333479325 0.6128836828131317 0.022602641872146178 0.9995981945472987 0.017104680791127456 -1.0720397524088234 -0.0012317561597856245 -0.01708119446347754 0.9998533470242856 150.22011373883828
0.9997749856858525 -0.021187178141033935 0.0010399209071612304 0.6066032714938585 0.021170775030377675 0.999680094807034 0.013838583309285038 -1.0745352605124696 -0.0013327888800191605 -0.013813453294128477 0.9999037014477331 151.60733842120808
0.9998397591449985 -0.01778330296131672 0.0020518620872057476 0.607870898390249 0.01775787716492217 0.9997725856620138 0.01180825130137132 -1.0796099871804297 -0.002261385370402957 -0.01176992224821373 0.9999281749483815 152.92864177967238
0.9998416094603289 -0.01756642390789033 0.002859495228020398 0.6142120449389972 0.017530651754141414 0.9997732452886321 0.012088601868362598 -1.085688488520017 -0.0030712005923396605 -0.012036558155366965 0.999922841515075 154.29607827510725
0.999779801235127 -0.020719033435822678 0.0033272592172179983 0.6247913197258763 0.020667239942508006 0.9996751930741216 0.014912196395028374 -1.081658593849896 -0.0036351451078976194 -0.014840147264183926 0.9998832710547322 155.62691646446146
0.999599132049511 -0.028056567597775344 0.003795279091803773 0.6433629451487235 0.027982328349846337 0.9994395354547274 0.018374013314505288 -1.0797310033490137 -0.0043086640898402934 -0.01826044674567314 0.9998239802487233 156.97308559729228
0.9995069187420184 -0.03117720181460599 0.0037284552552090057 0.6689679141583518 0.03109839243531914 0.9993241492090794 0.01959935994559667 -1.0779171820821245 -0.0043369889505159385 -0.01947374661557809 0.9998009620419778 158.312452934189
0.9994705430270804 -0.03233359555927746 0.003629341112806851 0.6840262183321748 0.032255546423987744 0.9992830365088656 0.019824045823191968 -1.0820610360852327 -0.004267722056613464 -0.019696483171426332 0.999796896914211 159.65741054659352
0.9995017032075845 -0.03121241936771916 0.004704260467459168 0.6925754816311412 0.03111062190279218 0.9993087796971993 0.020349254059006054 -1.0679007075804219 -0.005336158696589704 -0.020192761323568797 0.9997818650988113 161.01559044243456
0.9995637404943383 -0.02895228978930112 0.005838965824165487 0.6983546118913574 0.028830518849874937 0.9993850099259819 0.01996004058072538 -1.0573174188616175 -0.0064132643446084565 -0.019782992116754366 0.9997837282355072 162.3628118806161
0.999661717643167 -0.02511662046154756 0.006753191248252632 0.7058254052544268 0.02499028476807806 0.9995223157817938 0.018183124063406428 -1.056614246015724 -0.007206664593731512 -0.018008208595166525 0.999811866499193 163.7053436319804
0.999702028073012 -0.023235141335942178 0.007482193454012413 0.7161904872828657 0.023100735093573823 0.9995786440959785 0.017575277380010523 -1.0463444807896503 -0.0078874055103657 -0.017397196015284336 0.9998175465505901 165.05393945909185
0.9997444160956308 -0.02121511769192989 0.007811608063105023 0.7299652910696118 0.021063741890094863 0.9995980329363618 0.018976074142246006 -1.0420057781680647 -0.008211048395394445 -0.018806682190576945 0.9997894215149083 166.40052171126877
0.9997636059831356 -0.020368643411240644 0.007605949936832409 0.7442484631992448 0.020220271974462203 0.9996130930702053 0.019099864479515533 -1.0360781880173349 -0.007992046147427585 -0.018941554731137095 0.9997886500087138 167.7368193462829
0.9998158396841103 -0.017801002172988106 0.007170146837257121 0.7565734168227938 0.017678000044371974 0.9997014379166909 0.016867821101648497 -1.0370732909403455 -0.007468270855138377 -0.01673796061636199 0.9998320186864292 169.12163235956783
0.9998872429590179 -0.013508293093288052 0.006559524867362361 0.7621538178321645 0.013414615203529335 0.9998102999474032 0.014121340189735019 -1.0401857622628135 -0.006749036297323042 -0.014031754201319002 0.9998787728376858 170.51272308343673
0.9999545256481928 -0.007096058534303516 0.006371230891749676 0.7743742283598832 0.007013945683489252 0.9998932291080538 0.012819320037780529 -1.0479407481859886 -0.0064615178187633 -0.012774049433714126 0.9998975309690635 171.85709093544025
0.999974374141151 -0.002587311408260658 0.006675093923021968 0.7763929074204285 0.0024945826379807754 0.9999007933885748 0.013862916420625685 -1.0494064068617333 -0.006710299954265292 -0.013845909397053317 0.9998816243215879 173.2354844611944
0.9999724430877923 0.0003914509376142509 0.007413489694900386 0.7818308468878804 -0.0005128712185506494 0.9998656503971511 0.0163834713851127 -1.0480972740890502 -0.007406080990356539 -0.01638682183547909 0.9998382979365232 174.6076424939681
0.9999714472869653 0.0010506841790994346 0.007483359651810133 0.7948865310037375 -0.0011888001075640755 0.9998285988607859 0.018475921429659432 -1.0447106569556281 -0.007462665261690837 -0.018484289843241956 0.9998013000790603 176.01921374482626
0.9999766370168737 -0.0016971073690218923 0.006621574254643167 0.8103018983274464 0.0015642229986717686 0.9997983111045168 0.02002224611144199 -1.0357113573707089 -0.006654219215939412 -0.0200114204231612 0.9997776074709238 177.3882662250658
0.9999768697886319 -0.004561580746969329 0.005044984300135695 0.8222744685788559 0.004459856466291096 0.9997901480170616 0.019994239930543983 -1.0256956777001704 -0.005135131371779822 -0.01997127726356849 0.999787366638731 178.77496449599812
0.9999802090401105 -0.005579183983281359 0.0029076161254936008 0.8358356317789734 0.005530909971671737 0.9998509592154712 0.016354461452365843 -1.0271376056577008 -0.0029984275746054037 -0.01633805578114421 0.9998620291567266 180.11306866020968
0.9999964818914512 -0.002292377944010354 0.0013346190223306326 0.832033530328723 0.0022759586353062957 0.9999232675243704 0.012176990065455294 -1.036847568704428 -0.001362430992084651 -0.012173909511035376 0.9999249670339166 181.5280183017623
0.9999986820966967 0.0014127682497719618 0.0007999317485903427 0.8214130018347825 -0.001421694494457078 0.9999354786556283 0.011270196120765559 -1.032814525728785 -0.0007839580258247368 -0.011271318363333081 0.999936169353829 182.91525039918375
0.999989058543365 0.00464599111668681 0.0005454889203288724 0.8166423760574794 -0.004652507361421802 0.9999095126019236 0.01262223422699811 -1.0282028177405642 -0.0004867968114765659 -0.01262463383064457 0.9999201876339913 184.256693526762
0.9999757037322733 0.0069320475963949605 0.0007339324105841488 0.8273251108963848 -0.00694280091460434 0.9998505550824943 0.015832404629245286 -1.0286336286875328 -0.0006240717954545871 -0.015837115279485732 0.9998743902605197 185.70341360862642
0.9999694654081699 0.007711471212884442 0.0012654870791933533 0.8272258799058021 -0.0077335740138826095 0.9997988719493104 0.01850425642605689 -1.0305995970565796 -0.0011225376047626278 -0.01851347787748888 0.999827980718517 187.0674339532216
0.9999771596207447 0.006599531875193517 0.0014582221938570887 0.830829249439522 -0.006626248485334706 0.9997947391067057 0.01914608338121145 -1.0220037464026546 -0.0013315677994774448 -0.019155308343859194 0.9998156335395347 188.52067871686123
0.9999811829042179 0.006000984957756553 0.0012735830710911668 0.8405697940534503 -0.006025040182260669 0.9997856402797523 0.01980839227666227 -1.0192649306375208 -0.0011544402966444387 -0.019815692643597373 0.9998029833784539 189.92760145900567
0.9999949334132698 0.002893138871882901 0.0013277404881683235 0.8527402705447267 -0.00291972162536023 0.9997860853245676 0.020475811059479713 -1.0144480721596922 -0.0012682172052816175 -0.020479583653581213 0.999789466966628 191.2855892901976
0.9999978586804209 0.0011935695251256166 0.0016905699153993703 0.8561524300446134 -0.0012285374799371614 0.9997821457961141 0.02083630639799257 -1.0110033820547646 -0.0016653321763669075 -0.02083833840773888 0.9997814712723658 192.74302066203472
0.9999963101865256 -0.0017867769666252713 0.002046226168868003 0.8703903020368124 0.0017419571923770175 0.9997630115767959 0.021699914531861347 -1.0022301722810705 -0.0020845143196532474 -0.02169626971026204 0.9997624351104254 194.12431409302718
0.9999740130554121 -0.00681597139289087 0.002348562050716316 0.8841328175898142 0.0067594192278863435 0.9997056591145197 0.023300330795482844 -0.9875330545567998 -0.0025066853734184687 -0.02328385003704777 0.9997257518094335 195.5777469813183
0.9999433107810926 -0.010325467079583909 0.002599989172121942 0.9035335154500401 0.010260439513174296 0.9996618893794372 0.023892055983426065 -0.98150995783683 -0.0028458069677290785 -0.02386402418215832 0.9997111631400298 196.97567740492428
0.9999555621314627 -0.008997637136234735 0.002813588594875416 0.9103498290077825 0.00894023657759863 0.9997642124284488 0.01978867719176916 -0.9713922033052435 -0.0029909767761424136 -0.019762643389484722 0.9998002260271696 198.39761526793976
0.9999932483594384 -0.0018077588216827423 0.003199256732738278 0.9054852866673941 0.0017592752297666933 0.9998845439037009 0.015093171554199118 -0.9676244154860332 -0.0032261724439025864 -0.015087441058546956 0.9998809733759293 199.83227431185153
0.9999580381903375 0.007982384508927087 0.004494818115905445 0.9033451782097192 -0.008046643195302678 0.999863010481824 0.01446415649845755 -0.9579676991402766 -0.004378744278014024 -0.014499717545424742 0.9998852858083965 201.27526359600625
0.9998760755898806 0.014611877619555293 0.005858879917264942 0.8943747139366759 -0.01471731001047479 0.9997228416801676 0.018375000631431805 -0.9517208455054097 -0.005588763282257361 -0.01845895020783733 0.9998139991340923 202.7082195677512
0.9998449424561897 0.016236827566309175 0.006815896733554781 0.9070349699302608 -0.016375054997486264 0.9996508098746996 0.020739236677674515 -0.9446013201630284 -0.006476777816500536 -0.020847631287620204 0.9997616854023779 204.1414613170773
0.9998656579272978 0.015105262477986178 0.0063637347370434074 0.9248993188578104 -0.015238469746651943 0.9996541874928125 0.021431157517582223 -0.9367544246224748 -0.006037811318690826 -0.02152525168187546 0.9997500729447903 205.59779675346317
0.9999176169215443 0.011796166419028212 0.005060613988153662 0.9418383878571172 -0.011903181888184386 0.9996944238693009 0.021665022079079794 -0.9300928171735319 -0.004803503777448256 -0.021723474344282498 0.9997524778621795 207.03346338337798
0.999944129655848 0.009831893373753748 0.003882194001257446 0.9593571262687594 -0.009912757406180996 0.9997220537982876 0.021390475016850364 -0.9275022203242549 -0.0036708063945065953 -0.021427762862545222 0.9997636601401585 208.4734623231921
0.9999399318291257 0.010412727005664039 0.0034216720447829774 0.9663156738856296 -0.01048168090628323 0.9997288574196399 0.02079293244476594 -0.9137668319048813 -0.0032042334192248735 -0.020827548026246704 0.9997779484014659 209.95595283732555
0.9999262320898061 0.01168583242619581 0.0033123535680456857 0.9726113712742441 -0.011752851168830285 0.9997105612274977 0.02099200548985628 -0.9090113781177849 -0.003066086038647938 -0.021029386249663502 0.9997741565016147 211.41617006969184
0.9999159671068225 0.012589110156874464 0.003094028948351919 0.9788913610082763 -0.012653785507527283 0.9996810242981193 0.02185706770768389 -0.8948154981117896 -0.002817881226707371 -0.02189438185903742 0.9997563180922485 212.8566754823877
0.9999182863297132 0.0124614934147813 0.002851636461564051 0.9803784113070985 -0.012521156086035733 0.9996804506264851 0.021959447249262944 -0.8938072332097109 -0.002577077927000639 -0.021993358331331685 0.9997547953550839 214.29200820199193
0.9999188349515974 0.012489829585194286 0.002515482281258222 0.9917036684102671 -0.012540168285295182 0.9996986665231178 0.021102615197579028 -0.8821005667868189 -0.002251156398681297 -0.021132446670259465 0.9997741504812788 215.76093753621035
0.9999282284606327 0.011773623347836123 0.0022180414072634526 0.998894856477329 -0.011817308874212678 0.9997130715753082 0.020835684948149184 -0.8749614592265019 -0.0019720936423155916 -0.02086040051951486 0.9997804531571751 217.24530723162746
0.999922563117313 0.01232968291430783 0.0016872088261768456 1.0077210976545974 -0.012362319101961446 0.9997043977528209 0.020935381924786663 -0.8681511355350009 -0.0014285835778721735 -0.020954618266857017 0.9997794072196718 218.7160255772387
0.9999053594353504 0.013677245475719097 0.0014849615072245114 1.0095556473709806 -0.01370506468217116 0.9996918357113503 0.020697943218846344 -0.8659913966840672 -0.001201413140599716 -0.02071633554990992 0.9997846718301239 220.20122813284956
0.9999243420005716 0.01222090344264532 0.0013999212404928576 1.0171633947139815 -0.012247293557723282 0.9997103670901776 0.020716799188464505 -0.852412722956998 -0.0011463378663487366 -0.02073237674535501 0.999784403980475 221.68282413410031
0.9999045876366962 0.013780165372318996 0.0009605451781160455 1.0198762666484027 -0.013797063099308128 0.999691713316135 0.020642660110122935 -0.8446806552398787 -0.0006757898364609044 -0.020653942951082135 0.9997864561632614 223.15969640776737
