1.0 -3.469446951953614e-18 0.0 -1.7787691892340307e-19 0.0 0.9999999999999999 -3.5405977195229754e-19 0.0 2.168404344971009e-19 -2.354751593366955e-19 1.0 0.0
0.9999998851381775 -0.00031384829165790294 -0.00036224690503815107 -0.005877038343232038 0.00031414218976820625 0.9999996213987187 0.0008114902812656786 -0.025410091943484335 0.00036199211432522203 -0.0008116040011431024 0.9999996051305936 1.3203050908196512
0.9999995431045942 -0.0009017061958144848 -0.0003173601416870222 -0.019212599606309763 0.0009021242928135293 0.9999987224585383 0.0013195648619961906 -0.04214339327236412 0.00031616990428794144 -0.0013198505829671572 0.9999990790154442 2.620194551301772
0.9999978357208434 -0.0018694200343043806 -0.0009131394808697034 -0.01721714471880066 0.0018700656165879705 0.9999980018407224 0.000706516972187446 -0.07283978885256262 0.0009118169570488148 -0.0007082230871034517 0.9999993335055124 3.941412582520105
0.9999968673995918 -0.0024604688550830395 -0.00045965955518646674 -0.02907748146225815 0.002460935521647674 0.9999964546423619 0.00101710141986518 -0.09191417789109292 0.0004571554187929373 -0.0010182294447774389 0.9999993771091047 5.258627403004926
0.9999954076822809 -0.00294927514289341 -0.0006974192480004384 -0.03206741534173943 0.002950394654791289 0.9999943524837888 0.0016093997048109944 -0.11030309600582339 0.0006926688068185558 -0.0016114500060246636 0.9999984617189038 6.578710767297871
0.9999920836108984 -0.003948172065690538 -0.0004946286592394196 -0.03459801465847173 0.003949452985017334 0.9999887804706102 0.0026154823897881164 -0.14160079938141845 0.0004842967785559651 -0.002617415246206639 0.9999964572913803 7.915067333348355
0.9999920765861896 -0.003969622762728041 -0.000298102225795097 -0.05230596714734461 0.003970563950774084 0.9999869166492031 0.0032250808161325083 -0.16372429435495348 0.00028529599840513447 -0.003226238957215455 0.99999475498098 9.230102753780907
0.9999937400113756 -0.003418173840808841 -0.0009143462090058254 -0.046880446249807 0.003420020922986185 0.9999920993790752 0.0020259889348127986 -0.18706920674729383 0.0009074138812931242 -0.002029103373425399 0.9999975296676313 10.563561910226754
0.9999995734905571 -0.0006751679247000448 -0.0006302119071795341 -0.06466336083610465 0.0006750582876366238 0.9999997569688015 -0.00017423432388781191 -0.2072522217279113 0.0006303294446174659 0.00017380882323400707 0.999999786238107 11.882136658771934
0.9999959953740737 0.0027363874607008176 -0.0007220896013536472 -0.0650551292824125 -0.002737237523312735 0.9999955591767751 -0.001178627399373776 -0.23096160274924812 0.0007188612730511762 0.0011805992307528925 0.9999990447120124 13.222631120787643
0.9999854142987893 0.005378554859936404 -0.0004922660821046628 -0.08759360098577644 -0.005379036926832342 0.99998505018622 -0.0009825357772382797 -0.25483047063942255 0.0004869741402376102 0.0009851693786006544 0.9999993961488843 14.561796542380192
0.9999835796342849 0.005729772711460197 -0.00010077137027993165 -0.10850530666428103 -0.005729804382697742 0.9999835355237512 -0.00031310485454257416 -0.2779082559032472 9.897569921522658e-05 0.00031367711519945983 0.9999999459052938 15.911471987339368
0.9999907947140602 0.00428938345374998 0.00010802185121176126 -0.10417817337900548 -0.004289644422587169 0.9999875701614381 0.002541354173866869 -0.3055965900780401 -9.711967239825112e-05 -0.002541794208609973 0.9999967649199135 17.25852232221876
0.9999999630090106 -7.846602264180089e-06 0.00027188385569232244 -0.11169731310983753 6.580677561120879e-06 0.9999891615623409 0.004655825756410869 -0.33152798536701883 -0.0002719174605074013 -0.004655823886544503 0.9999891246236012 18.615470398439392
0.9999969666142801 -0.0024551411967817845 -0.00019760374900012752 -0.10236760660597874 0.002455683266383211 0.9999930912254721 0.0027905406095959317 -0.36208167538767017 0.00019075123114486092 -0.0027910174503153174 0.9999960869105371 19.962972374059202
0.9999941021368011 -0.0034270341577524455 0.0002261275148882358 -0.10374388470083035 0.0034269323543667934 0.9999940267780304 0.0004500422420390463 -0.3687051283845368 -0.00022766849295263844 -0.0004492646701006725 0.999999873164009 21.302654948385108
0.999998935153699 -0.001366907739988531 0.0005111336058343516 -0.11558033607179252 0.0013671878603807985 0.9999989152902219 -0.0005479176003488722 -0.41779286023697715 -0.000510384142078986 0.0005486158448365706 0.9999997192638882 22.656544886259834
0.9999982035929406 0.0014635002635625454 0.0012045650962714063 -0.13105038895630416 -0.0014644086942099538 0.9999986438411558 0.0007535419250499709 -0.4137089313481223 -0.0012034607550696467 -0.0007553045620096014 0.9999989905973009 24.0280576787494
0.9999957429509085 0.0019690656784930923 0.002153336913505767 -0.14572358037650643 -0.0019814952806417197 0.9999813013831609 0.005785374880928571 -0.4401833885745403 -0.002141905042410657 -0.0057896171931111125 0.9999809461055131 25.416700428100125
0.9999978195016966 -0.00013677141442806212 0.002083815845398368 -0.13207798586675626 0.000123783972674563 0.9999805770434999 0.006231389208723734 -0.4578941090602167 -0.002084627818553469 -0.006231117799198191 0.9999784135153077 26.791344314149313
0.9999890838597335 -0.004182086328958166 0.0020838243221727114 -0.13507455178778105 0.004171016732532867 0.9999773163443021 0.0052886112895173965 -0.4844676070566958 -0.0021058946557831063 -0.005279861991328274 0.9999838440012149 28.15783564666017
0.9999898888328126 -0.003918044676222606 0.0022070719075876284 -0.14798999041368005 0.003910686141783394 0.9999868130784766 0.0033286929913144575 -0.4996017332543514 -0.0022200849556045276 -0.003320028229450724 0.9999920242847021 29.51703083914668
0.9999864056746359 -0.004412680753118122 0.002777899209166066 -0.14954686828562608 0.004409516298163893 0.9999896232545639 0.0011443527089724677 -0.5405870167149058 -0.002782920280739857 -0.0011320879771023478 0.9999954868538605 30.902226626108664
0.9999937503404766 -0.0016179049363423802 0.0031435123743973757 -0.15599473140326756 0.0016168111186004221 0.9999986315322555 0.00035050379693533245 -0.5455513008961541 -0.0031440754197337084 -0.0003454191436582096 0.9999949977232079 32.29275253619241
0.9999931797944287 -0.00020542258887261064 0.0036875697981531546 -0.15721995274667439 0.00021236326074292218 0.9999982067049917 -0.0018818842915857513 -0.5837446535534947 -0.003687176916824545 0.00188265460135915 0.9999914301299616 33.67236743608723
0.9999918907464073 1.3808509862628382e-06 0.004027212970813662 -0.17366413515931328 4.3762097807244216e-06 0.9999989782108742 -0.0014295307628274714 -0.5944003282115765 -0.004027211171315632 0.0014295368257810515 0.9999908689531649 35.06323065769644
0.999994026721323 1.9643571605394705e-05 0.00345631885891464 -0.1704127987894682 -2.0125608595449387e-05 0.999999990077084 0.00013943028791626061 -0.6309948279531431 -0.0034563163776833456 -0.00013949901553235753 0.9999940171885319 36.457799941799145
0.9999940330326778 0.000895384172020606 0.00333649350107393 -0.18232879045513145 -0.0009000583665458072 0.9999986154022902 0.0013996748646942867 -0.6452062868721345 -0.0033352359154268504 -0.001402669577387873 0.9999934543363266 37.863590567697756
0.9999916391744261 0.0030412212784860114 0.002733596968059182 -0.17659893949049515 -0.003046348818506522 0.999993604909303 0.0018734739392097537 -0.6638092706058523 -0.0027278820668502016 -0.0018817858025127667 0.9999945087541183 39.25725757248308
0.9999742514973857 0.006351086024318171 0.003340664570749079 -0.1955879609158831 -0.006358215649141068 0.9999775225406093 0.0021277969532321026 -0.7075837387521149 -0.003327075939436203 -0.0021489828759106277 0.9999921561864888 40.65406118669504
0.9999582038933783 0.008534741950896573 0.0032785105854080477 -0.20001277973966777 -0.008542586804376435 0.9999606645177743 0.0023861362128575663 -0.7216695799689888 -0.003258016840692169 -0.002414043494383971 0.9999917788245108 42.07722937642495
0.9999570432989934 0.008763823660315926 0.003017770069784545 -0.20807421841268908 -0.008771527829759904 0.9999582804755844 0.002549044251894178 -0.7360307844397935 -0.002995305047123595 -0.0025754052625481224 0.9999921976855851 43.4649353770084
0.9999617834657168 0.008360910351877353 0.0025547546596773594 -0.21552165844000715 -0.00836745208219878 0.9999617139970364 0.0025605279548639036 -0.7623036036216002 -0.0025332487161685907 -0.0025818069427845044 0.9999934584390966 44.896378184464076
0.9999650608651628 0.008157855704042724 0.0018238487228693678 -0.21258698297910694 -0.008161850253971176 0.9999642862428177 0.0021932752915605103 -0.7952603400589557 -0.0018058913143742565 -0.002208084688880166 0.9999959315499567 46.28742793437118
0.9999683662685455 0.007906427356176443 0.0008688227812876212 -0.22529940563642814 -0.007908888286092866 0.9999646173577466 0.0028659265507151575 -0.8286509020876549 -0.0008461328696413464 -0.0028727073750686575 0.9999955157953537 47.719375594427454
0.9999696371605065 0.007792002408711858 -9.715339909606717e-05 -0.23057655959998105 -0.007791601932658558 0.9999631423275951 0.003606236469321559 -0.8391957645250347 0.00012524963451372392 -0.003605370070260388 0.9999934927888895 49.117515552528396
0.999962104184819 0.008627020731315967 -0.0011681981018704596 -0.23945312787517353 -0.008622652453343054 0.999955999021145 0.0036945776925404812 -0.8684150547086238 0.0012000200022078307 -0.003684364797479336 0.9999924926772026 50.550475970059985
0.9999582784933355 0.00885087326327187 -0.0022590466472658956 -0.2515964056152804 -0.008841971877814962 0.9999532230940762 0.003920609091778908 -0.8851492512881423 0.002293641986671625 -0.003900471176656806 0.9999897627155165 51.9972600785782
0.9999494082229416 0.00950482082296889 -0.003292316576065964 -0.26642388056861044 -0.009488166973178471 0.9999422959980674 0.0050377953137325775 -0.9144071792535332 0.0033400102237392776 -0.00500630250198284 0.9999818904731318 53.4097922542796
0.9999646687729584 0.007228423585081888 -0.0042908128590015615 -0.27084090347350676 -0.007203072739969981 0.9999566836952831 0.005894615320136674 -0.9258545705368583 0.004333236143734177 -0.005863500143636301 0.9999734208669353 54.863643017252066
0.9999751300419618 0.0053313401808758295 -0.0046169351361518805 -0.28512819774478637 -0.0053004088370871985 0.9999635999893319 0.006686132749417059 -0.9464714528746313 0.004652413526068141 -0.006661494960943613 0.9999669892271672 56.25569758650042
0.9999797654726539 0.003939311894297265 -0.00499504253081211 -0.3045842641716756 -0.003907269294271675 0.9999718315180697 0.006408542946233046 -0.9716312998252451 0.005020147506668075 -0.006388896429114837 0.999966989521637 57.68410371016491
0.999984721779437 0.0026249936805955616 -0.004864730384395503 -0.33049447541667537 -0.002592424395621895 0.9999742661602524 0.006689271698760023 -0.9959796960799758 0.004882164909965978 -0.0066765581904394 0.9999657934388778 59.131164543564815
0.999986786581152 0.0022088031119670733 -0.004641965001596254 -0.3312770152656957 -0.002174267840345935 0.9999700203885996 0.007431748455734694 -1.0217835141959597 0.004658241505937705 -0.007421557533467819 0.9999616099035805 60.53128239208457
0.9999914574674059 0.000488906309857943 -0.00410438233044971 -0.3496718153898744 -0.00045499717242499654 0.9999657939255694 0.008258568560402213 -1.0367994155836389 0.004108279955766509 -0.008256630695408097 0.9999574741435734 61.98957074774078
0.9999907094913965 -0.0016554816959751632 -0.003979988232507811 -0.3463802160675242 0.001687809223914219 0.9999655030343957 0.008132898391586426 -1.0614419066326273 0.003966387412472997 -0.008139540456060827 0.999959006990746 63.397764473630396
0.9999908399238219 -0.0025340974371111692 -0.003449408072133903 -0.3668112207915173 0.002558436419213137 0.9999717349930394 0.007069908941922484 -1.080242506010821 0.0034313950323572105 -0.007078669412624332 0.9999690585091677 64.80628173717612
0.9999937894686566 -0.0024242068798777383 -0.0025581720453008512 -0.3791342775698948 0.002442292357757829 0.9999718807368485 0.007090341186344576 -1.1035098296145867 0.00254091187815353 -0.007096545095676308 0.9999715910069392 66.25420116101579
0.9999974035806688 -0.000996691989883872 -0.0020492523179983973 -0.39081745918118715 0.0010108151390074548 0.9999756674467423 0.006902373776981562 -1.1195549826986846 0.0020423230920641163 -0.006904427407773911 0.9999740785660064 67.63132853429434
0.9999975642733129 0.0017713035685948848 -0.0013167861864426874 -0.4139117532930081 -0.001760269083291366 0.9999637190028474 0.008334394476920751 -1.142355028553379 0.0013315012739643327 -0.008332056445261731 0.9999644013385931 69.09791791140071
0.9999873295560604 0.005012428748108323 -0.0004650536188082787 -0.4262235523385615 -0.00500780592955905 0.9999427128560587 0.009460068313594906 -1.1590918382146325 0.0005124449462277885 -0.009457619742721324 0.9999551444104052 70.46474527178978
0.9999576247518397 0.009190056880009624 0.0005399403428851452 -0.45152903014325235 -0.009195245440422363 0.999902021122556 0.010554412962870135 -1.1845000340255532 -0.00044289181413952375 -0.0105589308157686 0.9999441548555716 71.90833835196482
0.9999182738028396 0.012753816395498073 0.0008864832166404055 -0.4563181479501689 -0.012762208960513104 0.9998664152211253 0.010211648397393473 -1.1944631403761061 -0.0007561273636403931 -0.010222127532882836 0.999947466811347 73.28051863068815
0.9998622408945232 0.016513684702938184 0.0016725455724557337 -0.4725979275625457 -0.016529305355448505 0.999815349036138 0.009800506994394276 -1.2136150133411763 -0.0015103943735619747 -0.00982680310691118 0.9999505751039005 74.66551621586677
0.9998416614875681 0.017619600637340586 0.00249029750318473 -0.48710704200261673 -0.01764311086530259 0.9997967442319198 0.009756582786459406 -1.2219145599872454 -0.002317884432585552 -0.00979897474333879 0.9999493024677906 76.11893887381022
0.9998277860534368 0.018342337947042993 0.002820784662173759 -0.49218088519013814 -0.018370273698318118 0.9997790339996917 0.010218427810814296 -1.2409603880495803 -0.0026327317237587067 -0.010268486855621267 0.9999438118721184 77.48622462955686
0.9998382863740422 0.01772962413208247 0.0030102297870171803 -0.4987139563107794 -0.01776043190501715 0.9997867591817514 0.010535808883944562 -1.2712928784888466 -0.0028227921827691594 -0.010587568301202534 0.9999399658187997 78.89107955270518
0.9998554730010509 0.016834765200048042 0.0023714442635002094 -0.4906094458533926 -0.01685614591681515 0.9998146353489284 0.009304049094697361 -1.2750600335324005 -0.002214373380235662 -0.009342678014179734 0.999953904396612 80.26282111006726
0.9998607268893935 0.016522120629384095 0.0023550610774312193 -0.5049671388515284 -0.01654365836280662 0.9998185879999779 0.009439200129760825 -1.304285544793288 -0.0021986784170433494 -0.009476847026540119 0.999952676472098 81.66389486084896
0.9998744527078179 0.015714479553079252 0.0020332033353208214 -0.5199935505449054 -0.015734208144886103 0.9998253921033232 0.010080676441932878 -1.3147352293068997 -0.0018744358893187547 -0.010111401894586985 0.9999471216232386 83.03703099950847
0.9998742759600086 0.01576125549552683 0.0017363926134046639 -0.5312931966012089 -0.015776308055174423 0.9998348113728569 0.009025414666844672 -1.3230708389378287 -0.001593854042904751 -0.00905167400920729 0.9999577625217523 84.41058679014428
0.9998815694563241 0.015361489043775801 0.0009336364287451664 -0.5365324813655838 -0.015369606775275598 0.9998375324362418 0.009417215960994759 -1.3308573996553963 -0.0007888223432709455 -0.009430450496767016 0.9999552211797278 85.81168844734574
0.999878193158026 0.015602422085835982 -0.0004040176988898015 -0.5367682427949099 -0.015597588471172465 0.9998280556893944 0.010028675277323937 -1.3525441488986225 0.0005604199094995886 -0.010021152224179592 0.999949629952355 87.18317269620879
0.9998950021111651 0.0144289539678078 -0.0013379093165186767 -0.5495144910473915 -0.01441307940458799 0.9998333950984195 0.011200233065715104 -1.3658825240681887 0.0014992941964607266 -0.01117977390429667 0.999936380365695 88.55907620069821
0.9999364688476504 0.011031050156772233 -0.0023182258503823185 -0.5583311709015827 -0.011002663131659651 0.9998684090764858 0.011920820274011633 -1.383874254147017 0.0024494201751781453 -0.011894556517347587 0.9999262572183816 89.92879864621284
0.9999432109093791 0.010140703581433982 -0.003277355340252192 -0.5680339045586786 -0.010099432999722505 0.9998724449686655 0.012373167081669724 -1.402676173253916 0.003402410213698593 -0.012339365243827697 0.9999180784849532 91.29987848728238
0.999956785550533 0.008529776417867388 -0.0036972855310904067 -0.5827046721276633 -0.00848428134929634 0.9998901797430735 0.012150943877402048 -1.41647142578107 0.0038005246592187443 -0.012119050218864414 0.999919339069784 92.67537608321919
0.9999659503735201 0.007245796240731953 -0.003949241429076665 -0.5921715196310662 -0.007198959117348985 0.9999050775493878 0.011747803591155072 -1.4331121253261365 0.0040339890984216085 -0.011718973395046198 0.9999231933535887 94.00969736813151
0.9999664294851313 0.0069455283496061325 -0.004347357360925808 -0.6088478823440557 -0.006896531774935235 0.9999136537768898 0.01118583256789703 -1.4366443776470512 0.0044246738827544395 -0.011155475594351148 0.9999279862258903 95.39464901961735
0.99996736644138 0.00699836183375996 -0.004035958599792258 -0.6228843566790341 -0.006954639369008916 0.99991805891973 0.01074748566201553 -1.45695476441293 0.004110843038077265 -0.010719066516715366 0.9999340991255539 96.73757001632276
0.9999618401919336 0.007821193411192326 -0.0038919236450533365 -0.6378101415134748 -0.007780725581240626 0.9999166122421039 0.010306739769663313 -1.473270501422531 0.00397221045494707 -0.010276064688345838 0.99993931018316 98.08398234174433
0.9999466194819899 0.009684761565135348 -0.0036004932334485944 -0.6594345105117828 -0.009646674413785599 0.9998988698905042 0.010449482401391479 -1.4839307473780097 0.0037013301813194144 -0.010414192032345015 0.9999389205194658 99.44296291901047
0.99994337480415 0.010060489967912138 -0.0034689620404177324 -0.6678706158863554 -0.0100181894531065 0.9998777716815759 0.012003232703253947 -1.4989157421572104 0.003589296749584579 -0.01196780054543173 0.9999219413084414 100.79090657524739
0.999939891206953 0.01046034067924748 -0.003285607379073057 -0.6903248138550975 -0.010415494961533156 0.9998562080834833 0.013382101481158416 -1.505556790036094 0.0034251165753691522 -0.013347076145952446 0.9999050575661786 102.11444281179084
0.999949908101909 0.009475367973205103 -0.003224695598947694 -0.700674293527915 -0.009433622634620336 0.9998745502563826 0.012723620931516598 -1.531257656056483 0.00334485234431993 -0.012692563279946098 0.9999138516948372 103.45914305831762
0.9999470676148196 0.00976343872848927 -0.003246106097477164 -0.7140598155923148 -0.009729731590257243 0.9999002061422931 0.010242563065231134 -1.5403576055889283 0.0033457850833308414 -0.010210437372340073 0.999942274684094 104.78805367400328
0.9999530750356939 0.009042135320539987 -0.003476706653029129 -0.7330321632899355 -0.009011162389757254 0.9999204679896639 0.008823642376868933 -1.5525471688977799 0.003556215019027344 -0.008791899342637292 0.9999550269136923 106.12095921693493
0.999968307922554 0.0072747828925461624 -0.00323429486421304 -0.7430204814100594 -0.00724151893128658 0.9999219576338513 0.01018032695477191 -1.5722274832767595 0.003308102407877717 -0.010156583320018488 0.99994294851415 107.46264379203168
0.999987319960232 0.004362358499102888 -0.0025158963331589415 -0.7493534696458165 -0.004331451574455157 0.9999166576187539 0.012162086474915828 -1.5774486670791372 0.0025687422602935924 -0.012151035020965097 0.9999228739858953 108.80451403653296
0.9999931215884321 0.003249412866256885 -0.001788318446872679 -0.7658168691372914 -0.003225704639231765 0.999908931686698 0.01310431850387325 -1.5938747382158176 0.001830737093969381 -0.013098460042010191 0.9999125355522336 110.14069577540405
0.9999961624172979 0.0024979169218814516 -0.0011981466118284605 -0.7710451824625507 -0.0024831379608092436 0.9999227158036239 0.012181807977320108 -1.6121897925867235 0.0012284832718211407 -0.012178786308241575 0.9999250811933413 111.4667480203251
0.9999929164722332 0.003748366158709067 -0.00034168545990823367 -0.7947247750844056 -0.0037448161548388438 0.999944396342086 0.00985802108575197 -1.6241545985980128 0.0003786179733088579 -0.00985667190440534 0.9999513501522178 112.79666350913331
0.9999775432234936 0.006669391575980784 0.0006574587021848412 -0.7904360541075582 -0.006674389097571815 0.9999463894985653 0.007916480930381779 -1.6457517595307334 -0.0006046253893736342 -0.007920691447662205 0.9999684480405036 114.144753629788
0.9999513459751038 0.009653148009621054 0.002030368708506542 -0.8047973588687791 -0.009667685464579679 0.999926794590813 0.007276079765563672 -1.6474579725442025 -0.0019599831599629086 -0.0072953548706358685 0.999971467724284 115.45655292929658
0.9999379563956058 0.010540173164907754 0.003603899151840455 -0.8167457685444579 -0.010574726389206913 0.9998969711242672 0.009706818193335506 -1.6669795608149676 -0.003501216590183767 -0.009744326392093437 0.999946393355344 116.82299222970526
0.9999313238814981 0.010777267983496056 0.0046041281034319165 -0.8222724402041609 -0.010830004262605934 0.9998742199413737 0.011586860019946403 -1.669942183101957 -0.00447867467016053 -0.011635927240309946 0.9999222703137731 118.11766082875343
0.9999295823171734 0.010503909311121953 0.005522524586999167 -0.8201292236822981 -0.010572727460241828 0.9998649295449257 0.012583327047962549 -1.6866047540901734 -0.005389604976856909 -0.012640829359385182 0.9999055763372104 119.48744687358564
0.9999252929694735 0.01039338866112449 0.0064331900703373 -0.8218176403307226 -0.010471082175408675 0.9998711961153053 0.01216337274010473 -1.7008425359350787 -0.0063059433138205135 -0.012229826756395997 0.9999053287259805 120.81016163950184
0.9998976654433149 0.011986850986495868 0.007808586453963643 -0.8190190491499623 -0.01208025279944413 0.9998547103817589 0.012026040251362623 -1.7123646718742092 -0.00766329823353256 -0.012119139512042743 0.9998971948731938 122.11715064953282
0.999860753963206 0.0140954714891996 0.00893254379956262 -0.8248972834897879 -0.014197640262104915 0.9998333110460983 0.011479423563530426 -1.7215223127776325 -0.008769247688190611 -0.011604646375169128 0.9998942106416152 123.48742536488045
0.9998401013102295 0.014733586960276449 0.010133765144726746 -0.8289866637221424 -0.014842079175998644 0.9998324328998595 0.010715355418890156 -1.7345116660689486 -0.009974192273235401 -0.010864048409521158 0.9998912380541223 124.81850967587405
0.9998139234892907 0.015738629589736944 0.01115409792254195 -0.8180318796439181 -0.015852564794639326 0.9998223038316633 0.010200832739527705 -1.7422746512756067 -0.010991569675533833 -0.010375755871819789 0.9998857580158219 126.1587220632495
0.9998123973379299 0.015120262249295136 0.012105691454843656 -0.8202028961074634 -0.01524086124526101 0.9998345161653478 0.009932596299132629 -1.7596106010336618 -0.011953505700656812 -0.010115234282586217 0.9998773903503534 127.49436406041922
0.9998048333172036 0.014873257514513738 0.013003132450370092 -0.8136084531584986 -0.01501239408896442 0.9998303875407705 0.010668842903197515 -1.7709157712420311 -0.012842247586623211 -0.010861969064278673 0.9998585371455363 128.82545266186597
0.9998029028552415 0.01411417848425539 0.013962284087720166 -0.8077430988841817 -0.014279053253513137 0.999828653602644 0.011780157264251283 -1.7862938232316308 -0.01379362561530949 -0.011977203862566734 0.9998331273163321 130.1940488893843
0.9998159253304484 0.012777593189860364 0.01431253091169336 -0.7919259705583219 -0.012952406906920188 0.9998418240394639 0.012188604673485823 -1.7915941106939726 -0.014154527168271654 -0.012371743026449855 0.9998232790522504 131.52144802694255
0.9998235810284473 0.012231662454113753 0.014254586212516329 -0.7769138072983303 -0.012410923501656106 0.9998441489068752 0.012555751656406478 -1.815291134726913 -0.014098788085496843 -0.012730449411445901 0.9998195636374285 132.87030101850596
0.999855406404343 0.009532819326061998 0.014081605841862002 -0.7682755689009014 -0.009718927708904108 0.9998655418304728 0.013207600870764275 -1.808453388322353 -0.013953807951124398 -0.013342549504383247 0.9998136164388272 134.2004887705286
0.9998760745153676 0.007999904286186344 0.013558655213318782 -0.7534689478108487 -0.008184141421008512 0.9998741913105981 0.013587545480780219 -1.833377457609133 -0.013448251479284176 -0.01369682785450262 0.9998157537460673 135.53381753562323
0.999890714438358 0.008061721888790873 0.012392247931240934 -0.7471355837952148 -0.00822532572897252 0.9998789352343052 0.013208289205813493 -1.8445817125607846 -0.012284267140331278 -0.013308776264741739 0.9998359731746644 136.88026719152185
0.9999126193333361 0.006729540786822712 0.011378355387725454 -0.7377782091621132 -0.006894915140671118 0.999870255958199 0.014557863967355164 -1.8600944576753762 -0.011278912316349858 -0.014635044970757611 0.999829286225942 138.2162918610542
0.9999302447036854 0.0058326699422150095 0.010270622341401012 -0.717768172811958 -0.005985838138379815 0.9998703827372198 0.014946152421606185 -1.8712977170739884 -0.010182115966200455 -0.015006588423182914 0.9998355498869488 139.55931866628853
0.9999494333540642 0.004604695770387662 0.00894021866674124 -0.7224261692995633 -0.004739371060758358 0.9998747312357492 0.015101662183681227 -1.8809331153276094 -0.008869560914239207 -0.015143269851676452 0.9998459942745201 140.92219138661787
0.9999640703709094 0.0037399033831447912 0.007607305021375856 -0.7190413524141144 -0.0038522239767292696 0.9998829921899268 0.01480413119961259 -1.8805948252549654 -0.007551049513309501 -0.014832904624539274 0.9998614737007633 142.24648226236658
0.9999704146372572 0.0038049796923790334 0.006685205984678818 -0.7153168775464754 -0.0039006161724298525 0.9998894060479084 0.014351336797871152 -1.8825598277715045 -0.006629860645167917 -0.014376988911828035 0.9998746657141981 143.59774744302763
0.9999820258152535 0.0015809610838744773 0.005783477480370836 -0.7133724501777343 -0.0016512382274733346 0.9999246180866005 0.012166821892091841 -1.8976425244802286 -0.0057638067161932234 -0.012176153338997072 0.9999092557929637 144.95230108219204
0.9999878753988889 -0.0016618756754940046 0.004635432262941913 -0.7204422295064025 0.0016102793114180086 0.9999369577053301 0.011112497882469874 -1.9183055851679398 -0.0046536080087481654 -0.011104899021006646 0.9999275099469891 146.256745774071
0.9999287954752286 -0.011344002314008558 0.00370372860746978 -0.718267834804353 0.011290280107855731 0.9998351846942596 0.014217348793323663 -1.915171631416239 -0.0038644001282213186 -0.014174520587885969 0.9998920688648769 147.64974169922888
0.9998435784879721 -0.01756926991906302 0.002034532436441967 -0.7048617570954244 0.017534681469317106 0.9997194047981132 0.0159262864644201 -1.9358847931299288 -0.0023137749635021004 -0.015888120670223292 0.9998710987277101 148.95908281613916
0.9997984314098597 -0.020042753460387266 0.0011766870359688222 -0.6799267870955801 0.02002591365186273 0.9997161368564471 0.012907690730788077 -1.9472056258563133 -0.0014350587902969402 -0.012881524950178608 0.9999159999340863 150.25877142774317
0.9998128687241727 -0.019316255604207355 0.0010534760313094253 -0.6998954148767164 0.019305011396911882 0.9997655599067592 0.009805189906255066 -1.960353750724853 -0.0012426287044086416 -0.009783017858799526 0.9999513730361559 151.6655137348219
0.9998646946717054 -0.016279926978003054 0.0023571888152908683 -0.7092058302748738 0.016261895504847905 0.9998398089692336 0.007477107977259605 -1.968354996375569 -0.00247853818888671 -0.007437764058633805 0.9999692677842871 152.97805309290993
0.9998638424488994 -0.01619031066976588 0.0031891091436346136 -0.7130941907067319 0.016164712181852545 0.9998381666347436 0.007895733599893887 -1.9902286751348428 -0.003316427692031841 -0.007843107644218307 0.9999637428266716 154.3501161594658
0.999793905513343 -0.019988886336857088 0.003548370386680805 -0.7173188938177102 0.01994976813445158 0.9997433242319292 0.01073742962760708 -1.9874320490824255 -0.0037620891741548847 -0.010664427727930205 0.999936056288268 155.66584055503694
0.9996474318801798 -0.02626675510810491 0.003881947212591732 -0.7184376802948558 0.02620779414181059 0.9995509076703187 0.01453046792070891 -2.002088188763712 -0.00426187244882548 -0.01442360792826526 0.999886891592504 157.0162441844234
0.9995965688052645 -0.028139129306006115 0.003858631075179992 -0.6973505133747062 0.028076679412676917 0.9994874099901541 0.015382371197624587 -2.0162335778421583 -0.004289500059566117 -0.015267828197479788 0.999874238898527 158.36274766531957
0.9995645883713505 -0.029295519798079855 0.003522242208534026 -0.6876251880170439 0.029236592630573113 0.9994483281301523 0.015756301936498216 -2.0396903320159443 -0.003981888463474913 -0.015646463381558437 0.9998696578804632 159.6950994110059
0.9995722495064076 -0.028856522487511287 0.004755956791266849 -0.6961730647124129 0.028778198462772887 0.9994611353607148 0.015787786330356955 -2.025907750859096 -0.0052089750108986 -0.01564416551057799 0.9998640540923229 161.0592710394192
0.9996294050657295 -0.02656598945449854 0.0059414422373595625 -0.6970196283472065 0.02647094870260361 0.9995287772371512 0.015540667479368508 -2.02337340026917 -0.006351496225179091 -0.015377632851642812 0.9998615838724105 162.40015423464226
0.999695796133997 -0.02362635546465492 0.0070788790330740484 -0.7069964329679336 0.02352700651737706 0.9996278970900162 0.013803887720196953 -2.029147962217516 -0.007402381132394741 -0.013633143935648484 0.9998796638289221 163.7485211745522
0.9997189499861071 -0.022451058903153444 0.007613869151054493 -0.7045618157911352 0.02235033937375623 0.9996648239449488 0.013065300927137369 -2.0190543024191894 -0.007904647661009831 -0.012891456595136222 0.9998856569079485 165.09923199230752
0.9997317687597674 -0.021778390395180425 0.00787986394561363 -0.7069375894328629 0.02166612724855997 0.99966635806134 0.014062413742449893 -2.0307622199983393 -0.00818349230761224 -0.013887915879230238 0.9998700696814586 166.4445297054869
0.9997551523361018 -0.020768600904652126 0.0076354833840028 -0.6990905062532755 0.02065703067341644 0.999682744373191 0.01441172004653746 -2.031982902499804 -0.007932372903203895 -0.014250465214609601 0.9998669920045404 167.77442379536566
0.9998100645073452 -0.018053820268835157 0.007341287249357179 -0.701767172945054 0.01796431449556027 0.9997656424660759 0.012080709275721963 -2.0488985587163766 -0.0075576703450455284 -0.011946533742802768 0.9999000759816067 169.1599961214352
0.9998793980983038 -0.014024081535132623 0.006671912185615227 -0.7082348080061593 0.013963064952612448 0.9998610493449747 0.009105756813001107 -2.0604127670295442 -0.006798685561255084 -0.009011498459556034 0.999936283353278 170.57478679736266
0.9999305392214343 -0.009813874991104726 0.006527220397905025 -0.7091665103300275 0.009761283346091108 0.9999200265309188 0.008041012243008305 -2.0625114311156736 -0.006605612433465917 -0.007976739804602437 0.9999463673129112 171.92836801799973
0.9999595352825199 -0.00577941779303367 0.006893920606325189 -0.7118752756751443 0.005715741021436566 0.9999411506951608 0.009220924085366063 -2.082368550200708 -0.006946807055840533 -0.009181147269348575 0.9999337220050073 173.28436969722756
0.9999702279668674 -0.0011645178603611854 0.007628046054855039 -0.7183905760219045 0.0010786435837591406 0.9999361105627161 0.011252169348595157 -2.107579349784599 -0.007640662691982161 -0.011243606620198899 0.99990759652125 174.6804075043623
0.9999697464443478 0.0010649571180697147 0.007705327205002387 -0.7213578769747353 -0.0011715472487305876 0.9999035081684918 0.013842031126650221 -2.1210100398693057 -0.007689843173025649 -0.01385063977842535 0.9998745051697264 176.06422186877455
0.9999745615556038 -0.0021975920154004864 0.0067857822523303465 -0.7203912067812154 0.002095132003150122 0.9998842519456397 0.015069609265325013 -2.1188144258601245 -0.006818114228111905 -0.015055009097840688 0.999863420682675 177.43509942154995
0.9999753791816612 -0.004510619766865067 0.005375439668150484 -0.7165590717780611 0.004428838475943855 0.9998757274154338 0.015129940608665644 -2.122404906428327 -0.005443017505017712 -0.015105761432964842 0.9998710864569214 178.85753396692033
0.9999646959930353 -0.007779218353711526 0.0031765613664531955 -0.7154408826714502 0.007742829491994388 0.9999060443300288 0.011311546804078063 -2.118878861649815 -0.0032642581691833612 -0.01128655210196276 0.9999309767979652 180.19546437604296
0.9999856725293 -0.005117810237497656 0.0015693193824271433 -0.7249470418399797 0.0051060449983965275 0.9999594961290094 0.00741177423060219 -2.138325764024726 -0.0016071880024144066 -0.007403655163938438 0.9999713010065623 181.61524759788762
0.9999986671758859 -0.0013402311321351543 0.000932432508690705 -0.7497818830092031 0.001333792715365217 0.9999754996721882 0.006871757304287799 -2.156288529338574 -0.0009416194807710841 -0.006870504607379006 0.9999759544707437 183.00799341990665
0.9999989831350679 0.001304839877367665 0.0005754305725799236 -0.7688863598810509 -0.0013093537656242975 0.9999678195562506 0.007914887526441204 -2.159482101209493 -0.0005650844355239483 -0.007915633076810005 0.9999685112212447 184.33204301811563
0.9999872560319512 0.004914013791553167 0.0011576848628772022 -0.7695699750643434 -0.004926589482074309 0.9999260081342628 0.011122363881788049 -2.179660225416039 -0.0011029438386275876 -0.011127925798999754 0.9999374744375963 185.784542035285
0.999975943011812 0.006736469357470179 0.0016532896383485963 -0.7830746302971197 -0.006757912064475713 0.9998883681857275 0.013325982137540942 -2.193808677340194 -0.0015633351300675593 -0.013336834607289842 0.999909838349946 187.15214112972168
0.9999871695442618 0.004739636046205413 0.001787901088499341 -0.7892222831757614 -0.004763980152776472 0.9998925046811079 0.01386663546443236 -2.189387351788099 -0.0017219862268325241 -0.013874975350179092 0.9999022551358259 188.60422178950134
0.9999898830254047 0.004225359841717721 0.00154278163463943 -0.7841708898095869 -0.004247532053722981 0.9998834751520043 0.014662693857932115 -2.20303741191625 -0.001480646817997152 -0.014669098821428842 0.9998913067073205 190.01736545561891
0.9999975654225797 0.001258753098857571 0.0018123713459364606 -0.7968676050635286 -0.0012865173443934123 0.9998805781216289 0.015400466346672937 -2.2118207846932463 -0.0017927696635547852 -0.015402760803303647 0.999879763241965 191.37432310673748
0.9999976663949554 -0.0006041626572615907 0.002074173546071226 -0.8017311874996838 0.0005717582097011821 0.9998783354597106 0.015588051933372645 -2.214275298676067 -0.002083339075007188 -0.01558682993631515 0.999876347572465 192.82893138184446
0.9999916252545409 -0.003307493767238927 0.002410376243759167 -0.797815877881215 0.00326780872683732 0.9998620281931283 0.016286374417794743 -2.214266294407417 -0.0024639109565216975 -0.016278361691333402 0.9998644628586123 194.19042827911605
0.9999618526447107 -0.008287908707519616 0.0027575056180857704 -0.800920392399655 0.008237068277632832 0.9998046988694604 0.017964264726676765 -2.2161853058387035 -0.002905853490682931 -0.01794086602033527 0.9998348270323844 195.64341384572901
0.9999244453713817 -0.011925615606570968 0.002980479013248884 -0.7922263375109957 0.011867931745806581 0.9997551618546334 0.018675345294039233 -2.226428180086798 -0.0032024645223359535 -0.018638562519389175 0.9998211581145027 197.0560308157419
0.9999366849773996 -0.01082191763962798 0.0030841771925702 -0.7993036029722339 0.010776905052686407 0.9998403025319189 0.01425579652841676 -2.224401394502306 -0.0032379599745650293 -0.014221656306954107 0.999893624396541 198.4740593546354
0.9999846929133613 -0.004277289554694402 0.0035098067107042206 -0.8202865735257767 0.00424222962657189 0.9999416321832428 0.009936584199111684 -2.2408737898673237 -0.0035521037906053425 -0.009921542882329498 0.9999444712304506 199.91261330618215
0.9999738063284818 0.005426380531566633 0.004789681190541556 -0.8324225849199349 -0.00546810323268694 0.9999468442169469 0.008741201043453497 -2.240568059047893 -0.004741993902112137 -0.008767162723599578 0.9999503239405851 201.35747722142983
0.9999141391050538 0.011605365183318108 0.006085219414749561 -0.8445864085969386 -0.011681197718667408 0.9998526633346295 0.012577808446363555 -2.242836175160518 -0.005938353270931371 -0.012647811408958787 0.9999023796479435 202.78699219881653
0.9998788497030772 0.013867368090156281 0.007069794216448845 -0.842805455884621 -0.013970898098220885 0.9997927016355034 0.014811069895519152 -2.248450916385629 -0.006862938670416173 -0.014908047203446061 0.9998653160306574 204.2177474597704
0.9998817297858962 0.013898141357808464 0.006585444437133462 -0.8411676820537106 -0.013997450539321858 0.9997852458416052 0.015281806317238335 -2.2587222026280664 -0.006371642008062697 -0.015372178675962085 0.9998615395649166 205.69849761510662
0.9999318668900011 0.010389322231204067 0.00532198678117786 -0.8345619710478063 -0.010472029932404517 0.9998210273427738 0.015755947740696396 -2.271817802859509 -0.005157341096657623 -0.015810606559229348 0.9998617037142303 207.14252892116525
0.9999579044776422 0.00817894029274858 0.0041586290561114675 -0.831911096397419 -0.008242685257241686 0.9998451252152052 0.015549396576521714 -2.2759940118893214 -0.004030807731722291 -0.015583020597080516 0.9998704526387862 208.56884294433937
0.999958512879357 0.00830302375994672 0.0037459715845669173 -0.8429839963847159 -0.008358272406301976 0.9998528237923694 0.014982324529107355 -2.275358706386239 -0.0036210219645434237 -0.015013013105845081 0.9998807417084107 210.05148296861483
0.9999488982158002 0.00942370382730816 0.003659883407780131 -0.8470040284018082 -0.009477922980367922 0.9998412054566301 0.015090820438550234 -2.2863291563447827 -0.0035170911015496064 -0.01512473766621508 0.9998794289227261 211.51094570776374
0.9999370907012209 0.010676150426662622 0.0034401208623329594 -0.8529171701062546 -0.010729318422510958 0.9998171898318442 0.01582620170876674 -2.282389405354621 -0.0032705293273892254 -0.01586211656381092 0.9998688398479816 212.95331197470426
0.9999403779509854 0.010470474316872907 0.0030999500973923626 -0.8673885792788674 -0.01051845728094028 0.9998184282568303 0.0158893861233526 -2.297983374639004 -0.002933018060406911 -0.015921045777697505 0.9998689502678383 214.39088478013372
0.9999361102539277 0.010934460580981596 0.002865826267495842 -0.869894728773368 -0.010977070011680001 0.9998226966913661 0.01529964488135102 -2.3077041545579005 -0.0026980249994736005 -0.015330126074834905 0.9998788466103038 215.86537347233474
0.9999425339913326 0.010431178883944618 0.0024737019473005536 -0.8747774575804887 -0.010466594374897957 0.9998362240031591 0.014763996440642227 -2.308499386147165 -0.0023192911110968234 -0.014789039545170302 0.9998879463226015 217.33884525591017
0.9999497993062019 0.009844129195746499 0.0018686808522553283 -0.8744988716705481 -0.009870918774855759 0.9998400696293265 0.014913086263957577 -2.3152378446794284 -0.0017215757795960153 -0.014930783514008242 0.9998870475631116 218.8030538975183
0.9999241168376911 0.012204027251338047 0.0016799577468666843 -0.8827967765457071 -0.012227522110491072 0.9998161806229496 0.014767961626089988 -2.3297930818326686 -0.001499420447480824 -0.014787383006537449 0.9998895364220516 220.28500396235574
0.9999500009596821 0.009861609298400555 0.0016565695666186534 -0.8949086376079601 -0.009884750533602233 0.9998446173724366 0.014595644359868818 -2.327799283438255 -0.0015123757389811107 -0.014611289662871185 0.999892105648422 221.77293227822796
0.9999216068374663 0.012460532228625292 0.001230970176129481 -0.8995879130350187 -0.012477130266744817 0.9998163258224765 0.014547709892848178 -2.3433479412287324 -0.0010494719484256247 -0.014561928722805267 0.9998934187427723 223.2440711974609
