1.0 -3.469446951953614e-18 0.0 -1.7787691892340307e-19 0.0 0.9999999999999999 -3.5405977195229754e-19 0.0 2.168404344971009e-19 -2.354751593366955e-19 1.0 0.0
0.9999998184235963 -0.0001920850668549537 -0.0005711878058707058 0.002362319113497474 0.00019247468808140412 0.9999997488292508 0.0006821250014084328 -0.022605924994663018 0.0005710566852054147 -0.0006822348305096148 0.9999996042253729 1.3271691485644874
0.9999996106283936 -0.0006537791009101328 -0.000592719197746735 -0.007919465311104833 0.000654445903456851 0.9999991525634703 0.0011254206712697763 -0.039022734061031086 0.0005919829699275456 -0.0011258081578842246 0.9999991910563075 2.6280023007917435
0.9999985244145516 -0.0013027883364233259 -0.0011197818803216006 -0.009237891080545669 0.0013039057301220784 0.9999986522693178 0.0009976408324551258 -0.07468629499243629 0.0011184807517386937 -0.0009990994699656881 0.9999988754008837 3.951588009716078
0.9999979703929316 -0.0019372292020578968 -0.0005534935160862804 -0.022621730228531776 0.0019378222764117967 0.9999975470085425 0.0010727621581313692 -0.08804860127523392 0.0005514140197964412 -0.0010738325730415249 0.9999992714133459 5.267169887610847
0.9999970363777451 -0.0022571198362509055 -0.0009124952858407569 -0.018649511464555332 0.0022585204423063825 0.9999962688861208 0.0015366507913542942 -0.10716272735913926 0.000909023554459875 -0.0015387071558975055 0.9999984030278168 6.588547983450409
0.999993411929628 -0.0035640744441645528 -0.0006880948926156205 -0.027458360755302266 0.003565773711241879 0.9999905575681831 0.0024839538827131874 -0.14381064780555902 0.0006792354584401431 -0.0024863911557593994 0.999996678244359 7.923302888552241
0.9999934488628279 -0.0035843742393287664 -0.00050447690347102 -0.04651353836235246 0.0035858139609772615 0.9999894178116452 0.0028820474361259487 -0.16242383274747663 0.0004941412727643951 -0.0028838375702589453 0.9999957196441415 9.238816210584606
0.9999943853944395 -0.0031788703261470385 -0.0010601725549057206 -0.045096467516606384 0.0031813283738973113 0.9999922372707784 0.00232476730654709 -0.18721028453359162 0.001052774282346332 -0.0023281270552355064 0.9999967357411003 10.570550200539195
0.9999993687833213 -0.0006551735613924449 -0.0009127870142101034 -0.06615006923595038 0.0006551676776918296 0.9999997853540532 -6.791435061241449e-06 -0.20393118117388526 0.000912791345030335 6.1934021069543856e-06 0.9999995833874477 11.891690586816438
0.9999974609321314 0.002053435769330098 -0.0009281840996047622 -0.06625457574429769 -0.0020541169806077815 0.9999976213500681 -0.0007334175773812874 -0.23049239722261428 0.0009266759434683179 0.0007353223260709998 0.9999993002868425 13.229593908926526
0.9999825763596024 0.005857678802055734 -0.0007311383884667623 -0.09360535877013113 -0.00585824615576989 0.9999825394360706 -0.000775749201119395 -0.25272880089701194 0.0007265815931115384 0.0007800188836946142 0.999999431825235 14.569979473004588
0.9999824980309953 0.005907205112389956 -0.000329464811970861 -0.1142490472324531 -0.005907192951465919 0.999982551627644 3.9032929830520483e-05 -0.28002457135527 0.00032968966637476286 -3.708603998539952e-05 0.9999999449649329 15.92024154952152
0.9999906106591527 0.004331836072621452 -0.00011739390085473578 -0.10437589222893495 -0.0043314727570844674 0.9999863025313663 0.0029382139268299143 -0.3064753973760407 0.00013012016703083974 -0.002937677911778002 0.9999956765496524 17.262322288799012
0.9999999873559501 -0.00015623209759997245 -2.9662070685552207e-05 -0.11691823475913134 0.0001563805486600109 0.9999871250088649 0.00507201736830722 -0.3346038636873677 2.886928344191528e-05 -0.005072022042618759 0.9999871367973691 18.627756912785106
0.9999978246300142 -0.0020486600297827933 -0.0003920838824194048 -0.10842496161981807 0.0020499787103346653 0.9999921439260847 0.0033925904057403944 -0.36838014703823807 0.0003851305732614366 -0.003393386854840092 0.9999941682836878 19.963717413601334
0.9999955365665868 -0.0029761033990273883 -0.00026393052471391414 -0.11715574834422644 0.0029763376502463176 0.9999951738404961 0.0008909015128504008 -0.36845350622314227 0.00026127785893231056 -0.0008916830982376796 0.9999995683177444 21.319498427916386
0.9999996400292502 -0.0008475216493673658 4.061795766903864e-05 -0.1313391294919374 0.0008475294034789617 0.9999996228125203 -0.00018991424133417705 -0.42597055755360147 -4.0456989433404695e-05 0.00018994860230962205 0.9999999811413365 22.671777496958224
0.9999988284666734 0.0012981959652096729 0.0008110187918631921 -0.1420285522600375 -0.0012990445967729384 0.9999986085295494 0.001046625128175946 -0.41294995913005406 -0.0008096590064936712 -0.0010476774725835887 0.9999991234112078 24.038307164986485
0.9999969016191582 0.0018283323379843248 0.0016893644066524104 -0.15567470172817627 -0.0018379505273492872 0.9999820121490197 0.005709406101961337 -0.43823246918888803 -0.001678895464177236 -0.005712493492873611 0.9999822742064887 25.42725210011578
0.9999983623908543 0.0003292538862624105 0.0017795531468187602 -0.14952420705106945 -0.0003409427806385715 0.9999783452199313 0.006572126600122636 -0.46534170846531614 -0.001777350857654012 -0.006572722691697683 0.9999768199011478 26.800773013515407
0.9999903298751474 -0.004053047231427997 0.0017067431656382587 -0.14998056415268723 0.004042738108700284 0.99997382104045 0.006001124506531511 -0.49275257426024854 -0.0017310214670864983 -0.0059941666729022925 0.9999805365754285 28.16961354264217
0.9999904397768591 -0.0040813904482230445 0.0015692720133594579 -0.16084997699908646 0.004075576939713683 0.9999848856405381 0.003690278687027428 -0.5008667985368133 -0.001584309893615392 -0.0036838477865036557 0.9999919595807701 29.53019541579963
0.9999884820685621 -0.004195994039107257 0.00233010150750799 -0.1641547897244178 0.004191768026949736 0.9999895660845347 0.0018157083714183653 -0.5469193762136101 -0.0023376960927249677 -0.0018059202436947158 0.9999956369035994 30.918358877284504
0.9999943836936392 -0.0018907074907946412 0.0027672753385334196 -0.1768962508011978 0.0018888037339072315 0.9999979778463249 0.0006904496882435201 -0.5424749854569072 -0.0027685754143554776 -0.0006852189802791589 0.9999959327225442 32.30252328542927
0.999994337113716 -0.00017200068091705913 0.0033609761581753746 -0.18040937453304232 0.00017680936178583566 0.9999989612155556 -0.0014304915677651982 -0.5899048029321432 -0.0033607269064836777 0.0014310777501764771 0.9999933287411453 33.681813655386016
0.9999937230085917 3.0235781187156613e-06 0.0035431537693935275 -0.19457530571040976 9.174979914722964e-07 0.9999993813876861 -0.0011123055010600295 -0.5869795952254309 -0.003543155241028141 0.0011123017947688222 0.999993104391811 35.07703511018282
0.9999954324765371 0.00014832938147145772 0.0030187792346131393 -0.19099317572048669 -0.00015022422433952354 0.9999997918602778 0.0006274649286642836 -0.6348398839690098 -0.003018685789402992 -0.0006279155665052449 0.9999952466158946 36.468253879803804
0.9999949295976549 0.001480298088352863 0.0028194853510170237 -0.20762940150436265 -0.0014857081910306042 0.9999970576117 0.0019176655960706944 -0.6486803980119987 -0.002816638574845921 -0.0019218448419349786 0.9999941865112134 37.871648244003715
0.999991585393617 0.003297063944924023 0.0024410056260043755 -0.20377373312834599 -0.003302990467946687 0.9999915980422286 0.0024277776966378397 -0.6650608652374443 -0.0024329807823137393 -0.002435819934712709 0.9999940736739242 39.26315794800128
0.9999782030375329 0.00586448246968742 0.0030333623722256474 -0.22542280726012442 -0.005872609802563911 0.9999791721607223 0.0026772579494706043 -0.7003629006767096 -0.003017598714734644 -0.002695013402134306 0.9999918154652078 40.66396472724018
0.9999566051862803 0.008833316582845856 0.0029597714156906017 -0.2323055689310908 -0.008842689705213017 0.9999558822293478 0.003168667305393858 -0.7288264682283635 -0.0029316512414394296 -0.0031947022092396666 0.9999905996036401 42.09041532086965
0.9999526737474757 0.00937566468776847 0.002597529477480443 -0.2346618435466662 -0.009383939226081618 0.9999508763460312 0.0031916452975255688 -0.7398821257200714 -0.002567478296188983 -0.0032158693761440097 0.9999915330824579 43.47845307314215
0.999960651468497 0.008591226710048437 0.002210502775440131 -0.24438754307725447 -0.008598026436507073 0.9999582776406339 0.0030849534050880595 -0.7624060287863318 -0.002183907196543951 -0.0031038380439811974 0.9999927983422735 44.90570806750475
0.9999647285016102 0.008289353441595919 0.001352167220610957 -0.23878589922397198 -0.008292912691400478 0.9999621075772788 0.0026478342324217454 -0.7933918060015062 -0.001330167260694323 -0.002658954301718814 0.9999955802980759 46.30158844614122
0.9999674642404415 0.008048235295354447 0.0005443828473934026 -0.2567096820288368 -0.008050021708699966 0.9999619461394921 0.0033620588915740995 -0.8238445011309968 -0.000517303531988427 -0.0033663318702658986 0.9999942000865308 47.7329239317045
0.9999648911387915 0.00836267994155135 -0.0005310885068540222 -0.26131599206845996 -0.008360328454616633 0.9999558648679735 0.004286401919165619 -0.8442207194319695 0.0005669109253914019 -0.004281811445378889 0.9999906723087908 49.13044418739617
0.9999577689839526 0.009073674321015636 -0.0014589929536410018 -0.2742030239634372 -0.009067264158264888 0.9999494640971996 0.004342118316273122 -0.8698398004449539 0.001498318319134375 -0.004328705963175128 0.9999895086201391 50.559234305826486
0.9999554371019026 0.009061973564003149 -0.0026465866239457412 -0.28299305336171715 -0.00904988946619833 0.9999487291728109 0.004542966572797215 -0.8831461831544708 0.0026876194044600185 -0.0045188129068229515 0.9999861784232864 52.00967756487206
0.999940705717398 0.01028601429057062 -0.003575322259751501 -0.30259011433640515 -0.010264301740556571 0.9999290831005729 0.006039279868269939 -0.92460995905758 0.003637189139601412 -0.006002223716148416 0.9999753717836593 53.41661065531177
0.9999554625525642 0.008317511252682154 -0.004460032659598649 -0.31415288317116485 -0.008286979499821122 0.9999423977415236 0.006821083910440881 -0.9361102305929897 0.004516510580475829 -0.006783820061307579 0.9999667899125776 54.86967539170225
0.9999719973558 0.005482248487561814 -0.005094058785841647 -0.31673029918367235 -0.005443959751023812 0.999957054775772 0.007500127664807213 -0.941167560763653 0.005134958023539692 -0.007472185946051192 0.999958898483106 56.270866394840226
0.9999774971874452 0.00407967483001456 -0.005325537883427012 -0.3440413659848473 -0.004041046784344134 0.999965595687264 0.007244127848054134 -0.9675054428094723 0.005354908806126664 -0.007222444236896533 0.9999595798149103 57.69634786890477
0.9999814756028943 0.0030413559114322777 -0.005272436752465806 -0.36258917698997 -0.003001576174676759 0.9999670956955149 0.007536449431988331 -0.9925156745248755 0.005295184745017173 -0.007520484358130288 0.9999577007784921 59.14583737186664
0.999983098725205 0.0027968139094615855 -0.005097065904605441 -0.3646579333804588 -0.0027551912180139937 0.9999629529748758 0.008154851417854332 -1.0198493648284248 0.005119685114422253 -0.008140670366007898 0.9999537580922674 60.551260988336395
0.9999891321542504 0.0009181698325133013 -0.004570834413436352 -0.38110665834759866 -0.0008768519802494342 0.9999588146659102 0.009033277433396342 -1.0327585923831606 0.004578940639136612 -0.009029171498313683 0.9999487523750172 62.00496704921299
0.9999897385384375 -0.0016928110242473704 -0.004202047513441557 -0.3912643433926602 0.0017293787648788583 0.9999605368695618 0.008714008684526509 -1.049015286740074 0.0041871308785577325 -0.008721186371802091 0.9999532033319877 63.40431996173344
0.9999910633679339 -0.0019192360724245607 -0.0037669235569763415 -0.4052967099045375 0.001949382833053256 0.9999659736873603 0.008015695154387076 -1.0773417222475574 0.0037514116948334066 -0.0080229668568967 0.9999607786920663 64.81992771397046
0.9999930614355327 -0.0022232800556706896 -0.0029889972482380627 -0.4155060348173517 0.0022471318112917086 0.9999654724653377 0.00800026688003903 -1.0958398330298527 0.0029711074694647663 -0.008006928199000838 0.9999635301494251 66.27553787714247
0.9999969107742517 -0.0006268803780842078 -0.002405298269960632 -0.42960178081773087 0.0006457396453372483 0.9999689958704758 0.007847949720305065 -1.1146728394614662 0.0024003041793463453 -0.007849478828851834 0.9999663115467587 67.63649602112902
0.9999957521875261 0.0023453003918252023 -0.0017306547603917733 -0.4504830154410505 -0.002329059482849373 0.999953786202192 0.009327429600904586 -1.1345679118511383 0.001752450560054842 -0.009323359368833124 0.9999550009340701 69.11594297918727
0.999984578326443 0.0054908149438467994 -0.0008330956214929464 -0.46608838500778504 -0.005481850717289415 0.9999308284555818 0.010406133964544503 -1.1499119243402194 0.0008901762341533735 -0.01040140678865021 0.9999455076793292 70.47024413479865
0.999954051552469 0.009585591744690012 0.00010579845579224492 -0.48887847363986314 -0.009586175322913292 0.9998883352383967 0.011463957175118255 -1.1740583841138303 4.102180439657108e-06 -0.011464444859934713 0.9999342810861976 71.92599477141239
0.9999116594434482 0.013283491497363764 0.0004713070552487418 -0.49554372070392494 -0.013287839494360848 0.9998523673858525 0.010893887437919456 -1.1778626633074691 -0.00032652863340170216 -0.010899187943071938 0.999940548775051 73.29336566196395
0.9998503992740488 0.017250647466880598 0.0012626115553814334 -0.5121680151690334 -0.017263052526961864 0.9997950115428115 0.01057931732422853 -1.1989978411198825 -0.001079852744711882 -0.010599531401529737 0.9999432403162642 74.68194277667814
0.9998274067315664 0.018455083311553322 0.002136960265091986 -0.5289121965750698 -0.018476709736042922 0.9997732528985531 0.010585557813538784 -1.2082998934504439 -0.0019411185207537437 -0.010623215033993832 0.9999416879809552 76.13517932236016
0.9998193460264663 0.018851742386256067 0.00242632844399768 -0.5331836599217259 -0.018877400638158525 0.9997610095019871 0.011025773184550721 -1.2248366565256674 -0.002217893718477492 -0.011069584339748159 0.999936270594726 77.50487405480607
0.9998334975775223 0.018076694262379553 0.002492027114309036 -0.5358199336978238 -0.018103688618360553 0.9997725740147441 0.011271945382138344 -1.2514939124979378 -0.0022877010374397757 -0.011315183693839052 0.9999333643012854 78.90626549680437
0.999851228334103 0.017119703480401257 0.002106396810721294 -0.5397335052057133 -0.017140308919934323 0.9998011981193792 0.010186956975553326 -1.2589103768139893 -0.0019315805282863838 -0.01022154595004512 0.9999458930341276 80.27638741530903
0.9998544580953627 0.016948804870352954 0.0019495119286372794 -0.5483679264926948 -0.016968269802971583 0.9998014912076623 0.010442990053813212 -1.2861701963873988 -0.0017721288750068398 -0.010474550223532997 0.9999435700868146 81.66894211718619
0.9998692916983213 0.016095390236934435 0.0015290163437699663 -0.5587520862080426 -0.016111077075759428 0.9998111232509509 0.010869731280078765 -1.2934640022615265 -0.0013537750879851717 -0.010892944842053652 0.9999397537089657 83.07061714808349
0.9998657658422165 0.016330973807697574 0.001322705283720582 -0.5761705955702033 -0.016343566974602604 0.9998149558931755 0.010146025385512455 -1.3052452168768254 -0.0011567661406041085 -0.010166281376676465 0.9999476529382922 84.43223680366195
0.9998654956228368 0.01639501200071355 0.0004406823752819212 -0.5786610996662938 -0.016398747690479158 0.9998099934529966 0.010538410977709686 -1.3156827970810987 -0.00026782128339736125 -0.010544220374554618 0.9999443722986093 85.83488460920603
0.9998688522647912 0.01618297056781453 -0.0006242515508672725 -0.5913269167828843 -0.01617495178325458 0.9998062067223155 0.011221406923442633 -1.334086015972959 0.0008057263492565944 -0.011209838256598843 0.9999368431739103 87.19699381629006
0.9998891113696117 0.014792246021720187 -0.0017188312869735026 -0.6003919956554341 -0.014769234000594626 0.9998101716246667 0.012707890299743988 -1.3542632820130711 0.0019064834142104668 -0.012681095580531992 0.9999177741914664 88.58488018384597
0.9999182798834939 0.012443996907091932 -0.0029292422775587085 -0.6010414044010214 -0.012403928674822217 0.9998343301206747 0.013321219545352692 -1.3717366706799556 0.0030945264766407098 -0.013283797095326236 0.9999069779992047 89.97566727794435
0.9999279525697361 0.011372388940761152 -0.003841667016338194 -0.6144376861522914 -0.011318532441926541 0.999841242867804 0.013761537153067705 -1.3879830404663072 0.003997559025427866 -0.0137170639192456 0.9998979256366098 91.33447504275341
0.9999355358571363 0.010572205490157562 -0.004141566001279138 -0.6316992873769453 -0.01051612650047213 0.9998557681284861 0.013336192949191498 -1.4028880802324368 0.004281961999719781 -0.013291780284522166 0.9999024919419776 92.71383744086266
0.999955553595298 0.00822126977244174 -0.0046153581257250735 -0.6433059502362823 -0.008159253126871924 0.9998782758144416 0.013298877956192124 -1.419990742409581 0.00472413039778964 -0.013260629265163464 0.9999009142499842 94.06554102846164
0.9999564273958075 0.008055234791948111 -0.0047176769544536815 -0.6642378475348795 -0.007994049435927273 0.9998855076443242 0.012847832053371684 -1.4275782395254488 0.00482062953749065 -0.012809559159637142 0.9999063339830425 95.43760592011593
0.999959564788277 0.007764032389920105 -0.00453746231538214 -0.6722529117267665 -0.007707828944627991 0.9998949443385609 0.012275572115639212 -1.437970185304729 0.00463229396965915 -0.012240102017874836 0.9999143572170444 96.78976048186125
0.9999478778680728 0.009224737883183728 -0.0043755833080369065 -0.6917472872224283 -0.009172770810204426 0.9998888724852012 0.011751722079800533 -1.45310054317874 0.004483504003982307 -0.011710973573678363 0.9999213725602312 98.12135415636288
0.9999326700186081 0.010878936096226493 -0.0040378392667354355 -0.7130286384658453 -0.010830683762165373 0.9998718892176238 0.011785646453395528 -1.4586721229344706 0.004165537631443379 -0.011741120608993821 0.9999223941863253 99.46765156974408
0.9999313064619353 0.011027815537524127 -0.003971096644989659 -0.7206605951883522 -0.010974468941998512 0.9998524643999214 0.013214026073049895 -1.4716491985171154 0.004116232966714706 -0.013169537949413439 0.9999048054236875 100.80172465194134
0.9999297078287646 0.011205605008575814 -0.003874762483723008 -0.7448536523849784 -0.011147553626118176 0.9998299173573278 0.014692461505607239 -1.4800614127623961 0.004038741726554182 -0.014648234918591905 0.9998845522323575 102.14409488050349
0.9999351830887836 0.010784841565979189 -0.00364921660111845 -0.7559414563532915 -0.01073294587952493 0.9998450344165564 0.013953889933643345 -1.5017437480846054 0.0037991419219276183 -0.013913818926903966 0.9998959806781624 103.48689899391103
0.999935728100591 0.010754690796138978 -0.0035883509089832434 -0.7676536169926335 -0.010712403941763442 0.9998753018338306 0.011602810217872848 -1.5098209439917158 0.003712688406895894 -0.011563624857973017 0.9999262465482414 104.8127548065612
0.9999481203709631 0.00948509049543068 -0.0037134346310117292 -0.7823178090124157 -0.009445958355685362 0.9999011193462872 0.01041755337116259 -1.5212719922832265 0.003811879210571933 -0.010381936178467475 0.9999388406241282 106.14439243429561
0.9999593825107301 0.008360858272452053 -0.003365910495485941 -0.7923009576813426 -0.008321130752101108 0.999897525358715 0.011648930343854924 -1.540098599737821 0.0034629609321628753 -0.011620449250474587 0.9999264838333924 107.49918746665763
0.9999814695958681 0.005374816940518529 -0.0028586346493955053 -0.8015108950464674 -0.005336164705227691 0.9998964948935527 0.013361319205897086 -1.5350111359512981 0.0029301536689913246 -0.013345817739472304 0.9999066473221035 108.82102633216947
0.9999893567163184 0.004186197346849933 -0.0019396377552740101 -0.815730029085452 -0.004158062139098582 0.999889256628173 0.01428933170753865 -1.5567422572413379 0.001999241095952109 -0.014281114774121534 0.9998960209968047 110.1791844497131
0.9999931914855408 0.003420418781022145 -0.0013848138208874927 -0.8261197253606315 -0.0034013074435312596 0.9999020619369995 0.013575626783295063 -1.5701108198964517 0.0014311126554059578 -0.013570824447146287 0.9999068879892021 111.47928177170391
0.9999906212914041 0.0042814970643610725 -0.0006527655997979652 -0.8405559112568992 -0.00427380039719121 0.999926238944251 0.011368874392401142 -1.584503889350752 0.00070139332164564 -0.011365978205029863 0.9999351591938653 112.82330083542838
0.9999711761965652 0.007581940287406389 0.00040117586203369826 -0.8434895875073325 -0.007585421225803185 0.9999257869252675 0.00953320720401697 -1.6063568148750424 -0.00032886590232815535 -0.009535975702115139 0.9999544774724536 114.17012622187302
0.9999415406543681 0.01064439168271014 0.0019005729166445887 -0.8600914370226536 -0.010660776620553406 0.9999041904333702 0.008829372428029541 -1.6050615685157046 -0.0018064076713021101 -0.008849118033106429 0.9999592141690499 115.48116809771396
0.9999324384662446 0.011118203510286367 0.0033917593909376384 -0.8739022689521412 -0.011155772401787573 0.9998743036709677 0.011266127223615844 -1.621175783501357 -0.003266074231554532 -0.011303203991228144 0.9999307827737539 116.85036065281878
0.9999205249100157 0.011845146175825709 0.004316984180172401 -0.8803221261362352 -0.011900969621608703 0.9998427994776633 0.013143183703291724 -1.6195580402510708 -0.004160622957509151 -0.013193515710895791 0.9999043056012951 118.14228617401201
0.9999254560683266 0.011013106547163818 0.005271979766951854 -0.8796663864722952 -0.011087440714453271 0.9998364974123667 0.014284506305360394 -1.640527287138517 -0.005113801415970506 -0.014341894532159123 0.999884072828725 119.51205397860731
0.9999174618511673 0.011257009817186723 0.006192672669867785 -0.8813130236093012 -0.01134138023418026 0.9998409772500534 0.013762024814722124 -1.6520053605377634 -0.006036769145276956 -0.013831122654399763 0.9998861222478014 120.83591700787936
0.9998841837756313 0.013165258026025578 0.0076351156207706125 -0.8787525696038623 -0.013268225547403254 0.9998195373556268 0.013595842748624295 -1.6612226292575705 -0.0074547456094902825 -0.013695572839538562 0.9998784216349297 122.14014411689398
0.9998533441569392 0.014746128785828481 0.008708721653450553 -0.883429604722811 -0.014858505849459254 0.9998053104371177 0.01298329922524796 -1.6639367648977248 -0.008515573463748333 -0.013110794002957352 0.9998777885758154 123.50773962391366
0.9998306455941457 0.01548742789393258 0.009940808524812392 -0.8851048411298771 -0.015610962031154762 0.999800354150745 0.012471958172305866 -1.6756925037440054 -0.009745666145097902 -0.012625031828445828 0.9998728071912302 124.84797848905494
0.9998063192466679 0.01630870954475224 0.011015895343929532 -0.8793489949522978 -0.016438364385426854 0.9997954434968518 0.011783521498173077 -1.6794124115613154 -0.010821468847199074 -0.01196232279800563 0.9998698908572151 126.18044516658237
0.9998014025931808 0.016033442362260626 0.011835711310817409 -0.8764843693682515 -0.01616841614479553 0.9998043189351925 0.01139763996495878 -1.6975772259214017 -0.011650652858969662 -0.01158674136022983 0.9998649957420431 127.51180928080602
0.9997934692222235 0.01572536084012694 0.012873689879062346 -0.8727573262619434 -0.01588405344636827 0.9997979517006472 0.0123187929012396 -1.7046185526927828 -0.012677372370616271 -0.012520735317956545 0.9998412451062269 128.83915675597228
0.9997872876639806 0.01538144658757783 0.013740105205833542 -0.8651411551250056 -0.015562303393473299 0.999792370226409 0.01315413188558979 -1.717312364754487 -0.0135349239078569 -0.013365161789525702 0.9998190727751397 130.21669435300225
0.9998013001076557 0.014079103174915652 0.01411166630224183 -0.8490735446259429 -0.014272281469062224 0.9998045159851969 0.013683268171731437 -1.7200209033768499 -0.013916260718396647 -0.013881955254344797 0.9998067958392531 131.53906733290995
0.9998116793893458 0.013365596244686136 0.014070059173344014 -0.838277854906448 -0.013560598366367608 0.9998120381516846 0.013856354750011445 -1.7395211215045432 -0.013882217258655082 -0.014044544010012521 0.9998049984012058 132.87912096908434
0.9998438656831611 0.010870741112525922 0.013930944798449345 -0.8280239758852026 -0.011077759849087276 0.9998280637729063 0.014870310965338784 -1.734777643951552 -0.013766899415570553 -0.015022313153644705 0.9997923797414523 134.2040740003068
0.9998672312612877 0.00938869945532151 0.013318113861151573 -0.8108805636941637 -0.009587684519142877 0.9998421762554869 0.014956567158358332 -1.756399164267948 -0.013175590334488337 -0.01508227156162135 0.9997994443410018 135.5395366903347
0.9998807364734233 0.009493848572611636 0.012181118727349489 -0.8061244026451158 -0.009670412447826756 0.9998478329873105 0.01451874681689196 -1.7668569972099213 -0.01204142738554535 -0.014634811988029085 0.9998203970235471 136.88044396007373
0.999908316282877 0.007646437464646634 0.011175464766788731 -0.7966252922546831 -0.007825037899196276 0.9998409544915884 0.01602605729765178 -1.7789323558408119 -0.011051146035785603 -0.016112036718910403 0.9998091190044576 138.2163757620425
0.9999265346207036 0.006731730910550904 0.010080136572742059 -0.778952568814298 -0.006895900921989788 0.9998426928731319 0.016341238182526755 -1.7867519571267276 -0.009968546906848915 -0.016409549610817347 0.9998156603867184 139.55596451203294
0.999947112976264 0.005376570437701822 0.008767196647829736 -0.7812512086539887 -0.005521950336209163 0.9998462441938752 0.01664319797992765 -1.7962793426006773 -0.008676366034302377 -0.016690730121220427 0.999823054445659 140.91558740582408
0.9999631261257859 0.00408990284105344 0.007551098098663387 -0.7813642395044245 -0.004212086068692482 0.9998593080322424 0.016236455054759954 -1.7895659045992867 -0.0074836308157240836 -0.01626766254653283 0.9998396663593503 142.23375248907004
0.9999723909109072 0.003616704962514674 0.006491291148876484 -0.775072300050941 -0.003719187554012615 0.999867532626917 0.015845656889767062 -1.7869727404323443 -0.006433122729761635 -0.015869362045176756 0.999853378391458 143.58604011117336
0.9999824014090611 0.0015688784141884085 0.005721494207697971 -0.7655561108832531 -0.0016477103973278496 0.9999034232029731 0.013799612843390338 -1.8034839618821736 -0.005699292199981268 -0.013808797623871513 0.9998884113620463 144.93950698571624
0.9999888251357243 -0.0011355328109812386 0.004589136729380876 -0.7812044188632818 0.001076408202673398 0.9999166551488768 0.012865616759703276 -1.8268640912048912 -0.004603363956973615 -0.01286053345262362 0.9999067035075008 146.24303076584192
0.9999363607697723 -0.010744990033520951 0.0034379665441073865 -0.7709637265778333 0.010689081645553563 0.9998166550745423 0.015887093890249608 -1.8185358258935935 -0.0036080431672416164 -0.01584933444396447 0.9998678815847429 147.62058957565415
0.9998409091008262 -0.017739661513812795 0.001860351806409047 -0.7609248849711314 0.017704480055378148 0.9996905409820518 0.017474943221137434 -1.8293391741106422 -0.002169775849454976 -0.017439226883638425 0.9998455707977246 148.94453954462975
0.9998041369952839 -0.019766613602979703 0.0009841961489719959 -0.7349375106562666 0.019750278823652385 0.9996997988486098 0.014499608819403197 -1.8439216010053183 -0.0012705089512665536 -0.014477331003281628 0.9998943907724824 150.24424769162238
0.9998216720241149 -0.01885551491123843 0.0010458094905672751 -0.7559218749291207 0.018842196090497206 0.9997557943071447 0.011546574568695633 -1.8594194290589972 -0.001263270802910275 -0.011524810355627385 0.9999327891891019 151.64269488578816
0.9998794486766246 -0.015376153534678302 0.0021591732735602486 -0.7633758109366504 0.015355654331641872 0.9998396761795721 0.009210092549359616 -1.8698932634927623 -0.002300443089603477 -0.009175826909299165 0.9999552550799019 152.96091123224647
0.9998698765108898 -0.0158495548013446 0.0030036098371054197 -0.7687928723081168 0.015821014920609555 0.9998315980595532 0.009298978239641015 -1.8767854797249883 -0.0031504889461687413 -0.009250248235727463 0.9999522525230298 154.33005788660432
0.9998126194123721 -0.019063743546849615 0.003361511181330549 -0.7737401251630941 0.019020813860747332 0.9997425439899692 0.012371514244707468 -1.8791045384403156 -0.0035964934074753036 -0.012305257609649218 0.999917819558433 155.6550016117387
0.9996053971173849 -0.02784841333556765 0.0036764015065803048 -0.772030654136819 0.02778898785840648 0.9994962354499001 0.015331258071923055 -1.8736395978275693 -0.004101501009708608 -0.015223045111872118 0.9998757105703956 156.99383748528135
0.9995552682181722 -0.029588286515851984 0.0037147105260872887 -0.7555197671858256 0.02952320607182822 0.9994279323784252 0.01649812979211969 -1.8914847791177083 -0.004200737191177506 -0.016381122681924702 0.9998569960895307 158.34764018753256
0.9995173027973719 -0.030863414335810253 0.003551205016525078 -0.7507745605023961 0.03079909711878313 0.9993822183109365 0.016929186182897026 -1.911127883648007 -0.004071503962681585 -0.01681164090833116 0.9998503846017904 159.67617773976303
0.9995410012949919 -0.029941283712357585 0.004615869989564366 -0.7542399285465735 0.0298578710841612 0.9994063387577061 0.01718946151228235 -1.9012576089993019 -0.005127804687678443 -0.017043751829477833 0.9998415955264699 161.04349555432495
0.9995919510801805 -0.02795261126460037 0.005880719356759817 -0.7579356384232876 0.027849724021875494 0.9994691624301774 0.016905212828807414 -1.894420001890125 -0.00635014301348614 -0.016734538567125538 0.9998398026203729 162.3844136365964
0.9996665083105061 -0.02490444863234477 0.006829392905909197 -0.7650361755916346 0.024797669461105933 0.9995754312413544 0.015298131956720014 -1.901938871905962 -0.007207485495488468 -0.015123677402115765 0.9998596534186174 163.73438712878638
0.9996919825861961 -0.023650538729232562 0.007522764098999449 -0.7673869436403717 0.023537580333042353 0.9996139043229746 0.014765655694632436 -1.8962252633565744 -0.007869075955581756 -0.014584040214197588 0.9998626822788198 165.0821245115534
0.9997085715923069 -0.022850409995466083 0.007786569082260299 -0.7679826331189283 0.02272320950677304 0.9996129408575993 0.01605067629530246 -1.8986575910556056 -0.008150320427779177 -0.015869063120333836 0.999840859893533 166.42646076198508
0.9997323993035127 -0.02185408931582302 0.0075847593501508865 -0.7624714470458136 0.02173034134137986 0.9996353256613287 0.01603146729730029 -1.8961455798109283 -0.007932347157116566 -0.015862358145283133 0.9998427193627605 167.76075858241214
0.9998014213394562 -0.018585165466470356 0.007190933646159481 -0.7606315109575306 0.01848444500151995 0.9997335138631707 0.013828468411302097 -1.9174846013602247 -0.007446022352402406 -0.013692802204677054 0.999878524580649 169.148217148178
0.9998610276040601 -0.015285292172515572 0.0066547229805113 -0.7666588581884518 0.015210009082474213 0.9998213653247995 0.011220207229370314 -1.9232937634136265 -0.006825038928625374 -0.011117429735183901 0.9999149071781094 170.55529138455103
0.9999322856300356 -0.009729154560781711 0.006384960631376307 -0.7711231866520124 0.009666997588034175 0.9999062764682136 0.009694711156639772 -1.9327860038101652 -0.006478684092589972 -0.009632331463489158 0.9999326201498087 171.90507315681043
0.9999598968223193 -0.005860812825026027 0.006771678812318445 -0.7758198809806482 0.005787741043463192 0.9999253538440553 0.010760519623397682 -1.9463963443195904 -0.006834239292402733 -0.010720895570227937 0.9999191745178926 173.26125206086397
0.9999702581050268 -0.0017654532677583365 0.007507735313046451 -0.7866224882126316 0.0016659821346357972 0.9999110277133813 0.013234846163037136 -1.9702839322541124 -0.00753043346065114 -0.013221945033847571 0.9998842296684897 174.62856620237827
0.9999712731209777 0.00010045559216953492 0.0075791060206061665 -0.7866864948289325 -0.0002178418744479011 0.999880015942586 0.015488907550358314 -1.9747226790577836 -0.007576641329122644 -0.015490113948260774 0.9998513143842545 176.04989900282905
0.9999741256572884 -0.002857765022332025 0.006601606286963853 -0.7846444714228535 0.0027462866503575583 0.9998545203873488 0.016834368382853817 -1.973228796742501 -0.006648755105085066 -0.016815803225253598 0.9998364980428857 177.45313540694391
0.9999746006382175 -0.004840696066552205 0.005231228544880923 -0.7831384941518559 0.004752428681861546 0.9998483149391929 0.01675593987024218 -1.9744837293784032 -0.005311545892913439 -0.01673065356121159 0.9998459244871315 178.85550197112505
0.9999666474385782 -0.00759184300473476 0.0030113024938952723 -0.780879351373196 0.007551605615974665 0.9998849417841926 0.013155851633885529 -1.975896943074073 -0.0031108334307389032 -0.01313267293420928 0.9999089236616157 180.19372952651165
0.9999885729731688 -0.004569130394406739 0.0014060507083634686 -0.7936306087283674 0.004556213287577443 0.9999486042681597 0.009057026763271315 -1.9975269990999691 -0.0014473612942897697 -0.009050517175169918 0.9999579957602832 181.6091649867363
0.9999992500910051 -0.0007953563178194397 0.0009312509658233438 -0.8237554460504772 0.0007874499668400307 0.9999639043551464 0.008459899856172421 -2.007127008427844 -0.0009379460588722223 -0.00845916036382988 0.9999637807762378 183.00543451570468
0.9999971869195022 0.0022916824941947448 0.0006118343425649945 -0.842575534064641 -0.0022974619864681604 0.9999511015732289 0.009618530648220202 -2.008432102712254 -0.0005897618487217737 -0.009619909447542796 0.9999535536840817 184.33019652009696
0.9999857046506521 0.005258325684400314 0.0009697919318095226 -0.8368555796177972 -0.005270187672531782 0.9999059256238364 0.0126635314836729 -2.023826389964859 -0.0009031117928007012 -0.012668461692532669 0.9999193439827919 185.7766141653517
0.9999749017787724 0.006943265522001209 0.0014095616307441318 -0.8501677158718782 -0.006963903863056191 0.9998601255117109 0.01520636256284816 -2.0413514335675345 -0.0013037827544732999 -0.015215797266036044 0.9998833830346526 187.14163341164235
0.9999876838390057 0.004721195863827221 0.0015305139440260403 -0.8563482201395153 -0.004744672730469421 0.9998652298657161 0.01571655777622263 -2.0329410502213427 -0.0014561068395536618 -0.015723626308677633 0.99987531589368 188.59340470296772
0.9999901764153221 0.004211949510870975 0.001380778084522887 -0.8539228735081437 -0.004234118388831191 0.9998554620993366 0.01646593914626197 -2.0426118081896196 -0.0013112249032123447 -0.016471624096400683 0.9998634738275796 190.01372957601458
0.999998253141002 0.001093288789966152 0.0015160589817919672 -0.861657545442651 -0.0011191517018122312 0.9998520498872866 0.01716466805406987 -2.0483906855808507 -0.0014970688542608535 -0.017166335107765204 0.9998515268427588 191.36052244259318
0.9999983084500562 -0.00014523330577057535 0.0018335776698920404 -0.8708957686345256 0.00011344025654356875 0.9998498598517105 0.017327575634927442 -2.05316447964525 -0.0018358190585078009 -0.017327338662856587 0.999848185030571 192.82233183251466
0.9999925006561222 -0.0031723209933763805 0.0022214901589730452 -0.8681478590835983 0.003131380297794282 0.999829524371232 0.01819661066434395 -2.051889199548881 -0.0022788371167498725 -0.018189518225413044 0.9998319600482789 194.1903004367009
0.9999619926467241 -0.008361304888765669 0.0024701932913709194 -0.8695409397923146 0.008310982678581616 0.999770910937468 0.01972443132395595 -2.047012914654691 -0.002634549587330594 -0.019703152296667453 0.9998024029501168 195.6352863521834
0.9999260547298925 -0.01184857287827035 0.0027379566849300386 -0.8625294428641246 0.011789980207220146 0.9997201723205703 0.020507886316688553 -2.0563987551560206 -0.00298017994896633 -0.02047408979241636 0.9997859421805049 197.04796516328264
0.9999463173852926 -0.009930236248144078 0.0029585079369260168 -0.8699454019307973 0.009878283345410232 0.9998052216991619 0.017086198046477815 -2.0631621521198116 -0.0031276019167960274 -0.017056056161034214 0.9998496432256556 198.465815135366
0.9999881728895315 -0.0035994511680831065 0.003270786062944345 -0.888929865328652 0.003560011861181489 0.9999218401799802 0.011984983824491459 -2.0703721045901955 -0.00331367005301894 -0.011973198270119272 0.9999228280793457 199.90202586372698
0.9999663273070978 0.006683384344176368 0.004761997192556839 -0.9015883630494163 -0.006735638956354081 0.999916338671114 0.011042954147131252 -2.0666546208293712 -0.004687794878311947 -0.011074657614507957 0.9999276856535219 201.34989693629635
0.99989962626712 0.012772839626124017 0.006131226109169641 -0.9236291097889755 -0.01286208204691161 0.9998085801399692 0.014743471402621937 -2.0657395225060475 -0.00594173696592142 -0.014820852175687531 0.9998725109246122 202.78293207784952
0.999870083385976 0.014483236624733293 0.007074756251626079 -0.9191064720299085 -0.014601358887575161 0.9997498859998105 0.016940064676736245 -2.0664220301882503 -0.0068276403550270445 -0.017041165277377094 0.9998314768072137 204.21012065519304
0.9998776169035427 0.014166774134748168 0.00663729585564419 -0.9190888181287256 -0.014281559710700924 0.9997434916748681 0.017578052610508328 -2.0776702384915393 -0.006386569559281944 -0.017670692645017284 0.9998234635938168 205.69294321581907
0.9999307576565888 0.01051931581051378 0.0052748335165299295 -0.9110144820167831 -0.0106125477082251 0.99978220733603 0.01796974515453428 -2.082720387785242 -0.005084655687996181 -0.018024480668790935 0.99982461680849 207.11149573099337
0.9999559465517884 0.008443857260697228 0.0040995386042908 -0.9084178626909934 -0.008514813739031181 0.9998086591063063 0.017610881092986252 -2.0832452750795767 -0.003950050748845113 -0.017645012431608244 0.9998365119553535 208.54842163229102
0.9999523205430372 0.009050061061113729 0.0036678358502388723 -0.917633777705908 -0.00911160388480919 0.9998118437531482 0.017124712477904862 -2.0827964982385065 -0.003512166313972942 -0.01715731619053243 0.9998466338357138 210.04626665005006
0.9999442990773384 0.009966327842731234 0.0034743393186386223 -0.9246745697173193 -0.010024524296416112 0.9998025743408298 0.01715579402189786 -2.0891063839390274 -0.0033026733931498724 -0.017189667371003067 0.9998467921076962 211.50231532622354
0.9999318271918648 0.011184064536330886 0.003355241729052671 -0.9283103175207874 -0.011242163160962522 0.9997778711177183 0.017827568771114303 -2.08190812383547 -0.0031551120062240675 -0.01786407394874455 0.9998354465284793 212.9488733678926
0.999939282114042 0.01061266765646145 0.002967043931770349 -0.942559991902781 -0.01066448882877025 0.9997805314446613 0.01803212793419592 -2.095926113526265 -0.0027750239986355355 -0.018062675430252226 0.9998330055580777 214.38379714594694
0.999930055837602 0.011506459385878942 0.002735836482473542 -0.9424825136027445 -0.011552213442560359 0.9997828856884222 0.01734150708495457 -2.100748228249411 -0.0025357033472516765 -0.017371899463900057 0.9998458817850054 215.86612924898918
0.9999407925358718 0.010610827239511452 0.002412829596300836 -0.9522724278660039 -0.010650216032276609 0.9997997188964716 0.01694387822956378 -2.0976263128664185 -0.0022325579631124522 -0.016968572522705713 0.9998535308915958 217.33309523375118
0.9999439270590773 0.010433816620693363 0.00181057638742819 -0.9500738596076835 -0.01046325013968548 0.9997992222729597 0.017089047799133197 -2.105116611618941 -0.0016319089978234396 -0.017107034423441164 0.9998523322231228 218.7903126072474
0.999919340552337 0.012592366124886761 0.0016567064588726564 -0.9612686852536487 -0.012618451192440035 0.9997790842181983 0.01680944591621513 -2.1142176310946326 -0.0014446698782279417 -0.01682899548534708 0.9998573387467219 220.27604429220145
0.9999453389976743 0.010343317586020443 0.0015279975508355338 -0.9698464307351248 -0.010367454489550733 0.999806172601898 0.01673717808764836 -2.1068204037701665 -0.0013545835361992802 -0.01675210499878422 0.9998587560687715 221.779000348096
0.9999220504626536 0.012434787667662806 0.0011265103562647328 -0.9759400757217497 -0.012451784128870696 0.9997846277873792 0.016602744784385854 -2.1170683913478348 -0.0009198161962408675 -0.016615478008147996 0.9998615303306003 223.25687739251805
