1.0 -6.776263578034403e-21 8.673617379884035e-19 -8.673617379884035e-19 0.0 1.0 -1.828002979293187e-19 0.0 0.0 1.0683203047244863e-19 1.0000000000000002 5.551115123125783e-17
0.9999999313448692 -0.0002646002993425489 -0.00025941631731870186 0.004907968257137062 0.00026481499983835137 0.9999996222740832 0.0008278437748747893 -0.019026451194111234 0.00025919719323286034 -0.0008279124033293692 0.9999996236886151 1.3129917092235384
0.9999993628316644 -0.0011258144134047774 -8.293380202701369e-05 0.0061354133898773745 0.0011259282589438176 0.9999984079251717 0.0013843532136188553 -0.033037182418596635 8.137515160186459e-05 -0.0013844456887948337 0.9999990383431543 2.6098387180103897
0.9999979136782493 -0.0019119615470833443 -0.0007190559868914476 0.011574375701017135 0.0019128396804782952 0.9999974235470916 0.0012222703425069968 -0.06027965345690182 0.0007167172597232945 -0.0012236432131889474 0.9999989945060347 3.939131418586734
0.9999969139977152 -0.002483265451197342 -7.339695199541727e-05 0.016647335503620443 0.0024833511096000204 0.9999962114015701 0.0011874978937189342 -0.07414404585508917 7.044780644344453e-05 -0.0011876764818160553 0.999999292230169 5.2507751231491016
0.9999960663864508 -0.0027715312981879594 -0.0004310741862165769 0.019540981409413866 0.0027722683713948 0.9999946812847773 0.0017181188143116273 -0.08802381314757703 0.00042631010810029787 -0.0017193070837889823 0.999998431119645 6.57801239250671
0.9999917676993251 -0.004048639441786849 -0.000270278620740339 0.027346710859660464 0.00404940157159252 0.9999876541421926 0.0028799156063150787 -0.11268708626152946 0.0002586155642182548 -0.002880986322142262 0.9999958165081122 7.911879008558241
0.9999908047832473 -0.004288102673440711 5.0225811888249434e-05 0.026787623289234334 0.004287902501926235 0.9999847596847873 0.003477685259439644 -0.12486160168174719 -6.51377248766169e-05 -0.003477437866786943 0.999993951571844 9.225912724234249
0.9999939492583773 -0.00341441640784255 -0.0006657370286917864 0.03049612451321243 0.0034161199760298195 0.9999908515420083 0.0025742881896869845 -0.14668467227383092 0.000656941300188776 -0.0025765468129168587 0.999996464910252 10.567737269283127
0.9999997564710416 -0.0006140704048838365 -0.00033162512140575383 0.027985491609665118 0.0006141915913234563 0.9999997446726446 0.00036527200091241 -0.161093637539813 0.00033140076154223024 -0.00036547558790696083 0.999999878300495 11.883561049064312
0.9999969183322052 0.0023997004820902916 -0.0006362097449317591 0.03104728684403009 -0.002399929306169728 0.9999970558050091 -0.0003587770226954128 -0.1836430392221322 0.0006353469684805832 0.0003603027697923645 0.9999997332583046 13.234425913170904
0.9999859053687352 0.005277452560433823 -0.0005809951349820932 0.02575215148107285 -0.0052776815274545785 0.9999859959636224 -0.0003923732917058156 -0.19985020200028614 0.0005789163176465051 0.000395434061893949 0.9999997542441366 14.574667199272238
0.9999824354200604 0.00592574758685752 0.00011984779035301412 0.025637090271058205 -0.005925825040956066 0.9999822298732582 0.0006515667391176625 -0.2191655493585663 -0.00011598464820046853 -0.0006522654833557256 0.9999997805483679 15.909173471597231
0.9999918587442683 0.004035122440770963 -1.5180992306744641e-05 0.03628300231561429 -0.004035053017422413 0.9999866728029159 0.003220647101655944 -0.2357726565415318 2.81764991856958e-05 -0.0032205595795728663 0.9999948135863685 17.270714220273312
0.9999997601315599 -0.00035830962876883427 0.0005927488683089427 0.042681702618753384 0.0003550749831146707 0.9999850952987858 0.0054482204779087015 -0.2558499190970476 -0.0005946922333534953 -0.005448008621785974 0.9999849826565775 18.615814401131644
0.999996865387776 -0.002503524964424994 -3.9708258567500154e-05 0.05390455236815227 0.0025036557076720278 0.9999899340137582 0.0037233832383103335 -0.2782763489855842 3.0386277625448106e-05 -0.0037234709283427057 0.9999930673950029 19.9699364577749
0.9999946681949317 -0.003238146715913281 0.0004218846701861331 0.05517421431210061 0.003237479615397307 0.9999935218841491 0.0015731871044903569 -0.28665938061420654 -0.00042697618473993074 -0.0015718128501489436 0.9999986735463157 21.312931595538732
0.9999991180141322 -0.0012358811877799915 0.00048638325097102343 0.0598562485285381 0.0012355653818837222 0.999999025887288 0.000649309850642219 -0.3226407421222737 -0.00048718528825131193 -0.000648708310017495 0.999999670913638 22.678957707800407
0.9999985637872914 0.0011949860954839071 0.0012018451611149642 0.05909293617251833 -0.0011972145944588002 0.9999975625882978 0.001855127002791995 -0.31884031545234476 -0.0011996254807883312 -0.0018565631783453258 0.9999975570320898 24.04173706998212
0.9999963675863737 0.0014528034902433363 0.0022702811104252114 0.06783821518752063 -0.0014673663669966916 0.9999782760532323 0.006426061231862088 -0.3306211485823306 -0.0022608961755969346 -0.00642936913106098 0.9999767755080173 25.42033953307999
0.9999972888435752 -0.00037216179507191377 0.0022986521122398207 0.08223514884707608 0.0003549101578820339 0.9999718042748194 0.007500979958451008 -0.34063883439190734 -0.00230137907111013 -0.007500143698441554 0.9999692252725797 26.79588271245989
0.9999884403399468 -0.004143451083951748 0.00243946681747983 0.0836461306541106 0.0041264360908406395 0.9999674091613807 0.006939246904878003 -0.37029091836233463 -0.0024681399515009044 -0.006929100284464814 0.9999729475582462 28.15946282821761
0.9999877208676332 -0.004469386541446586 0.0021407233313916595 0.09045617507225603 0.004460357357300689 0.9999812139932387 0.004204387954945372 -0.36833690756898707 -0.002159474333137128 -0.004194787876024776 0.9999888701488513 29.533621144410027
0.9999851045785733 -0.004608854651326586 0.002923880659197589 0.09768831538595311 0.004601470818276928 0.9999862196968713 0.0025272290458644617 -0.400533262513807 -0.00293548824606678 -0.002513737212889506 0.9999925319879518 30.912981769706942
0.9999931259607382 -0.0017921123388903765 0.0032459766935826768 0.10101652508963918 0.0017875766356695076 0.9999974226350582 0.0013997479615226159 -0.40178591915892936 -0.003248477105804903 -0.0013939358869668416 0.999993752149399 32.29725577342877
0.999993064587126 -0.0003522265019721696 0.00370765618876636 0.1084420273225937 0.00035377807133475994 0.9999998501336458 -0.0004178199105671042 -0.42996993825859026 -0.00370750877649486 0.0004191286942665097 0.9999930393306845 33.681978732389474
0.9999925359876891 0.00015851652543772462 0.0038604198825277942 0.11251462865254194 -0.00015793249322709855 0.9999999760380477 -0.00015159526966084655 -0.44229734489355316 -0.0038604441436319767 0.00015098445019650324 0.9999925370594359 35.07942077078117
0.9999937670216708 -0.00020928014462471902 0.0035245027950297583 0.12569311178302897 0.00020365915893343572 0.9999987070567485 0.0015951203592766577 -0.4680776347978072 -0.0035248323603407944 -0.001594392596519942 0.9999925167057877 36.46417624573833
0.9999939465964554 0.0011834464375602848 0.003272036859851852 0.12878912100178735 -0.0011940633271884027 0.9999940232081044 0.0032446515149710826 -0.4806639138341674 -0.003268177705570901 -0.00324853884618762 0.9999893829471387 37.870950008081756
0.9999893126140845 0.003413366620393629 0.0031182663743794118 0.13596503013054562 -0.003424356476647587 0.9999879214482998 0.0035257260362362734 -0.49575944070815336 -0.003106194373587199 -0.0035363663605407006 0.9999889227718318 39.25880144655992
0.9999758559275094 0.0060354054350333225 0.00344404414231827 0.14020036817628803 -0.006048145726746951 0.9999748620459571 0.0037007047805969412 -0.5156483503541862 -0.0034216225967385137 -0.00372144545864289 0.9999872215880026 40.655028495973994
0.9999612869071509 0.008137245239527054 0.003348121977309277 0.14654721960312797 -0.008151212977519641 0.9999580447453627 0.00417929249877196 -0.5290049028205751 -0.0033139738526281985 -0.004206421901392165 0.9999856616914361 42.079030889095776
0.9999506848036561 0.009449631278501213 0.003054901151339077 0.15283267521957955 -0.00946316026963776 0.9999453455227917 0.004444612162036994 -0.5456317912107949 -0.003012734490125792 -0.00447330193135073 0.9999854563926536 43.46855007299582
0.9999599952113536 0.008502268856281898 0.0027783798418174093 0.15434273976310514 -0.008514591926428262 0.9999538319610057 0.004453726688432968 -0.5623222194607606 -0.0027403850142023534 -0.004477205225402465 0.9999862223647961 44.89391037252194
0.9999655197957541 0.008085685547448365 0.0018923273636903609 0.1699526628824749 -0.008093256908863459 0.999959137182775 0.004027799254274103 -0.582008669232188 -0.0018596826724894292 -0.004042975409446754 0.9999900979142917 46.29240442824508
0.9999702891880193 0.007634264099268425 0.0010671211200000167 0.17053926470821304 -0.007639136491784855 0.9999600643966259 0.004638234029358441 -0.5974780425784892 -0.0010316690840025382 -0.00464624804172832 0.9999886739529041 47.72481724476649
0.999968539454706 0.007930777494483485 0.00015120524888316295 0.17203375637931936 -0.007931503131982189 0.9999527382140745 0.005622508949914595 -0.611855573794738 -0.00010660724129569598 -0.005623531267705428 0.9999841821381251 49.12196302240436
0.9999630802813385 0.008548577464688761 -0.000871716693791099 0.17589940668762058 -0.008543370786969704 0.9999466133961367 0.005812158376990397 -0.6269709417248511 0.0009213559221455444 -0.005804496312383062 0.9999827293116677 50.54445279274588
0.9999587227623227 0.008844816670868887 -0.0020789374038101367 0.17893005252018918 -0.008832218832551735 0.9999430352743706 0.00599317355255336 -0.6413282181046048 0.002131827680765407 -0.005974564455990255 0.999979879740946 51.9952324155002
0.9999547094628626 0.008998463191791857 -0.003099463379195048 0.17596468572818094 -0.008975931701424196 0.999933732642734 0.007208535708982664 -0.6544712220899522 0.003164123997401457 -0.0071803885566684425 0.9999692146939759 53.39699685775278
0.9999636515893314 0.007559857380839021 -0.0039425940746917205 0.18005835158511385 -0.007527257215684656 0.9999378906492001 0.008219200401800386 -0.6669817234990539 0.004004485523622683 -0.008189224610090065 0.999958449482799 54.85680246190613
0.9999735117079395 0.005763268756454517 -0.0044452906615728835 0.18064752421564267 -0.005724046272769554 0.9999450163623556 0.008786327842973963 -0.675388982441834 0.004495684590619862 -0.008760649932952424 0.9999515187392196 56.2581331566331
0.9999813433743292 0.0036989426237348773 -0.004861144053884328 0.17689462013207882 -0.0036586035506905117 0.9999590173517334 0.008281198297317133 -0.6894741516393865 0.004891576919656874 -0.008263258680251047 0.999953894451251 57.679705100363925
0.9999837877046586 0.0029742187268981366 -0.004855753913441242 0.17379566101552904 -0.0029320840566382403 0.9999581897281101 0.008661506040349076 -0.7049992529238509 0.00488131251636968 -0.008647128014169803 0.9999506987656164 59.13655865653752
0.9999877832055466 0.0019494184025314195 -0.004542378636371862 0.18034509969321877 -0.0019063762134475365 0.9999534277042323 0.009460875261133088 -0.7171362470790625 0.004560610674333091 -0.009452100060470243 0.999944927798616 60.53652886121976
0.9999923925309039 -7.592545525489017e-06 -0.003900617884852969 0.17321876631457012 4.7659463281322856e-05 0.9999472410007249 0.010271949790171958 -0.7239164022847833 0.0039003344285367123 -0.010272057399221001 0.9999396342890118 61.99054723078471
0.9999918870509411 -0.0017277877578119115 -0.003638760634260294 0.1812539322359455 0.001764434106230608 0.9999475173187351 0.010092045847592237 -0.7381861248621158 0.003621133051708825 -0.010098384178121074 0.9999424533572991 63.383194477179245
0.9999916569030857 -0.0026052309155568383 -0.0031462506876039284 0.18139949231040564 0.0026343097515125185 0.9999535275341808 0.009273790630112529 -0.7491205156919769 0.0031219443680360406 -0.009282001321912538 0.9999520478047745 64.80249383121712
0.9999934905343445 -0.002547408329621932 -0.0025553077253000194 0.18292841390814696 0.0025708898896389747 0.9999541122969232 0.009228425333734552 -0.7648113789881639 0.0025316821116358607 -0.009234934542171697 0.999954152230673 66.26196567159177
0.999997695983193 -0.0009189424860377055 -0.0019399927484175803 0.18141775019935197 0.000936849802391102 0.9999567796960761 0.009249922175195513 -0.7763186148504858 0.001931408916276251 -0.009251718210874586 0.9999553366840679 67.63491510521267
0.9999973831014152 0.0019355479940732418 -0.001219607852867591 0.17639104565582503 -0.0019225327231686706 0.9999421382980981 0.010584135926371582 -0.7864459331180028 0.0012400234918754933 -0.010581763339876855 0.9999432426981922 69.09036437983592
0.9999866153991054 0.005153415427792518 -0.0004597056221895962 0.17333168806022042 -0.005147525298664838 0.9999146621725649 0.012007138247185906 -0.793201800565363 0.0005215442089114338 -0.0120046110172476 0.9999278060417722 70.46148171908006
0.9999605033731227 0.008873515987440054 0.0005023944925910415 0.16662497596884285 -0.008879263535091273 0.9998772578348958 0.012908445413767766 -0.8035217822979821 -0.00038778956015444663 -0.012912396281514046 0.999916556333445 71.90276673085434
0.9999132037501726 0.01314480994798514 0.0008938236968383641 0.1674258003271954 -0.013155030094801578 0.9998341502291338 0.012594333926199084 -0.8075391651170201 -0.000728125386768216 -0.012604998882840567 0.9999202887355705 73.27631547724775
0.9998592108109696 0.016691978889843133 0.0017135840398283869 0.163208517689388 -0.016711675694345483 0.9997858355135033 0.012206680151177506 -0.8184240073642686 -0.0015094635240032253 -0.012233598269339185 0.9999240274050519 74.67593977998014
0.9998256919668376 0.01849361336308333 0.0025635745895841644 0.1612299973677232 -0.018523916487246328 0.9997521608580511 0.012348336823506998 -0.8259842361379396 -0.002334574057433767 -0.012393671674841232 0.9999204701649252 76.10410753419055
0.9998210627916898 0.01871933521396167 0.00272559228005282 0.17119177617925146 -0.01875280806709508 0.9997419372885644 0.01282150779461412 -0.8336481215495966 -0.002484879005336362 -0.012870325875871566 0.9999140863474839 77.47583940954829
0.9998386770016217 0.01773352447300397 0.0028534279327014425 0.17835198116053408 -0.017768826252451325 0.9997593919587173 0.012861844598828675 -0.8445623301280435 -0.002624655752469492 -0.012910471569058704 0.9999132116808703 78.89260575859193
0.9998548002826504 0.016849911210347308 0.0025414201770046782 0.18484020706158066 -0.016879321761575028 0.999785136236228 0.012032036261730345 -0.8516840493037697 -0.0023381355649692397 -0.01207318649073045 0.9999243827804388 80.26405113763899
0.9998595482389805 0.01660807524113862 0.0022484673652438192 0.19654578761345076 -0.016634419060157654 0.9997865557440763 0.012253125886276875 -0.8650014016479524 -0.002044486771396632 -0.012288806686761765 0.9999223996354089 81.64730121447603
0.9998696062385023 0.01603658955951626 0.0018969161663491387 0.20184102675130727 -0.016059189781864134 0.9997920600083062 0.012567386539954343 -0.868938437172078 -0.0016949838380329197 -0.012596210588504233 0.9999192279863767 83.04848126873912
0.9998707926740499 0.016006465797675697 0.0014801977101667682 0.2047746870227875 -0.016023332148860633 0.9997973531484774 0.012186283279712235 -0.877300819402769 -0.0012848385280992752 -0.012208426248440209 0.9999246489147267 84.42103849325419
0.999864745796311 0.016431192930438158 0.0007113271173111143 0.2093412575414519 -0.0164388479709303 0.9997856759871458 0.012584371501597585 -0.8836787402591958 -0.0005043984631231306 -0.012594362631528721 0.9999205606450011 85.81093840440168
0.9998795140312335 0.01552025538574944 -0.00028119322755716745 0.21044143613855537 -0.015515027680115532 0.9997879481546603 0.013540409029987648 -0.8932192022769894 0.0004912842528940675 -0.013534414686931876 0.9999082849175417 87.1701108989081
0.9999033998544207 0.013820539489157783 -0.0014777104768215294 0.216925300768107 -0.01379733365554265 0.9997966754057779 0.014705150928705106 -0.8991639656160926 0.001680643286735008 -0.014683341734482717 0.9998907814861144 88.54207552007686
0.9999274865318462 0.011757181639398692 -0.002605828622918486 0.21858477876450488 -0.01171570751913986 0.999812807848093 0.015397775427330852 -0.90551115577542 0.002786375512337619 -0.015366129534956455 0.9998780516452682 89.93216574932785
0.9999442182373353 0.010012584728472227 -0.0033628185569023195 0.22261891469851175 -0.009959104738054262 0.999829326738121 0.015560644316434582 -0.9119406563832022 0.003518047181527005 -0.01552628543110784 0.9998732708661348 91.30116374839275
0.9999552321698005 0.00863307020385735 -0.0038734667913084848 0.22055654949637438 -0.008573201387353424 0.9998474826337035 0.015215508878541067 -0.9144704662629611 0.00400423291510001 -0.015181619484148269 0.9998767346714782 92.67088148332618
0.9999620939146756 0.007660442098015155 -0.004138641299521872 0.21987552183953374 -0.007597319500965836 0.999857751376959 0.015058478259798055 -0.922799697190387 0.004253407543216115 -0.015026464655439747 0.9998780495007256 94.0300563033794
0.9999622343740099 0.007550381703370341 -0.004303667391887019 0.2150089411954968 -0.007486883965050255 0.9998656114656628 0.014584429912594206 -0.9216694764405714 0.004413207413371612 -0.014551657854793235 0.9998843797379124 95.3970607180222
0.9999633580002208 0.007463312675519267 -0.004193043313536499 0.21499747393240365 -0.007403441036529146 0.9998729344827854 0.01411750572653965 -0.9277803993800825 0.004297874244338372 -0.014085945281402106 0.9998915513258291 96.74978684040909
0.9999572050582968 0.008322557552773861 -0.004040182917897662 0.20913639710065085 -0.008266450603385343 0.9998718293809246 0.013710967291658374 -0.9358353144982179 0.0041537757503674185 -0.013676982362619501 0.9998978379269708 98.09876328314195
0.9999453682766107 0.009768431666551303 -0.003719972166400993 0.20414234219465088 -0.009715563564960814 0.9998551496511963 0.013974532645255397 -0.9381243961970995 0.0038559429207559934 -0.013937627366437862 0.9998954316515016 99.44304887602509
0.9999412768479998 0.010251025953098352 -0.003515580996658811 0.20301789385035907 -0.010195270235803203 0.9998274679108239 0.015527102131658574 -0.945545157240546 0.003674143484399769 -0.015490347810614022 0.9998732668605362 100.79767083480067
0.9999353176442453 0.010809843337769924 -0.003536636930717852 0.19738498126016113 -0.010748696737581926 0.9997998374125082 0.016874556463782556 -0.9443811770195013 0.003718340655330518 -0.016835450498135344 0.9998513597209073 102.12490195501769
0.9999410550503717 0.010332670962214628 -0.0033350146610139995 0.19667732598701704 -0.010277807908942869 0.999818062185494 0.016068889749679453 -0.9519695953103079 0.003500442743074709 -0.016033665699500488 0.9998653251573583 103.47629619747258
0.9999413802856771 0.010340160277263599 -0.0032120188618911067 0.1947149072912373 -0.01029469786101663 0.9998509193543844 0.013862116909312917 -0.9546956903477822 0.003354876807318356 -0.013828237353992013 0.9998987571963829 104.81048960618044
0.999947615622197 0.009666798462374141 -0.003364373270896854 0.1918874303559065 -0.00962309278350776 0.9998721101815895 0.012773385880587119 -0.9574873020161319 0.0034874210443096004 -0.012740340895918164 0.9999127569939397 106.12486033299245
0.9999637629360807 0.007862941163227494 -0.003262968391049844 0.1891573904596785 -0.007816688352341486 0.9998720862065735 0.01395387497745311 -0.9667601683539413 0.0033722697955458226 -0.013927863522781051 0.9998973159297929 107.47858629329218
0.9999846196428084 0.004861949959692527 -0.0026686918986208157 0.1938938161468583 -0.0048186811435005075 0.9998605813108097 0.015987441016049313 -0.9640574825482612 0.002746050202985389 -0.01597433531775488 0.9998686312741347 108.80213047544882
0.9999929875713673 0.0032832773723805954 -0.0018013594171474717 0.19512989462809394 -0.003252175507356671 0.9998501084951946 0.01700540837473618 -0.9721218190792701 0.0018569230378579354 -0.016999430542984455 0.9998537749004643 110.13735873435621
0.9999952865630631 0.002866413308548688 -0.0011002386385227676 0.19823240718697321 -0.0028484738250998563 0.9998683415728397 0.01597453389471984 -0.975847801361209 0.0011458834963564493 -0.015971324368044524 0.9998717936487546 111.47539484510372
0.9999905065145892 0.004340039264119717 -0.0003885072229750236 0.19868812284033732 -0.004334308643533218 0.9998967087805972 0.013703486879710841 -0.9748265092624216 0.0004479408037583142 -0.013701672678043928 0.9999060273358338 112.78702209108886
0.9999719807918116 0.00745488622577626 0.0006799245729066259 0.20239962382845111 -0.007462534264754871 0.9998996720119223 0.012039788575922715 -0.9861829324218568 -0.0005901011501802849 -0.012044525018000893 0.9999272879498814 114.13298387220118
0.9999495859119991 0.009794676126329373 0.002211322010351174 0.20114070206208212 -0.009820195845730606 0.9998816791760754 0.011840245838734472 -0.9836881596862675 -0.002095089163609898 -0.011861364368856075 0.9999274566816014 115.44220867097015
0.9999330712077068 0.010978491198037475 0.0036504553987120308 0.2025352463802761 -0.011027880752037839 0.9998440113103606 0.01379633710265258 -0.9884301485770475 -0.003498423292556058 -0.013835670319030146 0.999898162438698 116.7930600258118
0.9999311054613609 0.010834409585951424 0.0045166235490331184 0.21021551862237542 -0.0109061810494967 0.99980960293291 0.016180640439897503 -0.9881600202812422 -0.004340456270881439 -0.0162287845633424 0.9998588835307839 118.11279912726286
0.999929596977262 0.010569890380419394 0.005392447955286245 0.2226890143083733 -0.010660692363863904 0.9997969959386303 0.0170972681437942 -0.9934707228926516 -0.0052106374489478795 -0.01715355142677806 0.9998392895433461 119.46772396607037
0.9999177314835028 0.01109969990693032 0.006428601234657194 0.2337883072321988 -0.01120505482456819 0.9997995732959476 0.01659096174868106 -0.9920532664340443 -0.00624315859357949 -0.01666162942497948 0.9998416939998956 120.7932628166116
0.9998929098838574 0.012402802663170199 0.007767833224205674 0.24400835407329857 -0.012528695211430673 0.9997874491869331 0.016373401464901707 -0.9921559029534267 -0.007563106726568423 -0.01646896861422596 0.9998357727524914 122.10457084708868
0.9998585344593354 0.014293155472190396 0.008866608841289548 0.25292993877324643 -0.01443504541616391 0.9997653680105177 0.016150493068293064 -0.9882256459925829 -0.008633687660736418 -0.01627619799839231 0.999830257995579 123.46794471096133
0.9998315946233419 0.015298587077872338 0.01013585708274628 0.2669739741399165 -0.015454037990599094 0.9997613609975461 0.015440006606166056 -0.9918085855095417 -0.009897228809723588 -0.015594046123556663 0.9998294207398927 124.78870482557008
0.9998006294481653 0.016579313740310013 0.011127788550150203 0.2817714942200584 -0.01674305502452983 0.9997504872677025 0.014786255700366166 -0.991429210782464 -0.010879866958099912 -0.014969620718786677 0.9998287548086654 126.13617334279611
0.9998023803981951 0.015759879672478782 0.012117190719871206 0.2995146653359336 -0.01593830424543014 0.9997638515860244 0.014771985589688296 -0.995839130528376 -0.011881525538438267 -0.014962193614410908 0.9998174643935713 127.49087611542356
0.9997983797600073 0.015256873048489937 0.013054793070077814 0.3165941605827204 -0.015461632138108247 0.9997567229970412 0.015729996569672083 -0.995421382152856 -0.012811627645852891 -0.015928673264328348 0.9997910479489239 128.81058903180872
0.9998060330064922 0.013984373485885104 0.013868440150871804 0.3382100359143737 -0.014217531349091836 0.9997567984516113 0.016858404078476486 -0.9937037230259542 -0.013629314242100319 -0.01705230884287097 0.9997617018821416 130.16676850923346
0.9998158956764074 0.012924555599190035 0.014182051604624865 0.36200407259799594 -0.01317031359646259 0.9997623090146893 0.0173743588989669 -0.9936456278109683 -0.013954125955153166 -0.017557942019666904 0.9997484688834136 131.48500795753733
0.9998328981208222 0.011527843384567329 0.014187481732839114 0.38593006458197365 -0.011780568175002636 0.9997710861346925 0.017860391190837613 -0.9959681982213336 -0.013978343395589666 -0.01802454302288841 0.9997398270340502 132.84029268278286
0.9998583921322008 0.009399434342731704 0.013958735521247014 0.40817039349065587 -0.009658112491364591 0.9997807049170115 0.018581253083202572 -0.9896362479743447 -0.013781022321529782 -0.018713436600287087 0.9997299088786332 134.18497621743222
0.9998798069005015 0.007861067496652888 0.013363208995483405 0.4325324957642942 -0.008108125071762942 0.9997953294211351 0.018535306853324895 -0.9913651682851888 -0.013214767745359918 -0.01864142933879938 0.9997388994216301 135.50713130438132
0.9998984531758387 0.007424669605594351 0.012163782503206141 0.4523753923863374 -0.007650354778497141 0.9997974834066118 0.018613550698436534 -0.9909139821618517 -0.012023120675495685 -0.01870471753362965 0.9997527584859186 136.8535694611415
0.9999251011102969 0.005084052309551825 0.01113303970682181 0.4752930130903909 -0.005302728658764925 0.9997918454671038 0.019701442299900163 -0.9830649196142692 -0.01103056007284365 -0.019759001887292158 0.99974392149941 138.1828298635325
0.999941651647995 0.0039023161275038485 0.010072994701748446 0.4963442227080166 -0.004103058153632142 0.9997918493883827 0.019985565592519836 -0.9821475883213786 -0.009992908842268469 -0.020025729261485565 0.9997495245934193 139.52267466230967
0.999956453116886 0.0031644121084502866 0.008779428335055703 0.5129523255584629 -0.003341011950130735 0.9997909029471095 0.020173944699840296 -0.9785923596013743 -0.008713754636184276 -0.020202398070446024 0.9997579374903498 140.8733070763801
0.9999678194547487 0.0027471679567037653 0.007537447881825948 0.5251962825089033 -0.0028964920295345897 0.9997983355220196 0.019872056815081435 -0.9746192196551243 -0.007481336594164676 -0.019893249191599165 0.9997741185993905 142.20243009982613
0.9999760007158773 0.002245845650642992 0.006553942939375807 0.5391593534594782 -0.002373402629305874 0.9998066464112247 0.019520163214481863 -0.9640890162009129 -0.006508836981620386 -0.01953524960745795 0.9997879820469144 143.54671828048782
0.9999840173351184 0.00045487250537782525 0.005635438299685551 0.5582518984326325 -0.0005531063509023351 0.9998477209502021 0.017442161590893953 -0.965215477291774 -0.005626646651804231 -0.017444999562823124 0.9998319922973505 144.89353086096594
0.9999829431678106 -0.0035885153065498545 0.004608245878238878 0.5665416844085897 0.0035108847662610547 0.9998536270401419 0.016745094807207636 -0.9728085959688363 -0.0046676617768621215 -0.01672862992570821 0.9998491715545589 146.2116871464605
0.9999206015912588 -0.012097277447992934 0.0035279424105142043 0.5876494697227366 0.012026414127532017 0.9997383036841765 0.019459947163633848 -0.9619526270810678 -0.0037624318603614957 -0.019415973294777445 0.9998044129067888 147.59032428300685
0.9997986324816923 -0.01997123249357239 0.001960694181711761 0.6113858677395783 0.01992556238767258 0.9995796622255069 0.021058748521879198 -0.9545754415378749 -0.002380439397120528 -0.0210154397314005 0.9997763173726878 148.9068529017547
0.9997376852669705 -0.02289046690573381 0.0007662445182745675 0.6312589069686493 0.022872765156655126 0.999573056655604 0.01818078908036136 -0.9543190922725918 -0.0011820842331963736 -0.01815849359308653 0.999834422176586 150.23216039426578
0.9997725314672571 -0.021292239062099892 0.00123524697596873 0.6364736358128872 0.021271179328274503 0.9996596814232663 0.01510160009321687 -0.9571931042549086 -0.0015563736158074968 -0.015071889571964652 0.9998852013263445 151.60668831032092
0.9998316514715978 -0.018222683407524098 0.002145342122362912 0.6367030909509264 0.01819356927905802 0.9997514172774088 0.012887890941356906 -0.9567896203996438 -0.0023796609895739822 -0.012846689663700544 0.9999146462404822 152.93929224384794
0.9998379886514597 -0.017754168906609944 0.0029641027761033497 0.6430893475979754 0.017713299816399294 0.9997548025788195 0.013288106455043943 -0.9620094078612377 -0.0031992955464543405 -0.013233449394679226 0.9999073158611934 154.29819679592345
0.9997710340196377 -0.02111768468670929 0.0034529531241055773 0.6546493539029916 0.021059522043607275 0.9996486964184996 0.016092866091238497 -0.9566539041015397 -0.003791584486177373 -0.01601646359380432 0.9998645392079826 155.63188832197667
0.9996099816230547 -0.027648022471864805 0.003933372349263412 0.6752530997958103 0.027566297039443553 0.9994297062709124 0.019502860945449868 -0.9560956591654334 -0.0044703450935676126 -0.019386825674455675 0.9998020639034706 156.96964146063763
0.9995090388062708 -0.031095157996530738 0.003843487862516875 0.6988338569038929 0.031008292124451678 0.9993005201435022 0.020903501534469383 -0.9528063993027847 -0.004490797490206644 -0.020774058424913085 0.9997741100935228 158.31581767529113
0.9994683415521827 -0.03238226805008447 0.0037977424952448033 0.7156222422066232 0.03229530907774765 0.9992561176526228 0.021076633259955586 -0.9507053163262906 -0.004477426995926546 -0.020942778112369703 0.9997706500348167 159.6556572682573
0.9995008531384747 -0.031219387941992877 0.004836765043171095 0.7248217079709167 0.031107753936294863 0.9992814622624456 0.02165333556829586 -0.9386552463728308 -0.005509294000773616 -0.021492066159499768 0.9997538390774746 161.0156136373612
0.9995783058733103 -0.02842685849266041 0.005926555792613564 0.7290138289123063 0.028295323214031276 0.9993745971734711 0.021208236822309746 -0.9287948451010927 -0.006525733411498974 -0.021031599311453684 0.9997575139069612 162.36693137526527
0.9996866081415646 -0.024076723028765335 0.006855425026396766 0.7376429135999881 0.023939965405571164 0.9995255849962299 0.01937738553260252 -0.9257835577421503 -0.007318717275869313 -0.019207193896822922 0.9997887377154279 163.71184292703882
0.9997338423492262 -0.02179868228790256 0.007553930337176594 0.7479083283866017 0.021653811599819443 0.9995895594584677 0.018757002146822258 -0.9162197673066677 -0.007959708502735195 -0.018588438169315984 0.9997955355925993 165.0644184708377
0.9997646267220837 -0.020204265698361548 0.007904350731134966 0.7602348083024061 0.020041993875498862 0.9995971387625714 0.020096734038027968 -0.9099996485582645 -0.008307206831673738 -0.01993358456223966 0.9997667940593434 166.41584858263735
0.9997874289452827 -0.019125115773600376 0.007702391292887573 0.7746746914448677 0.01896573909225014 0.9996148587362598 0.020259195203012347 -0.9025417206665137 -0.008086884921958437 -0.020108806845872573 0.9997650914897919 167.75396238705375
0.9998368551957434 -0.016527142368585074 0.007288108732066462 0.7852233714733481 0.01639344486236811 0.9997028974876888 0.018038064319088058 -0.8996461402603979 -0.007584061714727523 -0.01791564403124773 0.9998107379355664 169.1286392272431
0.9999006343548873 -0.012380377835543428 0.006741486857368179 0.7941231349906198 0.012275494365530984 0.9998063139077235 0.015383333111840043 -0.9002035647555219 -0.006930633186244228 -0.015299049229091094 0.9998589427530875 170.50796015067402
0.9999573527763398 -0.006594159907611862 0.006466040392649413 0.8039659328032207 0.006501654113870139 0.9998776864422344 0.014224649942923944 -0.9004689472397854 -0.006559049676247109 -0.014182003136299347 0.9998779173691081 171.87172529151448
0.9999742161396209 -0.002390402632837867 0.006771486500088907 0.806755830963164 0.0022866015705460606 0.9998803999660548 0.015295660555740994 -0.897889527157479 -0.006807239988270352 -0.015279782261145193 0.9998600850742669 173.24729583363757
0.9999715614581912 0.0007038507795898516 0.007508719404362386 0.811782233191817 -0.0008369234554909193 0.9998423897416067 0.01773401399087888 -0.895049003075841 -0.007495054481010952 -0.017739793627992193 0.9998145447356277 174.60621763433747
0.9999704216630259 0.0009816928469784639 0.007628373104482563 0.8238431813149731 -0.0011336511605281648 0.9998005076020475 0.019941410528789352 -0.8879531251783015 -0.00760727559869085 -0.019949468320325053 0.9997720480457339 176.0083063685612
0.9999757073698918 -0.0014313621124017947 0.006821720540353951 0.8411664278149826 0.0012849123520532837 0.9997696451499244 0.021424417359347303 -0.879856366078285 -0.006850815797473956 -0.02141513128049278 0.9997471972726202 177.39344455958118
0.9999780788371828 -0.004089287248962526 0.0052076456281263655 0.8516508810713922 0.003977282316534831 0.9997643740088777 0.021339580864111692 -0.8706659715515577 -0.0052936826921866666 -0.021318400489273626 0.9997587222438192 178.7784119073211
0.9999820045703216 -0.0051177934052499055 0.0031302913597581893 0.865687803048452 0.005061550881924231 0.9998301974987807 0.01771882874202543 -0.8682666918169405 -0.003220441404880387 -0.017702665497714622 0.9998381090825903 180.11497793800163
0.9999958987064723 -0.0023886865196390684 0.0015801097394740615 0.8633099493343404 0.002367073550213158 0.9999055066904085 0.013541590228271826 -0.8707895824722792 -0.001612307179595411 -0.013537794257734756 0.9999070599707984 181.53136173009904
0.9999985002227912 0.0014390789355133654 0.0009636410524970496 0.8586570227525755 -0.0014511941593355448 0.9999184028936343 0.012691792693319852 -0.8649932943888872 -0.0009452980093152671 -0.012693171905171472 0.9999189916122968 182.91850511780873
0.9999849826143592 0.005437026565423621 0.0006879572721733796 0.8568342970745776 -0.0054460811420969394 0.9998882052826928 0.013925413904426897 -0.8647359011091242 -0.0006121675661816574 -0.013928951251562004 0.9999028000535458 184.26607666340664
0.9999733545566382 0.007244984259989815 0.0008946367636408457 0.8616693971752936 -0.007259318616118391 0.9998253772276846 0.017219679628133762 -0.8607005677503543 -0.0007697242937038072 -0.017225715007368195 0.9998513300736898 185.7092364195687
0.9999683489152205 0.007832919285486779 0.0013951837109931822 0.864557968876672 -0.00785920002386621 0.999770118139594 0.019948530677074985 -0.8580747852956042 -0.0012386078538529693 -0.01995886402474255 0.9998000347954717 187.07502188699223
0.999971042015795 0.007443925869746132 0.0015821164477274217 0.8683511334236174 -0.007474889654025705 0.9997606807322128 0.02055984710029943 -0.8501407928808605 -0.0014286919560736805 -0.02057107757794597 0.999787372187381 188.51949974102948
0.9999794199848022 0.0062581612454850975 0.0014124522005014425 0.8787988491587331 -0.006286817530092604 0.9997536197450808 0.02128792515910019 -0.8439721233717964 -0.0012788810368275384 -0.02129636657530754 0.9997723887024592 189.91899241275843
0.9999941785204105 0.003098049606226764 0.001430039638618378 0.8889415640507954 -0.003128806326487802 0.9997523905116735 0.022031074891911435 -0.8350652413687633 -0.0013614322972774155 -0.022035420636991664 0.9997562636544381 191.2966256935119
0.999997765078114 0.0011396495642896566 0.0017807408419747628 0.8963034245812387 -0.001179061000254278 0.9997508528629994 0.02228995374897281 -0.8271369225961756 -0.001754894586001518 -0.02229200321211574 0.999749962197657 192.7392099127868
0.9999951568635483 -0.0022721805543306434 0.002126839183785028 0.9066645617333299 0.0022220210773198686 0.9997261274519882 0.023296625017617503 -0.8150020714585555 -0.0021791910226072993 -0.02329178596961699 0.9997263344575186 194.1330148521034
0.9999732059411287 -0.0068732407135222925 0.00251911843979035 0.9227609510197987 0.006808421331236274 0.999666891704438 0.024894799865841907 -0.7996879221508641 -0.002689387480247653 -0.024876981251756854 0.9996869024707614 195.57561182312355
0.999942328333311 -0.010378761439752728 0.002760671688849056 0.9370714458020828 0.010305119017741594 0.9996224271148937 0.025471705264852436 -0.7905602275129976 -0.0030239943434671812 -0.025441786848332565 0.999671731576018 196.9817006201414
0.999958589086581 -0.008607423658302624 0.0029550572021152808 0.9463205183657621 0.008542284640261131 0.9997347032402989 0.021390477772039156 -0.7785264863658952 -0.003138390405373527 -0.02136434872196865 0.9997668303594909 198.4125623080823
0.9999934595220566 -0.0013310247514869817 0.0033629282480965163 0.9423511510392925 0.0012752476236377623 0.9998624912610394 0.016533974982482613 -0.7743804268875893 -0.0033844732299378225 -0.016529578036474465 0.9998576490554817 199.8401508618873
0.9999558792756699 0.00816335971908588 0.004647478196556485 0.9407691135920275 -0.00823734928403959 0.9998359692633855 0.016130116733868126 -0.7628379612947999 -0.0045150402972700164 -0.01616768773004981 0.9998591002082144 201.27105172083228
0.9998708354769033 0.014933922573386651 0.0059405636756287876 0.9344408228530612 -0.015050349732757437 0.9996854536700654 0.020061922533087834 -0.752531772280966 -0.005639092362237081 -0.020148738516410553 0.9997810905161734 202.71170768578887
0.999840363748708 0.01651018146878992 0.00683087832942756 0.9444320507328321 -0.016659413711314325 0.9996102971803209 0.022399057040093047 -0.7431795040748068 -0.006458404355357308 -0.022509279443858644 0.9997257730646183 204.1453598882358
0.999864773591854 0.015157585061958256 0.00637825381709952 0.9595581409445852 -0.015301093531795379 0.9996163669082355 0.023086697317241656 -0.7324324849775204 -0.0060258688286876 -0.02318116931148839 0.9997131199852037 205.59778576688953
0.9999177538642733 0.01175818778837287 0.005121573313221596 0.9771904178972315 -0.011874433610226645 0.9996582034447954 0.023291074475657293 -0.7218648497774316 -0.0048459623512535875 -0.023349974321158585 0.9997156072221632 207.02918291220467
0.9999427407301271 0.009934602050473503 0.003977302322408132 0.9948189180394053 -0.010023756296301875 0.999683807352406 0.02306099870120231 -0.7166782543732859 -0.00374694319392228 -0.023099545421815654 0.9997261481993344 208.47214938757406
0.9999390431384817 0.010461421479864811 0.0035310986266259914 1.0029164383620954 -0.010538164564863435 0.999692123840325 0.022463406986182002 -0.7023062109354526 -0.003295012589397679 -0.022499248661974152 0.9997414299096976 209.94843829960098
0.9999282903020105 0.011482561563586494 0.0034007383100960425 1.0078170562451327 -0.011557009066356243 0.9996744578981251 0.02274673172836642 -0.6914043442448764 -0.0031384407378914673 -0.022784402602809114 0.9997354755951986 211.4068679458598
0.9999164699690204 0.012512283659157063 0.0032397264303446168 1.0153111876552599 -0.012585190541181799 0.999643279973985 0.02355686359081614 -0.676842664487749 -0.002943820837747732 -0.023595668120366783 0.9997172491957267 212.86487771598942
0.9999220342888268 0.012122510699172334 0.002995006516425259 1.0211911369382631 -0.012189906597888529 0.9996468168705486 0.02361456620769259 -0.6689039118962663 -0.002707681121576107 -0.023649233590758593 0.9997166509506882 214.3170575805655
0.9999237019825619 0.012063178351702213 0.0026589335647161745 1.0305685338964292 -0.012120660508337926 0.9996670020633603 0.02278101430229008 -0.6563151787509491 -0.0023832369020480105 -0.022811503859056132 0.9997369431251671 215.77825622432428
0.9999312620540968 0.011491649345729622 0.0023266176528125015 1.0366628314557806 -0.011541185274716618 0.9996794909517245 0.02253256419983619 -0.6463414202367405 -0.0020669357931597243 -0.022557866958556848 0.9997434022741817 217.25857890155527
0.9999284719455969 0.011824916682992447 0.0017950834744499562 1.0454097011117796 -0.011862449262880258 0.9996747035688597 0.0225780729749169 -0.6344296614579349 -0.0015275158321212904 -0.022597751770913804 0.9997434712396599 218.72234683965755
0.9999205053663583 0.012509163545514594 0.0015823274991304172 1.0489195331715633 -0.012541622216021125 0.9996680189001668 0.02250688204070321 -0.6253995290491304 -0.0013002600323929487 -0.022524937494252106 0.9997454358439973 220.2052336861772
0.9999271544985069 0.011986805236639156 0.0014149851614039177 1.0569220972937263 -0.012015692868101745 0.9996731746313243 0.022564730998432873 -0.6150429414002381 -0.001144043764200929 -0.022580088961676785 0.9997443826911343 221.67728812071616
0.9999143216789693 0.013055174547171922 0.0009548310735610797 1.0586507322082566 -0.013073273446019345 0.9996642517420495 0.022371261706723825 -0.6018429354342901 -0.0006624498150944345 -0.022381827420652044 0.9997492760377815 223.1717069727811
