1.0 -3.469446951953614e-18 0.0 -1.5585406229479126e-19 0.0 0.9999999999999999 -3.5744790374131474e-19 0.0 2.168404344971009e-19 -2.405573570202213e-19 1.0 0.0
0.9999999116962353 -0.00033894994714273735 -0.0002484363371369404 -0.005433333270004817 0.0003391216368715706 0.9999997035675902 0.0006912746200272493 -0.0219436617337204 0.0002482019775568577 -0.0006913588226912965 0.9999997302095862 1.3126428086706965
0.9999993386189966 -0.001150075672344061 -9.449268425166125e-06 -0.018998246421663617 0.0011500863377699524 0.9999986068646535 0.0012097802244701679 -0.042251392530554495 8.05791819906334e-06 -0.00120979031478962 0.9999992681710665 2.6092790174892633
0.9999983496645221 -0.0016716592737209476 -0.0007114948433795129 -0.022468150260985746 0.0016725175118712764 0.9999978726591605 0.0012072114960159724 -0.07408983066828362 0.0007094753445479913 -0.0012083995144118332 0.9999990182078538 3.9391019869715445
0.9999972292940386 -0.0023539923287425237 1.1307153686775442e-05 -0.03144251493860427 0.002353977430098868 0.9999965272304786 0.0011850373772211763 -0.0927178309969849 -1.409668338129286e-05 -0.0011850074985889907 0.9999992977790925 5.24987543246678
0.999996322225077 -0.002684206615323797 -0.00038803925171193576 -0.03926888352148765 0.002684839035832538 0.9999950541209899 0.001638099124005698 -0.11206529688975435 0.0003836403699491416 -0.0016391349529403403 0.99999858302777 6.578150943153225
0.9999930288260248 -0.003726590070270097 -0.00023415935447187032 -0.04374610125582279 0.0037272450960507877 0.9999889610171505 0.0028610281607288146 -0.14287991046011903 0.0002234949119261395 -0.0028618810390452012 0.9999958798354313 7.9113919929105885
0.9999917801090944 -0.004052584400991384 0.00012759170361144236 -0.055584699716458595 0.004052117895249452 0.99998577779763 0.003467641391001912 -0.16059202382437676 -0.00014164280725904605 -0.0034670959358602113 0.9999939795736653 9.225387030931415
0.9999946085883166 -0.0032224877264116422 -0.0006311661620168566 -0.06466660475504532 0.0032241794381271983 0.9999911639485957 0.0026975334317064967 -0.1862635784685974 0.0006224678716441985 -0.002699553932401726 0.9999961624645425 10.565501195203566
0.9999998154104225 -0.0005274652503648204 -0.00030159559245168535 -0.08046659440169426 0.0005275499904540057 0.9999998214072764 0.000280847899204092 -0.2066197394513658 0.00030144742682054293 -0.0002810069594944324 0.9999999150825196 11.881221540995673
0.9999970672466131 0.002337748634780021 -0.0006327909070797549 -0.08582240198999568 -0.002338043678944167 0.9999971583446842 -0.00046568071832112296 -0.23579461940661373 0.0006317005172903143 0.00046715885227830643 0.9999996913589548 13.231489307632195
0.9999869150341263 0.005088143152441128 -0.0005296687628060218 -0.10585335357154119 -0.005088366480408259 0.9999869657642876 -0.0004205212360005052 -0.25669589375053714 0.0005275222306327409 0.00042321088628851034 0.9999997713067835 14.571514791797835
0.9999831868786115 0.0057950351713680365 0.00020860528879897925 -0.11567487426801115 -0.0057951420548375925 0.999983076112666 0.0005136422317699271 -0.2822765217778914 -0.00020562520092465611 -0.0005148425075406157 0.9999998463276045 15.907480372103976
0.9999920961852318 0.003975436176016429 5.8880151971277446e-05 -0.12101803572450764 -0.003975596122645854 0.9999875372621858 0.0030199275928952515 -0.3067367897974719 -4.6873890531175504e-05 -0.0030201378701826143 0.999995438274895 17.269893807179066
0.9999996936230907 -0.0003834007828115108 0.0006824655189669319 -0.12625760338539288 0.0003796802908286878 0.9999851125373809 0.005443394579984489 -0.3321598980207032 -0.0006845424139357579 -0.005443133899978852 0.9999849517344424 18.611969118708643
0.999997172446306 -0.0023776879154127663 4.126906837437737e-05 -0.1265480526938212 0.002377515433603209 0.9999900552073655 0.003773182006346448 -0.35866368482422506 -5.0240108239244614e-05 -0.0037730732921294925 0.9999928806719461 19.96663044342446
0.9999948316963454 -0.003182174303609897 0.00045864202492525955 -0.1374378551628627 0.00318147469343524 0.9999937860391976 0.001518583880248699 -0.3736619775751201 -0.0004634716112579336 -0.0015171169008391045 0.9999987417741746 21.31054654365089
0.9999993088481897 -0.001064964431278289 0.0004981528930761759 -0.14280832275622918 0.0010646276742519306 0.9999992048434188 0.0006759280189555697 -0.41509560574036103 -0.0004988723778018623 -0.0006753972165212627 0.9999996474820915 22.677901354296353
0.9999985416927439 0.0011873769659335445 0.0012274966616029122 -0.15888302456630604 -0.0011895165505714815 0.9999977722313311 0.0017437271803862626 -0.41627917534099357 -0.001225423567754388 -0.0017451847993998093 0.9999977263302342 24.04005464306139
0.9999959458741748 0.001579648276872985 0.0023691658776066864 -0.16580840807578376 -0.001594458728734158 0.9999791192549428 0.006262488051611146 -0.4346795850218058 -0.0023592240735942835 -0.006266240322704645 0.9999775838949805 25.41949164469299
0.9999971238222304 -0.00038919705476507527 0.002366617141243141 -0.15636539937404856 0.0003718005471017201 0.9999729427397996 0.007346805428914651 -0.4509890193017233 -0.0023694126563543524 -0.007345904531206996 0.999970211340896 26.794384886062232
0.999987832002744 -0.004233200005935902 0.002532957407411147 -0.17422569280701708 0.00421569071394692 0.9999674561424524 0.006878560915634483 -0.4850407748721811 -0.0025619935099618404 -0.006867799182339155 0.9999731344001731 28.158609046325008
0.9999871669842695 -0.004580711662218141 0.002164013968765831 -0.17589591294368992 0.004571837404849054 0.9999811919961705 0.0040882697712162856 -0.4899208182420026 -0.00218270063382867 -0.004078323861478512 0.9999893014879453 29.530443153155932
0.9999856923655884 -0.004456303980407885 0.0029591263419182735 -0.1800214142397631 0.00444908887486156 0.9999871247576652 0.002440475505383149 -0.5298747168103697 -0.00296996399186301 -0.002427275213877117 0.9999926437957197 30.912948897632745
0.9999922790856822 -0.002144115809109762 0.0032931054855222333 -0.18939494762750447 0.0021397124367438843 0.9999968128306251 0.0013401327850312355 -0.532451906315018 -0.0032959686670333823 -0.0013330761611684983 0.9999936797273139 32.29480513942805
0.9999931009241697 -0.00012043832352376035 0.0037126275585913533 -0.19504772447524527 0.00012227111924615654 0.9999998707831008 -0.0004934403900930563 -0.5702601167349507 -0.003712567963859303 0.0004938909457855013 0.9999929864285392 33.68052268044695
0.9999925499772019 0.00037186991695993717 0.0038420966775048657 -0.20324396939883274 -0.00037092659436958886 0.9999999008902537 -0.00024623888592483146 -0.5888941889340795 -0.0038421881904696664 0.0002448119232712118 0.9999925887987196 35.077623619806744
0.9999937102049609 7.165756196328942e-05 0.003546042859417091 -0.2021157247029828 -7.701358600512714e-05 0.9999988565183939 0.001510308143566859 -0.6217993873219463 -0.0035459308780193743 -0.0015105717644566463 0.9999925722439272 36.46322690828829
0.9999938468785436 0.001140198791988077 0.003317552407345852 -0.211889493726011 -0.001150130004163359 0.9999948591214673 0.002993147671137563 -0.6372543475177064 -0.003314122846564842 -0.002996944927744868 0.9999900174038123 37.867778785147905
0.9999888374753467 0.0035063993236900057 0.003167031099372628 -0.21683376318647601 -0.003517086778015337 0.9999881187113939 0.0033752840576231277 -0.6594701125239311 -0.0031551586413429487 -0.0033863851709982507 0.999989288625682 39.25581946890469
0.999974764111744 0.00617932869969429 0.003505285762669147 -0.2239337232327301 -0.006191425588013822 0.9999748793640303 0.0034506378986733956 -0.6852854012449761 -0.0034838753738599994 -0.0034722536050588904 0.9999879029586606 40.65027901065159
0.9999599158314234 0.00828224912336046 0.0034016269892387747 -0.22882740826139003 -0.008295652138070209 0.9999578087118746 0.003944992879604091 -0.7054554671307172 -0.0033688103383940405 -0.0039730535439595795 0.9999864328875006 42.07554318536889
0.999949144631272 0.00958400014898662 0.003139279336448121 -0.23757654116357807 -0.00959711443386302 0.9999451714948147 0.004189202711971304 -0.728085960805241 -0.0030989581541123546 -0.0042191177795302785 0.9999862976563666 43.46412819039646
0.9999605283759939 0.008457533100441636 0.0027224637735041696 -0.24382860848042004 -0.00846882136688215 0.9999554788228552 0.004161664845065979 -0.7488397908956806 -0.0026871453722635526 -0.004184556723538288 0.9999876342896263 44.89536936156377
0.9999654346858596 0.008051993389912979 0.0020723951049421386 -0.2493924080191004 -0.00806002267213448 0.9999599301525179 0.0038953998959528327 -0.7759548863278767 -0.002040946499991446 -0.003911968883372516 0.9999902654700613 46.286100382994896
0.9999694187299039 0.007725099346305627 0.0012183720151402219 -0.25992533033885 -0.007730487632217691 0.9999600783776852 0.004481208236664256 -0.7983381593949765 -0.0011837056938185427 -0.0044904898988782855 0.9999892171121646 47.719046316006924
0.9999671615452758 0.00810063025268579 0.00023580397406816438 -0.26767468109144216 -0.008101799131940063 0.9999522326145615 0.005467481689247505 -0.8184203050163066 -0.00019150267501739406 -0.005469212695874416 0.9999850254080055 49.11916320000033
0.9999624859215273 0.00862849078555594 -0.0007588651568504272 -0.2776146075944084 -0.008624082528125819 0.9999469467532207 0.005632840922036436 -0.8404162629173646 0.0008074278848285144 -0.00562608521361326 0.9999838474835795 50.539163453189246
0.999957905928139 0.008961893170375566 -0.0019674398306743644 -0.2878711363000928 -0.008950233643138674 0.9999427902723269 0.005857432742675587 -0.8601362307594984 0.002019821135326103 -0.005839577256920811 0.9999809096502591 51.99001854104076
0.9999532096231205 0.009211493911371705 -0.0029541358455763157 -0.3039663976261488 -0.009190342737880252 0.9999325939551971 0.0070954326696556665 -0.8801854047933362 0.003019296514097043 -0.0070679512995903805 0.9999704635239753 53.390461540710874
0.9999621930128952 0.007891858567423702 -0.0036511764680098456 -0.31846132328588006 -0.007861968632475118 0.9999360466875408 0.008129698543953826 -0.900145730791022 0.0037151017143003846 -0.008100685918411007 0.999960287669563 54.8471016444967
0.999973222541062 0.0059425279618307 -0.004270894780901155 -0.32606510876932304 -0.005905398930895771 0.9999451136438879 0.008654245913169434 -0.9136531236080183 0.004322088837235718 -0.008628793015119294 0.999953430660686 56.250525412630886
0.9999818467207019 0.0036320947791191787 -0.004807712604927647 -0.3398774823660213 -0.0035929692714823597 0.999960561959037 0.00812189033556798 -0.9321171925148497 0.00483702288874477 -0.008104469099421212 0.9999554594090815 57.676158762059366
0.9999841529550998 0.0028552444293339797 -0.004851948405336213 -0.3542182038197058 -0.002814217545847178 0.9999604082998697 0.00844168317780129 -0.9531704336395471 0.004875859796010762 -0.0084278951359989 0.9999525971699389 59.133957840994775
0.999988101208296 0.0020557247862401954 -0.00442396037320354 -0.36369256173795383 -0.002014161690664113 0.9999539871257696 0.009379060958922424 -0.9736863369128494 0.004443037965085337 -0.009370038977793746 0.9999462294517294 60.53067176204955
0.9999925648374218 0.0004640976223880761 -0.0038281686747244983 -0.38246574004200545 -0.0004252667405567597 0.9999485182068233 0.010138051167714946 -0.9891121220858091 0.0038326769712515567 -0.010136348000098903 0.9999412807995389 61.983945135247566
0.9999926698412068 -0.0013847994219712279 -0.0035696764561577755 -0.3879295398357345 0.0014204905533658201 0.9999488364250954 0.010015324917169036 -1.008392284567271 0.003555624911284033 -0.010020322394261108 0.9999434737426453 63.37895873064855
0.9999927979258326 -0.002269621918367123 -0.0030418597488880003 -0.40294506825103327 0.0022974931158488837 0.9999551267226775 0.009190541885316811 -1.0251111675861801 0.0030208644582638707 -0.009197464528183916 0.9999531394183074 64.79594758799523
0.9999944343398064 -0.0022188181297757327 -0.0024916128249174076 -0.4132236886646048 0.0022413362537243055 0.999956342288203 0.009071379347038366 -1.0482174090717455 0.002471376522204766 -0.009076913580192948 0.9999557499935334 66.26240862610875
0.9999979092206418 -0.0008099925361064325 -0.0018776220438006198 -0.4256781384917312 0.0008271225636154161 0.9999578829315335 0.009140471934122351 -1.0631834907989097 0.0018701394153265544 -0.009142006028057707 0.99995646220744 67.62882317915015
0.9999974013429553 0.001977684904181619 -0.0011340478116350953 -0.4435196228388514 -0.001965826252555601 0.9999443548572297 0.01036449305100595 -1.0804162026810884 0.001154482514652094 -0.010362236982972717 0.9999456441328438 69.08647570649687
0.9999846965643882 0.005524437783752095 -0.0002953180897194705 -0.4592222244913787 -0.0055205665020284156 0.9999150547152543 0.011807061692180761 -1.0955633219334808 0.000360520421226473 -0.011805250917619794 0.9999302506078659 70.4569987574871
0.9999581003594366 0.009131981068354542 0.000635946528619914 -0.4783129333869819 -0.009139322626430454 0.9998775980291782 0.012698888004239068 -1.110902409649545 -0.0005199027169126263 -0.012704168302859928 0.9999191636392466 71.896350432655
0.9999065902837149 0.013622648155119037 0.0011109148650960477 -0.4905872503290755 -0.013635338151939094 0.9998307487503426 0.012351171447025834 -1.1230224298333102 -0.0009424712489330125 -0.012365165680830419 0.9999231042579864 73.2769920498397
0.999860643654829 0.016584704307243334 0.0019080909283963339 -0.5072813401160171 -0.016606246562203164 0.9997914138589995 0.011889549576581818 -1.1362573276269663 -0.001710508398921532 -0.011919579167072192 0.9999274962693557 74.66823012748755
0.9998228048171458 0.018631180332820026 0.0026903601380256614 -0.5180626635555887 -0.018661958526304513 0.9997549391886047 0.011907683239860523 -1.1513813751946986 -0.002467846842405036 -0.01195578089297954 0.9999254817416755 76.09498603872095
0.9998104629232578 0.019245790797506074 0.0029389988437137082 -0.5233502407938375 -0.019281166640022506 0.9997356601764309 0.01252383467250437 -1.168372496326678 -0.0026971910661076686 -0.012578128528413744 0.9999172544987525 77.47358327438262
0.9998342142102573 0.017949574204274028 0.0030588942842361922 -0.5290503042852013 -0.017986533403550463 0.9997598843471673 0.012516321798671353 -1.1830961187275013 -0.002833497379324843 -0.012569265933781297 0.9999169889783754 78.89139352383387
0.9998500729154881 0.01709732247485483 0.002741023873528847 -0.5341317610553646 -0.017128296498226506 0.9997847801244554 0.011705337793313867 -1.1964837746034926 -0.002540304221994031 -0.011750532158390687 0.9999277333134479 80.26214330532002
0.9998570843259651 0.01673109761407216 0.0024251296158162034 -0.5363410299080743 -0.01675875072339168 0.9997891056298015 0.011869649486659693 -1.2151474238182134 -0.0022260260849322217 -0.011908595516127366 0.9999266123881659 81.64930863392355
0.9998606749694904 0.016553277655936463 0.002149327011768561 -0.5455465326960892 -0.016578246366090066 0.9997884945698732 0.012170781118889105 -1.2273494080532994 -0.0019474062539952392 -0.0122047177488089 0.9999236233210207 83.05359538120835
0.999866674692131 0.01624387117221525 0.0016641659230696387 -0.5525914951486178 -0.016262509224238893 0.9997972331051135 0.011875331911588606 -1.2406934986959786 -0.0014709272392859293 -0.011900812388788854 0.9999281009351846 84.42929877277942
0.9998597202829318 0.01672318507541003 0.0009353035291552855 -0.5619952857655317 -0.01673334940238002 0.9997856977780321 0.012188255689652887 -1.2518448830446234 -0.0007312766888354955 -0.012202196938062264 0.9999252830225781 85.81203115639825
0.9998761535940393 0.01573761750524576 -6.948008901587238e-05 -0.572042911909834 -0.015735366560685294 0.9997907764911415 0.013069105502770607 -1.2678636409844286 0.0002751421685373019 -0.01306639391617042 0.9999145931790265 87.17329600402913
0.9998974985758365 0.014261588551736752 -0.0012646720163941544 -0.5779550720601488 -0.014242030462108556 0.999796032308588 0.01431985957859878 -1.2808830401704423 0.001468638144377281 -0.014300380569191853 0.9998966657740211 88.54354718838725
0.9999227747165697 0.012191705520537532 -0.00240974811304292 -0.5875391427645542 -0.0121542278462345 0.9998136283987216 0.014999441198092338 -1.2936594505593353 0.0025921680048780526 -0.014968994540857998 0.9998845982804756 89.92054000718908
0.9999412726507108 0.010344469334486694 -0.0032315900528696543 -0.5946346638850286 -0.010294058851678957 0.9998307978812285 0.01524493283950665 -1.3051772725881587 0.0033887442992608656 -0.015210771677301305 0.9998785670519759 91.28721426952372
0.9999512927112069 0.009136512800531675 -0.003733137000508392 -0.6098366368921789 -0.00907972213114851 0.9998469183752429 0.014956552912724921 -1.314870884083345 0.003869216601425488 -0.014921928877192146 0.9998811755479561 92.65737999600738
0.9999588174167946 0.008140489947724452 -0.004011965699737952 -0.6236014889269186 -0.008080213739427399 0.9998575561103521 0.014818152578031353 -1.32842690859099 0.0041320216024597995 -0.014785125088866426 0.9998821563003099 94.00741955922955
0.9999586435464911 0.008101229063183871 -0.004132947994247357 -0.6393470331789157 -0.008040638627696654 0.9998629414009452 0.014472268464947625 -1.3348547692778745 0.004249625070362299 -0.01443843869619912 0.9998867296794017 95.37935960447204
0.9999632623563666 0.007566082171036934 -0.0040284382377196015 -0.6528689526788247 -0.007509096600998187 0.9998741069744784 0.013977971247622996 -1.34452062300112 0.004133689924605089 -0.013947208082070351 0.9998941884059068 96.72858659607024
0.9999540283314675 0.008778061575126448 -0.003858345787265986 -0.6707594943174782 -0.008724804625451946 0.9998693165553113 0.013609835007141156 -1.3596873784249153 0.003977309881598707 -0.013575546304674111 0.9998999377745835 98.07337333316997
0.9999462375390797 0.009722498602035088 -0.0036048611361458767 -0.6871473480186562 -0.00967199927495958 0.9998583936020118 0.013771172412970023 -1.3650006644101307 0.0037382411956776475 -0.013735566107767336 0.9998986747611098 99.42454084312298
0.9999376818223664 0.010629062813689825 -0.0034140100451678203 -0.7005326086674619 -0.01057574173650901 0.9998274110136376 0.01527422305838053 -1.3810622908752588 0.003575771814772823 -0.015237165819480829 0.9998775138220661 100.7797786201795
0.9999292750302949 0.01140629959776198 -0.0033676748317349355 -0.7179744481590358 -0.011348480111779607 0.9997958707806675 0.016716123588767638 -1.3867215062632114 0.0035576568180648435 -0.016676723690906 0.9998546044196871 102.10454309577716
0.999936885070129 0.010772389041491975 -0.003190843116627453 -0.730303212761541 -0.01072007527194508 0.999814810401272 0.01598201820383013 -1.39975464005365 0.003362417019781471 -0.015946803746773354 0.9998671879881869 103.46149565016137
0.9999359839603444 0.010889550327779208 -0.0030733766465286657 -0.7448257745141158 -0.010846440911573512 0.9998471650990326 0.013711352320893955 -1.4089823897676066 0.003222217671147408 -0.013677139656758557 0.999901271714116 104.7930998912569
0.9999401734230645 0.01044359088974333 -0.003252837845009348 -0.7607610532224165 -0.010401780493998756 0.9998663131957793 0.012615812210486247 -1.4168800526055128 0.0033841576604860687 -0.012581222403104044 0.9999151265636552 106.11952896451359
0.9999602455971451 0.008353002999667321 -0.003120022832183965 -0.7744535924924519 -0.008309456902881856 0.9998713675501544 0.013718647587206182 -1.430795930274356 0.0032342136843032505 -0.013692176794199906 0.9999010271861576 107.46352925586834
0.9999821370683818 0.005391320276803471 -0.002580541543022818 -0.7810975227917452 -0.005349900008461937 0.9998608983729126 0.01579754658768653 -1.4347587006425921 0.0026653524563790758 -0.015783459075352512 0.9998718809566011 108.79109088779285
0.999990967565906 0.003905605110626228 -0.0016766112174675803 -0.7921758330291518 -0.0038769923662911225 0.999852312625915 0.016742815360566356 -1.4477726118413972 0.0017417545888459838 -0.016736164257570033 0.9998584235318757 110.1317144937341
0.9999938858842062 0.0033739314228175303 -0.0009191154725928884 -0.801555501667891 -0.003358979088475886 0.999869353653146 0.015811163264475903 -1.4578855068236012 0.0009723412687995512 -0.01580797961848449 0.9998745733048183 111.4699691258869
0.9999877170179812 0.0049458788146290004 -0.00032262327834353785 -0.8129585097268897 -0.004941093987113213 0.9998973783357766 0.0134468729298659 -1.4631906874932121 0.00038909681758181997 -0.013445113919328884 0.9999095346686913 112.77494210931002
0.9999684162221618 0.007909609426955682 0.0007775738336841436 -0.8203403542479599 -0.007918248018482985 0.9998988305977683 0.011816510905935808 -1.4802223897984357 -0.0006840312296989234 -0.011822294956862394 0.9999298802648918 114.11576095750696
0.9999457559704669 0.010165195536467145 0.0022702194068355023 -0.8314553971334416 -0.010190809952691716 0.9998811189809288 0.011571314397421598 -1.483460017676296 -0.00215232502052943 -0.011593822331771926 0.9999304729740043 115.43297742090932
0.9999281634574826 0.011404576678257023 0.0036882967396481914 -0.844866198775873 -0.01145352219634059 0.9998428219719471 0.013533225851005271 -1.4934674764339515 -0.0035333765968641436 -0.013574497932833586 0.9999016192889822 116.79104040667193
0.9999262129231212 0.01121896874159025 0.004658693859644054 -0.8488407785068934 -0.011291461595695397 0.9998108228141613 0.015837345042051736 -1.4993655392559833 -0.004480134228561707 -0.015888780231566844 0.9998637282459496 118.09045608155654
0.9999226762578376 0.011151845772480191 0.005502528589791914 -0.849190938807177 -0.011242839986421164 0.999795783368859 0.01679256160502183 -1.5115907856465194 -0.005314137260989165 -0.01685312752615931 0.9998438538290553 119.45477314021969
0.9999121728773881 0.01150971028914154 0.006570622479426733 -0.8488346754537061 -0.011615082676780877 0.999800811421788 0.016230445302406388 -1.515299319684905 -0.006382506490121792 -0.016305338477426497 0.9998466880222109 120.78263149311236
0.9998857932768469 0.012897878131252951 0.00787687234097242 -0.8500741460999486 -0.013022550749992364 0.999787393670536 0.01598689006980009 -1.5221583019975848 -0.007669001344152862 -0.01608764155000232 0.9998411744912511 122.09711813234803
0.9998542527240978 0.0145269624679889 0.00896887064192707 -0.8536796153490281 -0.01466697854988383 0.9997684134168338 0.01574799367030661 -1.5226897863629194 -0.008738023785343354 -0.015877244993400468 0.9998357665295375 123.45973226274509
0.9998233118241344 0.01576343322863191 0.010240081586988307 -0.8507675567701585 -0.015916089730606993 0.9997607916790885 0.015001251426943144 -1.532526664090915 -0.010001161682958023 -0.015161583243344283 0.9998350379727743 124.78578432113156
0.9997935780355239 0.016902036924333806 0.011274858190288395 -0.8482732244539426 -0.01706405414847026 0.9997502411407523 0.01443168164933127 -1.5386622851846268 -0.01102811829964082 -0.014621097716077959 0.999832287990174 126.12880462230623
0.9997961329797342 0.01608676271801728 0.012202807347072794 -0.8431360266728452 -0.01626150466343987 0.9997646739313895 0.01435828200648753 -1.5492545712661627 -0.011968958433425084 -0.014553791124330227 0.9998224498367535 127.46896505165894
0.9997897152941475 0.015728667084127942 0.013158046498806414 -0.8384084604282013 -0.015928380083640094 0.9997573904257105 0.015213383333568338 -1.554934939592633 -0.012915569069061023 -0.015419770862972712 0.9997976889065732 128.79492758354985
0.9998024921464292 0.014142974129743418 0.013962555262332569 -0.8277697337809967 -0.014373253913286895 0.9997600163973097 0.016532368674358054 -1.5582323689593787 -0.013725388762843562 -0.016729791083167692 0.9997658364816897 130.15212615443394
0.9998097353683558 0.01328323709630463 0.014284559722063526 -0.8170267245858114 -0.013523679546864268 0.9997662374287305 0.01686951732361403 -1.5652468479816437 -0.014057139903357397 -0.01705948779422971 0.9997556554962644 131.47704730724803
0.9998245349228743 0.01212495150593899 0.014278826723079084 -0.8049650724054818 -0.012372800448687061 0.9997720639977298 0.017399249414314658 -1.5730745238702015 -0.014064608184178009 -0.017572865871550932 0.9997466585015073 132.81275680115812
0.9998500301877545 0.010088655220681036 0.014076084368863923 -0.7960840501598655 -0.010342470101514288 0.9997831068179611 0.018076853935800025 -1.572760738863159 -0.013890661375132313 -0.01821972479066182 0.99973751112917 134.15636467481542
0.9998745971668686 0.008356567385493308 0.013452052225895867 -0.783355771310464 -0.008599666596436698 0.9997989034280618 0.018116248179636585 -1.5797712809526154 -0.013297958525251787 -0.01822965986984236 0.999745389488391 135.48279885080342
0.9998901510073892 0.00828140115481696 0.012292448960640832 -0.7765903899417836 -0.00850473903733298 0.9997976665319422 0.018228972007948128 -1.5871534500963862 -0.012139001368575063 -0.018331514002043376 0.999758270904909 136.83849314271004
0.9999218965694964 0.005376693068966902 0.011282372462811812 -0.7653472922540205 -0.005594954481250719 0.9997960743738667 0.01940376643548683 -1.5830167581504655 -0.011175744530548603 -0.019465375673807517 0.9997480692090657 138.1841412922791
0.9999387865500544 0.004505411158447339 0.01010566283265259 -0.7552467137057928 -0.004702709439144422 0.9997971263836538 0.019585469043595666 -1.588468439632472 -0.0100153729003764 -0.01963179452769046 0.9997571129791283 139.52015740827053
0.999952421595754 0.0039873553676039375 0.008902558136222748 -0.7520662779770487 -0.004162591891113919 0.9997962284884006 0.019752830848507923 -1.5917095992204613 -0.008821983222234578 -0.019788949142549198 0.999765257501499 140.8699679378314
0.9999647940383304 0.0034966151764199704 0.007627867753429029 -0.7502034444339092 -0.0036450671282676136 0.9998025201304879 0.019535460651811894 -1.5939856299151922 -0.0075580540380917 -0.019562577359235847 0.999780066509341 142.19021445669227
0.9999732823082949 0.003076169738003287 0.006631127365196494 -0.7487359512756573 -0.0032028053190015903 0.9998110732385358 0.019171850814262936 -1.5899128266678335 -0.006570899240511319 -0.019192577171944974 0.9997942129598001 143.53036487185057
0.99998313728672 0.0014499081950548331 0.005623425279677898 -0.7440256435729312 -0.0015463715061697775 0.9998510868718372 0.01718757722476724 -1.5971524385609817 -0.005597667928028513 -0.017195983635680305 0.9998364687600872 144.89653328508618
0.9999870819093436 -0.0021936413560103493 0.004585189258986831 -0.7462509820326829 0.002117721161972076 0.9998616640145135 0.016497517404555663 -1.6126097618795512 -0.004620744975794719 -0.016487594455328825 0.9998533932267952 146.20040369654308
0.9999327777841606 -0.011068339012808024 0.0034542435800126543 -0.7397962350592892 0.011000021168563247 0.999755011203671 0.01920721447371828 -1.6061614167208873 -0.003665989583881565 -0.019167926936038672 0.999809557417104 147.57358865244112
0.9998195038751421 -0.018899356576915122 0.0019426791066394526 -0.7269036906670149 0.0188545334798648 0.9996025429599491 0.020958593863585177 -1.604778248865398 -0.002338011093247044 -0.0209181830062827 0.9997784571254255 148.88880399160593
0.9997637985355987 -0.021721726058516015 0.0007167709083038009 -0.7198193233253842 0.021705081898445742 0.9995985615847722 0.01821002702530955 -1.610703817721246 -0.001112036465142266 -0.018190168559994065 0.999833926784847 150.22142537809884
0.999783752659969 -0.02076512371269512 0.0011214106329512784 -0.7255010492401075 0.02074585205096118 0.999670861947546 0.015092295511870177 -1.619161037975727 -0.0014344350249344622 -0.01506576750392091 0.999885475967187 151.59229395524733
0.9998465195957497 -0.017408757822740782 0.001967845196099262 -0.7366506797016779 0.017382095195770976 0.999766477185811 0.012839542387940097 -1.624490566040018 -0.0021909063168411087 -0.012803366734503198 0.9999156333069998 152.92700071623574
0.9998551531262274 -0.016788145189047886 0.0027983853781153884 -0.7427038210911858 0.01675018455182222 0.9997741755145965 0.01307781624401116 -1.6372619052254536 -0.003017305955247948 -0.013029048733180127 0.999910565878305 154.2881544507503
0.9997911647722013 -0.02015612668177854 0.0033700758616583993 -0.7430931233847252 0.02009933016211096 0.9996681206090208 0.016114141359097653 -1.6380169204061579 -0.003693756375219256 -0.01604304018907919 0.9998644793310608 155.60607397701085
0.9996339524832852 -0.026783029300261392 0.003824968741074003 -0.7322070587003847 0.02670391625067976 0.999454711583225 0.01942113139026156 -1.6419777807564806 -0.004343040110367342 -0.019311881045035083 0.9998040754357174 156.94365216415036
0.9995355227524579 -0.03023788756933332 0.0037959064614879537 -0.7228387040850264 0.030151574295704444 0.9993238272307302 0.02104212193888895 -1.6438364501108602 -0.0044296094454108126 -0.020917896181874104 0.9997713839601834 158.29591933390094
0.9995092906362224 -0.03110597840189778 0.003687279749118728 -0.7171580116624394 0.031021768363623033 0.9992972651078584 0.021038674789292812 -1.6504413017796387 -0.004339117479957391 -0.020913965361195438 0.9997718630360688 159.63703109905254
0.9995463161526271 -0.02974836150900136 0.0047113532711253285 -0.7220029153975946 0.02964026889721942 0.9993281785785395 0.021555647896337342 -1.6448065434083052 -0.0053494337217425 -0.02140622306404977 0.9997565489552714 160.99936285221102
0.9996075869480295 -0.027398758399557938 0.005829250046351524 -0.7281535817207876 0.027269706193287238 0.9994038603397555 0.02117279044310135 -1.6394637886017076 -0.006405883691502053 -0.02100552041553877 0.999758837305867 162.34335335988058
0.9997129770762084 -0.022976952698502584 0.006784034183732969 -0.7332675756275313 0.022842997688654876 0.9995546067082247 0.01920379265727195 -1.6430544720383478 -0.0072222578491727505 -0.01904331340326075 0.9997925740917627 163.69245520663367
0.9997548536678675 -0.02085183904075316 0.007445360209366372 -0.7331885353124385 0.02070987909792368 0.9996113668288267 0.018660551965645106 -1.6400679906684774 -0.007831574166759968 -0.018501785232337052 0.999798154825008 165.04569000503054
0.9997869871833933 -0.019115720250070307 0.0077826417312194356 -0.733565734715927 0.018957099599952138 0.9996208595643681 0.019969113175613448 -1.6400134279713312 -0.008161415670461206 -0.019817323553446675 0.9997703061127193 166.3960598510516
0.9998064751388064 -0.018115735678333654 0.007670228572212116 -0.734726812729837 0.017959003809369267 0.9996380280497368 0.020032150174819623 -1.6380488323154736 -0.008030349963510644 -0.01989052416322974 0.9997699137958472 167.73325589934095
0.9998512977430715 -0.01567418740101611 0.007190428850535499 -0.7341602050727292 0.015542978883220948 0.9997179862893362 0.017954489105629714 -1.6411229607436104 -0.007469823693667448 -0.01784005888234075 0.9998129495234622 169.10970733742022
0.999914653653816 -0.011272102170040684 0.006604932822056214 -0.7378016234747439 0.01117123916274158 0.9998233713549053 0.01511388407072581 -1.6495799508344116 -0.006774132006667212 -0.015038809154004098 0.9998639634243328 170.48972608308898
0.9999644265758705 -0.0055157628759595016 0.006381375715819756 -0.7415974659184934 0.005426166137899575 0.9998876421807852 0.013973536511968174 -1.6565950864511725 -0.006457733966383853 -0.013938413285847339 0.999882002191406 171.85872108194653
0.9999758214078326 -0.0018549955220535756 0.006701910220765344 -0.7504815964059031 0.0017543678259731629 0.9998861105099524 0.014989602854714727 -1.657026085833524 -0.006728953146229598 -0.014977483099859827 0.9998651890076752 173.2276739613076
0.999970250752753 0.001718432902947699 0.007519614456856705 -0.758189917712328 -0.0018486162778507112 0.9998479432019588 0.017339927554107737 -1.6621674477610793 -0.007488674165286788 -0.017353312923250888 0.999821375192177 174.60512409396088
0.9999692889097934 0.0017219036488833007 0.007645671248250144 -0.757301090449981 -0.001869887744861837 0.9998102382011408 0.01939048996760542 -1.6603021173530883 -0.007610832464147064 -0.019404191389059532 0.9997827526961967 175.9880275114776
0.9999761763460299 -0.0003331245635141717 0.006894619313216084 -0.7552681105057858 0.000188291789568416 0.999779528515339 0.02099664011277655 -1.6598684686122906 -0.006900094309017529 -0.020994842103807775 0.9997557728307003 177.37421354658483
0.9999812582060161 -0.003224939186134052 0.005204134338710848 -0.7545204325037649 0.0031148071200401244 0.9997739177552011 0.021033576422504134 -1.6564722689820215 -0.005270790209443281 -0.021016972748333952 0.9997652252567634 178.75624621549207
0.999987918073313 -0.0038180840314741733 0.0030961186881708173 -0.7547187034544146 0.003763738239017612 0.9998419975340714 0.017372801390224932 -1.66258470395251 -0.003161960562292571 -0.017360938849694373 0.9998442877827826 180.09186451193096
0.999998505294565 -0.0009248937643044353 0.001460816096172862 -0.7664448403475355 0.0009055120024760912 0.9999122917779188 0.013213205243815609 -1.6732082954982774 -0.0014729088954535553 -0.013211862965951447 0.9999116347055255 181.51084717852228
0.9999963043621886 0.002565135359126898 0.0009007437282501269 -0.7855317475816999 -0.002576030648308484 0.9999209061746481 0.012310380209115861 -1.6703077675172442 -0.0008690947570798254 -0.01231265530179412 0.9999238186967492 182.89869888101074
0.9999771578677522 0.006723964156096082 0.0006870486873611127 -0.7971871244001201 -0.006732648174711472 0.9998857551438431 0.01353322272402598 -1.6768587305337297 -0.0005959733309257185 -0.013537539524937891 0.9999081857070403 184.24687186976905
0.9999648501525749 0.00833314320939362 0.0009258330697597182 -0.8069374055982916 -0.008347577516235079 0.9998228917183668 0.0168672213340124 -1.6776404379100647 -0.0007851121793976859 -0.01687435725540345 0.9998573096561342 185.68724345257547
0.9999572987630534 0.009121798635447098 0.0014810205925142542 -0.8165470342320514 -0.009148762026148546 0.9997708519081464 0.019353135102380823 -1.6824433133307108 -0.0013041459132842293 -0.019365858592148816 0.9998116136215558 187.0607618854986
0.999960957343879 0.008695039375125866 0.001574821046286421 -0.8251997281632468 -0.00872496795541208 0.9997596001088939 0.02011509215615106 -1.6818265979106406 -0.0013995410437548526 -0.020128047474926265 0.9997964307789835 188.49501995703147
0.999972119565294 0.007330501842879299 0.001422610775543027 -0.8272923773862934 -0.007358595419643789 0.999755229188715 0.02086463004988441 -1.6802580299656673 -0.0012693144438413826 -0.0208745171680754 0.9997812977763686 189.9010066388825
0.9999903348709375 0.004144690268519686 0.0014668679195366972 -0.8319630817372368 -0.004175396349436107 0.9997582207736215 0.02158856309649519 -1.6765965833771783 -0.0013770354532204267 -0.021594479622875022 0.9997658637067426 191.2767450694321
0.9999955172868316 0.002357969974849307 0.0018453677626692913 -0.8350313301423822 -0.002397721545300229 0.9997585175848456 0.02184393370668171 -1.6773164607428634 -0.001793414933113559 -0.021848260895602815 0.9997596897097507 192.71429611744955
0.9999969691707492 -0.0010502147381284618 0.0022268145294374164 -0.8375207984849561 0.0009990897298904414 0.9997387031324559 0.022836971424801174 -1.6715159225519198 -0.0022502165654521887 -0.022834677869740895 0.9997367223535676 194.1125447995601
0.9999818807859606 -0.005419373584321719 0.002620782340769558 -0.8356182334046306 0.005353431833675417 0.9996843776546249 0.02454558654923431 -1.6651716122623235 -0.0027529770792013184 -0.024531112099995884 0.99969527640568 195.5581567410118
0.9999560362808134 -0.008949264351276208 0.002799318870304767 -0.8318797849739485 0.008876178172761224 0.9996451906423711 0.025113865927134903 -1.6614007987568666 -0.0030230765055092286 -0.025087915060294296 0.9996806777857538 196.96433430920737
0.9999709665111429 -0.00700958415966276 0.0029886245544098085 -0.8377951520894891 0.00694465445694299 0.9997509421404442 0.021209088714235404 -1.6567682798425483 -0.0031365473537736895 -0.0211877183852468 0.9997705950206558 198.39086934109932
0.9999943769969138 0.00031508793900958485 0.003338667068726589 -0.8532595701293688 -0.00036906294773497196 0.9998690535434326 0.016178366788935437 -1.660167570202916 -0.0033331325424916488 -0.016179508312659376 0.9998635475610198 199.81236270652354
0.9999440295263408 0.009521169284531191 0.004613581468896719 -0.8694873031152257 -0.009591965781205903 0.9998327086763412 0.01557398047512542 -1.6532756784130576 -0.004464527517494087 -0.015617362419111056 0.9998680742911876 201.24309358793053
0.9998413455642318 0.01672215908821017 0.006136208650547781 -0.8879217659075997 -0.016839291578986865 0.9996668458111508 0.01956107563981032 -1.6517407376840345 -0.005807061404067447 -0.019661301990649954 0.9997898335379943 202.70027404919966
0.9998182898807684 0.017770755197522498 0.006898364788017543 -0.8915719271597525 -0.01791761615881992 0.9996007866037008 0.021845514172129595 -1.6468504350518038 -0.006507400117190039 -0.02196514731478389 0.9997375585887601 204.12493649144793
0.9998413509340524 0.016604930560975527 0.006445867272173514 -0.8889015051507585 -0.01674607437943395 0.9996066315645181 0.02249780338032986 -1.6433746452382456 -0.006069757704314443 -0.022602177550879458 0.9997261123018089 205.58167062681486
0.9999007602648775 0.013085805662960191 0.0052183603899263326 -0.8834589456026123 -0.013200844711773126 0.9996561608432012 0.022656076585808933 -1.6392370340500224 -0.004920093496322264 -0.022722715421803028 0.9997296989143738 207.01460107310888
0.9999276015203528 0.011316955290601534 0.004088791854667087 -0.8794251915216436 -0.011406407827813495 0.9996804217439598 0.02255988155556625 -1.6406255872662268 -0.003832176301142377 -0.022604887132941426 0.9997371322056923 208.45727297246995
0.9999243848718536 0.01175594353486153 0.00360864331606658 -0.885898558253829 -0.011832537375239047 0.9996880999111043 0.021993043691383544 -1.6334437478851775 -0.003348969066115825 -0.02203408053204059 0.9997516110062274 209.9186531824731
0.99991143247254 0.01284337397867405 0.0034892589865119722 -0.8917803980164589 -0.012917736430271705 0.9996701392783043 0.022197854389432167 -1.6285462686028616 -0.0032030129251565433 -0.022240962153871353 0.9997475082836027 211.38034292961294
0.9998976772066644 0.013905273659332385 0.0033583403938318183 -0.8979158468509827 -0.013979260773850994 0.9996350550840658 0.02311572920223649 -1.622037150671337 -0.003035684482954699 -0.0231603115170501 0.9997271550777596 212.84433910791057
0.9999070895655647 0.013278417744250256 0.0030815304001362573 -0.9053702782080284 -0.0133456432388581 0.9996479982304408 0.022929750538088715 -1.619181234403553 -0.0027759751065027857 -0.02296874559097268 0.9997323295252499 214.2980304945797
0.9999040613301413 0.01357374896424637 0.00276069630601874 -0.9113420072564402 -0.013631826132586036 0.9996598152277152 0.022235718027275263 -1.6144869468451688 -0.0024579352952640316 -0.02227121854146817 0.9997489441795901 215.7484487095906
0.9999123879029346 0.01301044307637485 0.0024382084186004805 -0.9151710423680228 -0.013061096111997992 0.9996713569580147 0.022058691379321052 -1.612115006803311 -0.0021504139345950857 -0.022088604889181764 0.9997537043010046 217.2153730211509
0.9999106565482708 0.013226463108543496 0.0019337953938946817 -0.9208438089112297 -0.013265958017997608 0.9996681980310178 0.02207958838452667 -1.6051565624925201 -0.0016411190172724564 -0.022103269810842117 0.9997543459281939 218.69346046333678
0.9999019058582626 0.013906590147282571 0.0016689453687863294 -0.9314816430554225 -0.013939902159486171 0.9996616809246549 0.021959117491608008 -1.6038733739918758 -0.0013630043841310199 -0.02198022880874103 0.9997574764767087 220.17679367203664
0.9999097860394824 0.013347434351175495 0.0015052400348305856 -0.9370130099695124 -0.013377388377885869 0.9996674460554461 0.022046378331152503 -1.6009909502106432 -0.001210476959224665 -0.02206452606471931 0.9997558159100016 221.64909147616075
0.9998931309422494 0.014582493450418055 0.0010380478121670654 -0.9482331607846355 -0.014601780290494484 0.9996521665866975 0.021962100889441855 -1.594697898695801 -0.0007174245959111957 -0.02197491161020285 0.9997582650686505 223.13790432663396
