1.0 -3.469446951953614e-18 0.0 -1.7787691892340307e-19 0.0 0.9999999999999999 -3.5405977195229754e-19 0.0 2.168404344971009e-19 -2.354751593366955e-19 1.0 0.0
0.9999998184236251 -0.0001920850232811945 -0.0005711877703400902 0.0023623220759034095 0.0001924746445146272 0.9999997488292218 0.0006821250560820844 -0.022605926090915572 0.0005710566496940094 -0.0006822348851515522 0.9999996042253559 1.3271691435190551
0.9999996106291743 -0.0006537789352943687 -0.0005927180634304468 -0.007919513178060316 0.0006544457365945475 0.9999991525635218 0.001125420722648312 -0.03902273942997718 0.0005919818357649513 -0.0011258082084223669 0.9999991910569219 2.628002273801946
0.9999985244154309 -0.0013027885225958633 -0.0011197808784350139 -0.009237918093241298 0.0013039059154677044 0.9999986522689209 0.0009976409880589597 -0.0746863043332523 0.001118479749464476 -0.0009990996244713523 0.9999988754018504 3.9515879976599413
0.9999979703940859 -0.001937228998920874 -0.0005534921413556564 -0.02262172482950816 0.0019378220718998269 0.9999975470087418 0.0010727623416835195 -0.08804861158533576 0.000551412644931519 -0.0010738327538173656 0.9999992714139098 5.267169937196659
0.999997036378921 -0.002257119790703626 -0.0009124941099497561 -0.018649532155090798 0.0022585203953163664 0.9999962688856073 0.0015366511946255576 -0.10716273517368945 0.0009090223777324522 -0.0015387075564707359 0.9999984030282704 6.588547945280161
0.9999934119286554 -0.0035640749000146067 -0.0006880939448463098 -0.02745835817716638 0.003565774164919891 0.9999905575658861 0.002483954156186457 -0.14381065598129011 0.0006792345085711311 -0.002486391426161097 0.999996678244332 7.923302919618288
0.9999934488600701 -0.003584375154323135 -0.0005044758688653478 -0.04651351855883083 0.0035858148729744823 0.9999894178084325 0.0028820474161244257 -0.16242385161219838 0.0004941402356025987 -0.0028838375469997786 0.9999957196447208 9.23881620315864
0.9999945717337373 -0.003104022062409041 -0.0011052387645761707 -0.04358025396490233 0.003106413811266263 0.9999928233828953 0.0021687256933058743 -0.19024515690658736 0.001098499155112695 -0.0021721472911782934 0.9999970375345749 10.575507989085748
0.9999993734592376 -0.0006054825313389269 -0.0009415261446676207 -0.062101951855534326 0.000605440634062317 0.9999998157156659 -4.482540359366583e-05 -0.20324331116318767 0.0009415531917317556 4.4255337892355164e-05 0.9999995557601827 11.88887070085632
0.9999956208883777 0.002751343977417606 -0.0010900934126859988 -0.06303347954314023 -0.0027523491107124976 0.9999957877252555 -0.0009214723003347743 -0.2353671884165494 0.0010875536246205556 0.0009244685979689617 0.9999989812927715 13.236222179880137
0.9999807330986631 0.006151251880934217 -0.0008339771936828728 -0.08695783735645732 -0.006152066777607174 0.9999805979847892 -0.0009776200356723219 -0.25777195409749004 0.0008279474945285077 0.0009827318973348882 0.9999991743707466 14.5762425931969
0.9999801962486721 0.006282072341757444 -0.00037770913256279966 -0.1133609432728028 -0.006282054920011278 0.9999802665348339 4.837022045245843e-05 -0.2824211839214156 0.0003780055758495942 -4.5996479051222313e-05 0.9999999274983501 15.919597505416935
0.9999905055801137 0.004355101157470764 -0.00014776668103103942 -0.104686754963 -0.004354658704099882 0.9999863863467554 0.0028747306784167206 -0.30854176619580437 0.00016028442788573673 -0.0028740599711648837 0.9999958570359099 17.265036099760415
0.9999999950827407 7.215194505816487e-05 -6.803229404637101e-05 -0.11882273438809454 -7.180013891238367e-05 0.9999866996303991 0.005157073388835789 -0.3327594392290244 6.840349202971415e-05 -0.00515706858050371 0.999986699894526 18.630214305103436
0.9999975817389122 -0.0021311563264182903 -0.0005428548222045145 -0.10478520198359409 0.0021328162628424917 0.9999929960886866 0.0030755267178901977 -0.37317648008040044 0.0005362966398427757 -0.0030766771495018158 0.9999951232106494 19.965868988409945
0.9999957769484236 -0.0028797502361888657 -0.00039131500476566436 -0.12180853663674185 0.0028800713799049214 0.9999955146361964 0.00082212655035193 -0.3721584953121084 0.00038894576418435417 -0.0008232501079528131 0.9999995854905069 21.32644955562064
0.9999997313598011 -0.0007329927604110675 1.760574049553508e-06 -0.13193079355423648 0.0007329934450043905 0.999999653574309 -0.0003944245974538784 -0.4283843029037389 -1.471463460843989e-06 0.00039442579032116084 0.999999922213036 22.672681356424004
0.9999977581964266 0.0019927711221352793 0.0007158651605061609 -0.1425106127211131 -0.001993661218423185 0.9999972380769208 0.001244651266801137 -0.4227286333500593 -0.0007133829376463562 -0.0012460756946505653 0.9999989691891166 24.03838517068816
0.9999965798974347 0.0021431810768318986 0.0014989885337537473 -0.15658307917583036 -0.0021512343415194066 0.9999831515149868 0.005391556310065463 -0.44418449321956144 -0.0014874083180721038 -0.005394762652760501 0.99998434195322 25.436025635083173
0.9999982942610095 0.00013426460886222305 0.0018421320257858136 -0.15140338357495922 -0.0001461010588787691 0.9999793373871738 0.0064267761548439635 -0.4671962561881716 -0.0018412312243327902 -0.006427034455159621 0.9999776512976782 26.799594781453305
0.9999914972012023 -0.003761777240854183 0.0016895457495362627 -0.1538639731383973 0.0037518619749901307 0.9999759433197365 0.00583406435550296 -0.49446331046533515 -0.0017114516948319074 -0.005827675917763762 0.9999815543926603 28.16920219432301
0.9999906676532195 -0.004052406873097887 0.0014975355216162558 -0.16727365681593373 0.004047351306507126 0.9999861516347378 0.0033638489809374203 -0.5093675733275399 -0.0015111465926240827 -0.003357756597830568 0.9999932209295983 29.539096748916407
0.9999884786348854 -0.004094916207849828 0.0025048488222482856 -0.17596899721554585 0.004091054601997641 0.9999904381612901 0.0015449441461151958 -0.5501889109424822 -0.0025111514987937802 -0.0015346788980177576 0.9999956694285056 30.916768438417012
0.9999952205697138 -0.00131911524456574 0.0027962078528640287 -0.17913714517222207 0.0013176890226508937 0.9999990008422166 0.0005118672703379278 -0.5478692332300067 -0.0027968805067864295 -0.0005081802982411639 0.9999959595961702 32.31221768540344
0.9999950363099208 0.00011589436453204004 0.0031486390409455845 -0.18878936434571852 -0.00011091207097744388 0.9999987417028081 -0.001582495389752852 -0.5951492779767863 -0.0031488187487158496 0.0015821383463166933 0.9999937908680239 33.68478193194383
0.9999943200784841 0.0003511061280339527 0.0033520946974323488 -0.2033925255011495 -0.00034688498087150337 0.9999991463353327 -0.0012597619329860097 -0.5889605567333042 -0.003352534430366304 0.001258592013598164 0.9999935882068048 35.08157481829982
0.9999956313668785 -0.00038171684163489615 0.0029311335323966474 -0.196987946127334 0.00037993712083468113 0.9999997431619279 0.0006077196426398795 -0.6306725078684517 -0.0029313650035972093 -0.0006066033505786236 0.99999551955392 36.47479318991687
0.9999943826419762 0.0017789368247252855 0.0028407866575162082 -0.21354552759827386 -0.0017846323412403194 0.9999964003458037 0.0020035931715479093 -0.6558706075765945 -0.0028372124042454917 -0.0020086517150340794 0.9999939577521147 37.87394368274876
0.9999887991798075 0.004040237974599874 0.0024653575119149 -0.20671544023601454 -0.004046679035458803 0.9999883978534545 0.002613150284223269 -0.6811107951640071 -0.002454771365047118 -0.0026230975781514542 0.999993546706113 39.262619940146806
0.9999741870670579 0.0065595660146258224 0.0029321124762130574 -0.22789496321904126 -0.006567038105065268 0.9999751959085532 0.0025458969267886794 -0.7072932761339038 -0.002915340013581201 -0.0025650865572894154 0.9999924605317166 40.6674353585582
0.9999529379586669 0.009238290820793825 0.002962403376753218 -0.238024251349236 -0.009247660061390595 0.9999522320182603 0.003164567112531319 -0.7394396792762385 -0.00293302692327806 -0.0031918135485342006 0.9999906047939608 42.09495477996277
0.9999460490023315 0.010062100153394338 0.0025793808515800817 -0.23768447739855567 -0.010069975723443285 0.9999446192449383 0.0030584398536432885 -0.7520522735922068 -0.0025484638889012408 -0.003084249216741219 0.9999919963358775 43.48268677028819
0.9999630343975208 0.00836092067670866 0.002006197530992398 -0.24775118177332278 -0.00836672793466 0.9999607825286149 0.0029036676779662586 -0.7675461454516281 -0.001981841683517795 -0.0029203457134157587 0.9999937719217585 44.9032148782016
0.9999663745566536 0.00810834138081708 0.0012265970683612063 -0.24052093613270292 -0.008111759943256767 0.9999631571983507 0.0028077773104457477 -0.8031301806716276 -0.0012037855600967283 -0.0028176328194194082 0.9999953059111985 46.30264454983111
0.9999688018103415 0.007882620876704504 0.0005095861132528915 -0.26082736079268737 -0.007884270097411833 0.9999634116888296 0.003318672147207068 -0.8279558519572371 -0.0004834076726681184 -0.0033225863963294343 0.9999943633524162 47.73661923379639
0.9999687770928193 0.007879863755605454 -0.0005937751248354939 -0.26841654147435334 -0.007877175452980001 0.999959284488893 0.004402213892381232 -0.8429536742446667 0.0006284398508437088 -0.004397399264844981 0.9999901339238476 49.13518292691872
0.9999598323437336 0.008858978093646904 -0.0013609498472828168 -0.2867154217795715 -0.008852901657094554 0.9999510956836971 0.004408218650541786 -0.873730626349396 0.0013999357247258732 -0.004395993322139717 0.9999893576563565 50.56104585425341
0.9999578363221973 0.008796959492219411 -0.0026342090984605095 -0.29444615054031864 -0.008784435138958187 0.999950233303988 0.004729126001935868 -0.8884767571810267 0.0026756801618232277 -0.0047057866672869705 0.9999853480493144 52.00678554027148
0.9999450850197487 0.009811952763128962 -0.0036813718689958997 -0.30604476843313844 -0.00978843145553227 0.9999319045433561 0.0063539677624041115 -0.9245282465606504 0.0037434663366947046 -0.006317584113266266 0.9999730369361728 53.41442107555655
0.9999595333630584 0.007762224535545047 -0.004547469774685748 -0.31612297003284595 -0.007730608204073677 0.9999461089494753 0.0069294233589804076 -0.9355088527987521 0.004601012840691648 -0.006893988386939283 0.9999656512179376 54.87508955031728
0.9999701847099027 0.005682625644436622 -0.005228521337373057 -0.3263728700221227 -0.00564338445799469 0.9999560275283708 0.0074896749332225765 -0.9481477825189998 0.005270852896320526 -0.007459945226010748 0.9999582827996163 56.27166245269485
0.9999815675301523 0.002723372340341177 -0.005426585236264997 -0.3493993189456528 -0.0026851467508976767 0.9999716205341079 0.007039042278369748 -0.9618460649864957 0.005445601631433381 -0.007024341498682308 0.999960501251029 57.695879775114065
0.9999832307966464 0.0019243958963891935 -0.005462125198060624 -0.36168178445838006 -0.001884641237516636 0.9999717673969896 0.007274100466534205 -0.9853481132736496 0.005475969705664109 -0.007263684488364495 0.9999586254722945 59.14674534612285
0.9999845050217064 0.0017902746574502623 -0.005271111799620343 -0.36718758938827123 -0.0017478487157618142 0.9999661316766587 0.008042420353687262 -1.0191271882752546 0.005285331870293602 -0.008033082794568608 0.9999537663615833 60.554534686086825
0.9999893333871486 0.0010952114278933202 -0.004487049523110264 -0.38762194333838484 -0.0010536035612420391 0.9999565258883069 0.009264785575048323 -1.0443314379001996 0.004497001739121362 -0.009259959366817982 0.9999470136659674 61.99877947474074
0.999989853617458 -0.0016465163193921419 -0.0041930467135209235 -0.4003728858188297 0.0016832503447841395 0.9999601062223206 0.008772264638465631 -1.0561326261478243 0.004178436120503029 -0.008779233754213531 0.9999527317513133 63.40096853534942
0.9999889011264881 -0.002904381844758726 -0.003709742211265254 -0.4135834134044408 0.0029334858327623014 0.9999647751913007 0.007864034016819902 -1.0724317440154936 0.003686771696828149 -0.007874829367107188 0.9999621966784652 64.81933250921696
0.999991825052709 -0.00263960774331499 -0.0030630535538460606 -0.42134893084403857 0.0026644285327311387 0.9999634205061906 0.008127635813094974 -1.0974870288058345 0.0030414880022783977 -0.008135730818192917 0.999962278909894 66.29203287308536
0.999996624862113 -0.0008884741329183935 -0.002441490374681477 -0.43874014721599675 0.0009078773441756165 0.999967925092304 0.007957671869568502 -1.118778669912558 0.0024343420907248694 -0.007959861743312254 0.9999653566930189 67.62963919009982
0.999997177923009 0.0016076003382118568 -0.0017492173821902518 -0.4504897131867349 -0.0015911661060921522 0.9999549617725405 0.009356421144918114 -1.1323403839446273 0.0017641801428958344 -0.009353611631989044 0.999954697785775 69.10857505903711
0.9999822337316274 0.005902159470628649 -0.0008346984418607771 -0.4735068668462884 -0.005892947368120961 0.9999260362642417 0.010639322359756315 -1.156561711501775 0.0008974317657382613 -0.010634214719560327 0.9999430524278106 70.4749591100766
0.9999563149234214 0.009346851052924033 -6.781732177708931e-05 -0.49001069610558085 -0.009345413171377541 0.9998875298640779 0.011729914380407668 -1.1719270792457526 0.00017744748082051108 -0.01172876841578045 0.999931199887479 71.93554708197149
0.9999126975289182 0.013208188365932894 0.0003755639702305077 -0.49848070581770915 -0.013211497646147357 0.9998533657729826 0.010895104917389235 -1.1817900835672543 -0.00023160431325680228 -0.010899115735063093 0.9999405760539448 73.29943382415297
0.9998506746700172 0.017227301421222967 0.0013595596020789518 -0.5147229254584662 -0.01724078140389112 0.999794981922154 0.010618362549892147 -1.2020421594282784 -0.0011763552273827895 -0.010640217051262255 0.9999426993440399 74.67655746570293
0.9998010425743546 0.019838224426135094 0.0020784763363088355 -0.5304746231015646 -0.019859260982862982 0.9997461409773285 0.01064252827240645 -1.2252038363800497 -0.0018668199823110244 -0.01068168809060288 0.9999412065335561 76.1378077069015
0.9998228578635037 0.018685448594675517 0.002259835052645592 -0.5413175058614444 -0.018709304096322828 0.999764006714081 0.011040510321196975 -1.2279043654036101 -0.0020530050243351885 -0.011080834753863964 0.9999364981200657 77.50943006058593
0.9998421353486905 0.017617535680064696 0.002307980119191641 -0.5400465906875475 -0.017642541025387523 0.9997804695302327 0.011302811004390878 -1.2477860873165925 -0.0021083459411414636 -0.011341745559335781 0.9999334576291743 78.90850523794579
0.9998599300614293 0.01660197685342741 0.0021200424752684 -0.5505312782326697 -0.01662302996098009 0.9998084462213983 0.010331784960092051 -1.2636386505466963 -0.0019481084756133233 -0.010365579532628478 0.999944378270683 80.29770138829826
0.9998551535599184 0.016912492057769495 0.00190773913863086 -0.555090960985484 -0.016931736448302315 0.9998008041622859 0.010567324141753412 -1.2909520894130266 -0.0017286394778522648 -0.010598095059213374 0.9999423444318641 81.64423245714767
0.9998760146777159 0.015673885915358104 0.0015114672384886718 -0.5616339200763683 -0.015689427826372622 0.9998176525028118 0.010885937518668799 -1.2965605358213614 -0.0013405667888943392 -0.010908302104263292 0.9999396040900574 83.08619581599504
0.9998696393299884 0.01609926052670571 0.0012321182470968561 -0.5784851096907884 -0.016111156802249907 0.9998166901209825 0.010344893488599122 -1.3149560257970532 -0.0010653473348831634 -0.010363395987356775 0.9999457310577552 84.43989382647476
0.9998762361745122 0.01572410519536774 0.000514595425147245 -0.5818563570237707 -0.015728697871084787 0.9998195280920158 0.01065454582937905 -1.3158938596797043 -0.0003469693773561931 -0.010661321319891467 0.9999431063031127 85.85210228190655
0.9998790714554177 0.015532319447922348 -0.0007677733307165926 -0.590362593237016 -0.015522474539235456 0.9998134442357872 0.01149476167617972 -1.3470623063273113 0.0009461704968036972 -0.0114814541283668 0.9999336382871516 87.20435053461239
0.9999108598964942 0.013221137175936298 -0.0018638017176421046 -0.6010049731694603 -0.013195983467615555 0.9998294823951026 0.0129179015836636 -1.3570179692837179 0.0020342734370152517 -0.0128921556498093 0.9999148234038782 88.57327471108796
0.9999347149902066 0.011050770887050166 -0.0029062328192669324 -0.6015950316184588 -0.011010694700199532 0.9998487551693102 0.01346222153864498 -1.3720514316648784 0.003054561460727291 -0.013429343290716617 0.9999051567043561 89.94895558590618
0.9999392685392477 0.010314746850007979 -0.003881391467422628 -0.6162003315522564 -0.01026027158643516 0.9998520960608368 0.013802639146375053 -1.3938913306959677 0.004023188473457355 -0.013761977043765736 0.999897205694447 91.32835121291505
0.9999571041913351 0.008234095494806106 -0.004241393975814533 -0.6346639836837458 -0.008177779902436995 0.999880379774249 0.01312821658402308 -1.394775235358584 0.0043489859859252465 -0.01309296852004481 0.9999048257257908 92.69360485917454
0.9999649952675882 0.006839048339122086 -0.004820335445431458 -0.650280979583872 -0.006774630225656781 0.9998891867715491 0.01325588817253498 -1.4205856522207236 0.004910459373714812 -0.013222768433358607 0.9999005179509564 94.07725957944938
0.9999568136648703 0.00802713728517188 -0.004683571921736801 -0.6676565634311911 -0.007966158012445339 0.9998851041626612 0.01289646509873924 -1.4347060802826745 0.004786555909049144 -0.012858598337164472 0.999905868242453 95.42781498767737
0.9999680662012668 0.006492210947647769 -0.00466023094346486 -0.6769604000231156 -0.006434194515885578 0.999902933147343 0.012358213164684564 -1.4386342358119495 0.004740011126439497 -0.012327833939418715 0.999912774605263 96.7784952225011
0.9999571760813569 0.008010228689546052 -0.004634890898239777 -0.6956804536916739 -0.00795533093540401 0.9998993883614447 0.011744184804240434 -1.4592689386267785 0.004728498588883173 -0.011706810021999556 0.9999202927802323 98.1006375906363
0.9999460894928269 0.009581270979992975 -0.004002165088285343 -0.7149699797117532 -0.009533365492673657 0.9998846668245519 0.011822352067869205 -1.459794624880438 0.004114977021335369 -0.011783560859260706 0.9999221043009946 99.45615785371018
0.999943249888091 0.00986761488943238 -0.004015862268812285 -0.7257171647931656 -0.009812753884996998 0.9998612726250475 0.01345902605798358 -1.4771088629504021 0.004148114005482256 -0.013418855864082221 0.9999013588703407 100.77339042287677
0.9999433438178219 0.009873681554597332 -0.003977378179715899 -0.7471520933931085 -0.009811900267026698 0.9998353495091009 0.015264353916385512 -1.4907259062856473 0.004127439032629219 -0.015224463769334754 0.9998755822423379 102.15340795707841
0.9999459800366762 0.009699721808448095 -0.0037352880149279667 -0.7601912555517402 -0.009645937176021989 0.9998532478035846 0.014157639925967523 -1.5079991966369013 0.0038720653599728125 -0.014120845066147863 0.9998927986827326 103.47072103133712
0.999943886007484 0.009951941051582022 -0.003630933251320573 -0.7751148661092 -0.009908814361326032 0.9998823569892236 0.011708441299046064 -1.5123051256285283 0.003747028140483031 -0.011671806288831106 0.9999248615417694 104.81084398279481
0.9999458818203549 0.009660385049948969 -0.003861393823943935 -0.79386264720038 -0.009620877528647643 0.9999024826695898 0.010122444610264748 -1.5182899510805163 0.0039588043258123855 -0.010084747014305553 0.9999413111562022 106.14455962877497
0.9999676889892953 0.007225531271724822 -0.003523159614202561 -0.8011674062278032 -0.007183401532147791 0.999904248989471 0.011827578187368782 -1.5428638877180818 0.003608283118184772 -0.011801887997272907 0.999923844972042 107.49862884820247
0.99998411643832 0.004808715133837408 -0.002939917563365576 -0.8071541153588473 -0.0047688602271429605 0.9998986223815431 0.013416517260534036 -1.5393837372748251 0.003004135995516225 -0.01340228437279618 0.9999056725268085 108.85019246057706
0.9999932866997598 0.002919822320207515 -0.0022138617667884506 -0.8271252766822824 -0.0028873582671225346 0.999890292196588 0.014528135885623444 -1.5583238448491468 0.0022560386665046272 -0.014521646432098226 0.9998920102113487 110.17253404890755
0.9999962764448719 0.0022850501839656017 -0.0014918564002609532 -0.8348542770941413 -0.00226448417697864 0.999904342027208 0.013644739096278577 -1.5778609100719159 0.0015228927454591869 -0.013641310275981443 0.9999057932924039 111.47933996260271
0.9999960806649099 0.002708651285833208 -0.0007084186757548964 -0.8455226374524609 -0.0027002346920274546 0.9999287961364368 0.011623742526811353 -1.5905287085212823 0.0007398529704990633 -0.011621784304521614 0.999932191077268 112.8268320555898
0.9999772101641001 0.00673459517080071 0.00047367405976038077 -0.8443027362602344 -0.006738759510171798 0.9999329228764549 0.009420131570433744 -1.6082525411970268 -0.0004102015419534177 -0.00942310905330571 0.9999555173870823 114.15310097285364
0.9999486687009126 0.009974906360692594 0.001777972480125182 -0.8673241547248928 -0.009990545454943631 0.9999094532753214 0.00901522445247609 -1.6077031459579265 -0.0016878856067639159 -0.009032524788467963 0.9999577813780859 115.47875709971974
0.9999467864201897 0.009765910712787956 0.0033243492541669894 -0.8800202755256189 -0.009804172345854699 0.9998835519846523 0.01169447274997861 -1.6216239112436805 -0.003209755225970296 -0.011726443174236791 0.9999260912697798 116.84185050998782
0.9999375424233745 0.010348825325890931 0.004220550656710468 -0.887889214513419 -0.010405091045864888 0.9998542640216485 0.013534578543423484 -1.626436510782364 -0.004079868915890626 -0.013577648692510262 0.999899496012549 118.1519049943566
0.999942349936658 0.009407399949378087 0.005176641184892117 -0.8851651926440738 -0.009483613443311117 0.9998440085471056 0.014900324263849343 -1.6474264692696567 -0.00503566077746811 -0.0149485588208811 0.999875583615505 119.50668608210246
0.9999294988146905 0.010206299237404882 0.006068676864836823 -0.890087370562266 -0.010291603209026393 0.9998462763639456 0.014195300702620468 -1.652089755198193 -0.005922862968687602 -0.014256756615383682 0.9998808251910597 120.83263874176191
0.9998985342161142 0.012024213390996703 0.007638032640004724 -0.8820312040181402 -0.0121290542554056 0.9998307757961514 0.013831335333556615 -1.6668284938264097 -0.007470429793297981 -0.013922574316108396 0.9998751695096374 122.12161201054988
0.9998681542413578 0.013763826166635944 0.008615752750813506 -0.8906182146546173 -0.01387765148085771 0.999815325099526 0.013293852526813239 -1.6703268784373817 -0.008431188064789518 -0.013411666470682256 0.9998745132608227 123.50392660141887
0.9998526434574205 0.014066260000785074 0.00984030852930166 -0.8927188641414597 -0.014191465979897781 0.9998177259921153 0.012771731136449884 -1.6816022133526862 -0.009658865212693477 -0.012909497799386315 0.999870017145875 124.811765813665
0.9998295684261373 0.014901747342588575 0.010898256508715131 -0.8881360672551672 -0.015035843094350108 0.9998109591189598 0.012327590285179482 -1.6820429880969152 -0.010712494553047448 -0.012489353998287921 0.9998646200836375 126.1267448825207
0.999818670449782 0.015047960403923491 0.011669836112211871 -0.8858178429440685 -0.015184625257363148 0.9998161107217689 0.011712042182303197 -1.704902112099563 -0.01149144876990162 -0.011887120767604432 0.9998633121395941 127.4636890491096
0.9998142411326676 0.014287973958545435 0.012935880241723654 -0.8767778026300512 -0.01445493496407671 0.9998122199429779 0.012906577378485686 -1.7122086980546447 -0.012749043367621905 -0.013091167433475707 0.9998330276738866 128.84119919616037
0.9998074422188202 0.01400908658067504 0.013741322591987588 -0.8709264089270823 -0.014198338547040223 0.9998043378384114 0.013772917347711845 -1.7210342147381839 -0.01354568907782511 -0.013965369490507345 0.9998107234684929 130.2110561021483
0.9998219311705251 0.01259022935231665 0.014056743909502938 -0.8550298067796034 -0.01279181940240668 0.999815285248568 0.014344502948691409 -1.7213593309267903 -0.013873548000967828 -0.014521760253884972 0.9997983012317084 131.5235728132074
0.9998533783400166 0.009797380203394858 0.014043971869021125 -0.8425139486333166 -0.010009218410070042 0.9998359828970731 0.015093802273852108 -1.737234816362388 -0.013893789860317824 -0.015232158673700803 0.9997874493845107 132.86000424768366
0.9998751552843 0.0076007427773815235 0.013852889348226703 -0.8311296933178343 -0.007819738275476084 0.9998442203229456 0.015823614932407446 -1.735014090764017 -0.01373046127066121 -0.015929965715377276 0.9997788308557604 134.17727684348495
0.9998876291077321 0.007072512202617162 0.013217742589854328 -0.8184928725042999 -0.007281213476517883 0.9998485246772668 0.015808593835273124 -1.7587632679014134 -0.013103935050238366 -0.015903058923143296 0.9997876672595686 135.50673109708757
0.9999108595628123 0.005894289263197199 0.011980412213261826 -0.8140283766781056 -0.00607943017475389 0.9998617514551149 0.01547638559847898 -1.7614032452475168 -0.01188753463766899 -0.015547840407493565 0.9998084572452907 136.86966581859198
0.9999378649345825 0.0017777204377825975 0.01100481638323538 -0.7993656488350553 -0.0019635264376327904 0.9998553187204293 0.01689633646334628 -1.7485378316749387 -0.010973188143462069 -0.016916895182137758 0.9997966832313281 138.17981145486328
0.9999487542961463 0.002052292376391194 0.00991346966733658 -0.7904211274689981 -0.0022215341339121408 0.9998514676326541 0.017091151357647345 -1.7712383149993531 -0.009876921977597491 -0.017112298951625447 0.9998047887651716 139.49598672717661
0.9999629585089075 0.0012054525216303857 0.008522235574345307 -0.7924501669139788 -0.0013531575368652786 0.9998486095651785 0.017347245005186186 -1.7788901838042044 -0.00850003481356319 -0.017358134700789007 0.9998132048382902 140.87363147137575
0.9999716560944123 -0.0007842649796658049 0.007488120204991693 -0.7857524276239527 0.000657228855223237 0.9998560809934226 0.01695244353264872 -1.774270567733116 -0.007500338350066561 -0.016947041952833627 0.9998282565994508 142.16887003963217
0.9999789259604916 -0.0012818946828008007 0.006364305871552122 -0.7833707632788252 0.0011754722281393393 0.9998598967991448 0.01669745574333559 -1.7701023112861414 -0.006384819117675929 -0.016689623118457845 0.9998403325362701 143.55357682377422
0.9999833798108316 -0.0018023538044741935 0.005476461580681123 -0.7739816950897807 0.0017225842620649297 0.9998928646810935 0.01453588162430276 -1.784957904483477 -0.005502074112882129 -0.014526206649117586 0.9998793509723904 144.89678345811762
0.9999784219166535 -0.004920523588261968 0.004352488966338222 -0.7930793785526709 0.004861140609540734 0.9998963716007001 0.013550474530467135 -1.807000880535298 -0.004418713716573167 -0.013529024335620591 0.9998987151056048 146.20380806536733
0.9998835774807752 -0.014969255380198757 0.002958528560700826 -0.7872127882450908 0.014917874228324779 0.999749470800414 0.016686900418803666 -1.7972782379210122 -0.003207578093319401 -0.016640823044770083 0.9998563869150136 147.54711728423806
0.99973283021045 -0.023054203633797666 0.0016649022808609205 -0.7671810921760833 0.02301972721999201 0.9995658408725502 0.018390810418692297 -1.799504241640348 -0.0020881650966300077 -0.018347571695681332 0.9998294885557353 148.88377290436503
0.999673140598575 -0.025555841860004556 0.0007147817290906022 -0.7466386169862547 0.025541541066160633 0.9995513019066454 0.015646869689869072 -1.813223107225852 -0.0011143300148647103 -0.015623499024003727 0.9998773247514698 150.1974018677498
0.9997288338590383 -0.02325331807989845 0.0012417542809038187 -0.7497670080887775 0.023235982280423857 0.9996516894670467 0.012513547298581914 -1.839629018785988 -0.001532303378068989 -0.012481300894753413 0.999920931462538 151.59851409614072
0.9997863269753188 -0.0205741021377328 0.0020016800959748423 -0.7725294305249046 0.02055311900692343 0.9997388214428311 0.009992906990160455 -1.8385053255624195 -0.002206752566003624 -0.009949631184842185 0.9999480661927849 152.89994015528166
0.9997836430903043 -0.020618260473648772 0.0027485184552426727 -0.7821914406241592 0.02058944495543103 0.9997366938123501 0.01013004405105277 -1.8460159856131106 -0.002956658880332444 -0.010071262056906815 0.9999449124068631 154.2891243872354
0.999738905063336 -0.02263719908205897 0.0031110975655738345 -0.784879048220619 0.022593041369946918 0.9996527343270566 0.013563378097852075 -1.856455444753477 -0.0034170543545500665 -0.01348954785828052 0.9999031732318915 155.61783812636446
0.9994974937468334 -0.031492292808946484 0.0036049242477284933 -0.7736496336454391 0.031428057024807825 0.9993669868544721 0.016670417601811132 -1.8512368466235836 -0.0041276322886101 -0.01654874514662823 0.9998545402649347 156.97274937100386
0.9994336491558824 -0.03345771149332884 0.003600342053378883 -0.7594351464666775 0.03338850692097935 0.9992836211627119 0.017817185291451446 -1.8688569561807986 -0.004193885427091402 -0.017686884787565263 0.9998347790685396 158.3057624147477
0.9993571896040627 -0.03568632362379992 0.0034196304871664256 -0.7582935849001318 0.03561905236965458 0.9992024981348627 0.018045798562385425 -1.8808364148896755 -0.00406089185885494 -0.01791239486052179 0.9998313134081533 159.63310985109118
0.9993610905562378 -0.035461090596579856 0.004463375102883099 -0.7582055651576556 0.0353705886930641 0.9991947292594087 0.01894239928489774 -1.8644593853080191 -0.0051314994303104265 -0.018772424940873885 0.999810613956028 160.96242366876956
0.9994970407439844 -0.031157875999086614 0.005903583753569953 -0.7624231135279729 0.03104438928739149 0.9993481143058758 0.01842803111338618 -1.871485282978876 -0.006473914130035135 -0.018235489742653932 0.9998127601466877 162.35115077141572
0.9995801152812406 -0.028175423796855538 0.006763034017136343 -0.7678806526959101 0.028059890304195933 0.9994682326699433 0.016610070383531725 -1.8727532187560407 -0.007227434024271802 -0.016413326372228445 0.9998391705246931 163.68676447240483
0.9996576126334927 -0.02505635021364404 0.007539020143417246 -0.7706634072638829 0.024936158705861005 0.9995667670172339 0.015635416755061995 -1.8746897958811046 -0.007927521124726588 -0.015442069461853952 0.9998493371000017 165.03820386938824
0.9997143346896156 -0.022626550313632865 0.007699886196818282 -0.7742993680290535 0.022492537559395207 0.9996013118126146 0.017067605730470514 -1.8848346644761491 -0.008082998050671747 -0.016889540437097762 0.9998246889165943 166.3737127958547
0.9997303216066216 -0.02196436545507084 0.007539941757983372 -0.7691345994382682 0.021830611759375004 0.9996105046347755 0.017385724076448693 -1.8902708333753375 -0.007918872036585565 -0.01721643429718854 0.9998204268051739 167.7254223385006
0.9997893997655178 -0.019227673708974373 0.007173053340723979 -0.7667369509864137 0.019118829743246628 0.9997054990512833 0.01494608652685458 -1.8998502570532692 -0.007458319961566682 -0.014805798763003995 0.9998625714495785 169.07510712843074
0.9998785388495824 -0.01411173292052838 0.006615629864671265 -0.7767446906134745 0.014029583529817704 0.9998258788169251 0.012303772571338897 -1.911772359372446 -0.006788106058562178 -0.012209463833500236 0.9999024205426196 170.517918812665
0.9999315239045027 -0.009893808133084138 0.00624980629134966 -0.7809232206614847 0.009827144489993212 0.9998954352938016 0.010608755655855116 -1.9130622779776487 -0.006354114302913989 -0.010546611655356293 0.9999241942323466 171.84646147670148
0.9999663967005037 -0.00465646965733554 0.006747056602868359 -0.7830068682816056 0.004577074387927852 0.9999206613112767 0.011735478795418239 -1.9300300690598824 -0.006801167766134122 -0.011704202886223675 0.9999083736770394 173.21108603142858
0.999967896235048 -0.0031625374285108813 0.007362395497374876 -0.7960889928933002 0.003057593132633072 0.9998941872450682 0.014222005046710983 -1.9402069237529433 -0.007406594699522369 -0.014199037528298996 0.9998717566204398 174.6053721613053
0.9999704366036161 -0.002047598658585585 0.007411698069651247 -0.7952777852118031 0.0019269531815993314 0.9998661287059881 0.016248430930116183 -1.9404264064792698 -0.007443976737251367 -0.01623366888846807 0.9998405148848646 176.03154393394368
0.9999697787128716 -0.00417710382791785 0.006556941102287006 -0.7953418793072453 0.004059394189206688 0.9998321895862226 0.01786376141543661 -1.9433533162551058 -0.006630460111130771 -0.017836604683922258 0.9998189298738626 177.36804226782166
0.99995604691013 -0.007807446352473057 0.005191150522951281 -0.7883426782147164 0.007714225837624789 0.9998128470616605 0.017741520597058295 -1.9315089189603802 -0.005328695389640054 -0.017700695433479238 0.9998291305964584 178.80861785741035
0.9999454450665745 -0.0100222651204267 0.002942975712824752 -0.7882817685221206 0.009979497534886635 0.9998493145391786 0.014204148303283861 -1.9387300621187933 -0.0030848902378072538 -0.014174004247231212 0.9998947849937533 180.18775961507893
0.9999900018883023 -0.004308008204597938 0.0011988312082116532 -0.805810151861591 0.0042957095591341695 0.9999399761807919 0.010079231411571224 -1.982065173018632 -0.0012421807579192084 -0.010073981001854637 0.9999484846207368 181.41478617087827
0.9999983038806891 -0.001646596804470166 0.0008252020470732254 -0.8321562291229905 0.0016390327564589097 0.999957389269641 0.009084779102577793 -1.9701576101525362 -0.0008401259163765226 -0.009083411337608992 0.9999583920486543 182.8353631678956
0.9999997972632252 -4.4380126572561573e-05 0.0006352203738746994 -0.8474238612343212 3.7706142076231186e-05 0.9999448439885563 0.010502740370726888 -1.9669214926013259 -0.0006356514958102341 -0.01050271449617874 0.999944642936813 184.22676761158635
0.9999960299410725 0.002646808601559159 0.0009666969324846832 -0.8398567278337963 -0.002659901935690264 0.9999011841653767 0.013803869945779522 -1.973297531666869 -0.0009300652734261108 -0.013806386736032742 0.9999042547504898 185.68740861189772
0.9999938123695898 0.0033108123089102964 0.0011890079858896125 -0.8622178468572687 -0.003330030434880964 0.9998576246865507 0.01654210542514129 -1.988133293950346 -0.001134070976947356 -0.016545962829213903 0.9998624630433158 187.10090464913063
0.9999890583452624 0.0044774161966480985 0.0013549639441365977 -0.8730163616292431 -0.00450023953682715 0.9998395603399531 0.017337860985983434 -2.0014585539539373 -0.0012771178288126996 -0.017343769287635393 0.9998487698864096 188.47117544662595
0.999997487384907 0.0018500323730069029 0.001265939438297699 -0.8660244590580217 -0.0018725383933393576 0.9998359810379513 0.018014011664155005 -1.9964879864879037 -0.001232405385215325 -0.018016337277587977 0.9998369330921433 189.92287269821807
0.9999986442949435 0.0008816046869914449 0.0013907486946179374 -0.8710889255568206 -0.0009068103314410674 0.9998334365161949 0.018228464327279953 -2.007692640009807 -0.00137444684858818 -0.018229701119000314 0.9998328804855334 191.2575036140235
0.9999939384254452 -0.0030347519343668604 0.001706868411538366 -0.8803808571331742 0.003003330854416026 0.9998313178192036 0.018119489467306463 -1.991661127120904 -0.0017615687830085348 -0.018114253697373656 0.9998343716310402 192.72748470155494
0.9999790113264762 -0.006112192116796072 0.0021489589292098556 -0.8703069011929232 0.006068763830866056 0.9997881868360198 0.01966599987604421 -1.9976989794156634 -0.0022687062962865297 -0.019652545969389198 0.9998042960578924 194.11784727511215
0.9999284836527871 -0.011741638841900468 0.0022718957645136385 -0.8776170397571186 0.011690425825200182 0.9997031530788808 0.021376146670855575 -1.989777617888502 -0.0025222125483992663 -0.02134805890773507 0.9997689227182383 195.534317687396
0.999890978110653 -0.014538582068456169 0.0025809954894566913 -0.871639704890419 0.014478814098755071 0.9996567328546537 0.021835301207424985 -2.0020620935466678 -0.0028975640633514205 -0.021795551343851347 0.999758249814721 196.95850038984986
0.999892401267917 -0.014408042095166423 0.002755761825743302 -0.8785839344912487 0.014356515063950987 0.9997369964181961 0.017883748198093224 -1.9927954563092591 -0.003012707086522073 -0.017842261131486552 0.9998362752563434 198.36968950988182
0.9999853375429206 -0.004374279169448133 0.003192239155620626 -0.897690677457514 0.0043325499090089495 0.9999065765647067 0.012964071240246884 -2.0219166982470913 -0.0032486496562131057 -0.012950050868893769 0.9999108672570812 199.82201774738851
0.9999766576977258 0.005059298152209023 0.004592119036591051 -0.9095856760690677 -0.005114406636762105 0.9999140842850622 0.012069254266154508 -2.0142219364205145 -0.004530662919022163 -0.012092458744575279 0.9999166192909532 201.267584458936
0.999897004135784 0.013036239730819157 0.006003128173976854 -0.9332390082519645 -0.013134862491076564 0.9997743839933433 0.016693008193260167 -2.033256519783705 -0.005784160191624924 -0.016770139481347902 0.9998426405761438 202.6666899518167
0.9998977531473022 0.012478151358540412 0.0069841939988574 -0.9285675283220773 -0.012604689560497508 0.9997516764547065 0.018376812792170873 -2.0091594940930246 -0.006753151564126571 -0.018462967786045916 0.999806738208444 204.11982197609208
0.999887816154438 0.013500941865738511 0.00648688270502599 -0.9271075566970246 -0.013624230027437862 0.9997198813622886 0.019353014982852735 -2.028628948741491 -0.006223782189204059 -0.01943922305775939 0.9997916688719675 205.55860802015002
0.9999486574777755 0.008776530727394953 0.005065066938625188 -0.9214098665073231 -0.008872123301276938 0.9997768834042009 0.019169476992196288 -2.0177972124161037 -0.004895695733083297 -0.019213431062733186 0.9998034187950824 207.02099795393266
0.9999728934560441 0.006251072864256634 0.0038905569218378984 -0.9166896371013511 -0.006324506834814513 0.9997964693801423 0.019157777302561085 -2.0237029563399083 -0.0037700087160799332 -0.019181864235058015 0.9998089033029778 208.45196535730824
0.9999683613969085 0.007173702948638428 0.003437176230279072 -0.9281649917680677 -0.007235692143225488 0.9998049792078876 0.018375209281797523 -2.026656901738171 -0.0033046878813396364 -0.018399498630340162 0.999825253478367 209.93278810412224
0.9999653353910487 0.00768277274399912 0.0032098297375720624 -0.935915397634148 -0.007741233129518524 0.9997967445052981 0.018615665262253264 -2.020739319826493 -0.0030661576409322317 -0.018639868368574463 0.999821561074723 211.4135133775285
0.9999608279789514 0.008238312952787314 0.003236154137746109 -0.9368508874882195 -0.008299233312048548 0.9997795728015946 0.019285448993477994 -2.009303518646541 -0.0030765614820689132 -0.01931155152611604 0.9998087810941915 212.83431962849474
0.9999612011516662 0.008289784746618156 0.002979202248186469 -0.948380117937895 -0.008346262744983193 0.9997755437088544 0.01947311242707786 -2.0207661819337552 -0.002817105860016847 -0.019497222485815202 0.9998059422889554 214.2762976074215
0.999965079393335 0.007954016295905331 0.002563904243292943 -0.9504786607100956 -0.008001176653887342 0.9997885944463003 0.018940633425280903 -2.0222750673196805 -0.002412708301894932 -0.018960486635477527 0.9998173227102869 215.7574073011049
0.9999755777423126 0.006630043882443457 0.00221052626683709 -0.960329637492771 -0.006669583566954027 0.9998087012080382 0.018386887940588605 -2.0126434379255684 -0.002088197683983524 -0.018401182546995232 0.9998285032532194 217.19411406039856
0.9999691533598104 0.007680179815027638 0.001645342772863666 -0.9611196327750664 -0.007709493117811123 0.9997969276614066 0.018619000013624754 -2.0256158808511344 -0.0015020114935801378 -0.018631110810686226 0.9998252975788503 218.67966438873526
0.9999495388380023 0.0099138333802099 0.0016234731700083506 -0.9671317920302781 -0.0099421951519116 0.9997792738975952 0.018508275268313324 -2.0361653959333115 -0.0014396269772896165 -0.018523482577829476 0.999827389140019 220.17068072933833
0.999973562876995 0.007157631837110238 0.0012813432118080309 -0.9820050450469906 -0.007179866776067842 0.9998070914755623 0.018281940652455947 -2.024481792816858 -0.0011502407122353738 -0.018290657569144844 0.9998320502961349 221.68993207677931
0.9999597555641491 0.008911051079014541 0.0010394241703629008 -0.9842625380609797 -0.00892859820759031 0.9997923962407317 0.018315145743924843 -2.027331773523469 -0.0008760012425732375 -0.0183236896292664 0.9998317233554772 223.13499992486544
