1.0 -3.469446951953614e-18 0.0 -1.7787691892340307e-19 0.0 0.9999999999999999 -3.5405977195229754e-19 0.0 2.168404344971009e-19 -2.354751593366955e-19 1.0 0.0
0.9999998987722333 -0.00012609343698170503 -0.00043192070481847217 -0.0026443987521826986 0.00012646883295877077 0.9999996142534039 0.0008691940753185074 -0.02467025678481396 0.0004318109757452718 -0.000869248629226804 0.9999995289733451 1.3227987774326777
0.9999995881060699 -0.0007737277044325593 -0.0004744824599192804 -0.013012454622593823 0.0007743168465788475 0.9999989281633145 0.0012426199036532357 -0.042110065877295544 0.00047352054298574193 -0.0012429868158795219 0.9999991153811156 2.6223367692250323
0.999998574875787 -0.0013630863234754369 -0.0009961137275495404 -0.014729452970366406 0.001364253341589199 0.9999983829138002 0.0011717424299412314 -0.07454547244604307 0.0009945150157583285 -0.0011730997344312042 0.9999988173886459 3.9480182332867337
0.9999977278927198 -0.0021000095662353016 -0.0003662946621562689 -0.02730680001642008 0.002100449662212917 0.9999970681744703 0.001204886036047113 -0.08917640686897718 0.00036376334790732927 -0.0012056527043674942 0.9999992070389574 5.259704101446943
0.9999967209930466 -0.002440294425589849 -0.0007765105387715228 -0.02269844288494885 0.0024415283382698046 0.9999957524154379 0.0015918814681693423 -0.11193851653090861 0.0007726226477603345 -0.0015937721510375438 0.9999984314718079 6.585346487379233
0.999993695596282 -0.0035148105401452603 -0.000504855109828116 -0.03229046616383554 0.0035161383768678826 0.9999902982974221 0.0026533142562955767 -0.14744122649964583 0.0004955243592355254 -0.0026550727192008673 0.9999963525162202 7.916494219476213
0.9999932448992164 -0.003656962988690794 -0.00036984069842005765 -0.05086103043341744 0.003658044768775081 0.9999889071101414 0.0029672140957945833 -0.16495532289038178 0.0003589856366917293 -0.0029685470017981404 0.9999955294195808 9.23635358552439
0.9999938421562593 -0.003396500221589884 -0.0008828585215710464 -0.050489063675283094 0.003398667994746885 0.9999911854953417 0.0024653564162600543 -0.19017143612180254 0.0008744772321369718 -0.002468341824743274 0.9999965712841554 10.565290684409659
0.9999996714926107 -0.00034680780936347487 -0.0007326243262201202 -0.07152120926513213 0.00034681589967324074 0.9999999397998417 1.0885148739953266e-05 -0.20963417706086585 0.0007326205690062818 -1.1139231479108264e-05 0.9999997315720578 11.887714111837496
0.9999974377059427 0.0020856155995606623 -0.0008802181721870108 -0.06729099329943236 -0.002086173463731596 0.999997623478478 -0.0006331835690443364 -0.2285264614650972 0.0008788955764181839 0.0006350182446388243 0.9999994121476906 13.22936423994662
0.9999843943490015 0.005559539542774309 -0.0005500605555162025 -0.09889469413172587 -0.0055599387129069335 0.9999842797576837 -0.0007261750207307053 -0.2551333804666947 0.0005460147548735754 0.0007292220009447098 0.9999995850518807 14.565149136871696
0.9999828981527012 0.005844915224303199 -0.00020088829794768517 -0.11756924406301095 -0.0058448974329991694 0.9999829143139927 9.091646892069528e-05 -0.2838873618511372 0.00020141628139925443 -8.974074899287874e-05 0.9999999756892015 15.91614326051291
0.9999908410554783 0.004279441778422132 6.461554990204671e-05 -0.11158113252645567 -0.004279620744061213 0.9999861011677743 0.003079338417450901 -0.31240344811282517 -5.1436804474299215e-05 -0.0030795868079415496 0.9999952567386865 17.25889171623531
0.9999999866347682 -0.00013415966232130025 9.344521289796309e-05 -0.11820148547864776 0.0001336872890351764 0.9999873052481724 0.005037009907774335 -0.33781290506714706 -9.411979403820209e-05 -0.005036997447114335 0.9999873098190888 18.62347860880768
0.9999977754391991 -0.0020992677214677173 -0.00020541299782756328 -0.11426072729296825 0.0020999895904277536 0.9999913910972507 0.003578794664257779 -0.37025936003545235 0.0001978984011018225 -0.0035792181372676147 0.9999935749967557 19.958228492739412
0.9999957349971721 -0.002912144304601046 -0.00022227654004771747 -0.11837487626861745 0.002912379646027809 0.9999951918576272 0.001065036183684208 -0.3707880819050231 0.00021917395184263338 -0.0010656790139260898 0.9999994081455871 21.319583821528088
0.9999996052490586 -0.0008679677960556926 0.0001900928295544748 -0.1336071220868299 0.0008679970227604417 0.9999996115201074 -0.00015342574348623853 -0.4289497872062629 -0.00018995960322198925 0.0001535906867776787 0.9999999701624706 22.66575977033814
0.9999981384527376 0.0017028620164169037 0.000907386561927469 -0.14072045318210902 -0.0017040626318489908 0.9999976717145697 0.0013239103937789972 -0.4186406491151531 -0.0009051300880766723 -0.001325454199481496 0.9999987119539624 24.035863523378477
0.9999961965590075 0.0020816221234996254 0.0018093412277504829 -0.15964615765300394 -0.0020926151976029053 0.9999792348301977 0.00609515152900318 -0.4438850325556291 -0.0017966160012231713 -0.006098914721743865 0.9999797875003384 25.426641185532443
0.9999980804734963 0.00041265577569965257 0.0019154024312208835 -0.14708516629735652 -0.0004254011005217677 0.9999777415848052 0.006658480891504307 -0.4640121725550119 -0.0019126122930587612 -0.006659283054687288 0.9999759976432171 26.796507010929663
0.9999915126880536 -0.0037092971619800408 0.0017932300585474356 -0.15311295224048663 0.003697905831674465 0.99997322490197 0.006314662689225602 -0.5004656426081492 -0.0018166051531736495 -0.006307978018832525 0.9999784544469678 28.168733437153325
0.9999917497919032 -0.0036797268165287104 0.0017204552246708356 -0.1617950733870847 0.0036728507009605 0.9999853226518451 0.0039830443986549864 -0.5036070548984837 -0.001735086631381191 -0.003976692636682213 0.999990587649949 29.53001519786959
0.9999896237628491 -0.003837857490708054 0.0024542259591143188 -0.16619447981597552 0.003833107663690428 0.9999907771250954 0.0019372518616656475 -0.5454693550490163 -0.0024616384268603187 -0.001927824481004106 0.9999951119011005 30.911680172996796
0.999994490009123 -0.0015929336961430542 0.002912476575865266 -0.17988855848133684 0.0015905095154648014 0.9999983869372738 0.0008345057114058536 -0.5430882336496099 -0.0029138014355813424 -0.0008298688043450326 0.999995410527138 32.29764343642225
0.9999942135442755 -0.00015548063911241354 0.003398339037788428 -0.18327738742142102 0.00015994441712055898 0.9999991248529284 -0.0013132825456077038 -0.5927382294597728 -0.003398132161960845 0.0013138185204924966 0.9999933632651477 33.67925256307324
0.9999934122956472 -9.499273711573164e-05 0.003628546029081135 -0.19748501881089398 9.822701216379362e-05 0.9999995980813591 -0.0008911725533430907 -0.5841004407637761 -0.0036284602231339033 0.0008915231243941325 0.9999930197048302 35.07330200648646
0.9999951786564205 0.00011746027969944568 0.0031030421753200756 -0.1938913053091023 -0.00012000322590185498 0.9999996571527402 0.0008193251488193613 -0.6358003608040667 -0.0031029451348545106 -0.0008196935873628891 0.9999948499017858 36.4679151905638
0.9999945732801857 0.0015590235188973137 0.0029022158575204952 -0.20659577011110547 -0.0015651396377391212 0.999996556946506 0.0021062847329687763 -0.6499927342794198 -0.0028989223609708526 -0.0021108157162653355 0.9999935703307254 37.86679157675376
0.9999914642768446 0.0032730076277253037 0.0025216644945045335 -0.20362413799693763 -0.0032794880619797266 0.9999913200323622 0.0025699851222239613 -0.6630657323158329 -0.002513231236140241 -0.002578233005425332 0.9999935181692318 39.261650340067874
0.9999759890517341 0.006214716234179643 0.0030657158079565386 -0.2224296555870965 -0.006223352605903482 0.9999766711540424 0.0028155003280381295 -0.701824827700322 -0.0030481470084435863 -0.0028345118138135734 0.999991337132096 40.66021217986761
0.9999543307410803 0.009038970679255638 0.0031037759499511117 -0.23495799036124895 -0.009049352513447483 0.9999534519199305 0.0033471229162801734 -0.7302325343176974 -0.003073377186802351 -0.003375057289293845 0.9999895816145873 42.08422027958594
0.9999505247329844 0.0095741968722233 0.0026986705010416364 -0.23454050775815932 -0.009583305549801578 0.9999483580260617 0.0033825369971205166 -0.7393758618358387 -0.0026661462843858078 -0.0034082319015274515 0.9999906377644187 43.47558935572165
0.9999589101742988 0.00875470242503784 0.0023522611238550152 -0.24716533745030073 -0.0087622289211478 0.9999564637578847 0.003208418880823639 -0.7635551787548978 -0.002324070157030198 -0.0032288981663548227 0.9999920864247194 44.900627754877654
0.9999654527935022 0.008180271930020543 0.0014752474576521244 -0.2396092056863972 -0.008184197327409527 0.9999629326670876 0.0026743640491175306 -0.7881079031486055 -0.0014533158701625646 -0.0026863454316399613 0.9999953356989498 46.29802341186658
0.9999697204080621 0.007762189004770911 0.0005537807877500902 -0.2508456863201941 -0.007764047974035584 0.9999639537070487 0.0034366933857816937 -0.817910427099647 -0.0005270846046424081 -0.0034408889780460825 0.9999939412140316 47.72908362598257
0.9999659121515372 0.008244604031385272 -0.0004483534152656841 -0.2595267275015534 -0.008242576365347832 0.9999565610480032 0.004351547852537407 -0.8400998556441871 0.00048421077215069115 -0.004347704022769697 0.9999904314599131 49.12789119618923
0.9999570604196609 0.009180327686930691 -0.001264467461054845 -0.27836562990710184 -0.00917450793656531 0.9999476326641199 0.00453435252793586 -0.8690530371132734 0.0013060281997719389 -0.004522557055216227 0.9999889203242159 50.555019663605925
0.999954366851612 0.009227897327468898 -0.0024718617420073623 -0.2854218030184988 -0.009216135662057789 0.9999463514809224 0.004728321351824625 -0.8846382664701518 0.0025153618100502333 -0.004705324672337234 0.9999857663387862 52.000928843745406
0.9999441800849205 0.009975190057348907 -0.0034831406202604736 -0.3029416199502629 -0.009953876442375 0.9999319509517155 0.006083899295724585 -0.9143185220689296 0.003543591951356702 -0.006048889071362002 0.9999754266506476 53.41011019594016
0.9999536409144896 0.00854033671802384 -0.004447318686322115 -0.30944799263882206 -0.008509727843519792 0.9999402833356738 0.0068566982725202594 -0.9350538543898868 0.004505612005050298 -0.006818535075202245 0.999966602967514 54.86566213449817
0.9999709223336429 0.005923249239514752 -0.004803080723535231 -0.32269080419900364 -0.005885968024897579 0.999952727790295 0.007739352342810107 -0.9418906656267265 0.004848696199796322 -0.007710856681404098 0.9999585155625639 56.26454541003048
0.9999738484888383 0.004839502713296857 -0.005374154059015723 -0.3360822985441414 -0.00480018214907828 0.9999617924020205 0.007305613915764828 -0.9777361488280526 0.005409304726583368 -0.007279626096125936 0.9999588723938213 57.69437353299466
0.9999802754146248 0.0033122110663019004 -0.005336480381937358 -0.35550570383391367 -0.003271417348236213 0.9999655014850531 0.0076350292781791835 -0.9924717151192879 0.005361585568812467 -0.007617420982927067 0.9999566132141109 59.145207289098444
0.999982699199733 0.0030241702898570616 -0.005045362215466842 -0.36178275624504413 -0.002981455747991379 0.9999598340930547 0.008452285197071903 -1.0208327985905639 0.005070721148849066 -0.008437096614328935 0.9999515504264694 60.54402296874977
0.9999897321383406 0.001056994125890818 -0.004406628090403354 -0.3821443827250257 -0.0010158807016430798 0.9999560356051479 0.009321740286548433 -1.0330381236709871 0.004416287761084135 -0.009317168151812587 0.9999468419828571 62.00158599055499
0.9999908305331802 -0.0014190287083019944 -0.004040445730047099 -0.3925638269877636 0.0014546801371043087 0.9999599179404547 0.008834388109840118 -1.044359961182625 0.00402774787795248 -0.008840184835787357 0.9999528130814129 63.399355941796614
0.9999909172012778 -0.0021646380724898735 -0.003671491988205812 -0.4050706740401254 0.0021940315526208787 0.9999654260265948 0.008020783715662609 -1.0694372412544217 0.003654003271788689 -0.008028766393325643 0.9999610928328247 64.81956348591521
0.9999934577017693 -0.002114689037291397 -0.0029347302882466557 -0.41143527481138586 0.0021383325753247806 0.9999650958476454 0.00807679482669921 -1.0933290965514044 0.0029175481977520437 -0.008083017575342029 0.9999630756917952 66.26880313099316
0.9999971417081487 -0.0006023793505917502 -0.002313808897053061 -0.4264074683519875 0.0006206439758662547 0.9999685929146297 0.007901138026585229 -1.1105889451476902 0.002308976946242058 -0.007902551651553898 0.9999661085802709 67.63770192005455
0.9999949825583645 0.002701302823389903 -0.0016546339532161674 -0.4492227290010694 -0.002685438892625825 0.9999511157535941 0.009516014019767708 -1.1363935342022324 0.0016802588527434178 -0.009511523046255823 0.9999533527447334 69.11316546154366
0.9999814408045925 0.0060411351961714745 -0.0007891251206961261 -0.46354790294848863 -0.006032464789697097 0.999926010304468 0.010563299371007535 -1.1533630369946737 0.0008528811334175705 -0.010558343168586396 0.9999438954202942 70.47491541563207
0.9999521462258514 0.009780426323825668 0.00022022137803503908 -0.4864806679375008 -0.009782320467424645 0.9998852041570546 0.011570857004661273 -1.172134258016087 -0.00010702818340169369 -0.011572457807070037 0.9999330311422406 71.92520411737179
0.9999040074741173 0.013839324300374493 0.0006700045998885209 -0.49292995026825526 -0.013846010271736774 0.9998403907785611 0.011290748336818378 -1.1815262063737304 -0.0005136413682717892 -0.011298941632820433 0.9999360330010074 73.29094042350587
0.9998408242344281 0.017792077476766165 0.0013297088774627303 -0.5092059828073208 -0.01780531011285641 0.999784135859239 0.01070759830666302 -1.2021963663162443 -0.001138911510977467 -0.010729570019609558 0.9999417879105906 74.6901399384492
0.9998268777856164 0.018484328443433323 0.002131668388339667 -0.521261099292022 -0.01850605071980241 0.999771866270275 0.010664968332180967 -1.2014881939031634 -0.001934047461284823 -0.010702570976092353 0.9999408554689339 76.13662055548936
0.9998153574274329 0.01905098266472271 0.0025121824279886115 -0.5316203861501304 -0.019077894812147722 0.9997556839888317 0.011162719735622514 -1.2204730278971514 -0.0022989080677764673 -0.01120858600808771 0.9999345391685749 77.50072625789247
0.9998322953836207 0.01812016055158055 0.002653458536357541 -0.5353562237637337 -0.018149400480844943 0.99976978929793 0.011444112713070925 -1.2468595268290132 -0.0024454787205363125 -0.011490352402538578 0.9999309933372215 78.91958704784727
0.999850608932178 0.017125845858640396 0.00233777197720003 -0.5413536165392714 -0.01714921909200224 0.9997991299839304 0.010373235323545104 -1.2601246667919181 -0.0021596521348215066 -0.01041177683524371 0.9999434638050211 80.29072815441856
0.9998516730703291 0.017099323024388817 0.002060331670076622 -0.5440951880542527 -0.017120173192687847 0.9997976037677877 0.010566513757490641 -1.2822823802510017 -0.0018792345860001074 -0.010600219914472003 0.9999420502289975 81.6710635812742
0.9998631545236053 0.01646386591621065 0.0016165714005333097 -0.5545952785367776 -0.016480699745714724 0.9998034633356895 0.011019132366463942 -1.292070038154439 -0.0014348362805119367 -0.011044266905040175 0.9999379807844212 83.08583105478353
0.9998614890829555 0.01658517028131508 0.0013909466937807782 -0.5699052396742504 -0.016598593259535645 0.9998095101225074 0.010267921480621748 -1.3030397560781137 -0.0012203866021396523 -0.010289587234334862 0.9999463160854194 84.42619940528627
0.9998625412322462 0.016572146478938003 0.0005124038182780224 -0.5740441953297488 -0.016576656171374292 0.9998061951597775 0.010620105044514397 -1.3153177325741927 -0.00033630659634891055 -0.010627139381758337 0.999943473807187 85.84015145519835
0.9998693208539668 0.016152773224893682 -0.0006550480458408429 -0.585149355238116 -0.016144234887060578 0.9998043206240275 0.011431718164567619 -1.3304272216881072 0.0008395738967340814 -0.011419649266021476 0.9999344412169163 87.1993592262262
0.9998867420484773 0.014953900549446557 -0.0016982026893690772 -0.5925964341378607 -0.01493085315049331 0.9998058476021495 0.012858334192144612 -1.3512720184412002 0.0018901553991745907 -0.012831522534478097 0.9999158861375431 88.57806997716696
0.99991418459623 0.012808041981452734 -0.002752720024651817 -0.5975653093355187 -0.012769569815203483 0.9998264247321835 0.013566816856340508 -1.3666345183287343 0.002926006837798371 -0.013530501842810898 0.9999041774163016 89.95908557730877
0.99992398889663 0.011771121240147023 -0.003668391871002593 -0.6091164675894003 -0.011719272161060602 0.9998354192934736 0.013848935277803735 -1.3851637998162034 0.0038308059548342824 -0.013804892006445824 0.9998973696811284 91.32333265385626
0.9999309903342167 0.010998117052819074 -0.004129885837442303 -0.626338999572663 -0.0109426211317212 0.9998526261178303 0.013228193684467366 -1.3932659081499703 0.004274762793891575 -0.013182089306922174 0.9999039748585594 92.70942571072551
0.9999450174829292 0.009573074944114116 -0.004279978687504683 -0.6377435194415365 -0.009514670242047203 0.9998640814401011 0.013464386799594105 -1.4218258416759226 0.004408292925656212 -0.013422924183342093 0.9999001910559383 94.0229584750873
0.9999485601822014 0.009057880314488542 -0.004564182834868301 -0.6560912325181875 -0.008999572157203452 0.9998796390105527 0.012637848233709375 -1.4171483011665849 0.0046781060069899 -0.012596122711346223 0.9999097224403634 95.4237441426707
0.9999556844735934 0.00828878168954774 -0.004463760812956642 -0.6663090341654125 -0.008232851747346401 0.999889152032024 0.012405797584600142 -1.4271743863802637 0.0045660953573523535 -0.012368498587982642 0.9999130817373065 96.76082154860102
0.9999471498153504 0.009351744116789493 -0.00427111568201988 -0.6803298799199174 -0.00930065786230697 0.9998867891611631 0.011828213750364441 -1.4457717913665054 0.004381246952977487 -0.011787864684496515 0.9999209223403931 98.1048944741054
0.9999278705934225 0.011371969287559113 -0.003864180504034969 -0.7062512447752258 -0.011325329021752513 0.9998652341925067 0.011884881061997513 -1.4519729122767608 0.003998814593849807 -0.011840260942303019 0.9999219058079364 99.47188424250457
0.9999238657129669 0.011740801895254137 -0.0037968820666892554 -0.7135119657358108 -0.01168932488633111 0.9998431266738703 0.013307206659196451 -1.4652865848448247 0.0039525240583426265 -0.013261810810067044 0.9999042463857832 100.81025855714421
0.9999232995969695 0.011808894474389863 -0.0037342869812082456 -0.7353958275175252 -0.011751699034015564 0.9998186656676424 0.014984437718549652 -1.4753825570877934 0.0039105598123524215 -0.014939404496105035 0.9998807537546901 102.15069804590112
0.999930144823555 0.011280526553139074 -0.0035291869848482725 -0.7487116768276714 -0.011229720110793935 0.9998375387852704 0.014099270989173553 -1.4927856077543722 0.0036876611519083115 -0.01405865458878423 0.9998943721209037 103.49217008979204
0.999929273359635 0.01139602258103579 -0.003402780430864582 -0.7619383575217509 -0.011355420013403976 0.999866811539435 0.011722356444902222 -1.5034721890412213 0.0035359157660767655 -0.011682887602879338 0.9999255009488254 104.81696618996703
0.999947048032511 0.009616613050939766 -0.00366358514487025 -0.776111331811082 -0.009576867009110082 0.9998967156434713 0.010716421107256908 -1.5218833562842682 0.0037662627552308902 -0.010680768204909753 0.9999358661764932 106.14652370981337
0.9999549757578584 0.008933294676280438 -0.0032004183876721834 -0.7858334699151481 -0.008895101069171114 0.9998913317165952 0.011755932549717792 -1.5333838822813928 0.003305090101587209 -0.011726935443406777 0.9999257749327537 107.50033399436268
0.9999829475441646 0.005156678583715584 -0.002741034827069449 -0.7942063000665731 -0.005118426814973278 0.9998918981978149 0.013783817672268916 -1.5354441621038903 0.0028118174820750816 -0.013769553115796555 0.9999012416734324 108.82471907111372
0.9999896066438974 0.004132146433964946 -0.00192664447612967 -0.8104057170986605 -0.004102738713964862 0.9998786893364732 0.015025782742153819 -1.5559753911184637 0.0019884996680932733 -0.01501772235573856 0.9998852503633688 110.17020978647584
0.9999929664305759 0.0035334824297549973 -0.0012576099065668468 -0.819959802845419 -0.0035159444760501247 0.9999001768111341 0.013684829133514455 -1.5646540008740946 0.0013058395924150003 -0.01368031146711664 0.9999055674756644 111.48000576585845
0.9999894758075265 0.004560945030530555 -0.0004960292994504274 -0.830509648358253 -0.0045548402885663124 0.999921393116517 0.01168165323391182 -1.5777600407505084 0.000549269741968473 -0.01167927119384087 0.9999316441298746 112.82142163553857
0.9999692015973788 0.007827007629541274 0.0005777477093818423 -0.8344916382338192 -0.007832240177802178 0.9999223767855703 0.009690017065949524 -1.5977524796062417 -0.0005018590603058529 -0.00969424388438053 0.9999528837777312 114.17355528377394
0.9999406129991105 0.010706493377841087 0.002035055877488858 -0.8519248540088487 -0.010724369330008317 0.999902118003157 0.008985673999555837 -1.596281164485896 -0.0019386517801977731 -0.009006965242310445 0.9999575572025723 115.4817542310406
0.9999281467696226 0.011460999004367737 0.0035137980673074784 -0.8647360503335546 -0.011500069253691137 0.9998699306755509 0.011307968918691028 -1.6125305413040092 -0.0033837406869426188 -0.011347565555394104 0.999929889069591 116.85019620081762
0.999924630459792 0.011458030819922846 0.004409864796775889 -0.8720172022140935 -0.011516891288937509 0.9998417077341878 0.013561737051760461 -1.619837319027918 -0.004253776297374394 -0.013611503116930051 0.9998983110149361 118.15127990000309
0.9999239149094477 0.011116143311000316 0.005347497519267833 -0.8723921867585218 -0.011192571089261402 0.9998324985756464 0.014481062267153453 -1.6344500576991712 -0.0051856286695438104 -0.014539813011221866 0.999880844447598 119.51813913231025
0.9999132935592345 0.011563052768510213 0.006300885096414335 -0.8724600921025506 -0.01164965791027414 0.9998357192118955 0.013885967032667439 -1.6447456724137188 -0.00613928632077436 -0.01395816646476494 0.9998837326168404 120.82840300764298
0.9998787883418478 0.013498018622758649 0.007759644985692629 -0.8703856792634586 -0.013603567818164393 0.9998134133087452 0.013714282293094696 -1.6556062149857338 -0.00757308213108218 -0.013818179095532202 0.9998758454689418 122.14488371021743
0.9998474570603358 0.015077397391216591 0.008816726463558057 -0.8730891685347637 -0.015192092537943142 0.9997989093281343 0.013089738913266827 -1.6574518380586927 -0.008617595025268675 -0.013221686955460072 0.9998754542682604 123.5177215769839
0.9998210866028624 0.016026457363019143 0.010047258968009983 -0.8769922190359095 -0.01615197986682848 0.9997909218490135 0.01253898611395077 -1.6712872418205371 -0.009844203601984874 -0.012699026100474221 0.9998709048618977 124.83699056548676
0.9998067129493787 0.016198364316772643 0.011142248336905986 -0.8699628146661478 -0.016331979151945727 0.9997945277237932 0.012007032507355724 -1.6726342464775934 -0.010945465542981217 -0.012186686914694338 0.9998658317213432 126.17334341940415
0.9997972455739648 0.01620745042422306 0.011949320326566218 -0.8648095484268539 -0.01634411550338186 0.99980109930836 0.011429424732109634 -1.6908650407150554 -0.01176170274931943 -0.011622408669177403 0.9998632816354727 127.51603128224016
0.9997882530942619 0.01596085047720623 0.01298846372322446 -0.8635926034442037 -0.016121249989620962 0.9997938966779512 0.012339752930699291 -1.6999221698019022 -0.012788834877849254 -0.012546530545965138 0.9998395022564895 128.83908525139623
0.9997770170942611 0.015921735554515683 0.013871351399378883 -0.854038513265146 -0.016105837716689157 0.9997823238855731 0.013262988910364735 -1.7130055840100067 -0.013657163279636921 -0.01348344149194035 0.9998158223876265 130.2127705457275
0.9997953014195523 0.014430967615110528 0.014181057816308374 -0.8375376808660823 -0.014628574901417427 0.9997959449274888 0.013931020585527795 -1.7189156969775397 -0.013977127163271314 -0.014135617870119611 0.99980239258782 131.5411611299727
0.9998232789531408 0.012331769031813815 0.014189373160931497 -0.8277248952208762 -0.01253575280554291 0.9998180509304992 0.014377759193432496 -1.735550683793183 -0.014009489385058882 -0.014553093100062895 0.9997959500264729 132.89117078594793
0.9998469103064863 0.01048876155686942 0.014005063806560735 -0.8164494339607755 -0.010700982810997113 0.9998277384713915 0.015165169569268905 -1.7286067284080957 -0.013843588583481854 -0.015312716183738478 0.9997869151872086 134.21826664586249
0.9998653708619392 0.009388297519871613 0.01345734019366942 -0.8008309237250706 -0.009594140153044623 0.999836706219531 0.015313829875758321 -1.7526434747189437 -0.013311373015728649 -0.015440880096633478 0.9997921716893584 135.55360374015882
0.9998837154038617 0.009045599546106826 0.012277328090547412 -0.7960863170684811 -0.009226373307740853 0.999848670073253 0.01474825421449671 -1.7578820199413903 -0.012142064376443077 -0.014859814721820477 0.999815861135963 136.90580780718227
0.9999261149940604 0.004700020837547914 0.011210457371059166 -0.7845955631096203 -0.004880498593814735 0.999858050337181 0.01612637316534065 -1.7490619778626026 -0.01113307268859242 -0.016179894603033942 0.9998071142493573 138.2257506434318
0.9999377327380773 0.004625085365510028 0.01015574861395043 -0.7699560638394847 -0.004791097246950665 0.9998543018828445 0.016383540374411 -1.7599268284198748 -0.010078494506439068 -0.01643117771462545 0.9998142029136312 139.56002441559852
0.9999566041253473 0.0030067300534102424 0.008817564399383665 -0.7714312938498735 -0.0031548050626745983 0.9998534284876704 0.01682761849789077 -1.7713659566953786 -0.008765676616742145 -0.01685470627284179 0.9998195246096245 140.9261101630532
0.9999666917614821 0.0028713860825158232 0.007640059627860804 -0.7708117536831545 -0.002996695219734797 0.99986034709835 0.01644098889852581 -1.7716828332899854 -0.007591784873131367 -0.016463336528816347 0.9998356481709327 142.25652477379234
0.999972651370092 0.003296515412687946 0.0066203850615340265 -0.7641677524311936 -0.0034023988249279003 0.9998654585332915 0.016046448616671018 -1.7755047294843953 -0.006566597522212512 -0.016068535272524262 0.999849329635148 143.59974242199104
0.9999827337033969 0.000947918563932575 0.005799461174415663 -0.7522299324038692 -0.001029025331628887 0.9999014901632888 0.013998252464830467 -1.7893213934795864 -0.005785621144748151 -0.014003978831339395 0.9998852009928221 144.96044001214204
0.9999835121696292 -0.003408056116998853 0.004621747771604084 -0.7703955183868675 0.0033471099749142474 0.9999081813169107 0.013131099744426498 -1.8055805389483477 -0.004666075317100644 -0.013115413995106632 0.999903102133717 146.26686367190658
0.9999289092148759 -0.011403060749676897 0.0034852168273739794 -0.7585088464571923 0.011346146771135816 0.9998086414043602 0.015935667843360715 -1.810071207313743 -0.003666265585856288 -0.015894991484144028 0.9998669450206499 147.66129073233628
0.9998258841621179 -0.01856005658508438 0.0019301993477981614 -0.7512690477209898 0.01852258806507684 0.9996683079456677 0.01789379233961935 -1.8186987317563073 -0.0022616690896956624 -0.01785492479544547 0.999838030142421 148.95898963493156
0.9997920067879864 -0.02036690762194924 0.0010640698132865305 -0.7232667241581262 0.020348934425978363 0.9996832778325003 0.014807595269292345 -1.8316811824516939 -0.0013653178256432382 -0.014782862977809199 0.9998897953643454 150.26447594249748
0.9998125301001645 -0.019330566958400415 0.0011107855846351036 -0.7456636687746088 0.01931604796649644 0.9997430721630376 0.011860857544513406 -1.8470781061222636 -0.0013397773960413472 -0.01183717822053313 0.9999290405877508 151.66062624823766
0.9998718219621288 -0.01586675538794214 0.0021414322297654375 -0.7510613921522338 0.015845773925970384 0.999829474489102 0.009483321105778533 -1.8549088960042994 -0.0022915367820236683 -0.009448173073511732 0.9999527393255568 152.980330067568
0.9998592591137568 -0.016499495617182912 0.0030378647031413996 -0.7586593091144767 0.01646927640295172 0.9998171473996902 0.009717751188264588 -1.8650077692636797 -0.003197647476001104 -0.009666352245173912 0.9999481669986483 154.34631085749373
0.9997929521926312 -0.02005882332613261 0.0034199946692256497 -0.7614218797846627 0.02001491063025404 0.999722480491358 0.012424384963536967 -1.8603224831655747 -0.003668264395403342 -0.01235336185936271 0.9999169656962623 155.67754784571898
0.9996013146137186 -0.027981801105292976 0.0037723505671096993 -0.7598230150254406 0.02791943076337252 0.9994871772377162 0.015680813819202954 -1.8692617456703884 -0.004209193774279392 -0.015569240509455844 0.9998699322609697 157.00846866246212
0.9994620956347545 -0.03258579045939467 0.0036994105263199817 -0.7471583424636992 0.03251913278761265 0.9993292491186537 0.01683917656240881 -1.8579495876525536 -0.004245647365119573 -0.016709817374663875 0.999851367196357 158.34962657072606
0.9994548941755107 -0.032816214846766244 0.0036070125843651706 -0.7387098439298914 0.032749500086454414 0.9993152995140653 0.01721634136897819 -1.886382262186321 -0.004169518354276374 -0.017088829090410703 0.9998452815511237 159.68835100357148
0.9994985912979777 -0.03132496710920664 0.004616537839272133 -0.7438872358359157 0.031240567896320487 0.999361428418323 0.017342500171387963 -1.881780384104177 -0.005156843516298338 -0.017189581537726668 0.9998389496583235 161.0636511298802
0.9995482183301782 -0.029470332365242588 0.005904129150586064 -0.7495483441597861 0.029364788103422065 0.9994202525736351 0.01722985681893984 -1.8714388296974254 -0.006408476379457791 -0.017048699492286757 0.9998341228812051 162.4038239782943
0.9996101834246046 -0.02706734778787891 0.0068439667344035665 -0.7528876027793829 0.026957182765146453 0.9995131815722537 0.015707009822979692 -1.8777343823385149 -0.0072657826622482225 -0.015516393187312419 0.9998532141993428 163.7526318159696
0.9996343355994299 -0.025974050602293863 0.007519560578566859 -0.755281526454341 0.02585776979783888 0.9995505391491479 0.015168896565277635 -1.868821426249422 -0.007910179171814578 -0.014968911042115526 0.9998566701118247 165.09847635133198
0.9996487093119192 -0.02534861964333609 0.007739861730474782 -0.7568972961171959 0.02521826620557931 0.9995458060502145 0.01649911058937313 -1.8686252015129066 -0.00815457668490741 -0.016298129007154324 0.9998339231443949 166.44508542566822
0.9996797406965248 -0.024141505468392492 0.007589714285521033 -0.7500543825886965 0.024013773488267574 0.9995755684245569 0.016493079848734656 -1.872997436000536 -0.007984661408246871 -0.01630554040318992 0.9998351736835175 167.77677619033753
0.9997165596289491 -0.02270954648276205 0.007146811343692662 -0.7486753631881726 0.02260411729358984 0.9996393013451659 0.014502450767295888 -1.8762790715097972 -0.007473578196535576 -0.01433679308450118 0.9998692924538106 169.17216979400294
0.9998174124281783 -0.017910639828831273 0.006659639717346136 -0.7543641790415996 0.017833167156076912 0.9997746521038648 0.01151621237710596 -1.8933496101088119 -0.0068644022831730375 -0.011395347396881434 0.9999115091029018 170.57182545649331
0.9999280324235172 -0.010116993938557322 0.006447978247507627 -0.7595279473538085 0.010053122832140547 0.9999008298594745 0.009862309807922407 -1.9213559537783633 -0.006547116273776391 -0.009796777904065183 0.9999305767941615 171.92079900673713
0.9999551844250057 -0.006575214888634063 0.006811439285109978 -0.7631562701405181 0.006499414809735713 0.9999173657316374 0.01109140675394529 -1.9316431443424145 -0.006883805381971715 -0.011046639523897986 0.9999152888999799 173.27400047024585
0.9999713942995808 -3.807911556051244e-05 0.0075636723449579195 -0.7746717022303049 -6.550234766789821e-05 0.9999062322788518 0.01369388016279792 -1.960448961854176 -0.007563485195591704 -0.013693984141777294 0.9998776267567209 174.68381431414528
0.9999705865503917 -0.0013432077081942644 0.007551280416738981 -0.7758299713598669 0.0012239611511357523 0.999874832282006 0.01577408251629888 -1.9545172038110457 -0.007571523736464986 -0.015764376375764486 0.9998470665386169 176.0233187983917
0.9999684870304717 -0.0042744078906885915 0.006689872600510393 -0.7727059018844993 0.004158462727061624 0.9998425517196858 0.01725047665089973 -1.9516602713338744 -0.006762555422390395 -0.017222113781961427 0.9998288186697432 177.46205444775336
0.9999674172275281 -0.006119664605734602 0.005264427953327962 -0.7705152198316478 0.006026320549415286 0.9998275103240447 0.017567955034975238 -1.9574081606403533 -0.005371030325801155 -0.0175356578285029 0.9998318122265624 178.86039017301323
0.9999691441037672 -0.007224134538145022 0.0030858925536189526 -0.7678976623513444 0.007180649248768101 0.9998779151355996 0.013877791127941139 -1.96667660685199 -0.003185771100562791 -0.013855204469170126 0.9998989369797207 180.19751366400675
0.9999862218115052 -0.005062145431074812 0.0013895608405384654 -0.7817679549109748 0.005049014091858765 0.9999440402972202 0.009296435947144431 -1.9775213980567363 -0.0014365431054044467 -0.009289292124876806 0.9999558217224568 181.61250065763284
0.9999993334766002 -0.0006215325160110717 0.0009730087785606693 -0.8127078442992152 0.000613138871546336 0.9999628038865042 0.008603191301976098 -1.9847563157319712 -0.0009783198252136316 -0.00860258914652505 0.9999625184733104 183.00897368683036
0.9999851286000829 0.005415049110667199 0.0006479290453980271 -0.8298446949763372 -0.005420819472926431 0.9999424115474966 0.009262198039640943 -1.9982787886875226 -0.0005977365182709994 -0.009265572790457439 0.9999568950079645 184.33773409087317
0.9999850706482056 0.00536507775839499 0.0010365385899384317 -0.8245991051881715 -0.005378035044788135 0.9999019370153299 0.012930316992468431 -2.0009380479101946 -0.0009670648593798159 -0.012935698750358427 0.9999158627039682 185.78472098114284
0.9999697108361278 0.007643444752816265 0.001468042390652407 -0.8398955252911053 -0.007664938567791699 0.9998544800693788 0.015240321893199503 -2.0260108739570617 -0.0013513403051925096 -0.015251113036679247 0.9998827818475614 187.15553420640725
0.9999896954335818 0.004257462163696818 0.0015757654253143595 -0.8419260992325794 -0.004282494066235106 0.9998589773938537 0.0162383980167446 -2.011543549189862 -0.0015064089560795936 -0.016244979215393966 0.9998669068368998 188.61081617481472
0.9999928834019437 0.003490261994391654 0.0014322053715979531 -0.8421115171682543 -0.003514038434234341 0.9998501842176651 0.016948765508428502 -2.022434741531154 -0.0013728352750859922 -0.016953678051304228 0.9998553336007239 190.02611210875693
0.9999987933351205 0.00031370027592247246 0.0015214867915710833 -0.8464882944662857 -0.0003404775695094106 0.9998445001501144 0.017631210583401155 -2.0232231443034676 -0.001515719398863122 -0.017631707687084282 0.9998434004808352 191.38063880322525
0.9999979052554312 -0.0007215227784879274 0.0019154355622576366 -0.8535533330085907 0.0006879220242743695 0.9998468855174709 0.01748520159573918 -2.0253168350098796 -0.0019277584013244126 -0.017483847640877462 0.9998452874444681 192.83102023968684
0.9999908317883298 -0.0036438347968357175 0.00224918103875684 -0.8556114538597355 0.0036020214050238603 0.9998256349253711 0.018322804748858276 -2.022424079413149 -0.002315554314316276 -0.018314535519559277 0.9998295934822313 194.19382251123758
0.9999591295004271 -0.008675698456305706 0.0025439334969059543 -0.8538885882312293 0.008623018021925869 0.9997620802016793 0.02003563154578474 -2.020041234072988 -0.0027171515553123565 -0.020012876680718935 0.9997960301288261 195.65078562364442
0.9999201724633855 -0.012320022542400643 0.002804596084271178 -0.8501994235248451 0.012259027109917572 0.9997081698523196 0.020815651891683554 -2.031618855038008 -0.003060227160106117 -0.020779609007680902 0.9997793971004486 197.06268234545774
0.9999520101289815 -0.009324208042160815 0.003006093275219088 -0.8604558096826624 0.009271054243515276 0.999808463411461 0.017236125625332943 -2.047962395651603 -0.0031662309725633596 -0.01720742914151089 0.9998469279683964 198.48199610238876
0.9999897358808164 -0.003063847648720624 0.003337810532278395 -0.8773896497574997 0.0030233450274862583 0.9999225509942252 0.012072754005204182 -2.0494029655386035 -0.003374541376351546 -0.012062538968798943 0.9999215507350325 199.91055302717703
0.9999633856559528 0.007067226486838295 0.004825106003619882 -0.8872723987520398 -0.007121916884353161 0.9999095073044293 0.011412953725876607 -2.047783947499518 -0.004744011830010529 -0.011446900079143518 0.9999232284675728 201.36248876732884
0.9999015246557956 0.012603724739981613 0.0061714738199231105 -0.9099015646175184 -0.012695190960064013 0.999806704371663 0.015012862628451355 -2.04332140425676 -0.005981063406936651 -0.015089732572484952 0.9998682547474234 202.7953008197726
0.9998738894398668 0.014161807784286232 0.0071866812408139654 -0.9043254046954725 -0.014284771394954304 0.9997473065541773 0.017357084192486733 -2.0463203196677298 -0.006939058096740878 -0.017457555728773035 0.9998235260396308 204.24334222621155
0.9998890820722008 0.013292881823506256 0.00671735208364049 -0.9031114755084707 -0.013410959382468515 0.9997507364078164 0.017849684727986762 -2.048012287293056 -0.006478404476494575 -0.017937791372353233 0.999818116418344 205.70163152241693
0.999934960624288 0.010091638221430718 0.005313505625411112 -0.8952811644208303 -0.01018679649705748 0.999782525911463 0.01819697978384736 -2.054440242013922 -0.005128713158259347 -0.018249924227388754 0.9998203021394809 207.14361017500033
0.9999576817823217 0.00820942712799236 0.004152100423112499 -0.8927977383327123 -0.00828239268832125 0.9998059734655464 0.01787225231898012 -2.055841022904023 -0.004004574176934545 -0.017905885679248036 0.9998316571541174 208.57948524215976
0.9999612343590861 0.008003214764120718 0.0036712831265679332 -0.9044012100389585 -0.008066054681664304 0.9998154884640392 0.017433525118794885 -2.051688496019457 -0.003531081771689166 -0.01746246241490516 0.9998412843405926 210.07081776737667
0.9999485844555442 0.009520944026997215 0.0034899932850715994 -0.9098808970377352 -0.00958072723131891 0.9998003792418444 0.01753314992909422 -2.0596236066942426 -0.0033223647380766852 -0.017565685477149384 0.9998401915258609 211.5282210257333
0.9999365688521801 0.010743695511678029 0.003381014363084622 -0.914854148029403 -0.010803824228798735 0.9997741886832313 0.018298880856171044 -2.055267978610493 -0.0031836535425945724 -0.018334248389047694 0.999826844854207 212.964470020969
0.9999416701695227 0.010387173937737136 0.0029602121655094805 -0.9267300277659152 -0.010439498651512762 0.9997790364210022 0.018245416293654528 -2.0654931619600414 -0.002770039973836521 -0.018275255538425253 0.9998291563656888 214.40776636410166
0.9999372953920347 0.010860583457783412 0.002730016345657166 -0.930673098260523 -0.01090720358911035 0.9997841148078795 0.017684928733203504 -2.0698119320534163 -0.002537358531925951 -0.01771359700614627 0.9998398823301398 215.8691078414775
0.9999495269877212 0.009742664860629916 0.00245437154593311 -0.9360883167744594 -0.009783607139932544 0.9998031441575117 0.01726134345133165 -2.064148298359135 -0.0022857170840988005 -0.01728448517258523 0.9998479994853373 217.3498049722076
0.9999376742597926 0.0110022661399415 0.001896763704580921 -0.9356572549797639 -0.011033751863572595 0.9997864044199233 0.017475751029983607 -2.0750758767827944 -0.0017040858309976235 -0.017495590612797304 0.9998454882663491 218.8084788390279
0.9999221014991799 0.012365717441197986 0.0016970379925378054 -0.9448255203488234 -0.012392911315201819 0.9997773672037331 0.017077230397338317 -2.0812151925398483 -0.0014854880829655972 -0.017096931693269844 0.9998527332851436 220.2890842685224
0.9999470669565245 0.010160481019363718 0.0016210766582345592 -0.9511346666105738 -0.010186654133057886 0.9998027677097255 0.01704868829406857 -2.0760646024712646 -0.001447534164957551 -0.01706429954528578 0.9998533464122799 221.79405515056754
0.9999271346608022 0.012013609352675007 0.0011825955128515705 -0.9601595938090797 -0.012031876305372013 0.9997849772364062 0.01688885033728538 -2.0846310021890346 -0.0009794452474119295 -0.01690184890994136 0.9998566738272545 223.27720688663584
