1.0 -6.776263578034403e-21 8.673617379884035e-19 -8.673617379884035e-19 0.0 1.0 -1.828002979293187e-19 0.0 0.0 1.0683203047244863e-19 1.0000000000000002 5.551115123125783e-17
0.9999999225275801 -0.0002987910580049305 -0.00025625890008931264 0.00511034465464677 0.0002991714779094816 0.999998851674653 0.0014856469653951614 -0.013703867987561708 0.000255814729109744 -0.0014857234940770486 0.9999988635911208 1.3113656053201181
0.9999994034287168 -0.000865873767989057 0.0006658866091250708 0.014118305527509322 0.0008644460554750581 0.999997333324909 0.002141512960469615 -0.028453326749115757 -0.0006677391695493308 -0.0021409360286767072 0.9999974852545895 2.6177713582763666
0.9999980064897374 -0.0019967457997480363 4.7301521471062105e-06 0.020379650001847154 0.001996735122941741 0.9999965726469023 0.001693441744566577 -0.05270930603346802 -8.111510018644387e-06 -0.001693428898898361 0.9999985661147278 3.9387046997127255
0.9999971215650847 -0.0023634386769719787 0.0004135441498169627 0.030813171226262242 0.0023627801372624927 0.9999959504635466 0.0015862938725967328 -0.06496051216626461 -0.0004172916192384966 -0.0015853121692304486 0.9999986563249537 5.239877542738958
0.9999960612492981 -0.0028064691159976245 3.4874536555174265e-05 0.02817527829321908 0.002806379727453573 0.9999933029878418 0.0023490880839927624 -0.07670965610339064 -4.146695063406581e-05 -0.00234898092576217 0.9999972402798551 6.572444792006577
0.9999915515063311 -0.0040946687698089025 0.0003613891408297794 0.04033500955826855 0.004093226481276387 0.9999839926655444 0.003906394029567674 -0.09649743464712453 -0.00037737877865606784 -0.0039048817214698034 0.999992304710816 7.90833392700526
0.9999896910451294 -0.0044449063495385355 0.0009276903355614477 0.048462302173960525 0.004440609918234364 0.9999796357497035 0.004583565748307354 -0.10635643258525962 -0.0009480450453261272 -0.0045793989184409 0.9999890650963466 9.218537307193776
0.9999932489016304 -0.003674064675699607 -5.829729842605526e-05 0.04005322831217268 0.0036742405206543448 0.9999875802830175 0.0033673788342627443 -0.1233142362265443 4.592460929872446e-05 -0.0033675702495658925 0.9999943286634124 10.572674888101846
0.9999989996329202 -0.0012765078136188104 0.0006093119123804841 0.04934682609774809 0.0012758043071479095 0.9999985205416457 0.0011537932629324178 -0.13506676155265104 -0.0006107838886527826 -0.0011530147290063247 0.9999991487491507 11.883332771857976
0.9999981160662978 0.0019407461303029426 -3.698549302325483e-05 0.04477867935153401 -0.0019407474192184766 0.9999981163076344 -2.9681447470467017e-05 -0.15880592891187886 3.6927822987003166e-05 2.9753170245858306e-05 0.9999999988755605 13.235192219516009
0.9999882790458714 0.0048388385892501 0.0001655588769367217 0.04515359809977458 -0.0048388465679204936 0.999988291704267 4.495119785000118e-05 -0.17408594537851152 -0.00016533943904717754 -4.575178525466015e-05 0.9999999852847746 14.577617587397047
0.9999802130525296 0.006290637796373766 -3.708941281225977e-05 0.05934451993499988 -0.006290484451147809 0.9999749216927917 0.0032535822151740588 -0.1963029296363924 5.75555970039332e-05 -0.0032532844804360837 0.999994706398481 15.895929175906735
0.9999934230082667 0.003584051874227107 0.0005554379341842297 0.06150133583287981 -0.0035863251723788573 0.999984971554941 0.004146678248721721 -0.20377970701125148 -0.0005405677208541754 -0.0041486428977072715 0.9999912482343251 17.267864187191755
0.9999990151792585 -0.0006367722898324353 0.001250664574821772 0.07727566899015083 0.0006293467685457577 0.9999822267225624 0.005928757578244339 -0.2143311701399963 -0.0012544177202344839 -0.005927964551794772 0.9999816426651794 18.602146980041404
0.9999960520832243 -0.0027785996174506914 0.0004185708089346615 0.07153030289702465 0.0027765090768542577 0.9999840641655744 0.004915528137821308 -0.23947680985288916 -0.00043222246045389844 -0.004914346494360759 0.9999878311150892 19.97707915646949
0.9999922581782378 -0.0035653528357177827 0.0016648849538290038 0.1044887682192791 0.0035617620227432916 0.9999913348549418 0.0021550102506000274 -0.24697465835001808 -0.0016725540406146789 -0.0021490636110751554 0.9999962920364043 21.300825727783767
0.9999943215798901 -0.001621693511535978 0.0029541357933183634 0.10246846691474565 0.001613019575624236 0.9999943882141386 0.002936274946439484 -0.2729769864546939 -0.002958881201749408 -0.0029314931514019937 0.9999913256460279 22.695047372512256
0.9999926137720974 0.0010459479967750175 0.0036984313189791685 0.10618838967920985 -0.001063018851074376 0.9999887778618787 0.004616724482876021 -0.2762802974207109 -0.0036935612698993266 -0.00462062181819238 0.9999825035745638 24.0680123846116
0.9999911043899409 0.0009279523905499324 0.004114613644530375 0.11734382304408957 -0.0009601659569372211 0.999968852868407 0.007833988828170733 -0.2860355043043566 -0.004107216261091385 -0.007837869738675195 0.9999608485165135 25.421031682912304
0.9999933975722192 -0.0007048389828351531 0.0035648301848676916 0.1189891377035139 0.0006731918516275302 0.9999604249509794 0.008871040081126741 -0.2800838400652538 -0.003570942060713336 -0.008868581567514347 0.9999542972686187 26.801816797529792
0.9999816229578314 -0.0043563414002503326 0.004216163481136697 0.13399257506040246 0.004318640922585713 0.9999509779522959 0.008910165104927398 -0.31781971278020366 -0.004254772875179195 -0.008891793136676157 0.9999514152772389 28.164057491822504
0.9999810538030574 -0.005162145391267895 0.0033532503068877915 0.14085268655974925 0.005145330743541183 0.9999742424326545 0.005004003330064136 -0.306733790253548 -0.0033789956128714525 -0.00498665486811007 0.9999818576642235 29.535353861859793
0.9999756757856975 -0.004585157628632563 0.005255869490944434 0.16398911686510675 0.004560065455827408 0.9999781961817448 0.004776292488691936 -0.33381648095091876 -0.005277655390490402 -0.004752209130507747 0.9999747811112621 30.916822971704576
0.9999852582366066 -0.0019751206843671354 0.0050578856433547755 0.15967363244010074 0.001955839702985039 0.9999908131865738 0.0038142150998489973 -0.3330053856119721 -0.005065373137560522 -0.00380426640256002 0.999979934573373 32.3011128820019
0.9999862152337089 -0.00043752234322852034 0.0052323910862070375 0.1623849642582867 0.0004274918359256439 0.9999980693085064 0.001917975868831093 -0.3532467656191409 -0.005233220579799992 -0.0019157125976830825 0.999984471602657 33.68703036483221
0.999984946344679 0.00015649876653934126 0.00548475995580027 0.1664825830926391 -0.00016731150945647496 0.9999980435621146 0.0019710099622883815 -0.3625441292562715 -0.005484441223836387 -0.001971897926325758 0.9999830161167509 35.088008834971255
0.9999885786280835 -0.00014965052197921894 0.00477705118735447 0.16863257955906752 0.00013162371191193268 0.9999928708255821 0.003773721785851765 -0.3811440420082026 -0.004777582270523068 -0.003773049856891112 0.9999814692280939 36.48519746893618
0.9999880869551511 0.0007187830792983209 0.00482797043638505 0.18445465724757615 -0.0007432795135123001 0.9999868511148328 0.0050739666005034665 -0.39093772919680625 -0.00482426027638021 -0.005077494612234128 0.9999754724778597 37.89450375012099
0.999987044328868 0.002369307247603478 0.0045052810216190155 0.1873790374426096 -0.0023941273850470817 0.9999819446092107 0.005511679833692591 -0.40408525356228286 -0.004492141189389001 -0.0055223945633331726 0.9999746615896701 39.27448353208465
0.9999718945303145 0.005084661196891149 0.00550966124531403 0.19275501612443718 -0.005115165311039724 0.9999715906619925 0.005536511513041243 -0.41578302366214426 -0.005481353891454922 -0.005564538655257342 0.9999694948672334 40.65242499809045
0.9999630489385295 0.007010718197515871 0.004974995775280711 0.20472073981060981 -0.007038944439718343 0.9999591012070135 0.0056788364850739485 -0.4269671344280979 -0.004934979992449067 -0.005713645283492253 0.9999714997066728 42.091442266727874
0.9999594722418521 0.007693807233014181 0.004675382149703292 0.21297041037472902 -0.00772068689401041 0.999953614640186 0.0057584348877461645 -0.4322248847092641 -0.004630861377492667 -0.005794298590544024 0.9999724902326628 43.48269122680065
0.9999655899085572 0.007526481338793509 0.003488706389220268 0.22750650788139315 -0.007548998406632918 0.9999504679810425 0.006486464243833654 -0.4517211912632205 -0.0034397136198309106 -0.006512577190110008 0.9999728769836402 44.92691209625102
0.9999687765224962 0.007494926521095358 0.002504406412835848 0.24440944449068006 -0.007510428115765252 0.9999523365307148 0.006238441058329663 -0.4626924868641965 -0.002457530589923748 -0.006257055347666599 0.9999774046428669 46.32252955675661
0.9999721770474072 0.007209482320024958 0.0019153305407161878 0.25410483597817807 -0.007222686722761526 0.999949564606615 0.006978613784683287 -0.4772109303573415 -0.001864921901165939 -0.006992253351631064 0.9999738148837827 47.74851008228616
0.9999735655411047 0.007225052590952009 0.000816596104979788 0.25901277780145804 -0.007231246646434793 0.9999430061140104 0.007854527818307429 -0.48626643642346873 -0.0007598002484730526 -0.00786022508351472 0.9999688192931085 49.14877798083814
0.9999718624509538 0.0074707713833851415 -0.0006796142382401501 0.2442460746018621 -0.007464458201453384 0.999932874731212 0.008861597399161177 -0.49706308775038016 0.0007457716523422775 -0.008856274976631787 0.999960504325568 50.58902461150336
0.9999722470374409 0.0074088386143767145 -0.0007837471015563931 0.25170954371233045 -0.007401799308609663 0.9999353370870757 0.008633366908175415 -0.5045715554839924 0.0008476597179478008 -0.008627326044392982 0.999962424649779 52.01995790965031
0.9999675345136604 0.007782898741505458 -0.0020871987703988673 0.25202529932713813 -0.007762257451256797 0.9999226120130303 0.009722003832560262 -0.5150730751631966 0.002162702801583187 -0.009705486689708477 0.9999505618967524 53.416779174248326
0.9999742818744053 0.006530350045418589 -0.0029648122969496505 0.2612296607770337 -0.00649881007955586 0.9999234799691693 0.010526143033401726 -0.5202759012086904 0.003033325084418525 -0.010506604417791271 0.9999402033098641 54.87982639229271
0.9999803827351456 0.004800772680026508 -0.004023272467456636 0.26627758900258447 -0.004754656352824696 0.9999237737326588 0.011394734724520104 -0.5283946424616894 0.004077669662772011 -0.011375381749179368 0.9999269839809026 56.295207339618884
0.9999874741303879 0.00297385742373656 -0.004025885064212167 0.26199487809989663 -0.002930384872696482 0.9999377995329649 0.010761501748383025 -0.5418679434878083 0.0040576381650117965 -0.010749569403420244 0.9999339889831487 57.71203929795213
0.9999903959739911 0.0019196137185888492 -0.0039399289020455395 0.261168244937016 -0.0018751025125585171 0.9999347302532378 0.011270281016640248 -0.5450295060204767 0.0039613066623550245 -0.011262784843244411 0.9999287263200601 59.1625135429505
0.9999915999037057 0.0010565539442263716 -0.003960279387335825 0.26736885819353906 -0.0010088715195336654 0.9999272132255534 0.01202291312567467 -0.5515904766813269 0.003972694320718796 -0.012018816545106637 0.9999198796607964 60.568865879970005
0.999994774129811 -0.0006915282047192535 -0.003158084815883068 0.26259159196617654 0.0007324897429591612 0.9999153884294896 0.012987665397221657 -0.556762465454786 0.003148836531870548 -0.012989910601841828 0.999910669530717 62.01617675432351
0.9999925717681767 -0.002318140837122961 -0.0030793877666916098 0.2635886089327153 0.0023579896411329657 0.9999127103782205 0.013000443117013543 -0.5655016951392113 0.003048982364503296 -0.013007607522328733 0.9999107489387695 63.41424355812983
0.9999914116071722 -0.0031387065955863097 -0.0027065162440316143 0.26180608076779943 0.003172271590970314 0.9999169944808836 0.01248762801591986 -0.5753305328974737 0.002667096810052002 -0.012496106390269369 0.9999183636228097 64.84351726424653
0.9999942959847071 -0.0027942364667332114 -0.0018974295294177726 0.2631411188192786 0.0028178524075436213 0.9999171538218494 0.012559666105573589 -0.5845952045519985 0.0018621778125290653 -0.01256494095889592 0.9999193240168085 66.29110069241554
0.9999979608728715 -0.001452174353322132 -0.0014033669626842245 0.25655675566069125 0.0014695654020408446 0.9999211450307123 0.012471732413433346 -0.5923817252781681 0.0013851452857424913 -0.01247376914058382 0.9999212401211834 67.68300235754977
0.9999976418131125 0.0011922310551928123 0.0018152007091307076 0.27566236881852046 -0.0012178351372013514 0.9998988566440734 0.01417015781985701 -0.5991084377773578 -0.00179812316159806 -0.0141723348141571 0.9998979506257303 69.07934757560767
0.999991181032271 0.0041735210571585794 0.00046859163439471295 0.25960946124010237 -0.004180117940953288 0.9998773931660118 0.015090568754381264 -0.5947603065586892 -0.00040555340788015187 -0.015092394221666812 0.9998860210788283 70.48813674034365
0.9999676850825671 0.00796039095531574 0.0011229249998804553 0.2591219362392876 -0.007977071750566646 0.999844504627941 0.015726821440968118 -0.6058264212730238 -0.0009975588237869414 -0.015735270656968697 0.9998756953334739 71.9427619351376
0.9999342811651034 0.011372402620231781 0.0014497576194008755 0.2589252719722895 -0.011393390432344637 0.9998165163635022 0.0153988404872012 -0.6012869668455019 -0.0012743699013504873 -0.015414345926876299 0.9998803797985905 73.30336712030598
0.9998724671063987 0.015774324982928023 0.0024940268473259038 0.25182017768697473 -0.01581044012659091 0.9997595854535837 0.015192146502985558 -0.6134795848527513 -0.002253781573953499 -0.015229640449174428 0.9998814822296196 74.6815584443619
0.9998456116214203 0.0172590758234762 0.0032980591628093323 0.2544610792530982 -0.01730808794048063 0.9997306801676584 0.01545953644887332 -0.6113912202421762 -0.003030353865886114 -0.015514232552736902 0.9998750549587458 76.12084280223968
0.9998535900154645 0.01675410176442116 0.003478301315927267 0.2570746414185934 -0.01680653114023518 0.9997365167249972 0.015634502869779087 -0.6124903345625979 -0.0032154430528557407 -0.015690671777793534 0.9998717236375684 77.50471693273347
0.9998608797392647 0.016278741315103852 0.0036364436638177534 0.2691061861182839 -0.01633512269976118 0.9997376916575714 0.01605340110116013 -0.6181661394565433 -0.0033741609072853803 -0.01611056927103845 0.9998645231131537 78.90088831359971
0.9998732258790742 0.015505416127725638 0.003621355767733362 0.28024880822611026 -0.015561687644027706 0.9997498489257602 0.016064665870274376 -0.623070460692316 -0.003371360829201811 -0.01611898346320451 0.9998643969472165 80.37513473973624
0.9998843012788132 0.014917370997974858 0.0029759162053019286 0.28690305830810015 -0.014962347746764554 0.9997646139803089 0.015711295918419108 -0.6259033567475515 -0.0027408447103429573 -0.015754004609395144 0.9998721413729562 81.71922107256502
0.9998921365739818 0.014440603373061845 0.0026803305223120997 0.29635317590895693 -0.014481402028578904 0.9997689858410392 0.015882820316487807 -0.6256315688262973 -0.002450354019405865 -0.01591992185713663 0.9998702675036069 83.10456878466758
0.999896361743308 0.014253251811844937 0.0020274530274250833 0.2988479832586032 -0.014283604641390928 0.9997725220057075 0.01583928393981003 -0.6300295848969671 -0.0018012306697023162 -0.01586660149444453 0.9998724951260867 84.48555755162691
0.9998947923004988 0.014421585521240168 0.0015563358795490602 0.3011927827885947 -0.014444844129295375 0.9997653765907127 0.016141198352332523 -0.6304074477180477 -0.0013231891599115447 -0.01616198097186996 0.9998685111182366 85.86568656556734
0.9999054738221598 0.013741310713251707 0.000468809099334961 0.3067813625600843 -0.013747143367017545 0.9997716668979952 0.016359405591848442 -0.629244688775104 -0.00024390239488624333 -0.01636430375129817 0.9998660660601906 87.25115727353057
0.9999301102185415 0.011779656699921034 -0.001007150555885395 0.3110608495856509 -0.011759482782287604 0.999766681610898 0.018118966213719268 -0.6337485215370715 0.0012203508772949756 -0.018105856053547587 0.9998353307936273 88.6128987706962
0.9999474867402095 0.010017995793214952 -0.002159516407445543 0.3099202436707888 -0.009976675498505902 0.9997815924608328 0.018363914348935535 -0.6327280835788719 0.002343014569255236 -0.018341404941792944 0.9998290369512502 89.96413819779384
0.9999612969998526 0.008284613639176729 -0.0029613629584103055 0.31633990190804345 -0.008227619389322469 0.9997900425342908 0.01876638360440974 -0.6325591033474951 0.003116213699619624 -0.018741292051938967 0.9998195102956986 91.3573116243899
0.999972075789704 0.006537731480168056 -0.003620179719217265 0.3117525425669861 -0.006468409628433141 0.9998015785238814 0.018840469227740797 -0.6349546046474072 0.0037426356423189795 -0.01881652604591272 0.9998159485675595 92.71265720885
0.999977524962375 0.005488746648802989 -0.0038500941070155805 0.3120365725481936 -0.005416328174371473 0.9998128094953626 0.018574428099661634 -0.6327400128012924 0.003951324068776988 -0.01855315699786797 0.9998200675061982 94.06058309698844
0.9999735044123782 0.005991467666702137 -0.004134341766344041 0.3044867090042377 -0.005916965386294217 0.9998239996459989 0.017803350056257817 -0.6316106495395883 0.004240282674167464 -0.017778415332589923 0.999832960017302 95.44791117770436
0.9999771149979462 0.005382872343245829 -0.004098067819961762 0.30425008315583363 -0.005309074413462175 0.9998272781706883 0.017810883603526128 -0.6332911658669707 0.004193234060007805 -0.01778871879782456 0.9998329751800752 96.80318272693658
0.9999728924143888 0.00611916009698112 -0.004095156824065689 0.2985686663192664 -0.006047230226618975 0.999831146878799 0.017352485641652888 -0.6341569273491122 0.004200648335721549 -0.017327250651772156 0.9998410478294908 98.14873172789444
0.9999677466669901 0.007050235357402231 -0.003847050754378539 0.29306535548856 -0.00698268950363954 0.9998260011736103 0.017297671691315755 -0.6287655588130074 0.0039683343634466005 -0.017270250774070003 0.9998429830462203 99.49923422007272
0.9999623094704447 0.007866486789708919 -0.003673964542483827 0.2901928500198605 -0.007796503147138093 0.9997949347135712 0.01868965179218196 -0.6319241498173849 0.0038202333615303483 -0.018660303024457023 0.9998185829901399 100.86620782219649
0.9999593427675043 0.008279046368116657 -0.0035735408207607008 0.2842442685069508 -0.008207637003168879 0.9997750864397661 0.019555338280695802 -0.624739609489276 0.0037346369510287266 -0.01952521260770665 0.9998023897463918 102.19024561581976
0.9999604967512917 0.00813658308095709 -0.0035778406455131573 0.2802787649436644 -0.008068087237028088 0.9997914711186673 0.01875953814906725 -0.6267149194989379 0.003729733418344405 -0.018729930486227262 0.9998176227576415 103.57715635818336
0.9999590000691109 0.008360680105764686 -0.003478102887419653 0.280845940576667 -0.008299091251451557 0.9998148502017772 0.017360599756340602 -0.6264100121362196 0.0036226056447226608 -0.017331022630317848 0.9998432438981054 104.88200757159471
0.9999606630090587 0.00817086296769362 -0.0034510033214169324 0.28202654297262963 -0.008111998706457483 0.9998269664127685 0.016740153323074224 -0.6227069927922205 0.003587187984105885 -0.016711500040883464 0.9998539182476707 106.1975274379657
0.9999748017900139 0.006207405375210238 -0.003444400875921857 0.2751887036059753 -0.0061457570567864175 0.9998257061378036 0.01762915304340512 -0.6240868889043574 0.0035532321371119155 -0.017607540115510235 0.9998386615138515 107.54480179860485
0.9999911312092498 0.00296615305538063 -0.0029898889803697303 0.2747277078138239 -0.0029079705324763453 0.9998098967731599 0.019279886976156277 -0.6209679096794842 0.003046507944643918 -0.01927102119930134 0.9998096551414545 108.88250927263279
0.9999960356678613 0.0017212038229325595 -0.0022284757985862984 0.2792388762585925 -0.001676101437925471 0.9997968655238635 0.020085278019065674 -0.6208112632392724 0.002262594165692959 -0.020081462952361656 0.9997957868957215 110.23920790669088
0.9999977799574082 0.0015718732099120549 -0.001403315328699614 0.28629557720003207 -0.0015443321032920523 0.9998103026971454 0.019415810015825468 -0.6165532234166724 0.0014335684357638266 -0.019413599446129408 0.999810510556609 111.56622568191997
0.9999952477090246 0.003028445999041602 -0.0005771248054283517 0.2861001573186783 -0.003017925143958674 0.9998434663835506 0.017433728106811274 -0.6099557694983461 0.0006298316239352888 -0.017431903285324624 0.9998478544475566 112.87261342336053
0.9999827540779523 0.005866720937579923 0.00027042342394415983 0.28726347468709457 -0.005870245050531688 0.9998594413653769 0.015704704827708332 -0.6157291774393286 -0.00017825030580760366 -0.01570602121102411 0.9998766369456143 114.22563458068373
0.999965743490765 0.008120267216270315 0.0016040882862874738 0.2855424155939056 -0.008144287971866764 0.999845410702704 0.015582852476719183 -0.6105304265390077 -0.0014773035061231938 -0.015595382595224137 0.9998772932720241 115.53681258260941
0.9999514825744421 0.009360399160963599 0.0030684550722361124 0.28525905137066154 -0.009412778097630107 0.9998021239534578 0.017524627592951904 -0.6125972711284324 -0.0029038106288975718 -0.017552659777424078 0.9998417234748355 116.9002767363573
0.9999522828523755 0.00891592849898121 0.003992271251747176 0.29364145535294717 -0.00899370405169725 0.9997613898017662 0.01990670180956483 -0.6042434152690017 -0.0038138322413369436 -0.019941656937574048 0.9997938712464343 118.19580168254738
0.9999522456435657 0.008593598657338117 0.004653653109739694 0.30508945717999814 -0.008688557812736492 0.9997462227920715 0.020784585745172095 -0.60427435240328 -0.004473858102092288 -0.020824026424806314 0.9997731465167009 119.54929550433181
0.9999424573921425 0.009074829104633664 0.005720959072044155 0.3117304836305882 -0.009189777900028053 0.999749724222873 0.02039698328883371 -0.592937455961584 -0.0055344285772089465 -0.020448383642069586 0.9997755916636915 120.89607734215701
0.9999219237869577 0.010314576997027737 0.0070537805271184304 0.318415254472167 -0.010455781722828702 0.9997396002332768 0.020283204507821524 -0.5884149467219123 -0.006842731619024377 -0.02035537336872264 0.9997693912996706 122.19737823773825
0.9998884765285339 0.01256419535139003 0.008073133397202207 0.333107887413155 -0.012723777909468503 0.9997184245099898 0.020029408551603005 -0.5789107127902398 -0.007819207449208526 -0.020129895269689623 0.9997667964546106 123.57097350572882
0.9998712176052891 0.013118223263361315 0.00924447957054218 0.3353111943032445 -0.013295167309452275 0.9997244439622648 0.01934618068480459 -0.5770566614766884 -0.008988145428867174 -0.019466595860501274 0.9997701060099855 124.86995087987545
0.9998377959850785 0.014827999056299602 0.010223117792462103 0.35185779737872425 -0.015016039017524335 0.9997148175858087 0.018568847889082522 -0.5715232435674072 -0.009944864307577992 -0.018719346414797753 0.9997753176237469 126.2185412946757
0.9998448852478045 0.013601818287829087 0.0111891000017726 0.3688106292291903 -0.0138048341356723 0.9997377574978862 0.018271366235846274 -0.5656653641004625 -0.010937642851865766 -0.018422995482858757 0.9997704542513567 127.57125396877225
0.9998333609795638 0.013693432150656345 0.012072289029440634 0.3837919310417621 -0.013926994747449026 0.9997132448372065 0.019479911518250487 -0.5634622037157183 -0.011802081374998968 -0.0196447958289115 0.9997373619403759 128.87657712303135
0.999843230332557 0.012347447976177385 0.012690755028538352 0.40196057153469844 -0.012605692263179678 0.9997109045646185 0.020474468329977954 -0.5558992478388937 -0.012434279793509532 -0.020631234010456984 0.9997098283284125 130.25082055463204
0.9998547547582023 0.010983593154026545 0.013031885815891903 0.42087485884903353 -0.011258504104563414 0.9997115906844659 0.021212769044175912 -0.5523817204117534 -0.01279513594134693 -0.021356407223188316 0.9996900461411148 131.57056639555708
0.9998690282269926 0.009585709776341884 0.013039959446548118 0.4467719423841441 -0.009867455789675765 0.9997154767127207 0.021716329550614356 -0.5450948061932014 -0.012828083912777379 -0.021842156233299898 0.99967912875106 132.93234982813635
0.9998873980062157 0.007434679910820389 0.013035214936637448 0.47593924889939726 -0.0077273281836916785 0.9997159474863465 0.022545792731954187 -0.5339034167855501 -0.012863892573378853 -0.022643981088010114 0.9996608276678599 134.27581119262118
0.9999082830090371 0.006589896916150681 0.011832109583875932 0.4873587072397252 -0.006855522490292228 0.9997221866160668 0.022551084830552712 -0.5299530603162622 -0.01168021411688178 -0.022630131479811678 0.999675672271102 135.59587519527096
0.9999240878656692 0.005822127386913252 0.01085915879563737 0.5084051742242482 -0.006069066462711555 0.9997205396338097 0.022847518334139102 -0.5208920519344887 -0.010723103824843188 -0.022911688556032327 0.9996799835714183 136.9666712534317
0.9999473504922196 0.003178460285058394 0.009756722228671591 0.52433456621153 -0.003412250091867348 0.9997051856519552 0.024039516562958094 -0.5103508375829823 -0.009677437967601153 -0.02407154292256909 0.9996633973464213 138.27104924644087
0.9999603679258979 0.0019861706237452527 0.00867857709762065 0.5433808081458144 -0.00219720146811892 0.999700476196714 0.02437478665070768 -0.5054890489190252 -0.00862756589380638 -0.024392888856813955 0.9996652199895663 139.6301599272954
0.9999716962366424 0.0015081041797318801 0.007371047787744679 0.5627347814763406 -0.001686676299120172 0.9997037681319872 0.02428026218843792 -0.4930974705812864 -0.007332247697109532 -0.02429200718572834 0.9996780164164518 140.97674073062757
0.9999822964782633 0.0007560926918126344 0.005902122772356447 0.5698999252737529 -0.0008999086996519385 0.9997018141744323 0.02440231396471975 -0.4803542459623078 -0.005881912924082586 -0.02440719297611906 0.9996847963262766 142.34204938065247
0.9999878607061609 8.651723768547261e-05 0.0049265560955104445 0.5828256127720037 -0.0002029291626922283 0.9997206603523844 0.02363387630807615 -0.46481378790748273 -0.004923135587651952 -0.023634588809134455 0.9997085419875795 143.68018610991578
0.9999926773036597 -0.0012902685079583607 0.00360285253396202 0.5915280064468733 0.0012123220009466217 0.9997669568869741 0.021553705357219826 -0.4552416186977611 -0.003629823285707439 -0.02154917939624502 0.9997612001012129 145.01365835001226
0.9999824309487346 -0.005277479848489721 0.002699258787917969 0.6003700009723543 0.005218024715501686 0.9997535346757689 0.02157874292605672 -0.45752794406756864 -0.0028124751326156702 -0.021564278695607047 0.9997635079584455 146.357820592316
0.9999112539556514 -0.01321713351335625 0.0016708015371944855 0.6192603449743525 0.013174471486295898 0.9996397346952501 0.023384485482276077 -0.4496002278259349 -0.0019792756426317143 -0.023360397933559107 0.9997251493541927 147.6960525181083
0.9997707769262332 -0.021409849834922567 -0.00010903811799326153 0.6329043864817483 0.021405776551755677 0.9994518507348943 0.025254521680489233 -0.43473564162621176 -0.0004317172118237589 -0.025251066437049458 0.9996810477530282 149.03745203881573
0.9997034110686562 -0.02429834893280841 -0.001637094384987197 0.6509439947538651 0.024329063866479112 0.9994506174673764 0.022506887328730633 -0.4224825988304999 0.001089314874765687 -0.02254004067765462 0.9997453475442601 150.37212192692516
0.999730986039226 -0.02318553761940763 -0.0006215667994822595 0.6653094606667285 0.023193234086850173 0.9995429765118439 0.019388451994507925 -0.41717568375717196 0.00017175105186494326 -0.019397652088996884 0.9998118330844825 151.7223120521868
0.9997984624858872 -0.02007568105649742 -3.743509269697569e-05 0.6596571719401001 0.020073353441904956 0.9996503512304543 0.017211502628332834 -0.40439741952044544 -0.0003081106666743749 -0.017208785059526378 0.9998518704127526 153.06809767320857
0.9998123246482076 -0.019344142760758833 0.0010581048905973492 0.6663545108349094 0.01932244895258888 0.9996572344924174 0.01766512234299024 -0.4120959315015036 -0.0013994589813291413 -0.017641361597887643 0.9998433996671804 154.41652883547735
0.9997370851073828 -0.022887085661647665 0.0013935278358608626 0.670859466871605 0.02285397621614879 0.9995312004649658 0.0203733929483264 -0.40385759971331797 -0.001859162304146211 -0.02033618852882959 0.9997914697229003 155.7614211056517
0.9995892368062237 -0.028602895489708062 0.0017977627219915955 0.6881912976125003 0.028550240966182028 0.9992911771917268 0.024536239200961985 -0.39425831267931266 -0.0024982961317586445 -0.02447483369791059 0.9996973246964646 157.11864503332222
0.9994988742770328 -0.03159401845575652 0.001954026389168747 0.7121076061634153 0.03153322195195005 0.9991700905277765 0.02578344883971483 -0.38006816342436467 -0.0027670077256266986 -0.025708910963798303 0.9996656418707746 158.4550450763408
0.9994561527487533 -0.03293678804301562 0.001602067383692821 0.7222711170852556 0.032883816279158824 0.9991182747599693 0.02610225665792608 -0.36566779187837206 -0.0024603795131996273 -0.02603537854422823 0.9996579942999618 159.8054827734713
0.9994751613677898 -0.032295581920285366 0.0025292479552851037 0.7301565123133757 0.032216733208423845 0.9991246419759378 0.02668392829931508 -0.35106861093208297 -0.0033888072454299383 -0.026588439044762803 0.9996407208917646 161.15321910610353
0.9995910170549165 -0.028363634175407357 0.0036473004682141103 0.7341513508548765 0.028258791370945426 0.9992585618122852 0.026148947634702744 -0.3351076581934285 -0.004386275782580915 -0.0260351844753809 0.9996514041032313 162.5084099436528
0.9996744133857047 -0.02511657797704861 0.004497184751939198 0.7379477358624008 0.024998542491404558 0.9993843154657521 0.024618346052127052 -0.3248317278080016 -0.005112744950242051 -0.024497907224290596 0.9996868071324609 163.84207378095945
0.9997367751705464 -0.022330110407755933 0.005267493848816631 0.7481535969753916 0.02219863211841655 0.9994697243527105 0.023822067673394866 -0.30907601535301377 -0.005796650519796491 -0.02369886560791345 0.9997023369919309 165.20829376191398
0.9997522764757252 -0.021568289431973166 0.005494954633499249 0.7554294312488267 0.021425580524400585 0.9994621597850442 0.024826109823527214 -0.2947441501735557 -0.0060274564605247265 -0.024702226857107504 0.9996766825984859 166.5586248197766
0.9997918514552503 -0.019491564252938097 0.006027656971371918 0.7701338402041602 0.019326716837968886 0.999467410295468 0.026293988651884953 -0.28303618387434204 -0.0065369582269979845 -0.026172020394039514 0.9996360805303273 167.89410603635034
0.9998337805110508 -0.017531318714575427 0.005006414157103267 0.7703642226848846 0.017412289453550972 0.9995860205031188 0.02290414470409422 -0.2691616364772425 -0.00540588192395965 -0.02281316412258619 0.9997251302032143 169.28062600868137
0.9998969698933993 -0.013531163583427779 0.00479136640148382 0.778367064273364 0.01342853431679185 0.9996926245439388 0.0208406078981108 -0.26308572062086794 -0.005071891757284082 -0.020774119356387212 0.9997713297839881 170.63069145109463
0.9999577166746287 -0.008190269245409767 0.004181428715433205 0.7808067050280749 0.00810725327866741 0.9997770080698515 0.01949888727948641 -0.2494779545953697 -0.0043401977937878545 -0.01946416261653302 0.9998011347449203 172.00543308689154
0.9999800145994964 -0.004804987531255099 0.004108831259383185 0.7860662883018739 0.004722711961312011 0.9997927122934201 0.019804758488017993 -0.2365287190048425 -0.0042031415204950295 -0.019784957567975207 0.9997954235919555 173.39605846796553
0.999983301022418 -0.0025832796744102195 0.005169559124082344 0.7847377194983229 0.0024685533694145723 0.9997532175501814 0.022077369992632694 -0.22663166416350872 -0.00522531582731898 -0.022064239670480126 0.9997428996395491 174.76735886372919
0.9999848671257524 -0.002243509632839296 0.005023164675233694 0.7956370197802145 0.002121233954422301 0.999704479739799 0.024216803690099573 -0.21425650796621254 -0.0050760112865729885 -0.024205781561785523 0.9996941103271488 176.1549348189924
0.9999821192425377 -0.00416000750346546 0.004295990128853804 0.8044534391262359 0.004048934511237604 0.9996653975921317 0.025547974785948398 -0.1996953275802416 -0.004400832817085043 -0.025530123415558437 0.9996643663955997 177.51041298733716
0.9999748754510862 -0.0065395319256569715 0.0027355045247447344 0.8181475048059832 0.006465884169204749 0.9996379795679378 0.026117085977736026 -0.17911823028368734 -0.0029053079794520596 -0.026098741963071243 0.9996551479508005 178.91185410580803
0.9999712405207518 -0.007552933831899326 0.000686524978245181 0.8234264118261745 0.007535290299588178 0.9997108425347138 0.022835296104025706 -0.16805833471105916 -0.0008588000195829028 -0.02282946587568154 0.9997390049038835 180.24637998196593
0.9999865560671563 -0.005098639974374662 -0.0009442205109100729 0.8211133681938332 0.005116061137187849 0.9997973258715499 0.01947134100579825 -0.1619027554531684 0.0008447518531250319 -0.019475909641198892 0.9998099696036823 181.66503744829262
0.9999986009378373 -0.0005171161262958026 -0.0015908213052923947 0.8175445727306534 0.0005451995027847776 0.9998431257280918 0.017703861415499317 -0.15261753664261796 0.001581416926347048 -0.01770470370516837 0.9998420088048084 183.05847991915655
0.9999955582035254 0.002469612087084939 -0.001668708444966696 0.8126593408613221 -0.0024367553970631867 0.9998085762031936 0.01941322213314893 -0.14814190450431983 0.0017163322870750227 -0.019409069388639618 0.999810153084334 184.4120706446164
0.9999876527990533 0.004589646811578107 -0.001905095394477677 0.8083530034879172 -0.004545847080563682 0.999738941659491 0.022391601755003803 -0.1328302027886829 0.002007367766740954 -0.022382664685785012 0.9997474614991837 185.85468878557108
0.9999882495563172 0.00470949957183703 -0.001149504385399125 0.8108434477522168 -0.004679330617796375 0.9996772242679258 0.02497100666667095 -0.12252864933968462 0.0012667344061989272 -0.02496533397454032 0.9996875149051452 187.23056640332987
0.9999903644636323 0.004250982411054577 -0.0010955026812951843 0.8079234664739472 -0.004221206272619691 0.9996560608871019 0.025883225827064087 -0.10533053555712014 0.00120515513519569 -0.02587835171154182 0.9996643729203184 188.68418023236526
0.9999952099950435 0.002813874056303042 -0.0012892239300461737 0.8135541508345532 -0.0027785326521814115 0.9996412204799668 0.026640384826215134 -0.08852954807248287 0.0013637241857637778 -0.02663667468262606 0.9996442506159647 190.07153018596733
0.9999992729796712 -0.0002996789450630192 -0.0011680034603549858 0.8212319665494626 0.0003319419827524958 0.99961565086424 0.027720757434684315 -0.07253755165855671 0.0011592473087945285 -0.027721124588977658 0.9996150235799802 191.45228245838055
0.9999966419247577 -0.002445819738359841 -0.0008567987144600447 0.8291143044168928 0.002468608626300459 0.9996134794122894 0.02769111374144076 -0.05631990675802645 0.0007887401366625428 -0.027693135451745378 0.9996161603872216 192.88705644695173
0.9999829501004277 -0.0058133534974574835 -0.0005517481372648942 0.8290272008825788 0.005827059222040077 0.9995510431615312 0.02938975216710788 -0.03450388461620951 0.00038064743734174747 -0.02939246571703727 0.999567875650887 194.2681347396125
0.9999480810797227 -0.010184300566728094 -0.00033934735618942023 0.835580295206683 0.010189920751610296 0.9994748235305715 0.030761058005618184 -0.011299904665471344 2.5889276917301016e-05 -0.030762918399838697 0.9995267090706346 195.72305370049145
0.9999179313833811 -0.012809793249386407 -0.00019919513352293413 0.8476668476878314 0.01280971232664658 0.9994217039686732 0.03149871361851608 0.002964582461458143 -0.00020441209107605052 -0.03149867973631707 0.9995037725559588 197.119633743293
0.9999386860837941 -0.011073137344340053 -9.843929808653513e-05 0.847183680999442 0.011071687263340091 0.9995644524263259 0.0273554972419502 0.022114236083432465 -0.0002045147761316514 -0.02735490946006084 0.999625763509354 198.55556484492118
0.999992621397776 -0.0038316704156826325 0.00027468252630986033 0.8427745608129608 0.0038244119180925865 0.9997327155339293 0.02280068836555957 0.03628056891045757 -0.0003619738627273772 -0.022799469298275886 0.9997399927734572 199.9716554269567
0.9999854023461832 0.005175097425337871 0.0015535311234802836 0.8373052652782752 -0.0052085248241295675 0.999736758571706 0.022344682936539115 0.060509835771906856 -0.0014374863771543919 -0.02235244803928782 0.999749119367432 201.41087780784918
0.9999201395943734 0.012363998786738349 0.0026164772133863735 0.8265222899993474 -0.012427375025951558 0.9995904574410046 0.02577746663202874 0.07553904209533806 -0.002296693276387449 -0.025807923605265962 0.9996642817719474 202.87093096895728
0.9999001296862181 0.013673746254262079 0.0035720160739433245 0.8277199056226526 -0.013769097777868325 0.9995076505900836 0.028193410727243916 0.09345281251859267 -0.0031847481114507634 -0.0282397780746836 0.9995961045750554 204.3147790484014
0.9999247676356982 0.011892160666338032 0.0030059224729851114 0.8385379439741616 -0.011974531858902704 0.9995060237814269 0.02905716879483405 0.11603347498689082 -0.0026588853174020896 -0.029090976850707554 0.9995732316149919 205.76393510199475
0.9999592663918379 0.008870785209913369 0.0016657489438146955 0.8509645942334263 -0.008916184495600724 0.9995227150283013 0.029577759178686276 0.13291807264897376 -0.0014025760725514466 -0.029591406067880622 0.9995610943974664 207.21122647076814
0.9999744622500034 0.007069947614842276 0.0010443581487047963 0.8592882167668943 -0.007097153943188175 0.9995580190492803 0.028868616138931567 0.1455063292864224 -0.0008397970263387018 -0.028875290453150747 0.9995826690720514 208.6394912314108
0.9999721979693935 0.0074549584649276825 0.00016394249873036715 0.8652020530699263 -0.007456590204475962 0.999558438609385 0.028763294408494473 0.1728678921679842 5.055906391668828e-05 -0.028763716767390674 0.9995862374047428 210.13104846929457
0.9999611676027383 0.00881258630737545 4.0019028344808784e-05 0.867808738378472 -0.008810029989929273 0.999539077059837 0.02905196796226394 0.19394290981520462 0.0002160224135917396 -0.02905119195449638 0.9995779016902218 211.5516319781571
0.9999542481424093 0.00955816364268172 -0.00037831281391033887 0.8666311763928612 -0.009542566241475902 0.9995066912459633 0.02992179184611975 0.21844277705118859 0.0006641236308035647 -0.02991681236203319 0.9995521713466653 213.026579553908
0.9999587560394437 0.009054023864809304 -0.000714747171074951 0.8671935912997805 -0.009028494816979737 0.9995086519072984 0.03001568067226601 0.23857447136569548 0.0009861587562942807 -0.030007989182729972 0.9995491723982755 214.49573207282987
0.9999564626094662 0.00927504424455094 -0.0010229520393484027 0.874557219907724 -0.00924116735875796 0.9995295436381951 0.029245380179855687 0.2575657295584354 0.0012937230917627416 -0.029234653219707564 0.9995717389457547 215.93050477819324
0.9999613852619909 0.008709371234125666 -0.0011725312748016442 0.8789977534393322 -0.008672057757867837 0.9995487899814846 0.028757814601217138 0.2797555360415562 0.0014224648223597194 -0.028746535452149755 0.9995857208171395 217.43466680450686
0.9999590063959186 0.008895634119544167 -0.0016891455271572948 0.8800939630077085 -0.008842108174278598 0.9995280872896727 0.029418019702947187 0.3016548019906719 0.0019500405041261853 -0.029401877720713468 0.9995657691698204 218.91569505578104
0.99995576207361 0.009188674977632323 -0.0020105070274391576 0.880681617930886 -0.00912594035190216 0.9995302422532323 0.029257684038490005 0.3226882503940145 0.002278402119432683 -0.029238041550328844 0.9995698803876143 220.3786646648917
0.99995781925312 0.00888917682389976 -0.0023113287972891562 0.8786195399927682 -0.008818215514670958 0.999538013379282 0.029086060674087286 0.34570670475257786 0.0025688123489798695 -0.02906445158764296 0.9995742387764666 221.84278361861058
0.9999422451512375 0.01036053802025677 -0.0028575516558447065 0.8745420742151105 -0.01027334414702555 0.9995264819757471 0.02900465949484301 0.36365646650342076 0.003156702699078858 -0.02897362730591725 0.9995751918280016 223.3113487090628
