1.0 -3.469446951953614e-18 0.0 -1.7787691892340307e-19 0.0 0.9999999999999999 -3.5405977195229754e-19 0.0 2.168404344971009e-19 -2.354751593366955e-19 1.0 0.0
0.9999998184236251 -0.0001920850232811945 -0.0005711877703400902 0.0023623220759034095 0.0001924746445146272 0.9999997488292218 0.0006821250560820844 -0.022605926090915572 0.0005710566496940094 -0.0006822348851515522 0.9999996042253559 1.3271691435190551
0.9999996106291743 -0.0006537789352943687 -0.0005927180634304468 -0.007919513178060316 0.0006544457365945475 0.9999991525635218 0.001125420722648312 -0.03902273942997718 0.0005919818357649513 -0.0011258082084223669 0.9999991910569219 2.628002273801946
0.9999985244154309 -0.0013027885225958633 -0.0011197808784350139 -0.009237918093241298 0.0013039059154677044 0.9999986522689209 0.0009976409880589597 -0.0746863043332523 0.001118479749464476 -0.0009990996244713523 0.9999988754018504 3.9515879976599413
0.9999979703940859 -0.001937228998920874 -0.0005534921413556564 -0.02262172482950816 0.0019378220718998269 0.9999975470087418 0.0010727623416835195 -0.08804861158533576 0.000551412644931519 -0.0010738327538173656 0.9999992714139098 5.267169937196659
0.999997036378921 -0.002257119790703626 -0.0009124941099497561 -0.018649532155090798 0.0022585203953163664 0.9999962688856073 0.0015366511946255576 -0.10716273517368945 0.0009090223777324522 -0.0015387075564707359 0.9999984030282704 6.588547945280161
0.9999934119286554 -0.0035640749000146067 -0.0006880939448463098 -0.02745835817716638 0.003565774164919891 0.9999905575658861 0.002483954156186457 -0.14381065598129011 0.0006792345085711311 -0.002486391426161097 0.999996678244332 7.923302919618288
0.9999942369235102 -0.0033653923478817876 -0.0004475021254718226 -0.04639933678046458 0.0033668422147533662 0.9999889558270303 0.0032791145273735663 -0.170830007427757 0.0004364617160244285 -0.0032806023610713374 0.9999945235603347 9.236154727541361
0.9999946298713043 -0.003079698278648924 -0.001120575584459474 -0.04411245837340787 0.0030821484546011083 0.9999928493968031 0.0021912351277895985 -0.19028457156390394 0.0011138193247395068 -0.0021946771826859114 0.9999969713958045 10.576027334015576
0.9999994000817671 -0.0005671633058930477 -0.0009371026002248749 -0.06171583773976873 0.0005671424481813805 0.9999998389197257 -2.2562511209953944e-05 -0.20347265667305997 0.0009371153251188423 2.2031027117292644e-05 0.9999995606654073 11.888809263159953
0.9999951406214648 0.002934028579160187 -0.0010536615745306115 -0.06276070661757774 -0.0029349233025750395 0.999995333183483 -0.000848434971949729 -0.23826190084430132 0.0010511674127740528 0.0008515232786723844 0.99999908497797 13.236085106764273
0.9999806431433838 0.006165275753235524 -0.0008382717888719768 -0.08764868045136007 -0.006165969279801346 0.9999806484339767 -0.0008267968360713149 -0.2611054956246345 0.0008331582058432042 0.0008319496009797726 0.99999930685401 14.576673701562246
0.9999798486832466 0.006339621532670278 -0.00033378557702786566 -0.11428693003483038 -0.00633955100994249 0.999979882135701 0.00021314256174851146 -0.2872457891598902 0.00033513013322899587 -0.000211022225240206 0.9999999215789802 15.919420445094756
0.999994089282554 0.0034306045102883535 -0.00022879237113845787 -0.09890547628571378 -0.003429947095815936 0.9999901545685768 0.0028153569271121156 -0.3082290972041214 0.00023844851696204548 -0.0028145555988986345 0.9999960107020393 17.26678695718695
0.9999999958075513 -2.0676898136812172e-05 -8.920347440508742e-05 -0.12081454542795281 2.113718734686465e-05 0.9999866712966866 0.005163020524337567 -0.3311497137725862 8.909554191091065e-05 -0.0051630224900202845 0.9999866675421791 18.632837696547096
0.9999978102533316 -0.0020270776751929124 -0.0005200450500351288 -0.10944962822573955 0.002028666325928982 0.9999932222501015 0.003072452305643276 -0.3750816438609672 0.0005138134718803851 -0.0030735006350758602 0.999995144783701 19.959915329807092
0.9999953666008605 -0.0030237182371718498 -0.00035200655074862875 -0.12306902625915254 0.0030240421721930283 0.9999950017680055 0.0009228236456709998 -0.3743819182102123 0.0003492144631217764 -0.0009238838686939484 0.9999995122441527 21.327845123328146
0.9999998669333354 -0.0004988882224598989 0.00013131964184721792 -0.1275539086580281 0.0004989083329818324 0.9999998638543793 -0.00015290821421385284 -0.43176606780159044 -0.00013124335104325053 0.00015297371383426707 0.9999999796870027 22.67042033216064
0.9999988727139406 0.0013609706372292828 0.0006342936029159864 -0.14689269414485806 -0.001361622487429195 0.9999985443488248 0.001028244429541621 -0.42120346951823023 -0.0006328933218680457 -0.0010291069596596843 0.9999992701917998 24.04601410923271
0.9999958191325404 0.002386674524612573 0.0016326359587967472 -0.15634997303861625 -0.0023960731426155403 0.9999804302659869 0.00577909347199269 -0.43935144767405765 -0.0016188113256494086 -0.005782981340031796 0.999981968125366 25.434917850115554
0.9999981694829838 0.000657797194332183 0.001796756776029713 -0.15063606133086715 -0.0006697671912121832 0.9999775341864731 0.006669522740409887 -0.4731444926860253 -0.0017923293631808617 -0.006670714070996428 0.9999761442797136 26.799149633200376
0.9999912714268114 -0.003800471093478454 0.0017359427728195736 -0.1629752938233091 0.0037903323703826815 0.9999759555817851 0.0058070329915014315 -0.49584941216945716 -0.0017579706377025325 -0.005800402614287871 0.9999816322651875 28.17474687771418
0.9999900680647785 -0.004235303835740528 0.001387797143790063 -0.17057888393765733 0.004230489740956599 0.9999850868649423 0.003453838134734486 -0.5056158644780194 -0.0014024046167045365 -0.003447932833432703 0.9999930724855939 29.54360255810393
0.9999882247739909 -0.004108886724506822 0.0025821255260481332 -0.17477795669839719 0.004104671909977448 0.999990238202453 0.0016355923882514917 -0.5487448828574691 -0.002588821000883439 -0.0016249743774421539 0.9999953287195721 30.91545759932898
0.9999947131713949 -0.0016916020835296662 0.002777070006159556 -0.18138749816407726 0.0016896004275695157 0.9999983112527013 0.0007230072400155037 -0.5456759873675135 -0.0027782885910318366 -0.0007183112895318801 0.9999958825604726 32.30353482773395
0.9999952015337006 0.00020976618373283983 0.003090778429858435 -0.18531111218033985 -0.00020464351613365926 0.9999986051887341 -0.0016576314799003275 -0.5938394215258248 -0.0030911220964232856 0.001656991053059842 0.9999938496514607 33.68266528417432
0.9999943884907148 0.0008359156449974986 0.0032441077028620324 -0.20230789875156469 -0.000831721638620172 0.9999988169557495 -0.001293958175001849 -0.6007256825071582 -0.003245185780173065 0.0012912527468202665 0.9999939006970904 35.078030067402835
0.9999953930104624 -0.0008017030407570114 0.0029276671783743384 -0.18943534981973856 0.0007995302795774754 0.9999994041567966 0.0007432603941412133 -0.6243146974595053 -0.0029282615548664403 -0.0007409162229969566 0.9999954381514773 36.47011201489744
0.9999919300492143 0.0030041929666944954 0.0026673318268118575 -0.21291021523853979 -0.003010273379729079 0.999992873476384 0.0022784327265914705 -0.6667023111633643 -0.0026604681896084514 -0.0022864437829447364 0.9999938470214534 37.86572009141772
0.9999893774552263 0.0038888718483382507 0.002474196519472227 -0.2117612410593946 -0.0038954106640558686 0.9999889190618423 0.0026433948056973017 -0.6811712067208459 -0.002463889485729217 -0.002653004790886932 0.9999934453842226 39.259452857531855
0.9999738112088906 0.006663879526705848 0.002823047279644329 -0.23037715303859108 -0.006671833871803721 0.9999737738061089 0.0028175070421430346 -0.7080989978515002 -0.0028041979494703995 -0.0028362682162247116 0.9999920459950495 40.671439837978234
0.9999499591972318 0.00956847273273603 0.0029194885268894744 -0.2341921716413788 -0.00957765849449768 0.9999491762429314 0.0031485567661318015 -0.7510547277300028 -0.0028892135101422113 -0.0031763611414951185 0.999990781543553 42.09510596110091
0.9999395373054649 0.010730709221513224 0.0024028298314221425 -0.2421231622185266 -0.010738330239212503 0.9999372819180968 0.0031812761885732666 -0.7588264370394051 -0.0023685419790473476 -0.0032068862897796403 0.9999920529117662 43.490879231662085
0.9999608545255759 0.008625048724855519 0.0019743188212450117 -0.24371897311205062 -0.008630737115487648 0.9999585761217952 0.0028907500055965945 -0.7734490954841449 -0.0019493043405763653 -0.0029076767348732756 0.9999938727944687 44.901955030985036
0.9999661553013073 0.00813674484338046 0.0012172179264498928 -0.24372108390671893 -0.008140519959021259 0.9999619703440784 0.003128868369329062 -0.8079791485188346 -0.0011917129311846515 -0.0031386713276706254 0.9999943642648661 46.30720481877716
0.9999602107045837 0.008901291676060675 0.0005865112016589782 -0.2671330948524974 -0.008903408497910477 0.9999534808298343 0.003710190321339479 -0.8339133162337168 -0.0005534584757453187 -0.00371526472389137 0.9999929452209629 47.72985196858449
0.9999737695372768 0.007218385021840783 -0.0005959354157888525 -0.27031986619382475 -0.007215688009954343 0.9999642383188151 0.004410889264504475 -0.8457133738328927 0.0006277536572975324 -0.004406473573692599 0.9999900944099231 49.13328423012636
0.9999592734773722 0.008922955127034199 -0.0013536013077620774 -0.2837061861516281 -0.008916662650088803 0.9999497295472521 0.004586013969478085 -0.8707842631384834 0.0013944541794577439 -0.004573757688968246 0.9999885680553974 50.55372192984677
0.9999469908670534 0.009976690336786973 -0.0025457962842610504 -0.29396595341800624 -0.009964459308236875 0.9999389624606553 0.004772936756952652 -0.8996277985216476 0.0025932592295120765 -0.004747316367551439 0.9999853688927252 51.99569112301202
0.9999451394241485 0.009818454783917768 -0.003649117529357074 -0.2986540428560056 -0.009795052277853024 0.9999316941082157 0.006376840059651478 -0.9283200309731561 0.0037114793070892956 -0.00634074706107944 0.9999730095640554 53.405556024359306
0.9999513909141259 0.008742114703597578 -0.0045597380957248836 -0.31412457624586465 -0.008707960370838342 0.9999342774308108 0.0074573629376529765 -0.9464539359954718 0.004624631936483868 -0.007417294580068829 0.9999617975360834 54.87413281667395
0.999972278549375 0.0050509388052275 -0.005470843553009352 -0.32929641725016745 -0.005008233041738931 0.9999571010737043 0.007791894605293628 -0.9337533346387976 0.005509965714125872 -0.007764279504605297 0.9999546771003736 56.277690461691854
0.9999803381273972 0.003002790499725361 -0.005505142266235935 -0.35372810364066626 -0.0029617183314641048 0.9999678343407756 0.00745375821962505 -0.9611230944510436 0.005527347737014446 -0.0074373071373959 0.9999570665297309 57.69637249264046
0.999981790841701 0.001917798455542673 -0.005721889480066852 -0.3553865767356399 -0.0018776023396147945 0.9999735819191189 0.007022113260616393 -0.9896701679431501 0.005735205806925653 -0.007011242105092877 0.9999589741144576 59.14558721181305
0.9999816307792623 0.002878177072133524 -0.005334246431983162 -0.3708990291117956 -0.0028335218312206143 0.9999610384083766 0.008360192692846671 -1.0321248207469236 0.005358101175557489 -0.00834492458994186 0.9999508252902157 60.56311676545113
0.9999887837043909 0.0006581557483453715 -0.004690339676785025 -0.3883415708805336 -0.0006145473881656368 0.9999566314594425 0.009292875219798448 -1.041608430625983 0.004696252827199386 -0.009289888739589837 0.9999458201266058 61.99743779941738
0.9999911495300926 -0.001676759430870466 -0.003858670065459982 -0.3969091368172323 0.0017102136424040747 0.999960840051098 0.00868294468309839 -1.0561076505344555 0.003843960082756533 -0.0086894671582552 0.999954857551699 63.39285911406753
0.9999907034762884 -0.0018822024683088755 -0.003879467809728005 -0.4177693643195363 0.0019137934672156312 0.9999649117375073 0.008155530828689073 -1.088586819762395 0.0038639816589721974 -0.008162879673344005 0.999959217693813 64.83548824983258
0.9999929903136039 -0.002211288670247384 -0.0030215102111944116 -0.4071674387216044 0.002236735622422827 0.9999618419891497 0.008444618025033136 -1.0980764630102153 0.0030027216889686546 -0.008451317317754508 0.999959778644123 66.31973669219965
0.9999969234464375 -0.0007495744424622069 -0.002364578800807012 -0.4337747559423001 0.0007685423786961063 0.9999674557366967 0.00803099038290722 -1.1226290540466244 0.0023584822280680214 -0.008032783113819586 0.9999649553676844 67.60474682838496
0.9999944107523814 0.0029121785221052294 -0.0016424591993709015 -0.44331386639518666 -0.0028966309334331874 0.9999517138400886 0.00939039507765856 -1.1506600613518854 0.0016697265466992586 -0.009385585182866255 0.9999545603725482 69.08355414582668
0.9999838589330551 0.005601261679258434 -0.0009527477487326883 -0.47143128979385707 -0.005590544360595487 0.999924936394534 0.010902632588207988 -1.1542750435886948 0.0010137448242969636 -0.010897130449424386 0.9999401106440672 70.38303310982518
0.9999534603348341 0.009646455371017899 0.00015179482061585372 -0.4700004363588852 -0.009647577234828869 0.9998833182688635 0.011843737515491025 -1.1719295828850447 -3.752701776660338e-05 -0.01184465100498006 0.999929848958716 71.70499977320422
0.9998980372497278 0.014278536471759588 0.0001961229621117405 -0.5089727156514481 -0.014279821162823897 0.9998401360311753 0.01076053535832071 -1.2072857634185343 -4.244690830728661e-05 -0.010762239008389823 0.999942084529628 73.28736358216368
0.9998195399387181 0.01896846931789544 0.0010414776932998573 -0.5260037459690738 -0.018978759441197743 0.999759743141484 0.010966436695543445 -1.2228458169013794 -0.0008332110158197411 -0.010984223876661262 0.9999393244531691 74.68584513948865
0.9998075863616271 0.019510006782334652 0.0020371144891108976 -0.5362499983317439 -0.01953038228859444 0.9997539913895278 0.010512893081880284 -1.2316166691225046 -0.0018315068734837394 -0.010550656104019377 0.9999426629759397 76.12844848581267
0.9998273086335139 0.018426829206566107 0.0024093209129468357 -0.53702497814363 -0.018452255736345284 0.9997692872697475 0.010994841439989422 -1.2296635530424733 -0.002206165165192545 -0.011037400361300234 0.999936652308242 77.50648028579987
0.9998378178259264 0.017883131016227405 0.0021287609526911624 -0.5512640980765416 -0.017906322828485977 0.9997743906180478 0.011425038842675745 -1.2528480617060367 -0.001923965372160073 -0.011461304423915433 0.9999324661493983 78.91997236170587
0.999851425489119 0.01708812978569159 0.002263343567074489 -0.5484206654770624 -0.017110245978375987 0.9998021766273821 0.010141357742313582 -1.275700957038421 -0.0020895991569011858 -0.010178577572221606 0.9999460136099956 80.28320545485253
0.9998699521840658 0.01597457323706038 0.002211716474761022 -0.5446396005349838 -0.015997299980118583 0.9998151018932502 0.010669979297209978 -1.2781845364527709 -0.0020408593316359695 -0.010703973403173295 0.9999406281612265 81.63113648239575
0.9998799054202784 0.015419830415551013 0.001550331692860252 -0.5548593470680315 -0.015435642075058383 0.9998229256276786 0.01076375304455695 -1.298125641970059 -0.0013840820314513912 -0.010786390964550351 0.999940867295991 83.11962503591408
0.9998719383906175 0.015955861011801232 0.001231778248961434 -0.5777040155309875 -0.015967873479968694 0.9998178945348409 0.010450111153980337 -1.3187235759501215 -0.0010648134967690718 -0.010468441992849568 0.9999446374157324 84.45545889164153
0.9998144238550002 0.01925730391446146 0.0005234910233287969 -0.5817060124465698 -0.019262010312363458 0.9997499546383785 0.01135795801444487 -1.334957890046582 -0.0003046364951983006 -0.011365933976397718 0.9999353592833224 85.88359251888527
0.9998018072785951 0.019895017498653786 -0.0007310143636486157 -0.5883918756032999 -0.019884672159780577 0.9997284101608175 0.01215342682020403 -1.3590408130104603 0.000972608557652957 -0.012136482373744975 0.9999258771700612 87.23207800547078
0.9998989370309344 0.01411100773648655 -0.0017306490987091144 -0.5918768038669977 -0.014087051103627516 0.9998142801414877 0.013151435156476038 -1.3634311681801257 0.001915907857691507 -0.013125726562167957 0.9999120184334966 88.56602424547422
0.9999125463952219 0.012650671256367589 -0.003854872251789358 -0.6092874500041758 -0.012597614913327684 0.9998296403777365 0.013490379747607199 -1.4036694744442078 0.0040248782467317695 -0.013440638046975768 0.9999015699642563 90.12083879237477
0.9999515422499007 0.009012600280328652 -0.003960575831411262 -0.6243130261177384 -0.008957511784965594 0.9998658402430206 0.013713661501182422 -1.381666110686287 0.004083640586594688 -0.01367752034311942 0.9998981194752343 91.56740038549644
0.9999496526263538 0.008989709735868325 -0.004458396901514337 -0.6339120653203417 -0.008928175211597228 0.9998671774304516 0.013635072374365417 -1.4016160820745993 0.004580380466153149 -0.01359458081413825 0.9998970984564557 92.88734919928267
0.999969779131471 0.0067456559098639495 -0.00386483233778713 -0.6266111369260798 -0.006695459127534661 0.9998949266456981 0.01285715769285991 -1.449799020732955 0.003951156552511969 -0.012830892572707992 0.9999098742237293 94.18729760961034
0.9999568165652325 0.00827798711031015 -0.004223731554591355 -0.6524077877769544 -0.008223242041058738 0.9998840291272121 0.012818213576728526 -1.4422121168449975 0.004329351107196849 -0.012782927537157863 0.9999089226003639 95.43127257118861
0.999974164976932 0.005798161580074259 -0.004248609341497678 -0.6631027762470952 -0.005744962531974355 0.9999062581631866 0.012428608057859147 -1.4318967488467984 0.00432027452154622 -0.012403879115434354 0.9999137357912108 96.80803836870246
0.9999461779334173 0.009471564819893691 -0.004234461830342474 -0.681313482584821 -0.00941826156841703 0.9998783182052422 0.01243564024297726 -1.4540831720792398 0.004351731923247152 -0.012395089917098092 0.9999137083710118 98.07905052604873
0.999898191398732 0.013684522964852373 -0.004042354116389827 -0.714008854701875 -0.013637615366975667 0.9998418736529319 0.011412412855892269 -1.4970661299257482 0.0041978887026077275 -0.011356123141209519 0.9999267054188081 99.40520047803106
0.9999442717101102 0.010101247535706095 -0.003068915739781496 -0.6924095603435995 -0.01005895697279929 0.9998583166351878 0.013496816564340333 -1.4798549942908248 0.0032048158916134703 -0.01346519459419312 0.9999042042620275 100.67803137773302
0.999952315097458 0.008963176082916134 -0.0038767226812058096 -0.7344946321792966 -0.00890410538070259 0.9998479170310787 0.014995323569280494 -1.4941147411554965 0.004010539173722327 -0.014960090076437997 0.9998800484530482 102.1967135297964
0.9999565104165125 0.008476614023378206 -0.003888992755217529 -0.7648361891949901 -0.00842106686621481 0.999865354212366 0.014084001239689918 -1.5099669948127081 0.004007854110650873 -0.014050639550994051 0.999893252626004 103.45666626904944
0.9999447930351146 0.010166439940346541 -0.0026560032001476763 -0.7449060149909085 -0.01013437123230407 0.9998787728780146 0.011820917320325223 -1.5116810377471388 0.002775858109981333 -0.011793348043421336 0.9999266030879311 104.68826127050218
0.9999380611751807 0.010885182820771123 -0.002320900424700863 -0.7359042313476181 -0.01085883176464313 0.9998796581199826 0.01107948878714992 -1.5135738108141565 0.0024412235987520295 -0.011053600497566936 0.9999359271231172 105.99365231049269
0.9999693560912325 0.007702310638707859 -0.0014004537201847034 -0.7219254936282179 -0.007685232688502695 0.9999006468592139 0.011816667080690523 -1.547130864739932 0.0014913303563650806 -0.011805542398908665 0.9999292000483222 107.44429947780445
0.9999977653414063 0.0001261197339317427 -0.0021103085538240205 -0.7698058373621752 -9.822618076466699e-05 0.9999127043647504 0.01321264532639229 -1.5701123415137486 0.0021117908975527688 -0.013212408775317791 0.9999104822945102 108.87147637719042
0.9999943888976286 0.002802288308964322 -0.0018355776550043597 -0.8122761996183369 -0.002775343500105983 0.9998907140253326 0.014520932242901944 -1.5817291192724423 0.0018760690608607361 -0.014515756695723117 0.9998928808536228 110.13421597825335
0.9999954285314766 0.0030120265450298495 0.000265720062218598 -0.7654332270981477 -0.003015451317336962 0.9998974726771375 0.013998256566617379 -1.5812976764843099 -0.00022352970606276368 -0.013998994117979025 0.999901984298244 111.4211494609371
0.9999938290715069 0.0034267162988249767 0.0007742280732992352 -0.7843022071304426 -0.0034354669496276264 0.9999268323475217 0.011598599931267767 -1.5881895804741588 -0.0007344263663240859 -0.011601188422775521 0.9999324342415434 112.72741036742383
0.9999610146363427 0.008714665578183761 0.001422601215432561 -0.8128582245729686 -0.008727740261217238 0.99991717851924 0.00945847070232814 -1.6447194426563272 -0.001340056090575039 -0.009470518246556125 0.9999542557212016 114.05671228882184
0.9999449634497651 0.01030681144793536 0.0019595122456095163 -0.8579722016905058 -0.010324347411038626 0.999904748018181 0.009159845080924753 -1.594667306610333 -0.0018649169528626712 -0.009179571827133417 0.9999561278106858 115.41463344990787
0.9999356647033454 0.010577474029409345 0.004096764311135956 -0.8472197334233317 -0.010624885884668173 0.999874759336192 0.011729341944361071 -1.6026784292173286 -0.0039721847466849935 -0.011772115223862714 0.9999228165468529 116.88675427321861
0.9999566832570287 0.00817683802874513 0.004446449926252863 -0.8768803647530472 -0.008240120847077655 0.9998622877483535 0.014405067117005614 -1.6196020910152027 -0.004328050049626631 -0.014441082708516786 0.9998863550993629 118.17108882191972
0.9999466116103443 0.007522511719343104 0.0070841892347004035 -0.7913152192596905 -0.007635913089315222 0.9998409230790194 0.01611897566546591 -1.5835279086444367 -0.006961807696104029 -0.016172209671459145 0.9998449844193541 119.2667705071183
0.9999370588585226 0.008326090763810612 0.007520274107045357 -0.817516737032961 -0.008438583981072419 0.9998510902764579 0.015052826479603655 -1.6266443342868984 -0.007393823678753503 -0.015115339800411427 0.9998584189142922 120.37177446807779
0.9999003941554789 0.011232499649264418 0.00854591714165343 -0.8338863985889676 -0.01134959798996836 0.9998406455567579 0.013779337396413271 -1.648815644396598 -0.008389779607816908 -0.013874957893132832 0.9998685399292141 121.66198782124346
0.9998448437043279 0.01411389638877715 0.010539754145534404 -0.7980844628806943 -0.014243836095780265 0.999822194747245 0.012356862686572857 -1.684692786018182 -0.01036347750880117 -0.012505072220916852 0.9998681020516876 122.92637696723708
0.9997865363974002 0.01767800230144374 0.010694383141928426 -0.8421305122479963 -0.017809539217009812 0.9997653444714024 0.012331924074844089 -1.6933540566817251 -0.010473870739702516 -0.012519753945649756 0.9998667680199551 124.14108685837998
0.999821280452894 0.014321775727560073 0.012340739967632044 -0.8089626383242619 -0.014469836178730652 0.9998233798319445 0.01199304026425167 -1.6892789753275579 -0.012166799730351955 -0.012169465600104776 0.9998519255817502 125.33453740056571
0.9998254545108346 0.013239552159311076 0.013182364863498266 -0.8045212825172228 -0.013394516877119607 0.9998413984834128 0.011737326153869191 -1.6964869322678922 -0.013024878270517466 -0.011911849099494165 0.9998442180638029 126.67794806702818
0.9997812953671926 0.014626856295446015 0.014947122636801358 -0.7673235208852641 -0.014823378112426781 0.9998040127997484 0.013122632500785514 -1.671040323006314 -0.01475225156908932 -0.013341329632947287 0.9998021704307627 128.0426600993152
0.9997829545653498 0.013582295301521843 0.01579762589544681 -0.7558136776735555 -0.01380848954132042 0.9998024220248255 0.014298341108011293 -1.696306483705319 -0.015600301648739585 -0.014513379354060859 0.9997729704340986 129.4723516248139
0.9997917786936672 0.013483593413456191 0.015316394323994006 -0.7822921285972111 -0.013680095657482492 0.9998245178820195 0.012797986324086697 -1.7901566698591223 -0.01514114499645584 -0.013004851504456932 0.9998007899409295 130.9768205738464
0.9998360168274093 0.009447944908172355 0.015449135057244563 -0.7611106172098254 -0.009683816242800576 0.9998365927962363 0.01526471170845746 -1.7216561430135902 -0.015302391683366232 -0.015411815436144588 0.9997641285605685 132.6886899149964
0.9998494811579298 0.008069547011163875 0.015358952616140086 -0.7440637042960465 -0.00831524791103987 0.9998373967145343 0.016001149767452056 -1.749829994947132 -0.015227334444045993 -0.01612645510320189 0.999754002610003 134.0801950423325
0.9998648980974818 0.007568647877777727 0.01459113121449783 -0.7399864871918969 -0.007808143137569637 0.9998345757899383 0.016427232409016848 -1.7556730820201236 -0.014464386759939397 -0.016538943019722474 0.9997585933025144 135.45285187072935
0.9998538806818907 0.010300497797095562 0.01364247089049571 -0.7272390410515814 -0.010511890999280548 0.999824374049088 0.015515193268023182 -1.786851707656003 -0.013480261831705441 -0.015656334671018683 0.9997865580847441 136.9193204785433
0.9999184012330354 0.004103018576994352 0.012097773039166197 -0.7345792666770266 -0.00431444610526661 0.9998375099096247 0.01750255216347081 -1.7641048924462657 -0.012023994976502446 -0.017553319505888437 0.9997736266380705 138.18503264212194
0.9999276063452742 0.003455775883103517 0.011525609817879257 -0.6951761487257813 -0.003661135376484855 0.999834072913758 0.01784440322567896 -1.7857406369519289 -0.011462032103153432 -0.017885308567779944 0.9997743433192532 139.38012749538524
0.9999418767640555 0.002666607714407445 0.010446640553021311 -0.6763843619299784 -0.002841614410075205 0.9998552761006977 0.01677355294519262 -1.837426533192395 -0.010400401054325582 -0.016802263661090517 0.9998047387337891 140.60506847183512
0.9999493289658206 0.002776885161802265 0.009676177524437357 -0.6574153399993631 -0.002939810858892518 0.9998534630825421 0.01686445585680429 -1.8144834386694741 -0.009627929750175396 -0.01689204777636826 0.9998109629781928 141.94441235161074
0.9999657526149404 0.0032495535849560156 0.007611438728424024 -0.706041945358976 -0.0033711760362409512 0.9998659735313044 0.016020928354690687 -1.7909137145136544 -0.007558358355006605 -0.016046039492227885 0.9998426855440269 143.22227410054262
0.9999719838007617 0.0030201038562168827 0.0068491304032800605 -0.6915143539740445 -0.0031239363685048923 0.9998795895588016 0.015200243561350349 -1.7965614573211275 -0.006802399945038348 -0.01522121425263752 0.9998610113368821 144.68031309356036
0.9999605387511514 0.005787593036814574 0.006739785028715743 -0.6622249583602697 -0.005874488492490642 0.999898950535003 0.012945235053054317 -1.9223022866620698 -0.006664182777850422 -0.012984317262429152 0.9998934924138758 146.04732689593735
0.9999854038679037 0.0013627504365518583 0.005228285163348129 -0.6735348930408337 -0.0014383287498877977 0.9998941360649417 0.014479221999317334 -1.9018626851359035 -0.005208000538912722 -0.014486530933871877 0.9998815015551479 147.3229222749018
0.9998413054240076 -0.017500082730914118 0.003333329451447802 -0.6661082056290495 0.01743561879753476 0.9996772785967475 0.018475330501779075 -1.8271838274015908 -0.003655573819728305 -0.018414280251972052 0.9998237600034536 148.6684273541563
0.9996653461382111 -0.025760759840144934 0.002361987487573683 -0.6318946024663346 0.02571649226072807 0.9995218025705546 0.017170562177173092 -1.7850335090439213 -0.002803184940890169 -0.01710407426442036 0.9998497851188023 150.18244380108635
0.9998085851031634 -0.019409605811754486 0.0024617812001099765 -0.6640888652610691 0.019379533498780764 0.9997437113876203 0.011702359212904441 -1.8897091056664572 -0.0026882886693112987 -0.011652411248417986 0.9999284946519035 151.54557061517994
0.999804371865715 -0.01931371002064063 0.0042659835561738085 -0.6237707989888461 0.019269902010367736 0.9997634810372745 0.010082303823086555 -1.8678618046169746 -0.004459701629886339 -0.009998126534350327 0.9999400724669836 152.98987186497354
0.9998751620045199 -0.014976673088783686 0.005035840053173608 -0.6317504993005141 0.014933929594484972 0.9998530202534418 0.008421141534518421 -1.9141047743840112 -0.005161220998782271 -0.00834488552410133 0.9999518611814119 154.23387502596347
0.9999123842147264 -0.012068981691230708 0.005437241119849159 -0.6521161213687116 0.012007674979394683 0.9998655094160789 0.01117044348960666 -1.9832871298018748 -0.005571326201041723 -0.011104176363365827 0.9999228258168603 155.62473227049603
0.9998087171543679 -0.018778620036659414 0.005467407541043683 -0.662438822594164 0.018701464249788767 0.9997293608927995 0.013836914062633623 -2.0209831511665257 -0.005725766469784084 -0.01373201902329626 0.9998893175003546 157.06247667577165
0.999483920429123 -0.031444324865686754 0.0065686551809506786 -0.564638693067486 0.031330497282067986 0.9993684276314951 0.0167674028715948 -1.9175905522875196 -0.0070917468463408476 -0.01655295062066146 0.9998378403287482 158.398385085717
0.999398160037233 -0.034270402593764 0.0053718903283454505 -0.6199626069745547 0.03417130556751785 0.9992616143039386 0.017565536344081173 -1.9100550356636237 -0.005969902291382272 -0.01737140050778308 0.9998312831238214 159.60674008849722
0.9994345689478703 -0.0329594832404126 0.006649424501251557 -0.6055332667104696 0.03283249200674083 0.9992918476832491 0.018380169494961643 -1.8938923615102605 -0.007250517179762943 -0.018151459926257985 0.9998089590042913 160.80897072422493
0.999385068298138 -0.03419565472711279 0.007755156167257523 -0.6144608197381687 0.03404742642357788 0.999248945525505 0.018501827789772076 -1.8579160956972756 -0.008382014428336583 -0.01822640764658489 0.9997987496993029 162.00566837868
0.9997363284261228 -0.0210022438303442 0.00928328560859258 -0.5981196884706865 0.020849658765332083 0.9996507370170875 0.016238709860652064 -1.915077780535765 -0.009621093443083465 -0.01604087512956764 0.9998250471388067 163.04287410434713
0.9998516539562042 -0.01379620451913497 0.01031187853137769 -0.5903016695668208 0.013655613145927661 0.999814505630308 0.013582287933472163 -2.021626918139807 -0.010497350633386528 -0.013439458276543761 0.9998545827215573 164.34768975307455
0.9998006959132149 -0.017125258675956465 0.010261285612901605 -0.5945368115619564 0.016969259420657662 0.9997419574053051 0.01510174900564816 -1.9771638235268887 -0.010517259997795052 -0.014924613020293789 0.9998333076907019 165.7910327764899
0.9996889380081697 -0.022808884480039968 0.01008870770443084 -0.5815324252496215 0.0226338898943964 0.9995970108810138 0.017132508714707 -1.9368350932314486 -0.01047541634701807 -0.016898833050158588 0.9998023280102716 167.10596287690447
0.9997560180434332 -0.019978663595663543 0.009421114608167941 -0.5914757564315176 0.019835342855097013 0.9996897014563741 0.015068508985829633 -1.9169783287084798 -0.009719240729783056 -0.014877961773238833 0.9998420788366285 168.59014834277295
0.9998820282832376 -0.012186268149689648 0.009350101707114917 -0.5718971833055906 0.01208050929238198 0.9998633414071089 0.011285379542577474 -1.9578504707049165 -0.00948635138840737 -0.011171094399551496 0.9998926021249126 170.0752859930738
0.9999512913721248 0.0037919172593926303 0.009112422649633493 -0.5883183569587184 -0.0038826792068233154 0.9999428275613297 0.009963253221877183 -2.0382786775125807 -0.009074122597351578 -0.009998148732005533 0.9999088445039671 171.65634231993147
0.9999449214644606 0.004990107919920414 0.00923324740128706 -0.602771302801431 -0.005081283377727515 0.999938304023183 0.00987768763849841 -2.0517869459230305 -0.009183387788119318 -0.009924060528416283 0.9999085850254316 173.41526576950028
0.9999314159131899 0.0055409980048557505 0.010317984625874833 -0.5951043004361684 -0.005681427106174282 0.9998909541771808 0.013630889420697402 -2.012295200441524 -0.010241331616445675 -0.013688575701831043 0.9998538583315438 175.32249926370622
0.9999416850820043 0.003283923784660508 0.010287967763291099 -0.586976654482088 -0.003447554911740018 0.9998671989701733 0.015927924780546977 -2.0163342066474668 -0.01023429627176671 -0.015962464587510647 0.9998202132904743 177.43605156393474
0.999959295283171 0.00039757707190640583 0.009013862409286581 -0.5943993858629384 -0.0005534802791583148 0.9998501898498438 0.017300043626594975 -2.004699930825223 -0.00900563468763551 -0.017304328762335612 0.9998097112706046 179.35417977481055
0.9999587223367363 -0.004943562759222718 0.007623307888020288 -0.5847665042726568 0.00480821190930043 0.9998322734840003 0.017672181057020533 -2.002073627705206 -0.00770939343023627 -0.01763479744842183 0.9998147724320747 181.34044263397917
0.9999597081971813 -0.007138508543011016 0.005442765118993229 -0.5883048506369968 0.007059472170393596 0.999871322471931 0.014404941401085473 -2.002352525181743 -0.005544895011166008 -0.014365938224309734 0.9998814299496903 183.54029514253213
0.9999856749967079 0.002990918179560327 0.004438942385782747 -0.577192118096963 -0.0030293294548284647 0.9999578101365982 0.008671857511720208 -2.108976319257974 -0.004412818657208456 -0.008685180476130512 0.99995254620861 185.6228079909382
0.9999812450875295 0.004329546676414196 0.004331800498057631 -0.5787486847360116 -0.004365874929242539 0.9999550848741073 0.008412334769350273 -2.0787727881334264 -0.0042951846950829466 -0.008431089261934043 0.9999552330578384 187.64960640437928
0.9999680126541948 0.00665367659026251 0.004438721401732718 -0.5744560611890318 -0.006696013109304822 0.9999315740352521 0.00959221905595829 -2.0759640684430005 -0.004374594516886512 -0.009621634154198732 0.9999441419784361 189.7743274871495
0.9999248610967112 0.010934791972788786 0.005540980560592245 -0.5183333212030385 -0.011008811589348487 0.9998481471811261 0.01350883658859095 -2.0454695986645683 -0.005392423274613185 -0.013568821431859819 0.9998933987459472 192.00747131537375
0.9998912798855569 0.013275839673782756 0.006417200564724578 -0.48750903008249596 -0.013373362685724442 0.9997919625146215 0.015400808028055766 -2.1165180713556766 -0.006211407401468202 -0.015484953511340289 0.9998608076293702 193.96616291090834
0.9998420983534683 0.016199166122670194 0.007305158475882714 -0.4686927182864052 -0.016318447926703103 0.9997294435327925 0.01657552492728116 -2.187092116922718 -0.007034672918155574 -0.016692116808468244 0.9998359298476698 195.7892875294839
0.9998602038379054 0.014853900497325628 0.007676873681844715 -0.4252108479921557 -0.014990669017494157 0.9997242285875267 0.0180761347399853 -2.1486641590439275 -0.007406256124882221 -0.018188689602019966 0.9998071408740932 197.66923895537272
0.9999633585730808 0.002162677017227709 0.008282773836269988 -0.3497886452362016 -0.002303195502860955 0.9998529500632689 0.016993337997538664 -2.1381802843457844 -0.00824480543654131 -0.017011792515077555 0.9998212950820926 199.56260118002672
0.9999138833594697 0.008830633907905394 0.009708025403411686 -0.3137750122508251 -0.00900644566847818 0.9997934756699431 0.01821784715308943 -2.1522942191381707 -0.009545146113622243 -0.01830371345639115 0.9997869094268308 201.53913220063131
0.9999744217996278 0.0034414739511634557 0.006269928504428377 -0.5634247080226267 -0.0035706350143764618 0.9997792178496944 0.02070666841195511 -2.0387659725762335 -0.006197283263428864 -0.020728526805039185 0.9997659335371771 203.49598134600788
0.9999840711825568 -0.001045493422218803 0.005546560392522204 -0.615235742035761 0.0009420093596208996 0.9998260535715563 0.018627270521751102 -2.1848178064671595 -0.0055650707321646025 -0.018621749261253543 0.9998111123834719 205.32594120232844
0.9999422590643806 -0.008993434793742164 0.005881894534789699 -0.5881092631684095 0.008888452240019442 0.999804937457601 0.017637529151277004 -2.1936855836490587 -0.006039369661386139 -0.017584230139968408 0.9998271454939651 207.08922018031305
0.9999128220619987 -0.011984415206135935 0.005542750605239056 -0.62162692455098 0.011916428691202574 0.9998552926909309 0.012140526787047138 -2.272970413363216 -0.0056874461125579635 -0.01207341883277779 0.999910938790462 209.07323703059905
0.9999731720488351 -0.0020932459571150405 0.007019509503015548 -0.5690912114679073 0.002007153270687699 0.9999229577082227 0.012249488814157904 -2.1024502494308606 -0.00704461048214324 -0.012235071187824463 0.9999003332802997 211.09095704386593
0.9999414099025078 0.004614287554161612 0.009792094288118757 -0.524475325345495 -0.004721718801695108 0.9999286074624629 0.010976582115090712 -2.1124668834641604 -0.009740746913977668 -0.011022174724629205 0.9998918089026989 213.13547408828845
0.9999527381871266 0.0013308905767470923 0.009630686733869761 -0.614755913626976 -0.0014865908503567697 0.9998680219235114 0.01617803379862826 -2.041447077669833 -0.009607885300593866 -0.016191586398530862 0.9998227448253726 214.836586023692
0.9999218741048377 0.006059363842820324 0.010932968072700576 -0.6063820815240615 -0.0062547032065943895 0.9998198217350937 0.01792213037539544 -2.145203788448034 -0.010822402381172512 -0.017989113013766753 0.9997796094247468 216.29356613312808
