1.0 -3.469446951953614e-18 0.0 -1.7787691892340307e-19 0.0 0.9999999999999999 -3.5405977195229754e-19 0.0 2.168404344971009e-19 -2.354751593366955e-19 1.0 0.0
0.9999998184235963 -0.0001920850668549537 -0.0005711878058707058 0.002362319113497474 0.00019247468808140412 0.9999997488292508 0.0006821250014084328 -0.022605924994663018 0.0005710566852054147 -0.0006822348305096148 0.9999996042253729 1.3271691485644874
0.9999996106283936 -0.0006537791009101328 -0.000592719197746735 -0.007919465311104833 0.000654445903456851 0.9999991525634703 0.0011254206712697763 -0.039022734061031086 0.0005919829699275456 -0.0011258081578842246 0.9999991910563075 2.6280023007917435
0.9999985244145516 -0.0013027883364233259 -0.0011197818803216006 -0.009237891080545669 0.0013039057301220784 0.9999986522693178 0.0009976408324551258 -0.07468629499243629 0.0011184807517386937 -0.0009990994699656881 0.9999988754008837 3.951588009716078
0.9999979703929316 -0.0019372292020578968 -0.0005534935160862804 -0.022621730228531776 0.0019378222764117967 0.9999975470085425 0.0010727621581313692 -0.08804860127523392 0.0005514140197964412 -0.0010738325730415249 0.9999992714133459 5.267169887610847
0.9999970363777451 -0.0022571198362509055 -0.0009124952858407569 -0.018649511464555332 0.0022585204423063825 0.9999962688861208 0.0015366507913542942 -0.10716272735913926 0.000909023554459875 -0.0015387071558975055 0.9999984030278168 6.588547983450409
0.999993411929628 -0.0035640744441645528 -0.0006880948926156205 -0.027458360755302266 0.003565773711241879 0.9999905575681831 0.0024839538827131874 -0.14381064780555902 0.0006792354584401431 -0.0024863911557593994 0.999996678244359 7.923302888552241
0.9999934488628279 -0.0035843742393287664 -0.00050447690347102 -0.04651353836235246 0.0035858139609772615 0.9999894178116452 0.0028820474361259487 -0.16242383274747663 0.0004941412727643951 -0.0028838375702589453 0.9999957196441415 9.238816210584606
0.9999943853944395 -0.0031788703261470385 -0.0010601725549057206 -0.045096467516606384 0.0031813283738973113 0.9999922372707784 0.00232476730654709 -0.18721028453359162 0.001052774282346332 -0.0023281270552355064 0.9999967357411003 10.570550200539195
0.9999993687833213 -0.0006551735613924449 -0.0009127870142101034 -0.06615006923595038 0.0006551676776918296 0.9999997853540532 -6.791435061241449e-06 -0.20393118117388526 0.000912791345030335 6.1934021069543856e-06 0.9999995833874477 11.891690586816438
0.9999974609321314 0.002053435769330098 -0.0009281840996047622 -0.06625457574429769 -0.0020541169806077815 0.9999976213500681 -0.0007334175773812874 -0.23049239722261428 0.0009266759434683179 0.0007353223260709998 0.9999993002868425 13.229593908926526
0.9999825763596024 0.005857678802055734 -0.0007311383884667623 -0.09360535877013113 -0.00585824615576989 0.9999825394360706 -0.000775749201119395 -0.25272880089701194 0.0007265815931115384 0.0007800188836946142 0.999999431825235 14.569979473004588
0.9999824980309953 0.005907205112389956 -0.000329464811970861 -0.1142490472324531 -0.005907192951465919 0.999982551627644 3.9032929830520483e-05 -0.28002457135527 0.00032968966637476286 -3.708603998539952e-05 0.9999999449649329 15.92024154952152
0.9999906106591527 0.004331836072621452 -0.00011739390085473578 -0.10437589222893495 -0.0043314727570844674 0.9999863025313663 0.0029382139268299143 -0.3064753973760407 0.00013012016703083974 -0.002937677911778002 0.9999956765496524 17.262322288799012
0.9999999873559501 -0.00015623209759997245 -2.9662070685552207e-05 -0.11691823475913134 0.0001563805486600109 0.9999871250088649 0.00507201736830722 -0.3346038636873677 2.886928344191528e-05 -0.005072022042618759 0.9999871367973691 18.627756912785106
0.9999978246300142 -0.0020486600297827933 -0.0003920838824194048 -0.10842496161981807 0.0020499787103346653 0.9999921439260847 0.0033925904057403944 -0.36838014703823807 0.0003851305732614366 -0.003393386854840092 0.9999941682836878 19.963717413601334
0.9999955365665868 -0.0029761033990273883 -0.00026393052471391414 -0.11715574834422644 0.0029763376502463176 0.9999951738404961 0.0008909015128504008 -0.36845350622314227 0.00026127785893231056 -0.0008916830982376796 0.9999995683177444 21.319498427916386
0.9999996400292502 -0.0008475216493673658 4.061795766903864e-05 -0.1313391294919374 0.0008475294034789617 0.9999996228125203 -0.00018991424133417705 -0.42597055755360147 -4.0456989433404695e-05 0.00018994860230962205 0.9999999811413365 22.671777496958224
0.9999988284666734 0.0012981959652096729 0.0008110187918631921 -0.1420285522600375 -0.0012990445967729384 0.9999986085295494 0.001046625128175946 -0.41294995913005406 -0.0008096590064936712 -0.0010476774725835887 0.9999991234112078 24.038307164986485
0.9999969016191582 0.0018283323379843248 0.0016893644066524104 -0.15567470172817627 -0.0018379505273492872 0.9999820121490197 0.005709406101961337 -0.43823246918888803 -0.001678895464177236 -0.005712493492873611 0.9999822742064887 25.42725210011578
0.9999983623908543 0.0003292538862624105 0.0017795531468187602 -0.14952420705106945 -0.0003409427806385715 0.9999783452199313 0.006572126600122636 -0.46534170846531614 -0.001777350857654012 -0.006572722691697683 0.9999768199011478 26.800773013515407
0.9999903268721743 -0.004052907668501441 0.0017088327638221821 -0.15065696323279684 0.004042599632959606 0.9999738686977551 0.005993271464872316 -0.4934484956496784 -0.0017330784269982196 -0.005986305477962521 0.9999805801039281 28.16878922762024
0.9999905866878425 -0.004053264231984771 0.0015484161170049135 -0.16003191119044724 0.004047648659658622 0.9999852816147953 0.0036129057360286872 -0.4996709601723739 -0.0015630375172930758 -0.003606604348908724 0.9999922746288282 29.531269502929966
0.9999885124139869 -0.004207996384692294 0.0022951721633722947 -0.16234370968276185 0.004203811929162573 0.9999894984996334 0.0018250615658284976 -0.5470155958577414 -0.0023028281059325586 -0.0018153921588423998 0.9999957006563828 30.917144761321406
0.9999944193872433 -0.0018655193697487311 0.002771468610156368 -0.17720820276288832 0.001863514365616513 0.9999980001921626 0.0007258945999488629 -0.5424218240338987 -0.0027728174718001544 -0.0007207258879637592 0.999995896008564 32.30385133994447
0.9999942099102943 -0.0001764104971894928 0.0033983863428919178 -0.18200787661009557 0.00018126775611803335 0.9999989625129774 -0.001429025832155413 -0.5896337356006358 -0.0033981310102738664 0.0014296336069126653 0.9999932044014174 33.6822204905774
0.9999936775924205 5.6158731464863235e-05 0.0035555063868480145 -0.19591656979830713 -5.2294435475308196e-05 0.9999994079207424 -0.0010869331466799692 -0.5878311835290836 -0.0035555656238552766 0.001086740365716289 0.9999930884481045 35.078877478654235
0.999995418545148 0.00021979464860579466 0.003019036687182855 -0.19148745996822963 -0.00022138732307042802 0.9999998365160375 0.0005272151724819949 -0.6325928259413579 -0.0030189205692536833 -0.0005278811416355681 0.9999953037171317 36.471471741625066
0.9999952770034903 0.0010465402941666922 0.002889762286076577 -0.20897535227664948 -0.0010515670035336332 0.9999979359204542 0.0017384945078353145 -0.6416777736007506 -0.0028879371595321663 -0.0017415251083756484 0.9999943134367462 37.87394931108155
0.9999925739124779 0.0030319838179862736 0.0023789055588578304 -0.2026270692171021 -0.0030373174716872686 0.9999928749891874 0.0022415794797367807 -0.6601047325216999 -0.002372092375255142 -0.002248788369702695 0.9999946580486667 39.26755077120514
0.9999792439251947 0.005648279012561758 0.003099783164110719 -0.22707771264897064 -0.00565616108207867 0.9999807784130497 0.002539814369322308 -0.6962568246433214 -0.0030853782601915573 -0.0025572945778587052 0.9999919703087496 40.66612980896212
0.9999587977707712 0.008621779630451477 0.002840362943955209 -0.2271626953381683 -0.008629978093631195 0.9999585943252569 0.002886716376404551 -0.7201513111790612 -0.002815356940466974 -0.002911109768928023 0.9999917995674349 42.08995757603795
0.9999552532484918 0.009095037228672227 0.002602264744635858 -0.23706056751419874 -0.009102924982326758 0.9999539609071388 0.0030352664528365313 -0.7356281114545967 -0.002574539293006943 -0.0030588189204363322 0.9999920076537832 43.475613680150836
0.9999626611516854 0.008330993874633314 0.0022958285023174938 -0.2503988903781556 -0.00833767682058169 0.9999609874300657 0.002916638578586696 -0.7546648643609997 -0.002271440628120646 -0.002935671613142077 0.9999931111698552 44.90297854453333
0.9999658672876923 0.00814005826471283 0.0014155195072902878 -0.2435519830784792 -0.008143568481050321 0.9999637364488224 0.0024916052586143626 -0.7892943285385541 -0.001395186479943045 -0.0025030476478458386 0.9999958940943923 46.30464714596948
0.999968578047335 0.007912628583944065 0.0004829189043559852 -0.25461408629026205 -0.007914129974774047 0.9999635962803128 0.0031894634586767607 -0.8196680235882696 -0.0004576643211733015 -0.0031931851911074223 0.9999947970422902 47.73253072822774
0.9999666517925178 0.008152677625683504 -0.00047867741362617395 -0.26367325897298327 -0.008150690222620645 0.9999587117689348 0.004017589198223642 -0.8385507651830555 0.0005114118054012436 -0.0040135537532762396 0.9999918148894537 49.129280145955036
0.9999583176482483 0.009013987899907516 -0.0014529163393619084 -0.27541203143279464 -0.00900788887135357 0.9999508105681848 0.004151433616356095 -0.8667628497756372 0.0014902659723407701 -0.004138172955593872 0.9999903272708679 50.559557062678735
0.9999568971324551 0.008876256922966631 -0.0027232179358499566 -0.28013649082533093 -0.008864467923824323 0.9999514160945937 0.004311226896688755 -0.8777456476082706 0.002761353425144883 -0.004286901285943351 0.9999869986207116 52.01264626248966
0.9999440010306179 0.009950368089357068 -0.0036034634099392396 -0.3030809590484624 -0.009929511097975637 0.9999341081285184 0.00576057563163675 -0.9163374055638172 0.003660546132291058 -0.0057244725388451365 0.9999769151457227 53.41940185583424
0.9999533476053423 0.008507432202939874 -0.004574514496588701 -0.31045796429158623 -0.008478674066249352 0.9999443994172785 0.006269782839113719 -0.9300604012776248 0.004627600298927522 -0.006230704654388012 0.9999698813692004 54.8765502370187
0.9999738736017829 0.005261434061958831 -0.004956753518001556 -0.32292414764117894 -0.0052251673674935835 0.9999596924516324 0.007301445486700643 -0.9394404228580464 0.0049949702250773 -0.007275355010984757 0.9999610589886772 56.26749267031726
0.9999770248111642 0.004203278751598788 -0.005318108595440887 -0.34412319436890926 -0.004165598401808227 0.9999662835681115 0.007076688692437271 -0.9680400738078492 0.00534767504037544 -0.0070543731461208 0.9999608183342876 57.69502082274835
0.999981299179318 0.003384422396415912 -0.005093815902191195 -0.3704512593114341 -0.0033458425676110865 0.999965799143572 0.00756345718920662 -0.9990580994226195 0.005119240061744479 -0.007546272795763453 0.9999584227158347 59.144983939383245
0.9999826080614119 0.0031204636059581955 -0.0050046244707678345 -0.3683552908878727 -0.00307988663632224 0.9999624899240205 0.008095248388034292 -1.024121751653384 0.005029698106295059 -0.008079694085673285 0.9999547093207397 60.549295475118434
0.9999897804593874 0.0010100913532241455 -0.004406663380183386 -0.3893366607497182 -0.0009716589700135012 0.9999615526520438 0.00871487782558272 -1.0299310798590688 0.004415297158521014 -0.00871050716558009 0.9999523149766008 62.00456865478981
0.9999895581676795 -0.0012310579756944409 -0.0044009141548689455 -0.3809952351297604 0.0012690180206168123 0.9999619287833398 0.008633109091568896 -1.0533533993204236 0.004390119126998157 -0.008638603958354007 0.9999530495912053 63.41249775603236
0.9999909517562692 -0.0019096927660476656 -0.003801246500692702 -0.4059945661362931 0.001938947246007943 0.999968418977587 0.007707238541850215 -1.0769160729488394 0.003786408322121404 -0.007714539374980682 0.9999630738199896 64.8237564575562
0.9999932562637092 -0.0022550936465143816 -0.002898616556294394 -0.4228602675510411 0.0022774047903659916 0.9999676301302561 0.007717001589994164 -1.0942794114237842 0.002881120417094103 -0.00772355102464734 0.9999660223788007 66.27241601094849
0.9999968692586536 -0.0006214135647065657 -0.0024239048765923306 -0.4309280812819628 0.0006394901369794863 0.9999719396875341 0.007463972588524858 -1.1129891223670827 0.0024191988577897832 -0.0074654994326536425 0.9999692064265994 67.64623290979445
0.9999959357511391 0.0022821310614423882 -0.0017089037735961454 -0.45233767669870306 -0.0022668352999906122 0.9999578267896749 0.008899780953539724 -1.1337152590565311 0.0017291423233759726 -0.008895871157705453 0.9999589359313 69.11691622809693
0.9999848956439661 0.005428648084673077 -0.0008592157918273336 -0.46532347885278524 -0.0054197444427086915 0.9999348446354681 0.010046534791227864 -1.149778740392045 0.0009136989961541504 -0.010041726517595937 0.9999491631515666 70.48004766648288
0.9999519845929769 0.009797543632922026 0.00019137777488025063 -0.4927496342688651 -0.009799071866392256 0.9998894519133714 0.011183119464621163 -1.1779683350427943 -8.178951601009237e-05 -0.011184458055037148 0.9999374486498345 71.92999391847955
0.9999137447423008 0.013123843357294012 0.0005174738766515891 -0.4969398237615881 -0.013128620268188874 0.9998568728631989 0.01067113614900908 -1.1792588634521097 -0.0003773535168986647 -0.010677009645622149 0.9999429279076218 73.29595210284032
0.9998568310206202 0.016871980871521954 0.0012859544312383046 -0.5135733426509137 -0.016884323765696534 0.9998045863363624 0.01028147819912756 -1.1992349099038657 -0.001112234321346555 -0.010301718896417044 0.999946317321315 74.68382440660342
0.9998340196152378 0.018084727384623987 0.002208123140217182 -0.5315450276766691 -0.01810664123563519 0.9997825571003038 0.010343505597974891 -1.208259393223747 -0.0020205836840240417 -0.010381770689273229 0.999944066475558 76.12694316707439
0.9998219865216931 0.01869746199548673 0.002529848412569047 -0.5382198521590174 -0.01872363544086697 0.9997668969226169 0.010750690337973337 -1.2256346789403316 -0.0023282482622445856 -0.01079614475480956 0.9999390093996086 77.50034992815728
0.9998321992483643 0.01814808068627621 0.002494086204906276 -0.5357235286216332 -0.01817454647673094 0.9997739540089964 0.011032986556799781 -1.2558755158699229 -0.0022932950824114413 -0.01107646432936283 0.999936024321772 78.90177136559882
0.99985089382783 0.01713893364167864 0.0021087961588997636 -0.5395756393980163 -0.017158952839120483 0.999804037110921 0.009872069573016265 -1.261034481152297 -0.0019391863246929796 -0.009906782527161156 0.9999490463103344 80.28610157099284
0.999854613994555 0.016939237505248676 0.001952706594813147 -0.5475080310140635 -0.016958168709801727 0.9998049461885086 0.010123741086263873 -1.289756785974356 -0.0017808374005531058 -0.010155383775550796 0.9999468469870987 81.67665907293592
0.9998691761405115 0.01608785394828889 0.0016767584228996686 -0.564565294307514 -0.016104763974109447 0.9998139882091917 0.010612520796925845 -1.2971531545212196 -0.001505713961078446 -0.01063813644541272 0.9999422797741697 83.0560251650067
0.999862810506686 0.01650833876104662 0.0013545753630533868 -0.5756719282751244 -0.016520844648980793 0.999815416642309 0.009807873242977244 -1.3104180945646688 -0.0011924137307827453 -0.009828906640356686 0.9999509841713528 84.4243633344907
0.9998750813282086 0.015795136419247263 0.0005791056836964392 -0.5837462846919749 -0.015800099317827505 0.9998261381494299 0.009902038836581091 -1.3099572798868708 -0.00042260097371624845 -0.009909952021438342 0.999950805920964 85.82820961788603
0.9998697822694594 0.01612444788633961 -0.0006485681697672877 -0.5896649373222825 -0.0161167028233008 0.999814320631124 0.010562963135361553 -1.3323942640016089 0.0008187697693871931 -0.010551135090800419 0.9999440000166531 87.18253498669363
0.9998921628033287 0.014576942482171212 -0.0017819853729767543 -0.5970122402847591 -0.014554876083257343 0.9998241378744357 0.011825774335591599 -1.3429088477565578 0.0019540557953176183 -0.01179856274625552 0.9999284852381999 88.56927479442508
0.9999211259801439 0.012247481769000014 -0.0027822606561109624 -0.6065501201407457 -0.012211541950730528 0.9998462113260641 0.012586975990148186 -1.3705768131895169 0.0029359917924013453 -0.012552007771200068 0.9999169100796281 89.95468794867118
0.9999282527995069 0.011378389903106377 -0.0037445243648999557 -0.6173366858983378 -0.011328839419790503 0.9998513395805314 0.012998313654373785 -1.3828991149999719 0.00389186792183538 -0.012954960213744116 0.9999085070056749 91.32895643848833
0.9999367490153005 0.010473035825839427 -0.004100421619539525 -0.6326377477001565 -0.0104210618493688 0.999867591977665 0.012497999909832495 -1.3994750571920747 0.004230771058576429 -0.0124544789086629 0.9999134895300588 92.70008458165752
0.9999514425809237 0.008883783255260475 -0.004265073008602767 -0.6460362883349103 -0.008829554291767386 0.9998820155386458 0.012569565936109842 -1.421040794294675 0.004376235475048042 -0.012531297154093046 0.9999119037034704 94.02626170339177
0.999953233072794 0.008455241516930018 -0.004694734360780014 -0.663219340105844 -0.008398002111757289 0.9998917547181047 0.012081076974041389 -1.4247832104100044 0.004796375016070742 -0.012041085837821321 0.9999159999982085 95.40123368584182
0.9999565226013357 0.008134631420594458 -0.004558580090101086 -0.6714028526080932 -0.008081860683301224 0.9999014703539425 0.011477505173814307 -1.4332319005584218 0.004651496610862494 -0.011440164588040225 0.9999237402055415 96.75423750284195
0.9999480673023884 0.009275654038308745 -0.004221955914508096 -0.6927044683929283 -0.009229008042700581 0.9998975972254583 0.010937115243567868 -1.4533496361458211 0.00432297284524251 -0.010897583009987092 0.9999312749396367 98.09595779673442
0.9999319710072575 0.010978984306352524 -0.003938937436425085 -0.7141468083360583 -0.01093465207674037 0.9998785447379565 0.01110536708497329 -1.4623154192741694 0.004060385034085612 -0.011061540917349134 0.9999305753888605 99.4598389250179
0.9999308166124734 0.01108961617393818 -0.003922036270996304 -0.718032956666145 -0.011040469157540828 0.9998629272056386 0.012338349222727916 -1.4723923629200881 0.004058326575833784 -0.012294194747557788 0.9999161878743835 100.81212486393788
0.9999277539549727 0.011450429938043127 -0.0036571151121293243 -0.7472984310549191 -0.011397598360613439 0.9998348582167254 0.01415454228179321 -1.485379611792131 0.003818587097709252 -0.014111837632904408 0.9998931315116617 102.13171996311185
0.9999342601260138 0.010903611360440692 -0.003547767411030458 -0.7559880772328964 -0.010855518618951033 0.9998525695961097 0.013304014708499227 -1.5075620024356406 0.003692306490231379 -0.013264627521859466 0.9999052037776547 103.47418755881273
0.9999345217444748 0.010877064949667966 -0.0035555097882479848 -0.7641858251039387 -0.01083747355908857 0.9998810838044833 0.01097120950661225 -1.5163999709715577 0.003674421857611925 -0.010931958614419467 0.9999334932461906 104.80193133770214
0.9999456861503042 0.009745358714835443 -0.003694956575703419 -0.7804169201391187 -0.009708733905052534 0.9999048072895117 0.009803920839549205 -1.5307364711528895 0.003790147895755143 -0.009767515203744168 0.9999451137117228 106.14229887299852
0.9999577281940628 0.008572770200959662 -0.003324065480235408 -0.7909770031223894 -0.008536170440752805 0.9999044529871693 0.01087284255877851 -1.5464169172778468 0.0034169585533870023 -0.010844008377669672 0.9999353638543895 107.4792820324489
0.9999814998509213 0.00540718755540405 -0.0027860838156576117 -0.8034816179222808 -0.005371121695791348 0.9999037283731087 0.012793945553886323 -1.5444645863830777 0.002854995109273978 -0.01277874472708564 0.9999142726735079 108.79939050683481
0.9999903398696428 0.003906306502481751 -0.0020151739702710236 -0.818742544956473 -0.00387743800809645 0.9998925636348398 0.014136005927880146 -1.5730725891822683 0.00207017722529045 -0.014128055943209162 0.9998980510086731 110.15986205370832
0.9999926234644139 0.0035284030546543542 -0.00151768889298284 -0.8165966184612476 -0.0035084123419537325 0.999909615812178 0.012978877091074635 -1.5834565694836902 0.0015633465698548193 -0.012973456933158288 0.9999146190402505 111.4626922802458
0.9999886794574913 0.004730738079665559 -0.0005109443519598226 -0.8414290062310011 -0.0047250150083683546 0.9999318539219108 0.010675286920356356 -1.594531853571873 0.0005614115752261501 -0.010672752065020885 0.9999428869615427 112.80581472944152
0.9999688799704473 0.00787686038940452 0.0004406187388329996 -0.8416604335277704 -0.00788041499072669 0.9999306757735906 0.00874886967537033 -1.6157081912571498 -0.00037167459310709014 -0.00875206984703238 0.9999616308306629 114.15588200702362
0.9999390256046505 0.010871951437140356 0.0019353867992053552 -0.8594670018169099 -0.010887186438049168 0.9999083847168616 0.008043094384738696 -1.6176561658565782 -0.0018477655069445928 -0.008063675044590433 0.9999657808681319 115.4636557889042
0.9999292284374043 0.011384560524880445 0.003453965197049274 -0.8705105359577859 -0.011419930278840803 0.9998807126876748 0.010399308194791767 -1.6385654767302285 -0.00333516190338066 -0.010438016472972215 0.9999399604508874 116.83361479006652
0.9999190016225084 0.012028409476147795 0.004160232646264432 -0.8754231598293929 -0.012079339744927895 0.9998496374989814 0.012441542051984104 -1.6363998186700224 -0.004009955470491693 -0.012490787422955531 0.9999139465406908 118.12969711449387
0.9999195951773178 0.011568072085898103 0.005194503519374434 -0.8772264439484198 -0.011637007328751873 0.9998419263154175 0.013442561675516091 -1.654730786588558 -0.005038178298165259 -0.013501929575130717 0.9998961519362507 119.4976176886644
0.9999103492894376 0.011853716877802982 0.0062275804216602336 -0.8819119043138348 -0.01193225307927685 0.99984778717808 0.012728858355949862 -1.6664419377200268 -0.006075748724787446 -0.012802026526874137 0.9998995916555263 120.81689826257671
0.999882589109352 0.013345358624858543 0.0075305625698563 -0.8736510122353542 -0.013440252282184189 0.999829091967592 0.012694349226141838 -1.6766895365506007 -0.0073598655057502856 -0.012794071688457347 0.999891066120444 122.12421776202629
0.9998469955083804 0.01511818838026847 0.008799199989915376 -0.8862075596449268 -0.01522541959263918 0.999809047551393 0.012249696629015054 -1.6819640264546394 -0.008612327258626278 -0.012381794130947853 0.999886253026259 123.49673012628227
0.9998253964553359 0.01572558080797103 0.010093694882984575 -0.8927998967619944 -0.01584311469740963 0.9998063635999691 0.011671806166602029 -1.6938366816037516 -0.009908195273919675 -0.01182968403076495 0.9998809360316048 124.83301849163888
0.999803097923435 0.01650949970868691 0.011009167276984538 -0.8799760289463168 -0.016631747709855448 0.9997999945480132 0.01110657060847836 -1.699765536653427 -0.01082360236584437 -0.011287485620617852 0.9998777136717051 126.1634613630781
0.999797776845192 0.016109270234503554 0.01203730829763629 -0.8849907637586594 -0.01623823535454106 0.9998109624266812 0.010693884399435964 -1.718916767228066 -0.011862763115119744 -0.010887186710834147 0.9998703636042648 127.49758816980948
0.9997911689577409 0.01588778574135037 0.012852886906471656 -0.8718455065490227 -0.01603523646514403 0.9998058475814089 0.011451566350003507 -1.725711637559788 -0.012668452516959168 -0.011655274219851164 0.9998518214674934 128.82437193625785
0.9997805303946797 0.015833012469280355 0.013718845539676075 -0.8645965558934718 -0.016002629371263254 0.9997957569985254 0.01234342653444244 -1.741873971937487 -0.013520611068675203 -0.012560255376745308 0.9998297020295401 130.1974183770422
0.9998097799795166 0.013518235842371733 0.014059200829942891 -0.8492110795934202 -0.013700928719077746 0.9998218814024067 0.012980371731890044 -1.7440370954738205 -0.013881226061691804 -0.013170526972371128 0.9998169076297054 131.52281817519298
0.9998165910244897 0.012948899649750528 0.014110644310056207 -0.8400454185456028 -0.013136985889667833 0.9998249943430828 0.01331917097965121 -1.7662922924858153 -0.013935707426628582 -0.013502099724036468 0.9998117269575053 132.8692423641154
0.9998499970163758 0.010307948371815536 0.013918679821621371 -0.8304761351751082 -0.010502051384729236 0.999847608486584 0.01394513315341197 -1.7551127486271463 -0.01377281417354642 -0.014089216306900666 0.9998058829463065 134.20135567366805
0.9998698153860313 0.009087794420010632 0.013332826321426502 -0.812016536033644 -0.009277836374908383 0.999855252151907 0.014261714868280507 -1.782700659753506 -0.013201289995290907 -0.014383558273167599 0.9998094014331387 135.53275491611447
0.9998881645116366 0.008736436037147606 0.012138086417349682 -0.8066138906375073 -0.008902782029874545 0.9998662605960881 0.013718651814152988 -1.7897894944273713 -0.012016611957711351 -0.013825180589058007 0.9998322186336602 136.8791241444562
0.99991208818461 0.007178463390842885 0.011148343247904719 -0.7971561742249893 -0.007345515392407675 0.9998602646242666 0.015016478878858657 -1.79958067632694 -0.011038991107241717 -0.01509704937393459 0.9998250945916457 138.21700636641003
0.9999306491213796 0.006373002391412707 0.009903624693940944 -0.7715361382796657 -0.006525778155323225 0.9998590176865778 0.015471230614143025 -1.8126740043013252 -0.009803631084679172 -0.015534786831477193 0.9998312653720007 139.5632232445803
0.9999482700027446 0.005162980885020355 0.008763614761685919 -0.7835702054334286 -0.005300559621733203 0.9998619289920258 0.015748873716690637 -1.8221035548924407 -0.008681094347814477 -0.01579451139823343 0.9998375728139648 140.91650555212482
0.9999621332090173 0.004384777835608365 0.007517038629135253 -0.7816756324557435 -0.004500286884272118 0.9998709950818501 0.015418839572117945 -1.8219797632423456 -0.007448461325443749 -0.015452084842343231 0.9998528659246814 142.24188581422985
0.9999695830059188 0.004388025795568401 0.006448123025568245 -0.7750212325819568 -0.0044841723971521304 0.999877847483464 0.014972718918199452 -1.8242903489475784 -0.006381635221744354 -0.015001178282214644 0.9998671108612478 143.59700068005128
0.9999802155998727 0.002425138913889898 0.005804059940308545 -0.7711881818689821 -0.00249890151803819 0.9999157784767918 0.012735440465876343 -1.835871421927306 -0.005772686378972108 -0.01274969252547181 0.9999020559191085 144.94557953110365
0.9999896142291396 -0.0009458983204768158 0.004458331173550242 -0.780012029456093 0.0008936870333051024 0.9999311715149759 0.011698442225788854 -1.8564468418800395 -0.00446909021837278 -0.011694336601817828 0.9999216317907614 146.2553735443869
0.99993540051761 -0.010795767947174698 0.0035561496756898363 -0.7817932255619824 0.010741655429351264 0.9998312926410844 0.014899767721333551 -1.8525957438552016 -0.003716404463144473 -0.014860606551190305 0.9998826684729285 147.64711094687434
0.9998536692407827 -0.016997380731119175 0.0019311047639528343 -0.7676915389814108 0.01696303011334127 0.999718386289159 0.016595291759442778 -1.872860091548157 -0.002212637603112415 -0.01656010628112626 0.9998604238189467 148.95709134790263
0.9998072542929263 -0.01960360634658689 0.0010737271505409346 -0.7422917394600446 0.019587264496635053 0.999716242070214 0.01355634163383076 -1.8810551644501536 -0.0013391757575961097 -0.013532697580121055 0.999907532078844 150.25678145790016
0.9998281994638175 -0.018507149695059844 0.0010280936307121584 -0.7609952182246684 0.018495227951932317 0.9997727831162242 0.010597578580601542 -1.8970109435218974 -0.0012239910971703959 -0.010576743278172976 0.9999433155680808 151.65906148714257
0.9998787606473634 -0.015420012006566874 0.002165005454502771 -0.7699890056341885 0.015401617084960923 0.9998471789036132 0.008270974410064027 -1.9044928814160833 -0.0022922133066074733 -0.008236627206161366 0.9999634511969809 152.96765741231033
0.9998730463440945 -0.01563581495148913 0.003067979611029093 -0.7760063440985417 0.015609010081315154 0.9998414021313786 0.008574927184850914 -1.9226518996793303 -0.0032015692731872016 -0.008525950595292741 0.9999585281996146 154.34215867082887
0.9998109747067934 -0.01914779490054265 0.0033729538848574084 -0.7791117541973169 0.01910814752624817 0.9997522112685703 0.011419052084538762 -1.920866673324629 -0.0035907680649960596 -0.011352442900621738 0.9999291116996697 155.65912825984051
0.9996044562117026 -0.027853949613834916 0.003884406305031441 -0.7848122326999856 0.027795740462195934 0.9995111765919021 0.014310998550677186 -1.9154990207210116 -0.004281125696997505 -0.014197368229632967 0.9998900473046547 156.9948097101549
0.9995573199573489 -0.02949936176403757 0.003866752056563813 -0.7683336000295848 0.029436239188251723 0.9994468625573281 0.015475036313997473 -1.9325278125779612 -0.004321117256202763 -0.015354363462399316 0.9998727776421846 158.35166763807783
0.9995297468646148 -0.030466971191230575 0.0034711371211521144 -0.7519639039602237 0.03040790225000054 0.9994101454207238 0.015959972271445022 -1.9576994529530998 -0.003955341989483819 -0.015846917331990347 0.9998666063446031 159.68414323510046
0.999548222800246 -0.0296891643209639 0.0046801512052464505 -0.762628676307989 0.02960992586309296 0.9994306096472578 0.01617741612659175 -1.9472653318316984 -0.005157780758562748 -0.016031528897696073 0.9998581836342076 161.05065231707184
0.9995973756903702 -0.027763913407288274 0.0058524889185033605 -0.7631194616522164 0.0276678870815036 0.999490776500825 0.01589577655754395 -1.941266284042652 -0.006290838174263551 -0.015727450812569724 0.9998565260308875 162.38921368857402
0.9996627137388607 -0.025031527504949913 0.006919638554012783 -0.773944989807414 0.024930579306489356 0.9995867704880215 0.014309244391828619 -1.9459762187844662 -0.007274962001166563 -0.014131907736014348 0.9998736740761979 163.73921561095847
0.9996886320195133 -0.023749120665856105 0.007656258056999399 -0.7783741465905281 0.023641625515792988 0.9996247245294345 0.013837761561618376 -1.9428532884974865 -0.007982020181922104 -0.013652446784334043 0.9998749412047089 165.0845461385151
0.9996955260329219 -0.02333363386532096 0.008024759806375405 -0.7839256182583176 0.023212029384914602 0.9996191196379169 0.01492706727468387 -1.9450480988315784 -0.00837000674907534 -0.014736251676647737 0.9998563826233838 166.43416544771728
0.9997331064621483 -0.021850340777675035 0.007501897280506264 -0.7648351988550166 0.021736052213401608 0.999651323115667 0.014992538696563692 -1.9468526561437849 -0.007826874269782881 -0.014825475923001439 0.999859462775725 167.76345775087583
0.9997855379121268 -0.019375299595707843 0.00731272597817163 -0.7743709312248469 0.01928107030052588 0.9997328852852283 0.012743562904890735 -1.96181883132884 -0.007557683617704699 -0.01259983293747421 0.9998920569872599 169.15708677756257
0.9998475801509722 -0.016163343403233454 0.00660021303333857 -0.7738461057178087 0.016095206347370994 0.9998179300932797 0.010249438229431734 -1.9720547860422912 -0.006764677085229588 -0.010141644402911586 0.999925690333803 170.5637844082011
0.9999212031610152 -0.010754223220745509 0.006475659683279634 -0.7819019387079078 0.0106985654042112 0.9999060504011377 0.00856919232080305 -1.9773152166743901 -0.006567206852016064 -0.008499236980820064 0.9999423157167502 171.92353299259042
0.9999456386038391 -0.007860364505224234 0.006850877485722343 -0.7861395507985061 0.007793367499845426 0.999922079436185 0.009751844297643442 -1.9879824784313782 -0.006926997289245217 -0.009697922947317606 0.9999289809759321 173.264373310087
0.9999675173337992 -0.002641748413242625 0.007614818002314686 -0.7982775999888223 0.002549338927143964 0.9999233030604728 0.012119771427530799 -2.020506856891791 -0.007646251992221043 -0.012099965223323919 0.9998975575876107 174.65435228672987
0.9999698264111472 -0.0003365633618616134 0.007760992185130625 -0.799357364941984 0.0002230074483711205 0.9998929823730469 0.014627852277882918 -2.0275422655931608 -0.007765085465680796 -0.014625680425706462 0.9998628870595255 176.0424508143352
0.999970328239559 -0.003804348691303385 0.006698476186806705 -0.792257547995084 0.0036974407550410416 0.9998667383556146 0.015900768842929753 -2.026646543826336 -0.006758076164027928 -0.015875530124763563 0.9998511368950225 177.44950183893664
0.9999682560024387 -0.005896382417611002 0.005359074076050794 -0.7954852976150644 0.005810872594160396 0.9998577480324397 0.015834059649556448 -2.030039290972601 -0.005451675855677525 -0.01580241641903605 0.9998602716713795 178.84382226631755
0.9999559971565526 -0.00885099064920751 0.0031086537997770136 -0.7916837233005539 0.008812841603217457 0.9998882150578917 0.01207854285777548 -2.025452851796495 -0.0032152136303179573 -0.012050615522130874 0.999922219508711 180.18375627084518
0.9999811472364972 -0.005926320645404425 0.0016074528919752776 -0.8079806616575118 0.005913059588660244 0.999949444244964 0.00813293740307821 -2.0492416843156507 -0.0016555701537314088 -0.008123279264219884 0.9999656351202946 181.60134125522706
0.9999973410901659 -0.0021822450171356794 0.0007454016507685657 -0.8228059630006439 0.002176530985595204 0.9999688831783083 0.007582570977436525 -2.064733564643474 -0.000761925542063908 -0.007580928573400944 0.9999709740749793 182.99309274689514
0.9999996560628068 0.0006486829665495429 0.0005168020535248968 -0.8452583914500765 -0.0006531700030835245 0.9999616803179215 0.008729906248422837 -2.0645565836929123 -0.0005111193445141524 -0.008730240977632706 0.9999617600945556 184.31812755324094
0.9999926993998275 0.0036273927708181074 0.0012013174821714477 -0.8562983632401424 -0.00364089165807965 0.9999280269836237 0.011431743662800137 -2.0787620839323555 -0.0011597636844024972 -0.011436034298243598 0.9999339338527142 185.7697110590262
0.9999814607384668 0.0058834852365431504 0.001569321894526858 -0.8600634695431009 -0.005904776329407273 0.9998855936937645 0.013925988159072183 -2.0962276554691845 -0.0014872091232687294 -0.01393499675426041 0.9999017972171407 187.1345618395639
0.9999927281908373 0.003368035996964 0.0017888250950585946 -0.8701679008021969 -0.003393803111669076 0.9998876231538597 0.014602162996716012 -2.0930071082436568 -0.001739443597345706 -0.014608128021831203 0.9998917826121984 188.5880062210503
0.9999944124574472 0.0029062500581019867 0.0016518963362254276 -0.8695815581704387 -0.0029311195388520735 0.9998793023145898 0.015257435556051064 -2.1007701981022895 -0.001607355156888484 -0.015262192511837164 0.9998822340123367 190.00900804714624
0.9999977417955728 -0.0006933019329157988 0.002008915134382557 -0.8846555056517404 0.0006609071670737876 0.9998704647889246 0.016081568213194997 -2.105946525328803 -0.002019804449121694 -0.01608020450607624 0.9998686650843189 191.36205654442156
0.999996036039741 -0.0018290463042099307 0.0021406774799614175 -0.885149724302771 0.0017938596438748042 0.9998651242000531 0.016325301402009936 -2.114902138359961 -0.002170248656669793 -0.01632139693274416 0.9998644418256929 192.81467049706941
0.9999863390580707 -0.004663298386065506 0.002361218906772365 -0.8768404187925838 0.00462219955490956 0.9998427233227001 0.01712202896312957 -2.115050869410445 -0.002440692864264099 -0.01711088136679932 0.9998506192236788 194.17061703334883
0.9999491044221434 -0.00969739015384517 0.002783739006611632 -0.8838779242320174 0.009643527140658616 0.9997776725709876 0.018751207800448387 -2.113881106257313 -0.0029649581177458367 -0.01872340874342602 0.9998203053518858 195.6223011662758
0.9999084209341624 -0.013203357132560007 0.002970036932003919 -0.8748959811523628 0.013143074228197008 0.9997239466594515 0.0194753704862542 -2.1221872131757924 -0.003226357571235185 -0.01943455190447943 0.9998059255750599 197.03715578417598
0.9999329062430018 -0.011151419425283327 0.00313510307479561 -0.8776479826709451 0.011100051178525023 0.9998111601076055 0.0159509551796067 -2.1322932702587103 -0.0033123870999824494 -0.015915085467966765 0.9998678603441352 198.45125799868168
0.9999799847854024 -0.005331241562853976 0.003407037284499483 -0.9006036391234723 0.005294427212775302 0.9999284727156637 0.010724667014890252 -2.135678586289212 -0.003463969662608862 -0.010706414251583878 0.9999366847992952 199.89318007967267
0.9999759197829331 0.005086869084664599 0.00472055214763627 -0.9061657256031781 -0.0051333295302076025 0.9999379883465731 0.00988273221668341 -2.136674082388993 -0.004669987640371453 -0.00990672658343705 0.9999400221921961 201.34173353955478
0.9999184336937164 0.011277695374583074 0.005994958388584037 -0.9216225317203367 -0.011358066210278307 0.9998437419846157 0.01354569921872446 -2.134838244897627 -0.005841257842203937 -0.013612685752563526 0.9998902812272578 202.77029179339462
0.9998886876648373 0.01312450550487168 0.007096450466184455 -0.9223910426634407 -0.013234985317599177 0.9997883313157019 0.015752071424281852 -2.140821359861451 -0.006888210791868745 -0.015844239758886085 0.99985074517096 204.1907863187129
0.9998889999032422 0.01340672177582218 0.006499819737903703 -0.9165969300198784 -0.013510017717525724 0.9997788288617739 0.016117469008235605 -2.1490031483320804 -0.006282300261312454 -0.016203492971957497 0.9998489783561562 205.68194931959147
0.9999452918203847 0.009015797188779073 0.005303654692212705 -0.9163225581942096 -0.00910280539758679 0.9998204999865157 0.01661646029907825 -2.154733439432716 -0.005152892472662001 -0.016663829710491834 0.9998478706685752 207.11315442247604
0.9999679781633296 0.006828006041664456 0.004173843818270769 -0.913348752939582 -0.006895182328601333 0.9998434076246073 0.016297751285395238 -2.155987286826838 -0.004061909412438703 -0.016326009139306184 0.9998584711448089 208.5450636599324
0.9999662643105927 0.007337196638680885 0.0036926650635836656 -0.9188259946237614 -0.007394517266099521 0.9998485211911332 0.01575613514417703 -2.158987575032325 -0.0035765001312332984 -0.015782909389449686 0.9998690456357624 210.0331443151112
0.999961605588242 0.008023442032965348 0.0035230263185396698 -0.9264805586048148 -0.00807826087860004 0.9998420366246472 0.01583172478140716 -2.1639304279148814 -0.0033954451579989945 -0.01585957717329817 0.9998684637325305 211.49430601232208
0.9999506476285653 0.009369415547741983 0.003303988907723197 -0.9296977952091927 -0.009422581366619123 0.9998201158158749 0.01646058879883626 -2.159648293924426 -0.0031491687291744395 -0.016490908863704076 0.9998590563997926 212.93188191995768
0.9999544036771792 0.009080074909153291 0.0029568209154990375 -0.9463968306691414 -0.009127853078153945 0.9998210910192712 0.016567083738262954 -2.1737048481524637 -0.0028058617766182317 -0.016593318098778714 0.9998583844415793 214.3754561924527
0.9999499853252938 0.00960766006372004 0.002778434455929473 -0.9500879013440272 -0.009650868028010842 0.9998257376652684 0.015979833000372905 -2.181497459437164 -0.0026244216855858564 -0.016005848399174318 0.999868453963593 215.8489080879371
0.9999557308207104 0.009117799850163432 0.002324243443635886 -0.9557202786873887 -0.009152936398044988 0.999836675220293 0.01558353788253757 -2.1806335908476675 -0.0021817764300761425 -0.015604121977277445 0.9998758679120326 217.31695065168816
0.9999605038495712 0.008710579466513033 0.0017653695405117436 -0.9548076495573832 -0.008737082172338565 0.9998400451854004 0.015606006882507092 -2.189404880982915 -0.0016291499236682579 -0.015620814997277618 0.9998766604006493 218.77123283873792
0.9999403658891511 0.010799070094921908 0.0016262618757357848 -0.9644928977182572 -0.010822709638621633 0.9998242877278639 0.015305640914712327 -2.1982905579381695 -0.0014606895442282769 -0.015322329045583219 0.9998815392951701 220.26708810184812
0.9999602303832763 0.008763836138294966 0.0016531216001884328 -0.9781582489485936 -0.008788135806714194 0.9998441141589738 0.015313917301188673 -2.196141153236739 -0.001518655356593914 -0.015327836437276728 0.9998813685235829 221.75733704595504
0.9999428050015211 0.010631499869087445 0.00116529535549386 -0.983859745701128 -0.010647861088679905 0.999829735504761 0.015070602928595755 -2.2054484838696595 -0.0010048739074155664 -0.015082149173145808 0.999885752978705 223.24365058309263
