1.0 -6.776263578034403e-21 8.673617379884035e-19 -8.673617379884035e-19 0.0 1.0 -1.828002979293187e-19 0.0 0.0 1.0683203047244863e-19 1.0000000000000002 5.551115123125783e-17
0.999999899427346 -0.0004323878121465258 -0.00011910504793214306 -0.0013317203194852974 0.00043257032124153545 0.9999987264299353 0.0015362364974873305 -0.02054899079884035 0.00011844065607041158 -0.0015362878419591566 0.9999988128944912 1.3140724158844006
0.999998443300661 -0.0017523005709157895 -0.00020697482978234132 0.007246864298151164 0.0017527015189884776 0.9999965582649749 0.0019523056480721928 -0.03548301612447775 0.00020355310754918525 -0.0019526653453972721 0.9999980728295488 2.618867642888726
0.9999958923544097 -0.0027760605466596038 -0.0007132748955142746 0.013838757520915568 0.0027770455842055963 0.9999951871510453 0.0013833634169921267 -0.05038400121230409 0.0007094312204481232 -0.0013853385109211267 0.9999987887711927 3.931426565842336
0.9999951082515889 -0.0031048618465684867 -0.0003785560783073575 0.020124043862406855 0.0031053784993737795 0.9999942383102768 0.0013711209208736627 -0.06535150260539693 0.0003742967863877653 -0.0013722897531228077 0.9999989883604369 5.248780919368924
0.9999935075227186 -0.0035556259334609706 -0.0005851795779933753 0.021344663681023383 0.0035569546396891686 0.9999910637696324 0.002284832055876042 -0.07800605005829213 0.0005770503876389331 -0.002286898645058183 0.9999972185491206 6.569646528333173
0.9999895508002196 -0.004560835036219969 -0.0003115637652200236 0.029607026367734112 0.004562028292363376 0.9999818261083646 0.0039414915873128824 -0.0961254589730388 0.0002935816329247727 -0.003942871706599204 0.9999921837542556 7.898195816718516
0.9999878110228801 -0.004923228998463598 -0.00037365674803435233 0.03702572181694509 0.004924883112906264 0.9999774676851201 0.004561760003697519 -0.10968423245216638 0.00035118976720075 -0.004563544549265178 0.9999895253068776 9.232931346754157
0.999991588144835 -0.004012620820824958 -0.000850006913370927 0.03903966313785109 0.0040155839837310555 0.999985766743312 0.0035130329258678487 -0.1256948574454301 0.0008358984145126688 -0.0035164165971824537 0.9999934680215885 10.552429067955803
0.9999988712199334 -0.00033860131685042215 0.001463867611770287 0.045887613034254406 0.00033414936855938305 0.9999953220788678 0.003040422158483781 -0.1394529489690403 -0.0014648903776619468 -0.0030399295319850548 0.9999943064447537 11.851289272361925
0.9999983897916743 0.0017317631553431959 -0.0004705421707196164 0.037673873375422336 -0.00173136895448926 0.9999981506949602 0.0008372389787117423 -0.14897579950126028 0.0004719912403079764 -0.0008364229366984246 0.9999995388101605 13.22819789881034
0.9999942893885198 0.003372265844607732 -0.00022138701877271773 0.026898125910721854 -0.0033722161708151593 0.9999942885574922 0.00022585786392032744 -0.16861936311519837 0.00022214742690602075 -0.0002251100066413565 0.999999949987966 14.579451221533583
0.9999879910716467 0.004853890175166016 0.0006763583129598258 0.02947799915345453 -0.004854831771747311 0.9999872396603713 0.0013968279220407628 -0.18561168000910283 -0.0006695696874070489 -0.0014000947341213737 0.9999987957042332 15.921718474574254
0.9999931823141843 0.0036899485472764396 -0.00014001239973730067 0.03262642747598203 -0.00368923503920293 0.999981694613429 0.004795830269955446 -0.19418539500200935 0.00015770621822259762 -0.004795280966104995 0.9999884901365135 17.284347470989157
0.9999995105745867 -0.00045709844619069135 0.00087744621091701 0.046672918036341646 0.0004513891288175332 0.9999787988738097 0.006496003080915939 -0.2130409323186273 -0.0008803969948790458 -0.006495603737762696 0.9999785157830533 18.6322733928612
0.9999968380360086 -0.0025100668543847886 0.0001532377623588311 0.05890115511795427 0.002509204239340344 0.999982310175448 0.005392887460424976 -0.2363246337911683 -0.0001667715745380903 -0.005392485824879493 0.9999854465338627 19.987639455424453
0.9999925882199681 -0.0038197640961591768 0.0004826034764970023 0.07258553562978626 0.003818412692100365 0.9999888690356401 0.0027715578402527203 -0.24030097955743512 -0.0004931848444515146 -0.0027696944779787955 0.9999960427716423 21.35461910914724
0.9999986492589857 -0.0015568701325374757 0.0005269113189153192 0.06295813195552498 0.0015557518248994922 0.999996550092716 0.0021164689324665933 -0.2667484705303803 -0.0005302046133475197 -0.002115646299476022 0.9999976214581927 22.722029872940936
0.9999991990328757 0.0005883218675854517 0.001120629859832723 0.06357190950598625 -0.0005924650030947394 0.9999929781335194 0.003700361030321383 -0.26676438021023413 -0.0011184450810637799 -0.0037010219469399046 0.9999925257290542 24.071817028656394
0.9999963795672605 0.0002302504436618015 0.002681014274127383 0.07581423342907166 -0.0002508632769512141 0.9999703951152447 0.00769064152348717 -0.2823884226687571 -0.002679164353675984 -0.007691286136716605 0.9999668325445255 25.43086437690236
0.9999962748014637 -0.0007948224899054346 0.002611252723278559 0.08781784486345212 0.0007697953961276424 0.9999538966098074 0.009571419860521327 -0.28491214756910943 -0.002618740135037851 -0.009569373936011974 0.999950783425846 26.81475623043734
0.9999877985906491 -0.0039006437878310453 0.003031113124766318 0.08543280471496109 0.0038699728303275742 0.9999419115586873 0.01005966345348267 -0.2985220879029778 -0.003070176474399774 -0.010047810239692711 0.9999448062351991 28.22654672092989
0.9999800914372116 -0.00567017417386586 0.0027687273849297915 0.0938862886881685 0.00565151954650736 0.9999615858568021 0.006699787023193292 -0.30072279006687713 -0.0028066102230599917 -0.006684006025218781 0.9999737231530895 29.63186074600296
0.9999880614131198 -0.0036234665717306243 0.0032783410913390263 0.1044462588269602 0.0036071846864503764 0.9999811982674808 0.0049589651498646355 -0.32302107773920535 -0.0032962483746447045 -0.004947080292694158 0.9999823304133763 30.9849242858677
0.9999888214865243 -0.0023760951816758718 0.004087917967302146 0.10578685752796466 0.0023619020997351662 0.999991178601597 0.0034733471852719214 -0.3299174646617116 -0.004096135253551767 -0.0034636530457588196 0.9999856122868604 32.37328323958007
0.9999884570332765 -0.0007587177191043139 0.004744486012934533 0.12119135067825848 0.0007504271575932404 0.9999981889946293 0.0017489619475073005 -0.34818000158430307 -0.004745804786788944 -0.001745381342721445 0.9999872154081001 33.72669477657892
0.9999878119046614 -0.00039405585201003884 0.004921459334221301 0.13096289153408286 0.0003833094116180187 0.9999975408451903 0.0021843486702556843 -0.36035745292044075 -0.004922308399342383 -0.002182435573842067 0.9999855038216684 35.13558708461923
0.9999907721615028 0.000316293893299006 0.004284337770387909 0.12396632973367552 -0.00033555406887815015 0.9999898388683239 0.004495505209687303 -0.37618543592865755 -0.004282872694388897 -0.004496901287797632 0.9999807172524156 36.52783414421899
0.9999907962095118 0.0015663230765066171 0.0039942619171689075 0.15357091819576113 -0.0015911712455783445 0.9999793563429225 0.006225356802909449 -0.401198792406318 -0.003984428874099289 -0.006231654970792444 0.9999726450246699 37.92146671672714
0.9999884697702657 0.0032517338501883075 0.003533631670449671 0.14589773798239658 -0.003273082736381171 0.9999763259459031 0.0060526426495016925 -0.4032407625767918 -0.003513866725187655 -0.006064138642762826 0.9999754391773619 39.31282651435852
0.9999781339913616 0.00498581237539416 0.004344330994082024 0.13595192155499097 -0.005011849655578149 0.9999694213254409 0.006003147871724774 -0.410892654719915 -0.004314267940769313 -0.006024789654346677 0.9999725441214894 40.7393514126968
0.9999596378170944 0.007910920336094661 0.004259116122445755 0.15625852836756887 -0.007938542503090451 0.9999473121901795 0.0065078720031340465 -0.4256388370462998 -0.004207408811492604 -0.006541420412364784 0.9999697533048842 42.128269575328424
0.999963353920471 0.007691597925665735 0.0037590067771450246 0.15237479698515619 -0.007714444957169363 0.999951628275202 0.006101512887333604 -0.4279705595193295 -0.0037118948717388333 -0.0061302878543821335 0.9999743203713117 43.558169475911654
0.9999608820238449 0.008174825469436299 0.003377372416809345 0.17001669872863745 -0.008199255866992295 0.9999398565352517 0.0072839225734106965 -0.448787558970255 -0.00331762476906982 -0.007311329477391115 0.9999677683909586 44.961909262895645
0.999976185799563 0.006374634988236449 0.002644212355356672 0.18009513258931478 -0.006392751584486535 0.9999557585887027 0.006900261016862985 -0.45571819712603445 -0.002600108941831377 -0.006917000386440795 0.9999726968938003 46.33777890224593
0.9999716131913732 0.007288001373085243 0.001912548731624641 0.18183383443386744 -0.007302796332087582 0.999942554108756 0.00784586897149577 -0.4746194311150311 -0.0018552583124816727 -0.007859613093752386 0.99996739171418 47.7753185423466
0.9999778207194062 0.006640688135239709 0.0005092408057682761 0.18871209481936518 -0.006644757555696855 0.9999421833134621 0.008454421253877499 -0.47479912650451994 -0.00045306822380703285 -0.00845761740137867 0.9999641310716253 49.184262546910155
0.9999745814747524 0.007120365663712133 -0.0003698541140785376 0.18884424649788317 -0.007116897591640557 0.9999371872000125 0.008658604704905551 -0.4918730364013301 0.00043148335282639817 -0.008655752278102865 0.9999624451785782 50.63878698055519
0.9999737023825768 0.007237824157031874 -0.000456551644933737 0.1838363969057931 -0.0072333057800810455 0.9999312819898559 0.009225540556978563 -0.49520149545069303 0.0005232931583320881 -0.009221995437425384 0.9999573395684532 52.046401694086505
0.9999582427514403 0.008506977227629543 -0.0033382753832942287 0.2018845263261119 -0.008471268793553402 0.9999082616023356 0.010569105951965077 -0.5048179560652353 0.0034278805690224875 -0.010540385036089159 0.9999385730689958 53.48373685100524
0.9999712235833389 0.006843011595081016 -0.0032749337029088074 0.19217697019523816 -0.006804446795941739 0.9999090348018436 0.01164567045156428 -0.5128973953761011 0.003354327539200571 -0.01162305105174606 0.9999268239041195 54.92923582118854
0.9999811673298269 0.004499830725693054 -0.00417330852348199 0.20275298554205043 -0.004450855891818026 0.9999219820326747 0.01167132134467552 -0.5187052263065177 0.004225502256297988 -0.011652526579813423 0.9999231789231712 56.35877202211372
0.9999859126112192 0.0014045177738466986 -0.005118779595663635 0.20821612439987405 -0.0013472890870533595 0.9999367448223647 0.011166520323635628 -0.519336322791231 0.005134139813071692 -0.011159466379293033 0.9999245506101556 57.788269817743775
0.9999888838573553 0.0007693896295061114 -0.004651902582740361 0.19793094449638826 -0.0007150852257630307 0.9999317173131703 0.0116640205168275 -0.529080651777729 0.004660559505322139 -0.011660564182380486 0.9999211521021854 59.22232377073134
0.9999929742850324 0.0003390133806908767 -0.003733155216944563 0.19163333177636485 -0.0002919766092387023 0.9999206612937338 0.01259308853600128 -0.5394754280775562 0.0037371285718326543 -0.012591909884252413 0.9999137351125943 60.62532270558557
0.9999924612419903 -0.001465837265776359 -0.0035956609423679333 0.20591453619423147 0.001515346424764703 0.9999035549071438 0.013805238938143699 -0.5479185275329697 0.003575078223670817 -0.013810583335444824 0.9998982381189818 62.05214157329772
0.99999093078543 -0.00338603337969188 -0.002583238696340454 0.19503802843031387 0.0034204257053059967 0.9999039989802774 0.013427342426027573 -0.5519009446927253 0.002537525484417303 -0.013436056231369302 0.9999065123033553 63.48078630847228
0.999989937273787 -0.003686877584347571 -0.0025558329329073972 0.1957736699781008 0.0037190347611716673 0.9999125208486142 0.012693283397293705 -0.5554443214788033 0.0025088109775531628 -0.01270266071509358 0.9999161706204733 64.91668321490144
0.9999849316745384 -0.005195389227053233 -0.0017732318111284952 0.1987168150372709 0.005216579002568439 0.9999124358498819 0.01216174123234253 -0.5633407166771336 0.0017098917015402155 -0.01217080800182093 0.999924470994188 66.36051410350686
0.9999962097453785 -0.002449077251834299 -0.0012579802407516327 0.1997601588499784 0.0024646291531352795 0.999918667960788 0.012513316046846218 -0.5753768032821338 0.001227231950866517 -0.012516368891220056 0.9999209140731562 67.76033137477121
0.9999998104114578 0.0002679670624689837 -0.0005544100050585933 0.1954674539404842 -0.0002602090345079607 0.999902710224243 0.013946411376131219 -0.5798029944344169 0.0005580932923419856 -0.013946264267630595 0.9999025903718335 69.18239261497558
0.999990897375997 0.004228844944463149 -0.0005674800215364284 0.19493515778757697 -0.004219532576924389 0.9998707298402014 0.015515127133507497 -0.5839291286500139 0.0006330177847539056 -0.015512591180853217 0.9998794721310343 70.57878941860076
0.9999677234869242 0.007980875760852988 0.0009260672207468401 0.1925350868190011 -0.007994917258810486 0.9998351172636192 0.016303975166163494 -0.5910261281485873 -0.0007957945918394861 -0.016310852526812098 0.9998666525017414 72.06445363872642
0.9999236856879827 0.012262892597114192 0.0014980824194169816 0.17995428420009657 -0.012285325603171972 0.9997962655450883 0.016015561396716848 -0.5865878858423197 -0.0013013802037188096 -0.016032743380623698 0.9998706203973092 73.47380074685768
0.9998771290605188 0.015593113057999123 0.0016067306501036651 0.18483330779442997 -0.015616371962267374 0.9997555203515687 0.01565338595708445 -0.5946037968937837 -0.0013622529286836035 -0.015676553690262794 0.9998761872933101 74.85447623753213
0.9998407364966755 0.01762192000631828 0.0028230386147659265 0.18789564899770506 -0.01766364215391686 0.9997237331496883 0.015506552429272236 -0.5982014188393087 -0.0025490036834406463 -0.015553947723385171 0.9998757809224921 76.2757747389797
0.9998608129072457 0.016432779273136033 0.002884189962167975 0.18993298076940668 -0.016476641818190894 0.9997377158114896 0.015906599260805055 -0.5951473936522439 -0.0026220440637954546 -0.01595190680455296 0.9998693222310037 77.66631384657833
0.999881424033814 0.015110702912713646 0.002967239053354649 0.20293219236478882 -0.015157610102215781 0.9997493175657433 0.016478741487943416 -0.5993653244786309 -0.002717490073807282 -0.01652176352151096 0.9998598134546806 79.03169814373688
0.999896974647428 0.014165790985693394 0.0023174204233919436 0.21778134177643826 -0.014200648718269529 0.9997745144860952 0.01578802694169846 -0.6019868411393006 -0.0020932481591490635 -0.015819309021626527 0.9998726757736883 80.58600404130478
0.999893372653208 0.014452700797614109 0.002088718215274072 0.21551175765971486 -0.01448361136711128 0.9997729400404781 0.015629888030169473 -0.6120606207213766 -0.0018623500065852875 -0.015658473415552106 0.9998756641940847 82.03413858528441
0.999895672258158 0.014341308482130565 0.0017237896182191693 0.23029778659876132 -0.014367013372063028 0.999769407878405 0.01595995089392199 -0.6075560158716052 -0.0014945056668057063 -0.015983051308047506 0.9998711459524016 83.45560788235639
0.9998939621319232 0.014512123469734158 0.001209439615043141 0.2315719963299409 -0.014529423061090677 0.9997697315577386 0.015791762474422297 -0.6154651147677079 -0.0009799891893053471 -0.015807660183269165 0.999874570876513 84.81914007361647
0.999476502739335 -0.032284773512469146 -0.0021008968800812254 0.1676538143640824 0.03230650547709241 0.9994141867245885 0.011294830235648543 0.512937879166311 0.001735015244620169 -0.011356789888595271 0.9999340043405162 93.16362121037744
0.9937763079825228 -0.09316609376879982 -0.06106330715057806 -3.253315541463852 0.0927202080086261 0.9956409593396476 -0.010101680573236052 0.9746150986036788 0.06173826896954246 0.004377008239328049 0.9980827762713372 116.73427466279666
0.9793578594960023 -0.19352227828329718 -0.05837214124292424 12.43048939252351 0.19043125539085795 0.9801814675370786 -0.05459149411844086 6.427141865602999 0.06777996699520303 0.042348728119924836 0.9968011144235134 169.62303506545004
-0.027007962521549994 -0.9146557768754593 0.40333024150985614 -194.55835356374038 0.20699531892300915 0.3896153141846371 0.8974145425006712 1148.0204186977915 -0.9779691162544296 0.1077248088451174 0.17880674788521358 -28.32749516801381
