1.0 -6.776263578034403e-21 8.673617379884035e-19 -8.673617379884035e-19 0.0 1.0 -1.828002979293187e-19 0.0 0.0 1.0683203047244863e-19 1.0000000000000002 5.551115123125783e-17
0.9999999580377279 -0.00028864340770931146 -2.468821844902984e-05 0.009890195702606196 0.0002886977250782283 0.9999974763730487 0.002227981784440251 -0.008165913657912138 2.4045065801553758e-05 -0.002227988786058041 0.999997517739993 1.2972470742408542
0.9999988263826101 -0.001531629172139613 3.6677871948860054e-05 0.014243168243629511 0.0015314902851532655 0.9999925948086815 0.003530562029550799 -0.003726104271894806 -4.208511621266956e-05 -0.003530501662788024 0.9999937668726389 2.633993086968869
0.9999936277309791 -0.003557594396701638 -0.0002966785845097677 0.014521115792775374 0.003558083092335309 0.9999922887226215 0.001662089790994289 -0.04384122556581116 0.00029076327849150447 -0.0016631347819870616 0.9999985747181357 3.9327250403058334
0.9999926830554142 -0.0038249341402365115 6.093476944652506e-05 0.023743835777324755 0.0038247996534547827 0.9999905266610558 0.0020778591726634773 -0.05353568646451751 -6.888187381420569e-05 -0.0020776108749634725 0.9999978393910481 5.259848409207268
0.9999925989654883 -0.0038327496997805958 -0.0003347273649546784 0.026327321278435234 0.0038336418402608896 0.9999889918556769 0.002705431794322574 -0.0676747194596836 0.0003243544631247666 -0.002706694956213108 0.999996284290441 6.57212630354376
0.9999875292765169 -0.004971198476224303 -0.000477990094947465 0.03921632056105298 0.004973099586854382 0.9999793884993897 0.00406089429353985 -0.08539042101988338 0.00045779276789320936 -0.004063220683778037 0.9999916402953105 7.902067662335948
0.9999891059871269 -0.004666960568886846 -8.592989043289517e-05 0.05229132790137546 0.00466734256343859 0.9999757735633387 0.005164126840464146 -0.09941337502082662 6.182703583055421e-05 -0.005164471570929425 0.9999866621144271 9.260828831940032
0.9999910218145249 -0.004146843943188928 -0.0008717646289580702 0.03767517576612726 0.004150040486963001 0.9999845545090101 0.0036970139181076974 -0.12201113416934148 0.0008564202945927054 -0.0037005985297339913 0.9999927860301536 10.579850169573108
0.9999977494999993 -0.0021182000481828056 -0.00011926024636616829 0.041008224185998386 0.002118354871444745 0.9999968961295824 0.0013116040726419407 -0.12912525910105552 0.00011648164538612896 -0.0013118537369897188 0.9999991327350649 11.896059639978082
0.999996835894275 0.0023698251076493533 -0.0008438776303401167 0.06019036044530258 -0.002369382397292513 0.9999970549324791 0.000525503907046602 -0.1551808952315704 0.0008451205690430553 -0.0005235027683714629 0.9999995058579202 13.247468409490171
0.9999886816549817 0.004675029226645642 -0.0008835502812942053 0.04199052930396921 -0.004674447402768436 0.9999888569451051 0.0006599467619870775 -0.1635955236181989 0.0008866257821740064 -0.0006558091745701941 0.9999993919043071 14.57457473707145
0.9999878421499914 0.00492999097166641 0.00010362852650689681 0.050133967142262856 -0.004930170927731845 0.9999862094066393 0.0018095344414583137 -0.17778898936880622 -9.470611511358095e-05 -0.0018100233224967524 0.9999983574211238 15.901971338006799
0.9999935745908686 0.003567987769256354 -0.00034675474942794625 0.07346583306833984 -0.0035664449965119786 0.9999841643822299 0.004353327405131953 -0.20011837821701356 0.0003622819089073425 -0.004352062689141408 0.999990464103999 17.283754135567587
0.9999985527313223 -0.0016847869942847211 -0.00023670164996628888 0.08522765728407654 0.0016861796683631909 0.9999805098619492 0.0060113808287742525 -0.20416836260091975 0.00022656915875149137 -0.006011771162806083 0.9999819034708428 18.64456713560105
0.9999932459374636 -0.00351015441845436 -0.0010894465049549476 0.1035685323567175 0.0035154965737307638 0.9999816153524561 0.004940672630217326 -0.22829835772105544 0.0010720840405310595 -0.004944469133768379 0.9999872013468053 19.993230492616835
0.9999920996910153 -0.003974901151807291 2.6736672045691093e-05 0.11100320698752772 0.003974819331270318 0.9999887718956488 0.002580096395687052 -0.2404381636355451 -3.699200449664309e-05 -0.002579969700548034 0.9999966711874492 21.333186780360528
0.9999969978164656 -0.0024379647003914973 -0.00024634425757367583 0.11628410461900193 0.002438260994800976 0.9999962969267568 0.001208725594884712 -0.2652658399991331 0.00024339653452290586 -0.0012093225996747422 0.9999992391478055 22.704474321858722
0.9999997197880945 0.0006842023639107099 0.0003037942092030165 0.09087013541967427 -0.0006851930400464969 0.9999944097954678 0.0032727497390737793 -0.26087937977033815 -0.0003015533128325207 -0.003272956932419084 0.9999945983933675 24.072294761766965
0.999996851524633 0.0003999103905148144 0.0024772995242021163 0.1241735392005317 -0.00041856256406026023 0.9999715368196512 0.007533283623579722 -0.27893441312325684 -0.00247421658104891 -0.007534296701022478 0.999968555815067 25.432978576797304
0.9999951809588243 -0.0011692926551629672 0.0028759023109798986 0.13375417760581199 0.001145196943424316 0.9999643490568012 0.008365951619478567 -0.2776922662730419 -0.0028855822702095087 -0.008362617707736084 0.9999608692507009 26.776234583670792
0.9999886389115631 -0.003863902506961818 0.0027914698951771256 0.123296425412625 0.0038369226145878476 0.9999464922060354 0.009606807969486241 -0.2987156548316777 -0.002828440537433516 -0.0095959880319935 0.9999499572124543 28.177908674491416
0.9999802319892653 -0.006127660195262126 0.0014097545594528678 0.1286237725656193 0.006120321453257704 0.9999679945425353 0.005152820940677936 -0.2962170861495066 -0.0014412842982772954 -0.005144090852887304 0.9999857304103993 29.56513634186106
0.9999729430188367 -0.006156145414963813 0.004026797778142053 0.15958202076797665 0.0061446942902157655 0.9999770595804163 0.0028500966390188876 -0.33432784140706545 -0.0040442513519642845 -0.0028252760405744655 0.9999878308479359 30.912814507980418
0.9999873340032047 -0.002760796510828324 0.00420830550035263 0.1581406505076659 0.0027517730716278203 0.9999939057288417 0.002148546598613562 -0.33472626399761884 -0.0042142119076699815 -0.0021369390518915584 0.9999888368915638 32.29505779820012
0.9999904251587444 -0.0003775926170461808 0.004359703514497836 0.15169874038530567 0.00036944496650539955 0.9999981842070178 0.0018695171798074667 -0.36203426154346185 -0.004360401879374391 -0.0018678885818343193 0.9999887488798108 33.68118115209087
0.9999859401212654 -0.0003046506455893975 0.005294029417194417 0.16553716491634124 0.000301124400975661 0.9999997323045743 0.000666869828045185 -0.37147546585309676 -0.005294231605824762 -0.0006652662808079447 0.9999857641648155 35.071301333935914
0.9999907895364101 -0.0011444831267524319 0.004136544543581684 0.16156635714321976 0.0011351926065107595 0.9999968297229739 0.0022476395520606663 -0.38802472437305935 -0.004139104162183336 -0.0022429230427711755 0.9999889184941549 36.47999876150461
0.9999896367467768 0.0004443316766005339 0.004530890467811189 0.17263818122409383 -0.00046341822488043426 0.9999910206402801 0.004212349184380709 -0.3993130916856079 -0.004528978482271885 -0.004214405167008678 0.9999808633867365 37.86049872070672
0.9999901946949427 0.0021451952125390882 0.003874100059278863 0.17683968775007425 -0.0021635470421273897 0.999986430191885 0.004739040035753193 -0.4117457180332872 -0.003863881645309631 -0.004747375297405295 0.9999812662457453 39.28279468275073
0.9999796974770387 0.004415593170472601 0.0045942538887132345 0.17751785519886454 -0.004438267218419801 0.9999779647701446 0.00493677668860454 -0.4222273634978053 -0.004572354237183063 -0.00495706691507277 0.9999772602716539 40.68153189056821
0.9999680401612554 0.006702739926331597 0.004357973065591242 0.18336854972109626 -0.006724684546845218 0.9999646860868278 0.00504035766856364 -0.42880683914201984 -0.004324035321644466 -0.005069502501548632 0.9999778011830124 42.08337170108036
0.9999596891331342 0.007895104962135297 0.004276379359292343 0.1869169640140284 -0.007916175211745743 0.9999565007232175 0.004932630274390398 -0.43457276175178977 -0.004237250058154786 -0.004966283933664777 0.9999786906388473 43.47937917828743
0.999967637456781 0.00739734923965781 0.0031627928093853636 0.2169648769261503 -0.007415790367573654 0.9999553381222996 0.005858995137608395 -0.46375870735289376 -0.0031193107784749305 -0.005882260050310001 0.99997783421027 44.932394079437174
0.9999705679455024 0.007112275553492905 0.0028772859891255317 0.20701762361155474 -0.00712700439562769 0.9999613856311739 0.0051413095579581885 -0.47671968275080145 -0.0028406087096049222 -0.005161664595163045 0.9999826439275136 46.3127780789511
0.9999789908911659 0.006241110071635647 0.0017510905054892775 0.23024234669878774 -0.006251101845645023 0.9999638756830392 0.0057594325329872196 -0.48981415356098673 -0.0017150821375492425 -0.0057702576951675095 0.999981881143035 47.74234520886335
0.9999834828693855 0.005714720697096505 -0.0006131494781498933 0.22852651672780472 -0.005710336728969443 0.9999596900011595 0.006928956348001533 -0.49604534908829406 0.0006527218690556341 -0.006925340512344243 0.9999758065111322 49.10380820818543
0.9999790888039883 0.006318561002991985 -0.0013775837432329569 0.2409464105948198 -0.006309388057153115 0.9999585465897198 0.006564810259305522 -0.5066730758476699 0.0014190069128856009 -0.006555981177125138 0.999977502509728 50.57321565588694
0.9999738375830276 0.00706650796732885 -0.0015455125044862529 0.2467674491498848 -0.007055986006282998 0.9999525854971535 0.006711171981810332 -0.516338715860951 0.001592863910987348 -0.006700091191053795 0.9999762854978009 52.003843550927826
0.9999740217520888 0.007023532664678288 -0.0016204333223393342 0.20947395851919337 -0.007009821417568186 0.9999408362566745 0.008317836362872331 -0.5273270197889403 0.0016787581899361595 -0.008306261212905966 0.9999640932501267 53.36055023621441
0.999975768214713 0.006435157550419739 -0.002655508423860765 0.23615541832327125 -0.006410417814988391 0.9999369261745532 0.009222268043874977 -0.5408128911209973 0.0027146879082661293 -0.00920502152127707 0.9999539479607104 54.837116361584684
0.9999818102158399 0.003181885437495763 -0.005123947435172454 0.23789006456780903 -0.0031332141060336953 0.9999501642254592 0.009479031800869403 -0.5445419956066724 0.005153853705279557 -0.009462804818519147 0.9999419448713552 56.293729551014295
0.9999872878676955 0.0022234916432727716 -0.004525503724075814 0.23402915409884248 -0.002177661205251165 0.999946551242895 0.010107049929912347 -0.5614752456507176 0.004547735164226167 -0.010097066288064747 0.9999386817960625 57.69054936962544
0.999994512814923 0.00021536975083944783 -0.003305745560640916 0.2183662118907013 -0.00018235267280656016 0.9999501335713356 0.009984844854161252 -0.5632830590763931 0.0033077314255432816 -0.009984187109377145 0.9999446859272739 59.110334645336515
0.9999946176679233 -0.00041484822253687656 -0.0032546173308456968 0.2299524040918104 0.00044899899129410023 0.9999447799916011 0.010499303623773814 -0.5812841031343703 0.0032500822654275667 -0.010500708280776825 0.9999395842169196 60.51584501675341
0.9999941398134429 -0.0024846775793599765 -0.0023551463055439216 0.23061921661987775 0.002510226994879265 0.9999373543762589 0.010908074697113482 -0.5825946494188758 0.002327895911355386 -0.01091392256704838 0.9999377316546514 61.95133731014393
0.99998530464639 -0.0044622776171405 -0.003078727952110544 0.24001826850137195 0.004495394333496684 0.9999311975169338 0.01083474381743607 -0.5856981868879128 0.003030168745319327 -0.010848424535252582 0.9999365628653432 63.407564587055134
0.9999820867924765 -0.005460376442926031 -0.0024516074107074582 0.24886321011700072 0.005486220781627162 0.9999281132811404 0.01066159761963276 -0.6001891545716453 0.002393215034671656 -0.010674856540082366 0.9999401581853621 64.78323848224112
0.9999884727025893 -0.004704100715049403 -0.0009622347884753659 0.23340056124283887 0.004714139455592027 0.99993152852722 0.010710516230953773 -0.6174716778487195 0.000911785630451886 -0.010714928720531201 0.9999421777985829 66.19887860612316
0.9999927432464346 -0.003716676799932785 -0.0008365203524355186 0.22488719388507433 0.0037253425197741902 0.9999368017207431 0.010607280433551662 -0.6263420620164525 0.0007970437181047448 -0.01061031962957874 0.9999433913126334 67.61665148898625
0.999999201003489 0.0012577581745563603 -0.00012663550334510772 0.23699798049955534 -0.001256230897215277 0.9999340642569133 0.011414422139929633 -0.6412864562841561 0.0001409837485425577 -0.011414253771347674 0.9999348453396496 69.0455012560738
0.9999951076484198 0.0031078585567617576 -0.00035481448106965477 0.24606927721976818 -0.0031029065468567733 0.9999081214304776 0.01319547957559817 -0.6380020621295119 0.00039579159957930325 -0.013194313872007531 0.9999128729137665 70.44265161943648
0.9999789340515438 0.006452583896522579 0.0007039959771172619 0.23868650723148754 -0.006461709577242693 0.999883380525033 0.013837329074544283 -0.6443550101005101 -0.0006146273998899505 -0.013841586396410477 0.9999040117462803 71.89005245132725
0.9999370822550908 0.011097690960674918 0.001634862328445303 0.24143600390855263 -0.011118864169609777 0.9998461433298014 0.013566891779893486 -0.6565310312652348 -0.0014840497420108116 -0.013584215799217056 0.999906628973276 73.24113685572448
0.9998916545864975 0.014606069012349412 0.0018280633912162074 0.23732100389583183 -0.014628490824089733 0.9998095301865089 0.012919389964771946 -0.6678955213614612 -0.0016390138309222112 -0.012944731831988285 0.9999148701461344 74.6867024329505
0.9998626123103972 0.01614536052575842 0.0037528405270796277 0.2215677449170334 -0.016193513551720155 0.9997820653656158 0.013175429015555615 -0.6693365661327833 -0.0035393008922190547 -0.013234390359152472 0.9999061577211564 76.10207914266692
0.999863295116617 0.01619130062162233 0.003351542533459464 0.23412472615409108 -0.016235916937101528 0.9997737437459434 0.01374250180353315 -0.6699906674742364 -0.003128275504174574 -0.013795038305915825 0.9998999503937821 77.4826363486191
0.9998844586230374 0.014801369357935629 0.0034624916011563337 0.25106168801622253 -0.014848016899004253 0.9997937228446548 0.013858145217788866 -0.6855439712374541 -0.0032566581096751764 -0.013907954963822317 0.9998979762723563 78.88564694955775
0.9998902547877827 0.01451935500182048 0.0029439243333363825 0.25097310416284885 -0.01455722688537925 0.9998058621761542 0.013278747546828234 -0.6904814091404827 -0.002750554181799786 -0.013320145452181483 0.9999074998040032 80.25686931786441
0.9999125751452429 0.012843514830894713 0.003144229222421786 0.2656698791776334 -0.01288333740643181 0.9998326208505142 0.01299037830289337 -0.6890223367110329 -0.0029768610723112853 -0.013029750600668476 0.9999106779534093 81.61101638254378
0.9999128103137527 0.012837514012406724 0.003093539827140223 0.2627330184916795 -0.012877052346104584 0.999831024974723 0.01311880516596331 -0.6973360883140958 -0.002924604491346427 -0.013157496827650354 0.9999091593507183 83.03979358417395
0.9999132978591081 0.01286067796449863 0.0028283760378622 0.27413072480682166 -0.012897185646446846 0.9998284813704043 0.013291744479346657 -0.7068172976008837 -0.0026569502912430366 -0.013327069956935281 0.9999076606412042 84.46251867665137
0.9999214446659563 0.012464894766059735 0.0013156294012992573 0.2787152734613404 -0.012481200196915575 0.9998348105152738 0.01321254520375915 -0.6996588319980234 -0.0011507191795020735 -0.013227927732613042 0.9999118449948161 85.8237089445436
0.9999231691690933 0.012387471169801451 0.0004542047258819159 0.2842260987093222 -0.012392671342656281 0.9998225058902186 0.014190787169646652 -0.7093143431002672 -0.0002783361591528486 -0.014195325486355543 0.9998992025450082 87.21213050757667
0.9999348647689897 0.011363280252670582 -0.0010686758668104254 0.28600020466650933 -0.011345146294916817 0.9998128359012914 0.015671019428115836 -0.720199496465477 0.0012465501431134724 -0.015657874184007353 0.9998766309273558 88.58364148026183
0.9999643430042613 0.008326232559592087 -0.0014094551715411801 0.2855572076348962 -0.008301925256621507 0.9998301701623884 0.016453233496766924 -0.7243182747555623 0.001546209384900868 -0.016440945395897046 0.9998636429714557 89.92239475331353
0.9999798110661928 0.005916949376358546 -0.0023167143320483976 0.29318249400732055 -0.00587879014892978 0.9998523673493107 0.016145691408348057 -0.7232825657729395 0.0024119057521632186 -0.01613174573417098 0.9998669658891246 91.32872144395839
0.9999824698337714 0.005042352991958629 -0.0031039808199120706 0.2903150221532502 -0.004992245518702619 0.9998604143644347 0.01594456926896724 -0.7305854708578376 0.0031839459637584963 -0.01592879369396275 0.9998680592991103 92.69895463382554
0.9999893819094979 0.002910088508521368 -0.0035731568444440217 0.292358585800753 -0.0028531787108074537 0.9998706233218211 0.015830224414615297 -0.7294811926748 0.0036187622195090526 -0.01581986124427206 0.9998683095977035 94.01964020101077
0.9999879426437039 0.003637565259145415 -0.003298891131012386 0.2829778229545059 -0.0035884064165456276 0.9998842245260072 0.014787186967392554 -0.7326081647852704 0.0033522988399431134 -0.014775170697629786 0.9998852216188883 95.39157291530688
0.9999877065512779 0.003632675698246071 -0.0033749681501678537 0.28050745754255035 -0.0035824066197849133 0.9998843034516011 0.014783304397272322 -0.7415835870640034 0.0034282809170089485 -0.01477103193801529 0.9998850251374042 96.73430626997781
0.9999850572550194 0.003947642940350611 -0.0037817162348270606 0.2752089024108092 -0.0038916318557952376 0.9998842918784846 0.014705715599121918 -0.7422055372459871 0.003839331896832548 -0.014690778595998873 0.9998847136264848 98.08520210668021
0.9999803006134932 0.005386700572660451 -0.0032220857997426527 0.27792048165249783 -0.005339091884707938 0.9998790668131111 0.014606363787853316 -0.7441911616220473 0.003300376529120839 -0.014588872829058117 0.9998881298890476 99.44404779191728
0.9999815406491837 0.005253948768147688 -0.003051946679507503 0.2726536550968021 -0.005203559959541611 0.9998537642324987 0.016290277222309798 -0.7420565612699739 0.0031370889222611265 -0.016274095292150764 0.9998626468080897 100.78516502352784
0.9999807402467185 0.005361021714226992 -0.0031270716224610856 0.26756795807474304 -0.0053048371980364975 0.9998291447664032 0.017707060680034144 -0.7417199839794859 0.003221465554381832 -0.017690130785386143 0.9998383276397286 102.12296633493112
0.9999802759376352 0.005515618485337852 -0.0030042775317807927 0.26852871802703804 -0.005463435650001706 0.9998386963319155 0.01710941868020402 -0.7519526284069281 0.003098162218145504 -0.017092667289511563 0.9998491096667269 103.47332938599418
0.9999731943498943 0.006744778970651452 -0.0028493037801416094 0.2656216825783149 -0.006700602558673239 0.9998614200467629 0.015239509377422073 -0.755031695554116 0.002951696295716258 -0.015220008601141461 0.9998798121848398 104.8239370103146
0.9999756045991737 0.0064342696302423005 -0.002718524431271586 0.27256620720789076 -0.006394810468448804 0.9998775477771366 0.014282712186860235 -0.7411937687477086 0.0028100906007940433 -0.014264979100526692 0.9998943012892293 106.13910929182933
0.9999879546869282 0.003837050715342763 -0.0030606403629831946 0.26534644006978286 -0.0037904719651586636 0.999879074492593 0.015082066489525555 -0.7565093235842592 0.0031181411699900234 -0.015070283332306733 0.9998815748596838 107.47525648844861
0.9999969757892223 0.0008378564299952773 -0.00231223000497004 0.25986103298727814 -0.0007981320742798712 0.9998529880178401 0.017127911534956707 -0.7593841044456955 0.0023262410053506927 -0.017126014023743752 0.9998506329603933 108.82241800965484
0.9999987604430197 -0.00019362776188338698 -0.0015625683663187456 0.26681370302121943 0.000222046204834149 0.9998342076273206 0.018207360367828794 -0.7612732547545328 0.0015587839844068748 -0.01820768449740895 0.999833011257737 110.16509144010972
0.9999988663013611 -0.001498362126043593 0.0001493545048398678 0.27364503828554554 0.0014956199190566263 0.9998556501864303 0.0169245953515465 -0.7613436566346229 -0.00017469213340395428 -0.01692435254118008 0.9998567576195097 111.50772520722306
0.9999986525286784 0.00014593179497433752 0.0016351284803498845 0.2900035442168222 -0.0001707159741302489 0.9998849530866848 0.015167447414770479 -0.7607617941252398 -0.0016327270877329108 -0.015167705899978635 0.9998836306717872 112.82233106980881
0.9999913688445852 0.003982849730116092 0.0011828538132126346 0.2792950956573813 -0.003998404906466198 0.9999015145205826 0.01345265889882279 -0.7641313454265973 -0.0011291574935687766 -0.013457272121194281 0.9999088092510379 114.12810158747179
0.9999785458276891 0.005927579083826809 0.002787774655818708 0.28653605809435656 -0.0059643465299352464 0.9998928210969596 0.013370598522807699 -0.7625739509578955 -0.0027082208097322664 -0.01338693872904153 0.9999067233491835 115.4593382341904
0.9999687463766861 0.006807098612078414 0.004021153316245133 0.2866963140761104 -0.00686857793201089 0.999856614453881 0.015478151994259587 -0.7745151010551755 -0.003915215759473361 -0.015505287627610474 0.9998721203865677 116.83307311451887
0.9999591096641391 0.007311308423946018 0.005322007449821515 0.30100236435504746 -0.007402689238831397 0.9998219345562935 0.017357977827651958 -0.7657537042324862 -0.005194150687062679 -0.017396664970845875 0.9998351748313055 118.14598540855033
0.9999540120149434 0.007619238177839413 0.0058241787875785486 0.30754722437147963 -0.007724264413207042 0.9998040175375635 0.01822806294391421 -0.7724948785065383 -0.005684153870885278 -0.01827221190581167 0.9998168915603667 119.47291364895754
0.9999491065551636 0.007368162385332161 0.00689162361039791 0.31991092699138923 -0.007490402610310501 0.9998120274170729 0.017883056891609062 -0.7567814313738725 -0.0067585634703450324 -0.01793376753841443 0.9998163340261104 120.81538129769278
0.9999268703547285 0.008528218810033938 0.008574579674649864 0.33229685928171593 -0.008678730319729542 0.9998061732794069 0.017671885494705723 -0.7567646202976808 -0.008422208687968655 -0.017745009365243085 0.9998070719038055 122.17986049993698
0.9998957703911621 0.010445800385220683 0.009966623955588293 0.3374378521223208 -0.01062287998245763 0.9997836564036992 0.0178828084308202 -0.7532709344595961 -0.009777668308205532 -0.017986818504323942 0.9997904138114182 123.49229078163548
0.9998703360780675 0.011847424352714872 0.010906399401437155 0.35500467663088586 -0.0120318142582209 0.9997831106907127 0.016999030965179466 -0.7521245727703872 -0.010702640078612755 -0.017128050330207197 0.9997960208843458 124.85434644111142
0.9998467295447446 0.013067826595048317 0.01165115029666107 0.36533255222468486 -0.013257247720063611 0.9997787413911243 0.016331370977545695 -0.7542586405143397 -0.01143515780830305 -0.016483329810386544 0.9997987482463899 126.18914799085273
0.9998506456901859 0.012077750655225237 0.012361805280555182 0.3757556172728873 -0.01227790277758145 0.9997926498454006 0.01624532082421562 -0.7425837688300041 -0.012163036138344165 -0.016394671323824366 0.9997916159361059 127.51848586782097
0.9998297050369415 0.012697734860133328 0.013391356526311866 0.40354542264683846 -0.012932635567644344 0.9997614141419213 0.017602890775458607 -0.7525511023597117 -0.01316464579609154 -0.017773078370592048 0.9997553749685038 128.8356650653218
0.999843532852873 0.010841903589164804 0.013977228497245748 0.42442744911107794 -0.011090497400795268 0.9997794778856763 0.01783245623645261 -0.7422063475318394 -0.013780809588164647 -0.01798468020086043 0.9997432873283899 130.20742799823248
0.9998611875050974 0.008566292839611418 0.014290707792000076 0.44589530914627834 -0.008839801811853704 0.9997768377357454 0.019186783412427515 -0.7384114778190329 -0.014123160219588805 -0.019310446793794712 0.9997137805302312 131.53278403036296
0.9998675909745064 0.007893062820182128 0.014230251602507047 0.468701238544239 -0.00816407559793236 0.9997844679310999 0.01908836239139106 -0.7249003603661314 -0.014076520059443431 -0.019202011493240016 0.9997165269863687 132.88100880219747
0.9998764814601947 0.005722349015896737 0.014638187356871862 0.5009062026607101 -0.006020838323813501 0.9997731777579779 0.020428963893703574 -0.7293139127786799 -0.014517966642703349 -0.020514574401370642 0.9996841405528758 134.22981128396938
0.9999087914941112 0.0043143375040486 0.012798248870192616 0.503384513504846 -0.004574311145559798 0.9997823725461816 0.0203539491513547 -0.7287001423582896 -0.012707650876344782 -0.020410635575768363 0.9997109189923644 135.53857782728434
0.9999259211914386 0.0031515775650566647 0.011756686622467538 0.5269275786964867 -0.0033937899290056197 0.9997812262351706 0.020639328469165122 -0.7224335035972352 -0.01168906910107726 -0.02067769895811863 0.9997178594059786 136.87859961881693
0.9999366053900725 0.001487643663400902 0.011161187705657712 0.5601053690703659 -0.0017252214222732846 0.9997714978190851 0.021306707435072687 -0.712563334061501 -0.011126941492909461 -0.02132461191625934 0.999710684190104 138.24074891638384
0.9999498853784679 -0.00011283647456801404 0.010010694032338136 0.5779358664075588 -0.00010775744620307426 0.9997572480830863 0.022032551292558742 -0.7110948057610723 -0.01001075083097532 -0.022032525547312 0.9997071334483539 139.55989166235977
0.9999489424005721 -0.0011086832000307147 0.010044073320173558 0.6031506109798012 0.0008863053474523997 0.9997549814389013 0.022117675599493725 -0.6954301714570442 -0.01006613467452575 -0.022107643887796624 0.9997049189616566 140.90432634847977
0.9999672326063612 -0.0010710972343952868 0.00802411751494474 0.606799271683244 0.0008929246677546435 0.9997536965835171 0.022175411522709104 -0.6898356940800163 -0.008045893843533294 -0.022167519638556853 0.9997218936507584 142.27076262577614
0.9999766081891147 -0.0029071031434882402 0.006191270003720991 0.6190757374193208 0.0027731640701285426 0.9997642837756096 0.0215333803797437 -0.6735908494738682 -0.006252410903383712 -0.02151570695529029 0.9997489593347232 143.6184207254714
0.9999828680202426 -0.002423979518301171 0.005328037951337158 0.6339669710626765 0.0023199426439484325 0.9998082064173432 0.019446548963679637 -0.6686392050079657 -0.005374154555177438 -0.019433854781419315 0.9997967012008554 144.97637760246567
0.9999568937902181 -0.007792685233456347 0.005048228610999876 0.6468590129829861 0.0076973078004593356 0.9997965361216173 0.018645048567462984 -0.6797002259083879 -0.005192496911116636 -0.018605386809643482 0.9998134213639117 146.30591452792225
0.9998508118835577 -0.01682530688310574 0.003906788511861678 0.6691078014622119 0.016737033375121092 0.9996260662806278 0.0216240462448809 -0.6686153536168788 -0.00426915920956169 -0.021555431828941894 0.9997585396564672 147.6607330314516
0.9997018054555897 -0.024389122738235153 0.0012127665932019594 0.685051121500474 0.02435566303610632 0.9994497847257614 0.022515096526707534 -0.6592240794944976 -0.001761222919347506 -0.022478844582874802 0.9997457674910284 148.9954160588614
0.9996510118299805 -0.026416534051676634 0.00014562801149404624 0.7041371256642732 0.026408281513358424 0.9994493674387968 0.02008891939853803 -0.6579703861029368 -0.0006762275133661609 -0.020078062521757763 0.9997981866863415 150.34140890209488
0.9997022902415797 -0.024354040367873742 0.0014871266334936213 0.7308714803670542 0.024325739935567553 0.9995636548144623 0.016755847482509155 -0.6541876514356167 -0.0018945504862659598 -0.016714683400557623 0.9998585050000001 151.67885622162856
0.999735391134114 -0.02292593353074305 0.001883941202928464 0.7229316057563022 0.022895991234953318 0.9996309536782806 0.014619510893947847 -0.6357316035775048 -0.0022184120703085362 -0.014572507524887231 0.9998913544272564 153.04117577473434
0.9997465654893432 -0.02235576853177561 0.0026503503427127003 0.722363583123949 0.02231161192773562 0.9996284005776939 0.015660549014587733 -0.6474933493319691 -0.0029994693420606457 -0.015597446272370379 0.9998738534627023 154.38732623580833
0.9996472961189306 -0.026327455420277278 0.003485453400680184 0.7446525925573727 0.026260354580937513 0.999491787379689 0.01807099397914054 -0.6331825958198112 -0.003959445678611836 -0.017973090761719508 0.9998306310473936 155.72539920616947
0.9995311963274001 -0.03038821487188654 0.0037341498002421308 0.7593083164286104 0.0302996672014059 0.9993022418299135 0.02183940828252918 -0.6373920572835181 -0.004395205277156701 -0.021716026070921806 0.9997545180492092 157.0759348666152
0.9994099017144246 -0.03407400221157703 0.0043371205227953095 0.7916063536509034 0.03396422177528432 0.9991520636500815 0.023271989194282354 -0.6237004274472572 -0.005126413173337096 -0.023110949168525685 0.9997197626797474 158.38151499380055
0.9992803410043732 -0.0377784334747176 0.00340439516983425 0.7873817753838077 0.03768786262358904 0.9990109288432704 0.02359638165781851 -0.6155916011996595 -0.00429246268834802 -0.02345109558479442 0.999715770034203 159.75509634770228
0.9993361844980675 -0.03612741282001878 0.004690444270181709 0.8049418039756666 0.036003364686897986 0.9990567298816059 0.024277733893959673 -0.6022919065260925 -0.005563112107687432 -0.024092745826074506 0.9996942489366588 161.1100828399918
0.999487334113993 -0.03149576776836469 0.005751996201149879 0.8167474024523573 0.03135098242939415 0.9992266640623975 0.023731621296927564 -0.5964152163692099 -0.006494994164023356 -0.023539123825235642 0.9997018178819621 162.45944755248723
0.9995421866151739 -0.029334229212438327 0.007410808774065211 0.8357751326524006 0.029162230591270575 0.9993250311061848 0.022339351345402297 -0.5881052786560917 -0.008061115046987071 -0.02211300805091433 0.999722978268757 163.80689914180624
0.9996618273171461 -0.02491548201604013 0.00744645539878276 0.8355005166173356 0.024752625736743573 0.9994684488410583 0.021216205420519302 -0.5727438508985442 -0.007971109887791768 -0.021024711046426 0.9997471794975755 165.1673062170489
0.9996650181399784 -0.024639236936242048 0.007922086117898883 0.8476113695554354 0.024456198196347312 0.9994493201286413 0.02242656787038201 -0.5588696729332272 -0.008470297822068693 -0.02222531094196943 0.999717104779151 166.5250570066855
0.9996812279278268 -0.024062087885171425 0.0076458090744968635 0.8664209781418277 0.02388210987270914 0.999454338566034 0.022818195144137743 -0.5497584092748995 -0.008190691162783837 -0.022628322955919485 0.9997103938427951 167.8888479584459
0.9997405976492241 -0.02150656411553428 0.007497003707224347 0.8650068348680511 0.021353294350454445 0.9995727727539121 0.019957676578675955 -0.5363408250176825 -0.007923022505083083 -0.019792413492650613 0.9997727172037006 169.22027635941083
0.9998187423027567 -0.01766381321424411 0.007104379682391376 0.8811652726334478 0.017538643847962276 0.9996963118963412 0.017311268002952556 -0.5322977178955646 -0.007408005797983183 -0.01718352876502523 0.9998249085587088 170.59753358309501
0.9999289002687936 -0.009918498130674107 0.006619500832377192 0.8811531233610727 0.009807512429733458 0.9998142154980398 0.01659358952553411 -0.5505828268590012 -0.006782855089978302 -0.01652748864778556 0.9998404047553122 171.98589225766614
0.9999486970707793 -0.007533606441355303 0.006771114651290506 0.8892097540615251 0.007411582850425073 0.9998128616848099 0.017869249344380483 -0.5435531146109793 -0.006904467989177529 -0.017818147662795145 0.999817404289214 173.36431075130298
0.9999593770980377 -0.005114831355077913 0.007421768629375987 0.8989156650338842 0.004971335266558874 0.999802806532601 0.01922586530613713 -0.5280732452238972 -0.007518642795264631 -0.019188187916679124 0.9997876191660653 174.74286522159474
0.9999660194044723 -0.004121293315258742 0.007139676085089514 0.9045634455227662 0.003964720326258178 0.9997543354512898 0.021807103501976722 -0.5169953109418143 -0.0072277961964483575 -0.021778055348511724 0.999736702960586 176.09720651796837
0.9999594753299808 -0.006332445649639488 0.006399048755493468 0.9196954791760679 0.006183946738223544 0.9997171269368796 0.02296573403318109 -0.5078976430584313 -0.0065426684497320005 -0.022925231644455632 0.9997157732178885 177.47916197736956
0.9999428181019367 -0.009442735717885668 0.005019487979060471 0.9394001833373367 0.009322600447569353 0.999681743206359 0.02344144735570372 -0.48850371440156315 -0.005239242327286471 -0.023393311907724024 0.9997126103403069 178.90142991369098
0.9999603995153997 -0.008566480198638872 0.00241139197166802 0.9472931434289564 0.008517228439130777 0.9997687988771535 0.01974349610385334 -0.4961667077495212 -0.0025799669427011857 -0.01972217558825317 0.9998021702019128 180.2341484839735
0.9999715693193452 -0.007335585251736139 0.0017463496654030828 0.9500490496247335 0.007305842599705732 0.9998376871545754 0.0164688806629778 -0.4835856649262974 -0.001866875247500479 -0.016455653645954162 0.9998628537073311 181.63459960197562
0.9999912191268086 -0.004147823340584771 0.0005976866472608543 0.9474934112412556 0.004138384691998785 0.9998787494882043 0.015011998859345259 -0.46939835443029904 -0.0006598813534653188 -0.015009393365429035 0.9998871349573313 183.03812762596584
0.999999720043529 0.0002806556759483574 0.0006936465066281153 0.9440825486391543 -0.00029203819909578776 0.9998644100130417 0.016464395484631265 -0.4749226521446536 -0.000688931686675563 -0.016464593208194624 0.999864212044659 184.39215643900778
0.999999215699111 0.0009028297516986613 0.0008680436599044156 0.9443114579893599 -0.0009192860070973307 0.999816236402833 0.019148064069172573 -0.4463510168154947 -0.0008505967740848747 -0.01914884675456488 0.9998162821907928 185.82389404303888
0.9999949676258693 0.0029330079905196334 0.001209209066280018 0.9505220855274705 -0.002958911162808413 0.9997534360757583 0.022007088018176864 -0.4554755321111953 -0.0011443640487594454 -0.02201055489427369 0.9997570834363083 187.22015615614836
0.9999959325325658 0.002609741843410243 0.0011507239032123272 0.9522585592462658 -0.0026355292074130244 0.999731797527332 0.02300841201285404 -0.44656536855018514 -0.0010903693510509868 -0.023011350860580194 0.9997346091847557 188.6664668549508
0.9999995881723315 0.00019834799887582437 0.0008856147655603216 0.9610520789063306 -0.0002193118942014729 0.9997182718202428 0.023734551105510402 -0.42309483315916746 -0.0008806576359286222 -0.023734735213110123 0.9997179035913473 190.03598454855472
0.9999974029260819 -0.0020512157119286726 0.0009933051317247196 0.9729880544914107 0.0020260230489472977 0.9996920627840148 0.02473206146316026 -0.42007800885750224 -0.001043730137353943 -0.02472998441451848 0.9996936223020518 191.4662759196585
0.9999890233793763 -0.0045344011968940666 0.001179968164160221 0.9809329373949862 0.00450409422835561 0.9996889135189986 0.024531395204537745 -0.40476155671566155 -0.0012908363895567897 -0.024525810888835074 0.9996983636652828 192.92044906149124
0.999959281723706 -0.00885868507004492 0.0017200541117923821 0.9890526947293764 0.008811277995088226 0.9996270126636746 0.025849506166752134 -0.3850348703053101 -0.0019484053541138305 -0.025833297368600593 0.9996643658924028 194.29686483026052
0.9999230323258097 -0.01227064005815798 0.001833249179668468 0.9936735179860655 0.01221590330185726 0.9995508616963915 0.027365062282334866 -0.3697673052993837 -0.002168212812679835 -0.027340560864053755 0.9996238255233859 195.7260596715203
0.9998719867243943 -0.015848369191137503 0.002199848530789002 1.00932457697651 0.015780306651446405 0.9994801681550252 0.028113616682345043 -0.3539733390457234 -0.0026442601830885936 -0.0280753030720525 0.9996023135295156 197.1595378885065
0.9999132262214747 -0.012956104137907693 0.002383144326017518 1.0166986070149693 0.01289505743968781 0.9996273444314686 0.02406012885572737 -0.34788026614044143 -0.002693981999301393 -0.02402730993393684 0.9997076726785387 198.57701186250858
0.9999754440786935 -0.006155969991032641 0.0033489206794861544 1.015095382675292 0.006095293783809468 0.9998223387009613 0.017836436002847438 -0.3202546299748165 -0.003458126562483265 -0.017815585098108117 0.9998353095738355 199.98815867729303
0.999988511086258 0.0028124819039720274 0.0038817058752023854 1.0117955596863282 -0.002884052818356216 0.9998236411420754 0.01855717844408147 -0.31710036818279563 -0.003828829893078223 -0.018568160018654804 0.9998202655860884 201.42731716533717
0.9999319585252648 0.010618730099123142 0.004829169678325505 1.002126289960271 -0.010723677211228792 0.9996948901170051 0.02225150456304563 -0.3080270837275977 -0.004591413910392887 -0.022301776673738744 0.999740741218605 202.84491902129045
0.9999089565317312 0.012029119696460047 0.006113829570948369 0.9988768702001123 -0.012178523326523243 0.9996128366899946 0.025017200794398245 -0.2962851987917619 -0.005810528099933467 -0.025089380196663184 0.9996683253649968 204.30982709643058
0.9999319869348634 0.009943840522885349 0.006094385098387165 1.0125915871655178 -0.010096598615442298 0.9996220660691646 0.025569195562107544 -0.2765586125383749 -0.005837826305845595 -0.02562898871362663 0.9996544776542962 205.7717102696688
0.9999675364158973 0.0065237596070004174 0.004729341466785414 1.0303894695219453 -0.00664407042689877 0.9996428168044688 0.02588619655116893 -0.26455666090871793 -0.004558777281513947 -0.02591677789614083 0.9996537091137541 207.2351562872476
0.9999830297627882 0.004804479927118163 0.003295020056682694 1.0492670027942572 -0.004887677468157892 0.9996571318728413 0.025724100276162516 -0.25594947622202724 -0.003170299639718596 -0.025739768355511637 0.9996636501828021 208.65538669184608
0.9999833709342767 0.005185101116172709 0.00252439678848782 1.0561453806441339 -0.005247743867845242 0.9996616838163461 0.0254750686759433 -0.23591244569279976 -0.002391452135627756 -0.025487892068984084 0.9996722704399046 210.15492036432858
0.9999744921840977 0.006658917440616912 0.002583369073385522 1.0651486591104065 -0.006722560965432693 0.9996531545452358 0.025463264005370096 -0.21673327165533943 -0.002412915470505844 -0.025479980981474394 0.9996724205358669 211.56221424749194
0.9999708608297899 0.0073543765391372706 0.0020471033643583905 1.065641483177156 -0.007405542230696354 0.9996287047009559 0.026222332394191007 -0.19665104675261846 -0.001853494530970278 -0.026236727829035404 0.9996540394764987 213.0115110491531
0.999973569622615 0.007031688533969992 0.0018480822882220782 1.0718067369450865 -0.007077356690476029 0.999637146485187 0.025990121632203225 -0.18351509124924184 -0.0016646574017213783 -0.026002513865793532 0.9996604914467657 214.5118010358508
0.9999716157804619 0.007342208174792651 0.0016910374490147137 1.0830579523604702 -0.0073831250683857865 0.9996446178541931 0.025614985701368373 -0.1696868810210193 -0.0015023660503112645 -0.025626743411240042 0.9996704521441802 215.95642289317877
0.9999814869312506 0.005953143225168961 0.0012593162353256452 1.0689505400082795 -0.005983090775844144 0.9996622806110823 0.025288878564142126 -0.15396554865684597 -0.0011083427144497069 -0.025295944627538626 0.9996793919723158 217.47013391037538
0.9999878281531959 0.004800060253358546 0.0011414749620004628 1.0774365559029269 -0.004827042859998228 0.9996771983593917 0.024943912416560677 -0.1290571326920622 -0.0010213742933155275 -0.02494911839123922 0.9996882005199834 218.94153214691582
0.999977153542014 0.006743416518049144 0.0004676787016738345 1.0925592921922895 -0.006753085907462593 0.999657559706669 0.025281597730236083 -0.1229252102443677 -0.0002970342284122811 -0.02528417804483984 0.9996802599250482 220.41795774388217
0.9999839012204479 0.005673436864555772 9.701003921799498e-05 1.0782328305892654 -0.005674092019700929 0.9996727955401534 0.024942064201867835 -0.10552942443413957 4.452893513326797e-05 -0.024942212748826145 0.9996888936131741 221.85652703922963
0.9999699906386593 0.0077030560121663545 -0.0008250721033999575 1.0857005363942158 -0.007679934454622384 0.9996557076929389 0.025089534003063116 -0.09225086927724356 0.0010180542111309105 -0.025082444220717676 0.9996848676112721 223.37031410904817
