1.0 -3.469446951953614e-18 0.0 -1.7787691892340307e-19 0.0 0.9999999999999999 -3.5405977195229754e-19 0.0 2.168404344971009e-19 -2.354751593366955e-19 1.0 0.0
0.9999998570346371 -0.0005241580150490022 -0.00010578162797944069 -0.004844308442959241 0.0005243308114882082 0.999998518029149 0.0016398218186630166 -0.02321843429410756 0.00010492195570033658 -0.0016398770807975736 0.9999986498965783 1.3101214743244487
0.9999991574942083 -0.0012934193635697425 -0.00010990473500780448 -0.01221312792976078 0.0012936457438579452 0.9999969906478231 0.002084508005892219 -0.0404904416125732 0.00010720827209011164 -0.0020846484676594885 0.9999978213714694 2.610713328070534
0.9999958110858975 -0.00286025565834477 -0.0004435669686962149 -0.01680598890009636 0.0028607097057745667 0.9999953818484671 0.0010259714600375494 -0.07534435801837515 0.0004406304178315339 -0.001027236097079162 0.9999993753156483 3.9428063292447
0.9999954731340481 -0.002998943135943292 -0.0002450620249758663 -0.020994984044658244 0.0029992890533212645 0.9999944899668715 0.001422777757356571 -0.09425741900574461 0.00024079386679923395 -0.0014235063544382656 0.9999989578237464 5.250597680159148
0.9999941966554579 -0.00339408991021853 -0.0002946411466829145 -0.021705260374935018 0.0033947216742883854 0.9999918833058487 0.002170064981229679 -0.10603388825535766 0.0002872733857890294 -0.002171052652707914 0.9999976019997323 6.5800630189669125
0.999987310335359 -0.005033081491672208 -0.00021740553063131964 -0.021590940225721146 0.005033740483142628 0.9999823896838526 0.003143528554715515 -0.12879306575723073 0.00020158008660385845 -0.003144583085703196 0.999995035469486 7.910791099115463
0.9999898426057033 -0.004501477066361212 0.00022670685342494976 -0.02809717327311059 0.004500511123383051 0.9999814837462508 0.004096041675420617 -0.1559783298167004 -0.00024514091040685974 -0.004094979850659979 0.9999915854878321 9.217786911925932
0.99999107766544 -0.004202411656331818 -0.00042933763426446724 -0.032573727599879976 0.004203564539124894 0.9999874658816001 0.0027199482842462878 -0.1666912598884599 0.00041790194834011394 -0.0027217288151798924 0.9999962087685075 10.572985084744715
0.9999993410679848 -0.001045287356170807 -0.0004745933241881825 -0.04213720045853588 0.0010452372096956004 0.9999994481163543 -0.00010604030214852122 -0.18758751373635882 0.00047470394495638564 0.0001055441721674551 0.9999998817586551 11.88706258975788
0.9999967957456303 0.0024936374492427697 -0.0004361944506955284 -0.04409192888623381 -0.002494065889025454 0.9999964056097089 -0.0009840770209383859 -0.20935278271507332 0.00043373898721638126 0.0009851617825605962 0.9999994206634915 13.223732707725508
0.999989587927213 0.004562027607348244 -0.00010923520956507976 -0.06527100607135718 -0.00456210163587498 0.9999893592713972 -0.0006845301348691502 -0.22874654843832012 0.00010611120995899083 0.0006850213595415292 0.9999997597430852 14.562884726387397
0.999983701459863 0.005696973870559196 0.00037588899749842436 -0.07934195929766326 -0.005697021287178873 0.999983764133846 0.00012421157101346995 -0.2565857694268936 -0.000375175296515363 -0.0001263510007143516 0.999999921639185 15.907005182861916
0.999992978769285 0.0037172922458757127 0.00047343875174809635 -0.08313680452626723 -0.0037186020252436202 0.9999891775687478 0.002795845267019155 -0.2789980328946135 -0.00046304069116097357 -0.0027975862246545848 0.9999959795441544 17.261547783177548
0.9999994803367878 -0.00027195487552405563 0.0009825317099346447 -0.0742261450199205 0.00026677259759117986 0.9999860740685129 0.005270720988326116 -0.2980565503299731 -0.0009839515043912135 -0.005270456239659582 0.9999856269618523 18.604366987841175
0.999995757161856 -0.0028011793057049865 0.0007994110359472182 -0.07450889213564213 0.002798743276979647 0.9999914853680623 0.0030325274641124023 -0.31765518184744734 -0.0008078989480524675 -0.0030302773082506087 0.999995082346973 19.950949021355118
0.9999906136841783 -0.004279377991233778 0.0006778453553437324 -0.07338343260445843 0.0042787756151345425 0.999990451681859 0.0008880419132548788 -0.33627199834402133 -0.0006816392066675014 -0.0008851332432509568 0.9999993759529369 21.292930638090514
0.9999978255175376 -0.0018184108183008068 0.0010209537271985603 -0.0802043007537101 0.0018189131999356272 0.9999982251145748 -0.0004912431023558396 -0.3777305504749869 -0.001020058719831309 0.0004930990723082424 0.999999358165783 22.67142175473238
0.9999967661875703 0.0012210814892962612 0.002230823908179106 -0.0922732217027634 -0.001223980182202893 0.99999840795731 0.0012984441600765167 -0.3906020914520201 -0.0022292350378956176 -0.001301170470171533 0.9999966687263335 24.01947758040811
0.9999952243289832 0.0017329732633533292 0.002558930097525539 -0.1125811995333732 -0.0017488285134250239 0.9999792082713694 0.006206820863021671 -0.40926831097538063 -0.0025481208487532726 -0.006211266472880397 0.999977463369632 25.416929236557667
0.999995055579813 -0.0006928408428787513 0.0030673755054794697 -0.08867487503943242 0.0006715126043756459 0.9999756309995688 0.006948847018692614 -0.42503684634357053 -0.0030721154555683385 -0.00694675301324601 0.9999711519474693 26.78435538917591
0.9999848180487618 -0.004705276130863023 0.0028677619214071085 -0.09289244088791518 0.004689054185643277 0.9999731154452374 0.0056374772758743365 -0.4395507240591592 -0.002894210949863674 -0.0056239447018169055 0.9999799971932446 28.151080654982604
0.999982275978813 -0.00522417400240837 0.002855826438135444 -0.09280853445532024 0.005214425616862707 0.9999805890026314 0.00341048032526606 -0.45350264412436336 -0.0028735881860668987 -0.0033955284438913283 0.999990106388304 29.514999706621474
0.9999803495385823 -0.0050734476964076295 0.0036824823489990826 -0.10138074440147679 0.005069676674197238 0.9999866158141659 0.001032745957487697 -0.4995815655551591 -0.0036876729550308794 -0.001014056681787182 0.9999926863496934 30.889839661781025
0.9999901192138999 -0.0016165107455874995 0.004141059639017124 -0.10895114449392107 0.001614956330816035 0.9999986242459369 0.0003787080279807996 -0.5108333261333221 -0.004141666477125462 -0.00037201665829137326 0.9999913540614023 32.27235269309675
0.9999875224712371 -0.0009062400550327813 0.004912599892600346 -0.10984522020064696 0.000911728840256143 0.9999989625930705 -0.0011151511103571743 -0.5456466099989514 -0.00491158461754953 0.0011196161817884694 0.9999873113147741 33.65316226072161
0.999988084322519 -0.0005149502839611967 0.004854487145626741 -0.1281413546214939 0.0005209838310642357 0.9999990933887739 -0.0012416910984160907 -0.5590990270284175 -0.004853843746476986 0.0012442054410040848 0.9999874459952667 35.051432842166136
0.9999895116938816 -0.00046380194012148913 0.004556467486584806 -0.12089344861482948 0.00046084491857137193 0.9999996825556725 0.0006500074485190949 -0.598875062994416 -0.004556767899400932 -0.0006479008148601856 0.9999894079867615 36.44199986845977
0.9999920736546117 0.0002720468355404135 0.003972231459801694 -0.11400463783891733 -0.0002793323726471451 0.9999982798068242 0.0018336730796230012 -0.606343792614809 -0.003971726116007316 -0.0018347681512735452 0.9999904294607247 37.85719132022902
0.9999907402124746 0.0020802582076782736 0.00376722922035157 -0.11636315408489886 -0.0020864241017464853 0.9999964892628244 0.001633493156659302 -0.6107382829444973 -0.0037638182239310494 -0.0016413380995815635 0.9999915698031252 39.246408637514065
0.9999779557627022 0.005301233428503107 0.003998112942816665 -0.12064800231627909 -0.005308359246354092 0.9999843375226957 0.001773708419189939 -0.6472844089507158 -0.003988647816060338 -0.0017948927751385974 0.9999904344762786 40.64653652527491
0.9999572728632038 0.008134403708813503 0.004391345107071504 -0.1303738086085411 -0.008145445614967677 0.9999636943348307 0.0025023479041812666 -0.6802654691113619 -0.004370830936126087 -0.0025380105014620883 0.9999872270859242 42.05435102897883
0.9999545565926128 0.008558651744274517 0.004199311401981977 -0.13463318682958936 -0.00857027271327494 0.9999594736778288 0.002757071948324972 -0.6924965551500648 -0.00417554475184358 -0.002792935959708508 0.9999873820855651 43.447168458329
0.9999613606989615 0.007975719178721731 0.003696620086388514 -0.13386037007734294 -0.00798452257254766 0.9999653082002032 0.002372722492395539 -0.7204719348819149 -0.0036775679850425125 -0.002402146609039537 0.999990352544123 44.866526603813725
0.9999701757077176 0.007144184266742228 0.002933993024438593 -0.1324726967084412 -0.00715019144285645 0.9999723522833829 0.0020419220693563595 -0.7406649944936732 -0.002919324284201768 -0.002062839826045771 0.9999936110966803 46.270387343961836
0.9999766997705224 0.006443715532440355 0.002253538558293444 -0.14823966686408724 -0.006449882887426027 0.999975445186783 0.0027400815463339973 -0.7645158321669372 -0.00223582710418123 -0.0027545528189948645 0.9999937067369166 47.69105869486213
0.9999761239110049 0.0067870871737252415 0.0012988623611569878 -0.15122655890488879 -0.006791994659821275 0.9999696698262557 0.0038115940644327185 -0.7899235968737773 -0.0012729534501624048 -0.0038203250041534916 0.9999918923198129 49.099295536905714
0.9999724790540715 0.007412744407782338 0.0003038743683742241 -0.1677878484984042 -0.007413888751957559 0.9999646996791524 0.003953942829125442 -0.8143535877300755 -0.0002745540943846858 -0.003956086987067013 0.9999921369671999 50.52866462692652
0.999973113454001 0.007293910757608706 -0.0007557899502736863 -0.1661415773296343 -0.007291084138321644 0.9999666551164578 0.0036781465164913273 -0.8293146854795717 0.0007825928896371492 -0.0036725371743246923 0.9999929499856931 51.95907890994706
0.9999658472452149 0.008082242214567872 -0.001726755241621587 -0.1871213356721933 -0.008073098799083142 0.9999536912400696 0.005238364934591464 -0.8527769909481373 0.0017690131651535794 -0.005224245874928313 0.9999847888101555 53.37655275898586
0.9999766312496691 0.0063298332634831155 -0.0025826629679572086 -0.19425876385397356 -0.0063134340766030795 0.9999601654001717 0.006309371932381286 -0.8702432774955031 0.0026224975872572946 -0.006292919148865973 0.9999767605705869 54.81968936912925
0.9999842703651265 0.004606215517785655 -0.003200279096227954 -0.19219417937616243 -0.004585977664835999 0.9999696220239425 0.0063026855624181465 -0.882801931899982 0.0032292136839619503 -0.006287910145105997 0.9999750168741607 56.22678972355237
0.9999890544807657 0.00281597687973244 -0.0037364663628006696 -0.20346000817657606 -0.002794756072312981 0.9999800055936342 0.005672543969082266 -0.9094886190052194 0.0037523657285544938 -0.005662039484892574 0.9999769302682325 57.66130338374829
0.9999924324413281 0.0010737115810410059 -0.0037392773081958664 -0.21328532331883077 -0.0010511196046773443 0.9999812153362772 0.0060385530051892825 -0.9260401505645014 0.0037456910527905434 -0.006034577003208025 0.9999747765255981 59.10660182195211
0.9999944270171808 0.00011927953461095611 -0.003336420346434195 -0.22757319267268478 -9.664867177097344e-05 0.999976995157424 0.006782316219204084 -0.948044014444397 0.003337152871642452 -0.006781956097353683 0.9999714338370447 60.50926465197921
0.9999958416925443 -0.0012741195197784518 -0.002587124757296733 -0.2493887258549666 0.0012942364399763182 0.9999688275752101 0.007789019557463042 -0.9670423367417245 0.002577120192679881 -0.007792335674166039 0.9999663184142967 61.94378022108232
0.9999914359959161 -0.0033006337544147155 -0.002496748277146334 -0.24226425117520967 0.0033186949346375207 0.9999681056115761 0.007264572723465511 -0.9873570519714344 0.002472691166033124 -0.007272796598324821 0.9999704956819445 63.36084536751089
0.9999891435340812 -0.0044334133555337645 -0.0014344558424932061 -0.26058406227034203 0.00444288945522333 0.999967875287154 0.006671515517385156 -1.013293935711823 0.0014048322994589988 -0.006677816346407623 0.9999767163385196 64.77399817479319
0.9999894024123351 -0.004472303678762307 -0.0010925049354950265 -0.2720135478537706 0.004479226424013192 0.9999693708620788 0.006418244363986009 -1.0293631761043853 0.0010637672305484984 -0.006423070047092626 0.9999788060623414 66.22408855759792
0.999993427385499 -0.003598763473622313 -0.0004405582706568118 -0.27719397506103416 0.0036014997331664 0.9999731899608072 0.006375621744674506 -1.0463867753135698 0.0004176021453287512 -0.006377166633941302 0.9999795784697268 67.60512607051692
0.9999998519461876 -0.0005409791051306304 -5.8736547709116764e-05 -0.28358162652281227 0.0005414165335365095 0.9999700451033582 0.007721124338533547 -1.0655960252082712 5.45578322341722e-05 -0.0077211551481409435 0.9999701899501423 69.03967033551154
0.9999953086566227 0.0028417253431885685 0.0011433539747480975 -0.31536990146822985 -0.0028519136076476676 0.9999553423066929 0.009009993528892745 -1.0905715572278691 -0.0011176990755845681 -0.009013212185591537 0.9999587555274819 70.43643781736377
0.9999790396802156 0.006196164914285869 0.0018782253840971988 -0.32521393124527365 -0.006214270315322683 0.9999327481972785 0.009791932209500993 -1.1043442999403645 -0.0018174267893059754 -0.009803398964207804 0.9999502939293033 71.87028117246562
0.9999359446673539 0.011045239076197526 0.0024716863353584253 -0.33748652331346035 -0.011069410757209762 0.9998888376166277 0.00998902285638916 -1.1272191451348275 -0.002361080623347096 -0.010015743321461778 0.9999470536904224 73.25555242372454
0.9998867775168584 0.014711919464022997 0.003160939521685456 -0.34102064519060316 -0.014739375712309086 0.9998522425763924 0.008845555589993026 -1.1382917769914018 -0.0030303376177463204 -0.008891144533484097 0.9999558813276004 74.65182407421277
0.9998657320156218 0.015927719574046116 0.003850409369334523 -0.34985843981485887 -0.015961976230921875 0.9998317696444612 0.009035915219899309 -1.151497972136473 -0.003705840396663411 -0.00909616231707715 0.999951762124727 76.06489139834031
0.9998572225733979 0.01635634612479659 0.004243155697175463 -0.34767390241690577 -0.01639520766549074 0.9998224192350195 0.009291243272322438 -1.1690451882202157 -0.004090431742545036 -0.009359484305004618 0.9999478328491861 77.45461480592822
0.9998802610237834 0.01476223679103461 0.00464111485190687 -0.3550227571949635 -0.014806220953564892 0.9998443935572352 0.009589813773583786 -1.1877651903238202 -0.004498825936106732 -0.009657383069059852 0.9999432461471742 78.84996442230064
0.9998798598141306 0.01486206884121458 0.00440281891854896 -0.3567063281627654 -0.014900531324425967 0.9998499419331641 0.00883559948153986 -1.2115788723052865 -0.00427084330693513 -0.008900142495515908 0.9999512724921705 80.24385775607551
0.9998913744078124 0.014197300352884601 0.003959294900729107 -0.35510587021371187 -0.01423203468075738 0.9998592257459213 0.008886951836601698 -1.2261537520631676 -0.0038325671270170924 -0.008942335492541408 0.9999526719116546 81.63497337209697
0.9998946880774828 0.013890614845019852 0.0042028018615182065 -0.3724145567685734 -0.013928004364666872 0.9998624812554178 0.009001627875386508 -1.2453366173148757 -0.00407718608976816 -0.009059216725196871 0.9999506523543342 83.01576352892634
0.999896482057603 0.013969773145569827 0.003445370223505914 -0.36930090671356447 -0.013998996569078142 0.9998649505185337 0.008608649853473453 -1.263269698076771 -0.00332464431731558 -0.008655990608294334 0.9999570093585 84.39182991145717
0.9999081049931301 0.013181372002504951 0.0031674867743564754 -0.3883564751604281 -0.013210043045306277 0.9998703481879763 0.009207692810876626 -1.2743324945465477 -0.0030457063304503273 -0.009248689496424253 0.9999525915834997 85.77059441504178
0.9999107364429629 0.013242070020088453 0.001779521625742778 -0.3897844908901713 -0.013259863751967495 0.999858107898614 0.010389423078853606 -1.2987418340884307 -0.0016416917889344042 -0.010412092110321585 0.9999444450504166 87.15798379904756
0.9999324711922307 0.011589938845002642 0.000852259728188991 -0.3990165966624991 -0.011599140251536421 0.9998639653689555 0.01172649671400657 -1.318221008167605 -0.0007162344633322101 -0.011735590557381236 0.9999308790739967 88.54711953840919
0.9999558791746577 0.009372349863423121 -0.0006314587319305562 -0.3981095909242641 -0.009363863017868934 0.999880280906856 0.012318357808462336 -1.3306766937241916 0.0007468351658630188 -0.012311901669730861 0.9999239267666148 89.91901392006407
0.9999727482249222 0.007258789991587599 -0.0013463869848360241 -0.4046150305471149 -0.007242099197966688 0.9999016124753243 0.012013216847969412 -1.3381175824787312 0.0014334560657580239 -0.012003139041685755 0.9999269322624085 91.30329257112246
0.9999799535963689 0.006064571371441778 -0.0018202648613575149 -0.41514914234048583 -0.006043084576917824 0.9999146135118947 0.011586493086217231 -1.3495456055754695 0.001890376718325568 -0.011575261038517068 0.9999312175420813 92.67456349308681
0.9999870154145859 0.004682531509154164 -0.0020106935205156527 -0.4266030418879541 -0.004658766516410224 0.9999210995384687 0.011665787456130621 -1.3710866849560968 0.0020651604768608762 -0.011656268864075555 0.9999299308032474 94.01598924450562
0.9999872550889229 0.004462393593383443 -0.002361501746834098 -0.44240973328914857 -0.004435757122620891 0.9999278073455685 0.011167101695781336 -1.3820663751580735 0.002411163479320009 -0.011156484549138698 0.9999348574539082 95.3690571107244
0.9999859626602841 0.004711545685930997 -0.002424006254388363 -0.47177214817731516 -0.00468497599118795 0.9999301344544015 0.010852521142366928 -1.397060956608356 0.0024749692666622826 -0.010841012610030554 0.9999381715790481 96.73307495129255
0.9999785100293532 0.006106519761390912 -0.0023853468076198998 -0.4767368448268708 -0.006082321358604169 0.9999312640565984 0.010023599050838284 -1.415353592690726 0.0024463923686904553 -0.010008875402091378 0.9999469173837088 98.07887273730597
0.9999719314215826 0.007170653464593352 -0.002172113983209126 -0.4856523625072886 -0.0071482130215658 0.9999227472709504 0.010168704545512152 -1.4212041300452436 0.002244862635423943 -0.010152892598400002 0.9999459382241306 99.41458342918905
0.9999692677518618 0.0076031587528244595 -0.001911938657733533 -0.5007403882815499 -0.007580590570984612 0.999904601336592 0.01154655291610317 -1.430439996535695 0.0019995467140308475 -0.011531704675148191 0.999931508458374 100.77969450573136
0.9999607833705597 0.008634304022482124 -0.001969896636746681 -0.5178711377077662 -0.008607421013984045 0.9998748990458112 0.013270213825940201 -1.4530078427988817 0.0020842294477125857 -0.013252737952690814 0.9999100064171883 102.08980042467878
0.9999669666545472 0.00799697920522079 -0.001453927003886746 -0.530008140183291 -0.00797887158937312 0.9998954323611223 0.012060761335437854 -1.4666623049494742 0.001550224768012486 -0.012048762476140559 0.9999262093439985 103.44727595598476
0.9999612415831352 0.008608970620256194 -0.001844162263023226 -0.5461415622473688 -0.00859161776112574 0.9999205868844928 0.009219763800689245 -1.4681004412945886 0.0019233886574849702 -0.009203562309544434 0.9999557965345697 104.7755596771666
0.9999683309005457 0.007792895420249696 -0.001614917222803633 -0.5514176839755613 -0.007779668208278887 0.999937403950593 0.008041452433694541 -1.4821613794016264 0.0016774824809751361 -0.008028634413535062 0.9999663629778569 106.09849315211898
0.999982649828619 0.005579376007282831 -0.0018896007017651778 -0.5550478763647032 -0.005561041038587975 0.999938710810008 0.009573372136261334 -1.5001285713400418 0.0019428985040479988 -0.009562698083895725 0.9999523888451779 107.4556335922987
0.9999955131570385 0.0027817585900922533 -0.0011115206264290373 -0.5738457458355746 -0.002768524847497262 0.99992730543316 0.011735378988395412 -1.5145080169953808 0.0011440849222222578 -0.011732249295419132 0.9999305202874563 108.77551664325972
0.9999995427337138 0.0009490702428486403 -0.00011745745391575704 -0.593412181335375 -0.0009474992024903406 0.9999186232551404 0.012721993140969863 -1.533534584474029 0.00012952198190279546 -0.012721876284362757 0.9999190652712712 110.13539903296198
0.9999998773242859 5.050292030030386e-05 0.0004927489415567903 -0.5993688571045824 -5.628638809976501e-05 0.999931032750112 0.011744214359528878 -1.5479752705343275 -0.0004921218729835746 -0.011744240884969843 0.9999309129263184 111.45195428410972
0.9999982946986138 0.0014807162467498141 0.0011036658442237933 -0.6127102750874327 -0.0014907982702676232 0.9999566523770884 0.009190804478766008 -1.5628961385457962 -0.0010900091141868961 -0.009192434330231963 0.9999571545984045 112.78032125822068
0.9999868498937199 0.0046994569165445844 0.0020530801326039886 -0.620478737050848 -0.004713717964366691 0.9999644086853783 0.006997301808837766 -1.5760228969663623 -0.0020201237077438136 -0.007006887574336407 0.9999734109594457 114.1299824509944
0.9999649511187199 0.0075380079536475995 0.00364348167698779 -0.6308130941395544 -0.007562708465286312 0.9999481882662097 0.006813680201837435 -1.5850906302141177 -0.0035919316248170024 -0.006840996117373776 0.9999701489528184 115.43201228440816
0.9999504297273887 0.00869402373684844 0.004853042928087963 -0.6298847388364363 -0.008737304188902324 0.9999216025726838 0.008969294299721703 -1.6019574132726302 -0.004774683601221334 -0.009011252382043597 0.9999479985101121 116.79161727943043
0.9999426349598074 0.008801587183790835 0.006104001927454255 -0.6321760209777972 -0.008869813985475377 0.999897469134658 0.011241780701404762 -1.6092252308591533 -0.006004431064758975 -0.011295277402345965 0.9999181784095017 118.10642498230456
0.9999468506806637 0.007640586835180912 0.006922227745576076 -0.6249007186728464 -0.007724427606329966 0.9998961423664486 0.012167074857196468 -1.62237829914747 -0.006828545795085955 -0.012219898673687625 0.9999020177180726 119.46428748994882
0.9999377982390486 0.007656588267846091 0.008110258906601615 -0.6289531232025876 -0.007750044908813588 0.9999032030412907 0.011555144475655636 -1.6310962281205443 -0.008021001543517073 -0.011617280824376307 0.9999003461934196 120.80669155976183
0.9999127084805114 0.009550410379131244 0.009130447208567294 -0.6243611982260441 -0.00965206467021348 0.999891195760541 0.011155012585245927 -1.6455787208619543 -0.009022919583254777 -0.011242166735721135 0.9998960949049607 122.11519040408886
0.9998824282289542 0.01147940707185507 0.010166263416036417 -0.6368953064081324 -0.011595252784287665 0.9998676680881047 0.01141036582214352 -1.6623538446543127 -0.010033934700201082 -0.011526904907221696 0.9998832184884519 123.48890789390403
0.9998552672934546 0.01280199649339344 0.011205058071712386 -0.6398388624915381 -0.012915792915933606 0.999865142023633 0.010142982186789967 -1.6738917693509718 -0.011073697486162765 -0.010286236578720178 0.9998857767553899 124.81690146380036
0.9998305273314976 0.013519447964286373 0.012495643834156394 -0.6409833964596531 -0.013642097467181645 0.9998590855873215 0.009782748899352937 -1.683206983444161 -0.012361626690598596 -0.00995155797832619 0.9998740704090942 126.1612430058432
0.9998269766740353 0.013148653585209997 0.013157872040924078 -0.6171698419240446 -0.01327770308787007 0.9998641264457113 0.00976889335063352 -1.7050199928388072 -0.013027637533221456 -0.00994190961785942 0.9998657105286342 127.50169456878756
0.9998172369928887 0.012854376477498125 0.014151239888198488 -0.62061367284111 -0.01300295394444488 0.9998607698272681 0.010457732903477327 -1.7223256360967092 -0.014014843149347431 -0.010639829745430134 0.9998451771114643 128.85531895287662
0.9998148943136707 0.01217994372929055 0.014893826032736635 -0.6060727529009995 -0.012356629023506309 0.9998536833276012 0.011829018591008536 -1.7372612869347646 -0.014747571274206622 -0.01201086668948231 0.9998191077504264 130.20058372996928
0.9998343928724795 0.010245852602034342 0.01504025645365518 -0.5873803448068204 -0.010431137865340565 0.9998700292106897 0.012292927569888715 -1.7466175046346044 -0.014912351386530047 -0.012447779003109597 0.9998113194870373 131.5233361083436
0.9998507592473042 0.008296926600332714 0.015153224983272706 -0.5871045956796619 -0.00848614980488777 0.9998862859603983 0.0124659706151178 -1.7530938183351936 -0.015048073867693277 -0.012592702963814203 0.9998074711190923 132.8829214071151
0.9998642477939567 0.006560304541092257 0.015114508861038288 -0.5687681484636813 -0.006763351471430302 0.999887044955148 0.013422161383429302 -1.7626006712492202 -0.015024749393954154 -0.013522564290471507 0.9997956777071174 134.2353660828229
0.9998865059612103 0.0053442397553670334 0.014085960824883765 -0.5423828546646583 -0.005530212204831483 0.9998976235306473 0.013196939659917323 -1.7791603033477457 -0.014013992318290211 -0.01327334049270071 0.9998136958711721 135.5620719425264
0.9999125227566082 0.0029571538144907237 0.012891938416787194 -0.5566922047373235 -0.0031256437927663135 0.9999097131304787 0.013068892023799737 -1.7827451088043187 -0.01285212879584059 -0.013108044650595316 0.9998314867766561 136.9094772083507
0.9999245397558765 0.002073210413553633 0.01210853397704118 -0.5385987883182235 -0.002251868305346974 0.9998885332378495 0.01475974885463859 -1.797505664922585 -0.012076585221707641 -0.014785902187453561 0.9998177499853348 138.23936401685447
0.9999388124685156 0.001276081223348608 0.010988309251332068 -0.5259442478886027 -0.0014386502161788835 0.9998894457924729 0.014799543050499159 -1.814124620255019 -0.010968209943536701 -0.014814446120507307 0.9998301008452456 139.5963971925674
0.9999502853287199 0.0003996285227995909 0.009963291336740104 -0.5337715465873737 -0.0005471988362543024 0.999890130642206 0.01481307572104405 -1.82261180225112 -0.009956277778199159 -0.01481779147953234 0.9998406400960583 140.93261052900672
0.9999634577179672 -0.00014805310111369943 0.00854759124897916 -0.5307382032003363 2.26541072926717e-05 0.9998924053973564 0.01466891642969339 -1.828282937753754 -0.008548844063453052 -0.014668187037994752 0.9998558703899791 142.2951595012964
0.999973365822422 0.00018587185348117527 0.007296101959165875 -0.5191414155664926 -0.0002885393919423631 0.9999009283833045 0.014073029449603308 -1.8373458726290186 -0.007292763947420313 -0.01407476011047488 0.9998743504665011 143.63896213283977
0.999977219051571 -0.0014065565987466389 0.006601741058851517 -0.5264801050453842 0.0013249783455466131 0.9999229167086199 0.012345244696684247 -1.8501554049008557 -0.006618597009567156 -0.012336216533033503 0.9999020011648021 144.99117901751623
0.9999571840257163 -0.007837885455641631 0.004919113864397502 -0.5201792263567812 0.007783786410903519 0.9999100543954514 0.010922260551618957 -1.860498630364537 -0.005004279252389082 -0.010883503777178585 0.9999282506924517 146.31652123890134
0.999871984089626 -0.015514948611676474 0.003911753648362892 -0.5102943589377807 0.015458500542933446 0.9997815117504035 0.014069950529546174 -1.8637939655998212 -0.00412919387208092 -0.01400767976697817 0.9998933616472792 147.65836163549295
0.9997384701612497 -0.022732424637800955 0.0024956274831050415 -0.4929685209635688 0.022690899260228724 0.999621304684638 0.015568246576086004 -1.877968359699707 -0.002848586619173359 -0.015507547269201892 0.9998756930414169 149.00440488971566
0.9996607123959058 -0.02601706014931922 0.00125406281951833 -0.4991295974822295 0.025998702825616914 0.9995783931009593 0.012926851668865461 -1.8951576620125314 -0.0015898528973069723 -0.012889861974629258 0.9999156583576446 150.3280259693781
0.9996671220336538 -0.025736125498604143 0.0018157562423648033 -0.49686513350518235 0.025718553083389016 0.9996276572838447 0.009116074759344214 -1.897543960554203 -0.0020496927666936505 -0.009066341752956054 0.9999567991702503 151.6967697767523
0.9997349248298353 -0.02287505664489066 0.002609955117794606 -0.5115123257035056 0.022855991584725503 0.9997134481140895 0.007115146061017816 -1.9016303847831777 -0.0027719668262047624 -0.007053607019528324 0.9999712810007269 153.04245087365132
0.9997372891312226 -0.022628644892530303 0.0036465269764134074 -0.5127809884837519 0.022601788705259012 0.9997182916470234 0.007245446034909539 -1.9244799724755899 -0.003809454659116339 -0.007161124665993235 0.9999671026319042 154.37164383682938
0.9996579717964501 -0.02584253763831451 0.00401281394851874 -0.5091955417385629 0.02579870968043193 0.9996107995577561 0.01061489445307224 -1.9353340300722766 -0.004285568320644742 -0.010507738621584878 0.9999356085927446 155.72056980396005
0.9995243130789213 -0.030508689055831907 0.00451303121260916 -0.5018770838285845 0.030443317986988794 0.9994397454492642 0.013906818893904074 -1.9573219554555035 -0.004934781983215164 -0.013762812201668657 0.9998931107508763 157.06513185133866
0.9993744460174958 -0.035050093774322014 0.0047124894052430885 -0.49528994620898414 0.03497618133135977 0.9992763846835766 0.014945694027508609 -1.954686096302074 -0.005232927780374222 -0.014771520065217042 0.9998772017914402 158.39949835907544
0.9993269172556847 -0.03642058886815028 0.00438783923338283 -0.4764732943891647 0.036349452112302054 0.9992215879128603 0.015327609099118242 -1.9729827319799205 -0.004942664638104848 -0.015157797064723928 0.999872897550169 159.75274371575208
0.9993756866348832 -0.034924848955635364 0.0053377778180306295 -0.47570605343567174 0.03483732471797147 0.9992697592071874 0.015694239591431795 -1.9786532285754195 -0.005881999383867692 -0.015498487842764357 0.9998625900384681 161.10289910307512
0.999500723451491 -0.030924558673601613 0.006478849089164684 -0.4732493072086853 0.030823363523489536 0.999409615939623 0.015176950750053384 -1.9870646732351562 -0.006944365156202336 -0.014969673599526888 0.9998638330615895 162.46130987932676
0.9995839089557723 -0.02788974246339549 0.007360110305426288 -0.4840892276979478 0.027794248397768916 0.9995320568271766 0.01277290614090752 -1.9838519735084161 -0.007712899894302754 -0.012563022934997078 0.9998913349098608 163.80513351486746
0.9996324522785719 -0.025798209305403108 0.008331431685106654 -0.47850868418996795 0.025696026974551606 0.9995959948374087 0.012147481205798826 -1.9950424820681665 -0.008641449725005485 -0.011928931941794651 0.999891507077996 165.16627506380482
0.9996979657067327 -0.022903152579033567 0.008911956799313414 -0.4755291282638793 0.02277826742081089 0.9996443062592153 0.013871246815585167 -2.0082992300327898 -0.009226482921267544 -0.01366405853242424 0.9998640735198533 166.51712876955673
0.9997093357723521 -0.022678130986342068 0.008182075227825105 -0.45317330861762184 0.02256197650208864 0.9996471379177234 0.014019873759015072 -2.0152564952805 -0.008497133322417028 -0.013831195142553977 0.9998682397019966 167.843762486589
0.9997552094489397 -0.02079786717556493 0.007547841627070762 -0.4739374474709885 0.02070731045091003 0.99971494827114 0.011884001312818814 -2.019956029401782 -0.007792852630091387 -0.011724796930621879 0.9999008953802204 169.23883664143654
0.9998064154235181 -0.01809808140719437 0.007719529932587765 -0.4603404576709068 0.018029551890503027 0.999798227078907 0.008856657254892574 -2.0336293933579612 -0.007878261501849178 -0.008715763228685235 0.9999309818496451 170.5981354947204
0.9998820125602425 -0.013501404211032709 0.007326189982693085 -0.4497581703900586 0.013446978574986808 0.9998819939110234 0.007428122751842459 -2.0236972925307612 -0.007425616156071395 -0.007328731334994556 0.9999455734773629 171.9485188338943
0.9999334249115183 -0.008617510723741102 0.00767360864528323 -0.47241362066232656 0.008549934029255968 0.9999247604921102 0.008796133873249486 -2.045703744657148 -0.007748832711883447 -0.008729939581336037 0.9999318695502661 173.32203504688206
0.9999496427630934 -0.004251415826783381 0.00909051231327689 -0.4971290085417814 0.00415203433394018 0.9999317161366018 0.01092353722940775 -2.0697918612514727 -0.009136332840031295 -0.010885243234869928 0.9998990143502808 174.70278978765725
0.9999503396019899 -0.003742799216153815 0.009236330224358394 -0.4879077491586344 0.0036213908120250413 0.9999072848475608 0.013126584751019384 -2.078356442316665 -0.009284604821496126 -0.013092484765809348 0.9998711831801057 176.07927165388514
0.9999472481565269 -0.005695476163936033 0.008547658716998374 -0.473731150457381 0.0055680883187588775 0.9998741724461901 0.014853809418484654 -2.085392226764905 -0.008631183420550111 -0.014805432014424191 0.9998531401435016 177.4588970991298
0.9999322464145973 -0.009272908085646223 0.007036744418356136 -0.4825413419946522 0.009167810175687642 0.9998480920960935 0.014823763786124747 -2.083129190633163 -0.007173135473943226 -0.014758248163840748 0.9998653610552205 178.8690545797573
0.9999402795708621 -0.009893353602958935 0.004643152084978699 -0.4550650818462335 0.009842878750078353 0.9998935488322943 0.01077073480095199 -2.089355012382535 -0.004749216895929004 -0.010724389784993939 0.9999312138346726 180.20840597947085
0.9999569469283317 -0.008865908312677277 0.002738607759248861 -0.4711387505837319 0.008848436402103095 0.9999408314692352 0.0063276158991765145 -2.0996261541713115 -0.0027945460126713277 -0.006303111194460091 0.9999762303674226 181.61927378126336
0.9999905777077014 -0.0034471434105086476 0.0026385045798904094 -0.5034712138866402 0.0034320427274287576 0.9999778278103683 0.0057065720156126145 -2.1173834730875236 -0.0026581176703587926 -0.005697462893661117 0.9999802364671703 183.0161316390962
0.9999964793712336 0.00010147149328258026 0.0026515942325373546 -0.5165421905266371 -0.00011998451395126702 0.9999756140261727 0.006982618060985408 -2.127576717165551 -0.0026508212525082025 -0.006982911763575444 0.9999721056551519 184.3539045183517
0.9999933656926931 0.0018297927986382348 0.003149671364163294 -0.5091698573999003 -0.0018616252965288366 0.9999469219824325 0.01013348750167645 -2.1329941078974755 -0.0031309622598999776 -0.010139283979587826 0.999943694412384 185.80167944463244
0.9999892900231091 0.0028217528353104825 0.0036684532687372515 -0.5249209436626219 -0.0028675040285395543 0.9999174272488346 0.012526615866914868 -2.1548202344102427 -0.0036328036376687693 -0.012537001257978506 0.9999148095400219 187.16078623545056
0.999991667859741 0.0011507176653485643 0.00391663920847168 -0.5285172803383971 -0.0012030488256985477 0.9999096905051112 0.013385197203736106 -2.150037266780236 -0.00390088323479589 -0.013389797846210026 0.9999027434826833 188.6047252857712
0.9999935968803869 0.000405107241402497 0.003555571691688122 -0.5073105993988467 -0.0004554014427251172 0.9998996981869661 0.014155782211626377 -2.1687890029861214 -0.003549480740065905 -0.01415731105939429 0.9998934801924927 190.013162072813
0.9999882952108242 -0.0027609750730452493 0.003973218688439882 -0.5302343408172634 0.002700918315267401 0.9998832112156928 0.015042239158342841 -2.172726877109312 -0.004014286235327346 -0.015031332043859638 0.9998789649575638 191.3879355235619
0.9999785422527742 -0.0046538278020004965 0.004610524074647926 -0.5310195181686304 0.004584297623256302 0.9998773096384924 0.014978313421530727 -2.182889771611525 -0.004679665282276726 -0.014956856293532874 0.9998771890505663 192.83307273072623
0.9999612297307713 -0.007669815388855049 0.0043258503142511884 -0.5122157534796562 0.00759916205126601 0.999841194935514 0.01611947983984654 -2.191384857581509 -0.004448797144281823 -0.01608598235328336 0.9998607149887011 194.20393555869083
0.9999125547338152 -0.012296517728880348 0.004866061354819414 -0.5108295449073896 0.012210377703414344 0.9997748666466317 0.017352886788324976 -2.1929969828135225 -0.005078346336471137 -0.017291953240725515 0.999837586187926 195.65384616937638
0.9998664371825282 -0.015746515827076805 0.004376648246465456 -0.5089799063432867 0.01566674852452711 0.9997206135369875 0.017698809060855872 -2.2072576019254195 -0.004654120425121841 -0.017627877642197472 0.9998337847342315 197.0625829096035
0.9998807167860048 -0.014440804147003404 0.005478630389243108 -0.5097340004789055 0.014363762055377434 0.9998009043903289 0.013850411710359731 -2.2074666529928946 -0.005677551168466923 -0.01377006610116783 0.9998890691930781 198.4937167754483
0.9999607214657041 -0.006728433391194388 0.005769204791928062 -0.5234378265381396 0.006678613606185482 0.9999406151237193 0.008611755673574611 -2.2286843393934594 -0.005826806297841795 -0.00857288728588957 0.9999462755210521 199.92412809655673
0.9999750667358689 0.0021068147207085244 0.006739973374586149 -0.5322560851661543 -0.0021600804049947495 0.999966418488882 0.007905437916643967 -2.2411446327069284 -0.006723092304997516 -0.007919799844925872 0.9999460369420042 201.34484233907767
0.9999182158257781 0.00977213193708991 0.008250277690766548 -0.5431414129182163 -0.009868263839738925 0.9998829421044682 0.011692710345351836 -2.2573929905054233 -0.008135049901004414 -0.011773170216602838 0.9998976014690016 202.78466032057892
0.9998864538738859 0.011942439173976355 0.009190075316555838 -0.5387777108441465 -0.012079026934815124 0.9998152307385757 0.014953311134407565 -2.261638563536902 -0.00900979901444488 -0.015062620709829435 0.9998459586248388 204.23642257055963
0.9999189269864031 0.009402431822037271 0.008586833879122232 -0.5371115955326294 -0.00953101739065314 0.9998411869122037 0.015058574838517724 -2.2574715821355853 -0.008443883656216372 -0.01513919555622337 0.9998497415042734 205.6748701353795
0.999946707793343 0.007226426652381031 0.007372945316238323 -0.5293279327462224 -0.007339987870911942 0.999853029467131 0.015493355088300685 -2.277960418539865 -0.0072599007178278975 -0.015546647048456923 0.9998527869677301 207.11372278928096
0.9999664943228465 0.005310878287722918 0.00622934982745765 -0.5249644741718131 -0.005403843845296192 0.9998728448793769 0.015003084636690353 -2.2869005700389997 -0.006148878685117247 -0.015036244677326234 0.9998680426121425 208.55822887930248
0.9999703640048232 0.005123936728736711 0.005745988202638656 -0.5224722070413148 -0.005205961095545188 0.9998834509387733 0.014352090856602854 -2.2773438063708706 -0.005671779775661798 -0.014381579191908597 0.9998804934061093 210.02980818614537
0.999962808056954 0.006681529729856923 0.00545340768558764 -0.5296165196104683 -0.006760118824294784 0.9998716976255984 0.014522020812505039 -2.29175707112872 -0.005355679127907865 -0.014558346681983208 0.9998796783829578 211.49934076724
0.9999579685165414 0.007166364617918743 0.005718776917428096 -0.5384434215139823 -0.007253646397642073 0.9998552509798703 0.015390312219480064 -2.2925190393036288 -0.0056076570030203915 -0.015431147632478704 0.9998652078487328 212.95445040710732
0.9999600537046793 0.0070909077100938895 0.005441508412919426 -0.5325658447170762 -0.007173889666401008 0.9998559108588517 0.015384824853292123 -2.305495864207225 -0.005331632416045937 -0.015423247372585446 0.9998668397027383 214.4117234181626
0.9999664428689453 0.0065251115532072215 0.00495338746467883 -0.5338498199552068 -0.0065939598556681075 0.9998800782294396 0.014012453780668534 -2.30855439021523 -0.004861361021530168 -0.014044646278867284 0.9998895514406317 215.84670541251563
0.9999671341542127 0.006617985656572164 0.004683254099979359 -0.5366874140403364 -0.006683824406962348 0.9998770473776644 0.014185084644268016 -2.3194289659508547 -0.004588801971627738 -0.014215920769044854 0.9998884190216949 217.326994089466
0.9999721765546427 0.006246719032873226 0.004077328786683812 -0.5272487941570784 -0.00630516229235393 0.9998752547791111 0.014481706235178913 -2.3272342932416623 -0.0039863573350012 -0.014507011811403212 0.999886821377677 218.8205619143551
0.9999729262682624 0.0061973906440229674 0.003967249911450929 -0.5335620639093952 -0.006252337929527144 0.9998825747831486 0.013990887114898796 -2.3260382146025513 -0.0038800773803375366 -0.014015313194296181 0.9998942524070213 220.31663623622842
0.9999735765263827 0.0062587151720480075 0.003697935262988563 -0.539044844537951 -0.006308979655004179 0.9998856861460591 0.013740866896700754 -2.341013707754126 -0.003611512660118418 -0.013763834286740204 0.9998987517959596 221.785590642897
0.9999627755631686 0.00790214141382774 0.003464626453176708 -0.5437968004443822 -0.00794948035189151 0.9998722145697287 0.013869401744785454 -2.3489837114424916 -0.003354586023250035 -0.013896427721247662 0.9998978128041999 223.27161912755187
