1.0 -3.469446951953614e-18 0.0 -1.7787691892340307e-19 0.0 0.9999999999999999 -3.5405977195229754e-19 0.0 2.168404344971009e-19 -2.354751593366955e-19 1.0 0.0
0.9999998184236251 -0.0001920850232811945 -0.0005711877703400902 0.0023623220759034095 0.0001924746445146272 0.9999997488292218 0.0006821250560820844 -0.022605926090915572 0.0005710566496940094 -0.0006822348851515522 0.9999996042253559 1.3271691435190551
0.9999996106291743 -0.0006537789352943687 -0.0005927180634304468 -0.007919513178060316 0.0006544457365945475 0.9999991525635218 0.001125420722648312 -0.03902273942997718 0.0005919818357649513 -0.0011258082084223669 0.9999991910569219 2.628002273801946
0.9999973832899088 -0.0019937086674420568 -0.0011218468019708059 -0.008759953344667578 0.0019945155600127936 0.9999977528434629 0.0007184793747183268 -0.07711639794851069 0.001120411937854995 -0.0007207150491590187 0.9999991126240254 3.955735294441481
0.9999971045036963 -0.00234465359597826 -0.0005418360853393339 -0.022314284571407154 0.00234515795545006 0.9999968159865029 0.0009317979502876442 -0.09229038351814023 0.000539649663235237 -0.0009330659605108013 0.9999994190834058 5.2702952648408585
0.9999963246155651 -0.002556356879655634 -0.000903214896917451 -0.021307332653229094 0.0025577220405807854 0.9999955838994663 0.0015133524196071992 -0.11297010466064261 0.0008993423167698448 -0.0015156570587523763 0.9999984469831815 6.57778738579801
0.9999922920531311 -0.003858137399337623 -0.0007284327607202179 -0.02158816229551668 0.0038600663306310335 0.9999889984088679 0.002665134771663405 -0.15161176317328384 0.0007181423537875029 -0.002667926077934813 0.9999961832145408 7.920722998978852
0.9999937909494826 -0.0034928809121244943 -0.0004667435878719162 -0.046973214450045556 0.0034943764710833637 0.9999886383775007 0.0032422898492413697 -0.1712968800653773 0.0004554133939439547 -0.0032439007571442437 0.9999946348395482 9.23357382579832
0.9999946573840877 -0.0030975438526770257 -0.0010442356485811325 -0.04614997752835318 0.0030997411071169417 0.9999929718996171 0.0021089693348911275 -0.19405392579890518 0.001037695774213148 -0.0021121949677471766 0.9999972309071437 10.567898421483559
0.9999992247440515 -0.0007875438657637991 -0.0009645131628116575 -0.06366050648290356 0.0007875007104702521 0.9999996889002598 -4.517497987508686e-05 -0.20753932862037627 0.0009645485215595212 4.441539074541395e-05 0.9999995338373774 11.882955055568761
0.9999957061545055 0.002755838652874677 -0.0009965035295801197 -0.06238186479139116 -0.0027567098092179058 0.9999958185773223 -0.0008737184812255108 -0.24154541393729437 0.0009940916187272863 0.0008764618150239207 0.999999121798635 13.23253173266973
0.9999813562591553 0.006053084964159421 -0.0008045390018588572 -0.08579321477277889 -0.006053842254794149 0.9999812319254173 -0.0009417023012224863 -0.2652106220435841 0.000798823764512174 0.0009465553099445816 0.9999992329571079 14.574298363495434
0.9999810116841602 0.00615233006946409 -0.0003536846368460268 -0.11291950937920726 -0.006152263203477551 0.9999810564233332 0.00019095650363500847 -0.2904901572902054 0.00035485279397373 -0.00018877692543675434 0.9999999192216704 15.916883669294688
0.9999941997103594 0.003399577370931421 -0.00020835722272647263 -0.10125098252706571 -0.003398971193428444 0.9999901772447447 0.002844716958132918 -0.3089386520636212 0.00021802603199304522 -0.0028439923165871866 0.9999959320783436 17.26357335121288
0.9999999822365347 -0.00018637315056046697 -2.8146701515393028e-05 -0.11850788802772 0.00018651445776359833 0.999986946232234 0.005106131214929744 -0.3344040230984388 2.7194694789111143e-05 -0.005106136474513372 0.9999869632310202 18.627896230825325
0.9999975286485032 -0.00216240836258488 -0.0005164197535974494 -0.11026509344701413 0.0021639364658332227 0.999993228121957 0.0029767575336021295 -0.3775679230944119 0.0005099793367469546 -0.0029778677339766402 0.9999954361026939 19.959224270211283
0.9999951484051047 -0.0030922768188166947 -0.000375491883082808 -0.1250466210633171 0.0030926139510505466 0.9999948127948517 0.0009000654378962514 -0.37874919592300704 0.0003727067162826651 -0.0009012223382783686 0.9999995244442476 21.325427875713117
0.9999998386439377 -0.0005354763670238349 0.00018967946401970406 -0.12777826945902038 0.0005355189895445232 0.9999998313986951 -0.00022454658564063454 -0.43648014387596445 -0.00018955920881541283 0.00022464813135553266 0.9999999568001026 22.670201676827133
0.9999986901789795 0.001491174529314891 0.000629314871721615 -0.14424123245192966 -0.0014918843074893775 0.9999982501047696 0.0011287475375437836 -0.4239947746223366 -0.0006276306631294551 -0.0011296849469647693 0.9999991649451113 24.041191729457143
0.9999963094891154 0.0021587805963731417 0.0016494462602607788 -0.1575207548882535 -0.0021680675720483523 0.9999816917845429 0.0056493876790766565 -0.4447423681319572 -0.0016372204072553204 -0.005652943052636552 0.9999826817216785 25.43002576782258
0.9999983501968598 0.00031928043166617667 0.0017882017520481589 -0.14926419001670424 -0.00033102658145723555 0.9999783477734551 0.006572245010383113 -0.4755517185656367 -0.0017860647899017967 -0.006572826238124412 0.9999768036944983 26.797193197261418
0.9999914861745286 -0.0037562065296262333 0.001708361359138997 -0.15897619296114987 0.0037462623540005773 0.9999762351979288 0.0057874477237482074 -0.49831596766958364 -0.0017300597504532674 -0.005780998590239604 0.9999817933080517 28.171759924928622
0.9999891338733766 -0.0044105859896798605 0.0015095941305825825 -0.16753892227342285 0.004405333477532716 0.999984291803345 0.003465425936402162 -0.5065423627574092 -0.001524855102412019 -0.0034587380786375234 0.9999928559476693 29.53558015443515
0.9999876538792176 -0.004262114389711812 0.0025546974748790214 -0.17236874951234452 0.004257961013892017 0.9999896077978985 0.001629128046667374 -0.5510951267004152 -0.00256161467090356 -0.0016182301575528633 0.9999954097186299 30.91477985053043
0.9999953271919398 -0.001388638315442784 0.0027234690365623257 -0.17787019910794294 0.0013869615725046833 0.999998847520343 0.0006174895622910744 -0.5502827023543595 -0.00272432359711877 -0.0006137093387989658 0.9999961007015622 32.304628922748606
0.9999948782141205 0.00023164829718962457 0.003192160434411735 -0.18652901613109724 -0.00022666105837323286 0.9999987534245613 -0.0015626178750610827 -0.5983699588880542 -0.0031925187039935103 0.0015618863664094433 0.9999936841456155 33.679113085888325
0.9999945975348339 0.00017229116912245365 0.0032825631344882674 -0.20613731746467823 -0.00016844849247662878 0.9999993003358891 -0.0011708771263392466 -0.5950136581717036 -0.0032827628479696804 0.0011703178835112179 0.9999939268915062 35.080908223100415
0.9999953186273052 8.389116630499842e-05 0.0030587071619391677 -0.19753695533024296 -8.627968596526883e-05 0.9999996914796295 0.0007807666003302677 -0.637028451769232 -0.0030586409766951836 -0.0007810268625328948 0.9999950173419045 36.48153516353946
0.9999942861295512 0.0018275514945527782 0.002843899481967508 -0.20975394226392852 -0.0018335343033104527 0.9999961087964457 0.002102509631447727 -0.6590356028405521 -0.002840046209572261 -0.002107712045865572 0.9999937458225199 37.872079091886235
0.9999897248636002 0.0037924811291810594 0.0024833949106758567 -0.2075916412967146 -0.003799117793129264 0.999989210631344 0.002673075288113391 -0.6829407534671008 -0.002473230735904393 -0.002682482585454671 0.9999933436849112 39.257451692406846
0.9999748173758018 0.006475948686716604 0.0029028767303856547 -0.2256556874375059 -0.006483841844363883 0.9999752863188931 0.0027178224962805674 -0.7079008393343369 -0.0028852047526110947 -0.002736575904539731 0.9999920933400646 40.668899717956016
0.999949801045995 0.009567631698264537 0.0029758686233827296 -0.2357190356960845 -0.009577172958514324 0.9999489905213703 0.0032084473287318067 -0.7494522393680125 -0.0029450198303708174 -0.0032367867452670774 0.9999904249874676 42.09391171073363
0.999946548603106 0.00999538736835121 0.002644267158767055 -0.23787208353258332 -0.010003460982828578 0.9999452894263227 0.0030576043878707934 -0.7542051819913606 -0.0026135607681162234 -0.0030838928443073003 0.9999918294177219 43.48151564702305
0.9999619439007257 0.008461009511609984 0.0021265118831657894 -0.24219765207630717 -0.008467330259851824 0.9999597085365435 0.0029808789962955462 -0.7714588882683033 -0.002101205133025681 -0.0029987714979596972 0.9999932961296388 44.8999278319423
0.9999675759515895 0.007956572259324017 0.0012409625705663164 -0.23994141337374092 -0.007960240799429677 0.9999638782148262 0.0029794040388090213 -0.8075707720580956 -0.001217212002206969 -0.002989185859371951 0.9999947915672736 46.300702637460525
0.9999692746579545 0.007817715027183637 0.0005771100152652513 -0.2596760611216018 -0.00781969979328842 0.9999632301058029 0.0035200493516671432 -0.8281358933898841 -0.0005495700963626543 -0.0035244540990196863 0.9999936380777203 47.733775011401676
0.9999672393821177 0.008080469713533708 -0.0004755560814831332 -0.27113420302475044 -0.00807817424057307 0.9999565749280243 0.004646652065493001 -0.8507702513117316 0.0005130826083192882 -0.004642658311524104 0.9999890911764504 49.13256138980062
0.9999617412146375 0.008647270653819133 -0.001319392339519105 -0.28467193326772045 -0.008641030201444496 0.9999517850553004 0.0046647807618717275 -0.8747798446406725 0.0013596664650049842 -0.00465320148341462 0.9999882494441436 50.55715111875987
0.9999554656959299 0.009081286704705415 -0.0025684298730521554 -0.2927542425117291 -0.009068918230212934 0.9999474176573809 0.0047871349878842815 -0.8949718555013727 0.002611768388313735 -0.004763629018630289 0.9999852431461902 52.00367310805504
0.999948184501568 0.009520534904909582 -0.003603845052775601 -0.3029002424938583 -0.009497736575654905 0.9999351035655399 0.006291397054147401 -0.9238726443534421 0.003663508955401443 -0.006256842824895268 0.9999737149687465 53.41042081802026
0.9999611476158801 0.007588302452881119 -0.004485632616570793 -0.31182041797201876 -0.007555549748358386 0.9999449983667593 0.007274195707219143 -0.9338626483022948 0.004540585085677504 -0.0072400218191899105 0.9999634819241635 54.87219201982844
0.9999681936181344 0.0059856122197284945 -0.005271069717114024 -0.3274146600082989 -0.005944769815383515 0.999952449528475 0.007730355976075582 -0.9546762148695309 0.005317090443647785 -0.007698774965921972 0.9999562277550169 56.274186224059285
0.9999806088266584 0.003221105067265602 -0.005329768882201403 -0.34938521793674915 -0.0031820196609085383 0.9999681035447512 0.007325752367028042 -0.9641516561087737 0.0053531963576417 -0.007308651033595151 0.9999589626187405 57.692472892183616
0.9999825550853638 0.0021342145218317815 -0.005507689039674708 -0.35914280333826354 -0.0020939879114440325 0.9999711680172763 0.007299202040153687 -0.9893233483399463 0.00552310877758851 -0.007287541821690311 0.9999581926344516 59.14868654842939
0.9999831157973171 0.0024141329510817327 -0.005285836511293288 -0.3657416163707413 -0.0023699654515770717 0.9999623611657878 0.008346227722193157 -1.0319830334958897 0.005305786916909042 -0.008333559723294606 0.999951199019532 60.557976305958675
0.9999891203673836 0.001131136436925224 -0.004525446568474414 -0.3833430593030131 -0.0010888836050413327 0.9999558973318396 0.009328329037294482 -1.0443125600550944 0.004535798987867721 -0.00932330005224278 0.9999462498631627 62.0000473723578
0.9999899749096742 -0.001853629751016406 -0.004076043675302608 -0.3983525540364816 0.0018895953693613913 0.9999591627283959 0.008837550526815773 -1.0570590486149707 0.004059496024574143 -0.008845164179046267 0.9999526406650846 63.393617486943086
0.9999888437534387 -0.0028116862648882805 -0.003795627226354504 -0.40975944620959653 0.0028429680145668143 0.9999618327548792 0.008261389704057676 -1.0724254600650425 0.0037722542474460698 -0.008272088548713447 0.9999586704751503 64.80371955397665
0.9999921173714914 -0.0026019148651727064 -0.0029992052877441757 -0.41220347928350815 0.0026270011434402947 0.9999613452545321 0.008390879299748256 -1.097115228194697 0.00297725725923493 -0.00839869223924982 0.9999602981697603 66.29995845282595
0.9999966446840406 -0.0008782487191684608 -0.002437067293557773 -0.4338838570605974 0.0008980365890063815 0.9999665450303155 0.00813033496356084 -1.1191486368964043 0.0024298455172721044 -0.008132496420910774 0.9999639785309167 67.62569461053715
0.9999975497654752 0.0014947467588851153 -0.0016328471668378482 -0.4467601512589503 -0.0014791692765213768 0.9999537796177804 0.00950003609635972 -1.1313227362043148 0.001646971990959444 -0.009497597751359468 0.9999535404837826 69.09698515474703
0.9999829481253899 0.005777146361733981 -0.0008532440662420337 -0.4718279801581738 -0.0057674799958535245 0.9999236573582527 0.010927746218121185 -1.154826574511562 0.0009163102025433209 -0.0109226390319301 0.9999399263643332 70.46255386245586
0.9999544370413028 0.009544876100731044 -0.00013841958916004917 -0.4901125898336679 -0.009542550561604177 0.9998835035006737 0.011912983373031186 -1.1759846856456375 0.00025211144438227594 -0.01191111994861303 0.9999290283146052 71.94591256012926
0.9999146949641231 0.013060643794742597 0.00014948709130412313 -0.5048428025615719 -0.013061498322442605 0.9998550255583876 0.010923605424610834 -1.184252068148631 -6.796092638350435e-06 -0.010924626336770292 0.9999403244679318 73.29316604079696
0.999836814457065 0.018025484429894847 0.0011942858682754995 -0.521234851243873 -0.018037383358732187 0.9997785487843728 0.01084002945270483 -1.2131860666658691 -0.000998624686792329 -0.010859802535700536 0.9999405319517505 74.68462423734582
0.9997923204699983 0.020273998721168515 0.002069021084112223 -0.5284519573011847 -0.020295188101481038 0.9997357782399308 0.010792548473297935 -1.2303382373989247 -0.0018496664385288333 -0.010832298481522533 0.999939618199456 76.1420906730306
0.9998196520412397 0.01885328314807834 0.00228408756668953 -0.537123962808782 -0.018877888650365146 0.999758193710308 0.01127738793602784 -1.2300236987784665 -0.0020709196390076064 -0.011318473068728786 0.9999337995389738 77.52214196933181
0.9998378889406483 0.01785625490403657 0.0023129965144735596 -0.5434989333848008 -0.01788188633892615 0.9997730479009139 0.011579761533405003 -1.249009029384207 -0.00210570057102145 -0.011619245307748865 0.9999302771518248 78.90370981843535
0.9998593945192571 0.016637572456098246 0.0020934020569471036 -0.5521461158415161 -0.016658678501531486 0.9998060568090296 0.010504153454213067 -1.263400048265536 -0.0019182325962802823 -0.01053755004338522 0.9999426385667043 80.30184107256694
0.9998614322503638 0.01653629088182712 0.001915030055241978 -0.554328135827147 -0.016555798895715325 0.9998060870650899 0.010662730947911975 -1.2828083241015968 -0.0017383368248532452 -0.010692958511762437 0.9999413176904985 81.64563509885366
0.9998873028138624 0.01495466860916988 0.0013189091899460017 -0.5655589779066497 -0.014968156501600506 0.9998286723005603 0.010889461486188965 -1.2898235916610536 -0.0011558350261821578 -0.010907976139195872 0.9999398382423215 83.09961560130363
0.9998650483951028 0.016385314591428474 0.0011859263182379613 -0.5789524265453863 -0.016396867316171067 0.9998105024509362 0.010492948645338245 -1.3156465234441415 -0.0010137714017270582 -0.010510978300461575 0.9999442442480616 84.43152811585155
0.9998637491884094 0.016500552382811236 0.00046345027391394493 -0.5803101132370974 -0.016504667411459464 0.9998027596432969 0.011047072173909987 -1.321639551066252 -0.0002810760855501697 -0.011053216324261435 0.9999388718359716 85.85188858128582
0.9998827383862423 0.015295116807655704 -0.0007542133776716884 -0.5947687005728894 -0.015285073905966725 0.9998124733947404 0.0118905254434177 -1.3481390817755752 0.000935939005921622 -0.011877603180579822 0.9999290207643602 87.19536616712566
0.9999110469569807 0.013209273957553783 -0.0018474899167777968 -0.5963455096031738 -0.013184022768650036 0.9998276527586878 0.013070820556038478 -1.3539091012246123 0.002019827736980217 -0.013045300786528057 0.9999128664198188 88.5611111859691
0.9999267043815383 0.011719175365418302 -0.003040848570159271 -0.6006908698839379 -0.011676311235944755 0.9998372780756656 0.013750678098546826 -1.3756116686020694 0.0032015006463625663 -0.013714164621647556 0.9999008311296378 89.95886420241632
0.9999411859317228 0.010118828024485238 -0.0039030714200799345 -0.6171035285377084 -0.01006319057476437 0.9998510681021373 0.01402047885858935 -1.3934502311855284 0.004044361295078623 -0.013980377192250284 0.9998940904959305 91.33266409406991
0.9999684934362418 0.006476178869241135 -0.004590339861467038 -0.6346081870985469 -0.00641424780529099 0.9998899051587053 0.013380395900126303 -1.3860487064088132 0.004676488731498091 -0.013350531024346081 0.9998999418886563 92.68139130719331
0.9999822856465796 0.0037266972216407285 -0.004641131863154882 -0.6450032368962783 -0.0036655819370129007 0.9999073696603903 0.013107845341921574 -1.3921404444371288 0.004689551331000823 -0.013090600960471524 0.9999033174707902 94.08367354686344
0.9999623830870652 0.007277299659336533 -0.004719459304472712 -0.6670241498490765 -0.007215414389655799 0.9998894634311323 0.012999950941161 -1.4258990798543874 0.004813542586991603 -0.01296540933359427 0.9999043594179743 95.44853338020539
0.9999628968099172 0.007235529236882234 -0.0046746225530370274 -0.6754364223019169 -0.007177136534275038 0.999897485361673 0.012389813911160053 -1.4380608026032655 0.004763790608700007 -0.012355804058175388 0.9999123163653392 96.77272551581324
0.9999531270035011 0.0084707947121808 -0.004689286235222953 -0.697263763284819 -0.008414448433954683 0.9998936909253143 0.011908145070849644 -1.455880527398175 0.004789659587667602 -0.011868129387489957 0.9999180999860038 98.09039747916447
0.9999472403167933 0.009390576954982521 -0.00416336624034013 -0.7167803111016882 -0.009339578855322873 0.9998831243552295 0.01210412791507416 -1.4616134929889635 0.004276544759452614 -0.012064605466275318 0.9999180748804072 99.46288787862582
0.9999568527730922 0.008252386101389009 -0.00426505449672619 -0.72907414861182 -0.008193059199135181 0.9998719625135473 0.0137452672653522 -1.4638721390196614 0.004377940042937045 -0.013709730631303254 0.9998964331074366 100.77755239784939
0.9999359463266965 0.010621157434367045 -0.003910783376601295 -0.7402531848370367 -0.010559573088244619 0.9998249576172997 0.015445049664184076 -1.490272286120631 0.00407414348389622 -0.015402764464154079 0.9998730700525109 102.1715147008
0.9999497524974202 0.009281650119223807 -0.0037872712760645836 -0.7600294592042147 -0.009226521600543637 0.999854849479892 0.014323103191935159 -1.4999255525620963 0.003919663926318884 -0.014287440443432985 0.9998902466239102 103.46758814521834
0.9999453959829158 0.009745274621177746 -0.003772883001013875 -0.7787692506589964 -0.009699484172570036 0.9998813043753431 0.011970680210811048 -1.513199046185375 0.0038890930800627495 -0.011933431790462927 0.9999212309839429 104.81683170420887
0.9999444098303298 0.009794665166311667 -0.0039040688948632756 -0.7913110603812669 -0.009752919761303238 0.9998965483559719 0.010572282638535688 -1.5172909976041866 0.0040072173275547286 -0.010533619071251893 0.9999364905281348 106.16889569052282
0.9999684647745829 0.00700738764992795 -0.0037371049226030996 -0.8042927588446954 -0.006961615033285438 0.999902270406184 0.012123760245577068 -1.541298901360249 0.0038216959169730426 -0.012097361881165046 0.9999195210053226 107.50216815859577
0.9999818487342218 0.005188928350967969 -0.00306222288338134 -0.8109232507421729 -0.00514715092449723 0.9998956679603996 0.013496667587208588 -1.5336107444499547 0.0031319369117456843 -0.013480661154483452 0.9999042267923034 108.86769984520873
0.9999937499474951 0.00282107988584586 -0.0021310948996170454 -0.824559122766716 -0.0027890586911806904 0.9998853639478996 0.014882207934220928 -1.5564373966009295 0.002172834692228653 -0.014876171468020194 0.9998869827745553 110.20592772129591
0.9999945112939417 0.002972015764483682 -0.0014644099338067841 -0.8355996685636136 -0.002951530785129229 0.9999004509286539 0.01379770627270841 -1.57237978661677 0.0015052712918769784 -0.013793308565514098 0.9999037347691513 111.49199534756913
0.9999957305141185 0.002788600174316813 -0.0008733018713130996 -0.8479527026622331 -0.002777936530284626 0.9999243435837456 0.011982911906958717 -1.5824420707204545 0.0009066514367845697 -0.01198043500791802 0.9999278209781522 112.83636290811984
0.9999757795709143 0.006954539240185232 0.0002732058898832954 -0.8525717815125667 -0.0069568689597948406 0.999928462050326 0.009729993171602593 -1.6076688042617082 -0.0002055187359118922 -0.009731658361534066 0.9999526251730381 114.1643816265438
0.9999485478412492 0.009973812369495445 0.0018505990541365224 -0.8640175001333353 -0.009990902215830688 0.9999052727633294 0.009467174475110574 -1.6006499734019908 -0.0017560000714664662 -0.00948517671589672 0.9999534728611209 115.46595544848742
0.9999448233799367 0.009971353284298282 0.0033048889254069934 -0.8802551486709272 -0.010009591110663574 0.9998807167780039 0.011762666346833353 -1.6096726930920264 -0.0031872052663351426 -0.011795098146991364 0.9999253559054024 116.83792101371652
0.9999403203089106 0.010109763162604864 0.0041410736674973294 -0.8894156310309718 -0.010165742627096457 0.999854094043874 0.013727647941298092 -1.6214289591375075 -0.004001686518408106 -0.01376892604448014 0.9998971963063618 118.14288498766386
0.9999422773059976 0.00947011431408425 0.005075330071824101 -0.8889144561083719 -0.009545791005945329 0.9998404248254572 0.015099760713465325 -1.6360912422489324 -0.0049315241201950775 -0.0151473374565378 0.9998731110689902 119.47890075079283
0.9999270825932454 0.010458051390321053 0.00603809901603001 -0.8911915723592087 -0.010544351643214725 0.9998401083346456 0.014442106212599986 -1.6477714525260283 -0.005886097771736333 -0.014504721260050474 0.999877475950965 120.82370022850378
0.9998938246061128 0.012385354238991904 0.007677401357280882 -0.8820485771060553 -0.012492372195093554 0.9998232303265034 0.01405164619526079 -1.6557788252156092 -0.007502010233109665 -0.014146063493631884 0.9998717961464103 122.13003744454652
0.9998658728872117 0.0139296750274641 0.008613963128793613 -0.890893047902284 -0.014047100299422455 0.999807132760615 0.013725024005717705 -1.6587818632763844 -0.008421117354693869 -0.013844184588600317 0.9998687030476215 123.51680318203958
0.9998444943550011 0.014655817517165562 0.009807858583586994 -0.892625723809845 -0.014781970969836765 0.9998073173261065 0.012915943183056238 -1.6787118708651516 -0.009616675875856585 -0.01305891442262505 0.999868483500312 124.81757789047025
0.9998292313586389 0.014933371621679615 0.010885885388029244 -0.8868885183377644 -0.015068456175565743 0.9998091442898752 0.012434494643976824 -1.6761670750306659 -0.010698119720015059 -0.012596404960123745 0.9998634310816847 126.12967533363836
0.999808562956799 0.01573127577012148 0.01163461927261361 -0.8874936354251388 -0.015870282755043534 0.9998026059131486 0.011953383285701773 -1.7008560043119365 -0.011444281657003102 -0.012135739904878944 0.9998608664370152 127.45928569476357
0.9998132421300641 0.014359262765908157 0.01293415645112419 -0.876242404559683 -0.01452987944611959 0.9998073666556467 0.013195158816692117 -1.6984234682169232 -0.012742193215522002 -0.013380626515263278 0.9998292831005647 128.84941289942014
0.999809491553389 0.01387412882755616 0.013729133951010013 -0.869093698349048 -0.014069141648743969 0.999800032058009 0.014211093539368443 -1.7127637995581977 -0.013529223154365371 -0.014401543619746954 0.9998047587717712 130.22242287511494
0.9998166177258772 0.012995094836973677 0.014066214916103683 -0.8543302523072402 -0.013198328249655257 0.9998084364475056 0.014453185330930448 -1.7130368787142627 -0.013875700989537016 -0.014636185681759718 0.999796602810609 131.53308048111947
0.9998548929181285 0.009729646470926171 0.013983099446387554 -0.842279581056979 -0.009943273561097376 0.9998336592765421 0.015290032840025117 -1.7268663550756103 -0.01383200803053405 -0.015426852231252845 0.9997853208491803 132.84523967227284
0.9998713948845147 0.008282335259628274 0.013733047785969487 -0.8356933839932454 -0.008504546755236285 0.999832568623973 0.016202080552468627 -1.7232451070527501 -0.013596558516231715 -0.016316790545886344 0.9997744225297497 134.15962314859948
0.9998845136270357 0.0074093976055968885 0.01326876881088866 -0.8144087558455511 -0.0076229242618458155 0.9998410898674933 0.016114777285712215 -1.7453149336294689 -0.013147260575291288 -0.016214063382768824 0.9997821031052164 135.48729144699445
0.9999101151345693 0.006204953052785128 0.01188529355306572 -0.81977169183159 -0.006390745131396482 0.999856976196567 0.015658401376515554 -1.7513202643259946 -0.01178643501151028 -0.015732950110370823 0.9998067584443212 136.82781702047285
0.9999376625459476 0.002142520512116276 0.01095813080979041 -0.7996337251401509 -0.0023318790578427838 0.9998476818355657 0.01729668939297525 -1.7395462761939733 -0.01091940408455609 -0.01732116453128772 0.9997903499609418 138.17490281282576
0.9999447591872984 0.003196493786219224 0.010013041611820537 -0.7872568045808095 -0.003372380315951322 0.9998394492948092 0.017598371586870703 -1.7614494307662136 -0.009955181752791422 -0.01763116756480331 0.9997949971308757 139.5331375245478
0.9999594730188918 0.002440131053475533 0.008665914999866298 -0.7858048031863444 -0.00259254283341912 0.9998413942749325 0.0176200173694917 -1.7665194175761876 -0.008621546099113777 -0.01764177038177118 0.9998071998550567 140.87953244298689
0.9999706660610681 -0.0003455901662000292 0.0076516398336476605 -0.7771787306492026 0.00021359629571369998 0.9998512795981102 0.017244507940649745 -1.7623342474362966 -0.007656462044162575 -0.017242368062725753 0.9998220238291221 142.15047189256356
0.9999801533245156 -0.0009089783306616157 0.006234318179254246 -0.7911136906200708 0.0008026826666949101 0.9998546320189818 0.01703145682146935 -1.751682463481253 -0.00624889364848096 -0.017026114954327595 0.9998355178424624 143.55775297134096
0.9999845286785569 -0.0007732491478181659 0.005508583880691886 -0.7725975084780666 0.0006914786726479761 0.9998897804357203 0.01483067193471844 -1.7738273317022801 -0.005519444985821308 -0.01482663370349853 0.9998748454983739 144.8940572303085
0.9999827097022581 -0.0039001164634029396 0.004401067889425955 -0.7906975487119041 0.003838724310340184 0.9998964006976332 0.013872709061669479 -1.7934579060867488 -0.004454717487859309 -0.013855574978577633 0.9998940836581283 146.2045412349429
0.9998961160489214 -0.014098808779683891 0.002996784138641329 -0.786161504864071 0.014045661787130573 0.999755602005147 0.017072071536112645 -1.788111925483482 -0.003236747861428818 -0.01702820652760566 0.9998497705403496 147.48704829935994
0.9997440328156912 -0.022565265955273837 0.0016363458650197368 -0.7688919943868142 0.02253081054281752 0.9995717041499103 0.018675407000030196 -1.7861628824553326 -0.0020570607077467834 -0.01863375885834844 0.9998242603270635 148.87960610138649
0.9997006460345593 -0.024455040073430377 0.0007545430652295272 -0.745882943973027 0.024440157234357412 0.999577529527197 0.01573026290939981 -1.807228523809513 -0.0011389085845592188 -0.015707113131617646 0.9998759870552086 150.2356516678308
0.9997279178711979 -0.023295441211529287 0.0011885504289539904 -0.7515277286149521 0.023278672216592897 0.9996498991912284 0.012577060851902076 -1.8156608270146433 -0.001481122611414794 -0.012545971210816926 0.9999201992583566 151.6046373571625
0.9997857942897181 -0.020596131873843744 0.0020408079567449666 -0.770870109490719 0.02057361384700488 0.9997331892293263 0.010501274081079766 -1.8203390086650741 -0.002256549253695836 -0.010457038041881861 0.999942777533475 152.91386750516554
0.9998020454048755 -0.019714267107978987 0.002686575334333374 -0.7844952668197042 0.019684932339665645 0.9997506711629139 0.010540348090544825 -1.8364841253385296 -0.002893700965870228 -0.010485376715751704 0.9999408399348733 154.29044072813343
0.999667064968214 -0.025616484751916933 0.003091104961358228 -0.7840422633902764 0.025572404326546012 0.9995812089357876 0.013544699158261642 -1.8274795554116063 -0.0034367782912518687 -0.013461142910455994 0.999903488436545 155.60485954167928
0.9995427503030494 -0.030040263379551874 0.003445705643293115 -0.7811594729295597 0.029978328667135304 0.9994092989777 0.01680336066500426 -1.8429615636919785 -0.003948447959315248 -0.016692381139985765 0.9998528762640538 156.96355357562132
0.9994074100881206 -0.03422734327928018 0.0036493310665478024 -0.7571039422688106 0.03415458823078261 0.9992468164244834 0.01841911996147335 -1.8423257724551754 -0.004277020336089115 -0.01828356390761847 0.9998236936539411 158.275793678465
0.9993497010374616 -0.03589011157061956 0.0034748966898341285 -0.7561372020529489 0.03582052287087352 0.9991895735517168 0.018359909138474375 -1.8636936707138054 -0.0041310200605492575 -0.0182234974206388 0.9998254041676583 159.62993798514185
0.9993935527125003 -0.034532596867144605 0.004475101604465613 -0.7587957831390082 0.03443927062097527 0.999216935786059 0.019479524870535385 -1.8486041806816673 -0.005144276308441809 -0.019313592680381502 0.9998002408297362 160.97756102669015
0.9995007809975207 -0.031025665024226018 0.0059663128809538495 -0.7581732618345267 0.030906948044908778 0.9993406093308347 0.01905536952220473 -1.851207244632909 -0.006553584797784462 -0.018861456540105223 0.9998006281186458 162.35713086306998
0.9995946071792978 -0.027659699111838375 0.006749988521279198 -0.7692306211346032 0.02754449729194156 0.9994827070715477 0.016601774942705008 -1.8546061679745547 -0.007205697493126155 -0.01640911995818864 0.999839396456512 163.69194959252218
0.9997202950138979 -0.022410729289929543 0.007555856053552037 -0.7725587396293359 0.022288472311708506 0.9996252300775489 0.015894130481530325 -1.8704865830636193 -0.007909224055483874 -0.015721276611825173 0.9998451308260218 165.03754074248272
0.9997735024428243 -0.019824361289459205 0.007741997563379555 -0.7739317550009722 0.0196880047741208 0.9996563360554626 0.017308732985040768 -1.880176541878246 -0.008082472161826974 -0.017152388430635993 0.9998202184472539 166.4033746004234
0.9997493266292006 -0.02107709896090505 0.007552470862115562 -0.7725164502006721 0.020941575402975456 0.9996258565856595 0.017595375854499128 -1.8724637125561057 -0.007920505286714377 -0.017432804845310037 0.9998166646503366 167.73502470078415
0.9997975761237493 -0.018807614633712368 0.00714705696006514 -0.767739181145769 0.018696028355548663 0.9997070422568576 0.015371667824655183 -1.8838339353660531 -0.007434068193644775 -0.015234934932321588 0.9998563053696451 169.0870319714687
0.9998989595181675 -0.01258723257641195 0.00660547857522597 -0.778482679139954 0.012503051799881244 0.9998420103325925 0.01263439966689143 -1.8963295019721962 -0.006763467665443541 -0.0125505346725017 0.999898364626498 170.51975180451052
0.9999408893306584 -0.008830496863804969 0.006343515223284961 -0.7802070633602727 0.008758727270967551 0.9998983108852149 0.01125400250306143 -1.9004686368184833 -0.006442249125382394 -0.011197776360362717 0.9999165501322096 171.87735712250972
0.9999650647604216 -0.004986293345912125 0.006708662335466066 -0.7859694428571524 0.004905070421119576 0.999915127938104 0.012069680768544772 -1.9037676561663357 -0.006768276488258583 -0.012036352878074457 0.9999046537748637 173.21589887459044
0.999971160075717 -0.0010999466231326766 0.007514595311654959 -0.7917780216137795 0.0009898407083544503 0.9998923347676285 0.01464032378689757 -1.9274723276938268 -0.007529890450159223 -0.01463246359015058 0.9998645867108064 174.61639234811278
0.9999718423306092 -0.0004644383539198372 0.007489916582496647 -0.7958748604858293 0.0003419065313979598 0.9998662293950891 0.01635256576660557 -1.9286207720088044 -0.007496510030841657 -0.01634954478085134 0.9998382342776083 176.0419663870001
0.9999704078880401 -0.0038570960526907744 0.006656288006915041 -0.7965921880804587 0.003735406085059099 0.9998274140697802 0.018198593403341914 -1.9187256463991746 -0.00672533350146309 -0.01817319127956331 0.9998122348772801 177.3488384013994
0.9999655156567205 -0.006518065109223989 0.00514609931131951 -0.7904054931351288 0.00642416023453905 0.9998162983260744 0.01805823220470715 -1.9157426532438782 -0.005262859127290595 -0.01802455045785454 0.9998236934067755 178.82049559996494
0.9999318000855617 -0.01132050161456793 0.002870789902590928 -0.7928465649907248 0.011277351756418034 0.9998294329360484 0.014626221524793905 -1.904888028449288 -0.0030358766487246 -0.014592849386673006 0.9998889099304876 180.18436630652923
0.999991759855538 -0.003864811389478657 0.001242361075632473 -0.803068032085893 0.0038516294937645766 0.9999380483678268 0.010443388711449376 -1.9571214809430497 -0.0012826459366482518 -0.010438517743593853 0.9999446945548683 181.43269981567596
0.9999984767867797 -0.0014522664464191506 0.0009681683321417728 -0.8284524140355113 0.0014429993276599256 0.9999537866363603 0.009504858720023197 -1.9425154801386038 -0.0009819272524072204 -0.009503447361242827 0.9999543591128294 182.83916249097615
0.9999994965298404 0.0007541304611132643 0.0006619871794586304 -0.8468041447356383 -0.0007612147717482943 0.9999417410986631 0.010767309699726746 -1.9385025886994254 -0.0006538287031710834 -0.010767808405402026 0.999941811713529 184.28544668417382
0.9999853137937645 0.005356534115885251 0.0008244572027342573 -0.8499185923993169 -0.005367293113140931 0.999892389048596 0.013652929806425022 -1.9589034404251155 -0.0007512361506152268 -0.013657154672816425 0.999906454512066 185.72604048600977
0.9999846130638359 0.00543189153264141 0.0011261353436031536 -0.8642098444598147 -0.005449876108439576 0.9998467855122428 0.01663443278839034 -1.9706472703824987 -0.0010356064431784968 -0.016640314464830042 0.9998610040700601 187.05702123409063
0.9999857500645674 0.005144080692644065 0.0014276181416895597 -0.8709450744130826 -0.005168379251700823 0.9998322233198575 0.017573077952449747 -1.9762970392359605 -0.001336981388788627 -0.017580206358556796 0.9998445623354105 188.4700829719134
0.9999964959944262 0.002328087365863515 0.001260160998176871 -0.8687128643860288 -0.0023509756157175142 0.9998265254163828 0.018476795781473966 -1.9700159041486631 -0.001216926885541556 -0.018479694011477116 0.9998284952958931 189.95507232788398
0.9999975647645477 0.0016874745969568151 0.0014222846181150214 -0.8704942896152196 -0.0017135976635244072 0.9998260884416236 0.01857031093426246 -1.988834032778071 -0.0013907004410799307 -0.018572703301002545 0.9998265452825683 191.26512774343126
0.9999979420586088 -0.0010874425378862781 0.001712702934562877 -0.8828042894889412 0.0010554745333680223 0.9998272493851432 0.01855686798840863 -1.9773876329430573 -0.0017325867230767954 -0.018555022448601126 0.9998263395670368 192.748670128747
0.999979684007207 -0.006028017830522654 0.0020723378462572917 -0.8743331736660367 0.0059856446071936045 0.9997844751092816 0.01987901837077002 -1.9667691352430747 -0.0021917224518468066 -0.01986621061608016 0.9998002450669298 194.1264567272995
0.9999298715984599 -0.011629590476250897 0.0022370792587370464 -0.8759181428590543 0.011578137965152582 0.9996957143311365 0.02178130958324498 -1.9586138529971209 -0.0024897064501138433 -0.021753881300359098 0.999760256270998 195.61103944113674
0.9999012845371453 -0.013815344960113949 0.0025607495163486307 -0.872974243285654 0.013754877374911842 0.9996568628761403 0.022292595869029957 -1.9762148084196876 -0.002867850953546125 -0.022255172875261468 0.9997482096608971 196.97396614113038
0.9998957455908979 -0.014193455978758556 0.0026540101955393474 -0.8846546774950346 0.014142633135338433 0.9997329313220094 0.018277087831338672 -1.9670335231492002 -0.002912716664501617 -0.018237648018040432 0.9998294375950293 198.3842203446777
0.9999862200313601 -0.004102345325150563 0.0032757472311509515 -0.894336905009446 0.0040590364768314305 0.999905689040899 0.01312010807514599 -1.9904629465131907 -0.0033292617767844454 -0.013106631155444925 0.999908561937891 199.85231316514046
0.9999643935856207 0.007022362190513746 0.0046795278493978265 -0.9100708308000482 -0.007080077443241904 0.9998976387383446 0.012433203882725724 -1.9947160872325687 -0.0045917387645833425 -0.012465892847826555 0.9999117548314097 201.26174104353282
0.9998764843642892 0.014479760334148755 0.006111671212898143 -0.9322495791554202 -0.014582562210754112 0.9997470077739736 0.017125108916052775 -2.01100352724306 -0.00586215801720256 -0.01721211786857786 0.9998346753857803 202.70421706628582
0.9998784378319124 0.013926624056640545 0.00701132459211584 -0.9303661498730282 -0.014056248661160693 0.9997246214123051 0.018791041519032232 -1.9822961008115683 -0.0067476986084589255 -0.018887310538633552 0.9997988488025973 204.14364203055416
0.9998908167299048 0.013304843658799307 0.006429286712853949 -0.9288169838211167 -0.01342896586376958 0.9997164479149913 0.01966435015239094 -1.9908672539856294 -0.006165833076751208 -0.019748542200542094 0.9997859658883758 205.57495379995117
0.9999437100096313 0.009313605879151103 0.005082670805484843 -0.9209818994173086 -0.009411562889920547 0.9997635713172234 0.019601631604304674 -1.9876356580987051 -0.004898907643728196 -0.01964836449499301 0.9997949502178958 207.02254077255859
0.9999708274976647 0.0066386003039962 0.003777979692254102 -0.9219840029050379 -0.006711696796407042 0.9997838835549321 0.019675856100323616 -1.9939459186086974 -0.003646543357139895 -0.01970063915097128 0.9997992736266228 208.45921364955638
0.9999593763330566 0.008342163876147871 0.003413791385012498 -0.9310776443539328 -0.008404660788295113 0.9997894089633281 0.01872162947950594 -1.9985938836067114 -0.00325689383065058 -0.018749561070143576 0.9998189069064081 209.95327975906622
0.9999548567139471 0.008968533265220737 0.0031384597212416425 -0.9391737461265861 -0.009026328740480018 0.9997803920301741 0.018912776410698256 -1.9934262727977003 -0.0029681508622325624 -0.018940251772763983 0.9998162115853998 211.4231811600211
0.9999467093788748 0.009818545533125072 0.003189756694228555 -0.9394974394623257 -0.009880027072227772 0.9997538087556103 0.019867233207983663 -1.982204999084686 -0.0029939043077875887 -0.01989768975053846 0.9997975387477981 212.83898152335962
0.9999589653115646 0.008591467925659986 0.002873039651798837 -0.9524056920113617 -0.008647041901142058 0.9997640825679033 0.019925056628616454 -1.9877013283372402 -0.0027011765794654314 -0.019949082701949058 0.9997973483418373 214.28014977889785
0.9999637194665854 0.008127199882820957 0.002551148459754987 -0.9515451558139093 -0.008174973039553385 0.9997801197955264 0.019310149789128938 -1.9854761155376899 -0.0023936502528287638 -0.01933030516174206 0.9998102868782361 215.77803156754717
0.9999653423334055 0.008034731376567796 0.002181102798461926 -0.9628709989975817 -0.008074186131681616 0.9997920330812752 0.01872693549971677 -1.9809455946046701 -0.0020301834619557884 -0.0187438974717335 0.999822256538288 217.21078760777982
0.9999616526923244 0.008611538203295962 0.0015920232441089702 -0.9675833571191776 -0.008640430480094972 0.9997796368521404 0.019131667615925725 -1.9916313878240708 -0.0014269194399905854 -0.01914469011691361 0.9998157053922446 218.67311692894907
0.9999367853829457 0.01114629291118923 0.0014782991054111522 -0.9748713942291138 -0.011172337729752143 0.9997576887650049 0.01896688274856301 -2.009886763470554 -0.0012665305586315337 -0.018982200202843715 0.9998190196148631 220.16734070359877
0.9999644490976065 0.00833244672945215 0.0012926160289448727 -0.9828978087287439 -0.008355236803678875 0.9997890987915572 0.018760276222067062 -1.9913353511403802 -0.0011360244938133652 -0.018770409765751155 0.9998231749531463 221.68946020976557
0.9999455504621191 0.010386082526552909 0.0010126096639293965 -0.9865818283560291 -0.010403259511020651 0.9997698162974812 0.01876397149364567 -1.9955028456398929 -0.0008174924758327404 -0.018773484622494535 0.9998234284059576 223.1286152275975
