1.0 -3.469446951953614e-18 0.0 -1.7787691892340307e-19 0.0 0.9999999999999999 -3.5405977195229754e-19 0.0 2.168404344971009e-19 -2.354751593366955e-19 1.0 0.0
0.9999998184236251 -0.0001920850232811945 -0.0005711877703400902 0.0023623220759034095 0.0001924746445146272 0.9999997488292218 0.0006821250560820844 -0.022605926090915572 0.0005710566496940094 -0.0006822348851515522 0.9999996042253559 1.3271691435190551
0.9999996106291743 -0.0006537789352943687 -0.0005927180634304468 -0.007919513178060316 0.0006544457365945475 0.9999991525635218 0.001125420722648312 -0.03902273942997718 0.0005919818357649513 -0.0011258082084223669 0.9999991910569219 2.628002273801946
0.9999985244154309 -0.0013027885225958633 -0.0011197808784350139 -0.009237918093241298 0.0013039059154677044 0.9999986522689209 0.0009976409880589597 -0.0746863043332523 0.001118479749464476 -0.0009990996244713523 0.9999988754018504 3.9515879976599413
0.9999979703940859 -0.001937228998920874 -0.0005534921413556564 -0.02262172482950816 0.0019378220718998269 0.9999975470087418 0.0010727623416835195 -0.08804861158533576 0.000551412644931519 -0.0010738327538173656 0.9999992714139098 5.267169937196659
0.999997036378921 -0.002257119790703626 -0.0009124941099497561 -0.018649532155090798 0.0022585203953163664 0.9999962688856073 0.0015366511946255576 -0.10716273517368945 0.0009090223777324522 -0.0015387075564707359 0.9999984030282704 6.588547945280161
0.9999934119286554 -0.0035640749000146067 -0.0006880939448463098 -0.02745835817716638 0.003565774164919891 0.9999905575658861 0.002483954156186457 -0.14381065598129011 0.0006792345085711311 -0.002486391426161097 0.999996678244332 7.923302919618288
0.9999934488604734 -0.0035843750530780826 -0.0005044757888072321 -0.0465135028782244 0.0035858147715182205 0.9999894178086839 0.002882047455111991 -0.16242385186491953 0.0004941401556974973 -0.002883837585649996 0.9999957196446488 9.238816185896198
0.9999943853945131 -0.003178870621352933 -0.0010601716006701494 -0.045096460260239266 0.0031813286672287087 0.9999922372690773 0.002324767636819906 -0.18721029828362878 0.0010527733263801051 -0.0023281273827818905 0.9999967357413443 10.570550192816047
0.9999993687847709 -0.0006551737587281326 -0.0009127852844807026 -0.0661500682084681 0.0006551678753710898 0.9999997853539264 -6.791070508366857e-06 -0.2039312015990779 0.0009127896150635379 6.1930385071391005e-06 0.9999995833890292 11.891690629798024
0.9999974609329536 0.0020534361254247926 -0.0009281824258260142 -0.0662545312698439 -0.0020541173362308854 0.9999976213487369 -0.0007334183965482445 -0.23049241334906068 0.0009266742677488995 0.0007353231421284433 0.9999993002877952 13.229593873260853
0.9999825763612736 0.005857678701218167 -0.0007311369104783881 -0.09360530603499091 -0.005858246053997207 0.9999825394364347 -0.0007757495008073443 -0.25272880800631503 0.0007265801134718596 0.0007800191746458177 0.9999994318260829 14.569979383574177
0.9999824980340419 0.005907204708004316 -0.00032946281567014816 -0.11424904217719009 -0.005907192547231523 0.9999825516300411 3.903269550063731e-05 -0.28002457526652186 0.000329687668709484 -3.70858175854426e-05 0.9999999449655997 15.920241422566376
0.9999906106483816 0.004331838600978623 -0.00011739235633997339 -0.1043758587273754 -0.004331475290246993 0.9999863025266893 0.0029382117842349583 -0.30647546020984573 0.00013011862068403046 -0.0029376757755641266 0.9999956765561292 17.262322216780927
0.9999999873561882 -0.0001562310253649512 -2.9659686001431464e-05 -0.11691822874944668 0.00015637946430547243 0.9999871250157234 0.005072016049569641 -0.33460387636493466 2.8866904432920922e-05 -0.005072020723477298 0.9999871368041284 18.627756867929524
0.99999782463288 -0.002048658823199538 -0.00039208287747600893 -0.1084249613329046 0.00204997750041613 0.9999921439279651 0.003392590582577068 -0.368380182514624 0.00038512957205775306 -0.003393387029151607 0.9999941682834819 19.963717348896665
0.9999955365716997 -0.002976101696689706 -0.00026393034908640876 -0.1171557198051627 0.002976335947819233 0.9999951738453358 0.0008909017681138828 -0.36845357118455496 0.0002612776840638404 -0.000891683352532537 0.9999995683175634 21.31949843574183
0.9999996400300711 -0.0008475206433744761 4.061874141459733e-05 -0.13133911101730633 0.0008475283976465391 0.999999622813318 -0.00018991452916284913 -0.4259705847047585 -4.045777312587889e-05 0.00018994889076174383 0.9999999811412503 22.671777519461436
0.9999988284632028 0.0012981975201007499 0.0008110205823243987 -0.14202851828653626 -0.001299046153059446 0.9999986085281484 0.0010466245351423422 -0.4129499949299911 -0.0008096607960938875 -0.0010476768831351045 0.9999991234103764 24.03830705713363
0.9999969016163764 0.0018283319252479805 0.0016893664999236078 -0.15567470903154965 -0.0018379501259427897 0.9999820121519138 0.005709405724277062 -0.43823252490117887 -0.0016788975604628581 -0.005712493118343824 0.9999822742051087 25.42725200081094
0.9999983623890508 0.0003292533113620254 0.0017795542666415483 -0.1495241824763988 -0.0003409422110528873 0.9999783452277319 0.0065721254427636945 -0.4653417365265492 -0.001777351981625911 -0.00657272153369695 0.9999768199067617 26.800773052955616
0.9999903298747498 -0.004053046481636081 0.0017067451792189981 -0.14998052879398593 0.004042737349173481 0.9999738210515725 0.006001123164831437 -0.4927526106399115 -0.0017310234706961105 -0.005994165324368719 0.9999805365800436 28.169613465005412
0.999990439776109 -0.004081389980608653 0.001569273707466034 -0.16084992484466987 0.004075576465658648 0.9999848856419988 0.0036902788147573033 -0.5008668408828554 -0.0015843115864944857 -0.0036838479080690003 0.9999919595776403 29.530195297973595
0.9999884820709805 -0.004195992624074744 0.00233010301778234 -0.16415473866260744 0.004191766609804328 0.9999895660909538 0.0018157081078346133 -0.546919415303597 -0.0023376975993233615 -0.0018059199770897592 0.9999956369005589 30.918358839722906
0.999994383695898 -0.0018907063038563262 0.0027672753332876245 -0.17689623281914943 0.0018888025478656107 0.9999979778487891 0.0006904493640903841 -0.5424750263714677 -0.002768575407684111 -0.0006852186594214102 0.9999959327227825 32.30252324928103
0.9999943371034627 -0.0001720036762123834 0.003360979055468022 -0.1804093821285152 0.0001768123691540842 0.999998961211656 -0.0014304939221730058 -0.5899047879472733 -0.0033607297990707434 0.0014310801151763079 0.9999933287280395 33.68181356449206
0.9999937230081745 3.0253943291442403e-06 0.0035431538856112053 -0.19457524617569333 9.156845770120353e-07 0.9999993813868474 -0.001112306256622639 -0.5869796658015132 -0.003543155359265252 0.0011123025439011384 0.9999931043905589 35.07703508526604
0.9999954324763015 0.0001483290975363566 0.00301877932660821 -0.19099312070430163 -0.00015022393592757644 0.9999997918612633 0.0006274634269054964 -0.634839928077525 -0.003018685881801943 -0.0006279140638963077 0.999995246616559 36.46825389624759
0.9999949295971486 0.00148029752043241 0.0028194858286710897 -0.20762937046704727 -0.0014857076204601548 0.999997057614976 0.0019176643297697808 -0.6486804246024697 -0.0028166390554714435 -0.0019218435747404307 0.999994186512295 37.871648208401666
0.9999915853904158 0.0032970643519632335 0.002441006387610044 -0.20377372968095203 -0.003302990875232289 0.9999915980424887 0.0024277770354022617 -0.6650609125282425 -0.0024329815451056436 -0.0024358192769846714 0.9999940736736703 39.26315785967168
0.9999782030343141 0.0058644825594055755 0.003033363259890309 -0.22542275653494154 -0.005872609892805356 0.9999791721618508 0.002677257330078105 -0.7003629358404276 -0.0030175996057765333 -0.0026950127882333177 0.9999918154641735 40.66396469412003
0.9999566051836724 0.008833316486301224 0.002959772584929783 -0.23230558763259637 -0.008842689611773697 0.9999558822308555 0.003168667090446901 -0.7288265266867296 -0.002931652412836199 -0.0031947020043564278 0.9999905996008605 42.09041527110347
0.9999526738069557 0.00937565754201508 0.002597532372152078 -0.23466184999962447 -0.009383932085166547 0.9999508764186172 0.003191643551465599 -0.7398821316112337 -0.0025674812300843838 -0.0032158676389711406 0.9999915330805117 43.478453081844485
0.9999606515019728 0.00859122249707582 0.002210504006031808 -0.2443874943830565 -0.00859802222561814 0.9999582776793069 0.003084952605783072 -0.7624060096449599 -0.0021839084470337104 -0.003103837246083383 0.999992798342019 44.905708042996224
0.9999647284976273 0.00828935373175882 0.001352168387416658 -0.2387858398349187 -0.008292912984182978 0.9999621075758105 0.00264783386994843 -0.793391870529421 -0.00133016842969029 -0.002658953949319838 0.9999955802974579 46.30158842279106
0.9999674642453865 0.008048234718352015 0.0005443822942022901 -0.25670962021521365 -0.008050021129030405 0.9999619461494104 0.003362057329537929 -0.8238445334725848 -0.0005173029933352713 -0.0033663303035283854 0.9999942000920837 47.7329239089094
0.9999648911624807 0.008362677182362888 -0.0005310873506866331 -0.26131596544072255 -0.008360325701585031 0.9999558648999254 0.004286399834831741 -0.84422073289541 0.000566909740034306 -0.004281809372347726 0.9999906723183394 49.13044404434726
0.9999577690049215 0.009073672059539609 -0.0014589926463104586 -0.2742029826272637 -0.009067261899879667 0.999949464122726 0.004342117153762478 -0.8698398360283272 0.0014983179914887389 -0.004328704806886219 0.9999895086256356 50.559234301195325
0.9999554371133056 0.009061972388074716 -0.002646586342028329 -0.2829930020612788 -0.009049888293896257 0.9999487291873839 0.004542965700437747 -0.883146219689857 0.002687619109348104 -0.004518812040208062 0.9999861784279954 52.009677472943295
0.9999407057280384 0.010286013326414666 -0.003575322057722521 -0.30259007806168997 -0.010264300783389328 0.9999290831199709 0.006039278283314326 -0.9246100014177207 0.0036371889155304114 -0.006002222136846879 0.9999753717939538 53.416610642526656
0.9999554625458298 0.008317512323248113 -0.00446003217298448 -0.3141528530647927 -0.008286980571088965 0.9999423977287408 0.006821084482848689 -0.9361102863987664 0.0045165101058960684 -0.006783820632898643 0.9999667899108433 54.869675379833545
0.9999719973754704 0.005482245194531137 -0.005094058468488045 -0.31673023513704185 -0.005443956466545089 0.9999570548026091 0.007500126470772171 -0.941167565631349 0.005134957675092255 -0.007472184770656073 0.9999588984936786 56.270866403975205
0.9999774971957514 0.004079673991072839 -0.005325536966485422 -0.3440413015250092 -0.00404104595624997 0.9999655956963123 0.00724412706098061 -0.9675054853740138 0.005354907879976324 -0.0072224434580163265 0.9999595798254958 57.69634777833195
0.9999814756147586 0.0030413551320140125 -0.005272434951873421 -0.3625891581929442 -0.0030015754062258553 0.9999670956941418 0.007536449920241631 -0.9925157249836849 0.005295182940087547 -0.007520484855920186 0.999957700784306 59.14583731239349
0.9999830987294502 0.002796813623857224 -0.005097065228443727 -0.3646578749962397 -0.0027551909443589923 0.9999629529858862 0.008154850160204 -1.019849426592669 0.005119684432495174 -0.008140669111671205 0.9999537581059705 60.551260944101195
0.9999891321598139 0.0009181693246385729 -0.0045708332982955305 -0.3811066362269221 -0.0008768514905966385 0.9999588146823929 0.009033275656316602 -1.0327586508225512 0.004578939517897529 -0.00902916972451941 0.9999487523961684 62.00496703124054
0.9999897385486561 -0.001692807369818793 -0.004202046553892154 -0.3912642878382141 0.0017293751032160971 0.9999605368737552 0.008714008930004789 -1.0490153827714739 0.0041871299504929165 -0.008721186600321 0.9999532033338806 63.40431994167144
0.9999910633748141 -0.001919235648816537 -0.003766921946303435 -0.4052966569006211 0.0019493823948366594 0.9999659736918397 0.008015694702144596 -1.077341784936842 0.0037514100884955153 -0.008022966399922858 0.999960778701759 64.81992771490795
0.9999930614584254 -0.0022232713511387402 -0.002988996063977054 -0.41550605480454494 0.002247123090289665 0.9999654725043964 0.008000264447599863 -1.095839813860685 0.002971106360407849 -0.008006925738033422 0.9999635301724258 66.27553854289766
0.9999969107846504 -0.000626878576502253 -0.0024052944162218206 -0.4296015632861425 0.0006457378089468266 0.9999689958867297 0.007847947800350237 -1.1146728811272864 0.002400300341108089 -0.007849476902078937 0.9999663115710967 67.63649593831853
0.9999957521855751 0.00234530183362549 -0.0017306539338196544 -0.4504829543367139 -0.0023290609357004095 0.9999537862169299 0.009327427658163879 -1.1345679973517286 0.0017524497424383347 -0.009323357425493187 0.9999550009536223 69.11594312503105
0.9999845783186881 0.0054908164775524845 -0.000833094821590509 -0.4660883623244525 -0.005481852259992884 0.9999308284560088 0.01040613311082541 -1.1499119940907538 0.0008901754455788874 -0.010401405937963296 0.9999455076888801 70.47024412181453
0.9999540515265903 0.009585594432721571 0.00010579950801003243 -0.4888783998281486 -0.009586178022833534 0.9998883352182882 0.011463956671308163 -1.1740584858990415 4.101154327565328e-06 -0.011464444366223485 0.9999342810918623 71.92599473940999
0.9999116594413353 0.013283491593595181 0.0004713088254851708 -0.49554362157549725 -0.01328783960955561 0.9998523673951686 0.010893886442369107 -1.1778627396080998 -0.00032653041555737996 -0.010899186971163415 0.9999405487850627 73.29336550587148
0.9998503993149433 0.017250645089453304 0.001262611653316775 -0.5121679285293084 -0.017263050148837146 0.9997950116021679 0.01057931559535496 -1.1989979055142037 -0.0010798528976778477 -0.010599529672035422 0.999943240334432 74.68194281261486
0.9998274067641925 0.01845508145672347 0.002136961018776609 -0.5289121537507175 -0.018476707886893 0.9997732529459643 0.010585556563300218 -1.2082999466357558 -0.0019411193170765179 -0.010623213794290433 0.9999416879925799 76.13517931264563
0.9998193460100472 0.01885174306879659 0.0024263299066700273 -0.5331835895585586 -0.01887740133385197 0.9997610095037602 0.011025771832647045 -1.2248367451515052 -0.0022178951987649096 -0.011069583017207086 0.9999362706060835 77.50487400019483
0.9998334975519545 0.018076695533337937 0.002492028153133784 -0.5358198882338359 -0.01810368989315118 0.99977257403032 0.011271941953179468 -1.2514940314520377 -0.0022877021237252505 -0.011315180287146216 0.9999333643373501 78.90626519359499
0.9998512281857632 0.017119711938460215 0.0021063984809225195 -0.5397334847523242 -0.017140317393031866 0.9998011979826155 0.010186956141640476 -1.2589105066071475 -0.001931582125982093 -0.010221545161220685 0.9999458930391052 80.276387250735
0.999854458087259 0.01694880535894188 0.001949511837026303 -0.5483678976341962 -0.016968270288771858 0.9998014912100451 0.010442989036333273 -1.2861703015693855 -0.001772128795561429 -0.010474549205509099 0.9999435700976194 81.668942094455
0.9998692916692256 0.01609539197934011 0.0015290170285628289 -0.5587520477065986 -0.01611107882363101 0.9998111232379809 0.010869729882387836 -1.2934640897888605 -0.0013537757761858235 -0.010892943457934404 0.9999397537231122 83.07061711712758
0.9998657658297282 0.016330974530545866 0.0013227057992430441 -0.5761705560993198 -0.01634356770138368 0.9998149558924488 0.010146024286395834 -1.305245311937954 -0.001156766666645868 -0.010166280286967451 0.9999476529487625 84.43223691368505
0.9998654956153746 0.01639501243364875 0.00044068319939963643 -0.578661029816893 -0.016398748131821007 0.9998099934559513 0.010538410010640558 -1.3156828891083663 -0.00026782211865252403 -0.0105442194212459 0.9999443723084382 85.83488450441678
0.9998688523230492 0.016182967005382277 -0.0006242505903443427 -0.591326863474648 -0.016174948233879653 0.9998062068085289 0.011221404358163205 -1.3340860937016499 0.0008057253074842028 -0.011209835710061636 0.9999368432032977 87.19699372321341
0.9998891107762377 0.014792286116106165 -0.0017188314157325487 -0.6003918045094061 -0.014769274075159315 0.9998101709325167 0.012707898180448372 -1.354263832504807 0.0019064841678441418 -0.012681103382039052 0.9999177740910898 88.58488213050587
0.999918279826789 0.012444001509883139 -0.0029292420805566597 -0.6010413434495998 -0.012403933278931249 0.9998343300596256 0.013321219840360115 -1.371736746259211 0.0030945263444783254 -0.01328379737851123 0.9999069779958514 89.97566765680017
0.9999279524463636 0.011372399773462565 -0.0038416670605912803 -0.614437640014092 -0.011318543277005072 0.9998412427586522 0.013761536171866621 -1.3879831968509475 0.003997559207170628 -0.013717062894291752 0.9998979256499438 91.33447530669845
0.999935535773205 0.010572214124516897 -0.004141564224553359 -0.6316991864055806 -0.010516135136080844 0.9998557679701382 0.013336198011486404 -1.4028882735879429 0.004281960391263471 -0.01329178532829086 0.9999024918818182 92.7138373131893
0.9999555535978482 0.008221269938908917 -0.004615357276677074 -0.6433058796844793 -0.008159253295769409 0.9998782757882448 0.013298879822169847 -1.4199908530370131 0.004724129566278547 -0.013260631137240284 0.9999009142290854 94.06554146565509
0.9999564273382557 0.008055240959296424 -0.004717678622627147 -0.6642377543262432 -0.007994055575427256 0.9998855075791351 0.012847833306672548 -1.4275783871202699 0.004820631294498427 -0.012809560369844366 0.999906333959068 95.43760609405885
0.9999595647359254 0.007764038958619329 -0.004537462612863429 -0.6722527509767441 -0.007707835502666311 0.9998949442705288 0.012275573539338907 -1.437970339573086 0.0046322943584887295 -0.012240103408824565 0.9999143571982162 96.78976065591112
0.9999478789537236 0.009224616887082817 -0.004375590291309883 -0.6917478347516806 -0.009172649856864931 0.9998888739025525 0.011751695894342624 -1.4530997299470134 0.004483509329218067 -0.011710947867529234 0.9999213728374211 98.12134429555495
0.9999326330906196 0.010879786020144104 -0.004044688327991807 -0.7131748973260948 -0.010831424761488191 0.9998718007846492 0.011792465984591325 -1.45900941742108 0.0041724696701115 -0.011747862068569974 0.9999222861032333 99.46824369611848
0.9999313539976649 0.011022847993429775 -0.003972918484882949 -0.7207132361905809 -0.010969473657349526 0.9998525059344264 0.013215031007408996 -1.4716612865541483 0.0041180001389669015 -0.013170543295077025 0.999904784905639 100.80171169316581
0.999929715161132 0.011204554213351325 -0.0038759088082933124 -0.7449188304831843 -0.011146479167520417 0.9998299039617907 0.014694188157963991 -1.4800514497242485 0.0040398917119348725 -0.01464995294314462 0.9998845224162585 102.14396065779925
0.9999351833136884 0.010784441099163692 -0.0036503383133938165 -0.755954523547733 -0.010732526252839587 0.9998450257437904 0.013954834094565008 -1.501773386958484 0.0038002680229915803 -0.013914752522287775 0.9998959634072024 103.48685505928711
0.9999357101399086 0.010755820329522561 -0.003589969979642005 -0.7677053396531266 -0.01071351400434292 0.9998752878157842 0.011602993296637613 -1.5098069746578062 0.0037143223003970756 -0.011563786387348425 0.9999262386123072 104.81266927485221
0.9999481654661008 0.009479886513313204 -0.00371457999971842 -0.7823490290069538 -0.009440725138578358 0.9999011207054498 0.010422165719390888 -1.5214040598436802 0.0038130139829487845 -0.010386557377584366 0.9999387883069987 106.14459805350265
0.9999595401830135 0.008340170784420745 -0.003370389304770568 -0.7923460956069622 -0.008300368961565325 0.9998976188284299 0.011655717477246483 -1.5405524019646495 0.0034672552166266734 -0.011627270652654603 0.9999263896552877 107.49798908680675
0.9999815340744177 0.005361117584209978 -0.0028618023626561656 -0.8014637322649053 -0.005322395176345456 0.9998964358583476 0.013371225539109063 -1.5353045295780143 0.0029331909532405477 -0.013355747253691428 0.9999065058377854 108.8206135060422
0.9999893924890153 0.0041766968312692415 -0.0019416750014284638 -0.8157806572916176 -0.004148532845598248 0.9998892916831356 0.014289648506772003 -1.556717515223748 0.002001143751877892 -0.014281442112957971 0.9998960125154298 110.17882322902464
0.9999932351530161 0.0034071811305500244 -0.0013859135496101557 -0.8261825853442291 -0.003388039563106478 0.9999019503911116 0.01358715543012985 -1.5702849016306475 0.0014320716927072037 -0.013582368256642824 0.99990672987588 111.47867473142418
0.999990790584125 0.004241100160098115 -0.0006571204290056285 -0.840501773726666 -0.00423333558184066 0.9999260719530076 0.011398662305538307 -1.5850416202676956 0.0007054147864623491 -0.011395775747651089 0.9999348172207637 112.82305094232291
0.9999711866560254 0.007580747528441517 0.00039762945593619357 -0.8434661924152991 -0.007584196064027899 0.9999257563096832 0.009537392277136097 -1.6063508061388332 -0.00032529939177751844 -0.009540133366299957 0.9999544389812204 114.16960136334703
0.9999416318532053 0.01063642456034154 0.0018971919455026875 -0.8599884163799508 -0.010652785834336514 0.9999042464167402 0.00883267646597754 -1.6052204847402762 -0.0018030623315551742 -0.008852371479659745 0.999959191410151 115.48108607188097
0.9999325552042834 0.011108944242078521 0.0033876804152334714 -0.8736002645605317 -0.011146359469329108 0.9998747814249401 0.011232994391615266 -1.620480011958506 -0.0032624697736388874 -0.011269997316260072 0.9999311693568401 116.85004296941338
0.9999214629640192 0.011768967767642944 0.004308048104777296 -0.8805959438137394 -0.011824568918935654 0.9998440547395246 0.013116622843140672 -1.6192245067599205 -0.004153007514691873 -0.013166533779323896 0.9999046929167932 118.14468012397171
0.9999259753939385 0.010968381648311121 0.00526671781702337 -0.8797569851759826 -0.011042670424212381 0.9998369198913724 0.014289614120400387 -1.6405024342301462 -0.005109125399695401 -0.014346715253426475 0.9998840275748714 119.51266307945856
0.9999174984600648 0.011257089179366884 0.00618661428176248 -0.8813288954541725 -0.011341334547713133 0.9998410718700416 0.013755186418468327 -1.6518325633491786 -0.006030788193722844 -0.0138242163328779 0.9998862538488479 120.83644153204061
0.9998843523812474 0.013154965045378126 0.007630775315534074 -0.8788254367316966 -0.013257856658196048 0.9998197061569702 0.01359354421147557 -1.66119867004486 -0.007450577554173099 -0.013693140149680554 0.9998784860199831 122.14003484065354
0.9998535953713068 0.014732033112667242 0.008703734388651388 -0.8834413273864973 -0.014844273020248383 0.9998056323365592 0.012974788617184195 -1.6639172373561346 -0.008510898358158167 -0.013102089920230509 0.9998779424744413 123.50908140933988
0.9998309990958917 0.015467927911202974 0.009935613681080936 -0.8852781192875221 -0.015591462172141343 0.9998005750190679 0.012478643153219499 -1.6757634999425346 -0.009740614332690712 -0.012631445248991959 0.9998727754175025 124.84826854319068
0.9998065822652982 0.01629339286498955 0.011014688865399016 -0.8793954929659282 -0.016422860886362897 0.9997958860744993 0.011767576997792715 -1.6797927163874915 -0.010820707764698477 -0.011946193881778863 0.9998700919283235 126.18035774033332
0.9998015033870211 0.01602886840458924 0.011833392000908424 -0.8766285299779051 -0.016163836872446345 0.9998043718644415 0.01139949196931209 -1.6978814707366543 -0.011648357075831272 -0.011588502457918965 0.9998650020807018 127.51141804005688
0.9997940805145649 0.015706504402636642 0.012849212101699675 -0.8727181872815839 -0.015864228839822563 0.9997989091861591 0.012266518278851028 -1.704800729877965 -0.012653965180079656 -0.012467835452378834 0.9998422026715034 128.83971696796374
0.9997877012820058 0.01535725298142134 0.013737070680857055 -0.8652154244392773 -0.015538596526520771 0.9997922254795675 0.013193101379220822 -1.7178804469310445 -0.01353160780574191 -0.013403755564408776 0.9998186010105907 130.2156374246284
0.9998019223526509 0.014035673322260135 0.014110843471577273 -0.8494022562144825 -0.014228973019390473 0.999805002485932 0.013692821526185247 -1.7200750823838564 -0.013915905088036674 -0.013890892368555759 0.9998066766606488 131.5372641113316
0.9998196146894403 0.012749687142952552 0.014077767348428707 -0.839805300281115 -0.012949045520651306 0.9998158629715405 0.014162005379432916 -1.7406962130999157 -0.013894615135702235 -0.01434174469304215 0.9998006071362933 132.88334062973982
0.9998423812993311 0.011007145467007557 0.01393037276945145 -0.8280227683894152 -0.011215025155117814 0.9998255897568731 0.0149336297604242 -1.7374762232212162 -0.013763567686277355 -0.015087505716728391 0.9997914439406437 134.20244249014152
0.9998700566451898 0.009095358244013097 0.013309555514273952 -0.810758344124818 -0.009296123617845075 0.9998427592999671 0.015100952787390421 -1.7566545080859468 -0.013170115236296928 -0.015222718088560858 0.9997973879339012 135.5355416373913
0.9998804243510201 0.00954648224973855 0.012165593324707078 -0.8062545164460794 -0.009725095925732712 0.9998445331808121 0.014708228756826636 -1.765841761731866 -0.012023291138562875 -0.014824781862617823 0.9998178165609855 136.87581349620987
0.9999077360028712 0.00774127077486204 0.011162087549867824 -0.797172169492063 -0.00792002225643032 0.9998396643933636 0.0160598493993072 -1.7783727667055245 -0.011035975147085365 -0.01614677195042238 0.9998087262114493 138.21342902423487
0.9999265890956373 0.006737311143015626 0.010071000499488005 -0.7793288545571755 -0.006901900650717196 0.9998417147570382 0.01639845132146567 -1.7876266868864203 -0.009958925768671788 -0.016466756862830535 0.9998148157115853 139.5570071453345
0.9999469444914457 0.005411399870990575 0.008764984305482755 -0.781747912490005 -0.005557259942271176 0.9998450477919244 0.016703211399166466 -1.7962062246128694 -0.008673239115598358 -0.016751034825206797 0.9998220730490818 140.9155025095046
0.9999631758669084 0.004086913950297688 0.007546127717818112 -0.7817530299934682 -0.00420940907647495 0.999858465916664 0.016288922937547034 -1.7893894353273136 -0.0074784888762513616 -0.016320088169293208 0.999838850478819 142.23277802063632
0.9999723513614314 0.0036337586005347165 0.006487858716662325 -0.7755449081798238 -0.0037364172808617598 0.9998668951013122 0.015881790394726845 -1.7866693223869223 -0.006429285089173264 -0.015905592943311533 0.9998528273736 143.5842750252367
0.9999824426658448 0.0016005678005194734 0.005705483851498032 -0.7662935127424149 -0.0016794474658941199 0.9999027105273962 0.013847343911581447 -1.802152644428244 -0.005682765624344826 -0.013856683119243294 0.9998878429640734 144.93799370806875
0.9999888801489019 -0.0011278030286032796 0.004579044208890066 -0.7814954849577289 0.0010686429138344125 0.999916198247588 0.012901723828427508 -1.8258424202643075 -0.004593211457828472 -0.012896687249620571 0.9999062845417881 146.24182310662445
0.9999359529481712 -0.010783139454949185 0.0034371382589430555 -0.7711709085780489 0.010726702242643226 0.9998138750814195 0.016035991915171938 -1.8184276329128513 -0.0036094171503198583 -0.01599809600262311 0.9998655074732862 147.62158069149115
0.9998387794697507 -0.01786089472517207 0.001844862864617761 -0.7611084258190948 0.01782582423607814 0.9996872406258736 0.01754026521364112 -1.827815163584722 -0.002157570863774669 -0.01750455149120671 0.9998444556882293 148.94440714421867
0.9998035630968226 -0.01979589390234966 0.0009786785699226765 -0.7347488295815716 0.019779532279394465 0.9996980297707748 0.014581473268857786 -1.8425109265408497 -0.0012670364297233828 -0.014559251395823584 0.999893205708384 150.24518678527684
0.9998207914476462 -0.0189024252922817 0.0010408247605743898 -0.7562799782707041 0.018889067217198366 0.999754048722409 0.01162089460003427 -1.85772740611308 -0.001260231956101389 -0.01159915204060156 0.9999319334283485 151.642500423786
0.9998740925789034 -0.015724255966722743 0.0021323171103752956 -0.7645179258502317 0.015703762148884075 0.9998333454206554 0.009309845702049182 -1.8653035779215963 -0.0022783523306631618 -0.009275188291584597 0.9999543889561551 152.95273670668652
0.9998636070870837 -0.01624075634063009 0.003000844792255626 -0.7693656112201195 0.016211782995667508 0.9998240182553066 0.00943984108801991 -1.8733501345368602 -0.0031536271150622293 -0.009389904686100339 0.9999509409590928 154.32517901205622
0.9998094778574897 -0.019229911839271224 0.003349401215819095 -0.7736389883239507 0.01918688385583329 0.999738555464285 0.012437210071416271 -1.875903303642568 -0.0035876922781170606 -0.012370576161581355 0.9999170452141305 155.65417044312326
0.9996028641663431 -0.027940571187646538 0.0036658466292576134 -0.7722643682716872 0.027880952044750454 0.9994923808730973 0.015415352367559157 -1.8718416708361243 -0.004094699857088554 -0.015307023361669492 0.9998744563547051 156.99245591526474
0.999549097183725 -0.029797362774156726 0.003703982501301886 -0.7562548537563973 0.029732043750766636 0.9994202117330833 0.016590538141119517 -1.888289551371626 -0.004196189598280246 -0.016472930749444083 0.9998555068348144 158.34545885924294
0.9995124966888894 -0.03102029952890579 0.003536943929260594 -0.7508569545366015 0.030955916563261986 0.9993761848978909 0.016999185075326335 -1.908222383010866 -0.004062057670196675 -0.01688140888085586 0.999849247499163 159.67370697471213
0.9995359814622233 -0.03011021655671831 0.004603978362814196 -0.7552510579896318 0.030026413512570883 0.9993993675310777 0.017300828656357493 -1.8991673598220964 -0.005122145178019085 -0.017154560103935925 0.9998397295060669 161.0379695090668
0.9995867997954035 -0.028140601113033577 0.005859713673627516 -0.7582088750693443 0.02803760161813994 0.9994627304596276 0.016974784704887193 -1.8907394086276832 -0.006334246592849411 -0.01680347870731288 0.9998387472111633 162.38102913777524
0.9996621410805766 -0.025083593447550408 0.006813004955500132 -0.7653526307019024 0.02497653300230524 0.9995698847078345 0.01536939745073746 -1.898321605124291 -0.0071955948889551756 -0.015194039794035148 0.9998586722975977 163.7308997778902
0.9996883256698894 -0.023807904529987906 0.007512337185249306 -0.7679794144039274 0.023694589733720288 0.9996092607861554 0.014828761240911509 -1.8922740412019095 -0.00786244420323309 -0.014646138013200678 0.9998618267599051 165.07915202668087
0.9997060034087717 -0.022970119653773415 0.007764042861228822 -0.7679558042652395 0.022842742304458784 0.9996091819094488 0.016114979250755838 -1.895082913220293 -0.008131172206969212 -0.01593288976131238 0.9998400007313557 166.42489737125294
0.9997313038481485 -0.021911486768136163 0.007563521996933233 -0.7631747078291149 0.021787054707512854 0.999632025470073 0.016159761455339275 -1.8936059084962713 -0.00791482386708505 -0.01599063281405969 0.9998408149428232 167.7584965036468
0.9997988798686277 -0.01872417763543957 0.007183661999140851 -0.7615375905932262 0.018622770931085303 0.9997294983695868 0.013932784337817918 -1.9144376853990097 -0.0074425993521702654 -0.013796202734081144 0.9998771287031908 169.14556164955857
0.9998582858038051 -0.015472911115366837 0.006633049616012356 -0.767223081022089 0.015397556289188003 0.9998179903356889 0.011265054281978729 -1.9183609049233168 -0.006806146085501569 -0.01116132531164176 0.9999145469439294 170.55315553813224
0.9999307870553499 -0.009895494849376817 0.006363984337097729 -0.7716874611716151 0.009833035657226182 0.9999039041105382 0.009772100156853897 -1.928387712375059 -0.006460073088494419 -0.009708846694644469 0.9999320005621654 171.90350709699854
0.9999572377497412 -0.006303661217757026 0.006766575303681545 -0.7757418055443724 0.006230307533199513 0.9999221871759488 0.010807536723308635 -1.9411740968603037 -0.006834176395841679 -0.010764916925414779 0.9999187019921574 173.25977006678622
0.99997024768934 -0.0018933549549754302 0.007477897612965409 -0.7878127596545239 0.0017938547040967767 0.9999100710004991 0.013290296803559358 -1.9664284691415284 -0.007502389005574205 -0.013276487378828373 0.9998837177594523 174.62717334449985
0.9999714600973412 -1.620579075033851e-05 0.0075550469842797854 -0.7870543491604995 -0.00010118875927387153 0.9998792741258619 0.015537919026688175 -1.9707631661068836 -0.007554387324754228 -0.015538240361913272 0.9998507360193951 176.0492141038282
0.9999738755028308 -0.0029790095864498135 0.00658588068730907 -0.7858385669420243 0.002867299202774185 0.999852955273506 0.01690699305439919 -1.969350877150403 -0.006635278909576087 -0.01688766800243077 0.9998353763217792 177.44814081818348
0.9999732346160228 -0.005144682782855379 0.005202144074512935 -0.7840287232980228 0.00505695109828933 0.9998470982571234 0.016739394797111472 -1.9677953867187186 -0.005287467966814476 -0.016712640093749297 0.999846353369098 178.85078099772272
0.9999653258359535 -0.007775346322397524 0.002981799442591113 -0.781983759013392 0.007735295483952697 0.9998827426806088 0.013216129520313365 -1.9711434902743343 -0.0030842100382698656 -0.013192606413868255 0.9999082171807951 180.1889405226719
0.9999878097159856 -0.004742083703698708 0.0013758887240525094 -0.7946083695676536 0.004729303868700366 0.9999469743572578 0.009147794795291951 -1.9936808769340293 -0.0014191954874908672 -0.009141176460594043 0.9999572114735423 181.60473290731025
0.9999990709842245 -0.0010116881132070758 0.0009135210771579136 -0.8246642220627509 0.0010039119760648033 0.9999635990811835 0.008473055484022704 -2.00166892509553 -0.0009220599846536197 -0.008472130683128314 0.9999636857447769 183.0007634532777
0.9999978134414338 0.0020033334798651454 0.0005998038738676643 -0.8429724129958002 -0.002009040775209605 0.9999512198033694 0.009670665399486697 -2.002713682552272 -0.000580401088897421 -0.0096718494761402 0.9999530581305144 184.32640884329055
0.9999868606557067 0.005041733221852654 0.0009270563938862729 -0.8387037007521649 -0.005053057501038171 0.9999072457803425 0.01264778442174755 -2.017866189938361 -0.0008632037136365382 -0.012652302959948958 0.9999195838229923 185.7715757791738
0.999976451122299 0.006723132287949603 0.0013772004819910969 -0.8511503953304145 -0.006743332416808119 0.9998612921161605 0.015229051278806308 -2.035652392357314 -0.0012746226229020906 -0.0152379798768412 0.9998830828208022 187.13545735606186
0.9999886688543698 0.004517241992905209 0.001502225375099467 -0.8573213460651155 -0.00454033892957746 0.9998657400122772 0.015744436277867254 -2.0273968962728515 -0.0014309023661290684 -0.01575107880046089 0.9998749201975231 188.589327963454
0.9999906834631861 0.0040972089707508675 0.00135862417442021 -0.8549477323239068 -0.004119157810783925 0.9998542862985897 0.016566191756661693 -2.0386931180274304 -0.0012905511507399494 -0.01657163413321407 0.9998618481698676 190.00966850552385
0.9999983463658764 0.0010454957398117939 0.0014880203256222811 -0.8623950321295775 -0.0010709584993714143 0.9998512350860463 0.01721513108931837 -2.044228577211355 -0.001469800724577612 -0.017216696568743976 0.9998507013805352 191.35603668518283
0.9999983345626837 -0.0002607991991417126 0.001806338436441891 -0.8719715042682717 0.0002293816906977289 0.9998490801964445 0.017371361653768538 -2.0478791622259083 -0.0018105964003815342 -0.017370918722591076 0.9998474748326145 192.81786801400145
0.9999921476763819 -0.003303943144900578 0.0021882762369267597 -0.8696309636717103 0.0032634431375732683 0.9998279506003611 0.01825976789564273 -2.047052548409245 -0.002248229155323702 -0.01825248355435814 0.9998308818573836 194.18497914266553
0.9999618322656983 -0.008386785775006952 0.0024486421804658007 -0.8707746325924026 0.008336626044374176 0.9997687511071076 0.01982283926939978 -2.042660808047895 -0.0026143260454556546 -0.019801669644099455 0.999800509694573 195.6309180078628
0.9999251639504712 -0.011932933043689758 0.002696594390957891 -0.8634969084197875 0.011874950912172154 0.9997176369317269 0.02058232075200952 -2.0517478349458664 -0.002941440658868617 -0.020548758919894734 0.9997845250057282 197.04308549003608
0.9999446174254588 -0.010110725785212773 0.002921526918463138 -0.8709596442966813 0.0100595743009773 0.9998044954336472 0.017022804057893248 -2.0553969061076187 -0.0030930688974884673 -0.0169924722987304 0.9998508332816178 198.4591341743293
0.9999879978645442 -0.003674183954176489 0.0032410659223510354 -0.889961200543459 0.0036350166449509863 0.999921282195828 0.012008998975147856 -2.0652614476673694 -0.0032849343317438544 -0.011997073743912038 0.9999226367216089 199.8983932627849
0.9999682253731064 0.006414344095587404 0.004733331409110466 -0.9029013725104084 -0.006466507348731442 0.9999176106355702 0.011088563151407079 -2.0610358620632243 -0.004661815958746236 -0.011118819159056811 0.9999273170241065 201.34448931901275
0.9999029077936185 0.012529911483845798 0.00609723541394103 -0.924927969473275 -0.012618992783588218 0.9998108768671767 0.014797687098533671 -2.060096682562518 -0.005910669064439629 -0.014873191626064554 0.9998719178785821 202.77734534944454
0.9998728394063697 0.014313695817005305 0.0070301564354381535 -0.9206336159947867 -0.014431463618341401 0.9997513896105945 0.016996819059144255 -2.0615619301059382 -0.006785121928132038 -0.01709611352277269 0.9998308282025617 204.203576895269
0.9998805821410346 0.013971513575134906 0.006604410401708177 -0.9207410600643621 -0.014086216960044506 0.9997449530267908 0.01765240539089889 -2.0726767753894704 -0.0063560956689710625 -0.017743328891497073 0.9998223713889366 205.68647108294044
0.9999316878479695 0.010452140038926437 0.005231862738912853 -0.9122530058134579 -0.01054475646166313 0.9997823929568881 0.01799930164808317 -2.077276965459707 -0.005042593439546803 -0.018053241155199396 0.9998243109358457 207.1063567572907
0.9999567724613171 0.008364408548211853 0.0040607714855614 -0.9098767501054386 -0.008434977367227404 0.9998080517123272 0.01768363360765747 -2.0783841334305606 -0.003912079208164179 -0.0177171220556958 0.999835386064178 208.54429648910383
0.9999534707338499 0.008935284316999147 0.003635525578581526 -0.9189230991437597 -0.008996485247791463 0.9998119188960023 0.01718109711828588 -2.0778415139029196 -0.003481324098170034 -0.01721300498995304 0.9998457845315449 210.0426513309539
0.9999473502833081 0.009670604133319818 0.0034316263701425977 -0.9261022101873597 -0.009728365267149507 0.999804146398341 0.017234493535832517 -2.0829515636914913 -0.003264286571877535 -0.017266970604495446 0.9998455861598528 211.500488878309
0.9999337179883864 0.011022755761391419 0.0033254268429107007 -0.9302607043780646 -0.011080555344862098 0.9997784832634914 0.017894292764894404 -2.0762622794839207 -0.0031274460370669327 -0.01792995463064221 0.9998343541871991 212.94444577270087
0.9999407625311082 0.010484124168017288 0.002924816011720027 -0.9443484709096386 -0.010535349938023646 0.9997809303345028 0.01808584408625798 -2.089758239786726 -0.0027345612553164797 -0.018115587049675603 0.9998321597577595 214.38224185213605
0.9999315969253397 0.01138044999414895 0.002699408244544072 -0.9446640109866516 -0.011425819455810806 0.99978274123273 0.01743333018479513 -2.09494105238445 -0.0025004228299707184 -0.017462980993519724 0.9998443839845728 215.86178692402757
0.999942553721953 0.010450843154378274 0.0023809898066906934 -0.9543051815277875 -0.010489869503320598 0.9998002174626192 0.017014341463145212 -2.0917866078998926 -0.0022027000855576523 -0.01703834066694719 0.9998524106410155 217.33002340059505
0.9999460417699747 0.01023630876419296 0.0017696074247963217 -0.9518835810390672 -0.010265184482690187 0.9998000456023397 0.017160851267787502 -2.0980530443982466 -0.001593589933234542 -0.01717809099042214 0.9998511757591307 218.7942202207966
0.999921467846903 0.012427455930408154 0.0016175444394729065 -0.9632874124095159 -0.012453005135618887 0.9997799613791646 0.016880506801090156 -2.1081934367523614 -0.0014074068689481957 -0.016899324769211244 0.9998562056786642 220.27355457631825
0.9999466711298515 0.01021899613421597 0.001492311306335573 -0.9723186459974478 -0.010242635469255182 0.9998064058917467 0.016799975352391836 -2.1005010980980394 -0.0013203436191347741 -0.016814364967562733 0.9998577567981349 221.77417271751114
0.9999250228729795 0.012197281040108195 0.0010839463864384007 -0.9779319383989551 -0.012213672004635408 0.999786259596659 0.01668116780610749 -2.109966521431968 -0.0008802498731708781 -0.016693156403347398 0.9998602720860026 223.25340484687632
