1.0 -3.469446951953614e-18 0.0 -1.7787691892340307e-19 0.0 0.9999999999999999 -3.5405977195229754e-19 0.0 2.168404344971009e-19 -2.354751593366955e-19 1.0 0.0
0.9999998184236251 -0.0001920850232811945 -0.0005711877703400902 0.0023623220759034095 0.0001924746445146272 0.9999997488292218 0.0006821250560820844 -0.022605926090915572 0.0005710566496940094 -0.0006822348851515522 0.9999996042253559 1.3271691435190551
0.9999996106291743 -0.0006537789352943687 -0.0005927180634304468 -0.007919513178060316 0.0006544457365945475 0.9999991525635218 0.001125420722648312 -0.03902273942997718 0.0005919818357649513 -0.0011258082084223669 0.9999991910569219 2.628002273801946
0.9999985244154309 -0.0013027885225958633 -0.0011197808784350139 -0.009237918093241298 0.0013039059154677044 0.9999986522689209 0.0009976409880589597 -0.0746863043332523 0.001118479749464476 -0.0009990996244713523 0.9999988754018504 3.9515879976599413
0.9999979703940859 -0.001937228998920874 -0.0005534921413556564 -0.02262172482950816 0.0019378220718998269 0.9999975470087418 0.0010727623416835195 -0.08804861158533576 0.000551412644931519 -0.0010738327538173656 0.9999992714139098 5.267169937196659
0.999997036378921 -0.002257119790703626 -0.0009124941099497561 -0.018649532155090798 0.0022585203953163664 0.9999962688856073 0.0015366511946255576 -0.10716273517368945 0.0009090223777324522 -0.0015387075564707359 0.9999984030282704 6.588547945280161
0.9999934119286554 -0.0035640749000146067 -0.0006880939448463098 -0.02745835817716638 0.003565774164919891 0.9999905575658861 0.002483954156186457 -0.14381065598129011 0.0006792345085711311 -0.002486391426161097 0.999996678244332 7.923302919618288
0.9999934488604734 -0.0035843750530780826 -0.0005044757888072321 -0.0465135028782244 0.0035858147715182205 0.9999894178086839 0.002882047455111991 -0.16242385186491953 0.0004941401556974973 -0.002883837585649996 0.9999957196446488 9.238816185896198
0.9999943853945131 -0.003178870621352933 -0.0010601716006701494 -0.045096460260239266 0.0031813286672287087 0.9999922372690773 0.002324767636819906 -0.18721029828362878 0.0010527733263801051 -0.0023281273827818905 0.9999967357413443 10.570550192816047
0.9999993687847709 -0.0006551737587281326 -0.0009127852844807026 -0.0661500682084681 0.0006551678753710898 0.9999997853539264 -6.791070508366857e-06 -0.2039312015990779 0.0009127896150635379 6.1930385071391005e-06 0.9999995833890292 11.891690629798024
0.9999974609329536 0.0020534361254247926 -0.0009281824258260142 -0.0662545312698439 -0.0020541173362308854 0.9999976213487369 -0.0007334183965482445 -0.23049241334906068 0.0009266742677488995 0.0007353231421284433 0.9999993002877952 13.229593873260853
0.9999825763612736 0.005857678701218167 -0.0007311369104783881 -0.09360530603499091 -0.005858246053997207 0.9999825394364347 -0.0007757495008073443 -0.25272880800631503 0.0007265801134718596 0.0007800191746458177 0.9999994318260829 14.569979383574177
0.9999824980340419 0.005907204708004316 -0.00032946281567014816 -0.11424904217719009 -0.005907192547231523 0.9999825516300411 3.903269550063731e-05 -0.28002457526652186 0.000329687668709484 -3.70858175854426e-05 0.9999999449655997 15.920241422566376
0.9999906106483816 0.004331838600978623 -0.00011739235633997339 -0.1043758587273754 -0.004331475290246993 0.9999863025266893 0.0029382117842349583 -0.30647546020984573 0.00013011862068403046 -0.0029376757755641266 0.9999956765561292 17.262322216780927
0.9999999873561882 -0.0001562310253649512 -2.9659686001431464e-05 -0.11691822874944668 0.00015637946430547243 0.9999871250157234 0.005072016049569641 -0.33460387636493466 2.8866904432920922e-05 -0.005072020723477298 0.9999871368041284 18.627756867929524
0.99999782463288 -0.002048658823199538 -0.00039208287747600893 -0.1084249613329046 0.00204997750041613 0.9999921439279651 0.003392590582577068 -0.368380182514624 0.00038512957205775306 -0.003393387029151607 0.9999941682834819 19.963717348896665
0.9999955365716997 -0.002976101696689706 -0.00026393034908640876 -0.1171557198051627 0.002976335947819233 0.9999951738453358 0.0008909017681138828 -0.36845357118455496 0.0002612776840638404 -0.000891683352532537 0.9999995683175634 21.31949843574183
0.9999996400300711 -0.0008475206433744761 4.061874141459733e-05 -0.13133911101730633 0.0008475283976465391 0.999999622813318 -0.00018991452916284913 -0.4259705847047585 -4.045777312587889e-05 0.00018994889076174383 0.9999999811412503 22.671777519461436
0.9999988284632028 0.0012981975201007499 0.0008110205823243987 -0.14202851828653626 -0.001299046153059446 0.9999986085281484 0.0010466245351423422 -0.4129499949299911 -0.0008096607960938875 -0.0010476768831351045 0.9999991234103764 24.03830705713363
0.9999969016163764 0.0018283319252479805 0.0016893664999236078 -0.15567470903154965 -0.0018379501259427897 0.9999820121519138 0.005709405724277062 -0.43823252490117887 -0.0016788975604628581 -0.005712493118343824 0.9999822742051087 25.42725200081094
0.9999983623890508 0.0003292533113620254 0.0017795542666415483 -0.1495241824763988 -0.0003409422110528873 0.9999783452277319 0.0065721254427636945 -0.4653417365265492 -0.001777351981625911 -0.00657272153369695 0.9999768199067617 26.800773052955616
0.9999903298747498 -0.004053046481636081 0.0017067451792189981 -0.14998052879398593 0.004042737349173481 0.9999738210515725 0.006001123164831437 -0.4927526106399115 -0.0017310234706961105 -0.005994165324368719 0.9999805365800436 28.169613465005412
0.999990439776109 -0.004081389980608653 0.001569273707466034 -0.16084992484466987 0.004075576465658648 0.9999848856419988 0.0036902788147573033 -0.5008668408828554 -0.0015843115864944857 -0.0036838479080690003 0.9999919595776403 29.530195297973595
0.9999884820709805 -0.004195992624074744 0.00233010301778234 -0.16415473866260744 0.004191766609804328 0.9999895660909538 0.0018157081078346133 -0.546919415303597 -0.0023376975993233615 -0.0018059199770897592 0.9999956369005589 30.918358839722906
0.999994383695898 -0.0018907063038563262 0.0027672753332876245 -0.17689623281914943 0.0018888025478656107 0.9999979778487891 0.0006904493640903841 -0.5424750263714677 -0.002768575407684111 -0.0006852186594214102 0.9999959327227825 32.30252324928103
0.9999943371034627 -0.0001720036762123834 0.003360979055468022 -0.1804093821285152 0.0001768123691540842 0.999998961211656 -0.0014304939221730058 -0.5899047879472733 -0.0033607297990707434 0.0014310801151763079 0.9999933287280395 33.68181356449206
0.9999937230081745 3.0253943291442403e-06 0.0035431538856112053 -0.19457524617569333 9.156845770120353e-07 0.9999993813868474 -0.001112306256622639 -0.5869796658015132 -0.003543155359265252 0.0011123025439011384 0.9999931043905589 35.07703508526604
0.9999954324763015 0.0001483290975363566 0.00301877932660821 -0.19099312070430163 -0.00015022393592757644 0.9999997918612633 0.0006274634269054964 -0.634839928077525 -0.003018685881801943 -0.0006279140638963077 0.999995246616559 36.46825389624759
0.9999949295971486 0.00148029752043241 0.0028194858286710897 -0.20762937046704727 -0.0014857076204601548 0.999997057614976 0.0019176643297697808 -0.6486804246024697 -0.0028166390554714435 -0.0019218435747404307 0.999994186512295 37.871648208401666
0.9999915853904158 0.0032970643519632335 0.002441006387610044 -0.20377372968095203 -0.003302990875232289 0.9999915980424887 0.0024277770354022617 -0.6650609125282425 -0.0024329815451056436 -0.0024358192769846714 0.9999940736736703 39.26315785967168
0.9999782030343141 0.0058644825594055755 0.003033363259890309 -0.22542275653494154 -0.005872609892805356 0.9999791721618508 0.002677257330078105 -0.7003629358404276 -0.0030175996057765333 -0.0026950127882333177 0.9999918154641735 40.66396469412003
0.9999566051836724 0.008833316486301224 0.002959772584929783 -0.23230558763259637 -0.008842689611773697 0.9999558822308555 0.003168667090446901 -0.7288265266867296 -0.002931652412836199 -0.0031947020043564278 0.9999905996008605 42.09041527110347
0.9999526738069557 0.00937565754201508 0.002597532372152078 -0.23466184999962447 -0.009383932085166547 0.9999508764186172 0.003191643551465599 -0.7398821316112337 -0.0025674812300843838 -0.0032158676389711406 0.9999915330805117 43.478453081844485
0.9999606515019728 0.00859122249707582 0.002210504006031808 -0.2443874943830565 -0.00859802222561814 0.9999582776793069 0.003084952605783072 -0.7624060096449599 -0.0021839084470337104 -0.003103837246083383 0.999992798342019 44.905708042996224
0.9999647284976273 0.00828935373175882 0.001352168387416658 -0.2387858398349187 -0.008292912984182978 0.9999621075758105 0.00264783386994843 -0.793391870529421 -0.00133016842969029 -0.002658953949319838 0.9999955802974579 46.30158842279106
0.9999674642453865 0.008048234718352015 0.0005443822942022901 -0.25670962021521365 -0.008050021129030405 0.9999619461494104 0.003362057329537929 -0.8238445334725848 -0.0005173029933352713 -0.0033663303035283854 0.9999942000920837 47.7329239089094
0.9999648911624807 0.008362677182362888 -0.0005310873506866331 -0.26131596544072255 -0.008360325701585031 0.9999558648999254 0.004286399834831741 -0.84422073289541 0.000566909740034306 -0.004281809372347726 0.9999906723183394 49.13044404434726
0.9999577690049215 0.009073672059539609 -0.0014589926463104586 -0.2742029826272637 -0.009067261899879667 0.999949464122726 0.004342117153762478 -0.8698398360283272 0.0014983179914887389 -0.004328704806886219 0.9999895086256356 50.559234301195325
0.9999554371133056 0.009061972388074716 -0.002646586342028329 -0.2829930020612788 -0.009049888293896257 0.9999487291873839 0.004542965700437747 -0.883146219689857 0.002687619109348104 -0.004518812040208062 0.9999861784279954 52.009677472943295
0.9999407057280384 0.010286013326414666 -0.003575322057722521 -0.30259007806168997 -0.010264300783389328 0.9999290831199709 0.006039278283314326 -0.9246100014177207 0.0036371889155304114 -0.006002222136846879 0.9999753717939538 53.416610642526656
0.9999554625458298 0.008317512323248113 -0.00446003217298448 -0.3141528530647927 -0.008286980571088965 0.9999423977287408 0.006821084482848689 -0.9361102863987664 0.0045165101058960684 -0.006783820632898643 0.9999667899108433 54.869675379833545
0.9999719973754704 0.005482245194531137 -0.005094058468488045 -0.31673023513704185 -0.005443956466545089 0.9999570548026091 0.007500126470772171 -0.941167565631349 0.005134957675092255 -0.007472184770656073 0.9999588984936786 56.270866403975205
0.9999774971957514 0.004079673991072839 -0.005325536966485422 -0.3440413015250092 -0.00404104595624997 0.9999655956963123 0.00724412706098061 -0.9675054853740138 0.005354907879976324 -0.0072224434580163265 0.9999595798254958 57.69634777833195
0.9999814756147586 0.0030413551320140125 -0.005272434951873421 -0.3625891581929442 -0.0030015754062258553 0.9999670956941418 0.007536449920241631 -0.9925157249836849 0.005295182940087547 -0.007520484855920186 0.999957700784306 59.14583731239349
0.9999830987294502 0.002796813623857224 -0.005097065228443727 -0.3646578749962397 -0.0027551909443589923 0.9999629529858862 0.008154850160204 -1.019849426592669 0.005119684432495174 -0.008140669111671205 0.9999537581059705 60.551260944101195
0.9999891321598139 0.0009181693246385729 -0.0045708332982955305 -0.3811066362269221 -0.0008768514905966385 0.9999588146823929 0.009033275656316602 -1.0327586508225512 0.004578939517897529 -0.00902916972451941 0.9999487523961684 62.00496703124054
0.9999897385486561 -0.001692807369818793 -0.004202046553892154 -0.3912642878382141 0.0017293751032160971 0.9999605368737552 0.008714008930004789 -1.0490153827714739 0.0041871299504929165 -0.008721186600321 0.9999532033338806 63.40431994167144
0.9999910633748141 -0.001919235648816537 -0.003766921946303435 -0.4052966569006211 0.0019493823948366594 0.9999659736918397 0.008015694702144596 -1.077341784936842 0.0037514100884955153 -0.008022966399922858 0.999960778701759 64.81992771490795
0.9999930614584254 -0.0022232713511387402 -0.002988996063977054 -0.41550605480454494 0.002247123090289665 0.9999654725043964 0.008000264447599863 -1.095839813860685 0.002971106360407849 -0.008006925738033422 0.9999635301724258 66.27553854289766
0.9999969107846504 -0.000626878576502253 -0.0024052944162218206 -0.4296015632861425 0.0006457378089468266 0.9999689958867297 0.007847947800350237 -1.1146728811272864 0.002400300341108089 -0.007849476902078937 0.9999663115710967 67.63649593831853
0.9999957521855751 0.00234530183362549 -0.0017306539338196544 -0.4504829543367139 -0.0023290609357004095 0.9999537862169299 0.009327427658163879 -1.1345679973517286 0.0017524497424383347 -0.009323357425493187 0.9999550009536223 69.11594312503105
0.9999845783186881 0.0054908164775524845 -0.000833094821590509 -0.4660883623244525 -0.005481852259992884 0.9999308284560088 0.01040613311082541 -1.1499119940907538 0.0008901754455788874 -0.010401405937963296 0.9999455076888801 70.47024412181453
0.9999540515265903 0.009585594432721571 0.00010579950801003243 -0.4888783998281486 -0.009586178022833534 0.9998883352182882 0.011463956671308163 -1.1740584858990415 4.101154327565328e-06 -0.011464444366223485 0.9999342810918623 71.92599473940999
0.9999116594413353 0.013283491593595181 0.0004713088254851708 -0.49554362157549725 -0.01328783960955561 0.9998523673951686 0.010893886442369107 -1.1778627396080998 -0.00032653041555737996 -0.010899186971163415 0.9999405487850627 73.29336550587148
0.9998503993149433 0.017250645089453304 0.001262611653316775 -0.5121679285293084 -0.017263050148837146 0.9997950116021679 0.01057931559535496 -1.1989979055142037 -0.0010798528976778477 -0.010599529672035422 0.999943240334432 74.68194281261486
0.9998274067641925 0.01845508145672347 0.002136961018776609 -0.5289121537507175 -0.018476707886893 0.9997732529459643 0.010585556563300218 -1.2082999466357558 -0.0019411193170765179 -0.010623213794290433 0.9999416879925799 76.13517931264563
0.9998193460100472 0.01885174306879659 0.0024263299066700273 -0.5331835895585586 -0.01887740133385197 0.9997610095037602 0.011025771832647045 -1.2248367451515052 -0.0022178951987649096 -0.011069583017207086 0.9999362706060835 77.50487400019483
0.9998334975519545 0.018076695533337937 0.002492028153133784 -0.5358198882338359 -0.01810368989315118 0.99977257403032 0.011271941953179468 -1.2514940314520377 -0.0022877021237252505 -0.011315180287146216 0.9999333643373501 78.90626519359499
0.9998512281857632 0.017119711938460215 0.0021063984809225195 -0.5397334847523242 -0.017140317393031866 0.9998011979826155 0.010186956141640476 -1.2589105066071475 -0.001931582125982093 -0.010221545161220685 0.9999458930391052 80.276387250735
0.999854458087259 0.01694880535894188 0.001949511837026303 -0.5483678976341962 -0.016968270288771858 0.9998014912100451 0.010442989036333273 -1.2861703015693855 -0.001772128795561429 -0.010474549205509099 0.9999435700976194 81.668942094455
0.9998692916692256 0.01609539197934011 0.0015290170285628289 -0.5587520477065986 -0.01611107882363101 0.9998111232379809 0.010869729882387836 -1.2934640897888605 -0.0013537757761858235 -0.010892943457934404 0.9999397537231122 83.07061711712758
0.9998657658297282 0.016330974530545866 0.0013227057992430441 -0.5761705560993198 -0.01634356770138368 0.9998149558924488 0.010146024286395834 -1.305245311937954 -0.001156766666645868 -0.010166280286967451 0.9999476529487625 84.43223691368505
0.9998654956153746 0.01639501243364875 0.00044068319939963643 -0.578661029816893 -0.016398748131821007 0.9998099934559513 0.010538410010640558 -1.3156828891083663 -0.00026782211865252403 -0.0105442194212459 0.9999443723084382 85.83488450441678
0.9998688523230492 0.016182967005382277 -0.0006242505903443427 -0.591326863474648 -0.016174948233879653 0.9998062068085289 0.011221404358163205 -1.3340860937016499 0.0008057253074842028 -0.011209835710061636 0.9999368432032977 87.19699372321341
0.9998891107762377 0.014792286116106165 -0.0017188314157325487 -0.6003918045094061 -0.014769274075159315 0.9998101709325167 0.012707898180448372 -1.354263832504807 0.0019064841678441418 -0.012681103382039052 0.9999177740910898 88.58488213050587
0.999918279826789 0.012444001509883139 -0.0029292420805566597 -0.6010413434495998 -0.012403933278931249 0.9998343300596256 0.013321219840360115 -1.371736746259211 0.0030945263444783254 -0.01328379737851123 0.9999069779958514 89.97566765680017
0.9999279524463636 0.011372399773462565 -0.0038416670605912803 -0.614437640014092 -0.011318543277005072 0.9998412427586522 0.013761536171866621 -1.3879831968509475 0.003997559207170628 -0.013717062894291752 0.9998979256499438 91.33447530669845
0.999935535773205 0.010572214124516897 -0.004141564224553359 -0.6316991864055806 -0.010516135136080844 0.9998557679701382 0.013336198011486404 -1.4028882735879429 0.004281960391263471 -0.01329178532829086 0.9999024918818182 92.7138373131893
0.9999555535978482 0.008221269938908917 -0.004615357276677074 -0.6433058796844793 -0.008159253295769409 0.9998782757882448 0.013298879822169847 -1.4199908530370131 0.004724129566278547 -0.013260631137240284 0.9999009142290854 94.06554146565509
0.9999564273382557 0.008055240959296424 -0.004717678622627147 -0.6642377543262432 -0.007994055575427256 0.9998855075791351 0.012847833306672548 -1.4275783871202699 0.004820631294498427 -0.012809560369844366 0.999906333959068 95.43760609405885
0.9999595647359254 0.007764038958619329 -0.004537462612863429 -0.6722527509767441 -0.007707835502666311 0.9998949442705288 0.012275573539338907 -1.437970339573086 0.0046322943584887295 -0.012240103408824565 0.9999143571982162 96.78976065591112
0.9999478778189904 0.009224742441747728 -0.004375584914241952 -0.6917472439741845 -0.009172775369441236 0.9998888724951498 0.011751717674642819 -1.4531007072465116 0.004483505622987054 -0.011710969133490694 0.9999213726049748 98.12135455440618
0.9999326696118165 0.010878974100651846 -0.004037837611311138 -0.7130287219268108 -0.010830721861623056 0.999871889025351 0.01178562775303371 -1.4586716691038053 0.004165536219920623 -0.011741101769186411 0.999922394413423 99.46765204670807
0.9999313062434207 0.011027836359275263 -0.003971093844997923 -0.7206604482468039 -0.010974489816347483 0.9998524642265445 0.013214021855267304 -1.4716492285278968 0.004116230395073496 -0.013169533676867485 0.9999048054905467 100.80172516235625
0.9999297233283172 0.011204263482070638 -0.0038746420241862044 -0.7448860744956702 -0.01114621427555166 0.9998299332994013 0.014692392777761304 -1.4800071880368897 0.004038600868891978 -0.01464817295563329 0.9998845537090516 102.14397507221904
0.999935194595644 0.010783826769367892 -0.0036490625354481596 -0.7559323827606411 -0.010731933602966887 0.9998450463291564 0.01395381493224015 -1.5017374869057913 0.0037989729544253936 -0.013913749438363415 0.9998959822870953 103.48683474654077
0.9999357330695416 0.010754218530030845 -0.003588381656671765 -0.7676557582549273 -0.010711930645973932 0.9998753047085274 0.01160299945363359 -1.5098104044423546 0.0037127157165369354 -0.01156381550821364 0.9999262442420526 104.81272387669406
0.9999481252950935 0.009484558275533815 -0.003713468060332853 -0.7823190045202276 -0.009445426509966713 0.9999011262733042 0.010417370727670872 -1.5212576114624914 0.003811905385590877 -0.010381755254963886 0.9999388424027806 106.1443541534801
0.9999593469808724 0.008365164966381448 -0.0033657653538459766 -0.7922611463822137 -0.008325453052788827 0.9998975370944466 0.011644833943473367 -1.5400432123204402 0.003462831746194113 -0.01161633926255409 0.9999265320357513 107.49907250915882
0.9999814946258248 0.005370147431108271 -0.00285865471776715 -0.8015145549800374 -0.005331486950675845 0.9998964816575108 0.013364176776354694 -1.535092235874791 0.0029301266522177224 -0.013348688856532707 0.9999066090761696 108.82097261701512
0.9999893566420835 0.004186215291648551 -0.0019396372981419165 -0.8157224135467154 -0.004158080282552955 0.9998892579387648 0.014289234719581424 -1.5567407801683844 0.0019992404918192917 -0.014281017752842996 0.999896022383724 110.1791163981019
0.9999931925604297 0.0034201695241663516 -0.001384653248805996 -0.8261376301050385 -0.0034010610291946106 0.9999020688537221 0.013575179065841889 -1.5701184576319982 0.0014309471935258801 -0.01357037763467751 0.9999068942900833 111.47934706648815
0.9999906261884607 0.004280363917948711 -0.000652694991254765 -0.8405534684910932 -0.0042726680523610325 0.9999262425864279 0.011368979667529673 -1.5845246632373136 0.0007013102886976035 -0.011366084575689378 0.999935158043014 112.82324843949749
0.9999711586140391 0.007584251656587872 0.00040131214282349155 -0.8434939084886257 -0.007587733141368634 0.9999257881726743 0.009531236327020102 -1.6063371043085828 -0.00032899508638317525 -0.00953400667585307 0.9999544962054611 114.17012738907735
0.9999415412152083 0.010644340401915925 0.0019005650474565763 -0.8600914685527569 -0.010660723581099766 0.9999041992638652 0.00882843638795459 -1.6050715316168767 -0.0018064102359583582 -0.00884818186798803 0.9999592224485521 115.48114958465581
0.9999323992996872 0.011121070034841196 0.003393907800198417 -0.8737862870406141 -0.011158669070435516 0.9998742505711555 0.011267971039902224 -1.6211099020523339 -0.0032681693908876265 -0.011305081039844386 0.9999307547082447 116.85027006875089
0.9999205206816922 0.011845344152223002 0.004317420320990192 -0.8803034649537718 -0.011901172846362412 0.9998427986084077 0.013143065811007581 -1.6195568220683279 -0.0041610578204838095 -0.013193403840310914 0.9999043052678277 118.14225598573938
0.9999255358106472 0.011005815838706256 0.005272080374022003 -0.8796471371216412 -0.011080160041783551 0.9998365559295047 0.014286059647967862 -1.6404423700961288 -0.005113989363480689 -0.014343411629385466 0.9998840501057477 119.51210286360721
0.9999174286233316 0.011259511647188351 0.006193489522461529 -0.8812710177753567 -0.011343881959250613 0.9998409744258284 0.013760167959470144 -1.6519705191411436 -0.006037572327587009 -0.013829290253797595 0.9998861427436643 120.8359727072784
0.9998841760290978 0.013165738702532888 0.00763530124630022 -0.8787324875053243 -0.013268702255976992 0.9998195428461285 0.013594973727255433 -1.6612075782629476 -0.007454936149565938 -0.013694709916220717 0.9998784320336044 122.1400826406858
0.99985332988064 0.014746802637465677 0.008709219677196355 -0.8834050230916601 -0.014859181913726968 0.9998053069227653 0.01298279611811011 -1.6639081148741135 -0.008516070030373468 -0.013110304072128239 0.9998777907706728 123.50771592298739
0.99983064729319 0.015486929054501195 0.009941414780903138 -0.8850822410165088 -0.015610465194064067 0.999800369161102 0.01247137674405434 -1.6756647850989697 -0.009746287655471888 -0.012624455044816116 0.9998728084159054 124.84794913481618
0.9998063803060179 0.01630427820438848 0.011016913108563231 -0.8792954617209658 -0.016433883729767184 0.9997955841488739 0.011777836031622378 -1.6795000976621888 -0.010822632867519038 -0.01195660651904221 0.9998699466310177 126.18045555024104
0.9998013919460249 0.016033542841393734 0.011836474570234472 -0.8764495384005131 -0.016168518262008574 0.9998043243341844 0.01139702148559121 -1.697568798554653 -0.011651424804192519 -0.011586136431735996 0.9998649937567782 127.51180803771081
0.9997932712918258 0.015737376193938637 0.012874378980726275 -0.8727155002471049 -0.01589605808258281 0.9997977797596257 0.012317262782115168 -1.7047041092518063 -0.012677935184868873 -0.012519368574833715 0.9998412550843413 128.83919978682673
0.9997872175198343 0.015385565658514039 0.013740597439427413 -0.8651055269693619 -0.015566396733281607 0.9997923379226714 0.013151743587525093 -1.7173098188126166 -0.013535398157932291 -0.01336283698214361 0.9998190974292724 130.21667472873
0.9998012407826711 0.014082650550433496 0.014112329782404311 -0.849014159676363 -0.014275817084716574 0.9998044861381993 0.013681760672282429 -1.7200534892719679 -0.013916896337601197 -0.0138805066078889 0.9998068071047808 131.53903047451843
0.9998120482205213 0.013337430035887655 0.01407057797956018 -0.8382816348542663 -0.013532581974089268 0.9998122754311497 0.013866620000484064 -1.7395585998370247 -0.013882992674991781 -0.014054425270431657 0.9998048487806067 132.87900354238434
0.9998439630819691 0.010861385243462161 0.013931251872067313 -0.8279925618489017 -0.011068429217391961 0.9998281449925245 0.01487179796783775 -1.7347867849179996 -0.013767330541692517 -0.015023674786793787 0.9997923533448024 134.2041214756077
0.9998672395065892 0.00938701287686166 0.013318683685762618 -0.8108426524355103 -0.009586002693268385 0.9998421967915028 0.014956272343433618 -1.756413720217783 -0.01317618833558641 -0.01508195997274166 0.9997994411605873 135.539585242883
0.9998807540957974 0.009491396731290836 0.012181582890595411 -0.8060872991636048 -0.009667977051478104 0.9998478450001941 0.01451954144102525 -1.7668494217602788 -0.012041919680108187 -0.014635581594941908 0.9998203798290601 136.88043670559995
0.9999067458468419 0.00784665674808248 0.011177190060201455 -0.7966854162429577 -0.008024469344113194 0.9998405345285509 0.015953476588820684 -1.7792671792956485 -0.011050227150982753 -0.016041680193051563 0.9998102604878825 138.21554349644182
0.9999258063584238 0.00683072863382619 0.010085777981105267 -0.7790363512265142 -0.006994831882923915 0.9998422530525924 0.016326093977567183 -1.787245472014069 -0.009972668692790749 -0.016395431326848904 0.9998158509001215 139.55633142574433
0.9999466817103648 0.005453805519715402 0.008768679370477305 -0.781089023441347 -0.005599137833227194 0.9998459387094769 0.016635759825982446 -1.7966838710517545 -0.008676600977792236 -0.016683970206080447 0.9998231652318412 140.91589899211397
0.9999628733271587 0.004145665195391075 0.007554166152517034 -0.7812900009456694 -0.004267851580696412 0.999859160402118 0.016230982825793255 -1.789809196933283 -0.0074858146259661005 -0.01626262060096994 0.9998397320326194 142.23385280273175
0.9999722723613226 0.003645095820500476 0.00649367265694129 -0.7750079664245844 -0.0037475797159702666 0.9998675091283609 0.015840449348164833 -1.78735548296815 -0.006435072880126735 -0.015864345996073538 0.9998534454427452 143.5862126631895
0.9999823654656131 0.0015912605302440298 0.005721595141329314 -0.7655010160282194 -0.0016700365398554821 0.9999035207443446 0.013789857804627659 -1.8038350400488412 -0.005699100340221972 -0.013799170168414275 0.9998885453676741 144.93965771683392
0.9999888505529919 -0.0011068995967817765 0.0045905936391589155 -0.7811569086221698 0.0010477882628376727 0.9999167692035079 0.012859113451752998 -1.8270716591130756 -0.004604445686533247 -0.012854160358370009 0.9999067804755799 146.24318238742552
0.9999368724006867 -0.010696509283162492 0.0034403367500959485 -0.7708425881194748 0.010640555964572985 0.9998171147377373 0.015890740367556 -1.8190416647309284 -0.0036096833065458983 -0.015853130428874714 0.9998678154859311 147.6206237372805
0.9998413276704404 -0.017715925020856515 0.001861583712554029 -0.7608600764759459 0.017680747965423838 0.9996911406572573 0.01746466221737719 -1.8295430277401417 -0.002170411559426503 -0.017428977194499203 0.9998457481396673 148.94456913462685
0.9998049960160629 -0.01972300286645778 0.0009864621470492983 -0.7349128609892739 0.019706644746780817 0.9997007159883048 0.014495743952437268 -1.8444142317597483 -0.0012720666085484103 -0.014473477634672846 0.9998944445769988 150.24470344365528
0.9998224405291162 -0.018814643897678264 0.0010471860367943955 -0.7559755965819949 0.01880134040106849 0.9997568236008537 0.011524029292133557 -1.8593250461538515 -0.0012637519893452457 -0.011502294801733618 0.9999330478324742 151.64313412025535
0.9998803140384582 -0.01531969120997599 0.0021597852263378296 -0.7632200313894977 0.015299213491401018 0.9998406408834464 0.009199287575691066 -1.8702737846271473 -0.0023003714757344734 -0.00916514370188711 0.9999553532192232 152.9610571010808
0.9998694705547161 -0.015875031681709423 0.003004202903002906 -0.7687307890818453 0.015846556314678205 0.9998314027878887 0.00927645621612761 -1.87626592945914 -0.0031509606967324633 -0.009227639262123572 0.9999524599295846 154.33053967322442
0.9998133041794676 -0.019028441511418824 0.0033578581088462628 -0.7736541899831841 0.018985586408085182 0.9997433071114212 0.012363954982199369 -1.879728030679769 -0.003592263256982668 -0.012297896003114362 0.9999179253312492 155.65513169922562
0.9996063014966369 -0.027815806499894062 0.0036773518449301277 -0.7720078220243223 0.02775640431187413 0.9994972686716842 0.01532292192253125 -1.874033704801478 -0.004101722888328878 -0.015214819521768253 0.9998758348604716 156.99413074905462
0.9995562404650656 -0.029555273301425454 0.0037159068119123157 -0.7554821446202519 0.029490205424102963 0.9994290164976787 0.01649147561833364 -1.8918960228371087 -0.004201195498957909 -0.01637457481028167 0.9998571014193007 158.34795738744432
0.9995182665087764 -0.030832064925679775 0.0035522782339217486 -0.7507774956530999 0.03076776524689528 0.9993833137637969 0.016921489188928107 -1.9114902912258849 -0.00407181237423395 -0.016804042182385428 0.9998505110831382 159.67636332607043
0.9995412044905121 -0.02993440504340933 0.0046164831060523034 -0.7543754529024969 0.02985095602343941 0.999406455215482 0.01719469976287868 -1.9018807231859929 -0.005128456541159674 -0.017049004786626087 0.9998415026250668 161.04169015640485
0.9995927780066475 -0.0279224426477377 0.005883481498524557 -0.757884082588704 0.027819213297290465 0.9994692135367019 0.016952361531996963 -1.8934213376981281 -0.00635371049002481 -0.016781784635043196 0.9998389880719794 162.38430936137703
0.9996679258304508 -0.02484336559105233 0.0068443596428366645 -0.7645812072768778 0.02473621377019912 0.9995766319883791 0.015319154819283963 -1.9023938409213574 -0.007222041919804465 -0.015144764454043107 0.9998592292017305 163.7342630180805
0.9996934175070977 -0.023587684669183432 0.007529417906462834 -0.7671118038277884 0.023474578257878492 0.9996152810121629 0.014772749721742647 -1.8963614834321758 -0.007874976810469978 -0.01459147100856613 0.9998625274072457 165.08185597832352
0.9997152507019565 -0.022551831593103866 0.007799513848938739 -0.7672793875492637 0.022424479157608895 0.9996197360681531 0.016047616239067995 -1.9024211121112056 -0.00815845178896144 -0.015868146944728777 0.9998408081174609 166.42262790356963
0.9997376117347168 -0.02161256646731132 0.007589773733862548 -0.7622709754925951 0.021488547584267905 0.9996401181042999 0.01605853627757775 -1.8975700543357445 -0.00793410915040302 -0.01589122978228744 0.9998422469210266 167.75831545321086
0.9998040677042683 -0.01843670492716793 0.007205145943192027 -0.7607118387786032 0.018335651036760842 0.9997359776374667 0.013848426084099167 -1.9188108451951964 -0.0074585635868097905 -0.013713601938615611 0.9998781460506899 169.14649324577178
0.9998638714582252 -0.015093688261929031 0.006664768824522273 -0.7662497053512838 0.015017745731741658 0.9998233564917085 0.011301465090153884 -1.9265492769000387 -0.0068341728947249126 -0.011199837038257122 0.9999139251598136 170.5523836900402
0.9999335877856038 -0.009591346373414916 0.006389531199120243 -0.7711166444247026 0.009529025337930751 0.9999074157923977 0.00971377922461438 -1.9332015508153002 -0.006482108389868306 -0.009652248283957736 0.9999324059007942 171.9069474260303
0.999959908511222 -0.005852225700120497 0.006777376954914833 -0.7741568735721961 0.005779520067087275 0.9999260711343566 0.01069810276433579 -1.9468951934060494 -0.0068394841920227465 -0.010658504075384163 0.9999198056563854 173.26168229503457
0.9999703597147573 -0.001675701362681737 0.007514767206171797 -0.7864390502760428 0.0015761780299697117 0.9999112355926362 0.0132301394858939 -1.9709735197387375 -0.007536270551157959 -0.01321790298291743 0.9998842391323316 174.62779270622966
0.9999712308532579 0.0003084684245374253 0.007579071136570789 -0.7862838041580953 -0.0004255931374551585 0.9998804436208591 0.015456950829088347 -1.9765730778200044 -0.007573397656550706 -0.015459732045242536 0.9998518091861841 176.05401424581908
0.9999746770020614 -0.0026554723906827716 0.006602562479678055 -0.7845723059047878 0.0025440942747822996 0.9998552886139638 0.01682050544736064 -1.9747500044605617 -0.006646273949446584 -0.01680328228407596 0.9998367250447849 177.45199049719136
0.9999753544481371 -0.004684625434923529 0.005229224871675417 -0.7832110260478827 0.004596651812556555 0.9998498016812899 0.016710621061024396 -1.9751261525028352 -0.0053067228860176775 -0.016686172613534625 0.9998466934173333 178.85057229575943
0.9999673088816458 -0.007506290211734537 0.0030061250246052797 -0.7809820165013963 0.007466128838126633 0.9998855880735823 0.013155518588926312 -1.9768571744335632 -0.0031045304796759425 -0.013132644654141646 0.9999089436223964 180.1891036125036
0.9999892906753631 -0.004405032028737259 0.0014192375858411584 -0.7936791497498472 0.004391989808612773 0.9999492626054834 0.00906546367206129 -1.9991245464971819 -0.0014590993509157443 -0.009059133484047577 0.9999579006790076 181.60525170239552
0.9999993041971766 -0.000714114523494026 0.0009389611827698946 -0.8234745827184236 0.0007061441795977019 0.9999639504226718 0.008461631746881025 -2.0078223050833555 -0.0009449699806909771 -0.008460962982726307 0.9999637589124468 183.0017601259739
0.9999971938516801 0.002287564674210177 0.0006159005399919188 -0.8420571495262165 -0.002293385678833624 0.9999510751879664 0.009622245760340266 -2.0089246010564867 -0.0005938589402287888 -0.009623631447315883 0.9999535154453741 184.32716903591248
0.9999856993222891 0.005263526384353694 0.0009468008900939955 -0.8373697798439025 -0.005275046475315499 0.9999066209355347 0.012606478469985076 -2.0237250384584917 -0.000880358011213471 -0.012611292859375612 0.9999200869398138 185.7721522988293
0.9999748511459888 0.006949844076821873 0.0014130571179318185 -0.8500724863812057 -0.006970526068434663 0.9998601815009354 0.01519964548824552 -2.0412867204985545 -0.0013072244788755014 -0.015209113290081348 0.9998834802324795 187.13875540423766
0.9999875937416567 0.0047414789808720515 0.0015266737737534022 -0.8559924128790397 -0.004764858519858597 0.9998655066314783 0.015692825558183045 -2.0330080111310784 -0.001452061354062836 -0.015699905565361275 0.9998756945180532 188.59029128604107
0.9999894504028535 0.004376603428573869 0.0013944242661398207 -0.85338663665424 -0.004399015113012298 0.9998542490840012 0.01649634066734033 -2.0440374622881863 -0.001322023185088899 -0.016502301058542206 0.9998629537692433 190.01141470388802
0.9999980160361142 0.0012912616664423893 0.0015167620322176995 -0.8612636316385971 -0.001317088974119432 0.9998520239256246 0.017152128805848866 -2.0501125663283783 -0.0014943898138312477 -0.017154092825066868 0.9998517409618335 191.35751281075107
0.9999983112672702 -1.0071756786125471e-05 0.0018377605155562018 -0.8707489266909034 -2.1763098864825345e-05 0.9998499661365596 0.017321799411999583 -2.0539687777008706 -0.0018376593915144046 -0.017321810495376795 0.9998482774375305 192.81960305093068
0.9999930142237501 -0.00300771732424277 0.0022192673313894307 -0.868231439783643 0.0029668485639828077 0.9998300636308706 0.018194550182150132 -2.053350522990661 -0.0022736144382078318 -0.018187839203320937 0.9998320024825998 194.18676627823493
0.999963196621336 -0.008215014416278135 0.0024736518043572283 -0.8694950042596866 0.008164658991157935 0.9997721688827159 0.01972178115839245 -2.048496304722835 -0.0026351031522611162 -0.019700859186631718 0.9998024466790747 195.6315892781238
0.9999276600926791 -0.011711961542011515 0.00273944376727371 -0.8623531576392878 0.01165332863061034 0.9997215134522625 0.020520610411946808 -2.058022451368657 -0.002979017703400584 -0.020487202706814586 0.9997856770257827 197.04423094374815
0.9999467054950015 -0.00989149077849364 0.0029571258718253685 -0.869644643548672 0.009839795465427495 0.9998068481557195 0.017013076989199082 -2.0623396553365163 -0.003124839641324695 -0.016983073096555116 0.9998508941884016 198.4627871980503
0.9999886362273209 -0.0034723198214265463 0.0032665609211944497 -0.889041421179199 0.0034329767614887027 0.999922419221909 0.01197372952576583 -2.0719431126585586 -0.003307884386851985 -0.011962379661716645 0.9999229767206792 199.90109119954096
0.9999650845409623 0.006869350152070498 0.004758331493816015 -0.9005144081045112 -0.006921459437221549 0.9999152945760056 0.011022571506076845 -2.0690875899207946 -0.004682210921262055 -0.011055121465698401 0.9999279279971978 201.34914039458232
0.9998976677700027 0.012924901569953462 0.006131955793932449 -0.923184156191202 -0.013013986985482721 0.999806996272962 0.014717553192676671 -2.0668943993514777 -0.005940549868126235 -0.014795848602222432 0.999872888287037 202.78107769055703
0.9998697867197874 0.014504618630039531 0.007072878669639097 -0.9188230510809926 -0.014622609798125866 0.9997498148938916 0.016925924839050942 -2.067116662775855 -0.006825605619966847 -0.01702714514494724 0.9998317295612527 204.2083543176961
0.9998764026317146 0.014252615646169068 0.006636443141726099 -0.9187558979166016 -0.014367224835255668 0.9997426764823407 0.017554591945697154 -2.0787119190446117 -0.006384537103199085 -0.017647769868607728 0.9998238814444529 205.6916563258494
0.9999295493820766 0.010635400035381954 0.005271102325157616 -0.9107262929810926 -0.010728404928721246 0.9997814746482089 0.01794169149747518 -2.0838117117102093 -0.0050791338046676715 -0.017996978373113544 0.9998251402981931 207.10903931533187
0.9999549212030113 0.008564716318523742 0.004098924544578015 -0.9083579451884749 -0.008635569217433577 0.9998079576152379 0.01759189710386221 -2.0845917465980746 -0.003947468089057074 -0.017626500979684285 0.9998368486721038 208.54774031757754
0.9999512595958274 0.009165796900734194 0.0036696844562139753 -0.9171517603029903 -0.009227293130215896 0.9998110852029313 0.01710704471955542 -2.0842609237681233 -0.003512191784612136 -0.017140072511440552 0.9998469294981324 210.04512201438794
0.9999432330689517 0.010073294458578793 0.0034726588786874097 -0.9245891428145392 -0.010131426813323461 0.999801601053483 0.017149715343872073 -2.090775485143795 -0.0032992160398694695 -0.01718392514015984 0.9998469022276448 211.5010360628498
0.9999304533690334 0.011305551685660099 0.00335751452477251 -0.9283022325527572 -0.011363637890611764 0.9997766916858077 0.01781669199254214 -2.0834260631947927 -0.0031553374846379923 -0.017853606838890815 0.9998356327781146 212.94662225814028
0.9999375347534043 0.010776456703581554 0.0029655608121402464 -0.9422495410343894 -0.010828090890148573 0.9997796451809419 0.017983702223387313 -2.0969769813768706 -0.0027711069684756484 -0.018014690590069243 0.9998338821495637 214.38181690110505
0.999927981587878 0.011681395791721075 0.0027525634719399736 -0.9429800519522507 -0.011727425759982117 0.9997807705732187 0.0173458437809959 -2.1023009147062295 -0.0025493365646346495 -0.017376875394001526 0.9998457606498585 215.8619330048062
0.9999398276634062 0.010700470253331467 0.0024168093026018943 -0.9520193758154121 -0.010739877697117576 0.999799034371282 0.016927667117484606 -2.0989735673194128 -0.002235189784439491 -0.016952605117034832 0.9998537958678086 217.33285942129325
0.9999421688655121 0.010600650772237975 0.0018124860557746547 -0.9498295821384752 -0.010630083803781507 0.9997975569216266 0.017083515684795467 -2.1067103702744943 -0.0016310228714860487 -0.017101794948230716 0.9998524233004079 218.7925490553148
0.9999174810022604 0.012738818796582285 0.0016594133967193015 -0.9611291461352687 -0.012764912649063723 0.999777413805792 0.016798210381867514 -2.116155594955881 -0.0014450547853863546 -0.016818006817499745 0.9998575230847266 220.27517540929767
0.9999435116001797 0.010518099901490222 0.001530738717547317 -0.9695906041495013 -0.010542257138517655 0.9998043604460476 0.016736238042034664 -2.108873547315323 -0.0013544059224097542 -0.016751430417019514 0.9998587676114157 221.77854992802418
0.9999218848951676 0.012448049369133142 0.0011270075051022068 -0.9757392639615468 -0.012465041134308442 0.9997846634376896 0.016590645758189082 -2.1177661493676228 -0.0009202437068615353 -0.016603398309099574 0.9998617306019983 223.25610888264885
