1.0 -6.776263578034403e-21 8.673617379884035e-19 -8.673617379884035e-19 0.0 1.0 -1.828002979293187e-19 0.0 0.0 1.0683203047244863e-19 1.0000000000000002 5.551115123125783e-17
0.9999999195640688 -0.0002791715139886256 -0.0002879843674459164 0.00621349674532021 0.00027959264123287317 0.9999988903953297 0.0014632283313287954 -0.015507163934654511 0.0002875755802131232 -0.0014633087106957305 0.9999988880128535 1.311448408283269
0.9999994338317656 -0.0008563780284460318 0.000631627232186972 0.01302306104033336 0.0008550140705437453 0.9999973088241934 0.0021566865772214617 -0.0292855877980039 -0.0006334725247240675 -0.00215614527460963 0.9999974748709584 2.6122412750008412
0.9999982040677043 -0.0018610536832534797 -0.00035824581840638876 0.017533522499327305 0.0018616984508230915 0.9999966336241194 0.0018074349193882878 -0.05048095719005715 0.00035488090805800825 -0.0018080985924947613 0.9999983024174733 3.9374848127480737
0.9999971285894879 -0.0023609294632506153 0.0004108825233773176 0.024783923297633667 0.0023601089731779988 0.9999952416143933 0.0019866142634182528 -0.06389193868860582 -0.0004155708600334573 -0.001985638802285919 0.9999979422667743 5.2420274239315745
0.9999964933330212 -0.002648154726749075 2.4444362844185455e-05 0.026541331448606955 0.0026480778207744033 0.9999927184315398 0.002747866539535427 -0.07532236038671312 -3.172096421889207e-05 -0.0027477921327965977 0.9999962243079159 6.578627909997058
0.9999918219959243 -0.00403812471271314 0.00022246024221755662 0.03494095891394908 0.004037143133116952 0.9999828165188959 0.00425066432056413 -0.09643669456537665 -0.00023962115372523803 -0.00424973139244009 0.9999909411396708 7.9067331721058265
0.9999908051504771 -0.004234267570927094 0.0006786686255151643 0.04035089028286026 0.004230874133202316 0.9999789143335628 0.004926519864704611 -0.1091180858141665 -0.0006995145787313693 -0.004923603132430407 0.9999876343272671 9.213105533016794
0.9999940284954862 -0.003447050003154703 -0.0002466138273120857 0.03961497225458627 0.0034479516542402114 0.9999870140844388 0.0037527717672826803 -0.12496417564028248 0.0002336746512113623 -0.0037535996151094033 0.9999929279166391 10.565268481205626
0.9999992599174586 -0.0010936134219636333 0.0005330799980586502 0.04357273922203416 0.0010927065707556638 0.9999979602228902 0.0016986888423734443 -0.13619742389320239 -0.0005349366648028167 -0.0016981050603809395 0.9999984151390082 11.88132232988871
0.9999967833884017 0.002533983242907515 -0.0001101866503492692 0.04150022515981607 -0.002533900957990153 0.9999965137673003 0.0007428326542949385 -0.1549174482193159 0.00011206860200430914 -0.0007425510525683452 0.9999997180289945 13.230630405921646
0.9999883491665655 0.004825805713817511 0.00011457788324134143 0.040199455020435274 -0.004825866327027327 0.9999882147057308 0.0005305341775140059 -0.16763100185324126 -0.00011201628569429845 -0.0005310809271379497 0.9999998527024763 14.569209052165213
0.9999814203911193 0.006091566056861455 0.00022735867935345672 0.044940266165957254 -0.006092334663804702 0.9999751552095958 0.003545762012783895 -0.1893186851349758 -0.0002057538022000602 -0.0035470812288795647 0.999993687918745 15.885295692890734
0.999993003841454 0.0037160626239572964 0.0004279550356583008 0.05130265515811511 -0.0037180959612404156 0.9999813173365437 0.004851880610719077 -0.20142872240301254 -0.00040991718112378967 -0.004853437774509883 0.9999881379825037 17.264493433851147
0.9999985646108416 -0.0006032564694350452 0.0015833061160801997 0.0695684559814727 0.0005931440609016507 0.999979473919823 0.006379649233834748 -0.2114461730451829 -0.0015871223148182555 -0.006378700855437241 0.9999783963729397 18.604784805447007
0.9999964294777428 -0.002620260062001223 0.0005246603480786758 0.07005940004659582 0.0026173553497223813 0.9999816521626697 0.005463038898671049 -0.23216560190469165 -0.0005389653504133977 -0.00546164609059042 0.9999849398535 19.974980136093734
0.999993373025801 -0.003231568481024812 0.0016765646488409907 0.09356806176176119 0.0032261575644822547 0.9999896107360662 0.0032202997962748653 -0.24063600047713452 -0.0016869539923230013 -0.003214869546517495 0.9999934093768622 21.304345358774924
0.9999964645423904 -0.0014158762258947397 0.0022508215131308773 0.09334089292070737 0.0014071942593756506 0.9999915823592024 0.0038542208322212817 -0.26306794852763876 -0.002256259855632146 -0.0038510398066257303 0.9999900393406188 22.690131678229058
0.9999919895152236 0.0011334775734970167 0.0038387672639441355 0.10036850041861393 -0.0011537969684602876 0.999985315186935 0.005295107871046168 -0.267293923164853 -0.003832709326916537 -0.005299494536166118 0.9999786126175004 24.064933318653097
0.9999915705079245 0.0011569717938182734 0.003939584935308547 0.10743476706235879 -0.0011908564457213321 0.9999622277213759 0.008609587609109666 -0.2788304828870272 -0.003929475406855554 -0.008614206390240329 0.999955176327331 25.415917483471613
0.9999942763417042 -0.0008952017279391047 0.003262805233570272 0.1084548732461586 0.0008639756446060741 0.9999539363508366 0.009559222290095804 -0.2778833479242325 -0.003271212643441158 -0.00955634845354289 0.9999489863805765 26.78872868928764
0.9999821451926606 -0.004397887686402873 0.0040457234301102 0.1255933876195564 0.004358871104713718 0.9999443916763631 0.009602802078858315 -0.3007119425614136 -0.004087730843135764 -0.009584995696046853 0.9999457076790147 28.157810881999215
0.999982378053896 -0.005156667612194051 0.0029414891825497265 0.12673838313802885 0.005137878191291885 0.9999665752388893 0.006360080222485145 -0.2974865058498536 -0.0029741879345928247 -0.006344855039476891 0.9999754482061655 29.53066108171497
0.9999767775836993 -0.004865108148080663 0.004772317428204691 0.14865856694070018 0.004838115595541242 0.9999723262180523 0.005651499124429283 -0.3172483937093157 -0.004799680918269782 -0.005628278777128097 0.9999726423941162 30.914539479972834
0.9999883904890409 -0.0019625649319652775 0.004400821028873875 0.14407588970229152 0.00194278976656905 0.9999880176491676 0.004493342841457275 -0.3229313988664102 -0.0044095871437736 -0.00448474074055335 0.9999802211234624 32.291677931127786
0.9999893923296215 -0.0008540542244558423 0.004526126333112285 0.14453013569006457 0.0008427688317726337 0.9999965330300497 0.0024947285467934147 -0.33803218254484524 -0.004528241654159316 -0.002490887569093913 0.9999866451631879 33.678658889012354
0.9999877411921481 -0.0002680586316092743 0.004944250181735359 0.150567816740043 0.0002552728336190007 0.9999966225546965 0.002586448710944912 -0.34716100759105795 -0.0049449272169266355 -0.002585154833923057 0.999984432212565 35.07813569330174
0.9999908677434171 -0.0005864251807918806 0.004233265333282941 0.1569665685298457 0.0005686056597148026 0.9999909788056153 0.004209394052835243 -0.36764463049611273 -0.004235695993780613 -0.004206948491900238 0.9999821800714388 36.463879630413906
0.9999915656462351 0.0005477056576899769 0.004070461284430173 0.16655553077592408 -0.0005722594093040573 0.9999816348253054 0.006033451429617091 -0.3792558422424296 -0.004067082314624504 -0.006035729813816692 0.999973514050258 37.877336825079674
0.9999887750006665 0.002556666617355915 0.003989151294759805 0.17440649968602628 -0.002582536234514615 0.9999755834099486 0.006493311669536897 -0.3891005158005132 -0.0039724529918721265 -0.006503540816187997 0.9999709613626755 39.25192659571479
0.999973593346055 0.00515646320302533 0.005120888107377 0.18225241208568665 -0.005190160107353491 0.9999648240796905 0.0065888427902351995 -0.39948498098079066 -0.005086733274177466 -0.006615246935303879 0.9999651812175304 40.6322332186558
0.9999627778326546 0.007177643131276679 0.004787941434160873 0.19364894474004504 -0.007211764885966322 0.9999484493078852 0.007147669895465993 -0.4110972920253613 -0.004736391582821164 -0.00718193324898306 0.9999629925270918 42.06049917025481
0.9999575690460035 0.008165272483800315 0.004264789147554479 0.20215138433291865 -0.008196691743062265 0.9999390092500896 0.007402164351836656 -0.4188883645803604 -0.004204088695114953 -0.007436807326801361 0.9999635090985843 43.45302346843009
0.9999615787421487 0.007876275411735715 0.003847768096237007 0.2107305424669963 -0.007906746420669748 0.9999369874515334 0.007968971083914991 -0.4338853935059739 -0.0037847601416961273 -0.007999088118313721 0.9999608443199294 44.8827299689153
0.9999763175479154 0.006387993015818379 0.0025608367739638075 0.2229480731691347 -0.006405878249636785 0.9999547173785771 0.007037607970925919 -0.4397777153316768 -0.0025157648303941148 -0.007053845610776488 0.9999719566983886 46.28952030660331
0.9999776087031463 0.006441491784218546 0.0018136351028011496 0.22876689278094195 -0.006456331241990467 0.9999447244302381 0.008298426479953781 -0.45324481472568756 -0.0017600807521891684 -0.00830994997728986 0.9999639227690924 47.724956599075476
0.9999779247864827 0.006569001199630826 0.0009990790873873204 0.23002450821145576 -0.0065780381710470945 0.9999348604595035 0.00932760761502414 -0.46077373844876424 -0.0009377410184035701 -0.00933397355255186 0.9999559978175402 49.11831408686477
0.999972166989342 0.007402553621041602 -0.0009313649655112131 0.22722738952939672 -0.007392504281657693 0.9999189320437251 0.010367267494439317 -0.4718121297743994 0.0010080338022541886 -0.010360093674061464 0.9999458246917319 50.5648566199041
0.9999690008850218 0.007840465846133578 -0.0007241256467099572 0.22759567323080676 -0.007832828449407088 0.9999192310012377 0.010008910379796114 -0.480466682435383 0.0008025417498112811 -0.01000292801710648 0.9999496474071001 51.98245246511953
0.9999672817765106 0.00769214757215182 -0.0025032448733863597 0.232516128573619 -0.0076635638158609 0.9999075184253526 0.011234963360079508 -0.48493102628374185 0.0025894345850949047 -0.011215411834257328 0.9999337524844523 53.40072932046559
0.9999755056757087 0.006330856468274531 -0.00298467739096568 0.23552326154435033 -0.006293464679988706 0.9999036170933667 0.01237533194955252 -0.4896937388941803 0.0030627364281503753 -0.012356244684688664 0.9999189681438122 54.85184016136414
0.9999820555467407 0.004269604614541497 -0.004202267963097309 0.24296139556651758 -0.004216106046896188 0.999910988898297 0.012658544281934194 -0.49531088461447575 0.004255941251606749 -0.01264059974166717 0.9999110471407167 56.26478299165592
0.9999879761100582 0.002537310778634813 -0.004196389588251364 0.2362336560272315 -0.002487163504491602 0.9999259503148897 0.011912510891637591 -0.5025059340040307 0.004226304944040419 -0.011901930378006131 0.9999202380151959 57.68765679786249
0.9999897760038615 0.001524513993793069 -0.004257198776799313 0.24012144461549537 -0.0014697891636196174 0.9999166328942249 0.01282836673384659 -0.5072616733153382 0.004276401249721882 -0.012821978206647513 0.9999086504570587 59.135089574912094
0.9999926191663061 0.0003325482048573608 -0.0038276653298750423 0.23845240785264885 -0.00027990902004330394 0.9999054989114468 0.013744632049180324 -0.5134222093192116 0.00383187468505263 -0.013743459005310462 0.9998982118501443 60.52744065982414
0.9999946486633915 -0.0013081577607351761 -0.00299856061674888 0.2390248555195327 0.0013524917169156242 0.9998890999264424 0.014831002273189255 -0.5163766241157134 0.0029788270344079486 -0.014834978220797348 0.9998855184463799 61.9633368974979
0.9999912591112521 -0.002768977267063345 -0.003132804367501388 0.2437542732299057 0.0028150538273702674 0.9998865092944874 0.014800135721921525 -0.5230351563074698 0.003091467841846175 -0.01480882515349793 0.9998855642084173 63.38174327728795
0.9999878487221485 -0.004052985462119598 -0.0028063701720237475 0.24505769940274927 0.004092672463384698 0.9998896124021824 0.01428331394177352 -0.5247441892310458 0.0027481705484852983 -0.014294625727369156 0.9998940499985303 64.80304375135819
0.9999889642619237 -0.004346037796745232 -0.0017841824539724686 0.24282687785158086 0.004370509404659792 0.9998931585023564 0.013948843766398336 -0.5303640869311294 0.001723369769773231 -0.013956487413832272 0.9999011183331158 66.24048428102826
0.9999959621589971 -0.0024770826707183374 -0.00139274040756853 0.23854544002157227 0.002496751797206726 0.999894594490423 0.014302662448495799 -0.5367159794079082 0.0013571648405147439 -0.014306081816061545 0.9998967417259391 67.6409494732797
0.9999994613010172 0.0005496332367574639 0.0008805119119604321 0.25482454960158174 -0.0005638919847399956 0.9998673767560968 0.016276084916841405 -0.5433901980557887 -0.0008714493311797163 -0.016276572426916644 0.9998671480503489 69.03804281797632
0.9999932793977475 0.003655477866058928 0.0002804277023665102 0.24114970259795543 -0.003659688993008806 0.9998509900046648 0.016870224676992902 -0.5381970032123629 -0.00021871719996076257 -0.01687113733346419 0.9998576483037919 70.44498396992785
0.9999726601570238 0.007311528755557816 0.001104753735757186 0.23822953948820824 -0.007330150406837941 0.9998126666447827 0.017913696836729064 -0.5430443577491204 -0.0009735703479243673 -0.017921304831974374 0.9998389265157291 71.88484684538356
0.9999312926731893 0.011638989390294039 0.0013942187668547516 0.2393121375979762 -0.011662216484358879 0.9997698779022077 0.018005109745317275 -0.5416786634664396 -0.0011843367400357118 -0.018020132084695478 0.9998369227870112 73.26578749506153
0.999880643128259 0.015326175393383486 0.001951364292749635 0.23787336418986 -0.015358361695901003 0.9997251516903097 0.01771275935866759 -0.5451346427175334 -0.0016793592420903912 -0.017740614723727236 0.9998412125553211 74.66507879222202
0.999850696390447 0.01702309442764939 0.002966337070342534 0.2396344390213629 -0.017073256730153006 0.999695856554281 0.017796020304441728 -0.5428878774986663 -0.0026624917611536222 -0.017844008073545192 0.9998372380021043 76.06719305027343
0.9998558352956749 0.016737858518877345 0.002855291633962597 0.24447800151425553 -0.016786976718146544 0.9996944189996685 0.018145690367313925 -0.5414421263718385 -0.00255069932060302 -0.018191005853151483 0.9998312763765569 77.47546319069387
0.9998691779783323 0.015815377621341272 0.0033912734239179296 0.2551279247398283 -0.015875146790445643 0.9997048907169849 0.018387801217928962 -0.5435845555261045 -0.0030994628616595066 -0.018439232387983787 0.9998251787289603 78.85745667131201
0.9998881942811572 0.014602755074859107 0.0032184562830325533 0.26447256257566415 -0.01465983889325374 0.9997215658904953 0.01848999340930988 -0.54407740886244 -0.002947555551546031 -0.018535107907255183 0.9998238653245307 80.28858539419637
0.99989120974908 0.014537756918691474 0.0024944478334329263 0.27021223180579873 -0.014580962346908474 0.9997266294135537 0.0182773635177384 -0.5445676474525156 -0.0022280542382151474 -0.018311746306288623 0.9998298433749216 81.66740038479092
0.9999018198072158 0.013831828428295419 0.0022430448533296366 0.2770592194067255 -0.013870722282885611 0.9997351225940059 0.01836539550715971 -0.541205017352597 -0.0019884238833268028 -0.018394704777559757 0.9998288258437572 83.03466505846039
0.9999042792330899 0.013739811117642225 0.0016278647596367699 0.2813436458233121 -0.013767473298793511 0.9997356618939464 0.018413664845850043 -0.5433846405080529 -0.0013744342861723262 -0.01843431359599347 0.9998291288986098 84.41353696735767
0.999905690894134 0.013693546086791884 0.00104694555103051 0.28392576994638347 -0.01371068521361042 0.999732338536709 0.01863513969989821 -0.5376737589242775 -0.0007914842411262044 -0.018647736309973458 0.9998258025599152 85.7880073225486
0.9999153112923862 0.013013459623891376 -0.00014175670273924856 0.2847988348396397 -0.01300831749250752 0.9997298985758476 0.019259117457049862 -0.5374303586084391 0.0003923461989723785 -0.01925564213470632 0.9998145159435623 87.16822255192544
0.9999374912077876 0.011086086961651998 -0.0014533891837253251 0.2904035090104808 -0.011053329819404626 0.9997207853399568 0.020884810086327678 -0.5364259220331614 0.001684514341962655 -0.020867439511981514 0.9997808321623806 88.53742461153256
0.9999562670614894 0.008998857052288152 -0.0025464733835871703 0.29193630740541243 -0.008942172162737828 0.9997297378475501 0.02145900393980654 -0.5321763599916169 0.002738891909699329 -0.021435294162394095 0.9997664860431066 89.89209357307729
0.9999676756296593 0.007252397010362313 -0.0034713723328299653 0.2931742931582831 -0.007175505564344198 0.999739369845473 0.021672667768004118 -0.5279966922555058 0.0036276466857975715 -0.02164705804906662 0.9997590935008199 91.26763448810773
0.9999776547891154 0.005403231363061202 -0.003936369848573565 0.2938570513830573 -0.005316583772403301 0.999750396238537 0.021699750757980373 -0.5246210221418366 0.004052636430991903 -0.021678337519499383 0.9997567833233156 92.6409348687264
0.9999794484208605 0.004790162366202114 -0.004261111940548987 0.29240130246796353 -0.004697097922809041 0.9997559013682595 0.021588769644613134 -0.5189899581424402 0.004363485887923275 -0.021568310789821635 0.9997578546536662 94.00022887750468
0.9999777150970105 0.005026779247144488 -0.004393266886809326 0.2848275584861655 -0.004933021395006614 0.9997652467717508 0.02109778830185887 -0.5140398736994546 0.004498289856082112 -0.021075645755888796 0.9997677642964259 95.35788594756502
0.9999803710829102 0.0044385067410740164 -0.004422341177164483 0.2847491043124478 -0.004345380973296587 0.9997731769636546 0.020849755663617936 -0.5115898758912348 0.0045138802489300325 -0.02083012934746876 0.9997728394884204 96.72557681694214
0.9999759491829068 0.005446769379017584 -0.004293454661551114 0.2806711937831028 -0.005358785482241156 0.9997806979049049 0.020244494020304944 -0.5073880083746423 0.0044027805586897275 -0.020220999129373467 0.99978584041809 98.0785190912997
0.9999698592610629 0.006645714016871295 -0.0040143551592981865 0.27423111475442374 -0.0065615709773055655 0.9997658067004922 0.020622258943146465 -0.5011729270870453 0.004150465009452851 -0.02059529659972655 0.999779279331369 99.40690949705663
0.9999673519998796 0.007063700272139928 -0.003924164251685443 0.27079694147930367 -0.006974197977987543 0.9997253921305641 0.022371877881151424 -0.4995576464461357 0.004081115229428799 -0.02234377926345632 0.9997420167255525 100.74481886373576
0.9999635481974123 0.007609322273285746 -0.003873045637206524 0.2659313479250475 -0.007516423266261796 0.9996965036276708 0.02346069151014007 -0.4910363976217712 0.0040503904862282435 -0.023430724537434205 0.9997172577598098 102.07255066706821
0.9999649888700968 0.0073509692793198 -0.003998034073892299 0.26278217633907874 -0.007259312276838271 0.9997210197976598 0.022476320617676612 -0.48583941720343604 0.004162141795048431 -0.02244651039479327 0.9997393814022163 103.42848866095275
0.999963769559659 0.007640393457055079 -0.003752858571888934 0.25951452451193296 -0.00755990957199594 0.9997506500923824 0.021011554776027022 -0.4801243138634675 0.003912459672925273 -0.020982421944297672 0.9997721893561919 104.76764787464771
0.9999655731376936 0.007436446214118189 -0.0036812768282866995 0.2607329620306972 -0.007360194898598788 0.9997666209391648 0.02031086440093358 -0.47463713336296215 0.003831458669525864 -0.020283069954351446 0.999786935791791 106.08339354868416
0.9999790443708091 0.0052959587724183445 -0.0037233901950371948 0.25635383641621656 -0.005215018746430635 0.9997569211015293 0.021422005360572073 -0.4708405730427906 0.0038359354977511497 -0.021402138590367874 0.999763589076634 107.44179870415608
0.9999918104758255 0.0023348964198935855 -0.0033056371923960194 0.256862731771915 -0.002257124660431122 0.9997250726649375 0.023338476780162338 -0.4629458317537998 0.00335922159034858 -0.023330824076477068 0.9997221555291725 108.7598825823933
0.9999966670768319 0.0007211064204058456 -0.002479080319083507 0.25987442775939307 -0.0006611301292396308 0.9997091109227908 0.024109261096450466 -0.45847069184001144 0.002495744733871802 -0.02410754139844115 0.9997062556980296 110.10759536145616
0.9999981429248096 0.000624969918486864 -0.0018230629466202547 0.2632320360885364 -0.0005818511329910094 0.9997223198016285 0.02355726564409792 -0.4498409193045589 0.00183727945456383 -0.02355616080420675 0.9997208268654209 111.43285002391329
0.9999976891994145 0.001943753309486192 -0.0009183779734700005 0.26225142916350863 -0.001923722789788715 0.9997706316369713 0.021330340574802032 -0.44063536009701976 0.0009596283277239241 -0.02132852427148166 0.9997720605940522 112.74505869637697
0.9999887792433644 0.004734371002321065 -0.00016467029372079292 0.2632555179271877 -0.004730135706703291 0.9997891389104474 0.019982581293368763 -0.43913012550689184 0.00025924054796557915 -0.01998157787237658 0.999800314722944 114.08311915756465
0.9999748089421916 0.0069626910632005195 0.0013792787246671625 0.262329955766069 -0.006988564770841808 0.9997807733696804 0.01973740578898471 -0.428133009995146 -0.001241550992645315 -0.019746547476915764 0.999804247037263 115.40104283585097
0.9999594586249927 0.008550134580910787 0.0028242341115135294 0.26272275207342244 -0.008609727785473436 0.999725080817455 0.021809066960759467 -0.4222824598474772 -0.0026369874355761415 -0.02183249836355032 0.9997581649026468 116.76233564006843
0.9999587088286904 0.008170343983080981 0.003978204435880789 0.2716348960418735 -0.008262543223138113 0.999684044416543 0.02373903431584125 -0.4122165019302748 -0.003782991737694261 -0.023770923846715464 0.9997102740932142 118.07245543481606
0.9999613760966638 0.007528433051313 0.004535306510733764 0.28083968454810915 -0.007639794860921372 0.9996567832024313 0.025058917864406366 -0.4058725970641677 -0.004345095893085458 -0.025092598440599648 0.9996756882199377 119.42988469420709
0.9999518207917418 0.008229866238553237 0.0053502700890646765 0.28851389207303135 -0.008359152851216179 0.9996622120122209 0.024608666595488833 -0.3910749072877828 -0.005145937225725286 -0.024652204339440226 0.9996828437684929 120.76515596063551
0.9999316136990032 0.0094409718386561 0.006901881339249885 0.2964677117228406 -0.009608219397940956 0.9996508448868382 0.0246144362599934 -0.3806101541648186 -0.006667087867498887 -0.02467906740431169 0.9996731933717552 122.06063346768374
0.9999021149949562 0.011574076490269132 0.007861371812959655 0.3077950483376528 -0.011762163776617332 0.9996351227961681 0.024316101970243587 -0.367041786758921 -0.007577067583843152 -0.024406188180011577 0.9996734096699459 123.42616156296044
0.9998796649031388 0.01255684202595833 0.009109413410828493 0.31478033092140056 -0.012768221103895989 0.9996415986847891 0.02352969930786642 -0.35742201719326777 -0.008810690601300901 -0.0236431785237765 0.999681635231185 124.73681051025707
0.9998607836183294 0.013351447256118337 0.010007607924778714 0.3304048716628516 -0.013577962577572164 0.9996451219773538 0.022918749554138147 -0.34684356199439953 -0.009698058776187532 -0.023051441483368695 0.9996872404314471 126.08858755419116
0.9998616845005855 0.012463900655439482 0.011011949284641748 0.3464233427282132 -0.012715174581355213 0.9996534338908364 0.0230507372026847 -0.33633220691082755 -0.010720831711031466 -0.023187567452677794 0.999673646978925 127.43906458857768
0.9998561387491881 0.012053749014957942 0.011933520803719237 0.3637510403979318 -0.012341466096042352 0.9996276241946926 0.024337239003553217 -0.32715486354731127 -0.011635723048731714 -0.024481014608093005 0.9996325774270891 128.74997938096095
0.9998674258476474 0.010518462840103611 0.01242950720589971 0.3805951249474485 -0.010830327743540515 0.999621348636244 0.025295521153150067 -0.30984114508677996 -0.012158731771222387 -0.025426782891396996 0.9996027430602734 130.11140371089886
0.9998676356515258 0.009451655805468443 0.013243011776775237 0.4039552123552258 -0.00979387565598405 0.9996134592041196 0.026019458398609134 -0.30224158496774534 -0.01299196693204109 -0.026145714383782593 0.999573714337814 131.44596403314875
0.9998842966471609 0.008048831313199186 0.012907734799833714 0.4279714467720922 -0.008389392073084841 0.9996122626057955 0.026550754881935253 -0.2889228282022608 -0.012689028500837373 -0.026655970534106753 0.9995641288930871 132.78498368115825
0.9998979147143844 0.006339694560826804 0.01280501503485204 0.4533314900634974 -0.0066865661348219935 0.9996068304535926 0.02723002714632766 -0.27456991212635806 -0.012627351493100607 -0.027312868546796334 0.9995471760673088 134.13271754708205
0.9999157109861286 0.004951740375652142 0.012002132334721863 0.4709987622640017 -0.005279578961223835 0.9996095373769843 0.02743900260905729 -0.26224853473087284 -0.011861576125127062 -0.027500055610648732 0.9995514243548451 135.46554987403005
0.9999358638593691 0.0035668288934971697 0.01074922754114263 0.49145177002545826 -0.0038654949939468195 0.9996034299668397 0.02789338236265789 -0.24546676562383724 -0.010645474687699002 -0.02793314407016849 0.9995531067957875 136.82025010568677
0.9999522360787 0.001664716906805157 0.009630902062390576 0.5088493811308876 -0.001943997334824909 0.9995757192304949 0.029062044535275194 -0.2284974646872711 -0.009578436580526605 -0.029079378445192414 0.9995312117552098 138.1266723766489
0.9999643567981037 0.0004466649610065035 0.008431228918061582 0.524886308573569 -0.0006932792148256076 0.9995713051784083 0.029269869511935984 -0.21332862508545414 -0.00841454137329256 -0.02927467101194827 0.9995359868958874 139.49156884081472
0.9999723540967888 -0.0007320283593979441 0.00739967396835741 0.5455770411640692 0.0005147914650016615 0.9995700310494986 0.02931702663811127 -0.1954150599933262 -0.007417953854720726 -0.029312406428766435 0.9995427738512677 140.83330236507874
0.9999824719545132 -0.000874718594823717 0.005855821927257179 0.5522075415658321 0.0007007417390295682 0.9995602008497189 0.029646481617104627 -0.17839345086522543 -0.00587917936318957 -0.029641858123922196 0.9995432934413927 142.19449394359785
0.9999862261003273 -0.0014443518235753479 0.005045934705478949 0.5668270513768472 0.0012987731293844047 0.999586197475057 0.028735814559640086 -0.15892628931047365 -0.00508535173754366 -0.028728864814652567 0.9995743051378716 143.51483771607067
0.9999872517325985 -0.003221619839281405 0.003888127713043167 0.5789420375444005 0.0031153016889449944 0.9996292966575637 0.027047443321249722 -0.14329633367848063 -0.00397382328508636 -0.027034985430210223 0.9996265894128393 144.8488381921399
0.9999710877574652 -0.0070798639967692275 0.0027747379046130817 0.5882486136034307 0.0070031396928211444 0.9996176592092064 0.0267486722273986 -0.13135193650322402 -0.002963054221303934 -0.026728466597657083 0.999638339277331 146.19148297433563
0.9998807220857622 -0.01531037408769273 0.002033229932182791 0.6050165224027002 0.0152445757570789 0.9994580471980532 0.029175586664567554 -0.11625806257309618 -0.002478817376686291 -0.029141110508652934 0.999572234062725 147.5356154502824
0.9997156791523348 -0.02384404692425951 0.00014908884927994272 0.6250583300432526 0.023828178944813688 0.9992426323202185 0.03076328548245365 -0.09629120640857679 -0.0008824972392487323 -0.030750985873179527 0.9995266870026459 148.88025316925388
0.9996563837423966 -0.026184165712656998 -0.001226311991827921 0.6440249468385767 0.02620837072592782 0.9992571550846971 0.028253485013891785 -0.07921750688116933 0.0004856071299302808 -0.02827591588169644 0.999600038382938 150.21491369687953
0.9996726070168367 -0.025586004909260406 -0.00018726608764643542 0.6560881941237604 0.02558279157415397 0.9993656177936009 0.024776659145451782 -0.06472180336464853 -0.000446788479714179 -0.02477333786652076 0.9996929939157523 151.5649278099034
0.9997476361858353 -0.02246360022829223 0.0002248469431737352 0.6479514401343627 0.02245238318926168 0.9994799811297403 0.02314428404656442 -0.04826157619275258 -0.0007446340333005673 -0.023133394577553184 0.9997321098929126 152.91409733487305
0.9997568981418715 -0.022008644569258187 0.0013282073451266006 0.6585992055419115 0.021971973063233435 0.9994898412779477 0.02317950935313469 -0.042161912061807326 -0.0018376794929675904 -0.023144690695773212 0.9997304367687989 154.25563260421313
0.9996871916133396 -0.02495314298768407 0.0016910110919932265 0.6624720158494504 0.024900218907635656 0.9993453753236768 0.02624499966492023 -0.029247793608145257 -0.0023447995490332163 -0.02619468307822513 0.999654110412388 155.60651344057683
0.9995161475125226 -0.03102938815571037 0.0021558845640916235 0.6825459062856458 0.030949807748517667 0.9990604293735534 0.03033756730047011 -0.013728915707770989 -0.00309521538002438 -0.030256163735893727 0.9995373850749367 156.96979083918905
0.999405579297117 -0.034406687643059146 0.0021605090514721344 0.7037294513239432 0.03432115610820472 0.9989092026106469 0.03166170141370009 0.00859985134744086 -0.0032475269288530623 -0.031568729410370644 0.9994963075744073 158.3086218709798
0.9993530549142456 -0.03591626606784587 0.0018690476203130834 0.7168393131637603 0.03583758639718353 0.9988389879437651 0.03219229301083832 0.029994820017342744 -0.003023104860568668 -0.032104483737339165 0.9994799462333731 159.65396853512803
0.9993739631687597 -0.035258517355722205 0.0029186593669317034 0.7252286732117258 0.03514485908318199 0.9988505273161576 0.032595446318268946 0.05333381496786084 -0.004064571910392219 -0.03247246401882467 0.9994643656964685 160.9967327359445
0.99949261863885 -0.031607047597100035 0.003936969733425904 0.7293121701762769 0.03146459666566238 0.9989886522766751 0.03211933863914918 0.07592352303395261 -0.004948185978856268 -0.031979166251186034 0.9994762870342885 162.35449087677796
0.9995855937431685 -0.02836028318870859 0.004933055783720075 0.7349119953353821 0.02819761311192359 0.9991399801655004 0.03040057175787439 0.09731608586294728 -0.005790982577129235 -0.03024887272854545 0.9995256225755896 163.69165429869292
0.9996561507421274 -0.02562300022912808 0.005571541768657167 0.7438020068385085 0.025446029190761478 0.9992318827863701 0.029801746923244467 0.12044527099752454 -0.006330872879078747 -0.029649725565702376 0.9995403012332373 165.0522540233483
0.9996808417195163 -0.024549360434895064 0.005961840424580925 0.7537706656359209 0.02435329069376909 0.9992229132441834 0.030991724295236524 0.14279166197127177 -0.006718035138932432 -0.030836642145403964 0.9995018606638092 166.4074171261497
0.9997233565925079 -0.02242042146059768 0.007108792723884342 0.7689836701317967 0.022178051938506745 0.9992251859602016 0.03251402531444951 0.15905455306115002 -0.007832263546325186 -0.03234737087653112 0.9994459981454373 167.7458634826605
0.9997763382661249 -0.02047108703484811 0.005311120151474664 0.7733489109236007 0.020307860195101526 0.9993685912675924 0.029154925415903213 0.1828157414929908 -0.005904600181314866 -0.029040546664585862 0.9995607947062377 169.1236337739392
0.9998447336905044 -0.01684729391872705 0.005164994755207764 0.7784741566111067 0.016704297113325276 0.999507100765434 0.026580482204740505 0.20208619428006191 -0.0056102586053106305 -0.026490077157416803 0.9996333331686799 170.48739583713518
0.9999257096887677 -0.01134567699254923 0.004455412931518572 0.7852427895104042 0.011230408865810565 0.9996219553997543 0.025096299309654516 0.22038553224017376 -0.004738463493290977 -0.02504439842394526 0.9996751097453358 171.86439050275445
0.9999601269380054 -0.007615653168123999 0.004663298749128627 0.7869766910855147 0.007490675580492709 0.9996271962632488 0.026255633768199976 0.23748784971865206 -0.004861514464294189 -0.026219655236402233 0.9996443844326742 173.23585141322843
0.9999763022141704 -0.00413942368195868 0.00550092533669936 0.789449474404603 0.003978091934115531 0.9995708459236136 0.02902238444145261 0.25366135280863394 -0.005618701009682557 -0.02899981306768812 0.9995636252928303 174.59026910357278
0.999976284005377 -0.004122939108935656 0.005516592953214985 0.7978445568201957 0.003950652811711704 0.9995151296102345 0.030885240165465688 0.27881406541655795 -0.005641256559147361 -0.030862713100035917 0.9995077133915216 176.00064035637484
0.9999670425556286 -0.0066171113329616905 0.0047040021058037335 0.8093595446691694 0.006462177724879484 0.9994598416109443 0.032222124516182435 0.30428468024632216 -0.0049146789989063955 -0.032190663992179555 0.9994696628933605 177.36873738026378
0.9999561598513192 -0.008899404771923275 0.002911865851548229 0.8198664899992039 0.008799635206868717 0.9994281665858505 0.032648220496169174 0.329280812908714 -0.003200750749924838 -0.032621165361876946 0.9994626629974458 178.7662544156005
0.9999489277900298 -0.010063146767060249 0.0009353496984561682 0.8275339808877289 0.01003137485390393 0.9995190753590814 0.029342623524713354 0.34893473673721154 -0.0012301790994743529 -0.029331741661861952 0.9995689748870137 180.10185951415392
0.9999652906338526 -0.008305838985867925 -0.000656170129411676 0.8277247524160858 0.008319918348784504 0.9996375584439041 0.02560333458091508 0.3683862945534129 0.00044327516565991973 -0.02560790481480204 0.9996719655419458 181.5169017243259
0.9999928666068597 -0.0035456884540471943 -0.0013018551786393327 0.8209370147095982 0.003576063108104649 0.9997026295420248 0.024121863244294318 0.3875302970135211 0.0012159395338827558 -0.02412634633973035 0.9997081778590454 182.90761186366606
0.9999989868765035 -7.765833363621613e-05 -0.0014213424739958026 0.8182613081153394 0.00011466287749256313 0.9996605465540698 0.026053378746560725 0.40083272902266265 0.001418836851146652 -0.02605351494914656 0.9996595426609187 184.2606041488635
0.9999971542651704 0.0017943167538061278 -0.0015722238424866596 0.8147942324152959 -0.0017473167812065914 0.9995661386314485 0.029402064881786656 0.42279914499663257 0.0016242984695002162 -0.029399233612768323 0.9995664293506311 185.70330837549568
0.9999975384976018 0.0019684827156538826 -0.0010237546907014275 0.8179673226758679 -0.0019351197228728101 0.9994978326945461 0.031628117048230736 0.4450297542370314 0.001085500087823911 -0.031626057649999505 0.9994991816557401 187.067059134887
0.9999986478688758 0.001310812919826265 -0.0009929900656139908 0.817872117829842 -0.0012774821999155552 0.9994593396979576 0.03285416821386317 0.47150769091436406 0.0010355189505604004 -0.032852854788039614 0.9994596628149355 188.5220156881144
0.999999434675175 -0.0001647920299896082 -0.0010504724721514275 0.822352123868232 0.00019975308306827963 0.9994430966825542 0.033368497603098256 0.49872811952555063 0.0010443886853904912 -0.03336868809086977 0.9994425645668067 189.91667854076425
0.9999933097556339 -0.003497332733236498 -0.001071963627148764 0.8298143644926516 0.0035321577160621646 0.9994012809590642 0.03441806970603042 0.5229158625615343 0.0009509504585948304 -0.03442162528612859 0.9994069478268379 191.28466330724063
0.9999831071236228 -0.005742695984364154 -0.000898279783404044 0.8369309406395249 0.005770147262698686 0.9993940922687164 0.034324244841017815 0.5513010694407496 0.0007006218622392715 -0.03432884771412853 0.9994103458051268 192.73267924019106
0.9999584323003747 -0.00910363415465551 -0.0005074526644929236 0.841959730729382 0.009116002663675125 0.9993102187349112 0.03599979555793774 0.5796944487914795 0.00017937367640893324 -0.036002924545886064 0.9993516684354824 194.12130333880924
0.9999128092950738 -0.013199284980832424 -0.0003907254340505288 0.8504037640149948 0.013204647713512943 0.9992070592853483 0.037561815952997624 0.61146866461577 -0.0001053735148685217 -0.0375636997568755 0.999294229598902 195.5717047674854
0.9998676633462389 -0.016267892603194275 -0.0001069521370425288 0.8604695333775324 0.01626002091713841 0.9991315282533546 0.03836405928512829 0.6371421965538024 -0.0005172431933763225 -0.03836072079910814 0.9992638227767147 196.96881625515286
0.9998977990101178 -0.014296430511550906 -5.991045525982879e-05 0.8628711879398846 0.014290018593087908 0.9993049695444507 0.034429250273535474 0.6671799848134441 -0.0004323466098330453 -0.03442658719019174 0.999407135820487 198.40014624969066
0.999971641557933 -0.0075109652648614 0.0005490677302402358 0.8588232777422616 0.007491541875373328 0.9995382637040147 0.02944717696324951 0.6956676689311886 -0.0007699909962916125 -0.029442228095420256 0.9995661870455512 199.82586395132782
0.9999971269013201 0.0017435979532049205 0.0016450092389464158 0.8519860080875544 -0.0017915209681463055 0.9995603629820486 0.02959512192852353 0.72568087388888 -0.001592684170787389 -0.029597983539038027 0.999560614816977 201.2459043626414
0.9999574543598412 0.0087730850153788 0.002849989890259446 0.8444351884648198 -0.008861941605119402 0.9994218236858962 0.03282505716725011 0.7517782748222752 -0.0025603652877869846 -0.032848916574106754 0.9994570491871759 202.7070242723044
0.999939313226425 0.010317639108410574 0.0038621467224927075 0.8487764128009162 -0.01044806730384038 0.9993175578450529 0.03542959957881771 0.7787937721671385 -0.003493961497524992 -0.03546780092793484 0.99936471184772 204.1470026970446
0.9999573862371117 0.00863671044333439 0.0032608182442602604 0.8595575764569972 -0.00874979171023863 0.9992981520276548 0.03642313209765259 0.8112869122269889 -0.002943953843749225 -0.03645011092514318 0.9993311375633148 205.59726715275656
0.9999836333879542 0.005405634871944846 0.0018740505388341279 0.8692695662184208 -0.005470616094031503 0.9993149418127061 0.03660217859447399 0.8422314860653377 -0.0016749088305957989 -0.03661183122265734 0.9993281585389886 207.0431197924925
0.9999922972598043 0.0037225571876130553 0.0012441816732466481 0.8803088418234967 -0.0037651760138549747 0.9993369371820965 0.03621476880119687 0.8659136889354065 -0.001108545246344586 -0.03621917388739909 0.9993432556059636 208.4688279222742
0.9999925114057826 0.003867531277270265 0.00013904227860736963 0.8857343878400225 -0.00387003017346544 0.9993419769236466 0.03606433239143373 0.9021839788881665 5.29149257960139e-07 -0.036064599896527744 0.9993494606940047 209.96734210549252
0.9999880709657122 0.0048822320396001645 0.00014742555817169167 0.8878641587572834 -0.00488435795152265 0.9993189851879177 0.03657470352848509 0.9339182973615725 3.124103447489472e-05 -0.03657498677802486 0.9993309108201699 211.39356072813928
0.999983506974013 0.005739711462161848 -0.00020368839095423388 0.8880336651901274 -0.005728193712522846 0.9992942272150982 0.03712459159402461 0.9702854914131256 0.0004166291139586966 -0.037122811994076146 0.9993106239821065 212.8706665535988
0.999986702737899 0.005135020387152569 -0.00047530012458335547 0.890414242746275 -0.005113581331842623 0.9992832756580997 0.037507150327266175 0.9990693958901923 0.0006675595046280059 -0.03750422055683947 0.9992962462442458 214.32823253234187
0.9999859007823175 0.005232924834897993 -0.000902624580352852 0.8973329262662645 -0.005196142153395672 0.9993083124301106 0.036822504849010326 1.0310896068284967 0.0010946897396830382 -0.03681729498266188 0.9993214139600436 215.7630631650441
0.9999894872390124 0.004454015775696901 -0.0010895652566715146 0.9009052261666772 -0.004411297110229863 0.9993243526972232 0.0364880612160609 1.0625913624466392 0.0012513476013913862 -0.03648287070221372 0.9993334950004223 217.25652063882677
0.9999869877377452 0.0048372933897935224 -0.0016201681068722627 0.9027208238616616 -0.004774180520468778 0.9993067023908107 0.03692318791061512 1.0974079646205823 0.0017976532931530372 -0.0369149719476987 0.9993167932360462 218.72272718309188
0.9999852577947457 0.005036533554994745 -0.0020291671418487195 0.9018972249939838 -0.0049580571338209405 0.9993036312875136 0.036982025548173036 1.1285305591909658 0.0022140154930249123 -0.03697141909046328 0.9993138707437574 220.21060847587444
0.9999846826458506 0.005120933561483488 -0.002100121273530614 0.9031500018164207 -0.005040128601774529 0.9993089032898557 0.03682815441626356 1.161241234398715 0.00228726461183147 -0.036817004892859384 0.999319406659694 221.67101423314992
0.9999759721657304 0.006381565782971764 -0.002707527225469926 0.9002515331177725 -0.006277799987288977 0.999305034442282 0.03674285529516118 1.1922925776337039 0.002940122783789089 -0.03672497459889532 0.9993210854749327 223.13217581181394
0.9999746887064115 0.006386604270318314 -0.003135797560876172 0.9012756881452042 -0.00626547389859754 0.9992871840915684 0.037227242681010415 1.225333591377746 0.003371318266039559 -0.03720665261595147 0.9993019059172615 224.6348199350353
