1.0 -3.469446951953614e-18 0.0 -1.7787691892340307e-19 0.0 0.9999999999999999 -3.5405977195229754e-19 0.0 2.168404344971009e-19 -2.354751593366955e-19 1.0 0.0
0.9999995444857546 -0.0009378534396180197 -0.00017737080917661682 -0.005878084316612992 0.0009381430841946398 0.999998215691719 0.0016396643527191103 -0.014240093910491539 0.0001758327440957593 -0.0016398300367721109 0.9999986400194968 1.3094637865810306
0.9999986642305964 -0.0016200524939623488 -0.0002167234894535615 -0.013101646761613912 0.0016205085819658918 0.9999964384690843 0.0021206127051124728 -0.03666341198552204 0.00021328723354366178 -0.002120961115474128 0.9999977280140236 2.6087958096389734
0.9999948158433694 -0.003199926192411072 -0.00035883524471862585 -0.012291108649755161 0.003200292703036508 0.9999943538100206 0.001024924385107605 -0.06785742817035346 0.00035555356738328206 -0.0010260674676174928 0.9999994103837899 3.9470903061367313
0.9999942993509849 -0.003363848653121152 -0.00029290281192601 -0.021186174240392118 0.0033642358338654855 0.9999934554053339 0.001330811333252548 -0.09035984837408484 0.00028842427277370186 -0.0013317891648086926 0.9999990715744308 5.256857808738934
0.9999925508060586 -0.003859825969269025 9.011616200211691e-06 -0.026058219407036114 0.003859798361559079 0.9999902936975369 0.0021247262510585337 -0.0968987712041489 -1.7212601753133173e-05 -0.0021246756794470866 0.999997742726119 6.570506355684393
0.9999854248948723 -0.005395861313357998 0.00018624093543566475 -0.022448103416323285 0.005395257946348056 0.9999806320486371 0.0031026942844799986 -0.11385824487710486 -0.0002029790506446103 -0.0031016443013346735 0.9999951692895488 7.906104344004536
0.9999880863004061 -0.004871095890823086 0.00031573555268395105 -0.02269850298631229 0.0048698133060336175 0.9999803645254629 0.003944042936847098 -0.14559419858239336 -0.0003349411891744418 -0.003942458449211933 0.9999921723874188 9.217545437845198
0.9999896462621637 -0.004539032770561549 -0.0003233504729138459 -0.029658873301208664 0.004539909371021214 0.999985877561384 0.002762950259010794 -0.1617605976727437 0.0003108048134741852 -0.0027643896852538015 0.9999961307680373 10.577261055418681
0.9999982848816328 -0.0018402184838568966 -0.00020936135163823885 -0.0405665535168753 0.0018402268886392806 0.9999983060039138 3.9389338241156e-05 -0.17576809485189282 0.0002092885298371459 -3.9774542617975985e-05 0.9999999773083131 11.880311622499427
0.9999983535295376 0.0018143846385423384 -3.0714558643441664e-05 -0.04386533249065608 -0.001814404571477246 0.9999981375607555 -0.0006578862512587054 -0.20791932392386728 2.9520844569144115e-05 0.0006579409082585543 0.9999997831210995 13.215003055561844
0.9999918004001499 0.004045544036583416 0.00018082738907326703 -0.06316174891852022 -0.004045420171584232 0.9999915849553735 -0.0006816170528564492 -0.2156029711828527 -0.0001835833955416209 0.0006808799515734405 0.9999997513496028 14.555954163840115
0.999985016484708 0.005425222288339934 0.0007305884865068976 -0.08419133490887949 -0.005425348550964792 0.9999852681632708 0.00017047065239040617 -0.2494747091263277 -0.0007296529442885101 -0.0001744318023262189 0.9999997185894999 15.8897181611913
0.9999946605149702 0.00319379944687142 0.0006917960697526541 -0.08586238962795792 -0.0031958299610294833 0.9999905305637173 0.0029538887983010594 -0.26880825913970413 -0.0006823554458979992 -0.002956083948816235 0.9999953979685586 17.258907232829003
0.9999992572066356 -0.0007887805139232002 0.0009292007702191821 -0.07690312839353544 0.0007836730714028857 0.9999846542764022 0.005484256162747175 -0.2844589769604392 -0.000933512459740945 -0.005483524006171145 0.9999845296397992 18.61502179207199
0.999993236800741 -0.0034900497375063427 0.0011601345442583293 -0.07264744713809704 0.0034860456330294085 0.9999880209757779 0.0034358965681300637 -0.3071098962318341 -0.001172112192918853 -0.003431829112529773 0.9999934243288604 19.943266865750395
0.9999870107642583 -0.005035249976366571 0.0007902962407379051 -0.07551395136986075 0.005034438958182603 0.9999868015143172 0.001025287686140098 -0.32226408625044617 -0.000795448455863047 -0.0010212956858816017 0.9999991621075833 21.295727005024865
0.9999950355133107 -0.002969635337075994 0.0010536700046523953 -0.08148792192065543 0.0029708178478000252 0.9999949573148564 -0.001122311022858417 -0.34882235854723087 -0.0010503319263273955 0.0011254357381257367 0.9999988150970999 22.675685487370494
0.999997738141651 0.0005131097329910033 0.0020640813772153403 -0.08850689462618998 -0.0005146727117435086 0.9999995812199032 0.0007567514507698711 -0.37585725692964334 -0.00206369239010107 -0.0007578120791145164 0.9999975834430216 24.02527904282415
0.9999967148654354 0.0010610325936877257 0.0023333386991537574 -0.11257095692088799 -0.001075680560979922 0.9999796681928795 0.0062853888007234375 -0.3892563711552708 -0.002326622447368652 -0.006287878202306871 0.999977524454525 25.426595764398552
0.9999935941728852 -0.001096660099637577 0.003407191771004232 -0.08557407418199309 0.0010723891593314855 0.9999740977763845 0.007117145086160939 -0.41396739066658467 -0.003414908888945523 -0.007113445796025416 0.9999688681573355 26.774838396442718
0.999980644155588 -0.0054811732476479635 0.00294415773288988 -0.08017406773993722 0.005465795330203785 0.9999715098068674 0.005206212426380052 -0.42053163237658425 -0.0029726102521562357 -0.0051900195878331395 0.9999821134812206 28.152486345713935
0.9999770088018733 -0.006183770288246571 0.0027826002003480633 -0.0952832013697141 0.006174823173018961 0.9999757747370049 0.003212707537686384 -0.4324120063831581 -0.0028023996703399733 -0.003195451665459835 0.9999909677800756 29.520496527268033
0.9999752345783 -0.006022553210428352 0.003641303998679616 -0.08592814629982076 0.006019703475264546 0.9999815668480375 0.0007931750452792103 -0.47437293541944964 -0.0036460141239546655 -0.0007712358392530409 0.9999930558618596 30.89590471155655
0.9999860767740737 -0.002051946332600519 0.004861664607844313 -0.10811900352251591 0.002049309342565725 0.9999977503646378 0.0005473515694795701 -0.5024340100633332 -0.004862777217283809 -0.0005373808989415607 0.9999880322354517 32.258538609499254
0.9999879673216273 -0.0017748798526834291 0.004573294369405822 -0.10636401998411239 0.0017798796951670366 0.9999978226073483 -0.0010894063806404027 -0.5210890548191958 -0.004571351233199886 0.0010975332126633046 0.9999889490206376 33.666967556365165
0.9999894072321072 -0.0008249014043401233 0.004528241132248471 -0.11971624957563809 0.0008338903484228152 0.9999976850856968 -0.0019835445571275453 -0.5491485454471816 -0.004526594805163226 0.001987299645960621 0.999987780212444 35.066860499527806
0.9999918144554457 -0.0010720778400268392 0.0039014968369618917 -0.10843728071474859 0.0010735952026804819 0.9999993488781438 -0.0003868268412341546 -0.5707421724721872 -0.0039010799180454548 0.0003910123148357278 0.9999923143105192 36.462762822262945
0.9999933126175734 -0.0003252872292093603 0.00364265196385346 -0.10494805321378643 0.0003197201801826959 0.9999987803048885 0.0015287795707928397 -0.5931898391150421 -0.0036431451200104794 -0.0015276047448113807 0.9999921969261384 37.862789473307025
0.9999938499899551 0.00037202333442328244 0.003487346355507106 -0.11235465343999419 -0.0003761374436396219 0.9999992340788771 0.0011791364282559473 -0.5725579726795588 -0.0034869053119458626 -0.0011804409188112992 0.9999932240002685 39.2565701901262
0.9999898909008669 0.0023809012559300752 0.003814368315872784 -0.11633014992101269 -0.002385692029505289 0.9999963706264432 0.0012518831928291614 -0.5914703751154503 -0.0038113741830643416 -0.0012609704690809186 0.9999919416554807 40.652469875145925
0.9999644458695408 0.007429713607907144 0.00398827551914753 -0.12038310544876774 -0.0074381083859535345 0.9999701443043799 0.0020940532020887544 -0.6570372453960468 -0.003972598565307605 -0.0021236440197455945 0.9999898542446962 42.066051431354474
0.9999602812376998 0.00798460356417297 0.003960055624851597 -0.13027259771867064 -0.007995497112231771 0.9999642745489171 0.002742566022628089 -0.6748175349373378 -0.003938016178693853 -0.0027741197621999293 0.999988398074653 43.45790191198703
0.9999665762291844 0.007344731465080159 0.0035918425836511943 -0.13172012028321917 -0.007352360875680539 0.9999707335376272 0.002115389525326964 -0.7044376461765324 -0.0035762007960702825 -0.0021417273888430168 0.9999913118560732 44.87146000530596
0.9999784988452665 0.0059447762342047725 0.0027679368338992417 -0.12818885233001634 -0.005949524308327495 0.9999808390413377 0.0017101819665484345 -0.7126836758877382 -0.0027577173804987296 -0.0017266131394776609 0.9999947068853015 46.27628714711023
0.9999836024997081 0.00532059021112272 0.0021180283001759944 -0.14346138352141566 -0.005325576132338119 0.9999830454084956 0.0023552376668931753 -0.7379689180248381 -0.0021054613117496655 -0.002366478816849259 0.9999949833915401 47.701643527140924
0.9999830557954513 0.005637612271057317 0.0014510136735828556 -0.1603362189092042 -0.005642577047887639 0.9999781626132859 0.0034402952393776613 -0.7667898901005087 -0.00143158705512647 -0.00344842447388154 0.9999930294386181 49.10554441368769
0.9999806592091567 0.006213040802259802 0.000281637038809623 -0.17038740016102574 -0.0062140271455493525 0.9999740436322422 0.003646634097742826 -0.7960326554258123 -0.00025897306142138514 -0.00364831374561402 0.9999933113476959 50.53690551818841
0.999980529143149 0.006202267652090454 -0.0006878930732416738 -0.16058244099878918 -0.006199805422320129 0.9999745641746114 0.003526106683986164 -0.8036080155893631 0.0007097454959737379 -0.0035217732992023896 0.999993546667184 51.95551432571537
0.9999766711209647 0.006582222256275808 -0.0018252526971233734 -0.1765518772242081 -0.006573527970113606 0.9999672105235227 0.004729336126935048 -0.8247644475788435 0.001856322549831947 -0.004717227546693665 0.999987150834993 53.38472600577387
0.9999867826550356 0.004634644773579749 -0.0022258864061483323 -0.20276242797866642 -0.004622236080625295 0.9999739269183345 0.00554801087341534 -0.8299960600268484 0.0022515416244923677 -0.005537649085509916 0.9999821323444571 54.820355343209755
0.9999914206412459 0.0029322138117568366 -0.002925876882828979 -0.19301835815259574 -0.0029147031951855615 0.9999779242335561 0.0059712272264771885 -0.8565981437522763 0.002943321460180051 -0.005962648056639083 0.9999778916024635 56.22699267013856
0.9999934819031395 0.0007565906093249088 -0.0035303985834398157 -0.1973532853638637 -0.0007391944196091195 0.9999875926961651 0.004926260795742341 -0.8699677700816788 0.0035340822459749817 -0.004923619135462802 0.999981633953807 57.66210099303701
0.9999933257312869 -0.00035770547989116483 -0.0036360051648710898 -0.21301706392406444 0.000378607031026712 0.9999834002560487 0.005749423191510037 -0.8954356202827582 0.00363388851971992 -0.005750761551463069 0.9999768615342791 59.11493153410505
0.999993171222709 -0.0015927538234301493 -0.0033347622986847686 -0.22008155296551674 0.0016146903428766197 0.9999770098928864 0.0065857768404048245 -0.9190156905578079 0.0033241963972777326 -0.006591116607474703 0.9999727530827951 60.50593089590778
0.9999915070137345 -0.0032024498194397847 -0.0025942658998392458 -0.23900805380789633 0.003221403228144598 0.999967910614946 0.007334868440235257 -0.9350591333648142 0.0025706933267504364 -0.007343163466213881 0.9999697342883477 61.95384759681128
0.9999835030433704 -0.004937596900936399 -0.0029349240511343582 -0.22410486138146124 0.004957386006981266 0.9999647685056176 0.00677392524620287 -0.9549728743474184 0.0029013739881113294 -0.006788363180851809 0.9999727497093693 63.388093182109344
0.999976046793279 -0.006702088219244392 -0.0017285422422928444 -0.2327137555820154 0.006711572964007427 0.9999621268768959 0.005540721151875174 -0.9645293464138375 0.0016913425229504826 -0.0055521897768946475 0.9999831561348198 64.79122926684454
0.9999761948593465 -0.006831275222097146 -0.0009712877988071585 -0.2618655578771871 0.006836702209089111 0.9999603957086503 0.005697938895414607 -0.9882790775197801 0.0009323252267470827 -0.005704443768580058 0.9999832949074121 66.23392488104155
0.9999836143697051 -0.005716094358577147 -0.0003118719035909742 -0.2610329158063258 0.005717725586328234 0.9999684936864065 0.005506290963800191 -1.006915555652703 0.00028038762750633834 -0.005507984042128198 0.9999847916325281 67.61771519264342
0.9999957230627465 -0.0029244568066519316 3.75880760575013e-05 -0.2774463603356752 0.002924121370188172 0.9999711196242248 0.007014943021520759 -1.0243122873508594 -5.8101887387134767e-05 -0.007014803242926252 0.9999753942780101 69.05062948036655
0.9999988999075508 0.0007962504289066516 0.0012514668952017295 -0.2955372197635509 -0.0008066945768760471 0.999964668489005 0.008367258593370347 -1.0489706623903097 -0.0012447603442052155 -0.008368259104701693 0.9999642107655458 70.46010781823162
0.9999856062609128 0.005159144600076245 0.0014732582735584264 -0.2956034902467706 -0.00517171375006216 0.9999491371617127 0.008658895649394977 -1.0659882541831587 -0.0014285109587650752 -0.008666390459180488 0.9999614257727473 71.86284171570827
0.9999582789535771 0.008761076968479298 0.0025853175261394707 -0.3227027430656274 -0.008783693038612707 0.9999220821649907 0.008869969101326624 -1.0867033085376347 -0.0025074058070440513 -0.008892307852424475 0.9999573189774611 73.25425281586593
0.9999323865285402 0.011244215714659155 0.002964786940201815 -0.31982672354301434 -0.011268499924657144 0.999902016997378 0.008305259656615159 -1.097932034560931 -0.0028711105469158772 -0.008338106981207911 0.9999611155914792 74.67664338328537
0.9998669607845334 0.015844713586060977 0.0038737250133107676 -0.3330302459543909 -0.01587995926245836 0.9998311776861869 0.0092435415019449 -1.1328295218098303 -0.0037266100828383733 -0.00930382653632192 0.9999497743324144 76.0616614620247
0.9998599275363956 0.01613159219323261 0.00446060559225488 -0.3319100478571826 -0.016174216693812495 0.9998222283814218 0.0096905308740241 -1.1568751332984721 -0.004303489287748069 -0.009761320500174324 0.9999430966810798 77.44515817496584
0.9999013896669909 0.013285595345809312 0.004550150599600296 -0.32501681899097845 -0.013326255349990117 0.9998704701618223 0.009025178497270126 -1.1537893218770323 -0.004429656717703372 -0.009084925175816891 0.9999489198321968 78.8715632084904
0.9999175288721854 0.011963355953112322 0.004670497300965412 -0.33092594118720525 -0.011997521353214094 0.9999009634816985 0.007356815643022724 -1.163468427324589 -0.004582022928917325 -0.007412243460765243 0.9999620311339548 80.22955432432892
0.999920244387329 0.011728090547043324 0.004685801299383426 -0.3495542742065364 -0.01176578310852431 0.9998979817886843 0.00809891278775177 -1.1896666559788964 -0.004590338861861684 -0.00815339914172668 0.9999562244761878 81.63164307415991
0.9999132561326598 0.012357256568333284 0.004558332534743749 -0.35587998813938226 -0.012397428060799362 0.9998836096049879 0.008892190280395763 -1.2156463174076753 -0.00444791928128278 -0.008947930719304541 0.9999500740274454 83.02395268549132
0.9999226025954119 0.0119194987887369 0.003565717770484105 -0.35880559262388867 -0.011948358318652066 0.999895118700667 0.00818464160406875 -1.2335893749223914 -0.0034677872548250404 -0.00822661277608761 0.9999601478518495 84.40312537953561
0.9999326986517078 0.011092956185211207 0.0033977151706976625 -0.3732058450773714 -0.011123291499390644 0.9998972421015002 0.009043099422457896 -1.242276993659715 -0.003297051594928894 -0.009080284770732238 0.99995333785029 85.77045316952697
0.9999441542751148 0.010348441771773523 0.002144309453617867 -0.38194773577424124 -0.010369604797179764 0.9998951756685491 0.010104899376829752 -1.2644919701438075 -0.002039514879815554 -0.010126570908853577 0.999946645047258 87.18125847115533
0.9999507267961295 0.009872412908350038 0.0010389525374333178 -0.38008243531624025 -0.009883693763419353 0.9998852686438703 0.011478770171865958 -1.2929029686058675 -0.0009255102477280096 -0.011488473498039792 0.9999335769991211 88.55078227322343
0.9999764355894893 0.006858135821316737 -0.00030695945902980254 -0.38010506570049485 -0.0068539953902396426 0.9999056146325732 0.011907333165582533 -1.2978737594095495 0.00038859263669536646 -0.011904948917789013 0.9999290580796442 89.9313332565372
0.9999867240831675 0.0050296403641476445 -0.001119983739812137 -0.38912356940954806 -0.005016112658413721 0.9999181422458804 0.011770617092041925 -1.311804803554261 0.0011790941401300216 -0.011764843098385458 0.9999300966618326 91.32653073336681
0.9999944312352432 0.0029789225706207106 -0.0015044968936408249 -0.4032078435495934 -0.0029622795429629766 0.9999357032961854 0.010945966150696755 -1.3208670872125448 0.0015370074836237567 -0.010941448673999165 0.9999389592946798 92.68465213003692
0.9999952034091372 0.002419389169693251 -0.0019338322498848285 -0.4134162743464462 -0.0023979025685783566 0.9999362140594636 0.011037113573766844 -1.3367287228025593 0.0019604121460628262 -0.011032423712822047 0.9999372192385326 94.03763901306714
0.999995273427377 0.0023271314152670817 -0.0020093717241750865 -0.4324561232928248 -0.00230464129813345 0.9999354774815961 0.011123376387307864 -1.3522970400904444 0.0020351278139173006 -0.011118693153385713 0.9999361144217083 95.37744007138193
0.9999922843479696 0.0033718559762481604 -0.002015396276694308 -0.45310508192533716 -0.0033505478092447213 0.9999394250272765 0.010484279090190866 -1.3741873518628502 0.002050625854783074 -0.010477445726318894 0.999943007411805 96.74087450300763
0.9999891538371908 0.004227065435720538 -0.0019555343074121106 -0.4618969321258895 -0.00420756077717032 0.9999424078743949 0.009873062915807133 -1.3875120771900984 0.0019971559435192246 -0.009864728000801003 0.9999493479753289 98.09003505150766
0.9999842127035858 0.005292235995279983 -0.0018885359780582598 -0.4625053445682155 -0.00527326654015953 0.9999369689250419 0.009912156376090582 -1.4002169808370375 0.0019408745840640692 -0.009902041337154235 0.9999490899989847 99.43002377097551
0.9999843393676293 0.005501789790211419 -0.0010253370259054326 -0.4926295512232303 -0.005489561791951131 0.999917996551335 0.011569999597415052 -1.4195171329887522 0.0010889087514125363 -0.011564189985968622 0.9999325396213913 100.78098882656916
0.9999749636995622 0.006759237000125097 -0.0020939607683902466 -0.4771076783963112 -0.006732118340712206 0.9998967121081913 0.012698177300034811 -1.4251782650155362 0.0021795746714515264 -0.012683762849901374 0.9999171823820644 102.10701622275994
0.9999817217267899 0.0059637813638932025 -0.0009947414497846433 -0.5059548016506624 -0.005951570834836075 0.9999119893534854 0.01185716489102106 -1.4437434576210233 0.001065367540185918 -0.011851028127334217 0.9999292065593673 103.4580802165337
0.9999800311331698 0.006021337986461071 -0.0019185432915348358 -0.5208872282350716 -0.006002950588584121 0.9999373288231603 0.009450027471620074 -1.4556372037420315 0.001975325037742404 -0.009438322036943045 0.9999535070064697 104.79047352338627
0.9999848909892979 0.005290520278249456 -0.0014927074095919845 -0.5265446644911278 -0.005278741426580118 0.9999557421287034 0.007787726296623616 -1.4580654280912153 0.001533842605017041 -0.00777972917397788 0.9999685610786236 106.11874475578416
0.9999948466858538 0.002832447204437165 -0.0015112368886832104 -0.5447124468898474 -0.002817881372620735 0.9999503788324126 0.009555072969539412 -1.4835820461267701 0.00153822627660726 -0.009550765434630881 0.9999532072778214 107.46909994208963
0.9999996343728506 0.00035432476083980223 -0.0007782713544670042 -0.5597037684908832 -0.0003452913773269546 0.9999329289763084 0.011576628139646578 -1.4931553356865752 0.0007823211164655678 -0.01157635540560252 0.9999326857217257 108.81581052219778
0.999999217112011 -0.001233110588526017 0.00021264023975647406 -0.5737854556588703 0.0012303811688973171 0.9999224691401769 0.012391201080218284 -1.5088967340933201 -0.00022790348398405683 -0.01239092999384004 0.99992320351027 110.15416010185322
0.9999956369811629 -0.0028532475358673745 0.0007648544798347081 -0.5746248019865914 0.0028441948495783083 0.9999288258461998 0.011586793742531768 -1.5309065377797098 -0.000797860090513604 -0.011584568019454107 0.9999325783302119 111.4629831929365
0.999998761544804 -0.0008881461423411192 0.0012992723076070537 -0.5939453726578228 0.0008768604791144861 0.9999621073065228 0.008661123644432537 -1.5446498750936377 -0.0013069155215998717 -0.00865997380642207 0.9999616476776818 112.78910596229433
0.9999952690016766 0.00229753716119883 0.0020453107230812154 -0.5962267054415331 -0.002310644233624379 0.9999766631951664 0.006429151630393457 -1.5559656689972754 -0.0020304919438054116 -0.006433847326431542 0.9999772410959908 114.13779460479981
0.9999811768880404 0.004901658796964576 0.003690474984465456 -0.611291281227176 -0.0049258329113588285 0.9999662852170058 0.006569977719286153 -1.5701521971249597 -0.0036581470759403938 -0.0065880328456209055 0.9999716074871483 115.44215414833869
0.999967866421671 0.006351527182634487 0.004891239009880562 -0.6071045795693961 -0.006393441051785588 0.9999425659725131 0.008601667174028129 -1.5819613879013352 -0.004836324765581117 -0.008632662791036387 0.9999510423480924 116.81022512923053
0.9999577390280256 0.006771394814889264 0.006218389057977727 -0.604264596873789 -0.006836854274435866 0.9999208005036571 0.010566463654976427 -1.5880471001102479 -0.00614634737876117 -0.010608531535036204 0.9999248379102783 118.11794279158008
0.9999591796707754 0.0056196363959003185 0.007075215497287979 -0.5996577746666398 -0.005703369087512191 0.9999132767706578 0.011870573942408008 -1.601990697683087 -0.007007894185342997 -0.011910442180375748 0.9999045108328317 119.47698730897697
0.999951290162945 0.005323071383326673 0.008311570783704954 -0.6070827962117034 -0.005415622888728182 0.9999231411567638 0.011152704361751427 -1.6083882896204205 -0.00825156601316867 -0.011197173666368104 0.9999032627995414 120.81330915265586
0.9999255968391302 0.007855327921473833 0.00933244872969229 -0.6077835911194605 -0.007955085778094739 0.9999111018084824 0.010700705753505704 -1.6263109984265218 -0.009247562312476044 -0.010774150228180967 0.9998991950565751 122.16327985031543
0.9999063857825675 0.008970780043998176 0.010331735750482138 -0.6153534868228956 -0.009088232577516803 0.9998939693253552 0.011377792022056275 -1.6496122959708381 -0.010228573455648912 -0.011470624341015262 0.9998818935551451 123.51062134099095
0.9998815903093059 0.010357133983123807 0.011381349605661749 -0.615402184943262 -0.010467598682057162 0.9998982674853353 0.009689379674468954 -1.6676801300525301 -0.011279838494802224 -0.009807367950200294 0.9998882841467557 124.8492212984169
0.9998463086033553 0.012073089840075973 0.012712185124973902 -0.6079784829049819 -0.012189360750188363 0.9998842166183758 0.009108944416691358 -1.6687372976697028 -0.012600741219026938 -0.009262498042262758 0.9998777062459319 126.18557260235069
0.9998582206059795 0.01059211370181311 0.013089911955689277 -0.5951946405388316 -0.010712773616385632 0.9999004565056863 0.009182242807771716 -1.6956850959568608 -0.012991350671256507 -0.009321170399642906 0.9998721621223707 127.52804017610777
0.9998458337036805 0.010390220384975129 0.0141545797027041 -0.5947619960582897 -0.010527677164298598 0.9998978106319678 0.00967141809300253 -1.7063253609673663 -0.014052646270004701 -0.009818942121845458 0.9998530449554042 128.90426969430246
0.9998488068556977 0.009158903374802465 0.014780998004772944 -0.5684023647968323 -0.009324992326362275 0.9998937172350502 0.011207085644660032 -1.7239020405481607 -0.014676783656624908 -0.01134322412174851 0.9998279468426312 130.2455292805697
0.9998538293231202 0.007765110441668377 0.015232302349788836 -0.5681286409033395 -0.007942846164946768 0.9999006741706099 0.011642723074396144 -1.7348252231850982 -0.015140383628687804 -0.01176200930942951 0.9998161950682731 131.55550234343823
0.9998662961904466 0.005929400336110715 0.015239158304141675 -0.5710014016893867 -0.006120493198623317 0.9999028438895479 0.012523671669562602 -1.7499450957232772 -0.01516342113541246 -0.012615268612539934 0.9998054439029873 132.93603955830477
0.9998709324889157 0.005410000243976477 0.015127797401354191 -0.5548199332125925 -0.005614898141176251 0.9998926335229269 0.013534930774658182 -1.7677848941715961 -0.015052950465699716 -0.013618125156633314 0.9997939564484075 134.2636456012361
0.999895822177867 0.003457375006702906 0.014013969736037973 -0.5237052091889347 -0.003644257378551791 0.9999044854714223 0.013331891227474146 -1.7840613386753716 -0.013966539020508118 -0.013381573107715723 0.9998129171445459 135.59508657039376
0.9999143853640684 0.002213997402014463 0.012896517330929363 -0.5179660305213132 -0.0023841914309895964 0.9999100800168628 0.013196496159074977 -1.7894553633484551 -0.01286614174485181 -0.013226114363872199 0.9998297516550925 136.9354854417517
0.9999240698051157 -0.0001834475932722887 0.012321565553390035 -0.5095089458073028 4.791131018639164e-06 0.9998948990541634 0.014497959042579577 -1.796620831222118 -0.012322931190559801 -0.01449679945104212 0.9998189777016265 138.26870566983052
0.9999388804680189 -0.001383757456298042 0.010969072541645588 -0.4901722616155367 0.0012258354665079432 0.9998956970486685 0.01439070335565053 -1.8038785855581185 -0.010987842594933689 -0.014376377797788397 0.9998362801357347 139.62409159951955
0.9999443204363987 -0.0029515345216704313 0.010131361312146073 -0.4975492868883038 0.0028007751619612675 0.999885623521076 0.01486255442426141 -1.8185609039460875 -0.0101740707127879 -0.014833351500414737 0.9998382168969449 140.95817916329247
0.9999588039656465 -0.0026592320380422474 0.008678644327164803 -0.5051029554873055 0.0025346397468481233 0.9998940249975361 0.014335772247791999 -1.8267712781715382 -0.008715847477478693 -0.0143131847069422 0.99985957351277 142.3279731877763
0.9999674323306748 -0.003131927613553527 0.007438099125370226 -0.5019690537524436 0.003029514291714573 0.999901007383186 0.013740359070889387 -1.8363579861202548 -0.007480397239322891 -0.013717378013692943 0.9998779311477186 143.67649264596602
0.999970008710077 -0.004295360697479371 0.006444499127457552 -0.49873118914084813 0.004215216678521025 0.9999142503691174 0.01239854212340968 -1.8514141345078148 -0.006497203263345046 -0.012371005550182754 0.9999023675187535 145.00634727833992
0.9999395130306443 -0.00954801937056634 0.00545945250143581 -0.49830376948366584 0.009489273238983919 0.9998978649077052 0.010687068506451996 -1.855642445457666 -0.005560935697522513 -0.010634616039316319 0.999927987873893 146.34181110784647
0.9998252265852364 -0.018151206756615867 0.004477721565509211 -0.4891114574458374 0.018088245894027688 0.999742224274422 0.013722257463471256 -1.8662400616626416 -0.00472564323695106 -0.013638865300039093 0.9998958193978911 147.69421222935057
0.9996770314078413 -0.025268113497129395 0.002712069169359503 -0.46815119271672934 0.02522393357866651 0.9995655498133829 0.015246796228400169 -1.8723056347628315 -0.003096148935412436 -0.015173463216718022 0.9998800827491072 149.0390471290565
0.9996146679864047 -0.027722624523818136 0.0014041485782505417 -0.4678741776242761 0.027702080350439952 0.9995318078139052 0.01299076258952241 -1.899189311920944 -0.0017636293368100693 -0.012946859228620574 0.9999146305811584 150.38610504211775
0.9995816488875361 -0.028848150347514426 0.002076397030430747 -0.47141110060559877 0.028829151650439255 0.999546814054575 0.008662940214220658 -1.89024492966439 -0.002325366025507965 -0.008599455444209175 0.9999603202319547 151.73259913288626
0.9996669145295897 -0.02563753772249783 0.0029625423778690133 -0.4778585775974461 0.025616848104302557 0.9996485498031348 0.006823046897415111 -1.900489189879783 -0.0031364275715825233 -0.006744883352313495 0.9999723343015317 153.07554442174214
0.999673227652465 -0.025285054514868344 0.0037555209176431802 -0.48286336886210446 0.025260329373395646 0.9996598286033206 0.006491751344627372 -1.9169701191982715 -0.003918388007489925 -0.006394764427964841 0.9999718762146564 154.40676252812193
0.9995953555093504 -0.028144556223028278 0.004124220956002112 -0.47749370942511804 0.028100333806610686 0.9995508487271413 0.010414991654626522 -1.9339561327289019 -0.004415494237703664 -0.010294885477870877 0.9999372574026466 155.75573227808437
0.9994279493987522 -0.03353601203931269 0.004371480741259533 -0.46237465706400266 0.03347160897860667 0.9993408200067135 0.014056204102760528 -1.9594309711636955 -0.004839988573720529 -0.013901842993146438 0.9998916507662952 157.10043232565485
0.9992507119729368 -0.03838304050691661 0.004975620114805455 -0.465481649717413 0.03830580148627392 0.9991566528581656 0.014786772775493734 -1.948893763578734 -0.0055389856913634706 -0.014585098360926889 0.9998782898650498 158.4414500375163
0.9991891438000627 -0.039997344353297395 0.004611650837141634 -0.44665586669456003 0.039923207610855174 0.9990874177454685 0.015181213042853059 -1.965972660574057 -0.005214650957464342 -0.0149847916288665 0.9998741237955245 159.79837507949483
0.9992551289141296 -0.03823773282865519 0.005202220686634956 -0.4359656166708148 0.038152096299639934 0.9991490694295491 0.015670182904150527 -1.9738367941146284 -0.005796986699551997 -0.01546003528415354 0.999863681836097 161.14129065932508
0.9993905562943696 -0.03429130289070364 0.006528592626781918 -0.43606054998873045 0.03419210953055843 0.9993065255529744 0.014743393358950346 -1.9800295902807976 -0.007029635961504422 -0.014511181990566486 0.9998699964569611 162.50450376275694
0.9995201532071346 -0.03013867518411044 0.007150076066223374 -0.44309390027801754 0.030045954095179045 0.9994673341256263 0.012739256792086597 -1.9830648800543749 -0.007530212411108909 -0.012518313260866337 0.9998932881723105 163.8467861589233
0.9995680526367415 -0.02820978429675566 0.008241129725564317 -0.43729082775025013 0.02810689123049393 0.999528685989157 0.012345385837416317 -1.9950271435452867 -0.008585506950739433 -0.01210842095383514 0.9998898315363767 165.20752378666876
0.9996292120831383 -0.02571953478758733 0.008941134508255968 -0.435616231148605 0.02559276520574392 0.9995742052142872 0.014014943272904997 -2.0148412011792467 -0.009297786013474137 -0.013780918589519929 0.9998618091799203 166.56113923226468
0.9996993204483424 -0.023027769832088436 0.008425587321498939 -0.42503221822374737 0.022912275676508588 0.9996455593170567 0.013556671891579062 -2.022920932740048 -0.00873478159619049 -0.013359546536694668 0.9998726049377527 167.88884610985397
0.999734795651593 -0.021855110697012264 0.007258960750587773 -0.4376814863845012 0.021770807867845906 0.9996968841730214 0.011496594758906678 -2.034239282078619 -0.007508020419452397 -0.011335512572754116 0.9999075636184014 169.2734086805318
0.9997907449212392 -0.018874734041573103 0.007887382275415075 -0.42217870910072913 0.01880491024600825 0.9997841350569754 0.008835079448059715 -2.0457507231542964 -0.008052440112959672 -0.0086849092972315 0.9999298628175991 170.62459545111668
0.9998446546138396 -0.015429648898694002 0.008520128614228701 -0.4410525396229161 0.015371552275785213 0.9998584359471441 0.006842765126375106 -2.0203157213890077 -0.008624504655954927 -0.006710734645434334 0.9999402901947388 171.99534059619387
0.9999197740186256 -0.010372181662880215 0.0072707214687379035 -0.4109346027150419 0.010311613588189678 0.9999122280153868 0.008319067151164464 -2.048653121660552 -0.007356370793095688 -0.00824342702409444 0.9999389629949005 173.36806225068406
0.9999313591463218 -0.00758277783712938 0.008931880631731509 -0.44433479501660655 0.007494153961301734 0.9999227693839935 0.009914278195087048 -2.059801444229432 -0.00900636933866424 -0.009846660962888684 0.9999109603236576 174.72586790187805
0.9999207504486146 -0.0077557182072796865 0.009916737012539822 -0.4427502176000017 0.007629928416979265 0.9998907461165654 0.012660174147479159 -2.0650257571996096 -0.010013843149186368 -0.012583507074749927 0.9998706807846909 176.12121562486405
0.9999245245316452 -0.008379509441663 0.008984936155153432 -0.415628852191233 0.008249781045705543 0.9998625742633719 0.014379627438511547 -2.081045826387973 -0.009104196374804818 -0.014304418641516383 0.9998562382735412 177.51192751298015
0.9999040151665279 -0.011339947128028762 0.007960280771143234 -0.4356003854580243 0.011228625190402797 0.9998404404914 0.013892858552255532 -2.0752359740865685 -0.008116555588043639 -0.013802142296101612 0.9998718029787628 178.9020058588375
0.9998990179556628 -0.013262551505493119 0.005104765878353269 -0.4154440297836536 0.013211377338816279 0.9998634039541181 0.009931411220070914 -2.0808784824399678 -0.005235784873865475 -0.009862967517603259 0.9999376522693635 180.24645993858036
0.9999335786583563 -0.01087911494782107 0.0038056726197273462 -0.43373411829769887 0.010858333876286331 0.9999262518687242 0.0054394299276255284 -2.1004135984439585 -0.003864568463343888 -0.005397745464380132 0.9999779644827719 181.6515549238573
0.9999686431903064 -0.00709969986977772 0.0035081206535638497 -0.4469699950903116 0.00708092289887685 0.9999606914313832 0.005336301478620144 -2.108837930277599 -0.0035458691881209417 -0.005311293513726143 0.9999796082769828 183.0579551784288
0.9999920684385071 -0.0022977130789791633 0.0032532417936978154 -0.4526368976489403 0.002278102675418347 0.9999792911360931 0.006018931988285579 -2.116165268335708 -0.0032670044725614444 -0.006011473143988353 0.9999765941609869 184.3925903024291
0.9999917942814299 -0.001832832433840085 0.00361276933536898 -0.4463226748353537 0.0017970411030599053 0.9999495234375166 0.009885404109447608 -2.13069844530847 -0.0036307055631648816 -0.00987883088796192 0.9999446118041513 185.83719848156204
0.9999901113827473 0.0002870177726093338 0.004437878116507851 -0.47324201260404064 -0.00033970009040225433 0.9999294336149441 0.01187486381042612 -2.149148959151577 -0.004434157019665363 -0.011876254162727548 0.9999196431902708 187.2079014309734
0.9999879458434398 -0.0018225771009054686 0.004559209197378982 -0.4693471348657272 0.0017635379657854559 0.9999149765298802 0.012920125286666015 -2.145429709377933 -0.0045823698587637626 -0.01291192945630379 0.9999061375768653 188.64798137358986
0.9999858615996059 -0.002498677976029682 0.004693955501997988 -0.46049249784056107 0.0024361219244695056 0.9999087729280811 0.0132857488544756 -2.16518249299022 -0.004726724482784508 -0.013274126223195869 0.9999007228962731 190.06038624354557
0.9999703184812986 -0.005690153257244337 0.0051946438914856905 -0.4891524963631788 0.00561511762969725 0.9998813106642274 0.01434695178166705 -2.1780607128616265 -0.005275664130936939 -0.014317357679394621 0.9998835835421959 191.4439333775461
0.999954539107538 -0.007752836359001985 0.005550969396935872 -0.47130779162847475 0.007673229519095376 0.9998694248181675 0.014221633103215142 -2.1784994483771474 -0.005660503038660899 -0.014178392981755583 0.9998834591479109 192.89875909035774
0.9999318941972223 -0.010312608667728027 0.005464163738710925 -0.4517084422017605 0.010228132468901583 0.9998311087633537 0.015268897765018448 -2.1978509970130866 -0.005620703518751526 -0.015211969961282648 0.9998684931841746 194.2669742858044
0.9998668111213369 -0.01522888854858332 0.005868644431543415 -0.45275873380908227 0.015128860155279866 0.9997456143350602 0.01672794640842687 -2.1955568294532823 -0.006121900066835855 -0.016636932842369535 0.999842855055984 195.7084804294329
0.9998138351950139 -0.018473266223731043 0.005570763101316479 -0.43920011964531025 0.018374631299584637 0.9996820814939077 0.01726582893675418 -2.2160800660423634 -0.005887948789512714 -0.017160254248330953 0.9998354153234709 197.10402757460875
0.999839515357269 -0.01676658049321898 0.006310730867606723 -0.45439087133928047 0.0166774102995029 0.9997639234414115 0.013927000979233033 -2.2264856448403973 -0.0065427497754381655 -0.013819519515712378 0.9998830998195811 198.54708987526186
0.9999360218640772 -0.009205829913367748 0.006573042686699341 -0.4533190062945662 0.00915321597294939 0.9999261841115297 0.007990303737370074 -2.248610708018706 -0.00664611542344694 -0.007929628197155652 0.9999464736385714 199.97267654871504
0.9999743940772368 0.00046146461982924693 0.007141305631842357 -0.4801967316283361 -0.0005140260106261518 0.999972781944375 0.007360105058574472 -2.2635441893873067 -0.007137715428563138 -0.007363587552814169 0.9999474139134354 201.40507528249464
0.9999195192079081 0.008410834917207129 0.00949804988710223 -0.4648444149074044 -0.008517135947293213 0.9999009214989529 0.011207390205790542 -2.283680953091196 -0.009402846111709998 -0.011287384629529407 0.9998920848922462 202.84198532250406
0.9999008275546596 0.010135603171334556 0.009777759845025743 -0.4799029176643226 -0.010275819080811311 0.9998435376465437 0.014398186898679933 -2.2852184923814653 -0.009630296487691387 -0.014497233772118357 0.9998485323295137 204.27818238697014
0.9999350733412459 0.006814765807359951 0.00913280142424305 -0.46951162479674957 -0.006943076123340296 0.9998765960568308 0.014092067279328699 -2.276172546994704 -0.009035641014877993 -0.014154562340837694 0.999858992836044 205.7139369574283
0.9999550817717172 0.004946428714346444 0.008085003346128428 -0.46615007654967633 -0.00506460477040765 0.999879678561621 0.01466213427852596 -2.2992295391280897 -0.008011506010375046 -0.014702423314992349 0.999859817434087 207.14365521967835
0.9999748814983908 0.001886187504632369 0.006832179168570608 -0.45056792243389254 -0.001984459781716399 0.9998942644863849 0.014405615710930889 -2.3001464344634237 -0.00680428563574213 -0.014418812328325897 0.9998728916954435 208.58931507858745
0.9999758968297376 0.0029650921132487063 0.0062780561646254285 -0.45268679283587115 -0.0030505295342571374 0.9999022723854292 0.013643311475128157 -2.297991064248722 -0.006236989466150821 -0.013662134290285814 0.9998872166640382 210.07000352129012
0.9999735756679601 0.0039573880289554145 0.006098118116171858 -0.4538811265898529 -0.00403964418945008 0.9999002242642722 0.01353598142686658 -2.305771039558866 -0.0060439430411554085 -0.013560258240391792 0.9998897890008304 211.52941025916326
0.9999686267655694 0.004541148107504882 0.006490258553747321 -0.4583916877162787 -0.0046345449375522815 0.9998848755541515 0.014448412855597361 -2.313287500914673 -0.006423899515106836 -0.01447803924068258 0.9998745520785859 212.99413480823202
0.9999723742424984 0.0043437862881274495 0.0060317717437795015 -0.4519982223257707 -0.004431199193006159 0.9998842501595369 0.014555093914348352 -2.3353182897933764 -0.0059678498426336095 -0.014581420086799841 0.9998758757747879 214.46032892084506
0.9999781398612941 0.003977517701946052 0.005281964663357462 -0.4499165309764259 -0.004045511888760512 0.9999082826689504 0.012925172575784447 -2.340703474381091 -0.005230070544713976 -0.01294625853451544 0.9999025156240486 215.88840605384826
0.9999786948373315 0.003983791910910641 0.005171002956970798 -0.4685598004407508 -0.004051497766557161 0.9999053327267612 0.01314956093652838 -2.348329983301901 -0.005118128739869396 -0.01317023134838966 0.9999001698989243 217.36955079100318
0.9999831410233482 0.0034519811274366227 0.004669207029982218 -0.45301871811312155 -0.00351453648466129 0.9999032847897423 0.013456191922021922 -2.3571567250915413 -0.004622305306041447 -0.013472375427274306 0.9998985595519321 218.87194082143756
0.9999833790310433 0.003386040711609269 0.004666517867256853 -0.45679736179876995 -0.0034463979693700273 0.9999097221784383 0.012987295149710055 -2.361193077454495 -0.004622121454396878 -0.013003162221100432 0.9999047723484632 220.35940834272265
0.9999862206896402 0.0029023494264658004 0.004374334059832797 -0.4523291479394063 -0.002957157647266895 0.9999165523953102 0.012575510527710136 -2.367243069476708 -0.004337470862930188 -0.012588273088066511 0.9999113569346321 221.80897409449867
0.9999831056598258 0.004268420530461409 0.003945754389363227 -0.4609061973587559 -0.004320480167379394 0.9999024725250559 0.013280771524470795 -2.3788116379376416 -0.0038886819702217143 -0.013297594970377621 0.9999040214545891 223.29565966708176
