1.0 -6.776263578034403e-21 8.673617379884035e-19 -8.673617379884035e-19 0.0 1.0 -1.828002979293187e-19 0.0 0.0 1.0683203047244863e-19 1.0000000000000002 5.551115123125783e-17
0.9999997609328668 -0.0006045316352606309 -0.00033567176852968787 0.0008173796576166348 0.0006050023138056827 0.9999988318071305 0.0014036942841376668 -0.01857989305489406 0.0003348228266244115 -0.0014038970103075637 0.9999989584824406 1.2749714875841887
0.999998955391719 -0.0014440744725798408 6.216275695703107e-05 0.015716850451889933 0.0014439615463131383 0.9999973695988601 0.0017820695663301814 -0.02799047734688543 -6.473604055066192e-05 -0.0017819779180462338 0.9999984101800357 2.593226845338064
0.9999969489379885 -0.0023846142703436513 -0.0006447702344362606 0.005662430069724805 0.00238579356967355 0.9999954719950443 0.0018341156918637166 -0.0471524756685225 0.0006403937092409658 -0.0018356483574934951 0.9999981101431771 3.9107880016506367
0.9999971484290541 -0.002385464285443869 -0.0001126645544579502 0.01623906728081732 0.0023856915645017 0.9999950323812504 0.0020600220084869376 -0.06250551615496733 0.00010774989402637797 -0.0020602848867626415 0.999997871805062 5.227965997526436
0.9999952002951198 -0.0030569026180372457 -0.0005047097932117349 0.017868131858388633 0.0030582859991441147 0.9999915071445664 0.0027627031133722153 -0.07407578396874984 0.0004962602328728088 -0.002764233359478347 0.9999960563611442 6.546571267163653
0.999990655179764 -0.004317217539299558 -0.00022623869328476567 0.02764683700792044 0.004318133180587817 0.9999817962377001 0.004214371147051844 -0.09144510793192706 0.0002080402337363797 -0.004215308631428782 0.9999910939049478 7.874029673348233
0.9999922075565074 -0.003928803613295337 -0.0003864282040319947 0.03349891466549122 0.003930774527857416 0.9999785554447052 0.005238097746264234 -0.1077613408902822 0.00036584048913226343 -0.0052395758141760744 0.9999862064058839 9.212636302914502
0.9999941138403018 -0.003361840880289399 -0.0006857909551046112 0.035142889890708726 0.0033645883063071888 0.9999861598793648 0.004044700173791408 -0.12115044923116929 0.00067218388037455 -0.0040469837110026765 0.999991585009014 10.533190599356724
0.9999982107960427 0.0001473180951457921 0.001885922194644573 0.04514882751671483 -0.00015493508006150542 0.9999918297961281 0.004039348863539155 -0.1367434815804924 -0.0018853118749329713 -0.004039633773349595 0.9999900634279077 11.829533393890307
0.999997081309196 0.0023533110035612237 -0.0005470828324791047 0.0325796433177972 -0.002352241582568037 0.9999953367377928 0.0019476817497015703 -0.13096061069586157 0.0005516638292252865 -0.0019463891662998996 0.9999979536154188 13.215172018829678
0.9999891806352088 0.004580655694088423 -0.0008100638855743428 0.027384665384491413 -0.004579698703183044 0.9999888170793718 0.0011798639385504181 -0.15660995752255288 0.0008154594470973853 -0.0011761413084976002 0.9999989758579874 14.568646361580411
0.9999849842542861 0.005455095471614436 0.000522682126168298 0.02811985505937052 -0.005456220713503667 0.9999827491662948 0.0021750930770025527 -0.17467572223807137 -0.0005108078098953811 -0.002177912254912204 0.9999974978827638 15.90583233051158
0.9999653596646618 0.007665968796349234 -0.003242280863983227 -0.038891814856139476 -0.00762505898215805 0.9998934548464513 0.012447387178727305 -0.09277079362261761 0.003337356978603329 -0.012422233235808565 0.9999172716584799 17.286640738144445
0.9999993998202585 -0.0010822317676419649 -0.00017068491748843673 0.02462232663793372 0.0010836324232630552 0.999963873830502 0.00843070470642869 -0.17929278106257246 0.00016155478797849794 -0.008430884483888306 0.9999644464079077 18.638455152071444
0.9999944786763059 -0.003309966265425281 0.00029451529271834996 0.05047106297217578 0.003308335755862108 0.9999800792928173 0.005375494154159319 -0.21384204396231457 -0.00031230215741373697 -0.005374490040360467 0.9999855085548949 19.97864805386529
0.9999918421847945 -0.003931589061271537 0.0009263746996115811 0.06661051895698136 0.0039282051821768705 0.9999857063354681 0.0036271659880995036 -0.22154780610323171 -0.0009406220646243921 -0.003623497355209653 0.9999929927224365 21.331965701220074
0.9999983635399443 -0.001801808924797748 0.0001624862314836481 0.05537687584367321 0.0018012651501176761 0.9999929725665975 0.0032878966084751047 -0.24168093468905194 -0.0001684092658233013 -0.0032875984992135577 0.9999945816512484 22.711967707514432
0.9999995569077661 0.0004929323342279841 0.0008019988894527545 0.05207145582134835 -0.0004963084791393671 0.9999909942587982 0.004214864468823411 -0.24401567498976806 -0.0007999140906915754 -0.004215260579145396 0.999990795813725 24.05473096737311
0.999998042354031 0.0005194905215021568 0.0019092978062925092 0.06739762675544377 -0.0005349789857098459 0.9999668845954679 0.008120561354454131 -0.2533374401728699 -0.0019050161838250644 -0.008121566773951308 0.9999652049242883 25.44074127131753
0.999996821687469 -0.0008394050339094754 0.0023773965863352247 0.07590624541274771 0.0008147777770251925 0.9999461980068545 0.010341046263616878 -0.25902330026677867 -0.0023859492040681964 -0.010339076196732423 0.9999437037855675 26.805719330892703
0.9999895946993045 -0.00394394235889548 0.0022925554975115007 0.07039260076088169 0.003919089864610797 0.999934580676145 0.010745934744713226 -0.2718017528590212 -0.0023347870642498603 -0.010736838042748949 0.999939632712099 28.22133854692656
0.9999824511142404 -0.0053982090301429786 0.002440655732273459 0.08801526742641015 0.005381108489990343 0.9999613013284989 0.006959850958856495 -0.2759636073140761 -0.0024781322218987746 -0.0069465952862861405 0.9999728014643713 29.61611572737826
0.9999858272772967 -0.003859416114253952 0.0036674446995427893 0.09790894910829002 0.0038381029909622904 0.9999758088843617 0.005800915237054322 -0.29287170637762483 -0.0036897444360922136 -0.005786756907261527 0.9999764493354708 30.983499838269687
0.9999910564731016 -0.0022356206371724812 0.0035901217243200106 0.09555939212111408 0.00222010509088533 0.999988204388185 0.004319979366418815 -0.30073379892671603 -0.0035997375139297278 -0.00431197022016672 0.9999842242750557 32.37178307869929
0.9999925096550804 -1.6482282519523268e-05 0.003870447301813642 0.10430104024416975 4.541474655392095e-06 0.9999952410194145 0.0030851126791776986 -0.31776318298456974 -0.003870480056278975 -0.0030850719483986166 0.9999877507812854 33.730048919178394
0.9999906026856509 -8.63572276360971e-05 0.004334406871268365 0.11019304686764761 7.398155778210491e-05 0.999995920893383 0.0028552977928596904 -0.32982151256981884 -0.0043346361294096195 -0.002854950253193425 0.9999865300024835 35.11717750634822
0.999993672463605 -0.00023636682811360555 0.0035495300803402826 0.12029499516691639 0.00022134780404504435 0.9999910244670623 0.004231074775587949 -0.34669488387358877 -0.003550498604570209 -0.004230262261308439 0.999984749302334 36.516601639640655
0.99999353516787 0.0012202074885020388 0.003382412801723906 0.13846724534553065 -0.0012428023635627059 0.9999768759104911 0.006686037104316965 -0.37040129882166545 -0.003374176516105067 -0.006690197454178303 0.9999719276985086 37.915639921676856
0.9999897174889191 0.0032310525765176694 0.0031820143062979128 0.13168721402930092 -0.0032522565942273373 0.9999723922647343 0.00668113327586765 -0.37177974447625395 -0.003160339628716495 -0.00669141320776644 0.9999726182435636 39.306946432356746
0.9999782396615232 0.005651901838403145 0.0034023824406384027 0.12280810243973644 -0.005673708134612944 0.9999632069877313 0.0064337947721881455 -0.37684556826149307 -0.0033658943600972852 -0.006452958803201448 0.9999735146853957 40.72243153674897
0.9999616648074521 0.008046457160381054 0.0034530329667358715 0.14142018266768333 -0.008070760711949359 0.9999423464552111 0.007082838368526786 -0.39041841790883836 -0.003395842413145326 -0.007110435347930592 0.9999689544967367 42.126046122509756
0.9999623096744475 0.00805275392366256 0.0032453626620340755 0.13772661133021233 -0.008074997217994068 0.9999435919160877 0.006899812888670806 -0.392670410924965 -0.0031896173662666026 -0.006925759028191222 0.9999709296759104 43.54255248896309
0.9999542891719465 0.009081612203415995 0.00299063182878149 0.15210614216835633 -0.009105185889635423 0.9999268224431518 0.007965259782227735 -0.4151622125020524 -0.0029180758223323056 -0.007992125828335419 0.999963804720539 44.94756244814752
0.9999741492027773 0.006849091934013924 0.0021888037158323773 0.15501355264389738 -0.006865331787768303 0.9999483082338633 0.007499872697265988 -0.4187356948130622 -0.0021373234316458024 -0.007514705575791803 0.9999694800552749 46.32923473088092
0.9999674156729321 0.00801455262928415 0.0009667122300331373 0.1580631850752942 -0.008022513780207382 0.9999314140055995 0.0085326766533697 -0.43548480514487076 -0.0008982604133618158 -0.008540153961887977 0.9999631287658007 47.789665144596505
0.9999764272324368 0.006863725085615464 0.0001850752167763545 0.16440555837852536 -0.006865145964790627 0.9999335121263505 0.009265047761718392 -0.43453204181480287 -0.00012147017849382588 -0.009266099794403066 0.9999570613939764 49.179790765421494
0.9999709525045768 0.007582754294461374 -0.0007719963669534351 0.16420294630990076 -0.007575119314845243 0.9999266073811008 0.009455021542175302 -0.44810564099989014 0.0008436348866861527 -0.009448898797505188 0.9999550022796154 50.619404635069586
0.999970305138876 0.007468789438473433 -0.0018989518824454373 0.16519975923970312 -0.007449906671642735 0.9999245785121406 0.009764025383967987 -0.45307226583890553 0.0019717342781303783 -0.009749588288531617 0.9999505276686839 52.02104946119594
0.9999582688021075 0.008451817299464091 -0.003468058423697913 0.1730693933690549 -0.008413648253371354 0.9999054469647708 0.01087693291656014 -0.46196562777996364 0.003559660659165246 -0.01084729982995286 0.999934830324141 53.47109904875118
0.9999707933051107 0.0067459311134586575 -0.003592345082449923 0.1637865763559867 -0.006701640672262519 0.9999030971678073 0.012201815512398306 -0.4678884789321297 0.0036743098910556942 -0.012177384356724498 0.99991910210214 54.90757672695605
0.9999803149807442 0.004482164144673295 -0.0043908826312396305 0.1693849881920173 -0.004428058133950526 0.9999150922942363 0.012255632020595701 -0.4731704219741098 0.0044454419397604245 -0.012235947508353757 0.9999152562227414 56.34335222417091
0.9999815045892929 0.0015795519024339555 -0.005873286107446565 0.18197667059793088 -0.0015108514141717526 0.9999306072912475 0.011683233315987133 -0.47282192147423124 0.005891333311551086 -0.011674143398407827 0.9999144996261393 57.78448956022752
0.9999832858115782 0.0015353005190357574 -0.005574131752192311 0.1751763126091589 -0.001465970207678113 0.9999217849465777 0.01242074602940001 -0.48559820194259246 0.005592765817909014 -0.012412366736167834 0.9999073227635604 59.25631397538733
0.9999904100933549 0.0006048290652695366 -0.004337499259707888 0.16024656370547574 -0.0005477877711251192 0.9999135177824271 0.013139897125107974 -0.4926259928631471 0.004345071898929541 -0.013137394895525767 0.999904260015388 60.647119446816596
0.9999903241495386 -0.001248312155822414 -0.004218212985002675 0.1745290447981926 0.0013091774498935277 0.9998946305116105 0.014457314480911304 -0.501326678672835 0.00419972162389175 -0.014462696773719216 0.9998865899341002 62.0653354722386
0.9999882919051689 -0.0033733794130292884 -0.003469345825554992 0.1654121372281629 0.003421388303365479 0.9998971699333957 0.013926366187972277 -0.5035995844466006 0.0034220104408501173 -0.013938072913468755 0.9998970046747441 63.47974469094118
0.9999866203149571 -0.003933523206104185 -0.0033595509373315078 0.1628797991974999 0.003976523300407245 0.9999090142879854 0.012889934882261056 -0.5039704949355281 0.003308542683868358 -0.012903121563937272 0.9999112775590508 64.92124655187273
0.9999885205376056 -0.003904840718257716 -0.0027768703184191156 0.16811654440836865 0.003941342527811515 0.999904273106441 0.013263123920773503 -0.5178678819464659 0.0027248143376931624 -0.013273916071319964 0.9999081850493011 66.37169023959522
0.9999953242903922 -0.0022911707773318225 -0.0020253227353517573 0.1654930170008504 0.0023173833434512185 0.9999123408608427 0.013036116789698632 -0.5213245910874907 0.001995277393728904 -0.013040749096463576 0.999912975073551 67.76872309933692
0.999999014854981 0.00013969083408637116 -0.0013967014107800898 0.15965840566749273 -0.00011959125258057942 0.9998965881314552 0.014380499097451302 -0.5257415341029003 0.0013985659163483566 -0.014380317689063829 0.9998956197843666 69.21098061352411
0.9999927756521159 0.0036249213908449355 -0.0011439347171168946 0.15698175643638845 -0.0036061907587691677 0.999865934454242 0.015972117033657546 -0.5227290711376649 0.0012016791254901588 -0.01596787616816444 0.9998717832219431 70.59399926596902
0.9999735121697083 0.00727833254266958 -2.8795051035509014e-05 0.14755191874859425 -0.007276856927992555 0.999836233144764 0.016569679089535043 -0.5349592490355881 0.00014938998499985662 -0.016569030418657732 0.9998627130250674 72.06404724434003
0.9999127634727031 0.01315413132050607 0.001197604664413091 0.1431125378775579 -0.013172319975545676 0.9997735341115828 0.016714380319680006 -0.5373201430949459 -0.000977470371295479 -0.016728697207271877 0.9998595877547509 73.47443565920237
0.9998671755523557 0.0162120030510006 0.0016739727092557931 0.137917037925729 -0.01623702514806199 0.999736804918938 0.0162074040494579 -0.543393789410319 -0.0014107777563094094 -0.016232431414952318 0.9998672501190702 74.85237374229956
0.9998958461207821 0.014140194460168681 0.002889946683239911 0.12371978691944363 -0.014182973351346622 0.9997814255467039 0.015360482831247302 -0.5091202124257935 -0.0026721150191972793 -0.01539987079384403 0.9998778444219903 76.42035675630946
0.9998721326913341 0.01572391450869667 0.0029114868981873774 0.13817550521760597 -0.015769057834026993 0.9997445491132948 0.016191768680500183 -0.5275359915228268 -0.002656145386603165 -0.01623560945576708 0.9998646657730296 77.94446235485697
0.9999137765599282 0.012890006950952812 0.0025074191120353856 0.15896269569266402 -0.012929053382322926 0.999784617327242 0.016234486941023557 -0.5273651133706032 -0.0022976165956903197 -0.01626550547016459 0.999865068033613 79.37771486179581
0.9999030804473483 0.013825025577398163 0.0016426689650080734 0.16923221772824448 -0.013849852068838304 0.9997727079118637 0.016208459100666386 -0.5404295488830918 -0.001418213351530851 -0.016229638673822353 0.9998672849351552 80.77830081072156
0.9999449222944641 0.01042274217786729 0.0012324011894930265 0.16577206802603417 -0.010440932701139025 0.999820483532447 0.015810998034896207 -0.5197749004224187 -0.0010673860827563764 -0.015822994392124125 0.9998742388521429 82.24079994957357
0.9998347748208817 0.018046342841337652 -0.0021800311122649888 0.009358087225405431 -0.018030137636388693 0.9998112430570189 0.007238261630202232 0.2971607564279772 0.00231024396717146 -0.0071977593253240895 0.99997142710627 94.10184695698533
