1.0 -6.776263578034403e-21 8.673617379884035e-19 -8.673617379884035e-19 0.0 1.0 -1.828002979293187e-19 0.0 0.0 1.0683203047244863e-19 1.0000000000000002 5.551115123125783e-17
0.9999997609328668 -0.0006045316352606309 -0.00033567176852968787 0.0008173796576166348 0.0006050023138056827 0.9999988318071305 0.0014036942841376668 -0.01857989305489406 0.0003348228266244115 -0.0014038970103075637 0.9999989584824406 1.2749714875841887
0.9999978368183133 -0.0019566735062049503 -0.0007055400733073282 -0.01174617371001907 0.001957822024744843 0.9999967540600325 0.0016305839136153862 -0.029476061921138996 0.000702347320944461 -0.0016319616842456139 0.9999984217029594 2.6381620524508076
0.9999952991993519 -0.0030237652292684093 -0.0005083521647714882 -0.0035991156713336726 0.003024381057161469 0.999994689091483 0.0012144586599936022 -0.05069223498144051 0.0005046772682766433 -0.001215990383523952 0.9999991333334084 3.9119715561680874
0.9999924664262608 -0.0038814351695044325 -3.937329998414136e-05 0.0026740271363463047 0.0038814590512916045 0.9999922777133134 0.0006154602310138485 -0.06654105868477417 3.698412865655448e-05 -0.0006156084105787906 0.9999998098289956 5.230060581207239
0.999992951961955 -0.003739645832113449 -0.0003332775974671598 0.010240031002530486 0.0037401502350827348 0.9999918431128904 0.0015247906090637652 -0.08420544517849746 0.00032757272821096976 -0.001526026347736881 0.9999987819686105 6.557484407102429
0.999988449852672 -0.004802476032716516 -0.0001907429356634979 0.02672049125566505 0.004803047392730809 0.9999836146384927 0.0031146741265422723 -0.10653185454798546 0.0001757816754349075 -0.0031155542528991105 0.9999951311982479 7.895833150398044
0.9999885111866383 -0.004784927412591168 -0.0002862901057853629 0.03320947494094733 0.004786061022358558 0.9999801510791201 0.004097691191291954 -0.11674502918144267 0.0002666772889501814 -0.004099014255301314 0.9999915634455582 9.24666942290661
0.9999904419262072 -0.004372047581247736 3.541632157351947e-05 0.02321770623830042 0.004371933094024601 0.9999866039669353 0.0027709369659650734 -0.12959021579904867 -4.753052093760951e-05 -0.0027707556023765603 0.9999961603186932 10.5340043336157
0.9999994859442563 -0.0002436260021473276 0.0009842549921437321 0.043745998043948645 0.0002410339528102029 0.9999965051287267 0.0026327998321181547 -0.14371919040137476 -0.0009848930533663753 -0.002632561201666549 0.9999960497946522 11.83715005585396
0.9999988840130535 -0.0012682955830454702 -0.0007895558541449613 0.023775756007785087 0.0012683060116104848 0.9999991956209369 1.2550138083841523e-05 -0.1372695781925506 0.0007895393674276167 -1.3551522072146837e-05 0.9999996882220978 13.251448101777394
0.9999908419868161 0.003852529394408705 -0.0018638554887410357 0.012285281243436044 -0.003853405764481732 0.9999924667342959 -0.0004666259790278046 -0.19911474871012141 0.001862043914846196 0.0004738038895370324 0.9999981541501376 14.693692435880678
0.9999900380980576 0.004459700953452755 -0.0001864672015150573 0.015187371588970863 -0.004459585099334622 0.9999898641146175 0.0006194926761176899 -0.2067409970020441 0.0001892280810285394 -0.000618654930341108 0.9999997907291976 16.04703451941531
0.9998484100751788 -0.014562732463954347 -0.009543776048752194 -1.3584961133682838 0.0148235682684515 0.9995020662605476 0.027854648042602022 1.0395336362179073 0.009133384852899686 -0.027991897966150665 0.9995664234599636 17.57432723542272
