1.0 -3.469446951953614e-18 0.0 -1.7787691892340307e-19 0.0 0.9999999999999999 -3.5405977195229754e-19 0.0 2.168404344971009e-19 -2.354751593366955e-19 1.0 0.0
0.9999998184236251 -0.0001920850232811945 -0.0005711877703400902 0.0023623220759034095 0.0001924746445146272 0.9999997488292218 0.0006821250560820844 -0.022605926090915572 0.0005710566496940094 -0.0006822348851515522 0.9999996042253559 1.3271691435190551
0.9999996106291743 -0.0006537789352943687 -0.0005927180634304468 -0.007919513178060316 0.0006544457365945475 0.9999991525635218 0.001125420722648312 -0.03902273942997718 0.0005919818357649513 -0.0011258082084223669 0.9999991910569219 2.628002273801946
0.9999985244154309 -0.0013027885225958633 -0.0011197808784350139 -0.009237918093241298 0.0013039059154677044 0.9999986522689209 0.0009976409880589597 -0.0746863043332523 0.001118479749464476 -0.0009990996244713523 0.9999988754018504 3.9515879976599413
0.9999979703940859 -0.001937228998920874 -0.0005534921413556564 -0.02262172482950816 0.0019378220718998269 0.9999975470087418 0.0010727623416835195 -0.08804861158533576 0.000551412644931519 -0.0010738327538173656 0.9999992714139098 5.267169937196659
0.999997036378921 -0.002257119790703626 -0.0009124941099497561 -0.018649532155090798 0.0022585203953163664 0.9999962688856073 0.0015366511946255576 -0.10716273517368945 0.0009090223777324522 -0.0015387075564707359 0.9999984030282704 6.588547945280161
0.999993790749114 -0.003457278128287885 -0.0006824184406461441 -0.027445016502795343 0.0034589340018075752 0.9999910408906574 0.0024400632579343003 -0.14274322164026865 0.0006739764086312692 -0.002442408593358007 0.9999967901936405 7.9229897594575265
0.9999937548869446 -0.0034909751259191955 -0.0005507120863671017 -0.04397948346801013 0.003492506385278319 0.9999899697430197 0.002804069737192439 -0.15861006987143883 0.0005409176731122677 -0.0028059756440105507 0.9999959169467373 9.24114037512588
0.9999945394418684 -0.0031347078675758085 -0.001046277114309947 -0.04333296727009954 0.0031372212865794034 0.9999921769619469 0.0024091186373330193 -0.18150047389932192 0.0010387171360543457 -0.002412387931028157 0.9999965507207053 10.570844910710145
0.9999993635625304 -0.0003687538268895268 -0.0010662523209646066 -0.059999107017490866 0.00036868374590172913 0.9999999298615028 -6.594468997084443e-05 -0.20167040934158564 0.0010662766536166028 6.55515388080692e-05 0.999999429379244 11.901467975970704
0.999997312656829 0.002113629631035515 -0.0009524933799051616 -0.06548748997224868 -0.002114414219747591 0.9999974256941327 -0.000823323415122224 -0.2290095215890355 0.0009507508066628294 0.0008253351819913793 0.9999992074477727 13.230840970947128
0.9999819497361128 0.005952610413582399 -0.0008164667395380047 -0.09079914966622699 -0.0059532672193722755 0.9999819560078264 -0.0008039155831087942 -0.2513233765670997 0.0008116666784923272 0.0008087617276179008 0.9999993435512206 14.572492275843612
0.999981728523873 0.006036337994157449 -0.000324390716179045 -0.10905541085344793 -0.006036375583573873 0.9999817744480508 -0.0001138145097128432 -0.27665088639984037 0.0003236978079970154 0.00011577057174809314 0.9999999409086948 15.918357567200736
0.99998971272001 0.004533832780828138 -0.0001371333115208406 -0.10517302764904993 -0.004533447240161821 0.9999860952133283 0.0026939273013287246 -0.29975877464252687 0.00014934523513075075 -0.0026932779581885103 0.9999963619686717 17.261259985991757
0.9999999551540815 -0.00029582888715080913 -4.666378387816741e-05 -0.11295487200875155 0.0002960505865858432 0.9999883193116722 0.004824271207436784 -0.3324744136992148 4.523608779014249e-05 -0.004824284900823635 0.9999883620473152 18.622302321761474
0.9999977315380677 -0.002114021797628483 -0.00026044827495474597 -0.10851649695276006 0.002114873526071403 0.9999922722964716 0.0033140086756446295 -0.36252412519150834 0.0002534403999651675 -0.0033145520370201366 0.9999944747416442 19.962568762630617
0.9999960120348724 -0.0028176140722128776 -0.00019227341233814797 -0.11088168448108415 0.0028178258748999385 0.9999954145683255 0.001109367126191802 -0.3699299240961582 0.00018914677933604108 -0.0011099045149435133 0.9999993661677647 21.317971277619638
0.9999996417250157 -0.0008378959852476855 0.00012033976561053083 -0.12382896522491496 0.0008379066068079088 0.9999996451020897 -8.778898350414127e-05 -0.4192533350579441 -0.00012026617504348985 8.788978800782934e-05 0.9999999889056189 22.670547892108733
0.9999980339587193 0.001787654010531643 0.000858120020613703 -0.1353268976665875 -0.0017889521851068482 0.9999972532675586 0.0015143019126216588 -0.41787928454414774 -0.0008554106868763867 -0.0015158341016766963 0.9999984852581192 24.039228205808566
0.9999978015800246 0.001397514729176319 0.001563261809715446 -0.14416249807169018 -0.001406466959315165 0.9999825357436511 0.0057402142267970425 -0.43391304003452985 -0.001555212601441802 -0.005742400396464441 0.9999823029187491 25.432828788949706
0.9999985257749673 9.863495432141725e-05 0.0017142698892534433 -0.14348065957429504 -0.00011030376566498537 0.9999768184859853 0.006808107084342042 -0.4564321697134424 -0.0017135587718451022 -0.006808286270954026 0.9999753551732297 26.798591067796995
0.9999895648454569 -0.00420254925766448 0.0017913090461295668 -0.1475295849839527 0.0041914006328719 0.9999721018693553 0.0061828501911748044 -0.48721231654268954 -0.0018172429527081881 -0.006175277695324465 0.9999792815716236 28.166092728556684
0.9999896693221378 -0.004206282735134462 0.0017229168991017346 -0.1542278832788347 0.0041995106785907635 0.9999835156722126 0.003915672024573269 -0.492206262670264 -0.0017393590651330153 -0.003908396237508569 0.9999908494917857 29.5315198309099
0.999989252400294 -0.004088877443842922 0.0021854458733845507 -0.15846883551342783 0.00408411414726755 0.9999892843736031 0.002179711829677026 -0.5416841077732685 -0.0021943352128895427 -0.002170762830466402 0.9999952363282202 30.92134310598328
0.9999948279677218 -0.0015986983773597033 0.002790735988324754 -0.17055330387038659 0.001596729311311794 0.999998474809228 0.0007076949815715747 -0.5361901684950288 -0.0027918633579926415 -0.0007032352817620533 0.9999958554692185 32.30801744086197
0.9999946918727192 -0.00022145842575515585 0.003250720995877347 -0.1721800878471792 0.00022426500280073834 0.999999602444339 -0.0008630272951306241 -0.5809797873887894 -0.0032505288542524135 0.0008637517568643835 0.9999943439794491 33.68106642469618
0.9999935753369136 -0.00025399315614378117 0.0035755806769260223 -0.18674215336103323 0.00025586263780805023 0.9999998308187936 -0.0005223948196975208 -0.5873238266188867 -0.0035754476898586128 0.0005233063344090843 0.9999934711386073 35.08033793164966
0.9999954321554398 -0.00015602095140874496 0.0030184979414014596 -0.18235028883250576 0.00015272578005590814 0.9999993922551941 0.001091862473175926 -0.6280310785409748 -0.003018666714550447 -0.0010913965021999762 0.9999948482373572 36.47585067558327
0.9999954112365016 0.0011471816365589155 0.002803833431009319 -0.19648361591591604 -0.0011536910730793768 0.9999966407864544 0.0023210804066919155 -0.6428143540155334 -0.0028011615464232434 -0.0023243045578124053 0.9999933755276067 37.873726805475705
0.9999941670973724 0.0022771177985304843 0.002545683615794225 -0.202670681385607 -0.0022838885227329424 0.9999938543894082 0.002659894768157028 -0.6505412932105957 -0.0025396112898985424 -0.002665693363058997 0.9999932222022988 39.27063445335013
0.999985888463533 0.004388100737649073 0.0029945686086238522 -0.21502978984261992 -0.004397207753199764 0.9999857074135963 0.003041305690007318 -0.6791872801382273 -0.0029811805024928216 -0.003054430573950146 0.9999908914652414 40.66189385893895
0.9999641731615067 0.00795540444149352 0.0028920443058141985 -0.22361367133236176 -0.007965001991827453 0.9999627601986854 0.0033221943746872583 -0.7094452852555304 -0.002865507446729216 -0.003345110559313866 0.9999902995026412 42.08776471589034
0.9999569783262925 0.008858751160155125 0.0027502742589534763 -0.23532158081621068 -0.008868551189094836 0.9999542953004034 0.0035715723185816475 -0.7293602223251154 -0.002718509115457427 -0.0035958096870569198 0.9999898398774212 43.4738330302092
0.9999627431393527 0.00828943626783405 0.0024078132886821224 -0.24925635755491615 -0.00829826963585499 0.9999587904150024 0.003681875876718622 -0.7527261110342318 -0.002377193586688627 -0.003701719462858088 0.99999032306381 44.9022747233215
0.9999667568263109 0.008027801270143884 0.0014281574874463647 -0.24162402299283392 -0.008032419203846489 0.9999624343658258 0.0032573172195530767 -0.7856368830821373 -0.0014019548588307161 -0.003268680565051154 0.9999936751042985 46.31389368159072
0.9999691201068032 0.007828139432789582 0.0006921344914454807 -0.25566604208490534 -0.00783065532960755 0.9999624596295361 0.0037094722882808338 -0.8122885346648323 -0.0006630702956880929 -0.0037147776854896384 0.9999928803568162 47.738970907582896
0.9999650448863575 0.008356131755503829 -0.00028991194365739887 -0.26446385034908415 -0.008354719030743099 0.9999546349141667 0.004574582016228959 -0.8356065631039513 0.0003281246327352153 -0.004572000075141091 0.9999894945203585 49.13715179369021
0.9999581992512052 0.009049310654453165 -0.0013075568008147213 -0.27636013830100026 -0.009043044797585158 0.9999479643038456 0.00472144514496114 -0.8573912006798214 0.0013502147023893433 -0.004709423591144169 0.9999879990544895 50.56634680885011
0.9999572209480773 0.008897566075005725 -0.00252775942715189 -0.2845554311199047 -0.008885300496700978 0.9999488934756109 0.00482305819837496 -0.872525728143641 0.002570543941715893 -0.004800392073944458 0.999985174162796 52.01662898316756
0.9999465475268735 0.009732834131835868 -0.0034891260373171324 -0.30268441723158035 -0.009711835977301724 0.9999349242824677 0.0059856046042533655 -0.9017940470011483 0.0035471561807013455 -0.005951398966746196 0.9999759989826751 53.41976041073248
0.9999534128734813 0.008644660696936608 -0.0042944029936467665 -0.3184322299792901 -0.008616863201924512 0.9999420721902585 0.006449957323052881 -0.9226022334701316 0.004349912293106181 -0.006412652691495854 0.9999699776285698 54.88180684850849
0.9999663437995711 0.006673760171719517 -0.004772019521577946 -0.3266111686234737 -0.006640419786788595 0.9999536694750887 0.006968768905256772 -0.9368971266667457 0.004818306736154836 -0.00693684629587344 0.9999643314113473 56.27533977906181
0.9999655280930355 0.00640510048242327 -0.005283681472193442 -0.34218646433135075 -0.006369152747011413 0.9999566462042737 0.006792614834290656 -0.9826734107807877 0.0053269602403368975 -0.006758728247992099 0.9999629708641687 57.71090985320834
0.9999712333364708 0.005690481562978807 -0.0050150670941529535 -0.36836165732626225 -0.005654737273399213 0.9999587134506428 0.007113040823631139 -0.9999396808968606 0.005055337099594068 -0.00708447746645625 0.9999621261616568 59.15990623972298
0.9999747580147482 0.005145246632588897 -0.004899974573215322 -0.36406881686814263 -0.005107268970539742 0.9999570660279119 0.007731876371982505 -1.0260193107153026 0.004939547032055245 -0.007706655875833067 0.9999581032934473 60.56207549306866
0.9999879134248687 0.002436843593434772 -0.004270220726079231 -0.38829881871893945 -0.002399377825692252 0.9999587778308938 0.008757032976166453 -1.0313318061962478 0.004291384587608715 -0.00874668143845961 0.9999525386702176 62.017804259224846
0.9999912398487035 0.0015214500298157138 -0.0038994109526873607 -0.39795813257768764 -0.0014884111690206293 0.9999630910441525 0.008461748141369177 -1.0639401003126303 0.0039121414938239184 -0.008455870259370524 0.9999565957665253 63.41710095389876
0.9999945967323326 0.0004438722285955519 -0.0032572192074087356 -0.4112776620685293 -0.0004193315305808113 0.9999715531401927 0.007531073629436784 -1.0828351248833297 0.003260469665799357 -0.007529667233714015 0.9999663361618596 64.82506935736953
0.9999967838642423 1.8735128318389527e-06 -0.0025361887216131477 -0.42775504219234184 1.6904578994968167e-05 0.9999725897629835 0.00740401477842473 -1.098034839440685 0.002536133295924672 -0.007404033987306315 0.9999693736885935 66.28579134408955
0.9999966684447965 0.0017086602478954037 -0.0019348315731245362 -0.43684780085272584 -0.001694289943509346 0.9999711498277138 0.007404653582053981 -1.115843137357612 0.0019474279605872363 -0.007401350896135738 0.9999707133384738 67.65218825998954
0.9999890030145474 0.004493809413359931 -0.0013414604355677536 -0.455765859067355 -0.00448173454355672 0.9999505931583997 0.008872728071416145 -1.1389872265501406 0.0013812666307922335 -0.008866618607904522 0.9999597367804366 69.12415749982934
0.9999724354066429 0.007410614514135811 -0.0004595683734783154 -0.4783724630774511 -0.007405670132190033 0.999922957844882 0.009961648298662614 -1.154420706049303 0.0005333549554661066 -0.009957970500478227 0.999950275943835 70.48005070079185
0.999940324043443 0.01090978067953585 0.0005700989350967164 -0.4933961674480443 -0.01091531958335491 0.9998817178764952 0.010835408449440243 -1.1716596575598996 -0.00045181960292462473 -0.01084098486980771 0.9999411327219203 71.92790608250944
0.9998829514067706 0.015259051861565339 0.001115698908016401 -0.5020811346910428 -0.015270128175209206 0.999826120362539 0.010702909058288126 -1.17984848670624 -0.0009521887390360551 -0.010718693385346582 0.9999420997992987 73.27635167409089
0.9998192189306622 0.018901135010848665 0.0020679702792902478 -0.530371338972425 -0.018921336775277704 0.9997686514759293 0.010228714038650635 -1.1988211622617508 -0.0018741577035950806 -0.010265993858181078 0.9999455469693665 74.68231472108374
0.9997984646804311 0.01989799518877112 0.0026645366500307865 -0.5399392229269078 -0.019924569858531825 0.9997479297776878 0.010348356173772813 -1.2091383781347866 -0.002457953658817109 -0.010399360579343033 0.9999429042518345 76.13385900883259
0.9997861205718616 0.020456296675470723 0.0030418714070872496 -0.5437317370097328 -0.02048806261383964 0.9997316964512936 0.010806223086034138 -1.2244620140660165 -0.002820000187543319 -0.010866234136621794 0.9999369842918753 77.49604902548391
0.9997996856510795 0.019784202004235613 0.0030288396055408342 -0.5452320378222173 -0.019816752245991325 0.9997417590793176 0.011122568805124208 -1.2532832856788707 -0.002808006516602934 -0.011180362792287154 0.9999335550862994 78.92027233191894
0.9998173745542059 0.018876968610541597 0.002979521036701023 -0.5508035624718938 -0.01890600105422801 0.9997708916364694 0.0100363046410977 -1.263004052526059 -0.0027893836245293483 -0.010090802795429654 0.9999451960170866 80.26016717957135
0.9998286017624582 0.018332712523014758 0.0025843182954643756 -0.5501316521938875 -0.018358103930837075 0.999779755919631 0.01016954872938817 -1.2868591796296818 -0.0023973138967438037 -0.010215249083952582 0.9999449492709312 81.66025047395546
0.999835699457897 0.017960781027319135 0.002446300785012236 -0.5650058305907731 -0.017985884791542436 0.9997814314297981 0.010658206354937524 -1.2987811236423303 -0.0022543365729991707 -0.010700454312769345 0.9999402073347968 83.06891447231678
0.9998364681721186 0.017960984300542 0.002107109103681822 -0.5784490585389398 -0.017981118488366643 0.9997887135095389 0.009960309406972633 -1.3119861512596331 -0.0019277670950131364 -0.009996568967051995 0.9999481748188581 84.41359301408367
0.999835691093383 0.01808141402436577 0.0012857814413000303 -0.581048205700678 -0.0180938095043267 0.9997823237352176 0.010388419084106816 -1.3242067073043597 -0.00109766433610876 -0.010409977076926487 0.9999452122552555 85.82585342714684
0.99984605579476 0.017543720652882733 0.0002872790549879971 -0.5944310454201702 -0.01754584124413886 0.9997830699595198 0.011223035309204495 -1.343608358557178 -9.032293880187922e-05 -0.011226348375280627 0.9999369784880371 87.16625667155522
0.9998606714554731 0.016666798553726797 -0.0009249086291716858 -0.6012827034097565 -0.016653991608161268 0.999783689031984 0.01245872180937277 -1.3617912497586155 0.001132355672664088 -0.012441582792157789 0.9999219593522553 88.55562281531401
0.9998981589343655 0.01412995975084497 -0.0020039854715891885 -0.6102896862956305 -0.01410171519366825 0.9998098270978611 0.013470385936811321 -1.3756715452151773 0.0021939405743692233 -0.013440754743502504 0.999907262072774 89.94522521213281
0.9999083215596684 0.013248234607246315 -0.002798699277098655 -0.6205409756746437 -0.013209320165726346 0.9998217040647761 0.013493478753950091 -1.3908712137771242 0.002976965314225858 -0.01345527305583392 0.9999050421491377 91.29093554551767
0.9999119809417439 0.012878369654370819 -0.003190286313031362 -0.635135536425292 -0.01283586558210971 0.9998330612325982 0.013003470583954409 -1.403671990560607 0.0033572175249274557 -0.012961376212497787 0.9999103618967022 92.67371829958577
0.9999249165694439 0.011790415269687863 -0.0033387568217736786 -0.6462852205748956 -0.011746325435596165 0.9998473956603179 0.012930941683461246 -1.4232116630271427 0.003490708789948252 -0.012890752925763993 0.9999108177495705 94.00198817550094
0.9999318187156188 0.011110277164697833 -0.003594388505591164 -0.6648755346795024 -0.011064032522070076 0.9998589023520004 0.012639722808256296 -1.4263914917320013 0.003734312494582404 -0.012599092844270143 0.9999136551630332 95.3876945628156
0.9999347290374607 0.01085711268468573 -0.00355819295598382 -0.6735341704042559 -0.010812679259355838 0.9998661618783411 0.012277797776777996 -1.4389033852667068 0.003691018489241245 -0.012238523046459318 0.9999182941358933 96.73667135051717
0.9999128598983437 0.012789358141737144 -0.003271832959870433 -0.6895277542810396 -0.012750480247036837 0.9998509584845732 0.011639849559305467 -1.4589503849788465 0.00342021182327983 -0.011597118061259942 0.9999269018354614 98.09640584077583
0.999899008360753 0.01389570887559 -0.002980321055619825 -0.7121985456096 -0.01385878676755589 0.9998310976626726 0.012071048265374187 -1.4646807900961993 0.0031475537198102344 -0.012028525806697611 0.9999227007537596 99.44456710026772
0.9998937186958059 0.014329608177231912 -0.0026858147401402207 -0.7224068161537069 -0.014292649581458289 0.9998092768937988 0.013309020848826075 -1.4774393365892817 0.00287601580008628 -0.013269219214660332 0.9999078239342755 100.77777669521565
0.999894041361262 0.014324971384228481 -0.002588668374056258 -0.7405827476922127 -0.014285626075455124 0.999790958708462 0.014627364848210846 -1.4851744291516682 0.002797664065681777 -0.014588834504909057 0.9998896634102887 102.12788159791224
0.9999022574541597 0.013730814378726074 -0.002634432651476959 -0.7493371131791987 -0.013692604503833552 0.9998080694576362 0.014012025466333448 -1.498872730296534 0.0028263237934286 -0.013974583939155525 0.9998983562884507 103.44670983848178
0.9999004744178593 0.013933302418498177 -0.0022145662327103565 -0.7597606327865296 -0.01390706659044878 0.9998377172960662 0.01145131441484323 -1.5108717065533814 0.002373761682724633 -0.011419376833719614 0.999931979234823 104.7800742515307
0.9999169858641076 0.012641667288619316 -0.0024919055635619484 -0.7759248950810061 -0.012614879861340373 0.9998654279580177 0.010487650235714982 -1.5235171662718017 0.0026241518370981195 -0.010455344741072998 0.9999418981129315 106.10703085301297
0.9999293304106345 0.011675204316191843 -0.0022413739155802237 -0.7871185241009397 -0.011648370306367959 0.9998644760439361 0.011633788630161934 -1.5367791673408928 0.0023768972244742875 -0.011606858361376985 0.9999298131403765 107.43712918005683
0.9999639346206282 0.00833905013802037 -0.0016092482931803925 -0.7915595246419184 -0.008316527498524564 0.9998738930413688 0.013528983593450866 -1.5384475480895312 0.0017218643841788268 -0.01351511258200845 0.9999071841542536 108.79122396442216
0.9999733513183726 0.007258890247186978 -0.0007779132420695156 -0.8055869668549074 -0.00724690715566255 0.9998695389561403 0.014435629992868095 -1.5574460926388425 0.0008825984942428405 -0.014429608127999401 0.9998954982580235 110.12365682542806
0.9999779396225957 0.006641795674599447 -8.248981962353619e-05 -0.8135702920270048 -0.006640055930910751 0.9998851464464298 0.013623640521601985 -1.5679670028880073 0.00017296580726320504 -0.013622792515661728 0.9999071904995351 111.45255854475793
0.9999669425805799 0.008100962627938628 0.0006986659712155036 -0.8240392005270493 -0.00810820677984268 0.9999057778031784 0.011076665203877832 -1.5796407186893802 -0.0006088685335198555 -0.011081964190205268 0.9999384077790999 112.7679213634736
0.9999384441900097 0.010963117459831364 0.0017081753896856257 -0.8253400137327493 -0.010979022700740157 0.9998936675605344 0.009597638005449981 -1.5992338917718898 -0.0016027738507918936 -0.009615801508065736 0.9999524826101488 114.1299128854896
0.9999061614160991 0.01334466173805195 0.0030965038169473913 -0.8441645289244326 -0.013372479614714838 0.9998687767965606 0.009143632023547997 -1.6060729954794803 -0.0029740790521125392 -0.009184182121055305 0.9999534017401067 115.43398466298811
0.9998840160417053 0.01450411938831402 0.0046459609475158715 -0.8549048976206762 -0.014554995498597751 0.9998323408200009 0.011110463071515421 -1.6197530714320265 -0.004484034897455977 -0.011176796604460096 0.9999274836944051 116.79046169524784
0.9998776276219262 0.014631814848560621 0.005535317838892993 -0.857807643702455 -0.014705087220565013 0.9998015914753602 0.013436447649451571 -1.628141066519569 -0.0053376204114713045 -0.013516201004278524 0.9998944054840487 118.10556726712463
0.9998784034339654 0.01424190464169443 0.00635188700347252 -0.8595473604601067 -0.014330946433644041 0.9997964710141752 0.014200019448596559 -1.6434562411936022 -0.0061483593963807415 -0.014289321614936474 0.9998789991614537 119.46178593737409
0.9998679945758941 0.014468630695886093 0.0073927070915566235 -0.8579344980923708 -0.01456887652098015 0.9998001322599968 0.013690997093710053 -1.6517311248034332 -0.007193140144716828 -0.013796893521765665 0.9998789449042423 120.78886734162708
0.9998307655799232 0.016164566616418415 0.00878333362916149 -0.8564558292208628 -0.01628160171500552 0.9997773741874006 0.013420564314238489 -1.6587060154914843 -0.008564441340284622 -0.013561300105400522 0.9998713624673595 122.10431927812236
0.9997873422134296 0.018056268790303392 0.009962000979329536 -0.8591282333613233 -0.018186375010296997 0.9997484254871443 0.013127891888944644 -1.6648775695157934 -0.009722454861156212 -0.013306273094358032 0.999864199262075 123.45568415670111
0.9997557610435217 0.019084495621977875 0.011144516096542418 -0.8616548051750443 -0.019223732663493726 0.9997367751433618 0.012523121755676216 -1.6740769319312976 -0.010902586032783344 -0.012734302576326526 0.9998594757033288 124.79571559451101
0.999725475738752 0.019975512541878036 0.012245489181663929 -0.8541675308152766 -0.020120384185236123 0.9997276478802534 0.011823715926355128 -1.6844720450589838 -0.012005970316990574 -0.012066854219711765 0.9998551133559561 126.11971365355745
0.9997213467621416 0.019655174781292514 0.01307298286268807 -0.8472350719181748 -0.01981026672705907 0.9997336285494702 0.01184167777186789 -1.7012448575356525 -0.012836751423178415 -0.012097357570487284 0.9998444237736438 127.4668963835591
0.9997190211963479 0.019081109521201338 0.014063778574611132 -0.8442114626710746 -0.019258305457704062 0.9997354774384439 0.012573498797341435 -1.707644224687342 -0.01382014323894628 -0.012840810710826883 0.9998220427760242 128.77205238509944
0.9997333406828022 0.017638470492658327 0.014904088064449357 -0.8351097982139276 -0.017840119331536394 0.9997496166543729 0.013506819963741359 -1.7180426254198475 -0.014662117912653807 -0.013769109226909833 0.999797696501848 130.1430928849985
0.999741134950211 0.01686715910338813 0.0152696427594711 -0.8193054285189943 -0.017082565324165445 0.9997548273701039 0.014087979011916035 -1.7254325469117953 -0.015028276137016357 -0.014345177079867369 0.999784160112881 131.46921064283316
0.9997539581292436 0.016105506140402223 0.01525240431916592 -0.8038605923930252 -0.016325464520482322 0.9997629140869032 0.014408152625846072 -1.7426692978956968 -0.015016738856566908 -0.014653610491513326 0.9997798603970763 132.83413282153128
0.9997899847500471 0.013883373853083655 0.015074425120768767 -0.7965478648581783 -0.014107732385601039 0.9997897504233859 0.014880418825975525 -1.7426644357628256 -0.0148646665564859 -0.01508995996251648 0.999775642231082 134.15660868054337
0.9998232928164512 0.011924895080681315 0.01453203340012646 -0.7767364116609277 -0.012144654754647537 0.9998117904824649 0.015129143915664672 -1.7581718345251458 -0.014348886080273245 -0.015302957314848068 0.9997799402705743 135.48248158920873
0.9998329118829462 0.012427829911160598 0.01340512344036238 -0.7695937440996794 -0.012625450469943258 0.9998113579532332 0.014759625078006827 -1.7686182033733444 -0.01321916566627365 -0.014926404935034708 0.9998012082886374 136.8239612597869
0.9998801953659937 0.009356599648031793 0.012330812747095844 -0.7610048935631524 -0.00955513421434979 0.9998240634182367 0.016141302113034047 -1.7721514212643747 -0.012177616620969767 -0.016257191198687456 0.9997936834110996 138.16445102431055
0.9998963383395573 0.008828198689057596 0.01137433383118875 -0.74384201576873 -0.009013423586473477 0.9998259088532131 0.016337386367948487 -1.7825846750520093 -0.011228124903623142 -0.016438214817796115 0.9998018375185468 139.50210039153285
0.9999177869317997 0.007954479585455988 0.01005711796348064 -0.7413112889082141 -0.008119293887361816 0.9998316481386894 0.01645455732502895 -1.7890230183128237 -0.009924538214498072 -0.016534861565699284 0.9998140336556177 140.86722461989834
0.9999265780780702 0.008246498569815072 0.008878834580884523 -0.7391041292110382 -0.008389780723661599 0.9998331993602099 0.016222978985440215 -1.8003846584909786 -0.008743571538876475 -0.016296279658750634 0.9998289759885469 142.19739624388146
0.9999379838753358 0.00782678236940023 0.007922743917450901 -0.7341032846844155 -0.007952223698246452 0.9998415289622897 0.015927307063556342 -1.7992923833237044 -0.0077968294723778095 -0.01598932306042246 0.9998417629797447 143.55065270525233
0.9999549045554679 0.006279390985581437 0.007124471780728744 -0.7257133230402241 -0.00637634100874404 0.9998862594499022 0.013667861792259565 -1.8080952213276589 -0.007037836175340766 -0.01371267376488907 0.9998812086638086 144.89854658467056
0.9999744784791853 0.0038788353375471107 0.005999752124835315 -0.7311522301872475 -0.003956005242278497 0.999908911656847 0.012904201412380842 -1.8426041603737557 -0.005949152837470237 -0.012927607381320174 0.9998987371462713 146.2133564006478
0.9999797363768461 -0.004024974712140389 0.0049321826060369 -0.7230322133091358 0.003946670609057281 0.9998676294489856 0.015784402390001683 -1.848269640905564 -0.004995061959890584 -0.01576461714425816 0.999863253752068 147.5863248413399
0.9999161436880417 -0.012510494080761889 0.003345615681774927 -0.7138417387130586 0.012450047668082638 0.9997690646409129 0.017516097790424307 -1.84923415911725 -0.0035639783847239855 -0.017472976212258674 0.9998409839390723 148.9231099478458
0.9998790328953969 -0.015389475006250089 0.0022546946404094497 -0.6907057091450363 0.015354869608135332 0.9997749751874596 0.014636493865320496 -1.854710859387203 -0.0024794354312957113 -0.01460010306279665 0.9998903386838657 150.21395378889517
0.9999040740030548 -0.013624629436875996 0.0024924442301907514 -0.7089609336265322 0.0135948136783688 0.9998401554002376 0.011612264040590072 -1.8756682665794597 -0.0026502588345259964 -0.011577266023273707 0.9999294690328051 151.61411038191406
0.9999511384844288 -0.009248850661177128 0.00348990242973481 -0.7120893472516147 0.009216689890774626 0.9999159194813657 0.009121764245691784 -1.893742272260539 -0.0035739751262132543 -0.00908915336317897 0.9999523058583084 152.93162704909136
0.9999495114558724 -0.009047507337585017 0.0043723179942181485 -0.7186501667975815 0.009005296432531307 0.9999135661991461 0.009579392188307842 -1.9109184240785055 -0.004458610067689751 -0.009539534696574994 0.9999445574990161 154.297703290696
0.9999147158727054 -0.012096591396942441 0.0049227506013546085 -0.7204757332482401 0.012033442146447046 0.9998474264221036 0.012661758660197869 -1.9187544242093197 -0.005075164058391609 -0.012601441413580173 0.9999077189337098 155.63240412108848
0.9997709933949318 -0.020747027641288746 0.005246105388665365 -0.7128796813953804 0.02066254253744619 0.9996636013300976 0.01567620806225734 -1.9113968251346771 -0.005569575784310817 -0.015564220517681339 0.9998633580975401 156.9498969820526
0.9997356791408304 -0.0223928602933827 0.005208806998013174 -0.6979177759412313 0.022302048462495484 0.9996086970685594 0.01688405661855903 -1.9257041576544742 -0.005584851554344824 -0.01676342705283356 0.9998438862884027 158.30272137341663
0.9997100952759916 -0.023520178805173146 0.005150398073999631 -0.6910307210990003 0.02342872467512977 0.9995783903187847 0.01715040692695722 -1.9434449550384947 -0.005551607707432874 -0.01702476799757173 0.9998396556090656 159.64558489414065
0.9997217232971238 -0.022760594930068934 0.006199298023458693 -0.6962788566584135 0.022648829176861958 0.999589622912967 0.01753899342038286 -1.9372889334448649 -0.006595952439963078 -0.017393706205218375 0.9998269612275719 161.0003122327443
0.9997594437714583 -0.02065890959736842 0.007366414100690477 -0.6970785939593171 0.02052987449935477 0.9996415853550664 0.01718211477559329 -1.9351365107838179 -0.0077187382628394925 -0.01702675026737235 0.9998252401574887 162.34524890087852
0.9998107823881979 -0.017600096187836783 0.008284687679568447 -0.6976236841072962 0.017471300844638896 0.9997292199287279 0.015370115566415583 -1.9362430541423965 -0.008552960572833468 -0.015222463278603458 0.9998475501178516 163.6932153264447
0.9998289370366837 -0.016153790524676234 0.009008425617758753 -0.7013178198406385 0.01602148236874464 0.9997654721659638 0.014570955776628643 -1.9291046220453203 -0.009241689826729047 -0.014424135157962217 0.9998532569797391 165.0465744673729
0.9998378115770122 -0.015403624414065316 0.009331608245039952 -0.6995628316353038 0.015255731394627301 0.9997600774319794 0.01571783116243364 -1.9405240916503 -0.009571481744623704 -0.015572921690677644 0.9998329214658603 166.38724774087567
0.9998335925448696 -0.015791358858390808 0.00913346706984057 -0.6933392390455586 0.015644443193536754 0.9997505638816221 0.015939303597346324 -1.9281006903321032 -0.009382892895348537 -0.015793763463233076 0.9998312449390974 167.71488704062506
0.9998699253749959 -0.013547025621908576 0.008752739256655515 -0.6907260943206261 0.013426944000721473 0.9998168779640234 0.01363553070776022 -1.9388267076412713 -0.008935858064335691 -0.013516234780124635 0.9998687223012426 169.1004470664193
0.9999218934261968 -0.00955473252923181 0.008056931783174355 -0.6942227479687452 0.009465065596412199 0.9998936523933958 0.011094882752370215 -1.9499865909744205 -0.008162084265073496 -0.011017756984457602 0.9999059902852613 170.51642062595158
0.9999603093698161 -0.0041330921854873266 0.00789286047340296 -0.6958790198906805 0.0040568711240308135 0.9999452205676609 0.009648712450925996 -1.959851485270909 -0.007932307787291084 -0.00961630934962076 0.9999222995232327 171.839982365005
0.9999655938916017 -0.001063385885908659 0.008226800836880337 -0.7008035995421009 0.0009761153019011894 0.9999432906383997 0.010604843280597855 -1.9723652597435302 -0.008237612028421848 -0.010596448304360002 0.9999099244572116 173.19681580969373
0.9999568571981345 0.002226124682652619 0.009018210150331114 -0.7072728396256506 -0.0023387463234550215 0.999919174428721 0.012496994629461312 -1.9836140586574147 -0.008989662129868434 -0.012517547021033823 0.9998812414427171 174.5984171048848
0.9999582698941606 0.0009615729431919741 0.009084814420849215 -0.7060547004337703 -0.0010983421235801925 0.999885962600005 0.015061720863675559 -1.9800858809869464 -0.00906929622329767 -0.015071070861231453 0.999845293377163 175.94537380446334
0.9999651926469574 0.00022163381161610998 0.008340526333205448 -0.7098844553688515 -0.0003588824903958147 0.9998644978320831 0.016457738950910832 -1.99441750711089 -0.008335749273562584 -0.016460159687250113 0.9998297747254623 177.36080241521458
0.9999759975380274 -0.0014709006224854129 0.006770584017190468 -0.7030337044391757 0.0013588092234867889 0.9998624370952148 0.016530593269319844 -1.9996605491278632 -0.006793968056628703 -0.01652099688133886 0.9998404366002707 178.7558402877196
0.9999782367357518 -0.004689456775065812 0.004640588487156729 -0.696465999700753 0.0046292588690464796 0.9999060895155916 0.012898918593669912 -1.9961056288762398 -0.004700641994939832 -0.012877155632072621 0.9999060369990983 180.09811068246404
0.9999953428736271 -0.0005358552893238652 0.0030045124158691837 -0.7068995100024897 0.0005098646809179597 0.999962504409735 0.008644640488233806 -2.0198224728175114 -0.0030090322834807363 -0.008643068501778787 0.9999581206682336 181.5170595998211
0.9999937551567205 0.002456744689297679 0.0025404826405245147 -0.7335962477221756 -0.002476929989679795 0.999965147333211 0.007973013154656795 -2.0261227565398023 -0.002520806646928735 -0.00797925611917743 0.9999649878893814 182.9102055811971
0.9999811226000187 0.005699267836881017 0.0022962537791374475 -0.7455886832196186 -0.005720013573484494 0.9999419468454009 0.00913150547390442 -2.0263310650216257 -0.002244077761519163 -0.009144467880380182 0.9999556704284566 184.24395145863616
0.9999673865549706 0.007659036526546746 0.0025622203275293977 -0.7512904480389337 -0.00768966621803975 0.999896424661771 0.012165894693931898 -2.0343490062323792 -0.002468776112122658 -0.012185200785312138 0.9999227100269243 185.6902763574959
0.9999707913531866 0.006982140150356459 0.0031090430716178 -0.7552486691960756 -0.007028630070078028 0.9998597398172154 0.015201942634244629 -2.044229783790124 -0.0030024651445272246 -0.0152233512226438 0.9998796101448025 187.05311504851042
0.9999706479861107 0.006946264585996728 0.0032330425565146675 -0.7597545151863185 -0.006995382107111807 0.9998563668094518 0.015437305055774368 -2.04952644298751 -0.003125346830966908 -0.015459468615309724 0.9998756107837009 188.5044509655817
0.9999746656606766 0.0064094434619134145 0.003096298138363082 -0.7645670419375123 -0.006458555908971412 0.9998491909394092 0.01612086967670223 -2.0592997132839495 -0.0029925056260762337 -0.016140459200352456 0.9998652561671953 189.91191243729145
0.9999896785152345 0.003222779718941274 0.003202585205526718 -0.7603232823689441 -0.003276485748712264 0.9998516773304023 0.016908222223031833 -2.0648388333316796 -0.0031476189664340244 -0.016918541263222696 0.9998519167657904 191.2790414068082
0.9999925454378075 0.0014768108898089065 0.0035676463182298095 -0.7687307247343551 -0.0015371142464451664 0.999854993619536 0.016959628785011054 -2.0681401005909845 -0.0035420831080158676 -0.016964986571006868 0.9998498101622089 192.72965038876876
0.9999920255849926 -0.0008881971258900105 0.003893568846811967 -0.7651956431649853 0.0008192398131812769 0.999843422066403 0.01767654340812856 -2.0758599189934936 -0.003908659770893879 -0.01767321302589195 0.9998361765428748 194.1019317657754
0.999973496413353 -0.005942366375360185 0.0042065145960228775 -0.7613738043598307 0.005860081914992578 0.9997963605104294 0.01931053942680437 -2.0719524728623355 -0.0043204086328667134 -0.01928537748018285 0.9998046850707665 195.56047807792388
0.9999463545648327 -0.009293480030170165 0.004573755152995414 -0.7551441835413811 0.009199968939415583 0.9997564813971994 0.02005837620456427 -2.0782037326453775 -0.0047590538626161635 -0.020015222142406617 0.9997883487488715 196.97999540902774
0.9999638185866239 -0.006868873293939056 0.005017978777429836 -0.7562068226243875 0.006784948813958004 0.9998399408327967 0.016554672136230474 -2.077810991999863 -0.005130887969038735 -0.016520026751810166 0.9998503701587605 198.40048848353354
0.9999858877028058 0.0001130722335136343 0.005311460765672193 -0.7738877903719901 -0.00017133708718270607 0.9999398078681054 0.010970473131206866 -2.0833690159541445 -0.005309901041484614 -0.01097122857484935 0.999925715787178 199.82773940645072
0.9999260735891684 0.010159883172589156 0.006680128269198063 -0.7862265957569357 -0.010230429621603771 0.9998913498820089 0.0106125755828495 -2.0928386518721203 -0.006571580491746283 -0.010680131828282528 0.9999213714643445 201.27792226153045
0.9998432894154572 0.01584575354235704 0.007893584122609583 -0.8073390950356106 -0.01595833694486675 0.9997688182002068 0.0144097769793052 -2.093355559797125 -0.007663426131866472 -0.014533487582214445 0.9998650157085177 202.70433169826265
0.9998137556680841 0.01716381829738975 0.008823677137400773 -0.8065251944937637 -0.017309846003998795 0.9997098887139149 0.01674836345062209 -2.0933403816380207 -0.008533652130608391 -0.016897980994554727 0.9998208014541338 204.15565789672783
0.999824303110421 0.016747851799981034 0.008418570620901417 -0.8051285297553796 -0.01689067554004386 0.9997095538828558 0.017190491340273114 -2.1001517728408197 -0.008128222352361467 -0.017329666717059218 0.9998167905441656 205.61292350413405
0.9998864716126719 0.013216367156449508 0.007236815526369072 -0.7933801161371288 -0.013341625727882174 0.9997570976993599 0.017542709230289485 -2.1062864768862264 -0.007003207379548995 -0.017637268871063545 0.9998199247038959 207.06855231787688
0.9999202641854985 0.011053435952045908 0.006106292258063693 -0.7885224203055827 -0.011155208488732655 0.9997950903371216 0.016891970855430424 -2.107464903115903 -0.005918327188983175 -0.01695874126150739 0.9998386742369012 208.4928583977669
0.99991401577639 0.011799895645349223 0.005720445301790382 -0.7920717385794391 -0.011892182735825096 0.9997951725514228 0.016376475608845965 -2.1050126390021773 -0.005526033348817656 -0.016443096399792575 0.9998495324486266 209.99393051150625
0.9998987274560069 0.013127928753698958 0.005494751297028906 -0.7950009530590796 -0.013217658388017216 0.9997744219716359 0.01662524294007923 -2.1153123324749963 -0.005275257230182276 -0.01669618733984192 0.9998466927441173 211.44632418973197
0.9998796073352835 0.014493686229535414 0.005541106676381897 -0.8053839732212509 -0.014587658734491145 0.9997437073886182 0.017312416884965084 -2.113845215161827 -0.005288766227286968 -0.017391164719742235 0.9998347745222262 212.89989978031102
0.9998872106329284 0.014112836585519178 0.005137492186433144 -0.8115656069954374 -0.01419920346111798 0.9997515555413937 0.01718167166746903 -2.123150721625291 -0.00489373408097547 -0.017252682401303843 0.9998391852289525 214.34179895729932
0.9998716807492156 0.015237796374884757 0.004942829455559683 -0.8103625845092797 -0.015317247764147758 0.9997472698620897 0.01645534431149102 -2.1308604999579885 -0.004690837451704878 -0.01652894365109962 0.9998523841387535 215.81543415876928
0.9998911533272127 0.014012608410852494 0.0046182543491880826 -0.8137208417958806 -0.014085447192100569 0.9997705913830961 0.016135823840397086 -2.1309853642701695 -0.004391090259859515 -0.016199118013853903 0.9998591435317544 217.27957343307713
0.9998894797128438 0.014300401620555559 0.004065321803529762 -0.8127917448009543 -0.014364503590688823 0.9997655512493873 0.0162019628633889 -2.1385272418577994 -0.003832674429578024 -0.016258568875731138 0.9998604750401467 218.7473023482522
0.9998674196742324 0.015781725037194647 0.004010011445674957 -0.8199531884523954 -0.015843659373613102 0.9997478419372279 0.015913234555765543 -2.144774857523359 -0.003757862302387472 -0.015974658353260725 0.9998653353146827 220.23097113008058
0.9998836527577337 0.01476621522406407 0.0038261994542716105 -0.8248710040545256 -0.014825738018538152 0.999761664258956 0.016025361186081628 -2.1478687087955275 -0.0035886538930732003 -0.016080223235543898 0.999864264781325 221.70424353168957
0.9998598552875897 0.016385965575003752 0.003430725381392649 -0.8311276982949787 -0.016437587850367752 0.9997431587050617 0.015601998751541479 -2.1516832516579547 -0.003174190671604055 -0.015656205382309375 0.9998723957333076 223.1889294773298
