1.0 -3.469446951953614e-18 0.0 -1.7787691892340307e-19 0.0 0.9999999999999999 -3.5405977195229754e-19 0.0 2.168404344971009e-19 -2.354751593366955e-19 1.0 0.0
0.9999998184236251 -0.0001920850232811945 -0.0005711877703400902 0.0023623220759034095 0.0001924746445146272 0.9999997488292218 0.0006821250560820844 -0.022605926090915572 0.0005710566496940094 -0.0006822348851515522 0.9999996042253559 1.3271691435190551
0.9999995990749863 -0.0006227654238465836 -0.000643438467405147 -0.007878449377712479 0.0006234318605723953 0.9999992690199224 0.0010359976767853364 -0.039982446498254665 0.0006427928687385296 -0.0010363984219421438 0.9999992563481335 2.6231509716465324
0.9999992654936589 -0.0008350967863015504 -0.0008784221100734727 -0.024215488357780993 0.0008359553244037844 0.9999991729440257 0.0009773886099560401 -0.07059727051236409 0.0008776052444990722 -0.0009781222330511028 0.9999991365433738 3.9426346576663795
0.9999986971984339 -0.0015333211316332467 -0.0005045089604620663 -0.027897856957695907 0.0015338538537529416 0.9999982649813467 0.0010570355457144678 -0.08485419852130889 0.0005028873536533588 -0.0010578080317045207 0.9999993140734822 5.26200296483219
0.9999982616248216 -0.001692495927108132 -0.0007824360614861925 -0.028567822720729073 0.0016935333098164577 0.999997685584682 0.001326939119499305 -0.10063878593575348 0.0007801884786767818 -0.0013282619198329009 0.999998813513132 6.5821866137910146
0.999995433395539 -0.0029886078723071682 -0.00044879241788470313 -0.036359570170446304 0.0029895876450108053 0.9999931152857027 0.002198122435020817 -0.13134593073380357 0.0004422200414279723 -0.002199454142755221 0.9999974834188317 7.915369690087121
0.9999952663121193 -0.0030496440007458103 -0.00040869125601247194 -0.0529582703994983 0.0030506993174254805 0.9999919498378703 0.0026064321002231255 -0.15103409489935232 0.00040073931215849306 -0.0026076666057105124 0.9999965197359401 9.233642684210004
0.9999959652282641 -0.002702439575634286 -0.0008754142171936551 -0.05441581869392377 0.002704322021289377 0.9999940188177395 0.002156146295996024 -0.17834309120837374 0.0008695822015273425 -0.0021585050395653334 0.9999972923386198 10.564260339809682
0.9999996113448143 0.0001251112956547288 -0.0008727289262306646 -0.07142123874576103 -0.00012534609482555033 0.999999955968849 -0.0002689812182880883 -0.2004477578359046 0.0008726953087369735 0.0002690905114076382 0.999999582997193 11.893456851114202
0.9999970358900625 0.0022973144281147008 -0.0008065681228243955 -0.07366037979089848 -0.0022979392800718352 0.9999970598499189 -0.000774448681417512 -0.22490928842305163 0.0008047866664892065 0.0007762998433246415 0.9999993748388885 13.222640352362147
0.9999797675711933 0.006328783634062937 -0.000641039830366182 -0.0991211977132058 -0.006329491065027903 0.9999793558745168 -0.0011069691399976551 -0.24070524558271011 0.0006340208807459795 0.0011110042157367723 0.9999991818436819 14.565483640900897
0.999979599158339 0.006385210786810648 -0.00017417529321846854 -0.12432216235209465 -0.006385247337835329 0.9999795925338383 -0.00020771460240313663 -0.2713978289881571 0.00017284545124343783 0.000208822516262953 0.9999999632589227 15.91434034057243
0.9999880695237011 0.004884751769303313 9.585534399732254e-07 -0.11161218727394223 -0.004884737079282579 0.9999844714576271 0.0026825726919034753 -0.2981223187907631 1.2145166033766244e-05 -0.0026825454264375417 0.9999964018950533 17.25833708092079
0.999999935826727 0.00035218662029311027 6.56555040723305e-05 -0.12308002939752646 -0.00035250269093815324 0.9999880423870163 0.004877583857477066 -0.32879729559044124 -6.393690068215159e-05 -0.004877606784561782 0.9999881023618018 18.62243092242236
0.9999988206138187 -0.0015113061957225185 -0.000273361374164205 -0.11463601454335247 0.0015121652624914602 0.9999938328124899 0.0031698091855976752 -0.3626809149438094 0.00026856916140708146 -0.0031702188762879895 0.9999949387791556 19.96411019661556
0.9999969556710459 -0.002459285823653774 -0.0002014079854654623 -0.12274370968887716 0.002459423400920622 0.9999967410658128 0.0006849018751611713 -0.36227604110461115 0.00019972297722210103 -0.0006853951493958967 0.9999997451722842 21.31358200994585
0.9999999172925053 -0.0003753595420147079 0.00015659194177006079 -0.13707775568499364 0.00037542172634793744 0.9999998506780292 -0.0003971169786043446 -0.4170032513540609 -0.00015644287025875733 0.0003971757420197685 0.999999908888381 22.6651535578543
0.9999984788454087 0.0015327298309285881 0.0008324930651242414 -0.14681409643698354 -0.001533332769124051 0.9999985623702333 0.0007239824746120714 -0.40744827820642054 -0.0008313822685426806 -0.0007252578770111774 0.9999993914015289 24.036732773525486
0.9999957677788678 0.002262736370909715 0.0018287829207513607 -0.16075854292833092 -0.0022729567183936046 0.9999817035787398 0.005605905649826555 -0.4328719281639261 -0.0018160649230333679 -0.005610038779646735 0.9999826145348455 25.423904794972387
0.9999978317972549 0.000846611400380246 0.0019025380702758642 -0.15185825110460943 -0.0008587478975435568 0.9999792319737384 0.006387344755869008 -0.460822074390814 -0.0018970911146205156 -0.006388964832406788 0.9999777908397367 26.795498825020807
0.9999924960833372 -0.0034304474344657027 0.0017999485325523256 -0.15375421799258174 0.003419721797591868 0.9999765783174382 0.005928601277259096 -0.4921358098064071 -0.0018202442785545687 -0.005922401578918812 0.9999808057504259 28.1645948519198
0.9999914959335582 -0.003751634713351777 0.0017126894380009774 -0.1632509841020597 0.003745390370325329 0.9999863799207029 0.003634833991262089 -0.49010379870523535 -0.0017263028230944397 -0.0036283884571013214 0.9999919273044735 29.523874254248398
0.9999900903545134 -0.0037633395802358464 0.002378334784672481 -0.1665830439325014 0.0037594721900859936 0.9999916070130002 0.0016285781968912916 -0.544261127890084 -0.0023844439160557633 -0.0016196208018778155 0.999995845617752 30.913899985953496
0.9999949982133713 -0.0013359336293649136 0.0028668511178164035 -0.18200890277822307 0.001334418187978595 0.9999989689546187 0.0005304862548767845 -0.5382160394537465 -0.0028675570982029104 -0.0005266580302476133 0.9999957498629611 32.29817486608691
0.9999940299902033 0.00030546174279947897 0.0034419007600242704 -0.18311841014883862 -0.00029999339626706357 0.9999986922738681 -0.0015891680766161058 -0.5856958543655358 -0.003442381981233414 0.0015881260756376377 0.999992813902899 33.68038688698168
0.9999931321086984 0.0005435483808708787 0.003666100675989635 -0.20008198185169046 -0.0005390844896090239 0.9999991123217956 -0.0012185009505318637 -0.5861081696088369 -0.0036667600467881695 0.0012165162705332097 0.9999925374493135 35.07349851513036
0.9999949056063492 0.0007258639037012078 0.0031083573909114794 -0.19506885378007746 -0.0007270515441852527 0.9999996631364477 0.000380951710301197 -0.6309372769542907 -0.003108080087118431 -0.0003832097112032994 0.9999950964802774 36.46556403474362
0.9999944700426461 0.0015060606609744887 0.0029650744698105523 -0.21235119875882263 -0.0015108409755129467 0.9999975616693767 0.0016105952881227373 -0.6375132872274822 -0.00296264183492939 -0.0016150661681782368 0.9999943071393445 37.869637208334034
0.9999904040174633 0.003578264365170206 0.002527428297524399 -0.20840823040136008 -0.003583596444599291 0.9999913565765716 0.0021082255455123567 -0.6578988452152156 -0.002519862875012738 -0.0021172626404974988 0.9999945837288552 39.26157087310742
0.9999755724784027 0.006209292667587542 0.00320922459425083 -0.23131959420450005 -0.006217044529357157 0.99997776732522 0.0024110629911800324 -0.6954894003395369 -0.0031941825172151364 -0.0024309560371627123 0.9999919437911465 40.659844631629035
0.9999526530523718 0.009239361517135985 0.0030538231111753565 -0.23680918046136573 -0.009248074766507942 0.9999531704269347 0.0028513306089563957 -0.722781391890866 -0.0030273358817279107 -0.002879437652976672 0.9999912719983806 42.08519332146401
0.9999492388872744 0.009686152717144786 0.0027745406920438 -0.24233788907422277 -0.009694181318244458 0.9999488203154723 0.002894757249042665 -0.7344779838674853 -0.002746359861467302 -0.002921507271252834 0.9999919611175666 43.470420574987735
0.9999565909804343 0.008997361914231143 0.002421490593433716 -0.2534285885426948 -0.009004329950056168 0.9999553071086843 0.002881986579128553 -0.7579914913945434 -0.0023954522943858613 -0.002903665437362841 0.9999929152412517 44.898783802417796
0.9999610921559762 0.00868904950888964 0.0015213730503407042 -0.2455235524842717 -0.008692693239008916 0.999959326555709 0.002404649054964982 -0.789564514221315 -0.0015004171815588526 -0.0024177803775707967 0.9999959515341328 46.29995892784179
0.9999659116982527 0.008235783842633083 0.0005893123566783726 -0.2574856165227889 -0.008237563077484576 0.9999613201444507 0.003082334613949789 -0.8185779256991315 -0.0005639041662267492 -0.003087084106801922 0.999995075949664 47.727571443187486
0.9999631198550366 0.008580088153547653 -0.00037549665597820287 -0.26677427322304864 -0.00857853899114786 0.9999553999074391 0.003950554716338909 -0.8375372753822958 0.00040937605376457475 -0.003947187891306119 0.999992126029241 49.124719249157266
0.9999545353744054 0.009431724121119573 -0.0014034745571519641 -0.2753431800077323 -0.009425924046737796 0.9999472357097979 0.004083842841785091 -0.8668007093012347 0.001441918307407868 -0.004070428215445976 0.9999906762010369 50.55629072150758
0.9999523350614097 0.009404063532828275 -0.0026251035543848446 -0.28234382602900104 -0.00939283135266757 0.9999468163576004 0.004259013440724601 -0.8790978678973383 0.002665016202853185 -0.004234153372965676 0.9999874847414228 52.008363366259125
0.9999383055420799 0.010556748751224886 -0.003455450005634508 -0.3058029215783779 -0.01053676160027327 0.9999279406151866 0.005752412960643597 -0.919746253442965 0.0035159280874652197 -0.005715648939313281 0.999977484553909 53.412787474311195
0.9999499832730304 0.008958072685377563 -0.004447904874712972 -0.31298142883584623 -0.008930071752351205 0.999940431773851 0.006275885627746079 -0.9308051948081102 0.004503860145627203 -0.006235851752241027 0.999970414265831 54.870104964044735
0.9999720212947367 0.005694420782167968 -0.004850791573896159 -0.32483186426869637 -0.005659112535024926 0.9999576192652531 0.007261826759491599 -0.9384318743292518 0.004891938309905751 -0.007234172558503987 0.9999618671222144 56.26293849340277
0.999974722648502 0.004858312531953394 -0.005191420203960348 -0.3465779936283022 -0.004821373568143158 0.9999631400637468 0.007104426656232052 -0.9728742245274161 0.0052257448206410335 -0.007079217446490345 0.999961287392531 57.689558464084115
0.999979702671184 0.003862404331861315 -0.005067155143568496 -0.36846954326892645 -0.0038247178017477915 0.9999651110257634 0.007426188121022638 -0.998154612953721 0.005095661733268835 -0.007406657103844378 0.9999595870204886 59.14011279561318
0.9999809700590919 0.003674353855086991 -0.0049556661418091365 -0.36768239333805564 -0.003634471574967783 0.9999611300364571 0.008032996760337495 -1.0259943572779557 0.004984990015389834 -0.008014832829994968 0.9999554551785796 60.54537818564008
0.9999894316077165 0.0015053433389291783 -0.00434403078556369 -0.38851240474055454 -0.001467169068080339 0.9999603996167411 0.008777620010926301 -1.032893829798355 0.0043570724673121855 -0.00877115399556895 0.9999520402440008 62.00074698239157
0.9999907501853135 -0.0009578830911852552 -0.004193089241877321 -0.3874202709762804 0.0009938096808148368 0.9999627457452539 0.008574348942249649 -1.0522035309392346 0.004184720168255299 -0.008578436935541073 0.999954448236224 63.40470309875516
0.9999922166276956 -0.0014178179382283908 -0.003681911421403672 -0.40703864026099285 0.0014462662492873927 0.999969035893993 0.007735345031002898 -1.078508001279811 0.0036708304199538685 -0.007740610002619977 0.9999633033116001 64.81502522980499
0.9999943398115417 -0.00182276380546113 -0.0028280514020000294 -0.4207239856845635 0.001844521790328726 0.9999685751724516 0.007710149283176452 -1.0956801772245173 0.002813908994103683 -0.0077153221976738115 0.9999662772947833 66.26823940672135
0.999997276929367 -0.00013641905048849927 -0.0023297038198407546 -0.4308868587811988 0.00015375188477003386 0.9999723008335852 0.0074413657079497 -1.1151640966084395 0.0023286243477750653 -0.007441703789401957 0.9999695988176373 67.64015425232225
0.9999950431992479 0.0027135806976953435 -0.0015968873403343392 -0.4529413065557967 -0.0026993181079328276 0.9999570442224217 0.008866983353472717 -1.1352678815909554 0.0016208801636514558 -0.008862629072764599 0.9999594124557687 69.1120040334468
0.9999820670977165 0.005940647414593535 -0.0007577454126167909 -0.4659140428544924 -0.00593272126783125 0.9999317378684943 0.010065904337840725 -1.1518256740882518 0.0008174917527258882 -0.010061228538154398 0.9999490503981755 70.46932370482433
0.9999474404190684 0.010249470797532339 0.0002544103400067333 -0.49123708158155743 -0.010251678459346037 0.9998847012191646 0.011202114798493382 -1.179329317844641 -0.00013956526168418617 -0.011204134381602796 0.9999372219784949 71.92234597395499
0.9999040279683443 0.013837253347408936 0.0006820839822338392 -0.4987924971172315 -0.013843786223218045 0.999846449820046 0.010743667727929056 -1.1838395600836917 -0.0005333164331098156 -0.0107520794832319 0.9999420525026924 73.28792150866387
0.999848570302052 0.017345651940993828 0.0014017053682592604 -0.515101931594703 -0.01735914359877752 0.9997966156542105 0.010265841608935403 -1.200126740204567 -0.0012233526640083546 -0.010288619675491568 0.9999463224169294 74.68020345902613
0.999826659438235 0.01848780764436861 0.002202724633156878 -0.5285178085528847 -0.018509452053073097 0.9997761669222849 0.010247745481394498 -1.2095471463321839 -0.0020127734061585823 -0.010286740572695177 0.9999450643471905 76.13213188969372
0.9998138512061089 0.019127478145710607 0.002530309208111488 -0.5343375839836669 -0.019153489473599253 0.9997594156773172 0.010688996981064283 -1.2258518071567315 -0.0023252470881929754 -0.010735471712307121 0.9999396696169578 77.49653935536818
0.9998249412319488 0.018516246257042353 0.0026898821967354623 -0.5398960301692943 -0.01854495385554575 0.9997667337917067 0.011070805670461833 -1.2576252107038173 -0.0024842651761172122 -0.011118751601387526 0.999935098788903 78.90073602530936
0.999844180433509 0.017517397188629512 0.0021807346292119813 -0.5382278946609733 -0.017538005023705443 0.9997979817874134 0.009819065056371257 -1.261736109036374 -0.002008289781287046 -0.009855780994834484 0.9999494138973307 80.27401711344962
0.9998451515188076 0.01746718102921048 0.0021378788351351288 -0.5512386163526661 -0.017487816644121808 0.9997965956124069 0.010047074973329032 -1.2892819431262292 -0.001961950062525279 -0.010082906242622104 0.9999472414854244 81.66648576899901
0.9998616162641871 0.016545744973283125 0.0017281789756562172 -0.5626799765010765 -0.016563108356897956 0.9998069673505662 0.010568420868436115 -1.2982977818017527 -0.0015529831079044085 -0.010595582606756516 0.9999426592930882 83.05554011571614
0.9998561774481269 0.016894477927537222 0.0014835735475170497 -0.576865592073052 -0.01690828845071983 0.9998085305121411 0.009849474065205447 -1.3116869774514974 -0.0013168878705804412 -0.009873142384658478 0.9999503922031096 84.41923597068954
0.9998657825941754 0.01637071431704244 0.0006453425701182457 -0.5818945039753028 -0.01637636201404592 0.9998156985198495 0.010019171666990257 -1.3151291482870726 -0.0004812026690204586 -0.01002839549311884 0.9999495985950675 85.82744554444861
0.9998633375580843 0.016525332345459734 -0.00046856457249213387 -0.5923098919329961 -0.016519438030572382 0.999807311650488 0.010604139664497721 -1.3356270754850579 0.0006437112797176776 -0.010594950275465581 0.9999436647477318 87.18351522648211
0.9998800897364071 0.015403266221744849 -0.0015954608494696508 -0.598361369415806 -0.015383270010146319 0.9998112397762539 0.011867596916498191 -1.3487455070216376 0.001777959603525792 -0.011841630711427355 0.9999283047544606 88.5646941254326
0.9999160662449526 0.012663305858972972 -0.0027388161895799913 -0.6027041307765086 -0.012627864781950902 0.999840972942459 0.012592294562072653 -1.3724301478821954 0.0028978409754625975 -0.012556652502546001 0.9999169630552434 89.94950686396416
0.9999238524494112 0.011785237567402043 -0.0036602518080549704 -0.6149602736616966 -0.011736413419395398 0.9998454958475482 0.01308591059366632 -1.3871008826621782 0.003813907181197321 -0.013041956174371613 0.9999076764898959 91.3262501298918
0.9999327160916834 0.010886714189802915 -0.004005335289179679 -0.6300667946254701 -0.010835633125840535 0.9998623904215805 0.012561420916050987 -1.4011492654705902 0.004141537075442044 -0.012517175649235554 0.9999130802210123 92.69760420623251
0.9999485735277214 0.009214013536844468 -0.0042370067173069705 -0.6434841962395524 -0.009159924560828878 0.9998784974396193 0.012612936028368308 -1.4239494823592254 0.0043527080508705554 -0.012573476986086057 0.9999114768929662 94.0205110342739
0.9999515863968449 0.0087067295999859 -0.004584505887656653 -0.6622962254051796 -0.008650281213437685 0.9998882562946411 0.01219211110421933 -1.428004243180199 0.004690147418250483 -0.012151863825030801 0.9999151637696359 95.4002600559339
0.9999542641268696 0.008511321067731796 -0.004361999695668396 -0.6682778368429374 -0.00846054101539632 0.9998977255097506 0.011530731990336333 -1.4377508849226532 0.004459695722126915 -0.011493299981582335 0.9999240047035314 96.75353930830906
0.9999452403063845 0.009597801991848027 -0.00417115764409641 -0.6889255238679387 -0.00955123493777095 0.9998933930611131 0.011044294513191284 -1.4572284308857255 0.004276714291340145 -0.011003850252098843 0.9999303100749287 98.08970878410707
0.9999303178486274 0.011177460100450388 -0.0037978677612383977 -0.7115644307124231 -0.011134313338532448 0.9998753050988755 0.011198274058385038 -1.4659715759099825 0.003922562787788308 -0.011155207320503195 0.9999300849870201 99.45835645188484
0.9999277399604319 0.011410620089742769 -0.0037831961074763286 -0.7169382394174453 -0.011362258252929308 0.9998564666396643 0.012567626190545966 -1.4775813355604774 0.003926057841712968 -0.012523732660958325 0.9999138673917055 100.8044850518643
0.9999232363584719 0.0118494181744021 -0.0036211385362887177 -0.7426920895849409 -0.011796925355223652 0.999829733044952 0.01418934436454907 -1.486635329151925 0.0037886577819152825 -0.014145537128753684 0.999892769183029 102.13240629774153
0.9999307204980488 0.011255788456813657 -0.003444037989200016 -0.753948858606328 -0.011208943247197307 0.9998483008043373 0.013331728725446131 -1.5097103372902165 0.003593574963430312 -0.01329220135708763 0.9999051973132321 103.47483048458072
0.9999315934962568 0.011194071123546385 -0.003391322341161267 -0.7634597832672041 -0.011155977090128479 0.9998767016298283 0.01105105131423713 -1.5192009353928342 0.0035146107562673353 -0.011012462064596355 0.9999331843682725 104.80186523108195
0.9999457365058754 0.009806704568899503 -0.003514620976494894 -0.7781452078997422 -0.00977119113054304 0.9999024243881187 0.009983263257977906 -1.5356213650153796 0.0036121812612996155 -0.009948379704447124 0.9999439893802943 106.13249672750275
0.9999562383065596 0.00880565577789086 -0.00315941024306207 -0.7875233067466298 -0.008770438186577035 0.9999011125195995 0.010992934609330544 -1.5497503285636138 0.003255898098565341 -0.01096474435315772 0.9999345846197296 107.48285715720233
0.9999803751084549 0.005675061405563355 -0.002653876413331056 -0.7984927208381798 -0.005640339643304841 0.9999007162533493 0.012912947411224798 -1.5499783727409993 0.0027268949365306773 -0.012897725492463754 0.9999131025899239 108.80483714186413
0.9999892076836504 0.004301719941397072 -0.0017549104320031086 -0.8135703848952924 -0.0042766631244718425 0.9998922811249671 0.014040523547936615 -1.5755439375514646 0.0018151199596136253 -0.014032867138786927 0.9998998869828284 110.16972569243742
0.9999916761228913 0.0038885650724680993 -0.0012356121069893912 -0.8208222658865887 -0.003872144200947127 0.9999076688291847 0.013025372085469458 -1.5827906425659062 0.00128614814738891 -0.013020479456271076 0.9999144028090147 111.47474055789775
0.9999879259835878 0.00489041756860425 -0.0004813447641351142 -0.8345504412407228 -0.004884930583827184 0.999929661715334 0.010807824975521668 -1.6000673267724173 0.0005341657378774142 -0.010805343363054663 0.9999414779007735 112.8099069159329
0.9999660081841862 0.008226989792494074 0.0005468986880078129 -0.8372316591396172 -0.008231499484965564 0.9999271394405332 0.008829396437311014 -1.619233968959237 -0.0004742195197467015 -0.008833598286384133 0.9999608705640332 114.1595165794554
0.9999357441661281 0.011151742997483156 0.002036208144338604 -0.8542900723347768 -0.011168103679452295 0.999903945162544 0.00820816253888261 -1.620284136342277 -0.0019444773959400496 -0.00823037586940025 0.9999642393208208 115.4677695297106
0.9999260234747033 0.011632656383402025 0.003553710765059382 -0.8667422845556931 -0.011670101136674204 0.999874607448585 0.010704118035507056 -1.6385624925937539 -0.0034287481109985434 -0.01074479856398314 0.999936394471979 116.83789689882907
0.9999163266678963 0.012145036895377926 0.004453955276411354 -0.873298055783048 -0.012200192733833576 0.9998465298215092 0.01257267376464207 -1.639026851925684 -0.004300576494341862 -0.01262596113459082 0.9999110411166492 118.1322486685679
0.9999168501474007 0.011706381853311708 0.005408640593988144 -0.8694438002634746 -0.011779162464942011 0.9998377751778539 0.013626249720156637 -1.6583134936044521 -0.005248249528971098 -0.013688826230268987 0.9998925301816375 119.50504914621239
0.9999097830049463 0.011847575837213506 0.006329358237780275 -0.8726680885310742 -0.011929833012504104 0.9998427560175949 0.013120302841940832 -1.6706416155153823 -0.0061729197130998194 -0.013194627618609206 0.9998938928021673 120.82682979587443
0.9998789761551763 0.013474709135954603 0.007775939150121356 -0.8701682795298235 -0.013574840843083118 0.9998237202907251 0.01297120151685301 -1.680232034516351 -0.007599785874759889 -0.013075189090385067 0.9998856348018645 122.13151086618379
0.9998440481010937 0.015252084149679674 0.008902436347968654 -0.8771453464741752 -0.01536222557243306 0.9998046357887314 0.0124375365765059 -1.6860333103891139 -0.008710999502959909 -0.012572358406771051 0.9998830203026065 123.50059109326466
0.9998205392863584 0.01601919695713299 0.010113086280007842 -0.8797479539124009 -0.016138304265938284 0.9998000456589693 0.011807788711038908 -1.6972762771832817 -0.009921913661301353 -0.011968877980402604 0.9998791434901336 124.83640746531347
0.9997984271154637 0.016724246768809813 0.011108765398369953 -0.8694953146430795 -0.01684793754032881 0.9997960501880491 0.011135756399331813 -1.7024791058857607 -0.010920263544492173 -0.01132067174542423 0.9998762874638859 126.16653983977605
0.9997909047038356 0.016552071399896808 0.012007321322604455 -0.8697231821614282 -0.01668160205930432 0.9998028589675058 0.010768815826135156 -1.7204364349404977 -0.011826708970028604 -0.010966865692708244 0.9998699199441747 127.50112999640434
0.9997853348611223 0.016197582015145075 0.012919848907167136 -0.8615849988690939 -0.01634816875190801 0.9997986480697857 0.011636182177838905 -1.728606527942582 -0.012728770522582894 -0.01184490040086406 0.9998488269402537 128.82592372264284
0.9997775745005402 0.01589432855733227 0.013862604670415139 -0.8568226753329726 -0.01606912279798685 0.99979161502284 0.012590069907243264 -1.7433877358953873 -0.01365960634916346 -0.012810029704941132 0.9998246437715366 130.2029531796797
0.9998011467770672 0.013972456229095438 0.01422804763305818 -0.8407195812302413 -0.01416115455216645 0.9998119436689619 0.01324911427767444 -1.7465676050661085 -0.014040250465822822 -0.013447965494433037 0.9998109939339309 131.52540448274755
0.999812090614164 0.013192750239030104 0.014203336748490742 -0.8296140828370393 -0.013385900152746145 0.9998180377678677 0.013590771087359564 -1.7681851159515363 -0.01402145380374228 -0.013778341971718263 0.9998067593921223 132.87313195472836
0.9998418426388119 0.010967969756372382 0.01399976168566584 -0.8166240578205783 -0.011167690549974971 0.9998358340644959 0.014268413661084162 -1.7606958244535542 -0.01384096903090847 -0.014422502294103785 0.9998001895401825 134.19336107222603
0.9998654562954122 0.00937606224696525 0.013459522585672616 -0.8028684023986402 -0.009571048485101366 0.9998491155097379 0.01449624987674608 -1.7845112539855617 -0.013321575125849803 -0.0146231215253899 0.9998043308335365 135.52767002633837
0.9998832387818999 0.00912929641561572 0.01225417217821675 -0.7958996513260301 -0.009300740064004127 0.9998586361653259 0.014007281487059393 -1.7925659999724806 -0.012124564270579041 -0.01411961912535309 0.9998268006492034 136.87587015425723
0.9999069045271112 0.007662485741686846 0.011290198470218806 -0.7878488091708845 -0.007835500391809237 0.9998513177374634 0.015360578182047271 -1.8042821136645812 -0.011170820538712286 -0.015447612837535098 0.9998182755011362 138.20866122068563
0.9999252894515004 0.006719428188449833 0.010211013324162596 -0.7703293587102753 -0.00688008616004795 0.9998518022972221 0.01578093357452683 -1.8153127202338877 -0.01010346206701258 -0.0158500075330937 0.9998233330521205 139.54791820538622
0.9999456328344546 0.005443274068434586 0.008893938321461237 -0.773945077921405 -0.005585387033613776 0.9998558682290388 0.016032661144702077 -1.824592878972491 -0.008805386985227035 -0.016081465896097897 0.99983191168055 140.90770549420978
0.9999609381515551 0.004456276882213508 0.007633070524401638 -0.7705058896650715 -0.004575278054822089 0.9998671522691472 0.01564431672084083 -1.8195551006901098 -0.007562341708077083 -0.01567862935124969 0.9998484843062879 142.23035686396528
0.9999702256475204 0.003958563350766695 0.006624016426456654 -0.7663643195040523 -0.004059620647486196 0.9998745093392261 0.01531290484295028 -1.8196752003131555 -0.006562568612818494 -0.015339340205000154 0.9998608089806377 143.5803802147122
0.9999815340590931 0.001585067939891942 0.005866779677080328 -0.7579417324561551 -0.0016622135016326296 0.9999119151081651 0.013168108013328584 -1.8332399090444047 -0.005845391040022917 -0.013177616948396075 0.999896085507972 144.9340577916895
0.999988434568366 -0.0010885569318843137 0.004684632357945544 -0.7716183400204077 0.0010312846808930264 0.9999249151233061 0.012210674075475748 -1.8573497741403264 -0.004697573013847604 -0.012205701900086094 0.9999144731666154 146.23641856722492
0.9999391532567127 -0.010397135872828676 0.0036863754972438893 -0.7667279261180968 0.010339294236733843 0.9998283049462586 0.015377243139973719 -1.8543101883955568 -0.003845622162935862 -0.01533819325509835 0.999874967693373 147.61207334156165
0.9998448778707182 -0.017496484195016863 0.002023177672137451 -0.7535282861679978 0.017459799477088964 0.9997044639472201 0.016915677642206032 -1.8645611935842727 -0.0023185448177234485 -0.0168777296871914 0.9998548727666777 148.9390154798148
0.9998116886408595 -0.019372467310073607 0.0011378823635075498 -0.726243057530463 0.019354740478460662 0.999715503002881 0.013939406880918291 -1.881369247914485 -0.001407599449768199 -0.013914758772712187 0.9999021942949033 150.23983697477192
0.9998277600974094 -0.01852146825459658 0.0011854796076088765 -0.7470141264817078 0.018507358742007547 0.9997684881303393 0.010974871411811698 -1.8966199913600137 -0.0013884759945513104 -0.010951041205191655 0.9999390715602575 151.63677279383387
0.9998782201893879 -0.01543419087988445 0.002308799591699698 -0.7564553305823196 0.015413711854769231 0.9998438739873005 0.008639741014868125 -1.9027688314563942 -0.0024417867382476523 -0.008603101852974812 0.9999600113581462 152.94516466985118
0.9998734044904783 -0.01559580393025393 0.0031537130500100844 -0.7600622284977311 0.015567225327488578 0.9998392811667945 0.008892317993342124 -1.9179324202888033 -0.00329188930671955 -0.008842097863810282 0.9999554893937642 154.32049348360314
0.9998067334076497 -0.019345394978582446 0.00350021962282953 -0.7640604600136589 0.01930289994865664 0.9997441324156909 0.011792698703907306 -1.9148646744282467 -0.003727458748447465 -0.011722855393257259 0.9999243374937902 155.6424658615834
0.9996026661178683 -0.027922662798724122 0.0038515960119007153 -0.7633331255460829 0.02786345133118017 0.9995043130036436 0.014654568107781254 -1.9083506308906197 -0.004258881735555208 -0.014541426855107162 0.9998851978264421 156.9844917369316
0.9995549786159735 -0.02958271007857516 0.003835099019161832 -0.7452879603220195 0.029518256324803212 0.9994378409520187 0.01589574215786754 -1.9297409815289555 -0.004303182563872351 -0.01577546306162039 0.9998662997555801 158.33806873730023
0.9995200583411228 -0.030769375123563345 0.003591451153868191 -0.737255991968209 0.030706924143912878 0.9993953145173113 0.016312269460080783 -1.9507264477655308 -0.004091198123853919 -0.016194158396593127 0.9998604959363763 159.6655361826694
0.9995406826129649 -0.029927401812341815 0.004772255066266573 -0.745315876340864 0.029844533534825635 0.9994170095928292 0.016581458225593627 -1.9406701195322182 -0.005265713279664749 -0.016431416643854786 0.9998511293249679 161.02858550359713
0.9995922013268613 -0.027940763367659098 0.005894471132189034 -0.7421926168141841 0.027841555363982216 0.9994796001787092 0.016290384271899827 -1.9350054222287962 -0.0063465699437155335 -0.016119630121621046 0.9998499280269569 162.36906120472634
0.9996601126970577 -0.02510786025284055 0.0070181509412147085 -0.7552457095043699 0.02500244471903849 0.9995789355747248 0.014725125042100766 -1.9412157864151516 -0.007384912839686395 -0.014544649489583705 0.9998669492651693 163.7213585803652
0.9996886593564676 -0.02376156278543463 0.007613967225867599 -0.7538568853362762 0.023652245873915657 0.9996202485978373 0.01413965525570392 -1.9360239069115572 -0.007947056775757225 -0.013955165831843988 0.9998710405016844 165.0686307538884
0.9997096473788458 -0.022739014730413416 0.007972336991316515 -0.7580527295683643 0.022614048725998002 0.9996251942454382 0.015429705768214943 -1.9427553078398228 -0.008320205909368581 -0.015244939171827007 0.9998491716268102 166.40982753232882
0.9997387855108516 -0.021540712534727755 0.007639270943642862 -0.7482950909482161 0.021420675948452674 0.9996509858526325 0.015461601287097042 -1.9418404576860708 -0.007969659298181662 -0.015293924423923 0.9998512791440685 167.74417453837404
0.9998009386446601 -0.018553765337843173 0.007337635288723418 -0.7498201134235569 0.018455448566201203 0.9997419202600771 0.013247236696099498 -1.9624570364306535 -0.007581528343471974 -0.013109180570551843 0.9998853283307001 169.13567525171777
0.9998569624803462 -0.015507645798850826 0.006750371656663042 -0.7540977167682062 0.015435132343847744 0.9998239916169006 0.01066501118924501 -1.967557546571498 -0.006914573325279258 -0.010559293003233222 0.9999203418292677 170.5453857698642
0.9999304611081654 -0.009833607782449629 0.006509464042765639 -0.7592946159979106 0.009774674062319041 0.9999115042763664 0.009024375343711729 -1.9774461451504302 -0.0065976307002417476 -0.008960120073017183 0.9999380918405366 171.89622495036795
0.999955464107581 -0.0064554712086355315 0.006884526651406422 -0.7633174530896734 0.006386074927435736 0.9999290561296877 0.01005488655381292 -1.9887130366394823 -0.006948947845781966 -0.010010473834136549 0.9999257485104122 173.2475211675671
0.999970199998227 -0.001464102995504337 0.007579942408797474 -0.7738087265991814 0.0013687511367658483 0.9999200645208083 0.012569450351402929 -2.0204992530206254 -0.007597740104197663 -0.012558700967193215 0.9998922708838293 174.61954896833487
0.9999697458509189 -0.00023011263133410065 0.007775245217566691 -0.7773496150195942 0.00011465900899530236 0.9998897846230718 0.01484605850743389 -2.020369116797401 -0.007777805176856054 -0.014844718136731482 0.9998595601830472 176.03956746358838
0.9999724411369488 -0.003158895848324215 0.0067185083612941714 -0.7710268159181098 0.003049550763528827 0.9998637370204312 0.01622367467669982 -2.020898115133666 -0.006768842334634846 -0.0162027394497902 0.9998458151177432 177.4430614404487
0.9999726524856901 -0.005051900702801478 0.0054011658369883565 -0.7730569739024088 0.004964148446050002 0.9998574385971446 0.016138763846429056 -2.0225563460448965 -0.0054819277215384645 -0.01611151061158011 0.9998551733604043 178.84066476863975
0.9999641900155825 -0.007826066352872117 0.003220463436584415 -0.7725896768023506 0.007785117088965355 0.9998910966872695 0.012537412175429096 -2.024811281733773 -0.0033182316067723863 -0.012511891763874267 0.9999162174422668 180.17925432103206
0.9999864333771223 -0.004982630658939342 0.0015187040694247993 -0.7810703538710253 0.004969578814251838 0.9999516936519887 0.00848019103219773 -2.0459832684477455 -0.0015608844909032848 -0.008472528826981657 0.9999628892590142 181.5940300729434
0.9999992412026152 -0.0009018641460002887 0.000839188832300286 -0.8048911691921025 0.0008952080826244904 0.9999684058381766 0.007898476071591057 -2.0583699968704385 -0.0008462857362637887 -0.00789771898390443 0.9999684544206153 182.98815669214207
0.9999976964199828 0.002049216761243763 0.0006386413150133857 -0.8278093891418075 -0.002054907117865887 0.9999570234532277 0.009040387384131144 -2.060157078726564 -0.0006200882002725639 -0.009041679086731872 0.9999589309225769 184.31391068379588
0.9999877347555036 0.004832966049245699 0.0010829450137173652 -0.8276249926232633 -0.004845364801123027 0.9999191718721829 0.011754665771514567 -2.072582565190074 -0.0010260476582163688 -0.011759769095962448 0.9999303251026169 185.76413755520653
0.999976674602117 0.0066463924372989445 0.0015734382037157512 -0.8404043662806844 -0.006668531723829987 0.9998724848969391 0.014510156379030836 -2.0928891814340287 -0.0014767974864588421 -0.014520310736514908 0.9998934841518392 187.12980573102695
0.9999883547148245 0.004480804416295305 0.001792434210644289 -0.8482496120562358 -0.004507311153863488 0.9998763139463409 0.015067878327010334 -2.0876984041620985 -0.0017246964296448763 -0.015075782215145982 0.9998848664805922 188.58138358144961
0.9999910285559968 0.003924925119754463 0.0015930364597132771 -0.8457991340099882 -0.0039496799509019746 0.9998666503868336 0.01584555056638616 -2.0969906480255607 -0.0015306315462715646 -0.01585170070727334 0.9998731823369728 190.0014644389496
0.9999980822791079 0.0005465554665396452 0.0018806160958299313 -0.8579855314571858 -0.0005776778644057574 0.999862234830101 0.01658847919863109 -2.1032386553850304 -0.0018712906332299505 -0.016589534102716907 0.9998606331057674 191.3470306458358
0.9999977094664059 -0.0005365631016524385 0.00207199557045912 -0.861912578416598 0.0005018389276388088 0.999860032615608 0.016723137476192952 -2.1090813314300854 -0.002080678739471744 -0.016722059690730914 0.9998580116699451 192.80627766472458
0.9999906807647733 -0.0035852278407832987 0.002405105638421592 -0.8564550596454534 0.0035426480271688945 0.9998409260076218 0.017480626760399156 -2.1057779444446925 -0.002467395272570985 -0.017471943751194194 0.9998443094538105 194.17895195409673
0.9999589271076303 -0.008626256589326644 0.0027806128525499603 -0.8629022634459276 0.008571564086761112 0.9997805440911492 0.01911522762597726 -2.104908786424733 -0.002944895721759072 -0.01909060867429429 0.9998134207218503 195.6219691023799
0.9999218114874054 -0.012135157449619911 0.0030180920264914783 -0.8539197342577592 0.012072877449898295 0.9997298310609949 0.01986228830080812 -2.1145962169914374 -0.003258308886111335 -0.019824298621652487 0.9997981699391079 197.03435803848518
0.999943684273845 -0.010142615830713589 0.0031234017932572408 -0.8566152396578177 0.010090431551751095 0.9998163395630228 0.01629325986090207 -2.121006354883249 -0.0032880846873361365 -0.01626082613219487 0.9998623775479243 198.44934888028044
0.9999867454088933 -0.0038904851031625453 0.003372408893745295 -0.8761360032484905 0.003852343148281331 0.9999293664295906 0.0112437357997013 -2.1297557531766125 -0.0034159145544125614 -0.011230595307878283 0.9999311002546545 199.88842871095963
0.9999680093197508 0.0064734232679514985 0.00469841679320511 -0.8808929742929553 -0.006521959168685963 0.9999247589877145 0.010389437987598261 -2.128658071635674 -0.004630808433286759 -0.010419748711450133 0.9999349901109746 201.33644312160916
0.9999036434748605 0.012491804310694084 0.00605463182071737 -0.9025696980123156 -0.012575727548089884 0.9998225332041478 0.01402687415447053 -2.127432818151565 -0.005878336843736057 -0.014101664256522647 0.9998832872994514 202.76698035268598
0.9998752947461463 0.01410394383785013 0.007104484167247698 -0.9015986583392656 -0.014217247965039558 0.9997683607605297 0.016158425389088002 -2.1295780988639677 -0.0068749415344848686 -0.016257416887253674 0.9998442036516206 204.19514628010472
0.9998748668607849 0.014397752921923631 0.0065540293298761345 -0.8971436538886468 -0.01450493023552342 0.9997568277883669 0.016610006580011962 -2.137873925418855 -0.006313289322235817 -0.01670299419103857 0.9998405634721337 205.67570801923455
0.9999332729048391 0.01026396904701151 0.005301005510545381 -0.8946339443132506 -0.010353540238766019 0.9997992296968299 0.01715530581344681 -2.146743272086612 -0.005123860117975734 -0.017209045606457675 0.9998387844093657 207.11037752437343
0.9999574205899702 0.008232970945164562 0.004168355021848812 -0.8919809077557235 -0.008301820637300979 0.9998247670283145 0.016778409365294778 -2.1475553553339997 -0.00402948875928639 -0.01681230022065675 0.9998505437236928 208.54395509898256
0.9999552417987626 0.008710260924265618 0.0036940139707702354 -0.8983117831828538 -0.0087697392523053 0.9998270053569095 0.01640277549673175 -2.152399900926662 -0.0035505027590218155 -0.016434437205021295 0.9998586416123981 210.03152946804263
0.9999472336426646 0.009638235273738582 0.0035544808137933748 -0.9079494524030867 -0.009695178228406171 0.9998190525663039 0.01636660192806066 -2.1561612810326025 -0.0033960927539709437 -0.016400199974954115 0.9998597401625833 211.48732580246397
0.9999354597440265 0.01084655772221291 0.0033806080830977407 -0.9118922733780905 -0.01090247105064203 0.9997963087113738 0.0169846174310787 -2.1489507371792618 -0.003195695106338354 -0.01702037856245415 0.9998500358805157 212.93244273574595
0.9999426665658392 0.01027824815934868 0.0030035272986071015 -0.9258510485237648 -0.010328001318719058 0.9998013400722456 0.01704736912018021 -2.1596892424173793 -0.0028277137536458457 -0.017077412512026616 0.9998501717863253 214.3720694501126
0.9999359847488659 0.010967168675811717 0.002783449930018063 -0.9274903214625401 -0.011011715818841113 0.9998027656133318 0.016527915916359374 -2.169474502412959 -0.002601636703451718 -0.016557508769922097 0.999859530331114 215.84503170211926
0.9999442780722426 0.010286922262117052 0.002370645588941254 -0.9348094310109507 -0.010323935692469179 0.9998159758555994 0.01616882159733513 -2.168463716291063 -0.002203882095899257 -0.01619239535726772 0.999866465704613 217.3100106515833
0.9999477719808371 0.010060217989705116 0.001801472761539733 -0.9335877638498562 -0.01008814617092112 0.9998173931865583 0.016229898454537817 -2.177705127911005 -0.0016378676098710453 -0.016247224646230976 0.9998666636537397 218.77325171476107
0.9999200011593389 0.012544419991273724 0.0016213513612753857 -0.9440892924238893 -0.012568720217120577 0.9997935647620616 0.015964183526712562 -2.1896270729276566 -0.0014207553421895333 -0.015983285045649522 0.9998712497409651 220.25715863936227
0.999947395134042 0.01014051855378643 0.0015416961749513767 -0.9549411036613947 -0.01016374678372514 0.9998220930600757 0.015889634865156488 -2.1807046870467874 -0.0013802928637869005 -0.015904468722698812 0.9998725632156352 221.75255307209642
0.999924931422504 0.012205267122009214 0.0010783998408028467 -0.9583837982804684 -0.012220730264729036 0.999801530779008 0.01573381155387453 -2.1919555114520994 -0.0008861505017009439 -0.01574580959156684 0.9998756343782434 223.23622756563543
