1.0 -6.776263578034403e-21 8.673617379884035e-19 -8.673617379884035e-19 0.0 1.0 -1.828002979293187e-19 0.0 0.0 1.0683203047244863e-19 1.0000000000000002 5.551115123125783e-17
0.9999999012251717 -0.00040226560155641466 -0.00018902894137665886 0.002860749001085376 0.00040244174430343065 0.9999994842358052 0.0009325070838607783 -0.02504134020655409 0.0001886537440151737 -0.0009325830513050247 0.9999995473489043 1.3141118653091612
0.9999987589902508 -0.0015722156774035645 -0.00010077470302896543 0.009180559223676032 0.001572353212089726 0.999997814445585 0.0013779733979107911 -0.035181870911054326 9.86080190975673e-05 -0.0013781301209956967 0.9999990455159715 2.609553686217351
0.999997094583064 -0.002324176390235998 -0.0006395535375412634 0.018846468247707446 0.00232499649458125 0.999996472596266 0.0012842070697960703 -0.06607511583736622 0.0006365666103068717 -0.0012856902792999464 0.9999989708908671 3.9402235740856826
0.9999963492660054 -0.002701592452497193 -5.3405485264374115e-05 0.021998658390438904 0.0027016649240184532 0.9999953681733983 0.0014016562116197005 -0.08086826170370158 4.9618537247178574e-05 -0.0014017953574445433 0.9999990162528986 5.2484322192929005
0.9999956511337494 -0.0029309062091544807 -0.0003278740679413042 0.02464452283329055 0.0029315303237184174 0.9999938624945999 0.0019186206926222376 -0.09060478242875293 0.0003222487842519401 -0.0019195734931990536 0.9999981056942219 6.573176893955036
0.9999914074871037 -0.004140578442770203 -0.0002013960259868346 0.036169194151568496 0.004141154463931554 0.99998708291833 0.002947005279104604 -0.120331986301639 0.00018919113237361816 -0.0029478139254766876 0.9999956372892921 7.9083034190958665
0.9999905144505223 -0.00435372198827868 0.00012693312292036234 0.037307598080183274 0.004353258717109874 0.9999845754067598 0.0034493610434666523 -0.12895132800600648 -0.00014194873749237644 -0.0034487757008617222 0.9999940428792703 9.221346347251897
0.9999936468807312 -0.0035070980961407305 -0.0006375418686961577 0.03701750620251386 0.0035086879731426584 0.999990695874326 0.002509437503655363 -0.14473914904485136 0.0006287351448373566 -0.002511658459328395 0.9999966481255276 10.558404933028415
0.9999996058605376 -0.0008498253781862179 -0.0002570513964961279 0.03226144884074581 0.0008499286628143064 0.9999995581541025 0.0004016381805628624 -0.15630705783315818 0.0002567099817956924 -0.00040185649162617724 0.9999998863055741 11.88100539298915
0.9999973456422748 0.002206559934892698 -0.0006631748510985769 0.03274635719847911 -0.002206994204525889 0.9999973504066988 -0.0006544892528609676 -0.17761831474299777 0.0006617289804006455 0.000655951128737628 0.9999995659217207 13.235074022268483
0.9999881446046649 0.004841755027754461 -0.00051774109262419 0.031859819427715666 -0.00484208493585906 0.9999880741913049 -0.0006369383781540133 -0.18941622102041267 0.0005146510633839904 0.0006394377631465134 0.9999996631270952 14.573922701444657
0.9999863733780288 0.005218366280730562 0.00014733972348683014 0.0297529112474252 -0.005218431852834177 0.9999862850193786 0.0004446854381430418 -0.2081829261017829 -0.00014501718150468183 -0.0004454482554452948 0.9999998902727404 15.905845080352194
0.9999948869854135 0.003197795979350194 1.0144019545885868e-05 0.0412861213729529 -0.0031978120668699423 0.9999911659442654 0.002728009251699711 -0.22538731217995242 -1.420311889762521e-06 -0.0027280277031259633 0.9999962789234638 17.272352714507125
0.9999985884005764 -0.0015450109563174025 0.0006604074387326605 0.048230656342161435 0.001541547639671508 0.9999852231474158 0.005213168139089158 -0.24635429117346253 -0.0006684521384151898 -0.0052121426548687394 0.9999861932728568 18.61279537228489
0.9999944858617266 -0.003319972901297704 7.762103587828292e-05 0.061858882402238094 0.0033196898758867392 0.9999886997201294 0.003402953843249992 -0.2669722482015644 -8.891788191585717e-05 -0.003402677351198436 0.999994206922129 19.97150512719691
0.9999907069038412 -0.004260315468753587 0.0006601639954762484 0.06228416127956368 0.004259402926944308 0.9999899789499521 0.0013782195669975762 -0.27655828854711323 -0.0006660290873814149 -0.0013753948338662563 0.999998832345855 21.312490734784838
0.9999974736546804 -0.002129426873343204 0.0007198786280647775 0.06954806817753499 0.0021290010406151876 0.9999975583987621 0.0005920742823893402 -0.31093287492058064 -0.0007211377104517653 -0.0005905401552900496 0.9999995656109376 22.682036201228087
0.9999988924468965 0.00019269396601488486 0.0014757961927856864 0.06237853201853116 -0.0001953936125168173 0.9999983076614034 0.0018293433321430528 -0.30131622170268735 -0.0014754413153133398 -0.0018296296407365924 0.9999972377594627 24.041378849029797
0.9999966086806102 0.0005977430294715424 0.002534823654689702 0.0704066629048091 -0.0006143514002882737 0.9999783181950045 0.006556349410844914 -0.31935802428172105 -0.0025308498947161093 -0.006557884353771225 0.999975294167737 25.409290296378916
0.999995693631725 -0.0014521679482586468 0.002550279688896379 0.08777122117751707 0.0014335704683535126 0.9999724791540325 0.0072791356925579285 -0.3230888822272397 -0.00256078024556315 -0.0072754482346198916 0.9999702546831595 26.784306955574042
0.9999847283002431 -0.004787242596693147 0.002761425861009194 0.0948362744995873 0.004767163895224211 0.9999624809304384 0.0072326266330519666 -0.3633874645715989 -0.0027959468290470234 -0.007219351903396297 0.9999700313674772 28.1475043289589
0.9999832247650774 -0.005240043826446994 0.0024682234257486823 0.09777709767045435 0.005229473969351633 0.99997721068889 0.004269743655148851 -0.3539160579870398 -0.0024905410309663846 -0.004256764456368872 0.9999878385050395 29.524173436601426
0.9999817377404503 -0.0050414909871428805 0.003332799435121783 0.10897736788917024 0.005031444569723341 0.9999827937098857 0.003016099217876817 -0.3912281639354613 -0.0033479480092156295 -0.002999275297050029 0.999989897743564 30.90421913202938
0.999990013101297 -0.002530030280036968 0.0036841069622791057 0.11014370235277073 0.002524131286479297 0.9999955262975132 0.001605038323253764 -0.38859030067531275 -0.0036881515860201397 -0.0015957231006505804 0.9999919255694988 32.28764470830636
0.9999906018941804 -0.0011962903793321386 0.004167134826551982 0.11553120883026492 0.0011944086242845961 0.9999991836094098 0.00045405838776910537 -0.4147825400355197 -0.0041676749596889495 -0.00044907685196995316 0.9999912143688687 33.67037778059348
0.999990037922276 -0.0008647143394232054 0.004379078137477931 0.1193455879068159 0.0008617482619805484 0.9999993980452236 0.0006791904656344288 -0.4276213017664224 -0.004379663174306233 -0.0006754100265639468 0.9999901811373914 35.063594908045104
0.9999914459614317 -0.001048310296312518 0.004001131038778316 0.1364166163739356 0.0010392865039333074 0.9999969134785014 0.0022567496156809534 -0.4535844430650714 -0.004003484798718817 -0.002252571957042591 0.9999894489579118 36.45222438296323
0.9999929143460715 3.799888967428109e-05 0.0037642813403121625 0.13960669285686425 -5.131767435252774e-05 0.9999937393520296 0.0035381670331724987 -0.4661838613828311 -0.003764123642276067 -0.003538335085872633 0.9999866556884841 37.854861396985996
0.9999915656532375 0.0018307034123373972 0.00367656733533546 0.1432935937511795 -0.0018442061978665022 0.9999915554720877 0.003672586441517182 -0.47409340261596633 -0.0036698131786122275 -0.003679335760984713 0.9999864973870731 39.2405216238468
0.9999838070499885 0.004076194658637975 0.003971180367676462 0.14681271014085576 -0.004091373848992837 0.9999843277425231 0.003821640217198351 -0.49171132642836307 -0.003955540710681701 -0.003837825862281954 0.9999848122782432 40.63630255204367
0.9999763193186857 0.00562355999317974 0.003966909626288356 0.15029108533240307 -0.00564034065526551 0.9999751397838946 0.004231592830235989 -0.502965966189743 -0.003943014720112733 -0.004253867284354433 0.9999831784807736 42.0547537771498
0.9999718620837145 0.006529162721622892 0.0036939235371165205 0.1545842192239821 -0.006545811613583612 0.9999683923879283 0.004512935092507413 -0.5148022201174741 -0.0036643413979822203 -0.004536987771058444 0.9999829940255197 43.44638317134232
0.9999773752494614 0.005839818193044953 0.0033384891330314496 0.1599113227192059 -0.005855008516425537 0.9999724697132689 0.004558365687707623 -0.5387874951186696 -0.0033117774718548426 -0.004577809372955145 0.9999840377662917 44.874549874374125
0.9999807442292873 0.005660968309052221 0.0025425588975910947 0.17253584159720603 -0.005671711790800467 0.9999749348064186 0.004238095174619041 -0.5546510688722815 -0.0025185036542757127 -0.004252434167614068 0.9999877868950415 46.27157723260062
0.9999835475010803 0.005521161002640533 0.0015561188082539729 0.18155603471005288 -0.005528564488568434 0.9999732266156209 0.0047938537106844556 -0.5734915469563631 -0.0015296096336497415 -0.004802377874508596 0.9999872986478134 47.709828498971795
0.9999823645428131 0.005910368864291527 0.0005814980785497567 0.18449031062633509 -0.005913493262551992 0.999967248856075 0.005525560647552793 -0.5840091177182924 -0.0005488209760581841 -0.005528901807800772 0.9999845648987536 49.110715659563134
0.999977817778345 0.006642770161782696 -0.0004873923315563272 0.19121798926482889 -0.006639892438114344 0.9999617841646484 0.005687006903710093 -0.5994588682057724 0.0005251512315810883 -0.005683644439572058 0.9999837100661993 50.53454100408313
0.9999739217708142 0.0070527998533948125 -0.0015536366434929774 0.18799931008045156 -0.007043652626783521 0.9999582745484427 0.005816883125056068 -0.6117738178233564 0.0015945972658240812 -0.005805788071496582 0.9999818748760493 51.98025967535402
0.9999702363871229 0.007170610907245975 -0.00284757304430324 0.19406552506767905 -0.007151414592642749 0.9999520129870242 0.006695446435738882 -0.623567709334864 0.0028954470840725213 -0.006674882884354528 0.9999735308102252 53.389904791758816
0.9999734335391727 0.006319273220410143 -0.003633042166506001 0.20076421392531277 -0.006291561536228841 0.9999514079351217 0.007589336739352333 -0.6399833480983441 0.003680825032420957 -0.0075662775008231205 0.9999646008575415 54.848945353164474
0.9999769521842327 0.005314907306316996 -0.004224553790447057 0.2055694754250936 -0.005282129258052462 0.99995615118295 0.007732711750132447 -0.6565108748197191 0.004265467554057963 -0.007710218778203778 0.9999611784013114 56.25427407726672
0.9999813976199334 0.003745030771716736 -0.004814473325291643 0.21070644727266385 -0.0037092405232596543 0.999965580694767 0.0074215205968761145 -0.6733341179226229 0.004842101844320484 -0.007403524392879724 0.9999608701714509 57.6833736264127
0.9999838803342778 0.0031239429306087483 -0.004741312842720355 0.20849196177670667 -0.003087677741385219 0.9999660708811972 0.007636971901553205 -0.6882357091110496 0.004765009838704888 -0.007622209040209263 0.9999595974878387 59.13930743768019
0.9999866590284808 0.002577751441823071 -0.00447626613177431 0.2163858981952907 -0.0025406196102715265 0.9999624820327944 0.008281291345919274 -0.7012917908891751 0.004497445679638646 -0.008269808256666717 0.999955690643485 60.54057390028087
0.9999914141135606 0.001533671491716343 -0.003849616597128987 0.21214089755647583 -0.0014990419579001247 0.9999585334534492 0.008982441463635072 -0.7169712951294223 0.0038632334052965314 -0.008976593474907113 0.9999522469560245 61.99476168790775
0.9999935415517216 0.00026584843071419056 -0.0035841563836464052 0.22079837476401248 -0.00023477136922257612 0.9999624018740076 0.008668317487561512 -0.7291746733845558 0.003586326385115881 -0.008667419920906569 0.9999560060773443 63.38916583630982
0.9999953366671193 -0.00030443832583607175 -0.0030387430557885318 0.22193816877542058 0.00032902441556117984 0.9999671917827258 0.00809364614092245 -0.7434490403779969 0.00303617959812156 -0.008094608100925516 0.9999626287658705 64.8039537359707
0.9999973353793974 -0.00013774466360780952 -0.00230439995927139 0.22063134483743713 0.00015609979462176437 0.9999682510545644 0.00796696443773616 -0.7604431538189437 0.002303229583001021 -0.007967302809745298 0.9999656080156679 66.25536393789676
0.9999978987295097 0.0011686731743877187 -0.0016842620191777615 0.21827222734031138 -0.0011551794839455216 0.9999674079917666 0.007990526976248004 -0.7723012609775635 0.0016935455824659768 -0.007988564445590325 0.9999666568119742 67.63227815276876
0.9999936463195199 0.003422111290167085 -0.0009982350834890075 0.2146955748885283 -0.0034129463663271574 0.9999532864896907 0.009043043976273799 -0.78494869762926 0.0010291348427200076 -0.009039579466605057 0.9999586125822306 69.09127774108494
0.9999799314701795 0.0063303194945529585 -0.00025240432932144806 0.20875851865323353 -0.006327409850721148 0.9999277441795822 0.010221072216371191 -0.789377939222646 0.0003170887731638681 -0.010219269882056672 0.9999477316185554 70.45950393213549
0.9999514833341452 0.009836776785816199 0.0005184505545162543 0.20298167696791275 -0.009841935338321822 0.9998897464797595 0.011118957355138502 -0.8069591575143433 -0.0004090187226556295 -0.011123520298025201 0.999938048075964 71.9076694040974
0.9999009471405363 0.014040633214525351 0.0009780119249193555 0.20105277846697167 -0.014050616093803326 0.9998398757045822 0.011081659058162871 -0.8120352510925396 -0.0008222618750296342 -0.011094302900250336 0.999938118244616 73.26641991914788
0.9998464983849092 0.0174253750449268 0.0018264562926612968 0.1962451721634178 -0.017444170562803157 0.9997891234054793 0.010835574408616254 -0.8243771863278258 -0.001637257318735868 -0.010865771991498907 0.9999396253662548 74.66399394513208
0.999820815177957 0.01874910196720707 0.00260934440786247 0.19604234167626217 -0.01877638472339557 0.999764770637644 0.01085591141359857 -0.8290652384684163 -0.0024051922180882233 -0.010902960099191738 0.9999376683081291 76.09970526799061
0.9998113905433267 0.019193999616194415 0.0029620403106404188 0.19832231331609773 -0.01922661550294793 0.9997500913324987 0.011405796037530886 -0.8407399284241792 -0.0027423774490912102 -0.011460594644371668 0.99993056465226 77.45662232282028
0.999833343653152 0.0180072537657269 0.003003947362186124 0.20803951740482557 -0.018040839234041487 0.9997704807293663 0.01155482687059741 -0.8546470002485695 -0.0027951874263168796 -0.011607094752124755 0.999928728594184 78.88350276661794
0.9998422020509794 0.017528946227612596 0.0028821887964890257 0.2135828389808589 -0.017559719174359802 0.9997850608601022 0.011022176888120086 -0.8626248607624344 -0.002688362374167582 -0.011071047880094192 0.9999351001922313 80.23686599509391
0.9998517378905108 0.017034021502690483 0.00251879350687412 0.22437174133786508 -0.01706112430604346 0.9997921543367463 0.011160923009492592 -0.8741397377550135 -0.0023281547728893565 -0.011202241557639152 0.9999345425922417 81.63209603370764
0.999856709879224 0.016778593197755914 0.002244658683335934 0.22919734894727428 -0.0168033550920326 0.9997925789861878 0.011508531601604506 -0.8792784133532557 -0.0020510962896554746 -0.011544600175645193 0.9999312552371595 83.04303227262919
0.9998578760988279 0.01676183134530819 0.0018079230980678788 0.2331316275657368 -0.016781229065495323 0.9997952441118074 0.011307530234647511 -0.8926873707104944 -0.0016180181299269049 -0.011336262175000814 0.9999344334339377 84.40367217202696
0.9998531590550894 0.017103740166238376 0.0010594203425229624 0.23643862903253676 -0.017114891858771034 0.9997861873850608 0.011604310822714878 -0.8952442310716789 -0.0008607167739099059 -0.011620738534309547 0.9999321064912409 85.81206193913515
0.9998654506997741 0.016403665908873585 1.467130611088139e-05 0.23838146836108748 -0.01640260157474695 0.9997894502905559 0.012329224901593707 -0.9059365128255679 0.0001875762907238088 -0.012327806485193585 0.999923992107127 87.16272234339328
0.999887714757528 0.01494550068342551 -0.001090808782679347 0.2428281866575257 -0.014929670484805048 0.9997999585715813 0.013309688704014326 -0.914433216607163 0.0012895106507011924 -0.013291908617060711 0.9999108271821887 88.5389103569495
0.9999121496250263 0.013060333528529876 -0.002262896879522789 0.24693528929417313 -0.01302745262378626 0.9998173680809078 0.013982703291864783 -0.919330546358051 0.0024451025803845523 -0.013951994924689019 0.9998996766174301 89.9397643730651
0.9999257736490382 0.011810537371903303 -0.002993055914840805 0.25046337900119725 -0.011767221054145191 0.9998313607033309 0.014099031502263912 -0.9260215559616495 0.0031590685752407094 -0.014062764830627926 0.9998961240649908 91.2904340062437
0.9999403364258924 0.01036715880403583 -0.0034417428557192457 0.25013594210332796 -0.01031835273800939 0.999850037276749 0.013908075985576826 -0.931960054840027 0.0035854142589530937 -0.013871732864330607 0.9998973546428099 92.67769257724633
0.9999450142306345 0.009802858657200425 -0.003724575863307669 0.249535264726444 -0.009750353381161248 0.9998563617425443 0.013863135067550129 -0.9376557154236602 0.003859939552084928 -0.013826056663189836 0.9998969651988577 94.02449028301089
0.9999394453496387 0.010334362412540071 -0.0037824032292988587 0.24529796300940782 -0.010282616463751629 0.9998566205986736 0.013453849495506357 -0.9416342314765189 0.0039208981991673535 -0.013414141608352442 0.9999023389075701 95.40353179783096
0.9999401289186105 0.01025696665745287 -0.0038122434539856536 0.24575222589764206 -0.010205781049230589 0.9998606301779364 0.01321220176669522 -0.9455519462141607 0.003947229589513205 -0.01317250362709151 0.9999054477887706 96.73645037921727
0.9999285402993185 0.011411265000682657 -0.0035633285958156886 0.24057888575110886 -0.01136466380354633 0.9998530354104349 0.012835576394596123 -0.9541958239680314 0.0037092753910826157 -0.012794162953535746 0.9999112713943467 98.09669072945358
0.9999140659126602 0.012695165377567477 -0.003270099082825757 0.23266359144065002 -0.012650809564315217 0.999832241320435 0.013245612904178623 -0.955386387479421 0.003437706034102237 -0.013203105064989557 0.9999069257607025 99.46185240587887
0.999905049115281 0.013422316723054658 -0.0031199595811899714 0.22973756136414364 -0.013375303275997863 0.9998035021457498 0.014630734446534469 -0.9630025010887803 0.0033157251499361974 -0.014587614631053729 0.9998880974663089 100.80785685608683
0.9998969291946446 0.014022470402163404 -0.0030824161935800315 0.2260601427766199 -0.013972459497104123 0.9997793004593557 0.015688237074168367 -0.9627875986665138 0.0033017240272936775 -0.015643550915647404 0.9998721807914527 102.15680179778418
0.999900440557285 0.01379154693210563 -0.00298365311949135 0.2233118491423809 -0.01374558668561396 0.9997943184372339 0.014912400868957938 -0.9671226222209517 0.003188704785481513 -0.014869903923331738 0.9998843523664875 103.49523246974424
0.9999019057907976 0.013718875335288344 -0.0028233375949266275 0.21895074907102374 -0.01368188121714063 0.9998253586553513 0.012730213896290548 -0.9766696977296758 0.0029974889968271325 -0.012690336385255574 0.9999149815922587 104.84395813157921
0.9999069795829822 0.013313266740904337 -0.0029646400432076017 0.21722266729544748 -0.013277253112041811 0.9998415931529837 0.01185340368351723 -0.9807299520143418 0.0031219782151735553 -0.0118129386301942 0.9999253510760183 106.16954625049233
0.9999315384483068 0.011354780211216192 -0.002826193251289434 0.2143631875627937 -0.011317337620721128 0.9998523584022643 0.012929783092342663 -0.9872408615997615 0.0029725910857969755 -0.012896912731522691 0.9999124128314888 107.51832721970227
0.9999605362687104 0.008583558865396381 -0.002290941686275017 0.21813227870136742 -0.008548916945259853 0.9998550243677251 0.01472570156197303 -0.9871018150625238 0.002417008687220089 -0.014705535149318388 0.9998889464799341 108.83791052396515
0.999973757570062 0.00710720328573972 -0.0014042175688671037 0.21817760219310056 -0.007084602415904466 0.9998548718344995 0.015493343631385098 -0.9937171140895971 0.001514128249441137 -0.015482988502353672 0.9998789849121298 110.18539860747617
0.9999767868970594 0.006779163450436597 -0.0006845473808622547 0.22128859110447463 -0.006768342681279865 0.9998685174464855 0.014735581931849567 -0.9946040757194198 0.0007843523613779158 -0.014730606409981362 0.9998911910867313 111.51115045901915
0.9999640859647037 0.008474792497620811 -6.830671162161728e-05 0.22057431383160897 -0.008473232554657793 0.9998827385965915 0.012755916476506242 -0.9982927823995906 0.00017640246493779918 -0.012754879398324486 0.999918637651231 112.81853598714079
0.9999363713450428 0.01124131500745824 0.0009413214580256558 0.22428078387463302 -0.011251161864303378 0.9998739267219583 0.01120455445546407 -1.0103287346376881 -0.0008152489206377225 -0.011214432324567467 0.9999367839352293 114.17826499255341
0.9999046648437384 0.013583424662131223 0.0024802783138484245 0.22256187607800937 -0.013610012375773918 0.9998464663319543 0.011036818130455815 -1.0103555320885438 -0.0023299799102898654 -0.011069522394506755 0.999936016381764 115.48446133657556
0.9998838711692234 0.014730801304415174 0.003904823623228162 0.22302931186443975 -0.014779392800428868 0.9998098497769894 0.012721394192678698 -1.0154217477139265 -0.003716685095948154 -0.012777627611954131 0.9999114553162775 116.84881875021888
0.9998874336722792 0.014222927174180323 0.004777897756218291 0.23093416446794757 -0.014292984801835024 0.9997858835740077 0.01496320906556039 -1.0167322082088908 -0.004564054474112579 -0.015029814917131089 0.9998766294179813 118.15390249629712
0.9998871197484566 0.013942352331947797 0.0055998708094792335 0.23964493173073953 -0.014028349910162372 0.9997795403915197 0.015622933376584791 -1.0248668938613814 -0.005380816268175359 -0.015699726578400124 0.9998622732092588 119.52038820999826
0.9998705539131255 0.014669295093008301 0.006609627580922612 0.25079115350310044 -0.014769601643342836 0.9997724566222392 0.01539135740031299 -1.0235003633685786 -0.0063823437695763 -0.01548698639422465 0.9998596996213085 120.85994383953764
0.9998389477626713 0.016089804063920063 0.00794963612111333 0.2608324554002249 -0.016208872691018984 0.9997538836879656 0.015147426738625003 -1.0233116290988247 -0.007703961097082825 -0.0152738416333613 0.9998536686599938 122.16900455871348
0.9997963947629998 0.01803776638851145 0.009044775697605626 0.2678505081792518 -0.018171615501833056 0.999723238424333 0.014941184380308642 -1.0199148805823952 -0.00877276758600532 -0.015102500247924627 0.9998474648785567 123.52967918945474
0.9997709656419155 0.018754091617803063 0.010310202116980825 0.28081553449544316 -0.018902013768976968 0.9997170341567848 0.014441798385161898 -1.0227943924822946 -0.010036442705663368 -0.01463337409117312 0.9998425546912346 124.84424996389141
0.9997377433392237 0.019894364889394913 0.011342783764835045 0.2949753361202725 -0.020050533262618093 0.9997033848612003 0.013824560210073411 -1.0218839772414077 -0.011064389397632012 -0.014048363290590792 0.999840098600353 126.20951851027377
0.999743907170919 0.01900122483218751 0.01229119547899973 0.31372257823753247 -0.019167907105963423 0.9997239358167895 0.013588360481161769 -1.0261681096473187 -0.012029607828142847 -0.013820476896130453 0.9998321273837235 127.54969283053454
0.9997314324493163 0.018987119362636973 0.013287295671709394 0.3303456001944306 -0.019178360877869886 0.9997121379044421 0.014416374368418857 -1.0281285338980413 -0.013009746424694324 -0.014667330940768664 0.9998077894758357 128.87158224281703
0.9997507775994963 0.017352302924312203 0.014045648149325168 0.35299253511776696 -0.017565333729425602 0.9997303499382203 0.01518836751607441 -1.0217083800986715 -0.013778308732991256 -0.015431298511704331 0.9997859937160382 130.23254527170218
0.9997584732802286 0.016625893513926022 0.01437270783567834 0.37596497841855814 -0.016849976767564476 0.9997361236535955 0.015612859684139923 -1.0262704815222945 -0.014109338651095185 -0.015851268328107977 0.9997748065696783 131.55561690896934
0.9997811540267602 0.015167962345448104 0.014407530564129243 0.4009450752853998 -0.015396074178410143 0.9997557442473983 0.015856001463521265 -1.0282041626328255 -0.014163509389426999 -0.016074350620872747 0.999770478784984 132.91313795640258
0.9998099564697208 0.013384874587828699 0.014173780282040756 0.4238668803580923 -0.013617981054680027 0.9997714631015908 0.016479447610961418 -1.0249748706028012 -0.013949966874132653 -0.016669333831089907 0.99976373795451 134.25833276564953
0.9998329389179931 0.0121687437917906 0.013638764768658333 0.4484841683920575 -0.012390897081054422 0.9997899760077772 0.0163238958109437 -1.0261832855727884 -0.013437260115953996 -0.016490165017345747 0.9997737316475412 135.58583458392707
0.9998559503747627 0.011589901813127697 0.012399703826095197 0.468397216418207 -0.011793679514638734 0.9997944888123427 0.01648906587117467 -1.026341838951244 -0.012206049911829634 -0.016632928521771864 0.9997871563618803 136.9344497129318
0.9998881660315349 0.00976157441863975 0.01132991965194957 0.4922552352189026 -0.00995635627811943 0.9998013829985869 0.01726457500557783 -1.0210640535963147 -0.011159140834576092 -0.0173754487065479 0.9997867609382397 138.28103565338392
0.9999106327600749 0.008555143588839104 0.010273071572559278 0.5113979888996573 -0.00873559046804454 0.9998060563383456 0.017650472880990996 -1.0215361685077113 -0.010120077689970978 -0.017738636597808922 0.9997914406447992 139.62615187394363
0.9999304763335527 0.007598689646584522 0.009016784685795929 0.5303237332440673 -0.007757784477964634 0.9998124941943776 0.01774241403891101 -1.0180310294954287 -0.008880275629412522 -0.01781113053703147 0.9998019325444218 140.97185573369802
0.9999384097238005 0.007908981495578766 0.007786190504771232 0.541016072090416 -0.008045325631689842 0.9998120660761466 0.017638176988039322 -1.0177893317895106 -0.0076452278374420845 -0.01769973283107727 0.9998141176907591 142.31151974781125
0.99994775343886 0.007631735015278057 0.006800515150253445 0.5565607222454076 -0.007748035331743773 0.9998213147212766 0.01724258101356052 -1.0096150346502841 -0.006667709744691265 -0.01729437053066031 0.9998282084333993 143.65966426561604
0.9999605401268234 0.006710038166179526 0.005821818624805635 0.5706523584370476 -0.0068010759738153116 0.9998526579156476 0.015760959488385063 -1.010391313903704 -0.005715204662434536 -0.015799931966165755 0.9998588393223964 145.00090141531675
0.999985212266934 0.002394786252789396 0.004882647396626223 0.5845981092986967 -0.002468214565509404 0.999883116763776 0.015088430743260205 -1.0217682671888486 -0.004845943535452013 -0.015100258822768347 0.99987424159277 146.3388231863264
0.9999753599363737 -0.005859513683016462 0.003865956076263568 0.6040000710140082 0.005790176602778686 0.9998264130695421 0.01770925193061353 -1.0105165843733408 -0.003969052935313704 -0.017686430747807864 0.999835704887956 147.69278118319573
0.9999145367713943 -0.012873595105902682 0.0022780883338443855 0.6286338297669123 0.01282734569423273 0.9997320394079308 0.01926936997179196 -1.003775195425313 -0.0025255441790210517 -0.019238501041485577 0.9998117331201445 149.01280006588638
0.9998829494288499 -0.015263209646772724 0.0010591742900896645 0.6479326339402425 0.015243950009913763 0.9997511919339885 0.01628423326608944 -1.0086553741630815 -0.0013074605402086876 -0.016266180948771285 0.9998668420787061 150.34908446099223
0.9999063287522161 -0.01360056132352096 0.001535719757981848 0.6527365957776806 0.013578831014959797 0.9998184023966951 0.013370774379715665 -1.0243797515582715 -0.0017172910605218793 -0.013348668447517035 0.9999094278731158 151.70874870416685
0.9999483387644498 -0.009876852558930727 0.002401577940456607 0.6513470834060155 0.009849920344941842 0.9998912115174181 0.01097926311704022 -1.0150641367824296 -0.0025097574531605807 -0.010955040402732761 0.9999368421041791 153.04734432994033
0.9999482415098847 -0.009612560610946154 0.0033336123142651275 0.6580337088593176 0.00957371207625121 0.9998882668366125 0.011480326594516527 -1.0291130655730687 -0.0034435954662607746 -0.011447817177997621 0.9999285420077239 154.39766200002302
0.9999123063117211 -0.012658243406829625 0.0038921131414065384 0.6711312675940388 0.012602395533280101 0.9998218198846307 0.014053758855966166 -1.0304465671307308 -0.004069315889925189 -0.0140034762754562 0.99989366600021 155.74035703990688
0.9998111674186062 -0.018932129921676286 0.004382228487062907 0.6917419248898935 0.018853188187246604 0.9996707658157284 0.017404520115030075 -1.0331733553412499 -0.004710290744898277 -0.017318614341664602 0.9998389263984874 157.089530916707
0.9997259545393503 -0.023001959559176048 0.004350359169120998 0.7119297385044268 0.022916280451257275 0.9995603389162679 0.018814170887715195 -1.0284728055659724 -0.004781209691987981 -0.01870932062328459 0.9998135332837328 158.43336061435426
0.9997107390051014 -0.02365429298234315 0.004348871861383172 0.7297527997822113 0.02356800922051353 0.9995431193101718 0.018923574041655206 -1.0300462697920518 -0.004794509120401179 -0.018815605660481977 0.9998114750528724 159.78068361487797
0.9997467276916195 -0.021869179320637866 0.005312195251860025 0.73875628840178 0.021763829282284413 0.9995799034664679 0.01914033402545136 -1.0233112450188204 -0.005728547501636328 -0.019019872318506884 0.9998026946263893 161.13807823255735
0.9997893358496961 -0.019515207857211045 0.00635928809784076 0.7439212748769504 0.019393868217690173 0.999638624291195 0.018614477058606648 -1.0142900964859556 -0.006720255964290922 -0.018487224188689113 0.9998065116234095 162.48657973275053
0.9998464468215817 -0.015932867246910443 0.007295648903099219 0.7507356355638763 0.015806281213753985 0.9997289774379733 0.017091904110042577 -1.016772855800182 -0.007565995296120121 -0.01697396226668124 0.9998273052411054 163.83902535892892
0.9998744053566209 -0.013702680074453792 0.007963042809739248 0.7593359643416175 0.013570807138269799 0.9997736514131934 0.01638533390937993 -1.0147544268445126 -0.008185764065131608 -0.016275210842611323 0.9998340416117337 165.19508765411112
0.9998744780889818 -0.013508356131176225 0.008279635281712753 0.7692456072959937 0.013364925370462057 0.9997637602830246 0.01714066593599379 -1.0091717268665763 -0.008509222240230058 -0.01702785744995883 0.9998188061813558 166.5500111473045
0.9998874181482124 -0.012664969418702345 0.008046711154669336 0.7841390773352026 0.01252652146801482 0.9997765212569755 0.017029205356681468 -1.0061127709086166 -0.008260587947145155 -0.016926490629561305 0.9998226125608409 167.88983167242776
0.9999105123984278 -0.011027306473241941 0.007574014338411273 0.7924708436445959 0.010910315622331832 0.9998231477109923 0.015317909139615966 -1.0004838394158826 -0.007741590787508737 -0.015233903266921953 0.9998539873156922 169.26317737894752
0.9999479468006426 -0.007260508683579371 0.007168590942717565 0.8030147273293511 0.007170119839851905 0.9998954713845922 0.012555305747414923 -1.0041204292886388 -0.007259000136740147 -0.012503252364945502 0.9998954823318784 170.6145441766651
0.9999742310608245 -0.001922620008380898 0.006916700436102978 0.8095362268314152 0.0018436560761573384 0.9999332639498913 0.011404761688612151 -1.0133952651902052 -0.006938166447580991 -0.011391715617863814 0.9999110413696493 171.99858300919368
0.999973127732173 0.001558329123896831 0.007163478353938888 0.8132385839477168 -0.0016460230750840069 0.9999235837161375 0.012252238469475343 -1.0117161711485685 -0.007143838525213228 -0.012263700297405441 0.9998992785359386 173.36852904732496
0.999960828445185 0.003992674433699438 0.007899374809362612 0.8158717956986459 -0.00410558347003868 0.9998889035430636 0.014329158059096443 -1.0125076208299773 -0.007841286209013625 -0.01436102809912869 0.999866128584907 174.7600351309112
0.9999588110887101 0.0043158434746183244 0.007984335733587478 0.8241258931485562 -0.004443701508273743 0.9998610632328474 0.016065732629832845 -1.0120047687868097 -0.007913889889664334 -0.016100550672199555 0.9998390583497762 176.12945016758601
0.9999734729048901 0.0014331740857039161 0.007141393202851304 0.8415536319499717 -0.0015560798140280248 0.9998502627511264 0.017234578874362645 -1.0068265244374894 -0.007115624313850226 -0.017245234019381103 0.9998259697462731 177.51407185640636
0.9999841109065902 -0.0007699043892604458 0.005584369354058626 0.855617914341259 0.0006723226242316057 0.9998474242080939 0.01745497933764 -0.9974392920979642 -0.00559695644869074 -0.017450947243099126 0.9998320551484566 178.90270087337447
0.9999928522540319 -0.0015885904582787359 0.0034310087870922366 0.8658618953827537 0.0015410253849848774 0.9999032873156032 0.01382176794441467 -0.9998328183993687 -0.003452634383413678 -0.013816381677883561 0.9998985883079117 180.2421774528826
0.9999969563409464 0.0014255373952755657 0.0020137408525379603 0.8668045223540222 -0.001444961894304804 0.9999521267926762 0.009677614189948504 -1.0073923197826926 -0.00199984881435293 -0.009680494373462826 0.9999511431188427 181.66531957926802
0.999987017947182 0.00489451139911106 0.0014169309422822273 0.8617832764263219 -0.004906632306975216 0.999950283256573 0.00868078246236031 -1.0023645663302911 -0.0013743724217230276 -0.008687622002246197 0.9999613174101826 183.0505272224473
0.99996774976109 0.00795153824364491 0.0011280387499927038 0.8602277249129939 -0.00796264684964118 0.9999161695427535 0.010210296622218975 -1.0046378828164984 -0.001046756706733598 -0.010218949365444931 0.9999472372906107 184.3985575653458
0.9999468154946098 0.010224977999515668 0.001347589403319996 0.8575068774248613 -0.01024177100648746 0.9998616564456209 0.013106262571572703 -1.006437674884813 -0.0012133918245189387 -0.013119367035519957 0.9999132011713021 185.83446776117373
0.9999489886870926 0.009961306124336482 0.0016710459684152962 0.8632379371060421 -0.009985829415177751 0.9998319851916939 0.015371552383892569 -1.0009090243875411 -0.0015176445925803002 -0.015387454819871159 0.9998804543415294 187.19102784247957
0.9999469738886368 0.010121751358088706 0.001897248212216044 0.862634729358063 -0.010150716726960942 0.9998215018789498 0.015935098229860733 -1.0002724504671 -0.0017356185965581852 -0.015953511453624454 0.9998712282513511 188.64476500248406
0.9999589040165228 0.008885623138198318 0.0017988808175100797 0.8719815692594791 -0.008913889363824104 0.9998263165778647 0.016367017996394884 -1.0018497213741615 -0.0016531373631923857 -0.016382380166726915 0.9998644331812745 190.05039987631451
0.9999799835640241 0.00607607811136565 0.0017645800855875075 0.8838695617464518 -0.006105666801983086 0.9998321050964607 0.01727664526440037 -1.0006076152252235 -0.0016593097122544588 -0.017287073136391596 0.9998491905165232 191.42563743888994
0.9999884504672598 0.004312458279594239 0.0021217055162696397 0.8920607295671253 -0.004348339054035939 0.9998424831891884 0.017207579027276595 -0.9979770240318027 -0.002047164515247094 -0.01721660593422552 0.999849687493325 192.8718030951603
0.9999963677495238 0.0011350736077892533 0.002444605486873334 0.9032278008252513 -0.001179311848846365 0.9998341898757809 0.018171461056174343 -0.9898895036805743 -0.0024235744032481757 -0.018174277742098285 0.9998318968193756 194.25762608160574
0.9999917577172239 -0.0028948543164738637 0.0028468079848708878 0.9166997364847741 0.002839402960899143 0.9998098336287788 0.019293376843452285 -0.982087454337952 -0.002902118377053854 -0.01928513430709751 0.9998098125564077 195.71320810462268
0.999976283262786 -0.006152777739411189 0.0030945491925945413 0.9312985354269273 0.006089782500687203 0.999782026729733 0.01997031800019248 -0.9811905762815397 -0.0032167478632321887 -0.019950998947741178 0.9997957842248347 197.11320827598095
0.9999858134119247 -0.004170044105555844 0.003314167421983207 0.9357952898804136 0.004117745130232914 0.9998693067686746 0.015633731908422276 -0.9730896720021652 -0.0033789279187966034 -0.015619862995313847 0.9998722932010187 198.56530550403377
0.9999887084029757 0.0029014090660789424 0.003763627430108889 0.9331364047155825 -0.0029411979884204635 0.999939389059955 0.010609786560463514 -0.9746564186530529 -0.0037326162937528747 -0.010620736179200157 0.9999366317567835 199.98776963206893
0.9999142522988813 0.012117710800190824 0.0049647880118768965 0.9298208191303687 -0.01216852889347391 0.9998725346908381 0.010336406480828812 -0.9660806767696127 -0.004838901990081539 -0.010395934175872836 0.9999342526242518 201.40992231173882
0.9997934273375886 0.0193498081547976 0.006219930819058176 0.9185675509794277 -0.019436536353040344 0.9997102608653801 0.014199134662623117 -0.9673569379454551 -0.00594337862077476 -0.014317095217389992 0.9998798412922159 202.8638215465371
0.9997638532917633 0.020546741683233262 0.007075946196536083 0.9270779537529206 -0.02065992124911042 0.9996534934835001 0.016311366513890608 -0.9629485890684196 -0.006738349457723551 -0.016453702895186065 0.9998419226523352 204.29430296010534
0.999788844656402 0.019448065589032983 0.006636174143995749 0.9432275725152516 -0.019557646956836868 0.9996664340390261 0.01686769560011255 -0.9643810080939887 -0.006305917012924197 -0.016993921604695893 0.9998357075158211 205.7652002166402
0.9998562894300643 0.016078100754033906 0.005375419760993774 0.9599390484061993 -0.016167341794227543 0.9997249070584665 0.016991977759200114 -0.9604098251160347 -0.005100742711930606 -0.01707644183671697 0.9998411761583654 207.2145609982922
0.999886854006957 0.014435721364551471 0.00422955227639317 0.9781439141772861 -0.01450554799258246 0.9997507464948934 0.016971564372096872 -0.9663000810063795 -0.003983501599692202 -0.017030995837233494 0.9998470267391883 208.65349108556046
0.9998831634247276 0.014800604578865126 0.003821201725721773 0.9841991301744015 -0.014861098008948852 0.9997563754391504 0.016319852079179346 -0.955041380195286 -0.0035787274041155126 -0.01637473234259307 0.9998595205502429 210.11615318655308
0.9998656753945153 0.015980167022407284 0.0036421703764347884 0.9906721977249485 -0.016038420797152092 0.9997340827121776 0.01656903627197298 -0.9530784319238903 -0.003376426170369064 -0.016625225066100775 0.999856090455804 211.56909267103342
0.9998494577325769 0.016979202320785546 0.0035733083337362143 0.9957148896651348 -0.017038378356714536 0.9997062258404279 0.017238205356513304 -0.9457811773479379 -0.0032795678802462766 -0.017296493410110185 0.9998450258580848 213.04579236730703
0.9998584804324867 0.0164925925549417 0.00331865510804933 1.0022158290945042 -0.016546937594920156 0.9997172905190828 0.01707448203169476 -0.9458399611818392 -0.003036114665897127 -0.017126978992459595 0.9998487128468087 214.51434798585248
0.9998562711352771 0.016705835792775237 0.0028899991264836854 1.0123930208134229 -0.01675132486545086 0.9997234487239925 0.01650512738159113 -0.9428737539005904 -0.0026134681586364 -0.01655116619608383 0.9998596044772899 215.95318204028092
0.9998668004928252 0.016092182451741682 0.002724502008792971 1.0192120803128493 -0.016134101111835487 0.9997396561037785 0.01613415122052659 -0.9427613012534863 -0.0024641591967718233 -0.016175959319227856 0.9998661241605026 217.4385112549056
0.9998591662662873 0.01663627492081502 0.0022095165346187016 1.026776338009332 -0.016670066888156643 0.9997285952079387 0.01627405407973087 -0.9387559650024413 -0.0019381773798446836 -0.016308594699339297 0.9998651275004142 218.8937759773716
0.9998529983363883 0.0170330759156684 0.0019636737341328188 1.029273079031283 -0.01706225176200793 0.9997272767729845 0.01594527153977905 -0.9367230973553764 -0.0016915413096124446 -0.01597643202583592 0.9998709378175658 220.3831657087926
0.9998517811152774 0.017124228924429573 0.0017822895326604846 1.0355193841040793 -0.017150431306665097 0.9997264474020674 0.0159026134543255 -0.9364501234298623 -0.0015094821097109447 -0.015930823193441 0.9998719569628263 221.8517869115376
0.999828741198151 0.01845888703593286 0.0013257942575763682 1.0363284943765751 -0.01847737606680413 0.9997069931893148 0.015636955913272 -0.9334044768010786 -0.0010367650682417207 -0.015658774922760077 0.9998768563533438 223.36164353619515
0.9998252573965353 0.018665901080556085 0.0010192030628873722 1.042250593679472 -0.018679564155443085 0.9997032514932027 0.01563594850928634 -0.9370307933833668 -0.0007270416019145498 -0.015652254288807996 0.9998772316295654 224.8372270144437
