1.0 -3.469446951953614e-18 0.0 -1.7787691892340307e-19 0.0 0.9999999999999999 -3.5405977195229754e-19 0.0 2.168404344971009e-19 -2.354751593366955e-19 1.0 0.0
0.9999998712940694 -0.0003289729460944583 -0.000386249361620402 -0.0034755309141038986 0.0003293172493857542 0.9999995482819936 0.0008916194775120884 -0.024142944512120963 0.00038595590182230813 -0.000891746578970913 0.9999995279132992 1.3159874783863583
0.9999992934622333 -0.0011333465807621176 -0.00035861088026082613 -0.015549220551176 0.0011338906742233024 0.9999982012322679 0.0015204677428145791 -0.04048325386340778 0.00035688704975929213 -0.0015208733234780836 0.999998779787644 2.6178427092300414
0.9999975615164612 -0.002038256553941107 -0.0008499841390863225 -0.019874110034818822 0.002038919534463208 0.9999976174335531 0.0007796994198623034 -0.07235582907060498 0.0008483929589609662 -0.0007814305823749519 0.999999334798334 3.9449706573748275
0.9999966649038836 -0.0025644939972847263 -0.00030586748558161293 -0.031843390703408636 0.0025648475867901914 0.9999960371154949 0.0011607352131267723 -0.09363607120390367 0.00030288960169461707 -0.0011615158666218662 0.9999992795694586 5.258180814700262
0.9999953403523909 -0.002990654490813538 -0.0006125867614042088 -0.03223585831927643 0.0029917889877396475 0.9999937962875188 0.0018591881370542962 -0.10780116026322335 0.0006070228247575954 -0.0018610122391039584 0.9999980840771737 6.582535213975863
0.9999906807854457 -0.004306764883413533 -0.0003002063281209047 -0.03285623872346147 0.004307622336826293 0.9999864716392117 0.002915634067006111 -0.14098913796472504 0.0002876453433854837 -0.002916900125499723 0.9999957044681866 7.917039688988168
0.9999909422662879 -0.004252952089869122 -0.00016670151452882038 -0.04575253149148688 0.004253546853214878 0.9999839420635029 0.0037447226594510066 -0.1598158470750292 0.00015077272766417173 -0.0037453978841404324 0.999992974606967 9.22786719524362
0.9999931819541263 -0.00363767049231503 -0.0006351399111022185 -0.04662566362911813 0.0036391710975056165 0.9999905523743775 0.0023773073479000837 -0.18292037308691766 0.000626486104875707 -0.0023796025667431353 0.9999969724995235 10.57008698653862
0.999999549396845 -0.0007488998352896403 -0.0005833998663196671 -0.06227652730217251 0.000748767445284312 0.9999996938638648 -0.00022719669156616936 -0.204162793941452 0.0005835698844673582 0.00022675976293096416 0.9999998040135271 11.886952786982457
0.9999963570737292 0.0026267757155846007 -0.0006211947396020353 -0.060189101874606216 -0.0026273482766345363 0.999996123085739 -0.0009224203809411121 -0.23071732468540318 0.0006187693911909634 0.0009240491312580397 0.999999381629066 13.225071985703229
0.9999870473104244 0.005078182710046485 -0.0003424343330915183 -0.08301707985052761 -0.005078481839734512 0.9999867194895493 -0.0008774262242381175 -0.24699071742965362 0.0003379740822201855 0.0008791539189144926 0.9999995564310665 14.565235691203625
0.9999838750841087 0.005676633746594346 0.00015934237244166478 -0.10423304847235089 -0.005676623192978366 0.9999838854760992 -6.890997593285661e-05 -0.2707772454857668 -0.0001597309953350202 6.800433528140004e-05 0.999999984930584 15.90790194754728
0.9999921031101742 0.0039579334320895155 0.00035843174919496625 -0.10350774812010241 -0.003958898232826227 0.9999884328854138 0.002731524680866165 -0.2949353934066092 -0.0003476164377355852 -0.002732922161747923 0.9999962051424309 17.2580736854664
0.9999998229899123 -0.00023477502329391324 0.0005467193275084064 -0.1024642093992035 0.00023211089450664128 0.9999881245388821 0.004867946614809496 -0.32397903143580364 -0.0005478557495745611 -0.004867818948938963 0.9999880020245567 18.612023977307782
0.9999969802241367 -0.002457486788916337 1.7462088691397315e-05 -0.09391995656782978 0.002457423552158021 0.9999924860789021 0.0029981412646243382 -0.3544986647259939 -2.482984952553182e-05 -0.0029980893563514065 0.9999955054120164 19.96255601714048
0.9999934159395221 -0.0036130089503964725 0.0003380080955676034 -0.10015858244862956 0.0036128199352473724 0.9999933175890322 0.0005588419126960825 -0.35965582786658007 -0.00034002496572320537 -0.0005576170788091899 0.9999997867228703 21.304406312133143
0.9999986258913145 -0.0015069134050135404 0.0006909636716802036 -0.11171103270036432 0.0015072082462808042 0.9999987733163898 -0.00042624730546051304 -0.4077517271123818 -0.0006903205648906747 0.00042728815603131195 0.9999996704405852 22.658500304157094
0.999997790756575 0.0013376390925240803 0.0016214819131499644 -0.12093621475062655 -0.0013393821177192069 0.9999985259716342 0.001074296154355285 -0.4108966799219461 -0.0016200426386274623 -0.0010764655857747442 0.9999981083390098 24.02386185470342
0.9999957654890839 0.0017867455496270099 0.0022970729631677476 -0.13201860645123517 -0.001800722735940047 0.9999797909860816 0.0060971320002297415 -0.4302852181898433 -0.002286132706487658 -0.006101242693129318 0.9999787739913903 25.4142340456047
0.9999971454359243 -0.0005317823899491543 0.0023294487433654656 -0.11965496775843319 0.0005161725333298617 0.9999774443387529 0.006696594436410302 -0.4426283133672916 -0.0023329575237900856 -0.006695373052750749 0.9999748643278624 26.79041917751107
0.9999883867101247 -0.004213330992146958 0.002339721278470429 -0.12758090584802947 0.004199937300755454 0.999974933199786 0.005700306280108981 -0.4792280549317308 -0.0023636801011006157 -0.005690413505136012 0.9999810159241815 28.157118440216827
0.9999873357983222 -0.004397621614429909 0.0024472793580395773 -0.13209987417089192 0.0043886912437129805 0.9999837349203877 0.00364270191141113 -0.4876452870148618 -0.002463258982417456 -0.003631915492222688 0.9999903707248986 29.51525316494147
0.9999851938230392 -0.0046194165450703685 0.0028763058467461845 -0.13163835497506055 0.004616071705470381 0.9999886631154706 0.0011685530519300765 -0.5281315929594956 -0.002881671513965648 -0.0011552585329798577 0.9999951806601239 30.907473273051657
0.9999923376078578 -0.0019032095240337152 0.0034208955249450963 -0.1431424133863996 0.0019011379910272505 0.999998007552285 0.0006087387382031332 -0.5308673544336929 -0.0034220475549245743 -0.000602230486990046 0.9999939634341836 32.28803006996209
0.9999917036752649 -0.0004910188659522641 0.004043697158309084 -0.14165787538168423 0.0004970059577877554 0.9999987817072177 -0.001479719068186554 -0.5699611277493131 -0.004042966004759221 0.0014817165664063239 0.9999907294255006 33.66698960642981
0.9999903394314497 -0.00041732446755755534 0.004375715920017809 -0.1570855993379319 0.0004221133192314139 0.9999993129913426 -0.0010935431569809972 -0.5800357989927384 -0.004375256922154908 0.0010953796661734118 0.999989828580798 35.06094166590825
0.9999925621214987 -0.0002936753093418353 0.0038457069057310847 -0.15272689385045035 0.0002918580869708202 0.9999998455019125 0.00047309034043289505 -0.6188025569479417 -0.003845845571129878 -0.0004719644269312045 0.9999924933302495 36.45459239310193
0.9999932715748538 0.00040025319795164264 0.0036464511783327073 -0.16253946550103338 -0.0004071629978353031 0.9999981227582333 0.001894386087355054 -0.6301331930025555 -0.0036456864055484407 -0.0018958580758192442 0.9999915573086832 37.85579525139713
0.9999909321990531 0.003055284786778317 0.002966606269849589 -0.15344617796933413 -0.003061764308038322 0.9999929322005618 0.0021820067451793377 -0.6510400660471715 -0.0029599188990172233 -0.00219107005148523 0.9999932190213736 39.25722936005767
0.9999744032191263 0.0061995261054691025 0.003571942668554362 -0.17224283540569554 -0.0062077654429450275 0.9999780863169634 0.002300118743042239 -0.6903022504615237 -0.003557605047104775 -0.0023222336972914532 0.9999909752957837 40.64977492931985
0.9999611655740273 0.008130622214589375 0.003400046021181034 -0.1701638581433441 -0.008139695516861405 0.9999633258088682 0.0026631581191351567 -0.7048464171204868 -0.003378268478507377 -0.0026907300927849907 0.999990673591478 42.07439932702594
0.9999593409672588 0.008407024716041824 0.0032616458389496355 -0.18517382583967223 -0.008415966187855386 0.9999608387020015 0.0027372601717271386 -0.7154818375998502 -0.0032385061667213246 -0.0027645988367659487 0.9999909344926666 43.46165118176846
0.9999642745176441 0.007914376607758346 0.0029685548960370492 -0.19668091757738615 -0.007923184072678908 0.9999642099524992 0.0029668138762693466 -0.7449544596506444 -0.002944968415929087 -0.002990228354884655 0.9999911928073186 44.88586364062018
0.9999671195483898 0.007819396193044458 0.002148685989756328 -0.18855609785853727 -0.007824725395939874 0.9999663039644069 0.00248286617766781 -0.7790534566213427 -0.0021291992516270647 -0.0024995974712605524 0.9999946092457717 46.28024076743824
0.9999724096747152 0.007341444492530853 0.0011327260442649948 -0.19640585220766332 -0.007344940908238421 0.9999681780153279 0.0031136497173478773 -0.8055482201837427 -0.0011098314038334763 -0.003121883682850182 0.9999945110427051 47.71930719074786
0.9999729609395283 0.007350513451186981 0.00021754701080357094 -0.20384906617180515 -0.007351289382469749 0.9999657246068155 0.0038089592546563123 -0.8202268868124531 -0.00018954176145629395 -0.003810455595585242 0.9999927222248105 49.115292766610125
0.9999674003589051 0.008046608846363865 -0.0006710344036124677 -0.2219241752893773 -0.008043988117076503 0.9999603442682518 0.003821539287351555 -0.8428064928318991 0.0007017582869738746 -0.003816016995719586 0.9999924727474294 50.543442725018835
0.9999636108716268 0.008358271879394821 -0.0017076893098956695 -0.23207532589974625 -0.00835153519477585 0.9999574614779314 0.0039149855340421995 -0.8641802666903227 0.0017403393305172293 -0.003900581328454301 0.999990878302434 51.984095080896005
0.9999584776890241 0.008712307066110984 -0.002671812053072739 -0.2485817231133564 -0.008698092866350671 0.99994819659348 0.00528652321074095 -0.8848449920708444 0.0027177316910147334 -0.005263064145338242 0.9999824568942814 53.39872451220582
0.999971170782111 0.006621560613696781 -0.003716519772781118 -0.2532756828433261 -0.006598964858507724 0.9999598665724799 0.006059613774979189 -0.899095462632999 0.0037564950379327115 -0.006034914024750059 0.9999747339639429 54.85060519677567
0.9999758838613433 0.0056462851689230865 -0.0040436543733446675 -0.26629201888696397 -0.005618034924465229 0.9999599693045821 0.006964013296813233 -0.9309184021347698 0.004082813658335096 -0.006941128104663791 0.9999675751657447 56.24663390713093
0.9999838754401168 0.003484868307907764 -0.004483808383573504 -0.28249951792340844 -0.003457396010946665 0.9999752939839596 0.0061202809838227755 -0.944816800714473 0.00450502636520302 -0.006104680122420992 0.9999712183999441 57.67107806457754
0.9999878197916048 0.0021495010124839616 -0.004442960900413499 -0.2990253217561443 -0.0021204639521665517 0.9999764313482745 0.006529960382385852 -0.9686973215378597 0.004456892724060274 -0.0065204598414651035 0.999968809374058 59.12374828423736
0.9999893133254986 0.0020704396888737474 -0.00413358232928673 -0.30642789787055713 -0.0020389763546081793 0.9999690299560575 0.007601427863562132 -1.0011043394914636 0.0041491929666618264 -0.007592918507562209 0.9999625651974599 60.52159941151639
0.9999939752372278 0.00010984606168219606 -0.0034694980299731894 -0.3284293782341678 -8.047741965309767e-05 0.9999641780357115 0.008463815116360277 -1.012768499618551 0.003470303762618825 -0.008463485077352815 0.9999581623353423 61.97103965759805
0.9999931478944439 -0.001411617745505864 -0.0034222062239487707 -0.322734133607001 0.0014401781731581218 0.999964038062 0.008357539402950287 -1.041895909038367 0.00341028579892348 -0.008362410889429853 0.9999592191902852 63.39027069444337
0.999991976693458 -0.0027806193235314584 -0.002883522809586412 -0.33451391892898924 0.0028012459705970792 0.9999703427880435 0.007174019749887035 -1.0556552503019585 0.002863489322400009 -0.007182039788935455 0.999970108923496 64.79362619793093
0.9999926425656073 -0.0032016836950859735 -0.00211282680389255 -0.34657952766750466 0.0032164966612505223 0.999970009805592 0.007045114063839309 -1.0693185543158612 0.0020902073955576615 -0.0070518582684746065 0.9999729508009361 66.24597436162502
0.9999975014333315 -0.0017544643647827065 -0.0013852733515690653 -0.3602699553337557 0.0017639174415581375 0.9999749661728881 0.00685241696693922 -1.0865154702441124 0.0013732164732226401 -0.006854843488425348 0.9999755624021001 67.62332444472867
0.9999987647634165 0.0014093403042278203 -0.0006958649431842948 -0.3845019869567119 -0.0014034027350551216 0.9999632222232867 0.008460771916605814 -1.113975219365426 0.0007077635242601678 -0.008459785055180451 0.9999639649063875 69.08584447811003
0.9999883777582762 0.004821147680222345 2.9565337465017145e-05 -0.391942207516987 -0.0048212109881756405 0.9999430717773236 0.00951888309351467 -1.1316529295642594 1.632829555618079e-05 -0.009518915194803645 0.9999546939686806 70.44976956748363
0.9999621794542417 0.008643558067918437 0.0009636117148848146 -0.41340089193698987 -0.008653213335442734 0.9999073156022865 0.010511047483369769 -1.156520727687691 -0.0008726696196221322 -0.01051898850079409 0.9999442931138565 71.9021577807966
0.9999221249177643 0.012386304013350594 0.001524317836892146 -0.4205456186112255 -0.012401364878013969 0.9998700242515043 0.010302464701487064 -1.1648450668208472 -0.0013965103630983894 -0.01032056622965278 0.9999457663658573 73.26760013914577
0.9998689163752582 0.016028697545268776 0.002287112129456856 -0.43636610087855143 -0.01605064712287823 0.9998219226285998 0.00992470641744393 -1.1847599443384833 -0.0021276249018697116 -0.009960115287531577 0.9999481333129867 74.65583200093418
0.9998247568078628 0.018464670516330366 0.0030840831040615394 -0.4441424724870966 -0.018494054279610324 0.9997810676962815 0.009787067035361929 -1.1965131480687339 -0.002902693168960386 -0.009842389324597987 0.9999473494860665 76.08168428303355
0.9998344339444366 0.017884827335986453 0.0033522536471658495 -0.44786616831470116 -0.017918080438832903 0.9997877687583696 0.010166606160296696 -1.2100093316055445 -0.00316971445911521 -0.01022498907857211 0.9999426996123205 77.47282660609416
0.9998492080062085 0.017032002706633742 0.0033870475128463043 -0.44818882656687115 -0.01706629634350105 0.9998006086980601 0.010367469264848914 -1.2387602080816364 -0.0032097936643069314 -0.010423710505956363 0.999940519972749 78.87169799813731
0.9998657934544339 0.016084175378205362 0.0031135740142558877 -0.4481604530667687 -0.016112621836509185 0.9998265844883629 0.009337259111724316 -1.2430370978062477 -0.0029628522028898544 -0.00938617402599511 0.9999515594483274 80.25333732913225
0.9998780651263763 0.015328528950309388 0.002981785202122596 -0.4582098026927624 -0.015356146956687626 0.9998372342763693 0.009470678023439622 -1.269629671029093 -0.002836128540349199 -0.00951531214624739 0.9999507063895826 81.65920237649527
0.999876310504056 0.015473766411153573 0.002815352338272745 -0.47394383929563755 -0.015501169041933136 0.9998299785669487 0.0099863784422049 -1.282545510506364 -0.002660346998378814 -0.010028784691950635 0.9999461715668845 83.0224331819994
0.9998846772145341 0.014990591433272284 0.002431954837306932 -0.4812720946405413 -0.01501263360018703 0.9998439296113433 0.009313285541919644 -1.2949982447843038 -0.0022919638097529177 -0.009348721748672822 0.9999536730786311 84.39410367634267
0.9998850132359257 0.015061565241243458 0.0017633836508759698 -0.49040247507603973 -0.015077503081846067 0.9998421133685063 0.00940304587097034 -1.3006359729415289 -0.0016214807776402864 -0.009428552263636309 0.9999542355543279 85.79174920399215
0.9998966066947562 0.014372689458742968 0.00044909011267746574 -0.4923808890612338 -0.014376464663302072 0.9998466126098531 0.010003426894321465 -1.3212632615371545 -0.0003052450982230122 -0.01000884914311971 0.9999498636267331 87.18319878868344
0.9999106946874523 0.013358156217518694 -0.0004028376769578295 -0.5062169313375018 -0.013352689405696293 0.9998456807404987 0.011415796912214518 -1.3405473879476952 0.0005552695651723479 -0.011409398690081864 0.9999347565227613 88.54710993514294
0.9999416697468576 0.010653422378389704 -0.0017781079311293075 -0.5083413980573317 -0.010630440964202851 0.9998657451951719 0.012469375681223667 -1.3594725058949328 0.0019107109083902644 -0.012449746523088478 0.9999206733553142 89.92535097462118
0.9999546857752126 0.009130458416687928 -0.0026946428890471056 -0.514107610711317 -0.009096105800327528 0.9998805372965677 0.01249688001140505 -1.3691494220489904 0.002808423469846283 -0.012471803223254965 0.9999182801068038 91.30595567262543
0.999964194103966 0.007976814981090173 -0.0028250505590763928 -0.5238059421326514 -0.007943139062312551 0.9998995611958997 0.011737720164258746 -1.382732499965349 0.0029183966920228537 -0.011714860354601321 0.9999271198528177 92.67643662661254
0.9999728930364015 0.0066046042859071825 -0.003254592936943793 -0.5399961990557907 -0.0065659992907056396 0.9999096072096427 0.011733075992020307 -1.4010318678072138 0.0033317913598042903 -0.01171138852763688 0.9999258685300013 94.0163676424096
0.9999742921269827 0.006232763246069001 -0.0035450991960510854 -0.5581213757378466 -0.006192125631498277 0.9999162904801627 0.011360881168713375 -1.4087820814417948 0.003615612434413241 -0.01133863763622002 0.9999291788192058 95.39027410633776
0.9999714498306184 0.006658326873704561 -0.0035729800781173055 -0.5745935087410436 -0.006619089455591805 0.9999188650656361 0.0108835173691493 -1.4249160018513547 0.0036451565171991256 -0.010859556990227542 0.9999343892808674 96.73441991011569
0.9999700439653246 0.006877078530967845 -0.003552033517173904 -0.5860289760519786 -0.006840369304328502 0.9999241156573577 0.010245598334657177 -1.4379719702151563 0.003622224071729846 -0.010220994405785173 0.9999412036596382 98.08939413664807
0.9999594564672676 0.00844641614153939 -0.0031214503171505025 -0.6033403229255203 -0.008414053179413449 0.9999121719909854 0.010239727929115424 -1.4484032958249047 0.0032076654484525747 -0.01021304893577982 0.9999427006199283 99.4350998331071
0.9999555458057864 0.008979772620768151 -0.0028757731123482135 -0.6206584730955419 -0.008945413445024569 0.9998910004782957 0.011745925084298149 -1.459594723669166 0.0029809356517557506 -0.01171967818949274 0.9999268789143719 100.78875806626948
0.9999480372488634 0.009832231014505246 -0.002692583968210416 -0.6356015771560323 -0.009795110284916827 0.999861309882192 0.01346910656773095 -1.4782200910052965 0.0028246421497049447 -0.013442032793744863 0.9999056621309512 102.10458765984987
0.9999574338702537 0.008853256715227928 -0.002598128002809219 -0.6449564512824759 -0.008820155905768347 0.9998831360960276 0.012486753582751963 -1.4963543214248836 0.0027083730488315495 -0.012463306430562428 0.9999186620509757 103.45462187711703
0.9999543482455683 0.009198875545955687 -0.0025849735971124966 -0.6579526532093192 -0.009172651101811842 0.9999081245450849 0.009980228325191152 -1.5028711621965452 0.0026765432134368272 -0.00995606185479836 0.999946855066216 104.78832427075059
0.9999593523689798 0.008596096447969085 -0.0027204249856242644 -0.6716516547298823 -0.00857198917488073 0.9999249525778877 0.008752726980696405 -1.5186238218578643 0.0027954603528129425 -0.008729051930456411 0.9999579936484697 106.1157006301763
0.9999737822669317 0.0067949494474048855 -0.0025026830331976355 -0.6884251687486393 -0.00676940293992831 0.9999262955630429 0.010078622719612712 -1.5344582050977014 0.0025709825312107354 -0.010061417016692357 0.999946077518349 107.46331444117591
0.9999905204304065 0.003938136695504247 -0.0018574493649713203 -0.6973369261796987 -0.0039150133603419075 0.9999167783944339 0.012292638379801877 -1.5470213691037231 0.0019057050460691348 -0.012285250158504677 0.9999227174760642 108.79467192237887
0.9999966469957364 0.002370009846712295 -0.0010435730447613382 -0.7138465953826106 -0.002356084641537472 0.9999107743703086 0.01314884642446725 -1.5647218889463939 0.0010746429280888157 -0.013146343851704597 0.9999130056124171 110.13631584443577
0.9999986476760848 0.0015683887695091773 -0.0004947718454556473 -0.7140936552602762 -0.0015622420183504862 0.9999244968231946 0.012188521274298628 -1.5797606322639093 0.0005138508816739113 -0.012187732079937879 0.9999255948066399 111.4550974018234
0.999996023483212 0.002799248592368659 0.00034237484100184444 -0.7349400248829667 -0.0028024536927904855 0.9999485506001718 0.009748969573894982 -1.593725141468421 -0.00031506745557939825 -0.009749890490644906 0.9999524190533419 112.79236277118936
0.9999817921841523 0.0059241050209650915 0.0011490298529223562 -0.7357343950416085 -0.005932732685437934 0.9999530918807474 0.0076561563916427615 -1.6102650275875792 -0.0011036201670107978 -0.00766283403139222 0.9999700310497941 114.13823635963567
0.9999582659539805 0.008711841435479702 0.0027513912090347467 -0.7543265562181164 -0.008731959061974092 0.9999345960471997 0.007386239628040468 -1.6210368063635041 -0.0026868637303433147 -0.007409956556309863 0.9999689361703566 115.44863801439197
0.9999420685481468 0.009923469253009359 0.004169446967709236 -0.7525444682700142 -0.00996300115513794 0.9999045735832761 0.009569867012178636 -1.6348848431623975 -0.004074083148416796 -0.009610853014555384 0.9999455151902288 116.80684895808137
0.9999367690466624 0.009933875784226498 0.005270294449032412 -0.7569100226331643 -0.009994243969098659 0.9998832990993948 0.01155436229151143 -1.6382534165653522 -0.005154900228028074 -0.01160630453885008 0.9999193570968955 118.11737246888224
0.9999404697739369 0.008946880584461001 0.00624581640761229 -0.7595270897459937 -0.009025626423806218 0.9998786744557944 0.012695450014870246 -1.6574376640033157 -0.006131474463711847 -0.012751066910648099 0.9998999026463249 119.48030772091522
0.9999278760462053 0.009648476594744356 0.007151894155379718 -0.7610475633537986 -0.00973410003275836 0.9998801896510248 0.012035516495062161 -1.664604308524281 -0.0070349134705709054 -0.012104265939392978 0.9999019935655322 120.81245060083987
0.9999029285887627 0.011077347847105396 0.008451375343854012 -0.7529831636974734 -0.011177854561202346 0.9998662467175634 0.011939190257307455 -1.6786892010755445 -0.008317991075075786 -0.01203249978656582 0.9998930092618854 122.12292154743383
0.9998657157437129 0.013295979098910941 0.009579529942367309 -0.7639830781597204 -0.01340653346960759 0.9998431839751902 0.011570321849704072 -1.6884944417888825 -0.009424189748870972 -0.011697196659495781 0.9998871737526491 123.48652933314628
0.9998422258118541 0.014150158293739752 0.01073761959348326 -0.7636396417589525 -0.01426458094183391 0.9998414789340989 0.01065545709553682 -1.703040313442469 -0.010585141936651582 -0.010806943798481667 0.9998855758199311 124.82065754721943
0.9998205791277732 0.014800843035438386 0.011821360582859198 -0.7564228259615163 -0.01492278114325423 0.9998356559560617 0.01029425649869649 -1.7089163324836523 -0.011667055116457771 -0.010468817279186865 0.9998771342953596 126.15902551428269
0.9998153842783394 0.01436934091590605 0.012756150320169635 -0.7542937764359501 -0.014496428567540137 0.999845643663965 0.009926854420248536 -1.726962011998009 -0.012611540030644311 -0.010109940588772404 0.9998693605449925 127.50360091232875
0.9998104405029752 0.01387164817137608 0.013662371987753354 -0.749387327006367 -0.014018880361117803 0.9998440469378935 0.010740243380302156 -1.739816150959639 -0.013511257555392652 -0.010929738838561258 0.9998489819600382 128.8293037580078
0.9998053441985191 0.013370195569293166 0.014509016285617838 -0.7399194856825466 -0.01354158197693793 0.999838926204636 0.011779101530683248 -1.7519955726918879 -0.014349191575979756 -0.011973283928218115 0.9998253553359633 130.20498102667585
0.9998231115730016 0.011631305362156872 0.014780334113398486 -0.7205672681312407 -0.011811853953890518 0.9998559633806892 0.012187396018568325 -1.7587663567549447 -0.014636451107021588 -0.012359823597793921 0.9998164876914688 131.52705304155884
0.9998326643748783 0.010923760336709897 0.014673605142487788 -0.7017525758065553 -0.011106946110360604 0.9998606693294076 0.012461047201686523 -1.7824751207605172 -0.014535440384921777 -0.012621941211431328 0.9998146866159847 132.88066668746862
0.9998528550246392 0.008822359722190087 0.014711704619999138 -0.6992008985057693 -0.00901543745443813 0.9998734196818406 0.013109787025157428 -1.7782914074634926 -0.014594184373926554 -0.0132404906945573 0.9998058307437565 134.2003730254335
0.9998757414691616 0.007013408252226553 0.014117850981640282 -0.6837482905790149 -0.0072033313285021746 0.9998836374859836 0.013447063438732493 -1.7988390522703896 -0.014021899621794108 -0.013547088345614832 0.9998099132978423 135.53657386612
0.9998914320693627 0.007083772286544198 0.012920690204243234 -0.6725441345744392 -0.007251917650296045 0.9998890227894309 0.013013523948528704 -1.81010616473352 -0.012827072535649972 -0.013105811131801504 0.9998318378226867 136.88468303006405
0.9999132274008118 0.0055291501926992 0.011956845833097078 -0.6676733910307096 -0.005703315174104934 0.9998774200495706 0.014581394862649241 -1.8316552862332511 -0.011874758433360095 -0.014648323540670761 0.9998221925568859 138.22695868718256
0.999932096047095 0.0046621467872370575 0.010680247183846605 -0.6382053838666344 -0.004818691525768954 0.9998806487872048 0.014678841775353316 -1.8394946878578586 -0.0106105384534582 -0.014729310125811674 0.9998352183716207 139.57393495018061
0.9999476347456648 0.003562937765430694 0.009593395713513983 -0.6525406219006118 -0.003705048393210588 0.9998830676980114 0.014836561182085154 -1.8465257272852682 -0.009539412985909565 -0.014871328545229845 0.999843909411067 140.92724105995862
0.9999608797752629 0.003334588226428877 0.008192645553384306 -0.6454089250847466 -0.0034528555477982654 0.9998894250261351 0.014464283933482454 -1.8513887607795039 -0.008143507897615955 -0.014492006390650711 0.9998618229680217 142.25360462313756
0.999968905730321 0.0033930999878146904 0.007118598550492472 -0.6385147797860036 -0.0034933741923727554 0.9998941859528886 0.014121375107418475 -1.855129991125591 -0.007069930651327753 -0.014145804217686514 0.9998749483323962 143.6074109563207
0.9999798127829437 0.001198382995197247 0.006240024759981656 -0.6390834349123478 -0.0012719046059191368 0.9999296672313891 0.01179164310075005 -1.8695337454365026 -0.006225455493824504 -0.011799342004935369 0.9999110056550566 144.95757070960988
0.9999845074583426 -0.0023454857054298547 0.005048123328545672 -0.6452322930137373 0.0022904764563507034 0.9999382384993212 0.010875334354753395 -1.8895265467973577 -0.0050733199099285645 -0.010863603468742706 0.9999281191880125 146.26512031240617
0.9999258834325736 -0.01140297456267079 0.004266125624241437 -0.6494583218769943 0.01134225179359425 0.999837703703306 0.013997126916656211 -1.8927694378077824 -0.0044250424918932715 -0.013947702289218537 0.9998929345686434 147.6546088226364
0.9998295342831834 -0.01827245734732439 0.002649469594191332 -0.636924159044949 0.01822902041403457 0.9997123758879505 0.01558423230801846 -1.9088576002557684 -0.0029334699969864103 -0.015533278785157404 0.9998750481970108 148.96754808786093
0.9997809333460752 -0.02086859394380057 0.0016084503238198594 -0.6151721594957797 0.02084690151525819 0.9997046077501476 0.012494155842393457 -1.9165525069706102 -0.0018687108112738205 -0.012457887812043482 0.9999206513285462 150.26283271536764
0.9997908872260238 -0.02038625979817459 0.00160693488648617 -0.6308614222014401 0.020370250418268475 0.9997481354173452 0.00941905613399557 -1.9283601040878091 -0.0017985496247571963 -0.009384352990899982 0.999954348527314 151.668899295792
0.9998601511883195 -0.01650162004108613 0.0027156241343333607 -0.6379978254013574 0.01648205937605393 0.9998391324002183 0.0070746751813708 -1.944100525706978 -0.002831931112556821 -0.007028926841836597 0.9999712867637042 152.97767821805004
0.9998428239653278 -0.01732752943375683 0.003752879170158053 -0.6523412027961053 0.017299143026624074 0.9998224611203702 0.0074689945160961654 -1.957940562077001 -0.003881632431255972 -0.0074028991051220345 0.9999650643956874 154.34686115567982
0.999793896856447 -0.01992670599834168 0.0038846116964783304 -0.6455265415980072 0.019885086584808483 0.9997474117020451 0.010473591389111648 -1.9677448376470235 -0.004092335001303037 -0.010394187095361263 0.9999376048871637 155.68940068450135
0.9996603620604029 -0.025699052466078877 0.004326572740772943 -0.6390030198292751 0.025636397361380014 0.9995738159722649 0.013962863197619317 -1.9837752024704185 -0.004683561561088871 -0.013847203390994533 0.9998931538967448 157.0221409220949
0.9995684642816794 -0.029065012745696867 0.0042556133752506276 -0.6249276245193683 0.028998617531477686 0.9994682307503152 0.014910932354628365 -1.9878461497340365 -0.004686737191698407 -0.014781091115384244 0.9998797696927392 158.36757475136687
0.9995212915091227 -0.03066475989677312 0.0041061312980136405 -0.6168631157065314 0.030598588178003816 0.9994144862534768 0.015310488990902543 -2.0080254362342496 -0.00457321994228788 -0.015177518181205761 0.9998743564080749 159.72350047686203
0.9995373402448724 -0.029943100939061766 0.005340052317749721 -0.6278662947145556 0.029856890519651753 0.9994331755691868 0.015552931017367091 -2.000923112965697 -0.005802728904574714 -0.01538629822033125 0.9998647859410268 161.07856732373816
0.9996579581013855 -0.025408925325074036 0.006193006067911225 -0.6127392471395805 0.025310597642102226 0.9995599316617804 0.015469862876794008 -2.017563742969739 -0.00658335385467228 -0.015307823127665422 0.9998611553626943 162.4172777051885
0.9997261090805074 -0.022189565475223882 0.0074384149992892164 -0.6238963213112738 0.022088567306763722 0.9996662671664358 0.013395875284732742 -2.022383394996548 -0.0077331818488427465 -0.013227902583216196 0.9998826033540261 163.76626256274935
0.9997587102984944 -0.020390343029116173 0.00817037983029647 -0.631010282947418 0.020287277393610782 0.9997159848738153 0.012505037105533095 -2.020777302476556 -0.008423042015318048 -0.012336265227523563 0.999888428236391 165.1185823723196
0.9997979841538309 -0.018221699347813584 0.008482957613671694 -0.6273247788918743 0.018101370370134498 0.9997374071632151 0.01405194277224202 -2.031165826545512 -0.008736781051962503 -0.013895551152357664 0.9998652820823323 166.46669326991665
0.9997932487093045 -0.018669770059097535 0.008056024819745596 -0.6117767056417478 0.01855349467133615 0.9997259645325706 0.014274580956433877 -2.032370293903568 -0.008320321017698452 -0.014122162512119084 0.9998656593677484 167.79937014781223
0.9998553732282636 -0.015116559502468185 0.007792449677989663 -0.6137691107999226 0.0150215457926924 0.9998138234129234 0.012110807584972006 -2.0528509222321443 -0.007974073312853557 -0.011992001616593704 0.9998962976476572 169.18991274284184
0.9999050656223775 -0.01170437583000104 0.007270993466195705 -0.6156107556987087 0.01163643214060071 0.9998888812445015 0.00931764979437822 -2.063382748806634 -0.0073792434127836655 -0.009232156974029142 0.9999301545809991 170.57368534196155
0.999950884544496 -0.0068525643850670444 0.00716036834071676 -0.6148249533721688 0.0067959878521076135 0.9999457317045866 0.007896086664432641 -2.072010443584909 -0.007214088804800189 -0.007847037211824347 0.9999431888488698 171.92793187265062
0.9999726481568347 -0.0012361369621023514 0.0072921130136516365 -0.6187504408579315 0.0011712016285002399 0.9999596865879838 0.008902442419945391 -2.0865559693125117 -0.0073028242916841945 -0.00889365855549951 0.9999337836031159 173.29905810067797
0.9999655594695629 0.0012257433326702061 0.00820837577035696 -0.6303189319270617 -0.0013170680886397121 0.9999371962083787 0.011129643698898172 -2.101032108116107 -0.008194218850224397 -0.01114007159168702 0.9999043722173121 174.67761969633384
0.9999646747446834 0.0012055995666956625 0.008318401124979034 -0.6314006863136656 -0.0013159941700552538 0.9999109716625267 0.01327843760402211 -2.107267380077942 -0.00830165276383285 -0.013288915763292901 0.9998772361032302 176.0541517595149
0.9999714450671572 -0.000702720641533143 0.007524310058104118 -0.6301815163489104 0.0005924841999808972 0.9998926110178155 0.014642929601555138 -2.1139565896839363 -0.007533792543784921 -0.01463805372069844 0.999864475492784 177.42359226542104
0.9999769801049764 -0.0032071911963275565 0.00597939758266367 -0.6210170139184367 0.003118749953824499 0.9998864648978422 0.014742140352475633 -2.1144473125589607 -0.006026000071034749 -0.014723153026845166 0.9998734500365791 178.86237626439865
0.9999752942840664 -0.005881466131003056 0.0038495700565107527 -0.622786083537961 0.005839071661932267 0.9999231844888213 0.010932993772661827 -2.1161324336040104 -0.003913576703891955 -0.010910245957145612 0.999932822968418 180.20148057413135
0.999991482287944 -0.003518897804802787 0.0021570159097990265 -0.6311861357018955 0.0035037130213596314 0.9999693360604732 0.007003636702315177 -2.13297775152996 -0.002181595027457673 -0.0069960196160437004 0.9999731478152875 181.6186276655151
0.9999986263803826 0.0006813056026370003 0.0015109801471933242 -0.6522638058716488 -0.0006913051477506543 0.9999778004181387 0.006627274513817665 -2.154821929447126 -0.00150643152678446 -0.006628310088754439 0.9999768978176709 183.012441057579
0.999993609047986 0.003329061644012577 0.0013035365240714532 -0.6696481313721359 -0.003338834408103365 0.9999657885302029 0.007567955994250041 -2.155363276587024 -0.0012782978382546786 -0.007572260071160443 0.9999705129814426 184.3439609848318
0.9999755874042591 0.006691791167985804 0.0020110980619422857 -0.6807964855805826 -0.006713276636105248 0.9999183467549082 0.010873442402137149 -2.1777411667811046 -0.0019381711988406215 -0.010886678228935395 0.9999388599962827 185.79302963715227
0.9999704039333003 0.007270717317736034 0.00251553477703308 -0.6967505450997562 -0.007303498940006941 0.9998851777547119 0.013277432718194841 -2.1886155729084473 -0.0024187096718043853 -0.013295412229635512 0.9999086867605393 187.16324217808653
0.9999817380842426 0.0054122543017369054 0.0026890507969349743 -0.7028988869921985 -0.005448275583400205 0.999893029639493 0.013573709026457376 -2.182184471767726 -0.002615298993516547 -0.01358811210415881 0.9999042571279562 188.6154502847575
0.9999880399411955 0.004249567797234639 0.002420979807171651 -0.6976673463322018 -0.004283783291967056 0.9998884673442383 0.01430741328111329 -2.187386522317751 -0.002359909654264178 -0.014317613399985498 0.999894712845172 190.01863763839359
0.9999947261837105 0.001332091330745148 0.002961948507776081 -0.7145575360766151 -0.001376496497271719 0.9998859348193888 0.015040698241441268 -2.1956798014228505 -0.002941575305371771 -0.01504469632645906 0.9998824952212215 191.38366693695394
0.9999948251681597 -0.00041009468754931756 0.003190840630735185 -0.7118217575079386 0.00036207710909753367 0.9998869080050956 0.015034629796515278 -2.2006931360990993 -0.0031966456519824265 -0.015033396957870045 0.999881882241527 192.83859953916323
0.9999914067029397 -0.0024344334753190217 0.0033556015400489896 -0.7027406953558479 0.0023805461171236553 0.999869629713387 0.01597049048607907 -2.211902189088313 -0.003394043439740121 -0.01596236539267953 0.9998668328147837 194.20721174805968
0.9999645287619858 -0.007506248640216184 0.0038206625545699245 -0.7024271352294474 0.007437833878068484 0.9998171525811567 0.01761646998965878 -2.2129335748348606 -0.003952197879464344 -0.017587427995953624 0.9998375180558273 195.66603190986206
0.9999321063047732 -0.010926948342524109 0.004047788987080469 -0.6915872676337 0.010851255323496418 0.9997741597572177 0.018272375895924713 -2.2234447526569103 -0.004246536484326026 -0.01822721207244349 0.9998248524976061 197.05678085565805
0.9999410417242159 -0.010081828128611452 0.004033587944035697 -0.6955064619136504 0.010024734391174291 0.9998526766647904 0.013933041711880837 -2.2172036072168875 -0.004173464574999973 -0.013891784858672361 0.9998947947196992 198.48855646810367
0.9999853826996776 -0.0032117079463694406 0.0043496354638458586 -0.7086477789565374 0.0031700199244744237 0.9999493010758237 0.009557522905905015 -2.2390210587862165 -0.004380111276477126 -0.00954359495171483 0.999944865689371 199.91849861278104
0.999964428936366 0.006232604932069716 0.00568291219666762 -0.7265927884480375 -0.006279544611305661 0.9999460060414702 0.00827963353125143 -2.2413379518635934 -0.005631002138493537 -0.008315025280617058 0.9999495748116336 201.3671915753757
0.9998930539660044 0.012920276010352056 0.006851793416475659 -0.7325162122635112 -0.013002821061894352 0.9998417295726425 0.012142589383877805 -2.2503110475144634 -0.006693823930483508 -0.012230383671353366 0.99990280049335 202.7901760918474
0.9998537397094679 0.01514884004275788 0.007937997331863934 -0.7318359537920796 -0.015264934774101435 0.9997743226857333 0.014774488076395264 -2.2578467897328687 -0.007712390190028457 -0.014893500465857738 0.9998593414480087 204.22882495445108
0.9998787046422997 0.013635347084557166 0.007526837663096579 -0.7349812492640495 -0.01374763060207537 0.9997918802710575 0.015073115957801106 -2.2587166405285926 -0.007319744619124956 -0.015174764146179574 0.9998580638628403 205.69437200095706
0.9999225958092276 0.010764301783814809 0.0062395655675236035 -0.725950112443527 -0.010859159562309135 0.9998228527611742 0.015373411086293953 -2.2719658663211266 -0.006072976710762857 -0.015439977865564737 0.9998623535456427 207.14513414502716
0.9999488214675976 0.00872666303985155 0.005118572479941828 -0.7212141276690316 -0.00880322547541996 0.9998467680029013 0.015130887216806266 -2.2764698131784606 -0.004985746406263202 -0.015175173089580432 0.9998724200893865 208.58801238981906
0.9999440736522863 0.009534389714830208 0.004576566864095851 -0.7235905287966549 -0.00960044942427835 0.9998467969282665 0.014636053372351023 -2.2817634270271987 -0.004436320246910327 -0.014679172223069394 0.9998824135699692 210.0501706101713
0.9999363541470606 0.010428978657286894 0.0043039563483386195 -0.7263767661961469 -0.010491492854403813 0.9998359170391511 0.014767111899096626 -2.2926070503512723 -0.004149244586954357 -0.01481132725747539 0.9998816971799995 211.49801125065127
0.9999180331766319 0.012035769483565661 0.004366595608546767 -0.7339051463779868 -0.012102890261495462 0.9998037305481415 0.015685039090303117 -2.2941034452987172 -0.004176957405425502 -0.015736602180923476 0.9998674474052107 212.94898706385337
0.9999299303274408 0.011118307849199493 0.00406419052778853 -0.7449530845225645 -0.011180823249054898 0.9998142772386848 0.015697141147609818 -2.305595654465382 -0.0038889103841063958 -0.01574148256562114 0.9998685324105839 214.40501835359584
0.9999263642189293 0.01145836840476254 0.003996487335394561 -0.7459860583805455 -0.01151633273278673 0.9998242192650474 0.014795427408014391 -2.3103469850190237 -0.003826253684050716 -0.014840363111238555 0.999882554806865 215.87343268355474
0.9999279935983109 0.01149556571634496 0.0034437718147592618 -0.7475652334105558 -0.011544181476935535 0.9998290048227372 0.014446210932388482 -2.3173172332034113 -0.0032771158452263686 -0.014484926531146775 0.9998897176274137 217.34171244116655
0.9999347280318341 0.011068133802736819 0.002834795889194848 -0.7469059582797712 -0.01110861474089562 0.9998304457579008 0.014685994473769282 -2.325842000993678 -0.0026717689002607034 -0.014716526841768385 0.9998881364889595 218.81403222081235
0.9999046130644981 0.013562257806486632 0.0026134086853829832 -0.7559487677267102 -0.013599004964834124 0.9998009751922293 0.014597160555040966 -2.34709375798088 -0.002414918290634993 -0.014631308231118034 0.9998900404504633 220.28749937768544
0.9999362350940365 0.010990949762697193 0.002593211707861748 -0.768041314899258 -0.011026801566384125 0.9998377833435111 0.01424137161968976 -2.3369512366436007 -0.002436265040753671 -0.014269058638563705 0.9998952238014119 221.78108676109431
0.9999125319672244 0.013042716713733436 0.002194521888809958 -0.7716586798588623 -0.013072749929670387 0.9998126054883081 0.01427785495340915 -2.3524111503724434 -0.002007888788952758 -0.014305294823700942 0.9998956580192774 223.26174403314604
