1.0 -6.776263578034403e-21 8.673617379884035e-19 -8.673617379884035e-19 0.0 1.0 -1.828002979293187e-19 0.0 0.0 1.0683203047244863e-19 1.0000000000000002 5.551115123125783e-17
0.999999915589229 -0.00019452245058109626 -0.0003619149015940074 0.006208361487654123 0.00019494396007348726 0.9999993024549162 0.001164940938504506 -0.010870956481230737 0.0003616880721975576 -0.001165011376384867 0.999999255964488 1.3091817894915048
0.9999996001338323 -0.0007440934970967957 0.0004960414912447099 0.015677621858944252 0.0007431024939288238 0.9999977335445615 0.0019951706601719554 -0.028079651896195434 -0.0004975250024351644 -0.001994801223666498 0.9999978866154133 2.6150028375055427
0.9999980256127017 -0.0019852709179089528 8.642759085591804e-05 0.022891032856659912 0.001985140795917488 0.9999969304610745 0.0014826617714124733 -0.055083436304375996 -8.937081905307283e-05 -0.0014824872512708414 0.999998897121032 3.939207165033594
0.9999969025972338 -0.0024230940449609106 0.0005686921886882638 0.03185716256883113 0.002422386924400788 0.9999962956705332 0.0012412446520822732 -0.06672666622864395 -0.0005716977833346553 -0.0012398631964976228 0.999999067949463 5.243148595632329
0.9999961875682611 -0.002761179195255232 2.715987752660489e-05 0.028567041578454543 0.002761120488371196 0.9999942405755302 0.001973583450109307 -0.07961270600035629 -3.260914238149403e-05 -0.001973500905143803 0.9999980521127729 6.568680424047099
0.9999929912688984 -0.003731258636219832 0.0003084166292951357 0.04173557935494564 0.0037301762651169032 0.9999871271602799 0.003439666082958187 -0.09782750120824146 -0.00032124697111201965 -0.0034384914763474985 0.9999940367692214 7.9107697437084985
0.999991548355302 -0.0039456838065982085 0.0011553337489351402 0.05464974278265511 0.003940565645108343 0.9999825574856516 0.0043996217802306295 -0.10748909764409673 -0.001172673213041567 -0.00439503186328975 0.9999896542108283 9.221377269458198
0.9999944384682166 -0.0033334514673139977 0.00010551256934995378 0.042075261946712426 0.003333099437743315 0.9999893891488033 0.003179943624596796 -0.12228399666009662 -0.00011611164842841026 -0.003179574208655634 0.999994938398926 10.57118599703236
0.9999988662165329 -0.0010662459826827743 0.0010633368984450916 0.05074973140502192 0.0010653111138048807 0.9999990458292107 0.0008794621370393132 -0.13476328476542404 -0.0010642736963232197 -0.0008783283423760241 0.999999047929479 11.894162409724077
0.999997259908346 0.0023408483840035798 -2.4578302810104175e-05 0.0480417550723033 -0.0023408545521741977 0.9999972303260556 -0.00024441880020434245 -0.16101256411522835 2.400609023113162e-05 0.0002444756607124693 0.9999999698277707 13.226992880953732
0.9999867470279237 0.005147046979406778 0.00011693306196431958 0.052170582475419905 -0.005147034881198791 0.9999867481154672 -0.00010783281072242189 -0.17449233964881034 -0.00011748654091900488 0.00010722952052148895 0.9999999873493874 14.584650860998787
0.9999802915402001 0.006268052369949852 0.00035783645584384644 0.06406098224738441 -0.006268717685720846 0.999978569698274 0.001887677947655147 -0.19384925164886932 -0.0003459967497969844 -0.0018898838939879234 0.999998154310091 15.90683644267064
0.9999927691327152 0.003729120984258856 0.0007452099331350728 0.06597209490372023 -0.003731545077201321 0.9999876653141043 0.003277925388224806 -0.19922914084704954 -0.0007329770209039098 -0.0032806824236463025 0.999994349916428 17.276275061595108
0.9999985066377227 -0.0006594733935169856 0.0015974409318216427 0.0839663530515848 0.0006502955057010046 0.9999833196030473 0.0057391319945563355 -0.22125137039260911 -0.0016011992250572734 -0.005738084532062703 0.9999822551135372 18.61513756243005
0.9999974826319245 -0.00221774213300233 0.0003411001122283824 0.08016441728602994 0.0022162264673177543 0.9999879428409446 0.004382067648849712 -0.23992549478132696 -0.00035081432575734175 -0.004381300598590904 0.9999903405187646 19.979206448376647
0.9999946447717338 -0.002809413471516379 0.0016785778025127781 0.11315910113757499 0.0028051759936326406 0.9999928861024524 0.0025216531883079634 -0.2491457488559823 -0.0016856503698939162 -0.0025169309411254555 0.9999954118090539 21.30474459668147
0.999996411966595 -0.00102592941647346 0.0024745753396624628 0.10694393463719974 0.0010197957467397115 0.9999964080105742 0.0024787062247807207 -0.2768002107880712 -0.0024771096364645797 -0.002476173733632432 0.9999938662257792 22.68890613333095
0.9999919224329816 0.0014714365856137548 0.0037403132534576645 0.11471721198496196 -0.0014862270386199461 0.9999910761038787 0.003954597965407097 -0.27875978581300326 -0.0037344612473883673 -0.003960124919499531 0.9999851854935009 24.070032658463738
0.9999891706357039 0.0008257395148467468 0.004580039904478011 0.12942582386637524 -0.000860912241185938 0.99997011547786 0.007682902298697022 -0.2866117222596283 -0.004573559338882774 -0.007686761999004107 0.9999599973191757 25.431882875794273
0.9999910669935003 -0.00034856111477956617 0.004212414804604088 0.13744671587346177 0.00031164366150663003 0.9999615691714275 0.008761453408849897 -0.28434441891743456 -0.0042153071731231145 -0.008760062243419615 0.9999527451271888 26.802572052785543
0.9999808824888893 -0.004133479126675946 0.004598804776995887 0.14990754832721642 0.004094417145743365 0.9999557357286105 0.008471265575286461 -0.32149079335312036 -0.004633617403212553 -0.008452274077427904 0.9999535432436844 28.15356780510833
0.9999792297263633 -0.0048705980139624365 0.004221064872808784 0.15863323920348438 0.004848060325719598 0.9999740255916947 0.005333334750578982 -0.31279465413885643 -0.004246932120199293 -0.005312759920723005 0.9999768688050956 29.525268658082506
0.999974744843663 -0.0044131278432761115 0.005570814583713992 0.1759140860419614 0.004384987758164019 0.9999776164271039 0.005053566365248634 -0.33298814419360184 -0.005592992393388827 -0.005029010709196578 0.9999717133418619 30.924752269620704
0.9999842651333258 -0.001558638829351632 0.005388889512494556 0.18004143437385456 0.0015377838863376457 0.9999913213917463 0.003871997563158824 -0.3309656814037715 -0.0053948782425481175 -0.003863649634079348 0.9999779835064452 32.29802645424408
0.9999841012181345 0.00019753185572978787 0.005635449551750174 0.17918868057100892 -0.0002104710159288149 0.9999973431285852 0.0022955259626594787 -0.3517855190166887 -0.0056349816114304565 -0.0022966755321645817 0.999981485959861 33.68583310873171
0.9999807716115338 0.0006761599272087761 0.006164350259511617 0.1812167305034486 -0.0006884704600903391 0.9999977727126073 0.0019951390383052166 -0.36104510206231755 -0.006162988012562439 -0.0019993446192352214 0.999979009879283 35.08959837166992
0.999985527321152 -8.769236298605129e-05 0.0053793547894158585 0.1906935376038472 6.774619938039559e-05 0.9999931231178324 0.0037079819779713926 -0.3740088180133201 -0.0053796434084922035 -0.0037075638289868766 0.9999786564745949 36.473207564901976
0.9999846860315311 0.0007597476310552486 0.005481832313527794 0.1924417683501391 -0.0007889168899516865 0.9999855328955093 0.005320865916615574 -0.3768381947882253 -0.00547771095048265 -0.0053251090661705636 0.999970818520392 37.88715932195835
0.9999836966812647 0.0022025162014801688 0.005268329270722707 0.2057088799159809 -0.002231183077743761 0.9999827050141272 0.005441644926983459 -0.3851980754537088 -0.005256253283335857 -0.005453310738678589 0.9999713161882947 39.26824609949375
0.9999710092454601 0.005109964822598527 0.0056452568675515735 0.20720377196762108 -0.005141632448524585 0.9999710492066685 0.005609311128687585 -0.40152884240889547 -0.005616430518869196 -0.005638174265749581 0.9999683328461675 40.66606138094279
0.999964976381062 0.006794423171249931 0.004886902942764839 0.22949376130614868 -0.006820663618752957 0.999962304347376 0.0053729359673877295 -0.4061089893912924 -0.00485021313089099 -0.005406079631853095 0.9999736245178649 42.10428658127175
0.9999621739170608 0.0074024679815768825 0.004566639629773987 0.24050730731556633 -0.007425414248867418 0.9999597890252987 0.0050282765521491544 -0.40710214932377625 -0.00452923472122089 -0.005061995471236145 0.9999769308492356 43.49922281654795
0.9999656789493607 0.00738304857068147 0.0037591903491994145 0.24724534320345815 -0.007405282133511339 0.9999549671992912 0.005935097313465981 -0.43220453467296494 -0.003715202259083269 -0.00596273139488671 0.9999753212461894 44.934243492258496
0.9999679187154292 0.007619157241001293 0.0024718368922000637 0.2668422813712699 -0.007633672150836133 0.999953359958415 0.005916499625950812 -0.44542665679651144 -0.002426643065151262 -0.005935178924998189 0.9999794423133694 46.338354445925695
0.9999717716851281 0.007241519700524837 0.00200405105412085 0.27774874064264976 -0.007253908562680356 0.9999541899032584 0.006244911182181119 -0.4588984051996056 -0.0019587367624374474 -0.006259272012707379 0.9999784921980481 47.75505518122445
0.9999754049951586 0.007013489828693099 1.898317245385174e-05 0.2927009409448875 -0.00701344758647549 0.9999499852952138 0.007130110217232929 -0.465874936429645 3.102473758033811e-05 -0.007130067887711509 0.9999745802586968 49.1734118320211
0.999973222634374 0.007283762517835823 -0.0007076809099417769 0.276935979467731 -0.0072783340566631455 0.9999461813540587 0.007393257743822841 -0.4772266952493413 0.0007614936235339348 -0.007387908928195767 0.9999724190813453 50.59456723138185
0.9999741641548043 0.007091039014070757 -0.0011782118130460083 0.27558211174766245 -0.007081555078261013 0.9999439707627075 0.00786809534893599 -0.4861998167053625 0.0012339388756994751 -0.007859548385734215 0.9999683519432562 52.035034943369595
0.9999617525843241 0.008293047431130695 -0.0027782592189338467 0.28236903412672576 -0.008268242212146355 0.9999268822129244 0.008824194739315477 -0.497469332750517 0.0028512357860317377 -0.008800885790659218 0.9999572065134392 53.440448183971704
0.9999686707070903 0.007122670847669358 -0.0034532820539771364 0.2880704375204799 -0.007089002582802132 0.9999281549447786 0.009665971461623112 -0.5035021262400972 0.0035218817833717574 -0.00964118816991759 0.9999473205292054 54.895314744146155
0.999975417540865 0.005239495607225915 -0.004659613010639278 0.2977842783902048 -0.005191380994213132 0.999933695486796 0.01027882313340881 -0.5133772984192294 0.004713160302498528 -0.010254380480741053 0.9999363148699766 56.311281788973304
0.9999820066032192 0.0039961653384311705 -0.0044740504455821764 0.2881536183126739 -0.00395154238656456 0.9999428029730592 0.009938616866187104 -0.5245466187877801 0.004513511278843024 -0.009920758493832872 0.9999406016168046 57.72496566814365
0.9999869892719806 0.002523105960002588 -0.004433420696461832 0.28656034739097813 -0.0024771324042402207 0.999943421875163 0.010344895996974794 -0.529694016509847 0.00445927150491833 -0.010333779083109654 0.999936661945127 59.17506513245327
0.9999910192941148 0.0015938350499351585 -0.0039269603868465515 0.2910949218814336 -0.0015506407791751713 0.9999385370272227 0.010978054967189455 -0.5331331607734171 0.003944216563846339 -0.010971866913002514 0.9999320283326169 60.57089942243545
0.999994306758012 -0.000125201129138154 -0.003372057825424858 0.28685453098225455 0.0001659530608467756 0.9999269284119858 0.012087609644628489 -0.5387542779703758 0.0033702983236194315 -0.012088100255168845 0.999921256356182 62.02916344945475
0.9999918848461715 -0.001924683357875224 -0.003539185357240391 0.29308341924349574 0.0019683598437475135 0.9999214400682502 0.012378984725185945 -0.5444983693126918 0.0035150819868636028 -0.012385850478405194 0.9999171140138906 63.43888090517273
0.9999929302886692 -0.002429068801217805 -0.002870364970327848 0.2875217866701705 0.002463252742896659 0.9999253675650183 0.0119662733183114 -0.5539454771085985 0.002841084083865045 -0.011973258980723524 0.9999242817842483 64.87037893533433
0.9999960495650029 -0.001932620747468077 -0.0020410364845335795 0.2878623625704041 0.0019567181177312133 0.9999276216296497 0.011871089553951636 -0.5614642893514771 0.0020179466119647996 -0.011875036218694355 0.9999274530669022 66.31210438868372
0.9999978955341479 -0.0010119402433779877 -0.0017846296986731708 0.284128440525094 0.001032837129916059 0.9999304620630224 0.011747522990225906 -0.5680114086992093 0.001772617956009118 -0.011749341329422267 0.9999294029052513 67.69656854817718
0.9999980419377099 0.0015960420080701767 0.0011699447609193293 0.303011048299906 -0.00161094972756853 0.9999160877019181 0.01285388687141927 -0.5751009037838702 -0.0011493313404412975 -0.012855746239023769 0.9999167009377237 69.09686008819122
0.9999901122566566 0.004428128314578241 0.00040873801511468345 0.2838487808661923 -0.004433404979198178 0.9998926680943243 0.01396414072648114 -0.5716290551697105 -0.0003468591650188828 -0.013965814552384574 0.9999024130882307 70.50606354936043
0.9999692125560645 0.007764017770102119 0.0011375247167820877 0.278120393832911 -0.007779736990130515 0.9998640928943074 0.014535179819157015 -0.580109957310635 -0.001024518807710084 -0.014543581752103385 0.9998937116400194 71.95309908619062
0.9999324570648687 0.011498050616058008 0.0016959149977846585 0.27971867877498097 -0.011521236116796008 0.9998304959856789 0.014361073832352935 -0.5796620932800145 -0.0015305033036164357 -0.01437964267434801 0.9998954362444683 73.30818483285788
0.9998774248587337 0.015481700141201407 0.0023349936879692437 0.2789487032791286 -0.01551288444505821 0.9997818378056331 0.013986681042788619 -0.5949029454205925 -0.0021179468505629845 -0.01402118891054058 0.9998994552200479 74.69303870226
0.9998518287787104 0.016785889462590943 0.003815019715883005 0.2709021297346346 -0.016838963863071228 0.9997554710923694 0.014333434965026997 -0.5889226155953657 -0.003573487671575121 -0.014395551936315415 0.9998899930775847 76.11382521022675
0.9998570284956874 0.01650123915182816 0.0036921061470490514 0.278137950372236 -0.016553261593375956 0.9997573586239566 0.014533184377953574 -0.591612297733553 -0.0034513950213912884 -0.014592222737421036 0.9998875711269355 77.49029985459272
0.9998706545344545 0.015553492107194162 0.004094271677226665 0.2899195211578353 -0.015612719897987775 0.9997677644867841 0.014854632549341993 -0.5988560619215838 -0.00386227974969889 -0.014916633673803519 0.9998812813633592 78.89673432119446
0.9998799717314532 0.015077895461314989 0.0035635904335903075 0.2966235569620769 -0.015128203652091719 0.9997798567046249 0.01453876259561641 -0.6068447370403589 -0.0033435922650976338 -0.014590928046495564 0.9998879563209185 80.33212722465262
0.9998859366126358 0.014713979109727866 0.003407720959275354 0.30326004999813183 -0.014762278227349615 0.9997842836418636 0.01461031687348429 -0.61009187298725 -0.0031920102228971407 -0.014658955886687527 0.9998874567015349 81.6751561579965
0.9998948708284774 0.01419829853227677 0.002942038463844036 0.3110504910046023 -0.01423973221913112 0.9997923624517407 0.014576077759441928 -0.6078567479164739 -0.00273447230664187 -0.014616439019398917 0.9998894350665027 83.09281115232189
0.9999008551672105 0.01391904590601627 0.00213072249999241 0.3183849464424011 -0.013948078993181044 0.9998007794638908 0.014277692671044017 -0.6131766455787233 -0.0019315663133648115 -0.014305996392809309 0.9998957983235802 84.47074543588482
0.9998956218544982 0.01435500328246136 0.0016368436515892685 0.31669311666701083 -0.014378169678211268 0.9997818747501759 0.015148306576119486 -0.6164906752593935 -0.0014190327377291822 -0.015170260022771517 0.9998839180336697 85.83239795871314
0.9999112499580923 0.013300944687515762 0.0007596450016584978 0.32691786640166404 -0.013310924253732854 0.9997968085022075 0.015138065787878269 -0.6103768847349512 -0.0005581401145122646 -0.015146833644162697 0.999885124349702 87.22012994784876
0.9999276736236146 0.011980787526114756 -0.0010527285021667892 0.33140093645403346 -0.011961480667306647 0.9997881321131117 0.01675153414037203 -0.6168601665552566 0.0012532021433036339 -0.016737730130873027 0.9998591290072016 88.62323403485219
0.9999452766659155 0.010289083579803003 -0.001891671524784159 0.3320299355969217 -0.010255141755902341 0.9998002727639594 0.017153619894454436 -0.6203335650102363 0.0020677889120825996 -0.01713328158538138 0.9998510763587659 89.98242534275421
0.9999574857338511 0.008757136992297446 -0.002887778931162264 0.3365883975240989 -0.008704916997801059 0.9998067633083263 0.017625563465888016 -0.6231245548167115 0.0030415706379803235 -0.01759967599888405 0.999840487396698 91.34372154386973
0.9999665501743367 0.0074167719752967366 -0.003448190560262198 0.33083731138198863 -0.007354493193989701 0.9998156501243822 0.017736324837235414 -0.6261437884906045 0.003579101466118767 -0.017710371611192155 0.9998367530528859 92.69611286871667
0.9999715149410746 0.006452883534569973 -0.003915302494572908 0.33582218199684033 -0.006383336287088133 0.9998260853913299 0.017522899584335557 -0.6225532978878421 0.004027695136058485 -0.017497407498857757 0.9998387962010076 94.09181284638596
0.9999662042027091 0.007216508614996978 -0.003938584500262163 0.32851664617705884 -0.00714926817139324 0.9998328477565113 0.01682749336171329 -0.6194252401666106 0.0040593622503505905 -0.01679876642445325 0.9998506503531354 95.43221970904571
0.999965966928398 0.007200160354426641 -0.00402773730313041 0.32902102341116446 -0.007132310335956254 0.9998365405042181 0.016613923157081795 -0.6236739011541272 0.004146702191888162 -0.01658463042304869 0.9998538667634704 96.83705631500125
0.9999633677282842 0.007512046795933238 -0.004102724201093615 0.32487381492667544 -0.007443931229771824 0.9998382434720026 0.01637298994274392 -0.6219504489231256 0.004225055581804723 -0.01634184953089679 0.9998575362754515 98.15441367524275
0.999953422374178 0.008896447324668034 -0.0037424987289958822 0.3179398427671085 -0.008834555720758154 0.9998290697324772 0.016241365895906194 -0.6196967047250279 0.003886349807488302 -0.016207545865072438 0.9998610962176592 99.53568085347663
0.9999532036384244 0.008922316173368942 -0.003739357816559934 0.3116507152670888 -0.008855703594700427 0.9998082155844922 0.017467357789958986 -0.6193277300193951 0.0038944902842357534 -0.017433425485946837 0.9998404415741343 100.8665564112851
0.9999507462225841 0.009277528504101861 -0.003525986791916953 0.30520335909069224 -0.009211166452447114 0.9997884032445125 0.018393019782187846 -0.6188266916740378 0.0036958827826631116 -0.018359635141126065 0.9998246167366072 102.21421020071136
0.9999478040565991 0.009521563517583544 -0.0037052636935422647 0.30857404353035794 -0.009455416293654657 0.9998025335893777 0.01747824237815999 -0.6146758766631968 0.0038709525509576653 -0.017442295023332416 0.9998403782887245 103.59532030764123
0.9999447116881505 0.009871164476076014 -0.003624040104059514 0.3058531872931227 -0.009812216252742555 0.9998248237713897 0.015938701553343836 -0.6125015551866211 0.003780739123085251 -0.015902260235825267 0.999866403135289 104.92693515702831
0.9999482320661005 0.009555641659444246 -0.0034961248510254174 0.30557357622612835 -0.009501746003513358 0.9998405247618801 0.015120909024362831 -0.6148842437976674 0.0036400576021280284 -0.015086906739154204 0.9998795603542106 106.23130354642448
0.9999641431470728 0.007647096041973281 -0.0036379024140484736 0.29746577979286476 -0.007587392663694824 0.9998407635723879 0.016151748899072678 -0.6181612000546396 0.003760837420209391 -0.01612356732206353 0.9998629339394743 107.57502277058838
0.9999829634291965 0.004970717248535322 -0.0030601988469671527 0.2989579534072275 -0.004915280862276027 0.9998283442542253 0.017863987786735556 -0.6100577222883026 0.0031484706438900008 -0.01784864145128052 0.9998357430676388 108.88590343678815
0.9999898903887403 0.0038672872340530682 -0.002294168030994967 0.3026135718587954 -0.0038242337460890146 0.999821857201536 0.0184832117855641 -0.6087316227040784 0.0023652394298953336 -0.01847425122586569 0.9998265387892591 110.2625681791765
0.9999920216876219 0.003648290623073976 -0.001626817280496501 0.3083184179759469 -0.003618030148924759 0.9998272449547856 0.018231569408168894 -0.6043144126508895 0.0016930504463820361 -0.018225537813795375 0.999832467633769 111.58343560609262
0.9999849449241186 0.005409424877385921 -0.0009208932033465001 0.3082485776018657 -0.005393673408589257 0.9998521895792801 0.016325051272450444 -0.596182162747334 0.0010090663106344941 -0.016319838265069865 0.9998663133885083 112.8837489723165
0.9999651025697934 0.008354257466317922 4.2316876771994125e-06 0.3080184519956098 -0.008353452102498953 0.9998613084767412 0.014407764201282683 -0.6075942882116027 0.00011613508358117655 -0.014407296549488103 0.9998962027658221 114.23875996309904
0.9999415252761881 0.010715486494930076 0.0014575207092785746 0.3079607996053195 -0.010735237792556859 0.9998401945872136 0.014294753645897504 -0.6036218613364465 -0.0013041126553189506 -0.014309564390343803 0.9998967624927955 115.55082194270217
0.9999279132824126 0.011737207579373209 0.002531044022314817 0.30508751390874866 -0.011776788976684391 0.999798840350322 0.016235335060987094 -0.6073374330920872 -0.002339977572417133 -0.01626397204702023 0.9998649947379388 116.90558179635697
0.9999259956048604 0.011620861161699225 0.0035998453515657895 0.3118673399646381 -0.011685269608814204 0.9997620585363606 0.018419576996727513 -0.597698430856072 -0.003384937731474198 -0.01846027876543119 0.9998238646311464 118.20401661828386
0.999926408295989 0.011236234034046551 0.004574387900346126 0.33080474645288493 -0.011323265486620618 0.9997463901574789 0.019466357074243035 -0.6006630477239489 -0.004354499607324626 -0.019516721239992044 0.9998000479624063 119.53287116908186
0.9999123957273472 0.012181106341093437 0.005178948187291603 0.33316372631022406 -0.012277987690894034 0.9997420826781599 0.019105474981772477 -0.5891787866237401 -0.00494488703414462 -0.019167388047370386 0.9998040604582265 120.89311089787519
0.9998894835606913 0.013318693667571142 0.006605531413803755 0.33997722807037056 -0.013440751350576294 0.9997330826857984 0.01879121132067829 -0.5850742032326258 -0.0063534944231763354 -0.01887791761733637 0.9998016089791498 122.18735486446076
0.9998563185348769 0.015035211989421622 0.007828452087515819 0.35525175142487053 -0.015179693224483839 0.9997092356437906 0.018735557721666886 -0.5745201806779368 -0.007544483397015412 -0.018851699000253325 0.99979382584525 123.59426865487886
0.999835602120317 0.015757816387321093 0.008969945810581387 0.35584237829653675 -0.01591793412339334 0.9997100425203785 0.018067935675956028 -0.5727728321351218 -0.008682634416289053 -0.018207748091467895 0.9997965241758687 124.89258058048476
0.999794618793786 0.017755035595772392 0.009771330867294552 0.3717776280223206 -0.017923177248261743 0.9996879914797074 0.017397685388423057 -0.5704400479231155 -0.009459386391247018 -0.017569245274847673 0.9998009009879703 126.2025902514659
0.9997989528876262 0.01703636082703314 0.010574317042691858 0.38849122672982794 -0.017214593690869966 0.9997072965977385 0.016999380537434685 -0.5646919324156019 -0.010281615178353878 -0.017177995186996926 0.9997995823458724 127.56339411062133
0.9997808177192948 0.01742384400072506 0.011607159183205765 0.4021633521753468 -0.01763217489913481 0.999680795981288 0.01809454621317605 -0.5682162046200858 -0.011288178519926403 -0.018295239408447586 0.9997689039118219 128.86948685801977
0.9997924976257206 0.016304628530097637 0.012211500566403417 0.421137122664268 -0.01653217931971927 0.9996871224758924 0.018770835039563748 -0.5624002183197268 -0.011901629360656009 -0.018968822492267425 0.9997492360488619 130.25501303835728
0.9998116917430123 0.01468286283716082 0.01268836330125089 0.4367365897260203 -0.014934185076447875 0.9996895391421714 0.019944811045719126 -0.5611107932398561 -0.01239157816864706 -0.0201305453502594 0.9997205659193844 131.58854037292588
0.999833924215504 0.013302410108837688 0.012456718977529736 0.4578600489614809 -0.01355329246600874 0.9997025276794209 0.020277190464082596 -0.5530275614766638 -0.012183278960523049 -0.020442652175742416 0.999716792733232 132.9439461137548
0.9998580827734918 0.01122573363567202 0.012561735398815591 0.4877085408330298 -0.011490948973088782 0.9997082884515177 0.021243731490792617 -0.5435427728807163 -0.012319595552052653 -0.02138506259228209 0.9996954069362172 134.26167786400333
0.999877521321435 0.010552749258975546 0.011557760233590316 0.5014116862944251 -0.010794037668292247 0.9997208451453288 0.021017149319612717 -0.5419511993810813 -0.01133274606707117 -0.021139329762148582 0.9997123074107629 135.60322065723554
0.9998962308785202 0.010056260495043795 0.010314993214162326 0.5205268401874292 -0.010275071333082137 0.9997185377654039 0.02138383009464489 -0.5378870249712845 -0.010097049409276068 -0.02148759809520452 0.9997181266256447 136.96722942768554
0.9999316455303563 0.007094241504192597 0.009293868726436586 0.5335043151363317 -0.007301918061939521 0.999720054092708 0.022505454141261424 -0.5222698539614979 -0.009131608581269436 -0.022571778535274447 0.9997035203090908 138.29219575050843
0.9999470907022173 0.006323314916521838 0.0081136599865146 0.5519268373712989 -0.0065091425421513905 0.9997123216939483 0.0230847340249384 -0.5227760918387558 -0.007965354484349655 -0.02313632526341145 0.9997005869554969 139.65165077236227
0.9999570460078313 0.006067317160676549 0.007006696566884161 0.5707081370988973 -0.0062280521385410835 0.9997125844034647 0.023150809488813845 -0.5052584078593065 -0.006864220001997512 -0.023193452805931967 0.9997074303052891 140.98789805863785
0.9999705916005915 0.005369395811851484 0.005475903521480565 0.57642204025363 -0.005496046611767465 0.9997114954988464 0.023382028711537158 -0.4924308014874344 -0.005348776777659051 -0.02341143656646987 0.9997116060147109 142.35794495775656
0.9999792210440783 0.004833400839426848 0.004265643474419567 0.5864254937904159 -0.004929377897874048 0.9997282629345521 0.022783800156397915 -0.47601511922709683 -0.004154361448376686 -0.0228043533721459 0.9997313152663686 143.69792659634686
0.9999863832660474 0.004229556929407995 0.0030568168611728383 0.5944312403401659 -0.0042919604528020615 0.9997764234814078 0.020704640759861836 -0.47261787298991287 -0.0029685622190138237 -0.020717478268127382 0.9997809628669226 145.02418246430193
0.99999764698354 0.00014265730652748978 0.0021646424004449164 0.6047641218511722 -0.00018676670505502607 0.9997920702992353 0.020390716161477525 -0.47597132416174637 -0.0021612836033226626 -0.020391072169623263 0.9997897444002426 146.38365868501583
0.9999700464927583 -0.007642003359066437 0.0012271497643398244 0.6207083862512419 0.007612862094273781 0.9997242073368452 0.022216066804058562 -0.4615899021039218 -0.001396586702299126 -0.02220605890991612 0.9997524395918558 147.71086581640975
0.9998750830667318 -0.015800498411024804 -0.0004030974862572036 0.6313091634026406 0.015805630534476863 0.9995785214663827 0.02435080116069745 -0.447923419147653 1.8172790117413663e-05 -0.024354130187404132 0.9997033940057225 149.06400596728753
0.9998174884210815 -0.018969431772038463 -0.0022694644728757617 0.6463033847311761 0.019013817310911826 0.9995887798922515 0.02146499295289392 -0.43173441672102736 0.001861352653226898 -0.02150422621083397 0.9997670246613986 150.4158988111275
0.9998394959686959 -0.01785664032531993 -0.0014569369667102186 0.6548487197995879 0.01788054325215548 0.9996691417038618 0.018490358237973965 -0.43183917335116573 0.0011262793384194747 -0.018513441013737444 0.9998279771935857 151.735969930661
0.9998907054669441 -0.014775568950183416 -0.0005095697871456322 0.6516655711621622 0.014781861981758163 0.9997610203494649 0.01610586175810299 -0.41467212755074645 0.0002714747568772413 -0.01611163362947855 0.9998701623451273 153.08814247272994
0.9999049809034803 -0.013780550928729486 0.000354347276241688 0.6531593243241658 0.01377269547482424 0.9997651442719961 0.016732279966811623 -0.42637557869958553 -0.0005848441458996372 -0.01672580951861353 0.99985994281052 154.4393324524099
0.9998463182543292 -0.017514264441497528 0.0007683647947240215 0.6601130005863127 0.01749608966103903 0.9996590285668159 0.019383330490800998 -0.4114134989893241 -0.0011075876792688384 -0.019366907963452428 0.9998118303490181 155.78829168471336
0.9997280768564942 -0.023288456982862624 0.0011916640634875618 0.6763217667190322 0.023253858600335055 0.9994507914275678 0.023608762213873046 -0.40588167230326616 -0.0017408213887076963 -0.02357463131136292 0.9997205640948333 157.141077310769
0.9996613934772237 -0.025991276517556693 0.0012457408058469746 0.69955946911329 0.025952596465217 0.9993578020708429 0.024707210885602567 -0.3897668833673634 -0.0018871129110983676 -0.024666514291997656 0.9996939540932781 158.4770177464968
0.9996148011693358 -0.02773635748704479 0.0009714325876236055 0.7102844614877029 0.027702992478864305 0.9992969669905502 0.025260959485811908 -0.378853693410187 -0.0016713967910777444 -0.025224317033248792 0.999680419051659 159.83702181929564
0.9996383964950543 -0.02681654687951436 0.0019872081016955277 0.7155526250810085 0.02675640871963461 0.9993088392792563 0.025805782868178397 -0.35875262188852525 -0.002677856841382954 -0.025743280476298185 0.9996650001698596 161.19315551059623
0.9997278641786786 -0.023129139956440455 0.0030398054934797523 0.7182868905025634 0.023045582866101134 0.9994185819920255 0.02512765725052592 -0.3469775347047991 -0.003619219508499574 -0.02505076465809682 0.9996796288876149 162.5337835674556
0.9997948447007792 -0.01991642729905899 0.0036884135719707544 0.7231658848359099 0.019824661153704345 0.9995287116292534 0.02343795004675866 -0.33791845576289736 -0.004153475848639907 -0.023360019735591542 0.9997184894216707 163.86419212846735
0.9998431264792226 -0.01716796582008632 0.00435698897901258 0.7303842243831116 0.01706426157933213 0.9995940177288021 0.022816896154905335 -0.32444596876132153 -0.0047469402157078976 -0.022738967655729924 0.9997301665373665 165.22836265827354
0.9998541875690687 -0.01641810034590083 0.004695695378221943 0.7381400776594944 0.01630256316557454 0.9995869569326591 0.02366731956985876 -0.3132602251507401 -0.005082328712906655 -0.02358731636510666 0.9997088618276859 166.5842218891489
0.9998879249270513 -0.014273017071110158 0.004518688832057841 0.7524445409619965 0.014158227401822576 0.9995997957133467 0.024490672769266857 -0.2956685542841159 -0.004866436636588449 -0.02442395099475603 0.9996898460954042 167.90635250353404
0.9999125084576275 -0.012565466974936771 0.004133334527222488 0.7523187579741293 0.012471725878795891 0.9996807683638926 0.021973107542321808 -0.28464283913483224 -0.004408117766898149 -0.021919634946140545 0.9997500177938778 169.3211565712565
0.9999591796221697 -0.008330230712454834 0.003499476980467245 0.7614498107793359 0.008260235117997925 0.9997745306593014 0.019561604920429573 -0.27975890357875 -0.0036616409474287833 -0.019531899621172338 0.9998025291341109 170.64838128605075
0.9999881491365326 -0.0038269638433564377 0.0030093077608289278 0.7639322829216006 0.0037704923786183327 0.9998207752086 0.01855265124382808 -0.26680868524077095 -0.0030797690030823265 -0.01854108453764237 0.9998233559926532 172.01727086991164
0.9999945793294391 -0.0011451946982966206 0.0030870440733473826 0.7658015043915378 0.0010884202575932116 0.9998313880789419 0.01833059659647182 -0.2502061207730657 -0.0031075159236200493 -0.018327136965390612 0.9998272147611622 173.3906266394126
0.9999910621032952 0.0017366998232100422 0.003854813511185201 0.765282219805603 -0.0018162182119853113 0.9997836357875187 0.020721558441636125 -0.24742791474757764 -0.0038179926597491335 -0.020728374117122556 0.9997778540341843 174.78170921135376
0.9999919247804414 0.0013868704085209886 0.0037718648523438923 0.7730845453056889 -0.0014721301983350718 0.9997413271672521 0.02269607037435787 -0.2291377847185608 -0.003739412977671365 -0.022701439446248892 0.9997352956726434 176.14893249856806
0.9999953211571739 -0.00029348684675129996 0.003044918657016507 0.7813918124655912 0.0002208906949558511 0.9997163642811812 0.023814747972076784 -0.21815322894510902 -0.003051044580258738 -0.02381396360746633 0.9997117515757326 177.49926410130013
0.9999961376084362 -0.002332194451342861 0.0015118323687691214 0.7898499718389265 0.00229375501663919 0.9996861298832753 0.02494755367403854 -0.20067810084044624 -0.0015695405283374462 -0.02494398918202489 0.9996876181682759 178.89593913358829
0.9999945127932632 -0.003211660438122819 -0.0008121694497191731 0.7896246893260623 0.00322805770402486 0.9997728895534569 0.021065350221023516 -0.18567639331944397 0.0007443303067817906 -0.021067856055194786 0.9997777710033704 180.22888337272505
0.9999961811646046 -0.0007909538834366337 -0.002648026904575101 0.7799276373572517 0.0008367163892522651 0.9998495532623618 0.017325436893636137 -0.18466789330834527 0.002633925116240576 -0.01732758612705152 0.9998463967942026 181.65636008545468
0.9999895172265235 0.0035460988449870405 -0.0028966561710720325 0.7777663190445581 -0.003498568109469967 0.9998617998446392 0.01625242287349016 -0.17465084460240343 0.002953888799338649 -0.016242118119575887 0.9998637247777254 183.05060040569782
0.9999737499351987 0.006490775850402778 -0.003220134021920589 0.7712213971371537 -0.006433271031965346 0.9998251480031312 0.01755808831847409 -0.1747257526959218 0.003333536872157263 -0.017536911169867542 0.9998406594371756 184.40050581985025
0.999962429717436 0.007935745615571043 -0.003487561690004101 0.7628817622916584 -0.007863297329078353 0.9997626421037746 0.02031817007820878 -0.1568559501665408 0.003647974027115264 -0.020289982691972634 0.9997874818529734 185.84682715155213
0.9999672410477696 0.007466193352097187 -0.0031261446880143607 0.7642367227844926 -0.007392358409221671 0.9997081522433394 0.02299920443795472 -0.14629094695426664 0.0032969491157033423 -0.022975341094837263 0.9997305956137452 187.19752131214727
0.9999660041407066 0.0077300982920710465 -0.002869866820436373 0.7549594821991672 -0.007659472435721439 0.9996860884968365 0.023854915193843997 -0.1361207520949117 0.0030533670338439957 -0.023832122216034767 0.9997113117681167 188.66178110314064
0.9999778412040109 0.005958922455687757 -0.002967884555944253 0.7615844760043535 -0.005883802155182364 0.9996774085672367 0.024707482719948475 -0.11712789710433137 0.0031141573782840163 -0.02468947242991325 0.9996903180237807 190.057510237663
0.9999923795558315 0.0028038912935388336 -0.0027164354267147327 0.7703253859668484 -0.0027322527571924265 0.9996575190628084 0.026026513504432816 -0.10511421591769762 0.002788480848436526 -0.026018892806374226 0.9996575621506626 191.42947777484406
0.9999959426928493 0.0009200361680349373 -0.0026959468741854275 0.7687681410529039 -0.0008503939865539014 0.9996688124215382 0.025720465194492673 -0.08832794071145843 0.0027187179962473136 -0.02571806784936667 0.9996655388339898 192.87883211996004
0.999993696157338 -0.0027779189352707375 -0.0022115175683677865 0.7698352091396983 0.0028391755032714833 0.9995984068066334 0.028195109941299052 -0.07373445630885742 0.002132305885675879 -0.02820121068129607 0.9995999924756094 194.23898690731102
0.9999822579384486 -0.005667780134645176 -0.0018330500622924665 0.7745681338913716 0.005718971629730507 0.9995559323717687 0.029244340657254793 -0.05246292468484845 0.0016664857085241184 -0.029254304538876286 0.9995706120424367 195.71518407678826
0.9999594924721533 -0.008842272254183476 -0.001681555132894366 0.7812043092762 0.008890075543660933 0.9994817540855727 0.030938484945233255 -0.039889753144146084 0.0014071172813913107 -0.03095218040585187 0.999519875997361 197.1035498636175
0.9999791248390457 -0.006279105382996066 -0.0015240462848136321 0.7846399145793331 0.006317590168094528 0.9996230524120816 0.026717806314327828 -0.02007364273407164 0.0013557079890176233 -0.026726876487340658 0.9996418539158394 198.54814103979766
0.9999986070448112 0.0011966231513117918 -0.00116361538453262 0.7763160524132277 -0.0011704062747503255 0.9997511708379757 0.02227614375281558 -0.010440968063020112 0.0011899820924683073 -0.022274750498030044 0.9997511787491578 199.9546647041487
0.9999534959763496 0.009643406302716253 -0.00010290953346513577 0.7656200221769929 -0.009638889876916142 0.9997171134464201 0.02174361781657361 0.018452378598858482 0.0003125629924359474 -0.021741614404171456 0.9997635742940462 201.3929315174307
0.9998540159303229 0.017072733703835403 0.0006845169619556354 0.7397497278754938 -0.017084624681687897 0.9995304212303489 0.025437230404462167 0.03488590835939119 -0.00024991248130545613 -0.02544521132417254 0.9996761869409267 202.85935937402223
0.9998266664260489 0.018549379955284218 0.0015992414641399421 0.7384755465278737 -0.018587029680476663 0.9994318242071525 0.028116741541782002 0.04918088259463749 -0.001076784775451061 -0.028141592711011607 0.9996033669722789 204.29014073708348
0.9998585597768437 0.01677927904732412 0.0011472612193790636 0.7550780360748715 -0.01680524288626338 0.9994493220711476 0.028611824180660685 0.0721320951200478 -0.0006665437158164074 -0.028627056909914867 0.9995899395750169 205.74987677319436
0.999904851884605 0.013790151972048538 -0.00034477148121566607 0.7603046322378103 -0.013774347753706123 0.9994841508451335 0.029012059643802088 0.09007561404616586 0.0007446744098916899 -0.02900454978130074 0.9995790021401079 207.23305897994825
0.99992795556061 0.011963701633601987 -0.0009764819832455409 0.7641838054271367 -0.011931015138051618 0.9995224597519944 0.028504444830826627 0.10166324133846787 0.0013170344615007845 -0.028490740412425684 0.9995931888020755 208.63176684214216
0.9999282745817513 0.011833560011778342 -0.0018473046920265187 0.7662094003138369 -0.011776825162869221 0.9995334473806485 0.02818144782658679 0.12773987322635078 0.0021799298679874577 -0.02815767071054518 0.9996011171740198 210.14284612603797
0.999902502504313 0.013809551214798554 -0.002069241631819224 0.7656310533708047 -0.013745105991323349 0.9995004582388499 0.028458849100375414 0.1471392340585079 0.002461212104369913 -0.028427632079243075 0.9995928231729009 211.5434088350306
0.9998922035125115 0.014480572643225827 -0.0024278279895813045 0.7620845158656975 -0.014402565909299374 0.9994596171194464 0.02954724854663572 0.1738178829865315 0.002854377356038251 -0.029509096079791887 0.9995604362651295 213.0076171949484
0.9999029086627252 0.013667351504099728 -0.002716013738167806 0.7588063548420061 -0.013581866990361083 0.9994774798464142 0.029330874864727095 0.19295485630821724 0.0031154702086751947 -0.029291138131931398 0.9995660673717177 214.48748813994504
0.9998937847855255 0.014255794115765883 -0.003031741983297481 0.7612495955478561 -0.01416274914886601 0.999485753372172 0.028768826787459675 0.21055832451139472 0.003440305684981281 -0.028722832885905304 0.9995814939951801 215.91656436824826
0.9998980963537588 0.01385924595982874 -0.0034231839462781225 0.7626416885077918 -0.013757811104659281 0.9995114554839167 0.028063731754044613 0.23132828331849725 0.0038104540534617745 -0.028013776036283727 0.9996002744914526 217.43337077803932
0.9998917567119854 0.014183495174350424 -0.003911943435881562 0.7594453531459757 -0.01406362697291259 0.9994765933142096 0.029133380610533888 0.2546705752096738 0.0043231094288721985 -0.029075210586035353 0.9995678780475331 218.90155442635756
0.9998898401932187 0.014228103356475648 -0.004227118424953129 0.7551147684332491 -0.014100617692386854 0.9994858438844199 0.02879618911126676 0.276251384362315 0.004634660574255976 -0.028733411534377886 0.9995763657440317 220.39187269148297
0.9998962410938591 0.013707891197154012 -0.004427272684704221 0.7560554092047986 -0.013576534019165204 0.9995030220595037 0.028449721755799646 0.30512458416426896 0.004815058526326781 -0.028386662417088548 0.9995854203518793 221.89392204887474
0.9998692139407849 0.015310553450539114 -0.0052097926142013725 0.7458731229938828 -0.01515794456224854 0.999488226847901 0.028169507683707268 0.3238296946172642 0.005638417612873018 -0.028086853353341372 0.9995895842238788 223.39932118456548
