1.0 -6.776263578034403e-21 8.673617379884035e-19 -8.673617379884035e-19 0.0 1.0 -1.828002979293187e-19 0.0 0.0 1.0683203047244863e-19 1.0000000000000002 5.551115123125783e-17
0.9999995695502296 -0.0009037293586177133 -0.0002101723987497214 0.0012891733271223407 0.000904007273230145 0.9999987128074349 0.0013255773750311915 -0.018216118717751466 0.00020897418220487685 -0.001325766782437578 0.9999990993352647 1.3106429208269572
0.9999980873779859 -0.0016080097675215056 0.0011133485670597534 0.022932173248450042 0.0016060377804278606 0.9999971438716457 0.0017699979559385706 -0.029690876229971075 -0.0011161916552488178 -0.0017682064648186857 0.9999978137778339 2.605726818196732
0.999997459293387 -0.0022237945866144973 -0.0003689766514369903 -0.01396192441218613 0.002224822741276006 0.999993579010154 0.0028092890282067234 -0.026735831344540377 0.0003627270300914859 -0.0028101027571422266 0.9999959858667548 3.9084458901054426
0.9999950581507718 -0.0031436031216595934 3.784830808111102e-05 -0.006201717324943783 0.003143530578184529 0.999993454132263 0.0017916222895113098 -0.05994321623435963 -4.348021451789502e-05 -0.0017914944317126197 0.9999983943266244 5.222759793064967
0.9999935140511371 -0.0035874227660778464 -0.0003197689207973817 0.005837557859137137 0.003588144215982317 0.9999909548050395 0.0022837539632916764 -0.07365988030531945 0.00031157326227708015 -0.002284886494194 0.9999973411035799 6.548272040757488
0.9999897310913927 -0.004512937595121296 -0.00041364701903263187 0.01967775673849575 0.004514647288260738 0.9999808674020514 0.004228805386142592 -0.09506962681018079 0.00039455480151140074 -0.00423062936916877 0.9999909730085215 7.889706758838271
0.9999905126248694 -0.004341691379949782 -0.0003526672909886274 0.02667649969407137 0.004343472910365368 0.9999769572178329 0.00521721021492819 -0.10189117471041782 0.0003300076740208272 -0.0052186924416955036 0.9999863280766108 9.240418514613552
0.9999880574377027 -0.004874818115351968 -0.0003480342476423178 0.030925312938169795 0.00487577130547427 0.9999842180461284 0.0027911498162197903 -0.10271384233198645 0.00033442243356101957 -0.002792813376739376 0.9999960441687292 10.539316724190131
0.9999991427104679 -0.00013558986741054495 0.001302380159197516 0.04233653107929224 0.0001306317945903386 0.9999927475824646 0.003806273866000772 -0.12882157311882042 -0.001302886915123625 -0.003806100415515026 0.9999919080082682 11.835069949922707
0.9986644143335737 -0.018225166318685128 -0.04834491296894726 -5.2463626545468 0.019920644606091914 0.9991949187457487 0.03482358902882856 6.255128506140163 0.04767132966914349 -0.03574014045144909 0.9982234653888145 10.325988438624792
