1.0 -3.469446951953614e-18 0.0 -1.7787691892340307e-19 0.0 0.9999999999999999 -3.5405977195229754e-19 0.0 2.168404344971009e-19 -2.354751593366955e-19 1.0 0.0
0.9999998889450911 -0.0002889270796284562 -0.0003723316142519586 -0.0047931305747899305 0.00028922841625989536 0.9999996305509755 0.0008094715859116874 -0.02457024780991455 0.0003720976305563949 -0.000809579200937089 0.9999996030627086 1.320263340273634
0.9999997389813176 -0.000660506568813014 -0.00029286338130546374 0.013556073551094325 0.0006609322732809356 0.9999987219974528 0.001455737169486909 -0.04121416257896895 0.00029190150895918687 -0.0014559303808003637 0.9999988975298565 2.619372485234988
0.9999977385225337 -0.0019504341327268582 -0.0008477960136769518 0.015057443884984771 0.0019512338739331517 0.9999976513689486 0.0009433662515308527 -0.07678177455196811 0.000845954121172087 -0.0009450183842505817 0.9999991956513667 3.9405947607609266
0.999997084681509 -0.0024135825868874753 7.246544232152345e-05 0.04642934226649936 0.002413504563915531 0.9999965254439623 0.0010602320550001554 -0.10074091060298612 -7.502415347500043e-05 -0.0010600540873948114 0.99999943532822 5.215049787462951
0.9999961899573208 -0.0027310732388648746 0.0004016396005958728 0.08721911973345711 0.0027305133824990276 0.9999953083492792 0.0013883702378046502 -0.1155241613685502 -0.00040542948999186664 -0.0013872682906723335 0.9999989555560725 6.526076063788764
0.999992757790306 -0.0037528279644720598 0.0006329734102028801 0.07634592673467464 0.0037511241282942205 0.9999893940894321 0.0026722220612959433 -0.14842343491909998 -0.0006429951385320649 -0.0026698283958971605 0.9999962292794594 7.866260347129886
0.9999919967997541 -0.0038767577883939836 0.000988479770991534 0.06543531032702919 0.003873644928268794 0.9999875923449386 0.0031320959775321773 -0.16671465330425198 -0.0010006099655007217 -0.003128241948963866 0.9999946064260389 9.174564339670324
0.9999937957026392 -0.0034773411780469124 0.0005627257504790362 0.07715706692699963 0.0034760351869870722 0.999991300195833 0.002305798505402749 -0.19036585254324842 -0.0005707389490862275 -0.0023038281873151165 0.9999971833121845 10.497289356564115
0.9999993160649034 -0.0009272112215840279 0.0007128475136054132 0.04688946784383925 0.0009272125910135855 0.9999995701364519 -1.5063753756607499e-06 -0.20921046413384553 -0.0007128458706301033 2.1673368681537415e-06 0.9999997459224771 11.831057312803305
0.9999965686555775 0.0025501808157768558 0.0005993756694124038 0.044890635465289874 -0.002549580795520836 0.9999962498218105 -0.0009999923859436057 -0.2383046781086698 -0.0006019236348953697 0.0009984608161457144 0.9999993203812346 13.171300261976192
0.9999849307788093 0.005449908076563757 0.0006608384351069402 0.03004183799272113 -0.0054492342277112455 0.9999846348851115 -0.0010177676257314139 -0.2616115315789779 -0.0006663750787483875 0.0010141512417036643 0.9999992637199364 14.517668875163437
0.9999822193775343 0.0058350858818672045 0.001229915274974536 0.01018109173890433 -0.005834533208770568 0.9999828764674277 -0.0004527758023178009 -0.28628498684031223 -0.0012325363050749482 0.00044559177548329825 0.9999991411498371 15.86903603173344
0.9999903756368399 0.004106634590337796 0.0015440791492834984 0.013700564726843022 -0.004110183090944207 0.9999889038722297 0.002301854628221421 -0.31230413885427966 -0.0015346092682274816 -0.002308178969736113 0.9999961586338709 17.207197408652693
0.9999986907553532 -4.408889438076505e-05 0.001617574133156017 0.01173372652111851 3.7080289516114306e-05 0.9999906137082608 0.004332564992305708 -0.3443399423739888 -0.0016177501013256023 -0.004332499423842629 0.9999893061088404 18.571607805172366
0.9999966882111574 -0.0023948348552105796 0.000942516645984149 0.02094597152838091 0.0023923115688892754 0.9999935754767785 0.0026694281245220643 -0.3721111177914771 -0.0009489035081386545 -0.0026671645404269953 0.9999959928992544 19.919904849943414
0.9999939470880144 -0.0032607703455653555 0.0012137423281594645 0.014168273282214296 0.0032605490063598846 0.9999946673791293 0.00018446907334880076 -0.3832495045005799 -0.001214337469265929 -0.00018051049050513005 0.9999992463990978 21.271253221087495
0.9999975655617402 -0.0013351316443766213 0.0017567864332378913 -0.004112080180414486 0.0013368354287339786 0.9999986369873901 -0.000968964627238955 -0.4387849416562956 -0.001755490492432541 0.0009713108242939977 0.9999979874009128 22.61829886406297
0.9999962196284171 0.0014313321105566953 0.002347768713077844 -0.010764148413211813 -0.0014317435962616773 0.9999989599950009 0.00017355583936920382 -0.43049900758239845 -0.0023475180536768545 -0.0001769165887564849 0.9999972289243623 23.991111739774905
0.9999924389387196 0.0020062652364796155 0.003331210865201647 -0.021920805804132377 -0.0020247199125681143 0.9999825721964777 0.00554579252948886 -0.4580198869990561 -0.003320026754950088 -0.005552495474655101 0.9999790733878015 25.375850343633182
0.9999944716457491 -0.00013057875703636514 0.0033225940910203713 -0.009574225836728338 0.0001117453527797671 0.9999839314161464 0.005667840938571551 -0.4822755774214056 -0.0033232810775002167 -0.005667438429188533 0.9999784177379751 26.74253486519194
0.9999861774614588 -0.004131442296373472 0.0032520886022473572 -0.01473388674711227 0.004116652028218041 0.9999812131500997 0.004541642471634532 -0.5164344806832851 -0.0032707913119958383 -0.004528192060890497 0.999984398577168 28.117266505766263
0.9999863459178847 -0.004050559296751063 0.0033016597106552623 -0.022478275505971423 0.004042660263301023 0.9999889587058878 0.0023956958002381698 -0.5220549882814498 -0.003311327441573167 -0.0023823156418547424 0.9999916798049043 29.470077714352442
0.9999814669248752 -0.004661284178720146 0.003916407468715257 -0.03329444002029035 0.004660266713193443 0.9999891047253178 0.00026895837199992356 -0.5722659283896409 -0.003917618820327411 -0.0002507018821972082 0.9999922946736524 30.859574550696983
0.999988719170779 -0.0018169553183836756 0.00438864584947647 -0.03703652692605236 0.0018201436620174857 0.9999980824694743 -0.000722586854042453 -0.5846745805849036 -0.004387324897321291 0.0007305666879523198 0.9999901087747748 32.249803848789256
0.9999878073850744 -0.0004007502510504392 0.004921837721700968 -0.041264258136414524 0.00041428410362426976 0.999996135568102 -0.0027490393051359204 -0.6241542474118229 -0.004920717441456214 0.002751044884820889 0.9999841090168455 33.626127914470466
0.9999870619659523 2.2734787511776225e-05 0.005086785762863606 -0.0511630618236594 -9.281757448650549e-06 0.9999965027053526 -0.002644710030858584 -0.6391433825406272 -0.0050868285318287606 0.0026446286554460143 0.9999835649194254 35.021756678425696
0.9999898055738917 0.0002326780098105604 0.0045093917591992085 -0.04872058369496203 -0.00022711535541400027 0.9999992127729765 -0.0012340472245586716 -0.6774475109354098 -0.004509675727059422 0.0012330105198377953 0.999989071192571 36.406564018061836
0.9999891136823141 0.001453075328365288 0.004434082946374396 -0.05681417456604186 -0.0014529981993055248 0.9999989441858638 -2.0637218860136627e-05 -0.7026372836846615 -0.004434108627067143 1.4194282436290288e-05 0.9999901691887154 37.81296603185443
0.9999873569463048 0.003360591126648704 0.0037406380692933255 -0.041148857669202316 -0.0033619316035114694 0.9999942867192362 0.00035206665748607464 -0.7243136365499603 -0.003739433861830895 -0.0003646379823475974 0.999992941809611 39.20695391208772
0.9999687315137773 0.0065155540696206545 0.004481466467458553 -0.06454493416208 -0.006516680855192459 0.9999787381831707 0.00023678164420560545 -0.7632303678684432 -0.004479828798522835 -0.00026597853371970764 0.9999899301414127 40.60424027137895
0.9999518682227292 0.008742457223604063 0.0044531635411420595 -0.07015622536522521 -0.008744914296479918 0.9999616207537416 0.0005324590123042262 -0.7970298922948202 -0.004448338007960284 -0.0005713759319581376 0.999989942856153 42.02521292478253
0.9999512598926915 0.008947641609689815 0.004173431898005309 -0.07983203584392409 -0.008950226812380764 0.9999597652967153 0.0006010386050396043 -0.8069359622007902 -0.004167886455454115 -0.0006383624884694622 0.9999911105659909 43.41871827714249
0.9999550222593472 0.008674272845685112 0.003835418430837803 -0.084928735998381 -0.008675915236045767 0.999962278821964 0.0004116393247965544 -0.8375812934111779 -0.003831703406523928 -0.00044489658768433454 0.9999925600280559 44.85039206316764
0.9999620852306553 0.008167241315912448 0.003020638456361998 -0.0799363066764898 -0.008167038156693686 0.9999666460155132 -7.976125177850942e-05 -0.8717876745195645 -0.0030211893913103744 5.508855540775172e-05 0.9999954346776044 46.23360366443503
0.9999660964323687 0.007965471225572583 0.00208740022903648 -0.08575650805285066 -0.00796623698384491 0.9999682047606987 0.00035854289000259213 -0.9136316823657729 -0.002084478072936882 -0.0003751594708225652 0.9999977570993659 47.666767616932354
0.9999692121405068 0.00776964313243443 0.0010988183251291713 -0.09103273278164987 -0.007770730584061039 0.9999693189310909 0.0009884124012748572 -0.9282315010361958 -0.0010911050924808472 -0.0009969206160496962 0.9999989078181761 49.06652504699047
0.9999617685357827 0.00874298324032953 0.00014728167080986488 -0.1021972607691426 -0.008743162135684683 0.9999609876332156 0.0012571183067178883 -0.9610499836140352 -0.00013628497177161584 -0.0012583579841589972 0.9999991989804712 50.49367451530681
0.9999639295245583 0.008443774805036271 -0.0009177674044924523 -0.11184037768052721 -0.008442671378201589 0.9999636397815661 0.0012001803842348554 -0.9768124126215318 0.0009278681659981709 -0.0011923887152836363 0.9999988586351001 51.94635695210072
0.9999522682007715 0.009608579197124077 -0.0017710170384642307 -0.13489935226669675 -0.009604464062754312 0.9999511894249223 0.002317985958705424 -1.0227091676059115 0.0017932032985631305 -0.0023008657017324265 0.9999957452121443 53.332178306423195
0.9999655126782259 0.007724199286252464 -0.003051258374286198 -0.12350098270141863 -0.0077146455785143874 0.9999653409145922 0.003130691444367983 -1.0512871535299606 0.0030753349669985267 -0.003107044167935316 0.9999904442531004 54.80788964666443
0.9999827749305087 0.004895008842516702 -0.003238628621642237 -0.14163152786658328 -0.004883133560132041 0.9999813624628686 0.0036646612727288465 -1.0471911131444513 0.003256507088760273 -0.003648783570886858 0.999988040701833 56.201947317167736
0.9999877874343415 0.003282570455785204 -0.0036945501111565193 -0.1602044834999663 -0.00327092854752146 0.9999896803791485 0.0031528030423884903 -1.0831580799210843 0.003704861598345665 -0.0031406799965750056 0.9999882049990223 57.63647983866241
0.9999902494759417 0.002800657970462985 -0.003414272499110044 -0.1837493670154583 -0.002788019845313733 0.999989265582575 0.003700766031506971 -1.1277628407260265 0.003424600720986207 -0.00369121096529713 0.9999873234589198 59.071972619968285
0.9999924574999332 0.001772900696481612 -0.0034556847333172226 -0.17516429835964106 -0.0017597807576566257 0.9999912467136075 0.0037960071268632913 -1.1516008810672966 0.0034623847239582837 -0.0037898973268530632 0.9999868242019023 60.483054969692446
0.9999963700492742 9.125983121150913e-06 -0.0026944016473512745 -0.19897995027447218 3.793046261357791e-06 0.9999885052475633 0.004794721811483981 -1.1777725412699105 0.002694414664014512 -0.004794714723571474 0.9999848753087214 61.93036670470497
0.9999946626805167 -0.001884274875196247 -0.0026691041232837394 -0.19506667910103356 0.001896849805230012 0.9999870778585213 0.004716574273338649 -1.2071005960862167 0.0026601825391123326 -0.00472161208289443 0.9999853147991556 63.34593172052847
0.9999936306036968 -0.0029616861360951385 -0.001991775121331459 -0.21264162217678523 0.00296786907403517 0.9999907648227867 0.0031083785872594405 -1.2314542411022873 0.0019825508554434336 -0.003114270177276429 0.9999931853854597 64.75668288214963
0.9999937314356461 -0.003373197544797476 -0.0010763971119552617 -0.22185318301420487 0.0033762354368964357 0.9999902879584823 0.002832846219578314 -1.2589204345505813 0.0010668310007224263 -0.0028364626859645544 0.9999954081661193 66.2434714916724
0.9999986560725621 -0.0016073788110442418 -0.00032278223735648665 -0.2399325791344059 0.0016082927622172154 0.9999946421996668 0.0028511336978594305 -1.2829622265888458 0.00031819768537761023 -0.0028516490497120356 0.9999958834160133 67.57782092062085
0.9999986422821323 0.0016181581329345806 0.00031144151014640947 -0.26214407702255915 -0.0016194583223271483 0.999989782540207 0.004220446872719678 -1.3143871559984808 -0.00030460899999589473 -0.004220945593273386 0.9999910453759657 69.05806144201607
0.9999899541401116 0.0043400309049618415 0.0011205998065748988 -0.2783109567830494 -0.004345599510394227 0.9999779806108614 0.00501538287749735 -1.3359109934482722 -0.0010988083040319853 -0.005020202273009959 0.9999867950073311 70.39882834728637
0.9999611298781657 0.008527321774814153 0.0022413166991653794 -0.29671731025699843 -0.008540560921893401 0.999945737642688 0.0059649481473193575 -1.3661812581505137 -0.0021903302286092633 -0.005983858513560703 0.999979697738571 71.85221104090566
0.9999226576401249 0.012189848284588991 0.002467044892376322 -0.3003768771135216 -0.012203835555893116 0.9999090783167289 0.0057359851372071015 -1.3932130230944475 -0.002396899994562251 -0.005765649033781715 0.9999805058899209 73.22900820243898
0.9998731615668388 0.015620062090184909 0.003110369968705594 -0.3119040541184756 -0.01563578055459029 0.999864773953999 0.0050947239700373835 -1.4158963352902076 -0.003030369713807061 -0.005142710936367632 0.9999821845317791 74.61503203173856
0.9998351001057653 0.017728076653096884 0.0039354606045715924 -0.3229547019937229 -0.01774777463612034 0.9998298545727718 0.005027767738381688 -1.4297863313002106 -0.0038456586740152673 -0.005096784438821852 0.9999796166393977 76.05231826893194
0.9998303962261531 0.017937481638702454 0.0041743849350192475 -0.3228881430041671 -0.017959275582891766 0.9998249722928217 0.005243019065867115 -1.4570785566866982 -0.004079608085303002 -0.005317098874705919 0.9999775423747409 77.42483522844297
0.9998525697166861 0.016662853585712397 0.0041458534826470704 -0.324397630137669 -0.01668445355628799 0.999847121756039 0.005230886110455722 -1.495220110819205 -0.004058058522122149 -0.005299286333227627 0.9999777246128045 78.83240820693754
0.9998664885593403 0.015842597227520263 0.004002140904875887 -0.3307693811227885 -0.01586012157289861 0.9998646034151847 0.004385364536606053 -1.509105637045705 -0.003932123794274855 -0.00444825357818299 0.999982375564099 80.1880369371923
0.9998728825112438 0.015517526316047206 0.0036640359305180822 -0.3318099212662973 -0.015532959669091309 0.999870444104394 0.004221635973039278 -1.544631836220415 -0.00359805218729997 -0.004278012744888949 0.9999843761899033 81.58913038950878
0.999885601322785 0.014769957506850204 0.003260765022887698 -0.3421714654655449 -0.014784407217844932 0.9998807917545671 0.004452372469417048 -1.5653364588749041 -0.0031946152278639122 -0.004500071699246297 0.9999847717766516 82.96780936347676
0.9998851289946052 0.014879212820283823 0.0028875260071431754 -0.35047397521346846 -0.014888727069301257 0.9998837059799306 0.0033015693165635174 -1.585545672497187 -0.0028380656906767067 -0.00334418172360457 0.9999903808680994 84.34726979752058
0.9998835938353753 0.015110096455240038 0.002117481391434019 -0.35619494457989825 -0.015118012479285023 0.9998785970750456 0.003773174849976424 -1.6084182815266834 -0.0020602114590213606 -0.003804747824153688 0.9999906396665567 85.75151646717326
0.9998874061944089 0.014982016693055548 0.0008450277701483005 -0.36106338374637403 -0.014985436439150363 0.9998789079353851 0.004195974093879336 -1.6366363917678861 -0.0007820613536718469 -0.0042081648569097 0.9999908398222168 87.12508767116499
0.9999133154723931 0.01316623666898505 -0.00010825967489776342 -0.3696575583838801 -0.013165423736280848 0.9998976133729724 0.005606640709331995 -1.6652291804107144 0.00018206696816392125 -0.005604729536538372 0.9999842768064409 88.50677689571349
0.9999416119068213 0.010733191562334791 -0.0012535346391579424 -0.37260062072908795 -0.01072475876873884 0.9999210280582024 0.006551123525622216 -1.6928733819538666 0.0013237502253329433 -0.0065372972995442705 0.999977755469227 89.88967322812009
0.9999485830479004 0.009933819223961915 -0.0020372702554264602 -0.38736619384321924 -0.009920377970022537 0.999929631489695 0.006505243310131261 -1.7219906155923985 0.0021017489890473437 -0.006484698476516529 0.9999767654011639 91.25339178103361
0.9999649547566991 0.007998947858116511 -0.0024710463643545268 -0.39929523782642506 -0.007984195553437934 0.9999505809755194 0.0059235330374591885 -1.7441116249008441 0.0025183064966491715 -0.005903596252941001 0.99997940263266 92.62281957184837
0.999977449709763 0.006161794589341785 -0.0026706445324503588 -0.40615861828911815 -0.006146317475124587 0.9999644909012212 0.005765390630201985 -1.770915997549297 0.0027060750860103313 -0.005748846110038504 0.9999798137623817 93.9585303171292
0.9999767632637048 0.00608934703028999 -0.003064762240759441 -0.42020664653964573 -0.006073500404507047 0.9999682753264303 0.005153731126827705 -1.786407152087174 0.003096048134923171 -0.0051349976446188605 0.9999820229843764 95.34318676908754
0.9999775127954756 0.00606966660120415 -0.002851847367476136 -0.4321489785556997 -0.006057181271326121 0.9999721215449004 0.004366543171210565 -1.8069251379751257 0.0028782715700002345 -0.004349170916108916 0.9999864000431206 96.70093414646439
0.9999668358702427 0.0077566129550748816 -0.0024823565978990205 -0.4498368289373169 -0.0077465803515533406 0.9999618894855875 0.004026174965765596 -1.8433411583929749 0.0025134916900753403 -0.004006811753288227 0.999988813849612 98.02478066797218
0.9999545912582455 0.00925546655851001 -0.0022697435578346286 -0.467059401036087 -0.009246997773273483 0.9999503485577046 0.0037139562826746914 -1.862432707924531 0.0023040054570823204 -0.0036927994047151196 0.9999905273532186 99.41556146572138
0.9999595988150406 0.008714667606073527 -0.002203470738028335 -0.4697686505410215 -0.008703094138876962 0.9999485611268195 0.0052087686238481475 -1.8868558760142318 0.0022487502748614312 -0.005189381280943331 0.9999840065967274 100.75347012711053
0.9999526854801436 0.009512374303277452 -0.0020350703564417046 -0.4970359331609697 -0.009498908878520453 0.9999335798868266 0.0065273703986838206 -1.9031560897551127 0.0020970261591746866 -0.006507730748667295 0.9999766256903753 102.06875126961963
0.999958220869878 0.008931840485231834 -0.001943892305651061 -0.5021045962366913 -0.008920676169898854 0.9999440871481974 0.0056783916933900455 -1.9414537102384062 0.001994502278480292 -0.005660813741393116 0.999981988414417 103.4339774130189
0.9999614368393348 0.008579522365771084 -0.0018752621921383473 -0.5089899010295916 -0.008573311550082365 0.9999578178547375 0.003295581628371398 -1.9720349862391116 0.0019034577688159988 -0.0032793774060714434 0.9999928112422792 104.75493523593616
0.9999621670977415 0.008434874592421222 -0.0021253803959706656 -0.5258234780597498 -0.008432021365169969 0.9999635411471199 0.0013481136094462831 -1.981473381181208 0.002136674257377053 -0.0013301413879033116 0.9999968326704256 106.09644735164353
0.9999740045131237 0.00694816961534099 -0.0019269715319386277 -0.5380515263023007 -0.006942805465200214 0.9999720430119381 0.0027768076398062827 -2.0159762592733834 0.0019462115563548348 -0.0027633569282260375 0.9999942880451357 107.4468315651108
0.9999916209094926 0.0038920531071648633 -0.0012688672202626175 -0.5438267190374003 -0.0038862655789473205 0.9999821771379765 0.004532367207263646 -2.0342076089652172 0.0012864849314269888 -0.004527398168406663 0.9999889237513987 108.80264659206641
0.9999966227429697 0.0025460119775428383 -0.0005218431558445217 -0.5581231706932112 -0.0025429694904281564 0.9999802318211884 0.005750589197588968 -2.0617204255451984 0.0005364739587635666 -0.00574924286084847 0.9999833290632887 110.13277281382331
0.9999981346137715 0.0019214488488846996 0.00019697773991723825 -0.5637517766577915 -0.0019223219924609817 0.9999878823662564 0.0045320857389306865 -2.087680274973718 -0.00018826719444509955 -0.004532456030132811 0.9999897106463291 111.43765911896344
0.999994916860067 0.0030365160537960635 0.0009725328539741556 -0.5771301318047162 -0.003038601351020691 0.9999930727424465 0.002149738147144874 -2.116217454361582 -0.000965998482679681 -0.002152682403336592 0.9999972163983161 112.78034810944305
0.9999811960708341 0.0057905916770233795 0.002019045299766124 -0.5783252335668968 -0.005791085079600121 0.9999832031076439 0.00023842764008678716 -2.1500129227996805 -0.0020176309196520996 -0.00025011562754301774 0.9999979333003313 114.1107223304532
0.9999599085632859 0.008289111600195215 0.0033870165713622527 -0.5919429634975071 -0.008287717842099175 0.9999655657628687 -0.00042548738300735077 -2.174116397141001 -0.0033904271418079054 0.0003973996911802856 0.9999941735195326 115.4172574544042
0.999938460006793 0.009962039044238823 0.004882003700881423 -0.6010851354607911 -0.00996954000273154 0.9999491561541711 0.001514397928867171 -2.1935110586453206 -0.004866669400379017 -0.0015629760984933448 0.9999869362293988 116.78959335930979
0.9999301816892145 0.010199980255623022 0.005965914224710874 -0.6025092493522374 -0.010220653907826787 0.9999418333504728 0.0034450213410375133 -2.2067631784981026 -0.00593042855678129 -0.003505756432084189 0.9999762695602058 118.09535568747005
0.9999343046437107 0.009117534707384686 0.006946721808380785 -0.5991399902778716 -0.009149492361765148 0.999947642377508 0.004582500671356665 -2.2476151659187424 -0.006904577565930974 -0.004645758693396656 0.9999653712650535 119.47935827400748
0.9999228175596021 0.00958206355292027 0.007908411155517932 -0.6012457656235933 -0.00961266980833942 0.9999464197835239 0.003841114686310268 -2.262259760459312 -0.007871182278708436 -0.003916839242982878 0.9999613506800376 120.78837131718579
0.9998935956153105 0.011307934645146784 0.009215641148483887 -0.5932425440172359 -0.011340582493612746 0.9999295749445486 0.0034980517340996568 -2.2903351027864325 -0.009175437169238906 -0.0036021903369234227 0.999951416605469 122.10061519410502
0.9998576778961223 0.013279308047173578 0.010405955203092903 -0.5990335907545086 -0.01331066239949253 0.9999070587946659 0.0029495883778974763 -2.312446240549233 -0.010365820442708448 -0.003087678805517458 0.9999415062891958 123.46313697582667
0.9998374815185467 0.013857509117048972 0.011531693853164547 -0.5981465677290257 -0.013886590685585449 0.9999005859884792 0.0024455620254341145 -2.341836844800769 -0.011496659013461768 -0.002605300541463366 0.9999305172033808 124.80533919379843
0.999816587200648 0.014395406609670862 0.012631872227360029 -0.588271182239195 -0.014415734887524564 0.9998949331523327 0.0015196317268184663 -2.3626251680457107 -0.012608670384804918 -0.0017014507623697142 0.9999190599697619 126.1295307816674
0.9998085089294384 0.01415384839177809 0.013513475393598545 -0.5862743264644497 -0.014171329405476805 0.9998988632377185 0.0011986470114778622 -2.3931271169000765 -0.013495144356572277 -0.0013899214197439955 0.9999079703613557 127.47382722866418
0.9997951660549552 0.014105100142431411 0.014514546209333032 -0.5792426196582099 -0.014129703440387907 0.9998989004522748 0.0015938602979054426 -2.4171863541463012 -0.014490598460148172 -0.001798620089179482 0.9998933880758812 128.80222984518568
0.9997978880595659 0.012990965031871127 0.015343331798071395 -0.5676318605802018 -0.013041362450354867 0.9999098721686551 0.003189112204167415 -2.4507129022365257 -0.015300520582803193 -0.003388565661966611 0.9998771983046755 130.1600940219793
0.9998138175843795 0.011299715156246951 0.015641182222690318 -0.5504807927563913 -0.011353775972871492 0.9999298589547744 0.003371790019349761 -2.4698334199108873 -0.015601986183362847 -0.0035487487961419067 0.9998719840091719 131.4802195605611
0.9998238491461643 0.010304656473127777 0.015687087462881916 -0.5381789931151308 -0.010362203048419033 0.999939861111333 0.0035915082703458973 -2.505180899421 -0.015649136120016525 -0.0037534284777550196 0.9998704997702376 132.82992033683192
0.9998455052325074 0.008321891507356223 0.015482628119642013 -0.5294622720134552 -0.008383809162030461 0.999957098930625 0.003938535196372654 -2.51033769712111 -0.015449189138552822 -0.004067730186742211 0.999872379918247 134.14885863123135
0.9998697419207203 0.006401510848487075 0.014816201986210857 -0.5077494390893273 -0.006461621527937317 0.9999710722164417 0.004012753400352863 -2.5491138968346547 -0.014790086948867024 -0.004107967470344757 0.9998821820234309 135.49010012912925
0.9998845248334247 0.006644138604135173 0.013667202065532316 -0.5035305625660315 -0.006690149962072638 0.9999720975382741 0.00332356006062674 -2.567720226279329 -0.013644739673998329 -0.0034146119646347776 0.9999010758569157 136.82924340486326
0.9999081892519134 0.0049218267971173 0.012624923136842318 -0.4958060095168709 -0.004986259218408531 0.9999746794453729 0.005077173980061571 -2.604878829385733 -0.012599615556761243 -0.005139659075104499 0.999907412507602 138.16915668130187
0.9999309201873193 0.0025058726675622122 0.01148370399583942 -0.47407384058049107 -0.0025645932395059164 0.9999836986576359 0.005101498200322937 -2.6168910934235217 -0.01147073405651997 -0.005130596913117156 0.9999210464982684 139.5055470844405
0.9999493414494899 0.0009968676083893296 0.01001602690057033 -0.47413453460429494 -0.0010471833705278247 0.9999868537740358 0.005019530524446345 -2.645779920736028 -0.010010892262216015 -0.005029764950862999 0.9999372397780225 140.87660248406226
0.9999592790523912 0.0007924147243750061 0.00898956737171173 -0.47377096410080616 -0.0008349773316274995 0.9999884559179137 0.004731896456991085 -2.661373503720949 -0.008985714726554505 -0.004739209941359741 0.9999483970756006 142.1892901580429
0.9999683290192488 0.0007658470190404498 0.00792177015167747 -0.46646071253007076 -0.0007985282051308556 0.9999911809788744 0.004123144143180595 -2.6796014924047706 -0.007918543257648417 -0.004129339391590699 0.9999601218163057 143.52833318997355
0.9999746090698768 -0.0013539341056509942 0.006996290920677635 -0.4625615008164679 0.0013404209849122006 0.9999972279506274 0.0019358099720223202 -2.7037179395278157 -0.006998893075562172 -0.001926382876074694 0.9999736519221224 144.88205836531776
0.9999763489398248 -0.00331838120955325 0.006024111384475981 -0.46756824274596276 0.0033119082469913377 0.9999939278632491 0.0010842027257142064 -2.7551507400393986 -0.00602767311149347 -0.0010642257925242689 0.9999812671116993 146.1829055783225
0.9998943374266782 -0.013671034766923874 0.004941336470372066 -0.4508179082438982 0.013651254901583521 0.9998987566915534 0.004014921590965334 -2.7636024059997215 -0.0049957247437557115 -0.003947041983574984 0.9999797315891619 147.58109858654788
0.9997687976367396 -0.02122103052248026 0.0034668638857195556 -0.43109092120209136 0.02120300700098575 0.9997618970031956 0.0051557529291491305 -2.793989505790488 -0.0035754491017397786 -0.005081053048650944 0.9999806993439468 148.882031624985
0.999711421538493 -0.02390444672270705 0.0023771994871899875 -0.4102242318396687 0.023899633129528253 0.9997122943201076 0.0020337451525436505 -2.8164613106680974 -0.002425131307545199 -0.001976344080574003 0.9999951063876944 150.19098831533975
0.9997319047718419 -0.02299313750770922 0.0027265757873168096 -0.4224276269370413 0.022995407422044097 0.9997352477207474 -0.0008035540721566102 -2.8493664970366055 -0.002707377918631153 0.0008660374010993288 0.99999596003204 151.59120619948104
0.999768448789345 -0.021206053105843066 0.00365405622015873 -0.4413944114413947 0.021219590662441015 0.9997679690372473 -0.0037063531962506866 -2.867476910399548 -0.0035746115468289832 0.0037830326566221056 0.9999864553140747 152.92573221948808
0.9997918873544583 -0.019949024863075742 0.004268301641364653 -0.4436445859489454 0.01996408935460416 0.9997945150811172 -0.003516069313865998 -2.9049812441193423 -0.0041972827717234725 0.0036005504203811592 0.9999847093075275 154.3087232011058
0.9997347833015693 -0.0225383493194871 0.004731371475349157 -0.4402103413953432 0.022539787656394604 0.9997459153090866 -0.000250582264451466 -2.9370803314106984 -0.004724521993514573 0.00035715994235178435 0.9999887755986652 155.61648625982284
0.9995711311417949 -0.028815382089940066 0.005218001696303505 -0.4352688885421188 0.028798619585950532 0.9995799179158635 0.0032599410492149157 -2.9633169519342513 -0.0053097465981275455 -0.003108271751076371 0.999981072437184 156.96750703014587
0.9994956026476779 -0.031302948047713504 0.005354038167323985 -0.41563278354774336 0.031285079820137146 0.9995047547675777 0.0033895412167960904 -2.9837431604153877 -0.0054574896941596085 -0.003220330064852589 0.9999799224360872 158.29485766904503
0.9994182174383464 -0.0337157032568203 0.0051456771272398475 -0.40966821202882786 0.03369779127143537 0.9994258366305259 0.003529299793096948 -3.0178703198902164 -0.005261715931672129 -0.003353848590284226 0.9999805328305231 159.62886445685626
0.9994544717283373 -0.032429478342496466 0.006252029075389085 -0.41263721269058085 0.03240673170597205 0.9994678921838149 0.0037062445317097036 -3.028596124648162 -0.006368894431411095 -0.0035016148807104574 0.9999735875868437 160.9800400072354
0.9995022031231587 -0.03067914626322045 0.007357712426063701 -0.41046637816244264 0.030654456219529846 0.9995241029022977 0.0034455829301183 -3.0401173707767373 -0.007459919080127339 -0.003218321090159091 0.9999669954606295 162.31067365995997
0.9995570906942361 -0.028520046246605646 0.008498788477879899 -0.42549227436559345 0.02850434556808703 0.9995917409659458 0.001963079831682875 -3.0698362570169806 -0.008551306617309837 -0.0017199579668047073 0.9999619577229336 163.66226407292777
0.9996400444519493 -0.02523935445040573 0.009097061161588996 -0.4197309199548688 0.025234023458245408 0.9996813258930508 0.0007005147740230949 -3.0848912005931655 -0.009111843472119532 -0.0004707071476489182 0.9999583755019236 165.025304819039
0.9997093340157495 -0.02221011545474419 0.009378606740748148 -0.4158079200373003 0.022189119796330155 0.9997510597279308 0.0023369918698139176 -3.1300622176846518 -0.009428177680419182 -0.0021282095745621043 0.9999532890005678 166.3555711910653
0.999703575176933 -0.022589515097638756 0.009081607608761536 -0.40993095282260905 0.02257039468507009 0.99974282989561 0.002202578499504453 -3.1404782494910837 -0.009129028039186164 -0.0019969501471077565 0.9999563355619852 167.69853718317555
0.9997741639989793 -0.0193045675254591 0.008885644997051006 -0.4095282409944914 0.019307431095080388 0.9998135662150615 -0.0002364520916002118 -3.173123062656146 -0.008879424556521614 0.0004079577007575285 0.9999604939111747 169.0696286065512
0.9998448285814653 -0.015592244713849306 0.008197602100089322 -0.4099908773544296 0.015616660591653283 0.9998737807129865 -0.002922763286674257 -3.210130661957443 -0.008150995654352693 0.0030503290056968745 0.9999621276607159 170.49781475009348
0.9999063938928945 -0.011095597510065147 0.008005697029885211 -0.4130698398189487 0.01113148325837982 0.9999281328004336 -0.004451887774353877 -3.2248028741438155 -0.007955726003181078 0.004540586437389974 0.9999580438656345 171.8379353231712
0.9999449386439335 -0.006421858826748304 0.008299362882885294 -0.4066318519392398 0.0064532346126194365 0.9999721116163913 -0.003759221312734455 -3.2658637798542034 -0.008274990940459985 0.003812572147525436 0.9999584935443544 173.21763758573496
0.9999571013815656 -0.0018630209785682576 0.009073288221783516 -0.4198112986221758 0.0018760861998206486 0.9999972153287803 -0.0014316537916060623 -3.308934084970939 -0.009070596522200854 0.0014486146838180712 0.9999578120036668 174.61547609725434
0.9999570461350267 -0.0009119651466373505 0.009223568335976332 -0.4180799064137081 0.0008993500552480858 0.9999986547155859 0.001371763414294477 -3.3415724533419677 -0.009224807706477314 -0.0013634092937259779 0.999956521070363 175.9895861892565
0.9999635224657933 -0.00186756638921016 0.008334623164330602 -0.41452611461246075 0.0018519706789307429 0.9999965206462507 0.001878535835969005 -3.3720036231474055 -0.008338103158611923 -0.0018630318623959541 0.9999635019046443 177.3696196679204
0.999965828627367 -0.0046433479147572655 0.006839657185046577 -0.40716524750657207 0.00463163981352757 0.9999877831551548 0.0017266866100118224 -3.3932404905701454 -0.006847591809663221 -0.0016949488025098092 0.9999751185048104 178.79880321674108
0.9999639022267611 -0.0071092520781591995 0.004653256054809823 -0.40410851113803464 0.007119641147735384 0.9999721912040658 -0.0022198018701344757 -3.410966014371306 -0.004637345915531265 0.002252851307127133 0.9999867097508731 180.08291678538754
0.9999861146652762 -0.004337631284819092 0.0029925643099657086 -0.4173978117332101 0.004355315204681813 0.9999729434512252 -0.00592820286174656 -3.4584192914775884 -0.0029667692385701334 0.005941154230338385 0.9999779502383137 181.4948452288284
0.9999971581179917 0.0002065170146893433 0.0023751019944708296 -0.4386721995791223 -0.00018983047466711138 0.999975315510614 -0.007023698037955176 -3.498462592231469 -0.0023764940860214008 0.00702322735089617 0.9999725128973924 182.8829027230685
0.99998967177613 0.003942114030112985 0.0022618739240703387 -0.45157855443177763 -0.003928253574660672 0.9999736788148589 -0.0061000417089228515 -3.5245179148476646 -0.002285861647276939 0.0060910936108935715 0.9999788364820655 184.21027889079164
0.9999713786874577 0.007043409263779699 0.0027626401779445612 -0.4528698226684528 -0.0070355088015266135 0.9999711626474901 -0.0028592838690073216 -3.5645254308551535 -0.0027826998551372904 0.002839765506103865 0.9999920961235487 185.66781901086333
0.9999694425633495 0.007179657090299034 0.003092968236128364 -0.4633176752229813 -0.007178783596003176 0.9999741891149416 -0.00029357292151752144 -3.6040103398137213 -0.003094996419026244 0.00027136020341380913 0.9999951736667747 187.0343082620918
0.9999799895406085 0.005427897923403988 0.003249374683757125 -0.4651147290991729 -0.005425721854066555 0.9999850506614852 -0.0006782379634511207 -3.6133306466355806 -0.003253007789986583 0.0006605941998750832 0.9999944907605529 188.490519726175
0.9999801565044306 0.00549925365900427 0.003073239262424774 -0.4619828625837337 -0.005499089616588532 0.9999848779794561 -6.194125136019306e-05 -3.653345214430175 -0.0030735336796254478 4.504000328977188e-05 0.9999952756679427 189.90186938894877
0.9999935527049995 0.001699324641981542 0.003163359802332704 -0.46831650633221955 -0.001701376263967211 0.9999983440369336 0.0006459450891173406 -3.6727688307989768 -0.0031622571603384542 -0.0006513230013656925 0.9999947879384651 191.26005037212278
0.999993681735718 -0.00018963610544424185 0.003549722731114471 -0.4757675541815605 0.00018741314762309516 0.9999997861493132 0.0006265598491950869 -3.7035515256152984 -0.003549841089841666 -0.0006258906350159113 0.9999935034213312 192.71404614767587
0.9999879865532295 -0.0030846994438859087 0.00380938152075203 -0.4661491259488987 0.0030792121577839955 0.9999942144073517 0.0014455447706846357 -3.729226480303267 -0.0038138188732932694 -0.0014337975336113913 0.9999916994684752 194.08315176651956
0.9999546304541991 -0.008573685497526646 0.004150778756975425 -0.4648035107657496 0.008561067622598985 0.9999587071422257 0.003048298192654378 -3.749085431996244 -0.004176742859378994 -0.0030126248445416295 0.9999867393652163 195.5421811240564
0.9999194006452232 -0.011929147911932232 0.004345993401945009 -0.46281305306607545 0.01191353654984866 0.9999225484554506 0.0036006563797266154 -3.7903371618155237 -0.004388609927708122 -0.0035485900751473422 0.9999840736766716 196.96015901827303
0.9999374999022436 -0.010138134825363193 0.004713228903600803 -0.4599404258923004 0.010137687835244633 0.9999486052533882 0.00011885834103170508 -3.816870130139524 -0.0047141920678872296 -7.106965885843858e-05 0.9999888856066947 198.37894389989754
0.9999823284607336 -0.003523065607991583 0.004788609954576878 -0.48216463078456956 0.003548612133067234 0.9999794626447969 -0.005336818876760233 -3.851476676916612 -0.004769710053354346 0.0053537175984399625 0.9999742934537796 199.82429025640877
0.9999603475190426 0.006233652364124549 0.006359635323675356 -0.4941616674041645 -0.006191754916037412 0.9999591383164647 -0.006586644146378619 -3.8789085541916446 -0.006400434854759745 0.006547005795792313 0.9999580846927887 201.27938015478142
0.9998837534797781 0.013229630206851382 0.00757999905318465 -0.5118787763115771 -0.013208848833590563 0.9999088801978506 -0.002785255293944602 -3.9121882068341263 -0.0076161569093804405 0.00268480850503797 0.9999673924435116 202.69878774003035
0.9998444029566512 0.01541664291959111 0.008573037020586056 -0.5006592623791754 -0.015415522974161558 0.9998811544145686 -0.00019682107931479387 -3.9396008158105698 -0.00857505319894487 6.463260183074105e-05 0.9999632314632065 204.1477842307226
0.9998548731662958 0.014998792673023086 0.008078910311067253 -0.5012175184471341 -0.014999487665514937 0.9998875010558748 2.5317850868584698e-05 -3.9704972730352353 -0.008077622388423134 -0.00014649369993350968 0.999967364742125 205.63947756171368
0.999911087957072 0.011464983079355482 0.006809575817646464 -0.49731325362729545 -0.011466162333452178 0.999934252428134 0.00013405032518248977 -4.0048049741886675 -0.006807591795708665 -0.0002121181156629881 0.9999768055776933 207.0608184416406
0.9999418140038818 0.009175013892377484 0.005673421566758729 -0.4894974267548375 -0.009173513095055768 0.9999578802269034 -0.00029060288461026844 -4.032091413347473 -0.005675849369469443 0.00023854077084954422 0.9999838637829305 208.5078969541111
0.9999317903843757 0.010516270093543239 0.00508159653327556 -0.49515256138237085 -0.010511265518818716 0.9999442443660879 -0.001010683295705068 -4.061225082792675 -0.00509194225591313 0.0009572003619205704 0.9999865778528333 209.9771836002168
0.9999231104729887 0.011196469492973959 0.005330308839455568 -0.49850585134813585 -0.011191279450481704 0.999936872994281 -0.001002655046018948 -4.093296377775613 -0.005341199002503454 0.0009429249909226661 0.9999852911317285 211.45253425641985
0.9999097386828275 0.012456320957733205 0.005035328258498862 -0.5044039909264418 -0.012455123092683294 0.9999223956858604 -0.0002693417102746752 -4.119259355202279 -0.00503829292881955 0.00020660176449633806 0.9999872863764216 212.8611113551046
0.9999180679654879 0.011986432417036303 0.004492523837122963 -0.5144152701711515 -0.01198489120644292 0.9999281101719399 -0.00036999947002364965 -4.163845668116379 -0.0044966362250121565 0.00031612674649279164 0.9999898401090508 214.3309126012889
0.9999090192827664 0.01275536520840693 0.004387913987299067 -0.5144835829220592 -0.012750411975720138 0.9999180429659262 -0.001155152404485999 -4.199853567966597 -0.004402289131396047 0.001099099612314342 0.9999897058596282 215.81675214663795
0.9999255774597134 0.01154540337400858 0.003942483998779079 -0.5155885283593732 -0.011537992887041052 0.9999316349009862 -0.0018974382733276977 -4.221912078402754 -0.003964121497949626 0.0018518087396971568 0.999990428224305 217.28863548080378
0.9999283519365058 0.011500440840059155 0.003321269469545997 -0.5093067494270254 -0.011494586169974948 0.9999323565574989 -0.001776745796147665 -4.251034928365017 -0.003341478451885366 0.0017384419058148416 0.9999929061434171 218.74922796215841
0.9999142153476062 0.012675122577569808 0.003301997352440589 -0.5140203537091742 -0.01266675720294155 0.9999165412934964 -0.0025423888154163018 -4.284560106693109 -0.003333947146464373 0.002500345161011978 0.9999913164953654 220.24499908482545
0.9999394564812274 0.010570079983981162 0.0030588822479686627 -0.5258827657224865 -0.010564037097739327 0.999942228385987 -0.001985204097839165 -4.317982730185078 -0.003079689560022609 0.00195276979395086 0.9999933510770223 221.72038315642234
