1.0 -6.776263578034403e-21 8.673617379884035e-19 -8.673617379884035e-19 0.0 1.0 -1.828002979293187e-19 0.0 0.0 1.0683203047244863e-19 1.0000000000000002 5.551115123125783e-17
0.9999995695502296 -0.0009037293586177133 -0.0002101723987497214 0.0012891733271223407 0.000904007273230145 0.9999987128074349 0.0013255773750311915 -0.018216118717751466 0.00020897418220487685 -0.001325766782437578 0.9999990993352647 1.3106429208269572
0.9999987886390533 -0.0015550235757415022 -6.798412814450726e-05 0.00455173151518818 0.0015551378943969016 0.9999973239311295 0.0017127983577506307 -0.03244294608978751 6.532050930234574e-05 -0.001712901982517704 0.9999985308483142 2.6082342764343878
0.9999974783208311 -0.002160128934716626 -0.0006141614110738037 0.01068317055528576 0.0021611083534306005 0.9999963876595876 0.001598211531418425 -0.058846096163890686 0.0006107068999147269 -0.0015995347470120934 0.9999985342613069 3.9387078657501755
0.9999968404581503 -0.0025135716588027992 -3.210298768484363e-05 0.015041825707845052 0.002513620602449062 0.9999955294113283 0.0016195279068554403 -0.06992745491539924 2.8032046167700622e-05 -0.0016196034606752023 0.9999986880479639 5.247579747403157
0.9999965033708735 -0.002622197980327966 -0.0003425243979168439 0.018995704023695867 0.0026229452790229608 0.9999941421431813 0.002199054275268856 -0.08301407986620847 0.00033675606304445476 -0.0021999449763728113 0.9999975234149088 6.576715640455119
0.9999931109624728 -0.0037064523291372793 -0.0002005923740216577 0.02547298656649808 0.003707072061517893 0.9999880699389603 0.00318081754550785 -0.10609169500533983 0.0001888004468295892 -0.0031815391963226753 0.9999949210672957 7.909583362514791
0.999992496504569 -0.0038721432991784903 0.00011592844348004821 0.025874714131479827 0.003871693809746768 0.9999858164692363 0.0036574378578099476 -0.11674864254591982 -0.00013008893497693397 -0.003656961521087507 0.9999933048308092 9.224118637102817
0.9999956857127801 -0.002872016977827589 -0.0006165007933246159 0.026332775752212857 0.002873733422599274 0.9999919476705239 0.002801116430590687 -0.1384013554034625 0.0006084510250418734 -0.002802875963552735 0.9999958868274565 10.565066079157164
0.9999999159808823 -0.00034356909194233716 -0.00022360323146480583 0.024214248154862276 0.0003437185567367943 0.9999997174217803 0.0006685913620812355 -0.15161843580294004 0.0002233734795368458 -0.0006686681527360046 0.9999997514933672 11.883176603560788
0.9999965751971623 0.0025477775157778508 -0.0005986842012911352 0.02378251490229738 -0.0025479719155990115 0.9999967015057925 -0.00032375463294351356 -0.1742278265525084 0.0005978574227423587 0.0003252789494744098 0.9999997683802736 13.237658555229062
0.9999875560639657 0.004956980277356506 -0.0005621931002296023 0.01767787607021827 -0.004957192359888995 0.9999876425060197 -0.0003756079231300511 -0.1903412059126084 0.0005603243205671224 0.00037839014199234186 0.9999997714290084 14.57591174637495
0.9999854289781762 0.005396449231048386 0.0001420007673050899 0.021919368062623304 -0.005396515952354629 0.9999853282733937 0.0004699539690453455 -0.20816092599821087 -0.00013946261091991787 -0.0004707134249665079 0.9999998794893222 15.909688518299749
0.9999932291837416 0.003679834054850708 -2.016582834833691e-05 0.02895004958771065 -0.0036797634378134348 0.9999893013594513 0.0028029468648170823 -0.22424708674193317 3.047999579941247e-05 -0.00280285364121954 0.999996071532448 17.272537414079085
0.999999315529503 -0.000993439764125935 0.0006180761052808365 0.040232557694439175 0.0009900941225464757 0.9999849830924153 0.00539011202718001 -0.24527347593073143 -0.0006234216278755448 -0.005389496306040064 0.9999852822269709 18.616844540665223
0.9999958042558742 -0.002896328807935949 5.243359611719137e-05 0.04664770015678084 0.0028961328851704275 0.9999899606235101 0.003419220663145204 -0.265907451771695 -6.233626327952456e-05 -0.0034190544122271304 0.9999941530721452 19.965574200690355
0.9999929755022093 -0.0037128616558101714 0.0005134232053256261 0.049239115580937645 0.0037120872980866454 0.999991982554012 0.0015017450008917219 -0.27572594880759294 -0.0005189949052050403 -0.001499828557683388 0.9999987405778576 21.309091782057166
0.9999981570208766 -0.0017915106673738023 0.0006902494420620896 0.054279728178459705 0.0017910951491450472 0.999998214553205 0.0006023863538819884 -0.30791807020741674 -0.0006913274497755495 -0.0006011489322143764 0.9999995803427395 22.674705678146797
0.9999989712504714 0.00018431524932164338 0.0014225070357027124 0.05084564058724418 -0.00018697842112555112 0.9999982298593448 0.001872249620351366 -0.3076428120831791 -0.001422159552546703 -0.0018725136453112937 0.99999723557272 24.03781996363137
0.9999965514352291 0.0005838771489703879 0.0025605088431041086 0.06665486504476019 -0.00060050442033961 0.9999787090223414 0.00649776128738488 -0.31874013374726234 -0.002556660646936597 -0.0064992763822984 0.99997561114616 25.408340847795483
0.9999959625676942 -0.001231233116721586 0.0025610376056911695 0.07749712267426016 0.001211654674294922 0.9999701392541445 0.007632332503821364 -0.32789489400756544 -0.002570358527435335 -0.007629198484878274 0.9999675937653045 26.784913825897323
0.9999847053670539 -0.004762196115179261 0.0028125643677810895 0.08506754622490195 0.004741280133503993 0.9999613999900187 0.007397215760030577 -0.3586652373916914 -0.002847683035110833 -0.007383767358903943 0.999968684846892 28.14505354643439
0.9999849974563402 -0.004883848564672897 0.0024805006632931895 0.08730381346307213 0.0048722596701115855 0.9999772867418147 0.00465694021520486 -0.3559366763332404 -0.0025031883252074737 -0.004644784637691056 0.9999860799130134 29.52284894038233
0.9999825300036028 -0.004856852218383042 0.0033690758606083277 0.100409507446538 0.004845092144156612 0.9999821717833264 0.0034901579618394625 -0.3858956082119045 -0.003385967262735601 -0.0034737734545510447 0.9999882339911146 30.89938395900513
0.9999894412952823 -0.00272490499999979 0.0037002959671910913 0.10052113656259862 0.0027167266903266847 0.9999938599327467 0.002213480353643924 -0.38528327142581165 -0.003706305082178208 -0.002203404256901577 0.999990704111985 32.28274229156118
0.9999905051503514 -0.001279810457679049 0.004165536500586181 0.10779146819267399 0.0012757332765279603 0.9999987047482087 0.0009813293980977904 -0.4120046887538694 -0.004166787370213955 -0.0009760059526116699 0.9999908426053294 33.667226633954
0.9999897272178623 -0.001221109763595505 0.004365128822835417 0.1128635150401236 0.0012163995619919436 0.9999986752866457 0.0010815720018571245 -0.4223982138250653 -0.004366444124542565 -0.0010762511344926122 0.9999898878730316 35.06404241020938
0.9999915225087942 -0.0010903315539119946 0.0039706533150292225 0.12885477622959657 0.0010789981155155054 0.9999953413533131 0.0028553523448541715 -0.44851741618653534 -0.0039737484311004444 -0.0028510437696837075 0.9999880403637097 36.45118172799701
0.9999930886480238 -0.00014735491460296307 0.0037149620453160856 0.13373657883507792 0.0001324603877821666 0.9999919540882852 0.004009266272245966 -0.4549925655996533 -0.0037155232513672466 -0.004008746419396863 0.999985062306296 37.85545739801623
0.9999923106848331 0.001654686900335656 0.00355535968996767 0.13883354986524019 -0.0016695403160110185 0.9999898750446651 0.004178809256698808 -0.46519191151829226 -0.003548409367751656 -0.004184712880572699 0.9999849483694722 39.24204058318608
0.9999867901402768 0.0033047244727622493 0.003936793145260102 0.1401464313687083 -0.003322056484169597 0.9999847837429504 0.004404114870667385 -0.47911625670076685 -0.003922179183098741 -0.004417134878790701 0.9999825525609142 40.63591881098973
0.9999806241937234 0.00489285343980929 0.00384853481973887 0.14433364822537267 -0.004912015236284166 0.9999755093154236 0.004985266489333058 -0.48814213599463807 -0.0038240487066967047 -0.005004073885920411 0.9999801677492562 42.057660696835796
0.9999777657065736 0.005593148867147367 0.0036310846149477756 0.14842303117650663 -0.00561228073288686 0.9999703108449652 0.005280126974600758 -0.5000582375211107 -0.0036014445745142475 -0.005300388165248312 0.9999794675280906 43.445561054124816
0.9999827060475114 0.004923105745555482 0.0032172400785106204 0.15681482785180262 -0.004939972559587777 0.9999739866172845 0.0052557365228325945 -0.5177560269745511 -0.0031912821060379147 -0.0052715386326851405 0.9999810131169512 44.87535779097562
0.9999845804860267 0.004980526416482479 0.002456246082043371 0.16846420779037602 -0.00499266742399687 0.9999752275875887 0.004961601504876807 -0.5376187306095269 -0.002431474049384521 -0.004973788148119894 0.999984674563085 46.27088130614067
0.9999873637679735 0.004780849011302776 0.001554279661614694 0.17293920341566218 -0.004789338257203003 0.9999733810553021 0.005504491485129718 -0.553221559386919 -0.001527922271902786 -0.00551186582124005 0.9999836422581714 47.70607248305763
0.9999852829887461 0.005391280717518866 0.000606543888828844 0.17509104204550843 -0.0053949135882895675 0.9999665022083984 0.006155434694613283 -0.568455633270825 -0.0005733379406555978 -0.006158616268726152 0.999980871179099 49.105090880107426
0.999981509625792 0.006071973517178003 -0.0003339765876678542 0.1779089404642336 -0.006069725144448106 0.9999613118554226 0.006366571903652525 -0.582700033166492 0.00037262135610815345 -0.0063644269462609405 0.9999796774024893 50.5242500718141
0.9999776712508388 0.006502915181826465 -0.0015391844998845893 0.17986414684248783 -0.006492833441762234 0.9999580080478276 0.006467245494179201 -0.5958393481316094 0.0015811759501790775 -0.006457107327821392 0.9999779025774373 51.9752374880029
0.9999721133376157 0.006971795776617758 -0.002677051422461543 0.18083315732649413 -0.006951573910932829 0.9999477829255962 0.007490464154526021 -0.6105366381614411 0.0027291338520774927 -0.007471645442790809 0.9999683626687011 53.38007814150601
0.9999756173758938 0.0061079558952204195 -0.0033848962353417774 0.18164113066589943 -0.006080428411859903 0.999948836569836 0.008084098175322444 -0.625244632209986 0.003434100657325828 -0.00806331932895758 0.9999615941773385 54.838160261056494
0.9999773815959316 0.005505575692781317 -0.00386327931799218 0.1818346179347069 -0.005473416921693939 0.999950689683507 0.00828612807849769 -0.6406768048927817 0.003908709053111159 -0.008264795202482317 0.9999582067015067 56.23869301762398
0.9999821428839387 0.004173221440292011 -0.0042776314867562565 0.1808470770243044 -0.004139982840224248 0.9999613979242847 0.007750045901979073 -0.6592150555089953 0.004309809381445761 -0.007732198076385964 0.9999608185588239 57.66434768135396
0.9999833632537929 0.003974098609010126 -0.004180879240722326 0.17688425957173 -0.003940084620829557 0.9999593289455337 0.008112718179042914 -0.6752005639480533 0.004212950296224361 -0.008096110075330615 0.9999583511566016 59.11916521138566
0.9999857772192409 0.00365501913073314 -0.0038840945261584166 0.18335367401109204 -0.0036212683702625506 0.9999559326338396 0.008661363307303408 -0.691337519850884 0.0039155811421485495 -0.008647174645453332 0.9999549462803333 60.519706073616526
0.9999912102476948 0.002822713967218754 -0.0031002758603552935 0.17324075154851132 -0.0027934863306644567 0.9999519947553273 0.0093917318806568 -0.7037330831443085 0.003126637466458468 -0.00938298861608014 0.9999510906323507 61.96791141107584
0.9999943133793575 0.0017302953955984533 -0.0028946994087271907 0.18456973149415218 -0.0017035475195172998 0.9999560674145709 0.009217438621494285 -0.720369652109161 0.002910521373062914 -0.009212454814335923 0.9999533286787186 63.36814129900374
0.9999967157235201 0.0011144059804700302 -0.0023079514762841605 0.18366849150023024 -0.0010948294456851265 0.999963561553812 0.008466222316432374 -0.7334688219177111 0.0023173023813602206 -0.008463667575422478 0.9999614974763288 64.7818310906239
0.999997943881986 0.0012181587855833018 -0.001621209417642538 0.1848052938801053 -0.001204666395207982 0.9999648486024054 0.008297610831976738 -0.7489389797869708 0.0016312603744445273 -0.008295640634697798 0.9999642600263144 66.24080964567563
0.9999952169839588 0.00291795111463748 -0.0010254604677307445 0.18377993498954903 -0.002909221620439967 0.9999603710967068 0.008413838218648783 -0.7596559342843691 0.0010499710874379894 -0.008410814562115206 0.9999640772310648 67.61626532127288
0.9999866872638664 0.005145512788919987 -0.00038599275653209905 0.18130611531399593 -0.005141597930207964 0.9999412905394844 0.009538315138358205 -0.7705018825320006 0.00043504965590711146 -0.00953620340061061 0.9999544347361751 69.07292939156139
0.9999675018818969 0.00805619157264555 0.0003048789154069583 0.17564148792401024 -0.008058996131991545 0.9999101554848642 0.01071137504048443 -0.7747137394946871 -0.00021855864979705968 -0.010713483805343706 0.9999425850954947 70.44418143923892
0.9999363014424376 0.011232178295437599 0.0011096018616851269 0.17213927850188432 -0.011244151806198087 0.9998712523614349 0.011447609960251499 -0.7838605712862534 -0.0009808774850557653 -0.011459357131979974 0.9999338583141788 71.88846421510948
0.9998801035715874 0.015401200573710607 0.0016066983760372683 0.16824380167475889 -0.01541865227657924 0.9998152003955652 0.011481735642789407 -0.790153590071167 -0.001429569059437516 -0.011505131983586778 0.9999327918714399 73.258472795082
0.9998277863837739 0.018390224447238215 0.0024894149804933962 0.16152625603108783 -0.018417358520402237 0.999765913530957 0.011354254268174163 -0.7997173838472087 -0.0022800251420433846 -0.011398147197619956 0.9999324395754581 74.65969898804384
0.9997948868795117 0.019979113540520985 0.003319510943553991 0.15986083264027162 -0.02001616633888767 0.9997331618802376 0.011530748956353108 -0.8062980872024585 -0.0030882512803350826 -0.011594827567543462 0.9999280087421624 76.09015659878492
0.9997896467094189 0.020204049064748656 0.0035296875649087657 0.16781347504673333 -0.020245200426773323 0.9997225504176919 0.01203968840634041 -0.8142811250995913 -0.003285458067162237 -0.012108614878943552 0.9999212905023298 77.4592920630916
0.9998100102178749 0.0191544204393202 0.003612701214912491 0.17851117730868798 -0.019196816857028582 0.9997426251483239 0.012089902025574063 -0.8256351569584075 -0.003380196606198581 -0.012156957258889314 0.9999203881559351 78.87840058316853
0.9998161624622242 0.018830417393501227 0.0036133953018387273 0.18295425996722725 -0.01887003707084254 0.9997585087526815 0.011262589505327167 -0.8340207773303643 -0.00340044371518898 -0.011328703761420773 0.9999300462748935 80.24052729244357
0.9998303149621915 0.01815161790419835 0.003140066578394693 0.19783951648503778 -0.01818607843074393 0.9997705649656745 0.011317421168368959 -0.8456167298759486 -0.0029339168715841754 -0.011372606107159101 0.999931025597113 81.63478750479061
0.9998352512509115 0.017925276200311722 0.0028556607032676467 0.20294173065116594 -0.01795751265261177 0.999770369644527 0.011693406780476721 -0.8509535020404817 -0.0026453976257244435 -0.011742760702900597 0.9999275520914688 83.03222419281245
0.9998351615096518 0.017982098001327083 0.002508770443549928 0.2064004590075092 -0.018009366526871736 0.999773893768812 0.011305931955616012 -0.8616074515970636 -0.0023048990050637715 -0.011349249508372844 0.9999329387342623 84.39392672901975
0.9998315224394272 0.01827543083615907 0.001713281012285176 0.21169561868101494 -0.01829401279238018 0.9997660338803622 0.011541518014435329 -0.8678271868772872 -0.001501954067575465 -0.011570916148297803 0.9999319266944408 85.78950304732591
0.9998463758363327 0.01751137119114173 0.000759326066232034 0.21426969615525576 -0.017519373352602455 0.9997712752309528 0.012266573337431133 -0.8771547592210778 -0.0005443479098980568 -0.012277991637735209 0.9999244744457165 87.15637456274739
0.9998677390226283 0.016258503624857663 -0.00040681138211897793 0.2202628282135078 -0.016251611856369964 0.9997784724663927 0.013375019359597265 -0.8870183979874589 0.00062417912104017 -0.01336663883530517 0.9999104676693787 88.51468950629965
0.9998935669351076 0.014508879966713581 -0.0015320516965885477 0.22380156517730987 -0.014486175961830432 0.9997982298188657 0.013915832363658216 -0.8938896632469526 0.0017336458660229103 -0.013892157490091612 0.999901996407884 89.90551310340209
0.9999145850305683 0.012865355682793178 -0.002303312543326096 0.22823294716991194 -0.012831493769590417 0.9998174346004284 0.014158045974114637 -0.9023037732855855 0.002485040548094719 -0.014127281522367986 0.9998971169469115 91.26798574585519
0.9999244783633244 0.011984221471854656 -0.0027232314861295667 0.22929357453128307 -0.011945408622247912 0.9998327533943577 0.013848194082727309 -0.9092973159421673 0.002888736105983554 -0.013814617933798677 0.9999004008021126 92.63668013125704
0.9999314343034509 0.011338063333656598 -0.002928309609525408 0.22891262134627738 -0.011296708434197684 0.999841331952839 0.013772992500248845 -0.9183515195544509 0.0030840043039439104 -0.013738967688762144 0.9999008599224877 93.9949922977465
0.9999293040350964 0.011496891540505602 -0.003034534861531096 0.2268150783946687 -0.011455403392114413 0.99984522555764 0.013352853166723064 -0.919900322923565 0.0031875817687606837 -0.013317147162278938 0.9999062420566827 95.35848176608152
0.9999287022345775 0.011554476573900178 -0.0030140510109980465 0.2282769235027164 -0.011514313655801701 0.9998489526239601 0.013018930161494033 -0.9271042981679589 0.0031640229391751906 -0.012983297026337078 0.9999107074871748 96.70554193251914
0.9999123848323416 0.012935214367623456 -0.0028112043570200727 0.2251370023018638 -0.012898550519746069 0.9998362681174798 0.012691114178962406 -0.9376514002800883 0.0029749066094736775 -0.012653741602666947 0.9999155128032776 98.06266583842529
0.999893970419392 0.01434201126584559 -0.002520835186953876 0.22076718066412687 -0.014307866369441842 0.9998121023786035 0.01307841462539774 -0.9415766915036838 0.0027079325298297492 -0.013040959967464865 0.9999112962930327 99.41500341352862
0.9998878025358279 0.014800933966006482 -0.002305357002888902 0.21807177740629646 -0.014766755984669337 0.9997901640423652 0.014197564448082983 -0.9492221658284974 0.002515010685889267 -0.014161928670766107 0.999896551892266 100.76947870086562
0.999879075180617 0.015388326700384501 -0.002243745244946785 0.21548493054155538 -0.015351979799523453 0.9997634721614227 0.015405079860281147 -0.9492142293373529 0.002480273151688677 -0.015368770852468903 0.9998788172146857 102.10385961544331
0.999886571294196 0.014910190900727874 -0.002128551094256916 0.21439387901947327 -0.01487744671337185 0.999781999424257 0.014649752277254279 -0.9563639439974218 0.002346517873843406 -0.014616422960500506 0.9998904210069861 103.44222484033513
0.999887809647002 0.014848178389181805 -0.0019747645580410417 0.21295246996180095 -0.014822980217970141 0.9998155100365591 0.012215775874640223 -0.9630984119981063 0.0021557824390088737 -0.012185133312822534 0.9999234346281629 104.77245739891846
0.9998970372944275 0.01418429031751486 -0.002172716497464663 0.21203332853020873 -0.014158441601902442 0.9998338183037698 0.011483655222796206 -0.967558562696062 0.0023352431319895034 -0.011451710391803442 0.9999317001475085 106.09712365515064
0.9999220835960819 0.012321111024671639 -0.002004231506799033 0.20990019815706995 -0.012295261414226299 0.9998470746330406 0.012435992941656811 -0.9770967115157724 0.0021571504437597347 -0.012410381246125422 0.9999206614173975 107.43686627908747
0.9999562831704315 0.00923080440570102 -0.0014913044110717354 0.2153476431267587 -0.009208182861344637 0.9998521182642226 0.01452415204652595 -0.9755561299950601 0.0016251536204804733 -0.01450978468456212 0.9998934068247172 108.75609282742661
0.9999687688096318 0.007883715572913168 -0.0005553627261874888 0.21638637500124824 -0.007874296276621482 0.9998519034726814 0.015302503082625303 -0.9828125361950715 0.0006759211201682012 -0.01529765185655771 0.9998827556090173 110.0988824109835
0.999971762840328 0.00751395330696941 0.00011841537126847015 0.22156427747759944 -0.007514881789546314 0.9998655740740593 0.014572589071741937 -0.9875835182770384 -8.901697391576306e-06 -0.014573067251123815 0.9998938071706158 111.42614018605141
0.9999583894021924 0.009089484045645795 0.0007750716670981905 0.22220516965285164 -0.009098346895120296 0.9998827012755912 0.01232086818012999 -0.990041811778913 -0.0006629904696996078 -0.012327407195548831 0.9999237948285015 112.7336266276405
0.9999274007933309 0.01192899518826973 0.001700647798683154 0.22574137556916785 -0.011946999092406084 0.9998681161750773 0.011000886000288762 -1.000136884006446 -0.0015691941217198541 -0.011020404825082711 0.9999380422292438 114.09278395789207
0.9998977697281699 0.013930717289389752 0.003222606052860083 0.22562053002715476 -0.013965217156934714 0.9998426044992598 0.010942530172216912 -0.9994308441212693 -0.0030696617869798203 -0.010986415751277238 0.9999349358010465 115.40095440411588
0.9998726541822419 0.015241959773609181 0.00472843081775042 0.22748293511782092 -0.01530033370241247 0.9998039943459969 0.01256474084868737 -1.004475238599761 -0.00453599311839237 -0.012635487170810122 0.9999098805487406 116.75777387991297
0.9998773264055597 0.014650193665564951 0.00554111398297708 0.23558692671130044 -0.014731107118905996 0.9997811433220671 0.014854628091571682 -1.0051271049459847 -0.0053222785352666615 -0.014934432351105824 0.9998743101349965 118.07153257610103
0.999874661725656 0.014500285974428371 0.0063562979907670495 0.2463232495036326 -0.01459739388807452 0.9997732027569908 0.01550674614926269 -1.011617822560027 -0.0061300046543654 -0.015597587722784408 0.999859559281329 119.42893226157973
0.9998613778264229 0.014930580014033867 0.007369049326147068 0.25744433041632897 -0.01504164316961898 0.9997705153515529 0.0152533812932955 -1.0109674018576484 -0.007139617005117747 -0.015362109227266591 0.9998565054327544 120.7631302954004
0.9998274069458049 0.01640924720528409 0.008711652934206112 0.2680893179038272 -0.016538867985740648 0.9997503814218741 0.015021342595410365 -1.0112905322245878 -0.008462990122623436 -0.015162830677375162 0.9998492218092537 122.08526151911134
0.9997915839067598 0.017923528837514878 0.009774243068770777 0.2759179932924717 -0.018067605845337925 0.9997263812971066 0.014856789808443144 -1.0073006190007903 -0.00950528334207388 -0.015030290371308281 0.9998418574703674 123.43489099589142
0.9997590084707969 0.018990735896716293 0.011012578735823508 0.28955665881427206 -0.019147802799568823 0.9997138689414611 0.014336734049359022 -1.0110505537082126 -0.010737163457414819 -0.014544145496841713 0.9998365772188349 124.75527160951675
0.9997252125540202 0.020110680649836624 0.012044079897235684 0.3049307418937549 -0.020274553742548253 0.9997013744282077 0.01364201193503642 -1.012127317517037 -0.011766134059664271 -0.01388245142936794 0.9998344041019527 126.11247867909118
0.9997315539760538 0.01919326300013259 0.012978389535533378 0.3230329686955038 -0.01937058312672386 0.9997188102603946 0.013677754572223163 -1.0176586784143626 -0.012712220462485616 -0.013925481608742874 0.9998222244022724 127.45619468381729
0.9997254614044494 0.018844560084623152 0.013924235323006455 0.33969387940529894 -0.019047476036368253 0.9997121692860016 0.014586716120653728 -1.0193504254687604 -0.013645348387988256 -0.014847932831317093 0.9997966510018379 128.78296847028992
0.9997421736820176 0.017269980937017298 0.014742248077480261 0.36343493339809296 -0.01749843434007294 0.9997265745483205 0.015510673167058604 -1.0162186430615674 -0.014470349347330234 -0.015764640142328406 0.999771016337238 130.14133107722148
0.9997491341483795 0.016610278568387087 0.01502555740831598 0.3857063145112575 -0.01684979349576669 0.9997306966421647 0.01595677578409064 -1.0190916855801568 -0.014756465714227653 -0.01620595008193234 0.9997597780960588 131.46350751777484
0.99977206507828 0.015120813862252905 0.015072453077292922 0.4112801250312479 -0.015364528838713516 0.9997509253787362 0.016186985402025084 -1.0223812164632078 -0.014823939754485746 -0.016414876727943704 0.9997553713930065 132.82444684867963
0.999804912101103 0.013062056781605718 0.01481622022891102 0.4338272311621708 -0.013311141265000577 0.999769597979169 0.016839373749565876 -1.017822667276681 -0.014592850903123905 -0.01703330914784873 0.9997484258941239 134.16179612868558
0.9998277259032231 0.011893516751287615 0.014250008744380972 0.4596718400551775 -0.012131975742318939 0.9997858361083791 0.016765950975465786 -1.0221570757203404 -0.014047551960409143 -0.016935943153851583 0.9997578907456621 135.4875844276331
0.999844383710269 0.011855286157609474 0.013063710430987006 0.48032857882547786 -0.012072238820109753 0.9997884069485914 0.016655401863933925 -1.0256000508579772 -0.012863492758459105 -0.016810518003127613 0.9997759434149572 136.82768975486084
0.999876010136082 0.010201520220954522 0.011995554259430209 0.503961011717931 -0.010409452736116017 0.9997943978263605 0.01740130443894226 -1.0224074088811488 -0.011815569174125452 -0.01752401375686404 0.9997766256804889 138.16467239106726
0.9998987674265584 0.009096735169877784 0.010940945765955404 0.5236070656835634 -0.00929030561731086 0.9997988766865655 0.01777347528006904 -1.0241788678221182 -0.010777065588279466 -0.01787332049824644 0.9997821759062347 139.5103209086172
0.9999160992885652 0.008594565522449586 0.00969163637944534 0.5425991227330373 -0.008767901861869907 0.9997997810555966 0.01798670962607412 -1.023155584981296 -0.009535108771260873 -0.01807017558495603 0.9997912534330889 140.85294619829511
0.9999253280886239 0.00880755461094239 0.008471435435376713 0.5554458793093695 -0.008956087904764085 0.9998039692273549 0.017658188798475843 -1.0228637431741363 -0.008314250004291129 -0.017732740893089884 0.999808193171374 142.18353905224092
0.9999350285466013 0.008610456317991495 0.007469853980193195 0.5703669448216555 -0.00873932216878314 0.9998105231407555 0.017393737071580866 -1.0156726286010567 -0.007318671212280031 -0.0174578881845149 0.9998208135343883 143.52872836251814
0.9999517019846362 0.007424584658840573 0.006439661040121624 0.5869919538824315 -0.007522439179304192 0.9998545473184556 0.015306767629533152 -1.0199537239763896 -0.006325078509075003 -0.015354470080604274 0.9998621073012491 144.87031267850296
0.999978978599473 0.0035042504103129893 0.005455509751182664 0.5992998837540444 -0.0035835685553017096 0.9998870249760218 0.014597785304092569 -1.0310201641470704 -0.005403739570985145 -0.014617028420383564 0.9998785636594092 146.20242008041987
0.999980093452553 -0.004460204280254971 0.00446310144419435 0.6216992257877122 0.004382565499327187 0.9998414831407282 0.01725693278552797 -1.023476965651726 -0.004539363794599612 -0.017237029174659545 0.9998411268721155 147.56602599710567
0.9999193655431415 -0.012369644814860267 0.002873027033270357 0.6466336752744706 0.012312582296931912 0.9997418391179849 0.0190959542334162 -1.017612715318277 -0.0031084957660964018 -0.019059039781274278 0.9998135277327445 148.89462266998274
0.9998965692669578 -0.014288156506740913 0.0016429644426231103 0.6656746988780375 0.014260100721080539 0.9997706173408626 0.015980058337722675 -1.0226111941783633 -0.0018709133113736605 -0.015954976436259635 0.9998709608718346 150.21618638096894
0.9999085012244074 -0.01336774140490229 0.0020718715628831865 0.6725170010192896 0.013339219559400001 0.9998236569247584 0.013218180838212419 -1.0277446621520803 -0.002248203619019851 -0.013189334047529366 0.9999104895116686 151.5870324764722
0.9999494118027136 -0.009622221951311613 0.0029303022775791594 0.6721953885726433 0.009590251695148485 0.9998963789224032 0.010735851559429835 -1.029047257270773 -0.0030333016405053323 -0.010707205958714456 0.9999380754886714 152.91405046866774
0.9999503879246862 -0.009184251033621605 0.003856321325928476 0.6792958113999179 0.009140475622540844 0.9998952760197926 0.011220014117024002 -1.0391345973506965 -0.003958965237690612 -0.011184208693991358 0.9999296175532049 154.27211182085694
0.9999112015381594 -0.012581729448784818 0.004391936600467969 0.6929139053752638 0.01251908680283453 0.9998234695577015 0.014010789254802147 -1.0363464537237181 -0.004567441636720541 -0.013954561878164082 0.999892198522848 155.60593183953142
