1.0 -3.469446951953614e-18 0.0 -1.7787691892340307e-19 0.0 0.9999999999999999 -3.5405977195229754e-19 0.0 2.168404344971009e-19 -2.354751593366955e-19 1.0 0.0
0.9999998184235963 -0.0001920850668549537 -0.0005711878058707058 0.002362319113497474 0.00019247468808140412 0.9999997488292508 0.0006821250014084328 -0.022605924994663018 0.0005710566852054147 -0.0006822348305096148 0.9999996042253729 1.3271691485644874
0.9999996106283936 -0.0006537791009101328 -0.000592719197746735 -0.007919465311104833 0.000654445903456851 0.9999991525634703 0.0011254206712697763 -0.039022734061031086 0.0005919829699275456 -0.0011258081578842246 0.9999991910563075 2.6280023007917435
0.9999985244145516 -0.0013027883364233259 -0.0011197818803216006 -0.009237891080545669 0.0013039057301220784 0.9999986522693178 0.0009976408324551258 -0.07468629499243629 0.0011184807517386937 -0.0009990994699656881 0.9999988754008837 3.951588009716078
0.9999979703929316 -0.0019372292020578968 -0.0005534935160862804 -0.022621730228531776 0.0019378222764117967 0.9999975470085425 0.0010727621581313692 -0.08804860127523392 0.0005514140197964412 -0.0010738325730415249 0.9999992714133459 5.267169887610847
0.9999970363777451 -0.0022571198362509055 -0.0009124952858407569 -0.018649511464555332 0.0022585204423063825 0.9999962688861208 0.0015366507913542942 -0.10716272735913926 0.000909023554459875 -0.0015387071558975055 0.9999984030278168 6.588547983450409
0.9999936632602631 -0.003508592864875471 -0.0006026768507355314 -0.029481669060582284 0.003510009990072239 0.9999910402800433 0.0023662595324492105 -0.1413577047860045 0.0005943692620035998 -0.002368359984322589 0.999997018794325 7.9198080977091285
0.9999935873574054 -0.0035459724905531134 -0.0005013255735097782 -0.045968157582272635 0.003547341558546106 0.9999899091713169 0.002756432103894591 -0.15774414857356556 0.0004915463263324051 -0.0027581928529704478 0.9999960753701451 9.237975660892095
0.9999945325222527 -0.0031621994426626627 -0.0009671727996531711 -0.04767325910835435 0.003164403524829827 0.9999923810319975 0.0022856997586216867 -0.18049761717213814 0.0009599376754922157 -0.002288747830096246 0.9999969200727535 10.567243454386192
0.9999993718257701 -0.0005398002855721597 -0.0009823252977593947 -0.06509399878353596 0.0005397771997137073 0.9999998540365842 -2.380185702525446e-05 -0.20032836467199797 0.0009823380856581396 2.327160534770643e-05 0.9999995172358336 11.897437504423001
0.9999981564558411 0.0016923351210673268 -0.0009072388652405361 -0.06665728167669004 -0.0016929573599647621 0.9999983320545142 -0.0006854097992295105 -0.22669835885166778 0.0009060774848383916 0.0006869444638667837 0.9999993535659246 13.225892651585463
0.9999820107022208 0.005974435160654183 -0.0005332762684832825 -0.10451183392686937 -0.00597494190275979 0.9999816957425757 -0.0009530273963121936 -0.24125800087922217 0.0005275727502873709 0.0009561965605825402 0.9999994036777473 14.56759099521895
0.9999828135614678 0.005858842415181443 -0.00021572007649397454 -0.12027895239000443 -0.005858897356077088 0.9999828044718964 -0.00025316809920375015 -0.26898529361634504 0.00021423311259031932 0.00025442763028517897 0.9999999446855251 15.920749786932818
0.9999883870522509 0.004816543539938885 0.0001632785083038608 -0.11396381058054378 -0.004816958809764557 0.9999849024890229 0.002644184311392148 -0.30402949018722425 -0.00015054022523002322 -0.0026449401661635618 0.9999964908085549 17.253771145140938
0.9999999898230011 -0.0001141993165529407 8.551508166036509e-05 -0.11392679164614442 0.00011378314001503353 0.9999882267537504 0.004851124197975483 -0.3325143706319762 -8.606807326533316e-05 -0.004851114513887227 0.9999882295713521 18.61922996673162
0.9999986137968054 -0.0016515182257889772 -0.0002118825150261895 -0.10596669647328136 0.0016523062689553381 0.9999915131102195 0.0037740678629272608 -0.36051093791232974 0.00020564779549916263 -0.0037744127994054377 0.9999928557335369 19.973659647716172
0.9999964851638444 -0.0026504729515696417 -6.824106878349921e-05 -0.11100486491978476 0.00265054330476866 0.9999959363277903 0.0010497352417037256 -0.3645173304844813 6.545850317714644e-05 -0.0010499124466819634 0.9999994466994985 21.325740465167538
0.9999996680332142 -0.0007894119754568857 0.00020190033365698212 -0.13634972349442437 0.0007894603076220429 0.9999996597753449 -0.0002391660577233387 -0.41668518070603666 -0.00020171148160287198 0.00023932537611318316 0.999999951017752 22.666416632836924
0.9999982355368954 0.0016192203077723044 0.0009523902912739269 -0.13041216581500614 -0.0016204711275209002 0.9999978238213714 0.0013139362385353925 -0.4047149037443689 -0.0009502607458052668 -0.0013154772675065484 0.9999986832605854 24.036680014234552
0.9999973169140886 0.001657656477719813 0.001618128241530858 -0.1403941874568103 -0.0016665161473631198 0.9999835450899398 0.005489287278791674 -0.429392765196279 -0.0016090023943879808 -0.005491969295609738 0.9999836245577365 25.42765187773279
0.9999983401198086 0.0004742456772752904 0.0017592186649121693 -0.1389516217591766 -0.0004856635702281684 0.9999787856516824 0.006495565916408556 -0.45147413829546706 -0.0017561009933443601 -0.006496409649940681 0.9999773561287395 26.80451024553062
0.9999908762158564 -0.003911873296965714 0.0017160245064397773 -0.13671177294537848 0.0039005821289981816 0.9999710410614961 0.006534714255030126 -0.4938277126555476 -0.001741537927998002 -0.006527961263436959 0.999977176122876 28.17221687164191
0.9999913327925934 -0.0037935823958287034 0.0017155407074950658 -0.14814591726782753 0.0037867250548439327 0.9999848978176339 0.003983069664715423 -0.49811221307799103 -0.0017306250448084549 -0.0039765389357085835 0.9999905959925263 29.5242521782461
0.9999912481485912 -0.003628121922436972 0.002083354366109091 -0.14273337500308414 0.0036234222319808766 0.999990892167018 0.0022553023968595745 -0.5486147531676285 -0.0020915180780063875 -0.002247733826083423 0.9999952866100615 30.92293726704248
0.9999940034450753 -0.002094541387141366 0.002757893575510462 -0.16718613336701926 0.002092651790142914 0.9999975737853036 0.000687916251458627 -0.5246384414785835 -0.002759327985815525 -0.0006821408249988424 0.9999959603865799 32.3052016068853
0.9999937388328118 -0.0003221068348420418 0.003523995917310345 -0.17249339995036983 0.0003249218742775138 0.9999996285941596 -0.0007982711889488214 -0.5889117285244065 -0.0035237377782845543 0.0007994112330684029 0.9999934720833498 33.68229195838716
0.999992814407767 -0.00035342778604107936 0.003774417408837589 -0.1908706768710161 0.00035519164223655683 0.9999998280367834 -0.0004666527502572649 -0.5791870641581894 -0.0037742521510397155 0.0004679900511650915 0.9999927679745393 35.07391493127746
0.9999951250663209 -0.00015272170399296264 0.003118737545035052 -0.18389986046757234 0.00015056021114204406 0.9999997483381218 0.0006932928451357858 -0.6230094354912353 -0.0031188429040258474 -0.0006928199185958683 0.9999948963947998 36.47018066629486
0.9999956455475744 2.3536720179930665e-05 0.0029509889286419523 -0.20072270528688113 -2.830710535503718e-05 0.9999986930523009 0.0016165061626258175 -0.6083094291812904 -0.0029509472726666785 -0.0016165826870597553 0.9999943392675227 37.875610775999796
0.9999961349081687 0.0011363581847470342 0.002537490927485819 -0.19371634277598992 -0.001141447226841505 0.9999973386029328 0.0020049655527935384 -0.6162891136341666 -0.0025352060278883495 -0.0020078542537807203 0.9999947706106744 39.26763110759485
0.9999912004889654 0.0030801045553934363 0.0028481395001145925 -0.20381710467924807 -0.0030867865988975923 0.9999924872122585 0.0023446263536827027 -0.656303317245245 -0.0028408966467048363 -0.002353397367388968 0.9999931953887597 40.66744870767911
0.9999644287716114 0.007906475493220605 0.002937485929759735 -0.22054388012444784 -0.007914029562379665 0.9999653841789695 0.0025687733106455482 -0.6894957489379756 -0.0029170745479643947 -0.002591929341477905 0.999992386258562 42.087792040392536
0.9999654592774521 0.007820022499426501 0.0028155793527142783 -0.23268391790784343 -0.007828255793902516 0.9999650809014827 0.0029249623976986146 -0.7034040549412371 -0.0027926079975698357 -0.002946902504563785 0.9999917585176087 43.47647467600335
0.9999649606539673 0.008047343209403802 0.002306017642047697 -0.23785558811093777 -0.008053910928213658 0.9999634971960932 0.0028528601172348525 -0.7332044140164137 -0.0022829757125616117 -0.002871332676468207 0.9999932717113857 44.91687884564283
0.9999703734396933 0.007542321052869371 0.0015380579339758027 -0.24576004216170563 -0.007545427691178986 0.9999694848680601 0.002023825401302002 -0.7589916219995526 -0.001522746786520905 -0.002035370791895932 0.9999967692478708 46.31624365502155
0.9999772919011369 0.006722996921498525 0.0004658125011800843 -0.24943078033480706 -0.00672418061698102 0.9999740460853154 0.0025869990642896604 -0.7824563486998922 -0.00044840806100285963 -0.002590072581683904 0.9999965452210536 47.739990605375525
0.9999724279395563 0.007397341762588479 -0.0006501376014625834 -0.24597991256219254 -0.007395061404700396 0.9999667278966029 0.003443280619236256 -0.8121372627232811 0.0006755871529495218 -0.003438377947394772 0.9999938605515855 49.135224505261625
0.9999652172550895 0.008163123276323021 -0.0017110458463721278 -0.2523380881267692 -0.008157115767899044 0.9999606421025394 0.0034893731611682116 -0.8366281564103452 0.0017394628357733522 -0.0034752946683027554 0.9999924482713098 50.567875653693676
0.9999651467524961 0.007888840497398034 -0.0027333960891285395 -0.2657221434138793 -0.007879100595181265 0.999962636227647 0.003556112841031353 -0.8446705816162481 0.002761347801851978 -0.0035344522741490177 0.9999899412549362 52.01877933256221
0.999951147520682 0.009097479182395077 -0.0038650248709154434 -0.2808933613134489 -0.00907945664195618 0.9999479441764 0.004655365020581513 -0.881610005846124 0.003907176093581178 -0.004620045369928777 0.9999816944145029 53.429029141980486
0.9999571527011856 0.00801694908834235 -0.004628311025497265 -0.29982263125527253 -0.007993235787702098 0.9999549479087896 0.005119604501275528 -0.9022322340604938 0.0046691465172367976 -0.005082390068836821 0.9999761839125045 54.888589162277576
0.9999813078070217 0.0036386283340827776 -0.004913695560736514 -0.3095184296708421 -0.003608834901537776 0.9999751338864693 0.006058706506572966 -0.9083012100413901 0.004935619179149996 -0.006040860665891447 0.999969573375577 56.274507920403074
0.9999803443590518 0.003617365651100755 -0.005121088215226225 -0.3464818113412067 -0.0035862591291060102 0.9999751438666808 0.00607045297814959 -0.9436003374949261 0.005142920412156098 -0.006051968236378728 0.9999684615335627 57.69348338544035
0.9999816659017522 0.003827773082794978 -0.004692120774393366 -0.3766517346103391 -0.0037964655769100603 0.9999705935225642 0.006663253300930628 -0.982864665897298 0.0047174886210842966 -0.006645317798933135 0.9999667919803059 59.13310803957282
0.9999831666504542 0.002522753743240326 -0.005225142529790016 -0.34396982064141207 -0.002487308857165106 0.9999739290195424 0.0067789806364628 -0.9843343144490571 0.005242108452300026 -0.006765870119767106 0.9999633709855174 60.562078939236095
0.9999889912341066 -0.0007404173542737771 -0.004633485188877928 -0.37194920171718404 0.0007741882633595827 0.9999731214148945 0.007290890003314112 -0.9803771780421034 0.0046279627429333435 -0.007294397076432798 0.9999626861754025 62.02026009451918
0.9999879900889433 -0.002310972190007197 -0.004321930197244295 -0.3764023449859024 0.0023421563313789032 0.9999711621849592 0.007224202152923158 -1.0188248592798168 0.004305111001793802 -0.007234238171390698 0.9999645652859701 63.42921190317163
0.9999905746672058 -0.001888274062434036 -0.003909602713815089 -0.38716005063909065 0.0019139909667683277 0.9999764896319995 0.0065845893752098554 -1.0589274768138754 0.0038970776231001883 -0.006592010389192749 0.9999706786671633 64.84062517279988
0.99999243128012 -0.002249842105222286 -0.0031742070815726584 -0.40725118345684086 0.002270093252066459 0.9999770022488798 0.006390746823674654 -1.067155511282088 0.0031597561830311537 -0.006397904326927489 0.9999745410601577 66.29304236288732
0.9999963142539565 -0.0008823675471568756 -0.002567664874959593 -0.4154196101120643 0.000898264453441008 0.9999803973526765 0.0061966142658217175 -1.0848080725253084 0.0025621470722128076 -0.006198897992347838 0.999977504283051 67.66203016638407
0.9999971231196771 0.0017162646128121503 -0.0016757632174294137 -0.44543323119707484 -0.0017037807095190618 0.9999709979308031 0.007422966349132211 -1.111467150051959 0.0016884545398867545 -0.0074200900100379165 0.999971045276034 69.12293522842927
0.9999890712791613 0.004587455988091533 -0.0009014208338647993 -0.45898558958614877 -0.004579708844351604 0.9999540926220328 0.008416586099352691 -1.1242234193393479 0.0009399902562525405 -0.008412366041949787 0.9999641736182115 70.48712146138482
0.9999675978039668 0.008048390805008453 0.0001634948496725395 -0.4793935157701652 -0.008049565193974801 0.9999242099717184 0.009315515382283045 -1.1489340498240659 -8.850755049694603e-05 -0.009316529791296135 0.9999565962790057 71.9248232269478
0.9999281071976321 0.011970208959503495 0.0007032111314846409 -0.49111518698468315 -0.01197625069512218 0.999884776913429 0.009327504580925535 -1.170640775087197 -0.0005914779695985681 -0.00933525602596674 0.9999562506184131 73.30351540897594
0.9998856511149269 0.015075773566452802 0.0011856256936063595 -0.49957939457121614 -0.015085502730049724 0.9998485684945612 0.008675697274410619 -1.180679463780876 -0.0010546533878963622 -0.00869259115975702 0.9999616625482642 74.70967838044274
0.9998786942669762 0.01544472644028868 0.002014233923263306 -0.5173690068879478 -0.015461620106408391 0.9998429623715829 0.008659615320573025 -1.1850934952023677 -0.0018801723758406245 -0.008689708360889229 0.9999604761791814 76.15986009611944
0.9998663628776056 0.0161707445240055 0.0024007014333898794 -0.5227495650521665 -0.016191697882559572 0.9998285708218686 0.008980975909651561 -1.200111103900441 -0.002255061000361194 -0.009018647338498578 0.9999567884162963 77.52490836017282
0.9998719545241878 0.01579117869855872 0.0025909829852697654 -0.5269992120038998 -0.0158152499386786 0.9998293370233687 0.00954854624601973 -1.2386756354877806 -0.0024397581997030347 -0.009588300840465764 0.9999510548355635 78.92618145477208
0.9998848265881984 0.015051495414312086 0.001945766677376479 -0.5175509504511491 -0.015066830974495689 0.9998534975763036 0.008122439624968524 -1.2399156475597284 -0.0018232269034747892 -0.008150820844225646 0.9999651193732205 80.29738425896647
0.9998909964250113 0.014646153024148633 0.0018669318726589113 -0.5346798166090183 -0.014661341924135537 0.999857239160495 0.008399189628127543 -1.275801910841727 -0.0017436496727562256 -0.008425645988832954 0.9999629834026809 81.69327294810853
0.9998840335289125 0.015113007050113592 0.0018752266615583142 -0.5633532670068344 -0.015128237058121705 0.9998503465485012 0.008391721342304058 -1.272093613366955 -0.0017481220254478222 -0.00841911723356075 0.9999630305838729 83.06118039632007
0.9998921466165068 0.01458756973702693 0.0017023244789534863 -0.5832693786247716 -0.014600125137017566 0.999864441475664 0.007611507982822379 -1.2870688008751117 -0.0015910604400265994 -0.007635541366723861 0.9999695830547305 84.45106050598262
0.9998954008065378 0.014439866903950976 0.0008231973768760006 -0.5878309084013994 -0.014445912090548125 0.9998645840447403 0.00788220980923559 -1.2978554868899783 -0.0007092678966977987 -0.007893277339445023 0.9999685960634638 85.83713702483867
0.9999000220758921 0.014136956457623345 -0.00030377346422944375 -0.5930960873097504 -0.014133817705624111 0.9998630204427161 0.008612524680065368 -1.321862198475906 0.00042548678192187825 -0.008607370319783678 0.999962865380746 87.21529084839143
0.9999081190124911 0.013476576862339752 -0.0014612915042207584 -0.5983171869508138 -0.013461908409035411 0.9998630843542395 0.009622348878504366 -1.333855557708152 0.0015907678961791828 -0.009601793196064556 0.9999526363936988 88.58658766262657
0.9999208430958767 0.0122226355681229 -0.002985747361830285 -0.5863846616317714 -0.01219144987197025 0.999873154542172 0.01024906833469407 -1.354392269311502 0.0031106395308844147 -0.010211856674048005 0.9999430193336242 89.92110535317389
0.9999360569229825 0.01073809218324636 -0.0035461824752437447 -0.6100824516592179 -0.010698877615344219 0.9998833747385613 0.010898209028705788 -1.3811669927705879 0.003662795191616608 -0.010859572216625465 0.9999343246600019 91.29702815235126
0.9999428763609634 0.009926214034431648 -0.003964121589322376 -0.6198982898825834 -0.009883363949361188 0.9998940505445454 0.010686759154355728 -1.4059600999493451 0.004069781003418772 -0.010646970052138412 0.9999350373512605 92.67817613314816
0.999948151104187 0.009402642902160108 -0.003909652346234664 -0.6374953106650341 -0.009361369985527038 0.9999016347363862 0.01044440619178306 -1.4267526012098404 0.004007473140489786 -0.010407265174312218 0.9999378125672224 94.01161913798828
0.9999542661035478 0.00861153519649261 -0.0041601846386120165 -0.6689120443923507 -0.0085689092810296 0.9999116935952053 0.010157697596649357 -1.4293259301227517 0.004247291004608916 -0.01012158501034247 0.999939755209025 95.39527526286857
0.9999576633426398 0.008309464317931238 -0.003952758493924039 -0.671193144149527 -0.008270620843801908 0.9999183228620082 0.009743944286944972 -1.4439723847778492 0.004033402949479946 -0.00971084019516673 0.9999447140988025 96.75801362561702
0.9999379792106972 0.010443951640923342 -0.003868019506606056 -0.675279570098928 -0.010407977160475866 0.9999034492851635 0.009206852880051693 -1.4707458693260955 0.003963802314540335 -0.009166023796971581 0.9999501349013933 98.11054069504985
0.9999241999866614 0.011764770738542686 -0.0036310350758959878 -0.7013854396733945 -0.01173043759241457 0.9998876079250394 0.0093364006282714 -1.4746389629213374 0.0037404679121334863 -0.00929309949384427 0.9999498223468614 99.44861523888463
0.9999213997500792 0.012095800330110618 -0.0032993788938454945 -0.7133908011595543 -0.012061011144188189 0.999873510299009 0.010368000668388338 -1.4856050588553504 0.003424371119294026 -0.010327392110937812 0.9999408075803353 100.79979092109356
0.9999193892364656 0.012285923152982782 -0.0032048534612601222 -0.7529908630490628 -0.012246980066641478 0.9998541832219076 0.011900579730637172 -1.499367383339915 0.0033505960398807124 -0.011860370885262903 0.9999240496753539 102.11583906407107
0.9999214523030491 0.01208017322797579 -0.003340449636793367 -0.7370938033622678 -0.012042610272431737 0.9998664781843698 0.011045422848644912 -1.523601615611634 0.0034734345369643576 -0.011004327751978555 0.9999334178001642 103.48131472508081
0.999917932820852 0.012403671837693583 -0.0032056999690063433 -0.7406681346945827 -0.01237562442604561 0.999886211363744 0.008626022953346002 -1.5314376245037287 0.003312329840855898 -0.008585642682552307 0.9999576567132284 104.79856977562696
0.9999398400565829 0.010429735873322372 -0.0033965934456727104 -0.7757991711600963 -0.01040424894444001 0.9999182178019356 0.007437024501465225 -1.5502980916766413 0.0034738821649399248 -0.007401238243411036 0.9999665763532442 106.10551597819598
0.9999479988537326 0.009789182165658604 -0.0028585789719156682 -0.7801985854056055 -0.009764121655448694 0.9999148888502737 0.00865314989676124 -1.566393074801257 0.0029430431906966536 -0.00862478859008813 0.9999584749010654 107.47648908229822
0.9999787745304645 0.006118213295879057 -0.0022400755303747287 -0.7953295325189608 -0.006094030834316632 0.9999247413546376 0.010647742652910385 -1.5750116577453699 0.002305052309002995 -0.010633865776370209 0.9999408020678956 108.80156153621772
0.9999837001355147 0.005407766322891217 -0.0018318059118775508 -0.8025367696401409 -0.00538612603594731 0.999917983642828 0.011619623070665363 -1.5953258129247632 0.0018944920492986407 -0.011609567569372073 0.9999308120306085 110.13409316564095
0.9999866473789507 0.005031835496723449 -0.0011771506239595122 -0.8019998743655667 -0.0050188915839859 0.9999295976858714 0.01075222790986379 -1.6040644292303532 0.0012311713043122357 -0.01074617656473753 0.9999415002449998 111.45009356916377
0.999981673942699 0.006045171624095479 0.0003281266215411616 -0.8316691506115316 -0.006047612241660318 0.9999494714766168 0.008029999351856302 -1.6258552533154575 -0.00027956733507307485 -0.008031836738907715 0.9999677051998411 112.81121633121325
0.9999579711590421 0.009104202162509227 0.0010813879252255375 -0.819224384949424 -0.009111125664809257 0.9999368470925264 0.006579455460013312 -1.6467213957648983 -0.0010214190213632627 -0.006589031730414488 0.999977770435072 114.14154086664425
0.9999213719777786 0.01232806642463292 0.0022953460439448636 -0.833858305056797 -0.012340863057735907 0.9999079054069258 0.005646577032002891 -1.6473420535622743 -0.002225523462507186 -0.005674459723490863 0.9999814236027366 115.44826323218038
0.9999110401238799 0.012647599313596287 0.004236749225355367 -0.8624821498048318 -0.012681035733823967 0.9998879073205295 0.00796016051769095 -1.6790545775014862 -0.004135597739872765 -0.008013178915378697 0.999959342069672 116.82305554731262
0.9999052250121393 0.0130654059339636 0.004340061511784879 -0.8516283612000289 -0.013108441669109643 0.9998636755573036 0.010039874848219232 -1.6821717228897395 -0.004208295163177674 -0.010095814967938285 0.9999401805959741 118.09669732327892
0.9998992049610662 0.013157244232471915 0.005335430213183608 -0.8508500677782871 -0.013214050846184423 0.9998548466394702 0.010755209931141237 -1.6954536863805159 -0.00519314726464733 -0.010824628724662397 0.9999279267189556 119.48554621560496
0.9998941011132135 0.012927291957411989 0.006683685826451908 -0.8711508180651875 -0.012994668732592262 0.9998641759468477 0.010137468675776036 -1.7152494801429752 -0.006551728550079587 -0.0102232476184222 0.9999262773115158 120.80498063768177
0.999862896091541 0.014739366909093176 0.007545863185792283 -0.8498880693078175 -0.014815112436920694 0.9998394161408921 0.010082381130330222 -1.7286742251498146 -0.0073960441448514104 -0.010192791814169416 0.9999206996170451 122.110991568133
0.9998248224090099 0.01637344810503818 0.009068332528184281 -0.8663507290617745 -0.0164615867112929 0.999817140982288 0.00973143370061546 -1.7353031665346559 -0.008907337922869175 -0.009879008313747639 0.9999115283474066 123.47311211419076
0.9997852490068467 0.017842522905254028 0.010540408044917599 -0.8806435329720836 -0.01794069487307561 0.9997958575606185 0.009293800026602116 -1.7507545617368236 -0.010372432330417318 -0.009480906610479834 0.9999012576517231 124.83000721557053
0.9997687603700116 0.018208975261145746 0.01143936027324235 -0.8646813128447 -0.018307043712768683 0.9997960472300577 0.008527376052027922 -1.7641688596083287 -0.011281753351882477 -0.00873482523024066 0.9998982072518735 126.1604942796514
0.9997657496050607 0.017661715943416475 0.012510382228758473 -0.8702572608902821 -0.017763133522638364 0.9998098775220232 0.008042384200205994 -1.7824528834800404 -0.012365962458041174 -0.008262724024799217 0.9998893990639471 127.49719303391545
0.999765558940407 0.01713781820076519 0.013233378344338204 -0.8527529053182852 -0.017253565212363865 0.9998134474541446 0.008682443308054443 -1.7861123341782603 -0.013082112588341644 -0.00890873092115651 0.9998747385750936 128.79569018518646
0.9997494446002885 0.017543983782991032 0.01390167654864829 -0.8377959865541229 -0.017674884787209105 0.9998000691994129 0.009349872853246477 -1.8099835935573194 -0.013734864311625175 -0.009593240914801132 0.999859651765637 130.172468071918
0.9997657750860057 0.016452390377200858 0.014061073146481142 -0.8076476639678066 -0.01658203519769334 0.9998206065927566 0.00915373054409918 -1.8116150675681908 -0.013907951103085691 -0.009384747908432977 0.9998592377933273 131.4981820578741
0.999794790505217 0.014361703563220042 0.014286998188978028 -0.8115630502328515 -0.014499828718670576 0.9998486738789415 0.009611677457007112 -1.8334456988027232 -0.014146797319042831 -0.009816864269146635 0.9998517376590332 132.85006616750812
0.9998059304745798 0.013620382768176408 0.014233289555402708 -0.8080995146317154 -0.01376884860022881 0.9998512699575447 0.010385413013034604 -1.8480199908626056 -0.01408972052018541 -0.010579373737308792 0.9998447662640371 134.17989891535336
0.9998402214602418 0.011664557874900679 0.013545095692943383 -0.7832880770784223 -0.011809869548247495 0.999873032204811 0.010697965936176865 -1.8700294976179161 -0.013418589985135006 -0.010856222655935024 0.9998510308394348 135.51629566402696
0.9998501218385414 0.012066805968961276 0.012414750503012481 -0.7743557570341133 -0.012193660341761961 0.9998736953446659 0.010193528885236927 -1.8822341519919645 -0.012290180158041487 -0.010343382551831549 0.999870974629385 136.85454524378332
0.9998774655361037 0.010083062978254578 0.011974378367063346 -0.7994908878001903 -0.010226257228894656 0.9998762081865421 0.011957925588823403 -1.9080436743631501 -0.011852324512742669 -0.012078913640304084 0.9998568008704618 138.1960623203715
0.9999026212135763 0.009491465552808743 0.010230354705551413 -0.746777033973706 -0.009611232398553424 0.9998851021497643 0.011722061589090959 -1.916136361733601 -0.01011792056210265 -0.011819246657539438 0.9998789592191961 139.55356654616477
0.9999247115485274 0.00806666532276597 0.009246628290523664 -0.7698756107873916 -0.008176678370858084 0.9998954963956257 0.0119221739478188 -1.9302319638228957 -0.00914949056140679 -0.011996883286534438 0.9998861743274685 140.9040156008456
0.9999340253549149 0.008444980147332363 0.007786349353353639 -0.7582483453359774 -0.008534773424675658 0.9998966192810415 0.011571880019629197 -1.9353060349401716 -0.007687820738739203 -0.011637571526070272 0.9999027274383163 142.23429308370115
0.9999442334955516 0.008128850901112275 0.006741785444872474 -0.7524357792361301 -0.00820392730298155 0.9999038018676382 0.011184033308491687 -1.9474689148451656 -0.0066502241118945584 -0.011238718954053968 0.9999147292209345 143.58549697724538
0.9999609957570561 0.006001319071230167 0.006480056190332222 -0.750574610906046 -0.006059590197942569 0.9999410448790081 0.009010446284729384 -1.9607378284720904 -0.006425600130784049 -0.00904936150179163 0.9999384084611221 144.92770934896882
0.9999817728096485 0.003403827193025945 0.004986783347436324 -0.7553095499109659 -0.003444320488404186 0.9999609856131891 0.008134120222914133 -2.005032805322767 -0.004958902064223297 -0.00815114820003756 0.9999544829991857 146.23508420149867
0.9999736548179606 -0.00587888916547156 0.004257739365996454 -0.7564739962359213 0.005831568208685032 0.9999220237255518 0.011042611545337096 -2.0040741649579306 -0.004322326008660815 -0.011017491537330969 0.9999299637358927 147.63673524644557
0.9999151235607813 -0.01275213232203486 0.002669983028749082 -0.7471268890101698 0.01271744990238897 0.9998393962258111 0.01262728030768234 -2.0216867222192847 -0.002830579196848145 -0.01259225340981161 0.9999167080195154 148.9437619603661
0.9998930299298806 -0.01456512735194888 0.001336328820941664 -0.717910206646108 0.0145514074151061 0.9998464945709152 0.009759294214039087 -2.038243478053647 -0.001478269166278275 -0.009738804976139659 0.9999514840225957 150.245322512279
0.9999112013090333 -0.01325316948318795 0.0013939180514830017 -0.7385944628157497 0.01324333183855931 0.9998888722452195 0.006845239959333308 -2.0632414851467273 -0.0014844843927859725 -0.006826172114866334 0.9999755995423503 151.64947657351877
0.9999498650819783 -0.00973585863289317 0.0023410237163324892 -0.7411108943127726 0.009725770542565865 0.9999435311465351 0.004282977349522043 -2.0775544235312964 -0.002382590180605368 -0.004259994437877133 0.9999880877836339 152.9675478777912
0.9999438220874914 -0.010056248414815568 0.003350306087077987 -0.7517218523258957 0.01004052214360865 0.9999386484377635 0.004678382705939189 -2.1019390399869047 -0.003397147801834372 -0.004644481142790038 0.9999834439522121 154.33867195638445
0.9998917507922008 -0.014188238154892837 0.0038962302937370795 -0.7574370397392839 0.01415858778859666 0.9998713692459794 0.007535206830529847 -2.095763214954191 -0.004002640758911883 -0.007479226165000484 0.9999640193728059 155.65300273585765
0.9998204910995714 -0.018505435852355822 0.004066255536282054 -0.744362662269676 0.018457148869108316 0.9997622631834263 0.011608219420907019 -2.1310467088393983 -0.004280104348482711 -0.011531084368063134 0.9999243545384596 156.99825827994943
0.999786953909602 -0.020277891724930636 0.0038540771084203465 -0.7208515259946817 0.020231727061663755 0.9997272995854588 0.011662061283481255 -2.1345537155551075 -0.004089508450691018 -0.011581602300216095 0.999924568359071 158.33505742102818
0.9997612982554528 -0.021567019412515296 0.0034943087315362185 -0.7069721485334272 0.02152138391635451 0.9996888588564284 0.01261013494109446 -2.169556238325346 -0.003765184839810169 -0.01253192274759013 0.9999143834826636 159.67552454327705
0.9997639117964594 -0.021192231221063805 0.004796875661053559 -0.7219908835581234 0.02113203658027138 0.9997013991164254 0.01226986654200977 -2.160890424285123 -0.005055469574338981 -0.012165602238774543 0.9999132164085194 161.0388324255784
0.9997996564154243 -0.019074776546733514 0.006066295817519102 -0.7243363078471633 0.019002675287727852 0.9997506308013366 0.011729217056730737 -2.1666645878658017 -0.0062885157852284775 -0.011611591542871525 0.9999128089533014 162.3764955095969
0.9998287951459824 -0.016851268109008468 0.007642982130914938 -0.7576878605861638 0.01677040321697785 0.9998039813118494 0.01052390215254956 -2.1757578460239064 -0.007818825711406064 -0.010393924702905935 0.9999154125676636 163.72898214059518
0.9998438902803208 -0.01567313116851112 0.008157698508631954 -0.7619218401885597 0.015594461201241725 0.9998321233725918 0.009619659016118104 -2.16687980407595 -0.008307099892456293 -0.009490942549270763 0.9999204538846803 165.08506985611524
0.9998387550205106 -0.015687833793714176 0.008738183244845286 -0.7736196761111376 0.015597198572917019 0.9998248309304448 0.010345764288240324 -2.1802307162303296 -0.008898955958659385 -0.010207805088398721 0.999908300442833 166.4344286781564
0.9998328415552956 -0.01633878665052081 0.008205669651597903 -0.7487112674027168 0.016253319268178693 0.999814060171616 0.0103766412349784 -2.1749210242709003 -0.008373686316229258 -0.010241537505651847 0.9999124923129091 167.75376995435371
0.9998607560898537 -0.014607477603412211 0.008067840250193815 -0.7525706416571796 0.014539286864789069 0.999858616681877 0.008447234585662022 -2.1830957189279845 -0.008190093066504629 -0.008328757862224753 0.99993177475443 169.13828906964753
0.9999150520148755 -0.011166442442144025 0.006723044983589575 -0.7385645159904088 0.011122885316107046 0.999917130476722 0.006481789086757413 -2.2153853222013136 -0.006794866941040792 -0.0064064589257000135 0.9999563925803907 170.57615373225366
0.9999530514104246 -0.006525262245571388 0.007163514647563457 -0.7610203232145946 0.0064926394912829775 0.9999684893555827 0.004567922890354977 -2.2064963921264775 -0.007193096419126118 -0.004521198392982403 0.9999639084103566 171.9335236535657
0.9999644024096987 -0.004568057086806167 0.007094137055449375 -0.7507223466826745 0.0045287980256884085 0.9999743972245855 0.005540295697236346 -2.2200936510199036 -0.007119264409725062 -0.005507970661437602 0.9999594883434617 173.2753079702297
0.9999636725701407 0.0011082483813122483 0.008451350814005564 -0.7723931534603015 -0.0011736073118073552 0.9999694150312333 0.0077325059154914845 -2.2668554466037842 -0.008442523499803022 -0.007742143727105868 0.9999343893489623 174.6577544601293
0.9999633313213718 0.002825281081745389 0.008084169791031881 -0.7763167881444428 -0.002908715425412752 0.9999424382961475 0.010327607209218497 -2.2754438771236485 -0.008054526731660006 -0.010350743258497525 0.9999139896559353 176.03238152306764
0.9999753158600267 -0.00010161117488910291 0.007025478813577852 -0.7621860438733801 1.992496025185822e-05 0.9999324128793579 0.01162623206351407 -2.2797953051533577 -0.007026185921152175 -0.01162580532093148 0.9999077324231255 177.44777572079275
0.9999823221298495 -0.0019222434649612211 0.005626758985921781 -0.755563269457669 0.001857564170332315 0.9999324034952125 0.011477712695775737 -2.287420964020278 -0.005648442062834099 -0.011467057948315982 0.999918297503529 178.8568706684035
0.9999816295645497 -0.0047449420439306545 0.003771746182672595 -0.7617589251732779 0.004715689383475453 0.9999590251958359 0.0077272371927896415 -2.2953035394495584 -0.003808257244001455 -0.007709309001862835 0.9999630311811718 180.19465117905392
0.9999954547991386 -0.0021016491590706322 0.002161818199123937 -0.776759799550337 0.0020930400863769186 0.9999899013668581 0.0039769766832643 -2.3213520198889146 -0.0021701547574429596 -0.0039724339098763575 0.9999897550450548 181.6168074601022
0.9999984654196676 0.0014377349987080602 0.0010010371406738198 -0.7790280758687896 -0.0014414871000172757 0.9999919014531935 0.0037575450300566453 -2.34934272399873 -0.0009956267609102939 -0.0037589823203055556 0.9999924393607222 183.00682104654285
0.9999879505646783 0.004812508826753615 0.0009687498734101362 -0.7990266099140112 -0.0048174066330636655 0.9999752976095513 0.005118278237762226 -2.3601021037617795 -0.0009440942597168317 -0.005122883531352668 0.9999864322830506 184.33522963108197
0.9999756111503962 0.006779724150453406 0.0016770310526732972 -0.8175745139905941 -0.006791621974864402 0.9999510633647761 0.007193382971809378 -2.362813704510798 -0.00162817996435143 -0.007204597440290826 0.9999727210306466 185.78591272308566
0.9999512481616594 0.0096372955134399 0.0021503060997677837 -0.8301841553440747 -0.009657987439567962 0.9999050518457752 0.009829068638408558 -2.387701687919122 -0.002055376459416989 -0.009849357282381952 0.9999493815134611 187.15548724818453
0.9999756333844131 0.00658765474644651 0.0023098553924954385 -0.8315711698555025 -0.006610982966244936 0.9999257015101454 0.010241404869448346 -2.3848364878320174 -0.002242217115938707 -0.010256425941097602 0.9999448875761768 188.60881586112495
0.9999806854415602 0.005875193463998226 0.002027519801422973 -0.8258239367163802 -0.005896607967002514 0.9999251259035844 0.010722528117086015 -2.395756035024887 -0.001964371223298003 -0.010734276720073528 0.9999404565022855 190.01565271211447
0.9999946032227899 0.002147736984375981 0.002486111548269083 -0.849769864340912 -0.0021763412843645493 0.999930805206685 0.011560637393275596 -2.405910104990967 -0.0024611105125699824 -0.011565985857893915 0.9999300830093452 191.3818091044051
0.999996251011306 0.0008681756726692906 0.0025969667458237214 -0.8409037563900199 -0.0008976050853349718 0.9999351544162945 0.011352588471157839 -2.41323858649753 -0.0025869425123537662 -0.011354877183349144 0.9999321849471695 192.82853991971254
0.9999953967104218 -0.0009994030089671563 0.0028649182966969155 -0.8372640253919912 0.0009646196575281776 0.9999261219650475 0.01211693504294072 -2.430573813650714 -0.0028768165767511056 -0.012114115944331883 0.9999224830565806 194.18379105834654
0.9999755166207228 -0.0060870258970873 0.00345170778509786 -0.8478836092885095 0.006039182029228854 0.9998878296807657 0.013706068867991132 -2.436481344169618 -0.003534750089308903 -0.013684888067670752 0.9999001097017073 195.64120322851778
0.9999467598925076 -0.009657277897598567 0.0036351586225645454 -0.8369491455203919 0.009603783905184859 0.9998493784466541 0.014456408234113576 -2.4492739389658453 -0.0037742209476568306 -0.014420727569277748 0.9998888927645884 197.05556240156739
0.999971258614689 -0.006477557893622461 0.003939949344457001 -0.8433833900597825 0.006429620057414823 0.9999065969544284 0.012060569670201776 -2.480805251035931 -0.004017704708797852 -0.012034890884366751 0.9999195064853412 198.47714679604067
0.9999903520128481 -0.001336856803560266 0.004184340102684145 -0.8679623910022107 0.001311035314486099 0.9999801202853718 0.006167675158824504 -2.4770367266448288 -0.004192502566906207 -0.0061621299525488945 0.9999722251509184 199.92045614807515
0.9999345624575594 0.009895664770414144 0.005739913336251639 -0.8728246333475436 -0.009927021493933241 0.9999358176713544 0.005460293335641024 -2.4881358121403983 -0.005685512179476276 -0.005516916382214586 0.9999686187977146 201.3805465249433
0.9998612133545689 0.015329754680027237 0.0065232366799847655 -0.8774294284189271 -0.015386164794685683 0.999843889470497 0.008686924595669105 -2.4890984981615945 -0.006389050444831544 -0.008786086740812849 0.9999409906141863 202.78761392998828
0.9998234397890086 0.01719235433845783 0.007583677233325127 -0.8613568379013261 -0.017271345542353517 0.9997959533284285 0.010476276763845367 -2.4912476506098633 -0.007402018564950803 -0.010605407596363896 0.9999163642263776 204.22909280061788
0.9998577112529667 0.01486429226732102 0.007975589738967821 -0.9107840995568448 -0.014952766862948805 0.999826025128459 0.011150527950537094 -2.5015774663372903 -0.007808458132056607 -0.011268198716970983 0.9999060234223783 205.6976917718654
0.9999031646703734 0.012342276327217305 0.006428800324979236 -0.8887464698668517 -0.012416747824250545 0.9998547399082659 0.01167576473523045 -2.526853255801984 -0.006283761484456075 -0.01175445913716707 0.9999111695695302 207.14966302660878
0.9999217297869695 0.011506677363491279 0.00491229621017455 -0.8590246389891218 -0.01156137379188509 0.9998698194481755 0.011255168411699126 -2.535239481473711 -0.004782147528862118 -0.011311080587791067 0.9999245924166086 208.57915633546637
0.999925951861693 0.01122616114027841 0.004697241576103999 -0.8913085904139729 -0.011276194599764028 0.999878482618296 0.010764174605958203 -2.5376100950247684 -0.0045758307995881885 -0.010816344767023325 0.9999310318501093 210.07787760325854
0.9999099057991336 0.012584190660107134 0.0046710175290878295 -0.896303831205296 -0.012633574806503841 0.9998629656042245 0.010697795461079754 -2.558830995795587 -0.004535754716689584 -0.010755843519064718 0.9999318670578465 211.5369218839009
0.999903093727726 0.01326025693556512 0.004238951723778221 -0.8899148284494427 -0.01330701887242441 0.9998487270047668 0.011200285022739679 -2.554493550213535 -0.004089792165041708 -0.011255607684130557 0.99992828987623 212.98401590826757
0.9999046523603377 0.013286414202434545 0.0037626263820934244 -0.9034057136231304 -0.013327944304855066 0.9998480460433335 0.011236136030575428 -2.577332418998869 -0.003612766975795471 -0.011285212996051593 0.9999297934764981 214.4238487908128
0.9998978848271663 0.013810904482683361 0.0036713492300690194 -0.9117521914270574 -0.013849376595182391 0.999847177815132 0.010668449470044018 -2.5928789591500654 -0.003523447519792752 -0.01071820617654652 0.9999363506609994 215.89497366988817
0.9999088938241205 0.013074359160031215 0.003356360499968714 -0.9103535358802937 -0.013107791077561177 0.9998626773638216 0.010139637901877399 -2.5950527566866746 -0.0032233305929854333 -0.010182708798547532 0.9999429596635603 217.37973813731074
0.9998986643275816 0.013983959436852812 0.0026664437806121688 -0.903607639518614 -0.0140106755699944 0.9998490162473705 0.010278409948315246 -2.6156061622789397 -0.00252230852880499 -0.010314727269426994 0.9999436205912643 218.84830499905593
0.999886320269744 0.014798922804181793 0.0028876264826807685 -0.9265248935215985 -0.014826478215525123 0.9998423847306349 0.009766333745624356 -2.624791733558461 -0.0027426403542214 -0.009808037044996797 0.9999481388216214 220.31545885905513
0.9999046342277343 0.013539298698647752 0.0027220966688169456 -0.9359663384256596 -0.013566045059965502 0.9998573747750563 0.010059451267439186 -2.6419626415375665 -0.0025855107248789685 -0.010095420233411964 0.9999456973378796 221.77769227374134
0.9998730717777279 0.015785018745433935 0.002161822854577158 -0.9342608323453133 -0.015805405008947268 0.9998274344143389 0.009761690602415413 -2.6601917231213554 -0.002007361491880298 -0.009794620257663264 0.9999500167079843 223.28266058255815
