1.0 -3.469446951953614e-18 0.0 -1.7787691892340307e-19 0.0 0.9999999999999999 -3.5405977195229754e-19 0.0 2.168404344971009e-19 -2.354751593366955e-19 1.0 0.0
0.9999998184235963 -0.0001920850668549537 -0.0005711878058707058 0.002362319113497474 0.00019247468808140412 0.9999997488292508 0.0006821250014084328 -0.022605924994663018 0.0005710566852054147 -0.0006822348305096148 0.9999996042253729 1.3271691485644874
0.9999996106283936 -0.0006537791009101328 -0.000592719197746735 -0.007919465311104833 0.000654445903456851 0.9999991525634703 0.0011254206712697763 -0.039022734061031086 0.0005919829699275456 -0.0011258081578842246 0.9999991910563075 2.6280023007917435
0.9999985244145516 -0.0013027883364233259 -0.0011197818803216006 -0.009237891080545669 0.0013039057301220784 0.9999986522693178 0.0009976408324551258 -0.07468629499243629 0.0011184807517386937 -0.0009990994699656881 0.9999988754008837 3.951588009716078
0.9999979703929316 -0.0019372292020578968 -0.0005534935160862804 -0.022621730228531776 0.0019378222764117967 0.9999975470085425 0.0010727621581313692 -0.08804860127523392 0.0005514140197964412 -0.0010738325730415249 0.9999992714133459 5.267169887610847
0.9999970363777451 -0.0022571198362509055 -0.0009124952858407569 -0.018649511464555332 0.0022585204423063825 0.9999962688861208 0.0015366507913542942 -0.10716272735913926 0.000909023554459875 -0.0015387071558975055 0.9999984030278168 6.588547983450409
0.999993411929628 -0.0035640744441645528 -0.0006880948926156205 -0.027458360755302266 0.003565773711241879 0.9999905575681831 0.0024839538827131874 -0.14381064780555902 0.0006792354584401431 -0.0024863911557593994 0.999996678244359 7.923302888552241
0.9999934488628279 -0.0035843742393287664 -0.00050447690347102 -0.04651353836235246 0.0035858139609772615 0.9999894178116452 0.0028820474361259487 -0.16242383274747663 0.0004941412727643951 -0.0028838375702589453 0.9999957196441415 9.238816210584606
0.9999943853944395 -0.0031788703261470385 -0.0010601725549057206 -0.045096467516606384 0.0031813283738973113 0.9999922372707784 0.00232476730654709 -0.18721028453359162 0.001052774282346332 -0.0023281270552355064 0.9999967357411003 10.570550200539195
0.9999993687833213 -0.0006551735613924449 -0.0009127870142101034 -0.06615006923595038 0.0006551676776918296 0.9999997853540532 -6.791435061241449e-06 -0.20393118117388526 0.000912791345030335 6.1934021069543856e-06 0.9999995833874477 11.891690586816438
0.9999974609321314 0.002053435769330098 -0.0009281840996047622 -0.06625457574429769 -0.0020541169806077815 0.9999976213500681 -0.0007334175773812874 -0.23049239722261428 0.0009266759434683179 0.0007353223260709998 0.9999993002868425 13.229593908926526
0.9999822431846228 0.005912817645612335 -0.0007428929042159727 -0.09320365888093643 -0.005913507758968137 0.999982082890486 -0.0009296967229013201 -0.25017773422069517 0.0007373825277024889 0.0009340733306835169 0.9999992918872921 14.569347873240943
0.9999821464379726 0.005969155108055597 -0.0002756449693053834 -0.11731121035863425 -0.005969171920736288 0.9999821826114774 -5.88064493346408e-05 -0.27829120406765906 0.00027528905603984655 6.0450768037107354e-05 0.9999999602810296 15.918278308839534
0.9999900770750495 0.0044536205560624185 -0.00010491274537603713 -0.10568203264916066 -0.004453304412828844 0.9999860379883367 0.0028446293545529525 -0.3047556157626812 0.00011758019230547444 -0.0028441339786802974 0.9999959485305604 17.26346830448417
0.9999999892241075 -0.00014601215074666087 -1.5246292037409672e-05 -0.11959715793885206 0.00014608523641464026 0.9999879442711821 0.004908153423207291 -0.33470553746912285 1.452946341725758e-05 -0.004908155694213638 0.9999879548263251 18.625606270455307
0.999998130276913 -0.0019151035241495428 -0.0002679993149306882 -0.11227952415483274 0.001916016415850215 0.9999922197900639 0.003448077270592634 -0.3681152900509368 0.00026139382992973427 -0.0034485843814466826 0.9999940194521852 19.966973559999783
0.9999957529407668 -0.002900139549795941 -0.0002886082923406832 -0.11849407237625771 0.0029003706334654322 0.9999954716264622 0.0008028527042600187 -0.36693430419019335 0.0002862786255799566 -0.0008036863793659218 0.9999996360665933 21.318666424272855
0.9999995813687566 -0.000914969648332738 9.71101186055109e-06 -0.13704408991099193 0.000914971977870065 0.9999995534631018 -0.00023642857800151891 -0.4223764449101665 -9.49468348403551e-06 0.00023643736969715886 0.9999999720035876 22.669921350715782
0.9999989767044546 0.0011718546314275118 0.0008205766080344702 -0.1407624160450963 -0.0011726060481112664 0.9999988932039605 0.0009157443776723886 -0.41162684563493507 -0.0008195026491209247 -0.0009167056719870221 0.9999992440322442 24.033666460678944
0.9999972890780887 0.0015902131442773046 0.0017008992436399134 -0.15501599659707221 -0.0015995731212233915 0.9999835086993868 0.005515767988602669 -0.4379815678983628 -0.001692100085466997 -0.005518473857105938 0.9999833414825321 25.43231456183265
0.9999982974292883 0.00027878461895762107 0.0018241216281217089 -0.14734302385159032 -0.0002903796220028341 0.9999797372625593 0.006359303640882619 -0.4616818772789957 -0.0018223119392414674 -0.006359822625547444 0.999978115677786 26.800624902559175
0.9999905244367653 -0.003997126607786158 0.0017245357127851158 -0.14721341821197695 0.003986922158563225 0.9999747601575512 0.0058807731337479465 -0.49240317386103616 -0.0017479985232205747 -0.005873841931752644 0.9999812210642569 28.1668050100184
0.9999899529142242 -0.004199937587943963 0.001566717188794958 -0.15613303718686622 0.0041941816819556 0.9999845086642143 0.0036594077645985736 -0.4960909987503234 -0.001582062332912635 -0.0036527999691737013 0.9999920770334614 29.528240216668948
0.999989104575258 -0.004143677899523504 0.002149575021215419 -0.158372969421779 0.004139680022700156 0.9999896996269025 0.0018610973837896343 -0.5488550397035875 -0.002157264848402893 -0.001852178585148761 0.9999959578119623 30.93377216158992
0.9999946551197532 -0.0018196955659070275 0.0027163295559476898 -0.17486896051268097 0.0018184613505552536 0.9999982422572196 0.00045681284782219045 -0.5377949785133391 -0.002717156270782437 -0.0004518708712011568 0.9999962064283254 32.304798830423074
0.9999938089692879 -0.00022947469509825534 0.003511320145539851 -0.18350641383032196 0.0002343410067881628 0.9999990126814173 -0.0013855396976776807 -0.585836545666095 -0.00351099903026917 0.0013863539964146074 0.9999928754265855 33.682778574484686
0.9999933103928953 -0.00016961654698663918 0.0036538205246421495 -0.19650374230280337 0.00017370395582783776 0.9999993595307339 -0.0011183760113468051 -0.5849641737350804 -0.0036536287990653928 0.0011190032380882897 0.9999926993852332 35.076270801819206
0.9999951730402601 0.00010494178487352977 0.003105299851956589 -0.19635980929256497 -0.00010626819465404773 0.9999999031977275 0.0004269797632566238 -0.6317007546228772 -0.003105255005416527 -0.00042730770282681024 0.9999950873857318 36.46944249932215
0.999995633788974 0.0006005151338643461 0.0028934040996761046 -0.20879751595235246 -0.0006047262826596386 0.9999987589859347 0.0014547623453792502 -0.6285401068209329 -0.0028925271454143774 -0.0014565057378981513 0.999994755923379 37.87556576050278
0.9999943325938675 0.0024420598152624052 0.002317568280989355 -0.19656655766164854 -0.0024466966522309645 0.9999950069393977 0.001999943944101296 -0.6490853511038821 -0.002312672920463668 -0.002005603035678551 0.9999953145378628 39.27204282082501
0.9999804365521339 0.005477504219813097 0.0030205055070961643 -0.22133413988508033 -0.005484848631780545 0.9999820092531131 0.002428500772979093 -0.6938776044020241 -0.003007149295214136 -0.0024450203285664002 0.9999924894344482 40.66270730773889
0.9999634267088885 0.008084906313193519 0.0027891792235399566 -0.22723042016021117 -0.00809217405505504 0.9999638669604477 0.002604133150498982 -0.7073501802445435 -0.0027680245017748964 -0.0026266084882356163 0.9999927194560444 42.08997187398533
0.9999626996861884 0.00821225767402568 0.0026754524773278396 -0.23953227020308385 -0.0082196664209037 0.9999623818625041 0.002769830498617213 -0.7187773574875728 -0.002652605492447638 -0.0027917185691136086 0.9999925849668005 43.4759881483247
0.9999653794697752 0.007973821223153455 0.0023786599240162246 -0.25178635355544055 -0.007980224540484776 0.9999645271342006 0.0026945326369150024 -0.7432632462950013 -0.002357090022107654 -0.0027134216487347327 0.9999935407126114 44.906004930880286
0.9999695796008254 0.007670407363575617 0.0014158776523703405 -0.2433190025690653 -0.0076735240030654335 0.9999681188290446 0.0022087034113480817 -0.7796963790472845 -0.0013988909745315148 -0.0022195010413411584 0.9999965584528699 46.302255677453374
0.9999743678356883 0.007146183936287743 0.00044239403857863446 -0.25242428842256004 -0.007147396653182534 0.9999705309790852 0.0028021257763565107 -0.8053928125422691 -0.0004223565293249769 -0.002805215977897874 0.9999959761809945 47.735096194034675
0.9999713186600269 0.007551705091534785 -0.0005775730603874776 -0.25631504602686456 -0.007549517748015187 0.9999646540969773 0.0037007233957291274 -0.8270173475623598 0.00060549947094006 -0.003696256935081219 0.9999929855037938 49.1290141018307
0.9999635576337098 0.00838268481289785 -0.0016167804339059205 -0.26493556475998187 -0.008376533525969279 0.9999577908469081 0.003774947416690666 -0.8562817538197846 0.0016483565271682122 -0.003761266915060085 0.9999915678622012 50.56438811058925
0.9999624720161593 0.008218472199637597 -0.0027406662430298854 -0.2748905674955306 -0.008207661152872147 0.9999585818292167 0.0039330575050637645 -0.8683233295874089 0.0027728766903903166 -0.00391041553111277 0.9999885098394765 52.01646310206991
0.9999498615337035 0.009287892220273753 -0.0037429198784173097 -0.295574139577858 -0.009268750184958988 0.9999440403320506 0.005099656243302123 -0.9015520848929066 0.0037900758072222495 -0.005064708475065071 0.9999799918306748 53.42996935867201
0.9999579109375467 0.007998772171155858 -0.0044939928154333255 -0.3134336481321337 -0.007973571548539013 0.9999525414664651 0.005597944906095385 -0.9166987394544508 0.004538556610599499 -0.00556187624003127 0.9999742331913734 54.88010685964896
0.9999772676625112 0.004714336793635759 -0.00482070206090046 -0.32657536029128964 -0.004682185247731473 0.9999668654787879 0.006659211143436626 -0.931824840440375 0.004851936508459156 -0.006636488482288466 0.9999662073010155 56.26749894458614
0.9999789848147883 0.003967866637527012 -0.005126982112837511 -0.3493090776732197 -0.003933761743062871 0.9999701833881467 0.006645137983645152 -0.9638122937344318 0.005153196705509799 -0.006624830146550587 0.9999647774802838 57.691535651482354
0.9999835338773676 0.0030639808405913483 -0.004852213982079541 -0.37754855504449825 -0.003028543368786798 0.9999688123761554 0.007293984064961498 -0.9909318525738857 0.004874411698110673 -0.007279168970627569 0.9999616261743504 59.13949751355279
0.9999835362571403 0.002641009848490499 -0.005094336748047576 -0.3606957576179296 -0.002602388250384189 0.999967937345081 0.007573101062899193 -1.0141219613157608 0.00511417448272256 -0.007559719094396196 0.9999583470719294 60.552210578540034
0.9999901939535812 0.000547400523030055 -0.004394580762203815 -0.38743590690451657 -0.0005109664046550584 0.9999655271636619 0.008287544630439306 -1.0217311057776297 0.004398966253235119 -0.008285218046556526 0.9999560011664144 62.00770576482922
0.999988941417346 -0.0017476772710592614 -0.0043660807964364945 -0.38257709202834256 0.0017832092691949016 0.9999652180371326 0.008147568690673464 -1.0481002692542232 0.004351689989446543 -0.008155264388797682 0.9999572763212027 63.42004472455638
0.9999904089616081 -0.0021649919221754573 -0.00380720250797471 -0.40425636814065236 0.002192487560868848 0.9999714402278036 0.007232684272584512 -1.0716644327344824 0.003791435398541491 -0.007240962291916431 0.9999665961879837 64.82746701593378
0.999992874104588 -0.0021973868978332808 -0.003069727778190904 -0.41502349183279996 0.0022192556709564933 0.9999720557316824 0.007138813261504215 -1.0878792722502977 0.0030539555261979963 -0.007145575043486801 0.9999698066043862 66.28160042408673
0.9999966266696737 -0.0008149613234192735 -0.0024662693095494266 -0.4292655501526681 0.0008318885373661562 0.9999760535898131 0.006870240552268142 -1.1060484784249658 0.002460611484492326 -0.006872269174674005 0.9999733583019497 67.6519291706727
0.999996767302772 0.0018813623891852085 -0.0017105126158074352 -0.4519402073992283 -0.001867110735977096 0.9999638475205713 0.00829563440123373 -1.1276691976925448 0.0017260580235548063 -0.008292414033775697 0.99996412765588 69.11851392091744
0.9999863617823725 0.005156230581719809 -0.0008303758175256311 -0.4648526101659366 -0.005148170788085412 0.9999422594749725 0.009432606247307018 -1.1471850755514508 0.000878964645567817 -0.009428202877333378 0.9999551672030631 70.48551605741649
0.9999601719030062 0.008921054218133639 0.00026340096593912253 -0.49314944261737886 -0.008923313068924767 0.9999060312550963 0.010406880394961083 -1.1681967298792315 -0.00017053587679102334 -0.010408816529848803 0.9999458122614657 71.93082883159715
0.9999232932472479 0.012367117906861371 0.0006796964171546563 -0.49364504139095605 -0.012373398336705595 0.9998716465683161 0.01017788921201459 -1.1815380617273024 -0.000553738059182716 -0.01018551886347639 0.9999479729377088 73.29998554743331
0.9998678514769032 0.016210336017259644 0.0012265999800149506 -0.5090979996510394 -0.016221447867719646 0.9998216903284765 0.009667068730565123 -1.198098017022211 -0.0010696749164961997 -0.009685688671790484 0.9999525204889108 74.69779437229381
0.9998477357658011 0.017302832034371888 0.0022621324144319922 -0.5291711133382886 -0.017323925765008567 0.9998032327716682 0.009663197175055534 -1.2060857071172615 -0.002094486793469715 -0.009700915032510141 0.9999507514737414 76.13410407125835
0.9998335751766091 0.0180551327558875 0.002614208033406047 -0.536903533037554 -0.018080822203758097 0.9997848960614873 0.010160980399155457 -1.2247333816103816 -0.002430188055125979 -0.010206556603466487 0.9999449586794698 77.50470623719097
0.9998402838680553 0.01769186732027792 0.0025307191911231744 -0.5299030294146665 -0.01771736012349208 0.9997886061536442 0.010432554861586231 -1.2565319700774553 -0.0023456130270536023 -0.010475726495677296 0.9999423769669564 78.91250367801828
0.9998611766819794 0.01653511520706045 0.0020536035100212112 -0.5284267694272579 -0.016553197373225727 0.9998213564530395 0.009123972748400782 -1.2592836176913773 -0.0019023708608248042 -0.009156700024053626 0.9999562669587263 80.28021876003965
0.9998658382278058 0.01626234139324873 0.0019600399199611786 -0.5432188011250895 -0.016280089893798116 0.9998232174771017 0.009407045614967826 -1.2937241293763173 -0.0018067129779007081 -0.009437693372151978 0.999953831800519 81.6829139253412
0.9998795693571733 0.015422938482763727 0.001726184389582198 -0.561965696222134 -0.0154394881421934 0.9998305607907928 0.010023569806948433 -1.3009114603603682 -0.0015712991313542302 -0.01004901427400686 0.9999482728282926 83.05120912119615
0.9998817196654349 0.015310619590203587 0.001459989247882397 -0.5758018531135036 -0.015323090804165907 0.999842525989845 0.008951320997698813 -1.3076755614674938 -0.0013227091723491146 -0.008972633967775482 0.9999588702946876 84.42811951922545
0.9998900726194501 0.014812817609550576 0.0006504415211004654 -0.5852346234150989 -0.014818191287568457 0.999847644587135 0.009225446099330795 -1.314213822960047 -0.00051368760922377 -0.009234070530017976 0.9999572331198184 85.82761620502404
0.9998852397295738 0.015143414226099584 -0.00042934407476219504 -0.5934790176279839 -0.015138580133786423 0.9998390276515103 0.009630275829268755 -1.3322664447799055 0.0005751102736940687 -0.009622671198258423 0.9999535356461448 87.19023470350456
0.9999005770707544 0.014017779891117643 -0.0015289808422507358 -0.6028705714732752 -0.014000473100311769 0.9998436924045558 0.010797108098343743 -1.3408794531468051 0.0016800934855492075 -0.010774628387546094 0.9999405405700752 88.57263758841593
0.999931310880353 0.011446392212335302 -0.0025206338310679163 -0.6117780869399555 -0.011416146040491673 0.9998663368957974 0.011703844440990272 -1.3745722489845655 0.002654263942222424 -0.011674264831311936 0.9999283306480251 89.95551013830594
0.9999339046333551 0.010935040416901572 -0.0035512284819922153 -0.620099589392652 -0.010891655615505317 0.9998684991752904 0.012014833151064571 -1.3821801431443335 0.003682144498797901 -0.011975360516026132 0.9999215132017615 91.32913581107432
0.999940156270612 0.01017890546781943 -0.004009205683275227 -0.6284303688909381 -0.010131766832814817 0.9998812981561918 0.011607623230874909 -1.400328414626025 0.004126883040212141 -0.011566308489365481 0.9999245918349723 92.6993494615744
0.9999576514003822 0.00833185078439238 -0.003908406709848367 -0.648122138956723 -0.008286038089128945 0.9998984436363558 0.011594998919724736 -1.4234388764622687 0.004004617934366094 -0.01156212291841685 0.999925137378083 94.02498692191094
0.999959409697946 0.007922099892092681 -0.004291767089695876 -0.6683426684311122 -0.007873413192712203 0.9999057767648935 0.011244864142112376 -1.4317652079492247 0.004380446021272501 -0.011210617084644516 0.9999275642613499 95.39292168063683
0.9999627782854794 0.007518014280305879 -0.004233377017959181 -0.6707177571283892 -0.0074722246475408 0.9999145093309054 0.010730326196711671 -1.4434134057518224 0.004313686222024316 -0.010698294271604047 0.9999334670980911 96.75875428786445
0.9999543863626993 0.00871663368598961 -0.003904544123276072 -0.6963262323534445 -0.008676621213835254 0.9999108415706981 0.010150131484438937 -1.4618095409862806 0.003992671323317488 -0.010115790458955458 0.9999408629364058 98.10356650063535
0.9999368760490059 0.010589273183074182 -0.003756484975519211 -0.7062761362678013 -0.010550790177236244 0.9998931213354733 0.010120610331090331 -1.4722348061402344 0.0038632537289669823 -0.010080337803333 0.9999417293377654 99.45592042269554
0.9999349056392803 0.010859486494083685 -0.003500857829560156 -0.7212703890056711 -0.010818938991111852 0.9998764833024505 0.01140038239405161 -1.4864599861295218 0.0036242280285847008 -0.011361764961376088 0.9999288851108185 100.80775471561833
0.9999339400093801 0.011016421785825879 -0.0032793347857480145 -0.7517167708833695 -0.010972556890586111 0.9998538993297139 0.013106601799457522 -1.4974558418465322 0.003423243825506093 -0.013069753558789202 0.9999087273121784 102.11179053617023
0.9999383569051251 0.010517304369038924 -0.003559307220370509 -0.7410524516616536 -0.010472864470541896 0.9998697252611249 0.012282167371606522 -1.5206018796780967 0.0036880191460185842 -0.012244134371053778 0.999918236507246 103.48230232814832
0.9999366104702255 0.010738490946792504 -0.003385235945620401 -0.7535998786211164 -0.010704291873454674 0.9998930642474757 0.009963845977292071 -1.5313898458613193 0.003491870915141814 -0.009926978026881838 0.999944629444292 104.80579061910954
0.9999462417973518 0.009794002737926214 -0.0034045553864275 -0.7820061589361123 -0.009765255139925705 0.9999173672770656 0.008360528045087705 -1.5384941359622366 0.0034861573940442696 -0.008326832420597115 0.9999592544585838 106.14717726373401
0.9999601303391105 0.00841804350933813 -0.00297896828863625 -0.7904371185340033 -0.008388514366117115 0.9999168896055958 0.0097901339660719 -1.5618412529107457 0.0030611347451558885 -0.009764754719862781 0.9999476381431472 107.48523748861348
0.9999838354780723 0.005066036701812306 -0.0025814802492867338 -0.7947769504987205 -0.005035150833455574 0.9999173012599555 0.011833761129869612 -1.5636085464841774 0.00264121726476625 -0.011820571939357087 0.9999266463393309 108.79631158222195
0.9999910454135702 0.003814128941283506 -0.0018334401690690417 -0.8133279027058147 -0.0037898703806921036 0.9999075648210823 0.013057514999745357 -1.589383946531842 0.001883073909999745 -0.013050449836179442 0.9999130661212831 110.15820024096352
0.9999935275677042 0.0033504347225117997 -0.0013112595228896953 -0.8083356296526616 -0.0033345002706979205 0.9999227811708623 0.011971332637452575 -1.6041828300805645 0.0013512675611631324 -0.011966882998106282 0.9999274812675047 111.46346469161364
0.9999895735343192 0.004559851547326471 -0.0002461043810170378 -0.838394998198905 -0.004557296962275844 0.999944118205417 0.009538947342482906 -1.6154033178401017 0.00028958684396112287 -0.009537726505940161 0.9999544729216896 112.81702242038006
0.9999699522276542 0.007741968877913513 0.0003956561955191847 -0.8280363846219237 -0.007744804037067241 0.999939968619786 0.007750947119963223 -1.6370038845397077 -0.00033562487493107125 -0.0077537786594493 0.9999698826835574 114.16904611468281
0.9999425990402941 0.010477058611923641 0.0022427318667336523 -0.85334463002624 -0.010492782040419174 0.9999196182074115 0.00711749050803109 -1.6425427339047123 -0.002167981404790673 -0.007140614600897458 0.9999721553517236 115.47142833316472
0.999931543485658 0.011095461101326528 0.003714709116552537 -0.8688843862242639 -0.011129527076632497 0.9998950127215073 0.009278856865840216 -1.6648797552628842 -0.003611366222275445 -0.009319564812581413 0.9999500506246306 116.83833993538926
0.9999177808490517 0.01199512369190317 0.004533048188206679 -0.8722756891824278 -0.012044685031498935 0.9998661950009213 0.011068770562174271 -1.661130804503269 -0.004399670735249358 -0.01112245985974316 0.9999284643327492 118.13404926408971
0.999917730275032 0.01165274568338904 0.0053615462019651 -0.8725207557065517 -0.011717264251546382 0.9998573656179698 0.012163640949104939 -1.6823543285794083 -0.005219042078470389 -0.012225463148992088 0.9999116459214685 119.50729985780215
0.999911103980515 0.011686002837468817 0.006420393494198854 -0.8733482460601759 -0.011760024672759712 0.9998633888731363 0.011614879873878227 -1.6957406540135667 -0.006283785400157419 -0.01168935157742067 0.9999119326713793 120.82616399536279
0.9998838798898291 0.013140638064203137 0.007716886802533396 -0.8663706659972124 -0.01322918113045243 0.9998459300031999 0.011537116238747695 -1.705362730996204 -0.007564093423645025 -0.011637864874100004 0.999903667654641 122.13308246556701
0.999848980863787 0.01482823156469475 0.009063055933249903 -0.8832129247626039 -0.014928103927779057 0.9998274750559325 0.011053138512561822 -1.7124431299092737 -0.008897594576436779 -0.01118676374260986 0.9998978393439019 123.4927750261128
0.9998175416235902 0.016028158993427973 0.010391416894477586 -0.8898402524782225 -0.016137737611281802 0.9998141357453852 0.01054833767727553 -1.7264255352704372 -0.010220415924137104 -0.010714107219092198 0.9998903694913491 124.85724081249452
0.9998017583125524 0.01634227543643787 0.011374272339169045 -0.8827370281912426 -0.016454435466767364 0.9998162154576314 0.009838033456104648 -1.7353808197695848 -0.011211407011583446 -0.010023240578884988 0.9998869131045405 126.17160562441714
0.9997951944810258 0.016063984608965503 0.012309242636475254 -0.8800021607643084 -0.016179148388905103 0.9998257268177431 0.0093140319342336 -1.7525839388161741 -0.012157478020642685 -0.009511277622133111 0.9998808585641237 127.5058154144628
0.9997950139790817 0.015554420166983206 0.012961095650767277 -0.860009780467043 -0.01568565957547437 0.999826099399138 0.010086182719166585 -1.7616328516986643 -0.012801958059053422 -0.010287418731062583 0.9998651303466969 128.8332709286793
0.9997788009870818 0.01584395156993591 0.013831784353916928 -0.8537117962000703 -0.01599756701734164 0.999810783924194 0.01106680788886686 -1.782866228050575 -0.013653826335440551 -0.01128563504251411 0.9998430914232111 130.19985222779383
0.9998017007817204 0.01402766038366838 0.014134490698002421 -0.8375527427143419 -0.01418262365777034 0.9998397525407938 0.010923481926296191 -1.7810822774218338 -0.013978995960326882 -0.011121780189103724 0.9998404341074458 131.5283060877543
0.9998100016013968 0.013365210006397354 0.014189144817778832 -0.8226898288913653 -0.013529292063914233 0.9998419784975067 0.011531535886406055 -1.807756538694159 -0.014032782406218282 -0.01172131422726647 0.9998328319323717 132.87809826034274
0.9998393068949039 0.011195983985073312 0.014000368174867885 -0.8140325222402965 -0.011369325996434138 0.9998589310653091 0.012363511528006186 -1.804631067132245 -0.013859972642645935 -0.012520699790868185 0.9998255514011459 134.20177165354366
0.9998674865676571 0.009605719446860263 0.013143037802622519 -0.7809887050272051 -0.009773317909793501 0.9998709822983676 0.012747589250900714 -1.8292550644877499 -0.013018893442536213 -0.01287435136134648 0.9998323656942104 135.53097475611256
0.9998826843938812 0.009321146249545529 0.012154573920611983 -0.7827428820226595 -0.00946918519342772 0.9998809899521215 0.012179510688520086 -1.8346650929580663 -0.012039601411914569 -0.012293175992873875 0.9998519519509204 136.87945689440966
0.999909230865125 0.006738566827053262 0.011667122193260599 -0.8048141871784575 -0.006899307577071216 0.9998810801642098 0.013792211322465301 -1.8515901092698763 -0.011572795970543589 -0.013871454749065943 0.9998368132528297 138.20893190800692
0.9999287123662016 0.0063545569210232905 0.010108896373149741 -0.7632819466628344 -0.0064936472842991935 0.9998838775982273 0.01378636542510595 -1.860663292837616 -0.01002011709600065 -0.013851026504924518 0.999853862480269 139.5618464540241
0.999945873796769 0.0052974891681601115 0.008954668157884897 -0.7743880787971543 -0.0054228411633961545 0.9998868324986478 0.014032640320848465 -1.8745076731107833 -0.008879317759710171 -0.01408044080474636 0.9998614398513129 140.91841524689616
0.9999564547857036 0.00532373424062281 0.007664618869028838 -0.769539674113637 -0.00542895689112186 0.9998904012138837 0.013773597657943603 -1.8788313159667016 -0.007590452493277528 -0.01381460903928763 0.9998757630859662 142.24629174269592
0.999965823021886 0.004995772314894245 0.006587491465426794 -0.7631187840740539 -0.005084042356240522 0.9998965976570416 0.013451636021400601 -1.8846851876032225 -0.006519609532938556 -0.01348466763505883 0.9998878229227429 143.59800100532775
0.9999777024922725 0.002691125980807777 0.006111657760525228 -0.764493763314174 -0.0027587252253879185 0.999934816993918 0.011079314035191155 -1.8943107131454626 -0.006081444059582659 -0.011095927594340794 0.9999199450088997 144.94320785627633
0.9999884472967712 -0.00034500956721388205 0.004794397495370176 -0.770390583705975 0.00029554085334299214 0.9999467562119869 0.010314911185660058 -1.925022914657594 -0.004797701363602752 -0.010313375279328876 0.9999353060823394 146.25055660475374
0.9999448841005626 -0.009742524418943287 0.003913054237511197 -0.7734051144157419 0.009690520166259514 0.9998672833525106 0.013096163008227612 -1.919998916833014 -0.004040124928145667 -0.013057521917038729 0.9999065848929003 147.6441553126051
0.9998627969720083 -0.01639938853305894 0.002333945036121502 -0.7637678513723762 0.016362841853398064 0.9997550897298598 0.014900266790594285 -1.9394334737182852 -0.0025777288979806573 -0.014860032733593377 0.9998862609036077 148.95744672467987
0.9998187324520533 -0.018978714613182165 0.0015200787082156513 -0.739069307383105 0.01895933841702088 0.9997496409987245 0.01188271004911027 -1.9491075359679297 -0.0017452168421577168 -0.011851736630401897 0.9999282427049145 150.24986780916484
0.9998453351233564 -0.017528788271392568 0.0014308823972877928 -0.7555448422585342 0.017515201217140328 0.9998059753301164 0.009012735950840636 -1.9735821015696644 -0.0015885872366974887 -0.00898627996645349 0.9999583607148445 151.6573422877341
0.9999007845352519 -0.01385170227267824 0.0025595787574457995 -0.7541558678483743 0.013834955914667482 0.9998834968886663 0.006448769872346997 -1.9827578728221913 -0.0026486072164718442 -0.0064127185090158125 0.9999759306699953 152.9697644837653
0.9998879052985846 -0.014552732606934238 0.003520628578557143 -0.765385294216981 0.01452842869168708 0.9998711067598995 0.006833345800401632 -2.0002348439175477 -0.0036196189469003817 -0.0067814307368698895 0.9999704548401357 154.33931062922767
0.9998230559660992 -0.01840020580602331 0.003910140357176573 -0.7720452920923859 0.018361671503764016 0.9997846211027218 0.009672663292275554 -1.9951976658556492 -0.004087277526990905 -0.009599155231235074 0.9999455737086227 155.66688574358483
0.9996989094386336 -0.02416965954342422 0.004232969550075719 -0.7748555947577955 0.024109465577412552 0.9996149413112615 0.013736912689158689 -2.022206086738564 -0.004563356484014394 -0.013630722247205218 0.9998966842573257 157.01196820714193
0.9996469875577381 -0.026237042731824006 0.004185434081258063 -0.7487389142840672 0.026174514745105862 0.9995543331212394 0.014353742118426199 -2.0277342335831126 -0.004560168889068713 -0.01423912361966282 0.9998882198620185 158.3557461787564
0.9996214401312936 -0.027279643332168306 0.003577357974138854 -0.7285622484981422 0.027223909387575213 0.9995198057765017 0.014799209985753263 -2.0546450900361797 -0.003979357639802226 -0.014696218194986838 0.9998840862244643 159.69245423619253
0.9996263755418164 -0.02687931784254034 0.0049610075484545135 -0.7423137754908499 0.026803599273395155 0.9995319545995096 0.01474580610730105 -2.0432458631735453 -0.0053550432195459 -0.01460732411815408 0.9998789674728136 161.0550991050946
0.9996796631291754 -0.024581903349581834 0.0060250444532742135 -0.737533913261255 0.024492687272630275 0.9995954349826728 0.014459413040010551 -2.0422640716550537 -0.006378047350449848 -0.01430721188528399 0.9998773045726943 162.39378407652444
0.999726192106331 -0.02213336590965266 0.007593085086240998 -0.7669325055194994 0.022033509404034056 0.9996728130454864 0.012991971060364055 -2.051543939358884 -0.0078781574309461 -0.012821111673837314 0.9998867704540001 163.74705782443036
0.9997514649870214 -0.020751025990896524 0.00814881521306649 -0.7648943918037878 0.0206522229522069 0.9997143713408253 0.012027527247568755 -2.037592039995168 -0.008396071906806853 -0.011856247048326315 0.9998944621207668 165.0960270713561
0.9997478177665987 -0.020761802072447703 0.008558531323400394 -0.7700890709434829 0.020649652062143774 0.9997023750926687 0.012990500111732637 -2.047759490144871 -0.008825691017372262 -0.012810493673834746 0.9998789918923937 166.4427682770916
0.9997618918705706 -0.02030333086352922 0.00799589472214332 -0.7500116044174636 0.020196685320518774 0.9997088854795392 0.013199931215114013 -2.0397615301405234 -0.008261570258028143 -0.01303529786928968 0.9998809066405779 167.766442909235
0.9998067669234797 -0.018043304442664117 0.007801794273837899 -0.7566170278462316 0.017956681226985623 0.9997778775802688 0.011034178197509516 -2.0575722850114953 -0.007999155022746389 -0.01089195189089726 0.9999086852806891 169.1542521082939
0.9998796135520204 -0.014119472709745305 0.0064341984647954716 -0.7549491989306287 0.014065537259845847 0.9998661909182655 0.008352299551493358 -2.0801023804568133 -0.006551268122100978 -0.0082607937362553 0.9999444185397548 170.58245961246047
0.9999351490889387 -0.009247381862174404 0.006647071621157469 -0.7620817687254027 0.009201723656783565 0.9999340835495447 0.006867082817850111 -2.078948865474054 -0.006710136567772336 -0.0068054730866826535 0.9999543287563671 171.9310131438611
0.9999546625275125 -0.00645776071960073 0.006997873274531664 -0.7636473256191715 0.006401540464226587 0.9999472939724806 0.008026801776546386 -2.0930939472033634 -0.0070493401984539385 -0.007981640839345504 0.9999432984964327 173.27930260282457
0.9999645249285182 -0.0018443201933868378 0.008218721139329492 -0.7859773056357651 0.0017597561258647382 0.999945563699251 0.010284594812374594 -2.120480048503603 -0.008237242516123419 -0.010269767215062661 0.9999133361014491 174.65508616355754
0.9999681787619251 0.0011356248187535 0.007896317161705005 -0.7759443147106148 -0.0012353261946962705 0.9999194385031713 0.012632912171330954 -2.142996367366282 -0.00788133542987258 -0.012642264947484804 0.9998890226853766 176.0535511714345
0.9999720051077534 -0.0030117616201434244 0.006849693683829093 -0.765952443554767 0.0029153445347106476 0.9998971444747778 0.014042835451380097 -2.13765247713359 -0.006891283398671128 -0.014022473375131857 0.9998779327761151 177.46135566884797
0.9999711026287543 -0.005081564662354442 0.005654345282349627 -0.7728862312516072 0.005002262957117242 0.9998901559944259 0.01395182062016374 -2.141870233516866 -0.005724621737227111 -0.013923133193141543 0.9998866811132291 178.85493229383945
0.9999631505995857 -0.007755028015358642 0.0036819827065241303 -0.7841712671940393 0.007716535158544962 0.999916599763873 0.010356089499020454 -2.1475635371360084 -0.0037619877015025883 -0.010327295928873673 0.9999395953787413 180.19208119090612
0.9999867166054051 -0.004785430119698186 0.0019147533101256718 -0.7832292336607531 0.004773066132500605 0.9999680600422528 0.006410672905955523 -2.168208773238731 -0.0019453701390723215 -0.006401448627204956 0.9999776182442728 181.60977577063957
0.9999987916596634 -0.0011896334806790077 0.0010007270791932428 -0.7989958705373883 0.0011835968462548321 0.9999812306282952 0.006011446271647131 -2.190329609382751 -0.001007859794141508 -0.006010254667088114 0.9999814303563487 183.00282820948192
0.9999985729999078 0.0014785894056192723 0.0008171720530814719 -0.8228067059836446 -0.0014843338641302856 0.999973875551612 0.0070742468057833924 -2.190961016477923 -0.0008066908610653487 -0.007075449806913798 0.9999746433088379 184.32805690001788
0.9999874811909728 0.004717600003866316 0.0016678443377042605 -0.8297319499570414 -0.004734014228067443 0.9999390086106442 0.009978385331500765 -2.210116719602457 -0.0016206687120650116 -0.009986156211942303 0.9999488237495283 185.78208262490907
0.9999725752319161 0.00710973318816581 0.002073756496471728 -0.8435305107701718 -0.007135099707818944 0.9998965099230698 0.012492389916815496 -2.231495685618108 -0.001984724482131276 -0.012506844025626181 0.9999198166469523 187.14662347896697
0.9999874542894752 0.0044902282712999415 0.0022201594747848553 -0.8489412617940953 -0.004518556168596047 0.999906281347131 0.012923280398279837 -2.222770230704846 -0.002161923097964321 -0.012933150438421456 0.9999140261594188 188.60214164876595
0.9999925067720855 0.003435715714255533 0.0017838871366234927 -0.8365689422463154 -0.0034596678672186533 0.999901503387227 0.013601993348814252 -2.2311092427744375 -0.0017369789835043087 -0.013608063352410285 0.99990589733177 190.0098339472733
0.9999970717781508 0.0006223711459789035 0.002338608851614725 -0.860932800530334 -0.0006557733869161997 0.9998973999187035 0.014309423195679334 -2.24199060769684 -0.0023294633233791823 -0.014310915172604362 0.9998948801300839 191.37276632460888
0.9999951265229501 -0.0015752712700809971 0.0026954511109642007 -0.8666241687686311 0.0015363258428832231 0.9998952755733637 0.01439019043072891 -2.2424784218271423 -0.0027178375028956226 -0.014385979489390391 0.999892822734447 192.82772410294328
0.9999905843489094 -0.0033668115651287623 0.0027378461820431036 -0.8481102153275655 0.0033252314517564063 0.9998811746147426 0.015052557115570934 -2.25075052429714 -0.002788200203038792 -0.015043311705361977 0.999882955507981 194.1844570300973
0.9999611624259285 -0.008129183583704217 0.0034044129057944775 -0.8616775794399016 0.00807215919480548 0.9998322396693151 0.016441798791981262 -2.249770566393606 -0.0035375004663094544 -0.016413679583869096 0.9998590286715636 195.64890661560727
0.9999260750505281 -0.011645469827888864 0.003496781523528704 -0.8478901688962066 0.011582917097917575 0.9997814134938625 0.017405781957453074 -2.2656699537411327 -0.003698715980612015 -0.017363992635720808 0.9998423932118093 197.06059651743385
0.9999551655651232 -0.008712733849172594 0.0037087925638405175 -0.8581655916268932 0.008657788823352826 0.9998561966621253 0.014581792545534732 -2.289483088887412 -0.0038353068163259224 -0.014549029113265418 0.9998868016805219 198.47704612656327
0.9999861490725417 -0.003579979535004456 0.0038581626773167748 -0.871099343521788 0.0035460096005803625 0.9999552035417674 0.008775916934595274 -2.2819157955444918 -0.0038894077696613447 -0.00876211446490403 0.9999540478718358 199.91863298923863
0.999961665307843 0.007060431552349412 0.005178630320595542 -0.8722089270421517 -0.007102682459450713 0.9999412680203622 0.008186111654659583 -2.2868849246760448 -0.005120529114888346 -0.008222580172634832 0.9999530835762438 201.368852261457
0.9998927718800894 0.013145197336528193 0.006453565115189547 -0.88989238308455 -0.013219490387244931 0.9998452449349001 0.011607380554979514 -2.2914344163918727 -0.006299985609108329 -0.0116914489947652 0.9999118062107224 202.79421006422942
0.9998609523321417 0.014873207010198614 0.0075408012095311465 -0.8889542529154593 -0.014974565980181629 0.9997958166658446 0.013567880612174872 -2.2991781026558753 -0.007337464216504003 -0.013678914530301576 0.9998795171993634 204.21808702228407
0.9998704833642424 0.0144024783349625 0.007182275719556339 -0.8972431591297267 -0.01450176013051735 0.9997972757514463 0.013968048692824947 -2.3007869863265786 -0.006979645758789097 -0.01407039552050088 0.9998766466490014 205.6881931827415
0.999923749055606 0.010825615179082617 0.00594155800019079 -0.894297038667508 -0.010911424773883235 0.9998338045649147 0.014604933334361244 -2.3162916479150955 -0.005782463629881622 -0.014668650850259484 0.9998756891717383 207.14138679380446
0.9999473365421334 0.00912366297487569 0.004699244758018093 -0.8816727899139796 -0.009189853381717105 0.9998560653777468 0.014261666678342775 -2.323048139894893 -0.004568450108863164 -0.014304101265189603 0.9998872546198526 208.57459479686568
0.9999516986593265 0.008869458010127472 0.004234743010570006 -0.8954855131737753 -0.008927452402304074 0.9998638398943568 0.01387812232068678 -2.322085995990818 -0.004111075321073456 -0.013915257733147168 0.9998947267901065 210.07532521302335
0.999939633153656 0.010237464882762698 0.003990531620389997 -0.8985935612369254 -0.010291092163340822 0.999853766356173 0.013657940669565763 -2.33214933063553 -0.0038501256973807714 -0.013698183386140012 0.999898763027965 211.52311409024387
0.9999295673514343 0.011198923159976316 0.003929940811862615 -0.9046935686538382 -0.01125386387507516 0.9998351604505554 0.01424789440729261 -2.327249774621951 -0.0037697322352641346 -0.014291118196469447 0.9998907705648983 212.97701870215067
0.9999338910810505 0.010930891552519618 0.0035677802941879795 -0.9222347886785879 -0.01098140597590459 0.9998351464148643 0.014459900958339567 -2.3498725545285293 -0.0034091328006569397 -0.014498124565113162 0.9998890849486384 214.41341338533218
0.9999300970353808 0.01136807477900945 0.0032508300228652363 -0.9174910295730507 -0.011412331351845453 0.9998377652189624 0.013935636193684747 -2.3625256470261546 -0.0030918815215403503 -0.013971761882360049 0.9998976098282752 215.86567816790287
0.9999373204260743 0.010746592371052584 0.0031410110682626377 -0.9307199216204022 -0.010788169580366823 0.999850213766068 0.013533863029019566 -2.361050126642002 -0.002995097921689739 -0.013566900765502033 0.9999034796387224 217.3487352618681
0.9999315640198768 0.011467331533215962 0.002316799554916063 -0.918292955163354 -0.011497714791967591 0.9998420006037276 0.013556415635489892 -2.3787755229521297 -0.0021609777618549486 -0.013582126064135315 0.9999054235422465 218.81965393798464
0.9999209391827858 0.012361611199265035 0.002303459448208995 -0.9357209251116342 -0.012390685110356348 0.9998378573678749 0.013066366030610062 -2.381222581297077 -0.002141564793741388 -0.013093874699522653 0.9999119781999805 220.29304156508158
0.9999455996872898 0.010123483410046551 0.0025125146501654223 -0.9637454416761237 -0.010155783013647394 0.9998613813931815 0.013193865532500017 -2.3838659376747438 -0.0023785986810196734 -0.013218664602048041 0.9999098005202609 221.78366867664784
0.9999183068072871 0.012654780764214385 0.0017989460704386912 -0.949240912314567 -0.01267701987599862 0.9998359048613723 0.012940500100330862 -2.3985232113733863 -0.0016348918088573605 -0.012962248488497695 0.9999146499805104 223.27731612107286
