1.0 -6.776263578034403e-21 8.673617379884035e-19 -8.673617379884035e-19 0.0 1.0 -1.828002979293187e-19 0.0 0.0 1.0683203047244863e-19 1.0000000000000002 5.551115123125783e-17
0.999999899427346 -0.0004323878121465258 -0.00011910504793214306 -0.0013317203194852974 0.00043257032124153545 0.9999987264299353 0.0015362364974873305 -0.02054899079884035 0.00011844065607041158 -0.0015362878419591566 0.9999988128944912 1.3140724158844006
0.9999992681195774 -0.0010402863305614615 0.0006177092860694747 0.021644566122897523 0.0010389733217355895 0.9999972081744385 0.0021223052219340242 -0.031105409708088984 -0.000619915418932992 -0.002121661854261695 0.9999975571240453 2.6271990213020673
0.9999978174273357 -0.0020196237085569717 -0.000535032719537018 0.010930743634519756 0.002020771703073525 0.9999956394551709 0.0021534981720682874 -0.0487372980960009 0.000530681174260153 -0.002154574619285259 0.9999975380891306 3.9396662537715748
0.9999981147866809 -0.0019225626499473714 -0.0002723517356832501 0.020146911862865435 0.001923176132103268 0.9999955747659283 0.002269767430313213 -0.062007754713760514 0.0002679867821339015 -0.002270286898421296 0.9999973869860335 5.259472949824604
0.9999956499626437 -0.0029113662701224182 -0.0004732876497816098 0.023150046048669767 0.0029125999090655824 0.9999923091940596 0.002626464794181787 -0.0743362805786639 0.00046563744676262654 -0.002627831827902926 0.9999964388335947 6.576904298628959
0.9999905230119803 -0.0043467334099811595 -0.0002445259433452567 0.0307458898263983 0.004347741273523706 0.9999813786393797 0.004282467220435214 -0.09248956145768485 0.00022590666396115396 -0.004283489708197294 0.9999908002971131 7.905423236405857
0.9999900153430494 -0.0044610441406148765 -0.00026133757075641906 0.036225961923924965 0.004462288952819822 0.9999776832724399 0.0049720157141654436 -0.10627593645782282 0.00023915137542223838 -0.004973132161155109 0.9999876053028401 9.2415279163172
0.9999940839334563 -0.0033355822919815055 -0.0008402305562964152 0.04069626250468056 0.0033388586602758744 0.9999867104459939 0.003928225856294084 -0.12106383491286221 0.0008271165374788411 -0.003931007970137234 0.9999919314934067 10.564605465624853
0.999999312897068 0.00020140815638146445 0.001154833528644289 0.044961669622857144 -0.00020512125808555412 0.9999948075029408 0.003216037139221044 -0.13323379484841855 -0.0011541798926511778 -0.003216271763836965 0.9999941617139217 11.858172110073923
0.9999961350742556 0.0027801443182857194 -2.5166427673245853e-05 0.040482425620329394 -0.0027800996432856416 0.9999947941763535 0.001637885263549874 -0.14058816749611736 2.971985755556225e-05 -0.0016378089448864264 0.9999986583477958 13.238121000933212
0.9999859998549089 0.0052849621930484494 -0.00026318422959195793 0.03421788792356735 -0.005284685460968225 0.9999854917803849 0.00104323143570899 -0.16518031682801337 0.000268693874350274 -0.001041825970377995 0.9999994212006319 14.587105949111331
0.9999810877538168 0.0061217249302520545 0.0005904363531965455 0.03472817910167404 -0.006122844747292686 0.9999794258327988 0.0019127698270836983 -0.17871334762518715 -0.0005787148009961272 -0.0019163487758605772 0.9999979963454564 15.924724752186725
0.9999927172070954 0.0037976051056910634 0.000379113370352761 0.03537630378406417 -0.003799183542896347 0.9999837415438547 0.004252394276170688 -0.1886071521355833 -0.00036295832137675337 -0.0042538035672686015 0.9999908866649897 17.277293809840316
0.999999636899809 -9.371411442267585e-05 0.0008470054205788977 0.04929560427559626 8.795386246096842e-05 0.9999768879771416 0.006798218972896689 -0.2080700502391925 -0.0008476230046615581 -0.006798141908589257 0.9999765331226681 18.63566964569862
0.9999981981432733 -0.0018441412643300278 0.00045039208342426054 0.06622405289100168 0.0018415356735654658 0.9999819505656711 0.005719029125656434 -0.22655283092108577 -0.00046093069096616625 -0.0057181893245225835 0.9999835447891237 19.986953157451882
0.9999947678510972 -0.002958644992897664 0.0013079333853624822 0.07268910446777793 0.0029542626998477085 0.9999900579883488 0.0033400987663890565 -0.23139482038185655 -0.001317802659784895 -0.0033362172627869635 0.9999935665031108 21.34622384936383
0.9999995135615103 -0.0007747197742425779 0.0006104802709232327 0.06828122180132518 0.0007731842929242885 0.9999965471160496 0.0025115620587554863 -0.2574272456563108 -0.0006124239713628538 -0.0025110887867601708 0.9999966596783662 22.711023642679642
0.9999981033120867 0.0014873186009901527 0.0012574799189805355 0.06805915845061594 -0.001492209540729195 0.9999912917124485 0.0038974110870779086 -0.258721668766741 -0.0012516723807703368 -0.0038992800622532544 0.9999916144287825 24.065224508872458
0.9999935566441801 0.0016646673243585891 0.0031804957065874103 0.07955827006107113 -0.001689832332009149 0.999967160925495 0.007926004299304738 -0.2721910018373334 -0.003167197366329657 -0.007931327619170744 0.9999635307830308 25.43104909990667
0.9999952559094901 0.00016437680499030351 0.0030758964836962235 0.08809530409316195 -0.0001952409399447641 0.9999496132248897 0.01003657815254051 -0.27356374616494505 -0.0030740919759298536 -0.010037130933692484 0.9999449014581261 26.81269820593726
0.9999884081629137 -0.0032741672329155975 0.0035303495578437568 0.09783799685257741 0.0032372245634510323 0.9999404720815824 0.010419821517445964 -0.28833996282853913 -0.0035642559413346492 -0.01040827204688876 0.9999394801402971 28.218710129840122
0.9999822715925948 -0.004739053338775015 0.0036052561715795477 0.11567760435680834 0.004714454009593401 0.9999657562868473 0.0068014840140587195 -0.29216195862699984 -0.00363736561605867 -0.006784366520985954 0.9999703705292772 29.60381674081835
0.9999851535260028 -0.003392046269993665 0.004264592439292628 0.12164124450418246 0.003369271985911298 0.9999800858271145 0.005336287176635709 -0.31045188532368795 -0.00428260880634367 -0.005321839302015851 0.9999766683697733 30.967526639583888
0.9999903763051553 -0.0018690415930635537 0.0039691284271531225 0.11375172536450218 0.0018533267794482275 0.999990444513583 0.003959301046107835 -0.3167655638613626 -0.003976490932224725 -0.003951906793400767 0.9999842848511618 32.34437135063597
0.9999901811853686 -0.00011562480926243711 0.004429916910220293 0.12560122327266982 0.00010726223886669231 0.9999982120826167 0.0018879427390006882 -0.33500950752692804 -0.004430127653970677 -0.0018874490114787253 0.9999884056846466 33.714971185490576
0.9999889242454344 2.8876250548715556e-05 0.00470643735667255 0.13734214102733155 -3.831587682970629e-05 0.9999979880371918 0.0020056058823790367 -0.3473404234095838 -0.0047063703672573735 -0.002005763971013047 0.9999869134080676 35.127372270611
0.9999909706158717 -0.00010160040992180932 0.00424833664150507 0.1371760127965506 8.608000758506847e-05 0.9999933229188774 0.00365331502915218 -0.3677410968660106 -0.004248679809174481 -0.0036529162921943316 0.9999843023365405 36.51255701209675
0.9999893420988214 0.0015697773003227964 0.004341830012989644 0.16584656632932077 -0.0015965288119566968 0.9999797234505531 0.006164721300860261 -0.3920771319652334 -0.004332065098333579 -0.006171587365505997 0.9999715719540716 37.91992196790871
0.9999852689550064 0.003886152454104148 0.003789418277094817 0.15701957396140134 -0.003908907620748815 0.999974263640283 0.00601602066239713 -0.3942962748956233 -0.0037659418917966917 -0.006030744439517878 0.9999747235795801 39.30514807790687
0.999969291758358 0.006164609712200968 0.004838710942402316 0.1445366100784543 -0.006193352878919004 0.9999631323963849 0.005947792586686892 -0.40366328098878007 -0.004801867130712265 -0.005977577699399744 0.9999706048840536 40.74308710697401
0.9999529285052831 0.008739630233484516 0.004214217573153268 0.17061234033718667 -0.008766695204920216 0.9999407890708504 0.006446969854055822 -0.4155319133676503 -0.004157624257818571 -0.006483611054322207 0.9999703380314907 42.128632063427226
0.9999464305085681 0.009624532990261302 0.0038084733259178185 0.17384150158997255 -0.009648690275414932 0.9999331219535191 0.00637608112697764 -0.42307954102875056 -0.0037468521298419013 -0.0064124862520795484 0.9999724201765376 43.53417927498426
0.9999498841731773 0.009360595276604674 0.0035508294590520686 0.18731499816334188 -0.009386706737039287 0.9999284928129598 0.007409386760604988 -0.4422144182715725 -0.003481219566695998 -0.00744234592188204 0.9999662457258466 44.94200950270618
0.9999691773005143 0.00740743708266132 0.002602752362251698 0.19616960430015837 -0.007425684239743115 0.9999474206486394 0.007072139908950384 -0.4469660988439592 -0.002550229290724398 -0.007091249042430126 0.9999716048525258 46.331710868750115
0.9999636389337277 0.008303850538566103 0.0019408426827117005 0.20163325291027806 -0.008318888349814195 0.999934408208394 0.007872445037107954 -0.46669803706415586 -0.0018753439264795882 -0.007888304327548416 0.999967128326234 47.77464200459611
0.9999721893438883 0.007411291439421044 0.0008326420948510122 0.20255960308772952 -0.0074179562157838785 0.9999379751583807 0.008307814036787164 -0.4669904015221074 -0.0007710188812217519 -0.008313759374652592 0.9999651428563631 49.17289401282548
0.9999697070345975 0.00777892094301984 -0.000270917034539268 0.20155262630554263 -0.007776279107200866 0.9999321336061059 0.008675118351097374 -0.4792020183407887 0.0003383817393251753 -0.008672748705455018 0.9999623337508954 50.62724931682117
0.9999684814903204 0.007936968224771662 -0.00020138287981317365 0.19776307473291885 -0.007934779133586124 0.9999261477546544 0.009205342503942887 -0.4849025034757303 0.0002744305440112232 -0.009203454304830742 0.9999576096560476 52.02790786899871
0.999955777105887 0.008779289479856563 -0.003371631493759678 0.21624819845088378 -0.008742234579272756 0.9999028960569478 0.010852272040367912 -0.49350424194043724 0.0034665796262547096 -0.010822316373013343 0.9999354280586972 53.477974857729016
0.9999677878766751 0.007440706997982799 -0.0030098307280177214 0.20670613903890275 -0.007404934984115167 0.9999038201652104 0.01172678014803293 -0.5019838727205562 0.003096797040106871 -0.011704114634619126 0.9999267090844005 54.909582129120494
0.9999798855490497 0.005014590550333163 -0.0038836031804355955 0.21362831363193072 -0.00496857877653525 0.9999184079275037 0.011768208253587546 -0.5078538085820989 0.003942299387041519 -0.011748675385020422 0.9999232104990198 56.34738673985507
0.9999880899146053 0.001936009686204046 -0.004480166474388315 0.21591864295424631 -0.0018852463001529144 0.9999342926764477 0.011307350986168755 -0.5085232913537486 0.004501763613360338 -0.011298769934125766 0.9999260332223862 57.76953743357469
0.999989231161027 0.001426636213548843 -0.0044161371739840135 0.21308104824654994 -0.0013740903212666785 0.9999284993423276 0.011878892604648769 -0.5193378254964396 0.004432768647361605 -0.011872696339750985 0.9999196915935663 59.2062284785056
0.9999932739296142 0.0008173120346374822 -0.00357548514785694 0.2112045873333292 -0.0007717058679912593 0.9999185693620692 0.01273809744370742 -0.5245699273807857 0.0035856052947163958 -0.012735252359218125 0.9999124745561611 60.60583376061506
0.9999936133919292 -0.0010389085655083305 -0.0034196259936494994 0.22242895011480537 0.0010859526004589096 0.9999044057332638 0.013784052919680155 -0.536066363271747 0.003404979011127198 -0.013787678238194476 0.9998991479326347 62.039514356045125
0.9999920050934281 -0.002860817535146098 -0.0027938270744743404 0.21314563526081806 0.002898405576875631 0.9999040779447249 0.01354378705555838 -0.5409514479239393 0.0027548130110032175 -0.01355177622139797 0.999904375605922 63.46646391542605
0.9999923709867654 -0.003076760382448688 -0.0024065559364516787 0.21472347750858656 0.003106995828380842 0.9999150005196797 0.012662477048111789 -0.546831119283248 0.002367392169868438 -0.012669857421070376 0.999916931628444 64.8897626512717
0.9999936313327317 -0.0030826972668643745 -0.0017984075295039911 0.21596955939460227 0.0031058493842931745 0.9999104649534757 0.013015982054872421 -0.5606808339710188 0.0017581223228160022 -0.01302148455414559 0.9999136712412094 66.35690060331072
0.9999983328750883 -0.0014496693791745828 -0.001110272487716414 0.2192156598058677 0.0014636772975070995 0.9999180087773414 0.012721375050973184 -0.5651136894024418 0.0010917397581437392 -0.012722978738940863 0.9999184636286026 67.75231975917987
0.9999994751451041 0.0009741578626382248 -0.00031737320119839315 0.21063843795171738 -0.0009696318962887035 0.999902056782701 0.013961972232109083 -0.5693754891225004 0.0003309433097241172 -0.013961656966905827 0.9999024765438828 69.1941553242811
0.999991915250924 0.00400331625723845 0.0003780083219063436 0.20470249316874395 -0.004008676505895189 0.9998727417630094 0.015441204876949235 -0.5660965993533419 -0.0003161442157759908 -0.015442595128883279 0.9998807060314265 70.58667242179479
0.9999739236428122 0.007163896362735361 0.0009113827649389981 0.20898939685064127 -0.0071776554268327755 0.9998444002627844 0.01611386192187506 -0.5770181701860717 -0.000795802981301566 -0.01611998309042287 0.999869747930813 72.0058033550363
0.9999203863698809 0.012507367749406329 0.0016693288893309807 0.20522426195837823 -0.012533034191931126 0.9997874623971162 0.01636927360730986 -0.5771997332453087 -0.0014642376875214332 -0.016388891911104955 0.9998646209432139 73.39229388432949
0.9998571185592412 0.016799330176878076 0.0018774836185933372 0.1955001953813535 -0.0168266790855466 0.9997359689759681 0.015647851261425493 -0.5859235993004086 -0.0016141146139216165 -0.015677207064390332 0.9998758021861963 74.88310924666635
0.9998391449956276 0.017671631375626634 0.0030655421520189253 0.19912545074473875 -0.017717118417954238 0.999722796662701 0.01550592122995249 -0.5806783244912815 -0.0027906776767527303 -0.015557739376301744 0.9998750766213433 76.33245991736166
0.9998396638737238 0.017606978087082423 0.0032620296546761445 0.20864452214384072 -0.017656950521614874 0.9997163643350514 0.01598195934943401 -0.5801405876361966 -0.0029797106618903533 -0.016036994131295237 0.9998669592140713 77.67947967043585
0.9998584456274272 0.016520915073418907 0.0031855998242785884 0.22025118803763244 -0.01657044507030031 0.9997313838110568 0.01620433940889404 -0.5881961398651319 -0.0029170338437614135 -0.01625483218844212 0.9998636263652182 79.05647469872945
0.9998739103989361 0.01554542097999813 0.003240858953531062 0.2233345402341016 -0.015595242954519008 0.9997509986135743 0.015960238321051756 -0.5936490233044864 -0.0029919435965037842 -0.016008767654852568 0.9998673750133623 80.4520236127214
0.9998779535128025 0.01532617227004176 0.0030309239436555205 0.23848116839125644 -0.0153717417223343 0.9997596675921128 0.015630631797248936 -0.6021454351348396 -0.002790637986999604 -0.015675314489497143 0.9998732403860385 81.8341638885639
0.9998783440900308 0.015385797364994375 0.0025640273841102375 0.24609507576765643 -0.015424616615969102 0.9997549563296825 0.01587792602275385 -0.5991907107192844 -0.0023191047217657 -0.015915543291049536 0.9998706502440882 83.2252187434707
0.9998888669254756 0.014787304837790973 0.0018945693666005342 0.2479837788423292 -0.01481543007308558 0.9997652884093851 0.015807313492776653 -0.6044698810492786 -0.0016603772596774204 -0.01583362541091267 0.9998732616878652 84.6096841685277
0.9998908022770427 0.014730509781377008 0.001181347696030472 0.2532595866945161 -0.014747727675330738 0.999759943836909 0.016203680579243426 -0.5997963315815372 -0.0009423757046126222 -0.016219333136249667 0.9998680138623006 85.97866555855124
0.9999035203663708 0.013890204419189386 0.00011027787534709319 0.25698982573323553 -0.013890039085936456 0.9997544377606116 0.01726647119984064 -0.604947548208077 0.00012958403511796352 -0.017266336853620175 0.9998509172886807 87.37978893724848
0.9999212819901484 0.012482365613847987 -0.0012729320102585163 0.26078809350351156 -0.012456759751376343 0.9997520756659763 0.018455795061934985 -0.607999023788956 0.001502988531415411 -0.018438485385600382 0.9998288669891549 88.75551480982607
0.9999487443291651 0.009925900178979187 -0.001996298913848736 0.2653635244700872 -0.00988650741133053 0.9997732563602582 0.018859821478266262 -0.6103179764738293 0.002183047157501946 -0.018839118110524713 0.9998201447843279 90.14470839253754
0.999953641659467 0.009066699656710512 -0.0032418326703899016 0.2681863395401673 -0.009002602990824525 0.999773819797813 0.01926817099110545 -0.6091581054452009 0.003415798440602415 -0.01923809254130582 0.9998090958275809 91.52366357531528
0.9999647009054367 0.007493978168574759 -0.003799634993263439 0.2657096752432634 -0.0074204995168001015 0.9997919989926941 0.018997235622369532 -0.6056363038662922 0.003941209867080643 -0.018968369574254886 0.9998123162896762 92.88717973675408
0.999971236589183 0.006436025770859514 -0.0040129240683362015 0.2621927096182604 -0.006358967418750656 0.9998006177571889 0.018928504652304497 -0.6039311638684086 0.004133948654747878 -0.018902441878030623 0.9998127865475144 94.24318246043529
0.999973962371293 0.006089362127111772 -0.0038722399096294564 0.26141509443883837 -0.006016805001430528 0.9998111015889829 0.018481320804694595 -0.5995649437774213 0.003984048240421728 -0.01845754081633318 0.9998217073715534 95.60007035308523
0.9999727937737155 0.006299046313335179 -0.0038384529811487387 0.2585418350002064 -0.00622804487337126 0.999814295071257 0.01823696383327029 -0.6004182602343885 0.00395261597454712 -0.018212561354345447 0.9998263246288731 96.95502780816628
0.9999855666395124 0.0035381469760372357 -0.004043269029885529 0.1545605732283768 -0.0034660001893246487 0.9998370947035797 0.017713579981708038 -0.5505801480158055 0.004105283954424712 -0.017699310088353116 0.9998349269013637 100.93454953465002
0.9999101583031278 0.0014626306766730942 -0.013324264086729976 0.12560983108877877 -0.001127454439163031 0.9996836009808965 0.025128207329401245 -0.44709929079781335 0.013356802708504673 -0.02511092690456684 0.999595436746502 110.0443273412625
0.9979073752754964 0.03225451883125905 -0.056040306900450934 -1.750176321328406 -0.030655080214306588 0.9991042850774529 0.029170082654908027 -0.34731947826055054 0.05693098252050967 -0.02739112012543873 0.9980022996118756 124.33724635300857
0.9936512471406569 0.052581357051002385 -0.0994605389301626 -3.4609999057526855 -0.05112990753287277 0.9985458056778168 0.01708820622146248 -0.21832511266094734 0.10021443346326032 -0.01189430910397429 0.9948947650911846 152.7598720034872
0.9949076396679807 0.06036172512923373 -0.08071709689679946 -2.1264036539735414 -0.06123678423199366 0.9980878566563051 -0.00840755706391119 -2.218316775953895 0.08005526631554649 0.013307597995356643 0.996701591623776 198.29196092201948
0.9963032522365175 0.05471706683257473 -0.06622591253063485 5.758159655921623 -0.05855290558423642 0.9966306675186981 -0.05743579157488309 4.6896799357874075 0.06286006265161753 0.061101184648737504 0.9961502186430833 279.9326371359238
