1.0 -3.469446951953614e-18 0.0 -1.7787691892340307e-19 0.0 0.9999999999999999 -3.5405977195229754e-19 0.0 2.168404344971009e-19 -2.354751593366955e-19 1.0 0.0
0.999999895131834 -0.0003427662687785771 -0.0003037230372099069 -0.0045591028670507894 0.00034310945166141603 0.9999993021069744 0.001130513485146734 -0.026085660262448823 0.00030333534993165164 -0.0011306175991050683 0.9999993148458458 1.314898541844771
0.999999311995921 -0.0011281557475079987 -0.0003213620181502922 -0.013197015583857597 0.0011286844709663194 0.999998002405138 0.0016496227055010943 -0.04134143297359332 0.0003195003732814458 -0.0016499843187902541 0.99999858773502 2.617575824296939
0.9999960389851328 -0.0027312259333877025 -0.0006800160487425559 -0.02142065819145449 0.0027316378667641174 0.9999960858624579 0.0006053183291948184 -0.07650136449443311 0.0006783601839557415 -0.000607173499537022 0.999999585584399 3.943813590337425
0.9999956445750628 -0.0028863993312927983 -0.0006160624864081146 -0.02327088419091538 0.0028870352853702964 0.999995298334974 0.0010336009348094373 -0.09671820026073498 0.0006130762576917891 -0.0010353750458705494 0.9999992760683126 5.247572124149714
0.9999946974844989 -0.0031895487394230353 -0.0006571036550221717 -0.026204217747517203 0.003190701508778768 0.9999933600343175 0.0017604846872823787 -0.1105593838142152 0.0006514841968695102 -0.0017625720067366776 0.9999982344532399 6.580404340966609
0.9999878576152851 -0.004914200070572149 -0.0003677846062392679 -0.027365856514342313 0.0049152382645512045 0.9999837833468422 0.002876363880770978 -0.13701433035074623 0.0003536436469838719 -0.002878136757077053 0.9999957956242038 7.906358439129267
0.9999897246217273 -0.004532684119274096 -7.369917698568911e-05 -0.03445904244076606 0.004532942048261792 0.9999817915331776 0.0039835953125574005 -0.1603680345850398 5.56414640778258e-05 -0.003983888528803576 0.9999920627370771 9.219522707522955
0.9999915794381733 -0.004058928353949201 -0.0006051098621997122 -0.04079650674806733 0.004060363857125118 0.9999889010630063 0.0023898096551366634 -0.17660568218193773 0.0005954031324951036 -0.0023922465423385306 0.9999969613218685 10.569641374028762
0.9999992116450895 -0.0009573027572231801 -0.0008125766604220922 -0.05025387356744551 0.0009569142627137428 0.9999994277080434 -0.0004784320647947082 -0.1956737970177187 0.0008130342681099 0.00047765413091021983 0.9999995554114263 11.889983006060726
0.99999611406278 0.002681562510472837 -0.0007622832776721497 -0.05443143744390841 -0.002682565538393674 0.9999955338429504 -0.0013176271346291026 -0.21865327846983243 0.000758746636535511 0.0013196669126033934 0.999998841391252 13.227922213673983
0.9999884387395779 0.004793156391989456 -0.0003847454906714769 -0.0773996807739464 -0.004793528463703333 0.9999880393466286 -0.0009712146844769568 -0.24133087639450068 0.00038008573600427516 0.0009730477596705146 0.9999994543565368 14.566716444863582
0.9999833604718954 0.005768767255621237 -9.59824142382948e-06 -0.09224407840870436 -0.00576876937796101 0.9999833418211913 -0.0001933689687250909 -0.2657517391142142 8.482581142112275e-06 0.00019342112058550286 0.9999999812581515 15.910807489595598
0.9999928350929105 0.0037776389636891214 0.00024331049678260122 -0.08976452842729529 -0.0037782167373383952 0.9999899376669314 0.0024186049263796245 -0.2898560137098916 -0.00023417145037613616 -0.0024195069274810374 0.9999970455706592 17.260752740239962
0.9999997982736667 -0.00024338061830274718 0.0005867024474556898 -0.08396305684649952 0.00024046496014859704 0.9999876475822546 0.004964560198974192 -0.31198115862585235 -0.0005879035236287279 -0.0049644182132930524 0.9999875043826952 18.608346218921945
0.9999962385657066 -0.002707285474392338 0.00043984586704795287 -0.09009586447868967 0.0027061687876414 0.9999931624110636 0.002520273244721093 -0.3327541029228002 -0.0004466659942234574 -0.0025190735149361156 0.9999967273736012 19.953661471478
0.9999920973645392 -0.003964812505249025 0.0002923630320575091 -0.08782180318787125 0.003964683574733719 0.999992043306355 0.00044113789024859487 -0.345259778329691 -0.0002941097590611031 -0.00043997528258303656 0.9999998599604004 21.29648252972791
0.9999985596131031 -0.0016018342625347352 0.0005611612848984459 -0.09753266477291428 0.0016022659404003325 0.9999984203269536 -0.0007694706637577383 -0.39618604894638576 -0.0005599278818101774 0.0007703687019017613 0.9999995465058511 22.670658160977855
0.9999977554124374 0.001265702857576747 0.0016991664299177704 -0.10977348472582028 -0.001267167162354742 0.9999988265433761 0.0008609304772396407 -0.4014936645783282 -0.0016980748967383268 -0.0008630816893073612 0.9999981858130618 24.022565531615143
0.9999960041123491 0.0017587730002950686 0.0022132502750045304 -0.12381749382739844 -0.0017719565157309257 0.9999806167006938 0.0059687850161407145 -0.4259962464547599 -0.002202709818399565 -0.005972683066065431 0.9999797373571998 25.416253001118275
0.9999962494901203 -0.0009197623941725776 0.0025797379054817784 -0.10501372051548541 0.0009027854013277051 0.9999779809778856 0.006574384744073269 -0.433696091580181 -0.002585728187150232 -0.006572031263781717 0.9999750608955841 26.782579074934084
0.9999855532997327 -0.0048218170543178115 0.0023755592236710203 -0.11869693506035048 0.004808243474867449 0.9999722694049168 0.005686933108104759 -0.45842719808013654 -0.0024029148971734353 -0.0056754287897644315 0.9999810075727626 28.1563653554646
0.9999839472041231 -0.005132198898327207 0.0024012243473795014 -0.10710569494907321 0.005124572354481532 0.9999818394034905 0.0031716894796009775 -0.4721198361125343 -0.002417458682337427 -0.0031593333735831504 0.9999920872204724 29.51641020383613
0.9999834278389776 -0.004864705870520342 0.003078748853082987 -0.12006950540601924 0.004861845755333159 0.9999877432026698 0.0009358919620830997 -0.5160741106563925 -0.00308326421607845 -0.0009209080622054449 0.9999948226897645 30.900495978091545
0.9999917516599914 -0.0021604899889373867 0.003439317151868547 -0.12821066907541587 0.0021592633729783546 0.9999976038569824 0.0003603591506120692 -0.5198324554631258 -0.0034400877533903246 -0.00035292978919558045 0.9999940205984201 32.282221247411876
0.9999904743824235 -0.0007959594964218834 0.004291573040874911 -0.13158241652460756 0.0008012747337534688 0.9999989139679725 -0.0012369399941552775 -0.5616881231005699 -0.004290584189498648 0.00124036696913226 0.999990026136237 33.659826080003036
0.9999893346825881 -0.0007150892332691873 0.0045628033950391765 -0.14688539836158257 0.000721048563551166 0.9999988891226679 -0.0013045464347526815 -0.5731004743646851 -0.00456186584574478 0.0013078225542217069 0.9999887394240059 35.05293405316473
0.9999915897189466 -0.0005414491012842859 0.004065381892920046 -0.14106930830068826 0.0005397424215704601 0.9999997657593357 0.0004209019747747516 -0.6101080822326554 -0.004065609180837632 -0.00041870418033237034 0.9999916477171332 36.446780319182054
0.9999923816925953 0.00041712529378151557 0.003881052336558888 -0.14561308898993877 -0.00042533530340850556 0.9999976733180199 0.0021148164825735504 -0.6262410044565228 -0.0038801614893506486 -0.0021164511587004053 0.9999902324407978 37.84928437463374
0.9999912107013871 0.002755058195912781 0.0031604071461753033 -0.13709358499243002 -0.0027606760177728406 0.9999946148553963 0.0017745232626722096 -0.6381612019813186 -0.0031555014774659954 -0.001783232560760462 0.9999934314226088 39.24996532070755
0.9999762699734541 0.005751149831738387 0.003792592606128925 -0.1580327031280716 -0.005758063975312011 0.9999817758486212 0.0018145746298252905 -0.6709101426350721 -0.0037820879172700897 -0.0018363695982997826 0.9999911617376451 40.64721984968361
0.9999594001035107 0.00820435735046456 0.003726479827836735 -0.1577082504085624 -0.008214188105943362 0.9999628035337753 0.0026303383523604497 -0.7015007041341589 -0.003704761291608757 -0.002660841622887042 0.9999895972766918 42.064934982243194
0.9999577741931939 0.008463391781407762 0.0035806167244947862 -0.16395140316113424 -0.008472591614358064 0.9999608252481473 0.002561870080952641 -0.7082918924634429 -0.0035587946437196797 -0.0025920990618306912 0.9999903079526451 43.45596168919626
0.9999632505082573 0.007961274214626042 0.0031805239800608877 -0.1627401195210466 -0.007969349047309343 0.9999650332536599 0.0025341196407596953 -0.7385531809739934 -0.0031602382116321425 -0.002559373272870994 0.9999917312154949 44.87590318274147
0.999968088623294 0.007565845849851528 0.002565092395781339 -0.16366451337602644 -0.007571191657913562 0.9999691736062752 0.002080603207669162 -0.7642443576646655 -0.0025492720143054886 -0.0020999576640142455 0.9999945456786322 46.27506895876171
0.9999735267269189 0.007109967844690184 0.001547316998554922 -0.17266386122603078 -0.007114315665168774 0.9999707096293661 0.0028224829931854235 -0.7910018703122936 -0.0015272040409623248 -0.0028334164344320702 0.9999948196853414 47.7055164324451
0.9999713512880433 0.007546777687797668 0.0005854353847517583 -0.18065913155075194 -0.007549026019588687 0.9999637537256568 0.003937442843347804 -0.817609724131162 -0.0005556992033504842 -0.0039417495906522056 0.999992076872897 49.10881070575008
0.9999681631316273 0.00796933666109235 -0.00040296231351878535 -0.19513795708604667 -0.007967638020967888 0.9999600330918025 0.004055734158795653 -0.8410103774564053 0.00043526775884145065 -0.004052394465399774 0.9999916942868233 50.53688143368403
0.9999674450801045 0.007955876284129753 -0.0013464001104180584 -0.20302776611901663 -0.007950668401652575 0.9999610562898598 0.003830508036353536 -0.8562681985556064 0.001376822843587471 -0.0038196786361553536 0.9999917571745552 51.97365579092907
0.9999612049459389 0.008470554895045312 -0.002416253341619119 -0.22196400586107867 -0.0084579292325092 0.9999507689857552 0.005188743103649141 -0.8772494424253657 0.0024600861318606468 -0.0051681054166593495 0.9999836191999095 53.39035416937248
0.9999759484299113 0.00605995822421632 -0.003373343986871443 -0.2249856254149005 -0.006039192425729144 0.9999629597241724 0.006132482782949743 -0.8853201015666465 0.00341038191952512 -0.00611196314153546 0.9999755063047894 54.83556909041167
0.9999809327231395 0.004898771262718659 -0.003759815660177762 -0.23178479991958123 -0.004875175887885882 0.9999685253545089 0.006259470281126669 -0.9114931696797965 0.0037903613595052597 -0.006241021297267856 0.9999733410559495 56.234436869979405
0.9999864786702644 0.0030617718228195204 -0.004203333966240229 -0.24637208801525437 -0.0030365423078685533 0.9999774156897135 0.005995625515936373 -0.9379271589932002 0.0042215966355185815 -0.005982780969381706 0.9999731918722842 57.66470577414427
0.9999891095074348 0.0012341480085492481 -0.004500859307977768 -0.2453715493311334 -0.0012063340712026409 0.9999801932901466 0.006177198877251788 -0.9518377003515801 0.004508394124378336 -0.006171702190835281 0.9999707918158096 59.11945110965135
0.9999925796475637 0.0005253858450283101 -0.0038163610387073783 -0.27107854581483454 -0.0004989701407153895 0.9999759364266511 0.006919363799186588 -0.9743144259387921 0.0038199048676100236 -0.006917408344713737 0.999968778411405 60.509807254491406
0.9999948711010943 -0.0005772182809860929 -0.003150331064628244 -0.29232422936775704 0.0006027802717568989 0.999966857548015 0.008119141466054365 -0.9978726236178899 0.0031455404104995576 -0.00812099894339306 0.999962076760803 61.959615643040785
0.9999908372459384 -0.0030875909600997196 -0.0029651653162407715 -0.285026662724464 0.0031092533092923307 0.9999683091305986 0.007328933885772094 -1.010566318814727 0.002942442852385601 -0.00733808632728691 0.9999687467748372 63.364699911864186
0.9999902764949307 -0.0037599982381248103 -0.00230419835662638 -0.29817570887875977 0.003775537246668282 0.9999699094118993 0.006776841613505144 -1.0409616051762036 0.002278648307744489 -0.006785475438285496 0.9999743822172363 64.78082296015401
0.9999889578803989 -0.004371279207096587 -0.0017251198072424372 -0.3146418856410026 0.0043823639434178475 0.9999694360009548 0.006474715642773411 -1.0505552116829902 0.0016967644397735482 -0.006482204376826592 0.9999775507587239 66.22929037480023
0.9999953329054793 -0.0028881568994380737 -0.0009963531169344597 -0.32346407400481814 0.0028943810564791422 0.9999759476560094 0.006302909010249601 -1.070364291138719 0.0009781254501363204 -0.006305763542433898 0.9999796401027249 67.60425790244602
0.9999998916480939 0.0001296193973160855 -0.00044710367758941136 -0.33806149945728337 -0.00012613698469382366 0.9999697267282743 0.0077800844726846185 -1.0944102160946019 0.00044809863632595966 -0.007780027387193135 0.999969634731185 69.06049900198789
0.9999944118537514 0.003293864311729874 0.0005715889687955362 -0.3582139620802632 -0.0032988356344111043 0.9999547240309871 0.008925669432736325 -1.1115573626229078 -0.0005421631843498338 -0.00892750531088737 0.9999600020550669 70.4413572269621
0.9999768131683416 0.0067035318679201815 0.0011982379036668586 -0.36629548945321644 -0.00671481627337165 0.9999306485507071 0.0096751920898108 -1.1259784512082263 -0.0011332969339946306 -0.00968301389519552 0.9999524763114876 71.87205594435012
0.9999295374662597 0.01175112689838443 0.0016825853298784586 -0.3783785768434329 -0.01176721325357984 0.9998818278133956 0.009892579313084663 -1.15535859890585 -0.0015661376652954264 -0.009911681800357447 0.999949651621401 73.24833392889639
0.9998849810037629 0.014976736433869618 0.0023920897061686327 -0.3849670801005318 -0.01499800178291021 0.9998458057656096 0.009133710709887178 -1.1644211455947993 -0.0022549278658202574 -0.009168536915674574 0.9999554256220547 74.66036669526446
0.9998600869279346 0.016330972900017216 0.0036202007088406533 -0.407532077978614 -0.016364669931873983 0.999821126605051 0.0094822156123492 -1.1800859384288285 -0.003464699631121314 -0.009540132513844942 0.9999484895367473 76.0747807513819
0.9998538924916361 0.016680411285658107 0.0037359748425687973 -0.3989937415210479 -0.016715638061482734 0.9998141499077383 0.00960484931728119 -1.1929573439415604 -0.0035750679696646944 -0.00966589538033598 0.9999468932669404 77.45420208303226
0.9998578191185102 0.01641453135948199 0.0038606564593816894 -0.40088936403859027 -0.016453002870667158 0.9998130848584224 0.010153525647613047 -1.227707390786576 -0.0036932697839265104 -0.010215601613111101 0.9999409988798632 78.85691137778895
0.9998836924935649 0.014712965930912295 0.004016227802081386 -0.41594925868480565 -0.014748525207390546 0.999850976685124 0.008972483552696016 -1.2360962526754404 -0.0038836177674667696 -0.009030673608587133 0.9999516810552947 80.25412004541425
0.9998886146840869 0.014434174408185691 0.003796419614513273 -0.419557485889414 -0.014467052918880124 0.9998567963077195 0.008780164651599786 -1.2497535790420458 -0.003669141829103292 -0.008834109855840442 0.9999542469030726 81.64090353420059
0.9998971726783982 0.013871113248757205 0.003638166624799678 -0.42758991296229726 -0.013904683400736247 0.9998594220173155 0.009369952757851624 -1.2673382885653868 -0.0035076837924965633 -0.009419577019210808 0.999949482584909 83.0134867999099
0.9999037608498905 0.013505738407110956 0.003172386881554244 -0.4367388750456904 -0.013532986578805327 0.999870310115083 0.008730478546581873 -1.2799403370026339 -0.003054064147473264 -0.008772570382602105 0.9999568564192336 84.38568773721366
0.9999067751424615 0.01340477159475383 0.0025986713222069437 -0.4444158344990703 -0.01342749444975267 0.9998699447284921 0.008932863595407941 -1.28979460288094 -0.002478590558151663 -0.00896692466021392 0.9999567244888486 85.77652903604319
0.9999119866214567 0.013207865379218503 0.0012535038261703103 -0.44991971918948137 -0.013220450670762435 0.9998561323885624 0.010627052178746953 -1.3187719836126863 -0.0011129628992772728 -0.010642688960455834 0.9999427456046306 87.1671867210895
0.9999342553019476 0.011464464647569384 0.0002260470120967579 -0.4555757584260619 -0.011466267471449732 0.9998727469968913 0.011091192281477442 -1.329388351771495 -9.886366522425158e-05 -0.011093055237232863 0.9999384652843648 88.54905071639655
0.9999582611966332 0.009067963704099066 -0.0011170841358599337 -0.4551253932620378 -0.009053765962331078 0.9998855666223664 0.0121195295912504 -1.3494184518104122 0.0012268558714899204 -0.012108910164867186 0.9999259318198749 89.91651350092064
0.9999706309833595 0.007454088012735935 -0.0017814948538947873 -0.46935182006388076 -0.007431793154971038 0.9998978369015592 0.012210004956218936 -1.3612317288359832 0.0018723274700540265 -0.012196406906738221 0.9999238681300642 91.29575781496526
0.9999795087214742 0.005958651893642224 -0.0023402112568564593 -0.47433297821270093 -0.005931171676860287 0.9999153677874172 0.011579225911667488 -1.374302532208136 0.0024090099885587996 -0.011565108678266904 0.999930220035657 92.6631058393082
0.9999846735704382 0.004871879012918253 -0.0026300960117017175 -0.48513378791778083 -0.004841508705498283 0.9999229227243254 0.011432777837864333 -1.3891692730145946 0.0026855926373531187 -0.01141986921246033 0.9999311847263496 94.01432301683826
0.9999842426970461 0.004882575693359958 -0.00277034254813432 -0.505614857193748 -0.004851726379950497 0.9999273398559483 0.011035205715753699 -1.400370414015259 0.002824021729100803 -0.01102159110991988 0.9999352726249888 95.36889505508059
0.9999842342837881 0.004967020315642997 -0.0026191370294783873 -0.5355824709071942 -0.004938701678410463 0.9999304485549024 0.010710148661544957 -1.4166239929123194 0.002672152624853558 -0.010697044888749627 0.9999392145722856 96.73423031802415
0.9999811066106695 0.005464361814706936 -0.0028155205294882087 -0.5391431233620728 -0.005436895090619141 0.9999384386267245 0.009672597172117003 -1.4274631378739002 0.002868202022667245 -0.009657106931084673 0.9999492555680779 98.08224133925461
0.9999727088262782 0.006862820414889769 -0.0027355583614757668 -0.546945037223814 -0.006835051833371065 0.9999262936134174 0.01003441167552663 -1.4407163703784744 0.0028042213432989765 -0.010015440346398508 0.999945912190084 99.41791526572469
0.9999679091380335 0.007673279801046702 -0.0023024879869199743 -0.5615568751830632 -0.007646078528579472 0.9999034953766112 0.01159902705605794 -1.459332825251919 0.0023912685771650577 -0.011581050065403144 0.9999300781166511 100.77482292044034
0.9999623619025567 0.008397739522962482 -0.002180075042483714 -0.5829315321399081 -0.008368049807359498 0.9998766896879187 0.013288384922943252 -1.4769994903561225 0.002291398815847575 -0.013269642066713177 0.9999093289394556 102.08384801602664
0.9999673536620466 0.007848753738790404 -0.0019205871121221081 -0.5910648075024934 -0.007825031802794848 0.9998966303716067 0.012062232830270065 -1.4872416692917825 0.0020150622563021693 -0.012046810632397048 0.9999254041605533 103.44533168827579
0.9999628345327987 0.008344685904053545 -0.002166967578981502 -0.6033395570763619 -0.00832394507400361 0.9999210746743011 0.009410439707833559 -1.493498636312061 0.0022453239107616723 -0.009392052438672523 0.9999533728521699 104.77509421208896
0.9999678744587597 0.007748474252124107 -0.002052115298404031 -0.6169713935753816 -0.007731658948940374 0.9999374711432228 0.008079311083008809 -1.5073563266051249 0.0021145895006190268 -0.008063185441733501 0.9999652561753283 106.10400946622843
0.9999824647971606 0.00550229173558538 -0.0021897189725517594 -0.6196341334810166 -0.0054810516484803465 0.9999389868719315 0.009590652430329203 -1.5247693921512986 0.0022423561354516855 -0.009578482488335677 0.9999516110888457 107.44439348318241
0.9999956443321574 0.002646227721772498 -0.0013072064305786574 -0.6425591717352492 -0.002630428167151871 0.9999252082141618 0.011943987013487853 -1.540613799362709 0.0013387152944380183 -0.011940496715290582 0.9999278135876623 108.77104926563432
0.9999992502649223 0.001165897471217054 -0.0003743662766903216 -0.6608612462435843 -0.0011611087948075402 0.9999206131194223 0.012546684119805872 -1.5529687639008494 0.00038896474714885613 -0.012546240281631113 0.999921217179951 110.12652387998229
0.9999999429015768 0.00017082997895421885 -0.00029157027960002163 -0.65204025691518 -0.00016742523850991203 0.9999322667162568 0.011637609054619583 -1.5723096400938967 0.00029353861731072433 -0.011637559803648353 0.999932238224971 111.44637875892933
0.9999985122226484 0.0016526020189415371 0.0004944258551897894 -0.6699017204773792 -0.0016570266483697076 0.9999573448043716 0.009086409327901375 -1.5840696043602214 -0.0004793885802179213 -0.009087215266145829 0.999958595496548 112.77146058960209
0.9999874744741114 0.004708240194545993 0.0016980466468989187 -0.6802677768196649 -0.004719947963261513 0.9999646545490234 0.006957855348957134 -1.6024832160476554 -0.001665227509838119 -0.006965783029515558 0.9999743521129375 114.12096465846352
0.9999652955182045 0.007751810089481274 0.003052406739060396 -0.6878275395298254 -0.007772025080061588 0.9999475702603824 0.006667261148238095 -1.610893058610008 -0.0030005636085777827 -0.006690753281492548 0.999973114856833 115.43405161657394
0.9999544524135864 0.008411989418243905 0.004509048588958895 -0.6958520823623859 -0.008452594315359286 0.9999232052010946 0.0090629666850406 -1.6294590925403134 -0.004432465105375236 -0.009100667229458846 0.9999487642408175 116.77798758249746
0.9999474485058437 0.008577890743547272 0.005614267916926988 -0.6995076958163864 -0.00864100013708265 0.9998986494865771 0.011314764082754575 -1.638310559987766 -0.005516642555458866 -0.011362682590869522 0.9999202248666427 118.09877661147998
0.9999508316714636 0.0074182280575713555 0.006580586813145907 -0.697417422373465 -0.0074972954924964075 0.9998990114140791 0.012073008930934506 -1.6446657199091734 -0.0064903624545630725 -0.012121752164430616 0.9999054646903879 119.45605126521345
0.999941478332488 0.007741812372300834 0.00755673485602935 -0.6935337384128821 -0.00782819499149894 0.9999035826401693 0.011469298102318996 -1.6557287412965012 -0.0074672137238703164 -0.01152778272088 0.9999056710220505 120.7913143961971
0.9999144623946603 0.009707872629878024 0.008764992185437404 -0.6946442933280869 -0.009806494693690387 0.9998882935638902 0.011279763902805086 -1.67510007857909 -0.008654511290936848 -0.011364753132554199 0.9998979657032765 122.1097709965618
0.9998842830205855 0.01164993429381907 0.009782616136870238 -0.7043002926962846 -0.011758515034099914 0.9998690762199641 0.011116103957090218 -1.688308119158895 -0.009651834286392264 -0.011229846896438217 0.9998903603048245 123.4631706616466
0.9998567132576783 0.012860921777134406 0.011006798787261978 -0.7068235181545409 -0.012972388549960686 0.9998646801917697 0.010116247760337833 -1.7000124839030037 -0.010875205989784113 -0.010257582909882714 0.9998882496980093 124.79363005997922
0.9998344283919945 0.013673258324776744 0.012006572393911962 -0.6903274353651532 -0.013790917567294121 0.9998571491325738 0.009771998387790148 -1.7076987350664252 -0.011871243182351457 -0.00993596226909758 0.9998801679380998 126.13335261064971
0.9998249088321758 0.013635702549000196 0.012814806522426763 -0.6852888812202977 -0.013757663059055649 0.9998604410680078 0.00947761182177429 -1.7313618396889154 -0.012683785270957707 -0.009652254356316054 0.999872969718733 127.47588981299883
0.9998239619858397 0.012720665195904115 0.013792377958257426 -0.6834299191816111 -0.012864349266977868 0.9998633790211469 0.010379394889823586 -1.740748156065119 -0.013658461969259185 -0.010554997895694817 0.9998510081178582 128.8147332681146
0.9998214346254097 0.011936422495909683 0.014649937105624667 -0.6751082352251623 -0.012106703663313057 0.9998595380686985 0.011590163252861205 -1.7584840364933514 -0.014509535479195234 -0.011765456327464223 0.9998255084849565 130.17427938741253
0.9998303722331091 0.010763250691661288 0.014945874805859518 -0.6591394448605203 -0.010945216662448845 0.9998663174093338 0.012146998120127917 -1.7667774859289325 -0.014813136859241852 -0.012308523728701396 0.999814518408403 131.50254292601608
0.9998538743538361 0.008240945444302039 0.014977207481800762 -0.6495819343957411 -0.00842924578406652 0.999885677376552 0.012553087512753844 -1.7802343614655163 -0.014872047185893994 -0.012677499991823467 0.99980903336935 132.85383284124725
0.9998677183013603 0.006620232034245215 0.014856595071258258 -0.6394812070020193 -0.006820491120631783 0.9998860201627443 0.01346950602505116 -1.7857594980474538 -0.014765731700991666 -0.013569053791168531 0.9997989067545042 134.2040756144275
0.9998856808804281 0.005320112346416734 0.01415350024352608 -0.6173451962281407 -0.0055090882988592955 0.999895754337163 0.013346550495795133 -1.8047219605385345 -0.01408102083390268 -0.013422997869643747 0.9998107560837313 135.53156399132402
0.9999072508609274 0.003866937751186156 0.013058961156424818 -0.6172670877383941 -0.004038114529272982 0.9999059437655173 0.013107145220405767 -1.8064737121355094 -0.013007049453874068 -0.013158663376476922 0.9998288184694141 136.88673153865983
0.9999240377551553 0.0019892356335663884 0.012163949344033396 -0.6087522120222933 -0.0021670618143794507 0.9998907234196911 0.014623442136895943 -1.8233128573101112 -0.01213353165074902 -0.01464869161790394 0.9998190802556971 138.21082981889882
0.9999392840758089 0.0014206331271030643 0.010927486795798264 -0.5896469485503191 -0.001579226086665885 0.999893356883866 0.014518295391041729 -1.8327435963217071 -0.010905697193151154 -0.014534671150210987 0.9998348909207508 139.5657086390631
0.9999529324123556 9.714214629727436e-05 0.009701728200475171 -0.5931246344628661 -0.00024056702350056924 0.9998906911827327 0.014783362530545869 -1.842563763013876 -0.009699232436205976 -0.014785000912795427 0.9998436520963315 140.91268953209055
0.999966665033704 -0.0001532577982411628 0.008163659751307558 -0.5965236666852061 3.6869982200968265e-05 0.999898390745932 0.014255062900961568 -1.848263595152663 -0.008165015625968929 -0.014254286989113154 0.9998650648068136 142.24921199919572
0.9999761732368069 4.715111453199895e-05 0.006902951680966895 -0.5886288188373687 -0.0001418864049435968 0.9999058109284383 0.013724034918831491 -1.8551400973375505 -0.00690165496697315 -0.013724687619425531 0.9998819930908533 143.59752346441135
0.9999790700717067 -0.0012642901741082395 0.006345155407745601 -0.5963754565386501 0.00118929396066445 0.9999295599844917 0.011809345575842848 -1.8656742618241173 -0.006359639422283935 -0.011801552378540496 0.9999101351350395 144.95118424366126
0.9999622056543015 -0.007119093250220419 0.004990569919574147 -0.5997775574255688 0.0070653365807475076 0.9999177079942491 0.010707859107900128 -1.887139856443667 -0.005066389902078352 -0.01067219455593224 0.9999302155424301 146.27480495879198
0.999874292348602 -0.015338532996708855 0.004016082718343949 -0.588072129243741 0.015279768555275054 0.9997813427873862 0.014275688137652174 -1.8905421768315787 -0.004234173031653278 -0.01421252902493109 0.9998900318526479 147.63313022759255
0.9997526720357404 -0.022138820988738955 0.002113615327597324 -0.5639058747562671 0.022103767148449895 0.9996374575051603 0.015374557552957305 -1.9035294566087644 -0.0024532238229263573 -0.015324036416994929 0.9998795705504513 148.95698616345797
0.9996727615314885 -0.025560895146077095 0.0010052323343448482 -0.5648645059567747 0.025546082472042216 0.9995929373301027 0.012702649583390962 -1.9186104670878492 -0.0013295143359936686 -0.012672813268825214 0.9999188128035433 150.2916495630238
0.9996860145134883 -0.025005265074784348 0.0016152730735387998 -0.5664697353932162 0.024989598425046083 0.9996464350228275 0.009084322429878621 -1.928361934520723 -0.0018418580063342632 -0.009041105216600917 0.9999574320818954 151.65328797492936
0.9997657072964197 -0.02151651137948071 0.0023601398911734083 -0.5811290370627973 0.021499370137971034 0.9997439127253309 0.007063005421315421 -1.9373833035449362 -0.0025115069308292346 -0.007010609209256948 0.999972271460577 152.99078537836527
0.9997595579310101 -0.021668031202179555 0.003364930675370318 -0.5818180715402403 0.021643721976752437 0.9997405327313088 0.007100458191773188 -1.9589567692760346 -0.003517910825599776 -0.0070259214379476825 0.9999691298879743 154.32942129918405
0.9997014707796427 -0.024125608121981182 0.003863205918178885 -0.5849310706266069 0.024083701491577465 0.9996542759322958 0.010550067673451695 -1.9693998656862057 -0.0041163974508194 -0.010453878056080963 0.9999368838602969 155.68328419768312
0.9995358252221143 -0.030175245425939565 0.004193883172755955 -0.5764005320936888 0.030115246649647487 0.9994525304866301 0.01370077472140127 -1.9840257552495761 -0.004605011765128559 -0.013568115581773305 0.9998973447841052 157.02510822921505
0.999398308256478 -0.034411342834758024 0.004345218373437467 -0.5698797011425745 0.034343651306613134 0.9993005598142766 0.014795431215180403 -1.9811636394828596 -0.004851310204399225 -0.014637298519949235 0.9998811000723955 158.36166174030353
0.9993471161753347 -0.03587394082472356 0.004289725134717816 -0.5560346831168814 0.035804333418373094 0.9992412187845773 0.015330897213072079 -2.0048797236916975 -0.004836450264833235 -0.015167297436850595 0.9998732728892865 159.71647057286444
0.9993860943009155 -0.034668832394842336 0.0050504022059695616 -0.5555862533502987 0.03458620084965353 0.9992796307859906 0.015620954585892015 -2.001066924453388 -0.005588324765081536 -0.015436690840979858 0.9998652305200559 161.05704038941812
0.9995153185164968 -0.03048979468459861 0.006284939667454634 -0.5539921496055372 0.030390956933973992 0.9994215349813055 0.01526385130698975 -2.0093277509608956 -0.0067466962977297635 -0.015065448138258674 0.9998637478983424 162.42243743142245
0.9995825038205737 -0.028006640479392293 0.007102545052411163 -0.5504401368606815 0.027913624638864175 0.9995274360897809 0.012873774269253721 -2.0105511310535573 -0.007459740431495866 -0.012670141963343566 0.9998919040442954 163.7600590358958
0.9996507138292194 -0.02518458510153023 0.008011680269240009 -0.554926005410536 0.025086816324632343 0.9996123057538968 0.012078486163291794 -2.0242091288808726 -0.008312766540527235 -0.011873279971735646 0.9998949560491289 165.12314696651737
0.9997040491688625 -0.022730737657970956 0.008667620858907276 -0.5529543846196141 0.022608847457564973 0.9996476042966428 0.013910687680758422 -2.0296099756971056 -0.008980767365010628 -0.013710606128893061 0.9998656735259677 166.4748547381542
0.999720831279131 -0.02227768179583907 0.007871747664378181 -0.5335198462090192 0.022167264730405922 0.9996583844173803 0.013846545742616966 -2.038365086364813 -0.008177528171069518 -0.013668185351485005 0.9998731463244158 167.79904452668637
0.9997717736674634 -0.020115188438399337 0.007195817192846604 -0.549770542939513 0.0200300603967107 0.9997307642559283 0.011713055546776364 -2.0444881608682923 -0.007429490758147588 -0.011566249872621701 0.9999055077997658 169.20366540901318
0.9998327580634698 -0.01673932079278309 0.007365531778586724 -0.5390662856524905 0.016671836483912017 0.9998193276925456 0.0091302699258358 -2.0628514066281456 -0.00751703617489777 -0.009005946178961197 0.999931191180942 170.5631583129241
0.9998925218714536 -0.012716925921025591 0.007295513522963915 -0.5427938114566446 0.012660797062421191 0.9998902857126422 0.007689001428262808 -2.055885355950322 -0.007392494180116256 -0.0075958081465607235 0.9999438257841132 171.9228902984315
0.9999415073267721 -0.007623200252090302 0.00767259789123299 -0.5573135687683191 0.007554308343921793 0.9999312486302697 0.008968301225172743 -2.0777226317613833 -0.007740438192156197 -0.008909815638464266 0.9999303479731726 173.27290816233386
0.9999587239289355 -0.002892755832154127 0.008612921292930217 -0.5748218502283158 0.002796440114527239 0.9999336603778002 0.011173842587629903 -2.0994479731375697 -0.008644673834625801 -0.011149296067199147 0.9999004764517204 174.65447280218388
0.9999579450402707 -0.002903732615425916 0.00869922403690013 -0.5673348421923734 0.002790544519257499 0.9999116634510962 0.01299531248884034 -2.103159191375236 -0.008736191217788503 -0.01297049064584788 0.9998777151898975 176.04390907680644
0.9999555541087792 -0.004832071359113951 0.008095733851732853 -0.5603553240718546 0.004712289127584484 0.9998801076570717 0.014750072218711668 -2.1134305940831037 -0.00816603731462697 -0.01471126747960437 0.999858437201442 177.42279846043195
0.9999466055689604 -0.007804118532925442 0.0067736076276376945 -0.5730676300871411 0.007704328056302905 0.9998632139677365 0.014635459288742972 -2.1156671496872748 -0.0068868985214693285 -0.014582492017269893 0.9998699523211921 178.8490071441211
0.999957263463281 -0.008064821692784174 0.004519946039456718 -0.5555290527209047 0.008015804205167164 0.9999099806489878 0.010759993912661761 -2.1265370689047853 -0.00460631696919135 -0.010723303266747376 0.9999318939854872 180.1860843715935
0.9999711101689566 -0.007071647734744842 0.002787586350708469 -0.5638972670525085 0.007054004324816758 0.9999553421132501 0.006289260078988756 -2.136115309486125 -0.0028319375285229672 -0.006269414853004545 0.999976337002616 181.60424038510686
0.9999948944625414 -0.0021843799446014597 0.0023322820297683256 -0.5866045569549408 0.00217040026629688 0.9999797651535836 0.005979852953691936 -2.1508785208684977 -0.0023452973004631 -0.00597476055196954 0.9999794006954746 182.99987519605372
0.999996774066997 0.0011279828600131228 0.002275853992455329 -0.5966425680726968 -0.0011443754460404324 0.9999733210704431 0.007214398943844365 -2.162819487877634 -0.0022676557426120356 -0.007216980243366526 0.9999713860568895 184.33178774944355
0.9999937922683257 0.002602624051679516 0.0023752413230673968 -0.588199415663119 -0.0026257415013595945 0.9999487082027789 0.009781944931091257 -2.1606122971743655 -0.002349660958332731 -0.00978812117012032 0.9999493346052 185.78210238868238
0.9999874191224786 0.0037836209649933497 0.003293297161906548 -0.6099939772811089 -0.0038252633231422003 0.9999116353152536 0.012731414841579329 -2.1904022782519097 -0.003244835566791682 -0.012743852649487063 0.9999135288926585 187.1467760907677
0.9999915663197367 0.0022537434839374247 0.003433355497299589 -0.6082962486806166 -0.002298618541914114 0.9999112490878774 0.013122892180821284 -2.183132019461671 -0.0034034754282797346 -0.01313067373890782 0.999907996649211 188.5917426455465
0.9999953043676715 0.00027198720065179684 0.003052420188923901 -0.6067608968340832 -0.0003146903490707136 0.9999019711767381 0.01399817851066094 -2.1912199659996645 -0.0030483138846887975 -0.013999073621179884 0.9998973615936843 189.99918674303865
0.9999909815821824 -0.002092554272969489 0.003695670243047201 -0.6273561621892327 0.002037515382545669 0.9998878892312144 0.014834334850975866 -2.20477464913461 -0.0037262978721759356 -0.014826671371370436 0.9998831354322997 191.36745485221937
0.9999845244852773 -0.0038044341620826084 0.004059197055948588 -0.617028874402564 0.0037441230355865756 0.9998840033394175 0.014763515748088409 -2.21218376340341 -0.004114893361875163 -0.01474808942629782 0.9998827738851217 192.81944930859552
0.9999670977548256 -0.0070613855617763874 0.003992524861498136 -0.6091521529588861 0.006996755279959599 0.9998478858738138 0.015976561394322065 -2.220004203107132 -0.0041047345355355175 -0.01594810131576254 0.999864395416206 194.19140412148494
0.999919399542209 -0.011841253117800056 0.00458030121062178 -0.608521486789031 0.01176035933240213 0.9997811342216649 0.017302531164954924 -2.2184535854179224 -0.004784182780068614 -0.01724727091191667 0.9998398087913312 195.63337662778974
0.9998748998503947 -0.015196853563512979 0.004386377297492124 -0.6051440431887891 0.015116445935669373 0.9997269916413112 0.017816712043715034 -2.233084875689949 -0.0046559381217707975 -0.01774817706949508 0.9998316480558569 197.04329255819383
0.9998884963391504 -0.014102763205185064 0.004909885351272314 -0.5947646677343477 0.014036511938629153 0.9998133412292093 0.013276257666462718 -2.2324704981158137 -0.005096201215195946 -0.013205859896124094 0.9998998119797211 198.4845903559574
0.9999652756887151 -0.006334133048038489 0.005415365993954471 -0.6136792400053758 0.006288462848719126 0.9999448674319122 0.00840935915842135 -2.256964613933584 -0.0054683338855681515 -0.008375012977120323 0.9999499769882203 199.91456823540878
0.9999775368644678 0.002028721060951916 0.006388275204738372 -0.6325577627993202 -0.002077891999320281 0.9999681969638542 0.007699832928425928 -2.2642008245348766 -0.006372451757371769 -0.007712934260358035 0.9999499499972508 201.3395643863812
0.9999237873632085 0.009646477598252939 0.007704863412476868 -0.632974884453869 -0.009736642142482108 0.9998835408361666 0.011751705502696034 -2.2802645443279306 -0.007590604179171923 -0.011825829606329228 0.9999012613652271 202.76551435125143
0.9998853809960934 0.012334414175076117 0.008779924500698973 -0.6395641968611948 -0.012462015015796886 0.9998153146855502 0.01462992569522658 -2.2909495661142274 -0.008597852130166301 -0.014737664671604658 0.9998544284934303 204.22275663598802
0.9999197531945938 0.009704259808575274 0.008143371401872903 -0.6316831329607454 -0.009824992224107943 0.9998404321231914 0.014919109729543563 -2.2885216903829404 -0.00799729372880377 -0.014997921375875878 0.9998555423894209 205.67326408326787
0.9999478905848945 0.007550368171450587 0.0068708111484555925 -0.6268009140949726 -0.007653065225856544 0.9998575244083137 0.01504531443028074 -2.3028065326251075 -0.006756235121620508 -0.01509711349146084 0.999863205869226 207.10464528438058
0.9999702902375013 0.004988635952095425 0.005876406215489705 -0.6224292849434632 -0.005074657036988754 0.9998788432450834 0.014715525487999011 -2.3073878642600527 -0.005802284328435669 -0.01474490932909931 0.9998744526917105 208.55042573997136
0.9999685068547658 0.005801502091490782 0.005415520872406538 -0.6209277174934555 -0.00587683250268836 0.9998847341315813 0.01399933199384281 -2.307646195050241 -0.005333679933628797 -0.014030717496570746 0.9998873390661511 210.03011069277443
0.99996240055354 0.007123361378627617 0.004945219154964413 -0.6279383557453206 -0.007193447753005409 0.9998718399834408 0.014302374854928022 -2.3220560222226436 -0.004842704789056441 -0.014337410553267572 0.9998854868780703 211.46680722250653
0.9999594899874383 0.007371340781581471 0.005165434083947787 -0.6348415556995468 -0.00744912200598807 0.9998566632976258 0.015204060300196219 -2.319998356597453 -0.005052619793078002 -0.015241922634173125 0.9998710691026991 212.93125382942506
0.9999613342397478 0.007248247422284543 0.004979249450725908 -0.6378445196298428 -0.007323736029060377 0.9998559208142999 0.015313409538577943 -2.3350471781145217 -0.004867537062725021 -0.01534928444667391 0.9998703448703052 214.39165608537235
0.999969749610613 0.0063858281006719305 0.004440839475907069 -0.6341471693776491 -0.006446739273446937 0.9998834438108687 0.013839738186116132 -2.3358248207888592 -0.0043519440365486365 -0.013867948737583749 0.9998943647113017 215.84011968514054
0.9999672176093524 0.006874047313650707 0.004279155394625056 -0.637184468860404 -0.006933152951227112 0.9998785976742268 0.013954257834175367 -2.347677230610993 -0.004182714009247362 -0.01398346869656583 0.9998934780802659 217.31734773431097
0.9999727689537391 0.006460976168399702 0.0035661083979517763 -0.6308384652060763 -0.006511489168921858 0.9998759805331233 0.014339597935058391 -2.355185334850819 -0.0034730186128796225 -0.014362428414211514 0.9998908234369327 218.8069370894964
0.9999712892798402 0.006751803984632283 0.0034400216988823788 -0.639983647821289 -0.0067986650508112395 0.9998816945072025 0.013797650206858037 -2.3585382015754988 -0.003346455967845269 -0.013820641896529113 0.9998988904341287 220.29134070610317
0.9999743187816671 0.006265966234531607 0.0034784243340490978 -0.6498705847751923 -0.006312674387970962 0.9998878153703437 0.013583328872007885 -2.361081102676415 -0.0033929217043788987 -0.013604938465962847 0.9999016920341889 221.7775359725429
0.9999627589166922 0.008110488177700903 0.002949702960103484 -0.6537787678226934 -0.008150266982151566 0.9998724772557698 0.013733258402621951 -2.3794127126358764 -0.0028379436052034766 -0.013756788102887654 0.9999013435629769 223.2615325643721
