1.0 -3.469446951953614e-18 0.0 -1.7787691892340307e-19 0.0 0.9999999999999999 -3.5405977195229754e-19 0.0 2.168404344971009e-19 -2.354751593366955e-19 1.0 0.0
0.9999998184235963 -0.0001920850668549537 -0.0005711878058707058 0.002362319113497474 0.00019247468808140412 0.9999997488292508 0.0006821250014084328 -0.022605924994663018 0.0005710566852054147 -0.0006822348305096148 0.9999996042253729 1.3271691485644874
0.9999996106283936 -0.0006537791009101328 -0.000592719197746735 -0.007919465311104833 0.000654445903456851 0.9999991525634703 0.0011254206712697763 -0.039022734061031086 0.0005919829699275456 -0.0011258081578842246 0.9999991910563075 2.6280023007917435
0.9999985244145516 -0.0013027883364233259 -0.0011197818803216006 -0.009237891080545669 0.0013039057301220784 0.9999986522693178 0.0009976408324551258 -0.07468629499243629 0.0011184807517386937 -0.0009990994699656881 0.9999988754008837 3.951588009716078
0.9999979703929316 -0.0019372292020578968 -0.0005534935160862804 -0.022621730228531776 0.0019378222764117967 0.9999975470085425 0.0010727621581313692 -0.08804860127523392 0.0005514140197964412 -0.0010738325730415249 0.9999992714133459 5.267169887610847
0.9999970363777451 -0.0022571198362509055 -0.0009124952858407569 -0.018649511464555332 0.0022585204423063825 0.9999962688861208 0.0015366507913542942 -0.10716272735913926 0.000909023554459875 -0.0015387071558975055 0.9999984030278168 6.588547983450409
0.999993411929628 -0.0035640744441645528 -0.0006880948926156205 -0.027458360755302266 0.003565773711241879 0.9999905575681831 0.0024839538827131874 -0.14381064780555902 0.0006792354584401431 -0.0024863911557593994 0.999996678244359 7.923302888552241
0.9999934488628279 -0.0035843742393287664 -0.00050447690347102 -0.04651353836235246 0.0035858139609772615 0.9999894178116452 0.0028820474361259487 -0.16242383274747663 0.0004941412727643951 -0.0028838375702589453 0.9999957196441415 9.238816210584606
0.9999943853944395 -0.0031788703261470385 -0.0010601725549057206 -0.045096467516606384 0.0031813283738973113 0.9999922372707784 0.00232476730654709 -0.18721028453359162 0.001052774282346332 -0.0023281270552355064 0.9999967357411003 10.570550200539195
0.9999993687833213 -0.0006551735613924449 -0.0009127870142101034 -0.06615006923595038 0.0006551676776918296 0.9999997853540532 -6.791435061241449e-06 -0.20393118117388526 0.000912791345030335 6.1934021069543856e-06 0.9999995833874477 11.891690586816438
0.9999974609321314 0.002053435769330098 -0.0009281840996047622 -0.06625457574429769 -0.0020541169806077815 0.9999976213500681 -0.0007334175773812874 -0.23049239722261428 0.0009266759434683179 0.0007353223260709998 0.9999993002868425 13.229593908926526
0.9999825763596024 0.005857678802055734 -0.0007311383884667623 -0.09360535877013113 -0.00585824615576989 0.9999825394360706 -0.000775749201119395 -0.25272880089701194 0.0007265815931115384 0.0007800188836946142 0.999999431825235 14.569979473004588
0.9999824980309953 0.005907205112389956 -0.000329464811970861 -0.1142490472324531 -0.005907192951465919 0.999982551627644 3.9032929830520483e-05 -0.28002457135527 0.00032968966637476286 -3.708603998539952e-05 0.9999999449649329 15.92024154952152
0.9999906106591527 0.004331836072621452 -0.00011739390085473578 -0.10437589222893495 -0.0043314727570844674 0.9999863025313663 0.0029382139268299143 -0.3064753973760407 0.00013012016703083974 -0.002937677911778002 0.9999956765496524 17.262322288799012
0.9999999873559501 -0.00015623209759997245 -2.9662070685552207e-05 -0.11691823475913134 0.0001563805486600109 0.9999871250088649 0.00507201736830722 -0.3346038636873677 2.886928344191528e-05 -0.005072022042618759 0.9999871367973691 18.627756912785106
0.9999978246300142 -0.0020486600297827933 -0.0003920838824194048 -0.10842496161981807 0.0020499787103346653 0.9999921439260847 0.0033925904057403944 -0.36838014703823807 0.0003851305732614366 -0.003393386854840092 0.9999941682836878 19.963717413601334
0.9999955365665868 -0.0029761033990273883 -0.00026393052471391414 -0.11715574834422644 0.0029763376502463176 0.9999951738404961 0.0008909015128504008 -0.36845350622314227 0.00026127785893231056 -0.0008916830982376796 0.9999995683177444 21.319498427916386
0.9999996400292502 -0.0008475216493673658 4.061795766903864e-05 -0.1313391294919374 0.0008475294034789617 0.9999996228125203 -0.00018991424133417705 -0.42597055755360147 -4.0456989433404695e-05 0.00018994860230962205 0.9999999811413365 22.671777496958224
0.9999988284666734 0.0012981959652096729 0.0008110187918631921 -0.1420285522600375 -0.0012990445967729384 0.9999986085295494 0.001046625128175946 -0.41294995913005406 -0.0008096590064936712 -0.0010476774725835887 0.9999991234112078 24.038307164986485
0.9999969016191582 0.0018283323379843248 0.0016893644066524104 -0.15567470172817627 -0.0018379505273492872 0.9999820121490197 0.005709406101961337 -0.43823246918888803 -0.001678895464177236 -0.005712493492873611 0.9999822742064887 25.42725210011578
0.9999983623908543 0.0003292538862624105 0.0017795531468187602 -0.14952420705106945 -0.0003409427806385715 0.9999783452199313 0.006572126600122636 -0.46534170846531614 -0.001777350857654012 -0.006572722691697683 0.9999768199011478 26.800773013515407
0.9999903298751474 -0.004053047231427997 0.0017067431656382587 -0.14998056415268723 0.004042738108700284 0.99997382104045 0.006001124506531511 -0.49275257426024854 -0.0017310214670864983 -0.0059941666729022925 0.9999805365754285 28.16961354264217
0.9999904397768591 -0.0040813904482230445 0.0015692720133594579 -0.16084997699908646 0.004075576939713683 0.9999848856405381 0.003690278687027428 -0.5008667985368133 -0.001584309893615392 -0.0036838477865036557 0.9999919595807701 29.53019541579963
0.9999884820685621 -0.004195994039107257 0.00233010150750799 -0.1641547897244178 0.004191768026949736 0.9999895660845347 0.0018157083714183653 -0.5469193762136101 -0.0023376960927249677 -0.0018059202436947158 0.9999956369035994 30.918358877284504
0.9999943836936392 -0.0018907074907946412 0.0027672753385334196 -0.1768962508011978 0.0018888037339072315 0.9999979778463249 0.0006904496882435201 -0.5424749854569072 -0.0027685754143554776 -0.0006852189802791589 0.9999959327225442 32.30252328542927
0.999994337113716 -0.00017200068091705913 0.0033609761581753746 -0.18040937453304232 0.00017680936178583566 0.9999989612155556 -0.0014304915677651982 -0.5899048029321432 -0.0033607269064836777 0.0014310777501764771 0.9999933287411453 33.681813655386016
0.9999937230085917 3.0235781187156613e-06 0.0035431537693935275 -0.19457530571040976 9.174979914722964e-07 0.9999993813876861 -0.0011123055010600295 -0.5869795952254309 -0.003543155241028141 0.0011123017947688222 0.999993104391811 35.07703511018282
0.9999954324765371 0.00014832938147145772 0.0030187792346131393 -0.19099317572048669 -0.00015022422433952354 0.9999997918602778 0.0006274649286642836 -0.6348398839690098 -0.003018685789402992 -0.0006279155665052449 0.9999952466158946 36.468253879803804
0.9999949295976549 0.001480298088352863 0.0028194853510170237 -0.20762940150436265 -0.0014857081910306042 0.9999970576117 0.0019176655960706944 -0.6486803980119987 -0.002816638574845921 -0.0019218448419349786 0.9999941865112134 37.871648244003715
0.999991585393617 0.003297063944924023 0.0024410056260043755 -0.20377373312834599 -0.003302990467946687 0.9999915980422286 0.0024277776966378397 -0.6650608652374443 -0.0024329807823137393 -0.002435819934712709 0.9999940736739242 39.26315794800128
0.9999782030375329 0.00586448246968742 0.0030333623722256474 -0.22542280726012442 -0.005872609802563911 0.9999791721607223 0.0026772579494706043 -0.7003629006767096 -0.003017598714734644 -0.002695013402134306 0.9999918154652078 40.66396472724018
0.9999567938408329 0.008812686698422724 0.00295753091764828 -0.23229239072580565 -0.008822080492267768 0.9999560341326234 0.0031781624050064047 -0.7285892419178496 -0.0029293929832040193 -0.003204116732147087 0.9999905761003833 42.09094386967633
0.9999531109073764 0.009330435664528888 0.002592091731109575 -0.23456286930052409 -0.009338633982621993 0.9999513734792478 0.0031686925508823903 -0.7389028121000868 -0.0025624006192671144 -0.003192750637679032 0.9999916201867304 43.478311672483756
0.9999605431547739 0.008603232565557473 0.002212805279969188 -0.2445175070868549 -0.008610043186669322 0.9999581689141896 0.003086680462115229 -0.7623913627729523 -0.0021861574688280044 -0.0031056110864866875 0.9999927879204711 44.90596452933127
0.9999650696297085 0.008237972075169698 0.0014125582214187177 -0.24093400171428264 -0.008241605745307069 0.9999626941223679 0.002585791092598715 -0.7914541247614842 -0.0013912039658690533 -0.0025973425742814265 0.9999956591713727 46.30302295009716
0.9999673076018063 0.008070520044829858 0.0005004170161890774 -0.25463102890543354 -0.008072161728984832 0.9999617435589888 0.0033692195129747006 -0.8239976220316438 -0.0004732065561695927 -0.00337314888447487 0.9999941989542389 47.73253374340381
0.9999660428165928 0.008223839950871462 -0.0005307085679042733 -0.2613864204314398 -0.008221549988925513 0.9999574547363315 0.004182684522440668 -0.8404053861470049 0.0005650837674638612 -0.004178179332343324 0.9999911117103026 49.12980765415
0.999958318039883 0.009016282541247827 -0.0014383357284027047 -0.2755066355218186 -0.009010020604140169 0.9999501522060118 0.004302633008342302 -0.868112911829865 0.0014770579131434434 -0.004289494324268163 0.9999897092179307 50.55823913424475
0.9999576025158703 0.008807712705468812 -0.002686511405107134 -0.28066020413903375 -0.008795788033206034 0.9999515525192095 0.004418907736502023 -0.8773823662287019 0.002725301953527049 -0.004395090496652208 0.9999866278678846 52.01214534807138
0.9999432542189581 0.010035760331649744 -0.0035737693211471177 -0.3027399400234304 -0.010014430891959646 0.9999322280729147 0.005937209466965371 -0.9203529054572073 0.0036331118423403074 -0.005901083416437524 0.9999759885722508 53.41766207572083
0.9999519033262166 0.008690552072397644 -0.004545911483444383 -0.31056975523548813 -0.008660681932112562 0.9999410445116733 0.006549817288434454 -0.9356157827130437 0.004602565398901673 -0.006510131709272312 0.9999682167886526 54.87507348521116
0.9999744598535211 0.005186821169734845 -0.004916961160979272 -0.32423242218598936 -0.005150091525936546 0.9999589600068267 0.007453513753868289 -0.9373848831607487 0.004955419836312724 -0.007428000744433415 0.9999601335208318 56.26563160468624
0.9999780996087343 0.003893472319880409 -0.005351743479228866 -0.34304909270752026 -0.003855732299453481 0.9999677552302288 0.007044276649790542 -0.9641995499431877 0.005378998069652287 -0.007023487632972319 0.999960867741283 57.69684642320989
0.999981354902981 0.0032547723809859992 -0.005166844975193542 -0.3674025718542325 -0.0032157191169003277 0.9999663362707989 0.0075488727264204905 -0.995315743316374 0.005191241346976858 -0.007532117009966194 0.9999581582441592 59.14447228068818
0.999981856678308 0.003338633886438705 -0.005013962706336705 -0.36776797432319297 -0.00329687591413331 0.9999600058898348 0.008313677498593169 -1.0273161473275092 0.005041518935333206 -0.008296996418175764 0.9999528703642359 60.547710252445775
0.9999896047814514 0.0010308781223876545 -0.00444157732335456 -0.38720065790137004 -0.0009911288305353115 0.9999595256272776 0.008942302264515272 -1.0306838479417828 0.004450616360355556 -0.008937807312561752 0.9999501525705128 62.00420105196072
0.9999894041226802 -0.0014741285539292444 -0.004361029849244525 -0.38277708505059566 0.001512221867103692 0.9999606222606854 0.00874454733340693 -1.0501132635762036 0.004347967909465663 -0.00875104969684612 0.9999522560178912 63.41054922265339
0.9999913169763728 -0.0018113501153387522 -0.0037529959254251656 -0.4071570070704831 0.0018410343078027504 0.9999669325787952 0.007921132278385807 -1.0782268666597983 0.0037385242021503204 -0.00792797305117522 0.9999615846068054 64.82112861643452
0.9999931910241394 -0.0022859542798963975 -0.002896949537929185 -0.42082215453607114 0.0023088378656354255 0.999965966292291 0.007920575682639933 -1.0944396985416864 0.0028787451199761525 -0.007927210495253923 0.9999644354514581 66.27331419322019
0.9999969214894515 -0.0005531844664657792 -0.00241888305796005 -0.43073794642369956 0.0005718713994933011 0.9999699474734007 0.00773156581948673 -1.1148287867902504 0.002414533592655809 -0.007732925461773486 0.9999671854104893 67.64368219138436
0.9999961201142022 0.0021935318152886156 -0.0017170229928456314 -0.4513987086139979 -0.002177870847439872 0.9999564912656771 0.009070416483390346 -1.1333182475010428 0.001736844688461195 -0.009066642018682604 0.999957388781551 69.11617875572152
0.9999854223049567 0.005327211281560678 -0.0008809004578031825 -0.46457747491558693 -0.00531794540671854 0.9999337711145494 0.010206510092022485 -1.1477021002524983 0.000935214439401804 -0.010201676929999237 0.999947524206505 70.47517900026116
0.9999529581118727 0.00969828943114812 0.00015723798950941924 -0.4905792226974913 -0.00969945063571313 0.9998883989473544 0.011362672462652563 -1.1754540983470827 -4.702195072521184e-05 -0.011363663294566548 0.9999354303901183 71.92684446134814
0.9999114951525098 0.013292124471154035 0.0005667950916859162 -0.4984793453905028 -0.01329750044647021 0.9998525563460547 0.010864717171499843 -1.178577551319423 -0.0004222963760756968 -0.010871292773456243 0.9999408165798431 73.29311923966804
0.9998566274673792 0.016884278450779874 0.001282812000724864 -0.514250986625686 -0.01689674435694223 0.9998029182696981 0.010422317002793101 -1.1957651865773913 -0.0011065859656301383 -0.010442498293096443 0.9999448633293985 74.68499693757454
0.9998352386839393 0.01802693321448714 0.002127232283477637 -0.5298273367344589 -0.01804818090203169 0.9997827003581642 0.010431456144617468 -1.2050367812998297 -0.001938723029870921 -0.010468130335805183 0.9999433281947413 76.1360931022864
0.99982311194914 0.018650876624053306 0.0024268423545323785 -0.5347952140654446 -0.018676213767836923 0.999766456371961 0.01087344479131735 -1.2219623758321836 -0.002223476483874433 -0.010916845863104572 0.9999379373888783 77.50478393701796
0.9998337867236023 0.018043648681677876 0.002612588975094066 -0.5411384330016435 -0.018071985613478184 0.9997732586753523 0.0112620877233743 -1.252820613537781 -0.002408787634411269 -0.011307430719976757 0.9999331676434433 78.9066486914419
0.9998520682380482 0.017072985925856057 0.00208680325492367 -0.5387613993385886 -0.01709306973565528 0.9998037156805779 0.010017840160178747 -1.2576753659899542 -0.0019153593588695146 -0.0100520282866379 0.9999476426926295 80.27954331462013
0.9998541618570466 0.016958514560691734 0.0020158763713459833 -0.5509685632312942 -0.016978404895049884 0.9998028371811293 0.01029662927088306 -1.2856972384559975 -0.0018408635263012568 -0.010329354209925434 0.9999449563171057 81.67302571656653
0.9998694681388761 0.016075640982743937 0.0016187680571913086 -0.5630500205455115 -0.01609216884061497 0.999812460682794 0.010774302964830675 -1.2934045707041086 -0.0014452607626140967 -0.010798946287885849 0.9999406452295531 83.06066381034083
0.9998643496935515 0.016413886981303832 0.0013661931852309319 -0.5768190835077833 -0.016426786506270902 0.9998146983156574 0.01003642155699703 -1.305929707060874 -0.0012012034325712443 -0.010057502486945043 0.9999487005620109 84.4272193840808
0.9998739557572556 0.01586668174392048 0.0005665399199667363 -0.5839696461082365 -0.01587164351876222 0.9998218674635452 0.010213927363567911 -1.3097296767857232 -0.00040437789281141316 -0.010221632089768383 0.9999476759904836 85.83191200320064
0.9998710205174111 0.016050541101338096 -0.0005678169749883618 -0.5936595404827173 -0.01604348069377498 0.9998130198637137 0.01079500240824944 -1.3296571526912366 0.0007409765047004043 -0.010784500539206964 0.99994157104647 87.18923978197579
0.9998866033710977 0.014959370825536413 -0.0017313525834048978 -0.5987691069055334 -0.014937348202464455 0.9998151916882121 0.012101988766647287 -1.3440240427221313 0.0019120709231754815 -0.012074754876523822 0.9999252693512828 88.57239715686299
0.9999214099281505 0.012212272140765559 -0.002834491472382397 -0.6044140990123531 -0.012174955051940481 0.9998435780490917 0.012829260605095599 -1.3671537462732313 0.0029907227798934366 -0.012793742810259575 0.9999136841410414 89.95486411601188
0.9999297196191613 0.011236386237582737 -0.003781456492611965 -0.6159057941409555 -0.011184856562410469 0.999847885535428 0.013383003950972755 -1.3835037137205004 0.003931258222096942 -0.013339768614618703 0.9999032932213092 91.32993933764888
0.9999400116751717 0.01013279259622728 -0.00415927088460018 -0.6320907302298845 -0.010077729108829706 0.9998640204871109 0.013052966291884637 -1.4023090553270292 0.004290968681674337 -0.013010267528717302 0.9999061558665966 92.69831543802462
0.9999521397406278 0.008762744188090863 -0.004351150990337707 -0.643883524692787 -0.00870604171618648 0.9998790963278117 0.012884004742684103 -1.4189726475432507 0.00446352454491752 -0.01284550707236306 0.9999075306798569 94.02176536032802
0.9999553567920918 0.00819816181191403 -0.00469835492004131 -0.6638852857738489 -0.008138856543254941 0.9998886763505866 0.012505755980717796 -1.4238795381915803 0.004800356508365387 -0.012466958702873362 0.9999107617843881 95.40331544048429
0.999958361432954 0.007963300838713341 -0.004456592252742664 -0.6708051393284784 -0.007909737402094615 0.9998977852632842 0.011910293539034814 -1.43396971500753 0.0045509823675607955 -0.011874547380895738 0.9999191385793044 96.75717327178018
0.9999495068621114 0.009091900466467495 -0.004280308853147481 -0.6910772267378082 -0.009043091281265934 0.9998953983691471 0.011287818040094023 -1.4502954402082922 0.004382489222846106 -0.011248541091303944 0.9999271294069161 98.0936889861695
0.9999339996934432 0.01080081295415586 -0.003916460669907052 -0.713090869494408 -0.010755169548203838 0.9998760997315403 0.011493978174840458 -1.460951905210893 0.0040401200777527985 -0.01145109760748066 0.9999262721846611 99.4636354284907
0.9999324611229552 0.010954052452765206 -0.003883541506787958 -0.7200115520205397 -0.010903403334994326 0.9998582192704992 0.012831881124540529 -1.4707205599868223 0.004023552344021653 -0.012788670918006336 0.9999101264289951 100.80398060642239
0.9999291479683079 0.011306742138962187 -0.0037224443619089448 -0.7451065111382946 -0.011252057882367352 0.9998330357700513 0.014397631627812497 -1.4797864709753998 0.003884613494251751 -0.014354726661683678 0.999889419692889 102.13818456352996
0.9999359733190076 0.010746548468791048 -0.003544139828117892 -0.7569076903379398 -0.010697333859281266 0.9998499563879356 0.013624675351968466 -1.502762682953649 0.0036900266087609036 -0.013585890441247313 0.9999008987379199 103.48115237779733
0.9999374510465455 0.010623099647596897 -0.003499102374420542 -0.7666700392135516 -0.010582763870352467 0.9998795702925275 0.011351213182573792 -1.5129808162720109 0.0036192663616472593 -0.01131347323594805 0.999929450633948 104.80625186540584
0.9999499081365645 0.009324241556906377 -0.0036386411709437775 -0.7819218336045048 -0.009286635356277575 0.9999046614041935 0.010218929642643924 -1.5269350151025787 0.003733578359616082 -0.010184627234583434 0.9999411651547815 106.13958970578595
0.9999601806391475 0.00830163325020895 -0.00327414074394684 -0.7905622715393614 -0.008264239345306153 0.9999022957654657 0.01127392055578174 -1.5413881496747979 0.0033674130934225324 -0.011246413583473227 0.9999310869858761 107.48822244077962
0.99998221812606 0.005275763367082955 -0.002780240507807866 -0.8013710783770829 -0.005238911890193338 0.9999004729297937 0.013099543580934632 -1.538990739698329 0.0028490741417739225 -0.013084745475701664 0.9999103320911438 108.81000336750606
0.9999890117385682 0.004274595715151468 -0.0019246356003281913 -0.8144304296484959 -0.004247233134367116 0.9998929244938946 0.014003590967390228 -1.5576884528647814 0.001984289387665248 -0.013995262996907556 0.9999000926184778 110.17064528296758
0.9999931194788645 0.0034499345470241803 -0.0013634287369617842 -0.8237356477144846 -0.003431591962106891 0.9999065350065344 0.013234252108445125 -1.572064561298619 0.0014089587371963 -0.01322948258333534 0.9999114939000581 111.47740040253885
0.9999902983057248 0.00436033073381808 -0.0006251407846693832 -0.8380877424731703 -0.004353139543592659 0.9999291696383592 0.011077268922371923 -1.587950381127763 0.0006733971274360973 -0.011074440351185282 0.9999384497618898 112.81418019325764
0.9999704550822559 0.00767601705798884 0.0004095229090217956 -0.8405310872509457 -0.007679432825260017 0.9999289469533162 0.009117421217414256 -1.6095611541357941 -0.0003395083521791609 -0.009120296932984705 0.9999583515928496 114.16085664111381
0.9999413387526572 0.010656941982761757 0.001936135083720639 -0.8588021706132429 -0.010672965839621792 0.999907227358965 0.008463125755291465 -1.6089836588280015 -0.0018457645729720053 -0.008483293775250958 0.999962312729767 115.47188586492015
0.9999320273467883 0.011146134275885233 0.0034211627994078144 -0.8710252877840983 -0.011182999525044694 0.9998774851788819 0.010952405044005112 -1.626867847510804 -0.0032986669495695124 -0.01098991966439635 0.9999341680639785 116.83996058617217
0.9999221718979991 0.0117265865623508 0.004258789895147831 -0.8752945254028108 -0.011780221519303951 0.9998487462195477 0.012794963350104193 -1.6272929593902248 -0.004108104829310511 -0.012844137289552636 0.9999090716720374 118.13851650991778
0.9999238275433503 0.011156983964266367 0.005278333010917521 -0.8741041264229006 -0.011229488363500883 0.999840166250384 0.013911885710053144 -1.646315976426616 -0.005122275091670953 -0.013970099266389042 0.9998892931841826 119.50729891695867
0.9999162529160209 0.011360823873254638 0.006198291271574329 -0.8776913164701874 -0.011442937551644543 0.9998450444226908 0.01337708283272468 -1.6589077886188621 -0.0060453566305021765 -0.013446889469807545 0.9998913115063445 120.82822570693686
0.9998869204075725 0.012955569955932566 0.007635416148998173 -0.8747038093040366 -0.013055588414360535 0.9998276642818656 0.01319823376944175 -1.6665511718478532 -0.00746311027393507 -0.013296426435077103 0.9998837467563393 122.13518518517638
0.9998523321320103 0.014774650094815187 0.008776309787052496 -0.8819893656231703 -0.014885340321222244 0.9998087559659026 0.012683775890540011 -1.6721488349537585 -0.008587233735747877 -0.012812541519199888 0.9998810420217285 123.50851388638976
0.9998306940806074 0.015448006583214994 0.00999711123940974 -0.8844421963690605 -0.015568567636829601 0.9998056322695191 0.012096173780051254 -1.682914511860945 -0.009808307171329394 -0.012249766774020624 0.9998768625795601 124.84360390930408
0.9998078324724019 0.016227974323117192 0.010997769743296314 -0.8757869552684694 -0.01635308202348969 0.9998014843861915 0.011382818941823624 -1.686112853097486 -0.010810867326023566 -0.011560479195822588 0.9998747323868823 126.17180349443788
0.9997994110570816 0.01610592778991306 0.011905322471286816 -0.8765450581749357 -0.01623646308587153 0.9998082162824369 0.010950249311338494 -1.705241133660903 -0.011726676282569697 -0.0111413533636191 0.9998691690946355 127.50713851493701
0.9997936701277201 0.015776986378271338 0.012794680038542299 -0.8673320771816513 -0.015928093190401414 0.9998035627679238 0.011795412736250857 -1.7127352309618835 -0.012606071677529897 -0.011996774084518469 0.9998485707179695 128.83097359378968
0.999785446338428 0.015525067920287025 0.013712531499830765 -0.8616377764873279 -0.015700669544055534 0.999794900754185 0.012792397666510857 -1.7280032318455674 -0.013511117359571877 -0.013004949193658551 0.9998241450393728 130.20655450553602
0.999808526115369 0.013597531940909027 0.014071894073153169 -0.845431030889488 -0.01378673295521735 0.9998146729081302 0.013436735508430372 -1.7307317319677196 -0.013886580893057138 -0.0136281684379624 0.9998107000309395 131.53290933469358
0.999819260742283 0.012795220277309852 0.014061584554180006 -0.8364848237839095 -0.012988017017448988 0.9998217110207884 0.013706115848613008 -1.7497210936656502 -0.013883705920065454 -0.013886270987080724 0.9998071885060618 132.8768812409683
0.9998521833434477 0.010171949072501298 0.013861561857004297 -0.8240420158044903 -0.010372272465459634 0.9998416896372747 0.014457235030575768 -1.741327609543375 -0.013712310317319931 -0.014598874191172943 0.9997994025897674 134.20294125012
0.9998711096462836 0.008902182201544616 0.01336095926541967 -0.8113421432059404 -0.009098221880009404 0.9998507874730792 0.014684180665484868 -1.7667057326621494 -0.013228245497673992 -0.014803849275997493 0.9998029103619389 135.54038042014398
0.9998885705455701 0.008668965250538754 0.012153004606090298 -0.8040019112171937 -0.008841809444936977 0.9998594918384833 0.014241453562366195 -1.7757561386064495 -0.01202783934912672 -0.014347321475503199 0.9998247273630493 136.8842855002634
0.9999112666905181 0.007321607931014285 0.011128917011163614 -0.7933554027169973 -0.007494176223379267 0.9998510923633847 0.015544466258864806 -1.7870406018633025 -0.011013450261576092 -0.015626489316819682 0.9998172416721967 138.22379892491162
0.9999287681525889 0.006402420083409723 0.010073114299248117 -0.77746895649885 -0.006563182698236362 0.99985031895701 0.01600825788560661 -1.7986304469980652 -0.009969115783122796 -0.01607322959089438 0.9998211180111969 139.5653670064025
0.9999488035348834 0.00506907689568744 0.008757554772192932 -0.7812864317486395 -0.005210807661189856 0.9998545849925327 0.01623749844180085 -1.8067874029837818 -0.008673972884318851 -0.016282301390517263 0.9998298099457246 140.92334200138708
0.9999633973003882 0.004159689228340659 0.007476700062099635 -0.7777140805688185 -0.0042777661255782255 0.9998652835906737 0.01584662071451233 -1.8021858020400432 -0.007409776424065136 -0.01587802456977472 0.9998464799904657 142.24791086240973
0.9999710855452425 0.003965800895711263 0.006488489471742546 -0.7738346603419779 -0.004065233851658826 0.9998733992034468 0.015383739464896956 -1.8022750051781884 -0.006426659706981539 -0.015409672181029293 0.9998606103095248 143.59880250649385
0.9999814795134813 0.0016880371079845812 0.005847321085939565 -0.7714804327315865 -0.0017659701987868329 0.999909344556629 0.013348558548177578 -1.8175883338372398 -0.005824258613798929 -0.013358637781004917 0.9998938067651885 144.94908679597282
0.9999894630633532 -0.0010463512754447686 0.004469778301367373 -0.7782305880872848 0.0009916378390676436 0.9999247741509765 0.012225493339156289 -1.8379090041084358 -0.0044822345878778765 -0.012220932355032353 0.9999152756032951 146.25846288158894
0.9999359453966262 -0.010748155969006211 0.003547148347564518 -0.778750426067096 0.010692212730514548 0.9998237707826495 0.01543061723892077 -1.8350951870606145 -0.003712374217694497 -0.015391702264252996 0.9998746490341739 147.65284460177614
0.999849354438623 -0.017255288667305097 0.001877086317278385 -0.7626799855779112 0.017220874386928882 0.9997068136756045 0.017021402984384797 -1.8502337584492834 -0.0021702453716726773 -0.01698651403772421 0.9998533634392942 148.9632184293288
0.9998092381905842 -0.019506241651069716 0.0009968821110504494 -0.7357498241498622 0.019490337365142104 0.9997114716124581 0.014039240128585208 -1.8611673261932302 -0.0012704473873778582 -0.014017132669394883 0.9999009480739042 150.25811494003278
0.9998279247640005 -0.01852329681532289 0.0010041646112728404 -0.756233707035852 0.018511088037493843 0.9997676436875164 0.011045281512035427 -1.8768371706742624 -0.0012085264069666714 -0.01102479291523005 0.999938494812174 151.66013034594846
0.9998763525472072 -0.015580767726677656 0.0021258660451595386 -0.7653733910222135 0.015561726982106762 0.9998410799833637 0.008697552468709966 -1.8809310014081455 -0.0022610429302092026 -0.008663395048497858 0.9999599158319744 152.97279850358646
0.9998709155560691 -0.015779574984883946 0.003026095136257808 -0.7718600745078801 0.01575170103349796 0.9998352106260845 0.009024161716411827 -1.8995002877956484 -0.0031679941637039145 -0.008975330853878886 0.9999547025979695 154.34719507948915
0.9998143076691526 -0.018982433886748327 0.0033192462226281495 -0.7733563968426365 0.01894201680736255 0.9997508123355067 0.011811571537724115 -1.8972348580762621 -0.0035426317716856434 -0.01174650521585238 0.9999247318549628 155.6697888542112
0.9996185711191206 -0.027361927446838387 0.0037466252448829884 -0.7761300833253447 0.02730377855167996 0.999517914527241 0.01477979073341695 -1.8950805389817955 -0.004149222949663965 -0.014671856533251797 0.9998837535313839 157.00386528172888
0.9995639104243259 -0.02928547929223389 0.003788096688596707 -0.7613487571460416 0.02922151535565106 0.9994454870879981 0.01596312566791927 -1.909119305475616 -0.004253484270612903 -0.015845470676119734 0.999865405408452 158.35911321243557
0.9995321083189975 -0.03039052838865869 0.0034612450834769094 -0.7494724174863976 0.030330002648999786 0.9994058694180316 0.016370678533385787 -1.9314440402008974 -0.0039567025414751055 -0.016258039550520256 0.999860000528843 159.69100526100783
0.9995539425855732 -0.02950111349845681 0.004647597324519829 -0.7584832412371654 0.029420075708562733 0.999428717326087 0.016634245715278193 -1.9226043836079707 -0.005135671421872842 -0.01649009351976959 0.9998508397238914 161.05645374986423
0.9996051563625334 -0.027490696470796147 0.005813173212800389 -0.7579098132000202 0.02739251110567359 0.9994911239462193 0.016344524628291605 -1.9184227245794256 -0.0062595379074501115 -0.016178833977705795 0.9998495204365577 162.39688727435006
0.999674342638838 -0.024580843112973386 0.006854985692686798 -0.7682485694668282 0.024478009232470302 0.9995922514559266 0.014702308886560853 -1.9222311398864227 -0.007213586326370435 -0.01452972483007635 0.9998684169769443 163.74606878298925
0.9996996919673349 -0.023342568224963976 0.007459919469396373 -0.7675101436287222 0.02323471439589646 0.9996287357590282 0.014231608606247616 -1.9192357258284882 -0.007789352808025113 -0.014054005894383098 0.9998708971162067 165.09533449433172
0.9997137758883582 -0.02258358711962409 0.007896068793408968 -0.7747888426101439 0.022459321745885198 0.9996277906910859 0.015487379850498256 -1.9213743697511292 -0.008242891077723743 -0.015305606917084737 0.9998488851537426 166.43979428705012
0.9997395128689676 -0.02153592483949386 0.007557139774996871 -0.7647004434798237 0.021417223504531277 0.9996512138321695 0.015451641007339695 -1.920679873274317 -0.007887269981121946 -0.015285763380471537 0.9998520572613613 167.77134286521112
0.9998033510578865 -0.01845754265694573 0.007251092822543468 -0.7665426080779594 0.018360348425316995 0.9997436397785541 0.013249615659429715 -1.9396225018595614 -0.007493789898314422 -0.013113877784090396 0.9998859281541554 169.1610491339358
0.9998603157091817 -0.015362060755119766 0.006584540639135647 -0.766549942325544 0.015290730291791208 0.9998253006238453 0.010749966807936894 -1.9476918323059595 -0.006748532527774388 -0.010647782964055807 0.9999205378547555 170.5703124122103
0.999926991218027 -0.010251705786510608 0.006396466082834327 -0.7743437845144763 0.010193882631743086 0.9999074659664328 0.00900801026567056 -1.952301932766898 -0.006488222203325081 -0.00894214794042654 0.9999389686171675 171.92286457259306
0.9999519541502366 -0.007056476652621543 0.006804082828986915 -0.7804647064719554 0.006986904012345472 0.9999236164030855 0.010195318542034334 -1.9633243089462102 -0.006875506708251561 -0.01014728941467499 0.999924877139175 173.26509270786042
0.9999703265275617 -0.0014690831768768356 0.007562266061163905 -0.7928159772667989 0.001374150769369687 0.9999203845887557 0.012543372220219432 -1.994822819868139 -0.007580091875698278 -0.012532608560801439 0.9998927322106614 174.66825414285853
0.9999705325172755 0.0006236231448182887 0.0076514833213526985 -0.7898162770630404 -0.0007396029618587123 0.9998847409130502 0.015164361883781358 -2.002762742650107 -0.007641145204855795 -0.015169574381180611 0.9998557380505868 176.04297017813886
0.9999733578078374 -0.003045673055561686 0.00663381948459909 -0.7869122104671364 0.0029363976884035897 0.9998608641629275 0.01642041023547187 -2.0000152904275694 -0.0066829082349023385 -0.016400493543023347 0.9998431689769903 177.45677636350433
0.9999728516481616 -0.005066375597418939 0.005350496921657915 -0.790103987968304 0.004978681510803884 0.9998551088517198 0.01627802259910277 -2.0005666284827717 -0.005432192704080376 -0.016250942569520945 0.9998531882978928 178.84932731006057
0.9999619690727152 -0.008145715694875339 0.0031157241449243033 -0.7890339339204204 0.008105933102531656 0.9998880774321285 0.01257483375740987 -1.9975366566510413 -0.003217806706981682 -0.012549099911821819 0.9999160793847057 180.18847561344606
0.9999852550352264 -0.005249035984631422 0.00139188436693668 -0.7998413677370745 0.005236900686068788 0.9999494462863622 0.008583689970710526 -2.018664171217799 -0.0014368702136622084 -0.00857627440815611 0.9999621907461439 181.6033521503942
0.9999988644843489 -0.0013297804257698057 0.0007090254752200626 -0.8194226737161052 0.0013241356466401795 0.999967891338877 0.007903350665688345 -2.032078870246543 -0.0007195124846823642 -0.007902402999553634 0.999968516669324 182.99705435450417
0.9999989625318779 0.001385844438428356 0.00039289765727845943 -0.8381871453394798 -0.0013893803934876972 0.9999572022633096 0.00914676245118036 -2.034058881420937 -0.00038020487708725404 -0.009147299027049013 0.999958090305324 184.3235013863422
0.9999871829632416 0.0049331035919746875 0.0011394692712813753 -0.8470852328637032 -0.004946567954628516 0.9999141691020443 0.012132019594539913 -2.0524706916262296 -0.00107952304190348 -0.012137500802306078 0.999925755097469 185.77388488869715
0.999976250061663 0.006720218209270556 0.0015290415668072154 -0.8589886511248203 -0.006741881075110331 0.9998702015167148 0.014633084639310836 -2.0694940435407743 -0.0014305056871735267 -0.014643046013446575 0.9998917615727613 187.13979371720018
0.9999871688135173 0.004746391798140242 0.0017703012412081858 -0.8674064503202552 -0.004772838452893247 0.9998723741561949 0.015246488607115638 -2.0652744256491187 -0.0016977096280024876 -0.015254742641332536 0.9998821983679952 188.5934210905787
0.9999908127649111 0.004015643846122547 0.0014996615614059792 -0.8601699518968211 -0.004039113660352842 0.9998640043842084 0.01598931824522333 -2.0731898946368226 -0.001435250315231871 -0.015995228968263078 0.9998710380403704 190.01249887879212
0.9999980734710731 0.0005015953971462357 0.0018977507657127464 -0.8783771893177486 -0.0005331751073877856 0.9998607896548957 0.01667684107172304 -2.075272763178011 -0.0018891216986699417 -0.016677821104334717 0.9998591308316946 191.3663802635306
0.9999979758078785 -0.00019475948032631613 0.002002611278403559 -0.8768327613151332 0.00016098458624266496 0.9998579855473106 0.016851789611418085 -2.086233975001046 -0.0020056090803212065 -0.01685143344096425 0.9998559929951358 192.81964070096095
0.9999915864144872 -0.0034156295799319496 0.002271691584808811 -0.8715944443203778 0.0033749752285754005 0.9998382570747943 0.01766548099103763 -2.081860129010882 -0.0023316630767457698 -0.017657665801690592 0.999841372514203 194.17985024629436
0.9999602543796182 -0.008470280336372142 0.002782808800106551 -0.88209918636937 0.008414919309389056 0.999777602408526 0.019337394768668064 -2.082255944744876 -0.0029459832975879926 -0.019313209452185908 0.9998091423512575 195.6316890367641
0.9999247555279328 -0.011924587563676795 0.002878803179047748 -0.8688336970360219 0.011864352223373523 0.9997274709165823 0.02010524858223865 -2.092621625465534 -0.003117765665107954 -0.020069581022426855 0.9997937244559189 197.04529377898552
0.9999436590268513 -0.010172160833144251 0.0030341275019035315 -0.8737012105934446 0.010121144667021182 0.999814600244765 0.01638070666824044 -2.094023643017679 -0.003200192414714587 -0.016349075231746012 0.9998612236260254 198.4605820880515
0.9999868009734146 -0.003959865503952425 0.0032737369601724964 -0.8932097793455378 0.003922227330210984 0.9999270440494228 0.011424653251647814 -2.1038345032304333 -0.003318738482839265 -0.011411662335956014 0.9999293774749838 199.90547262921703
0.9999693913352311 0.006331943285863794 0.0045959633611887705 -0.8993993836031586 -0.006379647878635574 0.9999251481465513 0.010440220610718368 -2.1023926729960936 -0.004529512834731933 -0.010469221884920008 0.9999349373358749 201.3489270598612
0.9999034394493599 0.012536516897871032 0.005995623149952366 -0.9206883010715085 -0.012620174256475457 0.9998205943364518 0.014124813881371353 -2.1002738364823954 -0.0058174720142367825 -0.01419911607522127 0.9998822641300106 202.7808769361111
0.9998742018255093 0.014222640752099275 0.007021181108282144 -0.9190896153962579 -0.014335761197265151 0.999763836228966 0.016332720179347414 -2.1039015170150877 -0.006787229109256337 -0.016431319857881672 0.9998419601365044 204.20821228964056
0.9998709943345054 0.014706002595545045 0.0064597325481174665 -0.9145269596635752 -0.014812653406229536 0.9997493992044693 0.01678463939107717 -2.1133300699854076 -0.006211279295745373 -0.01687816019570737 0.999838260779909 205.69269585060465
0.99993196368229 0.010444223140629375 0.005194823487791412 -0.9120483214745785 -0.010532655944269102 0.9997949084979944 0.017297517627142985 -2.1207113248638225 -0.005013099350074652 -0.017351056402128535 0.999836891537425 207.1219175577578
0.9999567759969884 0.008350052557538581 0.0040893455138216 -0.9096423075213069 -0.008418253061549539 0.9998208253782854 0.0169543553517048 -2.121534250859465 -0.003947043369004907 -0.016988048000000217 0.9998479019715648 208.55539956403584
0.9999550127083069 0.008775023670378055 0.003601597459186261 -0.9153575606555493 -0.00883316868456615 0.9998255257712961 0.01645883224246274 -2.1224666792801035 -0.0034565427100908255 -0.016489905650984033 0.9998580575898394 210.0391826813838
0.9999504602446205 0.009348279381145085 0.0034185834127303566 -0.9240543738898352 -0.0094033688718776 0.9998201399475782 0.01647010693004278 -2.12396966136582 -0.00326400164823094 -0.016501437535564253 0.9998585144188709 211.50345139062628
0.9999344287837119 0.010961918172503096 0.003312772477165821 -0.9291753873421014 -0.01101721878545334 0.9997920022640219 0.017163132479526652 -2.1228612760148864 -0.0031239428249801846 -0.017198504956052154 0.9998472145346061 212.93632601171484
0.9999425875917896 0.010303127247088883 0.0029439886704307463 -0.9442442172197142 -0.010352357940619937 0.9997980046672035 0.01722726222846308 -2.1329766545349074 -0.002765899544070891 -0.017256750740105815 0.9998472655151588 214.38309453695976
0.9999361545191465 0.010982555771312508 0.0026590095848337157 -0.9447382003170333 -0.011025404648692788 0.9998001732315015 0.016674953565004716 -2.1416697538155924 -0.0024753448324284586 -0.01670320593682541 0.9998574276284634 215.8577277704302
0.9999413567853008 0.010579838951897133 0.0023130016729103805 -0.9520423112801172 -0.010616060361077742 0.9998115616898866 0.01625239645564896 -2.1404066889808604 -0.002140618246130802 -0.016275998655404564 0.999865245733527 217.32746227831535
0.9999470988487899 0.010142407079980237 0.0017120343781995377 -0.9507407746946779 -0.010169088630565834 0.9998142838388288 0.016370323264183667 -2.1485488450553354 -0.0015456820612085617 -0.016386867414057413 0.9998645315484593 218.78009546249987
0.9999184515813575 0.012681276177797705 0.0015084404859511044 -0.9603139404849756 -0.012703934092481932 0.999789648554915 0.016101823640326505 -2.160380191662279 -0.0013039316087369104 -0.016119674016953158 0.999869219386895 220.2708148932214
0.9999468368600603 0.01020972509310936 0.0014439341210254466 -0.9729227637380653 -0.01023152305624896 0.9998197437275075 0.015993623872983677 -2.1511036963735513 -0.0012803834357829043 -0.01600754756925142 0.9998710512083209 221.7643263497753
0.9999245992192252 0.012242693911722155 0.0009551407243622036 -0.9758221685979506 -0.012256301171305235 0.9997992401785906 0.015851259956145294 -2.1620555417277694 -0.0007608868989828765 -0.01586177157253556 0.9998739046798218 223.24736019373324
