1.0 -3.469446951953614e-18 0.0 -1.7787691892340307e-19 0.0 0.9999999999999999 -3.5405977195229754e-19 0.0 2.168404344971009e-19 -2.354751593366955e-19 1.0 0.0
0.9999998184235963 -0.0001920850668549537 -0.0005711878058707058 0.002362319113497474 0.00019247468808140412 0.9999997488292508 0.0006821250014084328 -0.022605924994663018 0.0005710566852054147 -0.0006822348305096148 0.9999996042253729 1.3271691485644874
0.9999996106283936 -0.0006537791009101328 -0.000592719197746735 -0.007919465311104833 0.000654445903456851 0.9999991525634703 0.0011254206712697763 -0.039022734061031086 0.0005919829699275456 -0.0011258081578842246 0.9999991910563075 2.6280023007917435
0.9999985244145516 -0.0013027883364233259 -0.0011197818803216006 -0.009237891080545669 0.0013039057301220784 0.9999986522693178 0.0009976408324551258 -0.07468629499243629 0.0011184807517386937 -0.0009990994699656881 0.9999988754008837 3.951588009716078
0.9999981680978534 -0.0018151219203167042 -0.0006075649188832697 -0.021874869404481426 0.0018157542181142274 0.9999978090659932 0.0010415838574420783 -0.0864423636925481 0.0006056730382133398 -0.0010426851575808262 0.9999992729842131 5.267777994451229
0.9999979470888881 -0.0018308587047829988 -0.0008682026156564162 -0.02077899580462131 0.00183213029110375 0.9999972471331015 0.0014659542334202703 -0.1022827285228721 0.000865516345002599 -0.0014675419124848597 0.9999985486008582 6.5895082935577545
0.9999956696152886 -0.0028892157402137103 -0.000559630551783516 -0.033443242014165 0.002890520292291707 0.9999930749173513 0.002344142743643832 -0.13191209706524124 0.0005528539910092274 -0.002345750260542031 0.9999970959005229 7.921806355406935
0.9999955979694876 -0.00291250919431044 -0.0005668643002333649 -0.04777721199434709 0.002913899347541042 0.999992711923456 0.0024668372321452847 -0.14277101812732917 0.000559675532266993 -0.0024684782054457373 0.9999967966848631 9.242030472280645
0.9999960185342093 -0.0026318089811107302 -0.0010180861475024949 -0.04486663186372771 0.002633966752857292 0.9999942758995201 0.0021237662618343225 -0.16977804093741888 0.0010124910602262531 -0.0021264394519161485 0.9999972265557175 10.569321419627288
0.9999992604524268 -0.0007366606082017599 -0.0009676907308072136 -0.07551922742638348 0.0007371253994406836 0.9999996131266788 0.0004799910465414348 -0.19360367585530347 0.0009673368481260145 -0.0004807040106793579 0.9999994165921833 11.895456822480298
0.9999967432648587 0.0023581902740601865 -0.0009759060072080032 -0.07167657718110157 -0.002359307517555799 0.9999965611967676 -0.001145105676393163 -0.2146235232291442 0.0009732023553424085 0.0011474044294838422 0.9999988681702046 13.227828574707203
0.9999823512452064 0.00585590573901734 -0.0010027725127498576 -0.08692784462146823 -0.005856369496163868 0.9999827456240681 -0.0004597850473461723 -0.24280789803040817 0.0010000628363903837 0.0004656495429473703 0.9999993915230063 14.576944981644981
0.9999841719472179 0.0056077826271248386 -0.0004567462783130491 -0.11410521240041913 -0.005607743846141656 0.9999842727072685 8.693803853595511e-05 -0.25933738748746193 0.00045722666289402117 -8.437535267415009e-05 0.9999998919126482 15.924173269870483
0.9999893186476797 0.004621947799536827 -1.3422394765513594e-05 -0.1079651333350018 -0.004621888130761732 0.999984939402747 0.0029595820826101363 -0.29305118201218294 2.7101230901711024e-05 -0.002959488495355917 0.999995620337401 17.25360294330126
0.9999999935142778 -1.4636089227889129e-05 -0.0001129472396066897 -0.11104587948988637 1.5228899897683223e-05 0.9999862169460833 0.005250303292561335 -0.33215918838119396 0.00011286885274257525 -0.005250305082133678 0.9999862106842243 18.62368595284076
0.9999984603649141 -0.001754152010454561 -4.7128636156227536e-05 -0.1084968323009065 0.0017543277852111756 0.9999903434366284 0.004029313093609119 -0.3557335182190214 4.0060160169440176e-05 -0.00402938964712063 0.9999918811746329 19.96406880535253
0.9999968644119306 -0.0025039876940823845 -3.4864741275887146e-05 -0.10179036707797404 0.002504053217268567 0.9999948219357312 0.002021339950543704 -0.35035664590970483 2.9803154715803007e-05 -0.0020214209535706486 0.999997956482662 21.328172323266024
0.9999998058749292 -0.0006228839667618193 -1.6328849232141122e-05 -0.13340948024491014 0.000622891379536061 0.9999997022963187 0.00045542567878221693 -0.4050746690584799 1.604516878631534e-05 -0.00045543576998474764 0.9999998961604457 22.673838005430554
0.9999989006573327 0.0011240977593543061 0.0009669994021683102 -0.13374358525701985 -0.001125468669195372 0.999998360948699 0.0014182460541932531 -0.39073479758243235 -0.000965403650500622 -0.0014193328506346642 0.999998526743355 24.0398340054606
0.9999970883682652 0.0017444702049363853 0.001667356583751848 -0.15569507324959078 -0.001756101140156569 0.9999739592077351 0.006999786876749842 -0.4231965549824725 -0.0016551023791252038 -0.007002694680755199 0.9999741111163397 25.420454682463866
0.999998874500912 0.0006682386701754297 0.0013432999578850738 -0.1325112737881647 -0.000678602423945707 0.9999698965324719 0.007729523044265839 -0.43745344918149953 -0.0013380944605558276 -0.007730426063088635 0.9999692245346382 26.81266389386525
0.999992045176288 -0.003696259901249846 0.001499084428421087 -0.13828321265460122 0.0036846027905646263 0.9999635205637705 0.0077059221836675035 -0.5013670325339832 -0.001527512956425495 -0.007700337501444913 0.9999691852785164 28.183413147152812
0.999992129430525 -0.003574190623444844 0.0017222792363769221 -0.15545874115659303 0.003564592980732093 0.9999782786929625 0.005543988892418769 -0.482707407598898 -0.0017420572418141206 -0.005537806138586494 0.9999831488273508 29.53865677091675
0.9999920675177143 -0.0034537946756205556 0.001983988795367345 -0.15602555521176245 0.0034463107783418486 0.9999869798907691 0.003763374197486286 -0.538884738657084 -0.001996961050852614 -0.003756506972387838 0.9999909503590423 30.91368848889488
0.9999936558204964 -0.002316961565364508 0.0027055525888532816 -0.1806758484141764 0.0023103704951146255 0.9999943621460724 0.0024367725361922454 -0.5191790483422637 -0.0027111834706359823 -0.002430506291919755 0.9999933710381568 32.30933067807323
0.9999933508922827 0.0017756085919131805 0.0031851822988859827 -0.15969644687320592 -0.0017780230632884995 0.9999981340589161 0.0007553248675314568 -0.5795124404228049 -0.003183835462758488 -0.0007609831866502764 0.9999946420318598 33.685210991794
0.9999915264978171 0.0020518355011681652 0.003568879994734943 -0.17923621761273245 -0.0020545535551163745 0.9999976020747884 0.000758061912458489 -0.5925132760947432 -0.00356731631946495 -0.0007653879578534019 0.9999933441934872 35.07410317387264
0.9999927675993419 0.002159212569901825 0.0031309024633551117 -0.19097183342947288 -0.0021660180520268945 0.9999952957180118 0.0021718450864773656 -0.6281343755062188 -0.003126198522058773 -0.0021786110121268833 0.999992740240285 36.46634077286461
0.9999929516529812 0.002405089311293838 0.002883086746042242 -0.20808901699769078 -0.002413693009676675 0.9999926337335365 0.0029843874473371116 -0.6133301787801857 -0.002875888030872322 -0.0029913253571228586 0.9999913905816906 37.87974913359273
0.9999923536660745 0.0032643854539042656 0.002153228713764789 -0.18950530531386306 -0.003271195495417092 0.9999896355604087 0.0031667107805254976 -0.6098007159295584 -0.0021428692108749043 -0.0031737302621751987 0.9999926677458646 39.27833545545446
0.9999898769274911 0.0037124540188511164 0.0025423855155034644 -0.1983329603088435 -0.003720517481952821 0.9999880411364105 0.003174167629117165 -0.6272523194546039 -0.00253057137160347 -0.003183594550075114 0.9999917304315855 40.677787287183136
0.9999861420022633 0.0044415930441575446 0.0028263138190025303 -0.22230894023204356 -0.0044527277756758465 0.9999823027990118 0.003945543283980374 -0.6404907589027246 -0.002808739537992561 -0.003958073491822556 0.9999882222474585 42.09002720364385
0.9999873261490758 0.004402328836560115 0.002442751901200759 -0.22820855654277664 -0.004411506497149009 0.999983183811397 0.003764400679395446 -0.6499118328463517 -0.0024261388960129626 -0.0037751292616284957 0.9999899310726451 43.48384839838858
0.9999883994253616 0.004203223905066321 0.002352428246522928 -0.24374657383369522 -0.004212018423660575 0.9999841131234936 0.003745985666877735 -0.6653411585572986 -0.0023366458519749186 -0.0037558507577494884 0.9999902167865957 44.901980645267145
0.9999906674116159 0.004050937047340913 0.0015016634646240414 -0.24997764958725294 -0.0040554258709589956 0.9999872821873522 0.002998164709056379 -0.6900744695702605 -0.0014894991139564953 -0.0030042266743851515 0.9999943779906773 46.308332283021684
0.999990108612291 0.004392267564191294 0.0007004683114439445 -0.2654109249643653 -0.004394752109795636 0.9999839154986631 0.0035853738296035016 -0.7218944135430245 -0.0006847091788208923 -0.0035884168234029804 0.9999933271966206 47.74715885274236
0.9999894035246184 0.004559921325431997 -0.0006324130085423561 -0.2561465299294142 -0.004557348996081661 0.9999815693931113 0.004011415223243441 -0.7374344006864263 0.0006506931485531265 -0.004008490672618332 0.9999917542674281 49.1374881742688
0.9999799577294152 0.006082802615597592 -0.001756028636336543 -0.2595900545889342 -0.006075053533180064 0.9999719315872738 0.004385176558761687 -0.773839402788892 0.001782653664646219 -0.004374420794221994 0.9999888432340661 50.57163761706631
0.9999808444930927 0.0055419453405879514 -0.0027563513661530083 -0.27485241217982054 -0.00552997612404906 0.9999753290033984 0.004331369137202974 -0.7796253545651393 0.0027802878133259892 -0.0043160437019610165 0.9999868207993133 52.015585810564644
0.9999703197787281 0.006808258373888757 -0.0036065438914036707 -0.29464194684534506 -0.006788666542716967 0.9999622838644552 0.0054170903465039335 -0.8147508442496885 0.003643289129042371 -0.005392446056674766 0.9999788237647244 53.4251137827907
0.9999671130462605 0.006543066522822195 -0.004791772501789224 -0.2956435657821325 -0.006514102237979484 0.9999605686012305 0.006035538625018873 -0.8404659742969677 0.004831074898934371 -0.006004126165841954 0.99997030515673 54.887986503991335
0.9999785243443824 0.005027707055445297 -0.004203926027873101 -0.3567013627076889 -0.004999622072005454 0.9999652917613833 0.0066647625342716 -0.8561615614800809 0.004237288953767959 -0.006643601501009067 0.9999689534936755 56.247447171091395
0.9999756277441245 0.004535901036283653 -0.00530749473044009 -0.3478932947204656 -0.004501720820600465 0.9999691662548825 0.006434365242855367 -0.8992369041120927 0.0053365171803561404 -0.006410315697485963 0.999965214119647 57.70630301952955
0.9999780597040686 0.004540317603309189 -0.004823443632230679 -0.3796667864642965 -0.004506485498429667 0.9999653310440673 0.0070020214988498865 -0.9324923251857644 0.004855068225602977 -0.006980131238647493 0.9999638523925751 59.14844758405931
0.9999791832004273 0.004186712784209267 -0.0049096419795492145 -0.36874906205565944 -0.004149435115093416 0.9999626730903268 0.007578563184294411 -0.9500802368484048 0.004941188408581021 -0.007558033338223079 0.999959229569389 60.55645037173237
0.9999899848624604 0.00016617328015234786 -0.004472421313629164 -0.38422330950989514 -0.00012966969240716525 0.9999666902189037 0.00816098255218562 -0.9381472774054693 0.0044736288601579565 -0.008160321045930624 0.9999566969705558 62.01780724544207
0.9999903657764474 -0.001011989618553642 -0.004271325882745907 -0.38317784492122325 0.001046629612546101 0.999966521487312 0.0081154461987643 -0.9779386234416002 0.004262970504713675 -0.008119838671627648 0.999957946772232 63.43292476047489
0.9999911643901434 -0.001914201751762462 -0.0037425885776628527 -0.39237318644657415 0.0019406839703599889 0.9999730172315524 0.007085093486516557 -0.993594279911488 0.003728925614907333 -0.007092294208409977 0.9999678967274386 64.83980082556418
0.9999922715014696 -0.0026668526330581137 -0.00288874247974661 -0.4120923817515124 0.002686235711923425 0.9999737665552713 0.00672683679647986 -1.0031830488082591 0.002870727463904167 -0.006734544784372758 0.9999732020595865 66.28922799910612
0.9999965777139628 -0.0011090696981042626 -0.0023694983412647277 -0.4176742036241086 0.0011247503572537152 0.9999774111118793 0.006626628035375431 -1.028023920226569 0.002362095629647389 -0.00662927058299796 0.999975236334205 67.65930904988664
0.9999978522035242 0.0012737026286364587 -0.001635012246126877 -0.4479830512315821 -0.0012610819727951325 0.9999695824330567 0.007697004667343941 -1.0461449008614918 0.0016447663532603242 -0.007694926405253162 0.9999690409488861 69.1254462663525
0.9999907921029075 0.004213998470782368 -0.000811120818084585 -0.46025599228475966 -0.0042067830325650535 0.9999532959849934 0.008701082147309152 -1.062308428515753 0.0008477493607616146 -0.008697589994688155 0.9999618158976583 70.49194423614787
0.9999700481879147 0.007732445772011577 0.00033465427929291994 -0.48307578105779037 -0.00773531245713742 0.9999236487704926 0.009636471548994486 -1.0881130313186707 -0.00026011524901448655 -0.009638771770311834 0.999953512130216 71.92063846849695
0.9999333987228203 0.0115140139986574 0.0007909324224764697 -0.5036237863275206 -0.011521032233210502 0.9998882207846375 0.009529521316282359 -1.1067371429641246 -0.0006811210213955015 -0.009537999192181198 0.9999542802786693 73.29040678026762
0.9998852668367577 0.015089649819608524 0.001324988179135231 -0.5067650827419308 -0.015101048736589712 0.9998449178563454 0.009060827787299159 -1.1207637078588466 -0.0011880580727179316 -0.009079797110487052 0.9999580720228135 74.69104838720607
0.9998818126526035 0.015222724910081746 0.002151589172348117 -0.5220812394820383 -0.015241559800873362 0.9998430974823356 0.009026367407980558 -1.1222645527079094 -0.0020138458383880007 -0.009058094369152427 0.9999569467489132 76.14852998582784
0.9998657863147788 0.0161870446334742 0.002527627972593047 -0.5254076905320626 -0.016210220753377885 0.9998240942835224 0.009434472608605445 -1.141745575519157 -0.0023744673131553037 -0.009474179977888554 0.9999522997716331 77.51738708327045
0.9998738208744378 0.015644345226803337 0.0027562210783070975 -0.5337121812914273 -0.015671564709431738 0.9998257034709016 0.010147156066942224 -1.1810218333623865 -0.002596995278138005 -0.010189070215339838 0.9999447177037565 78.92203656602983
0.9998832195213782 0.015163685560827624 0.001899979684161827 -0.5155099640880257 -0.01517989466608794 0.9998458040850683 0.008828300408843219 -1.1745159853061835 -0.0017658172866060007 -0.00885611111190012 0.9999592247614703 80.313734480894
0.9998875229177098 0.014877090164972635 0.001900964428802524 -0.5372335544524726 -0.01489320213928361 0.9998506949107203 0.008762445566107821 -1.2104935548625022 -0.00177032105579034 -0.00878977162249444 0.9999598021312771 81.71650635509228
0.9998805939530775 0.015366713293485646 0.0016315393218571772 -0.557509849334044 -0.015380797506034586 0.9998411848720953 0.009002007496974662 -1.2119151351766124 -0.0014929490602599849 -0.009026027167235181 0.9999581500929854 83.08369227021689
0.9998846216150094 0.015095031758817705 0.0016980686184683198 -0.5779934691689104 -0.015108222264156531 0.9998535151877295 0.008042998420122825 -1.2270808605345194 -0.0015764106882298506 -0.008067725399355755 0.9999662127973978 84.4594991464972
0.9998866224040388 0.015036776585689467 0.0007985295240999781 -0.5837967136363359 -0.015042774661347378 0.9998538229846067 0.008126969306528656 -1.2301355739132973 -0.0006762094271339282 -0.008138060161345438 0.9999666568036256 85.84138966164818
0.9998897952545482 0.01484313296602405 -0.00028055428012868167 -0.5953388443900852 -0.014840032911831093 0.9998499019008659 0.008941315755330855 -1.2505125794190068 0.00041322934935653435 -0.00893616713298958 0.999959986280406 87.20785184541793
0.9999037855997751 0.013803097938235287 -0.0013762243544408641 -0.6071203518289794 -0.01378885642539544 0.9998562079576054 0.009870708100928572 -1.2613129964374827 0.0015122729498865874 -0.009850782042596254 0.9999503363314853 88.59237337569989
0.9999124670914389 0.012898398208982784 -0.002947785904898045 -0.5901768159710965 -0.012867624188527327 0.9998648683858237 0.010230798774480474 -1.2802233309055597 0.003079348750097608 -0.010191972454960537 0.999943319052507 89.93363538960394
0.9999262730859836 0.011601719986542875 -0.0035844736793575003 -0.6113600377846362 -0.011561837668437734 0.9998731601153712 0.010953885797652394 -1.3024759961111723 0.0037111032626405234 -0.010911635325619083 0.9999335797630898 91.3154204795719
0.9999353283273219 0.010720428781239537 -0.003796253120967999 -0.6300252703191398 -0.010679201022001684 0.9998855228683778 0.010718947926113016 -1.3297202489962467 0.003910730593107335 -0.010677713985459138 0.9999353442204703 92.70167525999851
0.999938741549056 0.010324652392550456 -0.003989319629397512 -0.6450038372780736 -0.010281765238545449 0.9998906847354718 0.01062562480809979 -1.347979196122224 0.004098589772743784 -0.010583956870741424 0.9999355886407065 94.05121832019529
0.9999450260625511 0.009560559876770968 -0.004305870175782607 -0.6707251933710145 -0.009515791074970149 0.9999016702986604 0.010300459790056516 -1.3485162575356604 0.004403925323302209 -0.010258919985340821 0.9999376780651866 95.42199601850868
0.999947508792712 0.009413763347615203 -0.00404483500910076 -0.6805976352494068 -0.009373324178552809 0.9999070299460502 0.009903144745300628 -1.3676515687575794 0.004137685178659485 -0.009864711572494371 0.9999427818820699 96.78700924175503
0.9999325225309201 0.010993836260753037 -0.003753120910405942 -0.6902612828195559 -0.010959420527478371 0.9998988017431462 0.009070688890074478 -1.3846711164668115 0.0038524631017276597 -0.00902894498211034 0.999951817184506 98.13086761603944
0.9999137853200116 0.012673119059054529 -0.003437141695452132 -0.7210620354343678 -0.012641061599572503 0.9998778327391021 0.009193649244514383 -1.392278644245807 0.003553234307626268 -0.00914940769001863 0.9999518302770005 99.46862266291723
0.9999120017824377 0.012840190181518775 -0.0033343919869983497 -0.7171723431850119 -0.01280555353136548 0.9998658836415806 0.010209434667339513 -1.4021022617133163 0.0034650361735160573 -0.010165837733222615 0.9999423229753233 100.84115776004924
0.9999105746423586 0.012981812322779713 -0.0032117330796068815 -0.7562523012352536 -0.01294341365198512 0.9998477650397943 0.011701060437796148 -1.4203217852601082 0.003363145404968004 -0.011658443518957154 0.9999263822692764 102.1327978440711
0.9999014797585154 0.013552733258227097 -0.003654334041696246 -0.7326117374948771 -0.013513393153688009 0.999852677880124 0.010583514132151976 -1.4317345220906343 0.003797231550008774 -0.01053308921023858 0.9999373155728073 103.5109554282641
0.9999046405911521 0.013455937295172773 -0.0031060322908948107 -0.7443339598811614 -0.013429467642874698 0.9998746092415749 0.00839137793706672 -1.4466403996834822 0.0032185569564145153 -0.008348865557558764 0.9999599678703986 104.82631282034394
0.999922523480342 0.011981280367253603 -0.0033757847294812646 -0.7669926724279774 -0.011957521550333795 0.9999041953702316 0.006972645558111838 -1.4578458974131094 0.003459002832191208 -0.0069317394717632805 0.9999699926975474 106.12814450496825
0.999934736336058 0.011160320249631452 -0.0024434176860755174 -0.7956846773974058 -0.011139872990924494 0.9999040962121569 0.008228100113565796 -1.476609196612262 0.0025350118055487898 -0.00820034392715541 0.9999631633622877 107.51762669762674
0.9999660111658022 0.007802938887942529 -0.0026628249187685177 -0.7706311804875436 -0.007775408725038368 0.9999177767163314 0.010197197597871355 -1.4831548762503153 0.0027421743217192407 -0.010176146663681501 0.9999444617214316 108.8360491923322
0.9999771228057082 0.006464068200605095 -0.0019924032983741455 -0.7972686826213982 -0.006440843455644519 0.9999136936411186 0.011450799687383394 -1.5095904788581174 0.0020662502748836956 -0.01143770519953325 0.9999324524772945 110.17450315047691
0.9999798094231004 0.0062585052962613515 -0.0011008374474283566 -0.8028008999280334 -0.006246746002700533 0.9999266156434088 0.010379860373125 -1.5212459666001352 0.0011657191808055324 -0.010372774356016462 0.9999455218442612 111.50139091956484
0.9999689376543603 0.007868110256195457 -0.000465349180243957 -0.8209896373128602 -0.007864229877652604 0.9999384656784726 0.007824241781913429 -1.5349299603410371 0.0005268825926678159 -0.007820339290274656 0.999969281873807 112.82447570532912
0.9999424270145744 0.010718743972588502 0.000501158367670323 -0.8258364843425805 -0.010721784408555713 0.9999212805182389 0.006517371320892205 -1.561192979208841 -0.0004312609140142778 -0.006522369544753576 0.9999786361271004 114.17562837925398
0.999904031877732 0.013685620380873703 0.0021519288877506885 -0.8553460491271276 -0.013697308804734961 0.9998909858247809 0.005513640434703127 -1.5653534303536767 -0.0020762368789053456 -0.005542587053521875 0.9999824843304495 115.48081189044063
0.9998959600628475 0.01389966095517775 0.003855962244225201 -0.872312299949982 -0.013929190155739643 0.9998730293704499 0.007739691984351502 -1.5928916513340732 -0.0037478938670671797 -0.007792597339804087 0.9999626136590863 116.85226641958809
0.9998861979707617 0.014576999563903658 0.0038861495679362082 -0.8688477099379714 -0.01461426514631513 0.9998457693787859 0.009739648032335875 -1.5970339192408702 -0.00374357566888754 -0.009795333061992739 0.9999450170334482 118.14553778004348
0.9998792573165363 0.014721481128225224 0.00497481145764654 -0.8717068380950428 -0.014772654392643577 0.9998366760742681 0.010411046698388247 -1.6123874003311598 -0.004820733324230268 -0.01048328102498064 0.9999334284577404 119.51684577168285
0.9998780139975859 0.014363641304120128 0.006135381177043103 -0.8785357796494957 -0.014422871586875299 0.9998487288863999 0.009721118916950938 -1.637158767840552 -0.00599482290546267 -0.00980842309081298 0.9999339262830257 120.84202463370698
0.9998421489080228 0.01617164389247113 0.007359019242705156 -0.8759067303548844 -0.016243556389113244 0.9998198474609998 0.0098193451387858 -1.6352058438818664 -0.007198899145174451 -0.009937331990861773 0.9999247098059587 122.16402391504988
0.9998033058339226 0.017852957089511172 0.00863837507371738 -0.8766707888075168 -0.017932797801533035 0.9997963594757352 0.00925496563480634 -1.6486972005443437 -0.008471388155511905 -0.009408055662801848 0.9999198588223678 123.52052060073932
0.9997465101758033 0.020330827744921485 0.009673302513558732 -0.8709254161029041 -0.020420425648492217 0.9997486400561294 0.009255429718432948 -1.661348643325995 -0.009482701280398858 -0.009450616710062174 0.9999103780920556 124.87670912336041
0.9997463392293162 0.019623814775258416 0.011052739069168187 -0.8768402503821451 -0.019710688011589532 0.9997752488608805 0.00780644592819489 -1.6752966487515157 -0.010897063620092354 -0.008022322994852954 0.9999084439756403 126.20021971210126
0.9997358160966902 0.019420788202454454 0.01229353281431771 -0.8942418152616844 -0.01951753548816028 0.9997790946178335 0.007799219676995912 -1.6906204319987146 -0.01213935113379133 -0.008037098875083451 0.9998940149794826 127.53805067817939
0.999744811640231 0.01862396268094274 0.012785130638598484 -0.8657758482739013 -0.018731406635226835 0.9997898002900741 0.008336047737350645 -1.6929486771210032 -0.012627194027161453 -0.008573404128845843 0.9998835185706462 128.82880584914048
0.9997242323498963 0.019173344702565036 0.013558836804622556 -0.8566729028473608 -0.01929688643113943 0.9997729279513232 0.009040064276907723 -1.7210283411568434 -0.013382430827806564 -0.009299214840662148 0.9998672087561877 130.21203673529297
0.9997491461156168 0.01769219862056355 0.013734296671003343 -0.8281606657910351 -0.017813570844427876 0.9998029009242805 0.008765617135952896 -1.7222307566510031 -0.013576507755528967 -0.009008075293640153 0.9998672576967784 131.54193712070978
0.9997690826761855 0.016376271987743798 0.013913985823168138 -0.8392874450999517 -0.016505727785297002 0.9998210702106185 0.009240592757954762 -1.7513724741117083 -0.01376017089246808 -0.00946811959536651 0.9998604964724357 132.8965001188045
0.9997782494081145 0.015911527229769063 0.013794030389044783 -0.8319307730860652 -0.016049343270234835 0.9998218069704733 0.009938456930770714 -1.764556867416078 -0.013633437505798474 -0.010157638402150983 0.9998554654358207 134.22503487315683
0.9998095677434312 0.014239167108682048 0.013344449699825307 -0.8126792855450227 -0.014371867971238107 0.9998476919816781 0.009901630330995313 -1.7846895793791417 -0.013201427372549635 -0.01009152960948253 0.9998619321402019 135.55869046176912
0.9998192167141753 0.014663065594228916 0.012104890117851133 -0.7963801275765809 -0.014776754449105922 0.9998470400609661 0.009356497435957182 -1.7948037827882055 -0.011965844623362096 -0.009533677115908334 0.999882956930346 136.89560024705554
0.9998476707698235 0.012825034448407366 0.011838653736311416 -0.8348371431949231 -0.01295531538102324 0.9998556317676973 0.0109943373455979 -1.8262424612086607 -0.011695942835793192 -0.011146036299480843 0.9998694768785513 138.24075335595455
0.9998696740110355 0.012576924936242474 0.010122051586456848 -0.7795888521171674 -0.01268886528181042 0.9998581939370663 0.011071799389549036 -1.8368547024800894 -0.009981367863577104 -0.011198794017532675 0.9998874733214055 139.58860531574754
0.9998962738720472 0.01113224151071685 0.009138636469278039 -0.7995440126996006 -0.011234680317626868 0.9998737636878209 0.011235598300679273 -1.8479179061875524 -0.009012406200865993 -0.011337102759484166 0.9998951178160914 140.9458674062933
0.9999042046434569 0.011549785263284611 0.007627842160022134 -0.7894165022788797 -0.011631921873428127 0.9998738831183658 0.0108127829474721 -1.856722678956281 -0.007501995465101368 -0.010900473814727304 0.9999124460329548 142.27715725196956
0.9999139717131117 0.011421775688384192 0.006449200907358202 -0.7731544073113839 -0.011488338745550972 0.9998801289688218 0.010380066940946307 -1.869910684983723 -0.006329869565950916 -0.010453264775858045 0.9999253282140401 143.62605914690315
0.9999358284096761 0.009503905265640827 0.0061656169404698665 -0.7799462701074446 -0.009555862972111855 0.999918613649202 0.008452903614147654 -1.8833562431073425 -0.006084780056163078 -0.0085112791385822 0.9999452652897551 144.97028831224736
0.9999652274397411 0.0069080543440489806 0.004671475948331429 -0.7807170053783361 -0.006942230335929887 0.9999489666786882 0.0073395836718383465 -1.9271685354804882 -0.004620535689475407 -0.007371759064589274 0.9999621531912979 146.27906383043347
0.9999876345826767 -0.002653404388551517 0.004205964301146495 -0.7964303504388535 0.00260989353254972 0.9999433720968748 0.010317027092288114 -1.928082138216989 -0.004233101720377358 -0.01030592259656414 0.9999379324776644 147.70270056565022
0.9999566301146461 -0.008956785070463151 0.00255223504030794 -0.7820819026231263 0.008925897835612684 0.999889745085933 0.01186701336634427 -1.9508061516719435 -0.00265824414642899 -0.011843717930529869 0.9999263273284089 149.01185626961473
0.9999484688335328 -0.010053815024122491 0.001407299802965512 -0.7824387631458976 0.010037038872386075 0.9998839586871754 0.011459799168012822 -1.9973204293625066 -0.0015223513177687344 -0.01144508372501217 0.9999333440319694 150.28277689079
0.9999584558939049 -0.009011035577622055 0.0013739488511401996 -0.7757960004155735 0.009001956674052037 0.9999385035190008 0.00647718651947498 -2.0064150867513484 -0.0014322306314420712 -0.0064645493218727255 0.9999780789183059 151.70662498861395
0.9999906663507624 -0.00406762313019433 0.0014565922656937574 -0.7594033325574407 0.004061967274239858 0.9999842800089431 0.0038652490895893133 -2.0215234720361543 -0.0014722918656821398 -0.003859296454348375 0.9999914690567484 153.02720986110933
0.9999829543206988 -0.005192163549906977 0.002670677050872792 -0.7854780507882846 0.005180457038842772 0.9999770245265303 0.004371873318274991 -2.039461454387393 -0.002693315395798577 -0.004357963548725382 0.9999868770155537 154.4025936079345
0.9999672227942235 -0.0074703237718161015 0.0031221166623360283 -0.7842373487170102 0.007453482171684031 0.9999577942799387 0.0053717085319952545 -2.007320641155513 -0.003162113555454076 -0.0053482619186398924 0.9999806983785106 155.73304630305108
0.9998354704738616 -0.01785631983768822 0.0031912124019808186 -0.7754360611657528 0.01782925727931989 0.999806454253912 0.008316946940711958 -2.0225739225026262 -0.0033391050952028276 -0.008258681756822654 0.9999603214883316 157.05918064719373
0.9998071665798437 -0.019378490596617684 0.0031786426350249824 -0.7625338471655851 0.01934834847358552 0.9997699712608292 0.009254510607110526 -2.0399738707969015 -0.003357250177460954 -0.009191224706402282 0.9999521239830987 158.4004642057214
0.9997825617337966 -0.020665925141094763 0.002783666761037324 -0.7489873168745753 0.02063841088405427 0.9997411532676779 0.009575095321541556 -2.06616355997255 -0.002980824663764102 -0.009515563040352046 0.9999502831358965 159.74739435967373
0.9997882708996674 -0.020180792970314207 0.004018579075743665 -0.7584917378579132 0.020142689794617676 0.9997537961058078 0.009306944219407623 -2.0649830809579566 -0.004205411546805931 -0.009224028839685788 0.9999486145815704 161.10268319029848
0.9998283650857508 -0.017830322975035517 0.00503189492634471 -0.7541840909970394 0.01778503221275618 0.9998021631837425 0.008906576858309534 -2.0802449589636867 -0.005189707004363996 -0.008815555921284789 0.9999476750870444 162.43896867479248
0.999853508961644 -0.015847436568049565 0.006466791105631367 -0.7799013824229319 0.015796385591988173 0.9998442514388971 0.007870645157238619 -2.0972598138111698 -0.006590514011591946 -0.007767340388011915 0.9999481154260428 163.78929462177794
0.9998640937974915 -0.014785720996541536 0.0072922154187180805 -0.7959539670725254 0.014733926400641249 0.9998661980149891 0.0071061570603853765 -2.1017417846733673 -0.007396309979765968 -0.006997748444877461 0.9999481617116509 165.1475427222565
0.9998575975118423 -0.015033786097751412 0.007666158752477755 -0.8086475517028004 0.014971735858091506 0.9998552025832353 0.008088323719901494 -2.1104133670769847 -0.007786647491662185 -0.0079723963578825 0.9999379025782469 166.49911619452817
0.9998466482538845 -0.015874425135021096 0.007394769659993135 -0.7882476866804622 0.01581473426885601 0.9998424375487481 0.008061900823017151 -2.112791582037448 -0.007521583191050169 -0.007943718337596644 0.9999401597699519 167.82037838294292
0.9998687873157872 -0.01453068830137985 0.007160116322610333 -0.7953576057229955 0.014485460429408792 0.9998750519660391 0.006328655511157464 -2.117016808350836 -0.007251182007426625 -0.006224107635273864 0.9999543393768093 169.19876537221455
0.9999091574827235 -0.011722024102120221 0.006653641842514409 -0.7888060148422609 0.011688994594402532 0.9999192722313073 0.004981607626360269 -2.1576052296232833 -0.006711499795871122 -0.004903380783264034 0.9999654557143449 170.6037468883
0.9999173686894893 -0.011010804376448566 0.0066346059854519536 -0.8038007226408579 0.010979379486324348 0.9999284210743955 0.004754570716382386 -2.14781300499986 -0.00668648329600849 -0.004681334061515414 0.9999666874686827 171.93629341830575
0.9999286660495137 -0.009855835059302051 0.006747247139462958 -0.8007620882739223 0.009818461482831994 0.9999363952128196 0.00555007494511813 -2.1401163520248905 -0.006801519175102678 -0.005483431545190404 0.9999618349267974 173.30079611686318
0.999969994278581 -0.002233627563844806 0.0074176452073900934 -0.8101888424386275 0.002175166773742382 0.9999665860067831 0.007880070681762432 -2.1914594151565847 -0.007434999119116201 -0.007863699766390751 0.9999414397901291 174.71868701080322
0.9999662296688658 -0.0011662276881783968 0.008135074891302925 -0.8174366947180749 0.0010771016065220032 0.99993944954785 0.010951579090213097 -2.2107989768038103 -0.008147355023189343 -0.010942447157672631 0.9999069373962539 176.0853010106356
0.9999671856400418 -0.0046766758853943845 0.006614858912012399 -0.7984675112408255 0.004597135774349049 0.9999175613703277 0.011989028126122419 -2.204155247723252 -0.00667038294454097 -0.011958225535973985 0.9999062490210044 177.51716179452794
0.999968863944863 -0.005819995385767673 0.005329053158893581 -0.8115057805821997 0.005758408693528857 0.9999172900310668 0.011500165866832045 -2.2009279657106697 -0.005395543751635339 -0.01146912114820074 0.9999196704565584 178.91725266618832
0.9999499538657287 -0.009400782547609782 0.003422727749472643 -0.8143416925002598 0.009374550117620279 0.9999271656500645 0.007601394181515685 -2.195977592188422 -0.0034939377995427583 -0.007568927367438114 0.9999652512637375 180.25902872948177
0.9999706742775658 -0.007437309009372678 0.0018267541175956898 -0.8311428452784191 0.007429795013744255 0.9999640487858148 0.004086474346501586 -2.226489055484371 -0.0018570809691483522 -0.0040727821721243535 0.9999899817968002 181.67960469931083
0.9999935719346468 -0.0034741108799687496 0.0008869324349231001 -0.8461604257691342 0.0034707004608139688 0.999986686756445 0.0038184476594223036 -2.2595384967543803 -0.0009001864102685419 -0.003815344909187626 0.9999923163740498 183.07038002903633
0.9999997951234958 -0.00037302052886814194 0.0005202019063073535 -0.8551746625005896 0.0003704217112207274 0.9999874961327586 0.004987019564523257 -2.262735452737923 -0.0005220557024915198 -0.00498682594629782 0.9999874294335944 184.39542127635406
0.9999977085984059 0.0020960421471712103 0.0004352036409155308 -0.8679365083417462 -0.0020991637437300075 0.9999711489505948 0.0073003273656720696 -2.2764715145871244 -0.0004198893206903277 -0.007301224346562005 0.9999732575511225 185.84445092103638
0.9999810328295433 0.005978752648642702 0.0014793538989690725 -0.8843000044162133 -0.005992035831640621 0.9999402445460659 0.009143459567203686 -2.303808992828919 -0.001424599129765652 -0.00915215066702247 0.9999571034081131 187.22189825249123
0.999993298172321 0.0032644724845329555 0.0016573551649208408 -0.8906618934118306 -0.0032801025707358458 0.9999493310660943 0.009517154538637506 -2.2994958772656653 -0.001626202829309458 -0.009522527240106502 0.9999533373813505 188.6762742151261
0.9999988995405967 0.001483504285175091 1.1405778962980413e-05 -0.8125039010416603 -0.0014835431185637807 0.9999457476421761 0.010310231383933246 -2.3099044996259273 3.890120845294592e-06 -0.010310237163256917 0.9999468480864362 190.06925688441427
0.9999986821591184 -0.001186433150928012 0.0011081786127405601 -0.8729700592490155 0.0011743165494121372 0.9999402164919432 0.010871265661702807 -2.3252054424484383 -0.001121010477763458 -0.010869950195041835 0.9999402919776926 191.43695037024082
0.9999884659739704 -0.004217726027244366 0.0022975454226828833 -0.9330343371290735 0.004191340709356842 0.9999265695408178 0.011370496018046237 -2.3368377262071562 -0.002345334538579858 -0.011360735293566007 0.9999327142865165 192.89504449738652
0.9999819690165631 -0.005712480127734749 0.001851815940299766 -0.8966653740963636 0.00569054935055965 0.9999160658337173 0.011639541417354324 -2.3401367881348674 -0.0019181513110065375 -0.011628793918245 0.9999305435124627 194.24917195267687
0.9999689642413604 -0.007590931602186905 0.002109104773897295 -0.8818562839466029 0.0075645669588214545 0.9998964821857992 0.01223937196602897 -2.3459955630552014 -0.0022017948550762086 -0.012223037876859173 0.9999228717486501 195.70045700338827
0.9999297365046531 -0.011568415945191054 0.0025872417374351916 -0.881446234234742 0.01153384137071924 0.9998489526412314 0.013001630300100112 -2.3554568677626655 -0.0027372594286811875 -0.012970876168893641 0.9999121280311004 197.11706256854276
0.999960114654532 -0.008308172168751295 0.0032777108585425813 -0.9129582890093108 0.008271995804440583 0.999906371309043 0.010900582016097067 -2.395587238139801 -0.003367968158127627 -0.010873034237351288 0.9999352148596928 198.53986239550477
0.9999886791703494 -0.0016645431772891964 0.004457671458044644 -0.9392784531868507 0.0016328613033287278 0.9999734506797638 0.007101527663079004 -2.4240120028589285 -0.004469374281150558 -0.007094168643578691 0.99996484811294 199.96653628888458
0.9999548074476514 0.007684420883992251 0.005597564434015931 -0.948162537216388 -0.007712955076978947 0.9999572803755546 0.005093894684045949 -2.413263136078432 -0.0055581821435137105 -0.005136838343570214 0.9999713593390359 201.434276747507
0.9998920772239455 0.013528451759550201 0.00572842647550713 -0.9287639102815471 -0.013577242634572096 0.9998711352483333 0.008565711348690405 -2.425903533380727 -0.00561180793856989 -0.008642563325652693 0.9999469054442103 202.85676130563718
0.9998632885360659 0.015016345285648502 0.006921963564878874 -0.9218409514537367 -0.015083698763367652 0.999838374647658 0.00978297753240539 -2.416692446059996 -0.006773940796907116 -0.009886049101329626 0.9999281872994203 204.29109387231838
0.9998956025839387 0.012718285191999492 0.0068577788249377936 -0.9448713849089773 -0.01278928924142047 0.9998640114275672 0.010411184386830984 -2.4253460818318984 -0.0067244343937365655 -0.010497803814205566 0.9999222860273509 205.74282884794417
0.9999297362877557 0.010519550092390915 0.005464570879631148 -0.9446585856982075 -0.010577269606619026 0.9998874165873061 0.010643098169763365 -2.448348710973872 -0.005351995499552261 -0.010700150800251858 0.9999284288962184 207.1987005082768
0.9999491949330319 0.009121836851166555 0.004289478990841217 -0.9393191515850047 -0.009165116835111696 0.9999061732229902 0.010180638523727994 -2.45727104894998 -0.004196210746122558 -0.010219435076811315 0.9999389756182708 208.62523266524693
0.9999489946399869 0.009307221091067236 0.003922210853894143 -0.9569213931491237 -0.009345023757549378 0.9999089710205924 0.009732431405166487 -2.460828554197563 -0.0038312722446598845 -0.009768588349156202 0.9999449465011391 210.1596769264531
0.9999332372318932 0.010787560168379857 0.004141208078447838 -0.972086072803109 -0.010827152258354466 0.9998947226838801 0.009660038551267163 -2.484761868140736 -0.004036564190022874 -0.009704231306996726 0.9999447654958645 211.6186547392756
0.999928900129858 0.01136832120484672 0.0035994354573114316 -0.964971865688603 -0.011404575949689346 0.9998827660853685 0.010217130529191213 -2.4820456823341117 -0.0034828621464981714 -0.010257454335630264 0.9999413254291046 213.05827653934918
0.9999300671111573 0.011483925084680078 0.0028249474575655206 -0.9709976587276071 -0.011512460497715878 0.9998806685449928 0.010301065331543268 -2.5099635302184082 -0.002706313910979816 -0.010332867254550845 0.9999429522323985 214.4859475802133
0.9999201139538901 0.01230307255773118 0.0028982908707740015 -0.98745918469305 -0.012330192734529935 0.9998785390336726 0.009532762122046366 -2.526529508750976 -0.002780656805512713 -0.0095677372681472 0.9999503619434049 215.9588170183159
0.9999288754926965 0.011629760182674302 0.002644354319741473 -0.9933617839274601 -0.011653362542997547 0.99989075880001 0.009092284230328417 -2.5285435959875406 -0.0025383245700433005 -0.009122453352315088 0.9999551678713925 217.44795079695803
0.9999186387521553 0.012633438206095306 0.0017641107286410958 -0.9721977292943068 -0.012649004260291852 0.9998784976914661 0.009110025981741873 -2.5550843399716747 -0.0016488055675502598 -0.009131599211098525 0.9999569467415115 218.9283328734008
0.9999100162101228 0.013272992006486361 0.0019460563990201499 -0.9947036952707811 -0.013289212384949007 0.9998749421836581 0.008573030835240022 -2.5592551208545613 -0.0018320234083911275 -0.008598121136377057 0.9999613572549826 220.3892697144194
0.9999117204743879 0.013140954849222064 0.0019663503518223646 -1.014713405603196 -0.013157685666297686 0.9998751319961244 0.008751899988053893 -2.5846675576692446 -0.0018510966451332246 -0.008777000175865402 0.9999597680453228 221.8631480768236
0.9998858918097477 0.01504275988745368 0.0013851706058394786 -1.0209266855626882 -0.015053709989498534 0.9998525180992839 0.008266069356096133 -2.6047538541353323 -0.0012606219224551517 -0.008285978260279821 0.9999648760818043 223.36178187568208
