1.0 -3.469446951953614e-18 0.0 -1.7787691892340307e-19 0.0 0.9999999999999999 -3.5405977195229754e-19 0.0 2.168404344971009e-19 -2.354751593366955e-19 1.0 0.0
0.9999999195984973 -0.00016449153133784623 -0.0003657119489158232 -0.0049065097261917125 0.00016481236129456574 0.9999996015142838 0.0008773868923926079 -0.02490990254668069 0.00036556751208958863 -0.0008774471131649263 0.9999995482237295 1.3197080815666369
0.9999995885141431 -0.0007967156743957683 -0.000433838972077687 -0.015243000443946306 0.0007972602009323863 0.9999988930539717 0.0012562903912553863 -0.042043961407161407 0.00043283762324938216 -0.0012566357813657838 0.9999991167591026 2.6204798346204417
0.9999985564732312 -0.0013890215175438071 -0.0009786067818464807 -0.015693321829782565 0.0013901968343673753 0.9999983121582889 0.0012012622566325284 -0.07448900497498141 0.00097693663462216 -0.0012026210020632854 0.9999987996489331 3.9460830322314426
0.9999976431464664 -0.002144235312433256 -0.00034052767526465753 -0.029975669428090122 0.0021446474735464776 0.9999969630616752 0.0012142286684661977 -0.08957788342197837 0.0003379230788067497 -0.001214956141105304 0.9999992048448283 5.2571509383620665
0.9999964974793141 -0.0025297697879809143 -0.000778007958853051 -0.02237725619977346 0.0025310160541264382 0.9999955091732294 0.001604863589829177 -0.1125979003244349 0.0007739445964152012 -0.0016068271497584707 0.9999984095576243 6.583820123269455
0.9999936147440046 -0.0035275937291434946 -0.0005714523019598738 -0.030362061045862018 0.0035291485620663372 0.9999900113918885 0.0027426668475987025 -0.1486289566643061 0.0005617716295219922 -0.0027446661268916285 0.9999960756032481 7.917281055026781
0.9999931632201767 -0.0036769847486807714 -0.00039153615231306564 -0.049985453002682395 0.0036781418251972606 0.9999887473898132 0.0029960575414286423 -0.1648088034795186 0.0003805153234693354 -0.002997477240114873 0.9999954351593121 9.235821410464755
0.9999937745940091 -0.003409086356632592 -0.0009104431723164399 -0.04912132178518923 0.003411341710410966 0.9999910887449057 0.0024870008584582815 -0.19008900960645317 0.0009019567369109656 -0.0024900912558399628 0.9999964929545976 10.565360583694101
0.9999996765058126 -0.0002461027726401964 -0.0007657812155211709 -0.07057440025427295 0.00024612932597686127 0.9999999691127843 3.4559856620236556e-05 -0.21178423973363797 0.0007657727513506495 -3.474832777433314e-05 0.9999997061928938 11.887307172995648
0.9999973880191126 0.00210213728042887 -0.0008972004555767096 -0.06598728068188668 -0.0021027050703293065 0.9999975894634737 -0.0006322202281187497 -0.22871801889637328 0.0008958693541829314 0.000634105134878049 0.9999993976648882 13.228750319035488
0.9999848168496686 0.005482228864912815 -0.0005578754859836478 -0.0989570739159684 -0.005482629930467487 0.9999847115755562 -0.0007193018562995296 -0.25437218381824156 0.0005539236254114165 0.0007223495694564541 0.9999995856901657 14.564001496828883
0.9999828521944275 0.00585365411924367 -0.00017331628641843082 -0.1182131753628327 -0.00585362930959464 0.9999828567876677 0.00014548678960238796 -0.28481037215620886 0.00017416495901942408 -0.00014446977300115044 0.99999997439767 15.913453890039907
0.9999910907663725 0.004220123942965096 9.45193532909045e-05 -0.1127815360928453 -0.004220396061367074 0.9999863232737428 0.003088936701163795 -0.3123907628512367 -8.148236949857466e-05 -0.003089308154265771 0.9999952247567148 17.25659407546568
0.9999999850975518 -0.00014989209441641262 8.565996376031513e-05 -0.11766555917692542 0.00014945853697270056 0.99998729135796 0.005039323694077665 -0.33691095629492024 -8.641423312301345e-05 -0.005039310915504352 0.9999872988589034 18.62195491727731
0.9999978385220463 -0.002069862753452053 -0.00019652532733827185 -0.11474180863415002 0.002070561904765164 0.9999912827495749 0.003625906014854111 -0.3705232992758324 0.00018901850543106332 -0.003626305165436636 0.9999934070702137 19.956089894327086
0.9999957160055964 -0.0029208908388282957 -0.00019071200288227493 -0.11722766675328546 0.002921085474473697 0.999995205855349 0.0010273858147992307 -0.3715321343598057 0.0001877102236666219 -0.001027938517722621 0.999999454053714 21.317239631804387
0.9999996065935791 -0.0008472511971697912 0.00026264010542989525 -0.13622412174317933 0.0008472835332345423 0.9999996335117403 -0.00012282378849478264 -0.4294009091207973 -0.00026253596880256437 0.00012304627409909151 0.9999999579670326 22.662095838558606
0.9999983021166419 0.001624353382251799 0.0008701944475385602 -0.1397273851380926 -0.0016255151104945954 0.9999977865861444 0.0013358615328601154 -0.41735751772698726 -0.000868022682615128 -0.0013372738058410817 0.9999987291163621 24.03656094609308
0.9999962225815033 0.002051416151102511 0.0018293478088835598 -0.1599405297524079 -0.0020625350972068596 0.9999792861065867 0.006096991782063324 -0.44295022731697287 -0.001816802597275003 -0.006100741965570094 0.9999797398821783 25.424981164371328
0.999998070072931 0.0004174832609191662 0.0019197812577154644 -0.14698052954490734 -0.00043034802325235023 0.9999774244402057 0.006705625207778279 -0.4645826629658198 -0.001916938587886173 -0.006706438571420949 0.9999756742177706 26.79499714972474
0.9999913765662077 -0.003738197848259104 0.0018090543774849299 -0.15364751596120219 0.003726636107515075 0.9999728760964725 0.006352892875580474 -0.5008742124327834 -0.0018327538288228867 -0.006346096525191854 0.9999781837977293 28.166600343110705
0.9999916072130034 -0.003724528061131478 0.0017068690070323874 -0.16194064208558476 0.0037177024437886723 0.9999851494021627 0.003984928818728151 -0.5031264869238747 -0.0017216857802225445 -0.003978549817154203 0.9999906034247916 29.528349254221897
0.999989667008676 -0.00383485309604145 0.0024412673210624626 -0.16491808721244922 0.003830093079340159 0.9999907607495543 0.0019516139272593455 -0.545514581029515 -0.0024487291233873934 -0.0019422435135308521 0.999995115694522 30.91131707178021
0.9999949215777386 -0.0013594212255453094 0.00288249865031376 -0.17643405523364294 0.0013571280022367568 0.9999987611723407 0.0007974052679073419 -0.5432811439733682 -0.002883579331989015 -0.0007934893109637751 0.9999955276606755 32.29517929450959
0.9999941192763334 -0.0001420744370835246 0.003426548130267596 -0.18379229998074767 0.000146370912369468 0.9999992034582839 -0.0012536579496838425 -0.5929839392942668 -0.0034263675786983952 0.00125415215186021 0.9999933435294508 33.67608645241705
0.9999933406437972 -0.0001754283158488662 0.00364525687804517 -0.19803461335341277 0.0001785374345963462 0.9999996205893815 -0.0008526108664116529 -0.583864971358321 -0.0036451062316308993 0.0008532560233019595 0.99999299255053 35.07198260203789
0.9999950669591028 0.00017302082573518798 0.003136259705590185 -0.1945347841567095 -0.00017581306368621465 0.9999995884495388 0.000890050937422434 -0.6365867517617494 -0.0031361046818263656 -0.0008905979573255895 0.9999946858253118 36.46657211237198
0.9999945565329214 0.001532587854651231 0.0029219993325038424 -0.20684517319794182 -0.001538869899291858 0.9999965071681569 0.0021488446176616952 -0.6490373788583604 -0.002918696078294733 -0.0021533295385546703 0.999993422169228 37.864877731408946
0.9999911291822627 0.0033383775548077328 0.002568421558769807 -0.20551679001316842 -0.0033450413355224527 0.9999910395604272 0.0025945140184899886 -0.6637946183801482 -0.0025597372916429874 -0.00260308253108897 0.9999933358295157 39.25954796294558
0.9999752572035226 0.006318008015086006 0.0030931774159509645 -0.22299699898723907 -0.006326814497649788 0.999975937059776 0.0028454757166203487 -0.7026929372697712 -0.003075125504579906 -0.002864975330116204 0.9999911677190525 40.65788123493608
0.9999554824850233 0.008907287901404565 0.0031133992183655463 -0.23409503581312674 -0.00891775919023441 0.999954572241171 0.0033655674029258176 -0.7288198349052105 -0.0030832799641842506 -0.0033931821919121826 0.9999894897927807 42.082688254025506
0.9999503621776875 0.0095643363200205 0.0027922452595630833 -0.23813725989579737 -0.009573774526468853 0.9999484363953615 0.0033863568291559397 -0.7388642716831036 -0.002759713256775466 -0.003412921136662077 0.9999903679281859 43.47289560207534
0.9999589875854775 0.008749249313675524 0.0023396083842730604 -0.24600763972647816 -0.00875666336684736 0.9999566114174825 0.0031774435784785956 -0.763981080991722 -0.002311706819254938 -0.0031978004947239677 0.9999922150102526 44.90033633769585
0.9999660503384509 0.008111126067331824 0.0014518226539089395 -0.23689693422638783 -0.00811501363516122 0.9999634497431145 0.0026917928012313956 -0.7865856055617737 -0.0014299362378268788 -0.0027034830347422694 0.9999953232192255 46.295282996500276
0.9999697205633985 0.0077609074957721855 0.0005711878093519714 -0.25035137184600964 -0.007762824741667795 0.999963973471762 0.0034337044713525964 -0.8176182264923515 -0.0005445186123925027 -0.0034380346048374336 0.9999939416903595 47.72728829932309
0.9999662592470648 0.008202669738216166 -0.0004433488395154553 -0.2583369641214015 -0.008200680022108475 0.9999570485670412 0.00431855125773862 -0.8393855914368096 0.00047875349019667053 -0.004314769876310924 0.9999905767344589 49.126150626976326
0.9999570924561947 0.009178849905938861 -0.0012497753862340717 -0.27737798648716755 -0.009173093014687219 0.9999476329941318 0.004537141531323203 -0.867975668726273 0.0012913557925744456 -0.0045254826451354 0.999988926143779 50.551859622334646
0.9999545097737789 0.009222186837262569 -0.0024350828064577143 -0.2858926711315082 -0.009210631594261682 0.9999464656581091 0.004714880999114745 -0.8837787286030426 0.0024784341720593436 -0.004692237969042007 0.999985920037026 51.99803251713578
0.9999446679975924 0.009931581451714903 -0.003467651103720636 -0.3031359048399709 -0.009910469791071928 0.9999325674284733 0.006053363138195696 -0.913854596279318 0.0035275370425105835 -0.00601866227108527 0.9999756658013707 53.407654063831146
0.9999528120634811 0.008638414183432027 -0.004444256897293566 -0.3089028572645415 -0.008607748596110035 0.9999393280531651 0.006873637577707944 -0.9352102071416846 0.004503364969480015 -0.006835058323862351 0.9999665002849669 54.864042558411725
0.9999713321881829 0.005854970136880227 -0.004801469091910743 -0.3217225210936083 -0.005817514193829898 0.999952826790771 0.0077782215897019 -0.9415737099382888 0.00484678426182622 -0.007750066151693581 0.9999582217116182 56.26062824124479
0.9999737412554287 0.004781957838915243 -0.005445150020327697 -0.3318347939432618 -0.00474196122317674 0.9999618566030102 0.007334790377951251 -0.9765707959690746 0.005480017450874288 -0.007308777237486911 0.9999582747280332 57.69539513854651
0.9999805866655429 0.0032539942932763724 -0.005313924789974696 -0.3541036813380253 -0.0032141221856343775 0.9999667485646936 0.007494743976565389 -0.9929352035596929 0.005338136405443285 -0.007477519029247294 0.9999577946201743 59.143471032533014
0.9999823782491216 0.0030768713433182845 -0.005077010773678343 -0.3588075075744169 -0.0030338853635315764 0.9999596710661415 0.00845291570047083 -1.0216735543675362 0.005102814995198992 -0.00843736384942417 0.9999513849097983 60.543245727587546
0.9999897086204357 0.001135052661893306 -0.0043925275621680224 -0.3815480404773835 -0.0010943457968998907 0.9999565389921535 0.009258646392054648 -1.0328676372733652 0.0044028460892258335 -0.009253744350573929 0.999947490207957 62.0001310969637
0.9999906178751763 -0.0015268931073680134 -0.004053733316207377 -0.3905456487387881 0.0015625523746499882 0.9999599873058296 0.008808076539113177 -1.0436174610508746 0.004040122472731368 -0.008814328247104278 0.9999529914142478 63.39694426966272
0.999990721519412 -0.002259796377989457 -0.003667450341720429 -0.4039073172864919 0.0022890327520141626 0.9999654811737206 0.00798728892523067 -1.0686441367898851 0.0036492744140875456 -0.007995609888103623 0.9999613757680187 64.81560468173508
0.9999933554071861 -0.0021145018128292774 -0.0029695153508744526 -0.4086537454735636 0.0021383913992607216 0.9999651917537112 0.008064896630317366 -1.093944922289953 0.0029523590048948843 -0.008071193188313038 0.9999630690302983 66.26629535586852
0.9999971714098428 -0.0006044292976780628 -0.0023003987758218117 -0.4258109217387993 0.0006225253784961689 0.9999688065328779 0.007873907549545632 -1.110281124972872 0.002295567998418991 -0.00787531749073144 0.999966354308114 67.63250529248151
0.9999952334851214 0.0025983720520133466 -0.001667771645672574 -0.4473612343052283 -0.0025824103124850745 0.9999515143718631 0.009502634578334439 -1.1358660769873636 0.0016923823133683006 -0.009498282603762849 0.9999534581547309 69.10643114834406
0.9999822771959127 0.005903639124403925 -0.0007696272288268479 -0.46328652614056326 -0.005895168380579423 0.9999266535791429 0.01057990831227071 -1.1523527726278482 0.0008320308185603144 -0.01057518393815516 0.9999437350243116 70.4669926208137
0.9999525824542188 0.009736144464487504 0.0002007795350516177 -0.4843403454043286 -0.009737816506328604 0.9998856484647388 0.011570001795798895 -1.171785621178163 -8.810936536763009e-05 -0.011571408564433252 0.9999330451308431 71.92356963194361
0.9999050089464253 0.013767069360917096 0.0006639663799086497 -0.4914525246094387 -0.013773680570150531 0.9998416366675225 0.011268865959143079 -1.1809492893911935 -0.0005087220074225006 -0.011276941010916043 0.9999362838734369 73.28783702561076
0.9998400083390057 0.017837050230297153 0.0013406401436798195 -0.508166535529349 -0.01785040939602668 0.9997832217735312 0.01071785380662452 -1.203072033478844 -0.0011491747148799614 -0.010740070239223617 0.9999416634438169 74.6865190142517
0.9998263980555352 0.0185153198953439 0.0020872544040010186 -0.5181321927453909 -0.018536531649785654 0.9997714904934194 0.01064724562573852 -1.202088472907065 -0.0018896404399219428 -0.010684087923744208 0.9999411380302914 76.13451486246011
0.9998155664445231 0.01904316625727062 0.0024881444711203115 -0.529421558131659 -0.019069752984604747 0.9997561160665593 0.011137906398093315 -1.2199813241203346 -0.002275436833751828 -0.011183300728028693 0.9999348759658949 77.50134981943954
0.9998333236232068 0.018063743710982752 0.0026506770146753353 -0.5343081049293616 -0.018092882543176675 0.9997711536013788 0.011414380144025675 -1.2469433088271555 -0.002443884177594076 -0.011460436262119077 0.9999313405587718 78.91474469476219
0.9998506687266404 0.017123098138528168 0.002332319290178744 -0.5401470785923405 -0.01714639336220655 0.9997992813554699 0.01036331215955569 -1.2597795646043206 -0.0021543993137504904 -0.010401755673331214 0.9999435794299115 80.2866555595923
0.9998519764157671 0.017080666530277608 0.002067859875836833 -0.5431349194160905 -0.017101572530467884 0.9997980618948722 0.010553278690730052 -1.2829437381597013 -0.0018871854139674716 -0.010587080432460802 0.9999421744581775 81.66838821471144
0.9998623301796096 0.01651167953320089 0.0016386227561250763 -0.5539611354441119 -0.01652876145809945 0.9998026139247744 0.011024213091390544 -1.2930279366542077 -0.0014562711562730757 -0.011049780023862676 0.999937888889888 83.07937970117992
0.9998601355580581 0.016661433053565124 0.0014511813679694886 -0.5696529826939452 -0.01667549980995712 0.999808006152375 0.010289731829053428 -1.304404117379707 -0.0012794611728596268 -0.01031249205105883 0.999946006286565 84.42224451442152
0.999865007994366 0.016421835980295688 0.0005376319025424616 -0.5728216492369805 -0.016426609309015655 0.9998090489483976 0.01058452586653978 -1.3145306610056975 -0.0003637119166222992 -0.010591928730428234 0.9999438378041543 85.83643796828777
0.9998685822035424 0.016198198870884938 -0.0006607807572850744 -0.5826220993160065 -0.016189622021451397 0.9998039904353531 0.011396354122824914 -1.3315048797110336 0.0008452517280727293 -0.01138415888585455 0.9999348411178802 87.1977457370665
0.9998865113631075 0.014970655200408491 -0.0016863674810902172 -0.5903435609091927 -0.014947880816022427 0.999806429876417 0.012793110272256191 -1.3512198231952488 0.001877562461626586 -0.012766451044109308 0.9999167427816624 88.57161958365677
0.9999133094738601 0.01286672992211282 -0.0027965624504585574 -0.5946711825020266 -0.012827612258688642 0.9998254662500196 0.013582688521419072 -1.3668220588515336 0.0029708394019571926 -0.013545638091486144 0.9999038402830286 89.95767194280322
0.9999236465276202 0.011798342923817127 -0.0036742596774576664 -0.6076892545193955 -0.011746448083405369 0.9998352362512494 0.01383912316566563 -1.3860719381328597 0.00383693334819665 -0.013794907284062838 0.9998974839893959 91.32405059245022
0.999930618563136 0.011034054301452389 -0.004124035890413082 -0.6246661610371392 -0.010978640500656401 0.9998522554909529 0.01322636241110911 -1.3938040732261452 0.004269367358569316 -0.013180168711329475 0.9999040232284653 92.70758908422913
0.9999442112262068 0.009651377107344402 -0.004292473094175962 -0.6365903125264738 -0.00959250515080709 0.9998624427452091 0.013530685439114482 -1.4241130064482406 0.004422472765083203 -0.013488755285348356 0.9998992425386786 94.02008643747696
0.9999475546112594 0.009145106723647389 -0.004610316781316834 -0.6561137305328872 -0.009085792284466614 0.9998777342834528 0.012726542256184796 -1.4190971380844013 0.004726139093862493 -0.012683986687934308 0.99990838585596 95.42300335305666
0.9999549678109574 0.008367417518810268 -0.004477571613491658 -0.6654387052874606 -0.008311400640628698 0.9998887433326418 0.01238634688713458 -1.4284878782909483 0.0045807155862961375 -0.01234857446476426 0.9999132611216623 96.76039123137458
0.9999454000996862 0.009526272680176242 -0.004294987635392082 -0.6787183485164886 -0.00947521196677756 0.999885999757932 0.011756184033068766 -1.4447802269797407 0.004406491001797981 -0.01171484647012922 0.9999216695431655 98.10413081884897
0.9999193734964554 0.012085069273596961 -0.003898406178290347 -0.7041391357155244 -0.012038097306051456 0.9998572534519855 0.011855671937572754 -1.45743542224095 0.004041126661221489 -0.011807786908556767 0.999922119705139 99.48149976980547
0.9999196106443202 0.012100328425665963 -0.0037887022467825242 -0.7146076780969942 -0.012049063199981688 0.9998393015469179 0.013273702636321997 -1.4680074009759982 0.0039487099131523245 -0.01322698553228284 0.9999047227393387 100.82283642444546
0.9999200941994744 0.012083406902110884 -0.0037143583268296984 -0.7347014889427996 -0.012026353275267722 0.9998149098195286 0.015017088654530905 -1.4791399425070708 0.0038951287687841725 -0.01497121882411329 0.9998803381368072 102.15583201630386
0.9999262345746974 0.011617300825093015 -0.003544530529156268 -0.7458789609554148 -0.011566006911361499 0.9998327881609728 0.014164152772116828 -1.494909859263691 0.0037084873894567463 -0.014122112173023437 0.999893400859221 103.49088640864957
0.9999270921518428 0.01158993132542519 -0.0033887813314754725 -0.760671360296155 -0.011549781541689114 0.9998655841758165 0.011636844507195966 -1.50389648194314 0.0035231963607176746 -0.011596856646146623 0.9999265473093808 104.81103724484554
0.9999439813272243 0.009943823499498837 -0.003626920514789027 -0.7731500978797199 -0.009904605560657115 0.9998939612395873 0.010675443031509605 -1.5219443194445097 0.003732690965342823 -0.01063892201060338 0.999936438163564 106.14467127920106
0.9999529684509226 0.009157263844115495 -0.003194585887226347 -0.7844249230994388 -0.009119122615614712 0.9998893073855122 0.011756470328873307 -1.5352009984340493 0.0033018896587814085 -0.011726785824281077 0.9999257872608582 107.50049080789486
0.9999821851425402 0.005330381981979555 -0.00268633770014912 -0.7926225857307372 -0.005292810693958698 0.9998907061118194 0.01380441925112621 -1.5389189531743024 0.002759627171517465 -0.013789955328580098 0.9999011059102052 108.85482732006997
0.9999890415066706 0.004279904263510932 -0.0018971754544929132 -0.8078826712892426 -0.004250968023865266 0.9998784169852971 0.01500268373872568 -1.5601539891485936 0.0019611550178480286 -0.014994454800131384 0.9998856535654839 110.1795725017501
0.9999919621672336 0.003810788376139726 -0.0012463882606254333 -0.8182877874883089 -0.0037932634867965387 0.9998979501965466 0.013773174880537866 -1.5659749391874556 0.0012987478423210487 -0.013768336570325628 0.9999043685122515 111.48067280083319
0.999988573856376 0.004755416545626244 -0.00048801659538125534 -0.8284140940779549 -0.00474939214736758 0.9999204877397044 0.011681672716707595 -1.5786956364636444 0.0005435290668684973 -0.011679221692328315 0.9999316478449657 112.82414377819708
0.9999680855093244 0.007967544811781064 0.0005883674697606367 -0.8329698785759927 -0.007972928197469946 0.9999202258861948 0.009796647049800643 -1.6011551245529605 -0.0005102653445895223 -0.009801025605251259 0.9999518386046465 114.16985357290325
0.9999386091055537 0.010888446387880793 0.0020541987956890235 -0.8497885859036258 -0.010906602114921672 0.9998996198265137 0.009044131996595853 -1.5983630393551518 -0.0019555162070896233 -0.009065981283608533 0.9999569910450516 115.4833436467055
0.9999262430037597 0.011619599187091184 0.003534606598951223 -0.8629993653576453 -0.011658894480149552 0.9998680975522358 0.011307417932679784 -1.61537672352191 -0.0034027529905806446 -0.011347793766655798 0.999929821961767 116.8485225220321
0.9999220680717286 0.011679979406118602 0.0044086099263602845 -0.8706452838977059 -0.011738744467496131 0.9998393188292408 0.01354763535627601 -1.6210718096623982 -0.004249665792669081 -0.013598331381817647 0.9998985077120015 118.15449425505895
0.9999223784203617 0.011239533644072692 0.005376801738522612 -0.8695312672957748 -0.01131667401697894 0.9998302727817275 0.014538175220486988 -1.6375405227367017 -0.005212487268821086 -0.01459789454897581 0.9998798585087975 119.52848016454521
0.9999114929035641 0.011710262825970923 0.006314751163621487 -0.8709118829206464 -0.011797278430904955 0.9998334721656579 0.013923080874961441 -1.64611899233664 -0.006150657154601613 -0.013996345741025257 0.9998831290315161 120.8307234163665
0.9998764259228439 0.013672807808007035 0.007758039882507883 -0.8692882828988231 -0.013778354953752407 0.9998109626745924 0.013718450325864611 -1.657107575413006 -0.007569004217992517 -0.013823648385044112 0.9998758007468683 122.14925683378152
0.9998436713853516 0.01531759208014585 0.008831994695965482 -0.8710043547903542 -0.01543323998619222 0.999794055316196 0.01317809140034928 -1.6591840661426547 -0.008628319884493408 -0.013312337848369077 0.9998741589595997 123.51689265052579
0.9998103388720821 0.016670968743264146 0.010068021024133214 -0.8745377043338567 -0.016796471635668234 0.999780637575711 0.012512206432553801 -1.6743758215637163 -0.009857222700072095 -0.012678940837573559 0.9998710314923998 124.84501857016974
0.9998000771666518 0.016592222855647713 0.01115812708135507 -0.8682385174928512 -0.016725704293111092 0.9997883712421535 0.01197762854039789 -1.6746999111242689 -0.010957031135896023 -0.012161861716488784 0.999866007315974 126.17908355483684
0.9997933489712955 0.016433509728067966 0.011966581497291158 -0.8630627994428222 -0.01657020805751447 0.9997975409935496 0.011415133312270207 -1.692856800042818 -0.011776569037587947 -0.01161106334022828 0.9998632384618936 127.51806456843221
0.9997831082065153 0.01625642008206423 0.013017884353388314 -0.8623662793751308 -0.016418125556206125 0.9997881625163217 0.012412706578897736 -1.7029457525787877 -0.012813341578646411 -0.012623743875327706 0.999838216596565 128.8442447979666
0.9997714588661917 0.016238282849470115 0.01390496918647173 -0.8530832636911274 -0.016423280987135656 0.999776732009807 0.013295187550193946 -1.7152139046051627 -0.013685974782619282 -0.013520514536805892 0.999814927764591 130.2153509362252
0.9997910667257739 0.014696528301413554 0.014206861651329325 -0.8360095097094753 -0.014894966518834698 0.999791547583354 0.01396428966505325 -1.721525469578491 -0.013998674790878605 -0.014172983068130696 0.9998015621390726 131.5452798338696
0.9998131123328733 0.013096450718565883 0.014220525941789939 -0.8255054958473605 -0.013299260334898201 0.9998098439256111 0.014262036701161438 -1.737625374329838 -0.014031040936486477 -0.014448494062375371 0.9997971648841883 132.89713301467037
0.9998441487696235 0.010712826021543387 0.014032587421169196 -0.8148079784043236 -0.01092573813616403 0.9998250083988058 0.01518488871120163 -1.728683960563512 -0.013867459925522223 -0.015335838802327474 0.9997862299535963 134.22791413395618
0.9998643413313477 0.009471715046983116 0.013475367606889898 -0.7979730436776976 -0.009679020488469709 0.9998345206044286 0.015402856388728594 -1.7525765173852292 -0.013327247358910586 -0.015531195519411742 0.9997905612900606 135.55668106515705
0.9998829522123555 0.00911283325040509 0.012289757161191014 -0.7935754186410469 -0.009293401925266039 0.9998485189629104 0.014716379397914833 -1.757718235745293 -0.012153788600232212 -0.014828870820482946 0.9998161781111417 136.90830202469908
0.9999171299103582 0.006275462204479354 0.01124063520050738 -0.7817639382547262 -0.006457908851931751 0.9998467978340642 0.016268874572753982 -1.761618210610224 -0.01113681933173366 -0.016340117685019025 0.9998044667882898 138.2339979398277
0.9999307366991496 0.005875287605963779 0.010198176055664627 -0.7679428976751921 -0.006042561705746919 0.9998464348262502 0.016449748258270357 -1.769168616405058 -0.010099963809514927 -0.01651023232419767 0.9998126839364146 139.5682518660253
0.9999518712036324 0.004222598723234074 0.008855785412735979 -0.7683250062382261 -0.0043714182813114726 0.9998484174643526 0.01685327257845134 -1.7780765379564727 -0.008783279151965393 -0.016891174121977933 0.999818754697498 140.93182402176083
0.9999631362336718 0.00385428674135602 0.007672720962493713 -0.7689509627459986 -0.003979805882223932 0.999857399719047 0.016411623078865217 -1.778611318395468 -0.0076083723590471865 -0.01644155434546102 0.9998358805130669 142.26153091787364
0.9999687342072935 0.004281359703731046 0.0066483505650462675 -0.7625760256288729 -0.004387245715876004 0.9998624535780699 0.015994561605340143 -1.7817914265570913 -0.00657895818000143 -0.016023229783961805 0.9998499754549153 143.60702541076674
0.9999806290194785 0.002157284517036697 0.005838468255069134 -0.750536344693167 -0.0022391014261262865 0.9998988805249484 0.014043331082586841 -1.7972045167768735 -0.005807582891086095 -0.01405613224605602 0.9998843418750306 144.9679210166192
0.9999857202692407 -0.002686044557327995 0.004620003400426702 -0.768511592429374 0.0026251844983241537 0.9999103622207954 0.013129201075608922 -1.807165036987803 -0.004654855275257824 -0.01311688548552742 0.9999031351272449 146.27648930234562
0.9999382519298561 -0.01054658065602565 0.0035017107555952234 -0.7562609114262093 0.010489502927407926 0.9998179762716238 0.01593689541940155 -1.815166117368436 -0.003669153410576247 -0.015899180443953272 0.9998668678264199 147.6666771458388
0.9998391359226573 -0.017828972448616188 0.001957046231565146 -0.7503647162986384 0.017791069327176553 0.9996810402453052 0.0179247206270945 -1.822409220090043 -0.002276001539373275 -0.01788701957532163 0.9998374239611727 148.96537044530865
0.9998037186871181 -0.019783155398432405 0.0010727862180843772 -0.7222108488811871 0.019765167795170985 0.9996955427985936 0.014770234864842118 -1.8326090830209427 -0.0013646615541210911 -0.014746132218539555 0.9998903386310666 150.27087240276288
0.9998309415459127 -0.018352745643344562 0.0011247508260555888 -0.744389175313395 0.01833814020881885 0.9997615851710673 0.011852654463543902 -1.8519283667417592 -0.0013420115238179501 -0.01183002505178871 0.9999291222455579 151.66905716802148
0.9998838401366664 -0.015084148332193854 0.002185112215633959 -0.7482264139589645 0.015062886950922557 0.9998419809953527 0.009440469446455954 -1.857983951676166 -0.002327168555772013 -0.009406458916498947 0.9999530503063824 152.98638401915548
0.9998726016952915 -0.015664422363242166 0.003066963418971805 -0.7564252845054877 0.01563412717030554 0.9998310680592511 0.009664853780739465 -1.867932892408685 -0.003217839925584092 -0.009615673373551455 0.9999485908439522 154.35274887917532
0.9998072177635459 -0.0193282930826989 0.0034560679912911296 -0.7592325293202304 0.01928389672318763 0.9997365474411369 0.012448575259722938 -1.8638905037905555 -0.0036957674932791467 -0.012379529163533864 0.9999165407975001 155.68274415256124
0.9996084058783352 -0.027725373960703445 0.003786625939534067 -0.7574832413236163 0.0276632504659661 0.9994959308283465 0.015576547422216099 -1.8666360101236732 -0.0042165831621109396 -0.0154656976362137 0.9998715080573134 157.01800965740173
0.9994754476901299 -0.03217112472653588 0.0037213153926098997 -0.7442548769082067 0.032104207280370445 0.9993428673350369 0.01682716223941892 -1.8592631645316076 -0.004260219073884459 -0.016698865932942952 0.999851488178441 158.35555134242412
0.9994692164992877 -0.03237533944234568 0.0036225205986514016 -0.7363306677217477 0.03230840936292164 0.9993296086722975 0.017219173124339113 -1.8881298679123504 -0.004177569003733261 -0.017092995901666744 0.9998451767205535 159.6943816154329
0.9995123230232921 -0.030879158401459134 0.004646901629170166 -0.7411844870827142 0.030794524083377604 0.9993760277053543 0.017298917257700774 -1.8839817628302806 -0.005178178518785347 -0.017147382160044113 0.9998395640074413 161.06570548556172
0.9995603693010202 -0.029050108033137047 0.005929531581236463 -0.746911032478897 0.028944243761122028 0.9994326795536118 0.017220621161363425 -1.873115971797175 -0.006426429068921031 -0.017041424948605277 0.9998341316671691 162.4091712117536
0.9996209615623363 -0.026657831366766416 0.006877007771299352 -0.7495811456320991 0.026546832129098516 0.9995233852792214 0.015756521823523665 -1.8808783976955328 -0.00729376539160205 -0.015567987005769893 0.9998522084623428 163.75661718457155
0.9996454248962116 -0.025534935617298013 0.007549275008305752 -0.7527163151261813 0.025418185046667006 0.9995616962806069 0.015176666039869276 -1.8713250157146528 -0.007933501979580974 -0.01497939617205606 0.9998563282972637 165.1020261782263
0.9996533952254866 -0.02515850304580405 0.007754943286905876 -0.75418693549046 0.025027505190981778 0.9995497544191098 0.01655029961926478 -1.8677778267604384 -0.008167833096455444 -0.016350476619400842 0.9998329602574721 166.4471432247734
0.9996844812825709 -0.023937993156286703 0.007609886664200813 -0.7470557937711526 0.023809635259141163 0.9995797950858956 0.016532831452859255 -1.8731209939926672 -0.008002452419847919 -0.016346426706605546 0.9998343638271369 167.7807259043573
0.9997282467366894 -0.022182936061386407 0.007165893896786211 -0.7469086245277418 0.02207731250161285 0.9996511495498569 0.01449729169227367 -1.8791175280769237 -0.007484987185424741 -0.014335148586514964 0.9998692306901555 169.1776666989318
0.9998261890524837 -0.017406457297042092 0.006678843037213285 -0.7513564777433841 0.017328909435672554 0.9997837238754643 0.011498450281988516 -1.8955164887579228 -0.006877546417451372 -0.011380714864718068 0.999911585432369 170.57551032653944
0.9999338346116966 -0.009506726937487046 0.0064767706211409344 -0.7563580571796962 0.009442991542966487 0.999907378654418 0.009801224949213514 -1.9263949329661043 -0.006569348849777631 -0.009739416536495222 0.9999309913278458 171.92312516283178
0.9999637591903532 -0.005105475818347806 0.006812814080779576 -0.7620790639656809 0.005029065771746735 0.9999247872933552 0.011186073634891542 -1.9410069755557668 -0.006869412470182132 -0.011151406362713752 0.9999142249741978 173.2795634952929
0.9999708838187702 0.0007182349265248186 0.0075970822589952886 -0.7729682518222869 -0.0008222441579835366 0.9999058615101191 0.0136964239153319 -1.9646450061494523 -0.007586530461219043 -0.013702272048717105 0.9998773386245409 174.68726632229476
0.999971069434107 -0.0007015141228702872 0.00757417854314431 -0.7735475962433688 0.0005819979061014099 0.9998754744554362 0.015770125332741594 -1.9580031094499695 -0.007584298958237774 -0.015765261242055486 0.999846955762413 176.0269868238035
0.9999707742296324 -0.003679504701335089 0.006701637361321518 -0.7700429100356982 0.0035638794508670024 0.9998459874007967 0.017184301811879292 -1.9552710846376566 -0.00676383550154017 -0.01715991608963457 0.9998298794347709 177.46957196031184
0.9999706797784059 -0.005542159496851709 0.005284322509916731 -0.7678988994396245 0.00544860034949738 0.9998309987470518 0.017558094528179056 -1.9602831852842686 -0.0053807396533173905 -0.01752878789634636 0.9998318804869882 178.86819302531168
0.9999739615476305 -0.0065086811509970765 0.00311661807321578 -0.7652277788615093 0.0064646219872304365 0.9998818754674704 0.013944309263136438 -1.971722814905375 -0.003207009246336545 -0.013923798684022945 0.9998979162511983 180.20490584859473
0.9999897499818282 -0.004303104651426054 0.0014082717892691284 -0.7787819417423059 0.004289792214470919 0.999947333358321 0.00932352849725622 -1.981744220064853 -0.0014483178537165477 -0.009317391916731938 0.999955543303887 181.61974978546093
0.9999994925631336 0.00021565757633627836 0.0009840560735561634 -0.8098483063987786 -0.00022406284067763918 0.9999634286259833 0.00854933940023672 -1.9887073476628832 -0.0009821764315467855 -0.008549555720260256 0.9999629695281734 183.01646810894783
0.9999815458147017 0.006042235653836674 0.0006319866117834041 -0.8272730401695256 -0.006047776765018279 0.9999396920940911 0.009167146786610809 -2.0001305249196197 -0.0005765584785240125 -0.009170799913242903 0.9999577811144355 184.3447438141176
0.9999875420712215 0.004869319039343879 0.0010979191989813446 -0.8207118361877623 -0.004883384092513491 0.9999010321294531 0.013193881553197976 -2.000336287481639 -0.0010335653985975544 -0.013199079008948943 0.9999123541888981 185.79515696966587
0.9999664355600062 0.008059025933512504 0.0014764278409687447 -0.8368362834746322 -0.008080787467040057 0.9998490815437647 0.015379044848567036 -2.0303679952045277 -0.001352265001855701 -0.015390459667544215 0.9998806454449372 187.15563612514057
0.9999870543455863 0.004828561446304124 0.0016050322320798676 -0.8397308203196826 -0.004854083581151557 0.9998554130960913 0.016296956062412396 -2.0151349847657425 -0.001526109427824941 -0.016304536372067982 0.9998659075540919 188.61580954001536
0.9999912870058416 0.0039144140045312675 0.0014502655206545445 -0.8390659640104677 -0.003938446628505112 0.9998484740386197 0.01695634395005728 -2.024273925262578 -0.0013836717210523207 -0.016961908339065888 0.9998551790754661 190.03281896658143
0.9999984920721436 0.0007799619689707665 0.0015516164568664399 -0.8433024418481776 -0.0008072030841512132 0.9998441809652499 0.01763412050352161 -2.0248831945029 -0.0015376208579026807 -0.017635346729061266 0.9998433028600814 191.3867987435577
0.9999981016520436 -5.997767291031353e-05 0.001947587673727455 -0.85057825647132 2.566732052007234e-05 0.9998448945694416 0.017612101977831533 -2.0312491408446514 -0.0019483420756302092 -0.01761201890007131 0.9998429980547918 192.83628952399263
0.99999249583829 -0.003125786288104509 0.0022886097756689727 -0.8524552255128348 0.0030832789830063066 0.999826921297636 0.018347229376021044 -2.0246794481541786 -0.0023455633672786313 -0.018340035630196632 0.9998290561048342 194.1994845511293
0.9999630602185544 -0.008201008785152593 0.0025732597267716173 -0.8501979343679387 0.00814772872762085 0.9997652884763545 0.020074422906117363 -2.0217500343001302 -0.00273728648625331 -0.020052715525850227 0.9997951769586202 195.65804428194988
0.9999266737422489 -0.011774600276006542 0.0028294771496771795 -0.8460779072318718 0.01171309924142752 0.9997140093550742 0.0208495271933428 -2.0334180613077506 -0.0030741630365032253 -0.02081485682762316 0.9997786211278024 197.07040956048365
0.999955996644775 -0.008877484767799183 0.003032334342137058 -0.8556946806953916 0.008823774990512583 0.9998115975870352 0.01728902276218007 -2.0483137284554456 -0.003185246333872052 -0.01726150568207024 0.9998459354477949 198.49784467888833
0.9999906447736553 -0.002712472871638656 0.003369401167639316 -0.8745904291392831 0.002671412612651993 0.9999228412472381 0.01213157443734175 -2.0496754581110728 -0.003402048032907997 -0.012122460117024433 0.9999207328734256 199.9216805700917
0.9999589611209077 0.0076387632647698395 0.004870868404637203 -0.8845956690537704 -0.007694213807619201 0.9999046287973741 0.011468757367226199 -2.0495746387477025 -0.004782797136959894 -0.011505764433945057 0.999922368104155 201.36666547240017
0.9998943237841234 0.013146039917069256 0.006206679662637157 -0.9071303194355591 -0.01323822916321995 0.9997990533688537 0.015053311843526146 -2.0445083649673355 -0.006007541509174223 -0.015133886817674646 0.9998674286699553 202.80799953732858
0.9998678931960466 0.014562394537485014 0.007220304026122226 -0.9011301835084229 -0.01468638920880507 0.999740252101702 0.01742809022160325 -2.047849688003325 -0.006964634416812485 -0.0175318283984714 0.9998220485977046 204.24754994840447
0.9998801484397372 0.013937438815300334 0.006740662178073353 -0.8994771165444533 -0.01405611368816161 0.99974113526702 0.01789100750540052 -2.0507568186859806 -0.006489562970691426 -0.017983611113989818 0.999817220948903 205.71585820106705
0.9999275362393262 0.010793468464856865 0.00533134968729094 -0.8909802894297452 -0.010889104204821691 0.9997742050284779 0.018247366532230937 -2.0574283062383945 -0.0051331939398272415 -0.018304098246583144 0.9998192888270592 207.157832983235
0.9999521116056538 0.008843415400223322 0.004191477653725798 -0.8891023562921396 -0.008917239198223213 0.9997994063929777 0.017934041150485115 -2.0589028050520826 -0.004032039021217609 -0.017970559084567038 0.9998303864513195 208.58504903412828
0.9999546377892083 0.008778533266081206 0.0036959035119899764 -0.900348190216629 -0.008841684671644425 0.9998089574601976 0.017431959310204543 -2.0537142354686013 -0.00354217068831321 -0.017463846919468052 0.9998412209353517 210.083385566417
0.9999414047526772 0.010208765715742972 0.0036011310514225733 -0.9037764880869674 -0.010270649782798038 0.999792244726405 0.01760628162781967 -2.0625415851091775 -0.0034206447686799426 -0.017642236292001613 0.9998385123069399 211.53655553508375
0.9999300555771999 0.011313311484492966 0.0034486104734742003 -0.9107144278636444 -0.011374736819596418 0.9997670103042343 0.018345039849494135 -2.0574389591942293 -0.003240264092473662 -0.01838298412115007 0.999825768115818 212.9699676570449
0.9999361444619602 0.0108893742632531 0.003021341614218174 -0.9219651780180884 -0.010942903622760285 0.9997725583832079 0.018305310168902314 -2.0664414422529065 -0.0028213212862868028 -0.018337203891032494 0.9998278787396516 214.41689925597606
0.9999310126454839 0.011417306412939613 0.0027595363017313686 -0.9278479631760039 -0.011464454895590817 0.9997772524333383 0.01772037835570971 -2.07038464619922 -0.002556602834748049 -0.017750792809676164 0.9998391736383135 215.87523155959835
0.9999441491432608 0.010271551785256119 0.0024887341790598367 -0.9315279752717207 -0.010313077173551398 0.9997973255136888 0.017290122904707973 -2.065120353578842 -0.002310633565297121 -0.017314824091439394 0.9998474172814098 217.3600867687402
0.9999306748986613 0.01161357122218702 0.0019417350969063226 -0.9316106844610568 -0.01164580640931039 0.9997789083760891 0.017507414955159877 -2.0765342083886966 -0.001737982318504059 -0.01752881467584855 0.9998448480036733 218.81765938366576
0.9999136925960312 0.01302063876555529 0.001752225827832919 -0.9408699475064588 -0.013048759806232033 0.9997681464377949 0.017128434244911995 -2.0832058895608454 -0.0015287965292790234 -0.017149820654918668 0.999851762232084 220.30003958904453
0.999940311316922 0.01079858713825316 0.0016626173386652043 -0.9470421959522091 -0.010825503877879603 0.9997945883208247 0.0171344578848173 -2.078240163372407 -0.001477247992791155 -0.017151434167155526 0.9998518120453519 221.80196231116264
0.9999203015599832 0.012564887571111558 0.0012304875429867451 -0.9556312208688357 -0.012583945650869434 0.9997771839579108 0.016947765973896137 -2.08570096076242 -0.0010172666696429589 -0.016961899994861144 0.9998556191388589 223.28666393536986
