1.0 -3.469446951953614e-18 0.0 -1.7787691892340307e-19 0.0 0.9999999999999999 -3.5405977195229754e-19 0.0 2.168404344971009e-19 -2.354751593366955e-19 1.0 0.0
0.9999998184235963 -0.0001920850668549537 -0.0005711878058707058 0.002362319113497474 0.00019247468808140412 0.9999997488292508 0.0006821250014084328 -0.022605924994663018 0.0005710566852054147 -0.0006822348305096148 0.9999996042253729 1.3271691485644874
0.9999995990741134 -0.0006227652857919604 -0.0006434399579109255 -0.007878415622633913 0.0006234317237682457 0.9999992690204822 0.0010359972189082675 -0.03998245133586862 0.0006427943596718786 -0.001036397964905551 0.999999256347649 2.6231510274561503
0.9999989732129599 -0.0005462445280234509 -0.001324835323397462 -0.01018132896793221 0.0005478583986989489 0.9999991080620957 0.0012180825600124287 -0.06749376980323464 0.0013241688837247819 -0.0012188071561413652 0.9999983805428168 3.9457427771747935
0.9999992587348896 -0.0008630551272709747 -0.0008588745526627991 -0.023503517203714467 0.0008642957352615211 0.999998582381398 0.0014450697156778419 -0.0766421994042666 0.0008576262339895667 -0.0014458109946445833 0.999998587053714 5.278795315776786
0.9999986084848222 -0.0011723100468757682 -0.0011868940370104559 -0.02112121050460513 0.0011743754303005626 0.9999977950619138 0.0017408938926266517 -0.08685334297783802 0.0011848506542075773 -0.0017422853637482287 0.9999977802839713 6.609259689386555
0.9999969948341301 -0.0022921272094212335 -0.0008697571836909589 -0.03843127085427396 0.002294215275329815 0.9999944709244745 0.0024072168425169327 -0.11417965806783409 0.0008642348026641091 -0.0024092050650807405 0.9999967244101302 7.942258371854134
0.9999967527644243 -0.002399204220975136 -0.0008592333014825634 -0.045425191506331924 0.0024012851889293925 0.9999941670744145 0.0024289179935626376 -0.11863381306784834 0.0008534008935956599 -0.002430973417265726 0.9999966810329802 9.264058817860127
0.9999964980920308 -0.0023401036924010337 -0.0012360096339436284 -0.05366730078511647 0.0023429258412418635 0.9999946409307909 0.002286657897447079 -0.13029255053961658 0.00123065209951482 -0.002289545813028994 0.9999966217331985 10.575342069574594
0.9999974103244748 -0.0018695954380201479 -0.001297674045638934 -0.08188769434017246 0.0018720123007118956 0.9999965111753806 0.0018636533685920506 -0.12655567162784845 0.0012941853514598222 -0.001866077840511786 0.9999974214167839 11.905303044195028
0.9999992423456443 -0.000572824532624909 -0.0010895775944929254 -0.08460523889321 0.0005746341306695456 0.999998455099168 0.0016612024867773642 -0.15153513313175415 0.0010886244270532028 -0.0016618273698351315 0.9999980266124022 13.232366816027035
0.999999350910103 -1.5525744860677218e-05 -0.0011392701590569013 -0.09506384525378413 1.7268150637041874e-05 0.9999988303037459 0.0015294092553032258 -0.15683664757243018 0.0011392451787591805 -0.0015294279667274258 0.9999981814846601 14.568291644494524
0.9999998488112479 -0.00016163909493559746 -0.0005255946324026202 -0.12390704079287959 0.00016265233372351508 0.9999981275972375 0.0019283012319458632 -0.17798725976962687 0.0005252820053812267 -0.0019283864679134075 0.9999980027008096 15.920425171287029
0.9999992441198855 -0.0012282971355669602 -5.520526171056577e-05 -0.11615950229370473 0.0012284832712622599 0.9999930958453583 0.003507005539900158 -0.1888909788139504 5.089724293977794e-05 -0.0035070707759889967 0.9999938489135007 17.246201145589023
0.9999948115528582 -0.0032161843154271882 -0.00018174183843153277 -0.12888699026307138 0.003216972157824436 0.9999846382474303 0.004513795934398613 -0.208070063740745 0.00016722186488972272 -0.004514357259891474 0.9999897962562664 18.61283552115449
0.9999907200296757 -0.004296041632249725 -0.0003223136948397186 -0.11528128662727015 0.0042974051207971195 0.9999812821043532 0.004355197289531523 -0.2281268879675618 0.00030359758242475845 -0.004356542068776977 0.9999904641401076 19.958886396098286
0.9999888598370258 -0.004704649951251978 -0.00038272222986570335 -0.12810241823723267 0.004706017405279544 0.9999822531030343 0.003653337132778262 -0.2311136606213129 0.0003655277995556821 -0.0036550976002191708 0.9999932533033865 21.33768061538605
0.999996449332813 -0.002661992973950353 0.00012296029300502224 -0.1418535522845517 0.0026615803920512354 0.9999911989378376 0.003243151581055471 -0.2836159358589174 -0.00013159246584938536 -0.0032428128587684082 0.9999947334104468 22.674385090733487
0.9999952232291838 -0.0030467085459881423 0.0005206639818683958 -0.1607392738377376 0.0030446576649228625 0.9999877764686165 0.0038957628128079916 -0.25332124578609133 -0.0005325269130013312 -0.003894159034045383 0.9999922759404366 24.04776302427425
0.9999940180024626 -0.0030679453086817667 0.0015973970976167439 -0.16580752475270777 0.0030569875264451624 0.9999720862478226 0.006817737620744753 -0.2767670781208129 -0.0016182690854399185 -0.006812813744665358 0.9999754830862646 25.424150672858374
0.9999932722372985 -0.0033180933727221563 0.0015638872674896029 -0.15611003441403393 0.0033051572301150967 0.9999608912041575 0.00820316955857648 -0.31629042442429606 -0.0015910451158726625 -0.008197945634032632 0.9999651305235644 26.797856738868095
0.9999872850674214 -0.0047966215386981825 0.0015563205958440249 -0.16415889249318072 0.004782703424094453 0.9999496043610173 0.008826917765418161 -0.3920753469090888 -0.001598581675561251 -0.00881936228076491 0.9999598308862496 28.131275292894088
0.9999900168274966 -0.004097800996171092 0.0017816510266206124 -0.18149092822117568 0.00408475725106075 0.9999652715973012 0.007264320339353358 -0.38750321150037276 -0.001811357038756111 -0.007256970344861689 0.99997202729206 29.50626673796975
0.999990963182801 -0.0037052390858211184 0.002084409752620699 -0.16458411650574514 0.003692543446765199 0.9999748076905774 0.006062103632518388 -0.43736544932467325 -0.0021068189577225288 -0.006054352191601681 0.9999794528549515 30.906368531321363
0.9999889838761065 -0.004068306869761583 0.002341156619513218 -0.17226791750269432 0.004055795304139454 0.9999776001007067 0.0053244543853867106 -0.3958825348832547 -0.0023627658872727563 -0.0053149005782314376 0.9999830844405888 32.29394048085863
0.9999884999725975 -0.003619508004257612 0.0031462824707855046 -0.18879109886018447 0.0036053120395697844 0.9999833483550056 0.004506077207436762 -0.4168064673781563 -0.003162540125888575 -0.004494682140597496 0.9999848979706603 33.66084323333316
0.9999888427391892 -0.003383685045301713 0.003296222314511066 -0.2021996229436862 0.0033665875875155456 0.9999809225396259 0.0051788646311569835 -0.4296259954116922 -0.003313683353370658 -0.005167709924650361 0.9999811569593794 35.065978709481854
0.9999906532641456 -0.0030941128812090775 0.0030199102794109902 -0.20407293546803112 0.0030756452634727923 0.999976659077037 0.006100959057276517 -0.46337143149960547 -0.003038717099566414 -0.006091613975698509 0.9999768289491568 36.459939402951036
0.999992622597939 -0.0027951030412988135 0.002634797179326979 -0.21464155710452426 0.0027786724896637326 0.9999767998565438 0.006219221998193471 -0.44970972125000785 -0.0026521196368707234 -0.006211854996189426 0.9999771892983582 37.87147456581996
0.9999909255863955 -0.003381856785581689 0.0025907137451878937 -0.24395341085179 0.003366862633341034 0.9999776831087714 0.005770399836280279 -0.3996283499751673 -0.0026101708100256887 -0.005761625004829505 0.9999799951417194 39.259019580048054
0.9999911498046298 -0.003005786025102458 0.0029437341708963742 -0.25895696148726954 0.0029883657918595447 0.9999781034658406 0.005904426560803298 -0.3982290455248124 -0.0029614174014372923 -0.00589557746246651 0.9999782358486701 40.65090911307892
0.99999127250872 -0.0028602203252097516 0.003045333165302956 -0.25085616715285447 0.0028403727035345577 0.9999748281481349 0.0065019494945705684 -0.3952158342584497 -0.003063853770183042 -0.006493242990963417 0.9999742249644804 42.07771574151485
0.9999919982006289 -0.0028813807176959177 0.0027751013718601133 -0.2598957725615645 0.0028634941441760646 0.9999752403386827 0.006427993862512456 -0.40799844684904407 -0.002793554389531645 -0.006419996062523798 0.9999754895508501 43.46341740863385
0.9999898808744763 -0.0035444087706366055 0.002770437450471102 -0.2775937934519548 0.003526566897684741 0.9999731811490329 0.006418746140908331 -0.41077272997967657 -0.0027931140412383836 -0.006408911177136295 0.9999755618861418 44.886214893734504
0.9999942843020102 -0.003075724168532027 0.0014040265403500538 -0.26044576654824203 0.0030669140691124957 0.9999758614075435 0.006234631855465396 -0.42982995286991776 -0.0014231687720087365 -0.006230290310726598 0.9999795788279251 46.30334084505848
0.9999958591378704 -0.002794735546810081 0.0006864148815490289 -0.2746377295829071 0.0027899864632201666 0.999972816602173 0.006825102666214121 -0.4552901223917962 -0.0007054706333841003 -0.006823159447945634 0.9999764731268065 47.75039696383537
0.9999962882925667 -0.0026091239291963324 -0.0007847776520418807 -0.26308548469930026 0.002614607013676825 0.9999715987038383 0.0070686356625494825 -0.46857425674222974 0.0007663124875588233 -0.00707066144898141 0.9999747089376899 49.124584075561096
0.9999963447310142 -0.00191754110082255 -0.0019061900202905324 -0.26244891718231733 0.0019310368243684647 0.9999729058165656 0.0071034304897403845 -0.48687144303977714 0.0018925174195363712 -0.007107085588064532 0.9999729534929626 50.562935666495854
0.9999917463740337 -0.002244452023280991 -0.0033866821663572797 -0.27312085997973207 0.0022681666942783903 0.9999728238463176 0.007014768949663872 -0.48832931387566786 0.0033708461077146387 -0.007022392751511668 0.999969661242101 52.0292820793993
0.9999927128023957 -0.0008942400260547306 -0.003711424448528215 -0.3066429805890392 0.0009247784441762195 0.9999656669985102 0.008234658776579584 -0.5250938730350326 0.0037039335824607944 -0.008238031179018508 0.9999592070317873 53.41090082142586
0.9999880122192605 -0.00026813235383327423 -0.004889121980283063 -0.30199334555573787 0.0003125902737836101 0.9999585932234294 0.009094730484387656 -0.5587950264867508 0.004886481366347697 -0.009096149933783028 0.9999466897633446 54.873177401224304
0.9999848923235435 -0.0002687235679679958 -0.00549025516653131 -0.3068011810855283 0.00031886743986519854 0.9999582295505333 0.009134411548209584 -0.5720069346025757 0.0054875716756106994 -0.009136024396410761 0.9999432082019665 56.295839094018525
0.999981938229439 3.9215641415964175e-05 -0.006010130174026558 -0.32599135568569315 1.656879389172125e-05 0.9999569267174997 0.009281402490440412 -0.6061174251525727 0.006010235789577592 -0.009281334620337452 0.9999388650856194 57.72888295841534
0.999984466699056 0.0009449414264949066 -0.005493035021621245 -0.3673112135665174 -0.0008904097695082375 0.9999503851637248 0.009921410160205018 -0.6524045992089101 0.005502138110004405 -0.009916365196555312 0.9999356940282991 59.15815521664444
0.9999849878526392 0.0008763381258683521 -0.005408889776675339 -0.36164277751556745 -0.0008205565038937723 0.9999465491415037 0.010306577749294306 -0.6676918745407584 0.005417633180023123 -0.01030198493387201 0.9999322568911848 60.562975886926516
0.999988103290024 0.000911816093076185 -0.004791853401107718 -0.3849607010776079 -0.0008596634657345318 0.9999405021609871 0.010874424784406754 -0.6968165650908771 0.004801484186213392 -0.01087017625207842 0.9999293900226355 62.02219000472086
0.9999881989022217 0.0006120390848336175 -0.004819486911148851 -0.3812112180822844 -0.000558984487160484 0.9999393197251031 0.01100201804623663 -0.7312161663941763 0.004825928545110898 -0.010999194413111322 0.9999278614726433 63.44056154485387
0.9999901237800809 -0.0005789114988606122 -0.004406494786908332 -0.3989443717961767 0.0006228715691473635 0.9999499909677688 0.009981362145342757 -0.7346659014064989 0.004400496477054091 -0.00998400844745551 0.9999404758373547 64.85643693897644
0.9999935959371654 -0.0013933799035268334 -0.0032964485855290896 -0.4345828176138504 0.001425030268176199 0.9999527254064519 0.009618536045271575 -0.7450810212723475 0.003282890757758277 -0.009623172177847639 0.9999483072612415 66.30032968387523
0.999995931415392 -0.0003055187706070151 -0.0028361605053164023 -0.4411211232910548 0.0003324228912730282 0.9999549091567579 0.009490476528353008 -0.7575479792642981 0.002833133348860359 -0.009491380909364345 0.9999509423226614 67.67870614616852
0.9999967823973505 0.001616952879784266 -0.0019546488722934096 -0.46734239452753 -0.0015962329772032484 0.9999430113832714 0.010555852649221292 -0.7687681898805805 0.001971605970952049 -0.010552698820524994 0.9999423750019297 69.1308484510369
0.999987526888885 0.004860739748044416 -0.0011485923741757502 -0.47190204387077805 -0.004847240377552365 0.9999223836787028 0.011477407555790832 -0.7858931370038191 0.0012042920265106023 -0.01147169712428256 0.9999334727130279 70.50746591105356
0.9999754643862492 0.007003439241934231 0.00014983304390207906 -0.507199125218417 -0.007004727605010554 0.9999045200321256 0.011911533089799795 -0.7935680816602567 -6.639703600125465e-05 -0.011912290612779711 0.9999290439466659 71.95728538882851
0.9999468733388647 0.010269865233906172 0.0008833717471626906 -0.5283161614907599 -0.01027964045005535 0.9998765680428013 0.011881821837050426 -0.8027088129989811 -0.0007612380572221925 -0.011890271581072101 0.9999290184616154 73.33995841888202
0.9999139777112422 0.013069358402828996 0.0011086107860003643 -0.5262163068631349 -0.013082330876596174 0.9998345809098834 0.012635800839847593 -0.8497458576194054 -0.0009432856610313476 -0.0126492173510103 0.999919550521962 74.6949969730634
0.9999208735814675 0.012435607550831382 0.0018979497508869246 -0.545056427647598 -0.012458245197868215 0.9998452354273655 0.012421648246489662 -0.829378492459478 -0.0017431854108049326 -0.012444310742701477 0.9999210471017441 76.17496321676327
0.9999161478168659 0.012753261791002243 0.0022475810301344347 -0.5435638933438227 -0.012781034929365841 0.9998362777669788 0.012808701471084982 -0.834605426135105 -0.0020838604946068753 -0.012836354106229516 0.9999154391951415 77.5429675547611
0.9999181923912144 0.01251919878865628 0.0026226245779438673 -0.5701880675878654 -0.012552080565663863 0.9998377405398807 0.012920444687768796 -0.8436114629889124 -0.0024604456150508795 -0.012952307354953048 0.9999130881948225 78.96389848746271
0.9999250022313929 0.012130080669097616 0.00168849891229451 -0.5384031108529246 -0.012149113282679857 0.9998570554165793 0.011758733134733515 -0.8505670518097931 -0.0015456232908802679 -0.01177836526073105 0.9999294380917877 80.23983071713754
0.999930828391136 0.011676040704031007 0.0014172087556061487 -0.5481024437137173 -0.011692182563134298 0.9998599676567443 0.011972383538498492 -0.8643584205127044 -0.0012772203619958531 -0.011988125897153704 0.9999273241332243 81.64613150442327
0.9999296870372233 0.011806516519416334 0.0011077556867237388 -0.5692185664616246 -0.011819523190858994 0.9998510319985349 0.012578263244436332 -0.8721544549423788 -0.0009590852654023793 -0.012590472229926881 0.999920276906062 83.05113014446924
0.9999294002301229 0.011870146891069534 0.0005423472764690949 -0.5746102377073037 -0.011875604449478284 0.9998632532365492 0.011508469501765407 -0.8593495320786203 -0.00040566591446830353 -0.01151409794389757 0.9999336282910269 84.40443812200608
0.999906844145052 0.013649155894130396 -5.9505336614977056e-05 -0.5916376427141572 -0.013647530708767452 0.9998386445057379 0.011680320554164366 -0.8838846978964332 0.00021892227834050633 -0.01167842060381988 0.9999317809580038 85.7998133407155
0.9999213994329771 0.012490495226965603 -0.0010874064476342968 -0.6050026615576489 -0.012475904909886896 0.9998437256704354 0.01252501734554874 -0.896246249417014 0.0012436802977313552 -0.012510466749800964 0.9999209676208684 87.18044091398244
0.9999233519618822 0.012194896837306833 -0.0021388453196069168 -0.6146660412553955 -0.012165443788869596 0.9998377826092402 0.013281960259129673 -0.8994592881658109 0.002300470701219382 -0.013254922492887546 0.9999095033419437 88.54611500338123
0.9999356739412772 0.010667405900084123 -0.0038541405114352646 -0.5909139017333586 -0.010615564127223642 0.9998561271566727 0.013230071981847783 -0.9124649151668865 0.003994716900776185 -0.013188307339063692 0.99990505089192 89.94978587965716
0.9999421164758292 0.00993378422420281 -0.004133230999904647 -0.6293126235247464 -0.00987523235149669 0.9998538806418205 0.013953392703989197 -0.9225934421791432 0.0042712374187315215 -0.013911768701238381 0.9998941040112136 91.29673362417628
0.9999490786204446 0.00923241392820722 -0.004074637529490156 -0.6549073663852741 -0.00917426099937199 0.999858964045982 0.014067159144475157 -0.9291469090692748 0.004203937061134465 -0.014029061324150827 0.9998927504314395 92.68064193989281
0.9999544740301254 0.00852437083113608 -0.004287766595016271 -0.6717583667861199 -0.008462801121051723 0.9998636686435352 0.014178333337424952 -0.9452244144410611 0.004408043792517747 -0.014141401627938267 0.9998902889438744 93.9978032399851
0.9999567599682283 0.008042187895904494 -0.004669194943918558 -0.6861561411974115 -0.007976176606230876 0.9998703459873519 0.0139882748423274 -0.939979621896908 0.004781086313483244 -0.013950427950403988 0.9998912574819043 95.39197322489862
0.9999574838824377 0.0078587733106225 -0.004823907484343891 -0.6999374237070757 -0.00779416405091532 0.9998815796414482 0.013269427706894155 -0.9515807354574806 0.004927618086420168 -0.013231265486857435 0.9999003211363374 96.74605290845658
0.9999466575688088 0.009509108822339228 -0.004032224881473255 -0.7274047546506879 -0.009455657388212428 0.999869818171474 0.013074298029199525 -0.9600738761231942 0.004156025242956138 -0.013035473544954008 0.9999063975676222 98.09738199023525
0.9999383280704226 0.010442454114428394 -0.0037808962884487768 -0.751024433182466 -0.010390818894964205 0.9998558441870343 0.013428393278731705 -0.9679285692350781 0.003920576972400059 -0.01338827879027942 0.999902686805054 99.43532954431062
0.9999234851905426 0.011527365910361551 -0.004488158155667908 -0.7164010156366751 -0.011461033104493118 0.9998286740678138 0.014535035354403949 -0.9755903893338163 0.004654940293199171 -0.01448248457780447 0.9998842878985938 100.82537721140413
0.9999366623541869 0.010762621432495208 -0.003291994668393937 -0.7950144192343755 -0.010710737038824256 0.9998241647931472 0.01539219365885911 -0.9779554330105465 0.0034570764770732593 -0.01535595937803926 0.9998761138995784 102.14895945440638
0.9999152991317282 0.012203420297650551 -0.004524495241024676 -0.7454160844022875 -0.01213660484720791 0.9998210339876272 0.014512161851606666 -0.9689850003116511 0.00470078392883029 -0.014456020946119218 0.9998844563768888 103.50443948622642
0.9999092495241791 0.012433716275092712 -0.005186075117748507 -0.7506863241574402 -0.012370982492194142 0.9998519679473488 0.011958302947273214 -0.9768820180403267 0.00533399401799378 -0.011893061129377748 0.9999150482015245 104.80536970460582
0.9999337092005545 0.010500792835027351 -0.0047234014133306305 -0.7962069822907154 -0.010442459710158511 0.9998709323552878 0.012209573516107382 -0.974275617687711 0.004851002396255076 -0.012159440456412384 0.9999143042269206 106.08180798829689
0.999944147572527 0.009853053310644316 -0.00382348617095377 -0.8315229435372948 -0.009801817439098708 0.9998648927365248 0.013195478946664476 -0.9764446663271423 0.003952985691795462 -0.013157265103792799 0.9999056256926229 107.47598475445953
0.9999703655964819 0.006969963599003162 -0.0032691766348413778 -0.8227657995436191 -0.006920851734579894 0.9998665077600776 0.014800962091243264 -0.9691877971694336 0.0033719026885815255 -0.014777898286124453 0.999885115404269 108.8212086520511
0.9999742760803167 0.006569446046933332 -0.002879155724912836 -0.8084934006933514 -0.006522670580366494 0.9998512708617339 0.015965303965368553 -0.9942653071321363 0.002983610978179934 -0.015946113812578964 0.9998684011070509 110.11571234273718
0.9999696402678576 0.007522666748652434 -0.0020317500320487024 -0.8400819275854452 -0.007490025333804308 0.9998499132829693 0.01562211372579538 -0.9972679424828049 0.002148965242552162 -0.015606421898501682 0.9998759030772546 111.45951153381003
0.9999512509128151 0.009496776970328585 -0.0027031461336420827 -0.7911613518998994 -0.009458103100939561 0.9998575779511558 0.013977414447123153 -1.0136724406744428 0.002835501783953921 -0.01395116671065192 0.9998986573087547 112.77737217713415
0.9999383567276962 0.011047308871600912 -0.0011134108475863032 -0.8650290543729005 -0.011031255358088481 0.9998477602660804 0.013519161079976829 -1.047105584969401 0.0012625918072719287 -0.013506045670959307 0.9999079920671589 114.11996767671907
0.9999277343409538 0.011880300188108615 0.0018397111880806038 -0.9372058378901191 -0.011904837010912052 0.9998317404759782 0.013955845194648896 -1.0569257493465314 -0.0016736021397443855 -0.013976738411354247 0.9999009200128944 115.45465111015851
0.9999128860401011 0.012950837861820304 0.0025487449926592473 -0.9254558071195633 -0.012988069936296254 0.9998004538025238 0.015177702091211246 -1.0602060862673486 -0.0023516726286490304 -0.015209483487474567 0.9998815636120681 116.81917242205473
0.9998919925942813 0.014252252506352776 0.003588371828084686 -0.9033587251928692 -0.01430936668951866 0.9997626498231329 0.016428209647594935 -1.0534737240439687 -0.0033533814062426627 -0.016477782940556844 0.999858608757164 118.09874861040194
0.9998868543319307 0.014317633427276988 0.004613445123944834 -0.9079151794372713 -0.014394269428943448 0.9997513635715389 0.01702985827629611 -1.0556331956717024 -0.004368471141572919 -0.01709433893805007 0.9998443379041698 119.49421190432913
0.9998769753240616 0.014533260379646928 0.0059007226919149825 -0.9241690308223816 -0.014630168220925527 0.9997530683207166 0.0167260452787387 -1.0465697472269575 -0.005656182110721755 -0.01681031646590136 0.9998426980610383 120.82485513273353
0.9998325486950412 0.016909339389563245 0.006996339893262518 -0.9245042592391979 -0.017020203325122267 0.9997254823157906 0.016101947894303192 -1.0600189409413874 -0.006722146528476242 -0.01621833105677196 0.9998458773653605 122.14177596475783
0.9998147357922473 0.017471432058813872 0.00807732091209929 -0.9217738709438505 -0.017599233777175163 0.9997165886261169 0.016031513879162178 -1.0586915727454105 -0.007794938848688748 -0.016170698798229303 0.9998388607315961 123.45260929923009
0.9997586282974884 0.02026439927268353 0.008487591775187476 -0.9085850520597439 -0.020395022201710244 0.999670337166874 0.015596798094723136 -1.0768008884435492 -0.008168734666476886 -0.015766138411330784 0.9998423378980786 124.84991151889653
0.9997303264697884 0.020850572616010386 0.010223888833856 -0.9203432629735293 -0.021001494444964575 0.9996686568287056 0.014883341065236304 -1.0710852288588566 -0.00991017586100068 -0.01509404467206829 0.9998369658245561 126.17387412982869
0.9997308708688363 0.02029890969440725 0.011231208475979077 -0.9210278598318663 -0.02046084972120092 0.9996855507429347 0.014496665766466493 -1.0739015920659076 -0.010933411234839478 -0.01472256465704848 0.9998318391649922 127.50789512464672
0.9997287249407961 0.019803701391172487 0.012259277623810624 -0.9259578351501645 -0.01998299856726634 0.9996925443624636 0.014679801295421742 -1.055943296858726 -0.011964795038718173 -0.014920796458165724 0.9998170900282853 128.83185371389374
0.9997247796990077 0.01964118755476911 0.012829207144231644 -0.9009148500848898 -0.019837559364775076 0.9996851761141782 0.015362940688409415 -1.09933935134782 -0.012523422850839603 -0.015613212966160467 0.999799675665905 130.17845393903187
0.999741098644039 0.01886793792413889 0.012717568655230166 -0.8593899990704315 -0.019061950442590063 0.9997010657677989 0.01531081955595523 -1.0987353003988305 -0.012424884384249397 -0.015549277538279418 0.9998019014868152 131.51825093957504
0.9997327716353519 0.01893074480242799 0.013266957861550707 -0.892836531452878 -0.019132018414620817 0.9997012374674458 0.01521189420242819 -1.111540625219235 -0.012975022789668177 -0.015461653143615297 0.9997962722807636 132.8559517998099
0.9997042955108385 0.020525783591836863 0.013038929786564218 -0.8751544368436204 -0.020729089779638155 0.9996625842890546 0.015653193398310748 -1.1258357361757776 -0.012713237249334566 -0.01591885014406182 0.9997924603685228 134.1816280274873
0.9997519177198726 0.018683497640246995 0.012125588004362885 -0.8321957874572307 -0.018871334240730425 0.999700744023387 0.015565834044904114 -1.1373770218759458 -0.011831136114246056 -0.015790798777312254 0.9998053184958963 135.51996052171162
0.9997564544259709 0.019078074639402462 0.011093189513934692 -0.8405901022440867 -0.01924347064390207 0.9997023142897979 0.014999056290404907 -1.148499229363302 -0.010803735016379452 -0.015208875108973703 0.9998259695703473 136.8560000460752
0.9997670321069317 0.01870750291036512 0.010766187834974981 -0.8711819894859563 -0.018878063604837892 0.9996943254355811 0.015964787897013312 -1.166636160528014 -0.010464236441548187 -0.016164313717151907 0.9998145901706176 138.195451935254
0.9997890162531048 0.018758366563604835 0.00836938570400661 -0.7876307029914229 -0.018888357616393053 0.9996978099239456 0.015732731047514728 -1.1548763262295354 -0.008071736893102158 -0.015887495968115617 0.9998412046597459 139.5540020043854
0.9998095271075569 0.017874820949017316 0.007835830396510798 -0.8234335339830383 -0.017997837482826982 0.9997112703051758 0.015920235973175954 -1.1588103103848277 -0.007548997218178843 -0.016058231925853792 0.9998425605207691 140.90472921908722
0.9998116818776281 0.018302603833492113 0.006451002154509298 -0.8235330884997797 -0.018401292454675373 0.9997091938720238 0.015585896454626866 -1.1678791172082272 -0.006163864184678652 -0.015701668443622654 0.9998577220719935 142.22054573354018
0.9998138126065429 0.018527794212899455 0.005390817763977921 -0.8263266139208452 -0.01860864032845931 0.9997089375502912 0.015354436907655016 -1.1709024156213934 -0.005104765272108947 -0.015451894208508028 0.9998675814016258 143.56835305670597
0.9998565931314233 0.016052405311037403 0.005395685157931173 -0.8315436751323265 -0.016122388193525954 0.9997830641928392 0.013186856701163955 -1.1732884956824332 -0.00518283430031847 -0.013271957215689639 0.9998984915378998 144.9103789497098
0.9998823088371541 0.014834623488040412 0.003911826521990968 -0.8145503667764015 -0.014885309489162543 0.9998012435154239 0.01326276967461378 -1.208842085225646 -0.003714301130609703 -0.013319437783138991 0.9999043937021912 146.22827198213378
0.9999607792971935 0.008338204225853978 0.0029856663205152807 -0.8100847632893298 -0.008384866716249887 0.9998372656054416 0.015972987434826533 -1.234553975825384 -0.002851994647221594 -0.015997395696557767 0.9998679660139691 147.64679505394673
0.9999978782351364 0.0011290224672506882 0.001723030458414267 -0.8167652552960389 -0.0011587843725253148 0.9998484440002383 0.01737084461759311 -1.2440166217080983 -0.001703157378948758 -0.017372804723403665 0.999847630850256 148.9611877478401
0.9999996442464346 -0.000172556389004902 0.0008256711102743377 -0.8371407273017097 0.00015778642515664604 0.999840570532579 0.01785521244860207 -1.2801254737204864 -0.0008286205605608846 -0.017855076167964033 0.9998402420639326 150.25174683846808
0.9999965171706187 0.0024251700849364276 0.0010412463042112127 -0.8462839121607625 -0.0024418119486070127 0.9998643219963571 0.016290339162849287 -1.312054146187383 -0.0010015982584291952 -0.01629282527621168 0.9998667614494466 151.59295522344217
0.9999661410780067 0.008064150124528853 0.0016389524922221306 -0.8097208057838157 -0.008084956017616973 0.9998813601132297 0.01311103338344586 -1.3161226784422722 -0.0015330288250528957 -0.01312384058039835 0.9999127035066752 152.93481132226663
0.9999747717840197 0.006474993661160429 0.0029206579874791047 -0.8429703309254133 -0.006514574855198706 0.999884208630067 0.013752441758077239 -1.315832152647895 -0.002831273055835983 -0.013771121927670238 0.9999011651636442 154.31333314324343
0.9999912167740054 0.0009999479044601666 0.004070194365361633 -0.8678228501981262 -0.0010607740399121582 0.9998873858880922 0.014969645809088678 -1.2616934817673375 -0.0040547674687130345 -0.01497383217642063 0.9998796643657932 155.65906988813083
0.9999383813751942 -0.01041045477957838 0.0038543350412085036 -0.8444223082836229 0.010342178591806075 0.9997963419312543 0.017329569670784733 -1.2421951610461957 -0.004033959102393171 -0.01728863995468689 0.9998424026344297 157.00432743260097
0.9999290087995698 -0.011334813572043743 0.003674149834749823 -0.8147922483207071 0.011269778887172174 0.9997874695519435 0.017262902210827144 -1.2317433862039018 -0.0038690410565670754 -0.017220270168022585 0.9998442342785434 158.33739176879232
0.999932163907258 -0.011271822798964944 0.002934894958575988 -0.7921247247360892 0.011219885979827735 0.9997899855836202 0.01714931098868143 -1.2420139470147047 -0.0031275828325973325 -0.0171152187857962 0.9998486323016978 159.66866447544308
0.9999380784167848 -0.01033817469722058 0.004118433058204236 -0.8033766944889053 0.010267035445024412 0.9998038678973659 0.016935575073990967 -1.233388795116888 -0.004292708583379445 -0.01689224261971758 0.9998481008608597 161.03950640885705
0.9999432158706623 -0.009243751179629245 0.005302651565306217 -0.8137784385998628 0.009155696383740355 0.9998236477802319 0.016396540684216337 -1.2271675600713134 -0.005453282420219072 -0.016347060463850167 0.9998515066381258 162.38298245262231
0.9999367969622254 -0.008452764224614561 0.007413020553690115 -0.8832984919079776 0.00833581051480655 0.9998424961982811 0.01566834526152055 -1.232528862302132 -0.007544294427414153 -0.015605561734794616 0.9998497637467889 163.72107069200123
0.9999356366733649 -0.008187521406429114 0.00785410845693088 -0.8780784422420045 0.008065522780058718 0.9998482488711709 0.015441067192193472 -1.2262362099350432 -0.00797934131660717 -0.015376726153373599 0.9998499319421185 165.06359089045057
0.9999371110192675 -0.008005829346905122 0.007853707316017415 -0.8871244301455005 0.007877450950007891 0.9998370381243623 0.016243243064022868 -1.238395351802179 -0.007982468754113632 -0.01618035465514865 0.9998372249101962 166.42557765647695
0.9999379387968355 -0.008258181179937518 0.007478035443105119 -0.859386899645181 0.008139205653679205 0.9998419947376961 0.015803128628863714 -1.2267716667257862 -0.007607359603173616 -0.015741282897072252 0.9998471583660582 167.74556879336942
0.9999505018633268 -0.007055551661694704 0.0070151998457318445 -0.8624713349144013 0.006954594991272113 0.9998733789540648 0.014312919111295614 -1.2319890336383477 -0.00711529770329184 -0.014263423044694034 0.9998729555802565 169.11920704777336
0.9999667211343974 -0.0050585038212953015 0.006400638696948579 -0.860384133328437 0.004973708990952213 0.9999005695029383 0.013195200451990423 -1.2520931227163383 -0.006466750785672479 -0.013162926666753656 0.9998924534641358 170.510494019816
0.9999691680421691 -0.0045994060048530835 0.006364624254035054 -0.8685244578803726 0.0045154669576319695 0.9999034638010409 0.013140533692369224 -1.2407590219723197 -0.006424449018974514 -0.01311138954314223 0.9998934032774314 171.8233102632013
0.9999710851808015 -0.004000101235983813 0.00646745732702489 -0.874979460128396 0.003911052232677908 0.9998981817150694 0.01372333277576569 -1.2273460151374627 -0.006521694081800958 -0.013697641666265881 0.9998849144367054 173.2154733760749
0.9999718552084229 0.004061024457346591 0.0063084760439270195 -0.8847033191264487 -0.004159962469940019 0.9998673046739287 0.015750166891670397 -1.2781961771881796 -0.006243677640859761 -0.01577596693905705 0.9998560573188853 174.57804378973202
0.9999689482883831 0.004017949169927235 0.0067792729993818145 -0.9044934085015646 -0.004128961613535791 0.9998563042467014 0.016441488201877397 -1.2706871516304772 -0.006712238336980783 -0.01646896934571953 0.9998418469468653 175.9674882110762
0.9999824675686515 0.0024706244867154564 0.005381502701935646 -0.8750690682237066 -0.002564735226677728 0.9998426682348986 0.017551663916094536 -1.2712290830460549 -0.005337292887002178 -0.017565158666054095 0.9998314750537771 177.45646779472847
0.9999894422688519 0.002074002843261708 0.0041004712215320085 -0.8722053901044546 -0.0021439605072635223 0.9998509598802752 0.017130716723711723 -1.2443844150257168 -0.004064331261395092 -0.01713932744666001 0.9998448502989046 178.8609000683944
0.999995167048193 -0.001967849527167999 0.0024069596263966205 -0.8812045055463218 0.0019364968701607484 0.9999141458529786 0.012959586993764616 -1.218962426444835 -0.002432255691004053 -0.012954863542771592 0.9999131240485967 180.2030267616232
0.9999942994082048 0.001087780889451731 0.0031965428220640376 -0.9326730481834683 -0.0011152447196838017 0.9999623757051536 0.008602523035752133 -1.2294196185202368 -0.003187065156667654 -0.008606039091644218 0.9999578884660074 181.63600617892618
0.9999868189660049 0.004880938164753686 0.0015932136136875398 -0.9076158619326316 -0.0048932731205414155 0.9999573557366539 0.007832151269985781 -1.246410399063128 -0.0015549175515890236 -0.007839844220477413 0.9999680590269274 183.0246879828227
0.9999638614404367 0.008466435217834831 0.0007715377760462462 -0.9171833233519764 -0.008473501449642293 0.9999173628062966 0.009667851201380768 -1.2661997308579944 -0.0006896218334244166 -0.009674039642222902 0.9999529675844022 184.35339895395805
0.9999235282602328 0.012363943194684295 0.0002655384337110938 -0.9473917568675185 -0.012366258434495243 0.9998496521992054 0.012155191265763584 -1.2814813159027136 -0.00011521241693757643 -0.012157545703033804 0.9999260876749618 185.77747845171837
0.999898821122783 0.014218952211790353 0.00041094968320302787 -0.9517740997377206 -0.014223065781947042 0.9998159767196115 0.012873116442353325 -1.2875924440211288 -0.00022783184110472077 -0.012877659183784019 0.9999170535555723 187.17068891276205
0.9998894162180784 0.01486549693980371 0.0004150878374638298 -0.9452330813330783 -0.014869619164507724 0.9998060566336875 0.012912922895158559 -1.3075848336479123 -0.00022305032747075193 -0.012917667399181487 0.9999165385781992 188.6196752775701
0.9998787866100106 0.015562107878651837 0.0004825405339551872 -0.9570714862080706 -0.01556702528098931 0.9997962711403179 0.012848500829066356 -1.3196342109371124 -0.00028249248497604486 -0.012854455404464987 0.9999173381729172 190.02661226377847
0.9999276194515132 0.012014971002026975 0.0006295251164303718 -0.9919027188656655 -0.012022373673599422 0.9998366951968999 0.013492423513350144 -1.323526030275654 -0.000467311264028374 -0.013499015585406296 0.999908774940552 191.4375980175555
0.9999289529466087 0.011883844909067746 0.0009291190094877994 -0.9723742401405395 -0.01189542397538977 0.9998360968662608 0.01364838138566901 -1.3421339338070752 -0.0007667715308278746 -0.01365846425061175 0.9999064248319014 192.8229946167258
0.9999486445540159 0.010118442743482465 0.0005703935282405353 -0.9665384704543046 -0.010125483381906985 0.9998492522514572 0.014104870632507295 -1.3495228169608473 -0.0004275882421746536 -0.014109922066280214 0.9999003586721826 194.19189522155372
0.9999615134027422 0.008690007513798894 0.0012064267050132232 -0.9849490715918157 -0.008706561259275976 0.9998573928580183 0.014470305836775764 -1.3486583575999738 -0.0010805076736678165 -0.014480253043131509 0.9998945718321913 195.65443417100914
0.9999819550225308 0.0057944094018361255 0.001585698461140312 -0.9755619123343029 -0.005817722267469072 0.9998688398699423 0.015114799692202356 -1.3625949936662083 -0.0014979092580264747 -0.015123752400531095 0.9998845075235401 197.05541851751136
0.9999598306298734 0.008647696153460399 0.0023567906418703877 -1.0170849235435924 -0.008677523817008315 0.9998784404901224 0.012953950641282432 -1.391186036211066 -0.00224448250216332 -0.012973881656677975 0.9999133165905271 198.47239768874167
0.9998743744138742 0.015571274942279724 0.0029615451831747925 -1.03660421058516 -0.015599042226701186 0.9998322817450106 0.009595743847444039 -1.4345121396352103 -0.0028116307430165713 -0.00964073584452423 0.9999495742008163 199.90556625498456
0.9996575805872435 0.025840380085974484 0.004122650970225156 -1.0446256104053355 -0.02586831410982023 0.9996417365924182 0.006872326456562824 -1.4027696781398171 -0.003943590776625265 -0.006976619422939354 0.9999678869195484 201.37516504579384
0.9994726676935741 0.03225725755282317 0.0037223316986551734 -1.0522093234293375 -0.03229434588556535 0.9994245530505662 0.010374878291934715 -1.4226497525126085 -0.003385524852484353 -0.010489617779535979 0.9999392512246056 202.8033327266542
0.9995128988719026 0.030803210798220265 0.005012692604045275 -1.0616429803792706 -0.030858106422439288 0.999460246191769 0.011269146269789863 -1.4259678714157684 -0.004662861482585479 -0.01141833950263906 0.9999239367294495 204.27792015233146
0.9995595414655366 0.02922106097525335 0.005181945914656785 -1.080429925856963 -0.02928001368485661 0.9995028807248021 0.011690693727179123 -1.4425661680938209 -0.004837755796114262 -0.011837272160419932 0.9999182342099255 205.7241058889134
0.9996250317568877 0.02710110516316721 0.003914830389141221 -1.0626710586556447 -0.027146601869859344 0.999558501923444 0.012077389055014806 -1.463433442429511 -0.0035857917029034824 -0.01217913501752295 0.9999194021360835 207.14644500418734
0.9996851017524309 0.024853269205532783 0.003465871873977653 -1.0903949282357455 -0.024893535794251152 0.9996168360843348 0.01210342794726933 -1.4640453919196412 -0.003163734382801578 -0.012185894661225608 0.9999207442375484 208.5797411316722
0.9996719946003629 0.025398785714241395 0.003287068139987033 -1.1071171702841152 -0.025434656441978405 0.9996117814214824 0.01137386362757094 -1.4505710473647206 -0.0029969099595094474 -0.01145373863050546 0.9999299127450514 210.08279439605496
0.9995937067432158 0.028404436911348502 0.0023683977198569886 -1.0823332140471713 -0.028429399389728036 0.9995322480743526 0.011271841192654987 -1.4656945745531669 -0.002047119760665732 -0.011334593887786943 0.9999336659415611 211.56633678549815
0.9995438503433927 0.03013037879905675 0.002061894535897786 -1.1005608548828993 -0.030153546783097073 0.999469366924886 0.012318615908860298 -1.4742570893025455 -0.0016896359973102065 -0.012375170475427268 0.9999219971018792 212.98944866742016
0.9995509777670817 0.029935941521799667 0.0012969753826270244 -1.1096349713918356 -0.029949613750164056 0.9994762035116618 0.01226129486598065 -1.4903049066510075 -0.0009292426956475791 -0.012294633448250505 0.9999239863607922 214.41507151596062
0.9995010875433996 0.0315638952835272 0.0011385955463156054 -1.1138784237543486 -0.031574822379718356 0.9994366376093259 0.01137708693725323 -1.5059899932862988 -0.0007788489820245187 -0.011407361967397929 0.9999346306085003 215.91405273964784
0.999510352819977 0.0312681705790343 0.0011644748905351452 -1.1192168940637246 -0.03127908648621011 0.9994504061668145 0.010977452868079616 -1.5062031470088078 -0.0008205900956866805 -0.011008501740328872 0.9999390679056348 217.4276644638129
0.9994769890588365 0.03233004295457057 0.0007187107705286017 -1.1298137571212619 -0.032335886778416215 0.9994198397854772 0.010694596090851704 -1.5218999218707585 -0.00037253707672764316 -0.010712243085805729 0.9999425528835846 218.80995788082865
0.9994642003322517 0.032730768901279544 9.433359366656951e-05 -1.117588616126675 -0.032730062564186965 0.9994135633256922 0.010063427049490604 -1.522005027743818 0.00023510545834046583 -0.01006112283663113 0.9999493579858993 220.39646385465758
0.9994435943530477 0.03335359168286865 0.0001987522940950421 -1.1598407871451621 -0.033353887520562085 0.9993916968515428 0.01018599891305093 -1.5459659013886051 0.00014110827452715625 -0.01018696075386696 0.9999481016146265 221.83948518446675
0.9993664556570045 0.035590548686839134 3.4300559662483587e-06 -1.1496178524559095 -0.03558887361455654 0.9993184109023667 0.009805398646425378 -1.570721806140711 0.00034555183506256287 -0.00979930878412353 0.9999519259169632 223.39985213658488
