1.0 -3.469446951953614e-18 0.0 -1.7787691892340307e-19 0.0 0.9999999999999999 -3.5405977195229754e-19 0.0 2.168404344971009e-19 -2.354751593366955e-19 1.0 0.0
0.9999998184236251 -0.0001920850232811945 -0.0005711877703400902 0.0023623220759034095 0.0001924746445146272 0.9999997488292218 0.0006821250560820844 -0.022605926090915572 0.0005710566496940094 -0.0006822348851515522 0.9999996042253559 1.3271691435190551
0.9999995990749863 -0.0006227654238465836 -0.000643438467405147 -0.007878449377712479 0.0006234318605723953 0.9999992690199224 0.0010359976767853364 -0.039982446498254665 0.0006427928687385296 -0.0010363984219421438 0.9999992563481335 2.6231509716465324
0.9999989732184265 -0.0005462443338452392 -0.0013248312772263305 -0.010181380675332502 0.0005478582007660167 0.9999991080611215 0.0012180834487439097 -0.0674937677403847 0.0013241648373066885 -0.00121880804239965 0.9999983805470946 3.9457426161011844
0.9999992587409344 -0.000863053596684241 -0.0008588690525857161 -0.023503601077690096 0.0008642941959071757 0.9999985823841044 0.0014450687636606992 -0.07664220526171318 0.000857620736955586 -0.0014458100365610609 0.9999985870598135 5.278795002344793
0.9999986084910863 -0.0011723058987375534 -0.0011868928565376756 -0.021120976150679316 0.001174371274268336 0.9999977950753758 0.001740888963413753 -0.08685334493538406 0.0011848494867532887 -0.0017422804282339161 0.9999977802939537 6.609259414685544
0.9999969948364335 -0.002292126620104846 -0.0008697560884195944 -0.038430953179922914 0.0022942146809654725 0.9999944709325528 0.0024072140531530618 -0.11417975293863544 0.0008642337152179198 -0.0024092022727010033 0.9999967244177975 7.942258227263239
0.9999967527602609 -0.0023992057349396783 -0.0008592339194740607 -0.045425084496084095 0.0024012867017064576 0.9999941670784265 0.0024289148461975603 -0.11863389718535886 0.0008534015154609308 -0.002430970272684499 0.999996681040094 9.264058802737303
0.9999964980837591 -0.002340106032579236 -0.001236011895511268 -0.05366710939540237 0.0023429281815449416 0.9999946409346888 0.0022866537948512777 -0.13029254048569688 0.0012306543653246684 -0.002289541718619895 0.9999966217397843 10.575342127890963
0.9999974103185943 -0.0018695968910766147 -0.0012976764836553126 -0.08188754568193034 0.0018720137505858318 0.9999965111837988 0.0018636473950918414 -0.12655560443687913 0.0012941877979388645 -0.0018660718734614368 0.9999974214247529 11.905302983753222
0.9999992423448053 -0.0005728324309258338 -0.001089574212043064 -0.08460518992005735 0.0005746420153166613 0.9999984551068859 0.0016611951132043128 -0.15153491944297076 0.0010886210357198283 -0.001661820002913359 0.9999980266283366 13.232366573314083
0.9999993509143734 -1.5527554382237588e-05 -0.0011392663859896616 -0.0950637687723357 1.7269942457402362e-05 0.9999988303197301 0.0015293987836851773 -0.1568362873438376 0.0011392414031093367 -0.0015294174970986998 0.9999981815049739 14.568291649740962
0.9999998488132779 -0.00016164106257051877 -0.0005255901651712931 -0.12390711644113299 0.0001626542870755681 0.9999981276177162 0.0019282904470996 -0.17798694460094888 0.0005252775361177223 -0.0019283756833725263 0.999998002723954 15.920425053983232
0.9999992441170481 -0.0012282994892655955 -5.520428624812145e-05 -0.11615942447524451 0.0012284856207009157 0.9999930958992935 0.0035069893377486475 -0.18889053787989518 5.089627913361155e-05 -0.0035070545727708203 0.9999938489703759 17.246201144400878
0.9999948115375348 -0.0032161892173405687 -0.00018173940526056598 -0.12888692666034418 0.0032169770452256923 0.9999846383255996 0.004513775133485835 -0.20806966220652584 0.00016721947654355627 -0.00451433645207783 0.9999897963506003 18.61283556324687
0.9999907201458599 -0.004296014828973913 -0.0003223104820593058 -0.11528112495858081 0.004297378274595842 0.9999812826383232 0.004355101175427235 -0.2281250345011624 0.00030359489951745067 -0.0043564459336093144 0.9999904645597386 19.958886219004476
0.9999874179882999 -0.004994171725962896 -0.0004712956988922371 -0.12929580800430235 0.0049958237712538385 0.9999811444261946 0.0035710684262150218 -0.23629780508642623 0.00045345232494601673 -0.003573378072222266 0.9999935126547524 21.344963332730128
0.9999959311853658 -0.0028526507680759552 -6.503173631629191e-07 -0.13964107686705923 0.0028526390706304014 0.9999910529350243 0.0031235389412916457 -0.2933816301260245 -8.260052179470765e-06 -0.003123528146684484 0.9999951217402463 22.679755583283068
0.9999943577050571 -0.00332061192308419 0.0005080353849015297 -0.16252397737047405 0.003318563088928533 0.9999865640293294 0.00398232272963577 -0.268628177109736 -0.0005212523478790782 -0.003980614388210449 0.999991941470107 24.043861685859422
0.9999934578947187 -0.0033873605694847743 0.0012688430607270878 -0.1587481202928337 0.0033787487039881135 0.9999716512605415 0.006729095476752575 -0.2837353718732575 -0.0012916010667750944 -0.006724764481352942 0.9999765543798033 25.44160342749265
0.9999907686895033 -0.004128310782996849 0.0011914668164428764 -0.14708242582653722 0.004118765113765823 0.9999602634668411 0.007906152882971073 -0.3018194314130563 -0.0012240586246334063 -0.007901172678434053 0.9999680360648151 26.81473842480283
0.9999606454379323 -0.008796835318537503 0.0011503367703254348 -0.15836052386102317 0.008786772701900265 0.9999254505846074 0.008478554529533692 -0.360313614106754 -0.001224835557349159 -0.008468113271175888 0.9999633947481654 28.203142813253425
0.9999642342777917 -0.008344715091211038 0.001376919131209324 -0.16900473443332972 0.008336331580886229 0.9999473332000023 0.0059863504303205375 -0.3627582048569449 -0.0014268011172002633 -0.005974657979946812 0.9999811336720702 29.53971075339759
0.9999645320365939 -0.008207596283098341 0.0018894559204794901 -0.16600338935248066 0.008198359883611776 0.9999546525656694 0.004845585356468219 -0.4147166818981493 -0.001929141005389398 -0.0048299231411482145 0.9999864750364825 30.94757584061498
0.9999686811262782 -0.007583304286365378 0.0022650108882490737 -0.1727600434871645 0.007574617978296687 0.9999640177126327 0.003819480740053684 -0.368962865524214 -0.00229389386287449 -0.0038022045932927725 0.9999901405958429 32.313083676358595
0.9999765332806925 -0.006098154340024928 0.003121764412539448 -0.16852648707293252 0.0060901193509466985 0.9999781343722683 0.0025770556233148194 -0.4386231439642625 -0.0031374116987666024 -0.002557983273611868 0.9999918066493813 33.689555272764814
0.9999756428016876 -0.005877112049616046 0.0037647535383568743 -0.20072545758261465 0.005864500689899644 0.9999771846712763 0.003352276928605654 -0.4543637431329216 -0.003784369668092779 -0.0033301169348656044 0.9999872943510227 35.0757464539532
0.999978924484981 -0.005619822227471169 0.0032508760632982735 -0.20351368749460994 0.005605685211650066 0.9999748627419075 0.004341678201275756 -0.48554931419174163 -0.003275194077726237 -0.004323363388543428 0.9999852907066108 36.47783156033684
0.9999816251645444 -0.0052781339358041746 0.0029817186375838828 -0.21290546684123168 0.005264356506194275 0.9999755176000672 0.004609852847645844 -0.4731067806781393 -0.0030059773086426036 -0.004594071396509794 0.9999849291892348 37.882582161534025
0.9999807960625469 -0.005555687596575274 0.0027462432622647787 -0.22540364229491158 0.005543258347708998 0.9999744516875015 0.0045131198929153965 -0.4311541828574188 -0.0027712468147487106 -0.004497810169497163 0.9999860448487082 39.27196469588488
0.9999851834957565 -0.004451705921927073 0.0031329081175910014 -0.23743079374697806 0.004437222894294756 0.9999795069921893 0.004614828456939399 -0.46488146527717167 -0.003153388036494411 -0.0046008587543960346 0.9999844439988257 40.67582018694939
0.9999867014678095 -0.004153574177878863 0.0030569132492932792 -0.24434737313732818 0.0041382484503586624 0.9999789226318453 0.0050029176541364 -0.45870859025822774 -0.003077629062936617 -0.004990200948828928 0.9999828128978365 42.10008114815037
0.9999871893746966 -0.004079481757345807 0.0029964853542739645 -0.263987057863073 0.004064294409907193 0.9999789529058534 0.005057197797452025 -0.4727363652180644 -0.0030170532837113743 -0.005044954506767162 0.9999827227611565 43.47710929864274
0.9999831087036561 -0.005009596763654214 0.0029472458236597028 -0.2726432537233562 0.004995145784459108 0.9999755658439757 0.004890421863722217 -0.46926245017192425 -0.0029716730985616543 -0.004875617425448946 0.9999836986226404 44.897453599374536
0.9999893091991101 -0.004302474810029393 0.001694168276971142 -0.25466176842133675 0.004294356648934296 0.9999794177403049 0.004766821779578617 -0.5085401405224834 -0.0017146426785298117 -0.0047594955447505145 0.9999872035187967 46.310065332438604
0.9999895548563313 -0.004442435814841049 0.0010746858922939507 -0.28156172136717184 0.004437121170244777 0.9999781585227283 0.004898410575541601 -0.5205364708731526 -0.0010964233825193855 -0.004893590991573368 0.9999874252321979 47.74881757674997
0.9999911884203191 -0.00416165793687525 -0.0005510804980987216 -0.26061682645027034 0.004164507451939348 0.9999774195044994 0.005274215763918933 -0.540057095527061 0.0005291186218190679 -0.005276464369829449 0.9999859393808184 49.13732394521906
0.999992931616243 -0.0033245014045170645 -0.00175624876007362 -0.2532066716427547 0.003333937569322678 0.9999798759411649 0.005397459309209634 -0.5606205071092268 0.0017382697076788719 -0.005403276486984233 0.9999838913831893 50.571552885561616
0.9999882883327168 -0.0036474358648323803 -0.0031811017527473 -0.2651459466764989 0.003664209251900783 0.9999793317622966 0.005282954898649708 -0.5670377714604661 0.0031617670375555136 -0.005294549353047343 0.9999809853108854 52.03756181309345
0.9999904702739373 -0.002437214693809411 -0.0036220633307132754 -0.2961032306103318 0.0024608817528164323 0.9999755593511497 0.00654406265542315 -0.6054419108025297 0.0036060258296969367 -0.006552913892080437 0.9999720275615857 53.42768344287834
0.9999864459198814 -0.0017318907330202814 -0.004910043185208249 -0.28711533117758653 0.0017674981320477921 0.9999721063775556 0.007256887246951297 -0.635456935133334 0.004897338510420932 -0.0072654675245364024 0.9999616137976345 54.893363648514025
0.9999826592672781 -0.003311187652836972 -0.004870030419366309 -0.3242015592424131 0.00335180381934788 0.9999594738852934 0.008355596388949046 -0.6587857032711991 0.0048421665245780504 -0.008371775049754603 0.9999532323153111 56.28122043703748
0.9999777471062248 -0.004261074672863251 -0.00513308198459827 -0.35657232080197315 0.004301657430845731 0.9999593748229623 0.007921138741464353 -0.6888726962218273 0.005099121326216204 -0.007943043390908714 0.9999554525256501 57.70063648737624
0.9999794786096557 -0.0038369013803331593 -0.005130355013704744 -0.37146497847359233 0.003880893952886502 0.9999555517392005 0.008592624754566064 -0.7213636907936125 0.005097158362564207 -0.008612358956664404 0.9999499218773537 59.153792067492454
0.9999783184048112 -0.00359274711042175 -0.005518594247674753 -0.34601769953208855 0.003641575532405964 0.9999540874052765 0.008863520821819347 -0.7493003881477623 0.0054864969569755956 -0.008883425201136871 0.999945490075142 60.58892906359585
0.9999458273657618 -0.009209486004599239 -0.004850536197542199 -0.3736662532677142 0.009253260304320539 0.99991595518598 0.009080733781825027 -0.6996603071964151 0.004766500055313332 -0.009125125305289318 0.9999470048845329 62.04108334512184
0.9999504219808161 -0.008730175908948732 -0.004789322392427169 -0.37228555340336816 0.008773355479698073 0.9999203785216182 0.009069996626009642 -0.761894088246299 0.00470975879947641 -0.009111565558134504 0.9999473973950597 63.45006055874744
0.9999505925813177 -0.008921004717454089 -0.004384982567759949 -0.39061007276280013 0.008957727090589838 0.999924366288925 0.008427384841188632 -0.7818411069785306 0.004309470547013864 -0.008466248106541754 0.9999548745405397 64.87061840666411
0.9999487036897333 -0.009536281356303408 -0.003413111560876263 -0.41184913645701243 0.009563560145958293 0.9999217267764372 0.008067132444149668 -0.7936147944337135 0.003335914250064265 -0.008099360282769658 0.9999616352878771 66.31689812196494
0.9999598260387049 -0.00845292026199365 -0.0029823567010262985 -0.41740807229195986 0.008476152743853688 0.9999331453071882 0.007865096275175206 -0.8078313915235631 0.0029156745382128433 -0.00789005936544958 0.9999646222805636 67.6940762732975
0.9999815734116704 -0.005721862850108951 -0.0020280844117103168 -0.45205864436206 0.005740201125691234 0.9999416206132709 0.009154531464109739 -0.8315405837630844 0.0019755852146712887 -0.009166004567636518 0.9999560397485501 69.14673989835157
0.9999958492583619 -0.002705886252485001 -0.0009897716738720504 -0.47122775116561916 0.0027155864833777518 0.9999469704577998 0.00993387412503355 -0.8520445184185326 0.0009628393429064051 -0.009936520897224887 0.9999501680072439 70.50398419665758
0.9999999172592839 0.0003446879498202665 0.00021603564745557705 -0.49197542117166515 -0.00034701130877066305 0.9999410952338718 0.010848301360969493 -0.8672813697075166 -0.00021228365235137926 -0.010848375644094516 0.9999411321097835 71.95164668033301
0.9999911834354693 0.004150218879678494 0.0006393181160822977 -0.5068475545866367 -0.004156812237198613 0.9999343075896042 0.010681826690597997 -0.8842767081226296 -0.0005949442408344412 -0.010684390252231198 0.9999427432853795 73.31624998186246
0.9999711633533471 0.007512197064945515 0.0011132577092579708 -0.5083442511368498 -0.0075233309262208595 0.999918043130618 0.010358886324648747 -0.8983063868185794 -0.001035348554283922 -0.010366963224496652 0.9999457255915841 74.72200433716861
0.9999524545973837 0.009528974625512386 0.002070547914835811 -0.5290664264714404 -0.00955066254933359 0.9998968237281997 0.010729713915264874 -0.9203551268948451 -0.0019680912700107004 -0.010748979088678794 0.9999402912505891 76.17883644400256
0.999948185952429 0.009858101350350366 0.002538351672053886 -0.5339404408069072 -0.009885275074822281 0.9998914595283925 0.010924766235534733 -0.9234730987499576 -0.0024303789025401827 -0.010949292705071391 0.9999371011459797 77.5369730602458
0.9999546261504878 0.009192205534303591 0.00249979609460467 -0.5379270690680233 -0.009219365799518278 0.9998961196807774 0.01107940242148009 -0.9495267887251694 -0.0023976924649602343 -0.011101946464866608 0.999935496847789 78.95734060268536
0.9999571529166095 0.009069306641728865 0.0018547211122414376 -0.5202333933713273 -0.009087529325473565 0.9999080585576805 0.01006435585680536 -0.947244074621454 -0.0017632739985190627 -0.01008077966520844 0.999947633002372 80.3179407258484
0.9999627738319139 0.008416555275085603 0.0019006661991970073 -0.544454144132005 -0.008435068967421123 0.9999149002251473 0.009951981418855156 -0.9716334970952364 -0.0018167431972216793 -0.009967643396622494 0.9999486714477125 81.7206024358824
0.9999558617308121 0.00922721084817266 0.0017700712024163682 -0.5675372261231899 -0.009244972131174214 0.9999041866147371 0.010302819884280622 -0.9815913499360199 -0.0016748354482719263 -0.010318729603662258 0.9999453578804817 83.08195917312875
0.9999594695213041 0.008872522016177928 0.0015289376526375544 -0.5871279157074527 -0.00888663485084148 0.9999155303467037 0.009484719758317502 -0.9875155567271131 -0.0014446552338917107 -0.009497922641534418 0.9999538501539726 84.46993817195887
0.9999520034047416 0.009773796181384693 0.0006810095119956141 -0.5905923237490155 -0.009779962496990504 0.9999048321537674 0.009730312836233556 -1.0016244989301972 -0.0005858426495901807 -0.00973650626074625 0.9999524274866934 85.85466015384142
0.9999626194385819 0.0086392314227639 -0.00035126415942794806 -0.6028615926441973 -0.008635067980225432 0.9999075852173788 0.010500316227656738 -1.0150288560364946 0.00044194640462294813 -0.010496890743911544 0.9999448084631352 87.21897129156946
0.9999625889189814 0.008541426252252373 -0.0013655691672217994 -0.6245951959148995 -0.008525160955318306 0.9998974873918588 0.011503753839674169 -1.025511380714471 0.0014636877766567012 -0.011491682009090605 0.9999328971832554 88.57287895240697
0.9999635621064489 0.007891990744075617 -0.0032543691744294544 -0.6022903741817371 -0.007852190583045681 0.9998963657880401 0.012066515613290904 -1.046502211779076 0.0033492610322531377 -0.012040522253977719 0.9999219010927879 90.02548887839862
0.9999698207884233 0.006713828502138988 -0.0039092196268924045 -0.6221170822621683 -0.006663917099660244 0.9998978587485555 0.01264374500204399 -1.0574926087289374 0.003993708617149774 -0.012617312965343934 0.9999124230238376 91.37017182595947
0.999976327862404 0.005819222510616492 -0.003671559038151799 -0.6409208632303918 -0.005771694312426521 0.9999010920145898 0.012825511266924133 -1.0692462792872321 0.0037458307220508604 -0.01280401680310482 0.9999110089992346 92.75624128471793
0.9999807370912022 0.004753165368489185 -0.003991597281811801 -0.6636512586389607 -0.0047019029459422264 0.999907592816911 0.012755310260441983 -1.084300976697344 0.004051856880952607 -0.012736296711009402 0.999910680618273 94.0770361969388
0.9999816875861731 0.004020615912761647 -0.0045231762897413276 -0.6791082833244945 -0.00396339138132824 0.999912887033215 0.012590070540939451 -1.0848113723805108 0.004573402496792551 -0.012571913123021881 0.9999105114977572 95.42905501950358
0.9999820820888794 0.0043829128198152574 -0.004077445325206466 -0.6986342965463466 -0.00433409485513769 0.9999197339264287 0.011905516791624287 -1.098341667441196 0.004129299245145393 -0.01188763167584306 0.9999208134213017 96.80480796967616
0.9999772733419431 0.005809856236250363 -0.0034202854064011917 -0.7283691572004588 -0.005771207605520284 0.9999205855323839 0.011203383364505394 -1.1086158694486508 0.0034851041361587494 -0.01118338979959728 0.9999313905724492 98.19066833622763
0.9999638785805336 0.007762588620863008 -0.003461752335395517 -0.7359793830769484 -0.007722134210128867 0.9999034740651785 0.011550376951917058 -1.12117888009512 0.0035510793201310106 -0.011523227855722873 0.999927299890442 99.50422679342493
0.9999578103382696 0.008468095849110012 -0.003559335786230069 -0.729071317218144 -0.008423079300726704 0.9998866713819092 0.012477825984076558 -1.1282862149324422 0.003664596157261499 -0.012447319236033035 0.9999158139515524 100.88761101645169
0.9999611162265393 0.008058493518771241 -0.0035814373224736795 -0.7593380197975382 -0.008009698804414166 0.9998776498865208 0.013436145061875118 -1.133097917138616 0.0036892745432072103 -0.01340693665303359 0.9999033169837768 102.18643977766597
0.9999481910584982 0.009355983383419305 -0.004010080469787796 -0.7367223785778589 -0.009304794494535888 0.9998773327329246 0.012599218311015436 -1.1269120059267808 0.004127466999707829 -0.01256125284227471 0.9999125856572908 103.57510574832932
0.9999493608905203 0.00923081627543475 -0.004008448265205275 -0.7465794295876177 -0.009188164318450974 0.9999023245871576 0.010531806033216056 -1.1444321944350038 0.004105274259745289 -0.01049444264786625 0.9999365046882382 104.8886903080988
0.9999729102276361 0.0063024210659401595 -0.0038024044639773154 -0.7826417490639406 -0.006265293509155785 0.9999333405237966 0.00969848522439329 -1.1653276556155068 0.0038632752691796918 -0.009674399513277445 0.9999457390821969 106.16686466307678
0.9999749419678039 0.00631511603892408 -0.003199176031299672 -0.7918308473240682 -0.0062823060426356655 0.9999286085870966 0.010164170853220357 -1.180818156365451 0.003263135839547306 -0.01014381816360905 0.9999432258417998 107.56870253281951
0.9999898571725552 0.003072527842924117 -0.003293191931417274 -0.7892412104635598 -0.003033128214868363 0.999924556827322 0.011902973913787659 -1.1768349015965722 0.003329515992126599 -0.011892864750078532 0.9999237341426535 108.89745925926628
0.9999920608060563 0.003134264233789292 -0.0024606305195224846 -0.8059837489033146 -0.0031025569640802317 0.9999134466409927 0.012785670396116477 -1.1945122933208125 0.002500491434554584 -0.012777934898127858 0.9999152323730637 110.22808983745824
0.9999898328637491 0.00423753702220807 -0.0015418944500961878 -0.8271593071196766 -0.004217827136410944 0.9999121070585445 0.012569331530068523 -1.1949067000788305 0.0015950220808372139 -0.012562700543857974 0.9999198140186565 111.56965697261425
0.9999882863692842 0.004834845137139232 -0.00022668698188015512 -0.8082975244621207 -0.004832628188705026 0.9999484389249512 0.00893113670683067 -1.2269424613831947 0.00026985598625556555 -0.0089299367768224 0.9999600909086873 112.90708271812154
0.9999689657837927 0.007877386582552921 0.0001193032333555845 -0.8051326366300389 -0.00787807510891125 0.9999389394236392 0.007749411037283305 -1.2527958445034793 -5.8250841250949686e-05 -0.007750110578956228 0.9999699657464691 114.25852240432407
0.9999505271308237 0.009381580911053329 0.0033059361094858733 -0.8811329752253348 -0.009406949396228102 0.9999257725396871 0.007743302439533077 -1.2655333886704314 -0.003233046567406155 -0.007774018287610885 0.999964555395685 115.58282457737249
0.9999364325665603 0.01051140951499581 0.004079347574912969 -0.8775364225645456 -0.010546643597726111 0.9999064144616724 0.008713819414065425 -1.2959543597934684 -0.0039873716132117435 -0.0087562891013029 0.9999537130620936 116.92951111809963
0.9999314381781109 0.011275826285390386 0.003158268835254662 -0.8776665223957079 -0.011310865273080718 0.9998721207521784 0.011305153328011061 -1.2869025726852552 -0.0030303902607837167 -0.011340101209073843 0.9999311070466715 118.22379094079778
0.9999307846911876 0.010961114615150602 0.004275485075535117 -0.876979200091019 -0.011012267798838233 0.9998657882794646 0.012129938468370351 -1.3038988264720661 -0.004141953950374555 -0.012176181922567919 0.999917288984871 119.5923001785214
0.9999245087166523 0.011085841297724401 0.0052991480646840524 -0.8792543587428452 -0.011146768436175219 0.99987047534306 0.011609569864608303 -1.3134534064985603 -0.005169760273443997 -0.011667762053917069 0.9999185651371179 120.9135908606698
0.9998925612247652 0.012964976302752826 0.006839252251844825 -0.8841150440440184 -0.013042752277955368 0.9998493513246375 0.011452567249471838 -1.3157673330569166 -0.006689740221369917 -0.01154053970450666 0.9999110277003136 122.24429300312424
0.9998636852368699 0.014405470475763375 0.008068044054457674 -0.8920868997365086 -0.0144942277646679 0.999833863558424 0.011052722578308905 -1.3242713799640988 -0.007907484649653441 -0.011168156221908632 0.9999063676015464 123.59318806589923
0.9998162121456429 0.016887104768769 0.009075658886431474 -0.8843587577118328 -0.01698807557111664 0.9997933433402385 0.01116583821414904 -1.335470009309167 -0.008885225404076196 -0.011317964276500244 0.9998964728666225 124.94691441425763
0.999813403160653 0.016269292736873935 0.010414842163265409 -0.8883727408748787 -0.016368329159126147 0.9998209405147089 0.009495512072532793 -1.3474258164286164 -0.010258492881493123 -0.009664213999252188 0.9999006782114654 126.2693966680563
0.9998025935799052 0.016047375894649496 0.011715611862090717 -0.9055652514345971 -0.016157729825065307 0.9998253982269742 0.009386206216849867 -1.3658893575384212 -0.011562943286498394 -0.009573651202259201 0.9998873154219557 127.60858336082066
0.9998046299499062 0.0154134894099397 0.012374418792164159 -0.8869635793826427 -0.015536210796991072 0.999830460368894 0.00988315283818465 -1.3635566928553284 -0.012219987991644317 -0.010073473745368886 0.9998745906448748 128.91331943280647
0.9997911609409328 0.015573221486955151 0.013232884843327583 -0.8828791951761753 -0.0157147110207344 0.9998197289430173 0.010656336682251579 -1.39025825880467 -0.013064546942029716 -0.010862062399590568 0.9998556561882372 130.29537728588235
0.9998021139618586 0.014773442545827941 0.01332209742992731 -0.8551407445852973 -0.014911124263271885 0.9998358186720747 0.010295344020655545 -1.3826184928005594 -0.013167813622114027 -0.01049195437343037 0.9998582537418462 131.62675026450867
0.9998112076319416 0.01409280395534216 0.013376918171438375 -0.8587008044219182 -0.01423623492511723 0.9998415331182041 0.010688231816648852 -1.4153827205518954 -0.013224172326933433 -0.010876651124120354 0.9998533991164359 132.96955794731758
0.999798667702955 0.014961664014451294 0.013370588461196058 -0.8600856313911256 -0.015113127822185667 0.999821938793369 0.011299739376944149 -1.4391850215001736 -0.0131991458811325 -0.011499536014298406 0.9998467598676768 134.28876901078266
0.9998235518515315 0.013979480127868238 0.01254748057628925 -0.8211914313035493 -0.014121018927419918 0.9998368533212605 0.011263374127031631 -1.4568279783115414 -0.012387978420228018 -0.011438570162303993 0.9998578384456451 135.63389927864185
0.9998249101474165 0.014735236614448661 0.011533508528309496 -0.8240026528926029 -0.014859483219446294 0.9998316728243806 0.010762054179284445 -1.4706813600911426 -0.011372986663782577 -0.010931552046728805 0.9998755704293124 136.9701239210803
0.9998463038638387 0.013456186259910127 0.01123831277556779 -0.8529908708790563 -0.013593325000675647 0.9998329717564011 0.012216797184054835 -1.501496867246673 -0.011072045088034044 -0.012367685792605566 0.9998622155895155 138.31232139420936
0.9998682516412374 0.013305952077318814 0.009296825963678191 -0.7909888072394169 -0.013420611663934755 0.9998332785131058 0.012381534188515756 -1.505524077182065 -0.009130528644798647 -0.012504672281895848 0.9998801261228468 139.6668006504159
0.9998917312358353 0.011899744143953549 0.008655742248877843 -0.8228183807031908 -0.01200843403009617 0.9998483155356116 0.012615207352916888 -1.5179089154454093 -0.008504312276579598 -0.01271778368263945 0.9998829604752374 141.02515662647528
0.9998965742517989 0.012462003707681187 0.007179083464290711 -0.8143614000784536 -0.012547506199456515 0.9998493824229797 0.011990520526513296 -1.5227113941011476 -0.0070285768418602654 -0.012079360234135805 0.9999023393120424 142.348121870046
0.9999027747581998 0.012513539125967409 0.006152425952041363 -0.8098056614096653 -0.012583516773305086 0.9998550383590865 0.011469847424419788 -1.5329485543697325 -0.006008006200934767 -0.011546151653160357 0.9999152915329467 143.69753284698163
0.9999278329155382 0.010527578136744289 0.005787835616064321 -0.8107640069267515 -0.010581906368745522 0.9998994742294782 0.009437410370927097 -1.5403363860270902 -0.0056879011879915915 -0.00949797582573826 0.999938716238294 145.0470120112916
0.9999604486003973 0.007941576854840269 0.004004070392901534 -0.7911171594558163 -0.007974346559834679 0.9999342907900394 0.008235527530907363 -1.5891621787580035 -0.003938404540412353 -0.008267131815048907 0.9999580708704341 146.36242578669328
0.999994718943981 0.00010918553488974657 0.003248101995153508 -0.7956788543414248 -0.0001454860601548067 0.9999375160524517 0.011177782468889156 -1.609051231007087 -0.0032466788540928557 -0.011178196209715243 0.9999322512079253 147.76977326208225
0.9999702666244635 -0.007454371716233839 0.001974391182738626 -0.8006047989798253 0.007428306182858569 0.9998892532226673 0.012895795581686234 -1.617018713190234 -0.0020703027431365328 -0.012880746010407678 0.9999148964941597 149.09602681220466
0.999947875071725 -0.010151053224597585 0.0010969363679881304 -0.8218993366198535 0.010135439196323393 0.9998587246929573 0.013409083215748439 -1.6407453130161433 -0.001232897808014585 -0.013397266591670997 0.9999094925114114 150.33772611613645
0.9999739829996723 -0.0071001023025945315 0.001273530983613478 -0.8262344958932245 0.007084675624227809 0.9999060485990482 0.011734621165113274 -1.6862455504513916 -0.0013567284490157748 -0.011725293536116996 0.9999303359643377 151.69566490885813
0.9999978324096771 -0.001091539412408032 0.001773054372373665 -0.7923924042740678 0.0010766790693900411 0.9999644691258763 0.008360696371405405 -1.7002828506241958 -0.001782117547561364 -0.008358769400771416 0.9999634768486163 153.05660907290715
0.9999921108647579 -0.0026021840005701503 0.003001142166587003 -0.8265848457778946 0.0025753760509082246 0.999957058417665 0.008902176834657997 -1.7080967821884554 -0.0030241786431062963 -0.008894377705371308 0.9999558712201395 154.43524090283236
0.9999751413929092 -0.0063630312397200215 0.0030378349658807683 -0.8004180289492377 0.0063331249317676586 0.9999323643897147 0.009754904601661176 -1.6538503729373557 -0.003099700516400284 -0.009735423304447972 0.9999478053323543 155.75589834053707
0.99985803360649 -0.016452937376527886 0.003635037542616132 -0.8118558122523356 0.016405896332576726 0.9997858591444327 0.012612787422964665 -1.6624210745799146 -0.003841776847476687 -0.01255136101360129 0.9999138483326688 157.09174521403287
0.9998407470489422 -0.017476741870126565 0.0036116543716884176 -0.7764773907711389 0.01742924743105083 0.9997663122783983 0.012788360096384087 -1.6568693048917422 -0.003834309553198535 -0.012723375328902059 0.9999117029971654 158.44029643367838
0.9998389177856659 -0.017703902460806525 0.0029513270125374495 -0.7569518044067904 0.017664653525378632 0.9997616057582642 0.01283322462712574 -1.6764130992133865 -0.0031778218471308736 -0.012779023489508825 0.9999132952450572 159.7787031855721
0.9998463035826812 -0.017043924616759153 0.00410778036050761 -0.7688378884535734 0.016991247264102213 0.9997770631952434 0.012534808004160855 -1.6746160033412987 -0.0043205072615648465 -0.012463085366353809 0.9999129985752628 161.14077261944755
0.9998578578627134 -0.016015555054583956 0.005269353058296764 -0.7780072544466003 0.015951175867259373 0.9998002662050988 0.012041082634344743 -1.6753431971337414 -0.005461145662922792 -0.011955318930720982 0.9999136193870937 162.48557013455803
0.999854101505504 -0.015351262249748207 0.00749095897818217 -0.8514990325519115 0.015265358759565273 0.9998185647939333 0.011393256855276087 -1.6869226751424682 -0.007664501365823809 -0.011277242624284367 0.9999070352861434 163.82926341155476
0.9998559781386891 -0.014994523164720044 0.007949042210553179 -0.8440053409404208 0.014904162808949685 0.9998249880953932 0.011307479708732101 -1.693211136494471 -0.00811720197578445 -0.01118737756759535 0.9999044722433311 165.16225656119641
0.9998587824991321 -0.01483140076266288 0.0079021913092513 -0.8567046298767648 0.014736074763968121 0.9998195514206709 0.01198802249873628 -1.70870126268713 -0.008078565208106469 -0.011869882514253386 0.9998969160221702 166.52637501406988
0.9998571817799481 -0.01513522710685672 0.0075193723154689945 -0.8286912188280996 0.015048545474937853 0.9998211603978764 0.011453754233908842 -1.6991271927257072 -0.007691383365174823 -0.011338963018529703 0.9999061308626633 167.8495311835431
0.9998756121979768 -0.013999286779337915 0.007264992646164264 -0.8358421569971688 0.013925784951870489 0.9998523105421254 0.010071226529458199 -1.709120613975968 -0.007404910288429871 -0.00996880324620141 0.9999228921581604 169.21953509297757
0.9999124158262027 -0.011448829791012747 0.006639652823126494 -0.8268386824979692 0.011390002556909392 0.9998961330683527 0.008831245891935166 -1.7412261168430556 -0.006740071175496088 -0.008754846910235193 0.9999389601831923 170.62958529450302
0.9999177518759682 -0.011109813135223016 0.006407928826279853 -0.8352815127748081 0.011053838336399875 0.9999010076516212 0.008705604098042441 -1.7266207817910255 -0.0065040126669660145 -0.00863405602549819 0.9999415737391546 171.94583622143475
0.9999102877623773 -0.011580789781849395 0.006730657592772251 -0.854378360070978 0.011518526659645768 0.9998911785902572 0.009217076980957323 -1.7084079161330887 -0.006836666753563832 -0.00913872300313168 0.9999348697419416 173.3261673759603
0.9999646058899296 -0.004952438853823387 0.006801494672265438 -0.8567830273857975 0.004875375811400871 0.999924260932835 0.011300579554520409 -1.7427441469704466 -0.0068569455326687205 -0.011267019950653658 0.9999130144951441 174.7625278167536
0.9999673819334913 -0.003037049292612821 0.007484077214146912 -0.8367528139581376 0.0029351843583193798 0.9999034181725429 0.013584513609911357 -1.7524166816484188 -0.007524611850464966 -0.013562103621821425 0.9998797175462686 176.1329669206762
0.9999688935985229 -0.004264003625972141 0.006635519620047815 -0.8456037398730718 0.004165965483898058 0.9998829891233334 0.014719129782548464 -1.770499235607847 -0.0066975061686766375 -0.01469102885852219 0.9998696500453514 177.51652254526843
0.9999675608764226 -0.0061374665626033175 0.0052161971099971135 -0.8589689473121733 0.0060611688327676105 0.9998762197397937 0.014519208579544135 -1.7631609863411275 -0.005304663041088535 -0.01448712161431444 0.9998809848464851 178.92486936910717
0.9999403280767465 -0.010305005230682871 0.0036259022738138157 -0.8652470771228411 0.010267444108892354 0.9998949604767681 0.01022974053785139 -1.7404196066430255 -0.003730939246825323 -0.010191901550574327 0.9999411008824198 180.26967754008254
0.9999585414369668 -0.009043090707602846 0.0010667373922852552 -0.8758418950351226 0.009034804041594057 0.9999308079966649 0.007533360712253402 -1.779166401068192 -0.0011347885359987882 -0.007523410767079662 0.999971054854038 181.68529606517185
0.9999938625607566 -0.003497947077929702 -0.00019801932278024873 -0.8627511643857966 0.0034990883799336722 0.9999753359569202 0.006089651215909348 -1.7864770192103534 0.00017671318126334093 -0.0060903068456600986 0.9999814382961346 183.07493480890855
0.9999992285172806 -0.0011788433163984098 -0.00039152840852166716 -0.8852789554544092 0.0011818762240859947 0.9999685809300004 0.007838387419817891 -1.7922205003133582 0.0003822759151830889 -0.00783884426466374 0.9999692027200596 184.3957447413637
0.9999979923833132 0.0019869591322879626 -0.00025926599702273635 -0.9118038030404678 -0.0019842939330662447 0.9999489793644114 0.00990460730375349 -1.801509525085895 0.00027893285050214936 -0.009904073156107489 0.9999509145628561 185.85321630020215
0.9999812891600626 0.006065687178461652 0.0007929424548503855 -0.9260158463184156 -0.006074543394070252 0.9999132332838879 0.011688705412074438 -1.8249381537713947 -0.0007219736752323111 -0.011693303704457607 0.9999313703478291 187.2252636990841
0.999993906720141 0.003339074251918984 0.0010183815812210267 -0.9360003094762983 -0.003351324030033894 0.9999190578397698 0.012273809415341914 -1.824064360018815 -0.0009773160631044364 -0.012277147797990468 0.9999241553730228 188.68027118521692
0.9999921931641926 0.0038570233479179117 0.0008584728138102884 -0.9421903946647316 -0.003867207332506727 0.9999181579592551 0.012195166806133067 -1.8342734344141296 -0.0008113655704931558 -0.012198391735547336 0.9999252676717171 190.0842915979751
0.9999969680995898 -0.0020897769093400666 0.0013025471456644868 -0.9762294407623415 0.0020723753368934814 0.9999104523202204 0.013220914981634115 -1.8204313746516187 -0.0013300593700084063 -0.013218175788399721 0.999911751493207 191.47515515294762
0.9999976745805228 -0.0017426697518440285 0.0012704094345805444 -0.9508231590404786 0.0017259278522789787 0.9999131920153653 0.013062526516075947 -1.8431721458065282 -0.00129306292133403 -0.01306030376022262 0.999913874519817 192.90920228129187
0.9999917807499997 -0.0037928334303351866 0.001432778516043747 -0.9477342989187456 0.0037728768717638674 0.9998992557418265 0.013683704044401423 -1.8514863758417524 -0.001484534296121202 -0.013678186143171752 0.9999053472130108 194.2467153757388
0.9999818988582344 -0.005735412932523651 0.0018185170008856268 -0.9526313455725677 0.005708886258954934 0.9998818606605044 0.014271416424946068 -1.8589699220065823 -0.0019001547774707321 -0.01426077666443422 0.9998965044763559 195.6848480598064
0.9999619664813529 -0.008450409162243027 0.0021578201441214786 -0.9474921557488168 0.008417295975660948 0.9998532658325597 0.014919648692466118 -1.8723744786788012 -0.002283580834532023 -0.014900918520279685 0.9998863674883771 197.10516619727034
0.9999819946344363 -0.005431607470447413 0.0025510894745759435 -0.962311390007236 0.005398373676260913 0.9999027537110067 0.012858486342152068 -1.9018163488933832 -0.002620683851770309 -0.012844483333009072 0.9999140719409628 198.53437839999145
0.9999918706197576 0.0006126263491912209 0.003985396729668202 -1.0002121305359455 -0.0006482160670909926 0.9999598731661228 0.00893486831544984 -1.914120549519516 -0.003979763401682429 -0.008937379252084088 0.9999521412214385 199.97194873274168
0.9999467282769974 0.00902973387387362 0.005000449965205175 -0.9999073207263163 -0.009067321781005602 0.9999304195908069 0.007545837959408463 -1.9056353860220412 -0.004931965534438275 -0.007590776821016312 0.9999590270705218 201.44966887254535
0.9998582205620714 0.016099015158839394 0.004935630441874906 -0.9828497338802922 -0.016150692121783262 0.9998132180769919 0.010615278695457891 -1.9151327759335213 -0.0047638134176096174 -0.010693487734126187 0.9999314753522069 202.8494226339285
0.9998398214344091 0.016853289300610884 0.006024788301040052 -0.9847710554456093 -0.01692303444554904 0.9997881159382135 0.011718966480569457 -1.8976821081355317 -0.005826009095835824 -0.011819047294393526 0.9999131800997794 204.31672402906545
0.9998614608711666 0.015044578443085427 0.007121775867093739 -1.0662019501768802 -0.015132350864338852 0.9998081699365565 0.012435245067069806 -1.9231760943463525 -0.006933327253217704 -0.01254129176331581 0.999897317214226 205.79836505252229
0.9999014531107778 0.01294356504307883 0.005435822368944619 -1.0355468853893086 -0.013011635990507815 0.9998349485623991 0.01267962890169247 -1.941277770991946 -0.005270806013163959 -0.012749108562586868 0.9999048348887632 207.22514966186233
0.9999270310977413 0.011351985165000909 0.004130967310698149 -1.022180480499845 -0.011401254711255833 0.9998617271449154 0.012105288267407102 -1.9375542561428363 -0.0039929773855513235 -0.012151503413271059 0.9999181952020385 208.64017216090056
0.9999207753722312 0.011973158809075818 0.003884124485660464 -1.0443991675610453 -0.012017698263587144 0.9998598735335908 0.011653679688687368 -1.9340449749467306 -0.0037440491670890147 -0.011699434903054586 0.9999245498128558 210.14840820571416
0.99989627367117 0.01390105995788866 0.003768607166528304 -1.0437336557349197 -0.013943766496712959 0.9998360368129704 0.011552960523952318 -1.9523060954352836 -0.003607391153081418 -0.011604310992547865 0.9999261606214664 211.62316755338136
0.9998854059878606 0.014790387434525399 0.003227893715573798 -1.0359534784689057 -0.014828835445320904 0.9998152366454504 0.012231036114633784 -1.9516757724323646 -0.0030463958046708234 -0.01227750066671261 0.9999199880243761 213.05991894574333
0.9998981777601028 0.014094526584310076 0.0022312327471881864 -1.03864349483777 -0.014120977966731542 0.9998243985810827 0.012319497319969267 -1.973385626438899 -0.002057203621806599 -0.012349750362151728 0.9999216227190467 214.50265165339343
0.9998763102635514 0.01553988837400325 0.0024240473063124103 -1.059435194350788 -0.015566996770782203 0.9998115796255922 0.011596287968850181 -1.9896290594606554 -0.002243385726951163 -0.011632589002990943 0.9999298225849423 215.98217906347608
0.9998900766129456 0.014643951527344778 0.0023214952057821403 -1.077928514995039 -0.014668624508625255 0.9998319790394354 0.01099296042060791 -1.9860248371797031 -0.0021601249409168594 -0.011025805405412176 0.9999368807461475 217.48045322928033
0.9998777594318804 0.015583357040949278 0.0012748088226132996 -1.0480545013971727 -0.015596676901936907 0.9998155586589327 0.01120680016898924 -2.0086719286111507 -0.0010999342116717224 -0.011225313256978333 0.9999363892215397 218.94507089471688
0.999888450774574 0.014804823065678365 0.0019756482511965818 -1.103358863189105 -0.014824469714289225 0.9998367470599484 0.01033026431903119 -1.9935225664464882 -0.0018223881318815969 -0.01035840013773307 0.9999446896949137 220.42947037994415
0.99984171846919 0.017741839895531242 0.0013285624986861956 -1.0911663678433592 -0.01775517553907377 0.9997839636925651 0.010806467046308187 -2.052156706042829 -0.0011365489611371976 -0.010828345668631873 0.9999407258376178 221.89207737756993
0.9998266900891701 0.018594435405127736 0.0009147163302865666 -1.1002618755501494 -0.018602837519410734 0.9997744710236119 0.010244099503281683 -2.054574547151396 -0.0007240268427532483 -0.01025934063444519 0.9999471094599262 223.37714711883072
