1.0 -6.776263578034403e-21 8.673617379884035e-19 -8.673617379884035e-19 0.0 1.0 -1.828002979293187e-19 0.0 0.0 1.0683203047244863e-19 1.0000000000000002 5.551115123125783e-17
0.999999915589229 -0.00019452245058109626 -0.0003619149015940074 0.006208361487654123 0.00019494396007348726 0.9999993024549162 0.001164940938504506 -0.010870956481230737 0.0003616880721975576 -0.001165011376384867 0.999999255964488 1.3091817894915048
0.9999996001338323 -0.0007440934970967957 0.0004960414912447099 0.015677621858944252 0.0007431024939288238 0.9999977335445615 0.0019951706601719554 -0.028079651896195434 -0.0004975250024351644 -0.001994801223666498 0.9999978866154133 2.6150028375055427
0.9999980256127017 -0.0019852709179089528 8.642759085591804e-05 0.022891032856659912 0.001985140795917488 0.9999969304610745 0.0014826617714124733 -0.055083436304375996 -8.937081905307283e-05 -0.0014824872512708414 0.999998897121032 3.939207165033594
0.9999969025972338 -0.0024230940449609106 0.0005686921886882638 0.03185716256883113 0.002422386924400788 0.9999962956705332 0.0012412446520822732 -0.06672666622864395 -0.0005716977833346553 -0.0012398631964976228 0.999999067949463 5.243148595632329
0.9999961875682611 -0.002761179195255232 2.715987752660489e-05 0.028567041578454543 0.002761120488371196 0.9999942405755302 0.001973583450109307 -0.07961270600035629 -3.260914238149403e-05 -0.001973500905143803 0.9999980521127729 6.568680424047099
0.9999921121887729 -0.003964693451218932 0.000238253270179338 0.03902480894366093 0.003963800447556825 0.9999855191558749 0.003640023201762734 -0.09942342088091158 -0.00025268141879931493 -0.0036390500480519717 0.999993346709847 7.903875317609346
0.9999905526453765 -0.0042307037261515665 0.000997880013890058 0.04546626119834077 0.004226136310962995 0.999980781751487 0.004536067114566214 -0.10944490951954103 -0.0010170516791149905 -0.0045318070173131966 0.9999892141054282 9.217794726491158
0.9999935810987146 -0.0035829302278931226 1.9263957361169773e-05 0.035922535872064044 0.0035828513506858937 0.999988540316373 0.0031752820046549997 -0.12534638855354735 -3.064055432518489e-05 -0.003175192556254328 0.9999949585927708 10.571526255495252
0.9999983064221406 -0.0015477933186072983 0.0009957352869663129 0.04595475450121499 0.0015468457474821801 0.9999983506241942 0.0009518498059131516 -0.13499533997394036 -0.0009972069954624942 -0.0009503079309229744 0.999999051245574 11.892635407918721
0.999997384467929 0.0022858248752203473 -7.785495916337159e-05 0.04537283649886422 -0.0022858250630981613 0.9999973874985787 5.602479197287755e-07 -0.16199976833497387 7.785604373447986e-05 -3.822840745800661e-07 0.9999999969691604 13.230383362485092
0.9999868532512427 0.00512743101855323 5.2661755896577823e-05 0.047535095745326716 -0.005127423614124538 0.9999868435447751 -0.00014922104318020602 -0.17661714006278417 -5.34261862974424e-05 0.0001489490591304172 0.9999999874799529 14.579056403351219
0.9999785165753846 0.006542410073307134 -0.00040404670916718496 0.0628413635966506 -0.006541072734219403 0.9999733953663683 0.0032284568455992007 -0.2019538408332907 0.00042515788619167886 -0.0032257445429215805 0.99999470689131 15.899360761252543
0.9999925114407477 0.0038072857638141258 0.0006940002466949589 0.06423169926263056 -0.003809915886166309 0.999985414736226 0.0038281666804893845 -0.20619242923958087 -0.0006794152555498192 -0.0038307820408568223 0.9999924317217044 17.268887035824186
0.9999980382348636 -0.000612259374735062 0.0018837901367466138 0.08288895974255726 0.0006013229533272752 0.9999829951590785 0.005800673069419603 -0.21741845656279357 -0.0018873097779377327 -0.005799528839500452 0.9999814015880351 18.611877153720325
0.9999970845737363 -0.0023671857877371636 0.0004767337734373619 0.06758646669403225 0.0023648598287593888 0.9999855764252522 0.0048222799364201156 -0.24473412703861316 -0.00048814217148925986 -0.004821138398584599 0.9999882590999787 19.983728517525694
0.9999933441526778 -0.0031482116361473893 0.001844020958099061 0.10213965161353009 0.003144540094952623 0.9999930743761272 0.0019907460474770733 -0.25274674052471496 -0.0018502756330571173 -0.001984934170176356 0.9999963182504791 21.30926590232587
0.9999972223893929 -0.0012722376848485215 0.0019840930050514446 0.09647160705762907 0.0012666536794696944 0.9999952408161058 0.00281317185401986 -0.2813728136352066 -0.001987662752551975 -0.0028106508404651988 0.99999407470048 22.672164045808003
0.9999918700065612 0.0011471841781968365 0.0038657327071993275 0.10874186486829907 -0.0011625888163236098 0.9999913840314578 0.0039850035516814635 -0.28097030017551516 -0.0038611281900928227 -0.003989465353685769 0.9999845878072104 24.061874077315636
0.9999908107413241 0.0012038589783834545 0.004114505621396047 0.1159936152166198 -0.0012354166342050334 0.9999697766312684 0.007675908822020545 -0.2950156662257235 -0.00410514089878464 -0.007680921303788353 0.9999620749106412 25.418685166909874
0.999993156311244 -0.0006510317329562066 0.0036419072775668087 0.11795114319686933 0.0006195574846799825 0.9999625108791391 0.008636723459153738 -0.29344837304458826 -0.003647393832396165 -0.00863440785601817 0.9999560707909365 26.77981102793942
0.9999822123830766 -0.004223203009389976 0.004211825278498872 0.13594183872596627 0.004187461592913417 0.99995545353614 0.00845908491278267 -0.3337832675634777 -0.004247362446648804 -0.00844129746615598 0.9999553512043052 28.133113486627035
0.9999830418154132 -0.004929044698231649 0.0031017088776439643 0.13434632098692245 0.004913074560793529 0.9999747428275283 0.005135699739296436 -0.3198222559524019 -0.0031269448944538664 -0.005120373645052726 0.9999820018304951 29.525603883574647
0.99997653579365 -0.004635050820387899 0.005044220824568222 0.15458690079054738 0.004612478169115191 0.9999793382479994 0.004477513575708999 -0.34526276481236845 -0.0050648705309269595 -0.004454142090563657 0.9999772535920257 30.91521643017105
0.9999891221370703 -0.0018458120028632848 0.004283524876590147 0.15644553992018662 0.001832775614780506 0.9999936833589584 0.0030453535710652513 -0.3464664963701971 -0.004289119329140034 -0.0030374696598389856 0.9999861885201292 32.29947470965941
0.999989757261793 -0.0005835907655528611 0.004488295148329965 0.15439187541636934 0.000576806084457604 0.999998689368518 0.0015127977840450504 -0.36857467757859 -0.0044891724968156395 -0.0015101933909195163 0.9999887832596164 33.67540571166946
0.9999881933298429 0.0001976781815930663 0.004855319161467499 0.15746756774723414 -0.00020508710317435205 0.9999988154173249 0.0015254849577934668 -0.37788605504553685 -0.0048550122613767255 -0.0015264626881705708 0.9999870492994233 35.06959446822337
0.9999904732093468 -0.0004324658397101772 0.004343554296946672 0.16163296439793254 0.00041874525336002945 0.9999949218485239 0.0031592613059965445 -0.39909730655085807 -0.004344898876343978 -0.0031574123198202762 0.9999855761953211 36.46269534260897
0.9999904446299771 0.0004570148927061749 0.004347618453092939 0.16679655955660616 -0.0004768493706594986 0.9999894794398192 0.004562195518037651 -0.40644922544469864 -0.00434548808617596 -0.0045642250176819695 0.999980142092636 37.873376714116226
0.9999902557471687 0.0022851575066497242 0.003777097515840178 0.17535035037632402 -0.002303609222337692 0.9999854003743657 0.004887988035256524 -0.4217579561207668 -0.003765872863642968 -0.004896641291662771 0.9999809203687394 39.26496138900094
0.9999775364717496 0.0050666734635807726 0.00438809406052321 0.1760825474842978 -0.005089533582667225 0.9999734547599299 0.0052140608036656865 -0.4378428546871992 -0.004361559997454866 -0.005236276954692644 0.9999767788272882 40.65968879640423
0.9999671520596899 0.007015042319335828 0.004060046584274561 0.19104048367590992 -0.007036481244873868 0.9999612494844069 0.005290318546195973 -0.44701035227190755 -0.004022777781273653 -0.005318713136095504 0.9999777640253195 42.08094777949508
0.9999631852120158 0.007542614982533489 0.00409110919899249 0.20010955098539449 -0.007563342420038583 0.9999585208247798 0.005074691219265654 -0.4460656803801032 -0.00405266339783044 -0.005105446782847605 0.9999787549384754 43.460576390853795
0.9999679805652804 0.007446172240753496 0.0029312724432646823 0.2164651109078255 -0.007463853080992731 0.9999537368802426 0.00606753712470024 -0.471924041150904 -0.002885957145970219 -0.006089221345694569 0.9999772960569846 44.89943280654623
0.9999732669392776 0.007026676788161986 0.0020226753815636303 0.24069373768506025 -0.007037969240540256 0.9999593803967076 0.005630679794310406 -0.48064621159649923 -0.0019830284178343517 -0.005644764715727174 0.9999821019521588 46.29913001867183
0.9999728709135313 0.0072142325739062325 0.0014873737260532507 0.2458436929029841 -0.007224036167575921 0.999951499218288 0.006694215644900006 -0.502292897327168 -0.0014390080766300342 -0.006704778782823064 0.9999764873192747 47.72958445463215
0.9999731181937394 0.007307300926971541 0.0006051760141282531 0.24229347965399695 -0.0073117953041171285 0.9999429273058472 0.007789723495228567 -0.5134827243946696 -0.0005482196646794252 -0.007793938905059232 0.9999694765166084 49.12054823555158
0.9999717569975294 0.007439742323513516 -0.0010655681469341517 0.23147037976524779 -0.007430511700409962 0.9999369435333268 0.008420003892834909 -0.524360483302913 0.0011281437124389332 -0.008411848249668194 0.9999639833985471 50.56973019170406
0.9999739531404211 0.007052429094662128 -0.0015350175540014242 0.24761771195795113 -0.007039471424707136 0.9999408625912994 0.008289582257643657 -0.533866170023005 0.0015933886041023327 -0.008278560509314867 0.9999644626398306 51.99169892026108
0.9999690804340952 0.007440065802049805 -0.0025462893909882177 0.2270982429782454 -0.007415268861727088 0.99992629516132 0.00961343051475372 -0.5417152627341029 0.0026176264946297656 -0.009594251713706009 0.9999505479567383 53.398943039805765
0.9999750518106312 0.006402036172546995 -0.0029849092483224616 0.23927208795674745 -0.0063704913335609565 0.999924992643889 0.010460685413625522 -0.5483160203891206 0.003051655302429337 -0.010441408949984143 0.9999408304354659 54.85035127669087
0.9999779451499284 0.004664893804304429 -0.004727364345769117 0.2513485379049213 -0.004612154928030914 0.9999276860171772 0.011106339408648531 -0.5580299451181548 0.004778832786988482 -0.011084290963610015 0.9999271479688335 56.277606483163815
0.9999841932678055 0.0030837222219011486 -0.004701474999539833 0.25255846025979883 -0.003035661869942919 0.9999434161148445 0.010195554682431407 -0.5750491386261722 0.004732649627793269 -0.01018112128879198 0.9999369714095635 57.69950375148196
0.999989497857369 0.0017617827508947257 -0.004230873793022167 0.24672731969986034 -0.0017144735748768575 0.9999362594163678 0.01115964582030553 -0.5828651647494095 0.0042502653427315944 -0.011152274737626856 0.9999287784667841 59.13708352785295
0.9999926833560115 0.00033870252788160006 -0.0038103165660994974 0.24575523299251983 -0.0002936182918607652 0.999930021393304 0.01182650054665243 -0.5803364897225262 0.0038140559106063015 -0.011825295066523273 0.9999228047035997 60.526522153812564
0.99999394501171 -0.001119071540241524 -0.003295089755634465 0.24616702287779607 0.0011607429910164189 0.999919035058451 0.012671859177487746 -0.592853824732584 0.003280642526242849 -0.012675607018075097 0.9999142795070571 61.96278426681128
0.9999903822261339 -0.0025726799395927495 -0.0035520093020958415 0.24522577180405644 0.0026179780617326 0.9999145528664526 0.012807543440237976 -0.6073421962596849 0.003518756376744505 -0.012816719156490661 0.9999116711262444 63.37687204475626
0.9999882161558199 -0.0035879914835296985 -0.003270147274517613 0.24437235844382155 0.003628319725886991 0.9999164004068911 0.01241078183316362 -0.6103997114123387 0.0032253443808277146 -0.012422500545699112 0.999917635920488 64.81476981168653
0.9999882997436479 -0.003951776729435379 -0.0027899521915425935 0.24187134533569557 0.003984951366471665 0.9999202138514165 0.011986913955509916 -0.615894932204228 0.002742360212612407 -0.011997891354811644 0.9999242621591536 66.27639537269904
0.9999937758872012 -0.0026733494240530013 -0.0023024742522362984 0.2376502602816263 0.00269976732414422 0.9999296757164274 0.011547938731863253 -0.628223676950652 0.002271440846284033 -0.011554082833087228 0.9999306694553788 67.68596716651314
0.9999996276785472 0.0007562928870032833 0.00041552848979381756 0.2554697020579764 -0.000761862090882884 0.9999076336396296 0.013569958282185289 -0.6389793439528368 -0.00040522727969060594 -0.013570269608813768 0.999907837533578 69.0540908953139
0.9999931343730621 0.003705488857222087 2.3616199212746734e-05 0.24252412635156934 -0.0037054396282771144 0.9998868199948643 0.014581389939299397 -0.6370518385869735 3.0417655471819648e-05 -0.01458137712685371 0.9998936855997995 70.46436310541299
0.9999724549698163 0.007397806069430281 0.000601466392734719 0.23841607493986383 -0.007406238603624186 0.9998525426377154 0.015493244674784733 -0.6431469008957666 -0.00048676172072403996 -0.015497272293490889 0.9998797915748442 71.89185131682525
0.9999385397518821 0.011030540961224923 0.0011152907029453032 0.23600918435571988 -0.011045932060143883 0.9998281173913317 0.014890368847796952 -0.6407847353520614 -0.0009508502560506482 -0.014901772893664154 0.9998885103021464 73.24911169836007
0.9998744285611566 0.015720846480344698 0.0019955128699548474 0.23317246293503868 -0.015749740101087466 0.9997573817462168 0.015398810649978499 -0.6547934393889231 -0.0017529465250638856 -0.015428305587800076 0.9998794400077747 74.64452321760764
0.9998634630718328 0.016229875768215413 0.003105852716043105 0.23034410023788565 -0.016275856754489698 0.999748927412314 0.015400606001899571 -0.6500178872118386 -0.002855123232680214 -0.015449053443728041 0.9998765798857799 76.07132819252547
0.9998630048807505 0.016347356333116823 0.0025952622146458255 0.2386777370242506 -0.0163852566862613 0.9997483267408315 0.015323399847443287 -0.6533050369502477 -0.002344112169450072 -0.015363824434622244 0.9998792217173128 77.49978216694046
0.999864848738222 0.016001266802427715 0.003774081816734882 0.2545317226210602 -0.01606020063233465 0.9997407684728418 0.01613895441311269 -0.6607939750574263 -0.003514860028879151 -0.016197385492716092 0.9998626357887671 78.88268561674387
0.9998825177691931 0.014930265726244252 0.0034695537678896466 0.2585408534113754 -0.014981986503960185 0.999769284546529 0.015392134164282851 -0.6687922541234178 -0.0032389449009450643 -0.015442306448959678 0.9998755144479662 80.31421404192687
0.9998902814318219 0.014645282635970563 0.0022227852110753774 0.27124955628621844 -0.01467801996946359 0.9997720527989126 0.015504780155994963 -0.6725479430875543 -0.001995206807655846 -0.015535704857235271 0.9998773229798407 81.70474561083589
0.9999009829138531 0.013888998760543158 0.002262755587864134 0.2798892596053469 -0.013922719619040883 0.9997807763344463 0.01563832421327141 -0.670439246197222 -0.0020450590389636336 -0.015668279239331857 0.9998751535786841 83.08203570517884
0.9999077027723425 0.0135329563850745 0.001202085841914567 0.2808465884212034 -0.013550000287289803 0.9997876147655557 0.015528132089272194 -0.6754122392210143 -0.000991689080529553 -0.015542986926720083 0.9998787086918305 84.44927349913505
0.9999095716015121 0.013423136432679646 0.0008173191224535477 0.2812371284127244 -0.013434252325936959 0.9997881994297865 0.015590932548168266 -0.6726719225129643 -0.0006078668451918647 -0.01560050253306228 0.9998781199744915 85.81766923988953
0.9999180455107032 0.012802328431021507 -5.1309528640688766e-05 0.2892044888662841 -0.012799826137983658 0.9997873162685537 0.016170550724706467 -0.6745162511383542 0.0002583193434377365 -0.016168568490723352 0.9998692467762121 87.20401007795743
0.9999307828797792 0.011638450516972014 -0.0017250810840304448 0.2928621827523408 -0.01160546794458519 0.9997700151689706 0.018034131905750293 -0.6826337280719305 0.0019345738595105333 -0.018012863003210634 0.999835883619851 88.56640384866428
0.9999420222974756 0.010400485306529277 -0.0027896122729849215 0.2887504903996251 -0.010347766011137184 0.9997791658825576 0.01829052306905166 -0.6876379538532886 0.0029792268010443556 -0.018260596109020717 0.9998288227598849 89.90793004157017
0.9999564724016793 0.008419838196837844 -0.004019902588345543 0.2880701604384137 -0.008343118743940425 0.9997896755766732 0.018734914069328097 -0.689695081398831 0.004176802402516116 -0.018700559789669943 0.9998164048313483 91.30511118344256
0.9999645815399415 0.007081152273640838 -0.0045489492933963125 0.28759236385344256 -0.0069969377085244994 0.9998086126001431 0.018269675857822954 -0.69349276592707 0.004677449432773698 -0.018237199796438536 0.9998227472888244 92.76047567517679
0.9999717367031268 0.005771631340979613 -0.004818097081360615 0.2837238921789261 -0.0056818486373150815 0.9998137357777648 0.018444792420379812 -0.6908696000672058 0.004923656598628782 -0.018416895145791982 0.9998182712697049 94.09041701272446
0.9999742783642488 0.005267941074910406 -0.00486738123726494 0.2744953881990469 -0.005181736691740924 0.9998324407267919 0.017556767777554997 -0.6911184621683915 0.0049590540976705575 -0.017531094447943922 0.9998340204738507 95.41415092730126
0.9999767048814658 0.004962260453821313 -0.0046867536200989835 0.27897018370167137 -0.004878785619298177 0.9998321913680741 0.017657479277989392 -0.6920933118509913 0.004773588555029731 -0.01763420202432571 0.9998331099528132 96.76871911756628
0.9999744784667671 0.005589497095324926 -0.004449711323412184 0.2776903809181767 -0.005514433332990013 0.9998452268427445 0.016706687396005906 -0.690593547979671 0.004542404990592251 -0.016681723138770966 0.9998505321584567 98.11223553452521
0.9999678051267412 0.006668820129140871 -0.004462683082761194 0.2638225404746731 -0.0065922139245000125 0.9998343335241539 0.016966090958807356 -0.6882704480422399 0.0045750879601822855 -0.016936125532109773 0.9998461062630464 99.4736563190198
0.9999569719686935 0.008130650233719075 -0.004466175998281737 0.25853092171603015 -0.008045257126514703 0.9997905863600863 0.018816410083173835 -0.693057519571955 0.004618230758780742 -0.01877966864540283 0.9998129804994849 100.81433225792203
0.9999594819963801 0.00804086953705622 -0.004047069717110917 0.25515543308852445 -0.007961145425364281 0.9997811839399379 0.019344364259474986 -0.6819986018935171 0.004201730017265654 -0.01931136087576057 0.99980468932181 102.14185844466044
0.999960449883091 0.007726550091497463 -0.004404439131202366 0.2522996936076224 -0.007643418742420352 0.9997979954200545 0.018588881837309647 -0.6852722477236585 0.004547177724523182 -0.01855448140502799 0.9998175105386825 103.49033249240199
0.999955415074805 0.008447446468953408 -0.004220011914361742 0.25170835708523387 -0.00837212268148167 0.999810775700412 0.017559054046537223 -0.6863213291298254 0.004367542923423853 -0.01752294046781225 0.9998369222590667 104.85842203785413
0.9999562726869226 0.008324074540896696 -0.004261746954044756 0.25266082693330527 -0.008253091208742045 0.9998312649560307 0.016411219461415806 -0.6862134283256973 0.004397636433326998 -0.01637532902101178 0.9998562443576483 106.16602179078991
0.9999728722418222 0.006083183302785774 -0.0041532703536285255 0.24582100593774003 -0.0060093655330121015 0.9998277433280772 0.017560501641925248 -0.6869977294108705 0.004259379034326522 -0.017535066492392906 0.9998371763039838 107.49831518705822
0.9999883124569451 0.002915860259790204 -0.0038565146010956473 0.239193222234107 -0.002840525113789804 0.9998078083205335 0.019397882834726064 -0.685212543598666 0.003912335255402584 -0.019386701314354157 0.9998044055856552 108.82073698864015
0.9999948889413903 0.0010465327689787613 -0.0030210690511797127 0.24370064399423896 -0.0009855897363851575 0.9997974045934734 0.020104188651878022 -0.685815224440934 0.0030414969437296217 -0.020101108072627282 0.9997933260090893 110.14739872096132
0.9999964249344969 0.0011300600347967087 -0.0024234440331966714 0.25120652535972654 -0.0010811128794895747 0.9997973001789268 0.02010447139852936 -0.6778721161966926 0.002445672266351972 -0.02010177921626132 0.9997949475471076 111.49472883131514
0.9999952261365745 0.0025698144666634957 -0.0017157377718079953 0.2486468468465317 -0.002538967741846569 0.999839317261866 0.01774523367007145 -0.6778104167159689 0.0017610641889380793 -0.01774079249745582 0.9998410688295304 112.81184102984452
0.9999834186214486 0.005735540911932679 -0.0005157995220364696 0.2524607595873174 -0.005726604457197563 0.9998568824015374 0.015919193884091958 -0.6815584975835718 0.0006070309427273031 -0.01591597591266956 0.9998731485590524 114.10254325754352
0.9999704830215802 0.007624618793698089 0.000947770235381425 0.2570973039355654 -0.007638843790401608 0.9998421721977143 0.016039912137991087 -0.6750351103359821 -0.0008253225017509185 -0.016046678326096037 0.9998709031379973 115.45387312160885
0.9999570370310753 0.009026019128239525 0.0021107020582144895 0.2435029015697655 -0.009062659605813334 0.9997960745206628 0.01804653982296656 -0.679380361951821 -0.001947383378509907 -0.018064892804426396 0.9998349200382298 116.82190751216349
0.9999569022392478 0.008676117167885859 0.0033043377495309153 0.2529220874372611 -0.008740158308159439 0.9997640462304398 0.01988621444832936 -0.6709674983538352 -0.0031310232111192394 -0.01991423754530797 0.9997967892608262 118.11788557211608
0.9999557094571907 0.008460082782300251 0.004123847286921356 0.2727550259995586 -0.008544766217365996 0.9997436097301898 0.0209690677527357 -0.671681846808796 -0.003945390250939162 -0.021003376029767876 0.9997716199560169 119.47581591104097
0.9999436634381225 0.009362025704286387 0.005002241089797505 0.2773919952326569 -0.009463864995908405 0.9997401453500904 0.02073829946049663 -0.6592906060182118 -0.004806789140780244 -0.020784471371142428 0.9997724243581252 120.82848277960767
0.9999232465011583 0.010480858264979246 0.006607019356061921 0.2873277938606259 -0.01061376067609437 0.9997353193005009 0.0204117480648418 -0.6564078926492458 -0.0063913384986410615 -0.020480306419394464 0.9997698274209814 122.16469388984744
0.9998935907933614 0.012347261348691756 0.007768668520887683 0.29331052502713106 -0.012502374413672534 0.9997168736279372 0.020245079730358453 -0.6459923914437566 -0.00751649834054036 -0.020340051977824566 0.9997648646154299 123.47905392451712
0.999878619512978 0.01277971302505721 0.008912079255292272 0.30094552226985916 -0.0129526261110185 0.9997235660880879 0.01962194997828465 -0.6421357277971417 -0.008658853485195378 -0.019735002803547834 0.9997677499818779 124.81221740265093
0.9998473392458823 0.014507214340123599 0.009738527109894639 0.3172829646348494 -0.014689677109889486 0.99971282580658 0.018933550751699963 -0.6389413653310024 -0.009461058164357185 -0.019073715886882982 0.9997733151697882 126.15288345654243
0.9998562248149876 0.013011583155847937 0.010873287464075097 0.331866302658021 -0.013218018461230642 0.9997295448976479 0.019134290756820153 -0.6361071613475056 -0.010621380197502495 -0.0192752627584114 0.999757795925819 127.50040697752006
0.9998420652099527 0.013455507031584185 0.011610079360249406 0.34907568907040276 -0.013687094078831034 0.9997042112546266 0.020103569185184342 -0.6327786161891668 -0.011336142457417445 -0.020259302089857673 0.999730489951639 128.81062071265296
0.9998558699047251 0.011860131696283902 0.01214811392119974 0.3637768069700491 -0.012109766815046198 0.9997126796513628 0.02068602734432953 -0.6235414652565083 -0.01189928550453579 -0.020830156392683413 0.9997122143773151 130.1660822459087
0.9998697461844765 0.009924266742724216 0.012727905420318555 0.3829669932341273 -0.010201130147116157 0.9997086647366721 0.021875160042027334 -0.6173110470696951 -0.012507103453179815 -0.022002149421937595 0.9996796875847407 131.49864283361234
0.9998805733009728 0.00913718417329688 0.012463987499990503 0.4081799613977847 -0.009412896726036582 0.9997082506681035 0.022244346541401554 -0.6147274976618619 -0.012257101471984014 -0.022359011877612765 0.9996748661619711 132.86147311116534
0.9998960396988186 0.006791056898219697 0.012719721999156896 0.4464531667737583 -0.007081748496788262 0.9997115387370378 0.02294968808429501 -0.59781127278395 -0.012560201263915223 -0.02303737976764345 0.9996557009599981 134.19216714370867
0.9999132340567896 0.006700962051747974 0.011341139931247742 0.44536583838801436 -0.006959465480713743 0.9997133190319472 0.022909509358389257 -0.60023253260104 -0.01118437382366578 -0.02298644953346645 0.9996732130561767 135.51092561186894
0.9999312790897157 0.005372757329976522 0.010419720189565853 0.47202928411174444 -0.005617001526305306 0.9997067703569265 0.0235546730886723 -0.5915971951590391 -0.010290112136059414 -0.023611581633394774 0.9996682483628799 136.85906723583545
0.999953200076733 0.0028714401790817206 0.009238640768141975 0.48586251857009133 -0.0030992597029415444 0.999689107354361 0.024740316364443866 -0.5770597736999806 -0.009164728970695528 -0.024767791108438894 0.9996512212983991 138.16011195104412
0.9999670242571694 0.0013911890195807564 0.00800093675351211 0.5000636157594416 -0.0015873016286544407 0.9996971638440237 0.024557302422883877 -0.5800782524129974 -0.0079643505975866 -0.024569192171980992 0.9996664063033631 139.51326919155156
0.9999758931148099 0.0008721209354991289 0.0068885842478836196 0.5232445973310742 -0.0010427334847096354 0.9996918197502342 0.024802787304939455 -0.561142749071672 -0.006864830866800895 -0.024809371985316388 0.9996686296635938 140.86502409493264
0.9999871786648559 6.595923288138015e-05 0.0050634133841386715 0.5264051200059368 -0.00019176322656836253 0.9996911919789025 0.02484922399966726 -0.5456275705995856 -0.0050602111494870965 -0.024849876016045668 0.9996783872318998 142.2259005925673
0.9999907019027392 -0.0005874428985275688 0.004272121136189073 0.5364346791214267 0.00048302223843864995 0.9997020992914024 0.024402446352501227 -0.5307055957641971 -0.004285183871191827 -0.02440015557317234 0.9996930876929149 143.54744443151316
0.9999928981006848 -0.0019445248634111713 0.0032284007270665413 0.5477180623699424 0.0018735705653894349 0.9997597746462766 0.0218376453733065 -0.5239992805504937 -0.003270089302320219 -0.02183144133141433 0.9997563176406813 144.86386931507627
0.9999798970918986 -0.006042125915604957 0.0019230505306529599 0.5539124421510868 0.005999002818246745 0.9997467128150658 0.02169152384156753 -0.5241810094742361 -0.0020536265391178764 -0.02167955107814435 0.9997628617128805 146.22892490030586
0.9999117876395442 -0.013218395248189902 0.001300365238033523 0.5742806986303028 0.01318360649132066 0.9996281699232197 0.023868692011603465 -0.5167296305754654 -0.0016153876682257458 -0.02384944264634357 0.9997142564665337 147.57051269429698
0.9997560490731171 -0.022086215749052316 -0.000203390314114712 0.589841888781378 0.02208428451745676 0.9994353213178555 0.025324354979590843 -0.5029328284047283 -0.0003560437415679853 -0.02532266843816932 0.9996792663992272 148.94352513297855
0.9996842879908718 -0.02506034118787256 -0.001817575613711631 0.6114462071694401 0.0250951189049652 0.9994283024467768 0.02265619917810006 -0.48433723759297187 0.0012487645243823902 -0.022694658286426316 0.9997416631557106 150.28595288967728
0.9997230389967793 -0.023523003065783667 -0.0007166387986656947 0.6329725649537963 0.023532656912393972 0.999521211658393 0.020088842135775577 -0.48260238817854617 0.00024374579723330722 -0.020100142429113194 0.999797942007376 151.60901824479814
0.9997938094752279 -0.020306112856222934 1.6589191859865682e-05 0.6246791663895742 0.02030269986510273 0.9996399986562832 0.017540624910985052 -0.46871347584517975 -0.00037276516720428834 -0.01753667113695195 0.9998461512624988 152.97019454844644
0.9998060401715874 -0.019676822257952552 0.0008394429569175211 0.6252614542441235 0.019658124942483396 0.9996384704049877 0.01834357288535908 -0.4800300363768654 -0.0012000828042122514 -0.018323512825316874 0.9998313901156969 154.31187944654607
0.9997357841058875 -0.022952804471504294 0.0012372120590195502 0.6325581776009559 0.022921382086929384 0.9995117071165895 0.021235763551228637 -0.46739880906259496 -0.0017240284183400153 -0.02120179380303748 0.9997737302227183 155.65841845369647
0.9995737039659335 -0.029158412443624496 0.00148230916439074 0.6500366795276145 0.029111653620380304 0.9992562342602589 0.02528814003336965 -0.45814299536128056 -0.0022185688868305176 -0.025234206957339866 0.9996791048749635 157.0131591453708
0.9994775037398553 -0.032278923482158564 0.0016704834131000953 0.6739151787053358 0.03222391473579224 0.9991347930523897 0.026292294733826303 -0.44211356182665706 -0.0025177252914690964 -0.02622472720682812 0.9996529021180902 158.34660716528134
0.999415259941831 -0.03416958834024842 0.0012559115106019888 0.6831332667529154 0.03412416751613131 0.999063888203517 0.026587377135683286 -0.4309821982030176 -0.0021632157621143617 -0.026528973105403468 0.9996457042642277 159.70285191067242
0.9994390701062064 -0.03341598981472187 0.0022173544325256884 0.6918255373186903 0.033343533522351636 0.9990746297513524 0.02716786887279278 -0.41065982502764115 -0.0031231440616851245 -0.02707869477228014 0.9996284260815199 161.0541463993144
0.9995707815530077 -0.02910380323631252 0.003349808920044483 0.6954652425034697 0.02900446708333001 0.9992244099576603 0.026633053640278917 -0.3952087411818163 -0.00412233434992469 -0.026524462429853297 0.9996396646907211 162.3963573835824
0.9996499276439028 -0.02612188434351246 0.004203481051505496 0.6964475831449946 0.026007795923832466 0.9993433693079189 0.025227462524273065 -0.38404375713065103 -0.004859710191458264 -0.0251093074408294 0.9996728994374597 163.73314720229544
0.9997248878112186 -0.0229560639607665 0.004813290597660521 0.7098093032129393 0.022832207243398513 0.99944207531931 0.024376801908165047 -0.3686760589961736 -0.005370201025717265 -0.024260197148486304 0.9996912542128765 165.09899234206165
0.9997433160880606 -0.022043352869721877 0.0052337829005864485 0.7173014136805586 0.02190378028091687 0.9994380016076495 0.02537529165766958 -0.3602772411035239 -0.005790198523956863 -0.025254138227736075 0.9996642946893161 166.45253930914913
0.9997824795297069 -0.020178622902089154 0.005274159920483966 0.7347847472710411 0.02003142299380592 0.9994450884104139 0.026613106057708516 -0.3411837195482457 -0.005808249553030135 -0.026501667846255197 0.9996318951543817 167.7781972352336
0.9998215019447618 -0.018247896670403982 0.0048967829399460695 0.729959025094772 0.0181316207224982 0.9995750822922992 0.022823217271588602 -0.32685943310487475 -0.005311178371923551 -0.02273035642786668 0.9997275240071781 169.17403615618497
0.9998835033506158 -0.014521823642926326 0.004700674909477905 0.7397367794834198 0.014421793092550003 0.9996825956650498 0.020657198500154985 -0.31954380886542005 -0.004999163512307361 -0.020586999543793345 0.9997755667114738 170.54431207400185
0.9999501261964124 -0.009109754843562714 0.004093589926138707 0.7403188161934506 0.009027236645784566 0.9997643212167971 0.019743633107751388 -0.3082332565666577 -0.004272485172246201 -0.01970569432550274 0.9997966950644279 171.8782730132465
0.9999669185448828 -0.007221650491217197 0.0037429367049966306 0.7452756959221734 0.007147719282492018 0.9997861933017756 0.019403036272767547 -0.28683893710153463 -0.0038822587142040917 -0.019375640649211236 0.9998047372348094 173.2639756605023
0.9999862117832983 -0.0012630352975814185 0.005097154575585074 0.7439823206467211 0.0011453683579039926 0.9997342999559112 0.02302211213750959 -0.2995314078388653 -0.00512487843129881 -0.023015956250493876 0.9997219620249497 174.6205226153406
0.9999856044371827 -0.002278239656447935 0.004858038890682622 0.7546658001868781 0.0021584720922129905 0.9996970620275509 0.024517854686543463 -0.2693292689083868 -0.00491242516729917 -0.02450701544148669 0.9996875883229784 176.0493374297406
0.9999820589299225 -0.0044705190170854356 0.003987013448013642 0.7624228840159951 0.00436686480359162 0.9996617431977538 0.025638442003895062 -0.25305867318956393 -0.004100282301148785 -0.025620570902185325 0.9996633303286067 177.47882306062405
0.9999778893431014 -0.0062042830753522935 0.002393259931411382 0.7730091383684452 0.006138428491462354 0.999627123872566 0.026607009357690902 -0.24029005819551266 -0.0025574451761930135 -0.026591729817951923 0.999643105988209 178.84960708993842
0.999964685670019 -0.00840312065461698 0.00012234884832325148 0.7772931065646493 0.008398028470956453 0.9996960870968581 0.023177717583670297 -0.22647078808287635 -0.00031707685187847435 -0.02317587125169678 0.9997313531291907 180.18162470057132
0.9999833714555564 -0.005548623346519181 -0.001571492127649757 0.771906833426959 0.005578832629737722 0.9997860234275076 0.01991943795875702 -0.22500723081081941 0.0014606305269466158 -0.019927873529364072 0.9998003532684909 181.6096569739417
0.9999983450320237 -0.0001686043598230093 -0.001811492424317689 0.7676923660742105 0.0002019422312538529 0.9998303329782393 0.018419133911618576 -0.21514753434141493 0.0018080796788391322 -0.018419468978567 0.9998287123269199 183.00228989732244
0.9999919878790695 0.0034056156879465342 -0.0021037958832723766 0.7702129644595425 -0.003363107866539274 0.9997965398753628 0.019888900919233236 -0.2100867118082054 0.002171101980688505 -0.019881665987187633 0.9997999828240911 184.34682712092933
0.9999836989179124 0.005209909241340062 -0.0023363946805283094 0.7609871111843016 -0.005155847277913946 0.9997318076395897 0.022577202187790784 -0.19470982060045244 0.002453393458922669 -0.02256478773501783 0.9997423724104874 185.79591092594566
0.999988190286862 0.004629662956149685 -0.0014783453073835629 0.7692578749344592 -0.004590476805734278 0.999664462235656 0.02549294991695165 -0.18149866238941614 0.0015958731678228392 -0.025485862174470734 0.9996739088278996 187.1589501909498
0.9999867006618788 0.004908503979748746 -0.0015827459840187918 0.7631100381507673 -0.004865516298647469 0.999647298962047 0.02610755560863767 -0.16862911651083673 0.001710336933401147 -0.02609950714200176 0.9996578867026926 188.61803946706206
0.9999933125322928 0.003352815433278332 -0.0014606565327021821 0.770284997893516 -0.0033114287561233835 0.999617121177404 0.027470812150631126 -0.15229958697798293 0.0015522019723118782 -0.0274657911832849 0.9996215388605564 190.01783942480319
0.9999992474950752 0.00014132384510719047 -0.0012186206360016117 0.7821374495976603 -0.00010698483052776518 0.9996041898266572 0.028132761450358965 -0.1362149046227255 0.00122211422590257 -0.028132609498984436 0.9996034527194332 191.38589372383905
0.9999978654163671 -0.0014757592645019617 -0.0014461315136763296 0.7849093753765671 0.001515206240700478 0.9996160451543052 0.027667064376795586 -0.12043796919675068 0.0014047464549404283 -0.027669196105613934 0.9996161474506594 192.8123699259159
0.9999812454581515 -0.006003862373794957 -0.0012092826130312645 0.7817436012513964 0.006037244014390156 0.999537443867148 0.029806878905193016 -0.09808974204876802 0.0010297669372152877 -0.02981362019209682 0.9995549447616117 194.1998853670381
0.9999484502005107 -0.010110362086946599 -0.0009367548264015632 0.7894038007105767 0.010134545768339828 0.9994680279200845 0.03099922892420694 -0.07224656438989668 0.0006228431186150411 -0.031007124053783527 0.9995189694490728 195.65162185131535
0.999899678798895 -0.014159608278753802 -0.00037122961135612094 0.8070956129828203 0.014164262954709782 0.9993977605535517 0.031677908904340524 -0.050171897673735366 -7.754075056077767e-05 -0.03167998867070393 0.9994980601622169 197.03649525527908
0.9999337079831667 -0.01151191747269281 -0.0002353338798502247 0.8093427395246418 0.011514017085091506 0.9995490345603391 0.02773364318242999 -0.03762323944595986 -8.403967033700829e-05 -0.02773451389767144 0.9996153208335615 198.49081422476962
0.9999940946323407 -0.0034364681030261373 3.72327690705606e-05 0.8049851669004882 0.0034347931608379053 0.9997472962378902 0.02221589262659353 -0.0191537236537888 -0.00011356757737846987 -0.022215633224305514 0.999753195903752 199.89554178062698
0.9999887416307865 0.004566687444987297 0.0012891763915814551 0.7988597425028708 -0.004594006291370385 0.9997463355921112 0.022049027216459578 0.005796280057449005 -0.0011881584555509745 -0.022054701146292335 0.9997560594533388 201.33980992296728
0.9999249670314605 0.012033680604922737 0.0022914677534337444 0.7889272385013232 -0.012088850689393145 0.999593671407758 0.025813791138217038 0.018016586443333482 -0.0019799019083371226 -0.0258395550924495 0.9996641422760272 202.8009325904527
0.9999041683941859 0.013403166316262323 0.0034654210918757394 0.7923120020195898 -0.013496776211809912 0.9995006652706158 0.028570215356131072 0.03620195819567301 -0.003080759591894265 -0.028614249027626475 0.9995857810314219 204.23301874418772
0.9999176223284597 0.012468316815466195 0.003047887455107756 0.8027229514093611 -0.012552818633313863 0.9994863625569698 0.02948623163481522 0.04881496136388255 -0.002678678488173809 -0.02952206178097907 0.999560539695111 205.64308570753673
0.9999590347099057 0.008939713250044166 0.0014178933575965573 0.8101599766522571 -0.008978348260664508 0.9995065971095521 0.03009903054023993 0.07109085129651106 -0.0011481171557901895 -0.030110527430718743 0.9995459158687207 207.1031326755993
0.9999722666351895 0.007348638828762637 0.001209736701883739 0.8197376594927744 -0.0073810005558183674 0.9995414530405068 0.029366724761784042 0.08348045592929826 -0.0009933766075586681 -0.029374838966948102 0.999567972678583 208.54957685775602
0.9999715059731168 0.007548335035607792 9.937042736227458e-05 0.8316701538694029 -0.007548037943682427 0.999549753444537 0.02903993028000044 0.11085982339353087 0.00011987744967078846 -0.029039852448078808 0.9995782473454767 210.0362720311093
0.9999598422069067 0.008961620389287604 -5.7668157560597684e-05 0.8314632854363136 -0.008956118833702861 0.9995337148652645 0.029191451215815675 0.13259538820519018 0.0003192440020428145 -0.029189762047660935 0.9995738371134887 211.47446071806428
0.9999515935504787 0.009834517477164349 -0.00030465096745992994 0.8335541499968879 -0.00982093160223019 0.9995005656025155 0.030036123362233606 0.15767315723620784 0.0005998896481282873 -0.03003167703077893 0.9995487674310097 212.90753296070358
0.9999600774027891 0.008915777336131362 -0.0005937230165684228 0.8302989956254991 -0.00889370028024388 0.9995013969649509 0.030296197831905267 0.17776988469465294 0.0008635412139053594 -0.03028970749747999 0.9995407885032684 214.39450548104665
0.999954614108176 0.009468589455101558 -0.001056185672047633 0.8374047314943626 -0.009433037753400755 0.9995140443227504 0.029710150504403246 0.19583836191041287 0.0013369857456814868 -0.029698838615107262 0.9995579980274697 215.8250211061973
0.9999587350207148 0.00899524729443023 -0.0012703437690695773 0.8437435204215666 -0.008954350797570664 0.9995339309623072 0.029184593501068373 0.217066605718703 0.0015322744683689696 -0.029172013674920054 0.9995732317948023 217.34902532025131
0.9999570413375518 0.009102972091602693 -0.001746816949844924 0.8449564183334932 -0.009046421129214843 0.9995079788455289 0.03003269104429165 0.24326134253020287 0.002019344399652621 -0.03001559800533404 0.9995473906179673 218.81729936400367
0.9999551578492782 0.009231321150916278 -0.0021130524950100068 0.8443628289299618 -0.009164672990650552 0.9995188050575022 0.029633885122651457 0.264892668157108 0.0023855958183586967 -0.029613190413275706 0.999558586503893 220.2910974451294
0.9999658020738542 0.007961262232690258 -0.0022389682715661862 0.8455498694466049 -0.007891961647559453 0.9995359036762358 0.029422682459283325 0.29418740664830795 0.0024721710750700843 -0.029404005988515648 0.9995645515772965 221.79831861885475
0.9999428421779862 0.010248870623295357 -0.003045162663954171 0.8379685902042491 -0.010155321268005007 0.9995192616591418 0.02929360110519789 0.3068945308426507 0.003343925348948314 -0.029261001719786225 0.9995662118691893 223.3066704527698
