1.0 -6.776263578034403e-21 8.673617379884035e-19 -8.673617379884035e-19 0.0 1.0 -1.828002979293187e-19 0.0 0.0 1.0683203047244863e-19 1.0000000000000002 5.551115123125783e-17
0.9999999313448692 -0.0002646002993425489 -0.00025941631731870186 0.004907968257137062 0.00026481499983835137 0.9999996222740832 0.0008278437748747893 -0.019026451194111234 0.00025919719323286034 -0.0008279124033293692 0.9999996236886151 1.3129917092235384
0.9999993628316644 -0.0011258144134047774 -8.293380202701369e-05 0.0061354133898773745 0.0011259282589438176 0.9999984079251717 0.0013843532136188553 -0.033037182418596635 8.137515160186459e-05 -0.0013844456887948337 0.9999990383431543 2.6098387180103897
0.9999979136782493 -0.0019119615470833443 -0.0007190559868914476 0.011574375701017135 0.0019128396804782952 0.9999974235470916 0.0012222703425069968 -0.06027965345690182 0.0007167172597232945 -0.0012236432131889474 0.9999989945060347 3.939131418586734
0.9999969139977152 -0.002483265451197342 -7.339695199541727e-05 0.016647335503620443 0.0024833511096000204 0.9999962114015701 0.0011874978937189342 -0.07414404585508917 7.044780644344453e-05 -0.0011876764818160553 0.999999292230169 5.2507751231491016
0.9999960663864508 -0.0027715312981879594 -0.0004310741862165769 0.019540981409413866 0.0027722683713948 0.9999946812847773 0.0017181188143116273 -0.08802381314757703 0.00042631010810029787 -0.0017193070837889823 0.999998431119645 6.57801239250671
0.9999917676993251 -0.004048639441786849 -0.000270278620740339 0.027346710859660464 0.00404940157159252 0.9999876541421926 0.0028799156063150787 -0.11268708626152946 0.0002586155642182548 -0.002880986322142262 0.9999958165081122 7.911879008558241
0.9999908047832473 -0.004288102673440711 5.0225811888249434e-05 0.026787623289234334 0.004287902501926235 0.9999847596847873 0.003477685259439644 -0.12486160168174719 -6.51377248766169e-05 -0.003477437866786943 0.999993951571844 9.225912724234249
0.9999939492583773 -0.00341441640784255 -0.0006657370286917864 0.03049612451321243 0.0034161199760298195 0.9999908515420083 0.0025742881896869845 -0.14668467227383092 0.000656941300188776 -0.0025765468129168587 0.999996464910252 10.567737269283127
0.9999997564710416 -0.0006140704048838365 -0.00033162512140575383 0.027985491609665118 0.0006141915913234563 0.9999997446726446 0.00036527200091241 -0.161093637539813 0.00033140076154223024 -0.00036547558790696083 0.999999878300495 11.883561049064312
0.9999969183322052 0.0023997004820902916 -0.0006362097449317591 0.03104728684403009 -0.002399929306169728 0.9999970558050091 -0.0003587770226954128 -0.1836430392221322 0.0006353469684805832 0.0003603027697923645 0.9999997332583046 13.234425913170904
0.9999856797737137 0.005318380352679453 -0.0005958816001424604 0.026328166818945592 -0.005318648025931449 0.9999857556987598 -0.00044764408087566025 -0.20006081869986775 0.0005934924223505054 0.0004508069474511472 0.9999997222701718 14.574703775436143
0.9999821987074418 0.005965641254759029 0.00011571167967568997 0.025891494809822266 -0.005965709183929615 0.9999820305633013 0.000590650790963754 -0.21897291459532658 -0.00011218599693370648 -0.0005913305714334817 0.9999998188709771 15.908966082067382
0.9999913645502113 0.004155814946222741 -5.043496362902751e-06 0.03661610380497722 -0.004155778851470328 0.9999864038516044 0.003149860023251353 -0.23621276723897283 1.8133666161472377e-05 -0.003149811818323039 0.9999950391648397 17.27053543195626
0.9999997450321074 -0.00039248985037072966 0.0005965631772087152 0.04183975462439643 0.0003892316324199089 0.9999850617030728 0.005452052254416797 -0.2567961503287567 -0.000598694191024208 -0.005451818584025228 0.9999849595043213 18.616087361705784
0.9999970073918586 -0.0024459942749216865 -4.815319038211762e-05 0.052656687090854276 0.0024461549177257785 0.9999902596264775 0.0036738238528720227 -0.27867494648533914 3.916657164672495e-05 -0.003673930595035792 0.9999932503257978 19.971628676313276
0.9999943001486256 -0.0033458742290101273 0.0004525427765880814 0.05423459765556762 0.003345181238615593 0.9999932432213486 0.0015242297569460603 -0.28745715154582835 -0.000457639639441715 -0.0015227072087525587 0.9999987359629179 21.313431888289
0.9999989266067317 -0.0013600942662005996 0.0005449118980496671 0.060266389379431434 0.0013598086894660263 0.9999989379872352 0.0005243522570984898 -0.3225827737418255 -0.0005456245340262579 -0.0005236107104805497 0.9999997140625224 22.679993278619254
0.9999986552503496 0.0010724343040710894 0.0012407184997339773 0.05944666082166267 -0.001074697780758723 0.9999977571674948 0.0018250167472133618 -0.31870553289218195 -0.0012387586098047227 -0.0018263476641979552 0.9999975649618399 24.04386500555257
0.9999963370484898 0.0014175944037045864 0.002305713764347574 0.06797899666927044 -0.0014322111969171656 0.999978812468703 0.006350070085977039 -0.33130419000076894 -0.0022966632799798787 -0.006353349003308807 0.9999771798839416 25.42252642614363
0.9999970608096952 -0.0005845424033024762 0.002353015632134997 0.08309103676372558 0.0005669140015406035 0.9999718220572085 0.007485566531777805 -0.3400935909663456 -0.0023573251576743514 -0.007484210464259679 0.9999692143287274 26.79591678618801
0.9999880996301581 -0.004189932104525881 0.0024990129537406525 0.08370188773223322 0.004172321581275811 0.999966716703617 0.007011221366993153 -0.37068403819027174 -0.0025283065330853026 -0.007000711142980987 0.9999722984680139 28.160414965755333
0.9999871925943029 -0.0045207957333334246 0.0022753135476730867 0.0896003405510735 0.004511143958737299 0.9999808800526476 0.004229552529982644 -0.36844123740751594 -0.0022943911805941774 -0.004219234031435339 0.9999884668482794 29.533967982151236
0.9999846139665731 -0.004649568886221454 0.0030254483261243133 0.09581386939654263 0.004641589319690173 0.9999857446913416 0.002639330747927333 -0.4007663175351752 -0.0030376772036111443 -0.0026252472115316735 0.9999919402634706 30.912165352961573
0.999993046692989 -0.0015553596966485705 0.0033893099593073255 0.09788488342924612 0.0015508199931079164 0.9999978974240291 0.0013416803239427715 -0.40368950489540034 -0.00339138991310706 -0.0013364147655231407 0.9999933562122783 32.29496427269121
0.999992754810022 -0.0003349599978954858 0.003791850408291852 0.10690363298914296 0.00033606595286345386 0.9999999011822936 -0.0002910238513887359 -0.43044197186194794 -0.0037917528699171745 0.00029229605051704345 0.9999927685604196 33.67870476054343
0.9999918987140265 0.00012943273219297684 0.004023152207934737 0.11047660549540986 -0.00012901126367645955 0.9999999861631047 -0.00010502290766713626 -0.4422310755532215 -0.004023166082558774 0.00010450302335645082 0.9999919015740373 35.07522829056613
0.9999932806875445 -0.00010302542284804415 0.003664418892644844 0.12359230463055601 9.658688094937447e-05 0.999998451494641 0.001757179728198836 -0.46977921075383633 -0.003664594559397356 -0.0017568139609051062 0.9999917421408154 36.463267633287366
0.9999934425966401 0.0010950028050225823 0.00345191726478586 0.12691002753090636 -0.00110631633486555 0.9999940179046368 0.003277227750415609 -0.48008100888317845 -0.003448308329904328 -0.0032810251254624663 0.9999886719563088 37.866049332686366
0.9999888849311075 0.0033663382887164995 0.0033011785814452475 0.13211547137188 -0.0033782497217664785 0.9999877803969813 0.0036092228285766648 -0.49549893593593664 -0.003288988651592677 -0.0036203348656596987 0.9999880377914326 39.25412381352643
0.999975728448672 0.005945615266552971 0.0036321026269451255 0.13762848445510514 -0.005959411095290904 0.9999750254341346 0.0037992017335134283 -0.5143090849254676 -0.0036094236250812594 -0.0038207546595007964 0.9999861868504343 40.651621281757926
0.9999592963368283 0.008269347568359647 0.003608816143224558 0.1407031246961849 -0.008284656089966853 0.9999566601566067 0.004247621917240309 -0.5290715688125136 -0.003573534972034754 -0.0042773467637523006 0.999984466953774 42.07216992268431
0.9999499550034355 0.00942540298343294 0.003353991483959601 0.14557209896057255 -0.009440787756942287 0.9999448503656128 0.004600844071028623 -0.5443643397975103 -0.003310441976982221 -0.004632278078266874 0.9999837913535052 43.46114038420831
0.9999584539112274 0.00858416827187607 0.0030663495761887585 0.14789256534201445 -0.008598250015205373 0.9999524134382545 0.004608792308807725 -0.5624823170960115 -0.0030266412608413434 -0.00463496600632908 0.9999846781470021 44.88770851301841
0.999964669727524 0.008114325739603623 0.0021947684391289283 0.16231595151233738 -0.008123392179613354 0.999958377836617 0.004153685538874518 -0.5814268987417365 -0.002160972908702606 -0.004171367693956793 0.9999889648810957 46.28685585509164
0.9999690926879657 0.007752751027089946 0.0013071016711966744 0.16751152785365023 -0.007758898599431788 0.9999585461071756 0.004765036137466512 -0.5970762636568065 -0.0012701054515237226 -0.004775030464671355 0.9999877928815427 47.71897670921925
0.9999668490093336 0.008129685992197079 0.00045725449824137506 0.1663811621065124 -0.008132164596382104 0.999950649427487 0.005706717056636 -0.6118329371192085 -0.0004108381462454777 -0.005710246261019532 0.9999836120131934 49.11565480139134
0.9999609647061299 0.008820995516692243 -0.0005090129730832109 0.16914859621842424 -0.0088178274352866 0.9999435741582331 0.005924055313027692 -0.6276088621953961 0.0005612403671193559 -0.005919335593198256 0.9999823230792066 50.536419883673034
0.999958118933754 0.008984329357093361 -0.0017441890929395147 0.17270904978185128 -0.008973599959765757 0.9999413413837274 0.006065336614195842 -0.6407635923101502 0.0017985799168710207 -0.00604943085037474 0.9999800845480774 51.98757952826276
0.9999529975231508 0.009287789156014744 -0.0027820328594199903 0.17117923439823438 -0.00926744793070837 0.9999308624770902 0.0072377267860767825 -0.6542083982734385 0.0028490632388456 -0.007211604147670252 0.999969937348194 53.38928576563843
0.9999632573374837 0.007795720017761237 -0.003565209105968332 0.17225068097787238 -0.007766321857000343 0.9999363276724342 0.008186871106534552 -0.6660396626125481 0.0036288049624646455 -0.008158881621030355 0.9999601314157222 54.848742723283074
0.9999716532411871 0.0063786040736626675 -0.004000764582518098 0.171759031770123 -0.006343734855910468 0.9999423032147933 0.008668753128358284 -0.6774396111348782 0.004055828637223077 -0.008643127483630256 0.9999544222598614 56.24457002519949
0.9999809921599977 0.004359604358979607 -0.004359949927609295 0.16847254557289654 -0.00432330169822962 0.9999561958028678 0.008301538811972846 -0.6922021290369988 0.00439595073799612 -0.00828253151961881 0.9999560366761833 57.66752237901721
0.9999845713483118 0.003610773508026471 -0.004221300224036711 0.16181763864580317 -0.003574008225382431 0.9999558985910274 0.00868489186854867 -0.7063732926771037 0.0042524735936450035 -0.008669670785796875 0.9999533755494177 59.12151794696205
0.9999882045570121 0.0026389793621705007 -0.004077564358804224 0.17517445795554198 -0.0026002703256578384 0.9999517819101409 0.00946955425026297 -0.7193862190984425 0.004102358049169767 -0.009458839646597682 0.9999468490904475 60.5235885887049
0.9999937348105727 0.0009257717687133084 -0.003416618773482056 0.1680875265778281 -0.0008903639401113887 0.999946036284424 0.010350448306994062 -0.7278318146411917 0.003426016840112717 -0.010347341275646337 0.9999405957008123 61.97605450957954
0.9999949383627939 -0.0007596273266014277 -0.003089694655384081 0.17446684007581087 0.0007914768818285912 0.9999464324370221 0.010320166171541717 -0.7421415244579452 0.0030816899255315918 -0.01032255920685224 0.999941972292236 63.373757510063555
0.9999953195890339 -0.0016526703429762047 -0.0025747774554011104 0.17532095164135025 0.0016768810315162448 0.9999541366890325 0.00942934763454872 -0.7528845674719606 0.0025590759781086462 -0.009433620959857808 0.9999522278185228 64.78483909268445
0.9999968724351422 -0.0016077083621073302 -0.0019158268332562641 0.1765710782690676 0.0016255475692612833 0.9999549990850186 0.009346518506759304 -0.7684006872449712 0.0019007143019331091 -0.009349603406848978 0.9999544850613761 66.24576413502572
0.9999992184785027 -6.47901158293631e-05 -0.0012485367472865449 0.17345516198373423 7.644358040280194e-05 0.9999564165755109 0.009335904551006085 -0.7783296630918968 0.001247877561919011 -0.009335992562192127 0.9999556400346677 67.61868385826946
0.9999964207626822 0.0026030373746913265 -0.0006185930079302942 0.170709733222225 -0.002596321712230637 0.9999402325876021 0.010620281357134371 -0.788731331921272 0.0006462010805711287 -0.010618637124886155 0.9999434118793069 69.07920137461153
0.9999805655860073 0.006231447983395906 0.00019365580861247476 0.16611943734212398 -0.0062333340935027915 0.9999075287739172 0.012086333681991723 -0.7968970423859292 -0.00011832254905761157 -0.01208730573867773 0.9999269388455065 70.44511579985141
0.9999513843733361 0.009801982216926283 0.0010723923482522718 0.16313452345624296 -0.009815076732844744 0.9998676561826811 0.012974375114924164 -0.8066936461098012 -0.0009450759052420793 -0.012984269784569286 0.9999152541879097 71.88707114176908
0.9998988261514744 0.014139790389298799 0.0015504094344210677 0.16107408986892263 -0.014158470571646951 0.9998180480713108 0.012783133148457058 -0.8113635362506587 -0.0013693766208059599 -0.012803791073304583 0.9999170904279576 73.25711872779324
0.99984201990851 0.01760929387665967 0.0024182564874940405 0.1566097431565613 -0.017637662487185114 0.999769300844384 0.012257976690921438 -0.8201134066802342 -0.0022018444619519243 -0.012298692391618286 0.9999219439711198 74.65885736830842
0.99980796524874 0.019321916273003982 0.0032704954428272003 0.15598310689596467 -0.01936134280418686 0.9997345858651246 0.01248584309698469 -0.8278567025957092 -0.003028377238861052 -0.01254676638659013 0.9999167003170191 76.09064358728442
0.9998000259136789 0.019694073725790233 0.0034715422163770393 0.16570241290979604 -0.01973759089038824 0.9997209203471749 0.012981100721969766 -0.8359775059683454 -0.0032149228870783754 -0.013047024533034354 0.9999097156291072 77.45476584464845
0.9998210934969697 0.018580999874786498 0.00353940794730413 0.17539668770864153 -0.01862545880345172 0.999742382139238 0.012971572172965674 -0.8463761146778562 -0.003297471621152328 -0.01303517438601918 0.9999096013627822 78.87655055457898
0.9998339860971484 0.01790597108272329 0.003372893944451776 0.1810063605324011 -0.017945652905280086 0.9997654241928471 0.01212642456252061 -0.8535691857308669 -0.00315496759536194 -0.012184940018410542 0.9999207835648588 80.24152090847105
0.9998411360803038 0.017572628191470967 0.0029841766355867255 0.1952334611325257 -0.01760808228319991 0.9997692901175402 0.012301301457835218 -0.8658903033399147 -0.00276732218519644 -0.012351892677080261 0.9999198831225117 81.62887861142828
0.999853029772506 0.016928581505897433 0.0027096042593698164 0.1988200408208402 -0.016961660017209414 0.999775619269114 0.012689099421226924 -0.8694656282843257 -0.0024941880253967815 -0.012733193706448436 0.9999158188528786 83.02430997361826
0.9998536726170266 0.01695154169151375 0.0022975118628182634 0.2033273007500937 -0.01697862758413081 0.9997798020831173 0.012331812165192094 -0.8787845281505959 -0.002087962896213846 -0.012369016105779557 0.999921320824798 84.3933443160298
0.9998524272373194 0.01711058702246636 0.0015334702573623071 0.2087495442644972 -0.017128757814032634 0.9997720836396311 0.01274309502581684 -0.8838170164882474 -0.0013150790220180023 -0.01276748075109104 0.999917627602682 85.78935160686186
0.9998643105573526 0.016463438124421383 0.0005618294688120896 0.21035509251778445 -0.016469540796097845 0.9997726246703127 0.013544490566963874 -0.8927240247569389 -0.0003387128627356118 -0.013551905602821594 0.9999081113360623 87.1436562951936
0.9998915511191806 0.014714427709493254 -0.0006095868317803664 0.21727856410584295 -0.014703801457520841 0.9997823929377561 0.014797466988488897 -0.8984226735151017 0.0008271905142095476 -0.01478689876467085 0.9998903256694751 88.51686777388991
0.9999171206205482 0.012758591957282638 -0.0017234280504257841 0.22011796321296262 -0.012730337168402992 0.9997985716461714 0.015516271468860515 -0.9054842132823905 0.0019210468449596821 -0.01549304544780791 0.999878130128 89.90027691743849
0.9999358914953652 0.011048826860375753 -0.0024771578235174233 0.22544254291478533 -0.011008605242927138 0.9998161098548668 0.015702137177392533 -0.9114565380407034 0.002650192719500872 -0.015673860259378232 0.9998736453022273 91.26691042403948
0.9999487669466174 0.009682229328533586 -0.002952610041258341 0.2253011458096275 -0.009636019956363043 0.999836780722424 0.015282639085190494 -0.9136883368259487 0.003100098397819144 -0.01525340448059864 0.9998788541765451 92.63435190627867
0.9999572018974939 0.008682080147635834 -0.0031962240404554846 0.2251507657800379 -0.00863278617413656 0.9998483218227818 0.015126413072891245 -0.9208543568456417 0.0033270682553829967 -0.015098173155419016 0.9998804807437277 93.98760517265004
0.9999572257557552 0.008603451283176751 -0.003395184131868981 0.2217787525092328 -0.008552394096078575 0.9998542413478182 0.014776759958853738 -0.9200816301363454 0.0035218206868363657 -0.014747090729470473 0.9998850534350295 95.35484237792794
0.9999578166067503 0.008550923153435816 -0.0033536116100104036 0.2223914319778057 -0.008502085418589087 0.9998613674446689 0.014316440042259359 -0.9262865122754574 0.003475565763005818 -0.014287323228599512 0.9998918905695608 96.69889727305882
0.9999500352580167 0.00948947824443175 -0.0031427343535539876 0.21811722033333647 -0.009445263686918939 0.9998602029052066 0.013797161359956126 -0.9341568629728976 0.003273223148486518 -0.013766787836128478 0.9998998757638029 98.05344819713122
0.9999367864213067 0.01088490157904693 -0.002818167066690947 0.213678191439659 -0.01084410469136401 0.9998416658648852 0.014108459109760368 -0.9363302802443261 0.0029712902962081584 -0.014077006563080688 0.9998964992983772 99.40006477946196
0.9999312362258094 0.011442283832156655 -0.0025684520995702268 0.2125896988954583 -0.011400876265578631 0.9998133769494059 0.015595875121055064 -0.9433757059296786 0.0027464254310352043 -0.015565519862005888 0.9998750780601692 100.75662123090676
0.9999234668096554 0.012094501967621294 -0.002604520979837103 0.2088431203934702 -0.01204862005956124 0.9997834809916445 0.016965315245725546 -0.9426285617242838 0.0028091443297253143 -0.016932635709392838 0.9998526864201309 102.08524982747223
0.9999302791359708 0.011553351103557909 -0.002440682435173009 0.20966447097016294 -0.011512377849801017 0.9998027635564098 0.016183299093090006 -0.949030097712688 0.002627172604222323 -0.01615407248935357 0.9998660629766257 103.43341196979917
0.9999314552779368 0.011484684051722902 -0.0022774467449281034 0.20794420026169513 -0.011452116101962735 0.9998387465795178 0.013832205195994903 -0.9512645584593616 0.002435938213369948 -0.013805175289064841 0.9999017368367075 104.76736710262377
0.9999372355977053 0.010937279411128688 -0.002429150280646027 0.20678863160747651 -0.010905115322246181 0.9998575593949417 0.012881746925603814 -0.9552706659881937 0.0025696957555511055 -0.012854448062446918 0.9999140762178989 106.08612291843731
0.9999562031315439 0.009058188086728348 -0.002353940923416312 0.20584555889411105 -0.009024281136696984 0.9998607557808742 0.014036788098404345 -0.9629606423072515 0.0024807612284642707 -0.014014930505140202 0.9998987086376648 107.43424534076021
0.9999799324620089 0.006086337166203693 -0.001758171943338105 0.21202534136564177 -0.006057354918984988 0.9998529279089696 0.016044657117716677 -0.959622540320542 0.0018555667158031185 -0.01603368503844422 0.9998697304159506 108.7548035886802
0.9999891594641982 0.0045761252024409714 -0.0008602498231102722 0.21483203433260323 -0.004560843462543497 0.999845114904377 0.016998380132421623 -0.9677595511776962 0.0009379033791203509 -0.01699427215085152 0.9998551470265136 110.09407334249349
0.9999914422439409 0.004134038197254325 -0.00015863581001047782 0.21763661354105723 -0.004130972940183852 0.9998635742503417 0.015992747315565926 -0.9713669934547778 0.0002247288165652542 -0.015991954902488167 0.9998720952503386 111.42665412784666
0.999984008858733 0.0056288965572599 0.0005454790892828951 0.21823308121367113 -0.005635872702366828 0.9998893850733374 0.013764249788215997 -0.9704408623376195 -0.00046794125008993003 -0.013767103734562466 0.9999051194353344 112.73414797551838
0.9999612755646555 0.008655101352154058 0.0015926659223799607 0.22340586703533716 -0.008673702345423038 0.9998895602944463 0.012067896250048633 -0.9809799609936031 -0.0014880412851934633 -0.012081243064422655 0.9999259118994779 114.09107782913347
0.9999351305451673 0.010961196097132123 0.0030962671639222714 0.22443832036683753 -0.010997243792135113 0.9998690106312764 0.01187527812669375 -0.9792846660584816 -0.00296569457802282 -0.011908558018359522 0.999924692609701 115.39347543894718
0.999913838334626 0.012304852527727448 0.004572362230425817 0.22723359098099394 -0.01236736706057875 0.999826835230777 0.013904956386635815 -0.98416692849221 -0.0044004723847419725 -0.01396030619465215 0.9998928671016942 116.75369909078056
0.9999116853610386 0.012124583690344911 0.005442052371220878 0.23638482266580885 -0.01221186077262929 0.9997925470689466 0.01630132853330458 -0.9830608139303902 -0.0052432770141943984 -0.016366346238533933 0.9998523144653078 118.06371970286845
0.9999101848029813 0.011837211325171017 0.006285120581216925 0.2475679577843709 -0.011943128494827917 0.9997826126303072 0.01709061714135214 -0.9876364834976799 -0.00608144953365568 -0.017164145900604465 0.9998341902792002 119.42074774439249
0.9998980114414814 0.012246244379374556 0.00734821050480823 0.26076935719305816 -0.012367518053851664 0.9997841929562645 0.016691675856841347 -0.9861724678963947 -0.007142214961312269 -0.01678085238228508 0.999833682041262 120.74979798206729
0.9998713005449603 0.013511339124046938 0.00865020467006225 0.27281853939336775 -0.013652106981925457 0.99977187044571 0.01642641392186001 -0.9853048660661541 -0.008426289154446603 -0.016542393133929408 0.9998276585829016 122.05692684606962
0.9998360051366102 0.015256974987877965 0.009756409161413633 0.28265984579353 -0.015414040676482402 0.9997494449753274 0.01623128646258719 -0.981202442805785 -0.009506325103121334 -0.016379010068368723 0.9998206628193332 123.4155240664484
0.9998045574908727 0.016414882677684692 0.011018094885831144 0.29555452910960234 -0.01658548896748514 0.9997411289629338 0.015575514669473534 -0.9843948755741186 -0.010759573269398104 -0.015755210817950907 0.9998179858883297 124.73945408195566
0.9997731574143042 0.017575082343426054 0.012031215931656701 0.3112078794423625 -0.017752887608991352 0.9997323463267649 0.014834781231806381 -0.9835207707546035 -0.011767274209954508 -0.015045004681388889 0.9998175729025739 126.08756294657111
0.999774114148792 0.016825487577944876 0.012985515354117416 0.3308786965930247 -0.017016762251663126 0.9997462164145184 0.0147625407502946 -0.9879550143214619 -0.012733833957803762 -0.014980177314990567 0.999806703195682 127.43824747492613
0.9997676103345534 0.016443667167227737 0.013940268962702031 0.34845042859507047 -0.01666224209540562 0.9997377347335907 0.015710871398529655 -0.988044121335707 -0.013678269713735421 -0.015939496263034703 0.9997793943624756 128.75582302087736
0.9997799945847651 0.01493811295629659 0.014724645162852447 0.3720555894063199 -0.015186028082992273 0.9997423413927828 0.016871141523251084 -0.9855123290838447 -0.014468829419827774 -0.01709103841107394 0.9997492432488824 130.11016574995497
0.9997879000658985 0.01405616231178915 0.015052546312220031 0.3962243107377338 -0.014317669815614366 0.999745944136684 0.017408375863241343 -0.9852451285359954 -0.01480402840255627 -0.01762020068338582 0.9997351495603437 131.42984995447208
0.9998047544560345 0.012736623625585116 0.01510732791290819 0.42119350442752324 -0.013004400936351024 0.9997576844950391 0.01776113406325307 -0.9878927311677179 -0.014877451534715647 -0.017954127772677533 0.9997281184037021 132.79002162487663
0.9998333164993563 0.010576845954380432 0.014881852166196982 0.44457005954041384 -0.01085094097765604 0.9997707272771486 0.018459414651035008 -0.9810406485806756 -0.014683199004093268 -0.018617819603101285 0.9997188507046635 134.13404195091695
0.9998584568483654 0.00886480102830675 0.014299704623565102 0.4714173601479139 -0.009128831829134248 0.9997870800750438 0.018505646997073584 -0.9823514002624365 -0.014132612233344551 -0.01863356698005899 0.9997264923197482 135.4563190778221
0.9998773981113417 0.008550560885641099 0.013117798527368083 0.4919261646190296 -0.0087929134644135 0.9997896403593808 0.01852996839272574 -0.9829286650298911 -0.012956598531007883 -0.01864303998256598 0.9997422485847923 136.79951704511745
0.999908517664665 0.006135950975805639 0.012054310271951151 0.516635873329589 -0.00637134841664667 0.9997878422224115 0.019587661604242846 -0.9749490471182201 -0.011931564921941641 -0.019662671606314245 0.9997354735586028 138.131190168459
0.9999263731385997 0.005116290767047849 0.011003265981877971 0.5372997572534159 -0.005335079510615671 0.9997867969320193 0.019947371501542226 -0.9747807809768161 -0.010898864410060502 -0.020004605849357135 0.9997404815675898 139.4716545160784
0.9999440218355972 0.004281575142130141 0.009675810234425358 0.5562742780082685 -0.004475794490187718 0.9997871325324245 0.020140926207451986 -0.9702803971629388 -0.009587516481587365 -0.020183105402040855 0.9997503297162177 140.8189165176487
0.9999551451881216 0.00418189728893563 0.008498196421674424 0.569480031812271 -0.004349423240868238 0.9997946753628802 0.019791150930767557 -0.9675619576049845 -0.008413687675265416 -0.019827225169101254 0.9997680185846033 142.14739298056807
0.9999642804102408 0.003860979720765811 0.007518692436982556 0.5851689019998485 -0.0040060699510452175 0.9998041887916561 0.01937873832471489 -0.9573295360238636 -0.007442399898932599 -0.019408166251643492 0.999783943534254 143.4920614536436
0.9999757410968645 0.0023588423515911675 0.006553859850931319 0.6021998194955156 -0.0024724567582256373 0.9998458684339921 0.017381782142574076 -0.9584582651116376 -0.006511849354882741 -0.01739756436318172 0.9998274453906548 144.84021812942723
0.9999830695477623 -0.0017036465353800548 0.005564009848489334 0.6117607440111733 0.0016111434684715751 0.9998611172449361 0.01658765970679378 -0.9658675671655509 -0.005591497081339974 -0.016578414211657656 0.999846933949004 146.1635239390934
0.9999389525288395 -0.010106430370620631 0.004466684530696959 0.6345799332744182 0.010018063127333053 0.9997619566157668 0.019382170781980963 -0.9555081074555644 -0.004661506219433438 -0.0193362397398502 0.9998021705183743 147.53506582021177
0.9998316543655384 -0.018116646610188906 0.002906890508606268 0.6598032122795148 0.018051627922188382 0.9996160683518663 0.021020339571272455 -0.9473217912129746 -0.003286592806690456 -0.020964326475802826 0.9997748222982042 148.85700292104792
0.9997824838061702 -0.020785306020907092 0.0017193271809619482 0.6799893589027484 0.020750558477051793 0.9996185585598291 0.018225031301274886 -0.9489573138963855 -0.002097484394232123 -0.018185389795137768 0.9998324320299726 150.1822444614572
0.9998114775694771 -0.019295790810343903 0.0021637331633365944 0.6873601102588424 0.019261112490613925 0.9997013206938458 0.015042572890991951 -0.9514130090096384 -0.002453345453106228 -0.014998060899705547 0.9998845129568216 151.55139324937628
0.9998647349966636 -0.01615822330058364 0.003069772720181352 0.6893606989682 0.01611775971720615 0.9997884421460035 0.012778451003825301 -0.9512895781537256 -0.0032756006304875554 -0.012727244480009375 0.9999136401093003 152.8829038958621
0.9998692335580728 -0.0156822615200227 0.003947459138138631 0.6967335107195789 0.015628892897605256 0.9997906457217163 0.013206152739658009 -0.9565983859617873 -0.004153735415066553 -0.013142731208535562 0.9999050030309931 154.2392169701661
0.9998058762253659 -0.01919336625976895 0.004452473546517524 0.7097711624469247 0.01911871179501582 0.9996852516580931 0.01624415365741426 -0.9513921648409953 -0.004762852534285253 -0.016155874484708947 0.999858141408112 155.57179187883247
0.9996596090450549 -0.02562356445449265 0.0049090654769565565 0.7321020763335707 0.025523338855594265 0.999484136771727 0.019494091385511694 -0.9504163384893066 -0.005406041639537147 -0.019362159745991245 0.999797920314316 156.90951748561122
0.9995667841464719 -0.029034051312075974 0.004823672100021914 0.7549608100671809 0.028927040575043916 0.999362095875521 0.02094344180387436 -0.9468805448412229 -0.005428668488625936 -0.02079483390734986 0.9997690255356131 158.24791551566761
0.9995334490592089 -0.030163591095271003 0.0048001973416063265 0.7731256097820759 0.030056000936219913 0.9993255409463663 0.021097396295886132 -0.9452373544702626 -0.005433333505829313 -0.02094327824067206 0.9997659015802538 159.59106096584395
0.9995622802717596 -0.02901155262665563 0.005794617224019187 0.7846591212979253 0.028879952910703905 0.9993487833008172 0.021632330883320536 -0.9329943859636887 -0.006418431726200352 -0.021455513396248054 0.9997492008789123 160.9470086495735
0.9996332479221794 -0.0261883423828921 0.0068949476435646185 0.7892702493180237 0.026036890613060252 0.9994359775044357 0.021208660623032845 -0.923327283026752 -0.007446479036784937 -0.021021358995457127 0.9997512952711068 162.2983608813205
0.9997228338947735 -0.022199382891798885 0.007838541829126808 0.8001427516692625 0.02204400076943938 0.9995691026214297 0.019382238824541893 -0.9188865042040192 -0.008265438663056457 -0.019204073620267555 0.9997814191429693 163.6442216224923
0.9997687862804125 -0.01970636592042687 0.008604247816511255 0.8105579241268499 0.019542691790870582 0.999633952051644 0.01870949382725233 -0.9103710723783437 -0.008969795138988232 -0.018537017500071553 0.9997879383861291 164.99747562430548
0.9997937237121692 -0.01824139212810913 0.008930935168339201 0.8239200273653631 0.018059368478038934 0.9996357692594293 0.020054627386596482 -0.903178201726882 -0.009293507354132188 -0.019889203251807524 0.9997589961079307 166.34671760181894
0.9998152048696572 -0.017138935299872364 0.008707064735875788 0.8404006395248168 0.016960105432662576 0.999651828344838 0.02021328670171697 -0.8955671049776239 -0.009050468159751666 -0.020061878354916896 0.9997577756867561 167.68536080151574
0.9998581118139049 -0.014659340307432715 0.008298190040748195 0.8518111464125316 0.01450872072497633 0.9997339847921675 0.017929213946701196 -0.8921467049232416 -0.008558813766674982 -0.017806273620473715 0.9998048226089647 169.0540536734393
0.9999145272701351 -0.010541011843761472 0.0077346758483513335 0.8622993503998274 0.010421542496822374 0.999828220480851 0.015327133038212062 -0.8923190642027434 -0.007894911345265019 -0.015245215510406447 0.9998526160223692 170.42996908574432
0.999959993968194 -0.0048488896992533 0.007516563554431708 0.8716946242767484 0.004742175613364139 0.9998886292626123 0.014150648643836328 -0.8937249593906782 -0.007584342000541722 -0.014114437462797749 0.9998716219597487 171.78904408238594
0.9999690300439562 -0.001042443436014873 0.007800786014989692 0.8765602446736089 0.0009237950902825332 0.9998840772503335 0.015197982701252975 -0.8886489277408839 -0.007815725418638434 -0.015190305472382664 0.9998540738746378 173.1645285684747
0.9999611776059099 0.0020808175839198283 0.008562328886065083 0.8822389188065536 -0.0022315038774388157 0.9998421426912845 0.01762697099709733 -0.8867013823512637 -0.008524299461794234 -0.01764539329084945 0.9998079697621648 174.54238087638066
0.9999601483458778 0.0019328296609810126 0.008715841110059507 0.8945702726342 -0.0021055134445160835 0.9998008087259814 0.01984715859595386 -0.8785414524064028 -0.008675744539605271 -0.01986471868717904 0.9997650345912156 175.9139790786825
0.9999688263344163 1.6064149698414323e-05 0.007895954607019811 0.912881500728757 -0.00018503794208394198 0.9997709813669851 0.021399780358660483 -0.8735062687761214 -0.007893803178081419 -0.021400573990325897 0.9997398177948523 177.30199203800746
0.9999771941328329 -0.0025650425903669853 0.0062475410551821415 0.9264860150054548 0.002430514178453443 0.9997670475736424 0.021446286608928368 -0.8643110232817046 -0.006301096842506654 -0.021430612459779796 0.9997504813737667 178.68130008327125
0.9999831375845426 -0.004055644295456916 0.004156476207641099 0.9425171985087597 0.00398125693501639 0.9998345032029999 0.01775150182018564 -0.8588925501499152 -0.004227782456753072 -0.017734654229623996 0.9998337901258727 180.01968615738082
0.9999960833103712 -0.0009059253669816925 0.0026481434073600497 0.9420216551494351 0.0008699176296921979 0.9999075848385236 0.013567057092785032 -0.8611740943046584 -0.0026601896430465096 -0.01356470009156652 0.9999044565805671 181.43806751459576
0.9999940131488149 0.002826719419496505 0.0019958265227805186 0.9389413178859425 -0.0028519699442407257 0.9999144682372564 0.01276410942921738 -0.8565844296582685 -0.001959575423325438 -0.012769724865256172 0.9999165436070597 182.82362497765615
0.999975675408697 0.006752221013226273 0.0017481699732094028 0.938493416228168 -0.006776176244159566 0.9998779120998014 0.014079927126022794 -0.8559961908706528 -0.0016528858990151529 -0.01409143034261164 0.999899344707123 184.1731150125763
0.999960260625721 0.008683591311881518 0.0020180198978661974 0.941803213470368 -0.008717089220301354 0.9998135597613413 0.017229570421770663 -0.8519578691961656 -0.0018680292630738398 -0.017246476740815177 0.999849523423211 185.6117132648236
0.9999553505248199 0.009122520653491494 0.002465069165812371 0.9467958031823456 -0.0091699477876624 0.9997585944897758 0.019966592840384708 -0.849243911510243 -0.0022823286168504354 -0.0199883056103054 0.9997976088160937 186.97884382458489
0.9999599814946901 0.008543110765478801 0.0026553080550601018 0.951925043062734 -0.008596174968546226 0.9997496049460795 0.020659942260965486 -0.8400338455669021 -0.0024781432084046793 -0.020681940675705474 0.9997830345203345 188.42210516787418
0.9999700455004124 0.007312201578392731 0.0025376771229509067 0.962238423724811 -0.00736464304481634 0.9997457810476267 0.021310451365190324 -0.8326023492146629 -0.0023812058780409272 -0.021328501799970166 0.9997696859013282 189.82182644963657
0.9999880459811863 0.004192477426561896 0.0025161531114292835 0.9747725870430691 -0.0042473112061146515 0.9997445728287028 0.022197960983565433 -0.8248471645634969 -0.0024224461686126342 -0.022208382193199542 0.9997504286027802 191.2027734284771
0.9999929133216531 0.002346283429719578 0.002944190961727354 0.9838120720155981 -0.0024115927616059777 0.999746662655545 0.022378443942012563 -0.8163539841239538 -0.0028909391572924078 -0.022385385219042014 0.999745236035507 192.63864325121196
0.9999940716913959 -0.0011019632472679427 0.0032622475870605597 0.9951180467067338 0.0010256376578275039 0.9997278384538034 0.023306589465886596 -0.8041360157046755 -0.0032870430094198533 -0.023303105075549498 0.9997230419557145 194.02765513697287
0.9999781798522335 -0.005462185446387288 0.00371542015238249 1.01116390862521 0.005367820950873574 0.9996742673920354 0.024950864557726073 -0.7897757193628451 -0.003850496492591046 -0.02493037605391328 0.9996817743659652 195.47684755290604
0.9999534764236103 -0.008789569118579517 0.003973468970456875 1.0264175558510096 0.008685234330626214 0.9996357149595054 0.025553945238344807 -0.7815376317153672 -0.004196630017692689 -0.025518245497013745 0.9996655477785616 196.88685237947607
0.9999662541314956 -0.0070603569667737525 0.004200232489690477 1.036924376626128 0.006968733367959087 0.9997457897743509 0.02144277525243501 -0.7674426497278005 -0.004350558762160731 -0.02141278103556233 0.999761254212584 198.31178058221377
0.9999894462812547 0.00028566959743956354 0.004585381009477963 1.034779626008037 -0.00036089378243727826 0.9998652361496014 0.016412778888233066 -0.7629316684182271 -0.004580074817406404 -0.016414260270210007 0.9998547869359745 199.74419326208604
0.9999352289128923 0.00974578267785975 0.005878578825482541 1.034530178851886 -0.009840209631488241 0.999819479436484 0.016253579257461948 -0.753555134281926 -0.005719114245398756 -0.016310372709099748 0.9998506205725617 201.1699637353278
0.9998418992334311 0.016263206297791825 0.007189202372314983 1.0300954956296686 -0.01640447392627712 0.9996644268639857 0.02004811573150982 -0.7407963752100518 -0.006860743795822093 -0.020162880903010882 0.9997731684783441 202.60694492875126
0.9998046326585812 0.018058914526745656 0.008035675847004126 1.0408284846706528 -0.018236450659984117 0.9995783013495372 0.022597597097542135 -0.7343432303266827 -0.007624199770852441 -0.022739724145296528 0.9997123468787433 204.04160666874407
0.9998329907407161 0.016615181087016363 0.0076109365377021974 1.0569087749095374 -0.016787120571553633 0.9995918974470196 0.023113441825018656 -0.7214165766023048 -0.007223797072598711 -0.02323734704218001 0.9997038773734052 205.49347565471928
0.9998922519496051 0.013224038981020047 0.006372540005245781 1.0750286870316188 -0.013369674581635486 0.999637244832279 0.023380132330685057 -0.7115393722191169 -0.006061049054954584 -0.023462811615868665 0.9997063369467057 206.9306855743235
0.999921262849012 0.011406798075313336 0.005230014062757422 1.0941909805830639 -0.011524995370570638 0.9996654363472312 0.02315577447832607 -0.7059348684005401 -0.00496413145804403 -0.023214226812461523 0.9997181888152752 208.3653035224996
0.9999173787686662 0.011922369100265813 0.004805490342869174 1.103878517377296 -0.012027616852291268 0.9996744398714537 0.0225022385129733 -0.6904763956177729 -0.004535646249259956 -0.022558177622535296 0.9997352432078747 209.84119856513126
0.9999063450173539 0.012883548583926735 0.00461685538598864 1.1114156337367815 -0.01298580857140816 0.9996545749362643 0.02284949944987394 -0.6794497815274517 -0.004320878329389891 -0.022907312751353655 0.9997282555819232 211.28644764552143
0.9998909540894835 0.014040868640213457 0.004575359935654244 1.1190157365171678 -0.01414537918400954 0.9996197084793531 0.023671643626465275 -0.6652808767145646 -0.004241249876574401 -0.023733782190684925 0.9997093174303894 212.75018521575768
0.9998989467900858 0.013543020750789012 0.0043223580539200595 1.1268738515876167 -0.01364154196921722 0.9996274237277447 0.023641533522705732 -0.656629564460828 -0.004000570196980021 -0.02369810775803594 0.9997111558352693 214.2011951497134
0.9999018960085692 0.013444008156672365 0.003931537314463069 1.1388193893049998 -0.01353050546284746 0.9996468715090933 0.022870455741237337 -0.6440315833320632 -0.003622678681670577 -0.022921407415965152 0.9997307063689345 215.66884173304672
0.9999106464308032 0.0128502597327992 0.003683743100133702 1.1467105404154556 -0.012930359703366362 0.9996606493894331 0.022613975770347922 -0.6336487979906646 -0.0033918978368891566 -0.02265958692852905 0.9997374846054812 217.14022064579265
0.9999058973992384 0.013365052344884039 0.003093817207389599 1.157535974267455 -0.013431972151982477 0.9996514767997989 0.02272679250228118 -0.6224745515845274 -0.0027889943976843034 -0.022766209591416023 0.9997369259894657 218.59760343545008
0.9998992186806879 0.013896384306798596 0.002905678305574393 1.1629350613991392 -0.013958365334417619 0.9996488110620004 0.022525954408418845 -0.6126046007855757 -0.0025916287562325405 -0.02256424240821706 0.9997420359277561 220.08614353059727
0.999905005216707 0.01351370837023407 0.0027129709127327404 1.173012818932288 -0.013571529647525747 0.9996532728324004 0.022564302337909053 -0.6019100990817472 -0.002407103047399076 -0.022598977687366555 0.9997417126630228 221.56252946435595
0.9998899378079806 0.014664257371081907 0.002252066926991367 1.1762326014483868 -0.01471101492536648 0.9996413447864023 0.022377843459577943 -0.5886187519061971 -0.0019231049113586631 -0.02240851037351905 0.999747048160984 223.04025465001192
0.9998905363560674 0.014674176734854164 0.001893098523399495 1.1831261034977603 -0.01471315771268401 0.9996374472338453 0.02254988076610646 -0.5802894764279026 -0.0015615113651113429 -0.02257526550698374 0.9997439267360485 224.52981067212195
