1.0 -6.776263578034403e-21 8.673617379884035e-19 -8.673617379884035e-19 0.0 1.0 -1.828002979293187e-19 0.0 0.0 1.0683203047244863e-19 1.0000000000000002 5.551115123125783e-17
0.9999997609328668 -0.0006045316352606309 -0.00033567176852968787 0.0008173796576166348 0.0006050023138056827 0.9999988318071305 0.0014036942841376668 -0.01857989305489406 0.0003348228266244115 -0.0014038970103075637 0.9999989584824406 1.2749714875841887
0.9999989647166168 -0.001436011701961024 9.18472645183438e-05 0.015847507961307118 0.0014358436931786835 0.999997339533349 0.0018053477930983215 -0.02814775385832142 -9.443952914100964e-05 -0.0018052140193126269 0.9999983661397379 2.593667038360816
0.9999969689989407 -0.00236714715773306 -0.0006772048557178549 0.005147093571532178 0.0023684350899741843 0.9999953768253425 0.0019070514240432928 -0.0473281926905142 0.0006726875090140357 -0.00190864953140921 0.9999979522715845 3.9102429800712715
0.9999966357302043 -0.0025892236813236293 -0.0001563594655257447 0.017209389877264804 0.002589516747604563 0.9999948375250601 0.001902453235866642 -0.06197601524376587 0.00015143279311003073 -0.0019028517028931028 0.9999981781094169 5.227255140258626
0.9999947599231109 -0.0031927098024972164 -0.000535471014922565 0.018046097437371972 0.0031941405718844324 0.9999912748283573 0.002692161993308812 -0.07401763509779606 0.000526871093843727 -0.0026938582162310807 0.9999962327593824 6.54632651109853
0.9999905147065055 -0.004348288060187021 -0.000250770828356125 0.02486709319169423 0.004349279996085758 0.999982140806729 0.004099004286951949 -0.08988371811362071 0.00023294271634649328 -0.004100056019013249 0.9999915676020723 7.874096252106643
0.9999901977572369 -0.004425931234874681 -0.00012458000144360912 0.02976448495651228 0.004426492671099424 0.9999780225954988 0.004935635160988305 -0.10192985714112826 0.00010273248869731907 -0.004936138160806182 0.9999878119168502 9.208193329867042
0.9999943282640043 -0.0032605163014133693 -0.0008440804726529989 0.03459381786775769 0.0032638571748986487 0.9999867255734738 0.003986968436746687 -0.11679203352349449 0.0008310697608223333 -0.003989700723404969 0.9999916957697629 10.530569804258516
0.9999979919559107 -3.9841944129162275e-05 0.0020036210237801243 0.03800027827845747 3.320836517011517e-05 0.9999945189951227 0.0033107218918795086 -0.12999552216481666 -0.0020037421153431103 -0.0033106486588700182 0.999992512281979 11.837672255066598
0.9999974213691192 0.002260196801620726 -0.00022082784367114926 0.033412690041900936 -0.002259925517064034 0.9999966995958327 0.0012221029000428372 -0.13185193936530532 0.00022358932745073293 -0.0012216006769573632 0.9999992288490996 13.20214989461492
0.999994001565521 0.0034614672142794906 -0.00012278628624808486 0.019192713340894674 -0.003461275080576651 0.9999928323005967 0.0015345763445329663 -0.14872274651793171 0.00012809730382526072 -0.0015341421208154387 0.9999988149982745 14.56006004610104
0.9999886500810191 0.00476154740954862 0.00016544859972326097 0.019084627880036842 -0.004761928188721078 0.9999858301968638 0.0023798002913018985 -0.1640681695392036 -0.00015411473463749527 -0.0023805611015549014 0.9999971545837756 15.895429388461832
0.9999941892898859 0.0033993449632144365 0.00025659158432385625 0.020604441165432738 -0.0034004826976744788 0.999983772548834 0.004570706852358279 -0.17569610380179748 -0.0002410500301496081 -0.004571552762997218 0.9999895213433768 17.247488565469443
0.9999985722882101 -0.0007184739670105905 0.0015294499164628921 0.04212603822161712 0.000709228452130784 0.9999815255011933 0.006037023787167144 -0.18972171445815694 -0.0015337592337769847 -0.006035930351083306 0.9999806073730455 18.61996766560896
0.9999975904765115 -0.0021416842210537244 0.0004819020510014784 0.04347782561030375 0.0021389291245843046 0.9999817667235074 0.0056472300898691 -0.19734283295984162 -0.0004939878900607252 -0.005646185646214291 0.9999839381504786 19.984855250037256
0.9999936729808346 -0.003527258538583344 0.0004609169580678252 0.04986703704659734 0.003525526839048885 0.9999869176292506 0.0037061077873085635 -0.2016462725907156 -0.0004739833694744743 -0.0037044593092495034 0.9999930261346712 21.33756897312657
0.9999987114598451 -0.0014424464150539786 0.0007045757709382905 0.04495309953980056 0.0014397546809112852 0.9999917197700793 0.0038062449836766547 -0.22076309289621687 -0.0007100603013019402 -0.0038052256075220615 0.9999925080065745 22.72026152948267
0.999998508333604 0.0010500663671688076 0.0013713830455708547 0.04811447142489032 -0.0010552331877001634 0.999992328277846 0.003772250175464927 -0.2196490487953348 -0.0013674115258048465 -0.0037736916229785316 0.9999919446845427 24.071683570011004
0.9999930209359856 0.0013860572796198754 0.0034694271415660707 0.04998450067347354 -0.0014180676784616639 0.999956295638963 0.009240990428758585 -0.2366574870732418 -0.0034564672593875045 -0.009245845684150593 0.9999512823950353 25.47739236088789
0.999995798749041 0.0002771668243138558 0.002885422540039125 0.06281018871782326 -0.0003070202793776437 0.9999463798661178 0.010350997061139188 -0.23553056596254884 -0.0028823991116064722 -0.010351839307367607 0.9999422639277401 26.836462096973303
0.9999846422658535 -0.004492029107044858 0.0032460599690953317 0.06400357421525729 0.004459563107092826 0.9999406450283604 0.00994076092011962 -0.24297934347795436 -0.003290521763874073 -0.009926132098641613 0.9999453206846775 28.23442969079182
0.9999830247522427 -0.0051973442761101656 0.002633973730583176 0.05475048693228396 0.005177065688053612 0.9999573501516076 0.007648259775928185 -0.2339684834171682 -0.0026736122569358638 -0.0076344935782176075 0.9999672826140655 29.645664859411315
0.9999810544777012 -0.005051204931120282 0.003517955687999301 0.0754707584962836 0.005031595260032798 0.9999718786208058 0.005561027210488439 -0.2556565583382525 -0.003545946945068969 -0.005543220843493253 0.9999783492447268 31.008131333835752
0.9999878349012522 -0.003268745855233533 0.003693961190274919 0.08627507506571452 0.0032549859689099073 0.9999877648429233 0.003724947611136777 -0.2534696480651406 -0.0037060922126891994 -0.003712878450528963 0.9999862396108152 32.437401133806176
0.9999898505908513 0.0034483237945205987 0.002899616794037981 0.0527128652784816 -0.003457079834667529 0.9999894639373906 0.003020035876083136 -0.26928730341863644 -0.0028891724226490292 -0.0030300293880342892 0.9999912357625425 33.832397485390416
0.9999857598179303 0.003359186474943738 0.004146809213206001 0.050298397484149215 -0.0033731388941401303 0.9999886589120215 0.003362139946967898 -0.28583449993694954 -0.0041354684739743205 -0.0033760797846825847 0.9999857498899845 35.201729620861634
0.9999856866465145 0.003089486533051436 0.004368246127161179 0.07361760729035563 -0.0031088284578581335 0.9999853641515793 0.00442794225932992 -0.30230067851275044 -0.004354502489765787 -0.004441458944772765 0.9999806556863705 36.60040452206218
0.9999842842822287 0.0042540831581451615 0.003651570014779238 0.08029836335044929 -0.004277594975915217 0.999970015635591 0.006455231830917589 -0.30757875726196643 -0.0036239997337349406 -0.006470750226973894 0.9999724976277536 38.023218137430945
0.9999817959237859 0.005127184317706209 0.0031811632815704465 0.07517455084158342 -0.005146910264734206 0.9999673862034468 0.00622381328299019 -0.3134755094485944 -0.0031491491557927576 -0.0062400730567834855 0.9999755718728435 39.41805200057786
0.9999404859872565 0.010098614487004394 0.004128251347751029 0.057552763576455473 -0.010125249316839113 0.9999277260937757 0.0064824324526967245 -0.3226024496112919 -0.004062489733220814 -0.006523846138726758 0.9999704673655353 40.8405101790257
0.9999295481542019 0.011218903126545393 0.003877489996603881 0.07474783029142823 -0.011245439605799157 0.9999130249348236 0.0068907671403746415 -0.33289724711272034 -0.0037998462168427837 -0.006933885654422965 0.9999687407076968 42.24392011683635
0.9999266196089328 0.011665925804346547 0.0032652043738054296 0.08458877932886535 -0.011688146051670026 0.9999080873511789 0.00687052476743501 -0.33891251525298755 -0.0031847534905753857 -0.0069081846934403906 0.9999710667431458 43.650181535360026
0.9999279475992585 0.01144325644871235 0.003626496828321266 0.08598732668827902 -0.011470251577484002 0.9999059950611072 0.007512282522556682 -0.3499590764058398 -0.003540191236661079 -0.007553337968336097 0.9999652064571992 45.06384692164783
0.9999517283942267 0.009351655708859995 0.003014532921073344 0.09133326613299417 -0.009371313188398511 0.9999344797257486 0.006573793323634866 -0.35330939799666927 -0.0029528598001249858 -0.006601726034383119 0.9999738485713502 46.477140825425934
0.9999468240558171 0.010095934389721693 0.002102655445560931 0.0923459759555054 -0.0101110308551874 0.9999222587815276 0.007296811927661866 -0.3665777759975758 -0.002028824014375481 -0.0073176838228462176 0.9999711672694034 47.915943355856086
0.9999467450633346 0.010279811544414149 0.0009124153412918808 0.09998413120988381 -0.010286667324034871 0.9999162288913847 0.007856188126798367 -0.3747858483354152 -0.000831578839802275 -0.007865155347140692 0.9999687234114929 49.32212328737388
0.9999422331485616 0.010746248161159901 -0.0002202382391247506 0.11294614095362773 -0.010744015387063892 0.9999068617591123 0.008416291271520623 -0.3789662586264133 0.000310661310992358 -0.008413438726057803 0.9999645581376555 50.78174870973573
0.9999434928574736 0.01061001941639315 -0.0006622451307287383 0.10786749921713762 -0.01060400936928755 0.9999076329615171 0.008501796794887977 -0.38458765500667397 0.0007523882569883834 -0.008494293808091795 0.9999636397778817 52.19816256862915
0.9999283463122824 0.011701581123063475 -0.0025249208718004642 0.11117170342806515 -0.011677258270383304 0.999887235457151 0.009442353019856027 -0.3916138119460647 0.0026351268349828075 -0.00941219215324286 0.9999522322286305 53.62269789050572
0.9997094376957991 0.021703187985072453 0.01048864919634969 0.010116933832997166 -0.021733515400608888 0.999759917587417 0.0027859544922486782 -0.3543488349565189 -0.010425667827400375 -0.0030131001782366207 0.9999411116062977 55.99459223095334
