1.0 -3.469446951953614e-18 0.0 -1.7787691892340307e-19 0.0 0.9999999999999999 -3.5405977195229754e-19 0.0 2.168404344971009e-19 -2.354751593366955e-19 1.0 0.0
0.9999999152116924 -0.00018302116522868513 -0.00036888965916284785 -0.005050787376440292 0.0001833441551702241 0.9999995997707436 0.0008756956341502194 -0.02442742306258936 0.0003687292725724038 -0.0008757632110852661 0.999999548539014 1.3199224644845544
0.999999567728898 -0.000812692176177944 -0.0004517455198328158 -0.01448987099541727 0.0008132586495735953 0.9999988816903048 0.001255080486844824 -0.041778438604106065 0.00045072505971537296 -0.0012554473547501826 0.9999991103494887 2.620786307931266
0.9999985241217121 -0.0014149111428432368 -0.0009745673172656973 -0.014637245690139316 0.001416064142050288 0.9999982972545237 0.0011833207675807681 -0.07396546730534316 0.0009728914473630565 -0.0011846990940337543 0.9999988249853334 3.946594972390386
0.9999975201831314 -0.002201514953382557 -0.0003360985607847142 -0.028880532466330554 0.0022019141900244277 0.9999968656908309 0.001191712616110822 -0.08987909594387562 0.00033347396350502786 -0.0011924497431607605 0.9999992334294239 5.256799051062038
0.999996383190545 -0.0025746806374028867 -0.0007775782681067867 -0.022958820808088733 0.0025759076543672866 0.9999954326782418 0.0015809232723381192 -0.11310549873533257 0.000773504410949131 -0.0015829205541097629 0.9999984480262686 6.584633830640025
0.9999934056160626 -0.0035864661159206203 -0.0005709547176074099 -0.029970331395289464 0.003588010558603574 0.999989844892025 0.002726955729320055 -0.14817761808255311 0.0005611688350661862 -0.002728986389780768 0.9999961188545818 7.917823847586337
0.999993029930222 -0.003713026059437909 -0.0003918328626224684 -0.04986897894862789 0.003714178847499359 0.9999886536147219 0.0029828696907974973 -0.1647745719026158 0.0003807529786999046 -0.002984304293604778 0.9999954744678736 9.23616520932424
0.9999937258747542 -0.00343072131541345 -0.0008822504104223718 -0.05118333696578882 0.003432893683409934 0.9999910511118508 0.002472434409492318 -0.18968806627157875 0.0008737603579207122 -0.0024754476158652177 0.9999965543459636 10.56397244124896
0.9999996152445375 -0.000351855801418742 -0.0008035593017275161 -0.06781753602123042 0.0003518225148777601 0.999999937245178 -4.159325322017868e-05 -0.21157762942633163 0.0008035739540263797 4.131052739226729e-05 0.9999996762817577 11.887462331219977
0.9999974973129323 0.0020507212659597223 -0.0008943741467422316 -0.06565750080127013 -0.002051315784177805 0.9999976754889203 -0.0006641716673650772 -0.22923296947043145 0.0008930101115845518 0.0006660046597852461 0.9999993794858507 13.229148075108752
0.9999848570360628 0.005474515943301746 -0.0005615710231586745 -0.0981799992575882 -0.005474922308772119 0.9999847504005944 -0.0007240185908404751 -0.25584728052606764 0.0005575988542781268 0.0007270821944601252 0.9999995802178079 14.564303177017209
0.9999827483238373 0.005871332740801616 -0.00017462672458743562 -0.11871019001200625 -0.0058713164513576575 0.999982759088127 9.581962179934133e-05 -0.2840271695476489 0.00017518631724456647 -9.479268649654742e-05 0.999999980162192 15.9134344036046
0.9999871020525278 0.005076617252228492 0.00015387060438675892 -0.11611361452522215 -0.005077008160150337 0.999983589388131 0.0026542328432500937 -0.32582843822624835 -0.00014039356507214982 -0.002654979867510357 0.999996465679671 17.253662086656604
0.999999992411893 -8.403064505684184e-05 9.008517123569007e-05 -0.11903395580403688 8.357447030803676e-05 0.9999872349768651 0.00505201913210038 -0.33782524210832987 -9.05085492646457e-05 -0.0050520116643798805 0.9999872344122162 18.62239099816777
0.9999977108243152 -0.00213248994950058 -0.0001756008221660125 -0.11391023691689153 0.0021330990697152573 0.9999914447167076 0.00354406233846187 -0.3742102627762169 0.00016804165976021745 -0.0035444288677945195 0.999993704373677 19.95545184975155
0.9999959948094213 -0.002824639892956742 -0.00017826495786615708 -0.1170362945738828 0.0028248191804321286 0.9999954975267842 0.0010125801320317452 -0.376618809974174 0.00017540399683810292 -0.0010130796606753589 0.9999994714515942 21.317366537395127
0.9999996408053521 -0.0008034041394341281 0.00027006041686050545 -0.13540040589996963 0.0008034570988594992 0.9999996580473692 -0.00019585860762690157 -0.4302237261270988 -0.0002699029938105491 0.00019607552393386825 0.9999999443531635 22.66151278829808
0.9999980632638904 0.0017630887719262125 0.000874634011504154 -0.13945386046416608 -0.0017642036652726536 0.9999976304210862 0.001275437377879943 -0.42156280854416606 -0.0008723833024724442 -0.0012769779660319512 0.9999988041360744 24.03604600520671
0.9999960911252749 0.0021459415484147157 0.0017923916211310823 -0.15951338488152447 -0.0021567508532148016 0.9999793692338586 0.006050581349276182 -0.4464349162304512 -0.001779370594411458 -0.006054423559995257 0.999980088699125 25.42594749261684
0.9999980067406457 0.0004224558561773369 0.0019514219820439712 -0.14910267739550687 -0.00043550990487707664 0.9999775006311254 0.0066939197469851235 -0.46612518012740156 -0.0019485503499498428 -0.006694756398557511 0.9999756913982467 26.794815322886205
0.9999917161828437 -0.003656660366533929 0.0017878501636956542 -0.15342689508478918 0.0036453953015044907 0.999973735060433 0.006264205913458771 -0.5029622498944487 -0.0018107094271016995 -0.006257636720398745 0.9999787814314609 28.16713031333028
0.9999921627219522 -0.003553696766997917 0.0017452052434320001 -0.16241965971326922 0.003546712785173137 0.9999857547883718 0.003988864871337303 -0.506023682187438 -0.0017593557440117322 -0.003982643942088861 0.9999905215615814 29.52689278559274
0.999990027730398 -0.0037418913387992515 0.0024377648329538294 -0.16498905516549883 0.0037372978850396844 0.999991237335201 0.0018862268794002071 -0.5476812929630887 -0.0024448017324822224 -0.0018770974482256576 0.9999952497120853 30.911578125144114
0.9999948938165216 -0.0015560113625946396 0.0027912677253361506 -0.17531877061311904 0.0015535731882251533 0.999998409959027 0.000875492582885655 -0.5450508254136555 -0.002792625798697756 -0.0008711516874667354 0.9999957211570445 32.296728103437374
0.9999942316206696 -0.00013431646080289128 0.0033939194032714566 -0.1816242319855192 0.00013904807688220645 0.999999018790557 -0.0013939452930407186 -0.5956360849571897 -0.0033937291312507605 0.001394409200549764 0.9999932690879472 33.675109737942144
0.9999934300727618 -8.634045345727419e-05 0.003623859988719029 -0.198105272833081 8.984939261328685e-05 0.999999527320976 -0.0009681347411527188 -0.5860904330719204 -0.0036237749936242946 0.0009684540043000692 0.999992965148801 35.070575836258406
0.9999950599493277 0.00013889861423561217 0.0031401891445134254 -0.1963108531371725 -0.00014160160678569102 0.9999996196883542 0.0008605650657775253 -0.6395433137301262 -0.0031400686836380184 -0.0008610054848918323 0.9999946993031358 36.466676361151144
0.9999946316861056 0.0015207411501383036 0.0029024035610265893 -0.2081325963270958 -0.0015268025760693709 0.9999966560000263 0.002087310451739654 -0.6512157427639933 -0.0028992198399011753 -0.00209173068366778 0.9999936095714297 37.864596857197725
0.9999911566254807 0.0033246098995426097 0.0025755848082801803 -0.20691600136199656 -0.003331214850680872 0.9999911635673683 0.0025643323596953823 -0.666499132061658 -0.002567036859614574 -0.0025728895598737117 0.9999933952572725 39.25780813515495
0.9999755102351469 0.006274198161177125 0.003100541656321036 -0.2239255852011509 -0.006282776079006345 0.9999764418520506 0.0027645031895636384 -0.7049907143520525 -0.003083123831168936 -0.0027839155536465094 0.9999913720418935 40.65668083181514
0.9999559192626903 0.008859151591391707 0.0031104580090901657 -0.23503738966966314 -0.008869439051028827 0.9999551903803934 0.0033091239105068663 -0.7312735520289418 -0.003081002858519629 -0.003336566129657725 0.9999896873191176 42.08173693972604
0.999949899939159 0.009612256532879324 0.0027932271651328403 -0.23934618955560777 -0.009621566639118192 0.9999481376829726 0.0033387753295094002 -0.7426885972168389 -0.002760989368133024 -0.0033654833494175247 0.9999905251834204 43.47197324444759
0.9999584079619037 0.008813053488481758 0.002347853967992945 -0.24704759513545121 -0.008820483682500296 0.9999560643028682 0.003173097894957173 -0.7686334159304631 -0.0023197863259312246 -0.003193675194770423 0.9999922094834917 44.89871756529349
0.9999654915533039 0.008179535808078741 0.0014528870985375626 -0.23801911406544624 -0.00818339092889529 0.9999629583282892 0.002667227280176041 -0.791198563742459 -0.0014310167194063108 -0.0026790248393110993 0.9999953874971316 46.294554857890155
0.9999691708300523 0.007830100944117084 0.0005889760765284756 -0.25187851037600345 -0.007832049881195232 0.9999636098943472 0.0033819961150765546 -0.8211931702454249 -0.0005624733179408006 -0.0033865048132396373 0.9999941075870208 47.72562109480562
0.9999658160457381 0.008257594861413347 -0.00042290491416819404 -0.2594245873812161 -0.008255713173257491 0.9999567861792806 0.004274224007468085 -0.8434730754352174 0.0004581814906883567 -0.004270586606788055 0.9999907760381666 49.12324373663592
0.9999571832376584 0.009166550832786897 -0.0012672863925097901 -0.2773315128646293 -0.009160783032243127 0.9999479810308756 0.004485009006994132 -0.8713052326942717 0.0013083326462365935 -0.004473207733998552 0.9999891392817283 50.55123784803932
0.9999551859785252 0.009147264607809201 -0.00243999186546109 -0.28707377140776447 -0.009135735309375642 0.999947244420249 0.004695395174987609 -0.8860603339797966 0.002482813377406247 -0.004672893736734732 0.9999859997556274 51.996965567833676
0.999944054170092 0.0099672558125377 -0.003541512715115836 -0.30160317014267435 -0.009945696983192179 0.9999322139313122 0.00605398008798009 -0.9170874816446394 0.003601614526727642 -0.00601841870989867 0.999975403206102 53.40856162252425
0.9999524010322586 0.00868436052270952 -0.00444719289406317 -0.31073087940090677 -0.008653705050683282 0.9999389783458665 0.006866803514573026 -0.9388217273258348 0.004506555702178412 -0.0068279921111003665 0.9999665341849905 54.862855127688135
0.9999736302987056 0.005464949518941893 -0.0047825739828559755 -0.32374064645825473 -0.0054276354149220135 0.9999549999320909 0.0077806743311884755 -0.9424400805401305 0.004824880172818224 -0.007754511250155609 0.9999582931793896 56.25903131479862
0.9999743223275143 0.004681056964597715 -0.0054260825179533664 -0.3337415736282995 -0.004641140531909624 0.9999622484490163 0.0073458490449825956 -0.9783327222963081 0.0054602644798229065 -0.007320477361483836 0.9999582971984384 57.69416526092298
0.9999810434747206 0.0030269176600410085 -0.005361944099904194 -0.35342746862686414 -0.0029869466570304343 0.9999678096863298 0.007446995642422341 -0.9938413463554554 0.005384313400711096 -0.007430838785414052 0.9999578950220851 59.14460581363374
0.9999825778215157 0.002945029652970781 -0.005115744166938603 -0.3580863941829895 -0.002901897677614159 0.999960354679299 0.008418317065535287 -1.0241028539033998 0.0051403339860244595 -0.00840332520605895 0.9999514793752214 60.54270628186858
0.9999897446049457 0.0011039831038541226 -0.004392254092265185 -0.38274611057155444 -0.0010634305986748326 0.999956888914783 0.009224392993355214 -1.0361387707352772 0.004402248690856573 -0.009219627722304337 0.999947807979242 61.999532136891645
0.9999907021943236 -0.0014795355426220416 -0.004050493075910347 -0.39177901744623944 0.0015151369562607028 0.9999601273105165 0.008800462722319345 -1.0483109640874673 0.004037311322893523 -0.008806518124802721 0.999953071581929 63.395930336127165
0.9999907394910289 -0.0022182300617703665 -0.0036878698556264923 -0.4037771649534877 0.0022476005071833064 0.9999656409394837 0.00797904924233991 -1.0734164242702113 0.0036700440937663774 -0.007987264369154588 0.9999613664504188 64.81520680696279
0.9999931151468978 -0.002200592339658379 -0.002987816944712631 -0.40861127646133233 0.0022243573121739323 0.999965733022478 0.007974020928187331 -1.0975178558434187 0.0029701672495106466 -0.00798061215871987 0.9999637433146 66.26351166899502
0.9999971597134397 -0.0007303129120012162 -0.0022687453248008745 -0.4260645147159767 0.0007480611013308044 0.9999690503028106 0.007831911493657978 -1.1129851221437532 0.002262955559370342 -0.007833586564590515 0.9999667564273654 67.62905096466652
0.9999951924528306 0.0026084173515489566 -0.0016766701094023558 -0.44777525977728544 -0.002592378867026586 0.9999515344419981 0.009497807139467804 -1.1393578987338158 0.0017013632448912711 -0.009493415104646614 0.9999534891377169 69.10534007303347
0.9999822356046817 0.005912705984752676 -0.0007539031177079129 -0.4644165774542336 -0.005904471328511893 0.9999275063749908 0.010493770590612305 -1.1559185171271398 0.0008158951217693946 -0.010489132987708894 0.9999446546730582 70.46850091291945
0.999955518242781 0.00943006843267992 0.00018794771058085386 -0.48420131226810464 -0.009431611183685644 0.999888770919724 0.011553809582874946 -1.172703478014817 -7.897358823024487e-05 -0.011555068533755672 0.9999332348504191 71.92127361601554
0.9999061092608802 0.01368823600359929 0.0006362581239397766 -0.49343325531730187 -0.013694491483230532 0.9998438465030226 0.011168864906113922 -1.1856530688419205 -0.0004832767439283674 -0.011176529714970237 0.9999374238572941 73.28501808224186
0.999844242681781 0.01760154462800925 0.0012945871634555306 -0.5076428787951806 -0.0176143432937111 0.9997881742901314 0.010646196726717218 -1.2053017903880323 -0.0011069235157846141 -0.010667342029221403 0.9999424896144953 74.68686021348587
0.9998191882657016 0.018899290192177048 0.002099417748702764 -0.51986736205286 -0.01892065796372589 0.9997640299436037 0.01067207492162268 -1.212507305216595 -0.0018972278608824073 -0.010709867874418699 0.9999408478793281 76.13168339082361
0.9998157130545257 0.01903180013881299 0.0025160408618223897 -0.531878373184795 -0.019058640960846925 0.9997566108260801 0.011112486875744265 -1.2254800653182842 -0.0023039380422680946 -0.011158391541545413 0.9999350889775511 77.49877291194419
0.999832914050628 0.01808732436685964 0.002644358352648013 -0.5369438624338401 -0.0181161904566741 0.9997716593822769 0.011332818965884001 -1.2517922728572688 -0.0024387743635854355 -0.011378831346766859 0.9999322849961382 78.90889856445038
0.9998497023555148 0.017177279898578646 0.002348129239713086 -0.5416992163825206 -0.017200696716903507 0.9997985398735176 0.010344841352888223 -1.2640153881490632 -0.0021699601258935975 -0.010383676222558116 0.999943733687913 80.28020587790687
0.9998524020158086 0.01705496397639112 0.0020742090512701882 -0.5449153730925554 -0.017075860031847752 0.9997989382121518 0.010511812252594533 -1.2870893522656832 -0.001894513580399705 -0.01054567985310896 0.9999425980803677 81.66718546488943
0.9998627392110263 0.016488542759775508 0.001621928756520859 -0.554751087354544 -0.016505393744796905 0.9998033658200941 0.010990983236583414 -1.2972314961573115 -0.0014403846466381235 -0.01101624540689195 0.9999382819109531 83.0804743467419
0.9998601906855159 0.016659432024988277 0.001436093261542276 -0.5698945451063535 -0.016673225353114565 0.9998089990701573 0.010196517842468675 -1.3102157890967292 -0.001265950870232743 -0.010219036794023887 0.9999469829231005 84.42487901407519
0.9998635192090656 0.016512633824335283 0.0005252002347028017 -0.573508062819386 -0.016517250346295746 0.9998081592452003 0.010527354292718612 -1.3203420835282673 -0.00035126515548448696 -0.010534592594835222 0.9999444479443487 85.83738298763001
0.999868417978906 0.01621116292404509 -0.0005872654197426731 -0.5863816397640427 -0.016203421018026905 0.9998037495642805 0.011397874517384486 -1.3373502756724278 0.000771923042893528 -0.011386859290652992 0.9999348696668454 87.18964200820987
0.9998815904020047 0.0153039625932946 -0.0016105469064678743 -0.5929625705121518 -0.015282176827006829 0.9998017109994162 0.01276690208438986 -1.3583169864122893 0.0018056119066147424 -0.012740777962343438 0.999917202747585 88.55879263422405
0.9999144801553005 0.012768589575644836 -0.002827624384501303 -0.5950825202056351 -0.01272919482226971 0.9998273345317704 0.013537678818025478 -1.3723705147654808 0.002999993479689327 -0.013500527974473318 0.999904363323997 89.95578789154092
0.9999240551719883 0.011769370011447709 -0.0036559243824066667 -0.6080664652213021 -0.011717900641213598 0.999836186374379 0.013794609200860241 -1.3928477220372368 0.003817679685029788 -0.013750722096115218 0.9998981663031512 91.32056490430952
0.9999301788913587 0.01107915254825048 -0.004109706487098381 -0.6253200769162252 -0.01102403188721046 0.9998520908142268 0.013201031616588066 -1.3997247578268452 0.004255355236384647 -0.013154804641789366 0.9999044169719286 92.70114601847776
0.9999390964666389 0.010174336250635388 -0.004276237597282685 -0.63696863655918 -0.010115652359029522 0.9998573231342598 0.013528006859532371 -1.4344849174818002 0.004413266350910236 -0.013483926300323322 0.9998993483473965 94.01621670385244
0.9999471555760941 0.00920715279471572 -0.004573222436379302 -0.6545213863657403 -0.009148913229353912 0.9998788023269859 0.012596747960484168 -1.4253439030060457 0.004688648761448773 -0.012554242535652066 0.9999101997584994 95.41376853728417
0.9999553965921884 0.008322852598470692 -0.004464854335133977 -0.6658724226787076 -0.008267153119229766 0.9998895364417867 0.012351886762037901 -1.4334834279066704 0.004567164459663301 -0.012314424444154632 0.9999137442664275 96.75367807426997
0.999940857440969 0.010008518518903886 -0.004255719264326522 -0.6785982579281726 -0.009957922361045375 0.9998813981826936 0.011748590069302763 -1.4545661864952255 0.004372800887942516 -0.011705517347531499 0.9999219266966283 98.10782561801146
0.9999179432299974 0.012206495012592682 -0.0038869331687211624 -0.7056285169654231 -0.012159771795018981 0.9998561360301673 0.01182570156526683 -1.462599752969075 0.004030724695656583 -0.011777467210838527 0.9999225192666039 99.4787966259488
0.9999185445401473 0.012187056589455372 -0.0037920838502150216 -0.7143386431989476 -0.012135664007096144 0.9998379999050381 0.013292841260055201 -1.4730015583409672 0.0039534704849903774 -0.0132457393036853 0.9999044556727056 100.81880240656116
0.9999194323864354 0.01214732845815488 -0.0036838989138732944 -0.735847880882159 -0.012091320339515786 0.9998164311942381 0.014862836505059656 -1.4852235675332366 0.003863766759527906 -0.014817096144413656 0.9998827556178144 102.15759821740814
0.9999266305953844 0.011584338129748042 -0.0035406923382438346 -0.7472200688689503 -0.011533493079559986 0.9998346558330622 0.014058433551093846 -1.5010500023732345 0.0037029648767822002 -0.014016565829761995 0.9998949064507425 103.49400330088514
0.9999263188387575 0.011650617738974092 -0.0034088071110365036 -0.7618564774501576 -0.011610708636858464 0.9998664350297739 0.011502328853933944 -1.5093059823747133 0.0035423613583035604 -0.011461902920537824 0.9999280356446334 104.81109084463193
0.9999423149763917 0.010113593841885883 -0.0036168922475247767 -0.7742064967574066 -0.01007533773930551 0.9998947048590443 0.0104435043704504 -1.5275365695256857 0.003722133090169718 -0.01040646074157607 0.9999389237901313 106.14975596207492
0.9999533004080793 0.009119191595769216 -0.0031995814788421577 -0.7848594927428949 -0.0090812172391761 0.9998904432214561 0.011689014652318827 -1.542329696503721 0.003305825595405706 -0.011659412925097678 0.9999265621122768 107.49732575034722
0.9999828114943164 0.005205426564027086 -0.002698191104488018 -0.7937808184567693 -0.005167612838774859 0.999890909931289 0.013837052385354065 -1.5472201542065767 0.0027699247636068774 -0.013822871618791003 0.999900622935899 108.84077193104937
0.9999893404168918 0.004214758154558203 -0.001885432335466 -0.8086260326465217 -0.004186148831770236 0.9998797937708204 0.014928970769026098 -1.5674133429966421 0.0019481278724555807 -0.014920919230951206 0.9998867790789366 110.17423356654476
0.99999214331168 0.003764984041283055 -0.0012402423177473678 -0.818418309267001 -0.0037476867403319174 0.9998995947892804 0.01366584010344068 -1.5730874413083882 0.0012915695808018123 -0.013661084968694046 0.9999058488743662 111.47583650400391
0.999988786044539 0.004713018967936654 -0.00046392622155228837 -0.8289229165810036 -0.004707294374379889 0.9999210367140694 0.011651683187246652 -1.5869422272807001 0.0005188042452446866 -0.011649368922133365 0.9999320092140997 112.81459578327902
0.9999686946976685 0.007886233656226075 0.0006456991934895098 -0.8315859749480446 -0.007892122165936457 0.9999219064192867 0.00968996822180419 -1.6079919727560643 -0.0005692314557695624 -0.009694761007993593 0.999952842681522 114.15865928504549
0.9999393931600614 0.01081499452857651 0.00206055275316538 -0.8503470531244313 -0.01083316634757129 0.9999006223697787 0.009021525019414597 -1.6041818255194673 -0.001962780395821209 -0.009043300748961416 0.9999571821857206 115.47684499097268
0.9999257648604559 0.011663069803840059 0.0035266907337047383 -0.8618935069459189 -0.011701869840175643 0.9998689304537748 0.01118875235243204 -1.6243011850217173 -0.0033957335708614837 -0.01122919085726556 0.9999311847651927 116.83804054609648
0.9999221963499884 0.011662337107213941 0.00442618539318316 -0.8696622361122897 -0.011720882218793647 0.9998409840659953 0.013439773968082875 -1.628159033980197 -0.004268742735091988 -0.013490607373638682 0.9998998856627954 118.14537038216218
0.9999224998133132 0.011239308567166026 0.005354651185469433 -0.8711335091072361 -0.011315680667350754 0.9998315265638904 0.014452469697108344 -1.6449130633321678 -0.0051913137301960715 -0.014511941441317223 0.9998812198544765 119.51923343801971
0.9999123715558279 0.011631315542086598 0.006321525682702079 -0.8706873297595377 -0.011718127381659624 0.9998350906794818 0.013873606548724705 -1.6546903480888675 -0.006159115418681202 -0.013946467548140027 0.9998837739155193 120.82307529146023
0.9998777455230958 0.013566947297697831 0.007773797106237478 -0.8695993025263986 -0.013672159771456012 0.9998134294031428 0.01364472282137489 -1.665522588696132 -0.007587230139779766 -0.013749339564202604 0.9998766871964844 122.14411524463614
0.9998443982307528 0.015263353255341046 0.008843604523313706 -0.8709359831905575 -0.015378070532266665 0.9997965565875714 0.01305221886342274 -1.6679094175397386 -0.008642585443605093 -0.013186185753746879 0.9998757073857832 123.51183499710189
0.9998168338227759 0.016263335034582264 0.01008973247274737 -0.8756917848918009 -0.016389302725043582 0.9997871702588893 0.012530162843383381 -1.6825542042372001 -0.009883803667234887 -0.01269323167585873 0.9998705877724875 124.83305618502635
0.9998012484512194 0.01651340322194369 0.011170097197596826 -0.8680857276672445 -0.01664612619499179 0.9997906840644041 0.011895149476735938 -1.6828656220451472 -0.010971330636967045 -0.01207872438670308 0.9998668582960987 126.17717127934293
0.9997975324538765 0.01615614276455305 0.01199471188011245 -0.8624018313203899 -0.016292709780329657 0.9998025423943745 0.011376461185260648 -1.7006908806859693 -0.011808544691512027 -0.011569584411438537 0.999863342155566 127.50814215008859
0.9997813841553795 0.016354761482827364 0.013027111530269742 -0.8625071528381697 -0.016514054006399808 0.9997890123038384 0.01221543844614312 -1.7111184222146238 -0.012824583462562588 -0.012427898628146054 0.999840525980733 128.8354832833028
0.9997727317910188 0.01616329703959031 0.013900811401704854 -0.8533377289149802 -0.0163488888517946 0.9997773182325955 0.013342706593033936 -1.7234425139768712 -0.01368205496075393 -0.013566937309202463 0.9998143525595793 130.20548896907454
0.9997918907179609 0.014636988040053443 0.01421034139921719 -0.8367934469749505 -0.014834832348305679 0.9997930820169568 0.013918366736691655 -1.729538789384252 -0.01400367922949656 -0.014126278505887387 0.9998021530404225 131.53529569649197
0.9998182604656985 0.012716507795699512 0.014203395450633542 -0.8261288319896466 -0.01292133592862097 0.9998124824012203 0.014423561905415489 -1.7445843263445435 -0.01401731590019387 -0.014604467704113102 0.999795091195702 132.8923570285605
0.999834855160021 0.01153481823213942 0.014043160360527808 -0.8161389655556935 -0.011747265911791108 0.9998163615929908 0.015140834051427472 -1.7394175951559774 -0.013865935888423631 -0.015303302658975951 0.9997867496376532 134.21866312127258
0.9998629625867986 0.009629526938268984 0.013465817527796737 -0.7997970073674177 -0.009834809158963254 0.9998351536315696 0.015262441047575988 -1.7615420908081703 -0.013316628763021978 -0.015392783567610063 0.9997928433497829 135.55308916068552
0.9998796805907069 0.009413282145505146 0.012329413855879904 -0.7933692064542014 -0.009595955865818065 0.9998438094017297 0.014841645699743925 -1.7681581303355371 -0.012187780537369658 -0.01495817276501975 0.9998138382084599 136.9013372581451
0.9999123985918583 0.006969398017350868 0.011252671930737493 -0.7830786570895405 -0.0071530014752878394 0.999840588977017 0.01635943798782436 -1.776811894853888 -0.01113686362446088 -0.01643849557720884 0.9998028536328791 138.23194274523686
0.999926859705643 0.006461743223467071 0.010223556490559912 -0.7687191733614096 -0.006629782198892504 0.9998420703064269 0.016488797385997768 -1.7832803112828315 -0.01011539635454012 -0.016555371666347612 0.9998117814999511 139.56671483144038
0.9999485488418318 0.0048835272488332495 0.00889105326487091 -0.7690869865402062 -0.005033295567962023 0.9998444975657999 0.016901083542424093 -1.7912107858355637 -0.008807134513356107 -0.016944965591643164 0.9998176346332056 140.92926546090536
0.9999601288793754 0.004522525701104818 0.007699831875775635 -0.7691750738569919 -0.00464788994362862 0.9998556560022979 0.01634210147631582 -1.7926496070482825 -0.007624813508763605 -0.016377238189605257 0.9998368108290334 142.25513634910618
0.9999648660395254 0.00506596921178093 0.006678520722742948 -0.76301654035547 -0.005172288312255036 0.9998586210502218 0.015999542117850513 -1.795500679318775 -0.0065965238775748825 -0.016033523539772165 0.9998496947022939 143.6004396684886
0.9999798553047577 0.0024324672118776003 0.005862771500502298 -0.750972270538897 -0.0025141431279374375 0.9998993324805497 0.013964382836359911 -1.8058593706584614 -0.005828213887852419 -0.013978841647438362 0.9998853053768855 144.9637696334346
0.9999873226792562 -0.0019671122215246355 0.0046351869989096905 -0.7673976792112137 0.0019063728152839497 0.9999127379654036 0.01307219144812929 -1.821711649770193 -0.004660497373775562 -0.01306318958544833 0.9999038117948207 146.27009447135202
0.9999468941829811 -0.009675014986046412 0.0035500581522872306 -0.7558014180176089 0.009616986234003696 0.9998255116154317 0.016014364866496614 -1.8320763775912978 -0.0037043782279097223 -0.015979373854714176 0.9998654595473025 147.65899619246287
0.9998480468619149 -0.0173169812149723 0.002001339424547109 -0.7500387348505504 0.017278456290621465 0.9996907258456827 0.017885960676761438 -1.8346706249040137 -0.0023104514866082474 -0.01784866312980125 0.9998380304048966 148.95920134245137
0.9998136918566625 -0.01927127344392924 0.0010952646583426084 -0.7224811999216989 0.01925303416705771 0.9997057988010954 0.014752508453577786 -1.8445280839183456 -0.001379242157772075 -0.014728673047661506 0.9998905759559926 150.26412297066656
0.9998378943900781 -0.01796944040621678 0.0011332091814708605 -0.7446852171314357 0.017954812243914306 0.9997689894542173 0.011814924063716774 -1.8625888942752893 -0.0013452550748719618 -0.011792662457746244 0.9999295592207195 151.66382375547735
0.9998884123494595 -0.014771251864369095 0.0022300180568988748 -0.7471474953065955 0.014749906312749512 0.9998479341540063 0.009303161778343384 -1.8661439187145468 -0.0023670984845286774 -0.009269231272427854 0.999954238050993 152.97979105005425
0.9998777637720142 -0.015321328096788102 0.003116798566765757 -0.7549643933752545 0.015290812682285241 0.9998370995705415 0.009589856999331745 -1.8770819183211034 -0.0032632204513455844 -0.009541026562004307 0.9999491588092688 154.3479082676227
0.9998142310489802 -0.018952390245906135 0.00350860482352902 -0.7580075467180375 0.01890759477701466 0.9997444809610994 0.012388528388451572 -1.8741135091985164 -0.0037425008376772498 -0.012319887931568503 0.9999171035885263 155.6745873174719
0.9996224096496261 -0.027210298733092497 0.0038259338801796905 -0.7566964687946194 0.027147843935526814 0.9995108641329188 0.015525045807076672 -1.8792013944627408 -0.004246503957243894 -0.01541531812327035 0.9998721594148828 157.01255055710618
0.9994821912762232 -0.03195612218585614 0.0037623884580879974 -0.7434698679102886 0.031888624822368684 0.9993500730516077 0.0168091375654461 -1.8710330411374543 -0.004297098381447888 -0.01668045655423611 0.9998516376529292 158.35060782204698
0.999491813953646 -0.031665699102897314 0.003660236467217727 -0.7352696904019962 0.03159851115135435 0.9993534849635856 0.017150690661798723 -1.9013469429217067 -0.00420095901796221 -0.0170263172052464 0.9998462164096599 159.6885429205386
0.9995253317473958 -0.030449744798847052 0.004682331868795476 -0.7405192504901159 0.03036472879398888 0.9993897347774418 0.01726676778363272 -1.8961698949688364 -0.00520524350067261 -0.017116394369660854 0.9998399544357801 161.05869791272985
0.9995688217777801 -0.02875412715556756 0.005947327184601129 -0.7466406744220522 0.028648538311263554 0.9994426435623276 0.017136612296688912 -1.8842792877052803 -0.0064367612605210536 -0.016958841438992674 0.9998354693663104 162.40112323441537
0.9996217624484035 -0.026621383895836695 0.006901736228606555 -0.7473817674805538 0.026509668629309254 0.9995236499802771 0.0158022338695635 -1.8911625194196435 -0.007319126524524678 -0.015613294412344261 0.9998513166589121 163.7479672739534
0.9996476358666253 -0.025436588552596916 0.007588417180511309 -0.7514776689910918 0.025319303759333653 0.9995642894998052 0.015171157116246167 -1.881201771546765 -0.0079710139684587 -0.014973678174154905 0.9998561155974717 165.09697359581938
0.9996614193410394 -0.02482224392311256 0.00780403068705527 -0.752381716785924 0.0246908611487839 0.999558897957347 0.01650366269617818 -1.8806138717364147 -0.008210246933011487 -0.016305386932798493 0.9998333492150688 166.43931465980177
0.9996958094624419 -0.02344867138709019 0.007645152890803392 -0.745311590585829 0.023320121602896097 0.9995920212555353 0.01649129955468215 -1.8862135622810952 -0.008028733558469819 -0.016307997459274123 0.9998347806796394 167.77184014591361
0.9997322722711224 -0.021986494778581972 0.007209565734826418 -0.7453837307349619 0.021879303441172615 0.9996536517162636 0.014624386516729173 -1.8928744408490588 -0.007528608334775464 -0.014462731148659251 0.9998670658959748 169.16498739723795
0.9998294612037739 -0.017203926903467188 0.0067136743570317 -0.7499136919333969 0.01712630462914328 0.9997877356848831 0.011453089153180189 -1.9062229992762578 -0.006909287965598199 -0.011336155729569253 0.9999118727720336 170.56920665351893
0.9999367616570178 -0.009189377288035979 0.006482904271974231 -0.754356386084768 0.00912612898226816 0.9999111205534537 0.009719297857445656 -1.9384489333365527 -0.006571642916900929 -0.009659519582592119 0.9999317512647722 171.91418183050683
0.9999631835998924 -0.005155277332881462 0.0068596336336754675 -0.7599430356379319 0.0050790816856003725 0.9999257230637323 0.01107931741034365 -1.9509408189937338 -0.006916241650199128 -0.011044069078300835 0.9999150934638671 173.27463517557018
0.9999699977298601 0.00123195171310726 0.007647610070013515 -0.7703236764201858 -0.0013363650501251366 0.9999057639051375 0.013662995076970228 -1.9782597990645405 -0.007630057872750224 -0.01367280541913363 0.9998774107896572 174.6798384999824
0.9999707481064972 -0.0006769775738288374 0.007618703336536752 -0.7717009161949311 0.0005566630335463191 0.9998752848158994 0.0157830584069422 -1.96802833325273 -0.007628438577017654 -0.015778355976344974 0.9998464134094002 176.01683304970834
0.9999715017046515 -0.003331253071071086 0.006774846324516354 -0.7685117541537256 0.0032144389929403324 0.9998472327889876 0.0171807582355918 -1.9690999297777678 -0.006831045366981005 -0.017158491613149467 0.9998294469489137 177.45602027500055
0.9999688315191635 -0.005821563221985597 0.005333423374939422 -0.7655602737193676 0.005726787666641324 0.9998284189651551 0.01761637071375159 -1.9693773273099635 -0.005435063521204985 -0.01758527859275342 0.9998305946828322 178.8591145507562
0.9999761465062682 -0.006140044507908943 0.0031632710073354847 -0.7621028310987041 0.006095246837054999 0.9998836676015809 0.013982103435583143 -1.9853843309778774 -0.0032487540166735275 -0.013962489263815941 0.9998972419666279 180.19311378418584
0.9999920990350881 -0.0036977414504980825 0.0014589663295280656 -0.7776593090406981 0.0036841035668549443 0.9999505023863486 0.009242302213261258 -1.9972080093897073 -0.0014930698766068766 -0.009236854385106462 0.999956224673971 181.60874549591531
0.9999990522507656 0.000913120556702441 0.0010303923363993732 -0.8077609626684447 -0.0009217989793381259 0.9999638429222223 0.008453587040736222 -2.0033647471416027 -0.0010226360159491172 -0.008454529009962037 0.9999637369204236 183.0051136829043
0.9999827117886323 0.005840828196775991 0.0006788513182864418 -0.8256356878496407 -0.005846830694474755 0.9999405466269786 0.009204226795550108 -2.0096110402105154 -0.000625050696631846 -0.009208036985107726 0.999957409777281 184.33450850610072
0.9999809635018829 0.0060613764411886545 0.0011542698525556718 -0.8187725523362511 -0.006075824908992911 0.9998976279897815 0.012954454800769667 -2.014115748462816 -0.0010756299413054071 -0.012961221594064383 0.9999154213024765 185.7847592819706
0.9999552944326536 0.009329608989336711 0.0015386726558693508 -0.8347524277416241 -0.00935201821341419 0.9998397709589428 0.015263426159224157 -2.04997893210896 -0.0013960244241530255 -0.015277133800916406 0.9998823232277347 187.14267464784209
0.9999845235832439 0.0053158433021461265 0.0016414614774626103 -0.8365451816005205 -0.005341788802256358 0.9998540405401698 0.01622845990580898 -2.0273770277645227 -0.0015549540593816206 -0.016236977410769817 0.9998669624943146 188.60247013158084
0.9999888165376417 0.0044889733453088165 0.0014885937764929232 -0.836767929977001 -0.004513458992374867 0.9998474222921968 0.016874857754354874 -2.0379610180090078 -0.0014126159696477617 -0.016881388076998478 0.9998565013333564 190.02005462202908
0.9999980156055275 0.0012032347349527125 0.0015877692986016056 -0.8408016346012841 -0.0012308161509160505 0.9998463500943634 0.01748603123244296 -2.0359640297286314 -0.0015664856561927562 -0.017487951129683155 0.9998458469654856 191.3693483333251
0.9999979661206126 -6.189064772438302e-05 0.0020159184084958684 -0.8501256367846755 2.6286784749710024e-05 0.9998441095814407 0.017656608840013206 -2.0448690194090133 -0.0020166970812657524 -0.017656520282901798 0.9998420776453196 192.82481022890929
0.9999932858407345 -0.002841844811194748 0.002313481945674587 -0.848788227973934 0.00279890402660409 0.999827569250884 0.018357502254625367 -2.0391279727511313 -0.0023652523876650415 -0.018350904143087193 0.9998288102991285 194.18786667976815
0.9999662503283592 -0.007788434997161472 0.0026150519516656232 -0.8475490514074481 0.007734570557627704 0.9997698155292485 0.020012305110439232 -2.0364299377498827 -0.0027703147622656467 -0.019991403783688397 0.9997963138248559 195.64646251187477
0.9999308980293815 -0.011391287256958963 0.0029047813433712303 -0.8441424145404767 0.011328442108192888 0.9997193830449966 0.020804363543182332 -2.0479567713796882 -0.0031409549416794398 -0.020770019671474613 0.9997793460019705 197.055949962207
0.9999615077665542 -0.008217369924282595 0.0030753584632408288 -0.853006365713353 0.008163072803748771 0.9998175331831738 0.01727033771971204 -2.0646747047446192 -0.003216714323473968 -0.017244568901784645 0.9998461269597451 198.48716881251332
0.9999921559368924 -0.002027812810691046 0.003402359057553322 -0.8705436398367365 0.001986455177166894 0.9999246341778852 0.012115277651863057 -2.065975318515356 -0.00342667043084169 -0.012108424219407304 0.999920818861616 199.9199476593261
0.9999541317139956 0.008217549026969632 0.004919994291804193 -0.8816676986588144 -0.008273548127308608 0.9998999683332022 0.011471780256649518 -2.0662678137578028 -0.004825232618875247 -0.011511960104573785 0.9999220929169335 201.36273495781128
0.999889655533644 0.013483899866461146 0.006233873092010416 -0.9042108015106225 -0.013576376024981681 0.9997947497142702 0.015037968115461937 -2.059507943056752 -0.006029823629710886 -0.01512094246753386 0.9998674903836655 202.77925903302815
0.9998521293592957 0.015589791084031765 0.007257947035207393 -0.8988345989520599 -0.015713408648997913 0.9997268901270169 0.017298380805983272 -2.0667965307589955 -0.006986287252670037 -0.017409870320446403 0.9998240286207395 204.23184595505617
0.9998755140229919 0.014244882321250778 0.006785260132567128 -0.8962768370038053 -0.014364223725538715 0.9997370103537048 0.01787677916835591 -2.066419946348636 -0.006528823601996702 -0.017972019114435796 0.9998171737840541 205.700127750223
0.9999266760172183 0.010854512498840613 0.005368624409178751 -0.8885497545211188 -0.010950722151211626 0.9997738814743219 0.01822820952281581 -2.069712157071679 -0.005169552558455959 -0.018285663636643863 0.999819438816311 207.14390982310374
0.9999495095101169 0.009117806506002562 0.0042242182383745545 -0.8869906639667964 -0.009192178847604149 0.9997969074959226 0.01793453710139679 -2.072547162301281 -0.004059837021425354 -0.01797246170528075 0.9998302397644634 208.5681076299448
0.9999533623907987 0.00892174531179995 0.003698038500582225 -0.8967934992448723 -0.008984864709782775 0.999807919327856 0.017418285413015423 -2.067427670329745 -0.0035419269584515065 -0.017450699789343896 0.999841451348252 210.0644419858659
0.9999412322658684 0.01022658975920343 0.003598452098378592 -0.8999468188964685 -0.010288069290332779 0.9997938868712748 0.017502554671442825 -2.0725413770524694 -0.0034187192392044607 -0.017538547561218136 0.9998403431109859 211.52247138485583
0.9999270543748411 0.011563184418474919 0.003489795435945664 -0.906694620707763 -0.011625120697149403 0.9997652785746961 0.018282350601787765 -2.0701945579383754 -0.0032775743775093113 -0.018321586644746358 0.9998267734832378 212.95118307544075
0.9999331122713648 0.011157795979966632 0.003045414556477121 -0.918708882052797 -0.011211505226114148 0.9997709820615426 0.0182287025135312 -2.080187236479678 -0.002841325184379316 -0.01826162728440375 0.9998292053372964 214.40148470190346
0.9999276653828653 0.011700969535302008 0.0027841137900567123 -0.9241723854407267 -0.01174837625473045 0.9997748798430854 0.017668200511774385 -2.084755470104817 -0.002576752158205288 -0.017699631661315406 0.9998400289008617 215.86067755708393
0.9999418529988022 0.010482475070982326 0.0025314653580907984 -0.9291698974809992 -0.01052463971282288 0.9997956333081063 0.017260463284028298 -2.079840930790883 -0.002350015820112941 -0.017286102747507616 0.9998478224622359 217.34816295388805
0.9999265541059789 0.011953096415095935 0.002002461946618326 -0.9295050057796602 -0.01198626922401744 0.9997756199312848 0.01746537034320357 -2.092079651606846 -0.0017932475166159857 -0.01748808998384777 0.9998454635482056 218.79993400921265
0.9999094541111968 0.01333760611569934 0.0017865641273636264 -0.9380790739175469 -0.013366208236626875 0.9997646306334073 0.0170888219820203 -2.098798031583258 -0.0015582197670234292 -0.01711115459380342 0.9998523792768023 220.2785199700408
0.9999392178933322 0.010894062395925348 0.0016970269054799355 -0.9435360447181405 -0.010921467069411883 0.9997945452550797 0.017075972956201297 -2.091809705639845 -0.0015106516429501658 -0.01709346941007671 0.9998527547799456 221.77934784056683
0.9999179401280109 0.012751065876441144 0.0012342202570414915 -0.9522428714163105 -0.01277008972821008 0.9997760014857858 0.016878142212593688 -2.0991232700334126 -0.0010187295635668261 -0.016892518639715002 0.9998567922510149 223.26746838476296
