1.0 -3.469446951953614e-18 0.0 -1.7787691892340307e-19 0.0 0.9999999999999999 -3.5405977195229754e-19 0.0 2.168404344971009e-19 -2.354751593366955e-19 1.0 0.0
0.9999998184236251 -0.0001920850232811945 -0.0005711877703400902 0.0023623220759034095 0.0001924746445146272 0.9999997488292218 0.0006821250560820844 -0.022605926090915572 0.0005710566496940094 -0.0006822348851515522 0.9999996042253559 1.3271691435190551
0.9999995990749863 -0.0006227654238465836 -0.000643438467405147 -0.007878449377712479 0.0006234318605723953 0.9999992690199224 0.0010359976767853364 -0.039982446498254665 0.0006427928687385296 -0.0010363984219421438 0.9999992563481335 2.6231509716465324
0.9999989732184265 -0.0005462443338452392 -0.0013248312772263305 -0.010181380675332502 0.0005478582007660167 0.9999991080611215 0.0012180834487439097 -0.0674937677403847 0.0013241648373066885 -0.00121880804239965 0.9999983805470946 3.9457426161011844
0.9999992587409344 -0.000863053596684241 -0.0008588690525857161 -0.023503601077690096 0.0008642941959071757 0.9999985823841044 0.0014450687636606992 -0.07664220526171318 0.000857620736955586 -0.0014458100365610609 0.9999985870598135 5.278795002344793
0.9999986084910863 -0.0011723058987375534 -0.0011868928565376756 -0.021120976150679316 0.001174371274268336 0.9999977950753758 0.001740888963413753 -0.08685334493538406 0.0011848494867532887 -0.0017422804282339161 0.9999977802939537 6.609259414685544
0.9999966351936271 -0.00245615861180014 -0.0008347985183716314 -0.035385209703945084 0.002458202470076094 0.9999939626640715 0.00245598696516703 -0.11464071911776066 0.0008287612570808129 -0.0024580308522672823 0.9999966356147854 7.937813887423317
0.9999965392769598 -0.0025253898976199934 -0.0007374567717014411 -0.05126279231338886 0.002527289740812129 0.9999934613472881 0.0025865160090801274 -0.1260191655245368 0.000730920052373835 -0.0025883708744753086 0.99999638304033 9.253960354845619
0.9999969405782594 -0.002116563275828461 -0.0012802324304051847 -0.04718857175607107 0.002119465653604234 0.999995177765088 0.002269869677813219 -0.15614188817899693 0.0012754220437982894 -0.0022725761861985675 0.999996604343531 10.58334152043762
0.9999992286082414 -0.00048397913326995654 -0.0011439169685060545 -0.07437716742346381 0.0004846238076699292 0.9999997238993077 0.0005633295817441424 -0.16803037345651267 0.0011436441100457335 -0.0005638835282672764 0.9999991870574002 11.906127663598848
0.9999921970921956 0.0037927299435972063 -0.0011049639807346747 -0.06844154536330624 -0.003794171801740854 0.9999919499279257 -0.0013055063928994258 -0.20190477484448244 0.0011000037441490505 0.0013096886513451764 0.9999985373534506 13.238330201607976
0.9999812910257072 0.00601037052278159 -0.001137115107138317 -0.08418588640333412 -0.006011308745722343 0.999981593144477 -0.0008231352422718296 -0.21473981778684903 0.0011321469232360862 0.0008299554030782064 0.9999990147090719 14.579057936046171
0.9999793503340508 0.006409988248244116 -0.0004592845868024967 -0.12010573252658374 -0.00641012047010776 0.9999794140496391 -0.0002860867589867581 -0.2510022220518658 0.00045744135723472124 0.00028902492133760693 0.9999998536063293 15.922376417310163
0.9999884191270394 0.00480861990218626 -0.0001969182878662388 -0.11330794700431704 -0.004808045951250793 0.9999844659646215 0.002819668836180249 -0.27203566404943497 0.00021047396437533163 -0.0028186894491858423 0.9999960053377033 17.265616935333696
0.9999997453248979 0.000708088192416266 -8.921843475896175e-05 -0.1220909279030282 -0.0007076384895679964 0.9999875280913446 0.004943977099421692 -0.30538055339194303 9.271810564404851e-05 -0.0049439128039756195 0.9999877744906848 18.627108552655947
0.9999982827370948 -0.0017957766277969921 -0.0004579423095163969 -0.11915419401748564 0.0017973802225280631 0.9999921703072673 0.0035254425352717923 -0.3463167485127139 0.00045160785781320255 -0.003526259646104243 0.9999936807523753 19.973758979259618
0.9999967041538559 -0.002540583050184458 -0.00037030032262521 -0.11861897036173719 0.0025410274094993628 0.9999960467039746 0.0012040565694805118 -0.34002432083396594 0.0003672398851953566 -0.001204993566468765 0.9999992065627538 21.33284978900267
0.9999998472777049 -0.0005469179317678131 -7.95367288598729e-05 -0.1397634590418219 0.0005469117497265193 0.9999998473879549 -7.817124988168768e-05 -0.39790034270100233 7.957947667849852e-05 7.812774026547089e-05 0.9999999937816374 22.67160784691408
0.9999985234557247 0.001626386568806832 0.0005549334234389155 -0.14050984953191187 -0.0016269564594597894 0.9999981482551181 0.0010278626712108463 -0.383900210699414 -0.0005532607398278469 -0.0010287640271155285 0.9999993177730014 24.04977839611204
0.9999967367956702 0.002136777649319175 0.0014002062322715037 -0.15511175704874858 -0.0021450523390312585 0.9999800875754701 0.005934914093028427 -0.40752918169335006 -0.0013874968715652265 -0.005937898359385379 0.999981407934681 25.44407205874103
0.999998479733973 0.0008423870787062603 0.0015267332694297946 -0.14777722216782957 -0.0008524066656677778 0.9999780276992336 0.0065740034463461815 -0.43413191582098354 -0.0015211619913022194 -0.006575294978731226 0.9999772255215262 26.80914651173738
0.9999931252818929 -0.0034283899766446822 0.0014126351027308763 -0.14765286047096687 0.003419761635918077 0.9999757545300917 0.006065935707409329 -0.4678886271564552 -0.001433397361887241 -0.0060610632461517355 0.9999806042538207 28.182512429485993
0.9999927539525928 -0.003492485392593883 0.001514792101878815 -0.16136761800518684 0.003486437236427853 0.9999860127798932 0.00397730992672158 -0.4686964301734709 -0.0015286617366870277 -0.003971999953724956 0.9999909431631653 29.540077425821238
0.9999917818427996 -0.00356774986016312 0.0019254649867866314 -0.15954703786201363 0.0035637564887628925 0.9999914999576269 0.002073558982385336 -0.5160183439148942 -0.0019328467214374606 -0.002066680089640519 0.9999959964593216 30.941592536100213
0.9999960210413004 -0.0012236174806925706 0.002541784229366082 -0.18157398829265092 0.0012219344361620518 0.9999990332345725 0.0006636295388599744 -0.507598689586255 -0.002542594015010574 -0.0006605210146388841 0.9999965494562529 32.312467749750304
0.9999944927149008 0.00021688996273172556 0.003311721969066023 -0.19063275736302873 -0.000213502225348855 0.9999994536604041 -0.0010232771672821198 -0.5567845338654311 -0.0033119423790204747 0.0010225644944766579 0.9999939926795943 33.69079278447622
0.9999940695066034 0.0001419262100761827 0.003441048184654693 -0.2031254074301015 -0.0001391613296190617 0.9999996673274534 -0.0008037284556839431 -0.5558815847726335 -0.0034411614015151006 0.0008032448468606216 0.9999937565812922 35.086765300154646
0.9999957684752386 0.0004649356867501217 0.0028717362959294946 -0.19987707637278318 -0.00046676724866597224 0.9999996880899373 0.0006371413051919063 -0.5979115464021076 -0.0028714394126474613 -0.0006384790521656718 0.9999956735789365 36.48165327570647
0.9999959488609896 0.0010561289022892788 0.0026432659752987347 -0.21283306755557949 -0.001060589127167888 0.9999980153765212 0.00168653349631583 -0.5957866725671707 -0.002641479754564714 -0.0016893301150427353 0.9999950843605637 37.88631372294434
0.9999922497979409 0.0032552498725111597 0.0022144275356711695 -0.21063412776837698 -0.0032602933530237136 0.9999920913120492 0.002277675608927636 -0.6216732151094693 -0.002206995804086882 -0.0022848776855873107 0.9999949542377292 39.277593500302935
0.9999768594777012 0.006182681659615391 0.0028381239812890163 -0.23109698083519054 -0.006190277889564119 0.9999772610427229 0.0026754194388071365 -0.6619500469660264 -0.0028215184152687502 -0.0026929263598482597 0.9999923935602208 40.676221148844505
0.9999541728500124 0.009204784296795667 0.0026313739504608647 -0.23600178924703497 -0.009212369329592634 0.9999534038155043 0.0028848689778854498 -0.6844597737397489 -0.002604696960152418 -0.0029089780235032124 0.999992376669811 42.09977510746745
0.9999553799490896 0.00913434154892438 0.0024087129888074555 -0.24506459797335844 -0.009141412790917795 0.9999538916067856 0.002940961120677403 -0.6924715297948748 -0.002381738383017233 -0.0029628489980224678 0.9999927743966374 43.48642072160704
0.9999599766610966 0.0086893645840036 0.0021307282575758714 -0.2605203265231959 -0.008695755182927036 0.9999576661148242 0.0030082949354787686 -0.717593849962384 -0.0021044980600457646 -0.0030267028893579675 0.9999932050545473 44.916196867241545
0.9999625589891629 0.008556790712816616 0.0012891608525757554 -0.2529514161766683 -0.008560110542988136 0.9999600032008588 0.002591625781817793 -0.7535667316013595 -0.0012669333963480265 -0.0026025641649527207 0.9999958107603311 46.31323925753664
0.999965127393288 0.008345200084247523 0.0003187714920746376 -0.2638448485337196 -0.008346171063237756 0.9999601294549042 0.003175050636218408 -0.7822397254063101 -0.00029226237229828503 -0.003177600504112212 0.9999949087060037 47.74357617288114
0.9999647728704554 0.008370136085325356 -0.0006275515091117834 -0.2737352125791894 -0.008367575086121654 0.9999570747958577 0.003978978530132818 -0.7979428898995826 0.0006608292216474213 -0.003973587363034041 0.9999918869221436 49.14092152960727
0.9999550039411236 0.009349852256033781 -0.001603225606908186 -0.2856043529260943 -0.009343143618494955 0.9999477714488217 0.004142470490402854 -0.8282072617256188 0.0016418735013236934 -0.0041273050183034754 0.9999901347555074 50.57145116729005
0.9999528788975294 0.009277681721165186 -0.0028573730393377165 -0.29080504792572903 -0.009265360986100365 0.9999478491706433 0.004295584295284199 -0.840708781157384 0.002897077336562205 -0.004268907383536791 0.9999866916008223 52.02272546644502
0.9999396377408352 0.010291481209741143 -0.003847890134552447 -0.30998760238417306 -0.01026963991648678 0.9999312829775647 0.0056536573021873805 -0.8770192459178202 0.0039058105608667593 -0.005613799710246561 0.9999766146792438 53.43365660421903
0.9999519732370147 0.008557424468659494 -0.004777203989165676 -0.319613502626818 -0.008527756806299554 0.9999444383728389 0.006196575505549191 -0.8879481105471633 0.004829965699409119 -0.006155539202059436 0.9999693899212455 54.886727844671796
0.9999695029473576 0.005770193338175893 -0.005262891041188854 -0.32750076127560807 -0.005731092621815157 0.9999560878323333 0.0074146472417796665 -0.9047218606065147 0.005305444338320652 -0.007384259155152969 0.9999586616404402 56.281794153464254
0.9999739967862513 0.004705894572516683 -0.005464456754509293 -0.35584241522710136 -0.004666478084078322 0.9999631640441435 0.007203786787106832 -0.9333137702251071 0.005498156197317439 -0.00717809984736724 0.9999591217515014 57.704224107274975
0.9999789334694427 0.0037554579894576437 -0.005294254915171754 -0.3800713859942873 -0.003714925471279282 0.9999638748937666 0.007645144923275767 -0.96182187309866 0.005322775135987616 -0.00762531626165903 0.9999567603799415 59.154942661593914
0.9999796590816653 0.0036196336841619204 -0.0052516338219116025 -0.376118665750679 -0.0035760583892432895 0.9999592984274754 0.008283314491148122 -0.9884138943838832 0.005281403089088677 -0.008264366021694409 0.9999519023676325 60.56011776128069
0.9999880998848492 0.001497306618540752 -0.004643075496530443 -0.39719463929446497 -0.0014560026518291988 0.9999594543033007 0.008886495679003934 -0.9941857714271956 0.004656193449179211 -0.008879629778395261 0.9999497347613752 62.017541266000464
0.9999887020722605 -0.001149436090676725 -0.004612430751049622 -0.39098028821959085 0.0011892702500788908 0.9999619429722828 0.008642814292879905 -1.0110824534107594 0.004602321248994222 -0.008648202246978539 0.9999520124728788 63.423953431043174
0.9999907056527383 -0.00147069914281704 -0.004052856625696773 -0.4143680297704261 0.0015025816360439929 0.9999678638811396 0.007874861830570103 -1.0400452975998031 0.004041145178071342 -0.007880878544300026 0.9999607796853475 64.83431018754217
0.9999930159520256 -0.0020861867788376006 -0.0031009465405024365 -0.43152234826593516 0.002110231292245716 0.9999675791834375 0.007770939489409839 -1.0549577261038663 0.0030846346411878686 -0.0077774290854238795 0.9999649977042999 66.2827603456091
0.9999965150074545 -0.0003157455085428095 -0.002621120682602652 -0.44178273229592446 0.00033560535883276135 0.9999712160921225 0.007579865011557644 -1.0749114430256725 0.002618652155640274 -0.007580718409233831 0.999967837170809 67.65520203491393
0.999994825938387 0.0026019846809081145 -0.0018914978996216832 -0.46501266408343156 -0.002584846548569105 0.9999560919775472 0.00900736848915878 -1.0955976951762176 0.001914852051456571 -0.009002432833646712 0.9999576438783694 69.12592649570969
0.9999831633957252 0.00570550935795992 -0.0010583359273586522 -0.4776016969442006 -0.0056945052571050325 0.9999325288119794 0.010124744018922334 -1.1098767623116557 0.0011160314440594081 -0.010118547057821899 0.9999481833997559 70.48960506810245
0.9999488665130963 0.010112533618953949 -3.162036057964795e-05 -0.5041724222970567 -0.010111532905918957 0.999885149422744 0.011289148994394633 -1.1388603122736214 0.00014577864851087743 -0.011288252240877358 0.9999362750266619 71.94030206050759
0.9999070522354507 0.013629907145335903 0.0003353912729769559 -0.5104003429027966 -0.013632733204682699 0.9998488892370374 0.010786440890477308 -1.1422346377623307 -0.0001883224120085218 -0.010790010837608 0.9999417684066693 73.30712437252966
0.9998510337848634 0.017227706269265158 0.0010565653293013598 -0.5265191493038316 -0.01723777181405073 0.999797330685211 0.01039984716742045 -1.160339341404152 -0.000877185750429315 -0.010416510991394413 0.9999453619304296 74.69750874107932
0.9998301859249438 0.018327751370317752 0.0019216643920685619 -0.5430373929454764 -0.018346778913109613 0.9997775827540214 0.010400998695997045 -1.169509555295915 -0.0017306102015749152 -0.010434489030064983 0.9999440616495209 76.14768237098609
0.999815095560531 0.01910234792796189 0.0022079268917487523 -0.5474427469508598 -0.019125172351551374 0.9997584978064666 0.010824689233984887 -1.1862335633546324 -0.002000616854025342 -0.010864914910386454 0.99993897371651 77.51714063800024
0.9998273774689856 0.018427144761456665 0.0023781401555995553 -0.5537065937047256 -0.018452641210661258 0.999767166702981 0.011185368247857532 -1.217060411091444 -0.0021714722210076907 -0.011227320601958697 0.9999346138530906 78.91975953167021
0.9998461711761366 0.017439798512355043 0.0018674492605959044 -0.5523412646729263 -0.017457496223670467 0.9997983827829501 0.00992117204808096 -1.221085296102426 -0.0016940496453105528 -0.009952247082406935 0.9999490401889127 80.29288324234942
0.999848372307421 0.017318140904042406 0.0018205341842843833 -0.5656944798433718 -0.017335768089319477 0.999798118780849 0.010158389194897217 -1.2480704316054245 -0.0016442423689448436 -0.01018840947294136 0.9999467449722257 81.6878390852125
0.9998631852817303 0.016480587446659378 0.001414536411842612 -0.5779052146631869 -0.016494786522150313 0.9998067708999736 0.010693124924836681 -1.2573643556464726 -0.0012380341988013413 -0.010714994646911656 0.9999418263893964 83.07266933805128
0.9998581252582087 0.016806614596393255 0.0011256184567366892 -0.5910866186935771 -0.016817012054471708 0.9998088731815252 0.009970218411648368 -1.2709425629872588 -0.0009578377764590212 -0.009987733637593102 0.9999496625958174 84.43638530062421
0.9998706419696493 0.01608128510515367 0.00030257907544272507 -0.59759437311715 -0.01608353151260699 0.9998189685494125 0.010166129162282336 -1.274052683008215 -0.00013903988214057509 -0.010169680844580677 0.9999482777937213 85.84467907817353
0.9998642762812768 0.01645769782780869 -0.0007570688139551178 -0.6098270319972424 -0.01644865725740602 0.9998074039313061 0.010704987570903329 -1.2944211991288685 0.0009331025426735692 -0.010691082108826074 0.9999424133859924 87.20027748118908
0.9998804509273842 0.015335933330781253 -0.001973058180229419 -0.613762447417986 -0.01531095141849696 0.9998094588872857 0.012108704367855655 -1.310026014587348 0.0021583807056638525 -0.012077047637074062 0.9999247403286651 88.58118869353012
0.999916577900944 0.012552241882252374 -0.003046050970567778 -0.620854858419157 -0.012512317129080318 0.9998399123078465 0.012790297166496207 -1.3331065749133106 0.003206110519548343 -0.012751117280867669 0.9999135612012655 89.96624547983794
0.9999242466419537 0.011648110159963511 -0.003977747107869077 -0.6327353281323037 -0.011594511058308995 0.9998450947767189 0.013242121671046788 -1.346101951170235 0.0041313769851148065 -0.013194998775385425 0.9999044073033156 91.34332903108489
0.9999350047432785 0.010537396763255047 -0.004353105317978492 -0.6494424255975826 -0.010480216929676746 0.9998611449336362 0.012955922352716287 -1.3659914971080822 0.004489022950649104 -0.012909459057330834 0.9999065929143054 92.71171447957381
0.9999482167492914 0.009104815135963347 -0.004546001799549643 -0.6623676634757416 -0.009045762369514272 0.9998765695955185 0.012846002176118542 -1.3845974096977351 0.0046624015635458645 -0.012804215179490175 0.9999071527393588 94.03490432630325
0.999951670381358 0.008521534983608916 -0.004903092386248283 -0.6818780522824497 -0.008459724947096132 0.999886184724846 0.012492024002915944 -1.3899463004221424 0.005008985991823494 -0.0124499417111674 0.9999099504582151 95.41443025014826
0.9999551887994234 0.0082379109168109 -0.0046644603178458335 -0.6893395555935127 -0.00818205507847681 0.99989607383811 0.011869941488876531 -1.398827753598327 0.004761759490414809 -0.011831244954688418 0.9999186703442602 96.76785387332276
0.9999458571517555 0.009385663984549816 -0.00449355616927251 -0.708740689240529 -0.009334620535382978 0.9998931600603905 0.011248703950639491 -1.4158595766487487 0.0045986530306420265 -0.011206149503873067 0.999926634617011 98.10573476205329
0.9999315677599239 0.010924329064459512 -0.004185546353609352 -0.7311845594418984 -0.010876107132579312 0.9998761433099363 0.011375779286512362 -1.4240550391853875 0.004309301074633847 -0.01132947860107652 0.999926533726945 99.46251916408984
0.9999278153217441 0.011298614811209935 -0.004087225820651169 -0.7391929872282068 -0.011245579789843918 0.9998551677313393 0.012774212987812934 -1.4351879262778804 0.004230965137662915 -0.012727327924220964 0.9999100529902194 100.79352797026212
0.9999251096044358 0.011588824318941903 -0.003933738498569513 -0.7641962258083909 -0.011531592985770013 0.999831643663798 0.014272586063677598 -1.444585539166675 0.004098479078362726 -0.014226155205387326 0.9998904034898106 102.14320732936959
0.9999316775016197 0.011061033620305956 -0.003780718334861944 -0.7755144464147011 -0.011008933606463867 0.999847801397476 0.013534306099041537 -1.467259249717588 0.0039298466719195025 -0.013491760001889182 0.9999012594901585 103.48344973384307
0.9999332453081086 0.01094391708501442 -0.0037061535356073495 -0.7867735210608602 -0.010901626240250527 0.9998773410759915 0.011245326556628512 -1.4772564408770363 0.0038287671961721877 -0.011204173010012797 0.9999299010731092 104.80671759589211
0.9999445015619152 0.00979193291444535 -0.003887391994525701 -0.8012901901561068 -0.00975291873593591 0.9999031188059854 0.009931444849304931 -1.4886071107683672 0.0039842637651484655 -0.009892980457139109 0.9999431256780036 106.14440120177962
0.9999572908339048 0.008557580795977592 -0.003490600807208006 -0.8099134738886591 -0.008517919195550198 0.9999007350633451 0.011223416894068165 -1.508141692430896 0.0035862999214020114 -0.011193205125758129 0.9999309229254344 107.49513540887335
0.9999805858834211 0.005444540125858271 -0.003030647269415815 -0.8208602276264895 -0.0054044052116509885 0.9998996199965144 0.013097417324148715 -1.5067244406913567 0.003101652739538483 -0.013080784467974697 0.9999096323362191 108.81592985500971
0.9999878340746967 0.004466466931564437 -0.0020934095656234353 -0.8363358751498395 -0.0044367617588559685 0.9998923465507303 0.013986080831497296 -1.5263415210798772 0.002155652763575561 -0.013976622999024383 0.999899998589952 110.1729282565161
0.9999920162089415 0.0036844372312172784 -0.0015467485960547055 -0.8455245560186415 -0.0036636524578850275 0.9999057382969454 0.013232239909680612 -1.5401925913311176 0.0015953562995476474 -0.013226467781754332 0.9999112537601635 111.47466287337522
0.999989340283373 0.004544396835270475 -0.0008171701087249368 -0.8615515996528871 -0.00453511958040074 0.9999290192003756 0.011017679252998767 -1.5547553310998574 0.0008671808939679482 -0.011013856064763917 0.9999389696262304 112.81717427180699
0.9999682357355665 0.007967148970394031 0.00022812375526928396 -0.8638447745457064 -0.007968879022634235 0.9999278055324061 0.008993370026520259 -1.5751266818034892 -0.00015645577369611673 -0.008994902432605163 0.9999595328083974 114.1647836259323
0.9999390739255527 0.010901457569580577 0.001733965606020516 -0.8800983651624273 -0.010915644645383488 0.9999051903289379 0.008393990591338062 -1.5763162563944186 -0.0016422946097010554 -0.008412406703644125 0.9999632664663685 115.47579152772036
0.9999292753532739 0.011442094358624838 0.0032438781008435544 -0.8940152297305711 -0.011476685715349343 0.9998752390809855 0.010853201415499463 -1.5925160830825063 -0.0031192902924549286 -0.01088966301698284 0.9999358405754076 116.8477540294181
0.9999203673880175 0.01193281024117848 0.004106932988309935 -0.9002470141035555 -0.011984281479842854 0.9998469609759583 0.012744867523977904 -1.5942784937079402 -0.003954222706151294 -0.01279307151590732 0.999910346703202 118.14690824480483
0.9999225978143464 0.01135040023075502 0.005095760354541894 -0.8983656332178319 -0.011419898380823837 0.9998392438910052 0.013822891072170449 -1.6135026474033907 -0.004938046240724463 -0.013880014493856264 0.9998914745596322 119.51415647035122
0.9999133160049605 0.011712753746764313 0.0060143041013061855 -0.901395559718371 -0.011791505950890572 0.9998429524578506 0.013229921787362589 -1.6234155852455678 -0.0058584012387151805 -0.013299692933824483 0.9998943930745281 120.8348231063076
0.9998832858232762 0.01335497118118869 0.0074202054824883835 -0.8977818756909506 -0.013451371360862111 0.9998237477346164 0.013097102832749011 -1.6340318545125365 -0.007243986825917219 -0.013195386419103458 0.9998866967964513 122.1365747406099
0.9998497303349646 0.015067848410793717 0.008571852835497986 -0.9058598764622223 -0.015174980963175069 0.9998057957321435 0.01257341670712141 -1.6390890313970503 -0.008380734507047155 -0.012701605262667658 0.9998842095516363 123.51123047131235
0.9998279009948814 0.0157684943207855 0.00977358399585852 -0.9075719339182939 -0.015885491503136718 0.9998016750377369 0.012010902917001092 -1.6506165314297172 -0.009582252596658777 -0.012164094282109813 0.9998801004335112 124.84672705923958
0.9998056297242846 0.016473858429264906 0.010831192101111909 -0.9011295167821655 -0.016596464795332617 0.9997980860681797 0.011328922773502767 -1.6552411497767185 -0.010642374953670554 -0.011506480496803312 0.9998771628350976 126.17837986447188
0.9997991716407164 0.01630074749624349 0.011657700467739925 -0.8987637666716117 -0.016427825856032162 0.9998057557568483 0.010889321983401952 -1.673792181075143 -0.011477932900494339 -0.011078645993400384 0.9998727522322796 127.50904029888942
0.9997959536931585 0.01571845838697689 0.012687829165406731 -0.8946219491552057 -0.01587126528840766 0.9998016229955816 0.012034019732463666 -1.6836367961759229 -0.012496157000575318 -0.012232936380774004 0.999847088972178 128.83705794547296
0.9997856511520256 0.015637012878029204 0.01356965521554156 -0.8883032902759995 -0.01581080813622992 0.9997931162032774 0.01279621722537153 -1.6958559290194855 -0.013366754380256817 -0.013008021843518581 0.9998260454921649 130.21365308224821
0.9998056503118081 0.013957346458236573 0.013923148135361468 -0.8724330782686005 -0.014142591189415125 0.9998115812820737 0.013296205439637715 -1.6971014036276075 -0.013734946158422922 -0.013490530983806957 0.999814661238683 131.53524914281329
0.9998198295663823 0.012919410907594756 0.013906732209091766 -0.8631691895056608 -0.013109073631364113 0.9998211104883904 0.013634487044876383 -1.7183246526918394 -0.013728096049697259 -0.013814335160928521 0.9998103337749313 132.88176396691168
0.9998433121415927 0.011160859871039087 0.013739954566746823 -0.8509794289343717 -0.011359765307377503 0.9998305637294854 0.014484460122628728 -1.7162534500890811 -0.013575968626517929 -0.014638273528814371 0.9998006871495018 134.2024545294045
0.9998703806939914 0.009280092241202884 0.01315681130305775 -0.8359057706095516 -0.009472473729615035 0.9998480179041535 0.014636029153924328 -1.736028681308227 -0.013018989091595802 -0.014758759878813803 0.9998063237098667 135.53375467044765
0.9998868926399106 0.009125662680485194 0.011955090694344589 -0.8288847273946356 -0.009294984046179334 0.9998561855179726 0.014184906332810034 -1.745652077429328 -0.011823925697078717 -0.014294424571876881 0.999827917297104 136.8848742302178
0.9999087482586498 0.007850370226869496 0.010993945286348233 -0.8214344047835146 -0.008021102106263429 0.9998465667929809 0.015572565730700783 -1.759300358662667 -0.010870008950168071 -0.015659328570455346 0.99981829765921 138.2158411381852
0.9999277966504572 0.006801658800152351 0.009906508775901834 -0.804181467990216 -0.006959528728641378 0.9998479370214391 0.015989615409435116 -1.7689198437565352 -0.009796247269654577 -0.016057405851790437 0.9998230809782547 139.55684968818667
0.9999480313634351 0.005522492870593974 0.00856951812121427 -0.8066807419437558 -0.005661261956106351 0.9998518608673994 0.016254428221497932 -1.7780142172122069 -0.00847848437997013 -0.016302098106582334 0.9998311641973615 140.9156165013845
0.9999641968036569 0.004270658431098088 0.00730524372774392 -0.8050141597612646 -0.0043858223278096225 0.9998652082166317 0.01582181916300437 -1.7713000375717918 -0.007236690054552934 -0.01585329250219957 0.9998481401863727 142.23580992851163
0.9999716065945677 0.004137815989502844 0.00629797443311526 -0.8009829785217866 -0.004234909395319034 0.9998711765790393 0.015482111935991834 -1.7730169886271878 -0.006233101490682037 -0.01550834400096752 0.9998603100996521 143.5892777136627
0.9999829119994771 0.001763426192416549 0.0055736917699385395 -0.7927861589897264 -0.0018380640870165142 0.9999083327896833 0.013414452503978165 -1.7869622548558437 -0.005549525906507508 -0.013424468341905546 0.999894487639221 144.93847581933832
0.9999899283105081 -0.0010612717085515515 0.004360847008361858 -0.8073819129985276 0.0010072279414824383 0.9999229005014462 0.012376531759892064 -1.808436782757642 -0.0043736460117816175 -0.012372014979827326 0.9999138985259794 146.24419507478225
0.9999398130203389 -0.010465860562404134 0.003291825269011354 -0.7999961523610335 0.010413746870415016 0.9998261165289675 0.015469019563150303 -1.8048557476645888 -0.003453149755398462 -0.015433808587866324 0.9998749288344285 147.61945010656407
0.9998431649247455 -0.01762800700527034 0.001702625386018721 -0.7900204910388888 0.017596473543648183 0.999700020487973 0.01703623018880216 -1.813544420373704 -0.0020024295725861643 -0.01700359842781771 0.9998534232183861 148.94686671583966
0.9998093057987821 -0.019509659346669046 0.0008516094532430008 -0.7626102138400519 0.019495747749357743 0.999710822838194 0.014077872971273863 -1.8298934569042649 -0.0011260177755642847 -0.014058585900700412 0.9999005391790693 150.24680857752995
0.9998262820215279 -0.01861895213641663 0.000860470476300724 -0.7841775510368516 0.01860822907939435 0.9997648745523952 0.01113235870303476 -1.8452785324297132 -0.0010675410914813598 -0.011114413184395084 0.9999376631460398 151.64605009306482
0.9998780928585637 -0.01548784473976041 0.0019814386703722346 -0.7933449438831301 0.015469874306582363 0.9998417437635619 0.008784668725256671 -1.8522149977336324 -0.0021171808513414207 -0.008752945363171671 0.9999594509241418 152.95446648950218
0.9998735539328852 -0.01564891386942809 0.0028262437233556583 -0.7972575938870146 0.015622878580850307 0.9998373530003309 0.009010726825905703 -1.8667513164538192 -0.002966792373597515 -0.008965433554724865 0.9999554085773731 154.3291988951211
0.9998076346725173 -0.01935506477419117 0.0031741344282888375 -0.8016204971341966 0.019315907614338462 0.9997421891547121 0.0119352807197557 -1.8641733647662735 -0.003404324510076464 -0.0118716737146088 0.9999237340607166 155.6521837660475
0.9996149353874076 -0.027527620831300417 0.003494430112110233 -0.8013178889365213 0.02747275565317501 0.9995117609400713 0.014882454023653102 -1.8639087971515638 -0.0039024028619352967 -0.014780721959739363 0.9998831439282156 156.99370496855857
0.9995580866698367 -0.029515450000553493 0.0035312292661817193 -0.7849180405967455 0.02945517470091152 0.9994372070139357 0.016051851024370893 -1.8784987197739014 -0.00400301984453578 -0.015940744810845103 0.9998649251220301 158.34718086751633
0.9995230231519302 -0.03070039465171949 0.0033484250795877976 -0.7797136662913413 0.030641213931177566 0.999394454704544 0.01648756861457634 -1.9000596126768725 -0.003852572629768471 -0.016377104913048248 0.9998584640445622 159.67518818277253
0.9995461029225273 -0.02979294431281597 0.004468623689854229 -0.785336578784302 0.029714124298338702 0.999417670656601 0.016774695179035026 -1.8916203627577055 -0.004965789442362236 -0.01663430025518904 0.9998493091422734 161.04033190122112
0.9995976076030831 -0.027808874631164125 0.005593689927886624 -0.7832478892575805 0.027713497671017794 0.999480357658289 0.016461369928394053 -1.8851501422356378 -0.006048555878173 -0.016299725580576577 0.9998488555371234 162.37963691192988
0.9996661164329538 -0.024960694689298717 0.006679774187702363 -0.7964654550853879 0.024859113355244905 0.9995801960558433 0.014881402149915946 -1.8907642693554823 -0.007048420709609716 -0.014710380495673426 0.9998669533846306 163.7322352259489
0.9996944885448572 -0.02361378413893945 0.007301971011864836 -0.7960323293675364 0.023507625177958187 0.9996214100215136 0.01429783820065401 -1.8855623518314804 -0.007636833255899315 -0.014121818303751726 0.9998711182069997 165.07985047361737
0.999714384643311 -0.022642024501135963 0.007647736537273849 -0.7997177121312319 0.022520480730704354 0.9996243232055022 0.015621792260942962 -1.8920481972141672 -0.007998573125001482 -0.015445100014441377 0.9998487244144764 166.4203791778359
0.9997429896682781 -0.021443865267752465 0.0073563077229618365 -0.7919346347009104 0.021327048528494513 0.999650728736814 0.01560697041056351 -1.8899140414691236 -0.007688412782432996 -0.015446071207898536 0.9998511425171984 167.75467994440496
0.9998055970463294 -0.018431429574622883 0.00700360858706723 -0.7917003446946257 0.018336384432446506 0.999742059134074 0.01340120111354828 -1.9105280994059712 -0.007248805965227246 -0.013270175262551961 0.9998856720940794 169.1469449090219
0.9998630359367904 -0.015244919578348812 0.006442189878597434 -0.7991413317756283 0.015175152308996449 0.9998271315691482 0.010743449974780672 -1.9162524053795948 -0.006604859806633557 -0.010644217488361477 0.9999215351506966 170.55690568208198
0.9999341349893235 -0.009706162270704088 0.006125039839457101 -0.8012347827833328 0.009649709736874157 0.9999113014783628 0.009179992669144136 -1.9236703868309948 -0.006213599572990763 -0.009120283339523118 0.9999391039501763 171.91588293834488
0.9999580896859762 -0.0063766096239768165 0.006569454729010937 -0.8072606231109034 0.0063091147738235445 0.9999276240901619 0.010244102749067648 -1.936711206653584 -0.006634302454874679 -0.010202226162418957 0.9999259475626928 173.25885157205272
0.9999724238920678 -0.0015251774661566384 0.00726810141076719 -0.8187263899961996 0.001432597827833098 0.9999179943806022 0.012726042992852262 -1.9664947076610055 -0.007286915465035284 -0.012715280035337766 0.9998926054905659 174.62861758038346
0.9999725212918842 8.168623683261697e-05 0.0074128263896958615 -0.8199532751223417 -0.00019328519613976726 0.9998866426872293 0.01505537811896943 -1.9698108717990213 -0.007410756888549735 -0.01505639749701721 0.9998591828734513 176.05203480735855
0.999975632677329 -0.0027631865910530424 0.006410839397936956 -0.8172088474135505 0.0026575339008246372 0.9998614744903676 0.01643074350641897 -1.969595636680475 -0.006455353075373865 -0.016413306426287723 0.9998444537976003 177.4526931562549
0.9999760957430679 -0.00472829484996176 0.0050449164597753254 -0.8173931368323668 0.004645569787673307 0.9998565923546529 0.016285373585437805 -1.9708541544488813 -0.005121195447567032 -0.01626154809691786 0.9998546571438911 178.85059140897025
0.999967024839196 -0.007589295642821795 0.0028899547113489356 -0.8176461477149237 0.007551933428402078 0.9998904891131102 0.012727060512138422 -1.9733831130696542 -0.002986227896287665 -0.012704816331848473 0.9999148314161272 180.18887766055684
0.9999885870243393 -0.0046340019779721395 0.0011626928013632341 -0.826205433097549 0.004623740689496506 0.999951651971636 0.008678406103484054 -1.9952805129689266 -0.0012028524328092708 -0.008672931233445539 0.9999616659706323 181.60391020812585
0.9999995002320776 -0.0008036235619138382 0.0005947494537492672 -0.8542995778030131 0.0007988376299762068 0.999967648185513 0.008004026310673481 -2.004559883879969 -0.0006011624809191861 -0.008003547358916218 0.9999677903986662 182.99890161543706
0.999997426502715 0.002243560777009066 0.00033677814001761906 -0.8757949294320087 -0.002246556254452913 0.9999553934853094 0.009174095360783528 -2.0064606054522987 -0.0003161804964383636 -0.009174828524603771 0.9999578603890545 184.32472019796884
0.9999861392692438 0.005209842069966811 0.0007607929259902423 -0.8736447855959761 -0.005218665885344472 0.9999132102874295 0.012097000649172933 -2.0212021353634912 -0.0006977034836010015 -0.012100803541916717 0.9999265391852385 185.7743533786325
0.9999756278876001 0.0068648185764841885 0.0012719608074789627 -0.8887072718855875 -0.006882770426792129 0.9998683828772295 0.014691643938046648 -2.0390850498505038 -0.0011709380129531599 -0.014700040779915659 0.9998912629430153 187.1401363114116
0.9999880617703465 0.004679511374061276 0.0014065855950528856 -0.8952055394117016 -0.004700400919347278 0.9998729083175263 0.015233957010182089 -2.033098704869756 -0.0013351194554463185 -0.015240386962808002 0.9998829671846468 188.59161350469964
0.9999901176055173 0.004259782057634525 0.0012723764488500036 -0.8953625755236563 -0.004279679902226237 0.9998617464571227 0.016067741360685894 -2.0451549810248246 -0.0012037555509716179 -0.016073028255919112 0.9998700959328511 190.01187379413597
0.9999985335120207 0.0009694288585412126 0.0014118009244693571 -0.9015966865316746 -0.000992906832387879 0.999859632366218 0.016725121655612872 -2.0492021707607777 -0.0013953890422028063 -0.016726499244486458 0.9998591286367339 191.3563276782118
0.9999985133729467 -0.00021406754703018685 0.0017109733194427168 -0.9103080161991217 0.0001850860297167873 0.9998568146126791 0.016920874904252408 -2.055999012467783 -0.0017143506744540073 -0.01692053340390155 0.9998553678190647 192.82036084110376
0.9999926510581242 -0.0032514930354619453 0.002031164728455494 -0.9053698643641497 0.0032150011237695487 0.999837851833767 0.017718176970474384 -2.053204790845465 -0.0020884460698167052 -0.01771151690863571 0.9998409576365107 194.18664262954712
0.9999633071060822 -0.008240949823556044 0.002339059555782769 -0.9092531274652453 0.008194218916296429 0.9997795661050206 0.0193306481136321 -2.0514963120924476 -0.0024978470438731123 -0.01931077242242119 0.9998104094452996 195.63402676293606
0.9999266834848588 -0.011809372052338315 0.0026770133319117344 -0.905099018909793 0.01175330803588332 0.9997294611818061 0.02007147664939684 -2.060489718454365 -0.002913320860480775 -0.020038541699913346 0.9997949636874991 197.04494657902507
0.9999465322179696 -0.009936718057853386 0.002862578027453499 -0.9109919370763905 0.009888223043020325 0.9998152242838431 0.016484547861941996 -2.065263083272262 -0.003025851638680256 -0.016455360973978463 0.9998600228635488 198.45992276535307
0.9999887125587795 -0.003646307486715742 0.0030461788688142047 -0.9273993560244372 0.0036111294523332345 0.9999276383763938 0.011475092416731541 -2.0746756441327814 -0.0030878004091718534 -0.011463962966716227 0.9999295190371619 199.90199603645868
0.9999682229026255 0.006644506070988447 0.004404964865274846 -0.9348648967893889 -0.006690899818465327 0.999921408105492 0.010602333798843157 -2.073202361485033 -0.004334171757546745 -0.010631470277170285 0.9999340912247476 201.34768085646027
0.9999023837802369 0.012704621286441137 0.0058151082079322125 -0.9583982147086583 -0.012786306512189762 0.9998169608933313 0.01423218539106223 -2.070759779580137 -0.005633229755540427 -0.014305150141969728 0.9998818077162063 202.78077037895446
0.9998744295893266 0.014336883321621093 0.006751207289324296 -0.9550014231325908 -0.014445988330169347 0.9997611615800033 0.016399184324728363 -2.073333382769768 -0.006514482187512302 -0.01649465326491825 0.9998427316015889 204.20649588288973
0.9998808741667591 0.014056384618344856 0.00637616637301872 -0.9579588592304267 -0.014163113891764771 0.9997549299782211 0.017014294484388282 -2.083227809989653 -0.006135444804073335 -0.017102574355774322 0.999834915508132 205.687223730189
0.9999345317854891 0.01028135956951837 0.005022526287317622 -0.9495783563804296 -0.010367122283846114 0.9997955763208872 0.01735881217166138 -2.0872611364665294 -0.004843027770261554 -0.017409745212489624 0.9998367095963262 207.1069461890468
0.9999579384197912 0.008343137639040866 0.0038096498646277305 -0.9462571175340455 -0.008406828235840953 0.9998198080445262 0.0170198910352465 -2.0895654627610956 -0.0036669643995249548 -0.017051202563263375 0.9998478933651324 208.54754070358658
0.9999545704199336 0.00889625339079498 0.0034225365640921665 -0.9552061676516843 -0.008952034904488905 0.9998214113507904 0.016643511871172873 -2.0942509772717623 -0.0032738607027715453 -0.01667339476297689 0.9998556294519289 210.03937544473104
0.9999470507091845 0.009771019664209327 0.00322845701460137 -0.963728767389773 -0.009823279438250546 0.9998141465369276 0.016588417044333625 -2.0970683161035018 -0.0030657714918371705 -0.01661925306737225 0.9998571905409035 211.50060185167416
0.9999333329511622 0.011114557747524826 0.003129894107499196 -0.9688186260733523 -0.011166802171739066 0.9997896953103598 0.017200805163610063 -2.0903097322590725 -0.002938056768880336 -0.017234609690819136 0.9998471563471885 212.94542704682482
0.9999391582339799 0.01069330020402345 0.0027079770636140683 -0.9831038440570019 -0.01073864309288524 0.9997922773088489 0.01732292684612801 -2.104066287425873 -0.0025221754979739795 -0.01735095323597471 0.9998462797137581 214.38541455107148
0.9999329823172755 0.011304869306453318 0.0024961531715548685 -0.9846604966060051 -0.011345247958988725 0.9997944625337422 0.016802322883759165 -2.1114189555648197 -0.00230569223629076 -0.016829516646176358 0.9998557151696835 215.85583769979408
0.9999404440586025 0.010706683224861378 0.0021154782468780346 -0.9928522495057892 -0.010739979938033892 0.999807658093316 0.016410352404679304 -2.110549118090662 -0.0019393710582586282 -0.016432095595117047 0.9998631031691735 217.32522233295353
0.9999439302177581 0.01047744708783563 0.001536066785913154 -0.9920689387604272 -0.01050135299116981 0.9998090142155237 0.016482011258513903 -2.118783995702973 -0.0013630841206690191 -0.01649721822733856 0.9998629825121368 218.79194252410116
0.9999194678983787 0.01261942190520023 0.0013445741518051835 -1.0025049412994371 -0.012639515917486799 0.999789483072174 0.01616267919996739 -2.127451857970965 -0.0011403275123371159 -0.01617837267944607 0.9998684713082454 220.27335811092127
0.9999443285196497 0.010480456888502708 0.0012246886822181227 -1.0124981832473798 -0.010498856597305165 0.9998147584726069 0.016131421734339683 -2.1219078182922395 -0.00105539722579857 -0.016143381830411207 0.9998691301193074 221.76920819616393
0.9999186313242884 0.012728368493346787 0.0008481368307855569 -1.0200602898757745 -0.01274034251012764 0.9997901017204303 0.01604481842436082 -2.1344765091520608 -0.0006437344892433825 -0.01605431875810434 0.9998709138990902 223.24466358133435
