1.0 -3.469446951953614e-18 0.0 -1.5585406229479126e-19 0.0 0.9999999999999999 -3.5744790374131474e-19 0.0 2.168404344971009e-19 -2.405573570202213e-19 1.0 0.0
0.999999950641001 -0.00022009926373835545 -0.00022421935053570778 -0.00982606399560576 0.0002202246707586706 0.9999998193038445 0.0005593683362326412 -0.020663966093660058 0.00022409621286909823 -0.0005594176982951851 0.9999998184165613 1.312931604441125
0.9999996292169157 -0.0008469418708891806 -0.00015574527194776454 -0.02446789646889805 0.0008471141155796738 0.9999990264144483 0.0011088581179818007 -0.04082123514390598 0.00015480599598923384 -0.0011089896621896012 0.9999993730885267 2.614383881026394
0.9999985607336948 -0.0014564312886664772 -0.0008702524211867356 -0.02109212385637311 0.001457360302133847 0.9999983680207666 0.0010677332787355773 -0.07321179037625193 0.0008686959951782456 -0.0010690000339759892 0.9999990513034289 3.9407970242144312
0.9999974331520829 -0.0022565837064504705 -0.00020377008707958273 -0.03371858643721764 0.0022568006022574295 0.9999968811802628 0.0010698024502173397 -0.08766892088889075 0.00020135537082014224 -0.0010702595921831582 0.9999994070002739 5.252330042048023
0.9999966045197248 -0.002532654374868267 -0.0006136884984386669 -0.03706554151329804 0.0025335782544582113 0.9999956517712417 0.0015091109592921435 -0.10772988399579739 0.0006098638264478724 -0.0015106606913023 0.9999986729849218 6.579175326794862
0.9999938735494237 -0.0034747962754012682 -0.00042268034488938955 -0.043034923106721315 0.0034758975561551223 0.9999904934576467 0.002632703013762075 -0.141999110452996 0.000413528257361073 -0.0026341561278097904 0.9999964451021897 7.9139114781914195
0.9999935282793968 -0.0035938690620331646 -0.00016585910807881497 -0.0639511188740318 0.00359439247051979 0.9999881940240357 0.003269885268338348 -0.1621302072940301 0.00015410562637602015 -0.003270460331117584 0.9999946401564209 9.233292489868688
0.9999947485586321 -0.003149608814314378 -0.0007634282805790997 -0.0663678607294813 0.0031515798634884074 0.9999916686370557 0.0025942621079229605 -0.1836382091653507 0.0007552510755311484 -0.0025966545388864926 0.99999634348467 10.566545897284655
0.9999995946027719 -0.0006301382546771653 -0.0006432107365094847 -0.0847999696321062 0.0006301869636800243 0.9999997985842324 7.546439457216497e-05 -0.20446206883298806 0.0006431631084117104 -7.586970853645308e-05 0.9999997902929947 11.885805615522672
0.9999976424505301 0.0020163858508271534 -0.0008057770465126569 -0.08477356850373508 -0.0020170239423699787 0.9999976524068971 -0.0007917062293430287 -0.23152517341784087 0.0008041788368162337 0.0007933296478893945 0.9999993619626256 13.228531854915982
0.9999863044880456 0.0051900573298958004 -0.0006738916766385842 -0.10697383062756267 -0.005190381483645109 0.9999864148452628 -0.00047966157739576243 -0.2552095548014003 0.0006713931066348394 0.00048315276806724976 0.9999996578977934 14.570492998262988
0.999983900770579 0.0056739698549736 -6.522515606952528e-05 -0.12407446863340779 -0.0056739487749871385 0.999983850399489 0.00032443301688629586 -0.279358978371026 6.706493142736203e-05 -0.0003240577203571192 0.9999999452445175 15.913599379976606
0.9999917344448913 0.0040658181837022085 1.2519021331806228e-05 -0.12009506539854656 -0.004065837583673779 0.9999877540605155 0.0028214714036001935 -0.3082529292616722 -1.0472763509153556e-06 -0.0028214990416034736 0.9999960195633771 17.26301207886702
0.9999997580916329 -0.0006139878764090476 0.00032685934229979407 -0.1299071106876296 0.000612286062677667 0.9999863880725814 0.005181580177238152 -0.33161238929920256 -0.0003300363441667601 -0.005181378893735163 0.9999865221039238 18.616318239530656
0.9999969622654147 -0.002463181725018502 -9.054948111258975e-05 -0.1309972892007269 0.0024634913595716693 0.9999905099324253 0.003593222935845085 -0.35992123402799503 8.169787071446205e-05 -0.0035934351574579138 0.9999935402541824 19.962791737955875
0.9999945392301285 -0.0033047073281459935 2.0593695696430542e-05 -0.13640754533607607 0.003304682407199817 0.9999939123569486 0.0011199635662316766 -0.37367030188518235 -2.4294723048825682e-05 -0.0011198894142675788 0.9999993726286057 21.316353560501547
0.9999994991401511 -0.0009721490230702005 0.00023800757236166017 -0.14284930437070115 0.0009720697314969211 0.9999994719942232 0.0003333018809883796 -0.4212016850589063 -0.0002383314855941884 -0.00033307035972038047 0.9999999161309592 22.674638358066158
0.9999988149169546 0.0012251770783502595 0.0009322580521658804 -0.1540341338693953 -0.001226538877860445 0.9999981798055232 0.0014615026078467414 -0.4159981817102201 -0.0009304658333045247 -0.0014626443555989842 0.9999984974507251 24.038444523158855
0.9999966691786266 0.0015306562489142677 0.002078153813833081 -0.17390000412774254 -0.0015432283819602514 0.9999804378181878 0.006061553284020404 -0.4368760001648525 -0.00206883517621341 -0.006064740279038769 0.9999794692117829 25.420225223662683
0.9999977797432827 -0.00011431249262392612 0.0021041492798956176 -0.1575328877559686 9.948430672761417e-05 0.9999751725404558 0.00704587847383 -0.45856059936988935 -0.002104902643305595 -0.007045653637405228 0.9999729637088902 26.788946630015676
0.9999879144970298 -0.004384451160047946 0.00222428792762675 -0.17987785570243342 0.004370549962952405 0.9999711251199046 0.006216688187273031 -0.49182780021353767 -0.0022514806522434387 -0.006206891811096804 0.9999782024261699 28.15862540658467
0.9999881496834143 -0.004483260367579374 0.0018975979063603967 -0.1803947566765456 0.004476056523012443 0.9999828236512194 0.003783822641604855 -0.4963509250310002 -0.0019145293330603776 -0.0037752841160414025 0.9999910408625837 29.532405760646583
0.9999866420861143 -0.004474305747974562 0.0025877107244563036 -0.18395819836180718 0.0044692966964879725 0.9999881339735307 0.0019383737699901476 -0.538417069378133 -0.0025963531130497965 -0.001926782662806205 0.9999947732143414 30.92093570248395
0.9999931273537096 -0.0020661549506000697 0.003078352817217762 -0.1954650831208073 0.002062814885112332 0.9999972806930998 0.0010878409382064332 -0.5389780408858577 -0.0030805923534858474 -0.0010814834070742014 0.9999946701561164 32.290338060158696
0.9999939572810662 -0.0001764273891031766 0.003471927319537503 -0.20100103012914422 0.00018002373169479294 0.9999994476174163 -0.0010355463028885563 -0.5807548391826376 -0.0034717429971963614 0.0010361650980685734 0.9999934366574815 33.677325709813275
0.9999935113366633 0.0004237517745545377 0.0035773904873393375 -0.2126870120613609 -0.0004213993477237797 0.9999996945204987 -0.0006583177628003685 -0.5962363594197541 -0.0035776686607448226 0.0006568059967128431 0.9999933844222988 35.074320137170105
0.9999946115093463 0.0002446756995192721 0.0032736966533125664 -0.21066874510272032 -0.00024793493843534506 0.9999994740425341 0.0009952101157030822 -0.6338973111186387 -0.0032734517035956654 -0.0009960164339551658 0.9999941462134914 36.460225314104896
0.9999945795574988 0.0012734024394916868 0.0030363306045304702 -0.22063513491335557 -0.0012808918330314174 0.9999961393219816 0.0024658992227269273 -0.6460056232520692 -0.003033179054556291 -0.0024697751147204484 0.9999923499868788 37.86300647890533
0.9999889575297735 0.003755452299869141 0.0028251359550607183 -0.22146920434932305 -0.0037640884263736695 0.9999882409212522 0.0030577220224840356 -0.6717334027062883 -0.0028136198403918644 -0.003068322380292319 0.9999913344315093 39.25194407987524
0.9999751543021322 0.006259905388370056 0.0032410421627281317 -0.23364758948054545 -0.006269835253925176 0.9999756544691731 0.0030626209299358213 -0.6968709251275664 -0.0032217918107450443 -0.0030828657003268375 0.9999900579471446 40.64681530559962
0.9999587337476349 0.008501921885742584 0.0032012671845856656 -0.24439843814221024 -0.008513320011673188 0.9999574108166185 0.0035636993526816396 -0.7202232522758103 -0.003170832817300705 -0.003590805778854454 0.9999885258990817 42.07814461117098
0.9999479193648143 0.00980996298719861 0.002814811823981669 -0.2456449236199543 -0.009820722124858136 0.9999444250782129 0.0038340831127031028 -0.7416332960846985 -0.002777043409781469 -0.0038615269973393362 0.9999886882541956 43.46381114703639
0.9999610298582158 0.008476893677683764 0.0024659730900991046 -0.25692318423787197 -0.008485836362055299 0.9999573745614001 0.0036386342471454924 -0.7599719562773347 -0.0024350238646214414 -0.003659418369805259 0.9999903396100833 44.89877614904577
0.9999647803428517 0.00822252441638429 0.0016817106367597368 -0.25497885807480997 -0.008228162199750888 0.9999604589814064 0.003373105033179083 -0.7931882931559334 -0.0016539088392605917 -0.0033868236931731744 0.9999928969793714 46.290947752917596
0.9999706258903666 0.0076162368666033925 0.0008603938171824743 -0.2679506372950582 -0.00761971050388824 0.999962530509483 0.004108236134333808 -0.8111195920831753 -0.0008290723463753274 -0.0041146714966184186 0.9999911910197968 47.72367944968113
0.9999667977686068 0.00814853569440526 -6.862044878347667e-05 -0.2783846373141815 -0.008148099238336311 0.9999546649701125 0.004927118799947828 -0.8352892055465857 0.00010876615395158796 -0.0049263961858096094 0.9999878593222302 49.12184632002786
0.999961848051009 0.008678570366561883 -0.0009923901436196788 -0.2912023488009024 -0.008673506451931913 0.9999498911515113 0.004998548755868078 -0.8573920849489995 0.001035720764221391 -0.004989750655013211 0.9999870147525661 50.54046485758093
0.9999535792373229 0.009347527161596534 -0.0023373235801383814 -0.29480249478498843 -0.009335012760952357 0.9999423333575389 0.0053091916261206 -0.8815153954176392 0.002386816812866179 -0.005287126337257895 0.9999831745614611 51.99673709631927
0.9999489541371988 0.009514428853315555 -0.0034006963974933355 -0.3091554258589702 -0.009492002541857798 0.9999334896354831 0.006551199326065583 -0.9022084100666724 0.0034628014331441886 -0.006518585634178204 0.9999727581567586 53.398362883758374
0.9999615902397875 0.007826176939624965 -0.003945754118836317 -0.3330404317586916 -0.0077958244698666645 0.9999403484886022 0.007650137232384242 -0.9212496320030275 0.004005390420394736 -0.007619083145357794 0.9999629525284004 54.84913188438691
0.999970479285503 0.006184462162307659 -0.004559930263226806 -0.33678833694565996 -0.00614732194664368 0.9999481812265616 0.008114511972897817 -0.936346530396881 0.004609878261221697 -0.00808624123518777 0.9999566799298854 56.25448532638749
0.9999799862065382 0.003649144381237729 -0.0051682603152731505 -0.3481712680523613 -0.0036096771627517473 0.9999644114629576 0.00762535525876092 -0.9534623072610005 0.0051959028517712695 -0.00760654705218817 0.9999575706238578 57.6790148037903
0.9999809791420768 0.0032110153486691485 -0.005265996409535154 -0.36285071170084454 -0.0031689388367892486 0.9999631441128219 0.007979238440146388 -0.9797336707722469 0.005291424237080353 -0.00796239921134865 0.9999542994763332 59.141117347179566
0.9999858298929921 0.0023135465036227673 -0.004794528381869375 -0.3737348590026228 -0.00227107996238778 0.9999583127855592 0.00884391814330218 -1.0003567204166226 0.0048147897411302 -0.00883290424648043 0.9999493975269211 60.53195018214074
0.9999913815802164 0.00034613628225549885 -0.004137263178929731 -0.39726688992753156 -0.000306345800903861 0.9999537340895447 0.009614355412904325 -1.0152501334813833 0.00414039999958445 -0.009613005312253668 0.999945222113533 61.98742137332416
0.999990947938086 -0.0014564803855403163 -0.0039978371070844175 -0.3955320527839066 0.0014941839365113022 0.999954285898309 0.009444232243418008 -1.0360875035956156 0.003983899354962426 -0.0094501204460138 0.9999474105071848 63.389691910340204
0.9999915619676689 -0.002239230946643635 -0.003444101518762146 -0.414386261007068 0.002268681377315262 0.99996069536597 0.008570927725710588 -1.0551904776586716 0.003424774159536355 -0.008578669143077117 0.9999573377732581 64.80167458531473
0.9999932504291869 -0.002304629413440406 -0.00286142930517843 -0.4258760277086401 0.0023287820404201184 0.9999614488849876 0.00846625726514087 -1.07680695121774 0.002841807655555424 -0.008472863934258654 0.9999600665594766 66.26520283383373
0.9999973028409823 -0.0008750165903020253 -0.0021514307835086293 -0.4429190052405997 0.0008931984557822657 0.9999637753688164 0.008464640731628975 -1.0943981748503973 0.002143946335754374 -0.008466539723747288 0.9999618598754019 67.62517920087447
0.9999970584664541 0.0019404360412588533 -0.001455252761480662 -0.4574312293677032 -0.0019262025082577424 0.9999509111111299 0.009719316441496581 -1.1125539558235409 0.0014740411689693408 -0.009716484934475283 0.9999517073983061 69.08499569048702
0.9999834346866592 0.0057235366079280425 -0.0006094822128596784 -0.4759830018576112 -0.005716333861406483 0.9999206208457345 0.011228336563595528 -1.1326180470832061 0.0006736996936902559 -0.011224666785035966 0.9999367744959525 70.45967621843302
0.9999575508327223 0.00921055897235259 0.0002492306756525836 -0.49116228926631533 -0.009212888840023331 0.9998854217103263 0.012011084307473946 -1.1484316276463986 -0.00013857332147222548 -0.0120128708251682 0.9999278332640942 71.90645586074639
0.999910798266801 0.013332405969142338 0.0008015163626844154 -0.504753307779344 -0.013340844547196942 0.9998431123898971 0.011652145811167466 -1.1572983179124414 -0.0006460395223224075 -0.011661799564299552 0.9999317902072857 73.26824043505546
0.9998635445815593 0.01643618563387706 0.0016564952935980044 -0.5258461087306958 -0.016453687069107083 0.9998022140211567 0.011171797540695087 -1.1704811969246929 -0.0014725460401975822 -0.011197528775672752 0.9999362214458294 74.66807958266328
0.9998262258731213 0.01849411233878976 0.0023421818821799897 -0.5354023519682926 -0.01851922881764175 0.9997657898671942 0.01119837592151768 -1.1867588959786755 -0.002134529469552116 -0.01123980556969408 0.9999345531362466 76.11012218824186
0.9998152637062513 0.01903044918319297 0.002698224038135389 -0.5443061781003382 -0.019061251447331617 0.9997476125215332 0.011890332231441456 -1.2066419504504151 -0.0024712648772011216 -0.011939567430280972 0.9999256670276001 77.48071106947374
0.9998338095437915 0.01801900544714017 0.002769239799956427 -0.5490721284796133 -0.018050618276906488 0.9997668608569703 0.011849015056493392 -1.2269308967412054 -0.002555086922309165 -0.011897032600034819 0.999925963332846 78.90042297701815
0.9998525454719646 0.016992445584983293 0.002478722086703986 -0.5561960283910854 -0.017018677392535583 0.9997949273909148 0.010975783594873023 -1.2362369139986231 -0.0022917085489982804 -0.011016349965704936 0.9999366920491183 80.27125972035962
0.9998518670114199 0.01707186047104104 0.0021898790175994623 -0.5604128039712832 -0.01709529186323062 0.9997914862349812 0.011168486497861504 -1.2608059738330746 -0.001998755715400603 -0.011204268929815171 0.9999352325698735 81.65898744124706
0.9998679830152264 0.016147752158026007 0.0018073739567802843 -0.5672584363247661 -0.016167469318473245 0.9998033362615808 0.011484849796927732 -1.269430654904464 -0.0016215641324777593 -0.011512554502640333 0.9999324135262664 83.07410783462873
0.9998680446044322 0.016182915001659106 0.0014165449692917147 -0.578850897788134 -0.016197574630806958 0.9998079317546581 0.011033504236900755 -1.285094655905373 -0.0012377187313903192 -0.011054993128623788 0.9999381256764751 84.43642599573647
0.9998614287582512 0.01663247801063368 0.0006956383866415939 -0.5891467693413324 -0.016639322614498457 0.9997967652350518 0.011382495732110086 -1.2958945085991322 -0.0005061779333401333 -0.011392493633953785 0.9999349753239128 85.8176031940355
0.9998738648537817 0.015877450375593974 -0.0004011348058077346 -0.5975985798627175 -0.015871203717107735 0.9997960124080515 0.012491537239698121 -1.3180559059999732 0.0005993868016991731 -0.012483595384300007 0.9999218972437104 87.18504425502827
0.9998951405194153 0.014396869099784517 -0.0015614372639886503 -0.6013594997216983 -0.014374291205544062 0.9998039466850147 0.013617928491164675 -1.3309756084418398 0.0017571868315304747 -0.013594056248717555 0.999906052555746 88.55253373814493
0.9999174208916555 0.012583417398289276 -0.002609400056682667 -0.6107251273285423 -0.01254473864749622 0.9998184159636191 0.01434449917588813 -1.348259716551389 0.0027894292982964105 -0.014310580672163753 0.9998937075389452 89.94529121576302
0.9999353711624018 0.010801429209162392 -0.0035471951907800766 -0.6193600444162997 -0.0107485004254328 0.9998354056620904 0.014616132924911375 -1.3610855844342729 0.003704486791794208 -0.01457706157080907 0.9998868866360069 91.30047644637588
0.9999403370332269 0.010141475823034688 -0.004058671117216386 -0.6341063855788778 -0.010082892253471417 0.9998482869395965 0.014203464529484707 -1.3744530766842673 0.004202099821845483 -0.0141616942553936 0.99989088844073 92.66701328899543
0.9999496878615124 0.00900949331015966 -0.00441030017625931 -0.6502794894470462 -0.008946183067252611 0.9998595728793626 0.014170403794668171 -1.3905380343014535 0.004537349402985614 -0.014130235787685309 0.9998898683913217 94.01578704090151
0.9999547647412769 0.008431955696582217 -0.004401200705306902 -0.6694390392255174 -0.008370956372076167 0.9998711245785099 0.013698953827222901 -1.3923387338127298 0.004516142862628955 -0.013661492171808523 0.9998964786914425 95.37692049193942
0.9999579651001107 0.008044757356173339 -0.0043988505628601935 -0.67759510984271 -0.007985731228541125 0.9998799876978576 0.013275477760739588 -1.4043392816569253 0.004505121034960489 -0.013239791959829349 0.9999022011213266 96.74102809229798
0.9999489914647843 0.009194777717197039 -0.004179773077453503 -0.697663949777708 -0.009140901925561665 0.999877173464505 0.012731139454751213 -1.4192171722590812 0.004296320060535113 -0.012692283422901941 0.9999102197640376 98.08923599127544
0.9999386098862451 0.010355307677970663 -0.003942591852187904 -0.7149246109010943 -0.010303510994842833 0.9998632003766152 0.012939018981585948 -1.4271819632085208 0.00407604038394738 -0.012897602380696488 0.9999085146954042 99.43841889267694
0.9999292109842348 0.011291616709598606 -0.003751316963973001 -0.7298995284280043 -0.011236902931707324 0.9998346126040718 0.014299631870379154 -1.443972269177285 0.003912162847019639 -0.01425646672174482 0.9998907181046215 100.78684360242342
0.9999212458771386 0.011962895818283557 -0.0037935644704978465 -0.7486222331782122 -0.01190155038964585 0.9998043196709678 0.0158011229600066 -1.4503381256310843 0.00398184968081052 -0.015754729580648812 0.9998679579742109 102.11635682050003
0.9999307243798794 0.011230267370118072 -0.003525266377812568 -0.7614950116820142 -0.011175673535602016 0.9998228954097926 0.015142065739499852 -1.4663598523877608 0.0036946918074715765 -0.015101619846596902 0.9998791378681188 103.46902266585708
0.9999301750072923 0.01130862574266731 -0.0034292945001336635 -0.7728936923893436 -0.011263994177489772 0.9998550603209475 0.012766393662971212 -1.4778601577249388 0.0035731681388511917 -0.012726874958755791 0.9999126257502557 104.81231113275068
0.9999356115360172 0.010753454694187745 -0.003624356851096508 -0.7921709760403844 -0.010710821268230314 0.9998755344031375 0.011584214702086983 -1.4856724034561475 0.0037484763967646933 -0.011544649212678827 0.9999263322917555 106.14545645680862
0.9999522769377909 0.009152926234700097 -0.003415810552935307 -0.8058573460530167 -0.009108312774660576 0.9998758771403492 0.012855697812276927 -1.5010568198317626 0.0035330541348933655 -0.012823972290755974 0.9999115277236668 107.47653636850097
0.9999801927815832 0.005632593020842425 -0.0028085448512885965 -0.812445496569139 -0.005590493581696001 0.9998751567915974 0.014778945063372143 -1.5051443145293228 0.0028914382622718168 -0.01476295147925247 0.9998868410274683 108.80914872774082
0.9999889781469979 0.004263808461677241 -0.001965581459140501 -0.824319024885806 -0.00423203773078875 0.999864726915552 0.0158939525465544 -1.52438205183089 0.0020330845225944574 -0.01588545926886343 0.9998717511570048 110.14794457398858
0.9999924375544531 0.0036660308590237495 -0.001298091936991606 -0.8346096708766791 -0.003646366241710032 0.9998832251568325 0.014840487309021311 -1.533767291440218 0.001352346162978239 -0.014835642056338917 0.9998890312895884 111.48061016513886
0.9999857462290055 0.005290619426636433 -0.0007187999261028697 -0.8514014495114657 -0.005281282553991516 0.9999088721593051 0.012423986367978016 -1.540566384619321 0.0007844650830477133 -0.012420013343295499 0.9999225609461329 112.79666607255943
0.999966575068118 0.008163445587200929 0.00045484696020435793 -0.8526652577284701 -0.008167878739556962 0.99990844500002 0.010788298673416132 -1.5591570314145369 -0.00036673565027312547 -0.01079165342873706 0.9999417011628395 114.13618171057112
0.9999442062940219 0.01038844667178318 0.001914276230097723 -0.8663078330465769 -0.010407943979942567 0.999890988522714 0.010473098557406281 -1.562358782720136 -0.001805268470891088 -0.010492438117479633 0.9999433232684573 115.45512535751394
0.9999264109962739 0.01167254159555959 0.0033051991042509212 -0.8828863960726736 -0.011712732026232756 0.9998543526062813 0.012413118293514071 -1.5744719525431266 -0.0031598253287005934 -0.012450917987679565 0.9999174916691052 116.80476110914188
0.9999233255672703 0.011623238631676396 0.004271216164459876 -0.8874493291998949 -0.01168501213569922 0.9998231690196521 0.014734015210317813 -1.5795728825124722 -0.004099204241532713 -0.014782794997706019 0.9998823258253899 118.11022076248982
0.9999208328678942 0.011474791930403412 0.005163053880129907 -0.8869268415862501 -0.011553859538985167 0.9998122725614016 0.015554034385493453 -1.5921550028174583 -0.004983605734270362 -0.015612456528970677 0.9998656984196787 119.47473852890164
0.9999099825987741 0.011894544728724938 0.006208581378190453 -0.8893013408332986 -0.011986952703039842 0.9998146611985892 0.015065066852719031 -1.600358311348344 -0.006028239073596698 -0.015138133008456464 0.9998672398188393 120.7941277328673
0.9998823432333604 0.013356567394076937 0.0075433262585887645 -0.8874437502450616 -0.013467174831828344 0.999799666451211 0.014807504622137738 -1.608588306212039 -0.007344038253270545 -0.01490735001063192 0.9998619084740273 122.1150071138669
0.9998484817955401 0.015096900041052826 0.008665854134035115 -0.8941538711640635 -0.015221175593734183 0.9997796090972219 0.01445852967353124 -1.609829718076985 -0.008445665984273458 -0.014588243722739489 0.9998579168413031 123.4766607982397
0.9998237524891098 0.015984388869065835 0.009846991183688912 -0.893107719878705 -0.01612024667975919 0.9997737789265537 0.013875469540145133 -1.6218345874277684 -0.00962297348876735 -0.014031760231083976 0.9998552435651376 124.80722533917265
0.9997973439241314 0.01692117027470975 0.01090619270500257 -0.8884292307859727 -0.017066356106366018 0.9997651046010585 0.013359459280080787 -1.6288071034505742 -0.010677574097691442 -0.013542881144152563 0.9998512788311069 126.14606863224854
0.9997995066172094 0.016134181869118566 0.011858950481474185 -0.8841325869251158 -0.016290615859638848 0.9997799646798425 0.01321507085994586 -1.6413603414316942 -0.011643127710936976 -0.01340561119957909 0.9998423511555219 127.48969496633187
0.9997892868269272 0.01598701661855121 0.012876226498492429 -0.8860984551743762 -0.01616676130173019 0.9997715944806922 0.013978366703712039 -1.649367437120964 -0.012649814175037629 -0.014183588439480034 0.9998193876996293 128.8015452493317
0.9997993971796879 0.014639988474504578 0.013668800386211639 -0.8727963263113181 -0.014848129265415308 0.9997734271840207 0.01525212724470791 -1.6566077601793467 -0.013442413564970446 -0.015452024044828877 0.9997902462374859 130.16330050408192
0.9998118514745541 0.013450864050501308 0.013976261251567097 -0.8614089141207866 -0.013669191855804595 0.9997841707876028 0.015644969275745796 -1.6625432454545772 -0.013762807562437753 -0.01583307020548253 0.9997799252923265 131.49684009478273
0.9998208571956205 0.01284170608377664 0.013904821998669803 -0.8463044271008506 -0.013067616196648035 0.9997820801444084 0.01627973137483456 -1.6775570423159358 -0.013692733481103003 -0.016458518178342464 0.9997707868462983 132.83840782718218
0.9998509024378734 0.010416471142208545 0.013772073343166092 -0.8410543614794785 -0.010649409396852716 0.9997996232962496 0.01695002515113723 -1.6740775033375972 -0.013592755428233483 -0.017094162724814746 0.9997614848568136 134.17115883663917
0.9998727233256367 0.008967026480841467 0.013195816425514897 -0.8276780181464983 -0.009191435486434824 0.9998124785505585 0.017044801566752036 -1.6861462528478721 -0.013040501828643587 -0.0171639209910042 0.9997676455709293 135.4982072022352
0.999887843218048 0.008896410684574349 0.012048022586751198 -0.8212154190501069 -0.009100935020781993 0.9998135817784356 0.017028643077080904 -1.6959225900992965 -0.011894283805505529 -0.017136381804844933 0.999782411544087 136.85866917501974
0.9999241045213062 0.005611020168829426 0.010968210673413142 -0.8112798495205016 -0.005811756765335625 0.9998146184252548 0.018356259663251825 -1.6917464614670907 -0.010863180929598851 -0.018418611437199278 0.9997713468863805 138.20279501461516
0.9999379403810502 0.00520812916570319 0.009848389398200546 -0.7990996755363866 -0.005388128388468168 0.9998172959090179 0.018339653078500107 -1.70091002832622 -0.009751075584641153 -0.01839157967165667 0.9997833096846986 139.53486668686668
0.9999542563515912 0.00415585089670459 0.008614760977078759 -0.7965788739303543 -0.0043151871645339766 0.9998184293508984 0.01856037415696732 -1.70562007712092 -0.00853606334840237 -0.018596699806498848 0.9997906272720196 140.89003837269271
0.999965572605753 0.003804521817701601 0.007374226505156108 -0.7968479447440755 -0.003938657138955359 0.9998254896203613 0.018261360398688677 -1.7082222590355798 -0.007303464484737596 -0.01828977661495632 0.9998060529323015 142.20770649053603
0.9999730565337521 0.003628211948785675 0.006381401426710661 -0.7966227091479279 -0.003742947212592964 0.9998298896452823 0.01806051261988582 -1.7068513961491218 -0.006314789035868875 -0.01808391160982137 0.9998165309609185 143.55215843163214
0.9999838942145517 0.0014128929936718633 0.0054968216563917455 -0.7811346899596052 -0.001500846140524815 0.9998703908269506 0.016029628933487132 -1.7132202579236593 -0.005473461517170928 -0.01603762096001298 0.9998564076577234 144.91007172065622
0.9999893094784608 -0.0016841119154317099 0.0043063561664333895 -0.7919987110165785 0.0016183379214346257 0.9998826787768103 0.015231863163299853 -1.7381674443005386 -0.004331503455344068 -0.015224731482510231 0.9998747149671169 146.22071945979914
0.9999415195018041 -0.010348472675871283 0.003141130939894119 -0.7880647189484156 0.010290407123391918 0.9997855547667541 0.01797086482552141 -1.73059324203629 -0.0033264286088465957 -0.01793749070710854 0.9998335768038362 147.59384195067508
0.9998331862998966 -0.01819111263060332 0.0016379881257820703 -0.7750256781144262 0.018155235441369315 0.9996400023890452 0.01975482299867563 -1.7319545341478577 -0.001996760815626706 -0.019721789936650375 0.9998035126741082 148.90197637658926
0.999778173018922 -0.02105007710608541 0.0007064101885013482 -0.7570582447362086 0.021035127057348627 0.9996356561399694 0.016913852026244982 -1.7395648919906028 -0.0010621907761341161 -0.016895240965474984 0.9998567010276131 150.21570395407903
0.9997920902096129 -0.02037620411754954 0.0007659421847689815 -0.7751936143272735 0.020363705578621764 0.9996974240306792 0.013797821207881759 -1.7479782062789815 -0.0010468577261726593 -0.013779355339773416 0.999904512170733 151.59933073133305
0.9998583669576852 -0.01674021382453002 0.0017353032323105377 -0.7841024962860291 0.016718767422227394 0.9997916132022708 0.011713794142088944 -1.757622177204352 -0.0019310331891586254 -0.011683123166530857 0.9999298854147166 152.93195187748367
0.9998675256520169 -0.016061457075047053 0.0026383244715487463 -0.7925712426064644 0.016029367910576922 0.999802308785209 0.011764467633151077 -1.7728669774970407 -0.002826757618097182 -0.01172061868577031 0.999927315628279 154.29939757741062
0.999816625136492 -0.018898898170018857 0.0030899450115730656 -0.7920598894163929 0.01885175573653297 0.999715189337206 0.014633916109689856 -1.7769029618008851 -0.003365630123907867 -0.01457298199875474 0.9998881441098356 155.61699633742992
0.9996477921967842 -0.026300875263158004 0.0035433767550319233 -0.7831952271881082 0.026232899039320322 0.9994932384083107 0.01803056787408918 -1.779836285244168 -0.00401580114723152 -0.017931264652751557 0.9998311572925478 156.94471451332205
0.999556289769932 -0.029578582844713576 0.003511554362206828 -0.7730525079926929 0.029504213028476545 0.9993721129144523 0.019618392939896662 -1.7844167533844646 -0.004089634090978846 -0.01950608276880088 0.9998013740904617 158.30757457977265
0.9995318055905594 -0.030413318580965888 0.003346589233253519 -0.7662094973934721 0.03034235324510366 0.999348709491504 0.019531985005972294 -1.7952114594822222 -0.0039384424287237235 -0.01942129720343294 0.9998036316654315 159.63989793097608
0.9995733995833695 -0.028864382908738308 0.004457156355078708 -0.7745861571812432 0.028769457526268544 0.999384642632857 0.020066249782120384 -1.7905351339342865 -0.005033613935387744 -0.019929459907792053 0.999788717361486 161.01412675887525
0.999623319373651 -0.02686412649548775 0.005615877040174051 -0.7799315809398253 0.026747998249655527 0.9994456765259403 0.019821308142646498 -1.7844540419398376 -0.006145246658342162 -0.019663628732656917 0.9997877663046472 162.35366483761544
0.999721664549629 -0.022675663911270995 0.006512119953052347 -0.788679909430455 0.022557035387903608 0.9995880372972294 0.01774643161498031 -1.7913174331171646 -0.006911849889630662 -0.01759459835752628 0.9998213122560832 163.69647931420778
0.9997431441239949 -0.021492633176713367 0.0071911409315482365 -0.7864734564554823 0.021365776157838443 0.9996224557983991 0.017275689853696728 -1.7848929156169508 -0.007559726646309192 -0.017117608498571274 0.9998249036773665 165.05007527816988
0.9997856845068871 -0.019275604992688496 0.007552226248642242 -0.7865167821244639 0.019132101410736617 0.9996433013570816 0.01863418179856617 -1.7888194325764273 -0.00790871815950528 -0.018485698589402536 0.999797845130158 166.39546370069218
0.9998085622748932 -0.018090556289300064 0.007454568392579761 -0.7901550331640206 0.017949176122973982 0.9996655956591193 0.01861515282898456 -1.7901299316603565 -0.007788834664614293 -0.01847778616948588 0.9997989325234526 167.72037379976098
0.9998496448638378 -0.01587215262952594 0.00698301171783845 -0.7867351195927972 0.01575448879054308 0.9997381788786703 0.016594268844674926 -1.7969897610940495 -0.007244570783515476 -0.0164817603380991 0.9998379207506836 169.1012401344623
0.9999201190601688 -0.010940810286184086 0.006328837598039788 -0.7930218824434676 0.010853160748642073 0.9998469495479001 0.013721747926492597 -1.8095479333117128 -0.00647799654306932 -0.013651964183998251 0.9998858231986834 170.50567063247513
0.9999666763102332 -0.005382410987539556 0.006138072509170154 -0.7952627902480154 0.0053049380778209965 0.9999069352234149 0.012568950337608902 -1.8182222321276331 -0.006205153041097541 -0.012535969637137387 0.9999021679841539 171.85334620565934
0.999976820807391 -0.0022318916975088542 0.006432458088292993 -0.8054347045716561 0.0021441116149778228 0.9999049284490721 0.013621190843497007 -1.8178371618683982 -0.006462248102243377 -0.013607083468412657 0.9998865368770239 173.23093184960544
0.9999717157317872 0.002111814176154877 0.007218585750167749 -0.8093324593075258 -0.002226788693481703 0.999870202595299 0.015956797011515287 -1.829630269295865 -0.007183951600686961 -0.01597242026089977 0.9998466245533711 174.6139657784392
0.9999708304257019 0.0022051810934845244 0.007312692858898816 -0.8119190970683741 -0.002336019695643666 0.9998364805517782 0.017931959322558803 -1.8296834388850103 -0.007271954473942159 -0.01794851919901318 0.9998124670849973 176.0124711985712
0.9999787866574542 -0.0001175810172579176 0.0065124815829614175 -0.8072856787654784 -9.058286844453728e-06 0.9998109827311097 0.019442189129265527 -1.8313728870077712 -0.0065135371786251 -0.01944183606517322 0.9997897723258229 177.3863343206161
0.9999838250305111 -0.0028515591472321935 0.00492120893504467 -0.8092011960595706 0.002755012167507155 0.9998057665955477 0.019515096110334057 -1.8278086232168214 -0.004975901927292831 -0.019501222841883756 0.9997974508429831 178.7555700882805
0.9999905827934388 -0.0033700941717743557 0.0027343734231418415 -0.8084531754894237 0.0033263460045566684 0.9998688597670141 0.015849248523568504 -1.8396675628146175 -0.002787428519387739 -0.015840004103162362 0.9998706538926236 180.0911824217242
0.9999994098364752 0.00017542254668226516 0.001072172975034398 -0.8188004771538382 -0.0001879346995509179 0.9999317575956472 0.011680960074662078 -1.8565655032285908 -0.0010700507845959454 -0.011681154908986038 0.9999312004403184 181.51211153908199
0.9999945867161321 0.003234017217316659 0.0006063547032269922 -0.8476447248390055 -0.0032403585292792286 0.9999367953881255 0.010765932736607952 -1.8528812795414884 -0.0005714992067758062 -0.010767839478433598 0.999941861822229 182.8969736853718
0.9999793666384924 0.006413882020903629 0.000358332435751381 -0.8613610147498624 -0.006417737387598918 0.9999066976097526 0.012058554245095773 -1.8547011527834165 -0.00028095687261007487 -0.012060605362450103 0.9999272287849722 184.23977712990745
0.9999591288977173 0.009019372288308838 0.000625650555585599 -0.8647667238701007 -0.009027887171415575 0.999842309979087 0.015292234695727316 -1.8636685335852008 -0.00048762556832370406 -0.015297258295877867 0.999882871198359 185.68120504127347
0.999951483780775 0.009771847980510668 0.0012413908936264521 -0.8796103090932148 -0.009792371085813028 0.9997941563857242 0.01776947772820552 -1.8717893990405745 -0.0010674948026735598 -0.01778077213768964 0.9998413397155058 187.06143742602998
0.9999613091316668 0.008688041111422849 0.0013777388163687184 -0.8878875867575127 -0.008712190293178199 0.9997887653409969 0.01861511342222794 -1.8707755218660267 -0.0012157190077464952 -0.018626396682852035 0.999825774513484 188.49558045600818
0.999967887373329 0.007927074031566794 0.0011771593479643504 -0.8919619811612263 -0.007948407604124822 0.9997805247147252 0.01938363290188503 -1.8749681897746098 -0.0010232455689152234 -0.019392367372285363 0.9998114267524275 189.90319070860144
0.9999854891034444 0.005246427256424366 0.001223345826662025 -0.8981383438407099 -0.005269765479029638 0.9997875776911459 0.019925588221273133 -1.8759498013116533 -0.001118547890376805 -0.01993174622468439 0.999800717319172 191.2759418499134
0.999992378357133 0.003513573395743901 0.0017023587988605675 -0.9015021394126289 -0.003547289439876173 0.9997891684518991 0.020224623100910694 -1.8796344619698084 -0.001630939312009592 -0.020230508115545127 0.9997940120778983 192.7228529990903
0.9999979254196262 -7.356531586457174e-05 0.0020356196781688464 -0.9017318826655126 3.0215143036587885e-05 0.999773391598016 0.0212876613978638 -1.8732216641778905 -0.0020367245781495232 -0.021287556146215244 0.9997713197103039 194.11356852061724
0.9999858926432016 -0.004786596447916116 0.0023028283498660127 -0.8971452724825868 0.0047320954037689995 0.9997215584388535 0.023117371086342292 -1.870986337568215 -0.002412840858050238 -0.023106148207675852 0.9997301056406922 195.5541938089826
0.9999672325830797 -0.007696249522372297 0.0025102819418552722 -0.8935502511855649 0.007635064186056875 0.9996938544308492 0.023535147877191274 -1.8705846110750521 -0.0026906460086895912 -0.023515210982833046 0.9997198584038196 196.95688344267126
0.999979400323874 -0.005826631606665874 0.002692452937489488 -0.9027325235852977 0.005772718608462405 0.9997909297693415 0.019615617592358664 -1.869597126657285 -0.0028061832241208636 -0.01959967112337302 0.999803969903134 198.38855411431683
0.9999947190262687 0.001243330720138729 0.0030026738094100533 -0.9151379010099973 -0.001287404630767602 0.9998908092644642 0.014721145800684229 -1.874201720174088 -0.002984042932801058 -0.014724934003613084 0.9998871295344985 199.81220000787292
0.9999352088830838 0.010506774428940099 0.004380149297651598 -0.9338724395432221 -0.010567585068752461 0.9998447580517221 0.014099147516420128 -1.8673808816299595 -0.004231333098964573 -0.014144521900608836 0.9998910082209961 201.24728629426738
0.9998304284112274 0.017452224233764725 0.005876584913497888 -0.9547775307077107 -0.01755531641303091 0.9996843307406195 0.017973585523560612 -1.8674801375131167 -0.005561051267887374 -0.018073703386763267 0.9998211919925976 202.70860817185323
0.9998074798345843 0.018466288410696426 0.00663320536586221 -0.9569120716468849 -0.018596356738417287 0.9996247421222301 0.0201134406435883 -1.8645343506063956 -0.006259296121214423 -0.020232922261809113 0.9997756998812978 204.11097175255784
0.9998245002524382 0.01766793555214093 0.006229984394338165 -0.954411059988381 -0.017794047399863393 0.9996252090253854 0.02080416774699029 -1.8672745360798184 -0.005860083236900861 -0.020911373679338405 0.999764159129779 205.57584168098143
0.999888390169711 0.014083541108677733 0.004986084978845103 -0.9500012452719306 -0.014185139433393383 0.9996796022266035 0.02096365272285501 -1.865689845049901 -0.0046892453636239615 -0.02103204170529013 0.999767805145627 207.01421572462118
0.9999203566230263 0.012029828482814364 0.0038162302348598498 -0.9454948631191209 -0.012106809262973847 0.9997096345296961 0.020834390209750767 -1.8673026962465826 -0.003564488277771691 -0.020878933677944127 0.9997756571144834 208.45381417313305
0.9999136525186455 0.01269872150445715 0.0033808212114368338 -0.9538732008068762 -0.012764757560473733 0.9997127433892321 0.020285257939647045 -1.8631310370115928 -0.003122253455244952 -0.020326662129652024 0.9997885168108592 209.9168545892034
0.9998993794312965 0.013804018620288397 0.0032680349023030165 -0.9574382847449087 -0.01386804828431263 0.9996945773665679 0.020455543117815556 -1.862759916811075 -0.002984668308961983 -0.020498806547423355 0.9997854223243863 211.38353708216735
0.9998808989955718 0.015118894492114794 0.0030994866762441187 -0.9678148808086324 -0.015181908171180796 0.9996550926266081 0.02142908017536165 -1.8595396288921158 -0.002774433856302872 -0.021473584505046415 0.999765566367224 212.83477021908615
0.9998935422701918 0.01432410315248938 0.0027792377078245407 -0.9763532820613718 -0.01438030998792075 0.9996679045214415 0.021384278776375713 -1.8590545661791151 -0.0024720043130533843 -0.021421968985552865 0.9997674671882668 214.27630396950366
0.9998882217672559 0.01474855551359761 0.0024543933110616283 -0.9790544438161553 -0.014795910813553647 0.9996794141448847 0.02054628883362813 -1.8563918601983675 -0.002150578551893623 -0.020580307605483517 0.9997858900579212 215.75072036458113
0.999900406293882 0.013952023210264806 0.0021256785318079455 -0.986059481731294 -0.013992442487230278 0.9996947474441573 0.020362306104625725 -1.8566181212765887 -0.0018409344356275763 -0.020390021992768074 0.9997904070213384 217.21663559042975
0.9998990306617384 0.014109617189303397 0.0016873502794951655 -0.9923600212519876 -0.014141030992144404 0.9996931909903655 0.020336055532159586 -1.8518343944300393 -0.0013998987293014882 -0.02035786349760227 0.9997917771647531 218.67514788518625
0.9998798423617843 0.015436882802962256 0.001415432560699913 -1.004227160051018 -0.015462244768747403 0.9996780872030034 0.020115689954258383 -1.855804362627992 -0.0011044534445789351 -0.020135159072953785 0.9997966571062247 220.19384203137906
0.9998927050794421 0.014591467114798667 0.0012912709419688755 -1.0086448676595603 -0.014614597085380873 0.9996888702792559 0.020213268370058202 -1.854684054950209 -0.0009959280172607509 -0.02022997140267226 0.9997948571550848 221.68816788415413
0.9998780068222796 0.01559440114343761 0.0008866150447125942 -1.017475888642681 -0.015609127107471796 0.999674341880207 0.020188248246429785 -1.8493661533590136 -0.0005715027027623303 -0.020199625114411184 0.9997958034217795 223.14705262806848
