1.0 -3.469446951953614e-18 0.0 -1.7787691892340307e-19 0.0 0.9999999999999999 -3.5405977195229754e-19 0.0 2.168404344971009e-19 -2.354751593366955e-19 1.0 0.0
0.9999998184236251 -0.0001920850232811945 -0.0005711877703400902 0.0023623220759034095 0.0001924746445146272 0.9999997488292218 0.0006821250560820844 -0.022605926090915572 0.0005710566496940094 -0.0006822348851515522 0.9999996042253559 1.3271691435190551
0.9999996106291743 -0.0006537789352943687 -0.0005927180634304468 -0.007919513178060316 0.0006544457365945475 0.9999991525635218 0.001125420722648312 -0.03902273942997718 0.0005919818357649513 -0.0011258082084223669 0.9999991910569219 2.628002273801946
0.9999985244154309 -0.0013027885225958633 -0.0011197808784350139 -0.009237918093241298 0.0013039059154677044 0.9999986522689209 0.0009976409880589597 -0.0746863043332523 0.001118479749464476 -0.0009990996244713523 0.9999988754018504 3.9515879976599413
0.9999979703940859 -0.001937228998920874 -0.0005534921413556564 -0.02262172482950816 0.0019378220718998269 0.9999975470087418 0.0010727623416835195 -0.08804861158533576 0.000551412644931519 -0.0010738327538173656 0.9999992714139098 5.267169937196659
0.999997036378921 -0.002257119790703626 -0.0009124941099497561 -0.018649532155090798 0.0022585203953163664 0.9999962688856073 0.0015366511946255576 -0.10716273517368945 0.0009090223777324522 -0.0015387075564707359 0.9999984030282704 6.588547945280161
0.9999936632595775 -0.003508593216050255 -0.0006026759439965706 -0.02948167420671842 0.0035100103391593265 0.9999910402785762 0.002366259634554262 -0.14135771548296003 0.0005943683540825869 -0.002368360083453099 0.9999970187946299 7.919808128524947
0.9999935873579455 -0.003545972592000738 -0.0005013237787811235 -0.04596817924492045 0.00354734165519352 0.9999899091701308 0.002756432409814429 -0.15774417091880533 0.0004915445302566984 -0.002758193152571753 0.9999960753702014 9.237975717330988
0.9999945325228042 -0.003162199561540355 -0.0009671718406478215 -0.04767321814152363 0.003164403641643873 0.9999923810313146 0.0022856998956418675 -0.18049763445178707 0.0009599367157884275 -0.002288747964195241 0.999996920073368 10.56724348189401
0.9999993718278438 -0.0005397995478571074 -0.00098232359230411 -0.06509394826456763 0.0005397764616904867 0.9999998540369741 -2.3802210726537233e-05 -0.20032833946651057 0.0009823363803767111 2.327196069436608e-05 0.9999995172375006 11.89743762022698
0.9999981564558521 0.0016923360910403168 -0.0009072370437938672 -0.06665721773566044 -0.0016929583283586376 0.999998332053123 -0.0006854094371043539 -0.2266983538808344 0.0009060756633413533 0.0006869440995372273 0.9999993535678254 13.22589272218465
0.9999820106708277 0.005974440726658308 -0.000533272778243969 -0.1045120570416933 -0.0059749474674867745 0.9999816957056019 -0.00095303130405321 -0.241257904113775 0.0005275692314408041 0.0009562004503369592 0.999999403675884 14.567590881504826
0.999982839951986 0.005856299409656918 -0.0001534496495481305 -0.1236713329433625 -0.005856325537523358 0.9999828374910883 -0.00016788760203711293 -0.2712035399915645 0.00015246382826709145 0.00016878337089695224 0.9999999741335837 15.917468254411585
0.9999884223378712 0.004809210188411368 0.00016333554855116187 -0.11400853146835388 -0.00480962299815422 0.9999849839111226 0.0026266875916205064 -0.3045361535465053 -0.0001507008140786358 -0.002627442818475807 0.9999965369108845 17.255370670294397
0.9999999868828898 -0.0001127402006303492 0.0001162937087582389 -0.1172212798668156 0.00011215784866713471 0.9999875156145472 0.004995601496782098 -0.33155887634079506 -0.00011685546782980063 -0.004995588486281786 0.9999875151427958 18.621274221554074
0.9999983904090459 -0.0017831648169696276 -0.00019875849931439175 -0.11307461632853916 0.0017838402883144627 0.9999924538392277 0.0034511121448992255 -0.36391392631955066 0.00019260311689688276 -0.0034514612102576644 0.9999940251424273 19.96712149817813
0.9999957560895812 -0.0029088171497772906 -0.0001630630232517785 -0.11487460567577834 0.00290898396265977 0.9999952373244019 0.0010310850965691853 -0.3647334025757214 0.00016006302318906677 -0.0010315550866910133 0.9999994551370214 21.324332669210147
0.9999995837400214 -0.0008940199515759129 0.0001823452488435948 -0.136552135062318 0.0008940638638236815 0.9999995713888314 -0.00024056306524002945 -0.4185437142483679 -0.00018213011803512396 0.0002407259989782548 0.9999999544396522 22.668623390305065
0.9999989878441271 0.0012015982918956109 0.0007618866940021514 -0.13716955986454382 -0.001202153349746389 0.9999990121381016 0.0007283900631210865 -0.4070338850067291 -0.000761010772906524 -0.0007293052451931697 0.9999994444875729 24.039202680091254
0.9999968153441768 0.0017352919238074983 0.001832501827051299 -0.15586254346015993 -0.0017456708793922955 0.9999823595635395 0.005677428690675343 -0.43699561719062846 -0.0018226176542966363 -0.005680609666902954 0.9999822042104424 25.42886295284442
0.9999981516317629 0.0003393563505429027 0.0018925042564032456 -0.14402578003183703 -0.0003514358634341651 0.9999795466820817 0.006386134139045728 -0.45775885687239337 -0.0018902985278239628 -0.006386787553588234 0.9999778176116089 26.800966007357705
0.9999904606085778 -0.00396430824644552 0.001833837487332969 -0.14940444713127116 0.003953106108485585 0.9999737482988259 0.006072533109018024 -0.492547904255482 -0.001857862890869975 -0.006065225941571365 0.9999798804869673 28.167559803450562
0.999989708900815 -0.004221808036761672 0.0016608544159170586 -0.15691130372023035 0.004215604514859819 0.9999841904021077 0.0037212387661196334 -0.49176470133235045 -0.0016765386525783767 -0.0037141990337175327 0.9999916969365886 29.527375787560214
0.9999884421980842 -0.004226046292410584 0.0022925993481363585 -0.16030572599832127 0.004221929955184833 0.9999894721160486 0.0017974867200252626 -0.5436779327181454 -0.0023001716666426813 -0.0017877867812964134 0.9999957565039721 30.92668469616706
0.9999944099285438 -0.0017201530446736089 0.0028672620163158035 -0.17655900990981424 0.0017187744605852862 0.9999984061464251 0.00048323523093190304 -0.5367673860637072 -0.0028680889267439385 -0.00047830435866312115 0.9999957726346744 32.301227172551215
0.9999939412801732 -0.00022072688887380537 0.0034740016179974267 -0.17989140808777052 0.00022540905209503768 0.9999990668047982 -0.0013474346268534485 -0.5846675320406532 -0.003473701255660823 0.001348209564105068 0.999993057838963 33.68483073733965
0.9999932754366497 -3.0173704376213265e-05 0.0036671754192753514 -0.19572285689519928 3.3728114031902207e-05 0.9999995297649058 -0.0009691916419103467 -0.5841628677114686 -0.0036671447614286977 0.0009693088335428726 0.9999928062166742 35.07876185360161
0.9999950886353056 0.00016007889337479528 0.003130029347720188 -0.19229165356686068 -0.00016168461115259603 0.9999998554705612 0.0005127544568877497 -0.6273882265854189 -0.0031299470782717572 -0.0005132580238329434 0.9999949699841469 36.47222614085774
0.9999955497736991 0.00071003291791924 0.0028976349996779026 -0.2057655587056924 -0.0007144707936358021 0.9999985731097681 0.0015307876580003081 -0.629116667447206 -0.002896544199026125 -0.0015328511496248843 0.9999946301833708 37.878459191676946
0.9999935914537562 0.0026408322665880052 0.002417241157691993 -0.19971052975368386 -0.002645888552906317 0.9999943137201387 0.0020908863041345636 -0.6479794114792616 -0.0024117059348441093 -0.00209726869669747 0.999994892554786 39.26946660099773
0.9999795159405886 0.005590856534908007 0.0031160897381962436 -0.2227106004185736 -0.005598676060987804 0.9999811866257569 0.0025062385293331047 -0.6893610518465552 -0.0031020193544345613 -0.0025236332199120295 0.9999920043419414 40.66568057712544
0.9999606666776436 0.008378096814995583 0.00291076912779871 -0.2274999967795994 -0.008386377553308975 0.9999607888014764 0.0028442131930200387 -0.7122537459688307 -0.00288682614172735 -0.0028685121901464803 0.9999917189004429 42.089351175079415
0.9999568533083515 0.008903188932551142 0.0026504211602762064 -0.23516841954761625 -0.008911037969255181 0.9999559022608346 0.002964279855828646 -0.7290847615729926 -0.0026239129589750894 -0.0029877700241249024 0.9999920941228473 43.475641937620956
0.9999625323494099 0.008329051802503434 0.00235813030050982 -0.24893041018782572 -0.008335947879008475 0.999960963999482 0.0029295848940655523 -0.7521515890545593 -0.002333637779542697 -0.002949132443285578 0.9999929283499916 44.90329606939843
0.999967088087233 0.007964662672982396 0.0015449517582217921 -0.24485058521610797 -0.007968344264162184 0.9999653929759101 0.002391308603809443 -0.7820065063800614 -0.001525852453169729 -0.0024035406609814137 0.9999959473742257 46.30214080143153
0.99996872892346 0.007885994775253423 0.0005935028381001512 -0.25501046508883757 -0.007887846694277374 0.9999638194556549 0.003184598936409028 -0.81565403093274 -0.0005683676802198663 -0.003189180878406211 0.9999947530278797 47.731566563589055
0.9999675194542855 0.008050799684316165 -0.00038031958843567156 -0.2634448435198943 -0.008049218468327433 0.9999596363895181 0.003991953179410449 -0.833082623486892 0.00041244269033617327 -0.003988762328256183 0.999991959801486 49.129125997115956
0.9999596898902999 0.008874152620929967 -0.0013667435610557254 -0.2743573739066483 -0.008868471579906168 0.999952234224966 0.004108466735929645 -0.8607362810873338 0.001403137559677254 -0.004096180285429274 0.9999906262136992 50.560199597899775
0.9999581235204866 0.008767603227212692 -0.002623035492126135 -0.27884058470716505 -0.008756463729496454 0.9999527198094872 0.00422877131109671 -0.8727371251852394 0.0026599878911464613 -0.004205625801664329 0.9999876185141701 52.01264990897772
0.9999435113813646 0.010023261976201793 -0.0035366985132587654 -0.30113880266605303 -0.010002702004181248 0.9999332429947764 0.005784075362355692 -0.9140935167870889 0.0035944380242912684 -0.005748372210521707 0.9999770178560484 53.41966115202972
0.9999551658924373 0.00835778323346778 -0.004451251266517532 -0.3112569893219152 -0.008329769685434859 0.9999456161976081 0.006275316766599488 -0.9246668737384154 0.004503457312908313 -0.006237957653523435 0.9999704029454113 54.871200912275945
0.999974268468522 0.005289488286004685 -0.004845997801684222 -0.3229415360150708 -0.005253898584127392 0.9999593495741987 0.0073277388766873576 -0.9363481648431236 0.00488456121712328 -0.007302090093700888 0.999961409532173 56.266590288215674
0.9999772471234746 0.004307196622332166 -0.005191654281424071 -0.3440450963999027 -0.004270129670613874 0.9999654651395055 0.007129833591859238 -0.9669107760094791 0.005222185030331871 -0.007107502478282256 0.9999611053457762 57.692743707227365
0.9999818811121064 0.003317338940781513 -0.005023215495253923 -0.36832235780401895 -0.0032794144294032834 0.9999662009015841 0.0075393964818317475 -0.9944009065505158 0.005048056881122142 -0.007522786825893387 0.9999589615640101 59.14388772478631
0.9999830019802994 0.003096513781036119 -0.004940378283712289 -0.3659344877435441 -0.0030564606666936833 0.9999625687441384 0.008094390772249278 -1.0201424750427983 0.00496525817767478 -0.008079153277380435 0.9999550357419471 60.5497517935122
0.9999898899398271 0.0008805165617553129 -0.0044096143639925115 -0.38299682484493947 -0.0008417831114356233 0.9999611179509997 0.008778039990797895 -1.027692401462103 0.00441717249908289 -0.008774239482590719 0.9999517494958411 62.00423144507805
0.9999896391650419 -0.0015062977859929706 -0.004295651721878478 -0.3797227040573013 0.0015431632188258985 0.999961900390536 0.008591647669425993 -1.046329992275296 0.004282546848346185 -0.008598187716318692 0.9999538644213903 63.4119662325267
0.9999911308460333 -0.0019627684179855404 -0.0037263608887750156 -0.40333780783996787 0.001991615598978022 0.9999679579757277 0.007753482054298313 -1.0736950817690978 0.0037110235189630036 -0.0077608349204255815 0.9999629981928871 64.82036398122187
0.999993050306594 -0.0024372350687300107 -0.002821209372149009 -0.41905810579083824 0.002459057117520128 0.9999668866570004 0.007757488110433005 -1.090364264675912 0.0028022093736801592 -0.007764371866702694 0.9999659304993186 66.27218878207582
0.9999969957862167 -0.0007368203114784949 -0.002337843342061381 -0.4283004446794054 0.0007543653962830982 0.9999714939194592 0.00751280759931006 -1.109924382647028 0.0023322413133130063 -0.00751454876679156 0.999969045627651 67.64309212662938
0.9999964332576406 0.002137025825599088 -0.001602056857398147 -0.45070267199215175 -0.0021226284975148085 0.9999578262952313 0.00893532764447061 -1.1299037351186576 0.0016210844627524439 -0.008931895381918449 0.9999587958188866 69.11480576341111
0.999985688881764 0.005289283377602953 -0.0008034309616563506 -0.4617745996447712 -0.005280938533527409 0.999935489233268 0.010056294894158208 -1.1450650276413155 0.000856569805315026 -0.010051908310675274 0.9999491114212856 70.47632818101484
0.999953684150301 0.009622003314205013 0.0002158358860535291 -0.48753414012057084 -0.009623818823109018 0.9998908685654836 0.011208616691191721 -1.1726351781840298 -0.00010796298528747538 -0.011210174948278865 0.999937158188177 71.92697531953014
0.9999120044936675 0.013249913430416661 0.0006504087657894886 -0.495329104734078 -0.013256136441210951 0.9998544789570034 0.0107375874985125 -1.1770918880500707 -0.0005080420478826364 -0.010745264767927488 0.9999421389167009 73.29205919272303
0.9998571719405451 0.016846977312475885 0.001347230710969271 -0.5106325740069181 -0.016859967362950083 0.9998048696338845 0.010293891343925408 -1.1942270155847907 -0.0011735469632700416 -0.010315135568478002 0.9999461089316359 74.68690626978031
0.9998365714790394 0.017944007542591713 0.0022006542759504455 -0.5264832727290216 -0.017965743448929587 0.9997856501008512 0.01029009043369143 -1.2035278516950185 -0.002015537268627627 -0.010327945345241396 0.9999446340448982 76.13715669320982
0.9998245843302319 0.01856222186211036 0.0024988875887316233 -0.5310964181684732 -0.018588013880038175 0.9997696828647482 0.01072692934292029 -1.2202046399990114 -0.002299196596441256 -0.010771497253263072 0.9999393424316105 77.50130168256004
0.9998364925250797 0.017889053699955672 0.0026400618300717136 -0.5360046501256952 -0.017917356942275094 0.9997776644732059 0.011117103328594745 -1.2520618094184854 -0.002440600590402503 -0.011162588760991108 0.9999347179099228 78.90467891789541
0.999853195484052 0.016999233582162702 0.002147904666236878 -0.5342455713108436 -0.017019693548612727 0.9998061837668326 0.009895704929588661 -1.2565629257206794 -0.001979269128146348 -0.009930809081753745 0.9999487294482922 80.27836700079415
0.9998561277082756 0.01683392032840279 0.002083978803211507 -0.5470569231793483 -0.016854194922177435 0.9998066782914359 0.010126312238518082 -1.283870057645667 -0.001913110545899546 -0.010159979339322823 0.9999465559861782 81.67086620198445
0.9998708796275099 0.015980345744344218 0.001688959025413052 -0.5591157618686556 -0.01599732826243962 0.9998161537893918 0.010570910508338447 -1.2913150413844614 -0.001519721832771816 -0.010596564640248232 0.9999426999907858 83.06472783093231
0.9998666743115299 0.016262991034598787 0.0014658384174825033 -0.5738959717750857 -0.01627668838755247 0.9998187714822512 0.009873887127549628 -1.3055212766241826 -0.0013049939311915216 -0.009896429886351251 0.9999501775927319 84.42955175829866
0.999873563515053 0.01588968889766637 0.0006121512319970828 -0.5782231061678632 -0.015895092002955157 0.9998220316389249 0.01016125672400613 -1.3129905897830967 -0.0004505831111105553 -0.010169702382823746 0.9999481857231586 85.83352504441503
0.9998718024721092 0.01600485243988515 -0.0004725210774950846 -0.5898501468971251 -0.015998783691866587 0.9998130858116607 0.010855063275253611 -1.332609467175584 0.0006461665049521145 -0.01084611214702861 0.9999409704202351 87.1892753994864
0.999888379370284 0.014850567447898286 -0.0016399407155311856 -0.5951823754108838 -0.014829524134890446 0.9998159141742983 0.012174687317681154 -1.3488468462986156 0.0018204400036128843 -0.01214900908330621 0.9999245409450357 88.57539312723846
0.9999235183485949 0.012055098301778639 -0.00276261187935342 -0.599210198967774 -0.012018987061975078 0.9998466658803613 0.012735332806636124 -1.3690659891888997 0.00291571422150144 -0.012701155252858391 0.9999150860327888 89.95785120093522
0.9999307766255455 0.011170837638693604 -0.0036951739352093643 -0.6112455886755446 -0.011120653552399416 0.9998492590990529 0.01333379781681611 -1.3862858542309855 0.0038435669467370755 -0.013291782330847504 0.9999042731822327 91.32993022205822
0.9999405676050991 0.010121335622824933 -0.004052134265571882 -0.6271974972188747 -0.010068020325162835 0.9998652173445446 0.012968505270999681 -1.4032977079106475 0.004182847065827729 -0.01292693781746775 0.9999076947809222 92.70416085311254
0.9999553910847194 0.00838412600947237 -0.004349970713570989 -0.6401602870375267 -0.008327131295541254 0.9998813525420975 0.012959156445955633 -1.4221999399586696 0.004458106187884737 -0.012922355839523121 0.9999065646461223 94.05174476219997
0.9999575055418403 0.007997333813805439 -0.0045858190607069825 -0.660376360906327 -0.007939294187398109 0.9998898775166885 0.012537960740374061 -1.431563823495375 0.004685584721879445 -0.012501020036240323 0.9999108809327764 95.42647191888325
0.9999610497669634 0.0076802421285284365 -0.00434888551535998 -0.668318946362764 -0.007627980725776899 0.999899989770983 0.011909004058921669 -1.4398284106591683 0.004439915001330877 -0.011875367229101907 0.9999196281806294 96.78236317234028
0.9999516010094271 0.00888112630223483 -0.004233344627073257 -0.6867781149821206 -0.00883265851184677 0.9998967616743437 0.011333585133863773 -1.4551755664972088 0.004333562959490134 -0.011295645145290628 0.9999268116443173 98.10859484310961
0.999935563759896 0.010658289318482452 -0.003907577895346281 -0.7080967600576726 -0.01061307935262577 0.9998785376120096 0.011413701844643362 -1.462067430050578 0.0040287541570513605 -0.011371495189900573 0.999927226476401 99.46597800674066
0.9999337640692179 0.010844509019084424 -0.003855394412828229 -0.7148154010912201 -0.01079416353996404 0.9998591972792691 0.01284802200502911 -1.4750203777221471 0.003994182400530103 -0.012805555510478746 0.9999100280862914 100.79636521219155
0.9999317305265896 0.011089855344887491 -0.0036809457665960264 -0.7396053749525195 -0.01103603103296985 0.99983635414056 0.014334258877737973 -1.4831761409111404 0.003839308587798849 -0.01429265754704306 0.9998904838345951 102.13358082693772
0.9999379449987451 0.010572107812327 -0.0035123577875771496 -0.7499663276015198 -0.010523501229767914 0.9998524010009496 0.013580579999219104 -1.5061518758673278 0.0036554150421828214 -0.013542775232808226 0.9999016107558352 103.48216298997565
0.9999394112687955 0.010455472010036796 -0.0034433800391067398 -0.7623840044151992 -0.010415936990679468 0.9998818329408691 0.011306123613641292 -1.5159319928017867 0.003561184313407162 -0.011269572793459382 0.9999301549138089 104.8022196663142
0.9999508425263846 0.009270744690147575 -0.003516503459766492 -0.7732080012981222 -0.009234866301154825 0.9999064945138941 0.010085608081827116 -1.527596911967425 0.003609676057569753 -0.010052638067686723 0.9999429557313139 106.13817942387686
0.9999615426887903 0.008162415837860324 -0.0032075049128930757 -0.7859155648155984 -0.008125901062525871 0.9999038444703604 0.011237061834443455 -1.545801027249813 0.0032989183523838344 -0.011210566049571253 0.9999317178470613 107.4832866995763
0.9999832004173096 0.005117199457475564 -0.0027227078522800135 -0.7940898111807803 -0.005081232752390465 0.9999018444967731 0.013056892830362456 -1.5424490450715493 0.0027892555743581414 -0.013042839030955008 0.9999110482505208 108.8077239687505
0.9999906570825142 0.003933156141981236 -0.0017933265245567678 -0.8088546534651864 -0.003907724261423856 0.9998947636722644 0.013971087051977906 -1.5642241334046874 0.0018480884355162749 -0.013963948975435373 0.9999007914323479 110.16516238330095
0.9999939496588894 0.0032542676594202727 -0.0012289750298635554 -0.818932029583876 -0.0032377345089862463 0.9999073238251818 0.01322349562947136 -1.5771395871891498 0.0012718940452913275 -0.013219436792024105 0.9999118105031967 111.47232053161635
0.9999919012768742 0.003994858708080851 -0.0004883403130199698 -0.8329756713840979 -0.0039892125863119025 0.9999308476157109 0.01106282843653161 -1.5934941173249482 0.0005325010333298225 -0.011060790969920326 0.9999386857955458 112.81331170393831
0.9999714374600369 0.00753929390027387 0.0005322559815500488 -0.8367958881128881 -0.007543789622035159 0.9999308617728063 0.009020139991645236 -1.6130616737397543 -0.000464213728301932 -0.009023897763940036 0.9999591760551452 114.16020536677956
0.9999437136773454 0.010411693338686192 0.002041102099923529 -0.8526080403595596 -0.010428613071308561 0.9999098185085081 0.008461613381603965 -1.6143927872712842 -0.0019528184654286143 -0.00848242314611318 0.9999621167811711 115.46892292445749
0.9999341665147551 0.010911135147257195 0.0035510202949876526 -0.8655831159173688 -0.010949341912739444 0.9998803849374206 0.010923724211522974 -1.6312857353288612 -0.003431405590090253 -0.010961886621654761 0.999934029072368 116.83951053346357
0.999924717157968 0.011438919208981376 0.004439720927996736 -0.8717571020974292 -0.011494902703335311 0.99985205665465 0.012795782015708558 -1.6312118679425947 -0.004292694537239581 -0.012845853131424907 0.9999082742085987 118.13803608988422
0.9999277273884202 0.01072253622601859 0.005437572770094079 -0.8705983393066132 -0.010797546991791949 0.9998442768335021 0.013958333762294182 -1.6521691490334707 -0.005287057710776287 -0.014016037684726885 0.9998877925588927 119.50274475252711
0.9999181348140072 0.011114740788999327 0.0063392576440477345 -0.8717354311908206 -0.01119868104694953 0.999847996795606 0.013363115932223741 -1.6636298676385488 -0.00618976699978364 -0.013433013550917706 0.9998906144826171 120.82597873036697
0.9998855437345108 0.01297040582401442 0.007788965160955345 -0.8697358830057238 -0.013072757920932265 0.9998269321654811 0.01323664397583289 -1.6731947911166334 -0.007615933131147367 -0.013336952481602316 0.9998820546741646 122.13047422702311
0.9998537302633069 0.014620656311619684 0.008874370785479136 -0.8741953494795318 -0.01473225324824111 0.9998115430233124 0.012642752250413844 -1.6771535364873629 -0.008687853737679446 -0.01277164273205442 0.999880696051881 123.50475659580313
0.9998324510481373 0.015271537227738458 0.010092073554833075 -0.8761164079332773 -0.015392974587263549 0.9998087065300433 0.012066760778854088 -1.6874224788573542 -0.009905865848798387 -0.0122200862819845 0.999876263999986 124.83967077384314
0.9998090538654111 0.016039802397558294 0.011161564028521935 -0.8698842457612713 -0.016166558209349056 0.9998047734353452 0.011360345524831806 -1.6920559214457003 -0.010977168216646231 -0.011538620616114709 0.9998731729622382 126.17212941933047
0.999802947970541 0.015831303546276463 0.011976436098785933 -0.8667466913989509 -0.01596309903454446 0.9998121808846809 0.010990107469213493 -1.7115608241646492 -0.01180019995694487 -0.011179123104616728 0.9998678825150088 127.50338252686035
0.9997945748967989 0.0155750904895516 0.012970139849720235 -0.8616882292697394 -0.015729100605574715 0.9998059727888298 0.011858001808412625 -1.7190878138589865 -0.012782934909935808 -0.012059574750946609 0.9998455696908386 128.83003781513474
0.9997888682599091 0.015177966554400273 0.013850927773327089 -0.8544249349111049 -0.015355389202628807 0.9998002402483651 0.01279420402981712 -1.7323374664748863 -0.013653972058880047 -0.013004189410852731 0.99982221424833 130.2058328957963
0.9998097917495602 0.013316831772978446 0.01424929067362313 -0.8396671524624488 -0.013508785460235113 0.9998181449524711 0.0134606748466551 -1.7363075915836563 -0.014067447004324577 -0.013650605393708914 0.9998078654959447 131.52866215543386
0.9998207822154719 0.012482460701621411 0.014233467571613248 -0.8301655721413892 -0.012678111460310513 0.9998252318986423 0.013739402236932123 -1.756159809091975 -0.014059479644706198 -0.013917393652462992 0.9998042994439471 132.87467959303387
0.9998469446909481 0.01038694923022562 0.01407829743811196 -0.8184088886285878 -0.01059183541011487 0.9998379299209361 0.014557710403355233 -1.7512801831466918 -0.013924806734012328 -0.014704597564249603 0.9997949162547671 134.1964182196384
0.9998703585407266 0.008828459747392483 0.01346567473197056 -0.8009441262800134 -0.009026120681420578 0.9998513645853121 0.014689380377006064 -1.7732399325310446 -0.013333989767890853 -0.014809019117271033 0.9998014291199363 135.53005290914936
0.999884741541784 0.008942881306202861 0.012269005345844256 -0.793831344519822 -0.009117852575353625 0.999856460517942 0.014280165931244386 -1.7839077378405723 -0.012139539445057117 -0.014390387283920666 0.9998227584604634 136.8696276366841
0.9999089300844399 0.00736596142790553 0.011308144879969263 -0.7861731017209217 -0.007542393343725152 0.9998492460616835 0.01563961193178655 -1.7962589694221314 -0.011191240287893495 -0.01572347841675501 0.9998137468386087 138.20690599319204
0.9999277105496522 0.0063476798730430625 0.010211788728373887 -0.7682690508217549 -0.006510682885496691 0.999850651195075 0.016008944972013144 -1.8052213796459884 -0.010108644793847217 -0.016074273725734226 0.9998197002583921 139.549040563833
0.9999481513199068 0.004992729317807982 0.008875095664031597 -0.7698146086847235 -0.005137124086238586 0.9998535908582229 0.016321973119866367 -1.8147856938149465 -0.00879230580531357 -0.016366719634054706 0.9998273980279667 140.9072228929802
0.999963834419307 0.0037566708876241653 0.007630024705716384 -0.76859369021481 -0.003877732608688831 0.9998658427911465 0.01591413238020289 -1.808714748315387 -0.007569217552123196 -0.015943144342919095 0.999844249418043 142.22608515118984
0.999972460826431 0.003363386944331177 0.006615528491058277 -0.7636470659932393 -0.0034658513009848914 0.9998732644338869 0.015538434430793406 -1.8068170375422659 -0.006562428843047296 -0.015560935257111929 0.9998573857415388 143.5771487270837
0.9999820826364877 0.0012806839029899635 0.005847585707428193 -0.7530354347304298 -0.0013593571901564351 0.9999083531676192 0.01346987047292566 -1.822948508528196 -0.005829799630289084 -0.013477578347909695 0.9998921783459283 144.92909451126908
0.9999879390231885 -0.0014954536195356197 0.0046781870667018345 -0.7683675695467287 0.001436809801579668 0.9999206651447669 0.012513951697491362 -1.846898913431003 -0.00469653034444774 -0.012507079343521387 0.9999107538017422 146.2349694800784
0.999934450418562 -0.010869342753147894 0.00359892604772104 -0.7603260377023924 0.010811709598833147 0.9998188562657623 0.015664021650344216 -1.8432505813745625 -0.003768532050103361 -0.01562408463354566 0.9998708347320706 147.61494390933183
0.9998335282002979 -0.018137457377703753 0.0019870926819360105 -0.7491289100076309 0.0181007527305988 0.9996890642334192 0.017150439843883557 -1.8503746615924712 -0.0022975403744270873 -0.017111617227527045 0.9998509458259434 148.93761754918503
0.9997983691535837 -0.02004921524266909 0.0011180403270746545 -0.7221792028946019 0.02003133007829051 0.9996984614202212 0.014203240379849187 -1.866150220943532 -0.0014024671238540068 -0.01417798099660199 0.999898503821608 150.23941967127604
0.999814899052128 -0.019203755917359063 0.001176180720874103 -0.7438876239190029 0.01918935325544431 0.9997527961183569 0.011230109711411012 -1.881053330944337 -0.0013915503573472014 -0.011205461065146369 0.9999362485838366 151.63519799125586
0.9998693328647559 -0.01600397807070901 0.0022781341050960822 -0.7522289623250373 0.015983013997217427 0.9998322842530529 0.008941287204160467 -1.8896123013961084 -0.0024208483866610233 -0.008903707583761139 0.9999574308358684 152.946224836339
0.9998649541721255 -0.016130484942664575 0.003143387863589378 -0.7568131416250379 0.01610104693732465 0.9998282652388859 0.009175854447831013 -1.904267327766392 -0.0032908592861568154 -0.009124003616248195 0.999952960294568 154.32019164078366
0.9997936657007515 -0.020014573378754764 0.0034702864484756468 -0.7597325057897168 0.01997148958354679 0.9997281145384698 0.012034807618278985 -1.8986346658934705 -0.0037102147705793597 -0.011963017852481807 0.999921557178394 155.64449901578675
0.9995879385399618 -0.02845126249288691 0.0038051000562960074 -0.75903910375268 0.028391161557518776 0.999484146614878 0.015012748288551321 -1.8966010786325096 -0.004230269168075177 -0.014898531171577611 0.9998800621039582 156.98276628891716
0.999536000383973 -0.03021874648490521 0.0038224719631055103 -0.7418152947092072 0.03015315120394968 0.9994141669070631 0.01618982585446718 -1.9140246764824833 -0.004309469224487826 -0.016067054496473842 0.9998616295452725 158.33919674122694
0.9994981745006145 -0.03146047910693373 0.003692887198056192 -0.7375015945766685 0.03139498652948836 0.9993687955637657 0.016624237731532807 -1.9345871667597927 -0.004213563055355205 -0.01649995741901877 0.999854988132819 159.6658082630987
0.9995215822096787 -0.03055957138035157 0.004766475501054503 -0.7419150353062817 0.030475028807183446 0.9993926133638069 0.016901981438571034 -1.925398287017127 -0.005280098146049668 -0.016748637054202157 0.9998457899707907 161.0318932127103
0.9995736869869989 -0.028573010168714753 0.006002280638315403 -0.7440845898740003 0.028470073427540148 0.9994570125895615 0.016587190957239668 -1.91762501648916 -0.006472967982920989 -0.0164092345476826 0.9998444067493863 162.37331793989256
0.9996495697428237 -0.02553059892380012 0.006994729263930603 -0.7517632901797675 0.025423389040670187 0.999564079572153 0.015010067068524017 -1.926267933615032 -0.007374896729995028 -0.014826977630256272 0.9998628764145795 163.72371589433473
0.9996763408287668 -0.024269555356012995 0.007629041757132382 -0.7525256406052658 0.024157396562838565 0.9996035088680079 0.01446531171610697 -1.9207098448090283 -0.0079770842538993 -0.014276332354510184 0.9998662672878981 165.07157511146366
0.9996940090472775 -0.023425075298048555 0.007946957384494155 -0.7543453936748001 0.023297749867106796 0.9996044475431184 0.015753199483265687 -1.9241476656213685 -0.008312834518204602 -0.015563233203461358 0.9998443291604477 166.41609533364786
0.9997213693370134 -0.022304369287535188 0.007726500661490488 -0.748475577064931 0.022181157092947795 0.9996309753009149 0.015681501150146285 -1.9215238879688192 -0.008073416052600783 -0.015505749360113662 0.9998471841685609 167.75054980804373
0.9997896353373711 -0.019164444411609038 0.00730815684279955 -0.7461678950410702 0.019064290955998167 0.9997266221830391 0.013536384167248462 -1.9436874325375542 -0.0075655768638375484 -0.013394212005132947 0.9998816715641471 169.1379124948601
0.9998495768057344 -0.01597120951505427 0.006763449118901798 -0.7512216292990288 0.0158968475734138 0.9998141198003018 0.010909448754604981 -1.9485367551447772 -0.00693642959565187 -0.010800290395766222 0.9999176164409311 170.54609363577455
0.9999234071862552 -0.010543253020608179 0.006482252163593636 -0.7553843282711874 0.010482466364178291 0.9999014266249856 0.009341034175742377 -1.9561720657968307 -0.006580098620717732 -0.009272368898713116 0.999935360647667 171.9043227671029
0.9999508629704059 -0.007090465146779485 0.006927984092241466 -0.7603839925057893 0.007017792992370169 0.9999206839311411 0.010458318053581162 -1.9692104475330363 -0.007001589514199629 -0.010409185198718677 0.9999213102062675 173.25157114777855
0.9999678160042008 -0.0026334555578113247 0.0075783822946223125 -0.7702799295019951 0.0025354946794046013 0.9999134854718471 0.012907084472736086 -1.9960404896565684 -0.007611717520447679 -0.012887454368991946 0.999887981363099 174.6185750448646
0.9999702930629224 -0.000528718749881819 0.007689828070677899 -0.7706963161371605 0.000412278358026482 0.9998853615018816 0.015135847303560533 -2.002030622147993 -0.007696949764801716 -0.015132227605786811 0.999855875939925 176.04233806481636
0.9999710335682483 -0.0035722779773636887 0.0067209274631673975 -0.7689115493309902 0.003460675589558997 0.9998571459249557 0.01654422723696432 -2.000867896903569 -0.006779068489210578 -0.01652048937748414 0.9998405461182699 177.44311212967943
0.9999699973106102 -0.00560443772507436 0.005347407714492285 -0.7678659669585115 0.005515848244804361 0.9998496357578547 0.016440233532775732 -2.0019998426776766 -0.005438742366586376 -0.01641024510682242 0.9998505508017462 178.84279364416892
0.9999603211758418 -0.00832709476444832 0.0031647400766623363 -0.7659400196094593 0.008285870835080558 0.9998834457308842 0.012823388163533804 -2.0036700040834003 -0.003271153046636951 -0.01279665696224989 0.9999127687599152 180.180993747377
0.999985311598262 -0.0051985275218976845 0.0015335932286579927 -0.7781801881013399 0.005184877315768981 0.9999480602044846 0.008774618577446361 -2.0278959511720096 -0.0015791287962925017 -0.008766538367101584 0.9999603262918845 181.5968547533
0.999998399326146 -0.0015038788676925204 0.000969379803151953 -0.8041609950372137 0.0014959834884698577 0.9999661176621746 0.008094785752815248 -2.0355639548320683 -0.0009815206118137295 -0.008093322777090009 0.9999667668201102 182.99177222697332
0.9999986240808996 0.0015295812780074473 0.0006420402859007243 -0.8236747645088325 -0.0015354858794584206 0.9999555844424673 0.009299001296208182 -2.037348333103705 -0.0006277882366578142 -0.009299974529286933 0.9999565572352171 184.31760286363613
0.999989519176353 0.004448123258689549 0.0010843108228489396 -0.8210926848543707 -0.004461058301427458 0.9999152140402873 0.012233711352677739 -2.052138546287013 -0.0010298019099257805 -0.012238420550886852 0.9999245774424907 185.766083984481
0.9999796742125556 0.006184898766401866 0.0015486053801135903 -0.8350046692176101 -0.006207244027160884 0.999870230078736 0.014865837681591883 -2.071149158510633 -0.0014564608280440998 -0.014875148389965858 0.999888298104602 187.1318510861906
0.9999904781379364 0.004020013108113813 0.0016979761004110154 -0.8414774116783075 -0.004045625144287245 0.9998738483912855 0.015359694698031938 -2.0639016530964467 -0.0016360158500810789 -0.015366418124557036 0.9998805911960537 188.58355778031893
0.9999921407959859 0.0036577809995309036 0.0015293723365159483 -0.8389567491728789 -0.003681995842996692 0.9998629308214976 0.016141947686707687 -2.0755344587660427 -0.0014701191086024653 -0.016147452286297687 0.9998685406290575 190.00344654898663
0.999998557103967 0.0004151063754918947 0.001647263879055326 -0.8447764933558013 -0.000442732880450109 0.9998586650418595 0.01680636549620179 -2.079909957212122 -0.001640054758676592 -0.016807070874489783 0.9998574061307532 191.34859128643387
0.9999976113336047 -0.0008852185759132911 0.0019984292008344657 -0.8554833273109212 0.0008510723363550857 0.9998547318803794 0.01702324302141185 -2.086000134491509 -0.002013208340061251 -0.017021501883925497 0.9998530969452509 192.81252771681235
0.9999901806584731 -0.0037711274867848234 0.002327486291194438 -0.8499764039116966 0.0037290024557783616 0.9998338025672144 0.017845497216861204 -2.085160205101455 -0.0023943973017136466 -0.017836643130451694 0.9998380474000913 194.18041214771193
0.99995741201092 -0.008853890103023862 0.002604382309443014 -0.8524247979731865 0.008801599749571157 0.9997721402358173 0.01944735023136785 -2.0819353907473532 -0.002775973795554068 -0.01942359965094249 0.9998074903462464 195.6251237572465
0.9999184567148166 -0.012429115608712996 0.002932067568925314 -0.8476319926399556 0.012367459763595405 0.9997197773212008 0.02018446806976605 -2.090715412452206 -0.003182121276018225 -0.020146560319227673 0.9997919734715263 197.0379112777357
0.999938867036777 -0.010602231394465124 0.003139250326661289 -0.8543587200588167 0.010548469528840124 0.9998053364371373 0.016673901913028488 -2.0962460428589322 -0.003315420061328421 -0.01663976861873364 0.9998560526863853 198.45393382694826
0.9999853327418462 -0.0042322210073272234 0.003379736152890985 -0.8712976124343161 0.00419268758680243 0.9999236965042838 0.011619919542219888 -2.105469339998971 -0.0034286566148645408 -0.011605579154756768 0.9999267747421315 199.8938071811241
0.999970607320882 0.006032550077994589 0.004732105983207542 -0.8780909865502298 -0.006083053585982987 0.9999239111187876 0.010731655997774292 -2.103132869750044 -0.004667007056415608 -0.010760126432822812 0.9999312169957659 201.34134002551545
0.9999086614486586 0.01200278785257532 0.006213036382508809 -0.9044250551401851 -0.012091312910124722 0.99982302746468 0.014412283868700186 -2.1012169458079595 -0.006038949759353728 -0.014486091528387228 0.9998768345340449 202.77106736271978
0.9998799208664431 0.013741169490952618 0.007164082715712927 -0.8999687386497794 -0.013858323525260775 0.9997666959989799 0.016568055629638784 -2.1020875077109284 -0.006934747419458482 -0.016665348661259766 0.9998370744442372 204.20314324124962
0.9998898125049459 0.013260512098362548 0.006672453910013372 -0.8983146596761951 -0.013373647358459896 0.9997625116482227 0.017206565142614465 -2.1128515945946083 -0.006442701946023451 -0.017293904585681433 0.9998296917263007 205.67782314790247
0.9999389882631065 0.00970527775109604 0.00527516056150992 -0.8885797169405327 -0.00979644491618042 0.9997981640103433 0.017540265733856426 -2.1172674054134295 -0.0051038631112284615 -0.01759087374163215 0.9998322418011255 207.10122960320706
0.9999627586268199 0.007571454649387683 0.004141789804333774 -0.8877295496610734 -0.0076416629391210895 0.9998227570420964 0.017206379518183868 -2.1185741979866597 -0.004010778704579319 -0.01723738923290932 0.9998433807701619 208.53865112460664
0.9999593044138704 0.008193876341235423 0.003774903113847426 -0.8970867236945721 -0.008256071507925485 0.9998253555873338 0.01676590641009233 -2.122018639389432 -0.0036368663785530594 -0.01679639031611346 0.9998523163340538 210.03439733435982
0.9999516879134103 0.009157945620542752 0.0035712540067121476 -0.9042477733572032 -0.009216538179770998 0.9998172199684711 0.01675058479489777 -2.1258571905687824 -0.0034172005839499834 -0.016782690473110776 0.9998533212647408 211.49447360661964
0.9999396669508739 0.010432619218624803 0.0034384436369764614 -0.9080326120578941 -0.010490706233766219 0.9997947546278644 0.01733186997949977 -2.117724388343414 -0.00325692137437534 -0.017366896344668935 0.9998438795025066 212.94039397179523
0.9999467631474034 0.00986595228537496 0.0030222240191470654 -0.9222569954895026 -0.009917558566471566 0.9997965377133099 0.01756488606138393 -2.133181609528577 -0.0028483150098966774 -0.017593924397852886 0.9998411578498896 214.37645517882737
0.9999398527106703 0.010588858664210664 0.002857798512096111 -0.9236494139162283 -0.010635787160401283 0.9997999671540029 0.016938291730606708 -2.1398753992095187 -0.0026778698946571954 -0.01696766821535283 0.999852452741183 215.85407332608534
0.99994810719169 0.009886565038391942 0.002457384040760723 -0.9307306601854402 -0.009925891765428328 0.9998138961213612 0.016542364097709365 -2.1377611796407487 -0.002293379734584897 -0.016565897728208587 0.9998601459436062 217.3219680108825
0.9999516869430639 0.009643330531534614 0.0019052393205934207 -0.9303539626614062 -0.00967384633790668 0.9998134927676916 0.016715154515972015 -2.1451895725082397 -0.001743694354262258 -0.01673277828394835 0.9998584768187033 218.79036353520715
0.9999268038087271 0.011980128953742312 0.0016921904931239168 -0.9395389573979402 -0.012006334612136897 0.9997928849221065 0.016432748076507728 -2.15747566686172 -0.0014949736877461156 -0.01645186259944458 0.9998635413275649 220.26677681150886
0.9999518046240772 0.00969349010838199 0.0015571316203720775 -0.948420892032773 -0.009717614755134465 0.9998196894195549 0.01631430742308031 -2.1489956000707817 -0.0013987083810719364 -0.016328653082228806 0.9998657003362162 221.76865837041257
0.9999309855222718 0.011688634105093933 0.0011832155475400032 -0.9557302106005932 -0.011706263735319748 0.9998004407105414 0.016187716474309534 -2.158934127739534 -0.0009937672026577023 -0.016200450648216225 0.9998682702393544 223.24449103649224
