1.0 -3.469446951953614e-18 0.0 -1.7787691892340307e-19 0.0 0.9999999999999999 -3.5405977195229754e-19 0.0 2.168404344971009e-19 -2.354751593366955e-19 1.0 0.0
0.9999998184235963 -0.0001920850668549537 -0.0005711878058707058 0.002362319113497474 0.00019247468808140412 0.9999997488292508 0.0006821250014084328 -0.022605924994663018 0.0005710566852054147 -0.0006822348305096148 0.9999996042253729 1.3271691485644874
0.9999996106283936 -0.0006537791009101328 -0.000592719197746735 -0.007919465311104833 0.000654445903456851 0.9999991525634703 0.0011254206712697763 -0.039022734061031086 0.0005919829699275456 -0.0011258081578842246 0.9999991910563075 2.6280023007917435
0.9999985244145516 -0.0013027883364233259 -0.0011197818803216006 -0.009237891080545669 0.0013039057301220784 0.9999986522693178 0.0009976408324551258 -0.07468629499243629 0.0011184807517386937 -0.0009990994699656881 0.9999988754008837 3.951588009716078
0.9999979703929316 -0.0019372292020578968 -0.0005534935160862804 -0.022621730228531776 0.0019378222764117967 0.9999975470085425 0.0010727621581313692 -0.08804860127523392 0.0005514140197964412 -0.0010738325730415249 0.9999992714133459 5.267169887610847
0.9999970363777451 -0.0022571198362509055 -0.0009124952858407569 -0.018649511464555332 0.0022585204423063825 0.9999962688861208 0.0015366507913542942 -0.10716272735913926 0.000909023554459875 -0.0015387071558975055 0.9999984030278168 6.588547983450409
0.999993411929628 -0.0035640744441645528 -0.0006880948926156205 -0.027458360755302266 0.003565773711241879 0.9999905575681831 0.0024839538827131874 -0.14381064780555902 0.0006792354584401431 -0.0024863911557593994 0.999996678244359 7.923302888552241
0.9999934488628279 -0.0035843742393287664 -0.00050447690347102 -0.04651353836235246 0.0035858139609772615 0.9999894178116452 0.0028820474361259487 -0.16242383274747663 0.0004941412727643951 -0.0028838375702589453 0.9999957196441415 9.238816210584606
0.9999943853944395 -0.0031788703261470385 -0.0010601725549057206 -0.045096467516606384 0.0031813283738973113 0.9999922372707784 0.00232476730654709 -0.18721028453359162 0.001052774282346332 -0.0023281270552355064 0.9999967357411003 10.570550200539195
0.9999993687833213 -0.0006551735613924449 -0.0009127870142101034 -0.06615006923595038 0.0006551676776918296 0.9999997853540532 -6.791435061241449e-06 -0.20393118117388526 0.000912791345030335 6.1934021069543856e-06 0.9999995833874477 11.891690586816438
0.9999974609321314 0.002053435769330098 -0.0009281840996047622 -0.06625457574429769 -0.0020541169806077815 0.9999976213500681 -0.0007334175773812874 -0.23049239722261428 0.0009266759434683179 0.0007353223260709998 0.9999993002868425 13.229593908926526
0.9999825763596024 0.005857678802055734 -0.0007311383884667623 -0.09360535877013113 -0.00585824615576989 0.9999825394360706 -0.000775749201119395 -0.25272880089701194 0.0007265815931115384 0.0007800188836946142 0.999999431825235 14.569979473004588
0.9999824980309953 0.005907205112389956 -0.000329464811970861 -0.1142490472324531 -0.005907192951465919 0.999982551627644 3.9032929830520483e-05 -0.28002457135527 0.00032968966637476286 -3.708603998539952e-05 0.9999999449649329 15.92024154952152
0.9999906106591527 0.004331836072621452 -0.00011739390085473578 -0.10437589222893495 -0.0043314727570844674 0.9999863025313663 0.0029382139268299143 -0.3064753973760407 0.00013012016703083974 -0.002937677911778002 0.9999956765496524 17.262322288799012
0.9999999873559501 -0.00015623209759997245 -2.9662070685552207e-05 -0.11691823475913134 0.0001563805486600109 0.9999871250088649 0.00507201736830722 -0.3346038636873677 2.886928344191528e-05 -0.005072022042618759 0.9999871367973691 18.627756912785106
0.9999978246300142 -0.0020486600297827933 -0.0003920838824194048 -0.10842496161981807 0.0020499787103346653 0.9999921439260847 0.0033925904057403944 -0.36838014703823807 0.0003851305732614366 -0.003393386854840092 0.9999941682836878 19.963717413601334
0.9999955813498002 -0.0029617286254420665 -0.00025582861301019257 -0.11764142360824295 0.002961949238754903 0.9999952388205631 0.000865556775701632 -0.36743657529564344 0.000253263872995639 -0.0008663107174880755 0.9999995926817554 21.317530540481986
0.9999996104886185 -0.0008809486363064167 5.434683127857488e-05 -0.13252437084525184 0.0008809618921284644 0.9999995823498266 -0.00024332070320624857 -0.4229908034747887 -5.413246025182789e-05 0.00024336849143256502 0.9999999689206693 22.67027521352844
0.9999989878085046 0.0011513780381881295 0.0008358886531880361 -0.14283322149491376 -0.001152144614564604 0.9999989157553267 0.0009170892959878781 -0.41174259218640763 -0.0008348319002863189 -0.000918051450624667 0.9999992301177798 24.03520761708667
0.9999968841196333 0.0017932039784033004 0.0017367123519979144 -0.15629590522815592 -0.0018031851112985725 0.9999817699411779 0.005762665221917439 -0.4368149088003077 -0.0017263471987589822 -0.005765778993607128 0.9999818875944566 25.427665601727917
0.9999983668336426 0.00030876429889309213 0.0017807292340546296 -0.14801013649053962 -0.00032040287350872977 0.9999785674748873 0.006539260789229397 -0.4649053864934026 -0.0017786721232859865 -0.006539820787978464 0.9999770332706596 26.799718755627623
0.9999904516971011 -0.00404137009564829 0.0016624831456810354 -0.1474770562254889 0.0040313523457161625 0.9999739589461182 0.005985784903062452 -0.4927627398647502 -0.0016866307623776477 -0.005979025807024203 0.9999807030769264 28.168216171106817
0.9999904727728212 -0.004088803548492172 0.0015284164505089846 -0.15859413377023512 0.0040831477950440485 0.9999848721666967 0.0036855576961493373 -0.4994459035179565 -0.00154346297742989 -0.0036792819008753725 0.9999920402709832 29.531116463002522
0.9999884044384237 -0.004269255091314643 0.0022281064654094303 -0.15982784350417645 0.004265224971974971 0.9999892648822245 0.0018105165522293509 -0.5462421259782295 -0.0022358122906173334 -0.0018009922133460337 0.999995878775382 30.929015760142388
0.9999945604534191 -0.0017517974931687396 0.0027946869928343896 -0.17594716636905147 0.0017502221199155663 0.9999983081297007 0.0005660896888934637 -0.541108019988402 -0.00279567417476534 -0.0005611952940737382 0.9999959346228412 32.30266014293481
0.9999942331455434 -0.00021126688069936922 0.0033895496046277675 -0.18050565488802545 0.00021610042855637647 0.9999989603277964 -0.0014257081516741374 -0.5874760547225781 -0.0033892451632586023 0.0014264324439794728 0.9999932391288165 33.68412878435706
0.9999935550124928 -6.19913670079214e-05 0.0035897207489466493 -0.1967609038263664 6.588005560719673e-05 0.9999994111952654 -0.0010831754044938172 -0.5865452926911481 -0.0035896517920100375 0.0010834049387668987 0.9999929702899046 35.078023874052974
0.9999953587228622 0.00015110779294405345 0.0030429759773296415 -0.19189020885474445 -0.0001526339316342551 0.9999998627010996 0.000501299153684364 -0.6311723273393962 -0.003042900066075223 -0.0005017612959320891 0.9999952444841841 36.47242228683778
0.9999955554369666 0.0007679436556277354 0.0028808629394728716 -0.20796458503260074 -0.0007723643520088927 0.9999985256257288 0.0015336885983842784 -0.6345708025987628 -0.002879681147732992 -0.001535906886162579 0.9999946741973492 37.8774396609882
0.9999939121241466 0.002550595570777468 0.002381213025458596 -0.2018363456468587 -0.002555512475772562 0.9999946045125616 0.002064050862422855 -0.650673016937656 -0.002375935817938891 -0.0020701235571522 0.9999950347449943 39.2695365249943
0.9999790634849371 0.005677948243672442 0.003103786097079146 -0.22670413052486557 -0.005685816877680947 0.9999806297038328 0.002532136334647822 -0.6959497367544774 -0.0030893488961432182 -0.0025497309320009244 0.9999919773638728 40.66402444457321
0.9999610652224579 0.008369289471633332 0.0027969659215238323 -0.22792107149594903 -0.008377105225837796 0.9999610074152798 0.0027942395507782164 -0.7150674267976097 -0.0027734712935693897 -0.002817561295206461 0.999992184570589 42.090473008277755
0.9999600115686974 0.008551838083759984 0.0026155905044903975 -0.2387523746031729 -0.008559147665476266 0.9999594605996935 0.0027960984458184246 -0.7249373774024295 -0.0025915729061133518 -0.002818373919577965 0.9999926702308607 43.47525938704633
0.9999632684729475 0.008254002548213341 0.002309357501456702 -0.25138778078365825 -0.00826069955996179 0.9999616591352656 0.0029053604762336823 -0.7534371147169926 -0.0022852882971994178 -0.002924330728502096 0.9999931128486257 44.90584998652415
0.9999680993144567 0.007852955248454961 0.0014599426618018376 -0.24459228460732468 -0.007856376792525696 0.9999663710109851 0.0023524895631798744 -0.7839408616801721 -0.001441419690541054 -0.0023638844282293007 0.9999961671716936 46.30268027150075
0.9999702131488617 0.007703103401002273 0.0004847652568172587 -0.25431544827181557 -0.00770453803727234 0.9999657303329278 0.003029565831213664 -0.8147337895640432 -0.0004614116222412016 -0.00303321054765506 0.999995293355418 47.73329516483945
0.9999704686020117 0.0076715911154984235 -0.00045672378362893564 -0.263281113836503 -0.00766986370493844 0.9999638445831929 0.003671884071812091 -0.8273778742792347 0.0004848765072729712 -0.003668272705341219 0.9999931543123973 49.13148953749105
0.9999629842040384 0.00849497742701094 -0.001365854867818834 -0.27776339170552405 -0.00848965961054657 0.9999565369599666 0.0038535552871131785 -0.8554280450812916 0.0013985314895537445 -0.0038418170851567787 0.999991642242215 50.559713951266
0.9999585691966306 0.008693777288070751 -0.0026977959344335147 -0.2790195520117316 -0.008682650248843416 0.9999538613274356 0.004109357502179737 -0.8750581544545495 0.002733397534386102 -0.004085763319067145 0.999987917467874 52.014519112451524
0.9999462961991892 0.009725981338943134 -0.003579102681133769 -0.30421714957949286 -0.009706325417477157 0.9999379366171206 0.005469020138605579 -0.9108130586471083 0.003632072448454437 -0.0054339866136182465 0.9999786396954868 53.422362777122515
0.9999560562311747 0.008106822608979077 -0.00470797273290596 -0.3040141122026094 -0.00807876935554153 0.9999496788907939 0.00594753627146743 -0.9223846688527928 0.004755951850199881 -0.005909240415014273 0.9999712304913787 54.88055843672714
0.9999759630119294 0.004994313039451866 -0.004809388377786991 -0.3288700308959457 -0.004960135622534637 0.9999625470548538 0.007092358552569304 -0.9382223440425961 0.004844630125644706 -0.007068333002096331 0.9999632834454042 56.264945387657114
0.9999773777774997 0.004197645509132941 -0.0052558241088238745 -0.34565842753528647 -0.00416119688620177 0.9999673515002692 0.006926787132551101 -0.968346805986463 0.005284729162879635 -0.006904760057919366 0.9999621972547769 57.69423402163338
0.9999829387346545 0.002870150157611928 -0.005087677514984436 -0.36977909579849627 -0.0028329038697105314 0.9999692463768177 0.007313067707922606 -0.9928402504754207 0.005108511090342485 -0.007298530186619024 0.9999603165044494 59.14492199111405
0.9999828626060527 0.0028854649396215697 -0.005093973994827968 -0.3633922872651937 -0.0028451172625133386 0.9999646659272873 0.007910259636026177 -1.0206637160095555 0.005116619219431016 -0.007895631283435161 0.9999557386338692 60.548821071789106
0.9999898081359979 0.0007758318496556794 -0.004447662227287017 -0.3870882018364265 -0.0007379989989618543 0.9999635885703119 0.008501581600812094 -1.0266327462116198 0.004454096462569941 -0.008498212755291536 0.9999539696485019 62.00752320495911
0.9999888535532484 -0.0015377726712874663 -0.004464080902083138 -0.3793814312024282 0.0015753082686327073 0.9999633353157348 0.00841703173178673 -1.0509190019489605 0.00445097412967405 -0.008423970383824914 0.9999546117516317 63.41586862341699
0.9999899257986234 -0.0024717898610315883 -0.0037468056860008553 -0.40706469220160707 0.0024992265029437997 0.9999699700738505 0.007335721621163953 -1.069256065826417 0.003728561128597148 -0.007345011981607732 0.9999660737444466 64.82452083576925
0.9999925897642581 -0.0025579683272802245 -0.0028770146405332547 -0.41931283920231505 0.0025790094192957008 0.9999697824688358 0.007333679421430923 -1.0912556412758359 0.0028581686322393203 -0.007341045070051502 0.9999689694868056 66.27346217748948
0.9999967144385512 -0.0008857268561260501 -0.0024055347132306178 -0.4283823996889208 0.0009028951591345084 0.9999740644656033 0.007145290273644458 -1.1100747049591166 0.0023991437575170086 -0.007147438885149204 0.9999715787125023 67.64723283498294
0.9999962020570353 0.002125747911816179 -0.0017541552446765944 -0.4501010084498456 -0.002110285993915862 0.9999593178655444 0.008769795202448867 -1.130822296778145 0.0017727264125084853 -0.008766060301868678 0.9999600060170178 69.12266406967333
0.9999863325184268 0.0051588456214851745 -0.0008491623631959168 -0.46525282911745114 -0.0051502883714051005 0.9999388240601486 0.009788905644191498 -1.1472959754328333 0.0008996099515238997 -0.00978439862098873 0.9999517269599713 70.48410522996046
0.9999544777684952 0.009538695169475992 0.00023593248340787938 -0.4928744009698247 -0.009540706938846512 0.9998945785578445 0.010945624658369511 -1.1757722367316514 -0.00013150063686939131 -0.01094737757475902 0.9999400670217475 71.9306920235807
0.9999184039150183 0.012759589050327754 0.0006151169836357993 -0.4926711185577469 -0.012765421704820746 0.9998617436088719 0.010655407245693247 -1.1806630388672374 -0.00047907335481494153 -0.010662390253408182 0.9999430403406803 73.30518756722714
0.9998577376623279 0.016809693966764114 0.0013923296363786922 -0.5112642788713385 -0.016823008908063833 0.9998066860144008 0.010177279313006202 -1.1998837296807623 -0.0012209836248724965 -0.010199254856244773 0.9999472408087484 74.68259495450134
0.9998403352726936 0.017722841421143727 0.0022814047434961495 -0.5287206371453856 -0.017745039531040657 0.9997914521923311 0.010107707000896205 -1.2065967354108242 -0.002101791843709106 -0.010146576985827943 0.9999463132823865 76.1283518955954
0.999825483118661 0.01849525257165816 0.002632278484995241 -0.5351135778844396 -0.018522114556623337 0.9997725277590956 0.010574689545108502 -1.2261071780880948 -0.0024360983590953093 -0.010621599668448794 0.9999406217599404 77.50483454202092
0.9998345692769484 0.017987245317831302 0.0027005625215035084 -0.5367260410137755 -0.018015456781898795 0.9997792379783601 0.010812893721405181 -1.256094520991103 -0.0025054723719322184 -0.010859757029756308 0.9999378922142562 78.91447745535385
0.9998552613337592 0.016890067579461786 0.0020449834141218117 -0.5299677132720886 -0.016908807110171363 0.9998116979600392 0.009521602128579588 -1.2571317368667438 -0.0018837779886434628 -0.009554802414409227 0.9999525774414443 80.281884335323
0.9998578936775183 0.01673487414668042 0.002033813027635375 -0.5471165608110605 -0.01675372256121222 0.9998132406834851 0.00963309796491235 -1.2866035144896553 -0.0018722246634313006 -0.009665803181800338 0.9999515323375465 81.68136208659536
0.9998724644238474 0.015873979534147646 0.0017526040601362806 -0.5635380874371818 -0.015891377728923992 0.9998195933921304 0.01040407715763512 -1.2979548535943473 -0.0015871338975668025 -0.010430601777242721 0.9999443402279273 83.05100588825927
0.9998707597864221 0.01600874929923575 0.0014777108696560435 -0.5765521795837233 -0.016022006590537825 0.9998270454484509 0.009443226888876069 -1.3074668896340111 -0.001326281146392318 -0.009465682535259423 0.9999543198734653 84.42647733571059
0.9998828624481624 0.015291470183836638 0.0006574823333992191 -0.5841150162610929 -0.015297082795559885 0.9998368710528466 0.009603675229497934 -1.3095442573875025 -0.0005105208018711038 -0.009612608040944142 0.9999536674954067 85.82837577054637
0.9998762692950184 0.01572478333151513 -0.00042100781744479755 -0.593945225634621 -0.01571973899357591 0.9998255461513783 0.010087968430373915 -1.3295568176925263 0.0005795655450081306 -0.010080102317117699 0.9999490265235247 87.1861035706124
0.9998923143401882 0.01459518204474282 -0.0015298184243779207 -0.60148860019368 -0.014577005577321198 0.9998300460367482 0.011286717138034513 -1.3405457885944754 0.0016942902683855575 -0.011263201783301412 0.9999351327326012 88.57416925831762
0.9999249571771202 0.011968046604780722 -0.0026164558971857547 -0.6078646102537681 -0.01193529660114432 0.9998544212846404 0.012193644100570595 -1.3686165083525856 0.002762009340275347 -0.012161501129032946 0.9999222315781257 89.9569915814127
0.9999294361868775 0.011321341026376658 -0.0035985901446568486 -0.6172765972326674 -0.011275767235248691 0.9998590156099433 0.012442105867264177 -1.3774254078533656 0.00373894444851988 -0.012400651296110964 0.9999161185587171 91.3335362273289
0.9999388859645738 0.01028979722218719 -0.004042818061813057 -0.629164222238893 -0.01024047718445174 0.9998751194070777 0.012036537563021869 -1.3973867180112447 0.004166167084205561 -0.011994401823192218 0.9999193854452033 92.70508309377804
0.9999529000312224 0.008799005885727965 -0.004095752379004352 -0.6449353447545753 -0.008749300920569938 0.9998897238784482 0.011999576253374784 -1.418668652911578 0.004200885421523982 -0.0119631763495946 0.9999196142619392 94.03381157406861
0.9999549502695104 0.00833429913368396 -0.00454278138285019 -0.6621832092831518 -0.008280850585931844 0.9998977283456079 0.011660204817358362 -1.423759317793648 0.004639496820937916 -0.011622061673622192 0.999921698316896 95.40577240907652
0.9999595708716033 0.007884568656881913 -0.004323213425183635 -0.6690116795782473 -0.007836269623850527 0.9999079365328906 0.011077515497731486 -1.435921454860019 0.004410157227783816 -0.011043190004677699 0.9999292967405833 96.76333159384077
0.9999509041168523 0.009079151788607992 -0.003969676456213598 -0.6958825643693594 -0.009036874604904585 0.9999036015376992 0.010541467903043266 -1.4547636819029899 0.00406500172412628 -0.010505077109322329 0.9999365575511249 98.1100779875131
0.9999333116858243 0.01092143323427992 -0.003754256876241778 -0.7118867846499921 -0.01088116670028047 0.9998847843562954 0.010583867231332512 -1.4627955965588406 0.003869415661289956 -0.010542310935462085 0.9999369416685487 99.46577648054725
0.9999313328142035 0.011101492269216048 -0.003753197679704873 -0.7148716762084764 -0.011056131324323738 0.9998680882942774 0.01189823483544624 -1.4756314479442805 0.0038847910882300668 -0.01185592221605121 0.9999221697303636 100.8112132856899
0.9999320546560733 0.011133335867401926 -0.0034546883078119756 -0.7469109921059242 -0.0110850475636108 0.999844764605153 0.013695562507596076 -1.4890473913944435 0.0036066296303274388 -0.013656336854305312 0.9999002433736343 102.11861868137227
0.9999373525603138 0.010649181914265846 -0.0034475858611811966 -0.7514304006960902 -0.010604129924648868 0.9998614294311389 0.01283255172658257 -1.511137902064255 0.003583764617540928 -0.01279518941493502 0.9999117159882687 103.47620791829603
0.999937101475805 0.010692081214987229 -0.0033871020797931074 -0.7614067840975078 -0.010655726946941061 0.999887301128758 0.010575469047436302 -1.523584055831972 0.003499794434771539 -0.010538712049888224 0.999938341597776 104.80778145596234
0.9999432875277731 0.010041429744943554 -0.0035484345082200013 -0.7766792951037704 -0.010009162724433003 0.9999094297505053 0.008997164964942544 -1.5299268585114965 0.003638457839622998 -0.008961138042336775 0.9999532287257596 106.14788738353435
0.999958734798604 0.008500788353633394 -0.003203946481309068 -0.7858959652434846 -0.008467145897106483 0.9999103634939225 0.010371713097531243 -1.5519896171340601 0.0032918273146655247 -0.010344157037466169 0.9999410794129985 107.48539170283168
0.9999833053016225 0.005164218998958381 -0.0025922857683515566 -0.8005670185908397 -0.005131613862874789 0.9999095671347961 0.012430772168371915 -1.554306577930419 0.002656246804508907 -0.012417262281650016 0.9999193747296707 108.80796033603997
0.99999146379666 0.0037191717584463112 -0.001800023684833851 -0.8167256672817559 -0.003694104937057574 0.9998988536095529 0.013734487258747444 -1.5825404883193048 0.0018509227033372253 -0.013727720816912578 0.999904057285024 110.16697500038634
0.9999928148855125 0.0034979059434919633 -0.001461103164264722 -0.807349388570952 -0.0034791706724743602 0.999914130325851 0.012634371676293266 -1.59078298169437 0.0015051716807755933 -0.012629197722427583 0.9999191156440984 111.46821964569479
0.9999891895638315 0.004642358427408198 -0.00026316219767027354 -0.8378644587357811 -0.004639428946923598 0.9999370776148755 0.010213545687239775 -1.6038159872691542 0.0003105606129820222 -0.01021221455712499 0.9999478057528146 112.8197993762133
0.999968975509825 0.00785563085393279 0.0005805736766246834 -0.8345130770140049 -0.007860194152366462 0.9999344445325742 0.008326103495808609 -1.6250722825709674 -0.0005151288586186761 -0.00833040877429695 0.9999651688602118 114.16659399473915
0.9999393937654376 0.010789418447685523 0.0021902564719231887 -0.8507300334475465 -0.010805909479980079 0.9999122578938549 0.007662170499009153 -1.6264970578133995 -0.0021073941030215148 -0.007685373994905345 0.999968246453845 115.47633385905787
0.9999290659505986 0.011350672958688059 0.003609053636007344 -0.8663189753445497 -0.011386109222429327 0.999885626346472 0.00995443448702849 -1.6489892750720818 -0.003495651613041232 -0.009994821660413671 0.9999439404080208 116.84105350561428
0.9999165061477824 0.012168397046004555 0.004348657516801784 -0.8711211534888167 -0.012219402317167238 0.999854512288824 0.01190128092377701 -1.644517295768015 -0.004203205675236767 -0.011953425477221476 0.9999197211180599 118.1388713433489
0.9999165212536428 0.011758913187210823 0.005355227571272372 -0.873536211650269 -0.01182692287094209 0.9998474882953984 0.01285006100663543 -1.6647255346965533 -0.005203308514582548 -0.012912324422363047 0.9999030940334948 119.50646141944473
0.999909934058799 0.011826038036414068 0.0063457523497832576 -0.8748362523028679 -0.011903490468582927 0.9998533799221458 0.01230957337211609 -1.6786929230667216 -0.006199248966786242 -0.012384001549513043 0.9999040983095311 120.82641287176212
0.9998811725053249 0.013402096345640095 0.007617391693721658 -0.8636759672543175 -0.013494518036957871 0.9998343466571732 0.012213814166355806 -1.6887953590509366 -0.007452439753787995 -0.012315156105951061 0.9998963936676585 122.13143018483632
0.9998464731203918 0.015030249826901498 0.009006761164467155 -0.8835831355764722 -0.015136045912618492 0.9998158666829197 0.011795460062199014 -1.694342044995961 -0.008827814745401936 -0.011929976131995432 0.9998898666121313 123.5063101841754
0.9998185837545039 0.01599966308181451 0.010334908057522782 -0.8896352059488722 -0.01611401154254116 0.9998087973613168 0.011077336763959174 -1.709088987477276 -0.010155699189891815 -0.011241864208406704 0.9998852345444826 124.84630475684611
0.9997963345872047 0.016793984752542367 0.011191576432411015 -0.8729488166547363 -0.01691261514935398 0.9998008783671573 0.010590897375095292 -1.7159631383681 -0.011011485501270131 -0.010778019417058585 0.9998812836939398 126.17031104601962
0.9997943207685243 0.016205224998541174 0.012194539943821995 -0.8758194957524461 -0.016330520767369662 0.9998141475276916 0.010246196127640652 -1.7328248489057292 -0.012026232653654772 -0.010443232094153314 0.999873146268442 127.50644349963558
0.9997901169407347 0.01585621187403232 0.012973148274630874 -0.8622379307634283 -0.01599909113369538 0.9998116646414437 0.01098473341917925 -1.7415703689642992 -0.012796529784958809 -0.011189986713540611 0.9998555060711557 128.83500834329104
0.9997799630846946 0.01574367159470315 0.013862257477018974 -0.8577639258984345 -0.015907978178361395 0.999803553303334 0.011823327363604651 -1.7570801514472882 -0.013673392845905916 -0.012041246522827379 0.9998340095782603 130.20499859664704
0.9998023956876211 0.014009624402855171 0.014103190086864328 -0.8363455259355449 -0.014179048553455696 0.9998276343157272 0.01198566944832749 -1.7557772434137422 -0.013932845622127354 -0.012183271084873756 0.9998287071883419 131.5298070589764
0.9998131049425579 0.0131446799633353 0.014176478613959174 -0.8272748952223361 -0.013321597369939004 0.9998336503122748 0.012458201111143076 -1.781008820671804 -0.01401036246923526 -0.012644726323034193 0.999821894458911 132.87508824384628
0.9998411409344159 0.01095589745403599 0.014059202862739605 -0.8199312983292613 -0.011142603154130216 0.999849850000324 0.013271016161762083 -1.7743170450820693 -0.013911697146754219 -0.013425564320375744 0.9998130919853448 134.20411572727699
0.9998655317735484 0.009326702002526662 0.013488179469462042 -0.8025559407645754 -0.00951089434681372 0.9998615086609802 0.0136567346950477 -1.8012769545813816 -0.013358940297000136 -0.013783183215947003 0.9998157643158626 135.53381359788392
0.9998851698416638 0.008851313031959506 0.012300462384348704 -0.7960548191242184 -0.009012190409111274 0.9998737654270767 0.013085627585788994 -1.8080342344796039 -0.012183085674226714 -0.013194979327157538 0.9998387194657214 136.88504860413255
0.999909893452039 0.007153507053376821 0.011359238754818542 -0.7906794030726219 -0.0073160723197316525 0.9998704863765154 0.014334767812192757 -1.817539458824125 -0.011255224655972831 -0.01441658144843733 0.9998327270581503 138.22211752624696
0.9999284572548732 0.006456428690385547 0.010069503169802062 -0.7615099674343813 -0.006605834233690503 0.9998675341026841 0.014875389357959302 -1.8322516485642093 -0.009972128244479402 -0.014940842891829766 0.9998386509188716 139.57055391699913
0.9999447958919888 0.005340219291147465 0.009049155918725743 -0.7810012089528648 -0.005476630009525868 0.9998707292491527 0.015117252352491388 -1.8438326803804155 -0.008967257430814016 -0.015165976992630323 0.9998447786708974 140.91952941211593
0.9999600799668533 0.004571830098125836 0.0076770332950129114 -0.7719637941131748 -0.004684884943047134 0.9998798905678209 0.014773499713867716 -1.8424674309010856 -0.007608569911582951 -0.014808876262145318 0.999861393817731 142.2481946337716
0.9999673135325664 0.004579350344727633 0.006663438640602354 -0.7662991253911278 -0.004674938358875827 0.9998853722556226 0.014400948005726303 -1.8461687348420706 -0.006596728385566596 -0.014431628737090292 0.9998740977073457 143.60154445862239
0.9999780953097768 0.00270893498785994 0.006039087111574447 -0.7582679094693603 -0.0027821736232846624 0.9999222890763088 0.012152173416705665 -1.8611442569238528 -0.0060056988586587685 -0.012168709253008456 0.999907922808211 144.94782024727107
0.9999887413231644 -0.00023262694607120542 0.004739527123165927 -0.7697659033732178 0.00017945651243690165 0.9999370842428054 0.011215852489914972 -1.8856794280358673 -0.004741838433373826 -0.011214875892251602 0.9999258680149946 146.25928466835413
0.9999414325185793 -0.010110898374467634 0.0038602177709937168 -0.7745728933276879 0.010055170425223933 0.9998487153523075 0.014192953906093085 -1.88172255455675 -0.00400313762002503 -0.014153307780923679 0.9998918235334493 147.65000573412155
0.9998658437199888 -0.016228366139148454 0.0022214200189492102 -0.7590733945381196 0.016190781468668383 0.9997408294885614 0.016004137989501892 -1.9042545638348207 -0.0024805654989608532 -0.01596602470805723 0.9998694579062135 148.96167617419383
0.9998166869147491 -0.019095847680357145 0.001393261497149966 -0.7354802837760217 0.019076301453987383 0.9997347501033875 0.012904423522482517 -1.9092639862197316 -0.0016393129673633845 -0.012875479934298372 0.9999157637882032 150.25645281191584
0.9998392603767636 -0.017880987169058293 0.0013129041672329666 -0.7515376853372673 0.01786700812713008 0.999790533302801 0.009982961848025591 -1.9276551461414246 -0.0014911344868656037 -0.009957899702447077 0.9999493070914336 151.66138894510888
0.9998890407496943 -0.014674176686382812 0.0025641256862142686 -0.7611390836047345 0.014654313616259533 0.9998637273257528 0.007601174827780137 -1.9369293771807916 -0.0026753174672783167 -0.0075627560408168095 0.9999678231803965 152.97034565970793
0.9998795262096312 -0.01513573905288065 0.003441291064035461 -0.7671090646435628 0.01510822560638098 0.9998547694155842 0.007885530041339035 -1.9532541228297127 -0.0035601449017251285 -0.007832588379772675 0.9999629872777259 154.3428218086353
0.9998209958390146 -0.01853513478904259 0.003798035062609253 -0.7723853077203164 0.01849347126719527 0.999771443052442 0.010726283885139505 -1.9508600786202384 -0.0039959804405912455 -0.010654125175947333 0.9999352587822332 155.67164076857313
0.9996913496727975 -0.02450062092488596 0.004113996781915458 -0.7728992243110611 0.02443830735196658 0.9995951657144103 0.014569619332278549 -1.9688165969085256 -0.004469296379369023 -0.014464583559419125 0.9998853940393088 157.01341968798513
0.9996286554067386 -0.026945065091752655 0.004063835447867753 -0.7503236585822498 0.02688005067022784 0.9995218113237829 0.015284356742886926 -1.9759159909952508 -0.004473730518815103 -0.015169445151632674 0.9998749290138004 158.3562757207505
0.9996046380246987 -0.027880527296495317 0.003639208242720498 -0.7357031232929434 0.027819988678447774 0.9994889739567376 0.015742908479558615 -2.0020897016308346 -0.004076269431794514 -0.015635441883585698 0.9998694499716523 159.69377609655112
0.9996089962917689 -0.02750975263128312 0.005006799777104898 -0.7495197892763906 0.02742776979656886 0.9994994449287274 0.01576632578999986 -1.9875287817563856 -0.005438021765268969 -0.015622836028904541 0.9998631680958401 161.05503705895495
0.9996665278847978 -0.025117547127996756 0.00599515297301624 -0.740993268356178 0.025021740826067153 0.9995658990134686 0.015553970844146872 -1.9876365121068906 -0.006383228591965887 -0.015398775143785496 0.9998610564058776 162.392340235426
0.9997197099494861 -0.02250992012401774 0.0073351922279544565 -0.7610365150129891 0.022406484795032527 0.9996524338744467 0.013891035918909174 -1.9925177894215218 -0.0076453295058773385 -0.01372278677365623 0.9998766094166519 163.74588270449084
0.9997453517846431 -0.02111902158883136 0.00795100776280457 -0.7598606315574277 0.021014622344290017 0.9996947409070868 0.012992714889536856 -1.9787515733026817 -0.008222974754584457 -0.012822319122361099 0.9998839786777439 165.0925853848242
0.9997469494840512 -0.02095619835148524 0.008177698974549258 -0.7617359904606391 0.02084028158391598 0.9996846288829071 0.01401161759643728 -1.9864210012218433 -0.00846875090498092 -0.013837646649848483 0.999868391235492 166.44044878030516
0.9997633651635505 -0.02029396224030737 0.007833823243061012 -0.7497298976702294 0.020179943940380352 0.9996930992464494 0.014369313469341128 -1.9858402417763064 -0.008123030015228423 -0.014207827333209702 0.9998660680434608 167.76764443947755
0.9998040834244487 -0.018244759398175766 0.007676166830490091 -0.7555149492327351 0.01815101882565527 0.9997619224957118 0.012109452130231275 -1.996399118031798 -0.007895274004586344 -0.011967749654684738 0.9998972135245007 169.1542451099208
0.9998701398971572 -0.014617786668310647 0.0067840748382333 -0.7640341565663148 0.014551574156674836 0.9998469821279142 0.00970896525659166 -2.014732626152524 -0.006924960912795244 -0.009608985653840241 0.9999298536935077 170.57350404368208
0.9999389642331883 -0.008843010614287392 0.00662336676473539 -0.7618490553186823 0.008790321333286688 0.999929821365641 0.007942454471198944 -2.0196266885932492 -0.006693137713702206 -0.007883748318399622 0.9999465227779629 171.9236952428641
0.9999594846364939 -0.005478922987626497 0.007142163678820138 -0.7713185593198666 0.005413395082146406 0.9999433737781832 0.009162116625644338 -2.0339939764018515 -0.007191958376480238 -0.009123082235188491 0.9999325202739265 173.26838108265335
0.9999672522574876 -0.0011390150548481713 0.008012307153927466 -0.7863650659780039 0.001047585179371792 0.9999343990586661 0.011406144780587553 -2.060135859806805 -0.008024773978520484 -0.011397377898101803 0.9999028466689891 174.65207448665305
0.9999675442816185 0.0013119934108448417 0.007949154751452555 -0.7820401240828461 -0.0014218476300178343 0.9999033535720291 0.013829745532855346 -2.075209950332655 -0.007930242618102585 -0.013840599432715124 0.9998727664348104 176.0460199331549
0.999973142343533 -0.0024352062755385075 0.006912624112700201 -0.7731359152893215 0.002329145065506381 0.9998800831201688 0.015309946204879238 -2.0721808938505766 -0.00694907862419943 -0.015293434805168812 0.9998589006245228 177.45721975001743
0.9999737915599859 -0.0044025362725283075 0.005747510716513452 -0.7828943027742854 0.004314685831901081 0.9998750278124316 0.015208952328575704 -2.0771682536548672 -0.0058137508805623465 -0.015183755313767616 0.9998678182018246 178.845643297025
0.9999719534953708 -0.0066383438173945025 0.003467654287634004 -0.7764825978496641 0.006598106700926932 0.9999122298205118 0.0114890222117125 -2.0796520077698712 -0.003543618300283664 -0.011465820249828087 0.9999279862745364 180.1825107204255
0.9999904424011992 -0.003954866381364691 0.0018639061520859537 -0.7869179618264612 0.003940564323229168 0.9999632373255952 0.007615506719629102 -2.1023179399934726 -0.0018939560950269336 -0.007608089236970288 0.9999692644816744 181.60172276031085
0.9999993013604903 -0.00021558935196416135 0.0011622399820129207 -0.8084309462505496 0.00020758211981802485 0.9999762750281446 0.006885222458441971 -2.113850622099796 -0.001163696881293176 -0.006884976522502515 0.9999756211568545 182.99524949517834
0.9999966830728638 0.002428294827994757 0.0008586177360936278 -0.8288376306613605 -0.002435210771685274 0.9999638440663817 0.008147411269257032 -2.1183007313954447 -0.0008388024397625986 -0.00814947532184697 0.9999664406686954 184.31949633554916
0.9999837224504142 0.0054857720372943316 0.001568799121192559 -0.8302754304605748 -0.005502995848852318 0.9999222061761178 0.011193687480631528 -2.1351567631297335 -0.001507271179203442 -0.011202138593644346 0.9999361180727319 185.7723625803673
0.9999685329745036 0.007688003130339846 0.0019564393717981144 -0.8433667408829584 -0.007713858718517253 0.9998781674019855 0.013570068065535502 -2.1545440811469043 -0.0018518744339523626 -0.013584733024893917 0.9999060083790923 187.13561773256302
0.9999835062049447 0.005317389748950492 0.002170870047064774 -0.8517204043014275 -0.005347446699858243 0.9998865344688287 0.014082720132713635 -2.147344723673151 -0.0020957405825348307 -0.01409409674723865 0.9998984770021522 188.59113595330922
0.9999877971080977 0.00458825530319741 0.0018312678272110867 -0.8414924880760533 -0.004614870051919225 0.9998797673575223 0.014803844295892245 -2.1577143212470853 -0.0017631239692750813 -0.014812115003253195 0.9998887401340436 190.00524712538294
0.9999966067074961 0.0012646600204234294 0.0022775446017408423 -0.8611272534455936 -0.0013000050325287522 0.9998777037384695 0.015584849980108728 -2.1641509118607596 -0.0022575567081337127 -0.015587758221957963 0.999875954923977 191.36490205856543
0.9999967615076758 -0.0003040163008286613 0.002526767117854619 -0.8640236612635077 0.0002642100712558458 0.9998760952648813 0.01573925994017752 -2.169002332127981 -0.002531239232208688 -0.015738541679292624 0.9998729374962438 192.81683777017577
0.9999914166707234 -0.0031087460734706782 0.002739030982822533 -0.8564061053500875 0.0030632212438801328 0.9998596489327981 0.016471159634992495 -2.1679605613105357 -0.0027898514320033956 -0.016462628319533386 0.9998605895832064 194.172668452312
0.9999618175109258 -0.008130630000034125 0.00320255976321748 -0.8611269693591437 0.008071343717007937 0.9998034303171153 0.01810950355842951 -2.1672003691000614 -0.0033491721778502693 -0.01808296347934441 0.9998308804403558 195.62984112871132
0.9999294999460605 -0.011399412243351066 0.0033239362838013695 -0.8497780612562368 0.011334904245027255 0.9997586348830054 0.018819986804237774 -2.1783881479787124 -0.003537671072526086 -0.01878098385322314 0.9998173630888343 197.04384919407923
0.9999490686662812 -0.00948574404560545 0.0034468459819234232 -0.8534514162961796 0.009432352845794573 0.9998401421789403 0.015189496088589355 -2.1838073179948605 -0.0035903789392125445 -0.015156210888330083 0.9998786918684986 198.45640730421553
0.9999869413292064 -0.00353885334484998 0.0036869631823735114 -0.8731952017786171 0.003501608040597527 0.9999432669267084 0.010059903621193987 -2.192177499336062 -0.003722354839390434 -0.010046862144580896 0.9999426006697857 199.89772112668555
0.9999649104733336 0.006749132952449864 0.004962561639415344 -0.8781496513449866 -0.0067943623733351406 0.9999350148890417 0.009154378725860945 -2.1921372000905643 -0.004900455434803441 -0.00918777512739045 0.9999457836913447 201.34777717609745
0.9998972033467818 0.01286717865782015 0.006326011958378383 -0.89526220322309 -0.012947718285892296 0.999833478792311 0.012859677442898785 -2.1916215800650023 -0.006159491286958217 -0.012940263191697369 0.9998972998534946 202.77585566783213
0.999863672789846 0.014793370486119168 0.007334302507738771 -0.8943629254589318 -0.014902657007522727 0.9997752740520229 0.01507687766407477 -2.1988842475386985 -0.007109617052069795 -0.015184123174886693 0.999859437995456 204.19655447138496
0.9998598766303042 0.015274863026702652 0.006848768566729079 -0.8930283260856257 -0.015379231185865015 0.9997622932502643 0.015454328723547376 -2.210649631723072 -0.006611078360861657 -0.015557492319009917 0.9998571188304491 205.69381929691428
0.9999240526332898 0.010943556477552645 0.005668114097822241 -0.891573728549472 -0.011032721641485915 0.9998119833428175 0.0159460664644217 -2.217448662000438 -0.00549254217094335 -0.0160073904471493 0.9998567874614757 207.11920669448654
0.999950039515065 0.008874068940577016 0.004601017274849845 -0.8865037570577053 -0.008944850708646576 0.9998383249645236 0.015598512447009926 -2.218936966536525 -0.004461851495396731 -0.015638888861796995 0.999867749773975 208.55338237795337
0.9999505049418027 0.009056287966161179 0.004119623735656068 -0.8953042212901325 -0.009117397673521625 0.9998449476679092 0.015064982446834593 -2.221249773996495 -0.003982552484084646 -0.015101797353860566 0.9998780300587039 210.03833852955967
0.9999423166045249 0.009940526547250595 0.004068092646950388 -0.9017710646127313 -0.010001225132341396 0.9998347191804741 0.015182550282602866 -2.2296031364929068 -0.003916498044438827 -0.015222360716425217 0.9998764627588316 211.49955240831628
0.9999298300730423 0.011252116000797095 0.0037046988531432962 -0.9015015425699766 -0.01130911445673565 0.9998121346207499 0.01574164587045494 -2.2250747571969396 -0.0035268763291270207 -0.01578243846048637 0.9998692293406185 212.9375932770721
0.9999340020286276 0.010968632224324617 0.0034176999187356593 -0.9200727265411726 -0.011021689887286565 0.9998126374206043 0.015912649825883442 -2.2410009085137896 -0.003242519827844217 -0.015949268772024676 0.9998675446746993 214.3777825529245
0.9999296903767274 0.011424963956999185 0.0031756068140519145 -0.9203343628701093 -0.011472452950562349 0.9998161886656536 0.015361371214321176 -2.2497287274263096 -0.002999520230842023 -0.01539672347163569 0.9998769643248951 215.85048133741654
0.9999403742908809 0.010499373456390024 0.003001832712965653 -0.936401140974005 -0.010542816232835513 0.9998342664349709 0.014842126063877631 -2.247848975998102 -0.0028455024132162093 -0.014872889161106063 0.9998853435702743 217.33084874202058
0.9999454589627316 0.010195563671888848 0.0022648534009219352 -0.9270011667943916 -0.010228208447520357 0.9998366371765987 0.014902440341893485 -2.255772916297953 -0.0021125447958214466 -0.014924793240279186 0.9998863873984474 218.77884741763637
0.9999282648743567 0.01177998253674033 0.002167277450561416 -0.9378557967856753 -0.011810243969687387 0.9998247694747254 0.014524066374911642 -2.2613751813640284 -0.0019958045867842864 -0.014548620858773622 0.9998921713857598 220.2700378495121
0.9999440499080312 0.010359041388509625 0.002141796935435426 -0.9548328205421085 -0.010389153126113325 0.9998400052819687 0.01456122771599835 -2.2662041916281397 -0.0019906140557591134 -0.014582664764029106 0.9998916858077488 221.75803525792085
0.9999189732265382 0.012620063055831663 0.0016676215128766333 -0.9563682926194574 -0.01264288403892177 0.9998154170056273 0.014466838825842692 -2.28145481217263 -0.0014847413946606455 -0.01448675046396602 0.999893959181651 223.24318684012482
