1.0 -6.776263578034403e-21 8.673617379884035e-19 -8.673617379884035e-19 0.0 1.0 -1.828002979293187e-19 0.0 0.0 1.0683203047244863e-19 1.0000000000000002 5.551115123125783e-17
0.9999999195640688 -0.0002791715139886256 -0.0002879843674459164 0.00621349674532021 0.00027959264123287317 0.9999988903953297 0.0014632283313287954 -0.015507163934654511 0.0002875755802131232 -0.0014633087106957305 0.9999988880128535 1.311448408283269
0.9999994338317656 -0.0008563780284460318 0.000631627232186972 0.01302306104033336 0.0008550140705437453 0.9999973088241934 0.0021566865772214617 -0.0292855877980039 -0.0006334725247240675 -0.00215614527460963 0.9999974748709584 2.6122412750008412
0.9999982040677043 -0.0018610536832534797 -0.00035824581840638876 0.017533522499327305 0.0018616984508230915 0.9999966336241194 0.0018074349193882878 -0.05048095719005715 0.00035488090805800825 -0.0018080985924947613 0.9999983024174733 3.9374848127480737
0.9999971285894879 -0.0023609294632506153 0.0004108825233773176 0.024783923297633667 0.0023601089731779988 0.9999952416143933 0.0019866142634182528 -0.06389193868860582 -0.0004155708600334573 -0.001985638802285919 0.9999979422667743 5.2420274239315745
0.9999964933330212 -0.002648154726749075 2.4444362844185455e-05 0.026541331448606955 0.0026480778207744033 0.9999927184315398 0.002747866539535427 -0.07532236038671312 -3.172096421889207e-05 -0.0027477921327965977 0.9999962243079159 6.578627909997058
0.9999918219959243 -0.00403812471271314 0.00022246024221755662 0.03494095891394908 0.004037143133116952 0.9999828165188959 0.00425066432056413 -0.09643669456537665 -0.00023962115372523803 -0.00424973139244009 0.9999909411396708 7.9067331721058265
0.9999908051504771 -0.004234267570927094 0.0006786686255151643 0.04035089028286026 0.004230874133202316 0.9999789143335628 0.004926519864704611 -0.1091180858141665 -0.0006995145787313693 -0.004923603132430407 0.9999876343272671 9.213105533016794
0.9999940284954862 -0.003447050003154703 -0.0002466138273120857 0.03961497225458627 0.0034479516542402114 0.9999870140844388 0.0037527717672826803 -0.12496417564028248 0.0002336746512113623 -0.0037535996151094033 0.9999929279166391 10.565268481205626
0.9999992599174586 -0.0010936134219636333 0.0005330799980586502 0.04357273922203416 0.0010927065707556638 0.9999979602228902 0.0016986888423734443 -0.13619742389320239 -0.0005349366648028167 -0.0016981050603809395 0.9999984151390082 11.88132232988871
0.9999967833884017 0.002533983242907515 -0.0001101866503492692 0.04150022515981607 -0.002533900957990153 0.9999965137673003 0.0007428326542949385 -0.1549174482193159 0.00011206860200430914 -0.0007425510525683452 0.9999997180289945 13.230630405921646
0.9999883083316583 0.004834466098904331 0.00010552377594489487 0.04048970755254393 -0.004834522367082099 0.9999881704958046 0.0005350370287524229 -0.1672719594886789 -0.00010293591616245511 -0.0005355409235097941 0.999999851299834 14.569723791111855
0.9999810405779155 0.006152733220916914 0.00024970981183921204 0.04541424694985244 -0.006153589654321152 0.9999746404973933 0.003584927187969075 -0.1887785033233227 -0.0002276463955782279 -0.0035863957807821434 0.9999935429489462 15.886942305929413
0.9999928714090863 0.0037526887218057472 0.00041768065538795845 0.05168076109620319 -0.003754674527983905 0.9999811471221162 0.004858788400941343 -0.2005451040417533 -0.0003994392925798845 -0.004860321949878603 0.9999881087867164 17.2642141289769
0.9999986924997852 -0.0004467164746071344 0.0015541697115868149 0.06935616776449702 0.00043647314676410493 0.9999782233653782 0.006585005054913042 -0.21065678830929147 -0.0015570776278054851 -0.006584317996226567 0.9999771108680665 18.605427958484437
0.9999965466050893 -0.002598888046901236 0.0003905871117438559 0.06965477166497087 0.002596680573097746 0.9999812251373189 0.005550371875068361 -0.23143691680277606 -0.0004050046084941236 -0.005549338396601563 0.9999845202852228 19.97129425112328
0.9999933772505613 -0.003232755114274531 0.0016717502130469955 0.09324017336308206 0.003227072738304605 0.9999890440224735 0.0033908465283405817 -0.23954906944423693 -0.0016826938159225802 -0.0033854291624159398 0.999992853678417 21.30518853753764
0.9999960157142374 -0.0014562928459304393 0.0024182156720676043 0.0932950787996863 0.001446716838675938 0.9999911243624021 0.003957045624217203 -0.26267640762174976 -0.0024239570296164447 -0.003953531327343146 0.9999892469516152 22.69528845948168
0.9999926251267663 0.0011652759603515577 0.003659484141476615 0.09967531695452786 -0.001185810195891545 0.9999835379654536 0.00561405886000513 -0.26660143213175136 -0.0036528822765942433 -0.005618356829496531 0.999977545004303 24.065074151071563
0.9999914624482823 0.0011268462928704323 0.00397558147625336 0.1085956775934259 -0.0011621135192193416 0.999959898490333 0.008879803544935947 -0.27643036544426547 -0.00396541620741596 -0.008884347681683556 0.9999526707963988 25.418075889697548
0.9999936545029424 -0.0006894827709789989 0.0034950776305819648 0.11256064635974337 0.0006551435027057906 0.999951600443164 0.009816698355830277 -0.2742429347716322 -0.0035016772082592552 -0.009814346144326191 0.9999457069550024 26.794257414661143
0.999982111201219 -0.004315706798567366 0.004141491363491644 0.12851014888060727 0.004274827651209753 0.9999425533333329 0.009829338330075535 -0.29647504931550395 -0.004183674342785649 -0.00981145819028521 0.9999431144563184 28.162182744965854
0.9999827606894989 -0.004921572366918972 0.0032025688506715664 0.13048136440432623 0.004899639185745743 0.9999647334645315 0.006820950885233743 -0.29308357165084437 -0.0032360259833226377 -0.006805141765391294 0.9999716086847015 29.535623481126844
0.9999763033349097 -0.004651779202680061 0.0050748119740890996 0.1525874930609495 0.0046214359771012065 0.9999714722276201 0.005974702279808451 -0.3132371652095866 -0.005102460625793908 -0.005951107693562605 0.9999692741320663 30.918880874816725
0.9999869304802089 -0.0017358142224203712 0.004808931002190855 0.14861905576852807 0.0017122250648315136 0.9999865040579587 0.004905098512458941 -0.31758376686159373 -0.004817380844960484 -0.004896800361725163 0.9999764068137982 32.29393814120538
0.9999867437497073 -0.00032672181794024497 0.005138635760803644 0.15217012174253686 0.0003106276401107312 0.9999950455065599 0.0031324870623104886 -0.3327206679008601 -0.0051396341838841775 -0.0031308492895738027 0.9999818908065375 33.68155637835711
0.9999845207816882 0.00018397900848361417 0.00556096649037849 0.15916243177582537 -0.00020288457805970011 0.9999942017309406 0.0033993153649560996 -0.3404264374043827 -0.005560309309325681 -0.0034003909313430982 0.9999787599242943 35.082424883991735
0.9999876425309251 -5.796114137815146e-05 0.004971058821612933 0.1675605093580726 3.176596793072514e-05 0.9999861158265674 0.005269454354206345 -0.3603933298535419 -0.00497129564251182 -0.00526923125026981 0.9999737603645579 36.46707788549958
0.9999876292180954 0.001050669997500946 0.004861841537002516 0.17714610213624987 -0.001083337685406072 0.9999768241051396 0.006721431219249971 -0.3688774447577281 -0.004854667259539291 -0.006726614988833364 0.9999655918336455 37.88249922783779
0.9999837021874087 0.0030893901043307164 0.004801148544901689 0.18454655170485745 -0.0031242027539900292 0.9999687629843198 0.007260331925758455 -0.379882562501637 -0.004778568972827472 -0.007275213254970037 0.9999621175548363 39.25678793561682
0.9999689122636406 0.0055817905680870345 0.005569391066001781 0.1917042870906328 -0.00562191553101761 0.9999581680725126 0.007214996870191092 -0.38819554606688317 -0.005528885947186069 -0.0072460831145399265 0.9999584619843713 40.64073221355015
0.9999563012115128 0.0076613027066716214 0.00535724762908409 0.20306610650364434 -0.007702139237645414 0.9999411221661755 0.007643903736969926 -0.399164862474826 -0.005298370386533228 -0.007684831864988118 0.999956434363215 42.07013353336763
0.9999515429811495 0.00857188761236903 0.004840911597996026 0.21263249801992984 -0.008609674599639273 0.9999322059976828 0.007839446769885542 -0.40456797095383795 -0.004773384953250786 -0.007880745454807023 0.9999575534194851 43.46464181251295
0.999956941078475 0.008244374610310468 0.0042598438631810545 0.22493807081106382 -0.008279947952250302 0.9999304251722374 0.008401624278972654 -0.41827218520528725 -0.0041902816953533276 -0.00843653367896839 0.9999556322315378 44.89728734402672
0.9999674406071379 0.007375816783173127 0.003273384705641669 0.23427468470767868 -0.0074014393486506085 0.9999415172373466 0.007885481123517552 -0.42490353672506953 -0.0032150316716517014 -0.007909452022274378 0.999963551402305 46.29787212610286
0.9999708201068498 0.007237071014858369 0.0024461670568070876 0.24050427580006137 -0.007258676925350142 0.9999336747793169 0.008941904961311437 -0.4364397428570427 -0.002381291809856823 -0.008959399845488707 0.9999570283745712 47.73136198657253
0.9999734148200228 0.007144923081738729 0.0014559267538502146 0.24533034220357397 -0.007159099154946324 0.9999246150412502 0.009975547478150429 -0.4426279193542052 -0.001384542592835489 -0.00998570525717464 0.9999491830704997 49.12779115949824
0.9999683394916657 0.007943054620882723 -0.000477379470032604 0.24380307089051034 -0.007937284685969784 0.9999072134590419 0.011070862669424475 -0.45258690620728337 0.0005652716927060522 -0.011066722904781036 0.9999386021664614 50.572438742020324
0.9999663216322875 0.008205751427871394 -0.00014573268538630325 0.242942803906801 -0.008203801703159017 0.999912657575362 0.010362184796008037 -0.45865787577476175 0.0002307494916866156 -0.010360640104014936 0.9999463004993986 51.98998379100174
0.9999639594183789 0.00828085569135821 -0.0018727748296477678 0.25007078761432455 -0.008258243856092046 0.9998965589044172 0.011775946527593669 -0.4630888583012192 0.001970096189538195 -0.011760056115678564 0.9999289073688353 53.40418053138893
0.9999721486431091 0.007054023521664353 -0.0024377620657772842 0.25379610335164493 -0.007021988721253066 0.9998920173996777 0.012909114271139947 -0.46799340848081394 0.0025285602398738335 -0.012891636611715445 0.9999137023155905 54.856163986462036
0.9999815466013793 0.004974048559773936 -0.00348787798222046 0.2600320622008335 -0.004926987717268547 0.9998984248254237 0.013374035972469406 -0.4709070753684675 0.003554047104174225 -0.013356604251598271 0.9999044803691725 56.270122629477996
0.9999876453354662 0.003264027017907446 -0.0037490399258908354 0.2569475747835123 -0.003215647495257078 0.9999124069174742 0.012838929716521487 -0.4773277533945616 0.0037906184680045604 -0.012826715319873493 0.999910549287709 57.69391748325297
0.9999904153424279 0.0023031984698483215 -0.003723506002585913 0.25924539295044813 -0.0022529689814713015 0.9999071641949991 0.01343827128029021 -0.48041344788605683 0.0037541116489569013 -0.013429753341485171 0.9999027694537759 59.14412434813495
0.9999935411491592 0.0013612456998825717 -0.0033263595273311675 0.2585777570367648 -0.0013132465702985828 0.9998955991794602 0.014389792856431069 -0.4853473928290377 0.0033456005769620187 -0.014385331376591915 0.9998909286451758 60.54139737852247
0.9999966062826817 -0.0003263096660219974 -0.002584752125210763 0.2563432173244253 0.0003662270983817068 0.9998804505364556 0.015458024688238151 -0.4868038750258928 0.002579399232482042 -0.015458918610393437 0.9998771767182376 61.99173575030688
0.9999946932808458 -0.002015258079544392 -0.002559715430316585 0.26028735718091445 0.002054206865803057 0.999880752220352 0.015305606429800315 -0.49062247409526 0.0025285656539292406 -0.01531078317012438 0.9998795858810297 63.3975254570545
0.9999929599027173 -0.0030565687074393965 -0.00217658691242204 0.2623581137344341 0.0030886440978382577 0.9998843855726667 0.014888780353768906 -0.4925610345929082 0.002130826864786815 -0.014895398021307111 0.9998867869323987 64.8149568787896
0.9999953984885008 -0.0027475502741390982 -0.0012860668494338364 0.2624877869697663 0.0027664292668864404 0.9998849329371655 0.014915353465799912 -0.5004430239930056 0.0012449382852532274 -0.014918842429000533 0.999887932848457 66.25966376498945
0.9999986746960121 -0.0013377019319482744 -0.0009279866135670882 0.2586698848433253 0.0013515031953425648 0.999886063179752 0.015034430891329482 -0.5037541175482132 0.0009077693700000307 -0.015035664924993827 0.9998865459247985 67.66068912979227
0.9999978974395528 0.0016005427893378168 0.0012819435873139872 0.27427629662114844 -0.0016221720952051275 0.9998532765316085 0.01705268258548559 -0.5093927105185523 -0.001254462052453711 -0.01705472601761431 0.9998537706228117 69.06154032127468
0.9999894792553619 0.004519949145145665 0.0007819440898156147 0.26163029233496987 -0.004533029959600087 0.9998344054010782 0.01762422862869484 -0.5008749907005527 -0.0007021540441770431 -0.017627587530248262 0.9998443754506093 70.47488541002298
0.9999640991482242 0.008299287817082297 0.0017094531480693143 0.25953213450832946 -0.008329592844694108 0.9997931073590657 0.01855694978628862 -0.5058352198870046 -0.001555090134785322 -0.01857052235734021 0.9998263436094126 71.90189260448211
0.9999215728113708 0.012383055882563975 0.001873002621360676 0.2610630336478397 -0.012415560997953977 0.9997522944904015 0.01847169563150078 -0.5024960636659426 -0.0016438027622764995 -0.01849350106117566 0.9998276293003628 73.28768417239407
0.999870372523586 0.01587829959081451 0.0026679069210934518 0.25903744292805037 -0.01592402077278875 0.9997095093004661 0.018092059560546 -0.5023671428224609 -0.0023798609706418223 -0.018132197878184528 0.9998327658382096 74.68497505285335
0.9998367642797589 0.017716277823687374 0.003546584861063664 0.2606874035665583 -0.017778118258592372 0.9996755978914547 0.01823835355360924 -0.5000549211285167 -0.0032223188663537358 -0.018298427746274784 0.9998273771930918 76.0947933927753
0.9998412031821744 0.01743570724084835 0.00368300185913582 0.2658308600040198 -0.017501828560266067 0.9996708941735862 0.018756049363297795 -0.4976914937310348 -0.0033547650507651117 -0.018817529960268777 0.9998173063608666 77.48941118323948
0.9998552034647308 0.016554159634398147 0.0039410501953342884 0.27583810346813176 -0.016626481364194992 0.9996796023075922 0.019085410489536873 -0.4982300577839628 -0.0036238448575597326 -0.01914817251169688 0.9998100895763133 78.88664597921556
0.9998698225899016 0.0156585073012697 0.003892171543130919 0.28855759504889344 -0.01573032933208274 0.9996926199388148 0.019163048353597344 -0.4983627505503593 -0.003590910729755433 -0.019221778622393798 0.9998087960041695 80.33062738974284
0.9998769046070772 0.015351112463228369 0.0032432941220711755 0.2939177698168655 -0.01540979022853479 0.9997023238314574 0.018915658408736127 -0.4968689197643088 -0.002951952512868593 -0.018963308188697733 0.9998158224891783 81.68704310163412
0.9998845304330122 0.014902288542745208 0.002974487445022026 0.3024225644578334 -0.014956388853189874 0.9997060967940924 0.01907947866135146 -0.4926742979562893 -0.002689285557249014 -0.01912176287899434 0.9998135455714621 83.06093492187925
0.9998875824877825 0.01481135242254504 0.00233371057868336 0.3058093541455496 -0.014853455417190202 0.999705426557879 0.019194661068638725 -0.4938180822453575 -0.002048724406077093 -0.01922716664300223 0.9998130419091551 84.43828506246402
0.9998894077845485 0.014767093915586898 0.0017621340929006926 0.30948937828818507 -0.014798642961355269 0.999700665868742 0.019482783911536974 -0.4882221537739833 -0.001473902644414749 -0.019506706180906525 0.9998086396931718 85.81798664448547
0.9999011155449344 0.014049809970683134 0.0006016249576945376 0.3123833825330605 -0.01405908583703378 0.9996979268611622 0.020159294991281728 -0.48568095731814637 -0.0003182089808160789 -0.020165759557938253 0.9997965997462009 87.2105597157953
0.9999260937081201 0.012133503149092773 -0.0007649889713925587 0.3170731702336621 -0.012114147390473212 0.9996931471373728 0.021606921023575067 -0.48260657572292937 0.0010269219669346219 -0.0215960566365692 0.999766250554252 88.5762896338076
0.9999479492988168 0.010034099421035565 -0.001848115522421835 0.31971889658185404 -0.009990849586877931 0.999706100626323 0.022088352759747517 -0.47614228906658046 0.002069209266906129 -0.022068738483608363 0.9997543143858258 89.93646024110991
0.9999615817151047 0.00833021377596293 -0.0027281172538532357 0.3228412801952694 -0.00826726547943027 0.9997165787559659 0.022325199031525515 -0.47076525842494504 0.002913317974904084 -0.022301786944686694 0.9997470394335436 91.31287088178168
0.9999724551262408 0.0066776659363060615 -0.0032400246763375226 0.32219708092964444 -0.006603326534680491 0.9997264588711435 0.022436656150421903 -0.4659380908758843 0.0033889631769802716 -0.022414642871306956 0.9997430163259472 92.67624346189403
0.9999763517180847 0.005867178431493997 -0.0035877870574779827 0.32249142098393274 -0.005786243319606193 0.9997375246640947 0.022167570750386497 -0.4590480614219893 0.003716906758172841 -0.022146286396926736 0.999747831496838 94.02530520612807
0.9999745911366317 0.0060706947945426875 -0.0037368087422739275 0.31501015232006974 -0.005988382149835798 0.9997474990650359 0.021658195174070985 -0.45293031462977995 0.0038673458132714045 -0.021635267113015954 0.9997584502437606 95.38875279302127
0.9999769582923844 0.005651292942691384 -0.003761085825281579 0.31569478647355753 -0.005569276082953164 0.9997539538217239 0.0214712600185472 -0.4494289726446711 0.0038815011317336473 -0.02144981844916091 0.9997623913801833 96.74922105654024
0.9999712642174221 0.006612135163332877 -0.0037081533252461517 0.3111364926646435 -0.006531954802317875 0.999753206739748 0.021233445455547614 -0.44591413560006893 0.0038476369138752183 -0.021208613500074528 0.9997676682032831 98.10122542629537
0.9999633903354749 0.007870794178107933 -0.0033568704816502506 0.30572633946398725 -0.007797687847196225 0.9997435279076319 0.021262043615612465 -0.4370603087387406 0.003523359004997383 -0.021235089085145663 0.9997683016147056 99.44509123335416
0.9999602724064384 0.008287676495143146 -0.0032814658620915708 0.30221885224053174 -0.008210379962277144 0.9997038798868811 0.022907252793231542 -0.4340383176790878 0.003470342348132853 -0.022879400331883775 0.999732209015418 100.80152343108676
0.999955685043204 0.008848251127042144 -0.003215025962080801 0.29783530442808054 -0.008768224674253722 0.9996709343518689 0.024106872075426312 -0.42573886243834236 0.003427271955618932 -0.024077613363458063 0.9997042174155095 102.13345134075323
0.9999567874918979 0.00872715038052398 -0.003203121213318863 0.295491971853602 -0.00865038659023665 0.9996923923183314 0.023244173128394403 -0.4194870126791615 0.0034049915912152777 -0.023215460118042746 0.9997246863120122 103.50431970103868
0.999954605606271 0.009000616156617453 -0.003126599685026244 0.29230511452424734 -0.008931525207947502 0.999730014799945 0.021450533684259792 -0.4108838813200074 0.0033188238505475172 -0.021421634337876316 0.9997650218780331 104.83310906803547
0.9999573674314127 0.008676068113873617 -0.003160562012943754 0.2922937762455579 -0.008608370666476827 0.9997458040643817 0.02083802386369669 -0.40425002354197975 0.0033405510081475675 -0.020809927896180858 0.9997778691294333 106.1367090907401
0.999973032252737 0.006640089087095812 -0.003137511400504607 0.289961831725219 -0.006570167063965664 0.9997408907810263 0.02179413296673331 -0.3991296306390243 0.0032814137039845767 -0.021772930939948202 0.9997575565016358 107.49506174269382
0.9999896626253855 0.0036875336406293284 -0.002660213345894078 0.2900250768103335 -0.0036227863551114405 0.9997066715872136 0.023946737350498647 -0.39090597857275544 0.0027477376606713866 -0.023936852073535696 0.9997096963753206 108.80870905802706
0.9999960547952295 0.0021213543490028663 -0.0018412626800795012 0.2927853996426994 -0.0020748805119255613 0.9996881554728072 0.024885471773953227 -0.3854981729709787 0.0018934795554347216 -0.024881552835676772 0.9996886130380447 110.1690569637782
0.9999970889030336 0.0020862331215325434 -0.0012123595986599633 0.29659874480557596 -0.002056530876474629 0.9997097203043537 0.024005121029901055 -0.3742354547813507 0.0012620880602528918 -0.02400255754649864 0.9997111004385543 111.49409722784738
0.999994255401687 0.003372039526994801 -0.0003442554131394696 0.2964753182491248 -0.0033636631590946097 0.9997529857329274 0.021969372135793308 -0.364576358349448 0.00041825200456141985 -0.021968087653817796 0.9997585849431688 112.80631826670961
0.9999806045154345 0.006206165279548765 0.0005235473834140593 0.29766910608060204 -0.006215611409226642 0.999769683890808 0.020541308922257598 -0.36230084156674586 -0.0003959440747524504 -0.020544164384367323 0.9997888679701769 114.14906567594872
0.9999623424216811 0.0084606327048509 0.0019316899824161808 0.2973920825039321 -0.00849805771098297 0.9997585102673346 0.020265838020188963 -0.350279062060273 -0.001759761831536053 -0.020281490178652852 0.9997927607127087 115.46529479004386
0.9999448080993566 0.009943836424744147 0.003391292224801153 0.29843071078420924 -0.010016936450483372 0.9997018990309935 0.022265985063724708 -0.34328008245885633 -0.00316887222582836 -0.022298726199354565 0.9997463303434333 116.82518671136792
0.99994513436551 0.009506790930121613 0.0043987698488534175 0.30669003158435715 -0.009612059939121153 0.9996520649879127 0.0245633325188044 -0.3319819026209612 -0.004163721241317387 -0.024604265720917437 0.9996885982680949 118.12993896470688
0.9999455543388276 0.009124496425553361 0.005062797118186864 0.31752334277531624 -0.009250928787622075 0.9996310443067892 0.025538120735867545 -0.32408626608779323 -0.004827907080063713 -0.025583565502841656 0.9996610287801 119.49116835160937
0.9999361867713602 0.009591441287856139 0.005968804696232925 0.3245027887558677 -0.009739557378003489 0.9996324220542604 0.025301419656088397 -0.3091606058892914 -0.005723934090064978 -0.025357938241222247 0.9996620486543236 120.82602151108911
0.9999145227949113 0.010784750284952035 0.007391633921601329 0.3321877797634495 -0.010967724917920514 0.9996228269761395 0.02517762572730343 -0.2969134659700502 -0.007117312182630218 -0.025256542658064113 0.9996556661643216 122.12420384561962
0.9998809931313046 0.012949298870778003 0.008385416773851352 0.34433490618304985 -0.0131542896280944 0.9996041309037202 0.024870588819468575 -0.2821604481957653 -0.008060041229122945 -0.024977932890206674 0.999655509952968 123.49296768247856
0.9998573101323005 0.013946128005031599 0.009532306422611823 0.35079679117250795 -0.014172155651970417 0.9996098086568236 0.02407032377143742 -0.271463973401912 -0.009192899947579082 -0.024201982162636693 0.9996648211414012 124.79620100479559
0.9998327747630295 0.014911665957917049 0.010586061637857826 0.3662372893744411 -0.015156838795356037 0.9996096320133663 0.023470276330729015 -0.25916710973749196 -0.010231949109220758 -0.023626802398616493 0.9996684857519796 126.16007681337386
0.9998371172420514 0.013961581196333225 0.011437360274099428 0.3827298576180136 -0.014226621309517282 0.9996242692970669 0.023429116989198223 -0.2481570153855061 -0.011105956312528118 -0.023588015444478028 0.999660073846538 127.50452177057436
0.9998328301825428 0.01350479507408962 0.012326076968127828 0.3990926277388612 -0.013809154423503837 0.9995933071162748 0.024950504362210316 -0.23897878876813394 -0.011984113590682938 -0.025116545730090114 0.9996126950635985 128.81256899426725
0.9998410512164715 0.012200079964239077 0.01300116639298126 0.41804408259693815 -0.012532359039031644 0.9995888190320307 0.025790170345690207 -0.2209383651971396 -0.012681179477881832 -0.025949005941199664 0.9995828313641395 130.18646543736716
0.9998460879756221 0.011190167175940725 0.013512235054551874 0.4388604264978447 -0.01154447532309251 0.9995838897604504 0.026434304660658374 -0.21205115167191396 -0.013210809289160186 -0.02658622738459372 0.9995592263651113 131.5102353433661
0.9998650433399632 0.009582606213864727 0.013344240190127863 0.46258483791306637 -0.009941902028591043 0.9995826295042601 0.02712425882990513 -0.1975597354224256 -0.013078750698600858 -0.027253264966308182 0.9995429984787263 132.85930999905253
0.9998822042295574 0.007737522454074198 0.013255504363411622 0.4887235595676899 -0.008105440114597474 0.9995770004293725 0.027930665778228198 -0.18276081964511917 -0.01303378422586571 -0.028034816956233194 0.9995219704862529 134.20661823490113
0.999901913219109 0.0064922553522279505 0.012410259829514233 0.507204782622781 -0.006837712879436703 0.999584545256972 0.027999689317846996 -0.16861582565061928 -0.012223323816676245 -0.028081800306499937 0.9995308913798936 135.53041604332907
0.9999238693815666 0.005226885901336639 0.011177436915418807 0.5268208619154344 -0.005540587395657046 0.9995863458379112 0.028221253345699464 -0.1512415158176016 -0.01102530497232521 -0.02828103400175643 0.9995392067048453 136.89960086553995
0.9999440190510529 0.0032217534446426334 0.010078643915457023 0.5447948594372733 -0.0035171199101075076 0.9995607438393045 0.029427016119893692 -0.13435370367326405 -0.009979411053053746 -0.029460816140750284 0.9995161187485592 138.2167746195025
0.9999583480832056 0.002132161305924663 0.008874456788199 0.5620337132917945 -0.002395253707035863 0.9995547468001896 0.029741737398958527 -0.11755674475170938 -0.008807091963065346 -0.029761754743496377 0.9995182204715969 139.58106310919717
0.9999701772418244 0.001005000231329382 0.007657323256593414 0.580207557123553 -0.0012324298502953547 0.9995564822704993 0.029754325768326827 -0.09841208816484902 -0.007624024631824995 -0.029762875095171705 0.9995279113072717 140.91501497503805
0.9999799926289259 0.0008059979449453312 0.006274130078596779 0.5884803109502141 -0.0009941726185159442 0.999547991478288 0.030047036246136017 -0.08061670134924048 -0.006247076791774277 -0.030052672217175027 0.9995287944278723 142.2815054714043
0.9999857949447221 0.00033565848548122506 0.005319515188241636 0.6023247897267507 -0.0004903513731504632 0.9995762195721424 0.029105684230055485 -0.060284152178112116 -0.005307491756323032 -0.029107878792283392 0.9995621851043992 143.6185020633736
0.9999905582022417 -0.0012338285521063955 0.004166674151360858 0.6136601063058545 0.001118485052078086 0.9996191892227142 0.027572188157219128 -0.04418353900885398 -0.004199107142063986 -0.02756726706395002 0.9996111310179365 144.94497129664188
0.9999811306407123 -0.0053053561718089445 0.003097023738996078 0.6238693537568782 0.005219006487819487 0.9996149216967357 0.027253813044901126 -0.03188838824587396 -0.003240422600899581 -0.02723713500041997 0.9996237482711847 146.29614818882266
0.9999063923938111 -0.01349132665969355 0.002278275118283812 0.6419586743585197 0.013418250466094657 0.9994742973271624 0.02951405747022741 -0.015454520523777361 -0.0026752614422537613 -0.02948072383417693 0.9995617689089143 147.63901641580932
0.9997682342940271 -0.021524911675781945 0.00039475130507089437 0.6600981687564441 0.021501951619612204 0.9992768356785269 0.0313603545130451 0.005519405079279546 -0.0010694947933245188 -0.031344597876660614 0.9995080651639946 148.97702131195152
0.9997068495377818 -0.024192180790236186 -0.0009763800199303688 0.6777181248292803 0.024210268045923723 0.9992922818206887 0.02878886078261808 0.023456588918405047 0.0002792237079541609 -0.02880405931480742 0.9995850379875679 150.31402642405308
0.9997300949018831 -0.023232079239891353 -8.825322326916265e-05 0.6876858704651995 0.023226652616903067 0.9993986770078983 0.02574503999398556 0.03928628250552632 -0.0005099107056126687 -0.025740140726004748 0.9996685376254943 151.66258277334418
0.9997944949937291 -0.020268945444615008 0.0003709320496690467 0.680308863043253 0.020254146746196272 0.9995049907990088 0.02407369879218524 0.0560506465113397 -0.0008586970015277157 -0.024061238261915946 0.9997101176975732 153.01021891180716
0.9998001215877297 -0.019940588995735302 0.001445595028686541 0.6905270570605819 0.019900198987848575 0.9995141018790161 0.02399046247555436 0.06472042046259083 -0.0019232767370201522 -0.0239568993203745 0.999711142258433 154.3589289438665
0.9997318616697425 -0.023081443162189158 0.0018578729744876486 0.6951431522666438 0.02302365393737401 0.9993782043412407 0.02670423428528654 0.078524049442394 -0.0024730902383452106 -0.026654298441466977 0.9996416518780441 155.70024618973687
0.9995889809923196 -0.028575592385401413 0.0023031540924780425 0.7147850628524182 0.028491212421574076 0.9991194865550785 0.030797768043724236 0.09447007798265676 -0.0031811908769458943 -0.030719489472580495 0.9995229827048121 157.05321410677445
0.9994854631253957 -0.03199079071011847 0.0023234049683343045 0.7343288198420891 0.03189940258443395 0.9989711796234444 0.03223368633771434 0.11790282597225692 -0.00335219600754866 -0.0321429852151265 0.9994776592025842 158.39050563140412
0.9994413709952856 -0.03335452640725487 0.0021027130927085214 0.7476829821593389 0.03326756650826275 0.9989064828217638 0.032849775394838424 0.14029603563669968 -0.0031961027202554136 -0.032761471928695815 0.9994580885885654 159.7417603594086
0.9994577926485982 -0.032787202092981645 0.0030199317328729897 0.7564106058838407 0.03266843845975786 0.9989095456090897 0.033354054698421676 0.16547029653643608 -0.00411022512297647 -0.03323731294287397 0.9994390361787096 161.08274449688764
0.9995650878711511 -0.029195937876613013 0.0041511729686608935 0.7599554147273637 0.0290443496573505 0.9990396305841366 0.03280613353540163 0.18907595321683193 -0.005104992583710165 -0.03267129715184886 0.9994531131346355 162.44371255023827
0.9996501676923458 -0.025955609460764684 0.005084142380262855 0.7656762402695869 0.0257827264205156 0.999169865885586 0.031540929394291185 0.20999726036344557 -0.005898586408860899 -0.03139881184620588 0.9994895303388205 163.7813913989004
0.9997160614088497 -0.023123347674032412 0.0057538943667820655 0.7750691646262886 0.022935654481403632 0.9992627112925236 0.030789440746740216 0.23462226342511816 -0.006461607577903129 -0.030648728654735603 0.9995093311344442 165.14355237200274
0.9997358717030642 -0.022156068674408627 0.006106996148394337 0.7837269562071278 0.021950723081973572 0.9992513298287039 0.03185821207800476 0.2592271287669685 -0.006808277335262937 -0.03171574397767428 0.9994737409795517 166.49672544265374
0.9997705692553903 -0.02016056110499136 0.0072360614352061274 0.7979668694008537 0.019908784706788904 0.9992462226736191 0.033326068521371426 0.2764259610384379 -0.007902479965979889 -0.03317436082298213 0.9994183371125808 167.83725016017166
0.9998209627060821 -0.01808732037611641 0.005557998063272264 0.8024738835979585 0.017911754119154123 0.9993845110919639 0.030162362644626642 0.3018482219065028 -0.006100134010899449 -0.03005740852325658 0.9995295596049593 169.21462444903815
0.9998838889713482 -0.014326348997849141 0.005192714076351047 0.8097616883374595 0.014176225986292614 0.9995108083026567 0.027877925927721606 0.3220533965456968 -0.005589563213150673 -0.027801075499385798 0.9995978476134957 170.57469613618824
0.9999478624279541 -0.009106370905778078 0.004620219316090975 0.8150209347384751 0.008980187864429194 0.9996049182508613 0.026633882029076884 0.34211822198157826 -0.004860932370540124 -0.02659100257880832 0.9996345781780338 171.94967917134133
0.9999725968745274 -0.00554479377699952 0.004905176738745852 0.8171907751643581 0.005409274078409356 0.999614756764457 0.027222745008745355 0.3623461774119532 -0.005054231984984862 -0.027195465180119636 0.9996173574836995 173.3223266408352
0.9999799691405188 -0.0028760049045470372 0.005638254359290012 0.8190057134709045 0.0027076759142149443 0.9995570154053944 0.0296385134524749 0.382110635695451 -0.005720997689689488 -0.029622652772474656 0.9995447806850791 174.7076147119476
0.9999808177819923 -0.0024394022354667006 0.005693275304593349 0.827376319983756 0.0022556296734036326 0.9994832370883607 0.032065104903879975 0.4053071223689556 -0.005768553403656219 -0.03205164743866276 0.9994695671459165 176.09235150767404
0.9999765209845254 -0.0048056656235246015 0.004884982621915913 0.8390980608556549 0.0046392965983174895 0.9994274022611986 0.033516333017107845 0.43247713666822535 -0.005043254205439135 -0.0334928827173405 0.9994262315720345 177.45304136629875
0.9999698364773846 -0.007072096524729857 0.003211165146338721 0.8503632231993752 0.006959362591450369 0.9994024741429006 0.03385649118004905 0.4595323862905065 -0.0034486830571517813 -0.033833121795038196 0.9994215459022577 178.85371425864568
0.9999655549436913 -0.008210168680130223 0.0012173948110706769 0.8577959363738592 0.008169320300938454 0.9995033279500404 0.030436157189168783 0.48214599428646054 -0.001466676275417929 -0.03042516308362913 0.9995359714770061 180.18972436105224
0.9999814465594691 -0.006084103299005552 -0.00030036665083802046 0.859342623873526 0.00609000497648204 0.9996150686510632 0.027067072224184505 0.5024628271315967 0.00013557217600376498 -0.027068398878054574 0.9996335745524183 181.60460439255925
0.9999980586899726 -0.0016956502575389946 -0.0010036860747864992 0.8523348366639445 0.0017205831740290832 0.9996762744338487 0.025384758328543967 0.5243258667324887 0.0009603175637051316 -0.025386435606234686 0.999677251241792 182.99591905336385
0.9999980513853993 0.0015627330981244209 -0.001206271045568268 0.8472382853218434 -0.0015292419193072317 0.9996265787408632 0.027283044633971278 0.53872161293781 0.0012484568202266117 -0.027281146394779444 0.9996270206318341 184.34936746420058
0.9999928512942674 0.0035724791338521533 -0.0012388508102232848 0.8454516442911137 -0.0035331793444846843 0.9995317748294905 0.03039321941208995 0.5632272050233446 0.0013468500052378476 -0.030388624618394013 0.9995372516592024 185.7925284277747
0.9999922382840936 0.003887097861265338 -0.0006433039807600578 0.8472872484175109 -0.003863794586899038 0.9994496587996351 0.03294617819087643 0.5861577201550878 0.000771015028722147 -0.03294343640120132 0.9994569202796973 187.1591701711061
0.9999947745984517 0.003166735735206995 -0.0006500456124027363 0.8464865015613026 -0.003142727235780983 0.9994134248121382 0.034101753810539065 0.6144824573988601 0.0007576556186806964 -0.03409953220588772 0.9994181546381975 188.61053769716202
0.999998173378854 0.0017609535549614958 -0.0007431560340307687 0.8508442400869263 -0.00173404973203638 0.9993938280289097 0.03477024031979213 0.6432407752530981 0.0008039343998178742 -0.034768887635004984 0.9993950560714716 190.0098101566733
0.9999986694497272 -0.0014557975949453272 -0.0007360377711600509 0.8559483336496136 0.0014813145279488462 0.9993526554688136 0.03594545533654437 0.6702660975366337 0.0006832320502863521 -0.03594649729186404 0.9993534822485473 191.38376998236126
0.9999930441358716 -0.0037007665543186213 -0.00046476364277839646 0.8645667167996987 0.0037150463963941133 0.9993506737942988 0.03583893501190632 0.700700242135612 0.0003318303538847045 -0.035840411819850156 0.9993574709407569 192.82339130144604
0.9999762973562923 -0.006884251664559588 -0.0001086274683741676 0.8696766303804288 0.006883479229642682 0.9992718169730352 0.037529369420292516 0.7317316650358816 -0.0001498132713313909 -0.03752922706507011 0.9992955191656738 194.21458717785185
0.9999376589501959 -0.011165545227182968 9.381246798232604e-05 0.8781811469061995 0.011153301754837959 0.9991702140881332 0.0391725312131952 0.765692482398451 -0.0005311173412329891 -0.03916904226824545 0.999232457435081 195.6597593812594
0.9999023567064581 -0.013968461454107243 0.00039889655138840036 0.8880821468990225 0.01394133094707572 0.9991024400798277 0.039999419858566414 0.7930737199914322 -0.0009572689575898128 -0.03998995245272274 0.9991996233420655 197.06073390736998
0.9999238035591611 -0.012336665792722006 0.0004401569146851381 0.8898730828498567 0.012313040617687534 0.9992846179862752 0.035758094830551125 0.8267235002889816 -0.0008809777779342585 -0.03574995000084429 0.9993603778961528 198.49356899576688
0.9999847368469457 -0.005448675891963352 0.0009154242400054207 0.8858438699295583 0.005417282856047369 0.9994932234217336 0.031367968058479676 0.8549394835582069 -0.0010858743087396316 -0.03136252971706061 0.9995074849993542 199.9196033668106
0.9999908285772746 0.0037678449099934554 0.0020361986937891307 0.8787701628015916 -0.0038294617333597476 0.9995072251947181 0.031155128696970385 0.8894233570211865 -0.0019178077726170334 -0.031162640054500562 0.9995124870862764 201.34496793170757
0.9999346245529286 0.0109566234509913 0.0032709343227848567 0.8703378637457261 -0.011062887680211554 0.9993448245213453 0.034460619151449025 0.9174177178569368 -0.002891219497161389 -0.03449455175461518 0.9994007037753907 202.80676901837003
0.9999151474053503 0.012373342758462632 0.004074108920425361 0.8720715138806007 -0.012515504217039383 0.9992389520147968 0.03694426872958745 0.9467713018788637 -0.0036138845263713085 -0.036992122906527494 0.9993090225925719 204.24065793486403
0.9999364575862654 0.010720578603302083 0.0034856811822119938 0.8828824387580091 -0.01084524517687105 0.9992201880843607 0.037965727190871934 0.9825652370812614 -0.0030759486977506596 -0.038001117275654084 0.9992729624966966 205.69596397230706
0.9999700602139734 0.007421470613550919 0.002190991701907807 0.8937617749127656 -0.007500282021361374 0.999231581438733 0.038470670378999997 1.0159610505249357 -0.0019037993103947753 -0.03848595107507709 0.9992573277532815 207.1426256278853
0.9999827023723669 0.0057284925978805645 0.0013339137004009889 0.9033968428367954 -0.005774873836159524 0.9992669963453509 0.037843373239087714 1.0425023519007308 -0.0011161505448345826 -0.03785042127476259 0.99928279269141 208.57198132816944
0.9999825526589653 0.005888355970218548 0.0004707848579948836 0.9091028555358152 -0.005901960256339394 0.9992654567528323 0.03786441412281144 1.0814318814789898 -0.000247479915931801 -0.03786653149570926 0.9992827750433021 210.0675540167085
0.9999752135343134 0.0070333975479015855 0.0003219179858856506 0.9105189594904806 -0.007040565244588763 0.9992429443733206 0.038261842800677424 1.116215642973787 -5.256352673465355e-05 -0.038263160356605035 0.9992676957392438 211.48353494425984
0.9999695579071486 0.007802770810198076 4.547521351208443e-06 0.9112941789554717 -0.007797004528462071 0.9992077335541547 0.03902706729662344 1.1544957694239437 0.000299975370794181 -0.03902591412436052 0.9992381537910262 212.9640411342675
0.9999733846032236 0.007291462275142044 -0.00025427884156481884 0.913469393621319 -0.007275887135851723 0.9992045834618292 0.03920793173136157 1.1869151580066226 0.0005399597867715572 -0.03920503752615646 0.9992310410640495 214.42754161385278
0.9999729330399139 0.00732440521663639 -0.0006973307558459227 0.9205537570103502 -0.007292121995211952 0.9992316434741434 0.03850905985480404 1.2221272236120624 0.0009788510005618693 -0.038502931954457385 0.9992580077402878 215.86221703566562
0.9999770274110044 0.006716592251443839 -0.0009121589301199851 0.9231181884453633 -0.0066767202641293075 0.9992435718187798 0.03831064653977705 1.25617994039743 0.0011687860392482173 -0.03830367566157865 0.9992654613874826 217.36291440056903
0.9999741677409342 0.007029186250623189 -0.0015014612353319527 0.9233176984406417 -0.00696568712549873 0.9992236061535298 0.03877710874439583 1.2926540254584247 0.001772867180536721 -0.03876564777480191 0.9992467570355331 218.82189705196552
0.9999726644728526 0.007165529934161935 -0.0018235903545176643 0.9232019323042078 -0.007089653104542958 0.9992266400697429 0.03867633188325644 1.3281319736162511 0.0020993166548899708 -0.038662345463761925 0.9992501267774322 220.31728434535174
0.9999720416012777 0.007210800087259242 -0.001979992841637625 0.9241671512284554 -0.007129118343810606 0.9992310759713947 0.038554280419613576 1.3634428299487706 0.0022564777775849667 -0.03853908634361917 0.9992545456909735 221.7717705360291
0.999960833354227 0.008470026924580784 -0.0025671760356308663 0.9205607907841327 -0.008364770349099625 0.9992212901977304 0.03855961473417073 1.397030173728093 0.0028917781705431658 -0.03853663008893074 0.9992530038549604 223.23916048404539
