1.0 -3.469446951953614e-18 0.0 -1.7787691892340307e-19 0.0 0.9999999999999999 -3.5405977195229754e-19 0.0 2.168404344971009e-19 -2.354751593366955e-19 1.0 0.0
0.9999998184236251 -0.0001920850232811945 -0.0005711877703400902 0.0023623220759034095 0.0001924746445146272 0.9999997488292218 0.0006821250560820844 -0.022605926090915572 0.0005710566496940094 -0.0006822348851515522 0.9999996042253559 1.3271691435190551
0.9999996106291743 -0.0006537789352943687 -0.0005927180634304468 -0.007919513178060316 0.0006544457365945475 0.9999991525635218 0.001125420722648312 -0.03902273942997718 0.0005919818357649513 -0.0011258082084223669 0.9999991910569219 2.628002273801946
0.9999985244154309 -0.0013027885225958633 -0.0011197808784350139 -0.009237918093241298 0.0013039059154677044 0.9999986522689209 0.0009976409880589597 -0.0746863043332523 0.001118479749464476 -0.0009990996244713523 0.9999988754018504 3.9515879976599413
0.9999979703940859 -0.001937228998920874 -0.0005534921413556564 -0.02262172482950816 0.0019378220718998269 0.9999975470087418 0.0010727623416835195 -0.08804861158533576 0.000551412644931519 -0.0010738327538173656 0.9999992714139098 5.267169937196659
0.999997036378921 -0.002257119790703626 -0.0009124941099497561 -0.018649532155090798 0.0022585203953163664 0.9999962688856073 0.0015366511946255576 -0.10716273517368945 0.0009090223777324522 -0.0015387075564707359 0.9999984030282704 6.588547945280161
0.9999934119286554 -0.0035640749000146067 -0.0006880939448463098 -0.02745835817716638 0.003565774164919891 0.9999905575658861 0.002483954156186457 -0.14381065598129011 0.0006792345085711311 -0.002486391426161097 0.999996678244332 7.923302919618288
0.9999934488604734 -0.0035843750530780826 -0.0005044757888072321 -0.0465135028782244 0.0035858147715182205 0.9999894178086839 0.002882047455111991 -0.16242385186491953 0.0004941401556974973 -0.002883837585649996 0.9999957196446488 9.238816185896198
0.9999943853945131 -0.003178870621352933 -0.0010601716006701494 -0.045096460260239266 0.0031813286672287087 0.9999922372690773 0.002324767636819906 -0.18721029828362878 0.0010527733263801051 -0.0023281273827818905 0.9999967357413443 10.570550192816047
0.9999993687847709 -0.0006551737587281326 -0.0009127852844807026 -0.0661500682084681 0.0006551678753710898 0.9999997853539264 -6.791070508366857e-06 -0.2039312015990779 0.0009127896150635379 6.1930385071391005e-06 0.9999995833890292 11.891690629798024
0.9999974609329536 0.0020534361254247926 -0.0009281824258260142 -0.0662545312698439 -0.0020541173362308854 0.9999976213487369 -0.0007334183965482445 -0.23049241334906068 0.0009266742677488995 0.0007353231421284433 0.9999993002877952 13.229593873260853
0.9999838397731481 0.0056252830594857245 -0.000822417491332911 -0.08955863067530187 -0.005626064314883344 0.9999837220423223 -0.0009502957613979885 -0.2492430636642111 0.0008170584893104115 0.0009549073919509813 0.9999992102839347 14.572797518646995
0.9999828519003038 0.005846702495379033 -0.0003346087476210418 -0.1128733173287393 -0.005846724079742741 0.9999829058197237 -6.243089160580971e-05 -0.27794697804208846 0.00033423804072063253 6.438618257625068e-05 0.9999999420699305 15.920127970423403
0.9999904865549692 0.004360250401983413 -0.0001225049830166265 -0.10312384040410266 -0.004359895569664318 0.9999866779954075 0.00276317753963052 -0.30504943968083464 0.00013455151031124867 -0.0027626172012586905 0.9999961749140953 17.26036155582046
0.9999999583647915 -0.00028003171238483865 6.966500198172403e-05 -0.11903540164496758 0.00027968717284543136 0.9999879667247722 0.004897772877406844 -0.33226638322844226 -7.10356974171092e-05 -0.004897753285340242 0.9999880034118966 18.623026017948337
0.9999976304704068 -0.0021373432606620665 -0.0004133036326635139 -0.10879156590085062 0.00213859828494143 0.9999930313645741 0.0030600025969460755 -0.3683567304436515 0.00040676051358091796 -0.0030608792956428772 0.9999952327711663 19.966867649800975
0.9999953865213357 -0.003026813049688824 -0.00025562226430597863 -0.11743280909344239 0.0030270141559368725 0.9999951071070959 0.0007892672041172578 -0.3699879460500152 0.0002532320715512577 -0.0007900373485228247 0.9999996558574501 21.318418793435434
0.9999994303252099 -0.001061364651763248 0.00011338500213255599 -0.1273990353251831 0.001061388309250141 0.9999994150559254 -0.00020818510094079484 -0.4238292812138241 -0.00011316398516217829 0.00020830533286896006 0.9999999719013002 22.671701649540154
0.9999986012032532 0.0014367090969081495 0.0008564212076223716 -0.13803260288617192 -0.0014377450292405239 0.99999823425841 0.0012101122146775483 -0.41635375601911534 -0.0008546811875152849 -0.0012113418615903066 0.9999989010843492 24.036065436792573
0.9999975057821381 0.0014826368948389918 0.0016703942968494155 -0.150990427441067 -0.0014918977892399805 0.9999834493944703 0.005556543828980007 -0.4338541903287373 -0.0016621284499749652 -0.005559022136656511 0.9999831671587945 25.429543398032205
0.9999982815702547 0.0001157785288153114 0.00185025788046311 -0.1485748609977264 -0.0001280557499920374 0.9999779688726627 0.006636668552262344 -0.46211230833997535 -0.0018494488843929144 -0.0066368942131684325 0.9999762653049467 26.796584080737333
0.9999883195077032 -0.0044267607731346865 0.0019402695188202367 -0.15117671688944384 0.004415395582137627 0.9999732961524965 0.00582333722415442 -0.4864650666290488 -0.0019659963880695125 -0.0058147022568643516 0.9999811618698703 28.161794850646064
0.9999904206784047 -0.003982981072094724 0.001815054038475661 -0.16158164825774657 0.003976277525507714 0.999985315167745 0.0036822085378755078 -0.5007231378793006 -0.001829693702985283 -0.003674956174129041 0.9999915734226487 29.527807316903623
0.9999886178337699 -0.004142810875122168 0.002366712855693694 -0.16441749153636614 0.004138584064026054 0.9999898372310572 0.0017881696310789944 -0.5463773627739932 -0.0023740970508302176 -0.0017783544676736737 0.999995600548181 30.917095846783745
0.9999952116264904 -0.0010833869181968124 0.002898793247553118 -0.1729849880317874 0.001082589072222367 0.99999937568668 0.00027681298101949977 -0.5437878739828805 -0.002899091578060558 -0.00027367345584828414 0.9999957601745971 32.296406678812204
0.9999939101836566 -0.000283477848230752 0.003478396278509009 -0.18182497482832005 0.0002879278889634119 0.9999991407584449 -0.0012788977986510196 -0.5868076374123596 -0.0034780310454745004 0.001279891565969616 0.9999931325630138 33.680782514056865
0.999993203029423 -0.00018432990583730317 0.003682379968411492 -0.1944458179268787 0.00018784931674229594 0.9999995259448217 -0.0009554174864011651 -0.5880311289524041 -0.0036822024226862192 0.0009561027470000706 0.9999927635979461 35.07821703964436
0.999994934988091 -2.5936788874168087e-05 0.0031826607588188683 -0.1917604747825345 2.4105849115224273e-05 0.9999998342108527 0.0005753234321296496 -0.6331793770407559 -0.003182675421702649 -0.0005752438060973078 0.9999947698202165 36.47385158699793
0.9999948246783509 0.0009952507669553096 0.0030594271742293254 -0.20713874458900972 -0.0010008404980158016 0.9999978319410828 0.001826042937520157 -0.6452784504223035 -0.0030576034275489857 -0.0018290955201016486 0.9999936527134913 37.874704755571706
0.9999909175222488 0.003359218446801604 0.0026230748509253185 -0.20579741612642838 -0.0033654694465807414 0.9999914992603148 0.0023822317848722274 -0.6690522100689186 -0.002615050335164722 -0.0023910380741423787 0.9999937222031304 39.26093412556272
0.9999795401236602 0.0056062116435426634 0.003080538562135862 -0.21546190302739726 -0.005614356187664576 0.9999807505726015 0.0026414956969794895 -0.697043785691265 -0.0030656707368797555 -0.002658736947242762 0.9999917663547854 40.6601709851441
0.9999564083237676 0.00881609304571671 0.0030753764259699055 -0.2288719124987736 -0.008825434323184842 0.9999564431565632 0.0030370244416014574 -0.7256831618456558 -0.003048468037917649 -0.0030640336499440073 0.9999906592249325 42.08292338905818
0.9999502902681764 0.009543282659313677 0.002888378603257043 -0.23918186411612807 -0.009552651183057898 0.999949100378001 0.003247080129347803 -0.7410035072414168 -0.0028572440217959245 -0.0032745104606703964 0.9999905568228115 43.46833024293061
0.9999557027212131 0.009065890516572224 0.0025302584287777057 -0.2508097959280712 -0.00907416182011497 0.9999534606234451 0.003276613169390346 -0.7723987986113909 -0.0025004354650765333 -0.0032994280687119897 0.9999914307604094 44.90222274694928
0.9999625497653891 0.008508760178361613 0.0015811548304219688 -0.24256614555156536 -0.008513032352458361 0.9999600783269355 0.0027147837037181863 -0.800267169527956 -0.0015579923945976237 -0.0027281425156767875 0.9999950649360427 46.30679309076904
0.9999647740317178 0.008357722017936867 0.0007740551480081212 -0.25485485473077935 -0.008360216468858173 0.9999596841315365 0.003276722385270906 -0.8286492625223648 -0.0007466380674438812 -0.003283078298650022 0.9999943319479551 47.73858286263391
0.9999644841884198 0.008425654183404525 -0.00019670981785600166 -0.26587963311099555 -0.008424752481755313 0.9999556556474624 0.004208360917567335 -0.8451248219806652 0.00023215931115065126 -0.004206554312239428 0.999991125462697 49.13116080453022
0.9999554559183681 0.009359600864659362 -0.0012182068153499346 -0.27525870823762294 -0.00935431930150062 0.9999471228290463 0.004271800113887919 -0.8735261191587528 0.0012581248532426358 -0.004260214427108604 0.9999901338002745 50.56236471251413
0.9999568532211855 0.008988840426064182 -0.0023435912324822937 -0.28780770152769464 -0.008978197688783869 0.9999495106947133 0.004513097209869537 -0.8843780259861751 0.002384040621378465 -0.0044918613562329075 0.9999870696849159 52.01034116568302
0.999944514446087 0.009983483680725038 -0.003361257796329556 -0.30468560393000776 -0.009963951239335087 0.9999336610592019 0.005778683030107917 -0.9170147646401539 0.0034187264947118587 -0.005744871111551287 0.9999776541367047 53.41631255633689
0.9999619395709027 0.007703678278138535 -0.004095451930928086 -0.3208335588120844 -0.007677410928213482 0.9999501024755271 0.006391395402594819 -0.9263052065806031 0.0041444851868510995 -0.006359709810552261 0.9999711882565209 54.87168711005914
0.9999723561844669 0.005955171755186916 -0.004452277593903877 -0.33378905693375166 -0.0059236695488461225 0.9999575632247375 0.007055628861898418 -0.9439673321952801 0.004494106520416061 -0.007029060142946704 0.9999651970597039 56.26235407678424
0.9999769129222862 0.004590436795703763 -0.005010139101153797 -0.34710751193976586 -0.004555150885217018 0.9999649016502625 0.007031790296762706 -0.9743710868161031 0.0050422426739521785 -0.00700880615947034 0.9999627255237455 57.69844249564358
0.9999834540900137 0.003243804832885031 -0.004750711659452736 -0.37210204820011866 -0.0032095301378034383 0.9999688956525133 0.0072046268221493456 -0.9904880421726742 0.004773934704024723 -0.007189260210860877 0.9999627613548134 59.14203799981002
0.999983468789418 0.003262499774029797 -0.004734789115210502 -0.3655044880001784 -0.003225274659591413 0.9999639983704555 0.007848539351460288 -1.0228570574597209 0.004760224921361481 -0.00783313877101092 0.9999579902212011 60.550078685900296
0.9999901933514301 0.0015373842380303378 -0.0041532686166688045 -0.38359982704328044 -0.0015009035991125422 0.999960394461897 0.00877250225763416 -1.0368375240686696 0.00416659119004327 -0.008766182750317805 0.9999528956748153 62.01101260893901
0.9999923292962707 -0.0007792270355796438 -0.003838508558248753 -0.3932205347267437 0.0008122522286984381 0.999962606778034 0.008609604410391259 -1.0580514665931602 0.003831656518364986 -0.008612656378071027 0.999955569297069 63.4116356951069
0.9999933040146582 -0.0016295109469167783 -0.0032766776581981535 -0.4082643322961552 0.0016543914691677254 0.999969714069183 0.007604862168365717 -1.0790314500951517 0.0032641864969455434 -0.007610232305288205 0.9999657141416807 64.8229946760198
0.9999953421925488 -0.0018199210655592771 -0.0024501997897659338 -0.4230992594951977 0.0018384164577555095 0.9999696761100605 0.007567501593397397 -1.0985688844554153 0.0024363534467703304 -0.0075719709828801765 0.9999683642214546 66.27156790297099
0.9999981636960854 -0.00031102478958050517 -0.001890995859173174 -0.4352934723980108 0.0003251033568790838 0.9999722007549331 0.007449296780522462 -1.1150888918228778 0.0018886265406193904 -0.007449898018584555 0.9999704656211698 67.64528424723001
0.9999955772962464 0.0027182430532010204 -0.00120687024033879 -0.4556665591949356 -0.002707233358776236 0.9999555419328057 0.009032444155637098 -1.1389741744811706 0.001231369074996818 -0.009029137109482248 0.999958478347035 69.11673287681455
0.9999808386083313 0.00618455341953544 -0.00027148151705487034 -0.472996502891756 -0.006181478283673627 0.9999293296122902 0.010155053735913732 -1.159260040343131 0.00033426683972686243 -0.010153181198973162 0.9999483992592572 70.46564725563911
0.9999523782109995 0.00973595404099049 0.0006726723437811423 -0.49294626573496164 -0.009742830280402431 0.9998907918198338 0.011112232446178972 -1.1746591438627771 -0.000564410737388604 -0.011118257220404323 0.9999380309799158 71.92992958182519
0.9999068127651604 0.013603775260558386 0.0011415130242047192 -0.49794183624535093 -0.013615355191041074 0.9998485837272223 0.010836593184814638 -1.1823696234893624 -0.000993921678338909 -0.010851125681424562 0.9999406308343881 73.28208785102993
0.9998476405148868 0.017353357753346337 0.0018859179007576974 -0.5167776760929175 -0.017371990093992987 0.9997954428108143 0.010357921554777647 -1.2001948108739773 -0.001705787541169442 -0.010389105790945981 0.9999445768495696 74.6845897875092
0.9998044785491577 0.019601039282356243 0.00260842456667771 -0.5255981201858504 -0.019627307260991756 0.9997526768117403 0.010457249660323067 -1.2229434432357789 -0.0024028066771474357 -0.010506401614276392 0.9999419193360953 76.13240856396422
0.9998072133939322 0.0193992706934817 0.0030338572688732774 -0.5338172881970484 -0.01943115599951093 0.9997522255639802 0.010858992050812913 -1.2330617096447647 -0.002822449261197741 -0.01091585016417705 0.999936436977614 77.491503415116
0.9998219544431646 0.01862996909517882 0.0029972680861350314 -0.5315517801559083 -0.018662141900046468 0.9997643423449963 0.011089827946087738 -1.2610231885081657 -0.002789958832940291 -0.011143789125476063 0.9999340138698781 78.91664708124772
0.9998408118153139 0.017606053064789788 0.0028944565906678043 -0.5427915277725626 -0.01763409350180586 0.9997948447181628 0.00996530313764627 -1.2665824962761896 -0.002718413344450671 -0.010014758105951253 0.9999461559747681 80.26912900044127
0.9998466242439744 0.017333192411180177 0.002507665127961075 -0.5436903662295148 -0.01735771501655921 0.9997982107652555 0.01011175178270297 -1.2959516651761025 -0.0023318903587675596 -0.010153728433285642 0.9999457305706704 81.66501865902949
0.9998623778091066 0.01642968233609128 0.0023002041424248585 -0.5597826231523992 -0.016453317863493192 0.9998077697457408 0.010663579497271074 -1.303546767681636 -0.0021245629217788837 -0.010699958163755068 0.9999404967939236 83.06564641494596
0.9998588735695695 0.016669133850589546 0.0020911428836602667 -0.5776629953611745 -0.01668909310452254 0.999811512880735 0.009920328833047318 -1.317854441398737 -0.0019253855966713336 -0.009953828298121376 0.9999486057758905 84.42915798769927
0.9998636781811499 0.01647213290529906 0.0011374747712450432 -0.5735178444120357 -0.016483033798037398 0.9998105735372333 0.010350201960176388 -1.3292308182373493 -0.000966769475451542 -0.010367540253092484 0.9999457882645354 85.83248925100007
0.9998652688761774 0.01641400246511384 0.00015676196512008026 -0.5890981182036452 -0.016414727283756446 0.999801561904875 0.011286876477668984 -1.351635727202219 2.8531971295992897e-05 -0.011287929224102447 0.9999362888923665 87.17331302241148
0.9998907535664024 0.014744098147127283 -0.0010452092945442597 -0.5947163796899649 -0.0147298439863086 0.9998128895029508 0.01253864876498812 -1.3652766516039996 0.0012298849060899673 -0.012521883451584623 0.9999208417793682 88.55902461856546
0.9999156228876965 0.012819983993675885 -0.0020964447098566234 -0.5980789551714372 -0.012791245474609319 0.9998311759074305 0.013191048052347108 -1.382955771197497 0.0022652000056431923 -0.013163119162000327 0.9999107966073799 89.94590155719492
0.9999250377160783 0.011889013764160551 -0.002927501751636202 -0.6098029166247062 -0.01184828295159708 0.9998378805683815 0.013558421526923586 -1.4003146192637337 0.0030882236780373318 -0.013522719565732364 0.9999037948428308 91.3162719306179
0.999931684630763 0.01121838372093906 -0.0032823628427141446 -0.6241014008718585 -0.011174751465536117 0.9998527588901026 0.013022499394713775 -1.4138647504331883 0.0034279712386677563 -0.012984930436182502 0.9999098162365172 92.69404529247386
0.9999470041941793 0.009701077154136196 -0.003446429597938931 -0.6396067119779605 -0.009656057988634245 0.999870840859637 0.01284765189981634 -1.430584772109369 0.003570620833878251 -0.012813692366988129 0.9999115260693672 94.02620577499115
0.9999524100968946 0.009025797244732101 -0.0037030391190210864 -0.6592100923402592 -0.008978713847760451 0.999881053187277 0.012540422226168219 -1.4371732524582315 0.0038157862947035535 -0.012506577156590284 0.9999145090029957 95.40386232253137
0.9999542711705509 0.008820110740162986 -0.0036961044491698176 -0.6657408099934738 -0.008774951088828961 0.9998887549582752 0.012061424293561397 -1.4474023696557972 0.0038020767043050047 -0.012028439849911103 0.9999204272636425 96.7473212079644
0.9999455864948384 0.009870617346803924 -0.0033756383371223945 -0.6840916085667059 -0.009831429557043124 0.9998862837163601 0.011435149615081228 -1.4642023478351427 0.003488126761605456 -0.011401340273101608 0.9999289186848271 98.0866820294999
0.9999311151208892 0.011319188340498403 -0.0031049889081968454 -0.703141377765831 -0.011282227065396184 0.9998682068466785 0.011673915872382631 -1.4746115408983869 0.003236719226582332 -0.01163808076688728 0.999927036705607 99.46298147197383
0.999926275172541 0.011780386919861885 -0.002943920886697503 -0.7140799627578571 -0.011741047052207696 0.9998460252580363 0.013041227415930655 -1.4870462267257831 0.0030970985736162695 -0.013005701507922093 0.9999106258658426 100.80487957320612
0.9999250833740203 0.011916646459691411 -0.002796630665706762 -0.7336596928986263 -0.011875231435723504 0.9998259979551416 0.014385851157686404 -1.493024880046781 0.002967575410155694 -0.014351563076267013 0.9998926073058088 102.13695747645512
0.999930905947114 0.011417601086282978 -0.002796727596923047 -0.7429695192789094 -0.011378216275410177 0.9998411978032127 0.013715516429634578 -1.5110362436106854 0.0029528820256087213 -0.013682747278386007 0.9999020266633728 103.47097623409498
0.9999304327194009 0.011513959965126408 -0.0025609403963346273 -0.7552554277448326 -0.01148436061083973 0.9998703444442458 0.011287328528307525 -1.5237719018197136 0.002690570440734041 -0.011257132769424897 0.9999330166572727 104.8069749835501
0.9999415738892818 0.010460061753676964 -0.0027268822898537885 -0.7683541747689155 -0.010432100147461976 0.999894833256251 0.01007440988213709 -1.53407243651563 0.0028319747088192283 -0.01004537437271858 0.9999455337073948 106.14388864684771
0.9999539522301697 0.009270800619348681 -0.0024790421881530247 -0.7784943173608871 -0.009242358881334223 0.9998940199117498 0.011248456046622227 -1.5493028644103455 0.0025830618791109366 -0.011225026113165814 0.9999336610939012 107.4675346171087
0.9999801700456259 0.006002057444685389 -0.0019065168828899595 -0.7855324917049991 -0.005976273734631264 0.9998943074625383 0.01325360565753583 -1.5509636471497463 0.001985864458928656 -0.01324194923957458 0.9999103495470724 108.80485424441831
0.9999882381165188 0.004728484708955465 -0.0010793748573919375 -0.8005621739098348 -0.004712523609295583 0.9998860732929854 0.014339893966866806 -1.5727490550391776 0.0011470579653311474 -0.014334639010290653 0.9998965958489653 110.15158790346756
0.999991064656926 0.004206040386788861 -0.00042405414311690384 -0.8097572728086485 -0.004200061082507999 0.9999036133273173 0.013233425275848261 -1.584912324192434 0.00047967364207427343 -0.013231526241749428 0.9999123444745108 111.46067439007476
0.9999843853545707 0.0055782353019750534 0.00033515275015653196 -0.8224651382801476 -0.005581545967237119 0.999925480129522 0.010857280487278641 -1.5935004474646597 -0.00027456332409591636 -0.010858981843249309 0.9999410018254483 112.81095581566231
0.9999615112281447 0.008665847491634817 0.0013708145555546656 -0.8257592631991812 -0.008677944359751296 0.9999211282639607 0.009079127108193856 -1.613799354151491 -0.001292028208532243 -0.009090673700942048 0.9999578442693332 114.1654456967291
0.9999365225145905 0.01089712543601584 0.0028641887016849707 -0.8391456152449877 -0.010922179007826872 0.9999009040895938 0.008881893330541867 -1.624671386161394 -0.0027671179938792436 -0.008912612893758727 0.999956453246117 115.45488577255153
0.9999194910386733 0.011921687194436193 0.0043456635671423535 -0.8489829960946463 -0.011967879790056242 0.9998704546511405 0.010763075483999211 -1.6380285603436495 -0.004216786935819695 -0.010814217557995153 0.9999326334335149 116.82958734581952
0.9999116099896327 0.012229272726791402 0.005216998428290325 -0.8536854491448223 -0.0122967786099779 0.9998384480533705 0.013109807567134932 -1.6441253805396132 -0.005055832617282553 -0.013172801330673192 0.9999004529757743 118.1226375158416
0.9999128645744915 0.011720897827788561 0.006073202675807741 -0.8542089278830003 -0.011804473764088311 0.9998335244382799 0.013913225031333343 -1.6609327963493836 -0.0059091166357408765 -0.013983703937982615 0.9998847625423003 119.48974828676458
0.9999020442695915 0.012031141924233768 0.007152165207012261 -0.8535064618364854 -0.012126127045257555 0.9998368339582867 0.013388895653542666 -1.6677274730212144 -0.006989915093280631 -0.013474312467538366 0.9998847853573871 120.81676804920113
0.9998726612513591 0.013467809813283493 0.00856033610243957 -0.8516577727152339 -0.013579821893337053 0.9998211286176006 0.013164316759770995 -1.6767725442557921 -0.008381511087258039 -0.013278888536982534 0.9998767030935908 122.12576382386642
0.9998406402533504 0.015027457312615957 0.009636887064155773 -0.8553225120650851 -0.015150616889076252 0.9998028175134877 0.012836858424846186 -1.6826364645459997 -0.009442082285163234 -0.012980817789925395 0.9998711644254862 123.47280056706362
0.9998076512831506 0.016348682653729664 0.010834250037678152 -0.8582838093354188 -0.016481819597607035 0.9997883199424701 0.012315233202117535 -1.6946791762160798 -0.010630619692855472 -0.012491432787482413 0.9998654679654073 124.81953940566034
0.9997781823601314 0.017316112683148387 0.011989089906665525 -0.851850946034431 -0.017452520698513257 0.9997830654429412 0.011368008556122224 -1.703316334690505 -0.011789640329629978 -0.011574727002849164 0.9998635057213489 126.12899684105679
0.9997695211796976 0.01726068606415123 0.012766095529288606 -0.8432646138106813 -0.017406615713426915 0.9997833924575428 0.011409554725651049 -1.722906569185893 -0.012566394608067402 -0.011629139816176614 0.9998534136721213 127.4637422991547
0.9997711506402294 0.016355874239035756 0.01378882469435021 -0.8397218239542168 -0.016524897603042675 0.9997886011023014 0.012234414770758938 -1.729446985010436 -0.013585806341672257 -0.012459474095952971 0.9998300792487513 128.81008995688526
0.9997650949938216 0.01596127933716257 0.014662617627256597 -0.8305021320577951 -0.01615376161797718 0.9997836463228534 0.01310406687574192 -1.747165004267336 -0.014450288855530681 -0.01333784535802434 0.9998066268202641 130.17149882652188
0.9997752041522431 0.014983106302516869 0.015001588344532182 -0.8143026880672293 -0.015187532089056783 0.9997920730701038 0.013606966196898954 -1.7498098658887746 -0.014794595729358411 -0.013831744783817426 0.9997948803502616 131.49687494008742
0.9997965597429106 0.013518568970057248 0.014969548735883388 -0.8020667092430405 -0.01372745587401156 0.9998085934034379 0.013940356538042336 -1.768754014547928 -0.01477823103248287 -0.014143014605126389 0.9997907676242936 132.85911030975947
0.9998261936599042 0.011295025647301641 0.014832560285458754 -0.7926007910179731 -0.011512997942259202 0.9998257644712504 0.014693250106272482 -1.765601980791706 -0.014664016517627072 -0.014861463851917866 0.9997820280008426 134.1845389245044
0.9998525842442645 0.009538765343941 0.014276614408738016 -0.773754699810593 -0.009751599732765617 0.9998412381519821 0.014913242731630649 -1.7833353276958743 -0.01413209508685399 -0.015050264406370199 0.9997868640020973 135.51578378895445
0.9998648041188035 0.009847690274140106 0.013168009109666892 -0.7682600698068442 -0.010039833461617447 0.9998429207855957 0.01460600956656729 -1.7941313565127868 -0.013022106319991476 -0.014736239800101225 0.9998066152931263 136.85189515716664
0.9999042872645931 0.006767663628228757 0.012067105331385254 -0.758479121172861 -0.006959325198792702 0.9998491713672015 0.015912332206533722 -1.796166521495088 -0.011957596952518383 -0.01599478841459949 0.9998005714238026 138.19121607287624
0.9999203490454321 0.006132127968955706 0.011031435337915082 -0.7411979071223085 -0.006309887354986949 0.9998496397375815 0.016151880496208717 -1.806748863501656 -0.010930732161307802 -0.01622020141334632 0.9998086937814546 139.5352403819543
0.9999403166205412 0.00510809838262217 0.009657666623971318 -0.7394364933437763 -0.005265556432588215 0.9998524746868485 0.01634939695514752 -1.8144212905777486 -0.009572728341610274 -0.016399274475842975 0.9998196970799849 140.89467915294404
0.9999490710634904 0.005343713846080808 0.008561541797797714 -0.7402159150764511 -0.005479848572237722 0.999857663734478 0.0159569274803169 -1.821471409310152 -0.008475054629237918 -0.016003031076173953 0.9998360247788083 142.22085913707477
0.9999590820425271 0.004963836571554152 0.007562708788744056 -0.7317587784437856 -0.005080530054328999 0.9998671182572414 0.015489804560572222 -1.8199762966153437 -0.007484815604773178 -0.01552759362245276 0.9998514246484793 143.56983200223146
0.9999703804853822 0.003685649362516104 0.006756784760700813 -0.7227488077905122 -0.0037759993202902496 0.9999029779905398 0.013408073553634041 -1.8321238054204931 -0.0067067123022787 -0.013433190289793333 0.9998872783506597 144.92115062199855
0.9999836553934298 0.001104578805707683 0.005609710840046479 -0.7361648797538399 -0.0011747803306734889 0.9999208510171782 0.012526435624323993 -1.8638114156132952 -0.005595430864637024 -0.012532821305926123 0.9999058053348356 146.2323746483717
0.9999607658983678 -0.0076349937043223865 0.004491497401721289 -0.724977203845147 0.007564199941125855 0.9998501189261932 0.015573135433281397 -1.8641192850085537 -0.004609725378731269 -0.015538550147584922 0.9998686433190725 147.61334467602003
0.9998727462097815 -0.015685768610631895 0.0029065552339201514 -0.713529726816895 0.01563366491563268 0.9997305751047176 0.017157089053469406 -1.866042867939585 -0.0031748945178491222 -0.017109465960908562 0.9998485816478994 148.94045354412467
0.9998317857706392 -0.018236691617398354 0.001955313874060258 -0.6886906498658893 0.018206412828466127 0.9997287732445181 0.014522619084469904 -1.8801671855640119 -0.0022196282408559346 -0.014484577191420031 0.9998926293743322 150.22335551091842
0.9998498179124219 -0.01720508884502954 0.0020800360503557417 -0.7074750499079796 0.017180930990470064 0.9997905303277832 0.011122547582012365 -1.8930528871778471 -0.0022709649468854692 -0.011085140422231736 0.999935979141098 151.6331453061694
0.9999124313453441 -0.01285859130393169 0.00312830383762916 -0.7107656881623413 0.012830636842315741 0.9998789780092526 0.008797958890571257 -1.911385667252847 -0.0032410548676225157 -0.008757050494795693 0.9999564038639636 152.94780070374097
0.9999076036235027 -0.013002764077543647 0.0039638815825593764 -0.7169794884791709 0.012965766871075446 0.9998734247231 0.009220813901171148 -1.9262539193181112 -0.004083276257611083 -0.00916856733431057 0.9999496308444898 154.3169460456125
0.999854174533367 -0.016463166695865665 0.004538041977347654 -0.7227205415016968 0.016407458750758858 0.9997927579853784 0.012051405058814323 -1.9254798617322213 -0.004735506184075566 -0.011975190140072391 0.999917081462901 155.6486616893567
0.9996864925625738 -0.02457144210231853 0.004812569711923676 -0.71513073495452 0.0244952245028022 0.999582811054698 0.01530319618470729 -1.9264792084463462 -0.005186583984233149 -0.01518051381954687 0.9998713173941665 156.96748615067682
0.9996011459667736 -0.02784572834746873 0.004707907722106979 -0.7039455598917963 0.027763342811664468 0.9994743034310579 0.01674256774319311 -1.9367525664415692 -0.0051716422058546195 -0.016605182948287278 0.9998487495706682 158.2922357730207
0.9995904032645743 -0.028236412968308658 0.004661618135120672 -0.6960694547851176 0.02815374864980811 0.9994601086144497 0.016936874673656715 -1.9590025546494563 -0.005137338373703978 -0.016798695665127764 0.9998456938850315 159.64650827619687
0.999622408117363 -0.026874448108552704 0.005727585131827903 -0.6958539076353747 0.026772495967302044 0.9994937396042898 0.017190053722068218 -1.954374273733571 -0.006186659196041849 -0.017030221457548896 0.999835834928268 161.01324571713135
0.9996623743623639 -0.025038804953708832 0.006942300582670168 -0.6996725467898917 0.024919378188417773 0.9995485164197532 0.016786539437685925 -1.9512426665944296 -0.007359481741381211 -0.01660787436008275 0.9998349946558823 162.3535449525306
0.9997206871028734 -0.022303370629325178 0.007817125303502858 -0.6983184290503084 0.022182479070582392 0.9996380041461592 0.015224922944128059 -1.952185858897698 -0.008153863311002006 -0.015047267481234443 0.9998535364011493 163.70005823458743
0.9997476938741054 -0.02074573568215768 0.008611797560381286 -0.7053191530449003 0.020619129473760715 0.9996816850318974 0.014538916736190281 -1.9500572394228912 -0.00891067755989309 -0.014357680969396547 0.9998572182174145 165.0514746282872
0.9997728195048623 -0.019363055679501112 0.008909627838272548 -0.7024024345433804 0.019222121091957436 0.9996928863940454 0.01564106582245033 -1.9592730048070588 -0.009209751163110258 -0.015466250814705412 0.9998379746583391 166.40093234273834
0.9997706137663063 -0.019567972286396784 0.008707142120999226 -0.699148181717621 0.01942761944963447 0.9996844766620288 0.01592214525938448 -1.9505587993137166 -0.009015959659371794 -0.015749334182935767 0.9998353219125967 167.7280057762091
0.9998380428956808 -0.01601488257599598 0.008210452541948153 -0.6987799372830422 0.015904118289150563 0.9997839527568018 0.013383079500982064 -1.96689816572413 -0.008423007842949942 -0.013250332249794439 0.9998767332188083 169.1273638724951
0.9998959291175201 -0.012299150555884717 0.007540679464102322 -0.7047093073884763 0.012216877211919 0.9998663802783286 0.010861375902845397 -1.977245342907551 -0.007673258216935673 -0.010768122191341056 0.9999125805037364 170.52159213718156
0.9999473404048972 -0.007096691679952029 0.007413056007601801 -0.703493780664874 0.007027089501344834 0.9999313771446816 0.009373420056065061 -1.988241670473882 -0.0074790681986526475 -0.009320834419706759 0.9999285902406903 171.87286017988762
0.9999592502930001 -0.004493622553079255 0.007829758784842376 -0.7118527920898933 0.004411376381618905 0.9999352462847712 0.010490137577766732 -1.9920972257476586 -0.007876391154522844 -0.01045517029097302 0.999914322266255 173.2225262035687
0.9999632358058167 -0.00022735776661291993 0.008571776507158499 -0.7178163839492749 0.00011992152049752729 0.9999214622950827 0.01253215286820156 -2.0107549553041135 -0.008573953296214529 -0.012530664433048863 0.9998847282419302 174.61669701320332
0.9999620355994882 0.0005671038269431375 0.008695157212920038 -0.7153131355871868 -0.0006987151119355077 0.9998851304706255 0.015140596273640547 -2.0180546052648016 -0.008685572836024433 -0.015146097199612475 0.9998475666638194 175.97674367156583
0.9999651910875978 -0.0027175411572353293 0.007888700398000506 -0.7183094806308743 0.0025867838472976544 0.999859884532316 0.016538435265031043 -2.019323577897353 -0.007932539604413124 -0.016517453534336028 0.9998321101788707 177.38630793040195
0.9999698306325088 -0.004549856604956536 0.006295763815753241 -0.7098576860219057 0.004446078586630459 0.9998556127779309 0.01640079169767005 -2.0203729420602197 -0.00636947656308088 -0.01637230574949509 0.9998456767790516 178.76603589775561
0.9999618110360549 -0.00775016245116867 0.004038745474056973 -0.7081854228215448 0.007697585469639017 0.999887482604026 0.012875142569280172 -2.019421453689263 -0.004138075830196805 -0.012843562536290303 0.9999089554703521 180.1065836725078
0.9999897532150209 -0.0037958659316149022 0.0024667540004245023 -0.7186179423151804 0.0037741262124638825 0.9999545179701481 0.008758878612982664 -2.0457805953517707 -0.002499889540281351 -0.008749479189212872 0.9999585977257055 181.5259515801182
0.9999978916235399 -0.0004559283486754197 0.0020022190868050098 -0.7463772736693683 0.00044014682960706597 0.9999688916017025 0.007875410887428054 -2.0497595124664496 -0.0020057475871450253 -0.007874513165936157 0.9999669839642434 182.91925247496982
0.9999950867485147 0.0026433353364451106 0.001685008817355748 -0.7587979629264652 -0.0026586081257897447 0.9999548142124575 0.009126956668874111 -2.0514432695080207 -0.001660807204957915 -0.00913139178462322 0.9999569287744577 184.24929273903876
0.9999845103722824 0.005160552154667617 0.0020851162233844183 -0.7622872179041347 -0.005185362222204496 0.9999136658346425 0.012073644906649946 -2.06528674369073 -0.002022629693868582 -0.012084270213760948 0.9999249368748845 185.6919820538559
0.9999737714187332 0.006764276797094779 0.002588633506099467 -0.7693564111800963 -0.00680212113592097 0.9998658379432676 0.014900915058566751 -2.087014800564968 -0.002487492494318357 -0.014918132724576807 0.9998856243091797 187.05744022809756
0.9999870371817589 0.004329380572654451 0.002679911852872791 -0.773748871193565 -0.0043704544612279475 0.9998700800179151 0.015515225237681137 -2.0785638777824755 -0.0026123925725619014 -0.015526736856564723 0.9998760402424862 188.51181855573336
0.9999860594359847 0.004622052351456853 0.002552951272813464 -0.7772026236858813 -0.004662883850684526 0.9998574720432548 0.016226309345214157 -2.0958115980662746 -0.00247758875119037 -0.01623798757813917 0.9998650855577677 189.92916813205386
0.9999961162041587 0.0010034050103427585 0.0026001455142529153 -0.7753858773077398 -0.001047524829258118 0.9998545536959736 0.017022753563830696 -2.0986413161686315 -0.0025826868210667682 -0.017025411502147765 0.9998517215550101 191.29206430581914
0.999995286660447 -0.0005192473921013293 0.0030260607600678 -0.7827605492053328 0.0004670124083631464 0.9998513238437201 0.01723693993877429 -2.1040904938988843 -0.003034561335597851 -0.017235445824136914 0.999846853697592 192.73908386301014
0.9999885919922029 -0.0034300753789575245 0.003324225823215553 -0.7794943948760407 0.0033695977566602364 0.9998317498993673 0.01803102023263266 -2.1059352774699303 -0.0033855145517757397 -0.018019613580515344 0.999831901782569 194.10685577696904
0.9999568924130797 -0.00853798373373063 0.0036491318113324907 -0.779730852803648 0.008464110938607624 0.9997681027788123 0.01980150178135976 -2.1045044915796827 -0.0038173507939780033 -0.0197697619099331 0.9997972716268926 195.5624358114789
0.9999166707986428 -0.012291096674202215 0.003947203624157584 -0.7742744463080613 0.012208442050515805 0.9997189300756033 0.02032276483353412 -2.105417085052225 -0.004195883588553852 -0.020272882533814703 0.9997856794335702 196.97666817991643
0.9999402481165733 -0.010065771412016337 0.004263854741915067 -0.7839920053929335 0.009993521790855612 0.9998116003285796 0.01664011278146145 -2.1098080799388232 -0.004430547364914668 -0.016596507893907694 0.9998524522039246 198.3971655294843
0.9999831223203026 -0.0034784470168261142 0.004653546074159355 -0.7938648239676613 0.0034257309623487477 0.9999304134431349 0.011288606203725344 -2.1136191210563036 -0.004692489455677099 -0.011272474097068799 0.9999254531559121 199.83036992982485
0.999961954731796 0.006305954589268633 0.006026941097907543 -0.809196325351094 -0.006370333028947661 0.9999222163183122 0.010722881112450773 -2.118354816630603 -0.005958854794151818 -0.010760866991574051 0.999924345032483 201.2854747848926
0.9999028515947895 0.011876333856813059 0.007296577617211787 -0.8274929096028496 -0.011981964277458177 0.9998215094579762 0.01460759321658271 -2.118093778874692 -0.007121791183961853 -0.014693601737460494 0.9998666801917971 202.68549792294397
0.9998654988177892 0.01416630172337796 0.008264389883366132 -0.8258269073996798 -0.01430452453417419 0.9997546392087832 0.01691277583983593 -2.1223999462250336 -0.00802277130572869 -0.01702871955928909 0.9998228132282724 204.14419303812457
0.9998756615874457 0.013667759680381602 0.007864711236908902 -0.8262342372990867 -0.013803227282979863 0.9997526946226658 0.017436184714055496 -2.132476723392306 -0.007624453300143736 -0.017542575473266785 0.9998170461434911 205.60078372324756
0.9999245164635653 0.010429591024808312 0.006494997190859431 -0.8163331748788891 -0.01054302097072467 0.9997880755369815 0.01768187598621537 -2.1347658467402635 -0.006309206526505278 -0.01774901853995274 0.9998225673868356 207.05515699094371
0.9999586271779423 0.00726709150410101 0.005471133709703235 -0.8113523887172126 -0.007360833513330049 0.9998230189787771 0.017313256689596067 -2.132287637667733 -0.005344348840385948 -0.017352812838907012 0.9998351453236726 208.47455886824753
0.9999540811387727 0.008191721944023192 0.004973056740434639 -0.8164412594776587 -0.008274080982748762 0.9998250935315252 0.01677265448415834 -2.1338220588548613 -0.004834790394383059 -0.016813032110884096 0.9998469616673163 209.96887375669553
0.9999460481370899 0.009237931439241398 0.0047498865814903524 -0.8195102433313882 -0.009317495029663135 0.9998118957217098 0.0170105106412644 -2.141728844024842 -0.004591851551330628 -0.01705385027660382 0.9998440283827941 211.4204591931075
0.999931454776291 0.010695929952591453 0.004762647579698477 -0.830311621870016 -0.010778730791763813 0.9997850109982215 0.017713011093638608 -2.1391260011310056 -0.004572166909676815 -0.017763132602024275 0.9998317690557575 212.8697444924055
0.9999388788043676 0.01015094764869216 0.004381426614824232 -0.8394887467103576 -0.010226835903467955 0.9997917443148907 0.017660120095872513 -2.1467527440557825 -0.004201247544663278 -0.01770384917252202 0.9998344479197805 214.3057994933413
0.99993521344097 0.010598513162618659 0.004152158459368795 -0.8373713956767252 -0.010667955330326715 0.9997972965591049 0.017075143881584008 -2.155921725959294 -0.003970345987764543 -0.017118333025018487 0.999845587593611 215.78656735247327
0.999944840729175 0.00974340264987024 0.003921936587868023 -0.8417158301844714 -0.009807523832815676 0.99981284023994 0.01667624003845517 -2.1523805273824737 -0.003758719542550348 -0.016713785009596884 0.9998532499427873 217.26240644981502
0.9999394614636854 0.010500560884310815 0.0032881010799785827 -0.8403389824666928 -0.010554281709273567 0.9998036605521261 0.016770435309869137 -2.1630904418951347 -0.0031113567690388617 -0.016804123934062505 0.9998539597769612 218.70398534180393
0.9999236976041651 0.011932275655922623 0.00319683322473428 -0.8456238969714028 -0.011983141425760577 0.9997937871512355 0.01639474050879938 -2.167220914879697 -0.0030005476746463853 -0.01643179798602877 0.9998604866341236 220.19670263202215
0.9999420863264306 0.010330584011473503 0.0030171190307164888 -0.8545292004237521 -0.010378790288848446 0.9998112412131057 0.016424453480127228 -2.1672206390903783 -0.0028468755544264644 -0.016454816655300155 0.999860557433999 221.683516462055
0.999921047212549 0.012300425015736683 0.002568824505735903 -0.8606182886462438 -0.012340314221874173 0.9997936399858461 0.016136731735036356 -2.1736256484492955 -0.002369805932355495 -0.016167158122809493 0.9998664945992511 223.15162312770687
