1.0 -3.469446951953614e-18 0.0 -1.7787691892340307e-19 0.0 0.9999999999999999 -3.5405977195229754e-19 0.0 2.168404344971009e-19 -2.354751593366955e-19 1.0 0.0
0.9999998184236251 -0.0001920850232811945 -0.0005711877703400902 0.0023623220759034095 0.0001924746445146272 0.9999997488292218 0.0006821250560820844 -0.022605926090915572 0.0005710566496940094 -0.0006822348851515522 0.9999996042253559 1.3271691435190551
0.9999996106291743 -0.0006537789352943687 -0.0005927180634304468 -0.007919513178060316 0.0006544457365945475 0.9999991525635218 0.001125420722648312 -0.03902273942997718 0.0005919818357649513 -0.0011258082084223669 0.9999991910569219 2.628002273801946
0.9999985244154309 -0.0013027885225958633 -0.0011197808784350139 -0.009237918093241298 0.0013039059154677044 0.9999986522689209 0.0009976409880589597 -0.0746863043332523 0.001118479749464476 -0.0009990996244713523 0.9999988754018504 3.9515879976599413
0.9999979703940859 -0.001937228998920874 -0.0005534921413556564 -0.02262172482950816 0.0019378220718998269 0.9999975470087418 0.0010727623416835195 -0.08804861158533576 0.000551412644931519 -0.0010738327538173656 0.9999992714139098 5.267169937196659
0.999997036378921 -0.002257119790703626 -0.0009124941099497561 -0.018649532155090798 0.0022585203953163664 0.9999962688856073 0.0015366511946255576 -0.10716273517368945 0.0009090223777324522 -0.0015387075564707359 0.9999984030282704 6.588547945280161
0.9999936632595775 -0.003508593216050255 -0.0006026759439965706 -0.02948167420671842 0.0035100103391593265 0.9999910402785762 0.002366259634554262 -0.14135771548296003 0.0005943683540825869 -0.002368360083453099 0.9999970187946299 7.919808128524947
0.9999935873579455 -0.003545972592000738 -0.0005013237787811235 -0.04596817924492045 0.00354734165519352 0.9999899091701308 0.002756432409814429 -0.15774417091880533 0.0004915445302566984 -0.002758193152571753 0.9999960753702014 9.237975717330988
0.9999945325228042 -0.003162199561540355 -0.0009671718406478215 -0.04767321814152363 0.003164403641643873 0.9999923810313146 0.0022856998956418675 -0.18049763445178707 0.0009599367157884275 -0.002288747964195241 0.999996920073368 10.56724348189401
0.9999993718278438 -0.0005397995478571074 -0.00098232359230411 -0.06509394826456763 0.0005397764616904867 0.9999998540369741 -2.3802210726537233e-05 -0.20032833946651057 0.0009823363803767111 2.327196069436608e-05 0.9999995172375006 11.89743762022698
0.9999981564558521 0.0016923360910403168 -0.0009072370437938672 -0.06665721773566044 -0.0016929583283586376 0.999998332053123 -0.0006854094371043539 -0.2266983538808344 0.0009060756633413533 0.0006869440995372273 0.9999993535678254 13.22589272218465
0.9999820106708277 0.005974440726658308 -0.000533272778243969 -0.1045120570416933 -0.0059749474674867745 0.9999816957056019 -0.00095303130405321 -0.241257904113775 0.0005275692314408041 0.0009562004503369592 0.999999403675884 14.567590881504826
0.9999828135366087 0.005858846729684731 -0.00021571813315482088 -0.12027900280164446 -0.005858901670379075 0.9999828044462729 -0.00025316946641884195 -0.2689853338305618 0.00021423116017629026 0.00025442898701535325 0.9999999446855983 15.920749722136863
0.999988387032677 0.004816547553121408 0.0001632800019811464 -0.11396379076442609 -0.004816962826656087 0.9999849024736774 0.002644182797156139 -0.30402947008333386 -0.00015054171556417488 -0.0026449386597442153 0.9999964908123149 17.253771107122933
0.9999999898233153 -0.0001141961091591457 8.551569140253026e-05 -0.1139267757483135 0.00011377992992377128 0.9999882267666814 0.0048511216077012885 -0.332514355812816 -8.606866714621362e-05 -0.004851111923819669 0.9999882295838659 18.619229885018292
0.9999986137996626 -0.0016515168542976383 -0.0002118797209236967 -0.10596676907626468 0.0016523048868639246 0.9999915131136708 0.0037740675535234483 -0.36051093938915846 0.00020564500710796565 -0.0037744124851032826 0.9999928557352967 19.973659592203813
0.9999964851738605 -0.0026504692154296367 -6.823940745196181e-05 -0.11100495156634033 0.0026505395666269384 0.999995936341856 0.0010497312808759901 -0.36451727170758397 6.545685627318797e-05 -0.0010499084812200692 0.9999994467037697 21.325740435696233
0.9999996680352788 -0.0007894086359584093 0.0002019031643181713 -0.13634978980990098 0.0007894569694615414 0.9999996597771971 -0.00023916933321030317 -0.41668511913363987 -0.00020171431047671202 0.00023932865316033018 0.9999999510163972 22.66641651815744
0.9999982355282822 0.0016192245921583014 0.0009523920509171549 -0.13041218267818616 -0.0016204754167907561 0.9999978238108662 0.0013139389436514365 -0.4047147847892749 -0.000950262495425207 -0.0013154799795430747 0.9999986832553551 24.036679991603307
0.9999973169040305 0.0016576607625180774 0.0016181300679053454 -0.14039418335793333 -0.0016665204394610928 0.9999835450919028 0.005489285618178666 -0.4293927302427996 -0.00160900419996799 -0.005491967644934802 0.9999836245638969 25.427651777287345
0.9999983401153307 0.0004742489010070303 0.0017592203412678431 -0.1389516951856992 -0.00048566679981753343 0.9999787856684969 0.006495563086412301 -0.4514740960392897 -0.0017561026500963555 -0.006496406826415689 0.9999773561441732 26.804510302928932
0.9999908762035504 -0.00391187406223943 0.0017160299331188105 -0.13671194170787768 0.0039005828538666003 0.9999710410400389 0.006534717105832992 -0.493827712673943 -0.0017415433706363477 -0.006527964091722347 0.9999771760949339 28.1722167025876
0.9999913327932243 -0.00379357934236668 0.0017155470919817705 -0.14814606371088418 0.0037867219820446104 0.9999848978431515 0.003983066179608905 -0.4981121738208306 -0.0017306314038598768 -0.003976535431729948 0.9999905959954547 29.524252102810777
0.999991248152369 -0.003628118326866398 0.00208335881440989 -0.14273354248966225 0.0036234186236209134 0.9999908921770824 0.002255303731668984 -0.5486146815949754 -0.0020915225230217615 -0.002247735152289134 0.9999952865977837 30.92293706820482
0.9999940034289115 -0.002094542785897739 0.0027578983741073882 -0.16718647115758783 0.0020926531862922957 0.999997573782547 0.0006879160118098983 -0.5246383351940987 -0.002759332784853882 -0.00068214057144819 0.9999959603735108 32.30520153360654
0.9999937388188433 -0.0003221031976302566 0.0035240002135687215 -0.17249344872679384 0.0003249182323770642 0.9999996285971784 -0.0007982688898376113 -0.5889117533419558 -0.0035237420781963668 0.0007994089225222844 0.9999934720700451 33.682291917429986
0.9999928143880753 -0.00035342596952544873 0.0037744227960488383 -0.19087082770898564 0.00035518982576662056 0.9999998280377329 -0.00046665209777674223 -0.5791870506376011 -0.003774257539332364 0.0004679893937374246 0.9999927679545101 35.07391492160487
0.9999951250500528 -0.00015272531407131001 0.0031187425844382884 -0.18390008943022818 0.00015056382631894148 0.999999748339483 0.0006932900963585491 -0.6230093827568766 -0.0031188479455155236 -0.0006928171577871534 0.9999948963809888 36.47018048002764
0.9999956455324626 2.353618913478704e-05 0.0029509940537722377 -0.20072277323334092 -2.8306584414137387e-05 0.9999986930513184 0.0016165067795851896 -0.6083093488263881 -0.002950952398631714 -0.001616583302599806 0.999994339251401 37.875610786525066
0.9999961348964229 0.0011363548466566883 0.002537497051278758 -0.19371656521842412 -0.001141443894010245 0.9999973386122987 0.002004962778898552 -0.6162889159185256 -0.0025352121615341617 -0.002007851478405779 0.9999947706006966 39.26763103821676
0.9999912004577137 0.0030801057918994823 0.0028481491355089655 -0.20381744001060703 -0.0030867878543715784 0.999992487211445 0.0023446250478300905 -0.6563032113364765 -0.002840906283148337 -0.0023533960947927225 0.9999931953643783 40.66744855528016
0.9999644287837023 0.007906472928164992 0.002937488717905631 -0.22054401965948436 -0.007914027007388184 0.9999653841966893 0.002568774284217016 -0.6894956495442195 -0.0029170773349575935 -0.0025919303296060257 0.9999923862478709 42.08779221172665
0.9999654592500916 0.007820024637059568 0.00281558313287321 -0.23268395258936486 -0.007828257942194678 0.9999650808851679 0.002924962225789013 -0.7034039600899912 -0.00279261177264299 -0.002946902368220833 0.999991758507468 43.47647471874728
0.999964960650867 0.008047342040934963 0.0023060230640618235 -0.2378556879862187 -0.008053909767730853 0.9999634972149175 0.002852856795245211 -0.7332042575564901 -0.002282981164488357 -0.0028713293955783693 0.9999932717083596 44.91687864250603
0.999970373437093 0.007542320398687137 0.0015380628324936489 -0.2457600441984347 -0.007545427045246647 0.9999694848752215 0.002023824271136501 -0.7589915330370598 -0.0015227516947487238 -0.0020353696977265536 0.9999967692426238 46.31624375157301
0.9999786281042121 0.006526197311150586 0.0003899624041253833 -0.2428616458419098 -0.006527195780302676 0.9999752774939946 0.002615364013570834 -0.7817515329247673 -0.00037288441149307787 -0.0026178535355337908 0.9999965038938937 47.73639256558188
0.9999742338550635 0.007127444071731219 -0.0008550735181124743 -0.23203875151989906 -0.007124604642854074 0.9999692418971663 0.003279524734215103 -0.8115779092576838 0.0008784219232297605 -0.003273348243438155 0.9999942567676426 49.14374894007775
0.9999651072040725 0.00818157805003344 -0.0016870490462287601 -0.2499082119447522 -0.00817559210236872 0.9999603649647513 0.003525366677078162 -0.8420661273188366 0.001715825389930976 -0.003511451119191158 0.9999923627997725 50.568772676438215
0.9999662125257567 0.007754129707026351 -0.0027289664818485396 -0.2647958722636413 -0.007744461190836174 0.9999637593116345 0.0035360146960766326 -0.8442933222332102 0.002756286534107659 -0.003514760925517346 0.9999900246231332 52.019715023882604
0.9999519013386694 0.00906833652344911 -0.003736342448812075 -0.2842981112765801 -0.009050481763169952 0.9999476744947883 0.004768340507735841 -0.884083741510512 0.0037793881818409857 -0.004734295561078472 0.9999816511709683 53.43283538590947
0.9999633842192611 0.007251319250067163 -0.004544069320481972 -0.29953781736082674 -0.007227930953603824 0.9999606548204878 0.005142551797141076 -0.8938480042117266 0.004581181208926177 -0.005109519389282573 0.9999764525229443 54.88788601183535
0.9999785618120108 0.004515387183839941 -0.004742064648850248 -0.3162733656347311 -0.004485111806379984 0.9999696157963841 0.006375834299333728 -0.9188742118830246 0.004770710333497426 -0.006354429055438745 0.9999684302842891 56.27174630656542
0.9999781601623068 0.0040879847848482795 -0.005193030025250959 -0.3372594742007158 -0.004053921220030549 0.9999703101800861 0.00655320432873499 -0.9514887368954814 0.005219665690847775 -0.006532009209320821 0.9999650433679361 57.7012449492735
0.999981209371967 0.003944887920042412 -0.0046924136438138255 -0.373840066602042 -0.003911162576750558 0.9999666116036832 0.007174851251176703 -0.9838425807283809 0.004720561360147157 -0.0071563637864879084 0.9999632507092162 59.13528963595844
0.9999800511275183 0.003848446141071689 -0.005008671709666961 -0.3511602927878603 -0.003808992611472109 0.9999618321766162 0.007862936479636387 -1.0128528752351205 0.005038741059043905 -0.007843701791026515 0.9999565427772101 60.559222924420645
0.9999906969534712 0.0005652389340923157 -0.004276272024197168 -0.3810783704812375 -0.0005288058576750267 0.9999635969695138 0.00851616688708713 -1.0122770130277117 0.004280930392667854 -0.008513826514814941 0.9999545931710052 62.01015685496913
0.9999897917672748 -0.0014221414324980947 -0.00428880741573276 -0.37326814305321837 0.0014570797881707787 0.9999656916615183 0.008154288059928815 -1.0413471706803974 0.0042770640911342535 -0.008160454116889945 0.9999575559602181 63.42054002360144
0.9999915718881712 -0.0017928474540464673 -0.0036934870422588853 -0.40075980554633817 0.0018192986220936912 0.9999726354563575 0.007170668468262607 -1.0651836656801332 0.0036805303739437184 -0.007177327732038017 0.9999674693066778 64.82730908712755
0.9999924703974313 -0.002514624590343642 -0.0029556403755555236 -0.4065089410022831 0.002535346264567853 0.9999720883681453 0.007028121965589031 -1.0704922657960865 0.0029378850446456703 -0.007035562757543051 0.9999709344252646 66.28113552642
0.9999962325153946 -0.0013100021010429737 -0.002412228709572933 -0.41944513196466726 0.0013263808882256374 0.9999759944553351 0.00680082516624154 -1.0843972562874102 0.0024032619161565147 -0.006803999213352618 0.9999739646275264 67.6553809938243
0.9999967760615108 0.001917326922559164 -0.001664847715317703 -0.4400000422206757 -0.0019034402790653075 0.9999637173943685 0.00830306032539431 -1.1147871020321767 0.0016807071400398391 -0.008299864785061496 0.9999641430938276 69.11984821400017
0.9999854000785664 0.0053422061725560705 -0.0008126814111264343 -0.4545640252805406 -0.005334337696327827 0.999941640212509 0.009394733519290458 -1.1353522885588985 0.0008628226667818747 -0.009390261429704285 0.9999555382774431 70.4832367827172
0.9999601539371558 0.008922557280059766 0.00028016121451998784 -0.48029004222908445 -0.008924957754427755 0.9999078138939838 0.010232734675318666 -1.1574940190432266 -0.00018883323451811826 -0.01023482757653851 0.9999476049522024 71.93331213224153
0.9999200009447593 0.01262630039869669 0.0007538030918183573 -0.4850136784624398 -0.012633327876772182 0.9998683056159383 0.010186779606527219 -1.1723153508655004 -0.0006250825261370216 -0.010195487925508928 0.9999478292892523 73.29856122701534
0.9998666731202208 0.01626935266780924 0.0013943118777663753 -0.5022178649167015 -0.01628222241145901 0.9998196327363518 0.009777078731143595 -1.1903075180148275 -0.0012349937450387533 -0.009798477884431904 0.9999512311223142 74.69525949167554
0.9998481667345684 0.01726474183256009 0.0023605344111432298 -0.5200511463135975 -0.017286874478807533 0.9998035095498344 0.009700840513018427 -1.197931957749833 -0.0021925882601127765 -0.009740174068213111 0.9999501595409855 76.13596990673847
0.9998355215832493 0.017928281705467952 0.0027397899542973853 -0.5262584430533089 -0.017955153843555532 0.9997875786178619 0.010119789440938288 -1.21118270272222 -0.0025577777374393177 -0.010167318516170924 0.9999450401933307 77.50337353690088
0.9998393447650136 0.01771370731121331 0.0027402896850975767 -0.5249900222223762 -0.017741526414059648 0.9997876386972878 0.010484073349491517 -1.2466480591024591 -0.002553996155251857 -0.010531006169110253 0.9999412857827755 78.91883476451915
0.9998632674524055 0.016399294936246478 0.002123554507363196 -0.5184946753509703 -0.016417854311849316 0.9998243643098147 0.009038508361065687 -1.2461585121894323 -0.0019749565315592263 -0.009072136901081844 0.9999568970105014 80.28383089212247
0.9998651138862601 0.01629032611160598 0.00209266994963551 -0.536058498566096 -0.01630887733602373 0.9998248930801488 0.00917625947500247 -1.276994425134806 -0.0019428194070359066 -0.009209151014945375 0.9999557075143711 81.67829959563248
0.9998793538417229 0.015423729563770895 0.001840187331623178 -0.5539663632099808 -0.015441375652135382 0.9998308241566334 0.00999434946651951 -1.2895187540764472 -0.0016857260083344104 -0.010021558918475636 0.9999483620095755 83.04961037655252
0.9998805185255372 0.015387055995201161 0.0014788991171683747 -0.5648470857321386 -0.015399528513826099 0.9998424473651101 0.008828080538128991 -1.295409185011601 -0.0013428280504029129 -0.008849800280295419 0.9999599381218439 84.42894605474726
0.9998917833773051 0.014695286102964814 0.0006856121393283049 -0.5736482293108177 -0.014700947711662776 0.9998500734061333 0.009149474354465956 -1.301339179078247 -0.0005510552445630314 -0.009158563568784155 0.9999579076408858 85.82536536886268
0.9998847363133584 0.015178234056895366 -0.00036777476577014713 -0.5833786300908245 -0.015173952458768021 0.9998377699891162 0.009704890838595668 -1.3234451426486484 0.0005150182567530649 -0.009698191823482975 0.9999528388056775 87.18994781995839
0.9999034496045923 0.013820983797339237 -0.001439388225808721 -0.5963436784054122 -0.013804650907431555 0.9998463969201846 0.010798805946739105 -1.330849466788138 0.0015884173954653033 -0.010777893290086061 0.9999406552155102 88.58536666270022
0.9999295370348037 0.011608633000132915 -0.00248205021910333 -0.5993069120682601 -0.011579128363839527 0.9998658052103644 0.011588588372871909 -1.361452653001084 0.0026162450400245593 -0.01155903206732532 0.9999297695580351 89.9413637063524
0.9999335361676147 0.010989585155500279 -0.0034860053600814147 -0.6075466035507513 -0.010947174160686244 0.9998685433734917 0.011960575697325669 -1.3720379680481654 0.0036169891813292642 -0.011921619090156661 0.9999223931879196 91.32107130160857
0.9999396504153549 0.010258705925918044 -0.003931214711632274 -0.6187862458889642 -0.010212662944412271 0.9998810422743899 0.011558669251501603 -1.3903900774179683 0.004049324402889796 -0.011517823757965433 0.9999254685823302 92.69702236366044
0.9999553061128171 0.00861703747948781 -0.0038900405953788565 -0.6346737294678392 -0.008571659083332394 0.9998967283267785 0.011535135731381449 -1.414076183897655 0.003989037907169386 -0.011501276316053636 0.9999259013703791 94.02973509614303
0.9999575571266224 0.008100016624335784 -0.00439017656403064 -0.654182183175388 -0.00805074978559296 0.9999056941731326 0.011126014616955305 -1.4190983563819608 0.004479883835204365 -0.011090198412326216 0.9999284665177588 95.40171452515249
0.9999621812487455 0.0076214014546140485 -0.004189306393431368 -0.6589626473832908 -0.007576544118334142 0.9999148888562702 0.010621253929916018 -1.4318420408080803 0.004269899045849016 -0.010589112000658936 0.9999348172160865 96.76085078734684
0.9999537186876266 0.00880034243824949 -0.0038877280242517083 -0.6837375839880753 -0.00876083780347908 0.9999109749813696 0.010064285793207065 -1.4512184407693038 0.003975951424129219 -0.010029760457865846 0.9999417961692852 98.11067212698737
0.9999366356314829 0.01062902080162804 -0.0037079114522121036 -0.6970107984991283 -0.01059151204320315 0.9998939731177964 0.009993118450754233 -1.4602081723465787 0.0038137357074878864 -0.009953213061731326 0.9999431928765398 99.4608292889677
0.99993546004882 0.010775582999430385 -0.003600349471110679 -0.7051390564960036 -0.010734268097634532 0.9998784880783638 0.011304184501176725 -1.4732226557577521 0.0037217214870137755 -0.01126480804649978 0.9999296239735117 100.81017232087304
0.9999363931411591 0.0107335409783612 -0.0034642082311402414 -0.7337155903224091 -0.01068660516619364 0.9998545166910278 0.013294432739552185 -1.4915322473149815 0.0036064009000698572 -0.01325656676930362 0.9999056242076009 102.11284351703196
0.9999389925585658 0.010457761345265036 -0.0035561718169748804 -0.7313449686013165 -0.010413574776310263 0.9998710459136492 0.012224934482627946 -1.5104180259485642 0.00368355900185704 -0.01218715646073149 0.9999189490263272 103.4880181351258
0.9999386590703686 0.010560903880481452 -0.003338469008056083 -0.7465096888369168 -0.010527380874584737 0.9998955312647592 0.009904586289585418 -1.5201808978672777 0.003442721924463914 -0.009868833603670368 0.9999453754073944 104.80348320063254
0.9999490712935387 0.009470167588663267 -0.003488655535160099 -0.7633340127516045 -0.009440427808852164 0.9999197775295819 0.008444930221525404 -1.5302349038681562 0.0035683508788356463 -0.008411565907368995 0.9999582553487475 106.1405415272512
0.9999615550180941 0.008199154605531856 -0.003108428264796918 -0.7737410376422514 -0.008168472733832727 0.9999190240542064 0.009758145417004479 -1.5510534646202845 0.003188185376600069 -0.009732379354449578 0.9999475567623926 107.48234779616095
0.999985173454705 0.004792444777508625 -0.002585600512060064 -0.7846119203400894 -0.00476158893951362 0.9999189123229584 0.011810844780536593 -1.5552954180378016 0.0026419939056116217 -0.011798358338071998 0.9999269066375563 108.80179753022843
0.9999932089695155 0.003252824163175414 -0.0017323801341892831 -0.8030178300750226 -0.0032296852032337323 0.9999077100524599 0.013196230968935355 -1.585933945941526 0.0017751454323432757 -0.013190546574358598 0.9999114252512555 110.16417082771125
0.9999943845742558 0.0030654381499560625 -0.0013542160382612367 -0.7961607563107876 -0.0030488955305487944 0.9999227061838222 0.012053459880112444 -1.5935517424384043 0.0013910606285941075 -0.012049263572542612 0.9999264373965202 111.464628957073
0.9999910930774973 0.004218351412174042 -0.00013881211346272282 -0.8293272500483732 -0.004216821355842188 0.9999448459365409 0.009618914046293454 -1.6076790967422365 0.00017938043973389365 -0.009618243218435065 0.9999537275411555 112.81925702517681
0.999971929822392 0.007463164261329955 0.0006638762781917809 -0.8224141825761249 -0.0074680899134556365 0.9999420455600784 0.007754557860784828 -1.629125920814857 -0.0006059643099256926 -0.0077592982348608 0.9999697125910803 114.16455242427938
0.9999453067142317 0.010227356314206525 0.0021874054318991544 -0.8343782638136682 -0.010242690636425886 0.9999222106451241 0.007117581646149013 -1.6336709406072754 -0.0021144414049997025 -0.007139597426189105 0.9999722772583355 115.46762562631663
0.9999335897246253 0.010901494425447423 0.003738119689316867 -0.8545045996864576 -0.010936394818932082 0.9998955749109582 0.009446404829505008 -1.6547170542100484 -0.0036347497064191554 -0.00948665923633229 0.9999483946132698 116.83865463150245
0.9999224423187227 0.011618553152177247 0.004485370387807875 -0.855034281837459 -0.011668691042836809 0.9998678584538621 0.011318449707865668 -1.6534493717475653 -0.004353274033918543 -0.011369910505872011 0.9999258843230399 118.1289047206403
0.9999203469930528 0.01137806112231961 0.005462542752080999 -0.8601979545942127 -0.011444212393176039 0.9998596539068776 0.012235297879931824 -1.673281366312667 -0.005322562578992967 -0.012296838047875729 0.9999102250204248 119.50631043614455
0.9999141361782816 0.011397510495846312 0.006466606894606789 -0.8624328765234008 -0.011472272771175183 0.9998663893350216 0.011644331597717791 -1.6864114274407718 -0.006333027021790831 -0.011717518683627741 0.9999112923267248 120.81842955074671
0.999886294415128 0.012925830883743841 0.007766666702522904 -0.852367911003702 -0.013016027373662932 0.9998471027510337 0.011677079233814103 -1.697871998534599 -0.007614543883932086 -0.011776842866912949 0.9999016575098513 122.12627318847365
0.9998516071083933 0.014615861385986556 0.009118131826103375 -0.8693376578234755 -0.014717914427866408 0.9998286501033298 0.011227353257954306 -1.7041449783781888 -0.008952472744479583 -0.011359887310306387 0.9998953976236891 123.50230542690016
0.9998259814588826 0.015491086743181628 0.010393892307564821 -0.8735281416564838 -0.015600301626840597 0.9998230694336925 0.010510016871933597 -1.7209132626287802 -0.010229242584051437 -0.01067033600305424 0.9998907472931367 124.84055512643522
0.9998006639599828 0.01645140271096099 0.011312986174769338 -0.8582011283567903 -0.01656514462338702 0.9998124308975717 0.010034891500938295 -1.7281390474475362 -0.011145777101508604 -0.010220292642480422 0.9998856520961747 126.15874807669482
0.9997990442228659 0.01581517951123832 0.012318735005599619 -0.8628588981272216 -0.015933868178285744 0.9998269906197274 0.009596911597527583 -1.7456647134021854 -0.01216482789029577 -0.009791268337596613 0.9998780665779404 127.49801949512262
0.9997952507342434 0.015429596196045165 0.013091376378217875 -0.8482687547642886 -0.015566136765765187 0.9998248278663636 0.010392738110611668 -1.7558877507630295 -0.012928728466429128 -0.010594392570375888 0.9998602936530974 128.82869839148177
0.9997845606485559 0.015348143319581616 0.01397378796314493 -0.843285273291061 -0.015506579180077432 0.9998158981732617 0.011301141474528056 -1.7722652065771098 -0.01379776498188576 -0.0115153926409226 0.9998384956645272 130.19754211090574
0.9998109591169012 0.01318197627359554 0.014292708041069089 -0.8244600756211178 -0.013352571975116594 0.9998399557221743 0.011906796032693609 -1.7765389501719724 -0.014133466657573273 -0.012095389811280183 0.9998269583608127 131.52707557626334
0.9998189059711211 0.012494756655117742 0.014353964362889762 -0.8170111884215877 -0.01266914072699127 0.9998462537157635 0.012122781448159842 -1.7985714008078035 -0.014200287480906262 -0.01230243871981529 0.9998234853396204 132.8775093841243
0.9998492254227306 0.009978160539893064 0.014211358689016077 -0.8087160071183636 -0.010160800245435486 0.9998659638097616 0.012837934849146419 -1.7904940646532748 -0.014081356057849824 -0.012980398243817871 0.9998165955178877 134.20286448638888
0.9998690202787983 0.008800677769643512 0.013582722236691184 -0.7872740644603673 -0.008979495199046821 0.9998730746428077 0.013160671896717832 -1.8193640148114298 -0.013465176539975867 -0.013280914362235156 0.9998211371711129 135.53455733319097
0.9998884823753516 0.008354324671518776 0.012378532234088968 -0.78080935771745 -0.008510560499127252 0.9998841082132259 0.012623015335676648 -1.8269418183887787 -0.012271641922727637 -0.012726956141709928 0.9998437034809405 136.88075609358432
0.9999124454762126 0.006705128709200972 0.011408006986609615 -0.7717081647777924 -0.006863468687040981 0.9998798673010139 0.0138976174965393 -1.8379552195011999 -0.01131345214310057 -0.013974699467352109 0.9998383437208129 138.22068924479578
0.9999300380140332 0.0059982086780272365 0.010195124552162106 -0.7473007607109572 -0.006144537596195121 0.9998776853818423 0.014382591542168564 -1.8539936391454732 -0.01010760859689512 -0.0144442299146648 0.9998445881583838 139.5641045681475
0.9999473583852924 0.004831138707067849 0.00905210222122568 -0.7597075731119185 -0.004963526932374009 0.9998802142876401 0.014660166432896804 -1.8647146484502717 -0.008980193358548043 -0.014704325337439372 0.9998515584539102 140.91995629033224
0.9999615866067675 0.004035890756283876 0.007780545986549524 -0.7564081430220844 -0.0041471841216368256 0.9998885569964443 0.014341354650481456 -1.8652189288477472 -0.007721799399679518 -0.01437307138725143 0.9998668854562477 142.2442678287651
0.9999685528024961 0.004054394559954551 0.006815811740118926 -0.7511938571762472 -0.004148973433282972 0.9998945047376726 0.013919964688663054 -1.8685685265290766 -0.006758656235321699 -0.013947805839129402 0.9998798824245061 143.59749826989145
0.9999789151952415 0.0017698637923069995 0.006247939683378474 -0.7482658011094151 -0.001843197841762653 0.9999292544069023 0.011751119174370446 -1.8825062479596195 -0.006226700305644762 -0.011762387821375826 0.9999114332949607 144.9429313260785
0.9999873592684417 -0.0014159271432890152 0.00482456850391981 -0.7555376070840931 0.0013643794612976726 0.9999421321780069 0.010671024234985562 -1.9044862543842267 -0.00483939910975007 -0.010664307008422951 0.9999314240338956 146.25583286078577
0.9999335887468844 -0.010846088705020298 0.00389621230120148 -0.7558231292241945 0.010791272706468178 0.9998461968159819 0.0138250182846515 -1.9049471287583812 -0.004045560755974247 -0.013782055318444791 0.9998968388739273 147.64907170472173
0.999848606126248 -0.017251092169227294 0.0022725884369621373 -0.7407808392804178 0.017213857024193827 0.9997317512300153 0.015495441061589343 -1.9245859747034944 -0.0025392923006957533 -0.015453975423640617 0.9998773558000024 148.95739284394642
0.9998026215044721 -0.019818097436225687 0.0014003769396763602 -0.7151263276177329 0.019799139444142615 0.9997263718478948 0.012456945770930006 -1.9340113146203732 -0.0016468668498011041 -0.012426761007838629 0.999921428634685 150.25724195621302
0.9998244527821741 -0.01868998360285285 0.0013221729873234616 -0.7318539168364252 0.018676629984018922 0.9997806369599712 0.009479527508623428 -1.951356585644521 -0.0014990552827653578 -0.009453169839084835 0.9999541941579937 151.66049553378906
0.9998736454373532 -0.01569837572521255 0.0025008343188700796 -0.741617128598808 0.015680034144611273 0.9998511896783934 0.0071927057859095716 -1.9603837278957568 -0.0026133761807161475 -0.007152583914043135 0.9999710049830496 152.96831781099863
0.9998631432656658 -0.016173062543381172 0.003482355604163205 -0.749481473981988 0.016146742179987454 0.9998418148353435 0.007458418896756899 -1.9772804887061348 -0.0036024305197026917 -0.007401169594352784 0.9999661220164427 154.34115536376203
0.9998078307900069 -0.019232499727670556 0.003796374209258862 -0.7524080316520008 0.019192741873484454 0.9997633077340919 0.010245348088463214 -1.9791612230753421 -0.003992519618892215 -0.010170516600256894 0.9999403084073355 155.6677591623028
0.9996070031556378 -0.027717894295335027 0.0041901764035159085 -0.7535751815778082 0.027660477772190342 0.999530342864633 0.013190589912989097 -1.978061837083329 -0.0045538242062744426 -0.013069504004200363 0.9999042207881703 156.99652838724808
0.999552198717501 -0.029634338482351204 0.0041482548061749485 -0.7357959187481083 0.029572028270866253 0.9994595967773957 0.014353033014953838 -1.9935502080937486 -0.004571356087009782 -0.014223933653927942 0.9998883849787958 158.35491880669971
0.9995259482179931 -0.03055557836211082 0.003772991342755716 -0.7194787261361155 0.030496509181073224 0.9994248493736039 0.014830151291665471 -2.019931395849536 -0.004223965496993158 -0.014708058229983943 0.9998829087147022 159.6878269022763
0.9995373264167202 -0.029989266223633404 0.005077106184060935 -0.7336258670951367 0.029910183143015672 0.9994401039854272 0.014995315718521618 -2.0091958981103053 -0.005523962500200526 -0.014836520871260157 0.9998746738902149 161.05283694503137
0.9995921927361305 -0.027890041287521886 0.006131379873598989 -0.7280422135207116 0.02779705778145286 0.9995045977514327 0.014760848608150374 -2.007587114186472 -0.006540023590067459 -0.014584394967043406 0.9998722535976761 162.39009556448204
0.9996568312365945 -0.025167979068025714 0.007265851514384845 -0.7413058491347188 0.0250709742984079 0.9995992226833484 0.013146872397618067 -2.0128751821358737 -0.007593820364547635 -0.01296019905511317 0.9998871772009432 163.7411959666057
0.9996821593871816 -0.023912173136255183 0.00798675075344463 -0.7447495428921537 0.023811024988980793 0.999637972036888 0.012528365600648418 -2.0074023513230475 -0.008283440461907592 -0.012334211073548738 0.9998896198325702 165.08911060636888
0.9996920891649475 -0.02339451317002366 0.008271857352799047 -0.7457906196356489 0.023280197532559815 0.9996357028101749 0.013656282886028914 -2.0141603324731423 -0.008588326741360827 -0.013459507735825311 0.9998725330228737 166.43881399673623
0.999724648841048 -0.022122675861617473 0.007823919955746215 -0.7304178773971164 0.022013236716213185 0.9996623231124033 0.01380786548375303 -2.0176206335008278 -0.008126745605325706 -0.013631833915096887 0.999874056623353 167.76762934086216
0.9997719866670072 -0.019926141298389682 0.007676169770701168 -0.7405540938612902 0.019836468034509086 0.9997361003201635 0.011586381743699158 -2.03169277545487 -0.007905016569012862 -0.011431472001529308 0.9999034114143586 169.16093414550494
0.9998365058952687 -0.016644006780607 0.007066720114369466 -0.7426647137150599 0.016578790309068316 0.9998203347112 0.009189232722714998 -2.046453237240677 -0.007218396723242435 -0.009070572826557117 0.9999328074692995 170.56698010644325
0.9999217003440973 -0.010549558244083261 0.006730528825178831 -0.7417116079379851 0.01050006355184416 0.999917879568397 0.007347296983647439 -2.0581314632200067 -0.006807487417347623 -0.007276050842213812 0.9999503573651257 171.9251500057901
0.9999415914310543 -0.007975105549131983 0.007294616737591337 -0.7519576496903266 0.007912377451383184 0.9999318169614675 0.008588113871827596 -2.0684860567754146 -0.007362611097780985 -0.00852989464741951 0.9999365144102496 173.26457976866783
0.9999644954567248 -0.002718748721390633 0.007975979071723288 -0.762861064503117 0.0026315243726706076 0.9999368458326495 0.010926088875216093 -2.1005554599835903 -0.008005181313058956 -0.010904712172427701 0.9999084979743972 174.65694789910603
0.9999660734423254 -0.0007047026928237426 0.008207031524400178 -0.7667784275016967 0.0005942360625567061 0.9999093052154927 0.013454672818585258 -2.1088896144830036 -0.008215769416993932 -0.013449339691607502 0.9998758004837769 176.04365281421613
0.9999665202887302 -0.004128495504662202 0.007064972663401455 -0.7547773679800656 0.004024337522678239 0.9998839364874107 0.014694157012023305 -2.108557890895866 -0.007124818029001485 -0.014665233501389513 0.9998670751124045 177.45275605366587
0.9999640761856414 -0.006171283974717246 0.005810473812367987 -0.7620147547240063 0.006085421996560874 0.99987371479549 0.014680670508988226 -2.114902310356051 -0.005900339108510202 -0.014644784217274963 0.9998753503780395 178.843519450464
0.9999574946581132 -0.008507984401205454 0.0035528991023386436 -0.7545961093505492 0.008468877923534093 0.9999049390981987 0.010880756451058378 -2.117228792102564 -0.00364513496536427 -0.01085020509638844 0.9999344908741343 180.1804934035878
0.9999805953103387 -0.005927100369600254 0.0019179400372175148 -0.7719713364463654 0.005913633424131438 0.9999583424347476 0.0069528645671891485 -2.139579749451389 -0.0019590706261654904 -0.006941387785381497 0.9999739892502628 181.5969358942234
0.9999968724473174 -0.002207063125497533 0.001176423777712099 -0.7882212654200049 0.0021996313255307955 0.9999778506837574 0.006281700331355558 -2.153384509562344 -0.001190261925238306 -0.0062790931075135895 0.9999795779245729 182.9920191653539
0.9999995767351818 0.00042517543587361484 0.0008159385979038013 -0.8055146092928294 -0.00043122102281628 0.9999723523110094 0.007423520770896951 -2.158604947212363 -0.0008127598031014204 -0.007423869624644267 0.9999721124022354 184.3170912734447
0.9999922918960168 0.0036029751352096608 0.0015603570759578822 -0.8153527802922804 -0.0036187631504832262 0.9999410598103224 0.010236281644372326 -2.1747922265118014 -0.0015233841606576107 -0.010241849508119195 0.9999463904733298 185.7669584886312
0.9999823031787497 0.00560979787297089 0.0019807798157242405 -0.8192965421534695 -0.005634694750364081 0.9999022575850558 0.012795526465912001 -2.1940681881465562 -0.0019088060436889245 -0.012806461370549643 0.9999161719909125 187.13187418708864
0.9999918017803674 0.0034056497341192803 0.0021904151652144396 -0.8305724068882264 -0.0034347180463068427 0.9999042277736916 0.013406639891092665 -2.1914994331838877 -0.0021445472353090952 -0.013414053704259545 0.9999077277843149 188.5859942401581
0.9999942462617654 0.0027716416634884222 0.0019558741051717695 -0.8253047900141692 -0.0027988861536015295 0.999897137350998 0.0140670164846832 -2.200730648624884 -0.0019166843405958882 -0.014072410093628003 0.9998991417130186 190.00388158197555
0.9999970234553449 -0.0007595682580049338 0.002318650643532121 -0.8401091127502527 0.0007249315041707258 0.9998886841181761 0.014902813130991057 -2.2082105725600694 -0.002329712429489824 -0.014901088200420859 0.9998862585382717 191.35798311488944
0.9999946288117048 -0.0020960285226533596 0.0025197259021226387 -0.8429436552105312 0.002057684440104627 0.9998834920389558 0.01512508754188351 -2.21712393335074 -0.002551135152125338 -0.015119821795733308 0.9998824344398847 192.8120787814839
0.9999840649112683 -0.004934025956421029 0.002743231929026738 -0.83566045489 0.004889780900572259 0.999861499680842 0.015908220682914177 -2.219013791097635 -0.002821343789548284 -0.015894553688116337 0.999869693102898 194.16793742110985
0.9999458408100318 -0.009931865205838254 0.003110227318407089 -0.8385685516265621 0.009875932779841152 0.9997979084193407 0.01751023284102297 -2.2184228003925837 -0.0032835083026241463 -0.01747856843929248 0.9998418466051079 195.6216183311997
0.9999059133144648 -0.013305489453950261 0.0033359381755053304 -0.8302215094462795 0.013242533404613508 0.9997460644303637 0.018232990599409835 -2.230164372642051 -0.003577690212987701 -0.01818709919040021 0.9998282000225104 197.0377463719993
0.9999291437057661 -0.011401459750219145 0.0034226156377980023 -0.831384905796547 0.011350457257066456 0.9998294460683056 0.014568660843781453 -2.2368505732147597 -0.0035881361881375997 -0.01452878058466964 0.9998880136370523 198.44899137238215
0.9999778073399548 -0.005516407852546609 0.0037355165010761753 -0.8546696837092926 0.0054812773098843765 0.9999412612103658 0.009350385991707831 -2.2427384059993805 -0.0037868779361483512 -0.009329703256512598 0.9999493068105872 199.88817109487533
0.9999762814861884 0.004771738595496516 0.00496658555822034 -0.8572111478299456 -0.0048139479086766745 0.9999521027620092 0.008521625083237408 -2.246526223857593 -0.004925685114834183 -0.008545332015186624 0.9999513562788608 201.33918642320955
0.9999187748977337 0.01104815171976493 0.006354677884128718 -0.8767089416168445 -0.011125479784111006 0.9998628905037478 0.012264742735094935 -2.248135703541444 -0.006218304375125698 -0.012334445616954877 0.9999045925188601 202.76975693042448
0.9998906212404763 0.012860204079933931 0.007304839585786742 -0.8723836990233753 -0.012964498017258835 0.9998120614802843 0.014414004834306037 -2.256323265418759 -0.007118100271893156 -0.014507132116651273 0.9998694293584502 204.18759167622008
0.9998889330023578 0.013234026028544132 0.006854355411670932 -0.8716124517887293 -0.013334592494576426 0.9998009616787371 0.014840003229367028 -2.268061927473962 -0.006656598694580126 -0.014929755329970458 0.9998663871235035 205.68542640313504
0.99994346760625 0.009011572291558276 0.005643858825081524 -0.869713663275032 -0.009096980564013644 0.9998416479351643 0.015294574599800742 -2.2749181853727785 -0.005505137397122311 -0.015345052339791408 0.999867102584957 207.11212410752992
0.9999658582277522 0.00686273631886099 0.004602740497261807 -0.8659919537938499 -0.006931028868085203 0.9998636333171961 0.01498918331146724 -2.2776406221202445 -0.004499246392642242 -0.015020573579086849 0.9998770620193471 208.544231828552
0.9999649511744351 0.007263884096049784 0.004163219933385745 -0.8760746145207179 -0.00732329591458553 0.999868955077798 0.014437521177531646 -2.282878458073953 -0.004057802215783732 -0.014467503938309447 0.9998871064135867 210.0336044649932
0.9999580491797867 0.008203960263681972 0.004073684286390861 -0.8809514332888626 -0.008262216516587567 0.999860794655503 0.014495761473070608 -2.290469615018101 -0.0039541948796005975 -0.014528811315003944 0.9998866325668743 211.49461591402192
0.9999469911395524 0.009602449319840143 0.003715893019410715 -0.880486601134223 -0.009658073520768534 0.9998370286156398 0.015252469957519093 -2.29185639698698 -0.003568826655272057 -0.015287550115206465 0.9998767695521157 212.92740776019613
0.9999517474544471 0.009170211685208172 0.003522777939922085 -0.9033862231497114 -0.009223270555853072 0.9998396001491534 0.015352695770421828 -2.3064518191679015 -0.0033814256906320762 -0.015384446805311088 0.9998759346835189 214.36913597571603
0.9999478644558182 0.009701874261963431 0.003184648831572493 -0.8992812054113678 -0.009747875511068562 0.9998435247733434 0.014761602465444734 -2.3147199033446277 -0.0030409355475522377 -0.01479187671812223 0.9998859700468419 215.84578017986286
0.9999536209527705 0.009208133380467004 0.002822446856096017 -0.9054127636095128 -0.009247388017239925 0.9998560503692506 0.014225483096858034 -2.3155178236262373 -0.002691050636644086 -0.014250923879484862 0.9998948291782538 217.32300878244797
0.9999593295214604 0.008735016286111709 0.002244722103342511 -0.9041817048879301 -0.008766431200840315 0.9998580532205307 0.014388297574044305 -2.3258782734494763 -0.002118721626597532 -0.014407390885910656 0.9998939634329495 218.77824328685182
0.9999441684005309 0.01034749768476633 0.002142277420470258 -0.9156826012909622 -0.010376537899956073 0.9998478745701197 0.014019814431599366 -2.333282880142124 -0.001996881686286458 -0.014041261388829683 0.9998994226646788 220.26530241464658
0.9999619323429968 0.008458156303174534 0.00214323150897211 -0.933423386639152 -0.008487425379323798 0.9998654616358809 0.014036461470566272 -2.3359609796103427 -0.0020242207372970613 -0.014054117934700499 0.9998991870696146 221.75264435663962
0.9999387581157924 0.010955440670991745 0.0015679011880271425 -0.9307430585568037 -0.01097613994863902 0.9998436257521557 0.01386536744495085 -2.350710526889655 -0.0014157549073488894 -0.013881728087431785 0.9999026418941955 223.2370919666828
