1.0 -3.469446951953614e-18 0.0 -1.7787691892340307e-19 0.0 0.9999999999999999 -3.5405977195229754e-19 0.0 2.168404344971009e-19 -2.354751593366955e-19 1.0 0.0
0.9999998184236251 -0.0001920850232811945 -0.0005711877703400902 0.0023623220759034095 0.0001924746445146272 0.9999997488292218 0.0006821250560820844 -0.022605926090915572 0.0005710566496940094 -0.0006822348851515522 0.9999996042253559 1.3271691435190551
0.9999996106291743 -0.0006537789352943687 -0.0005927180634304468 -0.007919513178060316 0.0006544457365945475 0.9999991525635218 0.001125420722648312 -0.03902273942997718 0.0005919818357649513 -0.0011258082084223669 0.9999991910569219 2.628002273801946
0.9999992794049855 -0.0008489536128132406 -0.0008488034208544525 -0.024548550965712332 0.0008498383927358754 0.9999990954807128 0.001042502261456011 -0.06995099160347282 0.0008479176895961894 -0.001043222876570555 0.999999096361164 3.9448184820706085
0.9999990668106983 -0.001295016358460764 -0.0004350996212473203 -0.03072807125310289 0.001295537462980034 0.9999984415907004 0.0011993317575577254 -0.08002665861568227 0.0004335458266408758 -0.001199894349224444 0.999999186145888 5.263624559691393
0.9999988096242564 -0.0013437971490026512 -0.0007582612693630558 -0.029453257163800966 0.0013450109162909812 0.9999978116674206 0.0016023743848350468 -0.09090904620676724 0.0007561064091976136 -0.0016033923782808898 0.9999984287174929 6.588536950703871
0.9999970390589569 -0.0023901671492459788 -0.000457140153145789 -0.03976908155897775 0.002391283445236746 0.9999941229081483 0.0024568086381183316 -0.12377895927894603 0.00045126532348934963 -0.0024578945623147967 0.9999968775526699 7.92272061937987
0.9999969419648893 -0.002433716754548884 -0.0004394161080232843 -0.05283368304259922 0.0024348551474669966 0.9999936331941695 0.002608648592647182 -0.1355652039947856 0.00043306463744479935 -0.002609710579806414 0.9999965009273167 9.241684239610375
0.9999972464667998 -0.002147832153132169 -0.0009454509683693617 -0.04970614899071875 0.0021499903560157525 0.9999950724137394 0.0022875065256167107 -0.16340809275401771 0.0009405332110026316 -0.002289532981602527 0.9999969367142761 10.57138792499587
0.9999995842417659 0.00034639422027801705 -0.0008435196597167431 -0.0720445337338573 -0.0003464217751671522 0.9999999394683295 -3.249410209757301e-05 -0.18513090619782707 0.0008435084241211258 3.278630186040574e-05 0.9999996437099086 11.896587797293744
0.9999962939487258 0.0026093402221398212 -0.0007768053104851341 -0.0709707106725588 -0.0026099155141678307 0.9999963201603762 -0.0007402779859203521 -0.21054476091801863 0.000774870879546819 0.0007423026506455006 0.9999994242813552 13.225290290365347
0.9999758091384159 0.006941012668915658 -0.00045107202830121603 -0.10813910508538094 -0.0069414245217416255 0.9999754875928616 -0.0009169806777650566 -0.22737465454648026 0.00044469623331944825 0.000920089590107727 0.9999994778403614 14.573425048180914
0.9999771290922999 0.00676227149068931 -0.00011385281725450995 -0.12572047880122733 -0.006762288444914955 0.9999771249154503 -0.00014530934752398142 -0.2552532225470677 0.00011286760058370213 0.00014607592736628404 0.9999999829614413 15.923358026788309
0.9999834122098569 0.005754390978727354 0.0002495565289754981 -0.11980980586219486 -0.0057550317469398276 0.9999799384244252 0.0026461990227316244 -0.28926845419784813 -0.00023432427672052058 -0.002647591390283544 0.9999964676698133 17.255896829391467
0.9999996632483387 0.0008043561299582178 0.0001628291180593563 -0.12084228462711127 -0.000805160788286398 0.9999871597610099 0.005003201913812659 -0.31648175701408504 -0.00015880268057812163 -0.005003331431697523 0.9999874706501178 18.625532278819108
0.9999995832583854 -0.0008857642332769575 -0.0002211466169364548 -0.11380392861502768 0.0008865606382055698 0.9999930285711935 0.003627232706961026 -0.34724592844542185 0.00021793222365495035 -0.0036274273262224773 0.9999933971170144 19.972589620288584
0.9999980725761685 -0.0019633140255353454 -1.5649493824788094e-05 -0.11977384556709413 0.001963329557245992 0.9999975172489671 0.001053959128365916 -0.34926586351451433 1.35802043709078e-05 -0.001053987841335499 0.9999994444625424 21.322380075395998
0.9999999707952206 3.247229016452302e-05 0.00023948991068627147 -0.1383078605328046 -3.243714125663634e-05 0.9999999887021422 -0.00014677744856577828 -0.40335552840552336 -0.0002394946945413032 0.00014676967897391682 0.999999960550285 22.669993184266772
0.9999971492142953 0.0021788454698463723 0.000976828163932365 -0.14382716910648796 -0.002179908783443643 0.9999970314138023 0.001088652818856199 -0.39323209839785256 -0.0009744533394785335 -0.0010907791340089318 0.9999989303195913 24.03758117200603
0.999994925680664 0.0026125096654891185 0.0018230205667760864 -0.1583921578895815 -0.002622954664868506 0.999980024373259 0.005750736174195712 -0.41793351891553837 -0.0018079604452497721 -0.00575548880739126 0.9999818026476971 25.436279089272503
0.9999974873195773 0.0012992323486432956 0.0018268415715072626 -0.14712767955612058 -0.0013110093548321976 0.9999782729519682 0.006460253788128704 -0.4428247674446025 -0.0018184086574457325 -0.006462632688856464 0.9999774636299839 26.80679178842315
0.9999936881869685 -0.003035531644249932 0.0018463858599422304 -0.1492118056761349 0.0030241701905362843 0.9999766664592041 0.006125432713565035 -0.47738919226779847 -0.0018649368744878922 -0.006119810382678828 0.9999795347557463 28.173246991295148
0.9999930165877744 -0.0032786318964150452 0.0017936988837733128 -0.16069586745296172 0.0032717029564878625 0.9999872272319397 0.003852444330133495 -0.47816232463535474 -0.0018063068694313146 -0.0038465490488197905 0.9999909706163442 29.529959775593618
0.9999920555617176 -0.0032048274550720724 0.0023702114124651954 -0.16393131092809307 0.003200296451604575 0.9999930491225075 0.0019130615322388604 -0.5297299121814132 -0.002376326168587164 -0.0019054609880353947 0.9999953611340023 30.928137114925107
0.9999953473068303 -0.0007687598644683085 0.002952012526990585 -0.17932979263983417 0.000767165817459399 0.9999995593341395 0.0005410978157830723 -0.5195728605265718 -0.0029524274494363715 -0.0005388306227463007 0.9999954964048626 32.30131329610574
0.9999932437255801 0.0007240423820207755 0.0036039241154058265 -0.1831718440300694 -0.0007195048570447903 0.9999989471022503 -0.0012602017680001971 -0.5683350337108093 -0.003604833066041856 0.0012576002399921156 0.9999927117812655 33.683652105691685
0.9999925840203683 0.000889021443136611 0.0037472053844074173 -0.19792911522825007 -0.0008855720953614178 0.9999991827598924 -0.0009220863365383689 -0.5655745221925387 -0.0037480223941119316 0.0009187610983190486 0.9999925540730409 35.07972565553535
0.9999941630161248 0.0011367430139555667 0.0032220724886789383 -0.19425600844658242 -0.0011386797884601584 0.9999991721231085 0.0005993023315399698 -0.6123778497901428 -0.0032213888402800443 -0.0006029677523745889 0.9999946295255085 36.47256275447355
0.9999943404779595 0.0015269580868512772 0.0029979013068763684 -0.2074925666969486 -0.0015315883980198805 0.999997637005697 0.0015427969364168299 -0.6070783423506747 -0.0029955386885855634 -0.0015473797850130578 0.9999943161639402 37.878132587950425
0.9999906512186305 0.003532249667647306 0.002494129980500368 -0.20146042316166565 -0.00353760556116245 0.9999914396137447 0.002146171544828216 -0.6298113366027306 -0.0024865280246723076 -0.002154974771983799 0.9999945866149494 39.26920024089525
0.9999733853241605 0.006540404439845837 0.003232915673051311 -0.22548020320184184 -0.006548708920196082 0.9999752680123423 0.0025647198788995894 -0.6728658830232792 -0.0032160616814451244 -0.002585823096774761 0.9999914851950443 40.66717891208381
0.9999519295017137 0.00934136061439594 0.0029795386594066798 -0.230194544549188 -0.009349919338052988 0.9999521658499922 0.002871417867685683 -0.6943031952951171 -0.00295257343368905 -0.002899138345220812 0.9999914386152178 42.09218738886752
0.9999492324294528 0.009702102307447313 0.0027206168807233848 -0.2366580298868286 -0.00971018606862481 0.9999484331821312 0.002973766030685884 -0.7093756700721261 -0.0026916250305459074 -0.00300003282031256 0.9999918774444283 43.47705745094545
0.9999542632529288 0.009241757146104304 0.002461972750479784 -0.251844057467025 -0.009249211992669683 0.9999526230365784 0.003033773185740852 -0.7333842195397202 -0.0024338189184534677 -0.0030564058040516923 0.9999923674240676 44.90627170968544
0.9999589602924935 0.00892429143567751 0.001560363939299762 -0.2439709310720976 -0.00892827434665975 0.9999568546790552 0.0025641210474431483 -0.7657171383483613 -0.0015374137817941288 -0.0025779472303904863 0.9999954952624833 46.30716718125556
0.9999612812232213 0.008775108518772947 0.0006584121791810061 -0.25565548845038555 -0.008777192914400416 0.9999562573404465 0.0032317655887130065 -0.7964062374759929 -0.000630024335908022 -0.0032374195394329628 0.9999945610770946 47.73481662421849
0.9999602082852319 0.008913799409765963 -0.0003549732794500165 -0.261592614750839 -0.008912287645898073 0.9999520602679594 0.004055652044168945 -0.8140187459192677 0.00039110756669512477 -0.004052327125861806 0.9999917128062721 49.132952535972265
0.9999517214347181 0.009732018946271844 -0.0013574176828261121 -0.2724730141717109 -0.009726323390800536 0.9999441211574043 0.004141644243934542 -0.8411957329967764 0.001397648512992392 -0.004128241697890459 0.9999905020560574 50.56435944988695
0.9999507567984035 0.00959092746620211 -0.002549129776996438 -0.28060565707242446 -0.00957987622229821 0.9999448106730627 0.004312957234029368 -0.8521362031985511 0.002590354574012596 -0.00428832459644356 0.9999874500916647 52.014758952616816
0.9999379138434157 0.010578990626270143 -0.0035004835306808456 -0.3003718384886153 -0.01055936180675271 0.9999286825170922 0.005579406851788651 -0.8874534710468196 0.003559258682405222 -0.005542097695993891 0.9999783081840657 53.4248420361633
0.9999474826255614 0.009251361894241656 -0.004409565161418802 -0.31031431524806885 -0.009223661733858012 0.9999378572638725 0.006261445006600865 -0.9055395691103882 0.004467218414683952 -0.006220443967829539 0.999970674593337 54.878103730955964
0.9999703945014246 0.006003037569286643 -0.004813900619779654 -0.3211184163603251 -0.005967921924330738 0.9999557194552605 0.007276197258487635 -0.9147884642233095 0.004857367159116527 -0.007247253011379415 0.9999619409355404 56.27038922344154
0.9999738110717671 0.0051099580147753905 -0.005124985816722213 -0.3442286652284377 -0.005073259632630686 0.9999615807545658 0.007148360611059987 -0.9458085103587139 0.005161317182847425 -0.007122173167982738 0.9999613169850518 57.69580493188257
0.9999790727598871 0.004157674353805538 -0.004956588412870695 -0.3678646988272188 -0.004119834951836522 0.9999624795378744 0.007620136614148426 -0.974847543937356 0.004988084913379485 -0.007599556976560921 0.9999586820237243 59.14830696086861
0.9999799139870599 0.003959996505118293 -0.004948740547509032 -0.3621177348636756 -0.003919620744694243 0.9999591707037412 0.00814208226578042 -0.999688315965328 0.004980781538473583 -0.008122521704876963 0.99995460720405 60.551772897240824
0.9999889219097536 0.0018322332125347424 -0.004335777646239573 -0.38327058417062787 -0.0017943515721600333 0.999960328003769 0.00872483360623048 -1.0059267743375457 0.004351591941881121 -0.008716957219051592 0.9999525380313872 62.008916372991266
0.9999905626280385 -0.0008097802620961707 -0.004268360807820675 -0.37814240270447813 0.000846289511609484 0.999963016482341 0.008558589701595459 -1.0230635660915308 0.0042612727389201716 -0.008562121371587586 0.9999542647756361 63.416846003555314
0.999992558247848 -0.001120507953716975 -0.003691599353573985 -0.4018161663531781 0.0011490444000713442 0.9999694083997023 0.007737050970522005 -1.0518480259221312 0.0036828173120735394 -0.00774123535958622 0.9999632543952861 64.82684724286071
0.9999948462156001 -0.0016308903639976995 -0.002765454114511938 -0.4182916130825778 0.0016522412140402478 0.9999687125643419 0.007735889520021094 -1.068218789051683 0.0027527514418871734 -0.007740419001729856 0.999966253570736 66.27645976174495
0.9999973333674961 0.00012495040420753244 -0.002306001107611374 -0.426788954177739 -0.0001075959933331417 0.9999716858843921 0.007524350514897687 -1.088483860433871 0.002306876186910998 -0.007524082484009727 0.9999690327761027 67.64905376877999
0.9999938210156889 0.003140758375935808 -0.0015791006577662021 -0.44934963125093746 -0.003126348844845488 0.9999541932482029 0.009046399896024874 -1.1088993208039863 0.00160744102350022 -0.009041407360860121 0.9999578336569128 69.12187741983242
0.9999802894035983 0.006237219700301587 -0.0007196394161884431 -0.46205294723423607 -0.006229595734083724 0.9999290760649754 0.01015061505468933 -1.125063365004663 0.0007829000666908237 -0.010145932122761695 0.9999482222262855 70.48371863192492
0.9999442955144724 0.01055060195393902 0.000301069003584713 -0.4879449932664571 -0.010553327993446032 0.999880671278295 0.011281422450386143 -1.1518472704048726 -0.00018200728657474818 -0.011283971534832085 0.9999363174040151 71.93319329448381
0.9999016828486331 0.014004920662187195 0.000697709998956493 -0.49396365212005827 -0.01401161451765632 0.9998440607569372 0.010748435200022149 -1.1550462923554916 -0.0005470702547621014 -0.010757154710345293 0.9999419904872411 73.2976238956644
0.9998423382307171 0.01769981476671472 0.0014195743916859621 -0.5092997873362762 -0.01771354507694427 0.99978979036538 0.010324991396377345 -1.1731981506557358 -0.0012365256454804797 -0.010348509451463813 0.9999456882042067 74.68642964903344
0.9998195705983781 0.018854996130689316 0.002305497504542326 -0.5262322819930112 -0.018877944609485463 0.9997679810134101 0.010373398559692508 -1.1828924204348934 -0.0021093723666064127 -0.010415050165793261 0.9999435370454266 76.13628260376889
0.9998077137148912 0.01943770847098724 0.0025905661311743924 -0.5307643354089497 -0.019464520807370704 0.9997526386687227 0.010760760048921594 -1.198435479679488 -0.0023807610021420707 -0.010809115256710434 0.9999387456264371 77.50587817850877
0.9998193732459605 0.018806925542047145 0.0027423318079232827 -0.53637162805549 -0.01883645596115357 0.9997601575924758 0.011172075314825964 -1.2304777743489166 -0.0025315618978543997 -0.011221713384982922 0.9999338299826044 78.9086654123327
0.9998387125956618 0.017819669705928052 0.002237882938382738 -0.5342338867182197 -0.01784098857337638 0.9997918479014075 0.009897476584003596 -1.234557157941571 -0.0020610475219143398 -0.009935806497435397 0.9999485145910343 80.28366276670961
0.9998404490238333 0.01773137374626851 0.002162136576051718 -0.5457505039949286 -0.01775241459881964 0.9997910495661763 0.010134546310194 -1.2617379551868941 -0.0019819855286360008 -0.010171312690800212 0.9999463066246045 81.67948540860918
0.9998560769958088 0.016872266776701353 0.0017753492366968208 -0.5582970083093154 -0.01689026485518956 0.9998004782126433 0.010664087438811812 -1.271016873695292 -0.00159506781481655 -0.010692538972503926 0.9999415609776556 83.06319981436366
0.9998518277963168 0.017148142097360985 0.0015045365142505034 -0.5719092354430505 -0.0171623047533461 0.9998030347612505 0.00996729758724243 -1.284034682037478 -0.0013333196431341823 -0.009991642233949403 0.9999491933821449 84.42704689606539
0.9998581255806324 0.0168314210881919 0.0006572136321836707 -0.5762144372830167 -0.016837253657655128 0.9998061975775324 0.010201677161077222 -1.2904191251689558 -0.0004853775722632502 -0.010211295690447403 0.9999477455605557 85.83477648520571
0.999857107953632 0.016899272111944696 -0.0004221729738094083 -0.5878933908014219 -0.016893806426027835 0.9998003140830961 0.010673860866700203 -1.3074278925812268 0.0006024692096004214 -0.010665203772025733 0.9999429436042833 87.19246880428769
0.9998742430775751 0.01578010128217605 -0.0015768288223638018 -0.5933061011354596 -0.015759943588519277 0.9998029581835185 0.012069342257071477 -1.3229930070679572 0.0017669737224727405 -0.012042973971334347 0.999925919550683 88.57224450282486
0.9999124601248867 0.012954184028425544 -0.002694655166196061 -0.5981579807825461 -0.012918796990625613 0.9998351334582282 0.012759726232702379 -1.346316756805688 0.0028595030006225985 -0.012723797807841036 0.9999149604951275 89.95784693475464
0.9999209104370189 0.012045696381165306 -0.0036158033486233428 -0.6103366195963182 -0.011996652620694607 0.9998396851133852 0.013292269241573762 -1.3617784365558048 0.0037753386500246648 -0.013247840698499035 0.999905116272149 91.33159503594628
0.9999315462769106 0.010993829012499186 -0.00400480345409122 -0.6260377217415525 -0.01094131153415676 0.9998568281534026 0.012907785141043385 -1.3792710891956583 0.004146136421848774 -0.012863084018190253 0.9999086711471195 92.70606615236902
0.9999463616926886 0.009464033416584363 -0.0042078236542689796 -0.6385596398594602 -0.00940942431611879 0.9998736260861442 0.012813844359993382 -1.3980003324012982 0.004328562921871554 -0.012773564111393933 0.9999090456717379 94.02953223142742
0.9999496052056901 0.008954016872886116 -0.00454011039174561 -0.6580570448520738 -0.008896875530046285 0.9998828678378743 0.012453763479720069 -1.40303754155787 0.004651090209653207 -0.012412743333115619 0.9999121417287444 95.40573732207018
0.9999527460582028 0.00872146845688229 -0.0042943697283393785 -0.6648341709306785 -0.008670084440660244 0.9998922899314742 0.011842220477742034 -1.4135545716115114 0.004397189114431197 -0.011804428580898876 0.9999206569556218 96.76811054659112
0.9999434272876883 0.009797733117745696 -0.004140847733986477 -0.6841593392445839 -0.009750578159461924 0.9998890782089457 0.011258664301857488 -1.4310584769431565 0.004250698179507353 -0.011217651941262783 0.9999280453422735 98.09994351324757
0.9999273962349092 0.011433709261359304 -0.003804276183675118 -0.7063405953356433 -0.01138993571208104 0.9998708751641662 0.011335889272505987 -1.4375615328707587 0.00393339656012201 -0.01129173601761536 0.9999285099949144 99.45947183476653
0.9999244164819991 0.01171053063191753 -0.0037449646988259875 -0.7116020493135138 -0.011661965901140155 0.9998508694719859 0.012737244210531259 -1.449972293627369 0.0038935664373256395 -0.012692608096490187 0.9999118650422744 100.78476034392375
0.9999219397051748 0.0119711348021129 -0.0035786020269021153 -0.7364372612468189 -0.011918967100998223 0.9998272790962106 0.014260091890281724 -1.4587184160909328 0.003748693737370033 -0.014216325795896769 0.9998919158534315 102.13279315171985
0.9999287967751564 0.011436789944255668 -0.0034060508335452865 -0.7483878793911942 -0.011389713034048822 0.9998435338225262 0.013534486748674817 -1.48208753886779 0.0035603092948056957 -0.013494729385631529 0.9999026035012342 103.47660037743614
0.9999299718008428 0.011352343675984035 -0.003343015785910778 -0.7597140268132385 -0.011314169872580587 0.9998729877598964 0.011224879986208917 -1.4912787781642454 0.0034700201788965277 -0.011186270711585488 0.9999314108067094 104.79931627462645
0.9999436367745659 0.010032024391383537 -0.0034758785191187956 -0.7724906981148583 -0.009996682415976541 0.9998996236977382 0.010040362993553618 -1.5048387306146234 0.0035762550994242154 -0.010005050040428115 0.9999435530984194 106.13042460083003
0.9999547104402481 0.008999213249326881 -0.0030969668727184154 -0.7825162196048894 -0.00896409549479724 0.9998974042766019 0.011172552463324352 -1.5211462625489194 0.003197193597953463 -0.011144285185694318 0.9999327891766362 107.48505086223906
0.9999791391396321 0.005891262399839991 -0.002648451701220275 -0.7920768212790994 -0.005856224552541986 0.9998977179302879 0.013048307105133682 -1.5199581002782314 0.002725052053575338 -0.013032525241937154 0.999911359764999 108.80735650181188
0.9999865947360858 0.0048813366025174006 -0.001727104141753876 -0.8065568039923177 -0.004856777460645779 0.9998909072951699 0.013949380801619362 -1.5402977306539658 0.001795007513024402 -0.013940805925986958 0.9999012110638414 110.16266609364177
0.9999910685359494 0.004062427106685175 -0.0011659866003951055 -0.815902371376343 -0.004046678787414097 0.9999046173806119 0.013205322187182832 -1.554133831110369 0.0012195211578121833 -0.013200486135359879 0.999912126109676 111.47026506667966
0.9999874064540492 0.005000515778017042 -0.0004263388691053973 -0.8298214202566998 -0.00499555534615254 0.9999277263905699 0.01093555796462102 -1.56819770291035 0.0004809915353709978 -0.010933290667464134 0.9999401141103008 112.80942757415693
0.9999635379071274 0.008518451265227264 0.0005990213882343292 -0.8324974220122743 -0.008523437091816863 0.999924236959314 0.008880955871074422 -1.5876675168182028 -0.0005233240523485464 -0.008885737955188823 0.9999603841127401 114.15637413421561
0.999935067901741 0.01120068448731426 0.0020987195708376876 -0.8480306643037165 -0.011218001074029699 0.9999015490983034 0.008429032355045647 -1.5916969421732516 -0.002004102181283025 -0.008452028652223172 0.9999622726812756 115.46578890064963
0.9999226074784564 0.011899896042760056 0.003629256611509122 -0.8614660674654842 -0.011938409729072029 0.9998706087881688 0.010781469261450648 -1.6061694238695843 -0.0035004889420066575 -0.010823962628401403 0.9999352921112302 116.83907041758248
0.99991410427454 0.012301669160540755 0.004522497548056336 -0.8683863072040117 -0.012358241912545323 0.9998429611865514 0.012701450602571352 -1.6083157508466739 -0.004365538656616938 -0.012756249978296328 0.9999091059483831 118.130549787581
0.9999172992786695 0.011631669603584673 0.005486241303148886 -0.8651780765271311 -0.01170686781792674 0.9998351392198849 0.013879612712788762 -1.628647361354656 -0.005323894207205429 -0.01394269183994059 0.9998886225448137 119.49884855369487
0.99990784564918 0.011966913219562142 0.006410395837130814 -0.867661275036132 -0.012051381356978334 0.9998388686078826 0.013304174224224767 -1.640420261909298 -0.0062501535408531934 -0.013380202579366514 0.9998909469330056 120.82326807372876
0.99987607398528 0.013679759656135253 0.0077910730923428035 -0.8625262473578996 -0.013781145061528756 0.9998190694495567 0.013111385705226762 -1.649269558965361 -0.007610303477294491 -0.013217131036708851 0.9998836885990535 122.12641843527753
0.9998413875354891 0.01540434058770369 0.008939017207559994 -0.8704227149658159 -0.015516178649612859 0.9998004807559652 0.012579623046212384 -1.6544738029937858 -0.00874345363329733 -0.012716327404460999 0.9998809164264025 123.49919520485653
0.999817743522662 0.01615910064547345 0.010166767784068767 -0.8721383325988568 -0.01628101354430351 0.9997951436833421 0.012024945075529713 -1.665836509331503 -0.009970373593449808 -0.012188278979884242 0.9998760110650857 124.83722991316331
0.9997953537145209 0.016841840597666424 0.011207276960598946 -0.8649022646434608 -0.01696871984051193 0.9997918939110565 0.01132393300202139 -1.6700732713360185 -0.011014229705973912 -0.011511788974944844 0.9998730746729456 126.16721809345022
0.9997887256247769 0.01665665582858543 0.012044081171420126 -0.8629056376788837 -0.016788532909501934 0.999799292491323 0.010932517462346457 -1.6888064875680404 -0.0118595656474265 -0.011132410377183044 0.9998677013181836 127.5005770413917
0.9997809386949663 0.016400890240851822 0.01300328354652636 -0.8558745805317802 -0.016554353032062145 0.9997935323527251 0.011783297561278291 -1.6960846787865478 -0.012807343292817642 -0.011995977481716507 0.9998460223856963 128.82586103871026
0.9997749414135477 0.016011998379589748 0.013916982132267885 -0.85006706285249 -0.016189340948403665 0.9997879678631609 0.012724959481570312 -1.7100957015543836 -0.013710280403358798 -0.012947402645181722 0.9998221806779762 130.20287355573996
0.9997975026560239 0.014135905503508472 0.014322354100768497 -0.8356057488966767 -0.01432830331390348 0.9998072701141347 0.013420967998892572 -1.713976927849773 -0.014129877403661482 -0.013623465590081851 0.9998073553191628 131.525361939057
0.9998071685544359 0.013485791089966493 0.014274421764772713 -0.8241161308173717 -0.01368151879692665 0.9998124900297848 0.013704045110941237 -1.7353634189039104 -0.01408693645899617 -0.013896698582562077 0.9998042008264789 132.87120392934546
0.9998379262804397 0.011146117983325978 0.014138076378209727 -0.8137191068967082 -0.011350913757656655 0.9998306016512564 0.01448878114354824 -1.7280294726453527 -0.013974188917167875 -0.014646913264409369 0.999795073991123 134.19231209826657
0.999863045810774 0.009524741142541511 0.013533990986236234 -0.7965870936743328 -0.009722559518502934 0.9998457563261721 0.014626530979364326 -1.7501299548338838 -0.01339259065283056 -0.01475611313478778 0.9998014281052895 135.52339187788198
0.9998766686044284 0.009736994149598995 0.01232227695963705 -0.7886837321302704 -0.009912033105166277 0.9998496949895744 0.014224592976501383 -1.761031293490915 -0.012181921099585016 -0.01434497773502701 0.9998228955228546 136.86597486167142
0.9999011817760547 0.008276625030173741 0.011363280755320268 -0.7810222043227784 -0.008453518802278263 0.9998424465589955 0.015608333993616913 -1.7745321322305392 -0.01123230704060514 -0.01570285161998521 0.9998136104943293 138.20172324207337
0.999921156027872 0.00717562719640584 0.01030495482777018 -0.7641680365521406 -0.007339857774688736 0.9998452333668496 0.015988614996108205 -1.7837629493529106 -0.010188632472531598 -0.01606299160679989 0.9998190696666786 139.54083235914575
0.9999430906233739 0.005828541225556803 0.008935525557960355 -0.7654883407987787 -0.0059732160127504 0.9998501072371441 0.016250653919763988 -1.7924546044886132 -0.008839469315264244 -0.0163031032481205 0.9998280215151911 140.90288045903534
0.999959826090075 0.004608392352941593 0.007688232808919668 -0.763611815582725 -0.004729694110250635 0.9998634369636987 0.01583469035736542 -1.7863390493581235 -0.00761421104550407 -0.015870417515506666 0.9998450648166401 142.22211058085804
0.9999688116809495 0.004252842388699251 0.006654997772844463 -0.7582147845687273 -0.004355557389314606 0.9998704336935216 0.01549661081477731 -1.7860320156780556 -0.006588231410513178 -0.015525114030148446 0.9998577729064746 143.57807148469635
0.9999797010172594 0.002274840771280969 0.0059516934546395344 -0.7471375294524156 -0.0023546510345243948 0.9999069445030438 0.013437185414405152 -1.8026873368566836 -0.0059205726492317905 -0.013450927076395872 0.9998920038581371 144.92465786906425
0.9999885855394788 -0.0007053761539230711 0.004725594322318349 -0.7639097970806598 0.0006467717676448426 0.9999230124235802 0.012391565934929159 -1.8234074537337943 -0.004733971615377032 -0.012388368350672911 0.9999120550536438 146.231980639641
0.9999421114985132 -0.010110742236526244 0.0036805648543673493 -0.756568172365476 0.010052323223866608 0.9998284158892766 0.015559227541866514 -1.819914675080317 -0.003837248978017535 -0.015521328908996252 0.9998721737658754 147.60793536012216
0.9998490294160064 -0.017251568969187454 0.002074067398998033 -0.7451042658553881 0.01721363534820433 0.9997056834009594 0.01709495005828167 -1.8289053060335583 -0.0023683718615920705 -0.017056667304849064 0.9998517194664401 148.93419242239466
0.9998164651133504 -0.019116664084029615 0.0012606552931555453 -0.7184664011352851 0.019096956026026547 0.9997177276746597 0.014134045092668258 -1.8455306861732608 -0.0015304953537455181 -0.014107376585788782 0.9998993146879772 150.23412732526117
0.9998334604571684 -0.018206132770482244 0.001260194323641501 -0.7398240421222608 0.01819087892948507 0.9997716796553323 0.011210730176616205 -1.8618362689146837 -0.0014640107509993488 -0.011185939309720337 0.9999363636932954 151.63270097154046
0.9998868529699501 -0.014855587552686714 0.0023649078927557017 -0.746515114384124 0.014834265441941325 0.9998513101555442 0.008792163365629423 -1.869374316209688 -0.002495169210304314 -0.00875608704621232 0.9999585516758257 152.94463596035504
0.9998806465533353 -0.015111650178844563 0.003214139201184957 -0.7507777648558469 0.015081975815616573 0.9998451692709005 0.009064848520739629 -1.8830307812956004 -0.003350626648182633 -0.009015291193523928 0.9999537478425435 154.3182933944419
0.999813129982107 -0.019001255919069003 0.003557724102575212 -0.7549525351174224 0.01895731001884503 0.9997482341915382 0.012003691768770666 -1.8801281227443019 -0.0037849139173430713 -0.011934003977499814 0.9999216239163269 155.6400896878275
0.999612590174014 -0.027558815968826124 0.0038963095759255986 -0.7547193329164299 0.02749764870388498 0.999509824727254 0.014966281699580228 -1.8757857721472821 -0.004306853054227266 -0.014853344531205655 0.9998804074359247 156.9795581704885
0.9995650302137536 -0.029231140049347053 0.003910348077448835 -0.7358898353635115 0.029164534635772413 0.9994445444505013 0.01612552289703821 -1.8937288704592632 -0.0043795438259665006 -0.016004465589374444 0.9998623288628725 158.33544618498883
0.9995280000584486 -0.030491487296543402 0.003747838780363879 -0.7313676524457231 0.030425469462514274 0.9993997826042462 0.01656397724566867 -1.9148311320175329 -0.004250649907626218 -0.016442129592309743 0.999855783776984 159.66388207738973
0.9995499064287439 -0.029603487983211142 0.004859840979918153 -0.7361618218545217 0.02951783956100785 0.9994223980354671 0.016839461215602477 -1.9057418417891612 -0.005355541150745937 -0.01668843017795704 0.9998463954423201 161.02809535741912
0.999600900111543 -0.027594963186868514 0.006046362927083808 -0.7369013785366827 0.027491853347810156 0.9994855103841626 0.016520064435505542 -1.8982846166428624 -0.006499123239968229 -0.01634724585255957 0.9998452525021405 162.36897653870415
0.9996724175150417 -0.024601922497120635 0.0070571294803064635 -0.74607876433502 0.024494655593645234 0.9995888605097241 0.014903750716447983 -1.9049727701986132 -0.007420889549071849 -0.014726006818041489 0.9998640283162873 163.7196923442634
0.9996984813804011 -0.023317584227392718 0.007696531752959689 -0.7457340594414709 0.023205565316236125 0.9996279142743876 0.014336482603991783 -1.8990312830098985 -0.008027960789213594 -0.014153557771837749 0.9998676055592542 165.06760944926899
0.9997132417620667 -0.022567079553886746 0.008010067201292497 -0.7483816153443086 0.022439460103673554 0.9996252331658859 0.015680045854547162 -1.9028319034125838 -0.008360918828313099 -0.015495808170186006 0.9998449754663076 166.41304393657177
0.9997433294848578 -0.02130318504707817 0.007710348204690032 -0.7392497096332331 0.021180372938432945 0.9996527958082286 0.015674170572635662 -1.9027495304504312 -0.008041581561090848 -0.01550683970753305 0.999847423804285 167.74507519664098
0.9998067178804743 -0.018208934214440767 0.007413609830274562 -0.7402320332841457 0.0181080689438192 0.9997455294883288 0.013452661223706206 -1.9239797418211955 -0.007656682543353969 -0.01331581514918967 0.9998820251798217 169.13496018151636
0.9998643415693236 -0.014985869082826146 0.006835364097087146 -0.7459816537008814 0.014911394516208482 0.9998302803104343 0.010819467388113605 -1.929452488621656 -0.006996343704517337 -0.010716075019482412 0.9999181051005919 170.54429966055645
0.9999348714858328 -0.00937263426079328 0.0065120296053070474 -0.7474959264581311 0.00931208803157041 0.9999137036653962 0.00926661892467434 -1.93971963190003 -0.006598320820526839 -0.009205374979494335 0.9999358595581156 171.8963653675458
0.9999567882159486 -0.006158394738877157 0.006963898995537146 -0.7542018739507378 0.00608651161853903 0.9999284624336525 0.010296814094627077 -1.949897667699114 -0.007026813245991136 -0.010253983490442015 0.9999227368726735 173.24719434828282
0.9999699926184015 -0.001269150620939465 0.007642193937839364 -0.7641003223741218 0.0011713213064365978 0.9999174914817043 0.012792115876013253 -1.9804726861783417 -0.007657799150274571 -0.012782780798261967 0.9998889731491476 174.6184142869789
0.9999697682355214 0.00025444639654753284 0.007771607195795959 -0.7650794039618991 -0.0003717734852172923 0.9998859318383276 0.015099175154528471 -1.9823532764073843 -0.007766879416328019 -0.01510160824883368 0.9998557981088982 176.0387838388152
0.9999736829598908 -0.0025351856391809015 0.0067975165775235906 -0.7622340834388674 0.0024229267205675142 0.9998613850631193 0.016472403427953804 -1.982320018837647 -0.006838335505246886 -0.016455500355327484 0.9998412142317561 177.44098280810468
0.9999748618143296 -0.004533646441934243 0.005451770468167623 -0.7622530232845454 0.004444018434180727 0.9998565934712752 0.01634145583668443 -1.9842044332359372 -0.005525075485228967 -0.016316817587304872 0.9998516064927488 178.84229848173672
0.9999680775784758 -0.007304319945623177 0.003238942210886794 -0.7598491846943798 0.0072625091939807224 0.9998924932496184 0.012738048912258751 -1.98547880590474 -0.003331637058228256 -0.012714119677595104 0.9999136219474197 180.18024684828055
0.9999888828514251 -0.00444042910619083 0.001586433445851054 -0.7706883872554651 0.004426465233957989 0.9999523578718844 0.008699907094270067 -2.006951099280314 -0.0016249893154414515 -0.008692788250226386 0.9999608966567327 181.59620541441126
0.9999993537256596 -0.0005387514256630331 0.0010011480761429902 -0.797613617488884 0.000530677207667668 0.9999674748057746 0.00804783878199165 -2.0171996706116806 -0.0010054513766337143 -0.008047302451793007 0.999967114455108 182.99085847923598
0.9999966392904468 0.002491699651954114 0.0007161265612858621 -0.8173466694202755 -0.002498209356038908 0.999954212425659 0.009237532338129907 -2.019571011964626 -0.0006930766667269451 -0.009239290510989002 0.9999570766575369 184.31576578327127
0.9999844655500333 0.005456374470867673 0.0011386953376622396 -0.8139328089358584 -0.005469800267254434 0.9999113418928748 0.012140413717007222 -2.034076469697208 -0.0010723518207703688 -0.012146453801127778 0.9999256540986496 185.7647319633513
0.999974381221435 0.006968319438969377 0.0016368911985499876 -0.8287720278716655 -0.00699169484587395 0.9998669592106388 0.014737031253574291 -2.050941581526713 -0.0015339812020650765 -0.014748098647357748 0.9998900642030863 187.130854206523
0.9999866439306602 0.00485211405499201 0.0017801523886189026 -0.8350984424719137 -0.0048787515118418915 0.9998713919030895 0.015277350561118445 -2.0452341012443935 -0.0017057961313518028 -0.015285831740527635 0.9998817098096254 188.58255215420834
0.999988455159322 0.004515991317052805 0.0016417564103329949 -0.8345371388395352 -0.004541789061158098 0.999860638500547 0.016064735626878057 -2.0564847108365805 -0.0015689795260066801 -0.016072006992324684 0.999869605948452 190.0025280976429
0.9999977027385429 0.0012142728582889189 0.001766368996389649 -0.839704264535327 -0.0012436448245483943 0.9998593798125721 0.016723454867039737 -2.060435670782642 -0.001745813906023738 -0.016725613513716434 0.9998585929978825 191.3478007946697
0.9999977657373642 -3.458083737002508e-05 0.0021136052991600953 -0.8498785935357447 -1.2385698591483446e-06 0.9998564279064435 0.016944720850075798 -2.0674092760008373 -0.0021138879720200756 -0.016944685941193416 0.999854193920807 192.81118101928877
0.9999925872315608 -0.002985227841999276 0.0024318520033740645 -0.843775487225547 0.0029416200000602875 0.9998382629648424 0.01774245672039166 -2.0657876639767876 -0.0024844241540684514 -0.01773517196042445 0.9998396327998795 194.1792947076371
0.9999637520341756 -0.008064193623577994 0.002731924486609018 -0.8470402842185341 0.00800983684478849 0.9997805765483196 0.01935565167574756 -2.0631951427317277 -0.0028874129889869798 -0.019333068175862698 0.9998089294096695 195.624182098042
0.999927631793164 -0.011631439723971513 0.003072588572503326 -0.8426416046445964 0.011567350811873333 0.9997308164036258 0.020111964291234043 -2.0727007832203914 -0.0033056928447886737 -0.020074967498602585 0.9997930126186895 197.03565909947466
0.9999476423794559 -0.009716307657768255 0.003210277092581913 -0.8462475072218277 0.009662037858241677 0.9998170318187314 0.016509024579818846 -2.0770712577865518 -0.003370096746775614 -0.016477142702350015 0.999858563107588 198.4507717832942
0.999987882498741 -0.0035428188253966847 0.003418084208371905 -0.8636398300847969 0.003503224952257949 0.9999274945676321 0.011520981451926902 -2.085559754616295 -0.003458653411401435 -0.011508867749840451 0.9999277892325585 199.8929129013858
0.9999651289509862 0.006835442637719971 0.004797665810417249 -0.870824817027864 -0.006886097583741171 0.9999198713269022 0.010622268880349707 -2.084818634174375 -0.004724673861300614 -0.010654935877029774 0.9999320725912376 201.3401032498203
0.9998976242378866 0.012891931761087369 0.006207987869316621 -0.8939481996540222 -0.012979381853388108 0.9998140969018876 0.014258587194620455 -2.0821829609035936 -0.006023013550232612 -0.014337703593550822 0.9998790694694681 202.77138777797208
0.9998686068668091 0.01453798857728775 0.007170485312644812 -0.8900119860510691 -0.014654654003656752 0.9997565457903858 0.01649515974791859 -2.085290084785418 -0.006928933756871544 -0.016598073711131152 0.9998382338293563 204.19664619311152
0.9998712787435124 0.01456305718862042 0.0067337417649911205 -0.8902188726685956 -0.014676009860029881 0.9997470874190101 0.017040421392166882 -2.0960764588996774 -0.006483878620744986 -0.017137052731895974 0.9998321262808293 205.67875624841128
0.9999290445203909 0.01059929175524594 0.005436995504424309 -0.8839031407035891 -0.01069277698340469 0.9997903257367271 0.017463364503565355 -2.1012914307209916 -0.005250756641265892 -0.017520262311712654 0.9998327209917571 207.0994691650662
0.9999546749426523 0.008557289886889143 0.004173827544189402 -0.8788882084957257 -0.008627413152514349 0.9998168635664211 0.01708236169496979 -2.1015977382068436 -0.004026884770363037 -0.017117597111255285 0.9998453740810942 208.53789122557342
0.9999506904805734 0.009172873420810499 0.0038046004845455083 -0.8877517362749472 -0.00923517139961841 0.9998180057535037 0.016693321804765338 -2.1063618666166293 -0.00365078263686566 -0.016727635136421067 0.9998534182629437 210.02948920076818
0.9999427648584667 0.010068721302741532 0.003617711984915303 -0.8956648784990674 -0.010127578274911002 0.999810308978275 0.01663665333585179 -2.1089125255179924 -0.0034495161902794048 -0.01667234012945693 0.9998550564536952 211.4918606044119
0.9999293059175152 0.011360599175019866 0.003509975951098217 -0.9001815620363742 -0.011419509504646529 0.9997860636961906 0.017245917200546735 -2.1023684168609864 -0.003313301353866576 -0.01728478056667028 0.9998451172051026 212.93606449219584
0.9999357200303193 0.010909033296930286 0.0030901097760603195 -0.9142106109374971 -0.010961194221397057 0.9997885553645535 0.017398183822252153 -2.1163683080425013 -0.00289965925397286 -0.01743093711049771 0.9998438650170297 214.3761688420934
0.9999293686594861 0.011531884172936886 0.0028763372506588726 -0.9149807798823699 -0.011578823818597017 0.9997905725263079 0.016874298380454362 -2.123894399713429 -0.002681142625852613 -0.016906411468278072 0.9998534816310992 215.84751934286186
0.9999379851374498 0.01085440229421329 0.0024915473265397655 -0.9220106615632426 -0.01089391428186821 0.9998056065970008 0.016433857320251103 -2.121891871300198 -0.0023126834704165836 -0.0164599812107048 0.9998618507164483 217.3196220210986
0.999941107732109 0.01068258918882209 0.0019139836844811195 -0.9211270544925316 -0.010712801184641687 0.9998058367306321 0.01653858358841873 -2.1299025189032217 -0.0017369372990068972 -0.016558114053529114 0.9998613963510138 218.78397923192853
0.9999158500861318 0.01285792593661346 0.001722340814892138 -0.9309789848770492 -0.012884200487459526 0.9997853021719046 0.01622796853740439 -2.1392431016469278 -0.0015133131300766806 -0.01624879426849226 0.9998668344201771 220.26471867800367
0.999940919319987 0.010752092017654636 0.0015969859051555351 -0.9399559984932957 -0.010776566965233025 0.9998106740654052 0.016201285342702067 -2.1339578509767994 -0.0014224859512960303 -0.01621753851201607 0.9998674752104199 221.76251054127016
0.9999148132979693 0.012991909535199606 0.001255549132286206 -0.9484765501439372 -0.013010490265995945 0.9997851046047755 0.016139138079831188 -2.1467548924729 -0.0010456011747800652 -0.01615409887714131 0.9998689673219389 223.2359675372608
