1.0 -3.469446951953614e-18 0.0 -1.7787691892340307e-19 0.0 0.9999999999999999 -3.5405977195229754e-19 0.0 2.168404344971009e-19 -2.354751593366955e-19 1.0 0.0
0.9999998184232816 -0.0001920851292522164 -0.0005711883356860027 0.002362340360531358 0.00019247475088568847 0.9999997488291841 0.0006821250811968831 -0.02260592772998818 0.0005710572149626968 -0.0006822349104356856 0.9999996042250158 1.3271691263019685
0.9999993567967418 -0.0011053321712566812 -0.00025426013986305914 -0.025542658467249225 0.0011056864168588754 0.9999984128418246 0.0013970574197280283 -0.03901613334682887 0.00025271554636885807 -0.001397337680019567 0.9999989917909323 2.619295904261235
0.9999971366446202 -0.002246956219661478 -0.0008233421641499006 -0.022394998614420306 0.002247648815945554 0.9999971203360486 0.0008410653691773575 -0.08173775181894366 0.0008214500263972488 -0.0008429135605104881 0.9999993073587738 3.946059743684724
0.9999936321318118 -0.003560359975305837 -0.00024400259661754476 -0.025117366362197233 0.0035605958788093115 0.9999931883419028 0.0009723279618248935 -0.10321801713336402 0.0002405391183615312 -0.0009731905814600586 0.999999497520648 5.248609454761559
0.9999937906935702 -0.0034980107428145644 -0.00042719945862791783 -0.03685480943305428 0.0034990833736124344 0.9999906627561639 0.002535904311096392 -0.11312689036160803 0.00041832488689460753 -0.0025373834190859086 0.999996693339933 6.5749546921406115
0.9999871908201002 -0.00500465160184147 -0.0007560842442039639 -0.03699594509925135 0.00500712623615851 0.9999819964874979 0.003306868695825057 -0.15043778481058082 0.0007395209718492454 -0.0033106122088268197 0.9999942464621389 7.906483758490545
0.999988398128113 -0.004808595165715742 -0.00028465345116073697 -0.05853470313207043 0.004809762560967636 0.9999793927757307 0.004252081932393404 -0.17543199715721497 0.0002642010707340093 -0.0042534017961629944 0.9999909193449199 9.223220146378404
0.9999919324088217 -0.003887286891140724 -0.0010119889362902722 -0.053065321208427205 0.003890392616664221 0.9999876736858775 0.0030850146933437783 -0.19028107301172398 0.0009999842123055575 -0.003088926897711972 0.9999947292683207 10.552710710583527
0.9999987670556717 -0.0014882656199971846 -0.000500953162403738 -0.0825344344636199 0.0014888170865457705 0.9999982844270734 0.0011020726578190956 -0.20753449229172408 0.0004993121693289279 -0.0011028171476556612 0.9999992672410595 11.872973813637927
0.99999729863125 0.002206386187273244 -0.000731153283633871 -0.08510004392489581 -0.002206233015165829 0.9999975441266141 0.00021042932006419117 -0.23742653990189166 0.0007316158382093311 -0.00020881566350391685 0.9999997105676978 13.222464071250204
0.9999950552599511 0.003078110094798501 -0.000643962147363765 -0.10520039417641673 -0.003078075134303526 0.9999952611735655 5.558323040635905e-05 -0.2472245849891871 0.0006441302413150501 -5.3600795626058047e-05 0.9999997911120859 14.558719551189682
0.9999775660830676 0.006695528897838292 -0.00019289702557649885 -0.11876959567738879 -0.006695301820940867 0.9999769170206815 0.0011568806964274824 -0.27711429421220257 0.00020063851853306777 -0.0011555632673221068 0.9999993122088701 15.912592040568063
0.9999939714576682 0.0034713390067948316 -8.274818661359448e-05 -0.12107355733686462 -0.003470975959762591 0.9999857880663157 0.004046726679014391 -0.303094252161055 9.679458200915472e-05 -0.004046415148675019 0.9999918085445864 17.267441962306187
0.9999998034913896 -0.0005904713883729904 0.00021062283507846682 -0.11784492031508986 0.0005892003731417985 0.9999819184334754 0.0059846174965967084 -0.32305461940320623 -0.0002141527852912808 -0.005984492338840546 0.9999820698348643 18.615136846784928
0.9999938961045126 -0.0034906399041711705 -0.0001522873354458153 -0.12498411346917403 0.003491266565346247 0.9999845399833518 0.004327914767053047 -0.35941513444798556 0.00013717780444153145 -0.004328420108347268 0.9999906229374265 19.953333417706187
0.9999937751918293 -0.0035282420222099795 -3.302590771968924e-05 -0.1358862426181784 0.003528301609905221 0.9999917476065768 0.002013901987912961 -0.38006534196794006 2.5920105625417723e-05 -0.0020140060141383242 0.9999979715521002 21.3108221540724
0.9999991430094484 -0.0012735370763143333 0.0003034569302852335 -0.13581103541003 0.0012733117196952488 0.9999989140967906 0.0007419436816008784 -0.4233959424746017 -0.00030440151858194945 -0.0007415566638895074 0.9999996787164893 22.662245083293374
0.9999988969810973 0.0012226138938634772 0.0008433569821156383 -0.1487915973831061 -0.0012246867665774196 0.9999962201581606 0.0024616688137954847 -0.41204214039893483 -0.0008403441929620619 -0.0024626989954548463 0.9999966144615272 24.040881250909003
0.9999978931956719 0.0008164189329112033 0.001883365486395691 -0.16466827921431307 -0.0008306617060150805 0.9999709715842605 0.007574033878539509 -0.42191049158393323 -0.001877127383167905 -0.00757558250952941 0.9999695430071777 25.422452884871863
0.9999984288004907 -0.00031427802298391455 0.0017445998948782961 -0.16491232776563844 0.0003005120542794292 0.9999688654383807 0.00788529286790203 -0.4511059386970054 -0.0017470238930033127 -0.007884756358978614 0.9999673887305166 26.789223721690675
0.9999911882866654 -0.003782794109201411 0.0018203915754600307 -0.17392427140828015 0.0037696960760085114 0.9999673633692024 0.007145738645875205 -0.49207192242876874 -0.0018473631721350296 -0.007138813493000086 0.9999728119257191 28.159397296952317
0.9999868477173487 -0.004897264152884247 0.0015235500289570117 -0.17742334756897654 0.004890424847704418 0.9999780910896139 0.00446106245307055 -0.489034578695301 -0.001545363777510838 -0.004453553055769522 0.9999888887956663 29.529434031005717
0.9999847557466001 -0.005068556993991594 0.0021904369302789143 -0.1935703918145493 0.005062752415277632 0.9999836792839145 0.0026475831871000492 -0.5234871917183074 -0.0022038207908058414 -0.002636453233102043 0.9999940961254676 30.926437087338474
0.9999962448338239 -0.0013016045956160578 0.002411669325960247 -0.19430627244646909 0.0012979018907184753 0.9999979776236019 0.0015362933098314255 -0.5332961799840616 -0.0024136642977283925 -0.001533157457873963 0.999995911816599 32.30709177509716
0.9999945261831422 -1.3605470384042348e-05 0.0033086889862327766 -0.20004531008516668 1.4004301830940202e-05 0.9999999926397257 -0.00012051730690180579 -0.5687784079884148 -0.0033086876018930825 0.00012056298817085144 0.9999945190083607 33.680654393669066
0.9999923154860052 0.0011655819069660263 0.0037430455938405054 -0.21635577628718336 -0.0011666226222606761 0.9999992814504403 0.0002758481608515732 -0.5939797606356473 -0.003742721696791674 -0.00028021276612764885 0.9999929567304946 35.064041754075745
0.9999958027956679 -0.00013642936446844195 0.002894094335104563 -0.21454940497679387 0.00013138225295889622 0.9999984705015103 0.0017440564312595096 -0.6173636612152652 -0.0028943280922694766 -0.00174366891037133 0.9999942912237993 36.46482840964467
0.9999951949151075 0.0016679547212733355 0.0026130584135693686 -0.2252978230589886 -0.0016759010734822615 0.9999939695615406 0.003041742667081188 -0.6405941413270574 -0.0026079693846701906 -0.0030461073378420665 0.999991959829147 37.87038328815432
0.9999907981493876 0.003471578589485426 0.0025202689416027376 -0.23357699241985158 -0.0034817665365140674 0.9999857403553899 0.004049246007333849 -0.6537749129096069 -0.002506175936447302 -0.004057983815440868 0.999988625858854 39.262907269654136
0.9999751201010447 0.006494467060173771 0.0027533737079613613 -0.23428166610428847 -0.0065038137660552945 0.9999730724622178 0.003399230732577643 -0.6876593262724067 -0.00273122360282139 -0.003417053659985118 0.9999904320337476 40.663212637113766
0.9999697299699706 0.007257815802344606 0.0028041472794271996 -0.24947197906682284 -0.007269079807138138 0.9999654686687729 0.004027649828835115 -0.6996039513860578 -0.002774818739592121 -0.004047911565201933 0.9999879573225747 42.08531225596308
0.9999506427532691 0.009603471998753709 0.002546637908343241 -0.2591485483175207 -0.009614369494261877 0.999944527788413 0.004301774734013316 -0.7317277793849539 -0.0025051848763123583 -0.004326046818656856 0.9999875046045769 43.471901494017814
0.9999651937895175 0.008087769953985182 0.0020491881425305477 -0.25810807161264904 -0.008097081709676395 0.9999567429640954 0.004577060712140503 -0.7406056767382903 -0.002012081453449213 -0.004593493940923369 0.9999874255909033 44.8945777566195
0.9999721257327123 0.007367893998876597 0.0012090830575226558 -0.2600530106924189 -0.007372357662478179 0.9999658693650093 0.003729405083587852 -0.768157925243319 -0.0011815640267075495 -0.003738215000257446 0.999992314797541 46.29535807594909
0.9999761030464308 0.006906592545122125 0.0003038118091649945 -0.26854750805163996 -0.0069079476163301755 0.9999650475180916 0.004709990985334478 -0.789556507496149 -0.0002712712211083554 -0.004711977244901422 0.9999888617794853 47.728212028743656
0.99997582576976 0.006923046288808589 -0.0006475266562248451 -0.273904693396413 -0.0069193115078772256 0.9999603639808967 0.0056029999444395856 -0.8060642314542448 0.0006862908809092379 -0.005598384173787263 0.9999840934244605 49.135706154552466
0.999959363873556 0.008883636640273267 -0.0015334860679425209 -0.29701475888888 -0.008875255743508363 0.9999460952839041 0.00538854155917124 -0.8415353713180814 0.0015812733884676873 -0.005374712622707281 0.9999843058981657 50.56058463722179
0.9999641086554709 0.007917150046297805 -0.003016639468456839 -0.29658392129991706 -0.007899098800282719 0.9999511014176045 0.005949708159890085 -0.8502550197366876 0.003063596954494225 -0.005925666009007373 0.9999777501840011 52.00884238643016
0.9999575502322481 0.008233452721410586 -0.004136177491264441 -0.31581706077690097 -0.00820136685512497 0.9999366025436841 0.007715470853725004 -0.8656188761211386 0.004199440593216437 -0.007681221185911945 0.9999616810408138 53.41976579112485
0.9999642890808834 0.007045661941801937 -0.004666817663068479 -0.3309551390727488 -0.007005341582143763 0.9999384754378036 0.008600612786705581 -0.8873557957849151 0.004727127955312046 -0.00856761317719287 0.9999521239927123 54.86261445408894
0.9999746429300166 0.004684394457903942 -0.005363760421764509 -0.3348081850217388 -0.004638497854795179 0.9999527961456738 0.00853755377095714 -0.897246335110271 0.005403500964401054 -0.008512457668159262 0.9999491688356811 56.27135687867631
0.9999776782629968 0.0035963065461749755 -0.005631122177846978 -0.3577972713969524 -0.003548481378060222 0.9999577469538 0.008480129183635934 -0.9258170177305444 0.005661381874931198 -0.008459958134339092 0.9999481875965572 57.70000366390597
0.999981230309023 0.0020877164543309937 -0.005760247768690835 -0.3713410170735356 -0.002037426136747511 0.9999598808760414 0.008722702218343013 -0.9415484037482607 0.0057782276967739896 -0.008710802594545836 0.9999453655161695 59.15180837943767
0.9999836651112733 0.0013800263129080982 -0.005546622804836227 -0.37465736766430113 -0.0013259271369783594 0.9999516331909339 0.009745419184136211 -0.9660561551845068 0.0055598039449415776 -0.009737905773613002 0.9999371289164313 60.55377347600123
0.9999866626454619 -0.0015652021223110397 -0.004921855982411771 -0.39197328316372043 0.0016170295606482456 0.9999431056771264 0.01054374782189728 -0.9656566611216042 0.004905073283452414 -0.010551566193571005 0.9999323000684568 61.99584331235485
0.9999880055209353 -0.002413947001542382 -0.004261651044508184 -0.4075678286853988 0.0024564846033618016 0.9999469355363896 0.01000458834154792 -1.0007445295042205 0.004237274722615873 -0.010014937220888347 0.9999408715253071 63.413012500126364
0.9999879629189066 -0.003179374308017815 -0.003737056852662279 -0.4215305350504522 0.0032140757718911173 0.9999514333923536 0.00931668213609216 -1.0171157712851924 0.0037072544577405188 -0.009328581358767353 0.9999496156527525 64.81949470535812
0.9999903079530345 -0.002938295706530635 -0.003278782796818841 -0.4423228563349938 0.0029680793485673176 0.9999540425537887 0.009116099946160652 -1.0449857505361768 0.0032518465974078837 -0.00912574346026095 0.9999530720532837 66.28363869275252
0.999995188141409 -0.001479695558583051 -0.002726571573245391 -0.45076256409582754 0.0015054194065802391 0.9999541513145561 0.009456689477545369 -1.0543818851231834 0.00271245377909525 -0.009460748794594609 0.9999515672444342 67.64271026697045
0.9999952104622326 0.0024609768501712296 -0.0018768691934384634 -0.4766611593773602 -0.002441184271020749 0.9999421455673004 0.010475979112240576 -1.0839421190932403 0.001902541919410677 -0.01047134736340786 0.9999433640089156 69.13209777262722
0.9999859045252378 0.005174863982065292 -0.0011880747089494728 -0.48694902018890046 -0.005160798761598784 0.9999199607915593 0.011551544164806962 -1.0969552175845225 0.0012477574006769646 -0.0115452501583517 0.9999325728800429 70.49644162248548
0.9999593763985358 0.009008878310959199 -0.000292649712198854 -0.5126545522907658 -0.009004497926453178 0.9998807243353907 0.012548152635449023 -1.1124735354537354 0.0004056596301826522 -0.012545007975058024 0.999921226007634 71.9556154302705
0.9999198270367956 0.01266245813755432 -4.0268611697691185e-05 -0.5219050184154155 -0.01266104579082047 0.9998466967707056 0.012094664213190092 -1.1209949217258834 0.00019341064301259584 -0.012093184953593895 0.9999268560623923 73.32331304153102
0.999874730729845 0.015800781920042258 0.0009263358400928535 -0.5428348724286017 -0.01581028556376307 0.9998105726561192 0.011351374939236023 -1.1317781134681832 -0.0007467998217318525 -0.011364598830431805 0.9999351419899294 74.69569710849972
0.9998040805133624 0.019718143319584953 0.0017307102504212856 -0.5568253006343772 -0.01973688355574737 0.9997381931180357 0.011575867198304168 -1.1615668843004194 -0.0015020026488233615 -0.011607758329698308 0.9999314996221933 76.14115003776159
0.9998312635597645 0.018254753922811503 0.002051418822265499 -0.5595897402003949 -0.018278350353728042 0.9997592191535182 0.01214107377454415 -1.1640108104944462 -0.001829292711636647 -0.012176521937423588 0.9999241901282795 77.52134044913977
0.9998462539638969 0.017449531429557387 0.001726916765294648 -0.565602596447615 -0.017469863726583906 0.9997685419018059 0.012556533278496413 -1.1785290223517837 -0.001507411552606246 -0.012584772022018648 0.9999196723868571 78.93167235149747
0.9998590805973634 0.0166797289491578 0.0018988276925016529 -0.5741388394163189 -0.01670031324644557 0.9997955930636621 0.011396125166350765 -1.1989801467164558 -0.0017083554162478018 -0.0114262304850617 0.9999332591630253 80.29948882858203
0.999879917727945 0.015416125059660174 0.0015789788533579231 -0.5783915178149726 -0.015434125258527416 0.9998076254144217 0.012103717462868578 -1.2058790533801473 -0.0013920827846426527 -0.012126634428067861 0.9999255006476782 81.68456860369344
0.9998824031732177 0.015290858720688524 0.0011702246686414353 -0.5835251792502548 -0.015304127444554998 0.9998069535687375 0.012322309600672926 -1.2166656818892898 -0.000981580139641905 -0.012338770057741302 0.9999233926942191 83.12530006790206
0.9998814911620416 0.015367580629657158 0.000917092243800915 -0.603519389026075 -0.015377369566223452 0.9998116321482524 0.011842160359229595 -1.2331940580835423 -0.0007349341924181303 -0.011854859669755998 0.9999294586005657 84.44829423770183
0.9998820906743879 0.015355907102344638 -2.872919230923962e-05 -0.6009495580486565 -0.015354432336722859 0.9998086715222498 0.012118654709802359 -1.2428508721229001 0.0002148166585364817 -0.012116784937715426 0.9999265659944453 85.89463403573895
0.9998957211912246 0.014419735473753921 -0.0007860878797276878 -0.6189532603039608 -0.014408184251374561 0.9998100755044875 0.013123154259919504 -1.259972518510686 0.0009751710875119527 -0.013110459964259616 0.9999135787094947 87.21979584633301
0.9999192859310894 0.012520703910262745 -0.002157211724682149 -0.62840004299515 -0.012488600115750686 0.9998197091162937 0.014303291717253624 -1.268810712789144 0.0023359102877656152 -0.014275196978636367 0.9998953756690672 88.58961652669359
0.9999401013484404 0.010452489648858924 -0.0032464050062592197 -0.6335540185823006 -0.010401587359171746 0.9998285427364495 0.015319664712867302 -1.2809813721718188 0.0034059773228957146 -0.015284979632371356 0.9998773768463125 90.01568884868088
0.9999443063526132 0.009767511957055806 -0.003997483410382887 -0.6491195334976959 -0.009706283220551311 0.9998394795642503 0.015059986251736643 -1.3044246582964931 0.004143940690104053 -0.015020347106920254 0.9998786011025124 91.34850313176543
0.9999695256528164 0.006458795363553272 -0.004385396969731092 -0.6615384470762301 -0.00639418158139889 0.9998730937001706 0.014591468161155904 -1.307476011434564 0.004479084132006862 -0.0145629827667796 0.9998839219394815 92.73653738639145
0.9999724284113183 0.005863382352160551 -0.004556659309692722 -0.6703075634137091 -0.005796508174484659 0.9998772920269312 0.014553397789312656 -1.3214495144554148 0.004641432710626586 -0.014526584110657804 0.9998837109742446 94.05218623993946
0.9999680277270637 0.006369266382821287 -0.004834867839164002 -0.6939955260372376 -0.006300738037054433 0.999881313141191 0.014059172739942125 -1.3294978074984807 0.004923841047224082 -0.014028260285911033 0.9998894757512782 95.46414776210142
0.9999682656010032 0.00658575320257298 -0.0044828142488359 -0.7111986201039376 -0.006523176801777048 0.9998830328638616 0.013833609903864721 -1.338116537065214 0.004573395044843183 -0.013803928993488429 0.9998942622180602 96.75071944665544
0.9999527526755783 0.008586161418283255 -0.0045574358091882506 -0.7170100958854244 -0.008522817695113712 0.9998692626409077 0.013741150507957343 -1.3512767333444011 0.004674824123990744 -0.013701659361236494 0.999895199790867 98.09954441874122
0.9999392680106424 0.010195620007238415 -0.00418444641493483 -0.7404586016042395 -0.010137662163709225 0.999855497086758 0.013645979945647823 -1.3635984570308863 0.004322971352068575 -0.013602730973473443 0.9998981336328869 99.45583760173326
0.9999521677770354 0.008877841081262534 -0.004104396238769384 -0.7523154663835003 -0.008813307705762477 0.9998412954657928 0.015482554728416894 -1.3630207910721541 0.004241196883214148 -0.0154456411710864 0.9998717139877097 100.81338160542569
0.9999399813620915 0.010198767048188395 -0.004002348493455737 -0.7683912075668362 -0.010129734675071715 0.9998057836797044 0.016905129723798137 -1.3803543961439861 0.00417398301773525 -0.016863572716204922 0.9998490875111468 102.19421300353724
0.9999431588836685 0.009986946875426821 -0.00373361276142892 -0.7878942400040223 -0.00992692606620853 0.9998264777775476 0.01576294671347453 -1.3994557736293514 0.0038903889489103113 -0.015724987752892376 0.9998687862156365 103.49695133211424
0.9999378547780194 0.0105018485427641 -0.003741353762261872 -0.80528674429078 -0.010450704485947288 0.9998551046176927 0.013436984936533518 -1.4057043870887163 0.003881925176275943 -0.013397050384828312 0.9999027201235934 104.82297964786645
0.9999430166221366 0.00999692436964918 -0.0037449942736448483 -0.8184516744894008 -0.009951438412388979 0.9998787907538805 0.011973833641201161 -1.420741022472729 0.0038642421906216013 -0.011935883497898243 0.9999212980675481 106.15375866189277
0.9999684391203589 0.007054776796456509 -0.0036538837035633705 -0.8361430439472558 -0.007005125370160691 0.9998853039612969 0.013427849784705575 -1.429341065819849 0.0037481954277993586 -0.013401830349120701 0.9999031663049611 107.55839953350053
0.9999842147238848 0.0048155012469625336 -0.002895036496642119 -0.8351080621343764 -0.00476941046936153 0.999865023269441 0.015722212576457405 -1.435166670126938 0.002970356331741475 -0.01570815709532066 0.9998722072326469 108.86280992581507
0.9999947045771095 0.0025092094325674117 -0.0020723604261936976 -0.8529301972119694 -0.0024745234526599063 0.9998595830240333 0.016573803588683204 -1.4493454723668893 0.0021136567677415593 -0.016568588049108976 0.9998604974477421 110.19179806056368
0.9999938267188339 0.003204445614933892 -0.0014415423201284945 -0.8593592851695377 -0.0031810392100469114 0.9998676259015936 0.015956555456485246 -1.4522546622676353 0.0014924835502248281 -0.015951871667612125 0.9998716469091592 111.53086126540929
0.9999937060134004 0.0035236839794855323 -0.0004142192769638563 -0.8550397824845833 -0.0035179769746099274 0.9999086015431199 0.013054210026757853 -1.4703723354442781 0.0004601803779097219 -0.013052670910191883 0.9999147043733198 112.84059135420166
0.9999784865538615 0.006547428018909421 0.00039699237587077405 -0.8786094331940068 -0.006551489356397571 0.9999149516883584 0.011276851802739137 -1.4828944888208189 -0.0003231242554840219 -0.01127921031718056 0.9999363354778522 114.19012976886162
0.9999565013669477 0.009111401844129641 0.0019944204460946423 -0.8873201157109432 -0.00913312276368249 0.9998959394735534 0.011166750155206724 -1.4840608253882315 -0.0018924683091561775 -0.011184479929496217 0.9999356609171174 115.48883036525639
0.9999452494477826 0.009960088086838409 0.0032085407143293155 -0.9130704950784843 -0.010001507649308336 0.9998633500386447 0.013162488807297907 -1.4954131542151203 -0.003077002969400773 -0.013193858663435207 0.9999082228622443 116.80980781010834
0.999941755910664 0.009950106030176679 0.004180927958808185 -0.9130645682919112 -0.01001448121139013 0.999827078022068 0.01566921298338159 -1.499438293090328 -0.004024294981915423 -0.01571017048281781 0.9998684891501435 118.14438166170942
0.9999424207697344 0.009324130040266686 0.005311847991995592 -0.9036224070586084 -0.009411703427797765 0.9998161303095088 0.016707047152683754 -1.513315874862421 -0.005155093046629582 -0.016756079044924543 0.9998463176072264 119.53316961229669
0.9999230030244176 0.0107892362954157 0.006130284160797709 -0.9078695825791181 -0.010885735361080146 0.9998138153568878 0.01593221281312326 -1.5217620102803393 -0.005957246878484269 -0.01599771905070928 0.9998542814809225 120.89306002012282
0.9999080328482485 0.01123820427441077 0.007591349715408661 -0.9111207384608935 -0.01135113643937848 0.9998230485918098 0.01500077418709166 -1.5379611562500777 -0.007421425266496163 -0.01508556535489227 0.9998586640943659 122.12477123550514
0.999883723396297 0.012642076906648474 0.008527458860128949 -0.9242129469246856 -0.012772129188381103 0.9998002537571693 0.015372876354579937 -1.521067853340873 -0.008331411139475905 -0.015480002962945664 0.9998454666079188 123.47123436503558
0.9998534098488053 0.014152579111222436 0.00963656002399648 -0.9202010726766096 -0.014293952090026754 0.9997888452508549 0.014763057796243541 -1.5386221903320807 -0.009425590660583552 -0.014898638501480287 0.9998445823280424 124.83298206905631
0.9998342065185967 0.01464709778691927 0.010817669372995078 -0.9190966043345197 -0.014798416090924662 0.9997918792572876 0.01404297278173983 -1.5401055297061024 -0.010609730082101893 -0.014200729203383415 0.999842874114025 126.1570618126099
0.9998336895052625 0.01396561232299413 0.011728383251057057 -0.9098455663275811 -0.014128406187895001 0.9998033744311894 0.013914044865689883 -1.551284394362213 -0.011531759958614534 -0.014077434455273896 0.999834408464992 127.47413755314989
0.9998095590785347 0.014625060943830752 0.012921034616633832 -0.907070298140077 -0.014817446847805246 0.9997788764363624 0.014921177304496007 -1.5622350941084355 -0.012699955405938216 -0.01510979274406393 0.9998051836714663 128.79361236945672
0.9998394425559516 0.011720118121853359 0.013554627174721872 -0.9004909055145065 -0.011936234876927306 0.9998011490567122 0.015974625598600724 -1.5590346205457248 -0.013364708442501736 -0.01613385228325981 0.9997805176039098 130.210046481706
0.999850193994157 0.010342411814198735 0.013878907338192057 -0.889780918932012 -0.010576150603829812 0.9998016720305123 0.016874882508911376 -1.5627649695082546 -0.013701628923288214 -0.01701914029659552 0.9997612786215172 131.50809362969397
0.9998497001790297 0.010376398501394032 0.013889110379183934 -0.8722521562700123 -0.010614579624761741 0.999795960268645 0.017186289478467964 -1.583416178167711 -0.013707945805561469 -0.017331133788649897 0.9997558322041242 132.88306142043706
0.9998792586965799 0.007590690656138009 0.013559108852113113 -0.8702012837196638 -0.007835758451669358 0.9998052364923963 0.018113254248455196 -1.5798360844068033 -0.013418977042556745 -0.018217313486257058 0.9997439975052381 134.1877600305021
0.9998987421912395 0.005494862355066617 0.01312676070871242 -0.8479895918854382 -0.005733320584044783 0.9998179688304408 0.018197753739590233 -1.579810363888697 -0.01302437816343637 -0.0182711713560167 0.9997482332436464 135.54240322039573
0.9999134036762116 0.005109317250009866 0.012127655256342273 -0.838755961510185 -0.0053246665926840585 0.9998275405302809 0.017791490228779874 -1.5951739277904813 -0.012034662362385755 -0.01785452561794276 0.99976816453563 136.88621389236985
0.999932528629439 0.0036505617234263345 0.011027764398870649 -0.8297404851985235 -0.0038586679373627582 0.9998137602730058 0.018909136628424108 -1.594733413918105 -0.01095668253153995 -0.01895041365134707 0.9997603877594956 138.23220003274014
0.9999503751159112 0.0005234554506303307 0.009948532853525543 -0.8213257168595451 -0.000714725912960395 0.9998147891826598 0.019232173298672568 -1.5925506893604846 -0.009936623915942747 -0.01923832975001981 0.9997655476041855 139.58438741007947
0.9999610434597519 -0.0016730999501344806 0.008666735770005138 -0.8134342822074119 0.0014996015789256103 0.9997991181987371 0.01998685646395064 -1.585543378603704 -0.00869843550795082 -0.01997308157982755 0.99976267845688 140.90740685286818
0.9999711289682485 -0.00017191670480665167 0.007596820495831133 -0.81357281649917 2.8606426013690067e-05 0.9998221227859861 0.018860592774148432 -1.607479957602882 -0.007598712272465584 -0.018859831296895162 0.99979326179857 142.25849986707823
0.9999794174459572 -0.0002438573065632367 0.006411335648250296 -0.8176282563383623 0.00012476957547445482 0.9998275845240708 0.01856840455755234 -1.5969628773881022 -0.006414758802998774 -0.01856722279327974 0.9998070359374401 143.61540737476219
0.9999853732124688 -0.0004465486547318258 0.005390172718075207 -0.8159840776760283 0.00035821439997137626 0.9998658093465114 0.016377880638974728 -1.618283027494035 -0.005396763370664909 -0.01637571056373297 0.9998513444758707 144.9575363398465
0.9999862634907389 -0.0027408353733919984 0.004467735490786876 -0.8266502851872057 0.002669161866958805 0.999868904067481 0.01597029250896305 -1.6345792034891642 -0.004510922099606073 -0.01595814833244781 0.9998624850875653 146.28238150187087
0.9998849662881741 -0.014828544993232086 0.003188801999582225 -0.8131186916184385 0.014764740477671172 0.9997070316450514 0.019179502046814765 -1.6094713057600525 -0.003472272167482155 -0.019130214286422583 0.999810971250437 147.6281565737897
0.9997226023398132 -0.023483229147115356 0.0018045289422577335 -0.7883112800037624 0.023440600205434682 0.9995082442422547 0.020828056573587148 -1.6104047834361723 -0.0022927517551848894 -0.02077998006767194 0.9997814439796081 148.9661121641118
0.9996663493694478 -0.02581988293540244 0.0007235906565584576 -0.777134659964881 0.025802114125648402 0.9994962357407675 0.018480412315591374 -1.6129323721646793 -0.001200388304590869 -0.018455576488698642 0.9998289607587098 150.30522081458224
0.9996515383519506 -0.02636935090139857 0.001207974830539627 -0.7859046694402921 0.026348218106386666 0.9995395894033771 0.015045950092390976 -1.6181103294610182 -0.0016041707251510005 -0.015008879445871823 0.9998860735995142 151.65355260902479
0.9997851176960465 -0.020643947746251712 0.0018830463393349614 -0.8066849533365318 0.02061844128895536 0.9997069303587637 0.012685947382346612 -1.6340162638046472 -0.002144382679926703 -0.012644396148033506 0.999917757053496 153.00287536929702
0.9997578507729976 -0.02182634433085493 0.0028018777964160958 -0.8116956319940862 0.02178987065708316 0.9996850745996817 0.012448017929399362 -1.637884470391707 -0.00307269038748787 -0.01238395132158699 0.9999185948486877 154.38022234661594
0.9997006063072665 -0.024231411480236706 0.003396535318880634 -0.8021049676354453 0.024171800064270436 0.9995697812831003 0.01661253799928424 -1.6356614473966327 -0.0037976196155355014 -0.0165254642416355 0.9998562332254428 155.6827534813789
0.999478475102515 -0.032052958725847555 0.00392245254348023 -0.7988754766820402 0.03196999325042383 0.9992957021630774 0.019647370686831978 -1.6453359486779675 -0.0045494466965169955 -0.019511723668868886 0.99979927744473 157.01563911783347
0.9994440128321852 -0.03312303428143707 0.00381179764648378 -0.7856259892279046 0.03303600415933646 0.9992336857678897 0.020991990435405773 -1.6499037181083955 -0.004504195391712529 -0.02085439297723682 0.9997723773557055 158.3514077560761
0.9993051810401243 -0.03709494509339199 0.003622177590809931 -0.7815462945873364 0.0370069329538162 0.9990745678994313 0.021920189490487865 -1.641857286459486 -0.0044319540909568845 -0.021770913641111268 0.9997531620901068 159.70234497851243
0.9993116869024864 -0.036786476965309824 0.00478617907523686 -0.7772434634057179 0.03667057395631436 0.9990764989867095 0.022392369102809794 -1.6294081149150794 -0.005605495857050178 -0.022201444613026335 0.9997378027662435 161.09378440654666
0.9993947174489056 -0.034275963714125536 0.005946177970048129 -0.7875247484233193 0.034145171034038684 0.9991992394638479 0.020856345788449256 -1.6377549425059519 -0.006656288399966718 -0.020640688917677428 0.9997648002356633 162.42442909345692
0.999563295757606 -0.028745980485129125 0.0068473629890924825 -0.7986960623621951 0.02861061035114261 0.9994079604954831 0.019109198600658482 -1.644003969646405 -0.00739262233700511 -0.018904946642758384 0.9997939548377395 163.76574037165977
0.999600850473829 -0.027225119413786546 0.007545369966463576 -0.8004282385146915 0.027082493557069313 0.9994638320136672 0.018400734614861348 -1.638536174976116 -0.008042287240686568 -0.01818904286798981 0.9998022206103454 165.110195045752
0.9996351060447923 -0.02585625080643677 0.007817228576971567 -0.7956243060414349 0.025700459262214773 0.9994811752209766 0.019413056542328826 -1.6452576093285034 -0.00831512234917938 -0.01920506682274102 0.9997809880925767 166.46527803050773
0.9997041864224717 -0.023101902306439676 0.007605377636239146 -0.7915511043297744 0.022945133634831583 0.9995347990505394 0.020092444259041917 -1.6469488841945525 -0.008066013955551668 -0.019911994603240307 0.9997691993121122 167.8026996206834
0.9997714363186996 -0.020113478887638384 0.007247282350620181 -0.7948553848230152 0.01998496782332076 0.9996490539537192 0.017388788805599166 -1.6485928658140163 -0.007594488608433176 -0.01723997797365868 0.9998225377052996 169.1778396963655
0.9998349786644078 -0.016927729767328634 0.00659298259366892 -0.8023858892411058 0.016831236607531535 0.9997542661037093 0.014426256166688894 -1.661035087222228 -0.006835566805158209 -0.01431290774023281 0.9998741999360553 170.59243165784392
0.9999426094143825 -0.008567766701230078 0.006432049972998647 -0.8102383879454028 0.00847701131285166 0.9998659624268927 0.01400704981892902 -1.6698963777140876 -0.00655119751340122 -0.013951721648844694 0.9998812085809706 171.9374115536984
0.9999434782990628 -0.008249152836160092 0.006707585269547489 -0.813876491410522 0.008148707616651343 0.9998562771551274 0.01486686189251687 -1.6579108809399896 -0.006829260816838523 -0.014811363721073868 0.9998669835038374 173.30435047494234
0.9999707087056637 -0.0014983407080815664 0.007505778763130258 -0.8211910537204572 0.0013695282297953495 0.9998522021299215 0.017137627554585335 -1.6812003126086077 -0.007530348052477673 -0.017126846525676472 0.9998249671754764 174.69750839765013
0.9999707577695667 -0.00021245299434024222 0.007644506301487171 -0.8265853220065236 6.421487873868419e-05 0.9998120624372705 0.019386481662553936 -1.6832783887633622 -0.00764718895829697 -0.019385424243236447 0.9997828393361051 176.07655890663818
0.9999663273455726 -0.004626048590173661 0.006778190178125955 -0.8185306070372771 0.004485822333148284 0.9997785764733829 0.02055907113393339 -1.6715908183572306 -0.006871797153255014 -0.020527973494020323 0.9997656628992778 177.40236288675996
0.999968353466528 -0.0059980334032314845 0.005226439884228833 -0.8207028744770479 0.005888670117809613 0.9997684923823861 0.02069505219394334 -1.6758650866178202 -0.0053493599729247734 -0.020663620885239677 0.9997721736100915 178.822854095985
0.9999788960750408 -0.005703961016125988 0.0031100232139272643 -0.8158097766599715 0.0056498224850102426 0.9998370117190308 0.01714728805257172 -1.6866498036803883 -0.0032073240359980905 -0.017129355429045257 0.9998481375984453 180.1829758504102
0.9999906146227218 -0.004099611163156448 0.0014013787303012166 -0.8260799479349852 0.0040812727343105416 0.9999091357261372 0.012847703834016651 -1.7017197650619111 -0.0014539220972984396 -0.01284186409345347 0.999916482832465 181.51796045607867
0.9999992213045098 0.0003708805998247737 0.0011915699922923715 -0.8497893842092352 -0.00038486970234895713 0.9999307589106831 0.011761345838444034 -1.6923452852462335 -0.001187125522518151 -0.011761795510263701 0.9999301230095845 182.91333865464475
0.9999939927541257 0.003356026740645012 0.0008669113273366647 -0.8667622083286577 -0.0033675998609280196 0.9999003128713726 0.013712169467071753 -1.6947168094563245 -0.0008208065585311774 -0.01371500677738304 0.999905607980089 184.29803211078806
0.9999922624303248 0.0038147047488213378 0.0009607816614696006 -0.8721141421875708 -0.003830114728728481 0.9998551566646552 0.016583000684093907 -1.6932930156352688 -0.0008973833098870564 -0.01658655260506877 0.9998620309733772 185.7230804253522
0.9999706801844366 0.007505906506686014 0.0015166163813906388 -0.8811074917912861 -0.007533270777067167 0.9997925498095546 0.018923720110260677 -1.719945992738304 -0.001374262186479654 -0.018934590729966894 0.9998197801028785 187.10699428327797
0.999984388899696 0.005345628174031582 0.0016267169517310842 -0.8964092364736065 -0.0053775969241983985 0.9997789229919214 0.02032699171058213 -1.7007916414343194 -0.0015176968946530604 -0.020335422615613757 0.9997920619768385 188.4523051284143
0.999991614464851 0.003861161100343234 0.0013647086207223943 -0.9071278791837176 -0.00388855607356013 0.9997786662992949 0.020676013649433344 -1.710002060018648 -0.0012845732372476634 -0.020681147425518662 0.9997852969623604 189.83549581425578
0.9999983194934058 -0.0010934003146519256 0.0014715603585342034 -0.898584068525013 0.0010613711880374192 0.9997662799757046 0.021593028991253455 -1.688901962779624 -0.0014948263589659066 -0.021591431255765108 0.9997657603661152 191.36458831744287
0.9999952608587669 -0.0024309763670078872 0.0018890791606366248 -0.9068782806173487 0.002388973036848931 0.9997567023394406 0.02192781154882359 -1.6962436193502204 -0.001941925690040363 -0.021923195099304914 0.9997577718882522 192.81565752911715
0.9999861572673459 -0.00480088205727202 0.0021533263536745286 -0.907219807542228 0.004750852436328298 0.9997317965084723 0.022666372267761085 -1.69329604009799 -0.0022615675765032023 -0.022655828808498334 0.9997407657703872 194.19255082685055
0.9999371783520787 -0.010921685797728727 0.0025211390263131708 -0.8954269297066746 0.010856739606553409 0.9996414136730098 0.024478056503904767 -1.6758898894306493 -0.0027875768375321217 -0.024449147873393622 0.9996971884500836 195.6511884043983
0.9998877841151952 -0.014747385094038192 0.0026332154203443066 -0.8944858671633851 0.014677111023157713 0.9995805906134393 0.02496447988422716 -1.6673616519870147 -0.0030002720560351817 -0.02492303095545417 0.9996848708004128 197.04724906563095
0.9999174123276551 -0.01250897527487034 0.0029485717798310553 -0.9095319545554053 0.01244324804834333 0.9996947326777046 0.021344952864600898 -1.6686968060998626 -0.003214675418447549 -0.021306500632337664 0.9997678224970156 198.4618169040547
0.9999854138778267 -0.004237746040891411 0.0033486639126181677 -0.926750241033037 0.004183762248609247 0.9998637678320503 0.015966900055730475 -1.6748404925395395 -0.0034158716598653048 -0.01595265745531148 0.9998669134158579 199.9036164138849
0.9999573468090632 0.007903085385158354 0.004779727235674761 -0.9413877332903532 -0.00797865433937879 0.9998401036186818 0.016003383405374254 -1.6806325766295602 -0.00465248724981427 -0.016040836919881053 0.9998605132292818 201.3466746497603
0.9999477774947289 0.008151447738179754 0.0061641034849264295 -0.9640566377445258 -0.00826066772808919 0.999805553262508 0.017905782391047967 -1.6518875850280597 -0.006016947340266421 -0.01795576727221006 0.9998206773060969 202.76510738922195
0.9998773280365458 0.013991274811916829 0.007040815205609225 -0.9576301481384507 -0.01414043548123718 0.999666666136492 0.021601035237529362 -1.6672514543493426 -0.0067362427959129275 -0.021697946022167906 0.9997418777749126 204.21839364159607
0.9999086755844067 0.01193890379305737 0.006332696494326044 -0.947559081921044 -0.012079628114615246 0.9996700309008518 0.022669625466710905 -1.6566850430588742 -0.00605995691726198 -0.02274405224751703 0.9997229541309897 205.61119683988449
0.999944490380701 0.00918904610877604 0.0051553442277332915 -0.9448547805134923 -0.009303869968513227 0.9996988168588716 0.022709328078407674 -1.658724671780567 -0.004945114862331029 -0.02275603259611512 0.9997288176436027 207.0510282123995
0.9999752170412473 0.005714576823878447 0.0041120443191046884 -0.9421865844648014 -0.005804674288164475 0.9997357471007307 0.022242790383115392 -1.6495869943137027 -0.003983849884166878 -0.022266108658880002 0.9997441419449119 208.50744633400427
0.9999650898586052 0.007412368807115818 0.0038569212799868897 -0.9480829200289342 -0.007494635583600064 0.9997348876559063 0.021771192994483525 -1.6477421564569077 -0.0036945229458435857 -0.02179933961085248 0.9997555397698031 209.9745475380378
0.9999605620596517 0.00818863978524725 0.003438094007299827 -0.9512400935579597 -0.00826241715259349 0.9997233252823933 0.022022837105273495 -1.645636030802643 -0.0032568059515077786 -0.022050375975061043 0.9997515562091952 211.42437021887852
0.9999437305787878 0.010037434773051914 0.003433010449394487 -0.9592639420969916 -0.010113618895018772 0.999685571222797 0.02294500841247077 -1.6382703392250315 -0.0032016222395195807 -0.022978437927454208 0.9997308342823108 212.88863924989124
0.9999551084583519 0.008975778136784685 0.003035862138296442 -0.9734438293483431 -0.00904285126127382 0.9996979437215822 0.022852749642493054 -1.6399416102763784 -0.0028298241477754185 -0.02287917705260851 0.9997342323649493 214.33634192404568
0.9999622769219211 0.008232569048176932 0.002769390870490029 -0.9764424183751423 -0.008291756928026467 0.999721680285947 0.022086392606258113 -1.6303314135673244 -0.0025867925435934308 -0.02210852299543268 0.9997522301672694 215.79911490596925
0.9999869442705358 0.004536334770389628 0.002352222298908218 -0.9752222727395573 -0.00458597267114362 0.999757363330224 0.021544913976917657 -1.611963997473405 -0.0022539167945373768 -0.02155542034601724 0.9997651142752273 217.2577760242471
0.9999530303448037 0.009457117517205654 0.002121323687899579 -0.9712138086683096 -0.009502141542104546 0.9997055774494112 0.022326390904021977 -1.6321126610099643 -0.0019095559638418738 -0.022345499805189194 0.9997484844923006 218.74947049388814
0.9999649509430579 0.008231583805330194 0.0015290185932235005 -0.9957770529359753 -0.008263857426865768 0.9997135986631449 0.02245950384634605 -1.6178312820639378 -0.0013437034881099682 -0.022471352701687018 0.9997465842800995 220.19009628765107
0.9999643046773868 0.008333983744340068 0.001390708423792196 -1.0120601210501499 -0.008362786811291196 0.9997190193410049 0.02217985955255973 -1.6172028768345548 -0.001205471157200901 -0.022190698476154437 0.9997530293784389 221.6622274731624
0.9999433223874089 0.010606951087333507 0.0009190093816090264 -1.0160875504586375 -0.010624522224068976 0.9997041983104655 0.021877737995418433 -1.6145905203228939 -0.0006866814813402487 -0.021886262491994646 0.9997602312524917 223.16305803838466
