1.0 -3.469446951953614e-18 0.0 -1.7787691892340307e-19 0.0 0.9999999999999999 -3.5405977195229754e-19 0.0 2.168404344971009e-19 -2.354751593366955e-19 1.0 0.0
0.9999998969885511 -0.00026474302925261553 -0.0003686921016190397 -0.003530990051779287 0.0002650404861142281 0.999999639311683 0.0008069259544484555 -0.02394745304045122 0.0003684783724283167 -0.0008070236056629696 0.9999996064685662 1.3207348833913433
0.9999995878995758 -0.0007975411351546866 -0.0004337388537907828 -0.013155284574081116 0.0007980572475715063 0.9999989723999403 0.001190924954792013 -0.03912420613935407 0.0004327886340374954 -0.001191270635668234 0.9999991967842471 2.6240783525766926
0.9999982296240949 -0.001639278206937371 -0.0009238596445085224 -0.01453982982818849 0.0016400441092529593 0.9999983117020073 0.0008287616281134215 -0.07364443773743974 0.0009224995926282184 -0.0008302753473216642 0.9999992298191838 3.9438350081712517
0.9999972700774754 -0.0022954685489954395 -0.00043665140182271 -0.027381182085945643 0.0022958943948585674 0.999996887240522 0.000976921005748622 -0.09003129915008735 0.0004344075888518043 -0.000977920862206597 0.9999994274806694 5.261322144737793
0.9999960835555326 -0.0027045416475870235 -0.0007199519805754376 -0.027180969420996112 0.002705615061236318 0.999995223896612 0.001493930030675378 -0.10865622430106345 0.000715908207925746 -0.0014958721206986285 0.9999986249207665 6.581765689919609
0.9999925884392887 -0.0038186753979479737 -0.0004907027554641042 -0.03346166933788111 0.003819842886471957 0.9999898238521084 0.0024002055863252903 -0.1414669402641727 0.0004815321988871689 -0.002402062249298138 0.9999969991079418 7.915088699097544
0.9999925002144121 -0.0038532856401542245 -0.0003894989136672671 -0.04901362891621664 0.0038544241648362353 0.9999881755347467 0.0029651642752421665 -0.1616706929954224 0.0003780687177550115 -0.0029666433870003226 0.9999955280361136 9.232898488783867
0.9999937267733525 -0.003405770105101718 -0.0009732148548055504 -0.044376699348695224 0.0034077153359498846 0.9999921858584156 0.00200391945040443 -0.18542719626947743 0.0009663824445431822 -0.002007223356290292 0.9999975185775619 10.564262460221752
0.9999992450975761 -0.0009489341987180249 -0.0007805949036170472 -0.06700710585596818 0.000948855371591081 0.9999995446922588 -0.000101426260448278 -0.20138508297138302 0.0007806908610104688 0.00010068551428970485 0.9999996901926721 11.88703947951243
0.9999964832658618 0.0025262775338110556 -0.0008070761523678949 -0.06513421987983442 -0.0025271167553314417 0.999996265720758 -0.0010403028855160382 -0.2300202272574607 0.0008044451116773379 0.001042338820669981 0.9999991331991298 13.224488842888382
0.999986985642926 0.005052887561695069 -0.0007048837243533992 -0.08757139564867877 -0.005053549869721346 0.9999867884315634 -0.0009405349742234952 -0.2495420823807465 0.0007001220523270293 0.0009440849129873054 0.9999993092666571 14.569255476090582
0.9999843504203914 0.005591047392037858 -0.0001977168098845723 -0.11110767700296155 -0.005591113188356031 0.9999843145113343 -0.00033195750037419305 -0.27831143852383866 0.00019585773439786828 0.0003330577645656021 0.999999925356264 15.91468735363629
0.9999918138060739 0.004046270883864833 2.2649571367505845e-06 -0.10487912787480788 -0.004046263680601487 0.9999885360948029 0.0025603586379563986 -0.3051997292539379 8.094975935558218e-06 -0.002560346896546336 0.9999967222739924 17.259107074572317
0.9999999391069002 -0.0002892211459157336 0.00019528974751863572 -0.114134700535427 0.00028828942931810424 0.9999886564612108 0.004754349225434583 -0.33131933518893175 -0.0001966626033127793 -0.004754292729281484 0.9999886789485435 18.619095872292704
0.9999966966496863 -0.0025554251606622162 -0.0002765777810167067 -0.10556331328580071 0.0025562116204530232 0.9999925829800017 0.0028809309012405434 -0.3650071566981646 0.00026921375159024027 -0.0028816284309129627 0.999995811862487 19.960800954453223
0.9999940329426164 -0.0034544564541226543 -2.8540724404950814e-05 -0.11238875113543316 0.003454471678013219 0.9999938856639207 0.0005433739726740864 -0.3672909253109615 2.66634911037691e-05 -0.0005434693315434379 0.9999998519651212 21.30994816187046
0.9999990166791517 -0.0013639968493629768 0.00032581576695696096 -0.1276771664094293 0.0013641664575664621 0.9999989339901529 -0.0005206403726176967 -0.41941920563620394 -0.0003251052956115346 0.0005210843391809511 0.9999998113885346 22.66127922722455
0.9999987811840682 0.0011721024143178816 0.0010314096184229537 -0.13546824433417146 -0.0011728394133597268 0.9999990572068476 0.0007141673588361649 -0.41371969388232566 -0.0010305716553198289 -0.0007153761804079611 0.9999992130784909 24.031609851433796
0.999996469537428 0.0017359605591841997 0.0020118035029141235 -0.14961742141944467 -0.001747362489444063 0.9999823441017163 0.005679631219565146 -0.43477551177890733 -0.0020019085316101276 -0.0056831266295290575 0.9999818470515368 25.419027963885334
0.9999979950474378 -0.0002531692384293016 0.001986406191421193 -0.1368844612082866 0.0002406662286460158 0.9999801761286389 0.006292012991594299 -0.45518012614125153 -0.001987959920175356 -0.0062915224377119135 0.9999782321429159 26.79492796711386
0.9999887038013445 -0.0043254699231999 0.0019704284224583823 -0.1429846946109373 0.004314507076361756 0.9999753767927536 0.005534512602593061 -0.4863092373003543 -0.001994319435745454 -0.005525948760247397 0.9999827431405504 28.15921361141427
0.9999894149484637 -0.004182699276112848 0.0019170357571879515 -0.15219079984451891 0.0041762231070912766 0.9999856010052289 0.0033700054074606808 -0.4999342389681689 -0.00193110403315195 -0.0033619638282432023 0.9999924839889824 29.520886772326687
0.9999866879364417 -0.004497952348976977 0.00252831641884104 -0.15608564019729745 0.004494511609732134 0.9999889679581592 0.001365035218611235 -0.5422193159262751 -0.0025344286024839196 -0.0013536535208524701 0.9999958721368204 30.909671087118344
0.9999936046641867 -0.0019620568447234546 0.002990145553558001 -0.16460684794475727 0.001961167891867307 0.9999980318348589 0.00030023977758037167 -0.5414168892903811 -0.0029907290083355615 -0.00029437368186045954 0.9999954844299801 32.29791803434866
0.9999935563225061 -0.0005484883872765751 0.0035477428314291673 -0.16757731307993673 0.0005547799138504554 0.9999982749852124 -0.001772637904236069 -0.5865318865399624 -0.00354676474135277 0.0017745947366745944 0.999992135603503 33.67706503596497
0.999992627188524 -0.0003436539481756831 0.00382458830847338 -0.18482072645726758 0.0003490767461941293 0.9999989347096949 -0.0014172947790978914 -0.5913134986374551 -0.0038240974995284354 0.0014186194358288382 0.9999916818616281 35.06984317440281
0.9999947708050291 -0.0002471926802128134 0.0032244786917207894 -0.1798790330209775 0.00024662538347887224 0.999999954040597 0.00017633576509586328 -0.6310561684589564 -0.0032245224047745633 -0.00017553960535416054 0.9999947858049425 36.46515334123806
0.9999947407229961 0.0009173607376272274 0.003110784149113888 -0.193879650718392 -0.0009220116501444161 0.9999984589735512 0.0014939699954592087 -0.6458770341042455 -0.0031094091075109863 -0.0014968303451574469 0.9999940455173795 37.866129842965
0.9999926607059115 0.0028714891656605067 0.0025363521865835346 -0.18832942211242262 -0.0028764134747366003 0.9999939814815176 0.0019399100847386705 -0.6644348620599092 -0.0025307667031884643 -0.0019471914832917098 0.999994901818113 39.26169518274981
0.9999790952645602 0.005565782868671093 0.0032910618327064824 -0.21355115333370628 -0.0055730652624687346 0.9999820334458154 0.0022076548238948715 -0.7002221958718863 -0.0032787156518997987 -0.0022259500212978033 0.9999921475523952 40.655409522034155
0.9999587122002369 0.008526724526317439 0.003141472438331884 -0.21780033717987862 -0.008535144367700542 0.9999599931493895 0.002676458362886789 -0.7281415189803427 -0.0031185255966389765 -0.00270316083586899 0.9999914838218077 42.08088450168405
0.9999570774681283 0.0088050007760581 0.002883603143456044 -0.22514520306522967 -0.008812900791382607 0.999957416394379 0.0027382834659722207 -0.7374721718219452 -0.002859370001153337 -0.002763578899223695 0.9999920932845857 43.466592062056456
0.9999626092602192 0.00827585197311444 0.002508055225218573 -0.23532528175652218 -0.008282559879152987 0.9999621188057823 0.0026758498998515857 -0.7635367452461777 -0.0024858154878310305 -0.002696523022890177 0.9999932747184653 44.89835179570312
0.9999663169694372 0.008035435196856695 0.001672331557278596 -0.2294592889482733 -0.008039080235325619 0.9999653008255245 0.002184113262420862 -0.7964005844221107 -0.0016547233667406115 -0.00219748375055526 0.999996216469757 46.295098052038284
0.999969195995358 0.007815417627415335 0.0007254599190301169 -0.2414223375836817 -0.007817486540374822 0.999965256627904 0.002893519893314108 -0.8274836928531861 -0.0007028207052693989 -0.002899102097020374 0.9999955506149049 47.726211783870006
0.9999695564896851 0.007799397612946985 -0.00023552854945809083 -0.2492925846041409 -0.007798480715554081 0.9999628466008524 0.003672755406399367 -0.8428630624392612 0.00026416510332408195 -0.0036708069085198843 0.9999932276743737 49.123577255886374
0.9999610874188097 0.008731555602460441 -0.0012583972914094283 -0.2579996499441828 -0.008726665716308014 0.9999545460928657 0.003840712429007111 -0.8726451121299668 0.001291875598187042 -0.0038295814476908014 0.9999918326498014 50.554336438019874
0.9999581960800932 0.008802803279717102 -0.0024732009657012608 -0.26592191642466 -0.008792705553866843 0.99995308212623 0.004064713235342076 -0.8875326516445584 0.0025088660141083198 -0.004042797274994102 0.9999886806293233 52.005381305832614
0.9999494634442064 0.009451506335506975 -0.0034263038728867407 -0.28550300551872354 -0.009433671377800271 0.9999420601921051 0.005184797288018036 -0.9173683463385848 0.0034751097951685895 -0.005152212753058121 0.9999806889751666 53.41550359412473
0.9999590847885778 0.007940668515763607 -0.004332955929551289 -0.29519224976792907 -0.007914765491177252 0.9999508982929984 0.005963011454471309 -0.9351463063903184 0.004380093845787761 -0.005928473273024127 0.9999728336272026 54.86567080572967
0.999974658558337 0.005186834235508795 -0.004876368740468478 -0.29961240867618155 -0.00515288609191563 0.9999625802026718 0.006948810509743232 -0.9468969913802624 0.004912229016387061 -0.006923507188633463 0.999963966883705 56.264362290503996
0.9999799852364575 0.003662026860661049 -0.005159328327415181 -0.324630863893129 -0.0036278021954621407 0.9999714578424328 0.00662740949910851 -0.9708274929106321 0.005183451263819687 -0.006608559967714642 0.9999647287680525 57.690529265316044
0.9999838048037546 0.0027694873449268806 -0.004971926723917759 -0.3502909457994949 -0.0027347464115793666 0.9999718950609978 0.006980705779752779 -1.0011944478890893 0.004991120391794828 -0.006966995910583998 0.9999632741740662 59.13610877633487
0.9999843797014357 0.0027391905958461605 -0.004872081034419853 -0.3469223804127992 -0.0027011492397890314 0.9999659501811966 0.007797581265084375 -1.0333150137324092 0.004893274621867701 -0.00778429940605869 0.9999577293856252 60.53974309147851
0.9999906203108457 0.0006322988674744455 -0.00428479629683141 -0.3668917244591307 -0.0005960218680347625 0.9999640152136111 0.008462448477612253 -1.040882619422296 0.004289993275295919 -0.008459815440897262 0.9999550127336431 61.99871208186843
0.9999900613353477 -0.0017935830623457428 -0.004081701284713296 -0.36800769144011247 0.0018276084121212118 0.999963487759281 0.008347633829443 -1.0624268187472818 0.0040665804285618615 -0.008355010783323052 0.9999568274323709 63.40147980678612
0.9999906858241026 -0.0023720812593371263 -0.0036057582302118476 -0.3855574180626268 0.0023987495647847107 0.9999696703843197 0.007409744018077316 -1.0851842795734996 0.0035880726634294723 -0.007418324460719411 0.9999660465263154 64.81075538179012
0.9999931038092236 -0.002591387154730668 -0.0026602717379564365 -0.4029883176512059 0.0026109887358950045 0.9999692748076475 0.0073913579696411385 -1.1050770544372046 0.0026410363598641405 -0.007398253082950584 0.9999691449164868 66.2615291816001
0.9999969267535326 -0.0010066287851892407 -0.002265652146338692 -0.4091475866694345 0.001022809109591358 0.9999739028204905 0.007151750549445062 -1.1240553227110308 0.002258394057964279 -0.007154046042077846 0.9999718592477477 67.63725941266112
0.9999971385368 0.0018276028862572857 -0.0015436256497414673 -0.4303004398086754 -0.00181418177827813 0.9999609275697633 0.008651709587790274 -1.144697259940798 0.0015593773646176898 -0.008648884586849839 0.9999613818257661 69.10836477516136
0.9999873972582032 0.004973203666509756 -0.0006874294633293274 -0.4442367051364755 -0.004966289149480673 0.9999404357732619 0.009719098934287051 -1.159682908690647 0.0007357236452985485 -0.009715562669404997 0.9999525321519473 70.46601991983182
0.9999558048665855 0.009392918408628685 0.00040171754460133343 -0.4725450787016844 -0.009396748041034946 0.999896157552026 0.010925898405825044 -1.1893806776817226 -0.00029904977402629165 -0.01092919059519872 0.9999402298965381 71.91888254442703
0.999916377924575 0.012912986896580162 0.0007013535621918426 -0.47567057169877736 -0.012919635372796747 0.999861541973456 0.010487131750129048 -1.1947838512480202 -0.0005658362994176061 -0.010495316242987943 0.9999447625589034 73.28931989677648
0.9998593913598164 0.016700697435512578 0.0015113476148248836 -0.49351426749904814 -0.01671514927599739 0.9998091202967504 0.010115670901133113 -1.214284332087582 -0.001342120476393898 -0.010139511162942214 0.9999476931457338 74.67655333331862
0.999839115007463 0.017786813892412164 0.0023180393213174666 -0.5074205346071186 -0.01780929335246623 0.9997907214456001 0.010066897609056612 -1.2226653026389511 -0.0021384963447694284 -0.010106560849670366 0.9999466407072084 76.128261604889
0.9998271026634237 0.018418240724321244 0.002556000721225646 -0.5090758041477463 -0.01844402554798088 0.9997751789152307 0.0104599041483872 -1.239385078253149 -0.002362773238094914 -0.010505238820666054 0.9999420269497398 77.49861485103705
0.9998401875877336 0.01766409044176983 0.0027530252442954247 -0.5166956066994322 -0.01769286197782087 0.9997851149678625 0.010802155745653526 -1.2701405699312565 -0.0025616236130895018 -0.010849138548036904 0.9999378652084353 78.89731252501173
0.9998561033361231 0.016811554320918902 0.0022680873397237684 -0.5158978976309618 -0.01683252875129745 0.999812534856441 0.009568759699164696 -1.2749861649045149 -0.002106796600227131 -0.009605560632410925 0.9999516461375795 80.27307969316333
0.9998601550788516 0.01658012175884791 0.002183988621457333 -0.5274156691585398 -0.016600848948654046 0.9998137672680292 0.009840865656918104 -1.3035363129340498 -0.0020204193042439294 -0.009875745732752806 0.9999491924855644 81.66428765389011
0.9998750615250983 0.015702729102601037 0.0018126223748983002 -0.540133292358869 -0.015720634692803135 0.9998230951157551 0.0103266720610606 -1.3123232820305584 -0.0016501449112738928 -0.010353877651352842 0.9999450356097277 83.05050964608134
0.9998687796268698 0.016124632635617316 0.0015555413612699134 -0.5534744326508686 -0.016138666012446286 0.9998248700082596 0.009474851564025834 -1.3246549962577148 -0.0014024905503942264 -0.009498712831394968 0.9999539026754489 84.41988464434779
0.9998802583731635 0.015456449912171988 0.0007530154038587671 -0.559891307447334 -0.015463035932519562 0.9998333170743776 0.009707349022943462 -1.3282044471280714 -0.0006028487791218018 -0.00971783075631265 0.9999525990470816 85.82431599398986
0.9998756833320264 0.01576080874206823 -0.00046340763782685783 -0.56676180640583 -0.015755187338704214 0.9998225701458006 0.010324840770921004 -1.3495697574487664 0.0006260533164515773 -0.010316256362884807 0.9999465900318845 87.18049414686976
0.9998941656902827 0.014466797364063134 -0.0015392052829083058 -0.5746287331648408 -0.01444801637842104 0.9998285177800684 0.011584035955177104 -1.3638119661024983 0.001706525390066446 -0.011560571743916889 0.9999317181483612 88.56833627848661
0.9999257593322688 0.011896169969842173 -0.0026375994165107105 -0.5799824613360921 -0.011862849972842178 0.9998538838634066 0.012307872981733133 -1.3881595923412648 0.002783630814055433 -0.012275670044184398 0.9999207765288498 89.94877688237816
0.9999342242008709 0.010903736314372811 -0.003557495499537434 -0.5921976932146953 -0.01085754815866857 0.9998597110065188 0.012754292379781257 -1.4019897450963423 0.003696066185003887 -0.012714828039260826 0.999912332284427 91.32259023483236
0.9999417416854247 0.010054501167758969 -0.003926857670342933 -0.6052736682811304 -0.010006187132780129 0.9998762969484563 0.012135363107449284 -1.4140877529229963 0.004048387279871464 -0.012095363498344709 0.9999186530685662 92.69640653464104
0.9999567796859139 0.008321454396073253 -0.004146339480046817 -0.6190880941849429 -0.008270025747043446 0.9998905209112637 0.012269999146472834 -1.4392745924164505 0.004247990149272117 -0.012235178749980142 0.9999161239790888 94.02303355342883
0.9999593183362477 0.007816606435062438 -0.004501367688375375 -0.6378444337030271 -0.007763002227914179 0.9999001796879261 0.011805357619260418 -1.4434840067835104 0.004593196591968352 -0.011769933471982191 0.9999201824267556 95.40147958820585
0.999962099473931 0.007572424630442407 -0.0042962747504430784 -0.6459625930473816 -0.0075236818697130255 0.9999084071656408 0.011250400097860155 -1.4533367972476847 0.004381074428094511 -0.011217650127790264 0.9999274826330515 96.75298449550125
0.9999535673993455 0.008717165932029956 -0.004107801920103335 -0.6649147954384265 -0.008673057782269481 0.9999058226845252 0.010635969418383184 -1.4716593415908885 0.004200130931584426 -0.010599848578264182 0.9999349989483896 98.09095184998368
0.9999401174151896 0.01028418820384458 -0.0037412599734562672 -0.6872277983684221 -0.010243157744257117 0.9998889333302728 0.010825836808346046 -1.4819768815372873 0.003852179720993264 -0.010786866436801325 0.9999343999657387 99.45761963240084
0.9999367545889185 0.010620312286095982 -0.003700777987960498 -0.6940646211211016 -0.0105748139789169 0.999870819559316 0.012104442276641324 -1.4914980154022344 0.0038288532095152833 -0.012064541936451258 0.9999198901525254 100.79605925759724
0.9999320242524034 0.01111151310194851 -0.003532862654327086 -0.7182423664940193 -0.011062037551957947 0.9998445669454896 0.013728557641417055 -1.5013073018805998 0.0036848589005641858 -0.013688544054405217 0.9998995177461419 102.13329386526064
0.9999405502339965 0.010370979466923218 -0.0033673064417204415 -0.7288774725060693 -0.01032655974345053 0.9998628019816393 0.0129514244677544 -1.527395713475657 0.0035011637168381304 -0.012915882082814975 0.999910456918095 103.473839538326
0.9999406420944621 0.010356173232781887 -0.003385547774895241 -0.7388758975476638 -0.010319615244078045 0.9998901076610254 0.010643221443370805 -1.5365558166855886 0.003495399077475891 -0.010607652353459559 0.9999376280083335 104.79640269850813
0.9999508897592391 0.009251089085622315 -0.003554629844145376 -0.7585627168157875 -0.00921774234519688 0.9999143985416812 0.009285948121025936 -1.54807626411031 0.0036402310104943197 -0.009252726616257267 0.9999505666671932 106.14199730282573
0.9999627184350536 0.008009887416669552 -0.003225433388337818 -0.7656183349017587 -0.007975614790157107 0.9999130434963689 0.010502143968158732 -1.5666063979113876 0.003309274194375024 -0.010476027832865296 0.9999396489562651 107.48142424473679
0.9999843428445171 0.004910655592103004 -0.002683190862624559 -0.7738165336771972 -0.004876863057864691 0.9999104917873645 0.012458917485386368 -1.5690494501497165 0.0027441323894767163 -0.012445637111075016 0.9999187846340102 108.81486141367014
0.9999908676073693 0.003813720205019886 -0.0019287896833064283 -0.7905355228317172 -0.0037875111435025947 0.9999028507889736 0.013414311204007157 -1.5861533505527539 0.0019797609104820185 -0.013406883655607145 0.9999081637961266 110.15339281018599
0.9999944424814375 0.003081192458506129 -0.0012732837690473545 -0.7983996644040514 -0.0030649500258279954 0.9999163299209348 0.01256738793520832 -1.6029849981235438 0.0013118998950485304 -0.012563415791642697 0.9999202165719525 111.47124389845959
0.9999906594655685 0.004296810031859713 -0.00046732883941452415 -0.8133748905639181 -0.004291817488344194 0.9999387074723921 0.010205959326195847 -1.615984476394585 0.0005111533152435549 -0.010203858511815947 0.9999478086370323 112.80739109488955
0.9999729904289159 0.007331500194274838 0.0005172068318883257 -0.8148924845345821 -0.007335534237542509 0.9999387856365822 0.008283412940769293 -1.6374341126040175 -0.000456445360147748 -0.00828698336633858 0.9999655581899333 114.16475481590192
0.9999458857549223 0.010203788821035113 0.0020268781168014385 -0.8319302604628146 -0.010219258020161354 0.9999175634153269 0.007773876774678717 -1.6409168999129773 -0.001947388189863288 -0.007794169447507676 0.9999677287799971 115.46797248453089
0.999934476054826 0.010886788495026046 0.0035385607501451366 -0.844110904665343 -0.010922093844521173 0.9998891829294336 0.010115816759511335 -1.6584450411870173 -0.0034280401418592733 -0.010153802629552868 0.9999425727670751 116.83841781191231
0.9999257507634075 0.01135918163949282 0.004411567858804891 -0.850433585935727 -0.01141101688412024 0.9998639867574719 0.011907842017732057 -1.6600255060751052 -0.004275704839118688 -0.01195729858576992 0.999919367428198 118.13300200852572
0.9999254802406892 0.010928870328176162 0.00544001278237368 -0.8500216307004358 -0.010998821835447474 0.9998550130915466 0.012999182065299023 -1.6780380730208377 -0.0052971581143626155 -0.01305804736218507 0.9999007088277672 119.50217478530026
0.9999196621732461 0.010983788795599497 0.0063265759805272055 -0.8504281463937764 -0.011062868054046862 0.9998593777769871 0.012603080683739115 -1.6916009135134216 -0.00618725726026748 -0.012672058508071685 0.9999005634458229 120.82626721174428
0.9998894223489809 0.012701099861087101 0.007734669520482206 -0.8476891316798232 -0.012796329233948437 0.9998413650129876 0.012389463006656033 -1.7018198909871665 -0.007576083355350252 -0.012487068636317163 0.9998933323488669 122.13235135326056
0.9998554857823444 0.014533190002713647 0.008820085536632495 -0.8518606806640496 -0.014637473667799578 0.9998223338734195 0.011876240380877295 -1.7102148582616417 -0.008645919570069284 -0.012003628105762837 0.9998905745052598 123.50124082125583
0.999833041813648 0.015266072670263843 0.010041687596348001 -0.8566596595813423 -0.01537883447055575 0.9998184528143156 0.011249573253530754 -1.7222249486209262 -0.009868128579082988 -0.011402124724926153 0.999886299329651 124.83510411029559
0.99980956455808 0.016032949159575788 0.011125606645550814 -0.8467497907603747 -0.01615173718879989 0.9998126136631335 0.010670472581615315 -1.7290566650453614 -0.010952443632244168 -0.010848138637238373 0.9998811738719505 126.17353910008482
0.9998036304131995 0.015802646165473277 0.011957296979556742 -0.8467974665655594 -0.015925442766564227 0.9998206946739139 0.010244940854245786 -1.747190299656016 -0.011793256786371737 -0.010433354516277254 0.9998760244175078 127.5062795068257
0.9997983591020561 0.015372596098995966 0.01291992226495631 -0.8401186842034671 -0.015515937787434798 0.9998183553137495 0.011068517920667117 -1.7584770109562218 -0.012747424643416922 -0.011266750988318289 0.999855271269364 128.8413476770664
0.9997920207815177 0.014966402623171006 0.013853589434684595 -0.8329220127061253 -0.015133763368570072 0.9998127977666315 0.012055648595550894 -1.771688739269853 -0.013670567467323577 -0.012262798457517864 0.9998313554586709 130.21122726167263
0.9998109682689025 0.01329231745750437 0.014189503071392271 -0.8173668111106671 -0.013472156320795015 0.999829166817772 0.01265457281397508 -1.7756811711256641 -0.014018871609455323 -0.012843344153567556 0.9998192435383455 131.53502807698294
0.999819254206936 0.012648600859511857 0.014194075775280247 -0.8076850691989583 -0.012834079106792212 0.999832437046436 0.01305313255294565 -1.798640229541248 -0.014026594685853998 -0.01323294140458287 0.9998140546638614 132.8804812456718
0.999852601088955 0.00991662735897674 0.014015583462823455 -0.7954846013913892 -0.010107677614286976 0.9998560626592271 0.013626769029732281 -1.7902656005168391 -0.013878435668788583 -0.013766425725661077 0.9998089190172494 134.20288178526394
0.9998711264037202 0.008787516256185738 0.013435405769782867 -0.7790716062533452 -0.008975068855609681 0.9998622240936773 0.013963559123145872 -1.816926133897318 -0.013310850805852705 -0.01408234355440199 0.9998122367979605 135.54328124303046
0.9998890612099651 0.008429766538014192 0.012280240082761898 -0.7750724764660479 -0.008595645756387353 0.9998716782809343 0.013518204720602348 -1.827079888342293 -0.012164709968989957 -0.013622261885923859 0.9998332129968432 136.8866412944303
0.9999090601229889 0.007401679316219383 0.011273270074608129 -0.7640178960557278 -0.007569502207319826 0.9998600746847066 0.014917563382891241 -1.8419074005101534 -0.01116127856998456 -0.015001540116481917 0.9998251745452532 138.22490032958353
0.9999275789079735 0.006388252816860861 0.01019937051794887 -0.7479219348468679 -0.006544233636356875 0.9998610153022149 0.015333723993277405 -1.853037536874462 -0.010099998097542839 -0.015399360872039683 0.999830410481108 139.56717582913552
0.9999481116215493 0.00500492384238164 0.008872699644848258 -0.7506085050540443 -0.0051424180717440475 0.9998659949564234 0.015541803926055328 -1.862149711020553 -0.008793725844209536 -0.015586624921930794 0.999839850930669 140.9271034412621
0.9999634156540725 0.0038446873667893145 0.00764105568876803 -0.7499127149952804 -0.00396033253939606 0.9998769702207301 0.015177621327762599 -1.8587221052815386 -0.007581763031091331 -0.015207327482396183 0.9998556166066469 142.25097319938135
0.9999698024044393 0.004050541149011261 0.006632299330220588 -0.7434774792528756 -0.004148216468968107 0.9998821611726149 0.014780259482735102 -1.8609381897194175 -0.006571650282281986 -0.014807325657344975 0.9998687696488956 143.60387510248984
0.999981387357044 0.0019559356045730615 0.005779209114235881 -0.7404177924025934 -0.0020283817229858414 0.9999191070989786 0.01255646943579942 -1.874800467471918 -0.0057541824478510905 -0.012567958413381321 0.9999044633385519 144.95785672559646
0.9999885660764926 -0.0011347150477632774 0.004645443476553954 -0.7506112515679875 0.0010811200594138988 0.9999330186738411 0.011523425679816771 -1.896831018739962 -0.00465820850737027 -0.0115182718620823 0.9999228122738265 146.26260798287132
0.9999356858490756 -0.01074989867982419 0.003614395987429745 -0.7426851277802072 0.01069581568803084 0.9998352726515469 0.014663801437693759 -1.8949556195428923 -0.0037714352834104818 -0.014624199711391405 0.9998859480261902 147.66041108894606
0.9998515127806137 -0.017121107932952066 0.001954498658469807 -0.7311418020280531 0.01708694049216341 0.9997206014829306 0.01633264887597297 -1.913506316056862 -0.002233585793009724 -0.01629682759037514 0.9998647031020614 148.9689983830227
0.9998076676421538 -0.01958045100987535 0.00111070735279411 -0.70654148907876 0.019563887100272855 0.9997194061129269 0.013355274268813697 -1.923764376074878 -0.0013718980923329528 -0.013330976110826304 0.999910197455196 150.26563594759796
0.9998230322766783 -0.018782898101875566 0.0010520823093216306 -0.7281261933005804 0.018771107691626862 0.9997709901549463 0.010276806398008272 -1.9379589613615757 -0.0012448696749952637 -0.010255239171393545 0.9999466387616351 151.67214689444478
0.9998751887594345 -0.015640850640010376 0.0022295082731937834 -0.7347080212158039 0.015622609009039546 0.999846134798904 0.007977518642674871 -1.9461221582475927 -0.002353940598362785 -0.007941692365287373 0.9999656936541292 152.98152990710727
0.9998709963461815 -0.015760903156679783 0.003095902270382687 -0.7403992469081442 0.01573471579244199 0.9998416794969605 0.008308709152692743 -1.9644975676886756 -0.0032263651506920874 -0.00825892430460397 0.9999606895951466 154.35508623444724
0.9998050636113074 -0.019442459516543352 0.003438830695641576 -0.743956641919395 0.01940253062287243 0.9997480421035935 0.011286899688736609 -1.9671457681684255 -0.0036574096439043243 -0.01121797764664546 0.9999303877429044 155.67668040399553
0.9996703233935451 -0.0254069221512149 0.0037057842732260257 -0.7424787124646925 0.025347747052334477 0.9995627366712873 0.015225871795771298 -1.9848408959949677 -0.004091006740601663 -0.015126919175025235 0.9998772124524711 157.03311497227992
0.9996026657287477 -0.027927955517476056 0.003813131011580655 -0.7258942343403392 0.027863554685439638 0.9994835129461642 0.016010298796050454 -1.9906552866418128 -0.004258296836217196 -0.015897690259697835 0.9998645560047084 158.37235670652558
0.9995741047401238 -0.028960549415535802 0.00359105941428294 -0.7216442862430954 0.028898411411956905 0.9994495690638301 0.016292351468926974 -2.01295465839022 -0.0040609185617398215 -0.016181637014789932 0.9998608220979419 159.70402596573837
0.9995854382244603 -0.028400390960940013 0.004729638694817918 -0.7262821209351 0.028319889870364347 0.9994660530663576 0.016297012145243813 -1.9992823726647857 -0.005189955258485389 -0.01615631347248312 0.9998560085836934 161.07387527458124
0.9996392714878117 -0.026176774379881643 0.006008609384466979 -0.7304387965001506 0.026077824292877604 0.9995319467292367 0.01599482862968144 -1.9971307774105904 -0.0064244905835875 -0.015832367665976965 0.9998540203726723 162.41341637391176
0.9997021052740116 -0.02338247211169949 0.006997193570726971 -0.7357328055929722 0.023279757037141087 0.9996250208394146 0.014417718814185925 -2.005049657143909 -0.007331692283330705 -0.014250531142543125 0.9998715760783945 163.76200515392054
0.999730422295473 -0.021948384797709095 0.007573054400383765 -0.7354260177024765 0.021844193161392567 0.9996691904275445 0.01357722082874864 -1.9925985908913024 -0.007868547881183501 -0.013408133690656434 0.999879146649005 165.11156797988207
0.9997366509666739 -0.021563450387258126 0.007851517886552114 -0.7379798677703753 0.021446757279116303 0.9996625723905261 0.014655304600980726 -2.0004939095234566 -0.008164888177982905 -0.014483055804610961 0.9998617782946965 166.45272833124088
0.9997522275735043 -0.02089033925960719 0.007686169393282712 -0.733210674391082 0.02077344475653828 0.9996718812402643 0.014986455174228336 -1.9975258315545223 -0.007996720212043326 -0.014823073998252959 0.9998581544111111 167.785232347309
0.9998103554977493 -0.018061498038396264 0.007282536852579185 -0.7315251546587178 0.01796823061425925 0.999758209221789 0.012675400166807673 -2.016282584037181 -0.007509713340722777 -0.012542142272499035 0.9998931437262013 169.17113465288082
0.9998859458529803 -0.013599782184439245 0.0065681981391944805 -0.7419724151914258 0.013536824805490736 0.999862895396432 0.00953649676829961 -2.0279881588014477 -0.006696992445156126 -0.009446496714126848 0.9999329547467108 170.59309320985608
0.9999372209327996 -0.009199978082880768 0.0063964531027628346 -0.7433486907140612 0.009145062905593065 0.9999215249065597 0.008562233414693945 -2.0314183127713616 -0.006474724039888222 -0.008503200074953414 0.9999428851355491 171.94384120176363
0.9999625789765203 -0.005324586691100697 0.006818316254019841 -0.7472941186538948 0.005258451824301897 0.999939310586832 0.009681106222919053 -2.0501075048634476 -0.006869450916102308 -0.009644890338901027 0.9999298909078377 173.29002737552526
0.9999710355315856 -0.0005679379373148014 0.007589832148651218 -0.7550295345995891 0.0004775328302168789 0.9999289849147169 0.011907858105582028 -2.076605395644998 -0.0075960567127070526 -0.011903889034778266 0.9999002937022092 174.69164515244378
0.999969379350158 0.0011709029563422698 0.007737528876788427 -0.7564958902575452 -0.0012819716163665939 0.9998959934482609 0.014365195127359596 -2.0810342525100594 -0.007719904514509429 -0.01437467482608229 0.9998668770376293 176.08047203117724
0.9999752036868623 -0.0019870121903883455 0.006756019792788682 -0.75311538126187 0.001881437860680053 0.9998765840895321 0.015597332186499432 -2.0822611996510854 -0.00678617864241632 -0.015584234698855108 0.9998555292683566 177.45047091090342
0.9999777523841087 -0.004041471224056962 0.005306718236238643 -0.7506645656411943 0.003957998314456439 0.9998697426188159 0.01564710939616778 -2.087026869616488 -0.005369264780233405 -0.01562575760396763 0.9998634940310722 178.8685612524449
0.9999730857714372 -0.006649112159788096 0.0031011372320080034 -0.7496618534150721 0.006611631013703871 0.9999068095856848 0.011943972006175384 -2.089498550107345 -0.0031802653038935117 -0.011923147195605199 0.9999238593382422 180.20584696753903
0.9999909199898531 -0.003976731704842484 0.001531518981299455 -0.7597149279848135 0.0039644161485491766 0.9999604413468379 0.007962357586009883 -2.1105817852052815 -0.001563122681701319 -0.00795621386163869 0.9999671271139792 181.62424480523185
0.9999995604380041 -0.0002457708313452142 0.0009048326969143957 -0.7844127013749804 0.00023911923888805288 0.9999730039395353 0.007343991536871332 -2.123159995157744 -0.0009066132795461726 -0.007343772089642937 0.9999726231575454 183.01772753004425
0.9999957804772266 0.002842539597939675 0.0005991595059403319 -0.8042508118488911 -0.002847478052565176 0.9999605901760829 0.00840892181158507 -2.123948852963225 -0.0005752332419282898 -0.008410592590969145 0.9999644648889559 184.34514093748373
0.9999817582942555 0.0059414371168028356 0.0010873791074286349 -0.8045912802063775 -0.0059537164374972315 0.9999142870612112 0.011660694622356846 -2.143574488932895 -0.0010180046981090158 -0.01166695609193528 0.9999314205508055 185.79042301271264
0.9999763623642755 0.006707815129628933 0.001509939463628671 -0.8169221466011837 -0.0067287499595874885 0.9998748970211309 0.014314825836447794 -2.1581941009042676 -0.0014137294687106092 -0.01432464775923402 0.9998963975530234 187.1541744067989
0.9999868141240562 0.004868623174901996 0.0016334256077969482 -0.822585177334009 -0.004892045792958106 0.9998806323521502 0.014655679384196197 -2.149693409909065 -0.0015618777697927278 -0.014663477220567434 0.9998912655772276 188.60939777005404
0.999987866257366 0.004688602601298582 0.0015114022471049823 -0.8215841758445307 -0.0047111918844534575 0.9998717617502682 0.015305708992153975 -2.163466443700872 -0.001439446150114377 -0.015312644086846261 0.9998817184699779 190.02778691683565
0.9999974365834328 0.0015721574932748127 0.0016294621600694045 -0.8294334890933024 -0.0015982051475733347 0.9998689596373793 0.016109292020663687 -2.172959447989332 -0.0016039224132350512 -0.016111855258106596 0.9998689091866225 191.3739327867498
0.9999981751103735 0.0002116158031621445 0.0018986829461383877 -0.832571271009819 -0.00024202631490388357 0.999871470369787 0.01603072540418437 -2.1724177632873247 -0.0018950467015057375 -0.01603115599570424 0.9998696969305669 192.8364598092367
0.9999939822544437 -0.0025768221274495295 0.002322810686994495 -0.8340851267779794 0.002537110523387568 0.9998532847642964 0.01694024806929391 -2.175341690603351 -0.0023661220874584858 -0.01693425322962296 0.9998538055828696 194.2022614369681
0.9999668313552487 -0.00771797775442247 0.0026017341987598815 -0.8349760889517523 0.007668305887248702 0.9997977854759308 0.01858992265914492 -2.175105441072591 -0.002744684916285463 -0.018569355520785057 0.9998238073510298 195.64674388439906
0.9999327445651274 -0.01126328658941247 0.0027649114556361097 -0.8250297807553906 0.011207734275700617 0.9997500194496685 0.019346454017166906 -2.1846628747463837 -0.002982125173267359 -0.019314164839726897 0.9998090167487229 197.06182807527128
0.999952206768819 -0.009290880791465818 0.003043636919145506 -0.8346833651256984 0.009241169315203558 0.9998299393207057 0.01595911060141073 -2.195587910035011 -0.003191393766494466 -0.01593022140411542 0.9998680128171359 198.47944426845433
0.9999893167244075 -0.003223844809460563 0.003312592703080001 -0.8533468618087349 0.0031879764309965947 0.9999368470016871 0.01077677161204062 -2.198876481645242 -0.0033471264160660997 -0.010766096220360247 0.9999364419384018 199.91952019930824
0.999962501540136 0.007205266540717877 0.004804127182072442 -0.8670877211384036 -0.007252291017005443 0.9999252495753984 0.009843756825691266 -2.200693224702727 -0.004732841572266342 -0.00987822882474031 0.9999400086023991 201.36348485463168
0.9998906576252847 0.013435278906025458 0.006177867516790452 -0.8871338294773932 -0.013517944564038674 0.9998169552253702 0.013539617673661705 -2.2002968695889065 -0.005994828647137141 -0.01362164956421877 0.9998892502131744 202.8003125268717
0.9998573574582442 0.015313070762263948 0.007125627476747212 -0.8826427106717538 -0.01542304126157179 0.9997586871984512 0.015642800346387393 -2.2034998302932483 -0.006884369233006889 -0.015750468180737984 0.9998522531917688 204.22238714299635
0.9998750597779135 0.014326981028491156 0.0066785042150942255 -0.8835178780025484 -0.014433880501301056 0.9997638886066876 0.01624284953268096 -2.211361452327664 -0.006444216879346317 -0.016337217206951873 0.9998457718086745 205.70089225861625
0.999926365059014 0.010906418991913766 0.00532113380118161 -0.8759590906764954 -0.010994056821435755 0.999799629209725 0.01672818473021315 -2.219986907457802 -0.005137623431070238 -0.016785454133689728 0.9998459148074024 207.1317955860508
0.9999521179760907 0.008859336255264375 0.004156188354899323 -0.8733655905590647 -0.00892629749279272 0.9998260076504403 0.016379122406783932 -2.2231146159766904 -0.0040103573831792565 -0.01641543784200863 0.9998572150246028 208.56682089736697
0.9999522165800617 0.009069666124181103 0.0036476975454588995 -0.8798206679272926 -0.009126552342268649 0.9998320453043633 0.01589299335362374 -2.221763411862222 -0.0035029410378455217 -0.01592552515260733 0.9998670446891587 210.05863650363668
0.9999424898399808 0.010143641482230726 0.003481886159325827 -0.8879433950323184 -0.010197695103410214 0.9998219926222274 0.015874196025953986 -2.2292888627633953 -0.003320244472982326 -0.015908790630461456 0.9998679344594541 211.51631629835117
0.9999295095482164 0.011396230970281895 0.0033319411057186653 -0.8910953866246404 -0.011449886328336501 0.999797415738945 0.01655377914537992 -2.225431770645056 -0.0031426156692241215 -0.016590762942091844 0.9998574251138805 212.95219231089806
0.9999345459392078 0.0110539161662533 0.0029520759833723434 -0.9044855221706063 -0.01110146358789455 0.9998004588994196 0.016607224596695412 -2.239005898444832 -0.0027679122756151 -0.016638910284606217 0.9998577325450927 214.39812234380565
0.9999295350800071 0.011558702139527685 0.002705781880070333 -0.9068413642876576 -0.011600811261922524 0.9998030612108645 0.016101552455460865 -2.2484341748887977 -0.002519136158438143 -0.016131807450517524 0.9998667004882781 215.87016663115364
0.9999395184761316 0.010729298891229665 0.0024169222800638863 -0.9163906301145428 -0.010765977308159019 0.9998186093020921 0.0157112139446189 -2.246226105125667 -0.002247913740427755 -0.015736284553425548 0.9998736501359575 217.34466934686418
0.9999415846521206 0.010660660289008318 0.0017825777271194103 -0.9129545231500602 -0.010687514734248442 0.9998180088141839 0.015802730685638318 -2.2561455507187547 -0.0016137858944843294 -0.015820859208026932 0.9998735400608341 218.80152004576064
0.9999126841565508 0.013115119806431767 0.0016179199823942753 -0.9239950794027978 -0.013138689993952023 0.9997929692886404 0.015536840465250152 -2.268998658006238 -0.0014138176068878177 -0.015556741517517838 0.9998779870154015 220.28650125334104
0.9999403332008531 0.010818438287426967 0.0015137397795123846 -0.9346477268854982 -0.010840501175720494 0.9998223888626079 0.015416688410917105 -2.261744189016785 -0.0013466865323246702 -0.015432178555678798 0.9998800099538171 221.78503449859983
0.9999174371801364 0.01280820467247389 0.0010337727955612751 -0.937738038082983 -0.01282248421290193 0.9998015352219939 0.01524710106647613 -2.2722471392507466 -0.0008382796962680781 -0.0152590980680486 0.9998832217907778 223.2645258493766
