1.0 -3.469446951953614e-18 0.0 -1.5585406229479126e-19 0.0 0.9999999999999999 -3.5744790374131474e-19 0.0 2.168404344971009e-19 -2.405573570202213e-19 1.0 0.0
0.9999999540965577 -0.00021077596705338687 -0.0002176703398891625 -0.009664664242766196 0.00021089738734177653 0.9999998221457299 0.0005578802547117234 -0.020972298625010294 0.0002175527322784822 -0.0005579261462212569 0.9999998206948055 1.3128337404748365
0.9999996127235846 -0.0008717362480900846 -0.00012095361750922564 -0.025992974564690935 0.0008718702363937191 0.9999990019891971 0.0011116930139494603 -0.04090255422815775 0.00011998440480227857 -0.0011117980606194333 0.9999993747543918 2.613648239970257
0.9999985418365563 -0.0014858861755696652 -0.0008417053881337929 -0.022145023863387788 0.0014867935614690242 0.9999983133339435 0.0010783189372227263 -0.07352291853374898 0.0008401017812308735 -0.0010795688278331652 0.999999064380392 3.9402302798834716
0.9999974453781519 -0.0022554242866628885 -0.00014933709437957104 -0.035583400548017806 0.0022555845584039218 0.9999968719967788 0.001080893820471232 -0.08773431981514045 0.00014689876652648672 -0.0010812279213438644 0.9999994046834882 5.251939893866977
0.9999966082251158 -0.0025393062909855567 -0.000579193080206898 -0.03846250440595931 0.0025401794186026908 0.9999956314457541 0.0015114807208222848 -0.10777658524864386 0.000575352487493648 -0.0015129468769055595 0.9999986899803534 6.579060356560447
0.9999938052130541 -0.003499583797991382 -0.0003774295551050753 -0.04416417570809455 0.0035005805965270843 0.9999903007482386 0.0026728897365639413 -0.14212883891065062 0.00036807192622445215 -0.0026741944514866046 0.9999963565974485 7.913088456774845
0.9999933350106355 -0.003649239376668745 -0.00011397885459909466 -0.06453937824535577 0.0036495944430120046 0.9999879421099007 0.003285740326371748 -0.16204075814567126 0.00010198703881437489 -0.0032861344655997792 0.9999945954452615 9.232072331910413
0.9999947264599249 -0.003164845356623539 -0.0007285667776661807 -0.06724429947101147 0.0031667339149155527 0.9999915916109654 0.0026054747557654437 -0.18384363392437408 0.0007203147901202701 -0.002607768242375571 0.9999963403398202 10.566096644990742
0.9999996159946404 -0.000648099989547065 -0.0005898958128322345 -0.08536432722478607 0.0006481418321689636 0.9999997874582432 7.067245692105023e-05 -0.20442238179846878 0.000589849934584959 -7.105476731963073e-05 0.9999998235145929 11.884717190979515
0.9999976580389832 0.00202660891189841 -0.0007594524943556728 -0.08440089526409647 -0.0020271907795557974 0.9999976518634875 -0.0007660082990000702 -0.23208782352538004 0.000757898375100528 0.0007675460730921473 0.9999994182319282 13.227482514855986
0.9999864283800722 0.0051714810697871035 -0.0006315283538150423 -0.10739526401924572 -0.005171784926095119 0.9999865110682521 -0.00047992961650616175 -0.25490746179784607 0.0006290379406719807 0.0004831892369558351 0.9999996854201336 14.569480339838643
0.9999838623956061 0.005681067505149161 -2.0223733343700855e-05 -0.12545240741384697 -0.005681060547709293 0.9999838029618059 0.0003455088742558494 -0.2799398830820324 2.2186266801971135e-05 -0.00034538841749280597 0.999999940107345 15.91296775731037
0.9999918169394465 0.004045287644766215 4.1163504328431974e-05 -0.12022210516571835 -0.004045387571669264 0.999987872503526 0.002808859618883616 -0.3080905075818262 -2.9800360508556133e-05 -0.0028090032145818866 0.9999960542988999 17.261986413067092
0.9999997558331971 -0.0006090811444749052 0.00034257143399872634 -0.1292205884894496 0.0006072956183724582 0.9999863556107732 0.005188427712213823 -0.33178645147316654 -0.0003457269582736503 -0.005188218504751324 0.9999864813397862 18.6170051928474
0.9999969739864456 -0.002459189317847183 -6.640300633374173e-05 -0.13085379298293137 0.002459412962218672 0.9999904729095516 0.003606296392657457 -0.36008257447199365 5.753381610075297e-05 -0.0036064488616161633 0.9999934950874934 19.962835175076922
0.999994604670625 -0.003284555598003341 4.825851468404042e-05 -0.13581434391334019 0.003284499346304851 0.9999939710281784 0.0011269279127404607 -0.3740193859500849 -5.19596843677713e-05 -0.0011267633471847176 0.9999993638521218 21.31602290744132
0.999999490300746 -0.0009775152610280412 0.0002527134214186605 -0.14206973824397623 0.0009774216201467838 0.9999994536313076 0.00037065142842879613 -0.42148110093150515 -0.00025307562179094204 -0.00037040423829246124 0.9999998993765451 22.674861039643787
0.9999987522994735 0.001232414455145001 0.0009882071812662575 -0.15499274111588396 -0.0012338609177953092 0.9999981665989747 0.0014643728311104314 -0.4161443132778242 -0.000986400737491142 -0.0014655903432584394 0.9999984395274527 24.037465245369926
0.9999965346895383 0.0015731487743433905 0.0021108794336102197 -0.17374725549673975 -0.0015858486955459793 0.999980572510186 0.006028240814200226 -0.437510233202666 -0.0021013552776664775 -0.006031567578244775 0.999979602040568 25.41972242736151
0.999997700736638 -0.00013472752760780408 0.0021401806089624033 -0.15797680804488434 0.00011964090782661495 0.9999751568053169 0.007047797961856215 -0.4586423875182005 -0.002141077147647548 -0.007047525841020041 0.999972873715674 26.78882711676004
0.9999877311687664 -0.004405495872771163 0.0022647576042385455 -0.1792825099886485 0.004391350721836652 0.9999710545568115 0.006213379106450221 -0.49154262259523923 -0.0022920652541960646 -0.0062033576476386255 0.9999781321555357 28.158058708865894
0.999988284534681 -0.004440843323225165 0.001926061408859226 -0.1797356270832391 0.004433497850935823 0.9999829461064721 0.003801524209022439 -0.497298943239576 -0.001942910696218312 -0.0037929405530573966 0.999990919307828 29.532888223668703
0.9999865559839325 -0.0044700924546173335 0.0026279524849115955 -0.18434601270591466 0.00446499147237309 0.999988142611828 0.0019438314224213358 -0.5384882080307114 -0.0026366106513680456 -0.0019320715365984606 0.9999946576760932 30.92040424562906
0.9999930422124527 -0.0020437785304356637 0.0031206574650377746 -0.19586745716821358 0.0020403211089688247 0.9999973016691993 0.0011107388850351949 -0.5391510012217531 -0.003122919411631905 -0.0011043640311106174 0.9999945138602736 32.28989642439609
0.9999939084449303 -0.00017501841049478127 0.003486035883653135 -0.20007966761474627 0.00017866086175416691 0.9999994384640501 -0.0010445820749481734 -0.58089309223264 -0.0034858514004455533 0.0010451985535655023 0.9999933781758624 33.67734542257391
0.999993418690383 0.0004198214942234806 0.0036036550277427156 -0.21162074283202353 -0.0004173715363414241 0.9999996813018951 -0.0006805864253098515 -0.5964563145785609 -0.0036039399092174444 0.0006790778991205792 0.9999932752103078 35.074090758039056
0.9999944727923223 0.0002208217186562781 0.003317472887793641 -0.20967156497987094 -0.00022411106297112043 0.999999483670345 0.000991177829287403 -0.6335633479793488 -0.003317252580835029 -0.0009919158502365141 0.9999940059491657 36.45997910966879
0.9999944863616914 0.0012700253711451026 0.003068270441856786 -0.2198664103162556 -0.0012776278455358565 0.9999961159204671 0.002477057284834736 -0.6463177851663109 -0.003065112855948606 -0.002480963782367638 0.9999922249189919 37.862678249286596
0.999988693670146 0.0037785801289259265 0.0028870158857419136 -0.22143330595362645 -0.003787398869029141 0.9999881606142912 0.0030552000805991 -0.6718979517941152 -0.0028754376276892736 -0.0030660998791846392 0.9999911654044057 39.24976560811134
0.9999750305343492 0.006259369686484548 0.0032800290151038317 -0.23324531894535064 -0.0062694600086415555 0.9999756189315604 0.0030749676033222473 -0.6970506086420495 -0.0032607019589373926 -0.0030954548969117173 0.9999898929380299 40.646219442033676
0.9999587414262803 0.0084909046729853 0.003227997610320097 -0.24278810610511428 -0.008502428923630343 0.9999574698617815 0.003573120172047427 -0.7202764117859028 -0.003197521568207525 -0.0036004186453165044 0.9999884063518389 42.077473790477924
0.9999479388163967 0.009799037215597224 0.0028457877621378886 -0.2448962528483909 -0.009809938663855263 0.9999444999615407 0.003842150622821698 -0.7415644125713261 -0.002807980678645946 -0.003869867680803461 0.9999885696175773 43.4636387049185
0.9999609335000829 0.008479845832356179 0.002494729070134787 -0.2557600101994177 -0.008488938351199946 0.9999572821808865 0.0036567412765675274 -0.7598413362441486 -0.0024636141042288424 -0.0036777760987413547 0.999990202235003 44.897677771718314
0.999964937875604 0.008194047690551695 0.001726437542445406 -0.2545128979401621 -0.008199852748381276 0.9999606603758219 0.0033823265117166627 -0.7925070569869391 -0.0016986548216179724 -0.0033963645256254804 0.9999927896130681 46.29051239769932
0.9999703668526004 0.007643893772429887 0.0009144888045553034 -0.26814947037891657 -0.0076475905602967145 0.9999623140596846 0.004109116002522668 -0.8111848844860725 -0.0008830447667385289 -0.004115987958691866 0.9999911393980755 47.723029451606735
0.9999668543595206 0.008141829337799217 -2.7924377046538657e-05 -0.27729237074536817 -0.008141592240861143 0.9999546300221543 0.00494493572992246 -0.8350277240573226 6.818394216941874e-05 -0.004944544581715354 0.9999877733407966 49.1209310585807
0.9999619974354637 0.008664744629671714 -0.0009622187192116269 -0.2899231862444741 -0.00865982913875449 0.9999499982914161 0.005000829331470869 -0.8572560883485082 0.001005501604195113 -0.004992306743279996 0.9999870328372783 50.54017201054674
0.9999544600987443 0.009264594221797076 -0.002290196050061678 -0.2942859405319123 -0.009252323284320014 0.9999430867825606 0.0053120362255957305 -0.8803355940407169 0.0023392797691478093 -0.005290604795026092 0.9999832684982262 51.99541070085793
0.9999492687413479 0.009496890599287858 -0.003356930919885587 -0.3081440479751285 -0.009474671072960109 0.9999335027676625 0.006574242941413356 -0.9020081119440269 0.0034191428529046974 -0.00654210374451196 0.9999727548032169 53.39754715502085
0.9999612156814859 0.007869246828184554 -0.003955004800109248 -0.3297725312723322 -0.00783913655192138 0.999940604394577 0.007572029821897969 -0.920812451882605 0.004014356406717471 -0.007540732481107967 0.9999635104872502 54.851549319175646
0.9999708804578239 0.006167592739462247 -0.004494331442775287 -0.33680769659358645 -0.00613093775018967 0.9999482002914449 0.008124552057923694 -0.9360824860370291 0.004544207956186208 -0.008096761176387487 0.9999568953928223 56.2529838172538
0.9999801756516413 0.0036421615311487167 -0.005136433219106158 -0.3467666340024659 -0.0036028738162855152 0.999964343328653 0.007637498022282089 -0.952989158900802 0.005164067514830327 -0.00761884085026122 0.9999576419444968 57.67870903716492
0.9999813758995814 0.003162219438087992 -0.005219981428897213 -0.3617222447300604 -0.0031203023738656166 0.9999629801050737 0.008018861253044624 -0.9791170969337926 0.005245146034196268 -0.00800242415293668 0.999954223784031 59.14061376339973
0.999986124445321 0.0023001904403876826 -0.004739201148422707 -0.37335068918828695 -0.002258113354078277 0.999958156799634 0.008864850545095938 -0.9996576703558511 0.004759394098790154 -0.008854026067119459 0.9999494759247722 60.53131637200064
0.9999915696553872 0.00033335812073965673 -0.004092613136693843 -0.3958138058129693 -0.0002939565550414691 0.9999536419931555 0.009624315639138226 -1.0149035449514863 0.004095632108970162 -0.0096230316456357 0.9999453100397304 61.98587930492632
0.9999911603260144 -0.0014862228987992058 -0.003933243733957647 -0.39531682746284735 0.0015233360659438703 0.9999541909690477 0.009449624612865767 -1.0352417049910823 0.003919019646341601 -0.009455532921716721 0.9999476157242319 63.38836758096181
0.9999916920052598 -0.0022576299410657762 -0.0033939688683209414 -0.4129262650974729 0.002286681089919031 0.9999605746674466 0.00858022111489691 -1.0550200922486237 0.003374464388165627 -0.008587910925177713 0.9999574294862877 64.80215281698065
0.9999935736772084 -0.002199865093647113 -0.002830758928131169 -0.42375628531650383 0.0022238103570768677 0.99996153965093 0.008483742134379003 -1.0772849127706923 0.0028119872126384513 -0.008489982854074554 0.9999600056635431 66.26671165701843
0.9999973892407703 -0.0008671778745391601 -0.0021141220222181544 -0.44157983254889854 0.0008850571920063326 0.9999637300899469 0.008470842604476692 -1.0940932767335796 0.002106699800877557 -0.008472691776090516 0.9999618869317999 67.62588617801063
0.999997087801564 0.0019451565280634167 -0.001428547759711009 -0.4556326330841749 -0.0019311598242654406 0.9999507507907301 0.009734814582772276 -1.111762327626748 0.0014474132730708238 -0.00973202767350154 0.9999515951473736 69.08494458545249
0.9999837460002012 0.005673083726575129 -0.0005690731230748908 -0.47421464865053653 -0.0056663319372982504 0.9999208025962721 0.011237491926606936 -1.1314167775722472 0.0006327793487353084 -0.011234084941482377 0.9999366954616888 70.4591478943195
0.9999574126430247 0.009224123232995127 0.0002973731204193996 -0.48957417984645346 -0.009227032455420782 0.9998851629066835 0.012021767217492799 -1.148182873182743 -0.00018644871527992218 -0.012023999357535982 0.9999276917260138 71.90503702531028
0.9999098616813132 0.013396918002624117 0.0008894202323376876 -0.5037878981708019 -0.013406400590522522 0.9998418661919889 0.011683794840742844 -1.1571775784756961 -0.0007327527967845014 -0.011694665847212042 0.9999313465769765 73.26488258004179
0.9998619890194286 0.016524599816206936 0.0017147806900993981 -0.5240870298658293 -0.016542806379600945 0.9998003200563753 0.011209621431284887 -1.1708468159137728 -0.0015292038956919451 -0.011236441898261264 0.9999356998881215 74.66577124811613
0.9998254459647686 0.018530953502990694 0.0023835507921814367 -0.5332063108518011 -0.01855660950707324 0.9997647009217911 0.011233658466713885 -1.186745175581091 -0.002174819717946133 -0.01127592844226232 0.9999340596249429 76.1090891113152
0.9998132695555644 0.019128160526942425 0.002745804835176405 -0.5423607168257457 -0.01915961940324205 0.9997452822623802 0.011928102474107829 -1.2069424429583704 -0.002516942975237132 -0.011978483958529181 0.9999250876546669 77.479202457031
0.999832668849109 0.018073850413956816 0.0028231518460413623 -0.5467838593848927 -0.018106175137002207 0.9997655189967135 0.01187743630293542 -1.2266059355168706 -0.0026078190753517708 -0.011926565566406271 0.9999254753802438 78.89988765058678
0.9998516206266019 0.017039816324102352 0.002526132771261083 -0.5536494044830027 -0.017066637676458475 0.9997937810160145 0.01100569682503573 -1.2361422054671836 -0.0023380769719947535 -0.011047176628255271 0.9999362446103025 80.27138223537352
0.9998509531454778 0.017118887681368253 0.0022394496612691216 -0.5577012056610351 -0.01714294896066332 0.9997902478266325 0.011206234619493122 -1.2603287153229206 -0.002047141824998054 -0.01124295536975982 0.9999347004510315 81.65885029452404
0.9998663230438208 0.01624555576384499 0.001848761681094331 -0.5644817729648398 -0.016265795242577635 0.9998013805294598 0.011516224887873938 -1.2692859246173085 -0.0016613071394707252 -0.011544757251578715 0.9999319770066538 83.07475336375309
0.9998673518271324 0.01622140561620978 0.0014644823802495025 -0.5764008313205624 -0.016236609995712366 0.9998071517371966 0.011046803625113 -1.284516575963297 -0.001285005375629384 -0.011069116745600311 0.9999379097812603 84.43685179458355
0.9998608756501064 0.01666315036322557 0.0007541353805093935 -0.586658018912601 -0.016670667148711016 0.9997960874865781 0.011396154794136247 -1.2954500190371783 -0.0005640858014278017 -0.011407141488561 0.9999347773397657 85.8182526880555
0.9998731439411138 0.015924172081495068 -0.00034165180347902973 -0.5950684780540649 -0.01591865316743134 0.9997949988233131 0.012512267838721378 -1.3172801549266242 0.0005408293254933912 -0.012505242204285937 0.9999216601447776 87.18597330825976
0.9998939490883267 0.014486476432856513 -0.0014941678168643093 -0.5984890272817993 -0.014464781377309551 0.9998024523935919 0.01363181274647066 -1.3302404571660165 0.0016913497347163554 -0.01360875455018687 0.9999059661508298 88.5543363716365
0.9999184894627668 0.012479510251870931 -0.0026974467985573835 -0.6051277761114586 -0.012439375993652118 0.9998187034415399 0.014416039585029742 -1.3466419137940455 0.0028768631284896307 -0.014381310266298873 0.9998924450083394 89.95389662188954
0.999935234330423 0.010829633082686111 -0.0034994514205161594 -0.6166142774846333 -0.010777271089715313 0.9998345903038766 0.014650681839083544 -1.3601509900533542 0.0036575344062648955 -0.014612018740508707 0.9998865492461597 91.30660858474923
0.9999448942717039 0.009702617269572753 -0.0040084421775758074 -0.6316446269702173 -0.009644736896813796 0.9998524428071682 0.014215191815052557 -1.3704071324027174 0.004145775629889562 -0.01417574839658915 0.9998909244090548 92.66643639523632
0.9999518394382013 0.00880271905503375 -0.004339460083700782 -0.6461135425211837 -0.008740402841583143 0.9998613113379453 0.0141761581833372 -1.3882797067850619 0.0044636473756362125 -0.014137547111367778 0.999890096774765 94.01585841297997
0.9999553912777628 0.00838262146889296 -0.00435282498950467 -0.6665302434697362 -0.008322078079328827 0.9998708902581877 0.013745757273243037 -1.3906248977416988 0.004467488865505775 -0.013708919823399097 0.999896048134352 95.38239528498177
0.9999598220448042 0.007851169646428433 -0.0043258994826978914 -0.6744254634492604 -0.007792950740171978 0.9998809870809637 0.013314713813068164 -1.4021965770563836 0.004429921106313286 -0.013280467604887687 0.9999019976942712 96.74558154592003
0.9999494039017875 0.009169325921607156 -0.004136794708170584 -0.69432673401288 -0.009115911574619088 0.9998771442772523 0.012751334175079785 -1.4175862059197537 0.004253207987383115 -0.01271297861361285 0.9999101411675039 98.0938633327046
0.9999391818673851 0.010323645030373639 -0.0038800629836076034 -0.7114523076555656 -0.01027251856192846 0.9998630715285018 0.012973572147442722 -1.425679556835675 0.004013466595116928 -0.012932925366066736 0.9999083115666155 99.4396930644394
0.9999305433042714 0.011196660991985522 -0.003680124554466505 -0.7265959092558483 -0.0111428677450584 0.9998352793132377 0.01432657527076607 -1.4420676984761505 0.0038399285036511085 -0.014284573346235141 0.9998905969787738 100.78946691146618
0.9999221928467456 0.011901775290559427 -0.0037357679328052654 -0.7452691577267389 -0.011841229785472814 0.9998045608311639 0.01583115407541824 -1.4484632983498789 0.0039234569993890755 -0.01578568653530831 0.9998677005485452 102.11716846841426
0.9999318531479819 0.011143592648879588 -0.003479852064485905 -0.7572298058177013 -0.011089601204797093 0.9998234682017089 0.015167504652997224 -1.4646222510597546 0.003648258573124061 -0.015127881173324247 0.9998789113857457 103.47077960873874
0.9999310623868854 0.011244548419572564 -0.003380912901091396 -0.7688604248347254 -0.01120042493986745 0.9998553663709138 0.012798314015160862 -1.47636455740431 0.0035243354764681865 -0.012759564331730732 0.9999123824560655 104.81339569336717
0.9999360422890259 0.010729643168954443 -0.0035757596892083306 -0.788282397432396 -0.010687383768501422 0.9998751937885086 0.011635149115482305 -1.4836488395604959 0.003700154731814589 -0.011596189681701155 0.9999259158812394 106.14711988139126
0.9999532938291409 0.009067402505166649 -0.003345496362648902 -0.8022925141557691 -0.009023633218700453 0.9998764066499561 0.01287421776584849 -1.4994553410000186 0.0034618188983293703 -0.012843428191223394 0.9999115271730712 107.48091683584168
0.9999804327711556 0.0056151142094395395 -0.0027576350706337294 -0.8085680954229265 -0.005573689207660368 0.9998748392043454 0.014806752491218956 -1.503712860603497 0.0028404317807704843 -0.014791092861410629 0.9998865713323051 108.80926087468393
0.9999892264931125 0.004238571390425673 -0.001892458457350768 -0.8210090473628262 -0.004207917116081671 0.9998644367478169 0.01591859168590468 -1.5221727242446506 0.0019596741750044114 -0.015910457196942628 0.9998715002636217 110.14936578767173
0.9999925062971593 0.003666213227009881 -0.0012434714423577547 -0.8302220504767537 -0.0036473313254769017 0.9998829057790719 0.01486175310504285 -1.531815256118035 0.0012978123162880112 -0.014857106679828612 0.9998887848520025 111.48081085939513
0.9999860779569538 0.005233131935763682 -0.0006769128791782458 -0.8456108089425924 -0.005224305314939986 0.9999089300068218 0.012443405162059832 -1.5387417876554814 0.0007419692860937016 -0.012439695774677951 0.9999223487134086 112.80121346359313
0.9999669856638913 0.008108482706924696 0.0005292199846035448 -0.8476282577495771 -0.008113720011336796 0.999908926682051 0.010784521441069273 -1.557302984823368 -0.0004417257102938704 -0.010788459558520242 0.999941705311782 114.13988969169623
0.9999446787064499 0.01032865020818226 0.0019895955666968373 -0.861216290376644 -0.010349010533247379 0.9998912123924143 0.010510060962140605 -1.5604122151617805 -0.0018808245310867984 -0.010530070091373883 0.9999427884253923 115.45663334301462
0.9999265403617247 0.01163601224515484 0.0033936817426645696 -0.8787774589765943 -0.011677444915906606 0.9998542375823026 0.01245555666453513 -1.5720529630075937 -0.003248254326672714 -0.012494271467987038 0.9999166675403157 116.80581507951638
0.99992352557496 0.011582666200767 0.004334146158476757 -0.8819401372359263 -0.01164560659266136 0.9998228041114363 0.014789869742439713 -1.5774640195040026 -0.00416207238168957 -0.014839212754691545 0.9998812304067151 118.11245768904234
0.9999210625836721 0.011424695339201627 0.0052292367114245356 -0.8820133834034922 -0.011505157590081548 0.9998117355112784 0.015624496883214201 -1.5901107417875173 -0.0050497475299319744 -0.01568342703199513 0.9998642558706043 119.47540937240666
0.9999099142029626 0.011863986385132148 0.006277681380963925 -0.8840981872676198 -0.01195762486744495 0.999814563504508 0.015094828045916128 -1.598064443249383 -0.00609743293908574 -0.0151685346783823 0.9998663595038607 120.79736979744139
0.9998813525753985 0.01338879191613004 0.007617151459690087 -0.8826635143155946 -0.013500703411212763 0.9997988024662807 0.014835282994399353 -1.6066940048042055 -0.007416993006141943 -0.014936360027583551 0.9998609370124432 122.11696317950933
0.9998488114897476 0.015033063485983891 0.008738485713587514 -0.8891950714707063 -0.015158743953332908 0.999779978251522 0.014498537935279629 -1.6076491744099148 -0.00851860632445093 -0.014628810683311386 0.9998567053550036 123.477930337225
0.9998235375362783 0.01595667569204384 0.009913538908378232 -0.8871671592087808 -0.016093745920107518 0.9997738085613952 0.013904067528619894 -1.6198282516012483 -0.009689434662852634 -0.014061160240445923 0.9998541886831702 124.81079968054343
0.9997967365860672 0.01690880480709496 0.010980791975153621 -0.8826266739922884 -0.01705521733353032 0.9997650262636937 0.013379531478218814 -1.6268281939737055 -0.010751980789961887 -0.01356409197414921 0.999850193937341 126.14845801552005
0.9997995027966325 0.016085652770581 0.011925013451675608 -0.8781358686378988 -0.01624318100022451 0.9997805020542132 0.01323279340040629 -1.6381581763353936 -0.011709538795587091 -0.013423840681632026 0.9998413310127351 127.49234915727862
0.9997889218072566 0.015959991155587487 0.012937947169274322 -0.8801051165699953 -0.01614108758421605 0.999771485481635 0.014015782050187909 -1.6474944320200395 -0.012711299966650488 -0.014221656444843954 0.9998180671206788 128.8092002588889
0.9997985443802959 0.014618286915359938 0.01375413792683612 -0.8668176710352583 -0.014828223229121893 0.9997731852633869 0.015287310277668853 -1.6536348724619465 -0.013527545129453568 -0.015488180296057526 0.999788538539586 130.16757078491858
0.9998082862996063 0.013630735364702362 0.014056801579257977 -0.854956389754849 -0.01385073652444458 0.9997812166401575 0.015674054323422264 -1.6611320056663053 -0.01384007845605062 -0.01586574675939951 0.9997783405884744 131.5014122010011
0.9998198739034397 0.012808923714181197 0.01400539875765994 -0.842058237814679 -0.0130367646364939 0.9997821595051335 0.016299580593582955 -1.6746170188816691 -0.013793568883444088 -0.016479230024379468 0.9997690595519708 132.8438779636711
0.999849981767593 0.010382761112080849 0.01386406189093657 -0.8351601536788741 -0.010617548672455327 0.999799621592614 0.01697010134888458 -1.671436529480271 -0.013685088467300426 -0.01711475821033695 0.9997598728732937 134.1771490999146
0.9998727262195818 0.008866018652420331 0.013263674505175215 -0.8211592836327422 -0.009092637710240666 0.9998120278140119 0.017124047118763846 -1.6831321818420744 -0.013109360276635701 -0.017242469799492583 0.9997653934351928 135.50443741468206
0.9998878036705141 0.008780312230847532 0.012136151569599614 -0.8149391472907874 -0.008987130046795667 0.9998135086261953 0.017093258134531317 -1.693045072420789 -0.011983805137977217 -0.017200409842115003 0.9997802430120768 136.86571722051883
0.9999223176210743 0.005774749321405608 0.011045858436924178 -0.8035850530180857 -0.005977250012738433 0.9998130523080848 0.018388390886666973 -1.6897806451855992 -0.01093760600120937 -0.01845298664942021 0.9997699015578132 138.21591291363862
0.9999369547488945 0.005229423356943215 0.009936782952335223 -0.7927502574169873 -0.005411025172111365 0.999817210897382 0.018337546221140314 -1.6988504143062013 -0.009839072641177901 -0.018390158667076825 0.9997824736990215 139.54550121146482
0.9999540005873152 0.004049134036885776 0.00869489633304141 -0.7898189943742677 -0.004210321801949567 0.999818128977072 0.018600595626460877 -1.7019659603880644 -0.008617999392028909 -0.018636348684983664 0.9997891860769222 140.9002103673198
0.9999653098485674 0.0037473422169552227 0.007438852429581823 -0.7893233207626542 -0.00388297223739146 0.9998249516243741 0.0183026947205442 -1.7052469469298321 -0.007368964418142086 -0.01833094501292189 0.999804818362326 142.2197446093332
0.9999730244846242 0.0034815581595760217 0.00646753861743053 -0.7907422992090118 -0.0035980022149870606 0.9998300545857537 0.018080827547940888 -1.7034406560860806 -0.006403490562997641 -0.018103610380839318 0.9998156103013026 143.56390659285074
0.9999835017411751 0.0013635716255470639 0.005580046724834079 -0.7735784345060175 -0.0014531221670841315 0.9998697188571247 0.016075874587160952 -1.710106551587195 -0.005557399600279643 -0.016083718166334967 0.9998552041775128 144.92164547475878
0.9999890034404411 -0.0016289859084169297 0.004397659682527366 -0.7838616005628694 0.0015617296626010066 0.9998824309390493 0.015254025399378713 -1.7353752964100677 -0.004421991607499421 -0.015246989997673857 0.9998739797032664 146.2323580139514
0.9999388939656566 -0.010575240947047447 0.003220656404229711 -0.7804971890895483 0.010515570404027615 0.9997824562052993 0.018012857205164694 -1.7263201765506242 -0.0034104463484551867 -0.01797788981519675 0.9998325681522667 147.6021742808139
0.9998302440503936 -0.01834556139116044 0.0017098157188369582 -0.7676146167639359 0.018308147745335117 0.9996363532174406 0.019798308876289368 -1.728087156896503 -0.002072405198619973 -0.01976364481058081 0.999802532247236 148.91391529640686
0.9997740032978799 -0.021244567800939494 0.0007814570693536729 -0.7500745933405695 0.021228253614984767 0.9996305552548824 0.016973928140493585 -1.735477725193828 -0.0011417722125715364 -0.016953503436822403 0.9998556271200947 150.22826421887186
0.9997888067767364 -0.020532754786671825 0.0008647729032105027 -0.7680474375908957 0.02051884275740069 0.9996938069778817 0.013830017015936098 -1.7436516697386197 -0.0011484765482095687 -0.013809352326379427 0.9999039867876792 151.6093006790275
0.9998575718180956 -0.016776186010136824 0.001842735080209511 -0.777272313535227 0.01675350600442889 0.9997911685912496 0.011702103676288768 -1.754129525145593 -0.0020386670888307918 -0.011669564909215849 0.9999298300844823 152.94053589369287
0.9998650925604137 -0.016200181825725676 0.0027112360392580123 -0.7841323791696975 0.016167094259035113 0.9997995432704929 0.01181094094094804 -1.768880183182241 -0.0029020321790566932 -0.011765514965679211 0.9999265727378959 154.3105716596855
0.999816609377579 -0.018885031173796654 0.003178556579132896 -0.784050395682373 0.018836474428669127 0.9997149494735168 0.014669935814640343 -1.7738484952164635 -0.003454693003819732 -0.01460737295690501 0.9998873385303781 155.6270212771722
0.9996497727703385 -0.02621361982739967 0.0036301430181599776 -0.7743825032583844 0.02614391204271886 0.9994947366689655 0.018076704006608758 -1.7774547331199813 -0.004102165016702647 -0.017975467243778482 0.9998300129638847 156.9660669762269
0.999549613651027 -0.02979227644996557 0.00360417943448523 -0.7647439396558683 0.029715901904786075 0.9993650957217465 0.0196563126390019 -1.7798852710734867 -0.004187497761447934 -0.019540358620541223 0.9998002996861829 158.32016749738884
0.9995265204140513 -0.030576959501824333 0.0034328603281436392 -0.7578159784945211 0.030504024615820417 0.9993425039494104 0.019597558106606797 -1.790711256662207 -0.004029837299023566 -0.019483563364311757 0.999802055996666 159.65427449118673
0.9995680659153278 -0.029037323454813448 0.004529398049432191 -0.7656384441826668 0.0289407158252008 0.9993788721785762 0.020107332195261226 -1.7856278611580323 -0.0051104482365590415 -0.019967563498517124 0.9997875673019379 161.02938474876564
0.9996198419097657 -0.02697219845475103 0.00571595779909238 -0.7715478845133439 0.026853842367116965 0.9994420732136009 0.01985984476350258 -1.780430257713967 -0.006248432897439548 -0.019698799815675183 0.9997864343828586 162.36713212247332
0.9997191112484206 -0.022759889671283617 0.00660954134040071 -0.780421317923308 0.022639227245850997 0.9995853967671043 0.017790445413723505 -1.7866089793321511 -0.007011710154600694 -0.017635813693804986 0.9998198907792325 163.71074875929926
0.9997405066356703 -0.02158314200182531 0.007286109030449818 -0.7779392746240534 0.0214543187378608 0.9996198142415291 0.017318751989272026 -1.7809774796944522 -0.007657132670654879 -0.01715793969798913 0.9998234711316405 165.0654378249356
0.9997855782465852 -0.019247937222525144 0.007636390306525956 -0.7776778692198048 0.019102434154586713 0.999642823597274 0.018690163817996135 -1.785606654641029 -0.007993410527075775 -0.01854028294148068 0.9997961608742032 166.41064079987692
0.9998043749883819 -0.01829417434523589 0.007518972931870567 -0.780374298442295 0.018150937982778285 0.9996604397899111 0.0186962175936717 -1.7854414257417015 -0.00785845229987923 -0.01855608407984862 0.9997969376194927 167.73584477435435
0.9998472812594368 -0.015984666855479317 0.00706431877110317 -0.7784527873402369 0.01586550375091669 0.9997360908361851 0.0166142846228281 -1.7923139845884302 -0.007328028842168253 -0.016499668641252258 0.9998370171826674 169.1185522543906
0.9999178248783707 -0.011089911726984869 0.006430969198719153 -0.7845544996757038 0.011000677033047891 0.99984496165677 0.013749099569652668 -1.8042547850846322 -0.006582448996884361 -0.013677224976287171 0.9998847958045582 170.51666000841797
0.999965810993625 -0.005467005421778777 0.006203926884780918 -0.7852046479692059 0.005388535734728079 0.9999061548132047 0.012595445116981768 -1.8135462428890092 -0.006272204562362746 -0.012561584647808178 0.9999014281615282 171.86954320330594
0.9999760086518122 -0.00233364984164746 0.0065219789209871 -0.7955326437950458 0.002244438959067563 0.9999042808826657 0.013652529343719305 -1.8130910260103548 -0.006553215408481936 -0.013637563879224235 0.9998855295573631 173.24530142730939
0.9999713460666882 0.00200814796754521 0.007298930775003904 -0.7992632661747947 -0.0021248876123429643 0.9998693872476309 0.0160216507937523 -1.8250129311230248 -0.0072658041972969425 -0.016036701429726567 0.9998450041366426 174.62494668260697
0.9999703113743382 0.0021544617802115073 0.0073982881290094 -0.8018532260850615 -0.002287176067376771 0.9998357821789096 0.017977138134996504 -1.8253270243483566 -0.0073583427486967916 -0.017993525956325623 0.9998110260532028 176.02643155209586
0.9999781501609494 -0.0002745049502737001 0.006604835697179661 -0.7984242251781462 0.00014574816459948792 0.9998101014386588 0.01948691377163602 -1.8266668601968323 -0.006608931245465597 -0.019485525721488758 0.9997882957499697 177.40199447414977
0.9999831653842959 -0.0029460062550283744 0.004999000392675906 -0.7989266764992164 0.0028477875950183706 0.9998049741650452 0.01954235723901571 -1.823205259902966 -0.005055597776412871 -0.01952779253815113 0.999796532427535 178.7678856716343
0.9999897345855926 -0.0035312982327318897 0.0028391309997700146 -0.7995785094361563 0.00348569577918594 0.9998673549704759 0.01590982015427641 -1.8342369721991951 -0.002894936954512252 -0.0158997607947559 0.9998693999468281 180.10318153400158
0.999999313567697 0.0001275363178592382 0.0011647317642430783 -0.8091427994635298 -0.00014118663747030198 0.999931224546958 0.011727158150549007 -1.8517687108576255 -0.0011631561095339297 -0.011727314775502139 0.9999305561680907 181.52391152705454
0.9999948121713872 0.0031494769913255312 0.000675588795248638 -0.8369784671369762 -0.003156579005055714 0.9999368901540375 0.010782009091058213 -1.8479198218995982 -0.0006415885150890062 -0.010784085919689785 0.9999416442262237 182.9088607699135
0.9999793726532669 0.006408058929395408 0.0004370769944670829 -0.8503840870368511 -0.006412875970337736 0.9999063418913449 0.012090594514975662 -1.8501465234427528 -0.00035955883753722886 -0.012093148281611595 0.9999268105646785 184.2525620707336
0.9999603582967648 0.00887708984249319 0.000692165008689015 -0.8545718222412357 -0.008886648026371034 0.999843322659406 0.015308743675981775 -1.857734307277905 -0.0005561595043265062 -0.015314288146301687 0.999882574741169 185.69167053631932
0.9999514275449827 0.009767125905707113 0.0013212804736192202 -0.8688701577503757 -0.00978915899645552 0.999792810543583 0.017846802646054684 -1.8668455129919879 -0.001146694832896627 -0.017858870366210502 0.999839860101218 187.07432130069404
0.9999606166878807 0.008755296113658233 0.0014525308890364988 -0.8773447796465008 -0.008780836337275394 0.9997880275614605 0.01862248285447846 -1.8656964743935376 -0.0012891777352379238 -0.018634504248370803 0.9998255314201937 188.5065533242712
0.9999674455540026 0.00797156012188784 0.001249818432885371 -0.881617143464691 -0.00799433535583726 0.9997794330791688 0.01942101441656575 -1.8701160336924345 -0.001094727057594083 -0.019430374032066718 0.9998106131393584 189.91430775995084
0.9999862936250219 0.005072834630382135 0.001295724824955884 -0.8872862137204176 -0.005097725246651476 0.9997872094975156 0.01998871986217144 -1.8701442845343756 -0.0011940497218086783 -0.01999505153544236 0.999799365957086 191.28557095862845
0.9999924933377883 0.003453265914930023 0.0017573328172314057 -0.8901572032684755 -0.0034881975539145724 0.9997882817065942 0.020278664539681128 -1.8742716489283966 -0.001686933263112426 -0.020284642639704763 0.9997928223075003 192.7327374850254
0.9999977743410577 -6.817309448320374e-05 0.0021087124801672593 -0.8899941970616949 2.3194280448429055e-05 0.9997726457232123 0.02132267135599261 -1.8681234237776436 -0.002109686848962051 -0.02132257540742047 0.9997704221511596 194.12825777078837
0.999985603392985 -0.004794358106331427 0.002409802197228656 -0.8867329414608078 0.004737441754041614 0.9997220693613299 0.023094169346611966 -1.8646368518633845 -0.002519854351420806 -0.02308242102060851 0.9997303897471946 195.56394787408692
0.9999649801337488 -0.007962452649980694 0.0025764056639446765 -0.8824242097426858 0.0078993924723456 0.9996896910657811 0.02362458788332528 -1.8642990140462268 -0.002763716058650013 -0.023603408970780802 0.9997175806041333 196.96732758144256
0.9999784653041843 -0.005945083514122157 0.002779374190055965 -0.8910873076985206 0.0058891901696039965 0.9997885230008507 0.019703469173035566 -1.8633995790045657 -0.00289592541454057 -0.01968667698277227 0.9998020045848325 198.3981672798458
0.999994669459254 0.0010649904341898222 0.0030865596651653126 -0.9032816789195568 -0.0011104463356903568 0.9998904055231769 0.014762921364160268 -1.8673036336696809 -0.003070499272863852 -0.014766270418030475 0.9998862581786344 199.82086844003737
0.999936298928985 0.01036719942187923 0.004463097764798938 -0.9220330035077886 -0.010429441535239163 0.9998454046656052 0.014156042394214897 -1.8609327188254658 -0.004315649630072523 -0.014201688540695305 0.9998898375379279 201.25621426138724
0.9998312629831189 0.017384349536604695 0.005935479002950794 -0.9430783308297044 -0.01748880874638175 0.9996845591893301 0.018025640793571412 -1.8614722089831877 -0.005620243131860842 -0.018126404023827106 0.9998199069568114 202.71781366351956
0.9998077134299005 0.018425332077413162 0.006711427447436982 -0.9450636894018886 -0.018557246831113417 0.9996246550116775 0.02015385134507021 -1.8583944389768938 -0.006337567463464164 -0.020274522054414587 0.9997743640434247 204.12362345233268
0.9998263106748339 0.017535092771648365 0.00631418733213012 -0.9427068620634451 -0.017663333322318238 0.9996263311656752 0.020861561139812815 -1.8604993088950414 -0.005946018993826284 -0.02096946772673937 0.9997624349246993 205.58893780125234
0.999890780516233 0.013882729017491333 0.0050692054766779595 -0.9376064539425804 -0.013986524781840592 0.9996806091020499 0.02104891762744905 -1.858757341278443 -0.004775370386468724 -0.021117519666522505 0.999765595630746 207.02392819885986
0.9999210267879646 0.011948293996128234 0.003895950957807365 -0.9331106144636692 -0.012027252983886561 0.9997088967755111 0.020915709661921116 -1.861131757031379 -0.0036449100776351547 -0.020960915888247174 0.9997736517045047 208.46301220124622
0.9999151300646006 0.01256293944469818 0.003450390412836702 -0.9411414340656323 -0.012630606070900708 0.9997132440816454 0.02034446896881121 -1.8559940545175402 -0.003193814915540197 -0.020386323265970424 0.9997870760200853 209.9276333599517
0.9999008861729902 0.013677789283037641 0.003337046685080488 -0.9449303292531399 -0.013743442344382802 0.999695072141567 0.020515373540240585 -1.855720714090179 -0.0030554244127306736 -0.020559203104978933 0.9997839684434148 211.39305114284682
0.9998826450623992 0.014989417187380664 0.0031644020673365146 -0.9547979874366832 -0.015054053272152354 0.9996555214559003 0.02149916113431242 -1.8528446537823735 -0.0028410523269662463 -0.021544275612696125 0.9997638584277244 212.84434538299837
0.9998950272968794 0.014206922761355475 0.0028456458133177534 -0.9641973063768046 -0.014264663234726518 0.99966884883342 0.02141756472750503 -1.8524684376842848 -0.0025404259848554244 -0.021455909078757673 0.9997665678596971 214.29074072831938
0.9998896646095816 0.014638817217394592 0.0025226182877211255 -0.9670353312654796 -0.014687763007662624 0.9996794935495346 0.020619888957613828 -1.8493913717701367 -0.00221995915866375 -0.020654665890187936 0.9997842049994788 215.76185211709526
0.9999010690815502 0.013894657601092195 0.0021887228107879504 -0.9742208644603 -0.013936489922977123 0.9996942896458199 0.020423063482535385 -1.8500871637074394 -0.0019042823666188078 -0.020451546535691083 0.9997890317268443 217.226658064815
0.9999008315586028 0.013971966430552155 0.0017638507661786602 -0.9798690934337646 -0.014005065428871633 0.9996937349197167 0.020403297005584346 -1.844730585099289 -0.0014782364887792946 -0.02042597689989692 0.9997902751544558 218.68676922407417
0.9998815973476788 0.015316580611234669 0.0014810826399784193 -0.991098421346712 -0.01534335295481427 0.9996788154371935 0.02017046145219695 -1.848380896341469 -0.00117166452398688 -0.0201907983984968 0.9997954585170509 220.20517401265323
0.9998941685851899 0.014484369403036424 0.0013618506115870227 -0.995748310547653 -0.014509017565642213 0.9996891095577356 0.0202773930004729 -1.847236944348329 -0.0010677220492717574 -0.020295006539962697 0.9997934650158772 221.69772772079534
0.9998794625292944 0.015495569981324453 0.0009734904808525774 -1.0050529542071964 -0.01551210513367314 0.9996748057084767 0.020239996432373654 -1.8419956843005987 -0.0006595436665344898 -0.020252658051589344 0.99979467634801 223.15560112486403
