1.0 -3.469446951953614e-18 0.0 -1.7787691892340307e-19 0.0 0.9999999999999999 -3.5405977195229754e-19 0.0 2.168404344971009e-19 -2.354751593366955e-19 1.0 0.0
0.9999998184236251 -0.0001920850232811945 -0.0005711877703400902 0.0023623220759034095 0.0001924746445146272 0.9999997488292218 0.0006821250560820844 -0.022605926090915572 0.0005710566496940094 -0.0006822348851515522 0.9999996042253559 1.3271691435190551
0.9999996106291743 -0.0006537789352943687 -0.0005927180634304468 -0.007919513178060316 0.0006544457365945475 0.9999991525635218 0.001125420722648312 -0.03902273942997718 0.0005919818357649513 -0.0011258082084223669 0.9999991910569219 2.628002273801946
0.9999985244154309 -0.0013027885225958633 -0.0011197808784350139 -0.009237918093241298 0.0013039059154677044 0.9999986522689209 0.0009976409880589597 -0.0746863043332523 0.001118479749464476 -0.0009990996244713523 0.9999988754018504 3.9515879976599413
0.9999979703940859 -0.001937228998920874 -0.0005534921413556564 -0.02262172482950816 0.0019378220718998269 0.9999975470087418 0.0010727623416835195 -0.08804861158533576 0.000551412644931519 -0.0010738327538173656 0.9999992714139098 5.267169937196659
0.999997036378921 -0.002257119790703626 -0.0009124941099497561 -0.018649532155090798 0.0022585203953163664 0.9999962688856073 0.0015366511946255576 -0.10716273517368945 0.0009090223777324522 -0.0015387075564707359 0.9999984030282704 6.588547945280161
0.9999934119286554 -0.0035640749000146067 -0.0006880939448463098 -0.02745835817716638 0.003565774164919891 0.9999905575658861 0.002483954156186457 -0.14381065598129011 0.0006792345085711311 -0.002486391426161097 0.999996678244332 7.923302919618288
0.9999934488604734 -0.0035843750530780826 -0.0005044757888072321 -0.0465135028782244 0.0035858147715182205 0.9999894178086839 0.002882047455111991 -0.16242385186491953 0.0004941401556974973 -0.002883837585649996 0.9999957196446488 9.238816185896198
0.9999943853945131 -0.003178870621352933 -0.0010601716006701494 -0.045096460260239266 0.0031813286672287087 0.9999922372690773 0.002324767636819906 -0.18721029828362878 0.0010527733263801051 -0.0023281273827818905 0.9999967357413443 10.570550192816047
0.9999993687847709 -0.0006551737587281326 -0.0009127852844807026 -0.0661500682084681 0.0006551678753710898 0.9999997853539264 -6.791070508366857e-06 -0.2039312015990779 0.0009127896150635379 6.1930385071391005e-06 0.9999995833890292 11.891690629798024
0.9999974609329536 0.0020534361254247926 -0.0009281824258260142 -0.0662545312698439 -0.0020541173362308854 0.9999976213487369 -0.0007334183965482445 -0.23049241334906068 0.0009266742677488995 0.0007353231421284433 0.9999993002877952 13.229593873260853
0.9999825763612736 0.005857678701218167 -0.0007311369104783881 -0.09360530603499091 -0.005858246053997207 0.9999825394364347 -0.0007757495008073443 -0.25272880800631503 0.0007265801134718596 0.0007800191746458177 0.9999994318260829 14.569979383574177
0.9999824980340419 0.005907204708004316 -0.00032946281567014816 -0.11424904217719009 -0.005907192547231523 0.9999825516300411 3.903269550063731e-05 -0.28002457526652186 0.000329687668709484 -3.70858175854426e-05 0.9999999449655997 15.920241422566376
0.9999906106483816 0.004331838600978623 -0.00011739235633997339 -0.1043758587273754 -0.004331475290246993 0.9999863025266893 0.0029382117842349583 -0.30647546020984573 0.00013011862068403046 -0.0029376757755641266 0.9999956765561292 17.262322216780927
0.9999999873561882 -0.0001562310253649512 -2.9659686001431464e-05 -0.11691822874944668 0.00015637946430547243 0.9999871250157234 0.005072016049569641 -0.33460387636493466 2.8866904432920922e-05 -0.005072020723477298 0.9999871368041284 18.627756867929524
0.99999782463288 -0.002048658823199538 -0.00039208287747600893 -0.1084249613329046 0.00204997750041613 0.9999921439279651 0.003392590582577068 -0.368380182514624 0.00038512957205775306 -0.003393387029151607 0.9999941682834819 19.963717348896665
0.9999955365716997 -0.002976101696689706 -0.00026393034908640876 -0.1171557198051627 0.002976335947819233 0.9999951738453358 0.0008909017681138828 -0.36845357118455496 0.0002612776840638404 -0.000891683352532537 0.9999995683175634 21.31949843574183
0.9999996400300711 -0.0008475206433744761 4.061874141459733e-05 -0.13133911101730633 0.0008475283976465391 0.999999622813318 -0.00018991452916284913 -0.4259705847047585 -4.045777312587889e-05 0.00018994889076174383 0.9999999811412503 22.671777519461436
0.9999988284632028 0.0012981975201007499 0.0008110205823243987 -0.14202851828653626 -0.001299046153059446 0.9999986085281484 0.0010466245351423422 -0.4129499949299911 -0.0008096607960938875 -0.0010476768831351045 0.9999991234103764 24.03830705713363
0.9999969016163764 0.0018283319252479805 0.0016893664999236078 -0.15567470903154965 -0.0018379501259427897 0.9999820121519138 0.005709405724277062 -0.43823252490117887 -0.0016788975604628581 -0.005712493118343824 0.9999822742051087 25.42725200081094
0.999998381566225 0.000165631935030457 0.0017914890993362715 -0.14883747679769327 -0.0001773168696406896 0.9999787009658128 0.006524275593641926 -0.4651445971430008 -0.0017903704599769917 -0.0065245828230398525 0.9999771119339843 26.800481682568027
0.9999893031151013 -0.004296024410114474 0.0017140121979472033 -0.151814170606396 0.004285980934158145 0.9999738724952618 0.005821055493719121 -0.4867748951746432 -0.0017389749535219217 -0.005813647112838304 0.9999815885667028 28.168169738821618
0.9999890167327407 -0.004423891977689382 0.0015477731605027523 -0.15942968254381795 0.004418326612612456 0.9999838271439758 0.003581038088740076 -0.5033986245676069 -0.001563590383189294 -0.003574160255682897 0.9999923902521051 29.528198643628897
0.9999873219333442 -0.004405125251737542 0.002439437074451584 -0.1732366098166695 0.004401202497687107 0.9999890166391051 0.0016112143133932843 -0.5474787145538799 -0.0024465080872351896 -0.0016004574559471917 0.9999957265564343 30.914513911272984
0.9999942507656527 -0.0017904682749767219 0.002879698840614642 -0.17686651590088875 0.00178903013955381 0.9999982737090475 0.0005019435319075683 -0.5461857983900256 -0.0028805928262932725 -0.0004967887841743327 0.9999957276819903 32.30909648929077
0.9999942872366934 -0.00012558393122710267 0.003377828750103825 -0.1828506562396472 0.00013074010549143228 0.9999988266625898 -0.0015262963069546372 -0.5902730263372913 -0.003377633395152094 0.0015267292382085543 0.9999931303194644 33.68091967190587
0.999993933433851 0.0001340561534661274 0.0034806793200279715 -0.1960209381995603 -0.00012994486789430146 0.9999992937332519 -0.0011813753313590525 -0.584616120787728 -0.0034808355275014313 0.001180915894058746 0.9999932445858072 35.07485109590333
0.9999954264503234 -1.5728195046103843e-05 0.003024373479450559 -0.19359895629336282 1.3867898271555101e-05 0.9999998107162913 0.0006151218981849269 -0.6327326196548908 -0.0030243828368264236 -0.0006150771528401117 0.9999952373810497 36.46818656931867
0.999995104897275 0.0012458112738519935 0.0028702155542452085 -0.20821521676199162 -0.0012516423504880195 0.9999971549149992 0.0020306538632801634 -0.6466253359873367 -0.0028676778175337632 -0.002034236445077655 0.9999938191322341 37.8683901399589
0.9999906524704111 0.003568321294143177 0.002441731259753179 -0.2027943030231609 -0.003574772422865023 0.9999901185447146 0.0026426920345371686 -0.6706158311765033 -0.0024322773612628344 -0.002651396018477503 0.999993527040677 39.26197454318713
0.9999754274989014 0.006333794002971165 0.003004570326164019 -0.2257413310010285 -0.006341509979993905 0.9999766017055793 0.0025654054182534932 -0.7029770427901972 -0.0029882515257332503 -0.0025843959458910363 0.999992195593076 40.6654595389932
0.9999538543173189 0.009123615888190897 0.003008131090661295 -0.2333625744655934 -0.00913332649726555 0.9999530731653073 0.003230144568533857 -0.7363516203509047 -0.0029785195799312833 -0.0032574698234725335 0.9999902586066943 42.08975642817568
0.9999491617051733 0.009744167659178625 0.0025932958063612076 -0.23191202328361787 -0.00975213489651517 0.999947711709397 0.0030772932076601474 -0.7432681773081021 -0.0025631747611147573 -0.0031024270003760833 0.9999919025067542 43.47716935789566
0.9999619734771342 0.008463031772983328 0.002104442290928563 -0.2455108580078469 -0.008469450650735077 0.9999594518304119 0.003059921321025803 -0.7651391144157375 -0.0020784609219734024 -0.0030776284984372587 0.9999931040766212 44.89952811957347
0.9999667675140569 0.008043017803487812 0.0013318095611982372 -0.23988220020687512 -0.008046751693887005 0.9999636423649845 0.002822012056766563 -0.7988602971267089 -0.0013090637553811795 -0.0028326350760579187 0.9999951312527905 46.29925392498507
0.9999695365318552 0.007783229577012142 0.0005893470102221324 -0.25828640566300376 -0.0077851938588648795 0.9999638923861779 0.00340656664865083 -0.8251668559103551 -0.0005628116853054756 -0.0034110511262744553 0.99999402396868 47.730992650080246
0.9999698658677413 0.007745168290347304 -0.000528873596279008 -0.2652385834973267 -0.007742708112581273 0.9999598716501493 0.004506170871477234 -0.8386306689126495 0.0005637534759963439 -0.004501940263165852 0.9999897073059236 49.12992743085388
0.9999589640934493 0.008954512619713055 -0.0013736123432359438 -0.2806935410036207 -0.00894837605287755 0.9999502344997685 0.00441079455266529 -0.8707787156073503 0.0014130406226266238 -0.004398322046611491 0.9999893289844103 50.556108600430875
0.9999570790516933 0.008897169315485447 -0.002584648612333692 -0.2905151917269567 -0.008884851400364222 0.9999492992070226 0.004739034649069523 -0.885629474327771 0.002626681787499032 -0.004715867128265203 0.9999854304667226 52.00140343854083
0.9999460483735445 0.009742700979271 -0.003602789356403682 -0.303590189587825 -0.009719294607473956 0.9999319103567322 0.006458326626643699 -0.9212010967790429 0.003665465903263365 -0.006422961755293223 0.9999726545913488 53.41022104383336
0.9999620132922408 0.007455316685545978 -0.004515551049323411 -0.3106931768148013 -0.007423175185590443 0.9999472881208272 0.00709348035788865 -0.9281313285793159 0.004568197559907673 -0.007059691321994932 0.9999646455451504 54.870330818199
0.999971085512325 0.005599755652102068 -0.005144983448249742 -0.32359799912639997 -0.005560788480029373 0.9999559819896542 0.007557229878004807 -0.9441715151991344 0.005187076061129021 -0.0075284013567759565 0.999958207840388 56.265911371241074
0.9999823624212623 0.0025718256243870193 -0.005353554344264606 -0.34552993434254337 -0.0025338210223739346 0.999971629215095 0.007093695686816044 -0.9557141151389217 0.0053716466675855145 -0.007080005768541565 0.999960508691751 57.692286204140814
0.9999829876922155 0.0022006446802351684 -0.005401988014647598 -0.359337139936321 -0.0021604179743032106 0.9999699797664786 0.007441247321623088 -0.9855955605211383 0.005418201850800548 -0.007429450329354239 0.9999577222910184 59.13997288695795
0.9999848375446867 0.001940540576795457 -0.005153539507931369 -0.36550520866434494 -0.0018980900753440355 0.9999643370332139 0.008229332697306546 -1.0192784335765541 0.0051693255148275025 -0.008219426205917578 0.9999528584484627 60.546633128246775
0.9999896110700204 0.001175194609599555 -0.004404163856486857 -0.3840182658758176 -0.00113419415769831 0.9999561066292306 0.009300452541409035 -1.0417868173782072 0.00441490076513273 -0.009295360930442998 0.9999470510621248 61.99449054007855
0.9999899513388901 -0.0017867358313095986 -0.0041115436625004526 -0.39670820690594016 0.0018230919812090574 0.9999591253182901 0.00885573389611617 -1.05147002545292 0.004095553100811001 -0.008863140806782336 0.9999523344591632 63.39522545236462
0.9999886733308373 -0.0029420294389968654 -0.003741346031348616 -0.40863780805670136 0.0029720265336194897 0.9999632817419095 0.008037550599963356 -1.067755813894487 0.00371756226604961 -0.008048579100370407 0.9999606992849949 64.80894378116403
0.999992297490004 -0.0025681991333369666 -0.0029680485739617384 -0.41168559753325873 0.0025926580856782747 0.9999624713593964 0.00826643760299333 -1.0929583454354312 0.0029467075851506664 -0.00827406922931934 0.9999614276063595 66.31279689693403
0.9999963946307822 -0.0011398037517410618 -0.0024313721213462727 -0.43498787580147286 0.001159304674747506 0.9999670529969578 0.008034234817789742 -1.1119255943651385 0.002422134775217958 -0.008037024711978062 0.9999647691311452 67.62177660131547
0.9999976906773286 0.0013472317808414097 -0.001674395839620859 -0.4456343404959742 -0.0013313287376809568 0.9999543392735912 0.009462924015673963 -1.125146783423838 0.0016870682876100628 -0.00946067318029998 0.9999538236686034 69.09193055139414
0.9999845197031958 0.0054988390497646466 -0.0008503592196095176 -0.4693165662305113 -0.0054892317644516814 0.9999253565586482 0.010915569278202404 -1.1469144483756335 0.0009103187898714423 -0.010910732703108819 0.9999400618221486 70.46847249095337
0.9999572974591163 0.009241336236150657 -3.0695442485513145e-05 -0.4848716846266792 -0.00924033990209877 0.9998884132213267 0.011737855014168231 -1.1692618169804583 0.00013916550282457485 -0.011737070380137157 0.9999311085351692 71.93994909322305
0.9999205769549853 0.012600844586752136 0.00024180008227214257 -0.4975973442803338 -0.01260273031844605 0.9998614085742311 0.010878182718781661 -1.172038057214998 -0.00010469228185748807 -0.010880366305629134 0.9999408015838853 73.29042778285331
0.9998353556459616 0.01808714866669258 0.0014548556069809155 -0.5098639239294942 -0.018101980536374004 0.9997764625829991 0.010924431895643447 -1.2041168262511686 -0.0012569386669755158 -0.010948969246127432 0.9999392682456585 74.67757881284157
0.999801368834908 0.01982696155806607 0.002028402385214578 -0.5272865130871817 -0.019847461989024328 0.9997463863767725 0.010641486409613354 -1.2204256851209916 -0.0018168997588576508 -0.01067963154221435 0.9999413204516278 76.134628103006
0.999820216290321 0.01882153646501828 0.0022988718444355294 -0.531562137170204 -0.018846108185399363 0.9997598860773947 0.011180091509556282 -1.2258321384797797 -0.0020878935217674972 -0.011221406532607149 0.9999348582468772 77.51543909462146
0.9998404229815655 0.01770216516210061 0.0024003905283158725 -0.5363977797306821 -0.017728592507186367 0.9997769833322847 0.011475219016078184 -1.2430855382982822 -0.002196719156322289 -0.011515943619126997 0.9999312763728726 78.91175912638369
0.999858016175003 0.016703927958862653 0.002219513245512648 -0.5477559715418127 -0.016726322441935858 0.9998051179046024 0.0104860092898016 -1.2561766933767962 -0.0020439233235987142 -0.010521644958814627 0.9999425570329524 80.28001304126555
0.9998627938640969 0.016449424871992198 0.0019518775637003623 -0.5498557991536204 -0.016469306227636413 0.9998076684106265 0.010648388616109648 -1.277167821726822 -0.0017763424299150703 -0.010679073882807333 0.9999413992778693 81.64636787801089
0.9998800487607342 0.015421956043380935 0.0014322442307054847 -0.5592056016404752 -0.015436708927598554 0.9998210647985584 0.010933729419994842 -1.2872055277984038 -0.0012633685561380308 -0.010954527269600433 0.9999391992687425 83.09878094537305
0.9998653485119794 0.016359426090986166 0.0012860718697866795 -0.5726289756948576 -0.01637197481727251 0.9998114562182187 0.010440809143754906 -1.310449339705462 -0.0011150238301766771 -0.010460459027331163 0.9999446662294589 84.43589260448532
0.9998492643041897 0.017352274647961033 0.0005892266422353684 -0.5689943336187151 -0.017357711454142694 0.9997887772672021 0.01100503281360548 -1.324114806780473 -0.0003981398580694027 -0.011013601818409076 0.9999392691873411 85.84957330554161
0.9998569285882556 0.01689931002578802 -0.0007318657954280621 -0.5874101105616417 -0.01688939672139143 0.9997863631350168 0.01191538538584396 -1.3444995238902229 0.0009330713210770171 -0.011901320111347207 0.9999287414428274 87.20084056744776
0.9999133994224095 0.01303932899133908 -0.001780314508547989 -0.590748603541674 -0.013015049766566405 0.9998304115010588 0.013029073028669156 -1.34896715535757 0.0019499031318419874 -0.01300477408938504 0.9999135331302895 88.55992009164319
0.999928783990885 0.011553013401231257 -0.002992456361745579 -0.5983351831024751 -0.011510942520858502 0.9998396955530506 0.013714277967866718 -1.3698181231572384 0.0031504181714028783 -0.013678855579563678 0.9999014770399365 89.95864455229739
0.9999394588223557 0.01031655684408576 -0.0038271809675686245 -0.6123852688736058 -0.010261837237262384 0.9998486061312394 0.014052029442222362 -1.3925243126240403 0.003971570462654766 -0.014011905094947591 0.9998939409542078 91.33442790216127
0.9999600954071572 0.007565333256754084 -0.004751136792944733 -0.6287616407261369 -0.007500406563749695 0.9998802276011945 0.013537886238857986 -1.3841143618449512 0.004852986779431477 -0.013501710833288516 0.9998970708722159 92.73782060515721
0.9999786936554448 0.004323864409516029 -0.004890441080660143 -0.646857055039056 -0.004259023207806984 0.9999039058817797 0.013192411700834517 -1.3911772159546958 0.004947013765899091 -0.013171302383643538 0.9999010170328189 94.08724079257878
0.9999644657015551 0.0069080737374732325 -0.0048317520362267715 -0.6645591891985958 -0.0068455238993236096 0.9998940723389186 0.012844567454455056 -1.4146983380638238 0.00491997186483081 -0.01281103541951607 0.9999058311976059 95.44071641686675
0.999963788381117 0.0071864275837265805 -0.004558197154122421 -0.670255934830261 -0.007129202966445421 0.9998970966271822 0.012448720079492048 -1.4354981213721143 0.004647190327929783 -0.012415773232506956 0.9999121222441723 96.77293041779116
0.9999556153931596 0.008422892232107737 -0.004221623368294559 -0.6855715346815752 -0.008372399006163773 0.9998948649224136 0.011839005461736067 -1.448177620243935 0.00432089856889715 -0.011803135119442002 0.9999210048046427 98.07161144970831
0.9999469665493528 0.009436709591659022 -0.004124629917288214 -0.7122745971122477 -0.009386026316155328 0.9998822616646708 0.0121394124486851 -1.4580382278729607 0.004238700767513891 -0.012100055017970002 0.9999178076706993 99.45489825153697
0.9999419756864447 0.009923757572579708 -0.0041909742904413 -0.7220233217917447 -0.0098643221923151 0.9998537268083258 0.013972120511894903 -1.4704601024242117 0.004329017576459477 -0.0139299689541702 0.999893602132634 100.7837899149306
0.9999387473161157 0.010415046783214723 -0.0037454486363505636 -0.7300109451939252 -0.010356034536767856 0.9998270956606602 0.015444460113933835 -1.4828083407780093 0.00390565614850231 -0.015404726418643495 0.9998737121597613 102.16788685082702
0.9999495435941402 0.009277132191495775 -0.0038529282822946554 -0.757773860279652 -0.009221166722066902 0.9998552604553677 0.014297840339210601 -1.496571769266734 0.003985013913792233 -0.014261590718954676 0.9998903573431154 103.47622841366422
0.9999467180155777 0.009643777846380144 -0.0036822072490010644 -0.7716181960886447 -0.009598965357914416 0.999881925003878 0.011999830480155902 -1.506821976743557 0.0037974965017259187 -0.011963845971830448 0.9999212196075379 104.81389174461277
0.9999453160574399 0.00980391836692762 -0.003639787160036474 -0.7798575076095944 -0.009763950150112518 0.9998935623521839 0.010841091377209377 -1.513977811384691 0.003745685249188499 -0.010804960066722047 0.9999346092073811 106.15370858240715
0.9999635599410787 0.0077874033019959 -0.003497873180568405 -0.7934301646429931 -0.0077446750577397005 0.9998971932417706 0.01206743416495083 -1.54069010397334 0.0035914878649801695 -0.012039904781950377 0.9999210678443072 107.50113191613586
0.999983026923333 0.005043911719842724 -0.00291629984253267 -0.8001237899199617 -0.00500443092831638 0.9998978201214507 0.01339048138701656 -1.530002720393782 0.0029835425239920802 -0.013375659958140383 0.9999060906932258 108.87683060559853
0.999994883001158 0.0024972365351196082 -0.001999443252802465 -0.8151415002189389 -0.0024671683345101943 0.9998859125019739 0.014902183010121535 -1.5523684753564382 0.0020364296011581885 -0.014897174089775094 0.9998869571949234 110.20905857341707
0.9999960305542887 0.002519118375860962 -0.0012621060560768995 -0.8222590748774059 -0.0025013779912510135 0.9999007332382074 0.013866029590337083 -1.566909293528303 0.0012969110614770747 -0.013862817821789119 0.9999030654576252 111.48751755453134
0.9999960955756751 0.002664741192641179 -0.0008414164465699748 -0.8454343043851035 -0.002654452805552119 0.9999244650285061 0.012000754894045274 -1.571624793751066 0.0008733318794472427 -0.011998474776995099 0.9999276343317706 112.8219951819539
0.999969971494452 0.007739138832071004 0.000402273101878723 -0.8443638774538482 -0.007742694855309987 0.9999224696973265 0.009752193802119684 -1.6036494004008424 -0.00032676835198433953 -0.009755015834119246 0.9999523653110768 114.16895747032271
0.9999439862013323 0.010381248447244118 0.0020625516681960533 -0.852232819436104 -0.010400626537819048 0.9998996607690888 0.009617451956810692 -1.5933346666215853 -0.001962503713855576 -0.009638365272731963 0.9999516240771177 115.47315711910046
0.9999379614124762 0.010592863135143595 0.0034444965696118807 -0.8688965465757421 -0.010632306025578131 0.9998757066814441 0.011641532418688113 -1.6020503144539728 -0.0033207515539626664 -0.011677433371661322 0.9999263023638375 116.85361054274496
0.9999422491464154 0.009829788082894227 0.004344378096644913 -0.8768476514540273 -0.009888924679450406 0.999855778490654 0.013806933190609402 -1.6213079295547248 -0.004208032661586983 -0.013849097333273608 0.9998952419952715 118.16187284341453
0.999939758100024 0.009592978622919635 0.005334314968838724 -0.8740081974371081 -0.009673458241678656 0.9998365868773087 0.015271665334828136 -1.630913307712108 -0.005186942939255994 -0.015322346918914995 0.9998691520937832 119.4859789947938
0.9999249654303479 0.010543730267544125 0.006236444744653346 -0.8779791072424242 -0.010633013699507067 0.9998389002865082 0.014460723074942982 -1.6421317916652913 -0.006082970594610904 -0.014525950512642116 0.9998759894258087 120.80814960281522
0.9998855506293146 0.012937640933552385 0.007842388965304339 -0.8688049192709619 -0.013045882502319191 0.999818118617813 0.013911673499542804 -1.6536108720026135 -0.007660978981140524 -0.01401239248209808 0.99987247299683 122.14566386850052
0.9998655263134668 0.013863540335304599 0.008759652456670939 -0.8794442442712662 -0.013981006625616839 0.9998112039855297 0.013493993791879683 -1.6610740429411004 -0.00857092485615431 -0.013614648235806243 0.9998705819249377 123.49629848826267
0.9998476325329868 0.014358525094257252 0.009926955496324125 -0.8814076655655712 -0.014488351522615166 0.9998087974865268 0.013132256866782122 -1.6729762793046343 -0.009736498410692265 -0.013274081423548054 0.9998644904981973 124.79900863685742
0.9998347307477933 0.014534262000758507 0.010920915156760186 -0.8789007340279389 -0.014669290191709101 0.9998156648144084 0.012387427086818985 -1.6763420548456653 -0.010738860835322396 -0.012545582149261826 0.9998636333192529 126.12786542275532
0.9998036065375607 0.01594897290672641 0.011763442589729988 -0.8762281891285197 -0.016091958920590864 0.9997965439951868 0.012162216553096825 -1.696088954311913 -0.011567075352914432 -0.012349125054394281 0.9998568406908109 127.46113731811629
0.9998057807453063 0.01477073008190042 0.01304707969265365 -0.8673605141423584 -0.014941645711913844 0.9998025364307274 0.013100969560706279 -1.6957452585673556 -0.012850993560722498 -0.01329337020536533 0.9998290545250063 128.85493158798357
0.9998037901929251 0.014116696054919949 0.013896041788935495 -0.856460199193318 -0.014311631161543655 0.999799147997489 0.014030000266162513 -1.7058294145913702 -0.013695194638450349 -0.014226122747260919 0.9998050105274888 130.23149133044564
0.9998081409648895 0.013387590289306979 0.014298729236062945 -0.8392367876757729 -0.013592238244688833 0.9998051859261645 0.01431227733337248 -1.7034885147355348 -0.014104337918378682 -0.014503883412663522 0.9997953315648291 131.51766609160143
0.9998471626332617 0.010275514394222494 0.014144439165828557 -0.8283684658511526 -0.010491878106646873 0.999827771334266 0.015308434924016926 -1.7254899234035102 -0.013984702214530072 -0.015454497255835177 0.9997827697155526 132.8271195407525
0.9998703627373889 0.008213230808661362 0.013849207426014733 -0.8247517020714439 -0.008439046310277462 0.9998311007852047 0.016326432883402745 -1.7152246128725392 -0.013712776690308256 -0.016441190791339173 0.9997707972344883 134.14547705962318
0.9998725719917296 0.008527308039316655 0.013495361533240179 -0.7999826366672 -0.008743109056606104 0.9998335517844168 0.01601333138141317 -1.7445872072643442 -0.01335656576124196 -0.01612928256569101 0.9997807001520712 135.4398588281143
0.9999029231552732 0.007017652952807863 0.012037308841105572 -0.8075728116553522 -0.007205752718057372 0.9998514907449888 0.015654826436679987 -1.7568531523230098 -0.01192566204593548 -0.01574004489232005 0.9998049957726851 136.83774532593617
0.9999183789677941 0.006248290165195739 0.011144248125842556 -0.7901996084708868 -0.006436473324180227 0.999835944283265 0.016930928367728172 -1.7588049865374658 -0.01103663141439971 -0.017001276434547172 0.999794553579736 138.16557588666785
0.9999436364656771 0.003183655618184837 0.010128584782637479 -0.7750703716472622 -0.0033644625233272205 0.9998343995117986 0.017884460914618497 -1.7663529712410573 -0.010069970356342339 -0.017917530474494986 0.999788756588273 139.40162853967894
0.9999576958948806 0.002778569256562391 0.008768464825205649 -0.7730466239639034 -0.002934115376865467 0.9998376798900891 0.017776524845482054 -1.7686627495970493 -0.00871764894414878 -0.01780150085887324 0.9998035352835738 140.64235128980664
0.9999674944426844 0.0021313357449332096 0.0077760831395736986 -0.7718495658704201 -0.002268047324265437 0.9998422755549928 0.01761476567589049 -1.7738552724617151 -0.00773731432123998 -0.017631829965523458 0.9998146090854352 141.94308234809884
0.9999764999303327 0.0022516692079179315 0.006475305030340052 -0.7751257197188433 -0.002359713229837852 0.9998573164707221 0.016726579142366114 -1.7660567234218174 -0.00643671891835205 -0.016741466255990975 0.9998391330401221 143.30528366421953
0.999985434222442 -0.0006536620479521884 0.005357618472364822 -0.772209153801901 0.0005742066966478686 0.9998900350876619 0.01481850234787566 -1.7801582282519197 -0.005366716056431249 -0.014815210411595342 0.9998758462427448 144.6535330540967
0.9999870359518965 -0.0014122277658212383 0.004892192608235412 -0.7627861464575713 0.0013455645815442594 0.9999065687707012 0.013603057657408466 -1.8127447060474693 -0.004910946544319486 -0.013596298808514491 0.9998955061718393 146.11862273992287
0.99990642319866 -0.013322049812856205 0.0031093164802976437 -0.7761237767576876 0.01326716376305799 0.9997665852040865 0.017051611571208592 -1.7909320798328354 -0.0033357534057713778 -0.017008764447332646 0.9998497760588495 147.436123487753
0.9996892298086555 -0.024853655215243166 0.0019338123177418832 -0.7432761336145335 0.024813255161153368 0.9995175715998845 0.01867957232432081 -1.764464830783886 -0.0023971352275177237 -0.018625783437730258 0.9998236514206533 148.82927758134463
0.9997042637992297 -0.024295675065864476 0.0010512457057271995 -0.7218986930293634 0.024275748352352633 0.9995770689738191 0.016011596288827524 -1.8120605725978607 -0.00143981374892475 -0.015981341599197365 0.9998712535432669 150.18012011185036
0.9997547072692492 -0.022108655350923413 0.0013163045711883433 -0.7362521899624537 0.022091146374145845 0.9996828297669076 0.012092192219714195 -1.8079649574294576 -0.0015832293111418302 -0.012060147635411108 0.999926020376614 151.54261062812665
0.9997663842077958 -0.02151706243027057 0.0020476914412088827 -0.7553294630944398 0.02149456022370879 0.9997144402394913 0.010441352842428576 -1.8074822147273397 -0.0022717741258353186 -0.010394899537082553 0.9999433909509019 152.85480321998338
0.999839094703304 -0.01768341653489589 0.0030135518739591006 -0.7613890856680251 0.01765259535362899 0.9997945239686006 0.009964723183071757 -1.8369285039971979 -0.0031891432721507943 -0.009909922973720526 0.9999458099272398 154.26553806564078
0.9998099202822489 -0.01923463242435175 0.003186256746726418 -0.7765683369049488 0.01919092338984262 0.9997283859074635 0.013223572062754362 -1.8532140322793922 -0.0034397421410615877 -0.013159911562645782 0.9999074881720392 155.6546324131453
0.9994803719257397 -0.032023373458010894 0.0036728296572462265 -0.7617622219196738 0.03195521710215965 0.9993392654412946 0.01731752447670165 -1.8334790165016992 -0.004224968786067349 -0.017191160046639994 0.9998432945507394 157.04632584226025
0.9994066567676695 -0.03424674914119574 0.0036734950569378777 -0.7456318188479214 0.03417461647726559 0.9992506781361022 0.01817079649499647 -1.8478352373178433 -0.004293033481523918 -0.018034475016946553 0.9998281490226681 158.34925390774526
0.9993492596289504 -0.03590302033141518 0.0034684851629948874 -0.7481470556874639 0.03583310381206218 0.9991871463495123 0.018467139947534354 -1.8675013265840537 -0.004128692224375478 -0.01833083637560572 0.99982345158652 159.60697226496364
0.9994633590784611 -0.03240081530912367 0.004814666864076464 -0.7377362012668255 0.03230234471545651 0.9992920049533132 0.019288529450604875 -1.8633847505388728 -0.00543622262550091 -0.019122653755356368 0.999802366270812 160.99574900701722
0.9995315466272183 -0.029961040126564323 0.006246868687231021 -0.7375867831161919 0.029838324991116334 0.999376219105792 0.018890395654300358 -1.86769248712417 -0.006808948470075594 -0.01869515062670021 0.9998020451901853 162.46417241391285
0.999679684497404 -0.024326638644909544 0.00698162325207656 -0.7536668840449885 0.024207966608699796 0.9995689999628113 0.01660688584734308 -1.885043928356336 -0.0073826044919820906 -0.016432555801060712 0.9998377209634609 163.70478139313096
0.9997521910410975 -0.020864885292112154 0.0077597089393712775 -0.753990531192084 0.020737667241362265 0.9996548419457728 0.016129045820907743 -1.88195972144795 -0.00809356197376919 -0.01596413092907912 0.9998398075583755 165.0020599962699
0.999776641986402 -0.01948451317484061 0.008186568189845471 -0.7441480676761545 0.01933830821189849 0.9996585306938228 0.017574180817290435 -1.883185450792546 -0.008526197790787102 -0.01741194142565682 0.9998120464608324 166.33691916520291
0.9997844822489157 -0.019265009076621927 0.007736180817975354 -0.7525574848181293 0.01912654295811664 0.9996623161991448 0.01759059153240269 -1.8796306036875752 -0.008072452007248127 -0.017438834375333223 0.9998153442388695 167.7483444875757
0.9998044004499173 -0.01836221277863534 0.0073477886189529966 -0.7464609966136411 0.018248986642946323 0.9997180650483777 0.015190947572329099 -1.8796332807714238 -0.007624657062977635 -0.015053886809909026 0.9998576124109567 169.06640034974134
0.9998728330500335 -0.014444506927448163 0.00675825159408761 -0.7550593102069911 0.014357900882728435 0.999816356650785 0.01269266091787653 -1.88171071546108 -0.006940350289964973 -0.012594012755894177 0.9998966058441674 170.43185092279182
0.9999514125861197 -0.0074391560644744125 0.006467722857951909 -0.7612800855642091 0.00736733282182556 0.9999117094114637 0.01105874209325184 -1.9042899769017925 -0.006549420071249476 -0.011010555116668047 0.9999179330175598 171.83022419350644
0.9999751380536545 -0.001805370138376016 0.006816445002867872 -0.7685621637711786 0.0017243155293338447 0.9999279641692259 0.011878265924563433 -1.918506424181637 -0.0068373992092803 -0.011866217132711023 0.9999062170327477 173.19599602277785
0.999970839719422 -0.00020376451578811398 0.007634015846819258 -0.7776104570614308 9.194072057516593e-05 0.9998927434234585 0.014645586012880126 -1.9261163280299902 -0.007636181932634192 -0.014644457348829644 0.9998636049950562 174.58294909450692
0.9999702743801661 0.00021330272260092036 0.007707455120521671 -0.7747930380376723 -0.00033797509855449433 0.9998690724948662 0.01617787483861479 -1.931432783430402 -0.007702995855824296 -0.01617999918195615 0.9998394228483294 176.03538066742226
0.9999715144699278 -0.003287537525126982 0.006794288549540913 -0.7748779540235207 0.003161393917627273 0.9998239689300931 0.018494234986273245 -1.9189882733675596 -0.0068538935992646455 -0.01847222910167626 0.999805881607543 177.37725881057912
0.999970184330224 -0.005600086257007237 0.005316906744487933 -0.7707501935288401 0.0055043297604136215 0.9998254023406011 0.017856852264714205 -1.923862960428764 -0.005415978780901302 -0.017827054185346546 0.9998264165922097 178.85290455097004
0.9999812100475296 -0.0052785286445414786 0.0031171618447389383 -0.771340248915293 0.005231413872188983 0.9998747922408074 0.014934260519584621 -1.941012331397968 -0.003195602731463158 -0.01491767302920334 0.9998836188061441 180.3084637097915
0.9999981828402499 0.0007155991839485343 0.001766984790479656 -0.7844156545036742 -0.0007331095579193357 0.9999504370946648 0.009929043382786103 -1.9883854446471372 -0.0017597921389604478 -0.009930320928405281 0.9999491446362211 181.7708042181542
0.9999989809605158 0.0006009849838006214 0.0012949501221522295 -0.8051842437459242 -0.0006123805218522307 0.9999609366617268 0.008817603925521028 -1.9608978252015583 -0.0012896003914018134 -0.008818388115483765 0.9999602856927602 183.0467764084145
0.9999674144281758 0.008022987546393306 0.0008953975281613077 -0.828171286471384 -0.00803172940317886 0.9999154366693829 0.010227944405036287 -1.9840817693038775 -0.0008132632007338593 -0.01023480291948063 0.9999472923181553 184.29938133803628
0.9999681437372433 0.007919978947420183 0.000992687587391941 -0.8291945663048803 -0.007933136517045171 0.9998700128100689 0.014036482437987993 -1.9760713988960554 -0.000881389968960787 -0.014043910696413415 0.9999009909628824 185.68561711949891
0.9999739699466084 0.007075744674520388 0.0014118263890318134 -0.8387907596337829 -0.0070981497084771005 0.9998378249387919 0.01655113589401658 -1.97747963278405 -0.0012944859108246704 -0.016560726752908397 0.9998620238019891 187.0376535601076
0.999966807040178 0.007990005579542705 0.0015951845647031147 -0.8506152103040547 -0.008016840527403802 0.9998131191291274 0.017591392604384186 -1.9891540629692892 -0.001454331239374721 -0.017603597386159284 0.9998439869730218 188.3804628480355
0.9999801791543174 0.006089619117585755 0.001599320924596077 -0.8401122481080165 -0.006117091384752836 0.999823314622758 0.017774159145698253 -1.9928864903408605 -0.001490800600675632 -0.017783590393040068 0.9998407480358055 189.7670847441463
0.9999956052523029 0.002493118895244839 0.0016043166871801567 -0.8446873254932248 -0.002522520161125325 0.9998239546041026 0.01859292034539779 -1.98630623432513 -0.0015576800103864847 -0.018596885922570982 0.9998258495728489 191.14714817066297
0.999997548490779 0.0011272913815878775 0.0019058403046726443 -0.8615652150166859 -0.00116248627090881 0.9998269295175864 0.0185677039438968 -1.9966370305270584 -0.001884579391700718 -0.018569874303522617 0.9998257888930103 192.73623336546086
0.9999829685156579 -0.00537343440516057 0.0022779137893319153 -0.8512725293684422 0.005326814459780237 0.9997857752558273 0.020000715651290125 -1.971377897946407 -0.002384898522501535 -0.019988241373210217 0.9997973707072698 194.1455975001698
0.9999516303411916 -0.009533112259248843 0.002420074685711644 -0.8576573549056279 0.009478317031913874 0.9997190542680244 0.021724963018790556 -1.9762671457542493 -0.0026265014911507614 -0.02170097437291438 0.999761056057829 195.58003482346453
0.9998958652916041 -0.014183621145139984 0.0026614803197608757 -0.8511375096062508 0.014122287584792228 0.9996626084310795 0.021799776977084483 -1.9728812101044333 -0.0029697823688460013 -0.021759921088799355 0.9997588140322925 196.95330061821025
0.999935804791376 -0.010936688494919453 0.0029622887831378957 -0.8599239948560897 0.010881439811586712 0.9997775895632787 0.018065593155558564 -1.995135562394391 -0.003159207955663127 -0.018032199808406164 0.9998324155476862 198.3475740800621
0.9999932640986846 -0.0010880281077272815 0.00350541839420153 -0.8702911122469736 0.0010416944042145517 0.9999124314882453 0.013192582052687642 -2.0128687642162797 -0.003519465616702955 -0.013188841870280837 0.9999068295659781 199.8014660184511
0.9999344512950953 0.010314985312779473 0.004969323194120506 -0.8888603201468999 -0.010375577487295246 0.9998702041898134 0.012325671755753656 -2.0117331320091303 -0.00484153947345552 -0.012376423669687827 0.9999116879164064 201.23185963550836
0.9998796063966044 0.014175713713290699 0.0063104534769871795 -0.9070630346248029 -0.014277637155644018 0.9997633944434039 0.01641049166881374 -2.011354591537496 -0.006076330457901854 -0.016498614646715617 0.9998454250153637 202.6609962749564
0.9998690320340242 0.014521296545990388 0.007144976926722994 -0.9100565634516232 -0.014653744554320253 0.9997149741613445 0.0188477647455965 -1.9843286665944826 -0.006869247008713331 -0.018949997337945827 0.9997968348866292 204.1282294992477
0.9998686992824954 0.014798541111636225 0.006602071208111096 -0.9095884339055668 -0.014924520987767757 0.9996992572830276 0.01945902590646561 -2.0008049498418483 -0.006312121006990214 -0.019555004064331465 0.9997888571834145 205.52086719275306
0.9999328787582812 0.010307456243474561 0.005290964565636528 -0.8923432446893615 -0.010409312632186368 0.9997537407882907 0.019598571472756527 -2.00284436979545 -0.005087650613747998 -0.019652331687686972 0.999793929604982 206.95307908366803
0.9999704978735596 0.00653346343578445 0.004039459053119894 -0.8928223058962487 -0.006610231511845675 0.9997920298162413 0.01929253634777182 -1.9911837352566215 -0.003912572200762394 -0.019318669319031617 0.9998057215277684 208.40751701611137
0.999949823648436 0.009302562737640328 0.0037165166144636887 -0.9003639818995202 -0.009369974260188974 0.9997839827505882 0.01855239685631903 -2.0000072882156377 -0.0035431292321074703 -0.018586290000317182 0.9998209820083377 209.92967427281818
0.999960740820534 0.008169018178502498 0.0034327753037592832 -0.9090026337470252 -0.008232503999182949 0.9997873776194276 0.018905698577998915 -1.989695209236288 -0.003277604685785561 -0.018933217068957495 0.9998153782595839 211.46936274637375
0.999931174473059 0.011236245569393073 0.003375363708778557 -0.913579375945178 -0.011301528694918949 0.9997363408739657 0.019988101481545666 -2.001071763188905 -0.0031498827973835113 -0.02002487296046508 0.9997945202429356 212.82677140343358
0.9999488418918379 0.009593863299789427 0.0032048975981895655 -0.9179429149707005 -0.009656588935132658 0.9997500140449249 0.020165805662755644 -2.0004075407697988 -0.00301062867470463 -0.020195722799921313 0.9997915127177247 214.23485156706158
0.9999524603543068 0.009377328482023837 0.002672587591642313 -0.9262656146862658 -0.009427027065016943 0.9997705909156042 0.019232699028242956 -2.0011361304707767 -0.002491623335022653 -0.019256979652807753 0.9998114625039809 215.74735184506304
0.9999796468229701 0.006000015551553287 0.0021692726922351033 -0.9329763319463533 -0.006039928373054023 0.9998033976763605 0.01888611295343548 -1.9769810171693367 -0.0020555293956146968 -0.018898831188128646 0.9998192881642987 217.1745834852872
0.9999427744402182 0.010528640158170047 0.0018961960599597402 -0.9336342154283266 -0.01056261734851603 0.9997655602093843 0.018901210238522786 -2.006562104405748 -0.0016967476037973927 -0.01892015777917829 0.9998195580625456 218.69676313787866
0.9999218833429437 0.012367896421111087 0.001806190041107438 -0.9373030684414212 -0.01239964161794909 0.999746894574454 0.01877220543203504 -2.019490360481375 -0.001573560310828624 -0.01879313549790387 0.999822155172287 220.15530825898253
0.9999559075235727 0.009267315445519354 0.0015165271576896258 -0.9517771454707866 -0.009293770334805152 0.9997860076748465 0.018481469145705278 -2.001709253736532 -0.0013449291273798945 -0.018494748877600678 0.9998280529355486 221.65850840546452
0.9999289953646114 0.011847696341793359 0.001279177061082964 -0.9568551005696299 -0.011869781507469292 0.9997506277314743 0.018915355031838596 -2.0100673109755016 -0.0010547547617994937 -0.018929195887480068 0.9998202703703858 223.08963507985027
