1.0 -6.776263578034403e-21 8.673617379884035e-19 -8.673617379884035e-19 0.0 1.0 -1.828002979293187e-19 0.0 0.0 1.0683203047244863e-19 1.0000000000000002 5.551115123125783e-17
0.999999915589229 -0.00019452245058109626 -0.0003619149015940074 0.006208361487654123 0.00019494396007348726 0.9999993024549162 0.001164940938504506 -0.010870956481230737 0.0003616880721975576 -0.001165011376384867 0.999999255964488 1.3091817894915048
0.9999996001338323 -0.0007440934970967957 0.0004960414912447099 0.015677621858944252 0.0007431024939288238 0.9999977335445615 0.0019951706601719554 -0.028079651896195434 -0.0004975250024351644 -0.001994801223666498 0.9999978866154133 2.6150028375055427
0.9999980256127017 -0.0019852709179089528 8.642759085591804e-05 0.022891032856659912 0.001985140795917488 0.9999969304610745 0.0014826617714124733 -0.055083436304375996 -8.937081905307283e-05 -0.0014824872512708414 0.999998897121032 3.939207165033594
0.9999969025972338 -0.0024230940449609106 0.0005686921886882638 0.03185716256883113 0.002422386924400788 0.9999962956705332 0.0012412446520822732 -0.06672666622864395 -0.0005716977833346553 -0.0012398631964976228 0.999999067949463 5.243148595632329
0.9999961875682611 -0.002761179195255232 2.715987752660489e-05 0.028567041578454543 0.002761120488371196 0.9999942405755302 0.001973583450109307 -0.07961270600035629 -3.260914238149403e-05 -0.001973500905143803 0.9999980521127729 6.568680424047099
0.9999921121887729 -0.003964693451218932 0.000238253270179338 0.03902480894366093 0.003963800447556825 0.9999855191558749 0.003640023201762734 -0.09942342088091158 -0.00025268141879931493 -0.0036390500480519717 0.999993346709847 7.903875317609346
0.9999905526453765 -0.0042307037261515665 0.000997880013890058 0.04546626119834077 0.004226136310962995 0.999980781751487 0.004536067114566214 -0.10944490951954103 -0.0010170516791149905 -0.0045318070173131966 0.9999892141054282 9.217794726491158
0.9999935810987146 -0.0035829302278931226 1.9263957361169773e-05 0.035922535872064044 0.0035828513506858937 0.999988540316373 0.0031752820046549997 -0.12534638855354735 -3.064055432518489e-05 -0.003175192556254328 0.9999949585927708 10.571526255495252
0.9999983064221406 -0.0015477933186072983 0.0009957352869663129 0.04595475450121499 0.0015468457474821801 0.9999983506241942 0.0009518498059131516 -0.13499533997394036 -0.0009972069954624942 -0.0009503079309229744 0.999999051245574 11.892635407918721
0.999997384467929 0.0022858248752203473 -7.785495916337159e-05 0.04537283649886422 -0.0022858250630981613 0.9999973874985787 5.602479197287755e-07 -0.16199976833497387 7.785604373447986e-05 -3.822840745800661e-07 0.9999999969691604 13.230383362485092
0.9999864611123416 0.0052035507214062285 2.5480392721555396e-05 0.04688073379414883 -0.00520354666882638 0.9999864459699993 -0.00017601390359496584 -0.176509068709707 -2.6395944980997336e-05 0.0001758789285976912 0.9999999841849858 14.579172937169409
0.9999780282137599 0.006615384124950777 -0.00042400249262682793 0.06293212798383205 -0.006614006302226942 0.9999730900395184 0.0031739760809844754 -0.2013405006174255 0.00044498819335387144 -0.00317110194325181 0.9999948730347312 15.900278904699677
0.9999929077521399 0.0037361508763117685 0.00047499562329712374 0.06511183350510052 -0.0037380824757371174 0.9999844761987015 0.004132082475803554 -0.20883429160636813 -0.00045955020314451117 -0.004133828683718898 0.9999913500979188 17.26825345465024
0.9999983079601011 -0.0005787946460139468 0.0017461598098102256 0.08322300706488647 0.0005679569536691254 0.9999806139118521 0.006200744342448777 -0.2196865657606275 -0.0017497150629700742 -0.006199742017033534 0.9999792506300846 18.611590182604708
0.9999968623599683 -0.002482830129522763 0.0003329028122874512 0.06663793899942973 0.002481185851571293 0.9999851480505373 0.004852566283426459 -0.2446084124456729 -0.00034494599558187317 -0.004851724993322834 0.9999881708164917 19.980978551866862
0.999992019511848 -0.003591727018342932 0.0017494024109321613 0.1058349707806967 0.003588345099037882 0.999991694183848 0.0019327041855377836 -0.2500894810118786 -0.001756329774931985 -0.001926411273448077 0.9999966021159632 21.305755886171692
0.9999971860857307 -0.0014046144803857995 0.0019117737897537419 0.0985466816631263 0.0013993099397645735 0.9999951754777591 0.0027732571439492613 -0.2801309135478772 -0.001915660084435433 -0.0027705741357760575 0.9999943270653436 22.675511102686155
0.99999168799385 0.001054065528145682 0.003938640526272368 0.10936161142964707 -0.001070508078262668 0.9999907121662236 0.004174876895739695 -0.28054761584212556 -0.003934203680116278 -0.004179058480318955 0.9999835286184208 24.062881284930295
0.9999905028954084 0.0008804979273125868 0.004268353598840837 0.1207891585778973 -0.000913830348262262 0.99996905636908 0.007813528331128406 -0.2909956929068878 -0.00426134208154062 -0.007817354563243293 0.9999603641768435 25.423866213540382
0.9999925253888694 -0.0005433739648646174 0.0038280427575851494 0.12548251171439417 0.0005105455862961228 0.9999631333592706 0.008571538528060207 -0.2875057010785057 -0.0038325595025422367 -0.008569519944593705 0.9999559364332642 26.79159362452924
0.9999822946431669 -0.004185238947299128 0.004230150535626238 0.13663394294173847 0.004148353850197363 0.9999536264667848 0.008691149824542783 -0.32782978949180147 -0.004266329266129269 -0.008673447656942767 0.9999532837752516 28.149442799778516
0.9999814339368188 -0.005090258858108618 0.003349782713547558 0.14040610726262992 0.005073166688787381 0.9999741695396828 0.005091486985323553 -0.3150573709214529 -0.0033756134583632262 -0.005074398375894104 0.999981427682806 29.535553527475784
0.9999769666159862 -0.0046742609100450215 0.004921129967688349 0.16078115155519118 0.004651679314156167 0.9999786453625089 0.004590283677432612 -0.33859552313859664 -0.004942481477891425 -0.00456728636213713 0.9999773556279585 30.927172084257666
0.9999868666770871 -0.0019310597767565245 0.004747365697260668 0.15897252046753504 0.0019145420625912462 0.999992106921048 0.0034814691326429297 -0.3379267817611968 -0.0047540515497658895 -0.0034723343274081545 0.9999826707926343 32.31068114477784
0.9999872093827024 -0.00036092854526334326 0.005044878729307083 0.15944436689362912 0.00035083652626576126 0.9999979360599366 0.0020011974167379216 -0.35821879976477894 -0.0050455910289404875 -0.0019994018634341775 0.9999852720925656 33.68672005900574
0.9999830264532483 0.0002490677261226716 0.0058210626251474565 0.1688237000195534 -0.00025980167350772327 0.9999982673791427 0.00184329682315857 -0.36844620537562 -0.005820593921080222 -0.0018447778310196898 0.9999813585664332 35.07350557305348
0.9999864679594328 -0.00017202748094066191 0.00519945230908793 0.17765769373603496 0.00015383334795368052 0.9999938651060993 0.003499441119556581 -0.3888443547873416 -0.005200022846591679 -0.003498593865120922 0.9999803596075915 36.46653625668603
0.9999861366428009 0.0007948243066506775 0.0052052642793949345 0.18300170775261954 -0.0008208762583113139 0.999987139556853 0.005004686511701545 -0.3997453830642333 -0.0052012199262065125 -0.005008889935423921 0.9999739288247441 37.879918962125096
0.9999866235949006 0.00206123498501791 0.004743831905868955 0.18928599867411228 -0.002086631992608154 0.9999834851584153 0.005354939965005884 -0.4097965789868999 -0.004732716168251834 -0.0053647668892863164 0.9999744100074153 39.25751418765327
0.9999740779837973 0.004985885992360141 0.005194641340268849 0.1910021411097575 -0.005014206112341519 0.9999725608049922 0.005453015767896567 -0.4244508957450084 -0.005167311119520252 -0.005478921338708784 0.9999716397541654 40.656026876151806
0.9999675352639352 0.006754866669306005 0.004393198159916388 0.21552041969609387 -0.006778560803760611 0.9999624401239235 0.005400876190987557 -0.4289189184518173 -0.004356551315798166 -0.0054304803364730635 0.9999757648760965 42.095952643002484
0.9999620409316555 0.007563849822896341 0.004324912272326243 0.2215825720701055 -0.007587418908139759 0.9999563128863793 0.005459249304916375 -0.435673197153382 -0.0042834307435178085 -0.005491856919971525 0.9999757455679331 43.4892452784359
0.9999686908194151 0.007411840726725215 0.002771640848062631 0.2320792916414817 -0.007428710659599745 0.9999536395504713 0.006126419675367104 -0.4550986206029254 -0.002726104532334561 -0.00614681749250523 0.9999773922361505 44.93626455019013
0.9999692377054125 0.007573477824523405 0.00204109561535638 0.2529819778866991 -0.007585994234093404 0.9999520331763091 0.006195486153306502 -0.4702026337378951 -0.0019940764977720493 -0.006210779217015448 0.9999787247111785 46.32668847418088
0.9999721745744625 0.007252184961573495 0.0017481090818925685 0.25859939305641116 -0.007264172056562111 0.9999494576580593 0.006950823298618806 -0.48404879177719384 -0.0016976122117398438 -0.006963328354696392 0.9999743147525847 47.744714576549626
0.9999742085910625 0.007166427404150762 0.00047377848807811027 0.26333362649144626 -0.00716990043260533 0.999943983788151 0.007786001872058321 -0.4928531621638877 -0.0004179541640528901 -0.007789197893258624 0.9999695763891504 49.14737190808609
0.9999727465772255 0.0073635011811223425 -0.0005338048231648606 0.25545165670882714 -0.0073587758887414725 0.999937875552326 0.008372184041651872 -0.5063288306030281 0.0005954203004150081 -0.008368027601145708 0.999964810171834 50.59844374385742
0.9999758994430307 0.0068811771596304595 -0.0009219158902133316 0.254259247456343 -0.0068731781713453925 0.9999409615174609 0.008416229145668893 -0.512413651485202 0.0009797751099810993 -0.008409689697218063 0.999964157934348 52.01219273227773
0.9999677574776678 0.007662185986559506 -0.0024031029500684005 0.2565975423226931 -0.0076394372685149965 0.9999272255242049 0.009337165915907587 -0.5194300726594809 0.0024744713773149282 -0.009318506374410668 0.9999535201317615 53.421107320139235
0.999974537904431 0.0065048886791343845 -0.0029342733437881874 0.25916384431266914 -0.006474450657193734 0.999926338802741 0.01026637570923276 -0.5245527314674662 0.003000839086459304 -0.01024711635066493 0.9999429941573368 54.87512400709584
0.9999827610323846 0.00417331957269277 -0.004130500821233467 0.2626681147160025 -0.004127942419906337 0.9999316994659819 0.010934189758076104 -0.5315069348217947 0.00417585092514559 -0.010916950637081174 0.9999316888924875 56.29323840827021
0.9999889173643783 0.0021036851927468854 -0.004211846799841205 0.26733550886391555 -0.002059049767209839 0.9999419729647215 0.010574073343377451 -0.5424463764980968 0.004233847275689195 -0.010565283600000388 0.9999352225587748 57.71184802496418
0.9999908922315892 0.001414401173803241 -0.0040267753931787515 0.2608180303776663 -0.0013700703669033195 0.9999386629689396 0.010990596747745872 -0.5489343514511756 0.004042073854675291 -0.010984979523481138 0.9999314935820114 59.15621933789947
0.999992421275236 0.0005387474969746369 -0.0038557931030190748 0.26991705442536196 -0.0004932269006747282 0.9999302912249702 0.01179700930104171 -0.5536305339627722 0.0038618802532345686 -0.011795017943157267 0.9999229787463254 60.56016835807076
0.999994502184218 -0.0009062080602407034 -0.0031897313557312885 0.2657543406665315 0.0009465308273259098 0.9999193771297956 0.012662674726468736 -0.5598840700400651 0.0031779994383385572 -0.012665624104868338 0.9999147375033024 62.02140513400108
0.9999912450919667 -0.002431536729880053 -0.003405490520314267 0.2693506263363248 0.002475386012438188 0.9999133205189744 0.012931509002994989 -0.5740979567133154 0.0033737521767025205 -0.012939825504548075 0.9999105853538813 63.41275090389017
0.999990444924692 -0.00332515165628027 -0.002837855339327214 0.26078529125781347 0.0033602207768610487 0.9999169304557306 0.01244351705058952 -0.581913591051729 0.002796243251618622 -0.012452933791321941 0.9999185494100263 64.85071154681485
0.9999927813501441 -0.0030502559935218173 -0.0022656530540432016 0.26257315812679255 0.0030781964750941355 0.9999179731128031 0.012432689351927016 -0.5908251359296256 0.0022275445098090567 -0.012439573549188954 0.9999201443342914 66.30144313345218
0.9999964344826083 -0.001862860586647921 -0.0019133141715270297 0.2577402570483802 0.0018859825619486118 0.9999243488389873 0.012154821261376254 -0.5995955905509938 0.0018905268472692765 -0.012158386223864536 0.999924296905953 67.70416259701909
0.9999985184355946 0.000994413215607903 0.0014050869208008547 0.2777683825128202 -0.0010135285354638925 0.9999060513396163 0.013669720805769968 -0.6105076068109067 -0.0013913616799186897 -0.013671124451083596 0.9999055777702476 69.09940408231445
0.9999937636297643 0.0035277181308251485 0.00016704851351654823 0.25957176784215585 -0.003529791643838907 0.9998858852338797 0.014688672365212383 -0.6039593232936745 -0.00011521196339341414 -0.014689170195602333 0.9998921016747208 70.4949287745207
0.9999718812887066 0.007433715188340453 0.000988182824964501 0.2578520461987836 -0.007448167830926026 0.999851683866378 0.015528524899151387 -0.6128006788519657 -0.0008726017005393927 -0.01553544818500653 0.9998789368723986 71.93518575783145
0.9999416996510042 0.010724833334399851 0.0012550848843940476 0.2584683181236206 -0.010742469194787472 0.9998296786222411 0.015007102552653516 -0.6079494743983879 -0.0010939225306737061 -0.015019710128577625 0.9998865993835568 73.30328650245224
0.9998783824879786 0.015414863118782695 0.002366897837475389 0.2500045802368914 -0.015448236663977755 0.9997711909246375 0.01479587166166354 -0.6253943617375 -0.0021382801069258477 -0.014830636410676196 0.999887733681935 74.68864093079672
0.9998586322122905 0.016573103261359794 0.0028368666378339345 0.25401775267592225 -0.016614046474686235 0.9997483381749572 0.015074276674340383 -0.6195322138205435 -0.0025863253735314007 -0.015119277275556621 0.9998823522600828 76.13318517228224
0.9998604001351615 0.0163310625672179 0.0035322246721451373 0.24924810676092635 -0.01638317967745294 0.9997492357986211 0.015266203991460925 -0.6199261131345971 -0.003282025853092851 -0.01532194168412929 0.999877225660528 77.50646291621071
0.9998710191702826 0.01567596997168963 0.003494132946384897 0.26620192317443336 -0.015729942529306644 0.9997483395611352 0.015994576960529926 -0.6264648712241107 -0.0032425233691355335 -0.016047476247745083 0.9998659732847651 78.90058061803343
0.9998762294735448 0.015369993576566713 0.0033599119630772145 0.27252961756787836 -0.01541974382616024 0.9997637477181307 0.015319278265294584 -0.6372856480088108 -0.0031236612237539154 -0.015369190952259696 0.9998770077840677 80.35867292294432
0.9998874639383115 0.014740909800367985 0.002786577896256824 0.2835963532482848 -0.014782086440487485 0.9997723961190089 0.015383299865202427 -0.6387054662654668 -0.0025591800336034597 -0.015422759904012416 0.9998777870617864 81.70983551249599
0.9998987483354612 0.014002862874586578 0.002532368395610928 0.2924181062479012 -0.01404035152184565 0.999782110214094 0.015446703816491639 -0.6354234164403918 -0.0023155187318933557 -0.015480694932954153 0.9998774857163248 83.10520771747741
0.9999011516741227 0.013962441813661249 0.0016544124727719224 0.29650119331586655 -0.013986174951869842 0.9997847328309147 0.015325630229843673 -0.6411075156691934 -0.0014400732273386835 -0.015347253999642317 0.9998811869262237 84.47664928057681
0.9999041797443416 0.013782404591226547 0.0012948494825752166 0.2968090102089652 -0.013801010440688712 0.9997820143772606 0.015667031370496447 -0.6408259520992466 -0.0010786379443087002 -0.015683400158274005 0.9998764261070249 85.84700529571252
0.9999119293367368 0.013265728783322953 0.0003924191341596736 0.3043677307759629 -0.013270318298102804 0.9997832879431374 0.016039820270342803 -0.6390639995488053 -0.0001795541970530971 -0.01604361492973578 0.9998712767976705 87.24287276293889
0.9999286008057161 0.011872584947383236 -0.0013546227675488584 0.3088042991937872 -0.011846441284636007 0.9997695142480966 0.017904754680796955 -0.647874814715417 0.001566886402665322 -0.017887428579880058 0.9998387793785475 88.59796946975376
0.9999474949729856 0.010002532380635748 -0.002226349499451121 0.3094076327555787 -0.009960737338758551 0.9997874114701956 0.018053132822700088 -0.6482178770031439 0.0024064534538027907 -0.018030008600685425 0.9998345501909032 89.94227334458586
0.9999593420907289 0.008460893819544723 -0.003118883160282678 0.31321424262398784 -0.008401471187797912 0.9997917544443754 0.018597393691368425 -0.6509343388552772 0.003275584517383142 -0.018570434085894327 0.9998221889455249 91.34144059378195
0.9999672978498013 0.006976162637977203 -0.004091011857582138 0.3040937843970416 -0.006900405801850138 0.9998096677575844 0.018248635038018497 -0.6551296789225552 0.004217539007731609 -0.018219808363933266 0.9998251101733664 92.71691480809184
0.9999742606858361 0.005838597882060795 -0.004169980112844224 0.30827152774387334 -0.005761163826679491 0.9998150957179602 0.01834620906542956 -0.6522669629258271 0.004276325563236381 -0.018321712643788925 0.9998229982705429 94.06566402870156
0.9999713205297944 0.0063999147159745215 -0.004049592885050208 0.30332661392507226 -0.006328806166441178 0.9998297028079903 0.017335270867363823 -0.6514649354396007 0.0041598478565122495 -0.0173091443631116 0.9998415320307357 95.42399771190756
0.9999744432614106 0.005698159315264981 -0.00431784645402729 0.300164389825313 -0.0056225664034239235 0.9998341600517897 0.017321638501636455 -0.6531888468498258 0.0044158322101934145 -0.017296918189239292 0.9998406458199655 96.79230234735415
0.9999713504854668 0.00622230677773947 -0.004310579958453966 0.2977093282545857 -0.006148796429370321 0.9998389203488054 0.01686195949661032 -0.6534636921606498 0.004414806268518503 -0.01683497128838801 0.9998485351364611 98.13130798899564
0.9999634310517596 0.00748136914688744 -0.0041431469088234665 0.28760586362023377 -0.007410597963246183 0.9998307108258637 0.0168413998463337 -0.6507550890475478 0.004268442608220019 -0.016810080536000308 0.9998495894769058 99.49202493517032
0.9999578740660905 0.008273802435533485 -0.003974201411856034 0.2812150990186178 -0.008200267100534729 0.9998011681502808 0.01817635302134422 -0.6516613290045404 0.004123799116215606 -0.01814299755124632 0.9998268979708348 100.85188890973266
0.999957556827132 0.00842764645467912 -0.003722809414383606 0.2767402055705621 -0.008356263703912485 0.9997885103841038 0.018791151806308786 -0.6422890491228112 0.003880387590699256 -0.018759245202958953 0.999816499811746 102.19711594429802
0.9999587134733299 0.008260182613621951 -0.0037869146478300584 0.27686917605168837 -0.008189209268355315 0.999797365951179 0.018389233622770906 -0.6497731738155006 0.003938046050550129 -0.018357462294381743 0.9998237321429351 103.58786519684502
0.9999564549364021 0.008580362517538444 -0.0036695504189835203 0.27585689815772835 -0.008517028250757919 0.9998202263079116 0.01694034588563541 -0.6467263516075766 0.0038142453617006546 -0.016908354309386194 0.9998497682518762 104.89453890506068
0.9999573215221216 0.008465938201703832 -0.0036990559630377664 0.2763666398650136 -0.008405272076653996 0.9998347442405165 0.016119417886759052 -0.6461126886617273 0.0038349109925778155 -0.01608763813138352 0.9998632313194113 106.19908718534964
0.9999727904496437 0.006354605737077164 -0.0037466437861617876 0.26820356627135433 -0.006289660538730736 0.9998340257642446 0.017098570545166576 -0.6486451516386602 0.0038546769393634312 -0.017074539937118875 0.9998467890321654 107.54781263529748
0.9999886452412406 0.0033925830567384215 -0.0033466050577952424 0.26535742085627934 -0.0033292965139088094 0.9998188767207173 0.01873845130216809 -0.6439454268117072 0.003409570948824427 -0.01872709642046072 0.9998188189214203 108.88417196817348
0.9999949062678222 0.001971278358094345 -0.0025102785015534406 0.26920327157326196 -0.0019218541779499182 0.9998072034967951 0.019541298122103784 -0.6439782755075741 0.002548316080791746 -0.019536373912181403 0.9998058992432205 110.22136018208377
0.9999957855124559 0.0019578446768305463 -0.002143781693448178 0.27075645395905346 -0.001916486582982844 0.9998152211658254 0.01912722205756038 -0.6367923196331361 0.0021808338811555705 -0.019123032640694888 0.9998147596272391 111.53774139900116
0.9999937879666653 0.003193114062911257 -0.0014926650284886886 0.2677248994824093 -0.003167891984988667 0.9998571079878321 0.01660506198185785 -0.6386322816825952 0.0015454737260557393 -0.01660022998928036 0.9998610122713045 112.86524492327305
0.9999802472766579 0.006272710891148793 -0.00039768146832687944 0.2694697003825073 -0.006266031997772208 0.9998675795994971 0.015018659283814339 -0.642572789461982 0.000491836558268636 -0.015015870523325684 0.9998871344884027 114.20889439551074
0.999962731628846 0.008544827265710264 0.0012333991869920222 0.27375112535361124 -0.008562549659457148 0.9998484258548093 0.015159422163197536 -0.6355657076336818 -0.0011036776811092497 -0.015169418019963613 0.999884328629067 115.53090908912546
0.999950579653522 0.009664818075807944 0.0023301359249213787 0.26747795451242495 -0.009703386097660404 0.999805824636158 0.017151015934177914 -0.6426594004129252 -0.002163922198878102 -0.017172778286716314 0.9998501953340951 116.87857808107232
0.9999487134402135 0.009521094583660296 0.0034524250379685106 0.27717012019274667 -0.00958587189673906 0.9997685864578211 0.019258364941534458 -0.633770403483642 -0.0032682656562297483 -0.019290471472848392 0.999808579744339 118.18163545107983
0.9999449240799949 0.009519889133767837 0.004418201979641845 0.2955757206022317 -0.009607327205498508 0.999749596453838 0.020209989701311302 -0.6330463883394092 -0.004224699135246706 -0.02025132343815026 0.999785994998754 119.55703297933398
0.9999331258269374 0.010357108340231923 0.005145305634276664 0.2977990022380125 -0.010456654636895586 0.9997510148238747 0.019712096865530528 -0.6204239897229702 -0.004939864616584157 -0.01976458103511862 0.9997924579903602 120.88818415723404
0.999916580297649 0.01106973002373345 0.00665533695134726 0.3048234402555997 -0.011198260155492929 0.9997452753594984 0.01959549432068886 -0.6178072628911476 -0.006436725376303201 -0.019668387582266363 0.9997858386062702 122.19242732512068
0.9998818983951585 0.013351076892297637 0.007611700740456424 0.31770491667465484 -0.013496315340313814 0.9997214832894161 0.019359890467779185 -0.6091608020434771 -0.00735110597917248 -0.019460333667839995 0.9997836049049246 123.55107566453628
0.9998647086854393 0.013745421312797237 0.00903480472962914 0.32286676754984667 -0.013912433997471474 0.9997285269894702 0.018690011799975384 -0.6066247532617216 -0.008775450667423206 -0.018813179058366842 0.9997845046527581 124.88151608441503
0.9998315927343824 0.015477513754419754 0.009860664808068506 0.33636209351047186 -0.015653305257763706 0.9997153224001829 0.018006894078541922 -0.6047739772058108 -0.009579156543548399 -0.01815821332302419 0.9997892373070597 126.22270191563474
0.9998404977401312 0.014314882108531454 0.010680037619082832 0.3514171527659792 -0.01450543063707094 0.9997330743063446 0.0179825653938745 -0.5985285087081865 -0.01041976940647035 -0.018134615419056963 0.9997812581342143 127.55847781119104
0.999822664974756 0.01480316721484626 0.0116406535443257 0.3701507230216873 -0.01502146820867434 0.9997086267607317 0.018894896500983374 -0.5986254509925555 -0.011357558402799312 -0.019066405207896323 0.99975370869383 128.86838874844796
0.9998318352631377 0.013652742506258819 0.01224352034335668 0.3842766706707812 -0.013890551604472376 0.9997123220132285 0.019553153950878397 -0.5961314747744546 -0.011973044973768374 -0.01971993476807584 0.9997338497592351 130.25137746250886
0.9998496101266986 0.011841730671472449 0.012670064008835634 0.40176584515143443 -0.012101845588158144 0.9997134383722756 0.020653970719824444 -0.5906575651464827 -0.012421855532116588 -0.020804195431003807 0.9997063983713222 131.57357280577415
0.9998613332829016 0.010741933216730257 0.012724977667418931 0.4304376233743731 -0.011010617597348305 0.9997138539709425 0.02123620757668957 -0.5850624161183962 -0.012493219584403078 -0.021373372377072156 0.9996935022315423 132.94085463325086
0.9998843758526932 0.008185550765434868 0.01281529043923594 0.463633598115598 -0.008468530062391615 0.999718014626552 0.02218502331990594 -0.5683385501444169 -0.012630081134916878 -0.022290984546608193 0.9996717426454479 134.27875794037908
0.9999029381712247 0.007828946439789607 0.01152483499148347 0.47066109778180354 -0.008081810758798543 0.9997239780711726 0.022060191150365328 -0.5685896150760408 -0.01134894677693541 -0.02215119116401182 0.9996902150769016 135.5888745887282
0.9999204640548274 0.006901000988582814 0.0105565969831975 0.49361823731306165 -0.007134474914327101 0.9997271830234601 0.022240926682410796 -0.5620710403250958 -0.010400233175794242 -0.02231447318381232 0.9996969037754733 136.95771951105655
0.9999490850015202 0.003885134444568744 0.009313062324528299 0.504097869975005 -0.004101311285865708 0.9997199520290337 0.023306582481362692 -0.5514928644162225 -0.009219905784669205 -0.02334359125705051 0.9996849854146543 138.27520478532628
0.9999614542625358 0.0029961072369776263 0.008253079862143993 0.5244439460818242 -0.003191605906338961 0.999712180448842 0.023777509123777157 -0.5505925858288327 -0.00817946518116338 -0.023802932836441526 0.9996832081789369 139.62775442468086
0.9999723185801486 0.0024988454901308126 0.007008412278217298 0.5444336071658893 -0.0026633399809826157 0.9997188607188862 0.02356069117504372 -0.5396255674557924 -0.006947567992282738 -0.023578704425286843 0.9996978423368966 140.97656508144826
0.9999832184872267 0.0017443627354617093 0.005524485665548395 0.5487355871402694 -0.0018748434470631378 0.9997173065563149 0.023702150941577266 -0.5247670059009685 -0.005481579239268329 -0.023712110386300125 0.9997038001755102 142.34773390063708
0.9999900803270121 0.0009599366109599838 0.004349456206702968 0.5590124089626861 -0.0010601951171562733 0.9997324255870441 0.023107428254211023 -0.5099855947353947 -0.0043261110991154265 -0.02311180997377563 0.9997235262701955 143.69862759457504
0.9999948783767051 -8.609869467513937e-05 0.003199344894987908 0.5679873928950241 1.988136373171034e-05 0.9997859093419945 0.02069142592804594 -0.5029067377394787 -0.0032004417179710937 -0.020691256047333743 0.9997807905109034 145.01856732938515
0.9999878793688634 -0.0043535186115170234 0.002299562925189594 0.5749852044199429 0.0043051714629043095 0.9997779709526862 0.02062702884989404 -0.5063284403958039 -0.002388852711057249 -0.02061687852516485 0.999784595641106 146.37788082568937
0.9999299904376706 -0.011771085201940087 0.001206550133161407 0.5946946012241279 0.011740869456938446 0.9996763673478981 0.022567954884269065 -0.49883737284768526 -0.0014718091014074989 -0.022552208635089818 0.9997445832010095 147.7054271046535
0.9998018516254258 -0.019903567667572935 -0.00032471748438151274 0.603833299048256 0.019905546261258948 0.9995010406285715 0.024524254846742186 -0.4849615702122649 -0.00016356472311860899 -0.024525858725277374 0.9996991824914395 149.05972399768305
0.9997290768612447 -0.02317699772487407 -0.002144667968565683 0.6209051429525554 0.023218053955925303 0.9994957957793521 0.021658168558586346 -0.46799857769893993 0.0016416154237097295 -0.021702095557292786 0.9997631340101213 150.40806125079504
0.9997531538873868 -0.022194479083074918 -0.00101800865373283 0.6403007915069043 0.02220966803452279 0.9995776813015412 0.01874005754307781 -0.46607333254666916 0.0006016529569514593 -0.018758040990915086 0.99982387143619 151.73334128309412
0.9998232906473877 -0.018797830541503684 -0.00017032674736667999 0.6368806793524942 0.018798138835466986 0.9996937660777885 0.01609360405896936 -0.4554163636810419 -0.0001322502721488811 -0.01609396175766255 0.9998704750563913 153.08199901739792
0.9998397651814082 -0.017890023305554455 0.0006252974423151068 0.6379931063416687 0.0178768111447152 0.9996955946471497 0.01700404993594564 -0.46910459994488896 -0.0009293100322836385 -0.016990146721209208 0.9998552251604387 154.43364170907398
0.9997588001703436 -0.02193625107755186 0.0010687954293576891 0.6432250798433259 0.021911120541665028 0.999567935890614 0.01959194739852459 -0.45556349344054387 -0.001498107651730858 -0.019563803030980525 0.999807488101833 155.77508880850291
0.9996309434245878 -0.027131662488852237 0.001360061291993158 0.6607522263567922 0.027091699872271054 0.9993502120552318 0.023773799879365988 -0.4502398402143414 -0.0020042004324814728 -0.023728179280819977 0.9997164381278699 157.12611823210844
0.9995457897104477 -0.030096098796952405 0.0015617364500105837 0.6846016640658523 0.030047995074306555 0.9992388860692404 0.02487502110192049 -0.4366515355982161 -0.0023091890874059355 -0.02481679519680672 0.9996893488953446 158.46690069046008
0.9994963078245638 -0.031710906283182 0.001244575966419188 0.6922928094446894 0.03166954515756022 0.9991810251183963 0.025185691947251836 -0.42346045258042053 -0.0020422179892980504 -0.025133590586175952 0.9996820154140819 159.82501836090387
0.9995114309625138 -0.031188522917678003 0.0020433595751947137 0.6987330500570818 0.031125262304685077 0.999180151423231 0.025889055061571332 -0.4055645831962981 -0.002849125966566627 -0.025812805988029836 0.9996627338756366 161.17194150919877
0.9996300095193544 -0.027004056533298695 0.0032595901251927153 0.7031776606082598 0.02691398081478932 0.9993230460469584 0.02508161427359828 -0.39218062615488136 -0.003934689201697618 -0.02498460540176753 0.999680092672982 162.51699989861027
0.9997026667057087 -0.02405005256728373 0.004021578837328353 0.7071677189331156 0.023948096817469025 0.9994316566697468 0.023724510255033558 -0.3833892759223529 -0.004589869311538886 -0.023621146662019435 0.9997104453315869 163.84791130339053
0.9997688445144857 -0.02098942508937589 0.004658490018146536 0.7185462382652501 0.020877621802344374 0.9995203144374376 0.022875008233586153 -0.3688420626645803 -0.005136389117114282 -0.022772462023224437 0.9997274790945052 165.21060276626713
0.9997862277098716 -0.0200567058812568 0.0050226876394053694 0.7246080574200976 0.019931586900163174 0.9995172714508673 0.023831827028488083 -0.36155126286706196 -0.005498251457621699 -0.023726621961500074 0.9997033643118733 166.57153696847226
0.9998262524698143 -0.017913939532258307 0.005153213638430857 0.7384297600741413 0.017778631025733287 0.9995242501393138 0.025203049829834484 -0.34681497381220555 -0.005602248384003516 -0.025107053411147984 0.9996690705705664 167.89953176440793
0.9998592728624613 -0.016099029337244403 0.0047175947065757 0.7369896613190995 0.01599433900354704 0.9996420324882505 0.02144733199843094 -0.33139344954241184 -0.005061187617587517 -0.021368858655123644 0.9997588490420872 169.28213664214567
0.9999151490703081 -0.012265932826301899 0.004386517626556853 0.7452328292251411 0.012180881287560223 0.9997468485239902 0.018917320919668027 -0.32419734228978636 -0.004617446151875881 -0.018862283841341764 0.999811428930811 170.66730424231
0.9999674538291335 -0.00714248607968582 0.0037518222684361064 0.7467892986551998 0.007072021663409476 0.999804393780042 0.018470536289647364 -0.31658728419807847 -0.0038830142647463223 -0.018443401907551386 0.9998223657770069 172.01061508973262
0.999986172574663 -0.003865976208006313 0.0035649524933505086 0.751111245020496 0.00379909266657304 0.9998201367344771 0.018581202730115237 -0.30414601295712573 -0.003636146082931279 -0.01856740194538756 0.9998209989833591 173.39854174471282
0.9999883881683254 -0.0015161094512116534 0.004574378694445461 0.7493357122193538 0.001420809006198819 0.9997833669721863 0.020765366571181748 -0.2933435804637838 -0.00460487068764933 -0.02075862582785777 0.9997739117413431 174.78839585620838
0.9999884166172431 -0.0016803846725340324 0.004510314673776496 0.7586170782750655 0.0015776461332840624 0.9997413877013174 0.022686312473864947 -0.2820434474446168 -0.00454727036412206 -0.0226789336803399 0.9997324583485591 176.16228738809602
0.9999870384908048 -0.003489170857401032 0.003707901859943549 0.768313986946744 0.0033993568376355318 0.999707168544702 0.023958747046555116 -0.2724261405818778 -0.003790412550324169 -0.023945831676013038 0.9997060717492626 177.51895771160207
0.9999816849060451 -0.005652911272306307 0.0021620462342786875 0.7799690154070178 0.005596885752654414 0.9996693684319797 0.025096388562472066 -0.25269743845279746 -0.0023031992462813396 -0.025083827829605578 0.9996826980733148 178.92229820959687
0.9999806990750091 -0.006212146916853115 -0.00010346165256394299 0.7817710111865351 0.006212932955231737 0.9997473884144938 0.0215999733458231 -0.24461507050758885 -3.074669570251199e-05 -0.021600198932624767 0.9997666880020011 180.2580852568809
0.9999924319561108 -0.00356050613902074 -0.001568063928619948 0.7801102231622317 0.003588581327848708 0.9998264505829272 0.018280886685410558 -0.239384609530433 0.0015027027073117507 -0.01828637519426283 0.9998316610058291 181.6864566000788
0.9999973100414961 0.0012787696906103906 -0.001935111527040601 0.7746687659218927 -0.0012463335631795135 0.9998602468997224 0.016671332831344858 -0.23487160038637162 0.0019561600485848837 -0.016668875950544067 0.9998591510795608 183.0847773000135
0.9999900724862356 0.003893183640429656 -0.00216749795439254 0.7740316438895545 -0.003854239620931685 0.9998360791396731 0.017690667205473732 -0.22748191689949446 0.002236015861037525 -0.017682137269305207 0.999841158504073 184.44221112561556
0.999978052736737 0.006091402166082878 -0.002605543945749575 0.7631841249740816 -0.0060365436497575664 0.9997702236525858 0.02056842392602851 -0.21426982784675275 0.002730236026220304 -0.020552243729177702 0.9997850524336725 185.8740470137226
0.9999810019311725 0.005908250481211576 -0.0017573697953773785 0.7674664309520269 -0.005864804596777845 0.9997000727064631 0.023777483598147582 -0.20875107061866238 0.0018973262020778921 -0.023766724898356472 0.9997157310539556 187.24646737898615
0.9999808034953669 0.0059662296079280325 -0.0016723458475630046 0.762496145838858 -0.005923965682765201 0.9996888459189737 0.02423051805084181 -0.19381201549698895 0.0018163904787352756 -0.024220145640556336 0.9997049991102073 188.70148498116762
0.9999890769144736 0.004335185119063792 -0.0017470600829428496 0.7687828415562252 -0.0042895856005924415 0.9996704469890205 0.02531001582966965 -0.17917334089106077 0.00185620809496107 -0.025302244836818852 0.9996781236334843 190.09500930728737
0.9999976748283095 0.0013673358212313816 -0.0016675519961078435 0.7783940572385188 -0.0013229834408781216 0.9996528366300292 0.026314557973903453 -0.1667113361785355 0.0017029540639132562 -0.026312290263551148 0.9996523212100288 191.47086663525255
0.9999988644507984 -0.00047434820657127385 -0.001430416073975811 0.7840520556038425 0.00051148059189048 0.9996599505747025 0.026071471633012083 -0.15364588715229677 0.001417562824481947 -0.026072173279944235 0.9996590580134428 192.89981284009886
0.999988690181568 -0.004650701926596812 -0.000995227589649008 0.7826613081538999 0.004676665335286701 0.9995996338671558 0.027905211115878945 -0.13258486673152184 0.000865050385841469 -0.027909549454262838 0.9996100783336694 194.26673360082543
0.9999663442756486 -0.008156362744256443 -0.0008854692806321233 0.7884228575049873 0.008178631372018975 0.9995451763627087 0.029026719389915304 -0.10967539740075073 0.0006483141469601512 -0.029032983979412955 0.9995782438095239 195.7454488724851
0.9999249159395232 -0.01224257065967595 -0.0005309727325110607 0.7965192087717358 0.012253030840151 0.9994674160029372 0.030244795145633798 -0.09653205583669369 0.00016041591226276589 -0.030249029828379553 0.9995423805053768 197.13181616655285
0.9999533893251774 -0.009645734027350266 -0.00042306365550582974 0.8019050036559198 0.009653477733715006 0.9996147934930273 0.026020665541025063 -0.08169444181150291 0.00017191228050783373 -0.026023536357041157 0.9996613156330939 198.58346902431683
0.9999985478988688 -0.001690203988854646 -0.0002177389776820077 0.7945220417246159 0.0016944646203918676 0.999770983981273 0.021333269813009086 -0.07317896562337922 0.0001816315488055234 -0.021333607476639215 0.9997723961883694 199.99060676182876
0.9999795324770124 0.006310584677944189 0.0010541083821150182 0.7877733570864369 -0.006330790024333396 0.999771610264827 0.02041196782946779 -0.04530225700061927 -0.0009250562583848002 -0.02041822309138125 0.9997910983879469 201.43450514532086
0.9999012815211511 0.013898053429467858 0.0020667135046301575 0.7774474695209906 -0.013944028110255005 0.9996098279953763 0.024202394507358612 -0.03647116789234725 -0.0017295410987810183 -0.02422882324675374 0.9997049428633489 202.88587120902667
0.9998816858174278 0.01509213099861246 0.0029735377713087305 0.7747508387372971 -0.015166384549686676 0.9995265488184092 0.026770488206740727 -0.01863966067563489 -0.002568106441110666 -0.02681241831019327 0.9996371836939804 204.3301980980998
0.9999052504456629 0.013546060044447883 0.002448340438610918 0.7866277075416479 -0.013608326275621651 0.9995288522328657 0.027511580447552062 -0.0020759994898944395 -0.0020745135567334797 -0.02754229115679416 0.9996184865038296 205.7784879376976
0.9999405136183419 0.010850260955389122 0.0011140245282482098 0.7976710944786692 -0.010877283052514787 0.9995460514880056 0.028095830850373888 0.011002994762330534 -0.0008086717858732237 -0.028106276686204756 0.999604613449227 207.22019351803732
0.999961926217538 0.008695273982662675 0.0007337019062550222 0.8028386624528501 -0.00871209277886176 0.9995878237096075 0.027354746730259564 0.023654991299064676 -0.0004955425126168525 -0.027360096916085392 0.9996255196341166 208.64975716474646
0.999960960197737 0.008834820431234128 -0.00015498590000680244 0.8147079155260993 -0.008827305041917735 0.9995888235716605 0.027281175087979313 0.04758257018887757 0.00039594649277873827 -0.027278741535109906 0.9996277874571683 210.15565367080862
0.9999440431300999 0.010562916598221407 -0.0005791289507078093 0.8136151104632771 -0.010543200271468173 0.9995725386222679 0.02726868169457292 0.06713102652142297 0.0008669182822578858 -0.02726104955920264 0.9996279725976858 211.55583461889088
0.999936218919541 0.011266959092027117 -0.0007833982823851771 0.8138217842206886 -0.011240180099424702 0.9995336519106525 0.028392553491455245 0.09096611599243733 0.0011029307811364925 -0.028381936637047432 0.9995965432037999 213.0102178343409
0.9999430762961528 0.010621556256880979 -0.0010132613136710853 0.8116328151060449 -0.010588508638890423 0.9995406694057009 0.02839601612375777 0.10878009239689775 0.0013144058882928735 -0.02838367038213904 0.9995962382689747 214.496783699062
0.99993659505215 0.011171666648632828 -0.0014141169708624156 0.8181732055675789 -0.011128311935169163 0.9995557571047614 0.027648673658996283 0.12484133671068628 0.0017223706730182774 -0.02763118346349017 0.9996167020962424 215.9309800362421
0.9999403690011548 0.010797125682522784 -0.0016372252430352846 0.8247212427866366 -0.010748543713561607 0.9995711981726579 0.027237632664849607 0.14411088462632385 0.0019306115065194397 -0.027218410278390975 0.9996276461022829 217.44721017731277
0.9999397230364117 0.01076995728983677 -0.0021350178475814316 0.823050176004183 -0.010705803902723748 0.9995485301154343 0.028073506184925125 0.16431359897843062 0.002436404621731417 -0.02804895651265386 0.9996035813966739 218.92614008024657
0.9999333597414818 0.011271196727539748 -0.0024972357599418755 0.8218652585170692 -0.011197758283945737 0.9995537535472262 0.027693032015027565 0.1824968540087491 0.0028082552283103567 -0.02766322270332325 0.9996133551444377 220.41067296126698
0.9999467208374099 0.00997812645517477 -0.002644327425985334 0.825484240128508 -0.00990173648460668 0.9995733603164777 0.027478227751020733 0.21318624571729236 0.002917380730051492 -0.02745057990506556 0.9996189046450897 221.92100874631598
0.9999194002103987 0.012211002287500316 -0.0034762751562388335 0.8150051651069516 -0.012111389506414681 0.9995521855588795 0.02736316197731071 0.22342143406526216 0.003808850386794891 -0.02731885359645748 0.9996195140498461 223.39306564466773
