1.0 -6.776263578034403e-21 8.673617379884035e-19 -8.673617379884035e-19 0.0 1.0 -1.828002979293187e-19 0.0 0.0 1.0683203047244863e-19 1.0000000000000002 5.551115123125783e-17
0.9999995695502296 -0.0009037293586177133 -0.0002101723987497214 0.0012891733271223407 0.000904007273230145 0.9999987128074349 0.0013255773750311915 -0.018216118717751466 0.00020897418220487685 -0.001325766782437578 0.9999990993352647 1.3106429208269572
0.9999988947736981 -0.0014288605453057614 0.0004108635658374594 0.02526612577030061 0.0014280928757896898 0.9999972448284395 0.0018630318976006516 -0.030319880356784346 -0.000413524481753501 -0.0018624430599463203 0.9999981801492556 2.6193401955830233
0.9999969597946156 -0.0023399934832668973 -0.0007777089027075825 0.013935899559481359 0.002341426016470541 0.9999955551494267 0.001845916441128375 -0.04728597639435898 0.0007733860773984592 -0.0018477317498063529 0.9999979938781549 3.9396172583403635
0.9999968289805051 -0.0025022239226670452 -0.0002844356619230949 0.02108571789546843 0.0025027723098497373 0.9999949796902926 0.0019433803118938373 -0.06273822857899275 0.00027957148378022264 -0.0019440859984532106 0.9999980711821824 5.256336710392762
0.9999942955023032 -0.0033292815619487552 -0.0005699524545259675 0.02446843892617529 0.0033306300804921444 0.9999916186763744 0.0023810676485850803 -0.0750344168523269 0.0005620204788284342 -0.002382952331420085 0.9999970028303211 6.576209108839905
0.9999899605225101 -0.004465905362055632 -0.00036679882514078534 0.03295074421668284 0.004467401072128757 0.9999812754053279 0.004182244804385037 -0.0940377424290144 0.000348114475042122 -0.004183841392833385 0.9999911871033715 7.902951765113679
0.9999899775569546 -0.004446625031051092 -0.0005218326479306474 0.039918686155831815 0.004449112003915329 0.9999782697094761 0.004864721676675296 -0.10769845899697209 0.0005001897554793751 -0.004866994540823423 0.9999880310137406 9.238803817223909
0.9999924055119347 -0.003804994928558934 -0.0008431667953184546 0.03878377682432507 0.003808213958556373 0.9999853404968645 0.0038491950082804793 -0.12059165375091258 0.0008285083354525654 -0.0038523766786405576 0.9999922363524989 10.560195483728194
0.9999992061297323 -0.00011118705232870497 0.0012551405095966401 0.04626728036331553 0.00010695437698760309 0.9999943095962105 0.0033718449753570223 -0.13540991506449881 -0.001255508378029551 -0.0033717080069246984 0.9999935276195023 11.854480028246124
0.9999979385298432 0.0019883871123793223 -0.0004114027111765681 0.04051019205441714 -0.0019878817286683196 0.9999972729951185 0.0012256956583743222 -0.14027364158930983 0.0004138387821007363 -0.001224875294352363 0.9999991642082772 13.233587114021056
0.9999918648702452 0.00402737712759814 -0.00022455536626101238 0.030111156445163115 -0.004027254222081863 0.9999917410480788 0.0005468647496770196 -0.16533903768110159 0.00022675596268697303 -0.0005459559521862247 0.9999998252567496 14.58303221494615
0.999985095880826 0.005421572106013489 0.0006438706704000683 0.03287461579562306 -0.005422701520677261 0.9999837400007761 0.001764666108693888 -0.1816028497099652 -0.0006342929876901751 -0.0017681313018025305 0.999998235689735 15.924156797713813
0.9999962031205994 0.0027515800043385547 0.00015017048647673545 0.037517960078497836 -0.002752183095883393 0.9999875029958708 0.004173648795811319 -0.18599037977744465 -0.00013868449185305658 -0.004174046185725231 0.9999912790128523 17.292434375315587
0.9999983694342985 -0.0013725331792086872 0.0011735764018704388 0.04736487812520328 0.001364249675857095 0.9999743560923865 0.007030361752443799 -0.20205632805122284 -0.001183195811133829 -0.007028749135688293 0.999974598040957 18.64447251513362
0.9999963652738021 -0.0026280159590782014 0.0006024706044749275 0.06599825725331387 0.0026244754273768984 0.999979710066571 0.0058044456435539385 -0.22276669179267028 -0.0006177126088431984 -0.005802843292133295 0.9999829725730395 19.99563372675902
0.9999928179443318 -0.0036008603156607 0.0011823129067149328 0.07710351418733487 0.003596666590326417 0.9999872996313791 0.0035305197010736416 -0.22705989170721635 -0.0011950109005566326 -0.0035262419075825125 0.9999930687579337 21.35076649721105
0.9999981152590931 -0.0018955156362033168 0.0004201172819666031 0.06672596298289246 0.001894570195378692 0.9999956966085674 0.0022399486933374958 -0.25843484749848605 -0.0004243613680268389 -0.0022391484971358154 0.9999974030614344 22.717289758925666
0.9999990316026132 0.00029874916599085096 0.0013592435895110264 0.06973547308455523 -0.00030369748995766707 0.9999933227697999 0.003641728498389399 -0.2570518286578861 -0.001358146663811519 -0.0036421377179247615 0.9999924451051182 24.070977226696336
0.9999966848016966 0.0012488135871230968 0.002251854910512264 0.07707272945198018 -0.0012664669620172893 0.999968346099715 0.007855117230425276 -0.27152758321259507 -0.0022419742407081486 -0.007857942975438348 0.9999666125810066 25.42192070118115
0.9999957200253455 -0.0006145177625003413 0.0028604718661490378 0.09338279690419792 0.0005865722633757328 0.9999521963596723 0.009760170943480499 -0.27552693137025525 -0.0028663331638580196 -0.009758451155290596 0.999948277040597 26.819645112294246
0.9999867550122454 -0.004000673093149911 0.003237964434882893 0.09264143901771126 0.003967095562064992 0.9999389719292358 0.010310896196734776 -0.2876178185656206 -0.003279017629178886 -0.010297914164779811 0.9999415987936326 28.217652915931275
0.9999819393672434 -0.005332910671566681 0.0027714618395823978 0.09414045673519654 0.005314055463272031 0.9999629840143553 0.006766936081253261 -0.2925570204245323 -0.002807446953853143 -0.006752086065347038 0.9999732634273013 29.591157901739354
0.9999830654051068 -0.0048399998165864905 0.0032316099474930817 0.11165851192560866 0.004823991767184257 0.999976146241924 0.0049432840058414515 -0.3125399821226169 -0.0032554586294981057 -0.004927610961239375 0.9999825601654626 30.975005689178037
0.9999886628387696 -0.0028744651527032507 0.003796267043354698 0.11022575978444249 0.0028605114865213103 0.9999891520758997 0.0036760315817362266 -0.31791039454771286 -0.003806792806257364 -0.003665130586850387 0.9999860374741394 32.35370972234465
0.9999909061122593 -0.0006371101181602199 0.004216845217242514 0.12163774242185403 0.000627939990147243 0.9999974361738114 0.0021756237811360315 -0.33672618959700273 -0.0042182208714045735 -0.002172956038920597 0.9999887423731143 33.71726434918192
0.9999897389901832 -0.00030072136333592444 0.0045201195825587724 0.13141491276856512 0.0002924028717567618 0.999998262828811 0.0018408805761346288 -0.3512458397133776 -0.0045206657011593 -0.00183953996419598 0.9999880897655384 35.12388733586162
0.9999898772805466 -0.00031453899663065767 0.004488474317767251 0.13478904862189237 0.0002964502018755081 0.9999918349414644 0.00403015766552989 -0.36963361346007706 -0.0044897056869744115 -0.004028786201849377 0.9999818055451872 36.499874445722206
0.9999917593602996 0.0012485610527986292 0.003862940187037311 0.15975061438734178 -0.00127228159608459 0.9999803151202307 0.00614415793129122 -0.3928734944200142 -0.003855193111643223 -0.0061490219583941325 0.9999736631580997 37.912026838350364
0.9999878859196162 0.003300394645691589 0.0036517678507137948 0.15190745968397348 -0.0033221362354354574 0.999976698779128 0.00596366627936792 -0.3955875032576015 -0.0036320006107951525 -0.0059757256194295375 0.9999755493359759 39.296388293638884
0.9999734021801866 0.0054131577119269835 0.0048880111293121455 0.1386716480946921 -0.005441152488584133 0.9999687679393481 0.005732103709494939 -0.4030694577752484 -0.0048568300900574 -0.00575854757960124 0.9999716247607928 40.7339199383116
0.9999582764240724 0.008118708837771842 0.004187119714652765 0.16449174910795356 -0.008146031636884194 0.9999453683084261 0.006550006023614718 -0.41659544838993384 -0.004133713716703541 -0.006583841049816547 0.9999697822646579 42.12375985308558
0.9999467659663566 0.00965966347187332 0.003627137465213187 0.16809023375613477 -0.009683364837742403 0.9999315018832085 0.006574496295140646 -0.4279001513437991 -0.0035633818863769567 -0.006609269109713806 0.9999718095354919 43.52726138875083
0.9999567322396367 0.008507901779809908 0.0037615487651732637 0.17451072477550408 -0.008535456976157986 0.9999364056815675 0.00737092803086382 -0.44288564832710053 -0.0036985987270259997 -0.00740271553939183 0.9999657594956536 44.93917911828636
0.9999742148454613 0.0066244862271888395 0.0027723316103524763 0.18394016426919732 -0.006643214207211721 0.999954804057376 0.006801290865076973 -0.4479925431987355 -0.002727151480566083 -0.0068195325879938365 0.9999730279433015 46.32104696441423
0.9999649503673337 0.00814836560735127 0.001924102051160976 0.18973688362863514 -0.008163044486641428 0.9999366641620436 0.007748056668283102 -0.46965369113446653 -0.0018608463409852099 -0.007763491521515534 0.9999681322139374 47.781094066359316
0.9999734905192009 0.007248106955138164 0.0006951255125956513 0.1936214054124684 -0.0072536765456014465 0.9999386225107615 0.008374688054593718 -0.4694170391508169 -0.0006343822633332113 -0.008379508141626687 0.9999646900742165 49.172420491045905
0.9999738175224289 0.007232198293834642 -0.00024407419717464157 0.1929164094200518 -0.007229756394207109 0.9999347135433161 0.00884868838347222 -0.4812225769945697 0.0003080537598518377 -0.00884669197916876 0.9999608198007417 50.61862255566552
0.9999703172965092 0.007597295995045455 -0.001282814547543418 0.1980822480870379 -0.00758514987737838 0.9999287057750773 0.00922219506288008 -0.48769682728629454 0.001352786951900907 -0.00921219085063705 0.9999566518104935 52.01794526520425
0.9999577372134862 0.00867496294947559 -0.003044469630768632 0.2075548955555393 -0.008641779345382853 0.9999048863398319 0.010748857620438026 -0.49920149118568136 0.00313742626757411 -0.010722093555377456 0.9999375946822436 53.46686831930119
0.9999714504239618 0.0068260772091605325 -0.0032408332565064405 0.2015299661147515 -0.00678764261042058 0.9999082085359247 0.011726142807964983 -0.5045868745351563 0.0033205796123697276 -0.011703810245469872 0.9999259945459117 54.90807279176575
0.9999840103292411 0.004442720966965925 -0.003498758625660673 0.19862840498953607 -0.00440174127712124 0.9999226270562904 0.011634628775673294 -0.5091173425555044 0.0035501776245035113 -0.011619041944114636 0.9999261943240112 56.33204976034294
0.9999865017600414 0.0014166870702491394 -0.004998929007637513 0.21191808934157472 -0.0013609727190545984 0.9999371207720305 0.011131139444635488 -0.5098407694980067 0.005014384440598848 -0.01112418562701222 0.9999255514472659 57.78269889182379
0.9999862340684861 0.0015849051795846667 -0.005001974091109189 0.21037799850836 -0.0015257791294788913 0.9999291859492057 0.011802334332306649 -0.5232386116646209 0.005020325882861345 -0.01179453978400193 0.9999178392012612 59.21698528059159
0.9999922662563901 0.0008715130904599827 -0.0038350866409994555 0.2005505159268781 -0.0008226921022605074 0.9999188439861336 0.012713324924630485 -0.5311692502120634 0.003845855552120761 -0.012710071323639917 0.9999118278494952 60.60188338609368
0.9999937741381901 -0.0015285885809596834 -0.003180424421723735 0.19915757580119403 0.0015723537508873558 0.9999034832066369 0.013804056932763993 -0.5389590141858442 0.0031590169975484065 -0.013808971542595545 0.9998996614190674 62.02369886139713
0.9999928203950644 -0.0029713166048420704 -0.002351687420217567 0.19862590134714453 0.003002333065005727 0.9999070818299006 0.01329713185434063 -0.5453313974714782 0.0023119591095898664 -0.013304096741830607 0.9999088237655583 63.4612883900594
0.999991094128998 -0.0034823019948570363 -0.002384372647523789 0.20035499053158462 0.0035118873314463612 0.9999154771206562 0.012518197729438546 -0.549351564102406 0.0023405791633130954 -0.012526459709984516 0.9999188014466207 64.9050817626672
0.9999884553748175 -0.004353708850841916 -0.0020333060127917454 0.20920825468747295 0.0043788964126812375 0.9999116371574797 0.012551619673135603 -0.5591216686111071 0.001978480410550546 -0.012560378223040186 0.999919157984276 66.34271831122527
0.9999967816119492 -0.002213913745939641 -0.0012390926446795396 0.2089275338459542 0.002229252019833007 0.9999191733100149 0.012517080097634161 -0.5684510191240439 0.0012112808578720108 -0.012519801880842542 0.9999208905453038 67.74787972459801
0.9999997503892494 0.0003264360452332111 -0.0006266264121263876 0.2020292818143397 -0.00031776580493349336 0.9999049041488054 0.013787011883908816 -0.5706155880056127 0.0006310674531417974 -0.013786809122468246 0.9999047582823836 69.17129903847781
0.9999896163313693 0.004526337924524096 -0.0005286702062988549 0.20276619964149123 -0.004517670034056687 0.9998714447709998 0.015384557368785854 -0.5763606723181931 0.0005982380001535578 -0.015382009041191651 0.9998815109276612 70.56868847920457
0.9999615725179617 0.008687303819724192 0.001176534179665862 0.20145090121852083 -0.008705611885949987 0.9998248171747303 0.016569469105398756 -0.5844493738646954 -0.001032384142192832 -0.01657907459392167 0.9998620247076289 72.03172327200599
0.9999154106243329 0.012867933917473444 0.001894163890152318 0.19195265917025917 -0.01289656041393511 0.9997893360764901 0.015967536710641817 -0.580582621047868 -0.001688295787718978 -0.01599061399660212 0.9998707165957932 73.42610806981514
0.9998712841104259 0.015903822001849876 0.0021174590224930546 0.19154025969486244 -0.01593479676964226 0.9997526236369806 0.015516888294097513 -0.5912968272347756 -0.0018701575346443088 -0.015548632081061832 0.9998773637482474 74.81164455046647
0.9998451672420208 0.017308281315072786 0.0031725244960646728 0.19292860870389317 -0.017355195801502563 0.9997306315009391 0.015409791088333543 -0.5830793801806571 -0.0029049531558046843 -0.015462464711059335 0.999876229049014 76.25879608830998
0.9998540619739746 0.016730001959789357 0.003458577950751786 0.19502886808407877 -0.016783441253429423 0.9997303714270452 0.01604682488293119 -0.5857147439177022 -0.0031891822686518087 -0.016102529650827827 0.9998652597423516 77.63833197265843
0.9998802963836952 0.015155459122976781 0.00311527531368437 0.21219717119009907 -0.015204022678206404 0.9997530809977343 0.016205393175095534 -0.591418244892172 -0.0028689061539999387 -0.01625081781498972 0.9998638308699584 78.99481545510339
0.9999001032495165 0.013862780778987338 0.002758045005222828 0.21318127962570504 -0.013904142562746849 0.9997817986118234 0.015589420056334024 -0.5939850941270466 -0.0025413306911192006 -0.015626210751220088 0.9998746737270207 80.48135798161316
0.9999012773329192 0.01383421625568321 0.0024596809238806912 0.2231557861682147 -0.01387058267619852 0.9997845947111176 0.015439272906269869 -0.598712370131872 -0.002245561038483831 -0.015471865686256872 0.9998777819377845 81.8764109889902
0.9999003215776644 0.013935460576411787 0.0022693234212575915 0.23556741118538976 -0.013969285059016743 0.9997800787643419 0.015641394270826805 -0.5988769281475498 -0.0020508544823828693 -0.015671535762787042 0.9998750906725876 83.254681683163
0.9998992434748869 0.01409160991774574 0.0017115516915666134 0.2374949754081327 -0.014116715944144303 0.999777593472876 0.015667863760029353 -0.6073505517127797 -0.0014903857267137858 -0.01569044638503167 0.9998757865992359 84.61544101602978
0.9999196320107328 0.012650998970340948 0.000825668887069724 0.24031399863579544 -0.012662384463881985 0.9997971354666083 0.01566371484982492 -0.5945760741321431 -0.0006273397957097639 -0.015672910700884442 0.9998769755824773 86.0410948944235
0.9999117610812694 0.01328341262893325 -0.00014485468594359775 0.24381742113050497 -0.013279075322396538 0.9997692830139665 0.016883333017314633 -0.6087438247179082 0.0003690895801861981 -0.016879919472056984 0.9998574558783119 87.40665978078329
0.9999272191467112 0.011965480613309567 -0.0015439133172072154 0.24540472468586416 -0.011934814980408047 0.9997568607625306 0.01854129396219592 -0.6136805740074914 0.0017653935768592883 -0.01852151792526782 0.9998269033897771 88.80021327788944
0.9999576768507464 0.009026551070758195 -0.0017792903209525087 0.2517034376079905 -0.008991981934343045 0.9997872447781301 0.018563659822474918 -0.6148011941062914 0.0019464777573083751 -0.0185468745366355 0.9998260972049514 90.19789606747771
0.9999699357764674 0.006964043287612073 -0.003410225390117626 0.25630651959051487 -0.006897914150029832 0.999795043828197 0.019033894515973402 -0.6088938118371744 0.003542079607809061 -0.01900979856077207 0.999813023126986 91.58061730627745
0.9999747738257814 0.005676886175767222 -0.004269036080202591 0.2518147620494944 -0.005597366758366009 0.9998147813226808 0.01841392286230639 -0.606789663706065 0.004372779487321767 -0.01838956272360341 0.9998213354233019 92.95490573124941
0.9998030017719721 -0.010723961667482289 -0.016701923628901185 -0.02054606776656509 0.0111108656349508 0.9996680010705438 0.023247286661856107 -0.4381147080013777 0.016447076970522057 -0.02342827947550997 0.9995902207326125 99.34648667056484
