1.0 -3.469446951953614e-18 0.0 -1.7787691892340307e-19 0.0 0.9999999999999999 -3.5405977195229754e-19 0.0 2.168404344971009e-19 -2.354751593366955e-19 1.0 0.0
0.9999998184236251 -0.0001920850232811945 -0.0005711877703400902 0.0023623220759034095 0.0001924746445146272 0.9999997488292218 0.0006821250560820844 -0.022605926090915572 0.0005710566496940094 -0.0006822348851515522 0.9999996042253559 1.3271691435190551
0.9999995990749863 -0.0006227654238465836 -0.000643438467405147 -0.007878449377712479 0.0006234318605723953 0.9999992690199224 0.0010359976767853364 -0.039982446498254665 0.0006427928687385296 -0.0010363984219421438 0.9999992563481335 2.6231509716465324
0.9999989732184265 -0.0005462443338452392 -0.0013248312772263305 -0.010181380675332502 0.0005478582007660167 0.9999991080611215 0.0012180834487439097 -0.0674937677403847 0.0013241648373066885 -0.00121880804239965 0.9999983805470946 3.9457426161011844
0.9999992587409344 -0.000863053596684241 -0.0008588690525857161 -0.023503601077690096 0.0008642941959071757 0.9999985823841044 0.0014450687636606992 -0.07664220526171318 0.000857620736955586 -0.0014458100365610609 0.9999985870598135 5.278795002344793
0.9999986084910863 -0.0011723058987375534 -0.0011868928565376756 -0.021120976150679316 0.001174371274268336 0.9999977950753758 0.001740888963413753 -0.08685334493538406 0.0011848494867532887 -0.0017422804282339161 0.9999977802939537 6.609259414685544
0.9999969948364335 -0.002292126620104846 -0.0008697560884195944 -0.038430953179922914 0.0022942146809654725 0.9999944709325528 0.0024072140531530618 -0.11417975293863544 0.0008642337152179198 -0.0024092022727010033 0.9999967244177975 7.942258227263239
0.9999967527602609 -0.0023992057349396783 -0.0008592339194740607 -0.045425084496084095 0.0024012867017064576 0.9999941670784265 0.0024289148461975603 -0.11863389718535886 0.0008534015154609308 -0.002430970272684499 0.999996681040094 9.264058802737303
0.9999970852176912 -0.001975411159017653 -0.0013882750259226972 -0.04643996501582941 0.001978430293814313 0.9999956740011902 0.0021766463036029604 -0.1508151036995527 0.0013839693677125161 -0.002179386607089004 0.999996667447187 10.589521531119694
0.9999989882287958 -0.0008636166563662177 -0.0011303571001503717 -0.08467659021038715 0.0008648215440185628 0.999999058043211 0.0010658305977915075 -0.16012389018395268 0.0011294356627184628 -0.0010668070978716747 0.9999987931491247 11.912866642435741
0.9999986828929792 0.0010586196708475522 -0.0012302572463841204 -0.08147801532683357 -0.0010582146055146333 0.9999993856705466 0.0003299122993613014 -0.18066963617237866 0.0012306058464430045 -0.00032860999693349566 0.9999991888130609 13.249904172308751
0.9999787738519049 0.006414636602010013 -0.0011420455074390118 -0.10392987037922408 -0.006415585918984227 0.9999790761610643 -0.0008291625866088658 -0.2022994722107262 0.0011367029297476802 0.0008364718884064513 0.9999990041109933 14.60076449401547
0.9999828786669672 0.0058243692422358245 -0.0005648745761648736 -0.1272862398721523 -0.0058240936148720515 0.9999829202505681 0.0004890320158392715 -0.2220253166967664 0.0005677132792712898 -0.00048573377504296483 0.999999720882611 15.942681433811027
0.9999880579297982 0.004875434188598999 -0.00033783022563158233 -0.11993731702289487 -0.004874318642491309 0.9999829082428576 0.0032286605170319346 -0.25617126688369607 0.00035356560556849934 -0.003226975335598237 0.9999947307974882 17.277027605287785
0.9999999215926348 -0.00018422180243324142 -0.00035053787556867566 -0.12487776445512144 0.00018605079902375872 0.9999863334312794 0.0052247807823072165 -0.28219276058004084 0.0003495706001810494 -0.005224845693620886 0.9999862893008413 18.64708233469134
0.9999982654928146 -0.001756016212789726 -0.0006208221138978248 -0.11638659452903528 0.001758756632792971 0.9999885905338525 0.004441348172195344 -0.3148858059855987 0.0006130160067841389 -0.004442432430368781 0.9999899444531632 19.98287354071145
0.9999961835605699 -0.002718884795608365 -0.0004904415739673453 -0.11998466429332613 0.0027196367692860733 0.9999951178228615 0.0015387989110792802 -0.3147701724567871 0.00048625540511325013 -0.0015401268899538246 0.9999986957820818 21.34990597771049
0.999999549848068 -0.0009264532314876214 -0.00020491267912774256 -0.15036716043013426 0.0009265212914700248 0.999999515665791 0.00033200147772497363 -0.36542254242926514 0.0002046050136635775 -0.0003321911902385551 0.99999992389308 22.68740786124655
0.9999986047262023 0.001563311644509003 0.0005887278827870039 -0.14718506825666192 -0.0015643788767923635 0.9999971264661816 0.0018165297958725225 -0.3544206819261876 -0.0005858864370141806 -0.001817448291321509 0.9999981768074541 24.05788306331127
0.999997502891259 0.00184636555661779 0.0012590250375849724 -0.1566156635452562 -0.0018541988977704696 0.9999787548831057 0.006249138379781781 -0.3805772560884447 -0.0012474601960600529 -0.006251457381453034 0.9999796813553216 25.452373848214354
0.9999987830955924 0.00021485281476378397 0.0015452014152188044 -0.160942282401794 -0.00022579107235251236 0.9999748956826083 0.007082162196060057 -0.3965378044380752 -0.0015436411262307029 -0.007082502608931901 0.9999737273191898 26.82295255436877
0.9999913892771127 -0.003909072715246277 0.0013930288865189632 -0.15732189760825332 0.0038992219865940647 0.9999678587215657 0.007005539556220516 -0.4411851744853271 -0.0014203693904103402 -0.007000047638418493 0.9999744906165086 28.195409142669607
0.999991425718637 -0.0038896865740323267 0.0014208571071965088 -0.1692314938215826 0.0038833006352129856 0.9999824691627144 0.0044700488927593655 -0.4421348709808902 -0.0014382194051928516 -0.004464493033841075 0.9999889998524241 29.545642355710324
0.9999902775475744 -0.004006067057578876 0.0018428904120813643 -0.16999879425361009 0.004001162330595864 0.9999884638485448 0.002657604913345389 -0.485917604318607 -0.0018535158499205313 -0.0026502054188713856 0.9999947704304121 30.94447071996885
0.9999959352597162 -0.0014294602169180291 0.002467004862485035 -0.1884092908843432 0.0014263253899865335 0.9999981737633584 0.0012720312257046321 -0.4799508021640359 -0.0024688188826884347 -0.0012685073254537261 0.999996147902292 32.31856364375748
0.9999949041370609 -0.00018661638415883204 0.0031869858108399983 -0.1934309907841073 0.00018813487383235843 0.9999998689340559 -0.00047616897831184604 -0.5253671258360375 -0.0031868968018953945 0.00047676614712686163 0.9999948081758905 33.70010552419235
0.9999942114835028 -0.0002881172490865492 0.0033902791363232265 -0.20833382911028897 0.00028905301400112583 0.9999999202677818 -0.0002755219694230036 -0.5186284530735921 -0.0033901997700814127 0.00027650035339166196 0.9999942150276768 35.09458875081334
0.9999959477007778 0.0001003541674186488 0.002845086039632994 -0.20816336074096342 -0.00010386517066932402 0.9999992333070403 0.0012339357076119385 -0.5663756855439243 -0.002844960267160179 -0.0012342262347699038 0.999995191430038 36.48968015323998
0.9999963249551842 0.0005348674205537607 0.002657817817629491 -0.2214141618705059 -0.000540808312204993 0.9999973560954288 0.0022350232701534045 -0.5597580460330172 -0.002656615572205171 -0.0022364524686378927 0.9999939703173097 37.89246984274899
0.9999944441292477 0.002605076118533366 0.002079732480926361 -0.2121506467963721 -0.002610976173273539 0.9999925608692526 0.0028391924404586573 -0.5832708988657299 -0.002072320870091731 -0.0028446068546012196 0.9999938068287113 39.287189126975974
0.9999807112923794 0.005558579911765607 0.002771141478677166 -0.23625476150985864 -0.005567525871163392 0.9999792816514027 0.003230933923482798 -0.6225387959406189 -0.0027531248911863574 -0.0032463000708176704 0.9999909408770863 40.682538481729885
0.9999590038124451 0.008694958778675864 0.0025275226086330076 -0.24167957193692113 -0.008703446779567636 0.9999564569660058 0.003366631030728762 -0.6439440691729446 -0.0024981400435136756 -0.003388491241612296 0.9999911386711389 42.11124455956192
0.9999614124291253 0.008446561749539278 0.002414380291562868 -0.25296363657472387 -0.008455042161957258 0.9999580464171208 0.0035238736243806664 -0.6487539357001737 -0.002384514582668369 -0.0035441514082000638 0.9999908764976524 43.4970863363709
0.99996363229155 0.00826112537507051 0.002118463316218236 -0.26912112950636646 -0.008268836372173738 0.9999591251812066 0.0036570929670264084 -0.6769666729640211 -0.0020881651949192625 -0.0036744772705081343 0.9999910688505315 44.92335066463163
0.9999670530986339 0.008037635400642546 0.0011353936591370374 -0.2580879533549337 -0.008041171030721795 0.9999627264720823 0.003144081995134778 -0.7124635671786985 -0.0011100804460301976 -0.003153108369374794 0.9999944127984091 46.31926560340684
0.9999717105695172 0.00752030295942558 0.00015194867139804052 -0.26609025223806965 -0.007520812811440898 0.9999649158306403 0.0036884275201816232 -0.7354776155728179 -0.00012420525599503448 -0.003689466032558663 0.999993186183799 47.75349637153597
0.9999690815547725 0.007824147979554972 -0.0007865271405894769 -0.27554950102819226 -0.007820492916315912 0.9999590766848039 0.004548061326972573 -0.7553637463816406 0.0008220797307892226 -0.004541769774233889 0.9999893482005577 49.14858544293086
0.9999616085132097 0.008589504057187067 -0.0017325986440964673 -0.2885770570236938 -0.008581393048347648 0.9999524322025433 0.004636059015404035 -0.7806339729387113 0.0017723378288947921 -0.004621013019344808 0.9999877524556654 50.57980028176846
0.999959278885052 0.008540243594834579 -0.002916296833691966 -0.298171128752979 -0.008526214098610254 0.9999521790186581 0.004789923423904028 -0.7928547893502423 0.0029570647395726042 -0.004764863504563161 0.9999842758015196 52.03166928566821
0.9999458311966284 0.009646996692554045 -0.003907697314197764 -0.3178319057712536 -0.009622564758913037 0.9999343337937945 0.0062236940625617024 -0.8293039204609622 0.003967481006265652 -0.006185754994573553 0.9999729974047534 53.44038774173187
0.9999551398186081 0.00806166419541111 -0.004972714924393391 -0.3217335291559837 -0.008028450983547665 0.9999455701977807 0.0066633799250069995 -0.8403110146023365 0.0050261626214717055 -0.006623157947352627 0.9999654351425108 54.898775858783395
0.9999738658758731 0.005100202292988871 -0.0051240103224432084 -0.3443804766998613 -0.005059406669931987 0.999955651549233 0.0079433838136541 -0.8580408423596437 0.005164296387375412 -0.007917251932426563 0.9999553225905616 56.28482930265204
0.9999754777300098 0.0042811250470033615 -0.005542191600505062 -0.3628976855103539 -0.0042380996386813885 0.9999609725105979 0.007751901243635038 -0.8871742714717298 0.005575162638389713 -0.007728222949334562 0.9999545950417226 57.713169925647925
0.9999814176185456 0.0027617729531780157 -0.005434796404099199 -0.3857818687168234 -0.0027179348004795793 0.9999638469141717 0.0080571519491482 -0.90815408028777 0.005456852411257819 -0.008042230970860532 0.9999527715327746 59.16531011301249
0.9999821301271802 0.002695506036574034 -0.005336071408938555 -0.38402638067802075 -0.002649372916002272 0.9999592181241153 0.008633823825865113 -0.932845286328143 0.005359126777876641 -0.008619532473774366 0.9999484903901045 60.565966685637605
0.9999882201281592 0.0008215462733679865 -0.004783790965115745 -0.403411556636099 -0.0007768128117671066 0.999956028887157 0.009345418791638868 -0.9403793767198715 0.004791258722900624 -0.009341592782339031 0.9999448877295538 62.02802126029919
0.9999875399141838 -0.0016340909052062827 -0.00471696477349996 -0.3978448575287389 0.0016775188547402536 0.9999561107941264 0.009217505656772084 -0.9612963833812469 0.004701695912419426 -0.009225303787606765 0.9999463924819345 63.43400791582555
0.9999888280354565 -0.002400803268873158 -0.0040718477175082125 -0.4242741638091168 0.0024340098187914643 0.9999636638236858 0.008169860619749546 -0.9820367382217194 0.004052085883280536 -0.008179680426358736 0.9999583358511427 64.84416446052097
0.9999916990054919 -0.0025248714810882783 -0.0031979590440735063 -0.4404841953601636 0.0025509498222604024 0.9999633142191753 0.00817697160851933 -1.000731562444877 0.003177196197341223 -0.008185061726554678 0.999961454355638 66.2923633128413
0.9999957247829537 -0.0008501741029961658 -0.0027977877333102957 -0.44555463784513216 0.0008724385741194114 0.9999678880475324 0.007966286525426048 -1.02006815264427 0.002790925402757655 -0.007968693524442714 0.9999643546978091 67.66920791456639
0.9999953415638897 0.0022639092063490816 -0.0020473295093981813 -0.4704229343658052 -0.0022440851225275253 0.999951074153373 0.009633970224818208 -1.0414500015243275 0.002069039958455485 -0.009629331157097893 0.9999514963546022 69.14003692736627
0.9999849954036069 0.0053594696380515425 -0.0011335962331440238 -0.4862900623397006 -0.005347053654798574 0.9999286038677244 0.010686261793924427 -1.0572487987015404 0.0011907881033143954 -0.010680040266570465 0.9999422577175404 70.50083897180369
0.9999539661089945 0.009594166658704948 -0.00013269225402753513 -0.5119190552606305 -0.009591933539825414 0.9998843635281687 0.011800610149285837 -1.08346644197223 0.00024589396012545664 -0.011798794386100875 0.9999303615712042 71.9514942697019
0.9999169835468044 0.012881751343922589 0.0002940505054042253 -0.5170429222022559 -0.012884263194891256 0.9998523428145 0.01137050384524607 -1.0843728255569758 -0.0001475350876136499 -0.011373348764362329 0.9999353104952047 73.31555038058721
0.9998600498985017 0.016697584291589608 0.0010350130649532585 -0.5331382929417863 -0.016707964042454067 0.9997999484112536 0.010995778077811482 -1.1027429922457557 -0.0008512031416802591 -0.01101153240775982 0.9999390089449778 74.70357218536502
0.9998405032178869 0.017762092116180066 0.0018644467996184822 -0.5504870422784051 -0.01778143332393364 0.999782187030208 0.010926992785508467 -1.1106445315556028 -0.001669954579848072 -0.010958402730010867 0.9999385604439929 76.15575079031704
0.9998273158478947 0.018450992775199893 0.0022134364433674305 -0.5580853522439776 -0.018474909240774468 0.9997652378428473 0.011320202179425462 -1.1259572959801418 -0.002004048004908064 -0.011359140633703057 0.9999334746456732 77.52539361861591
0.9998370483757154 0.01792064784061339 0.0021741732365776565 -0.5560989325339833 -0.017944806089584802 0.9997710701705627 0.011652949408164888 -1.156172339552571 -0.001964847258494851 -0.011690065900805466 0.9999297383996729 78.91987091670491
0.9998548345584788 0.016940055327939692 0.0018287405161064247 -0.5618580275542262 -0.016958353964917995 0.9998010367792296 0.01050243440073892 -1.1600833282415581 -0.0016504649761617497 -0.0105319224584104 0.999943175673486 80.30920890994214
0.9998595537229775 0.016676339027319256 0.0016650833877192828 -0.570204022622024 -0.016693237148169483 0.9998032980186979 0.010709862076077575 -1.1875172281908102 -0.0014861546895217643 -0.010736153770857277 0.9999412614489187 81.69859473627841
0.9998731084186125 0.01587457424165796 0.0013285005334892199 -0.585209288505468 -0.015888508878246062 0.99981066968327 0.011232992079189355 -1.1949815675661049 -0.001149930130391811 -0.011252674832594196 0.9999360254397041 83.08124149010301
0.9998663406561444 0.01631300446009015 0.001089342072640343 -0.6005437788919961 -0.016323487400103004 0.9998123708317957 0.010429138546245215 -1.207620725043572 -0.0009190071668792714 -0.010445526673655161 0.9999450216889664 84.44926190252684
0.9998788788526976 0.015561472737211405 0.0002610553580622407 -0.6062001328783919 -0.015563355527735804 0.9998239264935581 0.0104832253104532 -1.205798959240652 -9.787496900206779e-05 -0.0104860186860441 0.9999450154063669 85.85322056780532
0.9998733882886586 0.015888307132596806 -0.000876952107876082 -0.6162298644798647 -0.01587751764260569 0.9998114325569215 0.011180509823368236 -1.2287828770117355 0.0010544262144016176 -0.011165170650413347 0.9999371116002237 87.21087848194487
0.9998912737188401 0.014607140529178206 -0.002017955760144144 -0.6232471067706324 -0.014580791829786752 0.9998154654291908 0.012507423023028538 -1.2414951445714293 0.0022002812584305657 -0.012476640003466695 0.9999197428919904 88.59588767904947
0.9999232925212941 0.011992219010026041 -0.003097696274122486 -0.6303625205057203 -0.011950303116398565 0.9998412900550707 0.013213060950083448 -1.2645664888357524 0.0032556588446551924 -0.013175029271563637 0.9999079054094591 89.97926766868503
0.9999296899214514 0.01116310688778594 -0.004000028061134922 -0.6432670394817896 -0.011107705987735722 0.9998456174302434 0.013614705049011242 -1.2757178131672586 0.004151393295326128 -0.013569316941758523 0.9998993147236416 91.35447398977561
0.9999384993903254 0.010183034235319575 -0.0043935428918920735 -0.656499108445334 -0.010124298729055493 0.9998617511570614 0.013190040412417345 -1.2927078591761072 0.004527250515330581 -0.013144747946734973 0.9999033551389503 92.72613827831685
0.9999522596468953 0.008636733018655019 -0.004570037438172929 -0.6720835010635963 -0.008575718151134502 0.9998760156075538 0.01320645615905174 -1.3128892325905583 0.004683531866718948 -0.013166634595096257 0.9999023473704882 94.04884447869932
0.9999545813456242 0.008133140980554694 -0.004968625209939905 -0.6902630497820226 -0.008068518981615655 0.9998843593234806 0.01289057771742318 -1.3185127543418382 0.005072891959229291 -0.01284990306153313 0.999904568333157 95.42497449586376
0.9999583731723758 0.007812298806183493 -0.004713797201785328 -0.6985446139641146 -0.007753974226917707 0.9998946902022946 0.012267208349533766 -1.328453500011305 0.004809136305704783 -0.012230147293500243 0.9999136441309248 96.78137036809777
0.9999498065290869 0.008937502515499254 -0.004528293590827435 -0.7189101522315103 -0.008884335409654654 0.9998929193300736 0.011628347822876106 -1.343644366730902 0.004631737486261253 -0.011587533515643154 0.9999221350125648 98.1175999928233
0.9999345653341611 0.010655057357108571 -0.004163504553712019 -0.7409346013872176 -0.010605149557377291 0.999873773859426 0.011830772205224124 -1.3528361168088607 0.004289036938348849 -0.01178584371806884 0.9999213459380335 99.48587434487477
0.9999325078519119 0.010848077241738559 -0.004159198004366962 -0.7467638678548914 -0.01079289321298173 0.9998563524036553 0.013068589591617724 -1.3617749341797247 0.004300369988165154 -0.013022818053003876 0.9999059520981277 100.83238160618019
0.999929132007163 0.011234142812909497 -0.003940173201900901 -0.7743080389807154 -0.011174719582267692 0.9998281384984163 0.014792536251787813 -1.3714740696246819 0.004105677860808905 -0.014747457906410308 0.9998828210888961 102.16252426261914
0.9999362026034634 0.010629288861109589 -0.003822160327873417 -0.7845160255372935 -0.010575033955924977 0.9998468332214515 0.013945564613095004 -1.393382924800277 0.003969806680542411 -0.013904255732546384 0.9998954506950369 103.50258412503301
0.999937551312963 0.010523849908284881 -0.0037605885300752324 -0.7946214455295446 -0.01047933066430999 0.9998770086689975 0.011668383936392936 -1.4032939528797648 0.0038829226683885043 -0.011628247050845641 0.9999248505730841 104.8308341742855
0.9999499631761904 0.009208327926212949 -0.003908684303874576 -0.8090675507902714 -0.009166500515826851 0.9999019340662709 0.010587612355851907 -1.417087987417696 0.0040057955481053505 -0.01055125384694344 0.9999363102995419 106.15986262686376
0.9999601589608349 0.008196137298918868 -0.003536071300311745 -0.8198780571490258 -0.008154700952488714 0.9998997228588109 0.011577784437349435 -1.4308111956640368 0.0036306101396934055 -0.011548487799233068 0.9999267228704782 107.50882815503347
0.9999828771279308 0.005007292623297388 -0.0030286063372848906 -0.8318657447999644 -0.004965833667005953 0.9998959281693154 0.013545232760835852 -1.4302558879107714 0.003096116361023777 -0.013529961545258335 0.9999036724680619 108.83258878896042
0.9999910360917249 0.003591271479920487 -0.002242876460523367 -0.848776751648979 -0.0035576598634137436 0.9998839314200536 0.01481441002793045 -1.4547132392336128 0.0022958189070071402 -0.014806298137800076 0.9998877450800852 110.18933315230257
0.9999936243034351 0.003174664000067668 -0.0016348860566831789 -0.8528330359777695 -0.0031519995713846964 0.9999014023080686 0.013683952690215303 -1.4649044549096717 0.0016781669653445968 -0.013678712558733815 0.9999050337840849 111.49063908457501
0.9999908202782651 0.004205307695301469 -0.0008214238162440317 -0.8686163326476607 -0.004195608796975147 0.9999253849635437 0.011472635969225143 -1.4774346297730363 0.0008696085724976965 -0.011469084510609016 0.9999338497555588 112.83264867375892
0.9999712300681002 0.007582875127120039 0.00019754779094312475 -0.8701016466883684 -0.007584401138024313 0.9999267944569913 0.009427756852958298 -1.4960450489385932 -0.0001260438299081337 -0.00942898409027269 0.9999555381989795 114.18414605421769
0.9999450511681072 0.010346918985218452 0.0016840102390392143 -0.8890349840343845 -0.010361497175158964 0.9999067900231895 0.00889104396169448 -1.497460678926628 -0.001591858488883247 -0.008908004458752455 0.9999590558836073 115.48946185573546
0.9999353364317926 0.010911485465318949 0.0032035009814969737 -0.9019003562703165 -0.010947020259226307 0.9998763124003005 0.01129259357152649 -1.5157838297399446 -0.0030798860293288705 -0.011326932371377637 0.9999311050793391 116.86142576584626
0.9999262543915238 0.011477714157823575 0.003968354038223375 -0.9065149788557466 -0.011529257877436326 0.9998461523134133 0.013219226103258336 -1.5140209719246 -0.0038160173300198557 -0.013264003687555983 0.9999047475727266 118.1554549726638
0.9999276125748917 0.010936131650667308 0.005017032469143155 -0.9070861062970688 -0.011007091650026559 0.9998365750685108 0.01434109857045189 -1.5336994536577981 -0.004859376818692488 -0.014395283679599448 0.9998845744710678 119.52596664863954
0.9999203903982431 0.011137326218987432 0.005930666948492015 -0.9094331876195191 -0.01121823527600908 0.9998420019129033 0.013788488990939046 -1.5458833189739796 -0.005776163492141453 -0.013853923188878573 0.9998873460280857 120.84690854902514
0.999892287745661 0.012714415587830707 0.007331883694687067 -0.9057434623674079 -0.012813628438367426 0.9998247668128968 0.013647220211013876 -1.553357219310572 -0.007157083070483418 -0.013739698546294673 0.99987999122123 122.15186408197526
0.9998574767524403 0.014576293961078268 0.00851808699234512 -0.9150609812371643 -0.01468708101152022 0.9998064327076792 0.013091478149610963 -1.557770803962501 -0.008325613629220421 -0.013214718408196149 0.9998780202470938 123.52506829929874
0.999836098131322 0.015258918981677999 0.009743830458336489 -0.919491271057701 -0.015380358368647939 0.9998034250331375 0.012512230166684481 -1.5676152851743317 -0.009550992756636487 -0.012660043246551055 0.9998742430126484 124.8625013708009
0.999816094709922 0.015894985688944957 0.010729685614544843 -0.9096431250140464 -0.0160215918989548 0.9998017957761471 0.011818536029410088 -1.5707652667596013 -0.010539704366456659 -0.011988269422115293 0.9998725898961466 126.19277636162104
0.9998066001042468 0.01586433106423004 0.011622622427896032 -0.909830059316587 -0.01599635444289317 0.9998075653415367 0.011355569938242346 -1.5887581578204168 -0.011440238270030618 -0.01153929359038816 0.9998679741092186 127.52764504268312
0.9998029879729724 0.015319242424360011 0.012621648765519074 -0.9049437013317201 -0.015475369412208308 0.9998037744616374 0.012366307029229064 -1.5970080553521389 -0.012429730661626046 -0.012559195644405465 0.999843872011537 128.8539153554846
0.9997944888258875 0.015143288257431227 0.013478163817400756 -0.8972078079308822 -0.015322416120962546 0.9997943101728528 0.013287623744089401 -1.6108483050014277 -0.013274174291412135 -0.013491411290193649 0.9998208730157452 130.22984849918825
0.9998170134666898 0.013255891480887239 0.013792059152077896 -0.8794646766691293 -0.013448546602977481 0.9998119591022865 0.013970793030347184 -1.6137494496349647 -0.013604271503649675 -0.014153719991663165 0.9998072794331978 131.55395358442206
0.9998281772901049 0.012365927674826617 0.013809406376069889 -0.8711425383057751 -0.012562718433989364 0.9998194590444511 0.014255786406689107 -1.6327766418708687 -0.013630628330019674 -0.014426820905601689 0.999803017004075 132.90267253250616
0.9998580955932244 0.009891288010607065 0.013636388117495995 -0.8602316310946063 -0.010094565714802686 0.9998377393695997 0.014919607626001663 -1.6240003456511127 -0.01348660246073417 -0.015055144177223223 0.999795706226409 134.2248567791501
0.999877842543991 0.008577997476509468 0.013065907381501884 -0.8449587024561684 -0.008775937710384986 0.9998464442353094 0.015168087545758161 -1.6479225617692652 -0.012933790300638402 -0.015280900537300825 0.9997995854909667 135.55695938205645
0.9998956832028153 0.008242758438427717 0.011860844579645693 -0.8392956860841938 -0.008416737332128159 0.9998566134142578 0.014693915622132757 -1.6546435456018753 -0.01173802647719488 -0.014792212701586436 0.9998216886912952 136.9050285562268
0.9999158163512951 0.007025374181015393 0.010908910126323699 -0.8317469636104344 -0.0071994783887409045 0.9998460177895246 0.01600338180035395 -1.6666974523675535 -0.010794801502646598 -0.016080573353515662 0.9998124261187435 138.24421125323965
0.999933411478036 0.006146272171129781 0.00976708465865157 -0.8120203317220231 -0.006306685329104961 0.9998443256791898 0.01647877824320105 -1.6783433370485117 -0.009664281922016595 -0.016539279198061217 0.9998165101152326 139.58663717791427
0.9999524355609388 0.004811643835388025 0.008483790244883438 -0.8177855603500559 -0.0049528274867657075 0.999848281231318 0.016699820970174233 -1.685192118410727 -0.008402150200908984 -0.016741045728878766 0.99982455523985 140.9438219293984
0.9999656716584342 0.003981249912353362 0.007266715419348717 -0.8170708339555022 -0.004099142924872617 0.9998590445287593 0.016281526388863887 -1.680120981070793 -0.007200870906174513 -0.016310755094828974 0.9998410407294962 142.26874985763405
0.9999736828091658 0.003725428473396142 0.00622534103926194 -0.8107975517850388 -0.003823854900682342 0.9998666853177949 0.015874184239525305 -1.679445905063693 -0.006165373480378092 -0.015897571587600124 0.9998546171260133 143.61866686992826
0.9999836347761425 0.001418869738068755 0.005542291223910249 -0.807553646455832 -0.0014951359835864465 0.9999039204369891 0.013780945543465333 -1.6935238918675872 -0.005522205812020571 -0.013789006762614612 0.9998896781820876 144.96951184594556
0.9999897243383972 -0.0015300798261210277 0.004267327111530208 -0.8164664918836226 0.001475218059931456 0.9999166050730827 0.012829911285281742 -1.7150830884555173 -0.004286602378305786 -0.012823484459518168 0.9999085874649943 146.2706281526494
0.9999358172121572 -0.010831269124235921 0.003323413847006007 -0.8158842872781773 0.010776698600748402 0.9998135809436757 0.016020802441948832 -1.7131827809751898 -0.003496320203953442 -0.015983959056733475 0.9998661354404839 147.6447642258296
0.9998357302619031 -0.018048264592857063 0.001665126846150883 -0.8028109569386124 0.01801631365700457 0.9996838391541492 0.01753950284374889 -1.7190515082490292 -0.001981158138343829 -0.017506622516301012 0.9998447845471563 148.9721285767812
0.9998022328249555 -0.019872499517095445 0.000760926435732015 -0.7747287429843482 0.019859316009496884 0.99969666224468 0.014566779054377029 -1.7362449585804571 -0.0010501740032365123 -0.014548787015781894 0.9998936093082753 150.27446768242748
0.9998181782888302 -0.019051337231267063 0.0008105069860522699 -0.796806476937338 0.01904067447897037 0.9997515475202943 0.011588612289652203 -1.7497321754398023 -0.0010310842506996588 -0.01157107284129993 0.9999325212939435 151.6722633448626
0.9998721600638493 -0.015879048993271375 0.0018759915782255324 -0.8043153411640795 0.015861052922574385 0.9998314411816847 0.009247497635833645 -1.7558194672414917 -0.002022516993610341 -0.009216560402482036 0.9999554812287875 152.97979417926106
0.99986634328538 -0.01611298582920003 0.002768982806896134 -0.810536648279899 0.0160858559954469 0.9998249491568175 0.009555954593735014 -1.7710598564639122 -0.0029224732931570005 -0.009510136090288524 0.9999505070055539 154.354216476486
0.9998093474338029 -0.019277499563832075 0.0031059307453757835 -0.8146786023380592 0.019237376804106768 0.9997371985228597 0.012468248139166383 -1.7718869288673083 -0.003345471421494113 -0.012406121302637031 0.9999174445801301 155.6825382829616
0.999601796182728 -0.028007732785453696 0.003437436762045506 -0.8138848548531663 0.02795194880477379 0.9994917723662001 0.01532597564278997 -1.7635244629141107 -0.0038649359043045764 -0.015223789999886175 0.9998766416365413 157.02272682005827
0.9995490964665157 -0.029824035002474304 0.003482913197729364 -0.8002918426968245 0.029762576757475206 0.9994202275441483 0.016534745310377987 -1.7792826289467079 -0.003974027043711187 -0.016423629561570702 0.9998572255596091 158.3725206824252
0.9995143922068565 -0.03099530664985358 0.0032047978498277677 -0.790470099593066 0.030936721146105413 0.9993776224990866 0.01694954091863013 -1.800858475221085 -0.003728159773104911 -0.01684216445728052 0.999851210092947 159.70149353281158
0.9995355270083126 -0.03016215609884193 0.004355982424231778 -0.7973182238721381 0.030083148938116755 0.9993996004267901 0.017188450165696655 -1.78887561910638 -0.004871808206804036 -0.01704942523579638 0.9998427789339528 161.06607409538728
0.9995882006263747 -0.02815351061643265 0.005550586351969344 -0.7979986222575002 0.028056183344312716 0.9994635529816696 0.016895467901032562 -1.7837871101593696 -0.006023275984701803 -0.016732782392940692 0.9998418545656413 162.40745446987816
0.9996564928397048 -0.025364158866443262 0.006599679874160466 -0.8096163257684175 0.025260831559254807 0.9995638764333873 0.015295336301136126 -1.7871879165296038 -0.006984755514191221 -0.015123369114944342 0.9998612388210816 163.75767734354028
0.9996848569055093 -0.02402750003208036 0.007270909460922424 -0.8110317000797578 0.023918009131107643 0.9996045320699749 0.014788789563805943 -1.7838249300960178 -0.007623372321721537 -0.014610223563401423 0.999864203560219 165.10585624963366
0.9996993904477034 -0.023329606417491724 0.007540438471742415 -0.8142880562037911 0.023207384059893456 0.9996040765308286 0.015909352551819567 -1.7833859374202548 -0.007908612622436965 -0.015729576482621053 0.999845005123315 166.4529320867154
0.999724492932861 -0.02230741321875922 0.007301887178385881 -0.8076237185271773 0.02218775961961522 0.9996245460227758 0.01607701156637065 -1.7830821709977878 -0.00765778282874397 -0.0159105700088778 0.9998440939088015 167.7838135823963
0.9997912463412301 -0.019196680171450722 0.006996515117837811 -0.8082868053820043 0.019098705160749258 0.9997222061376702 0.013811227452799245 -1.802492355091616 -0.00725970184608412 -0.013674720178077438 0.9998801421949869 169.17303444932895
0.9998484193927588 -0.016203504821142564 0.006370611038566878 -0.8126805344256594 0.016130869481359077 0.9998061187322994 0.011292474577498005 -1.8077704209102543 -0.006552354106162837 -0.011187999564945691 0.9999159441267337 170.58171703675947
0.999926588347087 -0.010480796397333108 0.006080365084865467 -0.8162420214137205 0.010421767741029096 0.9998990307104997 0.009659975592280736 -1.8164099100987199 -0.006180995905933675 -0.009595898460890163 0.9999348548876162 171.93838519457447
0.9999589841280868 -0.0063190470403291475 0.006488429710343483 -0.8211273674584467 0.006249213906180698 0.9999229339545267 0.010727230121165129 -1.8325630096301566 -0.006555716089393792 -0.010686242749742334 0.9999214103116422 173.28745927670346
0.9999699909795609 -0.002640307160022004 0.007283263619733583 -0.835515938250427 0.002544647451384637 0.9999107915323567 0.013112350576985132 -1.8509885747156956 -0.007317235131661319 -0.013093424000069883 0.9998875038304538 174.67004293487415
0.9999729146096102 -0.0006193388866109692 0.007333926245378558 -0.8341752505401197 0.0005053676758608842 0.9998792443215083 0.01553194678444723 -1.85804496732439 -0.007342660778703205 -0.015527820065939803 0.9998524751865484 176.07567451739632
0.9999736772776872 -0.0035401440665062418 0.006333414796826355 -0.8315727620030047 0.003432887488787088 0.9998518567595692 0.016866529142417343 -1.8590560682866726 -0.00639218701365767 -0.016844343593119603 0.9998376908455984 177.47860557427157
0.9999717380376645 -0.00559575070470073 0.005021027048539595 -0.8336472418292968 0.005510810602846961 0.9998441157155685 0.016774242778220313 -1.8589107932998068 -0.005114109248457692 -0.01674609909772003 0.9998466952756478 178.8757546464933
0.9999611371165348 -0.008351497374925269 0.002824316010749961 -0.833432776798009 0.008313693537881878 0.9998790758914553 0.013142148992645906 -1.8599488611799888 -0.002933731342393882 -0.013118158002848223 0.999909649494573 180.21432313943723
0.9999845369847908 -0.005452715835356992 0.0010925611435887513 -0.8407635059599136 0.005442555104424202 0.9999438113477449 0.009096852838139654 -1.880179466573222 -0.0011421023963449108 -0.009090766023209355 0.9999580259073021 181.62921390389585
0.9999986589305191 -0.0015744854141170467 0.00045070602297185135 -0.8651380562437909 0.0015705903783906853 0.9999625047516337 0.008516004447326602 -1.892963796983006 -0.0004640974806378196 -0.00851528531847976 0.9999636366045288 183.02395474442645
0.999998983241962 0.0014051737914121147 0.00024289835364011813 -0.8890166373662851 -0.0014074559551856937 0.9999522997586512 0.009665261215800977 -1.8919733667606426 -0.00022930540722525673 -0.009665593448697713 0.999953260770278 184.3497866652632
0.9999898898706536 0.004441997828395543 0.0006991454005767226 -0.8888399633990567 -0.0044503743271496945 0.9999122990845397 0.012473504379574086 -1.90370414882176 -0.0006436768501141973 -0.012476489978357624 0.9999219583956149 185.80049125113544
0.9999793050957618 0.0063155749864092225 0.00122592074550055 -0.9044940112010655 -0.0063333574390893954 0.9998661131117543 0.015087890527684496 -1.9241132471699816 -0.0011304679905217838 -0.015095342780948207 0.9998854197723493 187.1655647858093
0.9999905228641567 0.004114451512408004 0.0014231882646106662 -0.9121111673826974 -0.004136273880287361 0.9998684094222084 0.015686142886686336 -1.9180837921193803 -0.0013584612145193184 -0.015691881234751084 0.9998759520317795 188.61778786251708
0.999993501460409 0.003381398709468712 0.0012502700733268526 -0.9113122079274407 -0.0034014831075970253 0.9998592857023618 0.016426767974666794 -1.924660637811307 -0.0011945487783282934 -0.016430914322663255 0.9998642898481462 190.03787839691148
0.9999988486489488 7.111881121135005e-05 0.0015157984371015933 -0.9232806741495263 -9.711183097305294e-05 0.9998528390468152 0.017154906334761917 -1.9297875996655574 -0.0015143554483482583 -0.017155034122345307 0.9998516947716736 191.38578295747283
0.9999982338938362 -0.000814393125866392 0.0016938053838809564 -0.9249508268301752 0.0007848713439124744 0.9998490385426199 0.01735753706241041 -1.9384144710645 -0.0017076856736688894 -0.017356177327919636 0.9998479118966379 192.84375677193924
0.9999897935611437 -0.004036932652369745 0.002028782042308475 -0.9212188515955677 0.0039995474216517925 0.9998280808112083 0.018105591057199038 -1.9319453498452452 -0.002101524470192891 -0.018097292405494812 0.9998340220298991 194.21380611876253
0.999956353346184 -0.009033795632922536 0.0023836844695826077 -0.9280957441750353 0.008985034277724553 0.9997649642196781 0.019730318253880146 -1.9306830923497031 -0.002561364081250627 -0.019708039984282923 0.9998024967866851 195.65868040272977
0.9999177663587585 -0.012544967139232088 0.002661641088795081 -0.9214862311898876 0.012487865927368766 0.9997122069230083 0.02048307869561773 -1.9395764333594867 -0.00291783486526078 -0.020448156471460494 0.9997866568142305 197.07107011443208
0.9999401591681416 -0.01059616199049194 0.002720192525438519 -0.9238317929919277 0.010548437746533398 0.9997998919625701 0.01699724904421521 -1.94617715964817 -0.0028997540279163377 -0.016967538457134897 0.9998518360584434 198.48651820464428
0.9999859197602856 -0.004372406229999163 0.003007050823421008 -0.9437734079800987 0.004336218982200954 0.9999193462814152 0.011937257930753228 -1.9537566075892658 -0.0030590030830971024 -0.011924050849621042 0.9999242268851847 199.92548373621844
0.9999725811684147 0.006005422807342062 0.004332643675308707 -0.9498526313221776 -0.006052837142440251 0.9999210178289409 0.011014593714921169 -1.9516587688523712 -0.00426615453337712 -0.011040516712925172 0.9999299510040853 201.37506671079288
0.9999125666278494 0.011940471273385 0.005681920693591818 -0.9712512610410644 -0.01202274131905497 0.9998200733775332 0.01467223858019597 -1.948159849157459 -0.005505705375631266 -0.014739268294764966 0.9998762129277428 202.80293188062413
0.9998844127192221 0.01362194672707134 0.006753054181848634 -0.9716690608890188 -0.013733641228148625 0.9997649004826326 0.016778882202591317 -1.9492271556078626 -0.0065229060410407266 -0.016869687138171788 0.9998364192976558 204.23128136478377
0.9998851969479225 0.013830994432603634 0.006188415689253227 -0.9671949080605069 -0.013936380584342448 0.9997528085066066 0.017323371669444428 -1.9584178163848558 -0.005947286997834188 -0.01740762735861655 0.9998307878281945 205.7077400346606
0.9999405902363663 0.009725421784185954 0.004922616417506593 -0.9630334586190258 -0.00981178159952793 0.9997928124506572 0.01783426833671229 -1.9648632012935192 -0.004748151118341844 -0.017881508800254856 0.9998288387055051 207.1334484778172
0.9999628562842066 0.007758324654385591 0.003754256053480438 -0.9617838473537577 -0.007822697084604886 0.9998171910107553 0.01744677557071358 -1.9656506563921727 -0.003618212284845247 -0.017475496287957165 0.9998407451055369 208.575461946761
0.9999626000331665 0.008010800824875857 0.0032596920019591262 -0.9682828463611748 -0.00806507858166153 0.9998230755098525 0.01699329852125955 -1.965130259976456 -0.003122985603501038 -0.01701895298363699 0.9998502898955549 210.0596880645145
0.9999560043445267 0.008836912060580219 0.0031461635523045003 -0.9804123101796236 -0.00888919632363127 0.9998157808347937 0.017011366605399692 -1.9691133820534785 -0.0029952562578983875 -0.01703858538481266 0.9998503463279628 211.52462195421856
0.999942347927612 0.010309445542524942 0.0030026877603955967 -0.9839486635645055 -0.010360627415611952 0.9997921320026514 0.017559903195461028 -1.9608571899030987 -0.002821030956841568 -0.017590000912074667 0.9998413042363276 212.96903849497022
0.999947065995345 0.009952786317847816 0.00260906738362149 -0.9989581861027177 -0.009997419766237536 0.99979350665636 0.017691683348713426 -1.9745815278566698 -0.002432447276502263 -0.017716831153732817 0.9998400857634197 214.40969942696444
0.9999422747251047 0.010478172507311607 0.0023780448867917288 -1.0003487912896687 -0.01051754416724965 0.999796819020396 0.017195986660892934 -1.9823864356915266 -0.002197379371100759 -0.01722000555560172 0.9998493101151378 215.8813238056303
0.9999470816989402 0.010083782712053072 0.002037426748610959 -1.0094676180568385 -0.010116576535208028 0.999807974119391 0.016783020631024555 -1.9806745471927114 -0.0018677993215732002 -0.01680274462310264 0.999857079338864 217.35025080388132
0.9999524530477089 0.009648978550124865 0.0014102613453161096 -1.006223401998139 -0.009671362674366878 0.9998114966747136 0.016835553889863186 -1.9878643859111391 -0.0012475497004438845 -0.016848392897972426 0.9998572774564171 218.80469981955784
0.9999236963902811 0.012295760352811068 0.0011898094119129953 -1.0163160574393215 -0.012313807417292287 0.9997866777526841 0.016582193975170363 -1.9998295746489425 -0.0009856649865238633 -0.016595580113583874 0.999861798045832 220.29385758127373
0.999952063560513 0.00972437795486807 0.001143255941513856 -1.0299730988728024 -0.009741906672492463 0.9998166957208893 0.016482421737179904 -1.9895031886411707 -0.0009827651495801085 -0.016492769452967408 0.9998635020514408 221.7890183570269
0.9999305836016413 0.011761672752674228 0.0007007175360240175 -1.034763550255272 -0.011771568959199992 0.9997967495327643 0.016367339683202347 -1.9999763614099286 -0.0005080678521274908 -0.016374452397557335 0.9998658005864908 223.27224563633078
