1.0 -6.776263578034403e-21 8.673617379884035e-19 -8.673617379884035e-19 0.0 1.0 -1.828002979293187e-19 0.0 0.0 1.0683203047244863e-19 1.0000000000000002 5.551115123125783e-17
0.9999997609328668 -0.0006045316352606309 -0.00033567176852968787 0.0008173796576166348 0.0006050023138056827 0.9999988318071305 0.0014036942841376668 -0.01857989305489406 0.0003348228266244115 -0.0014038970103075637 0.9999989584824406 1.2749714875841887
0.9999978368183133 -0.0019566735062049503 -0.0007055400733073282 -0.01174617371001907 0.001957822024744843 0.9999967540600325 0.0016305839136153862 -0.029476061921138996 0.000702347320944461 -0.0016319616842456139 0.9999984217029594 2.6381620524508076
0.9999965749497971 -0.0024860861614263634 -0.0008182073672901276 -0.0036535091828603095 0.002487362641505714 0.9999956858156815 0.0015624912399598975 -0.05093390063352597 0.0008143194168533097 -0.0015645210436456404 0.9999984445772945 3.9498968393374696
0.9999949690999187 -0.003163038483644651 -0.00023866572150614898 -0.00430931440114448 0.0031634408227676227 0.9999935456194643 0.0017033390197812336 -0.062481506802219366 0.00023327647260282247 -0.0017040854300438147 0.9999985208357902 5.284938250703485
0.999994352079843 -0.003332757971108031 -0.00043420208340156415 -0.0009574509852128127 0.0033335707331653658 0.9999926688874903 0.0018840063513526448 -0.08149282047228965 0.00042791999767893395 -0.0018854431260376993 0.9999981309919911 6.577198019241282
0.9999893805907072 -0.004608367127191069 4.069604713191968e-05 0.002479573803867291 0.004608241502474549 0.9999857670867472 0.002688817267911577 -0.10226799747578959 -5.3086531109183474e-05 -0.0026886011372105416 0.9999963842953118 7.902361976854974
0.9999947842236244 -0.003228369307442817 -9.568752760835166e-05 0.011760228751008649 0.0032287332063189772 0.9999864626911525 0.004080406904461815 -0.1276361496400695 8.251317760091248e-05 -0.004080694511741503 0.9999916705256844 9.260660076515748
0.9999855138498713 -0.00536544565588897 0.0004290462077788182 0.009376423458963237 0.005364784735272864 0.999984441664026 0.0015282403553295552 -0.13430461328746088 -0.00043723926164390605 -0.0015259164533180745 0.9999987401989697 10.56129001673537
0.9999930979637982 -0.000814068282449332 0.003625095562458084 0.03741056618488775 0.0008094090823428727 0.9999988448013138 0.0012865667428091489 -0.15065027324089253 -0.003626139031905728 -0.0012836236588585274 0.9999926016850202 11.870237851859418
0.999998617648498 -3.923004968241799e-05 -0.001662275915605119 -0.057585044550146416 3.9898479829102676e-05 0.9999999183683644 0.00040208415232739796 -0.12659810414816733 0.001662260145328086 -0.00040214991295719723 0.9999985375825523 13.238223356340006
0.9999941237993307 0.000242423951795313 -0.0034195899057248404 -0.11480474247917365 -0.0002390598693305659 0.999999487150367 0.0009841494326336116 -0.13175183009663344 0.0034198270198770473 -0.0009833261486673155 0.9999936689071732 14.541443512250336
0.9998965570057589 0.013305996427015389 -0.005461293348713376 -1.2116164784322139 -0.013182882863651265 0.9996712310736474 0.02199184855366422 0.3870325275265585 0.005752121789871812 -0.02191757774563171 0.9997432334669967 19.1623665567337
