1.0 -3.469446951953614e-18 0.0 -1.7787691892340307e-19 0.0 0.9999999999999999 -3.5405977195229754e-19 0.0 2.168404344971009e-19 -2.354751593366955e-19 1.0 0.0
0.9999998184236251 -0.0001920850232811945 -0.0005711877703400902 0.0023623220759034095 0.0001924746445146272 0.9999997488292218 0.0006821250560820844 -0.022605926090915572 0.0005710566496940094 -0.0006822348851515522 0.9999996042253559 1.3271691435190551
0.9999995990749863 -0.0006227654238465836 -0.000643438467405147 -0.007878449377712479 0.0006234318605723953 0.9999992690199224 0.0010359976767853364 -0.039982446498254665 0.0006427928687385296 -0.0010363984219421438 0.9999992563481335 2.6231509716465324
0.9999989732184265 -0.0005462443338452392 -0.0013248312772263305 -0.010181380675332502 0.0005478582007660167 0.9999991080611215 0.0012180834487439097 -0.0674937677403847 0.0013241648373066885 -0.00121880804239965 0.9999983805470946 3.9457426161011844
0.9999992587409344 -0.000863053596684241 -0.0008588690525857161 -0.023503601077690096 0.0008642941959071757 0.9999985823841044 0.0014450687636606992 -0.07664220526171318 0.000857620736955586 -0.0014458100365610609 0.9999985870598135 5.278795002344793
0.9999986084910863 -0.0011723058987375534 -0.0011868928565376756 -0.021120976150679316 0.001174371274268336 0.9999977950753758 0.001740888963413753 -0.08685334493538406 0.0011848494867532887 -0.0017422804282339161 0.9999977802939537 6.609259414685544
0.9999969948364335 -0.002292126620104846 -0.0008697560884195944 -0.038430953179922914 0.0022942146809654725 0.9999944709325528 0.0024072140531530618 -0.11417975293863544 0.0008642337152179198 -0.0024092022727010033 0.9999967244177975 7.942258227263239
0.9999967527602609 -0.0023992057349396783 -0.0008592339194740607 -0.045425084496084095 0.0024012867017064576 0.9999941670784265 0.0024289148461975603 -0.11863389718535886 0.0008534015154609308 -0.002430970272684499 0.999996681040094 9.264058802737303
0.9999964980837591 -0.002340106032579236 -0.001236011895511268 -0.05366710939540237 0.0023429281815449416 0.9999946409346888 0.0022866537948512777 -0.13029254048569688 0.0012306543653246684 -0.002289541718619895 0.9999966217397843 10.575342127890963
0.9999974103185943 -0.0018695968910766147 -0.0012976764836553126 -0.08188754568193034 0.0018720137505858318 0.9999965111837988 0.0018636473950918414 -0.12655560443687913 0.0012941877979388645 -0.0018660718734614368 0.9999974214247529 11.905302983753222
0.9999992423448053 -0.0005728324309258338 -0.001089574212043064 -0.08460518992005735 0.0005746420153166613 0.9999984551068859 0.0016611951132043128 -0.15153491944297076 0.0010886210357198283 -0.001661820002913359 0.9999980266283366 13.232366573314083
0.9999993509143734 -1.5527554382237588e-05 -0.0011392663859896616 -0.0950637687723357 1.7269942457402362e-05 0.9999988303197301 0.0015293987836851773 -0.1568362873438376 0.0011392414031093367 -0.0015294174970986998 0.9999981815049739 14.568291649740962
0.9999998488132779 -0.00016164106257051877 -0.0005255901651712931 -0.12390711644113299 0.0001626542870755681 0.9999981276177162 0.0019282904470996 -0.17798694460094888 0.0005252775361177223 -0.0019283756833725263 0.999998002723954 15.920425053983232
0.9999992574653536 -0.001143730029487016 -0.0004206560098045547 -0.12066480432250139 0.0011456125189211828 0.999989208545197 0.004502261912341153 -0.1974185963924946 0.00041550213701197066 -0.004502740566256481 0.9999897762912524 17.2547142580706
0.9999803962158882 -0.006245732302186963 -0.0004449931046457171 -0.1167326471065679 0.006248394440787227 0.9999609167964787 0.006254793143089068 -0.23287514646797453 0.0004059099891290008 -0.00625745113679767 0.9999803395790379 18.61093568710948
0.999972241336566 -0.007446475640739129 -0.0002580019012895034 -0.12290332208698651 0.007447814493164 0.9999563210464814 0.005646773291768349 -0.2512476968495676 0.00021594209562792767 -0.005648538200995752 0.9999840235658426 19.951195953189654
0.9999679348666998 -0.007976956886713476 -0.0007052694458617036 -0.11809677978888034 0.007979512036103578 0.9999613297991279 0.0036967938056696836 -0.24555533779208993 0.0006757530688210577 -0.003702303040931226 0.999992918130839 21.352574169593968
0.9999828608493564 -0.005853183504968379 -0.00013512028463357915 -0.13821309186403416 0.005853519704718788 0.9999793952427734 0.0026354106298009153 -0.3001874663033696 0.00011969197115167243 -0.0026361564379246607 0.999996518170811 22.686813486872822
0.9999911214439473 -0.004162724668196257 0.0006548001467961313 -0.15161781451925654 0.004160530872683994 0.9999858431176911 0.0033171585377102714 -0.281051854478833 -0.0006685993480622359 -0.003314404831501194 0.9999942838312623 24.044056164683514
0.9999900793276124 -0.00416654907556583 0.0015751580922683589 -0.1632900584537599 0.004153834518309765 0.9999594440915298 0.007990983858302282 -0.29188367012266797 -0.0016083891658703563 -0.007984361789184337 0.9999668309754982 25.41282245858271
0.9999886221769092 -0.004638550715165366 0.0011132707421954526 -0.13939478995398738 0.004627977435979414 0.9999458629188459 0.00931949823155629 -0.3220546329066762 -0.001156439528015274 -0.009314240183167512 0.9999559528192836 26.80937557093073
0.9999525068617311 -0.00966495321145019 0.001254078077751918 -0.14325956675080304 0.009653029374299118 0.9999111810734206 0.009189612386541028 -0.3703102219559742 -0.0013427839709832339 -0.009177070462874462 0.9999569882299452 28.185453232418535
0.9999543441967381 -0.00946908136047037 0.0012829776643763099 -0.15801495550481442 0.009460367448912212 0.9999332284552009 0.006636269104371298 -0.36134341601363634 -0.0013457314777335003 -0.0066238288022522985 0.9999771566884045 29.532608902958412
0.9999495686344645 -0.009882999009000252 0.0017850855882669849 -0.16750945178456303 0.009875141304302434 0.9999417401281031 0.0043586607062124135 -0.3953304031257656 -0.0018280583791055016 -0.004340812997081511 0.9999889077102383 30.928650394665766
0.9999637758400738 -0.008146792423504344 0.0024651152289750745 -0.18859896525083714 0.00813919939066453 0.9999621484326546 0.00307491881377394 -0.37036815237795806 -0.002490072853168719 -0.003054743414999757 0.9999922340084195 32.305847869296244
0.9999704012291728 -0.006973166086418051 0.0032514047093608204 -0.18788809969135334 0.0069671399875456935 0.9999739971431634 0.0018611795789481725 -0.42820795798827305 -0.00326429875174581 -0.0018384715267958519 0.9999929821615309 33.680921801503914
0.9999719054194974 -0.006614840536133943 0.0035259422375520134 -0.20569559401868215 0.006605821518888491 0.999974895316876 0.0025635619145715277 -0.4422345135420212 -0.0035428115700273273 -0.0025401981893877906 0.9999904978925698 35.076366378904346
0.9999748289325793 -0.006516959818664561 0.0028054852464087223 -0.19627395507634326 0.006507484085413559 0.9999731350177097 0.0033737049720023037 -0.46985117605382126 -0.0028273964125956454 -0.0033553634604979636 0.9999903736349564 36.4724406445493
0.9999786492659135 -0.005996597844228369 0.0025965048528690388 -0.21552806563828664 0.005985284026872996 0.9999726546452968 0.0043435386975500265 -0.46117272481925964 -0.002622480523000902 -0.0043279052193659516 0.9999871958329366 37.88315349410777
0.9999839559272696 -0.005143255136040416 0.0023737785218297574 -0.21626698320396098 0.005132643808719174 0.999976904125255 0.004455016947100042 -0.45300482144440585 -0.0023966371847032298 -0.004442761792528621 0.9999872589166561 39.27256590701948
0.9999909916698508 -0.0032054847083935138 0.002782347047160099 -0.23033535907146874 0.003191628874396354 0.9999825550559384 0.004970219638678286 -0.49097609307303597 -0.0027982307045462777 -0.004961294739178645 0.9999837775968894 40.66813466375811
0.9999953577459981 0.0015406365925305782 0.0026288640365833994 -0.23644182378267176 -0.0015538419696997808 0.9999861494756375 0.005028561774182613 -0.518599060159595 -0.0026210806566816687 -0.00503262336783182 0.999983901188391 42.091258838521526
0.9999959954766873 0.0013750386945470695 0.0024735197770529406 -0.2502179545066641 -0.0013881030712165439 0.9999850564833139 0.005287719833166088 -0.5227636843898196 -0.0024662121988051375 -0.0052911322620998995 0.9999829607122106 43.485344610635266
0.9999970080357516 0.0013187595967207935 0.0020602895931190837 -0.2564867455916958 -0.0013294636452068397 0.9999855822850524 0.005202667534239731 -0.5445764798866659 -0.0020533989901039794 -0.005205391150092006 0.9999843436044354 44.91657310014422
0.9999988871376614 0.0009958929100162299 0.0011108198152777644 -0.2567240336975116 -0.0010006559107051853 0.999990273693948 0.004295486700488392 -0.5710240267398556 -0.0011065312564428665 -0.0042965935531631355 0.999990157387443 46.31814862415415
0.9999998948987294 0.00044568070383522746 0.00010756702904376894 -0.2653772484014407 -0.0004462017185886801 0.9999879298063269 0.004892968964317015 -0.592890043937338 -0.00010538503380044372 -0.004893016543347933 0.9999880235703189 47.748057588489985
0.9999991216000805 0.0005959169413351532 -0.0011839253110894209 -0.2538216890865376 -0.0005896660248654144 0.999985922708414 0.005273203836155549 -0.6104092239229755 0.0011870511406841928 -0.005272501188982947 0.9999853957153616 49.14743705589285
0.9999959736443969 0.0018239960219937797 -0.002173873638200765 -0.2621585980123003 -0.0018117910986242 0.9999826604901284 0.005603225309545163 -0.6368686285589059 0.002184056393965879 -0.005599264257593374 0.9999819389081901 50.576173312614976
0.9999938733270799 0.0013894737846436474 -0.0032128900896319142 -0.2770739838111262 -0.0013717845623064774 0.9999839263023534 0.0055013948274145515 -0.6419209697352034 0.0032204827670259924 -0.005496953841169534 0.9999797057922675 52.02700604382585
0.9999887626673785 0.00239093113712253 -0.0040936506102065675 -0.29681564482864164 -0.002363783282762659 0.9999752687411655 0.006623778155325051 -0.6721519661021799 0.0041093867189947635 -0.006614027354382946 0.9999696833366841 53.43827881554593
0.9999864582067485 0.0012712728245797044 -0.0050465093357654955 -0.31223229692310456 -0.0012344111382822332 0.9999725867962411 0.0073008140116418915 -0.6926429115001962 0.005055652754303067 -0.007294485827052525 0.9999606146562684 54.895135818326054
0.9999821686561714 -0.002791815590263225 -0.005279027278629387 -0.326614573058129 0.0028354435835016636 0.9999617414218481 0.008275019380326607 -0.6964330491900085 0.005255723433500899 -0.008289840375163483 0.9999518268050076 56.281694373466166
0.9999793696798905 -0.0027065373842271694 -0.005825363691406354 -0.3497772672148654 0.002754409705930513 0.9999623756105274 0.008225605395424046 -0.7281963276904003 0.0058028821044029425 -0.008241481301929325 0.9999492009894768 57.71743016066608
0.9999822684852013 -0.002900023796628971 -0.005201208618379293 -0.3903744612622508 0.0029458071582345747 0.9999567952302282 0.008816455419437505 -0.7569595345139969 0.005175416415563492 -0.008831621023965714 0.9999476074015113 59.14412038404756
0.9999789544025224 -0.0034260955028528467 -0.005509320779823792 -0.36935011880166846 0.0034764067941059455 0.9999521086982966 0.00914849156530329 -0.765883465594317 0.005477713796048418 -0.009167451852542955 0.9999429746200525 60.56961824268447
0.9999629017379039 -0.00708864010913377 -0.0048934985514794815 -0.39713850313943977 0.007137029548835638 0.9999250988218273 0.009942813680276965 -0.7626819458012172 0.004822651410956207 -0.009977370058076524 0.9999385951811393 62.02689346625383
0.9999516512875567 -0.008630675419797933 -0.004712380418460957 -0.39549983858059107 0.00867575235931511 0.9999159901077058 0.00963037048528591 -0.7950604356591146 0.004628868329683766 -0.009670788502574378 0.9999425230681239 63.43963096854497
0.9999543048577555 -0.008550014034315925 -0.004276149849548446 -0.4052407115540472 0.00858754954387411 0.9999240708063316 0.008837794018430933 -0.8217142977728 0.00420026226480367 -0.008874111994645365 0.9999518028104891 64.84869175613512
0.99995250220621 -0.009176594867789538 -0.0032838151144995572 -0.4298256852861366 0.009203909159130382 0.999922348073965 0.008401539534042626 -0.8264497039715916 0.0032064628738212864 -0.008431364577224576 0.9999593145201295 66.2898265351501
0.9999671051732698 -0.00763067013200679 -0.002749808815286512 -0.43651064200496403 0.007653432101517822 0.9999357299469147 0.008364265749485709 -0.848781880987336 0.002685807366405253 -0.008385036245084127 0.999961238055374 67.66347662341188
0.9999849733219913 -0.005153056045340533 -0.0018706007361571604 -0.4729488888623812 0.005170583591030358 0.9999416089012767 0.009489143459271357 -0.8658385550642563 0.001821593583650758 -0.009498673151192842 0.9999532274118335 69.12764381240989
0.999997160259765 -0.0021221870028848445 -0.0010843413358845885 -0.48221920787686756 0.0021333263470360523 0.999943881594473 0.010377021432380668 -0.8803934990064486 0.0010622586026854544 -0.010379305422088302 0.9999455693340918 70.49708326201551
0.999999215011392 0.0012514816047008775 6.138687498663683e-05 -0.5058161235161709 -0.0012520983774769448 0.9999346656160893 0.01136207493948295 -0.9005849477831923 -4.7163431408103924e-05 -0.011362143107653436 0.9999354476583067 71.93018544741506
0.9999872103157686 0.0050382401351917044 0.00044196384693048416 -0.5085888076720433 -0.005042973343672609 0.9999216628347387 0.01145585524078259 -0.921096531689718 -0.0003842118986047236 -0.011457937765287498 0.9999342818640313 73.31052007165414
0.999964684323406 0.008331117520678727 0.0011056990457125934 -0.5253693263281264 -0.008342612076408091 0.9999065173888373 0.010833158414824974 -0.9279799911637281 -0.0010153434437684139 -0.010842000471963688 0.9999407082951234 74.70629518794388
0.9999602028915624 0.008712743119413984 0.0019185212863494633 -0.5418448753117833 -0.008733101912616165 0.9999027631437526 0.010871853737169639 -0.9292020141451525 -0.0018236112123826871 -0.0108881759305336 0.9999390591772659 76.15671523224432
0.9999523339840359 0.00949528393353713 0.002273614885330508 -0.546615607464896 -0.00952035766136317 0.9998910177441964 0.011283414449650326 -0.946012759749538 -0.002166228052234101 -0.011304522469447211 0.9999337554202524 77.52218314527964
0.9999565403546954 0.009022236791013574 0.002348750375134558 -0.5476449131356386 -0.009049251102602907 0.9998899400314702 0.011756653176036969 -0.978707449349864 -0.002242420743469789 -0.011777396905195215 0.9999281296536368 78.93629268858562
0.9999652590889743 0.008188760049843098 0.0015571796532264741 -0.5374302971110141 -0.008204364722605368 0.9999133641471188 0.010293328596461532 -0.9744828123317579 -0.001472755264290869 -0.010305746874857765 0.999945809819048 80.3140979528987
0.9999671836784875 0.007949136672885356 0.001562938713863349 -0.5582506060946918 -0.00796527510108931 0.9999120348180056 0.010605518939398028 -1.0109022609305438 -0.0014784966270003752 -0.010617620356254886 0.9999425384427078 81.70579778378789
0.9999605773959748 0.008764817304435148 0.0014218348324451491 -0.5824836857856429 -0.008779413146867457 0.999905212962082 0.010605989418213054 -1.006030670030218 -0.0013287406056049843 -0.010618054392822072 0.9999427440464091 83.07961890322784
0.9999657610099474 0.00816144061945309 0.0013666305816682476 -0.603250139445971 -0.008174310825154766 0.9999196163623645 0.009692340822812515 -1.01853560319086 -0.0012874173643055993 -0.009703180426458234 0.9999520942762492 84.46164778567407
0.9999651977502396 0.008328677635598735 0.00048620966802312925 -0.6075998694613537 -0.008333027583805542 0.9999176509538126 0.009759711934116039 -1.0205337194059345 -0.00040488416144886393 -0.00976342407124161 0.9999522546710948 85.84663617774522
0.9999675614143704 0.008032048017478494 -0.0006019181328284951 -0.6184799403045265 -0.00802522347016932 0.999911689068116 0.010592915871525381 -1.0389577583094067 0.0006869478519105608 -0.010587741940181057 0.9999437123298492 87.20719614285044
0.9999692518930803 0.007687850228472766 -0.0015466765492088324 -0.6318636182320605 -0.007669240296020596 0.9999021573364958 0.011698654579902492 -1.0540942390028551 0.0016364628697969322 -0.011686433271859161 0.9999303722128313 88.56826469587548
0.9999737310454229 0.006438928944642773 -0.0033282719160229145 -0.6130510678099338 -0.006398822350096839 0.9999084353387834 0.011923758611040981 -1.065797654890711 0.0034047436953248507 -0.011902148607932332 0.9999233703587203 89.93876336696206
0.9999787927754895 0.005230472233804883 -0.0038802244767078453 -0.6349481733612186 -0.005180757233609716 0.9999057555638723 0.012713762224211325 -1.0868624818773636 0.003946358110867779 -0.012693390356973864 0.9999116481525938 91.30828657522852
0.9999813899435697 0.004506835402570481 -0.004111956323598788 -0.656537433665135 -0.004456109907257635 0.999914876902602 0.012263035398417377 -1.1048153057021715 0.004166874144964209 -0.012244484101500284 0.9999163513921989 92.68834952570516
0.9999825870158795 0.004052040337658015 -0.004290293503931919 -0.663925074907651 -0.00399963710420783 0.999918146106107 0.012153353186614218 -1.1234313091098633 0.004339188580304158 -0.012135982189210692 0.9999169412464369 94.03498566629848
0.999983562598217 0.003297414100779543 -0.004690584027102656 -0.6889100120302156 -0.0032419197189470367 0.9999252417046631 0.011789866834393325 -1.1213003673782747 0.00472910984914389 -0.011774466781207058 0.9999194954923107 95.41148664108199
0.9999863282011331 0.003066556360689427 -0.004235519956554372 -0.7060712908292437 -0.0030176519382222374 0.9999292638007053 0.011504832595205862 -1.1388478211463706 0.004270500939536348 -0.011491894210765801 0.999924846776741 96.77845554160183
0.9999815462152445 0.004549978439342291 -0.004025532125463585 -0.7122899875386277 -0.00450644343726783 0.999931970409685 0.010758555897162398 -1.1585458207900319 0.004074209820235358 -0.010740216746743891 0.9999340221084639 98.12737941084569
0.9999738177740051 0.006209666002407245 -0.0037153459008302937 -0.7428343035606215 -0.006168866936627597 0.9999216317565027 0.010893825532030398 -1.1617451304288264 0.003782702081807792 -0.01087062105503157 0.9999337581928632 99.4590986662233
0.9999729893562762 0.0063743479573894115 -0.0036589925188549137 -0.7391359821296585 -0.006330317235963146 0.9999088960358667 0.011921691171859258 -1.170109230721626 0.0037346525027255398 -0.011898206818327418 0.9999222395049321 100.8295526981813
0.9999717440660858 0.006645070627749137 -0.003514837931405671 -0.779031943351811 -0.006597171084876305 0.999887534282262 0.013468338005871805 -1.1845787466528135 0.0036039410049268964 -0.01344476973124665 0.9999031202012423 102.13018445469277
0.9999675255453435 0.006992346094734436 -0.004006860214459679 -0.7512127462505328 -0.0069426920347335115 0.9999005555361111 0.012275099818342737 -1.1986413600757935 0.0040922938559607245 -0.012246883044741051 0.9999166300242525 103.49665847343829
0.9999699807555437 0.006953083944052584 -0.00341938455797894 -0.7649981009905702 -0.006918202376473061 0.9999249663126172 0.01010941301273942 -1.2096452269598694 0.003489419888852787 -0.010085453748368329 0.9999430521691348 104.81667698153292
0.9999773410244132 0.005613296883309487 -0.0037159544955956527 -0.7834151787449763 -0.005581000843452824 0.9999470539545074 0.008645329702944075 -1.2156922946210376 0.0037642868775136476 -0.008624395240800154 0.9999557240001576 106.11287026486872
0.9999845298805706 0.00487619470760867 -0.00267632407029557 -0.8262940839815901 -0.004849226165994497 0.9999383158980718 0.009992467690320332 -1.2326608790476346 0.0027248844397549585 -0.009979335207581482 0.9999464925093539 107.52310484959193
0.99999362518904 0.0012592796240363758 -0.003341225508548159 -0.784128413819654 -0.0012196668362340147 0.999929262061725 0.011831453131560893 -1.2405925509743785 0.0033558885580843158 -0.0118273027631449 0.9999244236100265 108.8215839831882
0.9999973313354527 0.000357558084633852 -0.002282426266828827 -0.8193587158405445 -0.0003281463031658497 0.9999170780689499 0.012873589304713367 -1.2583733240225543 0.0022868402632155085 -0.012872806235532866 0.9999145269622944 110.16746105002608
0.9999988256271994 0.0003966309716227634 -0.0014803462388910107 -0.8280041406731378 -0.0003783203802853194 0.9999236767693365 0.012348988044590205 -1.2504339784875125 0.0014851313806804232 -0.01234841374201711 0.9999226525436864 111.4951880336851
0.999999232660978 0.001216918065149241 0.00023191841618380444 -0.8475908973889973 -0.0012190327414184571 0.9999555731334868 0.009346963011203458 -1.285926165730385 -0.0002205336357784199 -0.009347238740039442 0.9999562892924369 112.84877453047616
0.9999902790677194 0.0043145670211524574 0.0009089964673962929 -0.8431984914801073 -0.004321524484793216 0.9999602721720205 0.0077960573193346415 -1.3042198675963286 -0.0008753238110687108 -0.0077999099412046575 0.9999691971326422 114.17879450407366
0.9999706105120731 0.007380849686556005 0.002073923162488555 -0.8551295214492093 -0.007395233887973645 0.9999480444377118 0.007015622176214918 -1.3050232571170595 -0.0020220343235585105 -0.007030753280104547 0.9999732395842694 115.47497148766392
0.9999614651656268 0.007714270033055433 0.004190251804667827 -0.8876303336080962 -0.0077524955755558615 0.9999277734209256 0.00918404961437043 -1.333030617071989 -0.004119101259522838 -0.009216180801318861 0.9999490462089732 116.85424550859491
0.9999590583264649 0.008105932994175185 0.004021878725250179 -0.8773188764959488 -0.008151164915822852 0.9999022453650932 0.011360380174541001 -1.3364168934290723 -0.003929399410850319 -0.011392698285881474 0.9999273804858779 118.13292603212234
0.99995458394251 0.008081595170801627 0.005051520567624259 -0.8797611126246431 -0.008142412235662722 0.9998931923934556 0.01213692469534896 -1.3487488220714314 -0.004952895724028015 -0.012177505289130046 0.9999135848601314 119.5203955801118
0.9999484530647057 0.007910135479214358 0.0063656075586334335 -0.8950667524136596 -0.007983539120306088 0.9999009670163412 0.011589619306399885 -1.364504159789998 -0.006273302215897085 -0.011639842204381079 0.9999125760538317 120.8341498382656
0.9999250059892802 0.009687800885676872 0.007491922063654885 -0.8871669429618538 -0.009773771526003831 0.9998858192213089 0.011524839610031609 -1.3724652411595657 -0.0073794168936361735 -0.011597199880616927 0.9999055201160861 122.1557615908213
0.999897118702285 0.01132404617283837 0.008804428960599074 -0.8907632879669257 -0.011420788576839116 0.9998740951893387 0.01101632336801219 -1.3791586148164459 -0.008678571811295764 -0.011115743736763304 0.9999005563701582 123.51837813809989
0.9998659301716311 0.01286804602548895 0.010125959147446382 -0.9029947372229671 -0.012977333803706699 0.999857441683018 0.01080208991326907 -1.3875137206535009 -0.009985514653395006 -0.010932049848062422 0.9998903838821627 124.857524190083
0.999850244374362 0.012992215853027771 0.011432021960939162 -0.9060308821492926 -0.013107283064547852 0.9998636033101955 0.010048578761690961 -1.403220575230101 -0.01129991031419253 -0.010196916880064277 0.9998841607455141 126.19725957451215
0.9998512365926927 0.012194648217570072 0.012198164432146961 -0.8968086667352524 -0.012310023885890437 0.9998797766916059 0.009428441107686508 -1.4174611837226374 -0.012081722419931839 -0.009577198384453332 0.9998811475626608 127.53672513026306
0.9998477363674468 0.011678734970893105 0.012965770634761984 -0.8792957005048353 -0.011810391578983575 0.9998789982374824 0.010124404132900633 -1.4187850528665598 -0.012845962599065936 -0.010275993583692635 0.9998646834438666 128.82822580048892
0.9998344112617371 0.012103713705245267 0.013588603586302416 -0.8627257289046966 -0.01225106721592426 0.9998664810486922 0.010813484779157721 -1.4429611740820176 -0.013455907055293625 -0.010978169298454589 0.9998491978105957 130.20435468902323
0.9998409418273303 0.011437962140911265 0.013684445400328451 -0.8278460291047716 -0.011581833461206009 0.9998779996371274 0.010480791912145892 -1.4441664127387992 -0.013562898130217566 -0.01063761603155354 0.9998514334228298 131.5272086155403
0.9998552128736757 0.009562349640653665 0.01407532386803107 -0.8400139328968372 -0.009718458518811618 0.9998915569989105 0.011064620381002116 -1.4673647319329355 -0.013967994900907301 -0.011199809034258603 0.9998397168520955 132.8862855644225
0.999855948130235 0.009749329112095879 0.013893651549152076 -0.8358042698815362 -0.009911288398313825 0.9998831753190011 0.011636240559319834 -1.4799555644445124 -0.013778584044407677 -0.011772268552795118 0.9998357686709647 134.21527871814146
0.9998811529203724 0.007685851061028518 0.013364419819551375 -0.8174453676305109 -0.007843483105158417 0.9998998185150556 0.011782729676040304 -1.4976721690275052 -0.013272521759268527 -0.011886153163444577 0.9998412671658562 135.5482408907947
0.9998919577717433 0.008246966149284076 0.012168003985835514 -0.8063487382218184 -0.008381604834553984 0.9999037550133143 0.011055741712739013 -1.5051258749624226 -0.012075657560791885 -0.011156534843179683 0.9998648459778668 136.89034663816128
0.9999064193370296 0.0066520880224268195 0.011954174420050043 -0.8464823498262277 -0.006802700685833863 0.9998974391936667 0.012602950703352279 -1.5337152691630436 -0.011869113446079231 -0.012683092226805966 0.9998491202756257 138.2336876470362
0.9999278302868562 0.006218213839235463 0.010279495544291927 -0.7916510863066629 -0.006348331376581638 0.999899527426068 0.012674137043598207 -1.5426267584873745 -0.010199653094613032 -0.012738480246391803 0.9998668402320605 139.58429571939527
0.9999465944623146 0.004879496362776941 0.009110364202940941 -0.8075282802476152 -0.00499661011623839 0.9999046067983178 0.01287676960617258 -1.5558739173926732 -0.009046663740066034 -0.012921603104359093 0.9998755872838876 140.94695733156104
0.9999581820076402 0.005139299258461023 0.007564511601785553 -0.7901566928597958 -0.005232820956118655 0.9999094774420932 0.01239574571411354 -1.5612873762973454 -0.007500122020193215 -0.012434811326662432 0.9998945562582078 142.27660366383617
0.9999661148821177 0.005017910313956843 0.006526075408327072 -0.7831184057628746 -0.005095910134045389 0.9999151228608694 0.011990778934930627 -1.5716481519910246 -0.0064653533774062764 -0.0120236291553429 0.9999068114307555 143.6238791001054
0.9999757147437524 0.0030296148594389453 0.00627625344281025 -0.7860268899560492 -0.003092034648886117 0.9999456209260463 0.009959644313805216 -1.5824502167918975 -0.006245738779490369 -0.009978809028315805 0.9999307046562864 144.96677018279604
0.9999885197754467 0.0003258990478413881 0.004780597449362885 -0.7861074422896606 -0.000368676815395437 0.9999598795241966 0.008950051238705554 -1.6239676269860106 -0.004777489232848993 -0.008951711158346747 0.9999485199055501 146.27943722472898
0.9999468457520223 -0.009384301019437047 0.004270899147350854 -0.7986740419573887 0.009331664547583928 0.9998822524306815 0.012182007099774383 -1.6249493687752878 -0.0043847162410589995 -0.012141505204742439 0.9999166755856305 147.68824846146703
0.9998689670007681 -0.015982544888031455 0.002570428088407182 -0.7841051211697019 0.015946295682646862 0.9997809801552556 0.013553868791137923 -1.6406586050530627 -0.0027864906533888066 -0.013511104232533428 0.9999048382391235 148.99695983554406
0.9998569360039588 -0.01687233121547603 0.0011966515172699822 -0.7417799248277435 0.016858558255909553 0.9998004904652326 0.01071299521910189 -1.664437967476025 -0.0013771660840068104 -0.010691288952572797 0.9999418981900071 150.2968671028289
0.9998731782330353 -0.015879540696044064 0.001211465511574873 -0.771108498332246 0.015869545112749038 0.9998431953711762 0.007857620268148518 -1.684894921654071 -0.0013360510543816986 -0.007837398485509304 0.9999683945770069 151.69905050883168
0.9999422615689146 -0.010610120693178215 0.0017026096607301712 -0.7437235049264649 0.010601411485240343 0.9999310736081194 0.0050456016849010875 -1.7054300092760477 -0.0017560268923940076 -0.005027260383700651 0.9999858214101449 153.0131454094101
0.9999231340824045 -0.012007637965367053 0.003089105281557739 -0.7753200535595225 0.011990022482866748 0.9999121014959678 0.005659384356001752 -1.7223148375921553 -0.0031567898536248844 -0.0056219109995006 0.9999792141799226 154.38944130318987
0.9998686074334794 -0.01586743659824598 0.0033154695739515423 -0.7696264674574858 0.015844720715964072 0.9998515499578019 0.00676925854471503 -1.6681575515112215 -0.003422388455734009 -0.00671583654246127 0.9999715919936433 155.7094712342665
0.9997036763869711 -0.024079780063377826 0.003567017868708934 -0.76776078053184 0.024043734467227282 0.9996626218322734 0.009825545265715935 -1.7007816175187396 -0.0038024117153592396 -0.009736869464566816 0.9999453660259147 157.02927799700055
0.9995890141146818 -0.02838239705998658 0.0040301857467541675 -0.7792605675003258 0.028335560576421656 0.9995352855962333 0.011238721336915853 -1.7049305014563159 -0.004347295068977224 -0.01111990500264411 0.9999287218282694 158.3881956261984
0.9995905231907083 -0.028421772408297526 0.0033149356778530955 -0.7495995272519251 0.028383220296283634 0.9995349377618676 0.011149035902299214 -1.7307393018482353 -0.0036302696830504476 -0.01105038227415022 0.9999323528084353 159.72506239347615
0.999616695377124 -0.02730296521934872 0.00458371191511962 -0.7568168851207528 0.027251559599401405 0.9995688924593373 0.010926194553959497 -1.7329630518617805 -0.0048800537537725735 -0.010797093382591489 0.9999298014601119 161.1038425629257
0.9996528593902743 -0.025714632497277234 0.0057374553058939775 -0.7606222685719175 0.025654028471049493 0.9996168038018104 0.010397902578987029 -1.7396032356360924 -0.006002635475382362 -0.010247104380392667 0.9999294801216609 162.44024142097388
0.9996676321408061 -0.02464089733146191 0.007579672566323249 -0.80574590289758 0.024567790043135827 0.9996521495504389 0.009591850080980336 -1.7418628484240442 -0.007813388417663875 -0.009402446414211618 0.9999252696871661 163.7734652325848
0.9996886297887008 -0.023597930760820306 0.008110557575762402 -0.8121244588545712 0.02352624345819887 0.9996842806087034 0.008823546213644892 -1.746940193397639 -0.0083162150420678 -0.008629988017362866 0.9999281793558089 165.12716944618148
0.999674915382895 -0.02403122661243408 0.008518433559949627 -0.8156368695869887 0.02394715285114282 0.9996648165385941 0.009838111633128898 -1.7541652347820498 -0.00875200094197301 -0.009630921348181344 0.9999153203294575 166.48490154744968
0.9996582014789407 -0.02489870628322021 0.007970862469483137 -0.7861191224840096 0.024818978105246553 0.9996424438442761 0.009950014445896464 -1.7584570726722102 -0.008215755610231301 -0.009748785050979465 0.9999187279704124 167.8047954141903
0.999696050846409 -0.023586696042557913 0.007174517466091656 -0.7716860183776579 0.02352620745820439 0.9996879138540169 0.008401931456585458 -1.7640600619239588 -0.007370452816413013 -0.008230588648493664 0.9999389650530848 169.1477137064852
0.9997630972361727 -0.020835122407963282 0.006296593607554441 -0.7601703989715431 0.02079288454863959 0.9997613485429698 0.006700888321351617 -1.7936658838942705 -0.006434705281618911 -0.006568376626742202 0.9999577246022672 170.59067427693805
0.9998671830797188 -0.014912324285306996 0.006575621713682848 -0.7829937193263957 0.014881069837842837 0.9998778604642613 0.004776808876184475 -1.804679716053399 -0.006646052450066402 -0.004678322224580896 0.9999669710958273 171.90110508039405
0.999878218928097 -0.013935351788854801 0.007025190416602911 -0.7997109709132105 0.01389644316025549 0.9998879963989491 0.005557293716090879 -1.8034910769645611 -0.007101847007625569 -0.0054589918747422524 0.9999598807809451 173.25932796574156
0.9999464589450603 -0.006815610970545397 0.0077863152530622745 -0.8025017505532042 0.006754209393640057 0.99994610104595 0.00788515365890277 -1.8453308193888334 -0.00783963837428503 -0.007832141218603806 0.9999385969295563 174.6851176153538
0.999950001280975 -0.0058694611354958865 0.008095948266887365 -0.8064805316544745 0.0057794171924320185 0.9999216793568426 0.011101057518825296 -1.8635153625006897 -0.008160472092955805 -0.01105371282429588 0.9999056066073968 176.04752792198045
0.999938607103945 -0.008759473459497692 0.006786284957525154 -0.7920061302525647 0.008676209249680399 0.9998878944564638 0.012203356047116313 -1.8679348768371427 -0.006892419722797327 -0.012143727846461689 0.9999025074587164 177.46592846607552
0.9999351033819709 -0.00994392301067448 0.005559445595357385 -0.7946516460837763 0.00987755584579236 0.9998811111604875 0.011840499189077114 -1.8749100212567138 -0.0056765261211371085 -0.011784817266428205 0.9999144439058 178.8666720662468
0.9998997170136734 -0.013692517586693582 0.003615368955542846 -0.7946391917568232 0.01366335638500081 0.9998748779893734 0.007971263747512952 -1.8684933255281282 -0.003724063569658131 -0.00792106643349014 0.999961693293705 180.20699048977283
0.9999323472369586 -0.011511994215990997 0.0016658183643818178 -0.8102204220688615 0.011504890165282047 0.9999249388643987 0.004213564799840984 -1.8917562680924043 -0.001714200000397837 -0.004194114755682622 0.9999897354064691 181.62458413962779
0.9999702917842831 -0.007700773172797656 0.00033712103719002744 -0.8071723726649846 0.007699277299083308 0.9999613911687063 0.004235243966107202 -1.9228816146409164 -0.00036972270171968026 -0.004232522633443897 0.9999909744880946 183.01601662684828
0.9999906330392202 -0.00429126909305391 0.0005646680610268098 -0.8391188467347808 0.004288184361800718 0.99997646381353 0.0053556779987017945 -1.9341552643062998 -0.0005876374713804091 -0.0053532065332737525 0.9999854988260711 184.3450713810855
0.9999966321170338 -0.0021019802500637855 0.0015223136628344988 -0.8584020952802385 0.0020905744978245693 0.9999700205475999 0.00745570245539689 -1.9363948470529722 -0.0015379398877982686 -0.007452494979367472 0.9999710471105709 185.79718592778562
0.999997818100722 0.0013183161585252979 0.0016204432425446275 -0.866185667853882 -0.0013338567677883603 0.9999527704704503 0.009626923378376907 -1.9583201430436457 -0.001607675509276741 -0.009629064002071827 0.9999523471179818 187.16449343655012
0.9999974878718341 -0.001225594729453888 0.0018767450688485555 -0.8699172317194477 0.0012067895077891144 0.9999493831655286 0.009988731691038104 -1.9555459439457827 -0.0018888923623247155 -0.00998644195615946 0.9999483501978454 188.61997704189187
0.9999964426977644 -0.0023290381360757135 0.0013000686383851797 -0.8511323088937257 0.002315114311518641 0.9999410231055956 0.01061086939057026 -1.9691626848221235 -0.0013247051870426763 -0.010607822043205293 0.9999428580021034 190.02274819713966
0.9999819435338879 -0.005703552053979757 0.001892646276131946 -0.8808055755001774 0.005681755338526976 0.9999196836375799 0.011328897531497604 -1.9798794223943972 -0.0019571093782871753 -0.011317939635673804 0.9999340348076112 191.3936660848425
0.9999663694589542 -0.0078016058387727835 0.002528815829915934 -0.9018952525843289 0.007771810480681119 0.9999026810017769 0.011585658138603225 -1.9908781304136771 -0.002618956677687303 -0.01156561524913249 0.9999296863332683 192.84525666439546
0.9999519366174237 -0.009528851716619147 0.002307694246774266 -0.8760141456473578 0.009500283339035675 0.9998817857276314 0.012089630790535265 -2.0010722124465814 -0.002422621937780589 -0.012067126201355657 0.9999242548160466 194.1976231733673
0.9999265239688793 -0.011807805546089328 0.002742700393663668 -0.8715068398909698 0.011771786401971383 0.9998488132324265 0.012797488336083527 -2.0078003560128286 -0.0028933962207500366 -0.012764261784421908 0.9999143472720856 195.64276365535952
0.9998849302860839 -0.014853089395263502 0.0030841426699635497 -0.8658864512169622 0.014810683243138917 0.9998012512205963 0.013345475064812677 -2.0197964266068156 -0.003281751500028539 -0.013298261392721918 0.9999061887757864 197.06567934822107
0.9999244941452659 -0.011727010451960092 0.0036719543645482057 -0.8907815592463939 0.011685287771109429 0.9998691644163323 0.011185172557795425 -2.060158800298323 -0.0038026428892414445 -0.01114142037587352 0.9999307019280623 198.47954254461726
0.9999672618572802 -0.007079718685384862 0.003918266194268213 -0.9151045450172262 0.007058745273038453 0.9999608229523801 0.005341036049673599 -2.0546468867836536 -0.003955926050385952 -0.00531320324717875 0.9999780600177404 199.93176655845593
0.9999764117271719 0.003854374149599487 0.005685049507189454 -0.9239508405762553 -0.0038827160363005342 0.9999800483630805 0.004982709910899729 -2.067287678441083 -0.005665731327863553 -0.005004665907247582 0.9999714259931823 201.38433534222133
0.9999225830907695 0.010793941286477657 0.00619020498063649 -0.9340579871556687 -0.010842833761611326 0.9999098505006209 0.007919839055796542 -2.0762461320010033 -0.006104161169053264 -0.007986345450597763 0.9999494774731497 202.83173914882806
0.999909499501196 0.01146027501631059 0.007046622115576939 -0.8937260629495808 -0.011533299743598607 0.9998792879508143 0.010411174172842229 -2.083765508113101 -0.006926457161691976 -0.010491502971349298 0.9999209731541322 204.24415868743085
0.9999306985928743 0.009442765927136899 0.0070308014227047095 -0.9224183963556286 -0.009517528654073426 0.9998977029661993 0.01067709083740351 -2.0867478213734687 -0.00692926150050173 -0.010743266967324026 0.999918280434446 205.70756373790212
0.9999614561679436 0.006642162116119985 0.005741763948551643 -0.9210258647707997 -0.00670575197203506 0.9999156021267341 0.01112751202151747 -2.113191452935899 -0.005667369087425175 -0.011165586190027188 0.9999216022321746 207.14799488490334
0.9999752101199596 0.005248418350026155 0.004693958389402063 -0.9216598192757968 -0.005298265845392511 0.9999290286614262 0.010670802496398457 -2.1192751897605295 -0.0046376208008640195 -0.01069540801894588 0.999932048050742 208.5675042909157
0.9999765428933237 0.005383049050798058 0.004235143487614218 -0.9380913513870608 -0.005426153752931677 0.9999329191538162 0.010232988575398238 -2.125475377657258 -0.004179775056442134 -0.010255729281680044 0.9999386728674132 210.1063372122434
0.9999669842140286 0.006809845748062019 0.00443356220477281 -0.9537900778473576 -0.006854448160139028 0.999925259490691 0.010123832456094271 -2.142264942819135 -0.004364289461709528 -0.010153888033898476 0.9999389239016293 211.56906740759334
0.9999639274787364 0.007504712081050295 0.003977816834294831 -0.9466828100838434 -0.007546291980822548 0.9999159461017354 0.010542970219306497 -2.1402171369806324 -0.0038983608486783208 -0.01057260788602374 0.9999365093564998 213.01235933478256
0.9999653526617395 0.007709716273884801 0.0031390665221892986 -0.9472078056077591 -0.007742196022338213 0.9999152197908353 0.010469557974522127 -2.1629254367895685 -0.0030580833204120208 -0.010493498710786158 0.9999402655213239 214.45587487466923
0.9999608446565107 0.008312156434168378 0.0030359833848927565 -0.9621392527988344 -0.008342276535170029 0.9999147312418968 0.0100467249522726 -2.182177131343307 -0.0029522148027712083 -0.010071658784731196 0.9999449215414865 215.90043581715045
0.9999660587217538 0.0077137966328833935 0.0028946041698628454 -0.9687567416783094 -0.0077406384913638335 0.9999260539320293 0.009379189572339106 -2.1864687142519426 -0.002822041195692405 -0.009401277504017263 0.9999518248716301 217.39847528090752
0.9999623711084841 0.008411502996777839 0.0021220200342580804 -0.9564179327756588 -0.008431056349083444 0.9999204631198125 0.009380018033151786 -2.20820768807731 -0.0020429513711837308 -0.009397556133955489 0.9999537550750074 218.87405012917947
0.9999532121543633 0.00942020553381801 0.0021984566735354085 -0.9701683809335957 -0.009439548271384938 0.999915302379443 0.008960078909949997 -2.21408013477412 -0.002113864856520354 -0.008980412307548844 0.9999574409793985 220.34055960076506
0.9999637535612463 0.008214950033441111 0.002237441598996374 -0.9854682454824076 -0.008235519332955485 0.9999224262902328 0.009344390716703154 -2.2355885528470996 -0.002160504505045557 -0.009362478698426583 0.9999538370409661 221.8258080726986
0.9999485949159344 0.01000578091729219 0.0016406868668675126 -0.9891289413525624 -0.010019857521457384 0.9999110059043392 0.008808106866942585 -2.250248407836878 -0.001552408992495343 -0.008824093714432045 0.9999598618929512 223.31879676413308
