1.0 -3.469446951953614e-18 0.0 -1.5585406229479126e-19 0.0 0.9999999999999999 -3.5575383784680614e-19 0.0 2.168404344971009e-19 -2.388632911257127e-19 1.0 0.0
1.0000010507162769 1.9668930755743774e-06 8.834088314357879e-06 -0.0025773044658553993 0.00019256118914392356 0.9999978131480313 0.0010970829776148865 -0.0256384479482537 0.0002768137501786697 -0.0010990873407699855 0.9999998734469372 1.3130662484830813
1.000007789993542 2.789847998755854e-06 1.2799613408372244e-05 -0.005075035241686279 0.0010195926068169645 0.9999899839713198 0.0015894024775302803 -0.043508894449570845 0.00023255733889600608 -0.001589783542598654 0.9999991522365332 2.616703617784147
1.0000132870293243 2.2051123719727533e-06 1.0415217795160326e-05 -0.007732105634643385 0.001856916784698414 0.9999824680520059 0.001293565805792587 -0.0760685085634676 0.0009221993463687575 -0.0012994539417553865 1.0000004143777976 3.943081723290393
1.0000203689342868 2.47680858518097e-06 1.1969951161773388e-05 -0.010234544783774464 0.002597658408667023 0.9999745825026086 0.0014864263305059532 -0.09274009079602219 0.0003033693506396364 -0.0014850949703997932 0.9999994205417448 5.254673159709931
1.0000229143249673 3.099993552382191e-06 1.4898341124935325e-05 -0.0127998891313564 0.0029813769291577603 0.9999698102113656 0.0018500605191713714 -0.11470599912703397 0.0006048565549143224 -0.0018515191504039756 0.9999992219761759 6.577493371197672
1.0000304245890912 5.1813553987051925e-06 2.4686553310644373e-05 -0.01546335061353268 0.003878404643083099 0.9999565063794996 0.0030649554970845 -0.14678472816546778 0.0004457528212574041 -0.0030635801496817785 0.999996057200488 7.909555622323881
1.0000316866612595 5.866363076968001e-06 2.7858951004283532e-05 -0.017996988205940277 0.00398793002790526 0.9999539038111211 0.003458584065374942 -0.16526049887704009 0.00023520730691021455 -0.0034545679309641013 0.999994480167339 9.23037997881201
1.0000275969071328 4.66453458701846e-06 2.2195934739764785e-05 -0.020596575391883445 0.003631036645325268 0.9999603311048031 0.002755958073927638 -0.189344916402455 0.0009086714295513696 -0.0027602899251207022 0.9999974582523607 10.562717472914672
1.000000129411953 1.7789416453459217e-07 7.98399784847359e-07 -0.02317148725659997 0.00017954961030624585 0.999998531741578 9.938847353896984e-05 -0.21308181981312083 0.0007290387927020763 -0.00010507186206751088 1.0000010465176299 11.882938660389794
0.9999815899706284 -7.43492902216536e-07 -3.911722183939275e-06 -0.025731514603804892 -0.0020864624326917165 1.000014512682679 -0.0004855546083233056 -0.22983132676205545 0.0008914273833854475 0.0004764927995861517 1.0000010916751068 13.22607696796078
0.9999536405299828 -4.891103491822674e-07 -3.3313099374765887e-06 -0.028403895710460092 -0.005622468905821647 1.0000293856965723 -0.00041353400514108375 -0.2613687547933626 0.0006017939445868631 0.0004019337969728423 1.000000818825273 14.565493185249347
0.9999506314879748 1.219979000594354e-06 4.2590540494389165e-06 -0.03105159627805986 -0.006087647199096045 1.0000303394014816 0.0005289780600827223 -0.2878053521075877 0.00019381874950365045 -0.0005403672303057877 1.0000001930087166 15.913987892095303
0.999961793814306 5.81963971622336e-06 2.5100187786340853e-05 -0.0337050538408352 -0.004775252613426851 1.0000221477902371 0.0031160679375785887 -0.31708762716766337 -0.00013557398773915777 -0.003124352971159866 0.999994910636818 17.252980564564453
1.000001568608034 9.639377291911777e-06 4.359935368686719e-05 -0.036336092127169234 0.00017092826346787673 0.9999838880895922 0.005411324124702478 -0.3366285620575134 -0.00010648628514558166 -0.005410480049469723 0.9999852439260928 18.62299870990149
1.0000168012646167 7.1528707079812626e-06 3.2924840638575825e-05 -0.03901800250618199 0.0021582837544950988 0.9999718789893599 0.004087216676319909 -0.3698784808860018 0.00031985470992738625 -0.00408692002723434 0.9999922342362576 19.960055625045726
1.0000243423574129 2.1310167371418887e-06 1.0618030159327942e-05 -0.04150568863142702 0.0030170399910897545 0.9999702660709465 0.00131846031789212 -0.3767144234878984 -2.699686478279035e-05 -0.0013128325878018255 0.9999991082114944 21.30733890994909
1.000007695208839 6.359129599304431e-07 3.14536222126207e-06 -0.04434489254614604 0.0008963159919201675 0.9999922990945389 0.0003904941294336906 -0.4252856855251281 -0.0002647066227230465 -0.0003865337143770126 0.9999994179591072 22.66318414598076
0.9999869570021054 3.164216182235252e-06 1.3721114943054816e-05 -0.04675062765985469 -0.0018450253391618203 1.0000116788110605 0.001703196152037209 -0.41737897101833354 -0.0010043220045910428 -0.0017003725102329962 0.9999962614650983 24.03082578097166
0.9999870991771153 1.1647417466171053e-05 5.229684269077942e-05 -0.049460559871938765 -0.002006392630491057 0.999992993487347 0.00648899603144859 -0.4410088752281766 -0.0018026901761075225 -0.006481997678242117 0.9999742061267236 25.42630318121784
1.0000044885087334 1.3035965084338616e-05 5.933142740689951e-05 -0.05205466284847531 0.00013719233956927153 0.999971682860507 0.007361230639898805 -0.45678829126338333 -0.0018740778362522374 -0.0073460604126890155 0.9999679842075125 26.79263995315117
1.0000373955657718 1.0958484323198014e-05 5.143348194728485e-05 -0.05474233937567906 0.004231331945747856 0.9999365155568921 0.006381929621629391 -0.48339510902949806 -0.0018411212134046226 -0.006352308683876569 0.9999748970915576 28.162515652490963
1.0000364511243298 7.580291465362349e-06 3.5920682378311024e-05 -0.05725804611847446 0.004096145078918366 0.999948625604665 0.004457638955702686 -0.49159516128240316 -0.001920929669134586 -0.004427340552503458 0.9999849503682143 29.519234421771102
1.0000388862080394 4.07515826579552e-06 2.0176074216283297e-05 -0.06020666819330815 0.004257295318660549 0.9999534861310143 0.002503244967561694 -0.5457128780084299 -0.0025509064823023286 -0.0024643980237981887 0.9999891399630105 30.910944574298266
1.0000180076371399 2.2546202390096026e-06 1.0857615708005164e-05 -0.06263411771881067 0.0016104936598804413 0.999984809299376 0.0013462210534852302 -0.5374292791622388 -0.0027911781738037406 -0.001316432223564941 0.9999902178418724 32.29229315569959
1.000007824331111 -1.3572695935406415e-06 -5.731169231233766e-06 -0.06549750953420032 0.00019817643378375847 0.9999981397012098 -0.0007145529469931077 -0.5832367335200499 -0.003449612209516833 0.0007434077961609533 0.9999875346711284 33.67385986429019
1.000011482853298 -8.493942095649798e-07 -3.315092192024676e-06 -0.06791360062271465 0.0006017972595812691 0.9999948931819153 -0.0004147306102341642 -0.5699057973967754 -0.0036758611390468564 0.0004476504084623707 0.9999865005357182 35.07142662950591
1.000006304488411 2.20798977182933e-06 1.0125175509325323e-05 -0.0708853418315675 6.1026965621097454e-05 0.9999987011578804 0.001254821516096738 -0.6263911108595441 -0.0032194954303212623 -0.001228655087734787 0.9999882676881661 36.46538254368643
0.9999928108663728 4.4386032865290775e-06 1.96497667425933e-05 -0.07349426452967647 -0.0015831177882658764 1.0000084881969562 0.00243735993976184 -0.6367891043600833 -0.0030784074400681703 -0.002420401886092074 0.9999868096238439 37.86392576173488
0.9999755259901257 5.633375752184255e-06 2.4540785589583164e-05 -0.07618200372364674 -0.003613966644396809 1.0000178886994293 0.0030449369493114387 -0.6574898661907256 -0.0025621177403759403 -0.0030401870580657967 0.9999875146664076 39.26017456083311
0.9999532401333717 5.918262512408234e-06 2.542351801303644e-05 -0.07898537585236368 -0.006515952743947844 1.0000262170456309 0.0031538538502090987 -0.6937595730875088 -0.003160994294824284 -0.003160826687659178 0.9999843473503951 40.65103437198449
0.9999393152219097 7.004723724746489e-06 3.0235889200086376e-05 -0.08169753470714572 -0.008211811818175868 1.0000253122195377 0.0037512007418495624 -0.7097800807621237 -0.003011665923708452 -0.0037665824562580666 0.9999829884553924 42.08167950277385
0.9999291272951576 7.121766116469433e-06 3.075399980644175e-05 -0.08432840487709117 -0.009418919023377196 1.0000241450193978 0.0038157583055672965 -0.7250567552683211 -0.002752395068355348 -0.0038366098678002665 0.9999839386079448 43.47062125126199
0.9999407783586169 6.774529090244896e-06 2.919795690975338e-05 -0.08702210333947938 -0.007878736966892093 1.0000257843811007 0.0036230844669731407 -0.7397271338941731 -0.002336636518229014 -0.0036369868948252413 0.9999864902454454 44.897063341198646
0.9999388741892482 5.6564396600043004e-06 2.4124655505586377e-05 -0.08978678002960429 -0.007930725601179899 1.000027882045127 0.002994182362473366 -0.7714448142244565 -0.0015138864499406547 -0.003008394771857592 0.9999916392549708 46.2867922715141
0.9999410498692602 7.1821817620113665e-06 3.104973372315711e-05 -0.09261254167590495 -0.007466543054471752 1.0000247610589095 0.003854113120927787 -0.8005369250652057 -0.0006488064957874652 -0.003867322925794599 0.9999911961881224 47.72206108761655
0.9999413325988445 8.04599303292318e-06 3.4978893461182605e-05 -0.09519599838748585 -0.0071952933344301105 1.0000225586367502 0.004342084789340656 -0.8077431247138858 0.0004042614301289298 -0.0043555539857269955 0.9999912259959118 49.120734328047114
0.9999321183568824 8.899892993560754e-06 3.884537690518439e-05 -0.09805586119138471 -0.00812455361360888 1.0000207166912085 0.004821969875059006 -0.8423891064334521 0.001363345396669891 -0.004836688245490887 0.9999899055761435 50.55012176793395
0.9999266783603458 9.528151593319462e-06 4.1722083920124e-05 -0.10085307226605185 -0.008526075998479495 1.000018817304805 0.0051787840787326745 -0.8648389968755437 0.002585595944568314 -0.00519311049995643 0.9999879167438667 51.99919962771666
0.9999219510674984 1.1961979061246575e-05 5.2903245879038245e-05 -0.10358944891878798 -0.008875425493913418 1.0000104286256077 0.00656524466650241 -0.8886929472598395 0.003645793953370978 -0.006578460023255228 0.9999783937229215 53.40832374780702
0.9999275989880223 1.335325039903204e-05 5.929370158416314e-05 -0.10640088706094254 -0.007955099749950888 1.0000052390474978 0.00735713106327561 -0.9108225494171778 0.004622020863794917 -0.007372138515344681 0.9999705958070754 54.86670940458464
0.9999463425607911 1.508802861999517e-05 6.737994095819288e-05 -0.10900293858776551 -0.005645332942802295 0.999994455314248 0.008359637892077235 -0.9242004130986481 0.004541703921410551 -0.008381010721749599 0.999962886726905 56.24815822423547
0.9999584408604751 1.35927664951397e-05 6.059671324563074e-05 -0.11182796503416333 -0.003981480244649961 0.9999957598053482 0.007518211336957157 -0.9525054176429504 0.005261283499843965 -0.0075470642205614615 0.9999672885153885 57.68653000596974
0.9999758094080224 1.399132120778225e-05 6.279090348435923e-05 -0.11451940257920902 -0.0018111195139095104 0.999982484304564 0.007790181125900452 -0.9606322162309102 0.005320814822322464 -0.007827000767967452 0.99996493311505 59.14090138763535
0.9999763989882173 1.5392566539767713e-05 6.93039306223324e-05 -0.11726262859845148 -0.001832192734072047 0.9999759850935658 0.008597866962007114 -0.989275273543331 0.0049003072331797685 -0.00863204359322919 0.9999597093038101 60.532461634145335
0.9999880728603081 1.7795942658924147e-05 8.084952810902572e-05 -0.1200921459969692 -0.00047865772284793814 0.99995329903731 0.010029001934867703 -1.0127151735763966 0.0044710704320385965 -0.010064288049548582 0.9999475769620088 61.99501687454576
1.000005825888481 1.662238830600106e-05 7.603519155391326e-05 -0.12272257832353806 0.0016176755585266076 0.9999410363752315 0.009432670869017813 -1.0275608245624615 0.003987533160876627 -0.00946901818255156 0.9999545544803012 63.385638303813366
1.000018233509975 1.4696394334247354e-05 6.764622368411787e-05 -0.12536146389652056 0.003029127709784904 0.9999356719708152 0.008393173330557523 -1.0398682852830876 0.0034102047723973267 -0.008426257469745015 0.999964963132593 64.79226064391001
1.000018299729331 1.5009496603018979e-05 6.910345085515274e-05 -0.12817986526926464 0.002881716251767979 0.9999357577385833 0.008574013369176752 -1.0645662820491257 0.002716140361659237 -0.008599282093681123 0.9999643656341449 66.24304888208131
1.0000062754108894 1.517031879599666e-05 6.929396642758878e-05 -0.13080467070681562 0.0012656301800021176 0.9999519191060395 0.008597719074576512 -1.0826891282049194 0.002168605344446025 -0.008616278573811352 0.9999645683148544 67.61593910276409
0.9999838336150187 1.774245039985918e-05 8.046643616781558e-05 -0.1336404640892445 -0.0016626538202372965 0.9999620326480185 0.009982368227125208 -1.1035194940434712 0.0015388164026624161 -0.009995714110400589 0.9999517811535464 69.09360757132815
0.9999560894489787 1.9982320378190976e-05 9.036204736406653e-05 -0.13625419899569194 -0.0052769362284470975 0.9999655859942527 0.011208293021955387 -1.1222647887529487 0.0007864186383640163 -0.011220386973820716 0.9999383231038442 70.45759069558332
0.9999280635894551 2.178666718631768e-05 9.870869159280243e-05 -0.13903459326079273 -0.008961059539542729 0.9999568874454584 0.012241838954029739 -1.140646679188838 -0.00012142679438986205 -0.012258489725490828 0.999924813253351 71.91549628908109
0.9998986038174671 2.0821482569686328e-05 9.446927641455641e-05 -0.1415253043042161 -0.012681457888377828 0.9999528822604549 0.011716604375880109 -1.1441577663717397 -0.000396891386153277 -0.011741797698899593 0.9999304378139884 73.27928226268736
0.9998664693739868 1.981614769956154e-05 9.065793777147143e-05 -0.1442334867940616 -0.016853705916860445 0.9999302914783298 0.011243974631035356 -1.1669818130701775 -0.0012060776792466928 -0.011285752570373954 0.9999335726983449 74.67738437232505
0.9998632726309077 1.956435882621496e-05 8.959811342573363e-05 -0.1468354660521263 -0.01739253650512356 0.9999268779574804 0.011112194604739422 -1.1617158843675388 -0.0018385539852296135 -0.011161525777664683 0.9999328603749154 76.14193622054351
0.9998552757858924 2.0676960029747393e-05 9.51795425282397e-05 -0.1494991462997039 -0.018502991149859996 0.9999079598191977 0.011803091508894971 -1.1903978035647775 -0.0023617540934261997 -0.011862090189141455 0.9999227616132379 77.48926789855959
0.9998644200264375 2.1130190129878268e-05 9.693439524188514e-05 -0.15220706305132156 -0.017414357203557315 0.9999161563594348 0.012020252105765065 -1.21310877622366 -0.0025713328574308563 -0.012076552110509333 0.9999193021602499 78.88772709308503
0.9998723008979423 1.9305271153064255e-05 8.804275491429599e-05 -0.1547943618497137 -0.016331501385377596 0.9999383554600548 0.010919288546900309 -1.2209537608507472 -0.0021069810556719583 -0.010966849284749738 0.9999339973807153 80.28567951909936
0.9998740605358309 1.9754642913790213e-05 9.009565433003904e-05 -0.15742296254134455 -0.01608914356384571 0.9999375185904106 0.011173703877607369 -1.239648497482276 -0.002000722249922016 -0.011219459326948981 0.9999316087293786 81.65812130758603
0.9998771286792346 2.0934472985838226e-05 9.555548140237173e-05 -0.1601118634668971 -0.015600110709905423 0.9999335289927762 0.011850411412494792 -1.2557576214715116 -0.0015190987266756994 -0.011890682786615977 0.9999255791727283 83.07549018508644
0.999878938554571 1.953097390355353e-05 8.888610114610239e-05 -0.1626671160082992 -0.015303980748090876 0.9999451803513213 0.011024493962053537 -1.2718528571662804 -0.0012008632752710687 -0.011061415459421553 0.9999360919486605 84.41890179623631
0.999874578883045 1.979532081817191e-05 9.026966361451623e-05 -0.16525115818260636 -0.015633563548240234 0.9999408223158518 0.011196442445923703 -1.2732720422559516 -0.0002561162532632923 -0.011227255037390572 0.999936640173266 85.84370680752234
0.9998729259894102 2.13378241952656e-05 9.760078165467565e-05 -0.16783310518029546 -0.015602618992569973 0.9999304576956665 0.012104906243069662 -1.2921045149983486 0.0007973137085917083 -0.012127769576352357 0.9999277537410561 87.18969588823808
0.9998813392232284 2.314732371606204e-05 0.00010590543190006356 -0.1703597991373468 -0.01431955069003801 0.9999263276230378 0.013133490796466644 -1.3009201953132492 0.0018596834051570006 -0.01314835270298719 0.9999153760931034 88.54975433697534
0.9999059004719333 2.4947028027716422e-05 0.00011392249219907558 -0.1730758094905609 -0.010991687301637883 0.999928108426499 0.014125926002592269 -1.322732266262437 0.0030975914372325867 -0.014137151007924547 0.9999010658566695 89.95670475766819
0.9999106024179991 2.522504432532144e-05 0.000115184659455537 -0.1756529073734063 -0.010261351855707868 0.9999277706173803 0.01428194327907444 -1.3390151545780409 0.0037504599089607546 -0.01429263274535732 0.9998978009167951 91.31137824398476
0.9999124192336002 2.4737170447569623e-05 0.00011283319616951564 -0.17828237872532932 -0.009911945046486051 0.9999326055910167 0.01399056323146709 -1.3508460860417857 0.0043024427304178 -0.014000869096642473 0.9999006985395507 92.7149117648492
0.99993221786988 2.5153283677440894e-05 0.00011470758663572516 -0.18079778460632842 -0.007416369758217653 0.9999308589281578 0.01422249655535386 -1.373285384610763 0.004466417800383901 -0.014239116662809545 0.999896914668576 94.00796317661305
0.9999299356440904 2.3428038838245804e-05 0.00010648809534792168 -0.18333384263350952 -0.007670056533980682 0.999944961294124 0.013204763667409138 -1.3707882249923933 0.004599064540583214 -0.01322072474886855 0.9999105218938237 95.42365803231759
0.9999422893941162 2.322894329289532e-05 0.00010557265529698937 -0.18578055410641986 -0.006145458710902735 0.9999447092442083 0.013091423130161286 -1.37435132406274 0.004556151641582349 -0.013111582625233022 0.9999120763925812 96.76284353763302
0.9999252117800383 2.1954724302365725e-05 9.95126444545036e-05 -0.18833774342735402 -0.008306912420182867 0.999956046928548 0.012341091367244072 -1.3898858552691868 0.004375212443349437 -0.012355314033180504 0.9999221775118553 98.10982829937494
0.9999175865618223 2.2035771112179428e-05 9.994323010541358e-05 -0.1908268742972737 -0.009320661025947134 0.9999546117077909 0.012394585505584818 -1.3939786993771481 0.004077458356558678 -0.012406601071578498 0.9999222641049678 99.47014473887987
0.9999062174433775 2.4347254728029552e-05 0.00011105647648346662 -0.19335284901324448 -0.010776186746192936 0.9999336779526518 0.013770813211081992 -1.4073998325236856 0.0038830784366818537 -0.013780137722941217 0.9999047210136565 100.80926656736926
0.9999115595985839 2.7697260975744625e-05 0.0001270293596566279 -0.19593278123700114 -0.010107213962851792 0.9999060629999738 0.015747937941721513 -1.424994583391447 0.003907726156282488 -0.01575864011887712 0.999875473684387 102.1596594861888
0.9999134359159952 2.5735773183032176e-05 0.00011759356867078086 -0.19843741701726011 -0.009917506983936116 0.9999241629661245 0.014580155581604973 -1.4357835558067578 0.0037145642855574315 -0.014591580976273473 0.9998935565365031 103.49870132800461
0.9999157118692511 2.232091812251133e-05 0.00010131040432035006 -0.20095144386440122 -0.009660552228704263 0.9999520041726876 0.01256411909990643 -1.4518764729070355 0.00359996523686216 -0.012576154022164186 0.9999211193865395 104.8192910315152
0.9999174325684362 1.972826690562271e-05 8.90575537928239e-05 -0.20340932490819083 -0.009454263221660604 0.9999702551841655 0.011046458605837181 -1.4564826077814919 0.0035669387421224928 -0.011058860657160068 0.9999390879884454 106.16001116267626
0.9999315944113237 2.205460373849895e-05 9.997228336587269e-05 -0.20599794838878688 -0.007759738320823311 0.9999553257861171 0.012398508366128639 -1.477080461976459 0.0032804395456637776 -0.012413846773152663 0.9999236676017068 107.50182509666419
0.9999644518050969 2.571205141850899e-05 0.00011769272166287374 -0.20839380536790528 -0.0037836285461310673 0.9999166118573771 0.014592696778264268 -1.4816200409242892 0.0028145406880809715 -0.014612117623451657 0.9998945702831553 108.8084909171002
0.999968554340251 2.6716677362979488e-05 0.00012259213002921584 -0.21087492894961982 -0.0034754195759291364 0.9999062032280177 0.015199256194010025 -1.4946312390405336 0.0019168870716516659 -0.015214932878108153 0.9998860908956811 110.12460072975897
0.9999811542227334 2.5872763271463095e-05 0.0001188669729862259 -0.21338642642345546 -0.0020786747395549173 0.9999057449202516 0.014738144222697801 -1.5050524815132753 0.001167489639988364 -0.014749587256425244 0.9998928595286484 111.46908273277492
0.9999666219696373 2.146599787030551e-05 9.75409846668805e-05 -0.21585536731951668 -0.004038211523723942 0.999951006007826 0.01209745222717429 -1.5124474364083993 0.00047729952925174794 -0.01210712032288092 0.9999276298195284 112.80349129963174
0.9999508113923687 1.886196969506579e-05 8.503184630500454e-05 -0.2185111468082887 -0.006234339034867803 0.99997498334967 0.010547436182829169 -1.5418474984640957 -0.0005599992597533369 -0.01055798909968659 0.9999432482699155 114.14324465902645
0.999936079346308 1.8715845902191053e-05 8.424777681138602e-05 -0.220904690226993 -0.00840708671376992 0.9999776042696411 0.010449205690221298 -1.541757622629376 -0.0020903630839925105 -0.010465372433291877 0.9999394292120608 115.46927446504567
0.9999193105276117 2.1389337755035875e-05 9.687242256924979e-05 -0.2233741920278594 -0.010795263674270604 0.9999563312754394 0.012011698909278687 -1.545341813437847 -0.003453409332537921 -0.012040914905646459 0.9999154813515118 116.82098800021974
0.9999266594634366 2.570400628277257e-05 0.00011734865048086966 -0.22587145196119526 -0.01007386247364268 0.9999243566481305 0.01454601935466465 -1.5597476429116068 -0.004306380183088671 -0.014573123607452472 0.9998769684448131 118.13981525717575
0.9999349600245298 2.7429792424779262e-05 0.00012562192641838886 -0.22841830623095716 -0.009253068087568197 0.9999102645004895 0.015568658362667501 -1.571874158583247 -0.005243145194937476 -0.01559176974483237 0.9998554525000222 119.49627434135256
0.9999302225960803 2.5982717321017604e-05 0.00011867545087122745 -0.23083521367094517 -0.010062103290142416 0.999922020044899 0.014707207727859757 -1.5758442374315154 -0.006227328313028183 -0.014737903852963113 0.9998609681896471 120.8171383696431
0.999917310803388 2.5517345364456726e-05 0.00011651068585956858 -0.23331952984972051 -0.011973860476262806 0.9999202974981235 0.014436494578706901 -1.5827836936520094 -0.007601910869718225 -0.014487846199655704 0.9998526309152176 122.16209363412865
0.9999023113921898 2.498294553260165e-05 0.00011415299063146224 -0.23577517777577175 -0.014089889401466781 0.9999139701474012 0.014142026168507047 -1.5892336450203217 -0.008731257913471442 -0.014220093853006618 0.9998452072791025 123.49335438107958
0.9998982028252892 2.4088950299877218e-05 0.0001099661817084846 -0.23822682668885448 -0.01487039925779434 0.9999161981394992 0.013620632993813291 -1.5935559031346733 -0.009936516393149897 -0.013715031816885244 0.9998388275924148 124.83188890241179
0.9998924721843778 2.305274686910906e-05 0.00010516147214952487 -0.24070130946655516 -0.01583114076003696 0.999917160999989 0.013022608815182234 -1.6028516270586848 -0.01104716620232279 -0.013136851777529407 0.9998329228069128 126.16089017162608
0.9999033367284769 2.2537881590310727e-05 0.00010250129906036812 -0.24322452807549633 -0.014673651048525322 0.9999297699054187 0.012690684354326761 -1.613729954971968 -0.0119024437128253 -0.012795471044872607 0.9998259847178809 127.50982535526927
0.9999008900249412 2.4035895324099957e-05 0.00010966221969226108 -0.24577128415230878 -0.015219744575992188 0.9999143910310841 0.013573886566085297 -1.630929227115113 -0.01298270793607043 -0.013693706997721449 0.999798704151652 128.84360781043188
0.9999093955753878 2.5799598526762835e-05 0.00011794809556917615 -0.24816123026135126 -0.014347299048949276 0.9999058386716193 0.014596890630873922 -1.6260350794073446 -0.013802662098218888 -0.01470864794357328 0.9997718379063111 130.18907022306533
0.9999113008369342 2.623565292241524e-05 0.00012001226631667126 -0.25069861454744785 -0.014174355736937847 0.9999031610181176 0.014851395808801786 -1.6414589676072566 -0.014086612781589208 -0.01496209143840044 0.999763607471604 131.52557967484066
0.9999214023901072 2.6703983444755636e-05 0.00012216502425464542 -0.2532287112773467 -0.012920329350027612 0.9999060558475763 0.015117907310620763 -1.6546216170425243 -0.014088808131955614 -0.015208559788708931 0.999759857202611 132.8681371432563
0.9999337401099191 2.8451416886635106e-05 0.0001305410453205705 -0.25562485957088626 -0.011362086585875031 0.9998961956459098 0.016154980230545537 -1.6518635526886838 -0.013972801401305981 -0.01622032236237074 0.9997458062238056 134.2075085596938
0.999948493856538 2.877274181342128e-05 0.00013217310105154254 -0.2581926098390415 -0.009397829005514356 0.9998974483443808 0.016359080529474674 -1.6717863150324073 -0.01338422957786958 -0.016392696991227515 0.9997521129406656 135.54077278093746
0.999951853545749 2.8382045281409238e-05 0.00013032416539004738 -0.2606444396874832 -0.00873215156867476 0.9999017844142217 0.016133956558536597 -1.6748416352863136 -0.012276317859926103 -0.01615697848340991 0.999772165737653 136.88505749218848
0.9999672962335296 3.0695694017137884e-05 0.00014177975470937385 -0.26315207334442087 -0.0065764346715379085 0.9998769732243517 0.017554600955964363 -1.6837775466019573 -0.011215482294878721 -0.01754900589566906 0.9997630997839391 138.23402349560934
0.9999694283836477 3.089690490805201e-05 0.00014280429482597967 -0.2655885326841957 -0.006083076766037522 0.99987383772889 0.017684204575146977 -1.689516612727067 -0.010196184772383564 -0.017674426523961926 0.9997736479499585 139.55782715803653
0.9999823564433495 3.17468169346094e-05 0.00014728411497180022 -0.2680982207202608 -0.004188712816258813 0.9998582895141858 0.018241665706777873 -1.6980316685634194 -0.00890817758855102 -0.018214476012440656 0.999778594765652 140.909807778247
0.9999777444216814 3.0225534489293146e-05 0.0001397520511275264 -0.2704428220843787 -0.004491023483673409 0.9998759437902778 0.01731265413667767 -1.6960518283877766 -0.007702048504152517 -0.017293205740505857 0.9998071381278777 142.21716014704148
0.9999816262506952 3.0136344863294223e-05 0.00013943069186621586 -0.27288669014052364 -0.0037780713007997896 0.9998738028845645 0.017274975068648963 -1.6969933543122455 -0.0066724918545134635 -0.017253356862101957 0.9998170863035464 143.56646192228183
1.0000021115041313 2.642675309224088e-05 0.0001222657846218435 -0.2754151276573911 -0.0010711732769412077 0.9998930213494253 0.015152336112164363 -1.7031611875811778 -0.005946383879542122 -0.015113147901044214 0.9998575897481632 144.93929424075938
1.000043943809967 2.419653780456714e-05 0.00011384965642553119 -0.2777934025963116 0.00441004711551125 0.9998549593718828 0.01411264706696572 -1.7046367596148957 -0.0046707799716152265 -0.01404771535273357 0.9998821867146781 146.2498866187688
1.0001033878899583 2.8157107702380876e-05 0.00013791465938895625 -0.2803950993234941 0.012005938604448407 0.9996848697810697 0.01709230926416219 -1.7159906322075997 -0.00371870333358861 -0.016999743252484628 0.9998421101535648 147.6401650413202
1.0001538491354942 3.003919166235866e-05 0.00015305626835956931 -0.28280465814471734 0.018574180234652064 0.9994976464973936 0.01896667207916053 -1.7264682579611177 -0.0023744783222045653 -0.018877040807185684 0.9998149792647724 148.92793836872394
1.000170049748912 2.437391594328764e-05 0.00012780650804298035 -0.28524770796657606 0.020780247821343904 0.999490872696231 0.01584367755151475 -1.7342818186432385 -0.001508867014584504 -0.015769618897615422 0.9998720176625077 150.24614074663828
1.0001749714457693 1.8171543953150737e-05 9.891548317239552e-05 -0.28772453293039185 0.021441668948219743 0.9995219242739195 0.012267036917138742 -1.7278826554711506 -0.00128503163247529 -0.012196049646768087 0.9999226565138619 151.64643144390456
1.0001414350010998 1.5900178587130442e-05 8.37963191493759e-05 -0.29024786882096715 0.01703488262291892 0.9996635091075927 0.01039326079174022 -1.7469105351592906 -0.002363676968549014 -0.010306681547447192 0.9999399729725205 152.959088192156
1.0001440503704355 1.6013107454670647e-05 8.464597661063866e-05 -0.2927980939349253 0.017172407099878273 0.9996589550660394 0.010497729263994128 -1.7556063253460306 -0.0031988627721221304 -0.010389534555911503 0.9999352857195634 154.33271368468533
1.000178644857998 1.955499847445391e-05 0.00010599983355537475 -0.29506254937483073 0.021347816585311652 0.9995135519011701 0.013142204817491324 -1.7449909976809828 -0.003738037200742327 -0.012999592763323853 0.9999019537904789 155.6341888541598
1.0002264921725115 2.4191882258091033e-05 0.00013591121632816768 -0.29767248213029074 0.027184459084897826 0.9992692024841192 0.016844157420164194 -1.7627183269527502 -0.00420873271450493 -0.016657353135625563 0.9998450405019367 157.00060588754852
1.000253055918669 2.4628450949887304e-05 0.00014293612791095784 -0.3000474972335979 0.030456917822121024 0.9991333940079281 0.017713181242312165 -1.757473691222624 -0.004326958791932337 -0.017504785949009186 0.9998298572217702 158.3393620024187
1.0002600440461251 2.489217760699193e-05 0.00014558395449498578 -0.30258962521127303 0.03135734368502357 0.9990924119387253 0.01804091199306106 -1.7748639745504455 -0.00418173053318915 -0.01783360896993635 0.9998249311530353 159.6697294273407
1.000256217756101 2.6018547392139477e-05 0.0001503196619329918 -0.30501605174405283 0.03063446951432653 0.9991099348101499 0.01862520847448437 -1.7698143037915501 -0.005286294309108173 -0.01837928815143316 0.9998078323063333 161.03608955277255
1.0002356886279193 2.620544363373875e-05 0.00014733929488360128 -0.30740542345763333 0.02782214314782424 0.9992217166896573 0.018254665991174618 -1.7657985542753067 -0.006458266594491933 -0.017984300244528687 0.9998060096873022 162.37731657814012
1.0002165707072075 2.4753085439550154e-05 0.0001369050796832885 -0.3099760735018938 0.025242746101487294 0.9993337894635032 0.016962109883610722 -1.779365470333407 -0.007373053923645284 -0.01668013799441671 0.999820619551109 163.74053105631015
1.0002068382527354 2.3886649277861383e-05 0.00013108962101144152 -0.31228635851263664 0.023909269501130544 0.999389312762774 0.01624136352686787 -1.7679537143109685 -0.007929591238151089 -0.015952665690000842 0.9998272168321992 165.0709399806069
1.000207677486341 2.5980208167348043e-05 0.00014135759313882315 -0.3146623124999751 0.023947236065492768 0.9993666342578907 0.01751121050352369 -1.7589542080249154 -0.008225074435467071 -0.01721328873120363 0.9998034055996748 166.42696114167558
1.0001970562595497 2.635895407019674e-05 0.00014146985384880868 -0.3171138890172701 0.022687522501152857 0.9994059244261325 0.01752560635918391 -1.7660222355865094 -0.007960427747120056 -0.01724783486547146 0.9998054307859708 167.75321065248843
1.0001801824674377 2.340545934409466e-05 0.00012461677143592504 -0.3196930578818974 0.020696365528416215 0.9994995962148783 0.015441070218630214 -1.774748222036544 -0.007494802766820625 -0.015194350352760063 0.9998431562872608 169.1427315558595
1.0001532542782612 1.94226097099421e-05 0.00010187943133663766 -0.32230162698858045 0.017501894408919805 0.9996259227674213 0.012627215114970832 -1.7804946861238369 -0.006826945034812412 -0.012425146907714653 0.9998873523710425 170.56182270270895
1.0000812090220255 1.8496252751474054e-05 8.969707599514e-05 -0.32500056812347067 0.008620126638532484 0.9998314427581763 0.011118586489336323 -1.8111591381354761 -0.006534483077245779 -0.010995569561519323 0.9999065563771523 171.9198418892634
1.0000656561355734 2.0748094652845578e-05 9.903255365319706e-05 -0.32736388324116394 0.006607248999176625 0.9998494451986669 0.012274246181606465 -1.8017994698351798 -0.006897286918384228 -0.012162436340888559 0.9998899688664002 173.27046936032093
1.0000220776342463 2.5434959007650595e-05 0.00011846174030657282 -0.330185375106817 0.0010450036488448763 0.999883083371106 0.014678478394020441 -1.835569981469557 -0.007567121416716127 -0.014608176239535116 0.9998512085589534 174.68250982619898
1.000022426114892 2.9630360616966084e-05 0.0001386936156393952 -0.33253769276201023 0.0010990581473378676 0.9998426589310654 0.017182291247665515 -1.8317077445485517 -0.0075190632098699655 -0.017112013124652287 0.9998119764103821 176.00253040535335
1.000052696477545 3.067152743561202e-05 0.0001456753558809734 -0.33500888938776396 0.005046946193571005 0.9997834680115599 0.018047735159408124 -1.8227427496227089 -0.006678029140259323 -0.017952613407968353 0.9998047381315903 177.41114640272232
1.0000601721360507 3.163466837769087e-05 0.00015093478885064597 -0.3376812396771921 0.006261188580036886 0.9997548151778036 0.018700441659574768 -1.8318193168162622 -0.0054033301668287275 -0.018613813869250803 0.9998026599357298 178.8507110399842
1.0000624236981233 2.518635183056811e-05 0.00011991104373610057 -0.34017246114022714 0.007042979013716094 0.9998077614479389 0.014864896598944974 -1.8428135673294783 -0.003163885927637798 -0.014806391196758547 0.999879875659011 180.18140810912223
1.0000440488334712 1.8189479023001873e-05 8.542834714899707e-05 -0.3428036385133262 0.005156228524540547 0.9998888844788982 0.0105961250093078 -1.8515121450659733 -0.0014013072275342435 -0.010569502796961677 0.9999407826727792 181.59985539462937
1.0000084016539412 1.7361966665310757e-05 7.960134275917098e-05 -0.34537647688967776 0.0008355051370161331 0.999944023261243 0.009874392400469398 -1.858186581183596 -0.0009271503751813227 -0.00986530264697147 0.9999493761334635 182.9950192552039
0.9999893111728834 1.9390339060192455e-05 8.836750591378678e-05 -0.34773594209241154 -0.0014542064399750056 0.9999504188044467 0.01096072215504494 -1.8532292323584747 -0.0005652659122803792 -0.01096016572927739 0.999938914325884 184.32388211286226
0.9999694157663073 2.431587345992116e-05 0.00011112730282342924 -0.35040116663746845 -0.0040043007503743795 0.999929082440715 0.013779251399604616 -1.8592110417477488 -0.0009187768526767988 -0.013783251613889037 0.9999031254637323 185.77330150948794
0.999948462896392 2.7962675366210304e-05 0.0001282657326078958 -0.35298092654578933 -0.006692090649929725 0.9999048373785436 0.015900356684509447 -1.8768002285969874 -0.0013006885147347099 -0.01591110172398153 0.9998704466771358 187.1236238069821
0.9999810479334498 2.9916190991664815e-05 0.000138345964585098 -0.3555093422904434 -0.0026945831284215134 0.9998707808883663 0.017147499696783895 -1.863035945838188 -0.0015203221205113214 -0.017144904625731167 0.9998493629579983 188.5853324734351
0.9999901127694976 3.124833727553844e-05 0.00014510974126005858 -0.3581091665330211 -0.0015395349523253804 0.9998492102896437 0.017984311070858752 -1.8697291205130429 -0.001389745826713944 -0.017978889665866745 0.9998351521794571 189.9953584954933
1.0000163198917582 3.195870942960741e-05 0.00014969995864820822 -0.3605206421093666 0.001676372717777071 0.9998127102336963 0.01855197036451138 -1.8647815769849376 -0.0015626536802929266 -0.018535092966594537 0.9998244363819784 191.35298281026945
1.000027427193171 3.215996608980226e-05 0.0001512867905789808 -0.36321823028837397 0.0029519344559145125 0.9997958270232905 0.01874788650312455 -1.8743094013378903 -0.0020258298521587115 -0.01872184766100986 0.9998192919099865 192.8045126763955
1.0000468794037436 3.3276042499318786e-05 0.00015799249314275778 -0.3656667954914536 0.00529276052694027 0.9997514196168057 0.01957687338452611 -1.8749251067037291 -0.0023601049177215134 -0.019538007607168863 0.9998023508576326 194.1578689130667
1.0000892872862028 3.509494309789085e-05 0.00017047220139602168 -0.3682272358005198 0.010466506361292096 0.9996375425921903 0.02111943798490459 -1.8657630458197445 -0.0027744759975734693 -0.021053220163648745 0.999769801703679 195.6167900454656
1.0001200970051152 3.5851934120208206e-05 0.00017748743815738802 -0.37084022730122923 0.014228147843009473 0.9995420680545912 0.02198629193611502 -1.8726579363662776 -0.0030627336581732856 -0.02189824270086934 0.9997503000188134 197.0332089973601
1.000071435046229 3.1373648737268237e-05 0.00015057110868123605 -0.3737044469418627 0.008177450285819137 0.9997263272627485 0.018658483094130797 -1.9074876729288086 -0.003095449994559507 -0.018596295439754655 0.9998169622647378 198.4641899423386
1.0000165315556644 2.235080429633697e-05 0.00010347751775946815 -0.3763042789212586 0.0013202254990557754 0.9999059958355465 0.012830098959149475 -1.9039932013771108 -0.003268139435648608 -0.012797882841056275 0.9999070476429559 199.9196526376689
0.9999533839533483 2.2605177092023532e-05 0.00010271612828411086 -0.37879480118391323 -0.006849977331369097 0.9999504276666656 0.012733801985053545 -1.8942874664972351 -0.004730248548673446 -0.012740617211449716 0.9998992902247287 201.3422752282553
0.9999095283135481 2.845833335895359e-05 0.0001307229273993999 -0.3813151178335951 -0.012553300585600627 0.9998908327146747 0.01619876910289424 -1.8906279041846532 -0.005875738903102983 -0.016248069246525512 0.999840352465002 202.75443575335564
0.9998861539164493 3.3133631775983385e-05 0.00015392224415837008 -0.384082538911214 -0.01569674368434981 0.9998211206890507 0.019066427990983258 -1.9049687277147362 -0.006948534549871319 -0.01914829961194789 0.9997802384078059 204.2231777047247
0.9999042939226311 3.3631377110888636e-05 0.00015595723731522257 -0.3866096323351086 -0.013326648889732317 0.9998315798962071 0.019319162602191735 -1.8930654298835714 -0.006425538874893155 -0.019377325152794903 0.9997802716116571 205.67585485493947
0.9999312651486985 3.37985906293508e-05 0.00015654595358069088 -0.38919284654591657 -0.009660900698723687 0.9998427418343709 0.0193944694995589 -1.8923865313640107 -0.00501554502808818 -0.019420156614580547 0.9997900551184153 207.1095578340595
0.9999511378442861 3.316467570263493e-05 0.00015355243997739972 -0.3917297440881645 -0.006946758944534186 0.9998505136212417 0.019025909387058212 -1.8882000411645354 -0.003917877023989579 -0.019034413381983417 0.9998043540213821 208.533251308803
0.9999463403575538 3.224259184924673e-05 0.00014899726272252917 -0.39440191404483993 -0.0074269762269251575 0.9998614874007898 0.018463182841361257 -1.8890310667243537 -0.0034024155056134285 -0.018474792537257603 0.9998176612240977 210.00948753375772
0.9999336230361854 3.237782600272812e-05 0.0001495953517879644 -0.3970543187279117 -0.00896103276396628 0.9998598953873279 0.01853735114622405 -1.886565314144168 -0.0032003256117913575 -0.018556789669058136 0.9998171761246436 211.48947922094368
0.9999270808823946 3.404251952839055e-05 0.00015774944010139825 -0.39956022324323665 -0.009744888490640704 0.999839653245105 0.01954582983271843 -1.8804036226997247 -0.0030726987003662637 -0.01956902680576502 0.999798521741534 212.90481618362608
0.9999247246546115 3.392725845067883e-05 0.0001571925197960619 -0.4022759516443426 -0.009953428951948928 0.9998406155796483 0.019477358272081267 -1.8938167152366157 -0.00269773447932833 -0.019500899558715073 0.9998016110807973 214.34906617166814
0.9999185158409017 3.2956168727230756e-05 0.00015247468748310635 -0.40494331576710635 -0.010673743544732802 0.9998501857262659 0.018894169656237778 -1.9021328904683288 -0.0024713577901840774 -0.01892039711088582 0.9998137506406688 215.78926030472599
0.9999291210118992 3.236762024154405e-05 0.00014954698417570943 -0.40753743306531504 -0.009282814486967234 0.9998596422835871 0.01853242576713134 -1.8903442028304753 -0.0021419492488390594 -0.01855226608810156 0.9998219988104912 217.2785465363401
0.9999148718631087 3.264401647327768e-05 0.00015098223893818784 -0.4103433732793225 -0.010937458986083752 0.9998529192938533 0.018710330598359887 -1.9066317898753817 -0.0016292480334230512 -0.01873532565222873 0.999820480684552 218.7599400450507
0.9999082404606777 3.196244918897764e-05 0.00014773682548785286 -0.41298753656994597 -0.01170156832441142 0.999857855106914 0.01830913628280574 -1.905343537687304 -0.001364131925555394 -0.01833583804530612 0.9998287565455108 220.23011622758315
0.9999278175046822 3.179227824728556e-05 0.0001467434317623511 -0.41557595905997846 -0.00925402395229804 0.9998660373376586 0.01818635228199399 -1.894278810788896 -0.001291627821416858 -0.018205102235393306 0.9998313708828973 221.71301992888257
