1.0 -3.469446951953614e-18 0.0 -1.5585406229479126e-19 0.0 0.9999999999999999 -3.5744790374131474e-19 0.0 2.168404344971009e-19 -2.405573570202213e-19 1.0 0.0
0.9999999254783186 -0.0002024093646486487 -0.00032874552598377116 -0.008128409983756456 0.0002026625727626144 0.9999996827573269 0.0007703328398173102 -0.024880560217490945 0.0003285895275198284 -0.0007703994221215918 0.9999996492570792 1.3165534689003657
0.9999995222265646 -0.0009383457832964296 -0.0002739614529360746 -0.017058932311937853 0.000938692742352816 0.9999987544290807 0.0012688556067046834 -0.0415713731227548 0.00027277051053665275 -0.0012691121906240387 0.9999991574752072 2.6147080676548082
0.9999983406640782 -0.00163058763092532 -0.0008123141323541842 -0.02277953957669254 0.0016315182091434875 0.9999980122810004 0.001146115055477915 -0.07545321021536988 0.0008104437462023101 -0.0011474384810132574 0.999999013283186 3.940511865226526
0.999997206754826 -0.0023440621951161342 -0.00030308077883517523 -0.030007182359005756 0.0023443980797038712 0.999996633439881 0.0011121613721830888 -0.09249020949072842 0.0003004728095260475 -0.001112868828023869 0.999999335619632 5.257394480519444
0.9999964926614091 -0.0025847900747389477 -0.0005775188404700672 -0.036356861072598036 0.002585726010480757 0.9999953358816152 0.0016254943782736003 -0.11263737133643768 0.0005733146350681575 -0.0016269820131567824 0.9999985121194117 6.5785406617637765
0.9999924132423698 -0.0038659693567688683 -0.0004772244832465099 -0.03999244691337663 0.003867260467571576 0.999988783858856 0.002734309261332501 -0.14579275120811414 0.00046664841673923867 -0.0027361341195176227 0.9999961478978744 7.916536497437642
0.9999920234351946 -0.0039889782064244685 -0.00020279053393679105 -0.05859822352331485 0.003989617440946015 0.9999867448122259 0.0032547114207821417 -0.16363051789543215 0.00018980489194518678 -0.003255494577282159 0.9999946828509159 9.23243544511918
0.9999937529739809 -0.0034465290001530775 -0.0007845090500726384 -0.05834883106558762 0.003448488770944367 0.9999909031087025 0.0025103027200752705 -0.18873140383108944 0.000775850150200752 -0.002512992456321889 0.9999965414576016 10.56389311687437
0.999999659134761 -0.0004867574745717265 -0.0006669312115069159 -0.07956119513039961 0.00048681450086618394 0.9999998778675125 8.529837507794305e-05 -0.21165679690843492 0.0006668896668914814 -8.562301964514169e-05 0.9999997739639451 11.886197159907187
0.9999977197655284 0.00200658514478931 -0.0007308044264970988 -0.07779592613678717 -0.0020070591017312817 0.9999977757696665 -0.0006482075983075976 -0.23604131788512664 0.000729502178268156 0.0006496728985928605 0.9999995228762755 13.224260958755604
0.9999857810369753 0.005295734986751411 -0.0006268200635121759 -0.10087718988481464 -0.005296169788846553 0.9999857347275917 -0.0006934965125820162 -0.2563640035510374 0.0006231385997543689 0.0006968064064354602 0.9999995630799141 14.567882966069021
0.9999832360324402 0.005789564596981749 -9.265057849600013e-05 -0.12122630674903137 -0.005789529215832994 0.9999831677126577 0.0003816468970619493 -0.2847517268507209 9.48585962867927e-05 -0.000381104107936978 0.99999992288085 15.912594650763614
0.9999910643236826 0.00422735189380798 2.758185430347176e-05 -0.11610606379728593 -0.004227416042013222 0.9999865334297274 0.003010302349844644 -0.3095638730609134 -1.4855874618829217e-05 -0.003010392113289276 0.9999954686493283 17.261974031255406
0.9999998882199753 -0.00039578142725648323 0.00025868537471882697 -0.12534560648858345 0.0003944216726124855 0.999986216369932 0.005235599279490236 -0.33474013970878 -0.00026075397980990147 -0.005235496765811076 0.9999862606965301 18.62050830038675
0.999996831206296 -0.0025127552244239345 -0.00015375952640646947 -0.12040297800043931 0.002513283082899876 0.9999905978145398 0.0035337920529138938 -0.36868646500003327 0.00014487854157462063 -0.0035341673641238365 0.9999937443165327 19.96288005792816
0.9999952140800966 -0.0030936972072149807 -2.9306337018922745e-05 -0.1313561161018966 0.0030937322440096632 0.9999944024235434 0.0012743381690615053 -0.3753011225244715 2.536375993229226e-05 -0.001274422758911665 0.9999991876014471 21.318835819556753
0.9999992324013639 -0.00121286112488294 0.00025331173612014334 -0.14086302596521466 0.001212772069510518 0.9999992027325345 0.00035173324400044486 -0.42530524311236784 -0.0002537381588154225 -0.0003514257704034977 0.9999999060582665 22.672286652616076
0.9999983943577352 0.0014539269249396435 0.0010475578534003065 -0.15253351180010444 -0.0014556921683297952 0.9999975187973054 0.00168622707920724 -0.4237847664254067 -0.0010451036902897547 -0.0016877493270204583 0.9999980296276884 24.033433826980808
0.9999966578596171 0.0015717289879537697 0.0020527877759970673 -0.16433354241641585 -0.001584319978750139 0.9999798556338753 0.0061464020215034705 -0.44080080286407347 -0.0020430861134331357 -0.006149633872798353 0.9999790036801491 25.417836946257545
0.9999978953116754 -4.230734068750089e-05 0.0020512399085231433 -0.15393521957991968 2.7735449583657715e-05 0.9999747697648093 0.007103454269723124 -0.4614792459583702 -0.0020514888511219886 -0.007103382565407808 0.9999726663008185 26.78973069674064
0.9999896795120268 -0.0040609401041213685 0.0020370673074072273 -0.16400091859379326 0.00404772696991304 0.9999710114381257 0.006449200152886294 -0.4940778310397239 -0.002063198240147645 -0.006440888223873782 0.9999771288238428 28.164275122180165
0.9999895202350324 -0.00417841228530294 0.001870908635594453 -0.17051005794051194 0.004171058019688045 0.9999836264447226 0.003917794148506026 -0.5003267881557508 -0.0018872483173932608 -0.003909949494804844 0.9999905752490696 29.529427266204817
0.9999865850564204 -0.004465647249930491 0.0026244449415838834 -0.17833508754219413 0.004459967706908414 0.9999877083011899 0.002166085928070496 -0.541727865984386 -0.0026340858789061276 -0.002154351967361411 0.9999942101612939 30.915113475658107
0.9999938865017604 -0.001844873367122921 0.0029704221836578033 -0.18544615478728976 0.001841693304633043 0.9999977284187394 0.0010729958948036168 -0.5432358363739611 -0.0029723952278490834 -0.0010675187456064823 0.99999501262091 32.29403781534632
0.9999938816350247 -0.00027096769408711113 0.0034875885327403707 -0.19135131319076049 0.00027420429974057275 0.9999995321979529 -0.00092758586865601 -0.5831505122205018 -0.003487335850880654 0.0009285365264653087 0.9999934881308813 33.67429888893144
0.9999930966220141 0.00037813350318531124 0.0036964479232770944 -0.20795596437472155 -0.0003758986387262771 0.9999997461680787 -0.0006052806681061974 -0.5971881064670586 -0.0036966761748157403 0.0006038870145039847 0.9999929849259724 35.069843852198034
0.9999946264279347 0.00016866307116708036 0.003273938278921865 -0.20190659906773772 -0.00017227971231671864 0.9999993752854994 0.001104422210999166 -0.633628534337484 -0.0032737502341742466 -0.0011049803286951518 0.9999940307691529 36.457234309856545
0.9999939396882299 0.0017325926244174646 0.0030197202599910027 -0.21336866400881185 -0.0017408708963768827 0.999994728411633 0.002740897657817784 -0.652504111068222 -0.0030149557348751717 -0.0027461380432374587 0.9999916843476359 37.86432999326715
0.9999895542989985 0.0036297308821296222 0.0027778307098178198 -0.2122380231972434 -0.0036382582735806947 0.9999886664284866 0.003070846377268711 -0.671994914037765 -0.002766653112686552 -0.003080920826939786 0.9999914267404556 39.25345325461009
0.9999761653859853 0.006086060851200817 0.003260140340882605 -0.22861676178235374 -0.00609649725869406 0.9999762935955036 0.003200778005410984 -0.698071045562493 -0.0032405831966008936 -0.0032205772182535984 0.9999895631952743 40.65182731472801
0.9999590839987422 0.008471867814195223 0.003171398697592506 -0.23576842489722588 -0.008483488561395398 0.9999572845596807 0.0036687185119134726 -0.7218441318981953 -0.0031401825945343853 -0.003695473003966157 0.9999882412955287 42.07930828589685
0.9999471167112929 0.009859132385577214 0.0029259649323113987 -0.24185710614739914 -0.009870434854080137 0.9999437831917428 0.0038736279474107524 -0.7437873544003502 -0.0028876100746417542 -0.003902303725589751 0.9999882167959692 43.465897740321815
0.9999576622928574 0.008848925779372295 0.002523909309568753 -0.2508719431217906 -0.008858508227943793 0.9999535009723599 0.003810871782757977 -0.7652069005842472 -0.002490070036565315 -0.003833068590869171 0.9999895535123823 44.893851929789996
0.9999634698555574 0.008383662577053398 0.0016652748550702806 -0.2466842900832274 -0.008389300903254402 0.9999590022064636 0.0034078665009982458 -0.7933523637475492 -0.001636636315692226 -0.003421712575518275 0.9999928066256402 46.29202802716644
0.9999678182317046 0.007981338071983162 0.0008128515093509257 -0.25916650216611103 -0.007984560385415002 0.9999599593190315 0.004040615094368683 -0.8147397680181002 -0.0007805695103283643 -0.004046975407432617 0.9999915063144347 47.725698428398914
0.9999651670987013 0.008344393997790618 -0.0001888377409065081 -0.26669584612416264 -0.00834333681528756 0.9999524885646158 0.005040769887735917 -0.8372218720994864 0.00023089096201589715 -0.0050390188721160575 0.9999872774089235 49.1223065263686
0.9999583688341974 0.009061649724484758 -0.0010710186358163115 -0.2813951735340897 -0.009056025129612932 0.9999457559852285 0.005145241952075719 -0.8608951921567818 0.0011175850178164592 -0.005135328687039913 0.9999861896076583 50.544754374388205
0.9999538567079799 0.009334856094523846 -0.002268235390852414 -0.2893341155656496 -0.009322427907115037 0.9999418039870482 0.00542964054565769 -0.8807914683107753 0.002318788501484548 -0.005408244658891825 0.9999826869075922 51.9954052722313
0.9999464046130859 0.009829851010492498 -0.0032499080527766755 -0.30851617173154766 -0.009807790881860028 0.9999292158670312 0.0067357637911587285 -0.9059691262784824 0.003315889850393372 -0.006703528509076303 0.9999720334028656 53.3975465927167
0.999960733521236 0.007814007030221028 -0.004180034121527645 -0.3157920706334121 -0.0077815607005907745 0.9999398988519139 0.007723083021942935 -0.9203404761576024 0.004240131485764381 -0.007690252735426554 0.9999614399106188 54.85733412803966
0.9999711297618528 0.0059684997125015495 -0.004702832433538973 -0.3241777829691022 -0.005929154759061192 0.9999476742875171 0.008336295351307001 -0.9341578031756224 0.004752341938847175 -0.00830817103135865 0.9999541937268637 56.25761997484542
0.9999797886041054 0.003917679911598314 -0.005007409534331271 -0.34719323422456183 -0.0038779251635920565 0.9999610817430435 0.007924436928773393 -0.9538011898886801 0.005038260493972843 -0.007904858568304498 0.9999560636120137 57.67573453236164
0.9999829790151595 0.002998541423033384 -0.005005038866975786 -0.3649233569322473 -0.002957606908938578 0.9999622824961041 0.008166158795879092 -0.9770266722503669 0.005029337086249879 -0.008151217029326712 0.999954130668867 59.13243827881807
0.9999856422618583 0.0024887500035157767 -0.004745669598592612 -0.36827181942068665 -0.0024458549596320664 0.9999562980709299 0.009023288940771618 -0.9995355062099905 0.004767919324126093 -0.00901155235062634 0.9999480280902903 60.53413309930582
0.9999910365935836 0.0007910460575706289 -0.004159443408229789 -0.3864656040519791 -0.0007498429745559296 0.9999507307877284 0.0098981680415319 -1.0160958287881872 0.004167068742650866 -0.00989496058983315 0.9999423609909727 61.9897814542866
0.9999911493482245 -0.0017436871976117905 -0.003828939241031692 -0.39601298966701787 0.001780304459537311 0.9999525185813201 0.009580766834478914 -1.0306179387953476 0.0038120519071289825 -0.009587498906786646 0.9999467726510249 63.38444955395802
0.9999919675183881 -0.0021412780058882933 -0.0033881889311378702 -0.4070113747588826 0.002170783281698124 0.9999595483797136 0.008728648137238688 -1.052910823369939 0.003369361703094542 -0.008735933221704085 0.9999561644798787 64.80739660751267
0.9999938062944853 -0.0021187540518648115 -0.002810382913630432 -0.41898435133645123 0.0021432210284621587 0.9999595818999686 0.008731618648289795 -1.0745356417326308 0.0027917694140567268 -0.00873758801183781 0.9999579294084988 66.26907550693255
0.9999973872544403 -0.0007637602796357022 -0.002154565395108149 -0.43446943866576054 0.0007823786858003109 0.9999622492662237 0.008653780801372395 -1.0905599340904457 0.0021478748332191848 -0.008655444049045774 0.9999602341735242 67.62759178095804
0.9999968070827541 0.002123052782188898 -0.0013705711132778748 -0.4529269460948723 -0.002109375293668835 0.9999487196254284 0.009904981360599844 -1.1094814237104142 0.0013915297535878966 -0.009902058883893144 0.9999500051904553 69.0976433614805
0.9999833508526849 0.005739484110841518 -0.0005969314521210086 -0.46807318696667133 -0.0057322968939172315 0.9999184022604777 0.011416199035581148 -1.1262376843751045 0.000662405901675954 -0.011412587407164826 0.9999346549011429 70.45772613299197
0.9999547887869378 0.009500928675521115 0.0003907884932075074 -0.48870574191019034 -0.009505017742042744 0.9998791760280402 0.012299918687124456 -1.1442499353046278 -0.00027388064022730065 -0.012303077293984513 0.9999242767743562 71.90405591947346
0.9999093029478172 0.013444515163477982 0.0007942656978921572 -0.49731662057558523 -0.013453006044904913 0.9998389370076131 0.01187925506208663 -1.1512044026837331 -0.0006344269911021235 -0.011888863154013416 0.9999291237076459 73.27033718637412
0.9998544872088009 0.01698012896708896 0.0016369436912741042 -0.5165868596795268 -0.016997722054899536 0.9997904248607028 0.011409813485571763 -1.1677745245452924 -0.0014428606378113233 -0.011435977762882684 0.9999335660771915 74.66973211812606
0.99981224312923 0.01921737869308239 0.0024841081172410494 -0.5310571558642924 -0.0192449425377094 0.9997475766314119 0.011593759403017212 -1.1883215114524739 -0.002260679588161802 -0.011639389355298624 0.9999297045014741 76.11470160455997
0.9998118746434094 0.019209662552209517 0.0026840519715317143 -0.5342441308112139 -0.019240530285692867 0.9997429772106007 0.011990894999826885 -1.1999867461689309 -0.002453021261076948 -0.012040282041708431 0.999924504298318 77.4750600886858
0.9998301176588432 0.018229791628770448 0.0027222181785418183 -0.537390873472168 -0.018261456728562227 0.9997600380885521 0.012098986973810844 -1.220538686966173 -0.0025010031410452535 -0.012146643490389701 0.999923099061325 78.90405900495917
0.999848668166489 0.017223443259689844 0.0024482083173186092 -0.5452241772629227 -0.017249773572356908 0.9997887684036939 0.01117425293301033 -1.2299887811551302 -0.002255232249565013 -0.011214793184357967 0.9999345690305251 80.26072562321797
0.9998499906109553 0.01717569056398545 0.002234252638193938 -0.5464991103285365 -0.017200211501331268 0.9997863650328657 0.011461983309936929 -1.2532640177049548 -0.002036908009001054 -0.011498693760884752 0.9999318131997348 81.64948032021151
0.9998642769049766 0.016366570424081052 0.0018876176616087672 -0.5567349902529076 -0.016387726383817962 0.9997961202100103 0.01179662987530943 -1.2614557625912415 -0.0016941625754997947 -0.011825962806193567 0.9999286356629877 83.05822745618529
0.9998649879313289 0.016361047080593945 0.001523812873646098 -0.5686827802887302 -0.016377088947990878 0.9998032932707378 0.01118775054897679 -1.2754577604526476 -0.001340469921150886 -0.011211195919015952 0.9999362540824904 84.42119232463735
0.9998597475846714 0.016733053388282883 0.0007000284839696548 -0.5738705040150606 -0.016740096972854376 0.9997915441779985 0.01168919947380331 -1.2879081756075599 -0.0005042865942669053 -0.011699278823047672 0.9999314339361319 85.82312516350073
0.9998699285613893 0.016123432110572097 -0.0004010634718021569 -0.584017556626894 -0.016117003633827325 0.9997886634903709 0.012762076156050801 -1.3068235428662958 0.0006067472415420706 -0.012753952497235408 0.9999184809570152 87.16705489971783
0.9998926385871665 0.014573438616522095 -0.00152517083564505 -0.588822075611149 -0.014550878862308606 0.9997977353040355 0.013883819239261446 -1.320505935676206 0.0017271974911414116 -0.013860136362486753 0.9999024519509059 88.54267978425338
0.9999190952904506 0.012452624344441474 -0.002595185082282673 -0.597906757705519 -0.012413252004233329 0.9998152998568443 0.014672333506569303 -1.3358275257313 0.002777415054404962 -0.014638932059591263 0.999888987660601 89.9312203841021
0.9999356857445458 0.010787209010778176 -0.003501494660165836 -0.6078496849588577 -0.010734115402422032 0.9998322096292831 0.014843563342201124 -1.3486060005672609 0.003661028083984833 -0.0148050235447561 0.9998836973190199 91.30024921893721
0.9999474294775644 0.009460534417176744 -0.003954306663135035 -0.6224171615732326 -0.009402552406185503 0.9998516266839311 0.014433178461845301 -1.3585255400542062 0.004090265887824084 -0.014395239420781566 0.9998880171403125 92.68157882662553
0.9999575557205029 0.008151730145475737 -0.004293719531198998 -0.6370795423480419 -0.008089205139093471 0.9998638301642826 0.014383528796272747 -1.373640443097041 0.004410385885191429 -0.014348185812287612 0.9998873326904061 94.03628705551347
0.9999594185491073 0.007861130832639335 -0.004400437682283615 -0.6550336067596934 -0.007799359090850057 0.9998732058425208 0.013883164148194065 -1.3776713641623013 0.004509017493975403 -0.01384828043824241 0.9998939413280372 95.40466709826426
0.9999593681348884 0.007940137145317081 -0.0042680529882842995 -0.6674278906023563 -0.007882403036778396 0.9998794423274495 0.013377912567777334 -1.3904922241248898 0.004373761282155541 -0.013343726757041865 0.9999014027303892 96.75995919615785
0.9999487843757354 0.009274432795499107 -0.004051357002102549 -0.6843442357914612 -0.009221362886493807 0.9998739167450388 0.01292737772111638 -1.407332755835091 0.004170740652017135 -0.012889356868838324 0.9999082304966191 98.09004711195487
0.9999373892014137 0.010527179083262058 -0.003794225385428137 -0.703248192226633 -0.010476560322374887 0.999859006123406 0.01312286464569854 -1.415861447758944 0.003931837511279484 -0.013082292850645678 0.9999066927869348 99.44140283279025
0.9999377390935924 0.010554482086511417 -0.003622266312111244 -0.7140432543980721 -0.010500251925180098 0.9998371449265478 0.014677477726210576 -1.4265764401582663 0.0037765899137166123 -0.014638529484003229 0.9998857188881374 100.78176306132109
0.9999315047370757 0.011132447020163997 -0.0036130907563135745 -0.7366821017535061 -0.011072569454027318 0.9998076263269073 0.016189767218063214 -1.4360105690619278 0.003792627751445133 -0.01614865242725479 0.9998624090413467 102.11867698659387
0.9999355879835576 0.010835673647807272 -0.003377577416170788 -0.7478118794657251 -0.010783092382160792 0.9998260891848868 0.015215660424174061 -1.450486784594783 0.0035418622605165474 -0.01517825993383752 0.9998785304477086 103.47352589271398
0.999937788932902 0.010657938065303057 -0.0032903783250595193 -0.7603095922369402 -0.010614382096586609 0.9998593812289714 0.012982784000833374 -1.4585451729514174 0.003428285643414679 -0.01294705126133675 0.9999103063437995 104.79525991618037
0.9999454870058228 0.0098467327119804 -0.0034734482788749523 -0.7760594977101156 -0.009805018314221654 0.9998819618632879 0.011828946442173919 -1.467327604903639 0.0035895150656542656 -0.011794244629820151 0.9999240027053026 106.12402554277901
0.9999600193382957 0.008319941844909041 -0.0032769297682076455 -0.7892567362510856 -0.00827680738701234 0.9998817091552203 0.012963879395987898 -1.4820289142638894 0.0033844011560151704 -0.01293623883909334 0.9999105957858331 107.4744184278099
0.9999834780560973 0.005104777643577924 -0.002642885810677716 -0.7959465417262891 -0.005064784148126443 0.9998757975236007 0.01492439249882321 -1.4863070742680036 0.00271874350435907 -0.014910760572695001 0.9998851322347733 108.81949971469699
0.9999918532461416 0.0036087765667747575 -0.0018083592775873225 -0.8088526089905719 -0.0035791782318689977 0.9998637883484095 0.016111928252836416 -1.5067189496757176 0.0018662574775911627 -0.016105324874472714 0.9998685591637549 110.15802397683626
0.9999944193982951 0.0031192182307195754 -0.0011965125307439154 -0.818986948156791 -0.0031008132044786406 0.9998813678874668 0.015087581251871776 -1.5135708328359616 0.0012434321614946098 -0.015083787192931363 0.9998854600647843 111.47729213755711
0.9999894857645291 0.004548680988078285 -0.0005812503757340762 -0.8361436349234089 -0.004540907733597515 0.999908530208308 0.012740148246113548 -1.52034907590471 0.0006391481430129641 -0.012737375143920733 0.9999186720779039 112.79744116444695
0.9999703876522249 0.0076715888283889295 0.0006087102007149652 -0.8369843428410482 -0.007677849973618254 0.9999094370913969 0.011052974605588472 -1.5401958453749358 -0.0005238612334593788 -0.011057321110043714 0.9999387287341123 114.13229923897471
0.9999479694711688 0.009984440422863082 0.002090282289284294 -0.852772104490016 -0.010006213971850775 0.9998929149715586 0.010678683933250981 -1.54344851594322 -0.001983437927411156 -0.010699044344434342 0.9999407964600036 115.45039471518311
0.9999327866295101 0.011035075176967162 0.0035565879299822426 -0.8656703974287263 -0.011079373933300824 0.9998581469226051 0.012685957851999642 -1.5543606724302714 -0.0034160931975467084 -0.012724510210085128 0.9999132048071843 116.80480629648305
0.9999275811877224 0.01117994587359447 0.004454342732412364 -0.8708109047297771 -0.011245777196883102 0.9998236693193514 0.015038709511543777 -1.5593081259518717 -0.004285425687452248 -0.015087713274438896 0.9998769904524436 118.1104262122198
0.9999300754291203 0.010525226062645159 0.005391089883106691 -0.8682576147256186 -0.010610571176238833 0.9998148162381006 0.016054564059427984 -1.573141489536315 -0.005221114053627596 -0.016110644315194666 0.9998565832704475 119.46870478894215
0.9999190048367057 0.011022955013072511 0.0063622487888258614 -0.8707621351919593 -0.01112010347076031 0.9998189346181926 0.015441544508281913 -1.5781106520453385 -0.006190885866725848 -0.015511042991822403 0.9998605305130974 120.79803672835465
0.9998890407132572 0.012706936265157637 0.007774317199348574 -0.8708894334663051 -0.012824174810051641 0.9998019132889566 0.015220865572815797 -1.5867406935098283 -0.007579367270634284 -0.015318876184715018 0.9998539319440466 122.10636171427706
0.9998574634892631 0.01436919654324705 0.008864472103298163 -0.8744983578722627 -0.014500072951491817 0.9997841313691085 0.014880812391521009 -1.589872363589937 -0.008648733943525045 -0.015007227124374536 0.9998499800142752 123.47357973114899
0.9998336801659427 0.01519990441335528 0.01007843632578538 -0.8781330493098456 -0.015341319859506687 0.9997828119733039 0.014105772640176772 -1.598719891322198 -0.009861841837106557 -0.014258043370406781 0.9998497148440117 124.80516039889658
0.9997999872585903 0.01663221218364737 0.011106527682653538 -0.8722955042890534 -0.016783380065050788 0.9997658471366977 0.013659029699108366 -1.6059881823562248 -0.010876748086224047 -0.013842703071156811 0.999845025952272 126.13704993066489
0.9998048002510614 0.015688856412706467 0.012009210802138478 -0.8647753026438493 -0.0158514968576135 0.999782273285944 0.013569676003717779 -1.6186068003836662 -0.011793704364257293 -0.013757391447232158 0.9998358078789531 127.48070648028838
0.9997963460089028 0.01543536369053733 0.013000616140220337 -0.8634411474876725 -0.01562184585487373 0.9997747519828651 0.014366741612733444 -1.6248954941455374 -0.012775932964230635 -0.014566909678357665 0.9998122727189326 128.80951995487445
0.9998008169813482 0.0143473657947699 0.013873695486140036 -0.8523579541844886 -0.01456217650875972 0.9997736936761404 0.015508206819280326 -1.633524634683652 -0.013648055006644323 -0.015707149359791082 0.9997834845880418 130.17097646811087
0.9998151073871802 0.012977470232048068 0.014189301582214178 -0.8404521600828503 -0.01320446987982692 0.999784429762897 0.016022983620632873 -1.6392536621147833 -0.013978306167158325 -0.016207383612685467 0.9997709376028286 131.49251881193646
0.9998291555604198 0.011858315895856954 0.014178857913772939 -0.8280063712055887 -0.012091515313612734 0.9997911481196374 0.016475904233335694 -1.6506731469445919 -0.013980521324355956 -0.016644533620062026 0.9997637243501661 132.83346323160893
0.9998594752053013 0.009327686726122768 0.013929252909399338 -0.8188480956091608 -0.009568314985006952 0.99980439616251 0.0173094418012584 -1.6468682890775723 -0.013765072393345361 -0.01744028921452389 0.9997531490808216 134.1736216193246
0.9998776070852236 0.00808921657938381 0.013391617250657283 -0.8019804263553822 -0.008320507436331306 0.9998156081518598 0.017306613229994047 -1.6598968820162907 -0.013249152109068825 -0.017415920412743605 0.9997605441739909 135.51136600052703
0.9998925744905197 0.008061159435527107 0.012241616560389659 -0.7949456886695074 -0.008271663777830562 0.9998171021176643 0.01724360463671627 -1.6685211490600067 -0.012100375157538163 -0.017343011108133945 0.9997763754402923 136.85283200552718
0.9999191496035177 0.006008133717609663 0.011206987990916363 -0.7861605441563674 -0.006213614888685163 0.9998115585917151 0.01839125606660046 -1.6706100913484077 -0.011094379927711895 -0.018459405393090045 0.9997680556453313 138.18673890804226
0.9999387173981716 0.004487102685252747 0.010120640089369632 -0.7741523013356104 -0.004676293219596738 0.9998133056608376 0.018747962681453276 -1.67566118475887 -0.01003462742262075 -0.018794141203841364 0.9997730174950912 139.52894431111315
0.9999549774126342 0.0034891315378690335 0.008824347526563886 -0.7735685393298776 -0.003656353267599972 0.9998126950331169 0.01900541839637996 -1.678382741108006 -0.00875638300259941 -0.019036828025935183 0.9997804383653143 140.87970313718986
0.9999674256103778 0.002816474707101258 0.007564072317449927 -0.7734502779382659 -0.00295638564679266 0.9998235683965201 0.018549713171963862 -1.6805075541842411 -0.007510493597982084 -0.01857147160328984 0.9997993263304147 142.1976650746145
0.9999760304882342 0.002229980198917159 0.006554818056864277 -0.7697277207850572 -0.0023503128808343163 0.9998277984233451 0.01840786582524282 -1.6752779964172158 -0.006512640666230936 -0.018422830830510217 0.9998090741828358 143.55110203008448
0.9999830441940021 0.0007952617864766956 0.005768785649731776 -0.7537905849004555 -0.0008886464765201271 0.9998683204026332 0.01620346125888898 -1.6874735935763827 -0.005755140498138576 -0.016208313242568977 0.9998520735293198 144.90269888496277
0.999986015117689 -0.0026300085536001966 0.004588314846788973 -0.770417564083164 0.0025583475270575043 0.9998757442520549 0.015554771093842238 -1.7060022799495491 -0.004628654281749593 -0.015542815358819784 0.999868489578369 146.21013067059573
0.9999274932783737 -0.011511997707303896 0.0035330028760103696 -0.7582426924935485 0.011445192241859822 0.9997655608823965 0.01838017489308226 -1.7002492098970678 -0.0037437674339236837 -0.018338406659337624 0.9998248281829393 147.5846754400881
0.999815365443275 -0.019122838978341068 0.0018846917386990288 -0.7495863682891317 0.01908124806186324 0.9996168714167601 0.02005034498143694 -1.7017339887768352 -0.0022673893520175382 -0.02001068110222213 0.999797195232531 148.90142523777848
0.9997506661918898 -0.02231233889927204 0.0008746353745758555 -0.7291847087663135 0.022293988652279047 0.9996032228383408 0.01721554383494686 -1.7089216946422945 -0.0012584074783878448 -0.017191752627481138 0.9998514189911084 150.2173737199038
0.9997805052126958 -0.0209240884106537 0.0010601547233753392 -0.7475725580538777 0.02090728618363923 0.999684159869362 0.013945102357528811 -1.7162041375817172 -0.0013516085399827098 -0.013919876779302938 0.999902200311889 151.6016974696538
0.9998440148813609 -0.017539298489609667 0.0020782025507346254 -0.7576983889737781 0.01751337104156779 0.9997758228284442 0.011898987762274696 -1.7273633297160063 -0.0022864367455757272 -0.011860735583378261 0.9999270449186286 152.92657232360872
0.9998460707289807 -0.017306583172607033 0.002883927735018115 -0.7634076839893902 0.017270301851758936 0.9997768659180047 0.012163676915693419 -1.7391657045734188 -0.0030937961690465296 -0.012111998490235395 0.9999218609063286 154.29344263104582
0.9997864740109037 -0.02039060225061874 0.0033510796960222 -0.7649131777474218 0.020338294459652233 0.9996811445756995 0.014965391609852748 -1.74105881596472 -0.0036551648292486865 -0.014894041139175342 0.9998823967399584 155.62723711014365
0.9996066318177136 -0.027787083224919826 0.0038025822389344596 -0.7580805621953042 0.02771181851174573 0.9994430687789169 0.01859051857010807 -1.7447227648252361 -0.004317041096620081 -0.01847782952215833 0.9998199502792395 156.9709586482047
0.9995229989309095 -0.030655310600965054 0.003745201417202041 -0.7443062372918219 0.03057546577620398 0.9993366425690334 0.01978422889094855 -1.7495644980771305 -0.004349209040933452 -0.01966028087537827 0.9997972583187524 158.31296852352455
0.9994837420326689 -0.031922272970603904 0.0036356417758101546 -0.7418352172339446 0.03184336052647896 0.9992924501041024 0.020014983377860552 -1.7589935208513716 -0.004271993483185846 -0.019888879795533096 0.9997930698587107 159.65582129813603
0.9995145902637532 -0.030793846401130753 0.004724708214959099 -0.7448451849560608 0.030690784600128064 0.999318203909643 0.020523232602243174 -1.7510208828145322 -0.005353476633340482 -0.02036826579674428 0.9997782124258091 161.0142518657663
0.9995754417328914 -0.02854131221689879 0.0058591621557993806 -0.7508816130649143 0.02841834058083259 0.999394092143728 0.020095932502759258 -1.7461406936296262 -0.006429176852298625 -0.01992089330839412 0.9997808878443075 162.36240849264394
0.9996708076612304 -0.024742781108575508 0.00678756952533172 -0.755747585862578 0.024615265655591915 0.9995300800224549 0.018267671386183192 -1.7510363786017888 -0.007236373500322428 -0.01809458031351805 0.9998100924995068 163.70454534195838
0.9997086777467988 -0.022936689814362525 0.007514513163854392 -0.7566325390694879 0.022801011378339668 0.9995838649341092 0.01766948873581279 -1.746219468043683 -0.007916666346900463 -0.017493003041182887 0.9998156436263127 165.05315057891525
0.9997517075426781 -0.020848554799882568 0.00786517900927208 -0.7554395041724864 0.020695717767325997 0.9996045542702056 0.019037393028798692 -1.7481793348003982 -0.008258971570795071 -0.018869891011985242 0.9997878357952863 166.39929068493194
0.9997696111298159 -0.020049902883201208 0.0076632936179827854 -0.7521002191827495 0.01990011446945327 0.9996186193040483 0.01914683704503724 -1.7475782480599877 -0.008044263871997054 -0.01898992575907104 0.9997873136527589 167.73529296416118
0.9998216886653278 -0.017446864055734333 0.0072248061818323125 -0.7521245426743611 0.017322724526093135 0.9997070680034451 0.01690270341520917 -1.7551223129782039 -0.007517589594061454 -0.016774536455514428 0.9998310361127378 169.11945412201732
0.9998905316520049 -0.013231480334447803 0.006622133905483367 -0.759005337676047 0.013136821604713605 0.9998137331387592 0.014139410507671698 -1.7637007920770822 -0.006807986316476791 -0.014050869159274351 0.9998781047694316 170.51128639265042
0.9999562467563825 -0.006794948278255143 0.006429095209102691 -0.7593648563056967 0.006712521191845729 0.9998960966125437 0.012756881493697808 -1.7773162552871038 -0.0065151100940986535 -0.012713168140986346 0.999897959141162 171.85468202538442
0.9999742727576505 -0.0023799678958465274 0.006766800249937192 -0.7695128147299237 0.002286511199661582 0.9999023620163088 0.013785437671633021 -1.7836858578359462 -0.0067989490155702745 -0.013769610909817402 0.9998820791006394 173.2322565973323
0.9999713946435874 0.0006754559183894098 0.007533502470317512 -0.7764603741075065 -0.0007979267101525193 0.9998673867766239 0.016265674512864082 -1.7893127686281103 -0.007521517304698136 -0.016271220725383548 0.9998393241686503 174.60690443325103
0.9999699903488516 0.0013518345644704857 0.007628299251528342 -0.7754431420985174 -0.0014915032456889353 0.9998308168999471 0.018333384539701868 -1.7915712013971357 -0.007602225597058489 -0.018344212350724372 0.9998028285823819 176.0174544187039
0.9999761475129211 -0.0014111625284816496 0.0067611414859701 -0.772031204897089 0.0012761658155973216 0.9998005743366468 0.019929449176283295 -1.7882797508632706 -0.00678791739022346 -0.019920345857732336 0.9997785274760632 177.3868541443243
0.9999775878065923 -0.004258508278061497 0.005166140064697115 -0.7725275958088313 0.004154752259326322 0.9997927236326434 0.019931075958111572 -1.7841813542145162 -0.005249946325235533 -0.019909165611745775 0.9997880091263596 178.77593247816066
0.999981278663855 -0.005329919514537705 0.00300570964074446 -0.7709602160586655 0.005280205044462026 0.9998530025046591 0.016312351240842543 -1.7909239700936646 -0.0030922115759521186 -0.01629617540321948 0.999862426985945 180.1138245614976
0.9999969745877457 -0.0020051013582520084 0.0014249171596940151 -0.78770744563637 0.001987686763267091 0.9999245785627562 0.01211966500986487 -1.807462431482966 -0.0014491109596885992 -0.012116796290007888 0.9999255388915486 181.5277642176982
0.9999981877324718 0.0016825131598757906 0.0008908869816816249 -0.8104117259464833 -0.0016923940309016639 0.9999357467905822 0.011208839892022412 -1.8090541666673126 -0.000871970783435984 -0.011210327531945771 0.9999367821148915 182.91556009126674
0.9999877018431923 0.004913725710505516 0.0006719028512706905 -0.8272564590676659 -0.004921745360672849 0.9999096885686236 0.01250564408239438 -1.8098420776489872 -0.0006103929076954539 -0.012508797470573244 0.9999215756299072 184.25647157737248
0.99997318874947 0.007269747786209229 0.0008789399100131857 -0.8293923702146653 -0.007282661088293759 0.9998500803496639 0.015709222780583825 -1.8169574289313546 -0.0007646061045102079 -0.015715202932843828 0.9998762162288561 185.70324768064322
0.999966397393939 0.008068933810229086 0.001447886335553314 -0.840844746178895 -0.008094188180941746 0.9997983498323635 0.018377807220218263 -1.8246401331929196 -0.0012993051544827273 -0.018388909510027418 0.9998300654713334 187.0673343326822
0.9999743601135416 0.0069720425375051145 0.0016339296638620327 -0.8504541242667207 -0.007001875815421111 0.9997944825750769 0.019025413324332784 -1.8223515134594108 -0.0015009479837983137 -0.019036366466810353 0.9998176653342601 188.5203059589453
0.9999786569778476 0.006368252955901135 0.0014597712600742643 -0.8531269718928263 -0.0063957823647158695 0.9997854622285862 0.0197008499022096 -1.8257173053281415 -0.0013339981856375959 -0.01970976619807874 0.9998048537457906 189.9275192019693
0.9999937133363195 0.0032128189066973753 0.0015003595303805111 -0.8532788623084133 -0.0032427443566647755 0.9997868808976096 0.020388167867084896 -1.826136965205002 -0.0014345363889171363 -0.02039290537915962 0.9997910139246234 191.28540575053776
0.9999971176764291 0.0015098571280930256 0.0018668075008203778 -0.8622661186043143 -0.0015482463537472768 0.9997837758502328 0.020736549163953545 -1.828677914956243 -0.0018350947638603456 -0.020739380080843254 0.9997832317806503 192.7432891577398
0.9999964464221267 -0.0014876513791625186 0.002212248120050435 -0.8610691783693405 0.001439487391874229 0.9997653095046982 0.021616053588353456 -1.8255269581570275 -0.002243886250495943 -0.021612792693762047 0.9997638982157279 194.12474894277554
0.999975839351554 -0.0064872874606407265 0.002497163528476922 -0.8598000963053438 0.006427448514694347 0.999708599075527 0.023268107328983142 -1.8170655956688397 -0.00264738295818553 -0.0232514952175681 0.9997261421728729 195.57771222715775
0.9999477416660225 -0.009846970984614418 0.0027479288136479972 -0.8523761690942001 0.009778506837879128 0.9996663964576048 0.023905576203914983 -1.8180139628216379 -0.0029824098422404173 -0.02387745675828814 0.9997104442291384 196.97956821153426
0.9999637633929558 -0.007972753108896377 0.002984480111824707 -0.8579024272659916 0.007911005726667522 0.9997654831333805 0.02015923371969684 -1.816657593771564 -0.0031445050431601084 -0.02013489336640043 0.9997923275179629 198.40549149868133
0.9999936267116555 -0.0012856977546913673 0.003330694147204625 -0.875528396265344 0.0012353889853177445 0.9998857850173274 0.01506289235001161 -1.8168767492127114 -0.003349680329727509 -0.015058681940082827 0.9998810007906727 199.8355894381792
0.9999505902178552 0.008763958053992929 0.004691497444183654 -0.8912650251536821 -0.00883068194106546 0.9998573827983677 0.014395594230649442 -1.8140292623041818 -0.004564666346596721 -0.014436312356762928 0.9998853717838883 201.2825504203457
0.9998634451528463 0.015362142271195407 0.0060906155524189185 -0.912845733170821 -0.015470978254902951 0.9997138590159494 0.018244148500259506 -1.8146089175955205 -0.005808604049848292 -0.018335885322554833 0.9998150106051212 202.70873422474193
0.9998329231262608 0.016865890889460316 0.007047518570422904 -0.9119901687117821 -0.017007557791750078 0.9996441589466369 0.020549902593703664 -1.8122359629078006 -0.006698418909511155 -0.020666330674392993 0.9997639891319803 204.13860081464784
0.9998549722105233 0.01570105676220066 0.006596311645726578 -0.9078395897378642 -0.015837731613246493 0.999649688034455 0.021205364881169014 -1.8101000343475597 -0.006261054754084653 -0.021306760554338666 0.9997533801660201 205.59962561889378
0.9999100354709249 0.01232444820693385 0.00529423429381529 -0.9034339677828191 -0.012435569129209043 0.9996916025628362 0.02149549728699474 -1.809301396421338 -0.0050276818308256175 -0.021559400701527315 0.9997549273012535 207.0348562045453
0.9999383962060236 0.010317159447822221 0.004093897288922182 -0.8983698515550664 -0.010401962935693156 0.9997197789807155 0.02126411751394654 -1.812790118947561 -0.0038733651127704906 -0.021305392556165224 0.9997655111563706 208.4729187207953
0.9999338516221515 0.01090663636988378 0.003652073682965368 -0.9043045474509122 -0.010979766947331064 0.9997266453582675 0.020641688221433575 -1.8054074531277136 -0.0034259442577307293 -0.020680422138324318 0.9997802673852779 209.9552413988874
0.9999190750403049 0.012221584932911433 0.0035321674717883607 -0.9110684316879591 -0.012292522627056894 0.9997078257388146 0.02081242566562441 -1.8074567759183904 -0.003276774896317158 -0.020854161087208493 0.9997771585302376 211.41902104186505
0.9999088188490116 0.013089010434283236 0.0033214101780582187 -0.917412399090648 -0.013158029742116936 0.9996782249024526 0.021686699361086356 -1.798653101498462 -0.003036484236680699 -0.021728425592600718 0.999759298677942 212.85851273348666
0.9999103620093334 0.013031742147021644 0.0030727210526169304 -0.9285471171162065 -0.01309567461180857 0.9996766796275535 0.0217954016931824 -1.8040173095261427 -0.002787695743262293 -0.02183368779029463 0.9997577300719177 214.29348440826195
0.9999108654663535 0.01306662502171747 0.0027430647278340464 -0.9303200578181801 -0.013121226807429302 0.9996947826519545 0.020932629222103368 -1.7989402404973598 -0.0024687088726810407 -0.02096675619764837 0.9997771254730715 215.76593156123135
0.999921045948543 0.01232707069008485 0.0024382720710338646 -0.9371050182093084 -0.012374862285437941 0.9997098365226222 0.020666532408330097 -1.7979204874245978 -0.0021828069361797507 -0.020695074398518816 0.9997834511821763 217.25180649884956
0.9999150100762666 0.01289877245469431 0.0018958544683782116 -0.9404530587264912 -0.012935436966635114 0.9996999655334731 0.02080032218487904 -1.7971555931327892 -0.0016269871453713902 -0.020823078492028458 0.9997818523677952 218.71821316229133
0.9998973879305892 0.014224079760955927 0.0016997442854340425 -0.9523287835151517 -0.014255977788582966 0.9996878536553775 0.02051736766847874 -1.800972800559125 -0.0014073731455341236 -0.020539494270280033 0.9997880517814788 220.20420175846812
0.9999175790309888 0.01273687344972646 0.0016146735092321487 -0.9575549146581148 -0.012767426790093336 0.9997065914635569 0.020584552880217613 -1.7937132209704958 -0.0013520170036390778 -0.020603471921984837 0.9997868117773762 221.68684802380693
0.9998977877000498 0.014248438824856876 0.0011815705426137175 -0.9674143252262962 -0.014269678279099814 0.9996879425625074 0.020503507062453363 -1.7921915415486933 -0.0008890589181464582 -0.02051827239794604 0.9997890827978615 223.16171120700685
