1.0 -6.776263578034403e-21 8.673617379884035e-19 -8.673617379884035e-19 0.0 1.0 -1.828002979293187e-19 0.0 0.0 1.0683203047244863e-19 1.0000000000000002 5.551115123125783e-17
0.9999999012251717 -0.00040226560155641466 -0.00018902894137665886 0.002860749001085376 0.00040244174430343065 0.9999994842358052 0.0009325070838607783 -0.02504134020655409 0.0001886537440151737 -0.0009325830513050247 0.9999995473489043 1.3141118653091612
0.9999987589902508 -0.0015722156774035645 -0.00010077470302896543 0.009180559223676032 0.001572353212089726 0.999997814445585 0.0013779733979107911 -0.035181870911054326 9.86080190975673e-05 -0.0013781301209956967 0.9999990455159715 2.609553686217351
0.9999968092691521 -0.0024306414425301114 -0.0006880645383683555 0.016436060459265284 0.002431507262594308 0.9999962501234633 0.0012599654552173853 -0.06668674092109055 0.0006849994904587616 -0.001261634450184559 0.9999989695262649 3.940928233468538
0.9999957383656308 -0.0029185642472180588 -7.23356668596237e-05 0.019397361539872218 0.002918654803138697 0.9999949203393147 0.001280918219026185 -0.08199145505894045 6.859686200326107e-05 -0.0012811238639404794 0.9999991770072627 5.248077486833867
0.9999949993262366 -0.003138640270882388 -0.0003876320979069063 0.02329516455418908 0.003139354601053726 0.9999933510525378 0.0018553451834990033 -0.09269480245041559 0.0003818062903062965 -0.001856552792634376 0.9999982037156202 6.57866089878591
0.999990439710674 -0.004366121749187697 -0.00023972100102204966 0.03337126732205689 0.004366818434882356 0.9999860099501356 0.002985097134684187 -0.12319066865726325 0.00022668436721466883 -0.0029861153702805173 0.9999955158534561 7.911722890578505
0.9999893553695655 -0.0046137754930961755 4.7129511309823395e-05 0.03194498401442961 0.004613581059853889 0.9999831390379446 0.003526544260237032 -0.13144166874262198 -6.339940710196803e-05 -0.0035262892336862255 0.9999937806116737 9.22693639455873
0.9999924855727894 -0.0038263888649565955 -0.0006225307229898282 0.035035890280258136 0.003827987866064425 0.9999893260190228 0.0025873461898321946 -0.15014512963486545 0.0006126239353971804 -0.002589709749210371 0.9999964590405547 10.566634414997903
0.9999994333444542 -0.001024866179933869 -0.0002880275383939455 0.03007562493941155 0.0010249726654561638 0.9999994064681296 0.00036945201628927764 -0.16552894413564112 0.0002876487522876642 -0.00036974702173709386 0.9999998902725877 11.884272485591211
0.9999969504987617 0.002385578170676094 -0.0006387559194215133 0.03362411329699257 -0.0023859136897345923 0.9999970160717953 -0.0005246556595298536 -0.18985963360694103 0.0006375024605753217 0.0005261780680015213 0.9999996583638956 13.238607371464758
0.9999871428522563 0.005048505630908944 -0.0004761495167521987 0.030584717466695277 -0.005048742374442843 0.9999871318755238 -0.0004962720604355429 -0.2033820246650791 0.00047363799878460695 0.0004986696278366309 0.9999997634980744 14.57468550671453
0.9999844714483981 0.00557087681932049 0.00014896487926296768 0.027665237819096467 -0.005570951873084036 0.9999843548592352 0.0005045150188418884 -0.22244439309571043 -0.00014615196790676924 -0.0005053370543842888 0.9999998616368123 15.907373180609529
0.9999935413499416 0.0035940585731681035 3.214934687833723e-07 0.036665544800580624 -0.003594041827333907 0.9999884999730303 0.0031753407246674853 -0.24105042161427126 1.1090872998951833e-05 -0.0031753213264214953 0.9999949585918186 17.275298618697523
0.9999995196262149 -0.0008121639406239507 0.0005487596889191546 0.047151343481722924 0.0008092698074896884 0.9999858707221863 0.005253897847694349 -0.2602461654564748 -0.00055301900832535 -0.0052534511529691505 0.9999860476109715 18.616225868953446
0.9999958922050443 -0.0028662005022374133 2.1608385176450848e-05 0.060413756933834786 0.0028661075359077614 0.9999897605089313 0.003502043456988569 -0.28682318561552744 -3.164572630744069e-05 -0.0035019670880805506 0.9999938675923801 19.97499983682398
0.9999926913424018 -0.003790978936655639 0.0004957209334380836 0.0606606880451476 0.0037903319534184914 0.9999919711783661 0.0013003710444953066 -0.2935535437808938 -0.0005006466759055837 -0.0012984825740905363 0.999999031646923 21.31891101290426
0.9999985510938867 -0.0016166692970165442 0.0005330951495176334 0.0644086177971581 0.0016163362928932326 0.9999984985402929 0.0006247998530123287 -0.3337407912723433 -0.0005341044891444026 -0.0006239372773475426 0.9999996627169598 22.685637213459696
0.999998895554034 0.0006603530413459701 0.0013314747081037085 0.06227322510685128 -0.0006627777309327949 0.9999981216323595 0.0018213892573855934 -0.3221744283305987 -0.0013302695583402501 -0.001822269691281647 0.9999974548539385 24.048737580155166
0.9999970060168024 0.000964842405950101 0.0022487856548308706 0.06666004408217005 -0.0009789034750499088 0.9999799268372818 0.0062600060407619635 -0.34021942374140535 -0.002242700782775645 -0.006262188551994184 0.9999778773964155 25.423452249353968
0.9999967310969126 -0.001075829425046552 0.0023195660957026024 0.08675848227492695 0.0010590329051248532 0.9999732996147259 0.0072303881628936325 -0.3463772944447521 -0.00232728302202272 -0.00722790792574512 0.9999711701316067 26.79873670470248
0.9999871570144532 -0.00442744202599651 0.0024664877409333406 0.08734908937460896 0.004410901840594778 0.999968015686943 0.006671698090251016 -0.3857960909765842 -0.0024959476191376024 -0.006660732873083877 0.999974702118619 28.16486154958322
0.9999848283983456 -0.005036844854022255 0.002230059416437909 0.09467507219396956 0.0050282167365259395 0.9999799159437174 0.0038580760891137747 -0.37540791425872444 -0.002249447348680214 -0.003846804277144486 0.9999900709907388 29.540438386274886
0.9999832042927895 -0.004966209786681781 0.002987957607200959 0.1022858153790147 0.00495907822305518 0.9999848485051535 0.002389624972960019 -0.4162767255426377 -0.0029997799671038425 -0.002374767286656249 0.999992680872361 30.925744495811973
0.9999921703523308 -0.002246557871903376 0.0032576389670333356 0.11130703030600315 0.00224333009013997 0.9999969894959734 0.0009942184445481351 -0.4122442339222629 -0.0032598630029831927 -0.0009869026859209687 0.9999941996407753 32.30855535457102
0.9999931000243196 -0.000588992954961282 0.003667831963418766 0.1124987169597444 0.000590884445872825 0.9999996930113011 -0.0005146188340758128 -0.4423390482454288 -0.0036675280379315214 0.0005167825407047102 0.9999931410634605 33.69396062538432
0.9999926433302614 5.081201963734157e-05 0.0038354535261991207 0.11627742049012443 -4.915437480041074e-05 0.9999999053570362 -0.000432284003268959 -0.4556198882518523 -0.0038354754496236114 0.0004320922875094156 0.9999925511844477 35.08898658489383
0.9999939367710324 -0.00024391698583020762 0.00347374812090658 0.1326883784276968 0.00023941512067608388 0.9999991311023201 0.0012963317329993933 -0.48640386928903123 -0.0034740615909383404 -0.0012954921864086722 0.9999931262737602 36.4766514789504
0.9999940630099499 0.0009638325612944773 0.0033083185946444003 0.13478446604179833 -0.0009735231505901579 0.9999952372675366 0.002928770600576314 -0.5000481065753921 -0.0033054802700205345 -0.0029319738949600167 0.9999902386156947 37.880141426359614
0.9999889451799601 0.0034401411307217293 0.0032054556770227684 0.14180009809348076 -0.0034506799171850036 0.9999886410324944 0.003287950390710789 -0.5142982119885716 -0.003194108519248415 -0.0032989749974285556 0.9999894571603395 39.26485917539631
0.9999767450451644 0.005867909536640055 0.003475198341412484 0.1464817211641275 -0.005879221310063313 0.9999774241280951 0.0032536128843891027 -0.5326665588330894 -0.0034560282670388852 -0.003273968635630899 0.9999886684333735 40.66457149445417
0.9999633992987703 0.007868701162209118 0.0033591068986436683 0.15291611212732759 -0.007881164882227213 0.9999620488865669 0.003713224425160631 -0.5465756375475683 -0.003329761439485251 -0.0037395621412251814 0.9999874641016787 42.08933970274079
0.9999521384694314 0.009282044222767698 0.0030926392298275965 0.15919371780493366 -0.009294090071340844 0.9999491904995885 0.003903372958891378 -0.5632395908815238 -0.003056251066575303 -0.003931929349888183 0.9999875995518966 43.480275355184986
0.9999610529483055 0.008403970573379793 0.0026955256679296056 0.16514171132579447 -0.008414843077178128 0.9999564028418886 0.004047572307003596 -0.5859235076752128 -0.002661392691980618 -0.0040700970341737645 0.9999881755778316 44.903980006202126
0.999967830875867 0.007800968721621119 0.0018660372118957146 0.1791062486515355 -0.00780765764350418 0.9999630246980916 0.0036041264567808606 -0.6019812134944126 -0.0018378526879671356 -0.003618579843985574 0.9999917640531851 46.30234657498866
0.9999734561379233 0.00720068852150055 0.0011122498044129877 0.17604805158029807 -0.007205255463383726 0.9999653993356764 0.004157455167277087 -0.6187453133514906 -0.0010822748681856877 -0.004165358797402166 0.9999907391889413 47.73296783126305
0.99997200061464 0.00748153725459996 0.00015678525950320842 0.18048541126040585 -0.007482238533619345 0.9999590807962756 0.00508456970620518 -0.6315034645533565 -0.00011873845355685284 -0.005085600373876777 0.9999870611992732 49.13166277714292
0.999966839329371 0.008084334459271817 -0.0009817184342423404 0.18672556692214767 -0.008079015456121105 0.9999532813662653 0.005307033512745586 -0.6477470045562103 0.0010245764923055636 -0.005298926134365903 0.9999854357045014 50.558168539199514
0.9999624090854926 0.008425914211160372 -0.002045575103926559 0.18567148592492067 -0.008414531520780514 0.9999494099317691 0.005511192948939427 -0.6626686158880185 0.0020919086353434575 -0.0054937731440251915 0.9999827210365756 52.00493907708178
0.9999587491486576 0.008492644082388324 -0.00322102286721101 0.18834365431005268 -0.008470829127441622 0.9999414934709459 0.006727161473502657 -0.6774127334637158 0.0032779660819847864 -0.006699599142650547 0.9999721847663672 53.410386042414956
0.9999671550100043 0.00709665068583258 -0.003914900058100606 0.18768440924166124 -0.007066277584074476 0.9999452444485085 0.0077185385399441715 -0.6911330029019609 0.003969461802381052 -0.007690621144089528 0.9999625481566391 54.86535076129073
0.9999769865247022 0.005154563271561963 -0.004410996767485739 0.18813706641236283 -0.0051185066103227456 0.9999537126159976 0.008146994839530646 -0.7017619887186914 0.004452787169105413 -0.008124229516093054 0.9999570838680111 56.267522696495234
0.9999821283125956 0.0032947583260022105 -0.00498874913014929 0.18975286194246643 -0.003255376138574695 0.9999636383333942 0.007881912509665441 -0.7177142343415901 0.00501453714890833 -0.007865531278438455 0.9999564929697784 57.69410794287192
0.9999851079455164 0.0022842618627608425 -0.004956413061087761 0.18727371350333022 -0.0022441576673301582 0.9999648223065133 0.008081949831904219 -0.7326703996678653 0.004974700413112882 -0.008070706386255972 0.9999550570158201 59.150079173374635
0.9999891662476275 0.0011050019182311025 -0.00452176453871341 0.18778350520870127 -0.0010653592618292175 0.9999610617509287 0.008760136933119078 -0.7423091752029021 0.0045312688171015355 -0.008755224597653332 0.9999514056399219 60.54798729744703
0.9999918737969009 -0.0006916662188919955 -0.003971641360647262 0.1834081951872628 0.000730349877137948 0.9999522323558117 0.009746774035027604 -0.7553506112426422 0.003964710462127049 -0.009749595377210783 0.9999446116937855 62.00414564170459
0.9999907208949536 -0.0022943566941538637 -0.0036461004255967057 0.18964321829836595 0.0023287677733587484 0.9999525257881673 0.009461660484719034 -0.7672490865715758 0.0036242192084693613 -0.009470063472551736 0.9999485901422068 63.40601506284658
0.999988999189636 -0.0034869189117874297 -0.003137338519668845 0.18954258950548086 0.0035140313014887653 0.9999561698997493 0.008678126062552105 -0.7765478811458755 0.003106941346864323 -0.008689055175376843 0.9999574227087523 64.82007980401792
0.9999914099901154 -0.003351842483442336 -0.002438256632960837 0.1877559847429111 0.003372521021490866 0.9999579603413542 0.008526644134565152 -0.7985131924705468 0.0024095743620234904 -0.008534793838100107 0.9999606748466636 66.27276011128326
0.9999962845150037 -0.0019183947534020245 -0.0019366766212014904 0.18790424716705445 0.001934681090516752 0.9999624875940782 0.008442773311324389 -0.808197174752157 0.0019204075599144948 -0.008446488671264046 0.9999624837252185 67.6507720415261
0.9999988463824558 0.0009293683898663216 -0.0012014605609245955 0.18501850877281634 -0.0009176990415648095 0.9999527552015818 0.009677045085908881 -0.8240244254203375 0.0012103974396658395 -0.00967593120314105 0.9999524545125652 69.10699474829404
0.9999906633252503 0.004291428579553571 -0.0005068540619090657 0.18260966190269584 -0.004285511973107768 0.9999286647349139 0.011148983816777699 -0.831153527348363 0.0005546630211047425 -0.01114670743258531 0.9999377196869872 70.47791248537197
0.9999688951075766 0.007876465852529277 0.00041242824047022734 0.17411462089484692 -0.00788088252953655 0.9998956733446264 0.012105128421698329 -0.8458909241132059 -0.0003170396062925256 -0.012108002017655476 0.9999266451905998 71.91891069381616
0.9999203854004154 0.012590318242889916 0.0008406734919522343 0.17578223530394171 -0.012599404680141129 0.9998503438200084 0.011855167260768766 -0.8513535527356574 -0.0006912874047131489 -0.011864815232482152 0.9999293716410511 73.29518768734619
0.9998663058986126 0.01626608885796656 0.0016687289641420374 0.17312797644702 -0.016284197538471278 0.999801483370782 0.011481236702764531 -0.8653599511981828 -0.0014816429955288053 -0.011506875477688146 0.9999326960052027 74.69248741380048
0.9998375664673186 0.017847306416713036 0.0025128277998699737 0.1710698135206573 -0.017875093811689457 0.9997740077697123 0.011507147812678246 -0.8704507955216962 -0.0023068885140973324 -0.01155019553479039 0.9999306332130475 76.12184741758843
0.9998360262342518 0.017883198528454394 0.0028481263181231375 0.1745649374802032 -0.01791608155077074 0.9997678250995857 0.011971213790294333 -0.8806883711584803 -0.0026333816759514603 -0.012020277917996876 0.9999242862380078 77.49180149742814
0.9998528476863651 0.016910037763544918 0.0028867921046312984 0.18307512267685855 -0.016944133926471826 0.9997816918415633 0.012225588859050254 -0.8965812525000529 -0.0026794269433937897 -0.01227270385289017 0.9999210975872014 78.90448565596604
0.999867300742798 0.016076827105380182 0.002629925969092761 0.18962714002828723 -0.016105753518428703 0.9998055987084534 0.01137407272127307 -0.9007403538099247 -0.0024465559065808377 -0.011414920167455067 0.999931854653738 80.27628125653936
0.9998743136920129 0.015680333316251356 0.0023417818700481475 0.2009436923488323 -0.015706222633878435 0.9998107566240378 0.01147891735924032 -0.9144936335761714 -0.00216134562841404 -0.011514255000148806 0.9999313728982906 81.65660580414196
0.9998826788769283 0.015186409725535905 0.0020003548036710995 0.20643368550312552 -0.01520872284574259 0.9998164030504761 0.011655684174737124 -0.920429923252837 -0.0018229796963394954 -0.011684739392259554 0.99993006935465 83.08220271060902
0.9998862696266696 0.015008179453375849 0.0014840282431029762 0.21072086161075676 -0.015024046027587239 0.9998229411896845 0.011329798932639518 -0.9337097089700135 -0.001313725931909886 -0.011350806337488159 0.9999347145235593 84.45594852133152
0.9998810732988404 0.01540145134183548 0.0007965753413672338 0.21228759990056761 -0.015409751343093251 0.9998122558552696 0.011747026807361501 -0.9384719923169449 -0.0006155045732463204 -0.01175790463281008 0.9999306840087189 85.84968786705087
0.9998952119548032 0.014473069112576632 -0.00030880349987340815 0.21499086262228645 -0.014468043907429156 0.9998162517393197 0.01257531292736163 -0.9488087193760767 0.0004907501771638564 -0.012569527223036689 0.9999208799392991 87.20450977131944
0.9999155627264948 0.012916051881460772 -0.0014293369144366434 0.2215072304444381 -0.012895291766547268 0.9998231476917634 0.01368885746782295 -0.9577952472284856 0.0016058902652655582 -0.013669269705985032 0.9999052815994692 88.57279741190712
0.9999391931392181 0.01071161059625546 -0.002621337374425106 0.22469372375502678 -0.01067258104962473 0.9998382547366763 0.014476201276105136 -0.9627030214178229 0.002775977052804572 -0.014447344380985204 0.9998917782340762 89.96714381097642
0.9999498569118719 0.009444088487409547 -0.0033305920727443507 0.22808534293909016 -0.00939455722485323 0.999849476749649 0.014586506097886842 -0.971999250432483 0.003467847289294724 -0.014554485038636709 0.999888064229847 91.32355824990206
0.9999634169780617 0.0076390569589670785 -0.0038483120770980888 0.22522103923237025 -0.007583349191591585 0.9998691579231468 0.014288452256586091 -0.9751799354962543 0.00395695919069362 -0.01425874624251475 0.9998905093155229 92.72876780435843
0.9999688371181304 0.006706361479640371 -0.004165273196966667 0.22471335574352758 -0.006646453605564853 0.9998766026992723 0.014233904821133474 -0.9831147154431886 0.0042602172836524186 -0.014205776752139848 0.9998900171747149 94.06931861878766
0.9999676293045029 0.006831803673039275 -0.004250505138396701 0.21870787732769204 -0.006773125788539957 0.9998836264645731 0.013669612725651516 -0.9886440949362186 0.004343398968685415 -0.013640380828584934 0.9998975321937054 95.45211166866258
0.9999688245255551 0.0066796860748637235 -0.004210910043304154 0.2195436015604827 -0.0066229481027089655 0.9998889891401355 0.013347133443412554 -0.9949191199046395 0.004299597610410093 -0.01331882850991246 0.9999020563328344 96.79173388229123
0.9999626916645128 0.007685363455783787 -0.0039434070233858596 0.21289798862505743 -0.00763429528925213 0.9998888548792176 0.0128060704743669 -1.0051625661447063 0.004041388380160791 -0.012775487383991773 0.9999102230167939 98.12940385500485
0.9999546857455587 0.008773590577927613 -0.003694665573812219 0.20771581516966786 -0.008724869482921248 0.9998773922862982 0.013002963756427283 -1.0051659514071798 0.0038082955816709993 -0.012970138875753667 0.9999086320125868 99.4860808725165
0.9999481883822781 0.009535023881086863 -0.0035642473506707394 0.20771607853459628 -0.009482375843268496 0.9998497981666241 0.014507435222763345 -1.0150248936497033 0.0037020410489158693 -0.014472885828328204 0.999888409002259 100.83097219406586
0.9999435557435307 0.01000548406912038 -0.003574297581627927 0.20148906151409696 -0.009948059329168408 0.9998266582437331 0.015738157619882752 -1.0172293502136633 0.003731146207982136 -0.015701711741398602 0.9998697589107166 102.17270984676907
0.9999480392468493 0.009621408685054124 -0.0033685738694975076 0.20194068437713708 -0.009570063321769129 0.999842581718112 0.014940739411069263 -1.0261696471666841 0.003511794851844342 -0.01490772539971031 0.9998827066255506 103.51344457716871
0.9999477551239396 0.009722655380663787 -0.0031554688348827747 0.19859196615349262 -0.009682097888828114 0.9998734411815065 0.01262373244459376 -1.0351441030796176 0.0032778059606278455 -0.01259252118061047 0.9999153386108577 104.87098953314734
0.9999524533982278 0.009175357566056365 -0.0033020820562233094 0.19625595861054013 -0.009136437216869069 0.9998908025381901 0.011615013256411006 -1.0385736096641072 0.003408293665716186 -0.011584291570605516 0.9999270911997332 106.18789828884744
0.9999702060823659 0.007021657792997192 -0.003206752634275345 0.19418786370762575 -0.0069800248542692235 0.9998935241946262 0.012814817321684064 -1.0495351991262232 0.0032963927331798705 -0.012792052121075943 0.9999127447873378 107.54195635026396
0.9999876845445211 0.004184411529267243 -0.002668605642866582 0.19772359692227903 -0.004144685439031097 0.9998830304680401 0.014722329299383946 -1.0493763546300745 0.002729898011867693 -0.014711087243996052 0.9998880595131481 108.85837628111965
0.9999950216650286 0.00259017164175411 -0.0018021249649290815 0.1998171648173982 -0.002561609526819904 0.9998738576398006 0.015675043238851022 -1.059067124559683 0.001842498848320679 -0.0156703486363087 0.999875514930655 110.20417160060344
0.9999973131022064 0.002073679488327555 -0.0010361664101870482 0.2035251688047044 -0.002058269747191966 0.9998904449920579 0.014658156542945425 -1.0610346066355436 0.0010664493015639116 -0.014655984236144406 0.9998920265703042 111.54195201308637
0.9999930074598345 0.003710742627086805 -0.0004641325625712959 0.2014207530944564 -0.0037046574908141338 0.999915147036036 0.012488965261633561 -1.0640245049528048 0.0005104365593778023 -0.012487158299736548 0.9999219021109319 112.83853882984575
0.9999785836204216 0.006508640583664274 0.0006854883740571461 0.2075636416089941 -0.006515636527727633 0.999920971055949 0.010751657392327118 -1.078261504818179 -0.000615455576204604 -0.010755893369320443 0.9999419642972702 114.196786510447
0.9999580963605217 0.008897445463549565 0.002154293374013773 0.20413017606281503 -0.008919733855465814 0.9999043835032173 0.010567034397721053 -1.0798752229692752 -0.00206006794509918 -0.010585807172464257 0.9999418467075613 115.50736071319788
0.9999422688811527 0.010124360438744304 0.003599475069927688 0.20487053160791557 -0.0101689955618658 0.9998688312821057 0.012606021626829559 -1.085345724305291 -0.0034713753118351845 -0.0126418967319649 0.9999140623017387 116.85938668810013
0.9999406567297655 0.009912761740960176 0.004518867549124255 0.21501171109744022 -0.00997906754054975 0.999839274468778 0.014894410507651761 -1.0863631668238114 -0.004370496871562657 -0.014938620494658038 0.9998788608430504 118.16953092451678
0.9999404591735053 0.009508204649945924 0.005354637526351707 0.22524278174126056 -0.009591243895463378 0.9998307183299823 0.0157016797852881 -1.0936823594645642 -0.005204436732065834 -0.01575210230248035 0.9998623830791614 119.53507929277458
0.9999278091937595 0.010162885537190004 0.006410315707151689 0.23732552114315897 -0.010259686288910566 0.9998310286585919 0.015252966705693156 -1.0949913475591755 -0.006254218912895311 -0.015317633190013107 0.9998631180545354 120.86863706299413
0.9999026265649223 0.011596770052527608 0.007762235356399491 0.24853356521712366 -0.011712849781108254 0.9998176890953779 0.015079713176415705 -1.0949149294278615 -0.007585944881212215 -0.015169162492180255 0.9998561646243104 122.16133062998581
0.9998730434817217 0.013261392083081408 0.008833593736859548 0.25520959104188157 -0.013389827016079636 0.9998031380419727 0.014642326489684863 -1.0915593599501447 -0.008637677824315836 -0.014758747631764702 0.9998537742486789 123.53286921519663
0.9998453799813466 0.014388588827969891 0.010108640690805238 0.26971621475080565 -0.01452874139960615 0.9997974060688811 0.013930632603223029 -1.09656234209929 -0.009906151421333314 -0.014075344273966313 0.9998518654475883 124.8432446787202
0.9998134755828494 0.015773583465371256 0.011144867751454289 0.2832478659962878 -0.015921527614021023 0.9997846129402457 0.013312878099137272 -1.098888762930095 -0.010932476407172058 -0.013487838049660047 0.9998492682288845 126.19436352491186
0.9998148560238531 0.015000810885049894 0.012051112700402267 0.30224004381072533 -0.015158829880821194 0.9997988899278417 0.013129722392264792 -1.1058458831515523 -0.011851733604814764 -0.013309972080680448 0.9998411779121966 127.5401648590407
0.9998052065663976 0.014819515236304062 0.013035753152867025 0.3192325443626117 -0.015004199361647876 0.9997867992172336 0.01418556123607561 -1.1091729965997992 -0.012822751847734178 -0.014378388815650752 0.9998144022595552 128.8653203169494
0.999819733163918 0.012989451755962689 0.013848295634017144 0.3405881802975457 -0.01319922777369657 0.9997978685489343 0.01516583207127526 -1.1064696768040576 -0.01364850175222265 -0.015345884763328623 0.99978908886658 130.2372996728406
0.9998240181127188 0.012257440612591163 0.014201687524423376 0.36513906198909674 -0.012479970292387519 0.9997990491113674 0.015687949755407753 -1.1124954675842293 -0.014006540738806573 -0.015862425371457243 0.9997760750657473 131.5638244489198
0.9998432490689344 0.01058989798005368 0.014189127167496986 0.38950123200677345 -0.010817753748005159 0.9998122024483401 0.016079056748801546 -1.115250487083609 -0.014016188083548358 -0.01623003059229038 0.9997700398462482 132.91436759840957
0.9998642717931718 0.008781442015048564 0.013940023288592706 0.4125830173949895 -0.009014734840767537 0.999818873032895 0.01676173341200626 -1.1126350646916214 -0.013790307336135819 -0.01688512374278217 0.9997623317639716 134.26102423973649
0.9998859309280984 0.006971337831858288 0.01339871510014729 0.4350042678358954 -0.007196111127975222 0.9998329516256693 0.016801334747283247 -1.1158010949636397 -0.013279350195595601 -0.016895836634125565 0.9997690681133369 135.58514191221212
0.9999031598598194 0.006720757090112504 0.012186152567236949 0.4560354006645735 -0.006926752908921904 0.9998324909784195 0.01694137240537813 -1.1162898962761982 -0.012070253436443704 -0.017024142023002932 0.9997822200667016 136.92889550467734
0.9999285278262308 0.00439995764429128 0.011116636365786914 0.47978849587070654 -0.0045974035927722565 0.9998310228337015 0.017798586429519557 -1.1107554695071953 -0.011036445804324743 -0.01784842173219729 0.9997797911011276 138.27427531880923
0.9999451676296711 0.002983621675793947 0.010037914642306347 0.5001499626055073 -0.0031668978690277522 0.9998276666471959 0.01829228754445454 -1.1120148243538797 -0.00998160834404395 -0.01832307332068143 0.9997822925344556 139.61144318857612
0.9999599022172191 0.002012211198719476 0.008726107978008185 0.517331955374486 -0.002171771011988905 0.999829915816055 0.018314553457344562 -1.1100102066408957 -0.00868777178232691 -0.01833276992760207 0.9997941948987338 140.94799058633234
0.9999692564497844 0.0022000232527799794 0.0075263570646061356 0.5291589167626276 -0.0023362638476858923 0.9998327067108058 0.018141126779893758 -1.1118701960481503 -0.0074851876808946435 -0.01815815235061839 0.9998071081226698 142.28928032034722
0.9999775089120134 0.0015418907166336638 0.0065271924959768 0.5441459849185044 -0.0016565181582838102 0.9998438646951733 0.01759267450786617 -1.1027405330743305 -0.006499047933000769 -0.017603090987729563 0.99982393127369 143.62798362845464
0.9999839849740009 0.00018120006399041308 0.005656585681027303 0.559593680405518 -0.00026932316874217894 0.9998785573928498 0.015581975025476825 -1.1060287912398747 -0.005653075749002924 -0.015583248703670897 0.9998625930997881 144.9859307795774
0.9999809962033899 -0.004121393351620442 0.004584904280056963 0.5708450333660426 0.0040519142336168466 0.9998783603226661 0.015061426399722083 -1.1153890261632138 -0.00464642102700617 -0.015042562317866595 0.9998760583574939 146.31501319152758
0.9999154853438125 -0.012500527891970589 0.0035719682272922627 0.5906183982895248 0.012435368137340764 0.9997657138308329 0.01771663343017278 -1.1122769286007923 -0.0037925989569686726 -0.017670717116734073 0.9998366676274184 147.66618031698002
0.9997937831467788 -0.02021842662941097 0.0018990434308488327 0.6147124739796563 0.020179047280202804 0.9996183736406119 0.018865661656561172 -1.1051222958445053 -0.002279752899969697 -0.018823450075389183 0.9998202240577689 148.98445281153442
0.9997358013538865 -0.02297270464727022 0.0007630733287722425 0.6370683694214565 0.02295750387401136 0.9996075058413247 0.016055757493012725 -1.1108271332936235 -0.001131618104675481 -0.016033997087949448 0.9998708068357245 150.3197825086931
0.999774199903432 -0.021212440749048763 0.0012575854142507165 0.6405997999974176 0.021194321360777663 0.999690846068851 0.013000503227280238 -1.126225853722035 -0.0015329691671270912 -0.012970913850935531 0.9999146990555191 151.69719095681467
0.9998173471409485 -0.01899593759631702 0.002103966696508977 0.6384846442704348 0.01897166357573233 0.9997593704454013 0.011012594282891837 -1.1161102457142857 -0.0023126551741533457 -0.010970666890082933 0.9999371460666868 153.0280159235246
0.9998234232405834 -0.018551443761960183 0.0029943681149910807 0.6467694301753345 0.01851609570195575 0.999763222079834 0.011430398957088663 -1.1293852536178626 -0.0032057097932396837 -0.011372936439324825 0.9999301874286399 154.3873392276532
0.9997706251026109 -0.021141805667757196 0.0034236225620149063 0.6595435121202478 0.021091823884684495 0.9996790809701911 0.014031040321226767 -1.133640307547933 -0.0037191657031638687 -0.013955611302369044 0.9998956989139215 155.71930354912251
0.9996151784797035 -0.027467906970496506 0.0038741406440506213 0.6806232240500765 0.027396304210255205 0.9994721285754287 0.017461580893932235 -1.1350496066258768 -0.004351729049665614 -0.017348723909466218 0.9998400293127488 157.06988724983214
0.9994997828240387 -0.03139171214314727 0.0038398498427782246 0.7014781245838188 0.031314552190953034 0.9993340624860626 0.018730469593248696 -1.1320862557038314 -0.004425274634243387 -0.018600856836678246 0.9998171958167942 158.42010280555377
0.9994602440597494 -0.03263529898413166 0.0037626719008640565 0.7213279995558946 0.03255811939167384 0.9992889310147604 0.019015818053136943 -1.1333003618135133 -0.004380583667607088 -0.018883048351402462 0.9998121028237876 159.75471764177647
0.9995067745701982 -0.03103610297341228 0.004792473864056626 0.728785456058469 0.03093746239645411 0.9993322104025211 0.01944239661367417 -1.1283269955513362 -0.00539269018585174 -0.0192845398638064 0.9997994925963714 161.1124256419946
0.999576029427283 -0.02851879805129543 0.005868515272194664 0.7335932430663523 0.028402775904843247 0.9994162396090563 0.018985848014245906 -1.1205673421386468 -0.006406543577427232 -0.018811116171106652 0.9998025295477887 162.46321691495572
0.9996761608389777 -0.02450921311494996 0.006846302823581049 0.7416262756243965 0.024388823253839124 0.999555479294379 0.01714727931686279 -1.121765011700972 -0.007263526440339226 -0.01697475283610913 0.9998295349383747 163.81378626636467
0.9997394711664953 -0.02155355865168568 0.007512246910331782 0.7518069874411284 0.021426736390268413 0.999633054202163 0.01657262728620124 -1.1170229519254549 -0.007866690083589232 -0.016407346462817607 0.9998344433733374 165.1674410357334
0.9997592317103884 -0.020465427443912235 0.007914849712736285 0.7635712234339458 0.02032204657648376 0.9996351883669372 0.017790577830450023 -1.1107973319679123 -0.008276054763625964 -0.017625448219642945 0.9998104072663091 166.51523278327684
0.9997879903877426 -0.019098936960444436 0.0076944685018849705 0.7760376938549458 0.018959405824036667 0.9996615013995931 0.01781638580288257 -1.106313325675838 -0.008032138643832978 -0.017666725747282053 0.9998116680331871 167.85190839306904
0.9998305545955585 -0.016927421796783658 0.007233564726775498 0.7865459823920049 0.016812464827899134 0.9997358898881152 0.01566816960101997 -1.1038381125524368 -0.007496876618666508 -0.015543900420687302 0.9998510809054787 169.25606554455524
0.9998973959045762 -0.012600502693022922 0.006813587765565508 0.7955215058464821 0.012511743171184737 0.9998382984489815 0.012916395184031584 -1.1131938643819572 -0.006975239658797359 -0.012829819860510874 0.9998933651864353 170.63175238856047
0.9999602006808849 -0.006124061022746407 0.006487906142950829 0.8035500853414022 0.006046811712945065 0.9999113819395463 0.011860200250921493 -1.1250752510861353 -0.0065599643389294944 -0.011820496903785099 0.9999086171802889 171.96995299082616
0.9999743216981269 -0.0021047300950670102 0.006850259402572266 0.8094134156477155 0.002017069841955781 0.9999163170340815 0.012778512048221379 -1.1216495852120054 -0.006876582048064746 -0.012764366280813504 0.9998948862568432 173.35142030348453
0.9999714041783618 0.0007125518209848286 0.0075288175423385015 0.8125124273778868 -0.0008271607831335673 0.9998836661204881 0.015230562852716324 -1.1204617415211247 -0.007517089749759161 -0.015236354644351885 0.9998556630066154 174.72368117595997
0.9999704286131746 0.0010406495409679367 0.007619642098542744 0.8229970573404104 -0.0011721839990717668 0.999850028997561 0.01727846969677043 -1.1189868274002737 -0.007600519177758463 -0.01728689012085206 0.999821681863007 176.11413127023368
0.9999758086969663 -0.0014909704146417791 0.006794043465948094 0.8408366555755307 0.0013654645940759714 0.999829031125604 0.018440283164498653 -1.1124881978930512 -0.0068203763843331655 -0.018430559777006757 0.9998068798100095 177.50644524798335
0.9999771605448357 -0.004322809265407336 0.005195354333502147 0.8538124463472992 0.004224531437106112 0.9998146974007376 0.018780953541627107 -1.1010089458775894 -0.005275578544183222 -0.01875857638465573 0.9998101240059598 178.89645821453692
0.9999841869717628 -0.004709446468616774 0.003073583998889788 0.8645305429378155 0.004663182108088175 0.9998782658711836 0.014889868605347734 -1.1081550286212667 -0.003143333142873296 -0.014875300253170236 0.9998844157625879 180.23134430973636
0.9999973449500177 -0.0017116215375879212 0.0015428689958126244 0.8648777820985323 0.001694500250856504 0.9999377211386069 0.011030980145563649 -1.1211484166055858 -0.0015616539022861144 -0.011028336305805455 0.9999379665886087 181.6498450000438
0.9999974702523486 0.002023992352522227 0.0009812969772124806 0.8609157173783479 -0.002033688933397456 0.9999481006182568 0.009982994953883223 -1.116903472249376 -0.000961040622827705 -0.009984965208009641 0.9999496871652256 183.03658056313753
0.9999850896275911 0.005413651437044939 0.0007161689540876254 0.8601728564016936 -0.00542158205002236 0.9999182771067698 0.011577805016343697 -1.1181287515090461 -0.000653432278713905 -0.011581514989017811 0.9999327184997847 184.37724898970416
0.9999711875257087 0.007537010247033441 0.0009042066470534415 0.8631239498977044 -0.007549424660900901 0.999864676900165 0.01461622706897158 -1.1186442911954717 -0.0007939216976133832 -0.014622631968940267 0.9998927684051052 185.8238838333624
0.9999688885746681 0.007776823492195468 0.001320186933736727 0.8655232555934173 -0.007798283657696222 0.999823153874847 0.017112795509816522 -1.1160579979587628 -0.0011868703702795427 -0.017122558052062715 0.9998526938142636 187.17766466835508
0.9999676479958259 0.007899448549781803 0.0015171251012108073 0.8679390278412262 -0.007925166417705694 0.9998107325816643 0.01776768907799238 -1.115926504722255 -0.0013764831256001253 -0.01777913747057454 0.9998409911317572 188.63600574013452
0.9999799067709667 0.006192023466048389 0.0013582696093701252 0.8785636849296037 -0.006215961158688372 0.999811561349255 0.018390313783340214 -1.1109578062008405 -0.001244140506375977 -0.01839838694842254 0.9998299612702546 190.03850008635126
0.9999942068154793 0.0031025675178755507 0.0014001463177819497 0.8887424909349606 -0.00312907853539854 0.999807934842691 0.01934689415165477 -1.108574077967768 -0.0013398524642113403 -0.019351162959657484 0.9998118509338877 191.4063914296597
0.999997827330285 0.0011985842068584355 0.0017055001864880927 0.8965663032924152 -0.001231484261729918 0.9998106164081062 0.01942201801189449 -1.1037877205623097 -0.0016818984091272506 -0.019424075829819285 0.9998099201728912 192.85909477633857
0.9999952035521125 -0.0021945501904937353 0.002185594245026232 0.9075007264759288 0.0021493322899438032 0.9997879331614877 0.020480944719027346 -1.0927918366384906 -0.0022300774016661964 -0.020476148617980982 0.9997878545328442 194.24592854444447
0.9999758045545514 -0.006486211710381939 0.0025138336128591463 0.9224115681870255 0.006429722373860614 0.9997402909193214 0.021863426296409274 -1.0835812158341922 -0.002654991783801585 -0.021846733731178247 0.9997578062815647 195.70028079921846
0.9999439795124695 -0.010220560988578558 0.002752809474999233 0.9352838833397019 0.010156797862894095 0.999700652812743 0.022258577139112962 -1.0769838514920205 -0.002979480827585831 -0.022229370149431982 0.9997484572497658 197.10405580637644
0.9999635323855449 -0.008016453209049673 0.0029445493821679937 0.940894621080737 0.007960853131057913 0.9997984149810824 0.01843242369097679 -1.0739638128344735 -0.0030917187289685047 -0.01840831011111692 0.9998257725102299 198.53485956145758
0.9999940595481999 -0.0005622598395739963 0.003400695885174476 0.939610275865693 0.0005157071028604498 0.9999063650925301 0.013674615393058233 -1.0765486394912476 -0.003408066434005999 -0.013672780198513236 0.9999007151472514 199.96178257619823
0.999951236863748 0.008719629953620132 0.004635940107931326 0.9368371335102541 -0.008781144840089797 0.9998714102118381 0.013418440894214175 -1.0683354304952952 -0.00451834050949209 -0.013458495237273766 0.9998992216682102 201.38947279440922
0.9998573876747323 0.015828751846060914 0.005886841434804484 0.9296477022247698 -0.015927480935223923 0.9997265689751161 0.017120241751204864 -1.0622202073246092 -0.005614240195978692 -0.017211562502199518 0.999836107773225 202.84967867208923
0.9998275658463553 0.017262084848276186 0.0068453612010907355 0.9388201612131515 -0.01739311781710484 0.9996572305862513 0.01956785216545083 -1.0585467747261432 -0.006505233434850342 -0.0196835398915237 0.999785096996662 204.27084791493766
0.9998539519346066 0.01586935680720426 0.006343365801105583 0.9565143722524265 -0.01599394887792154 0.9996700732136105 0.02009821797147021 -1.0529035229931594 -0.006022327661281641 -0.020196737844487486 0.9997778869980701 205.73335012865613
0.9999079590900383 0.01258012666134317 0.00508072296796339 0.9736237457040793 -0.012680613671767246 0.9997144230108681 0.02025523381974467 -1.0469976609441558 -0.004824459022910737 -0.020317795902878837 0.999781932095369 207.17483059710958
0.9999357733690355 0.010622751164712506 0.003950478923313476 0.9883048048524751 -0.010699916806747192 0.9997416466753398 0.0200537207158801 -1.0472309322397104 -0.003736432927972094 -0.020094702239801 0.999791099175405 208.61337194581998
0.9999331613388619 0.011016058555775983 0.0035098856381448307 0.9968100612595479 -0.011082058027274919 0.9997508788272954 0.019374423997038547 -1.0334960886250222 -0.0032955817341359774 -0.019412025513765307 0.9998061374020328 210.09110695267714
0.9999228409826243 0.011974356470341539 0.0033055793227894214 1.0032843418315425 -0.012036759596106677 0.9997363884732638 0.019551726638188452 -1.0265429042335352 -0.003070588842468201 -0.01959000622838756 0.9998033822308053 211.55548010186223
0.9999109019447584 0.012955045235823828 0.003217912191339452 1.0113312675363173 -0.013017979263474805 0.999707685610439 0.02037340385050838 -1.0160017953775304 -0.0029530334234819404 -0.020413479040865084 0.9997872620942889 213.01683452926213
0.9999184075931823 0.01243503661326713 0.0029236973143609447 1.016299157758599 -0.012491890435442932 0.999715775369644 0.020305693441951815 -1.0135833926541318 -0.002670364505351475 -0.020340558865866453 0.9997895432527042 214.48240396230807
0.9999173448832117 0.012593592154692164 0.002589367340836873 1.0274135944663008 -0.012641937058365381 0.9997282001822183 0.01958844616140328 -1.0081016048492712 -0.002341974840993184 -0.0196195614133112 0.9998047749154501 215.91927816479037
0.9999257157544273 0.011971146579227503 0.0022922933835251864 1.0333659539727262 -0.01201313060138204 0.9997420976410683 0.019272335889907663 -1.0049512931036577 -0.002060990406113826 -0.019298441601570435 0.9998116434862383 217.4104845427553
0.9999217260095982 0.012385274374343419 0.0017739272871317253 1.0412756452823408 -0.012417267350082778 0.999736059893787 0.01932930557224129 -0.9949426031694971 -0.0015340604476439777 -0.01934981964188253 0.9998115978116608 218.8638831106565
0.9999183222476449 0.012696154102075174 0.001468498903235622 1.0427508300968518 -0.012722065587777805 0.9997340286375106 0.019235931646992558 -0.9915753859180824 -0.0012238860700539665 -0.019253042562290386 0.9998138939000052 220.34929192625245
0.9999207762618586 0.012521430589795993 0.0012864528078985003 1.048918102294519 -0.012543939312792959 0.9997349930050079 0.019302678113970087 -0.9884442917798613 -0.0010444148276979237 -0.019317285792237942 0.99981285831287 221.82250178924366
0.999903662941554 0.013853810891442843 0.0008583363337151539 1.052315851930985 -0.013867597870008425 0.9997241189441708 0.01895720887113171 -0.9801989017632803 -0.000595469993167611 -0.018967285380460348 0.9998199275278536 223.3303234343427
