1.0 -3.469446951953614e-18 0.0 -1.5585406229479126e-19 0.0 0.9999999999999999 -3.5744790374131474e-19 0.0 2.168404344971009e-19 -2.405573570202213e-19 1.0 0.0
0.9999999410979222 -0.00028391488330111597 0.00019286585967245493 0.0012715588900676588 0.0002836104298933294 0.9999987165145939 0.0015768746211544283 -0.01939396068664588 -0.00019331332534113714 -0.0015768198602077051 0.9999987381337314 1.305657640018749
0.9999989481201635 -0.0014256590485314437 0.0002669408832409164 -0.00559817688551127 0.001425114959426611 0.9999969285279732 0.002027801625752541 -0.04081356678221617 -0.00026983103813345483 -0.002027419109951554 0.9999979083792678 2.6095027287271346
0.9999958093060146 -0.0028688290113516868 -0.0003888367777349663 -0.007511613229037923 0.0028694375361598256 0.9999946458513285 0.001573083758485711 -0.07158094868108669 0.00038432182147671 -0.0015741929381618862 0.9999986871062352 3.9323073837606346
0.9999948943704615 -0.0031871877417045027 0.000230374012737829 -0.017499236145528112 0.0031867787391483948 0.9999933815717418 0.001755348729692569 -0.09080096521515459 -0.00023596713227299693 -0.001754605648477181 0.9999984328380076 5.246114076228499
0.9999940967635284 -0.003424870499987305 -0.00027695583838313696 -0.030620193506424215 0.003425527959347422 0.9999912324597745 0.00240847597849108 -0.10709796657519707 0.000268704716735024 -0.0024094105257412195 0.999997061265458 6.577642497945037
0.9999893120329388 -0.004615724647742578 0.0002662938216392741 -0.03078825030071205 0.004614619443425156 0.999981302101011 0.004012571344885194 -0.1346932423717277 -0.00028480978745254503 -0.004011299689304107 0.9999919141466173 7.904984791187057
0.9999889178518587 -0.004700839511097383 0.00025746449615133594 -0.03908521554979372 0.0046995694774372935 0.9999777683283527 0.004730421599673688 -0.15350229973818919 -0.0002796957445159536 -0.004729159293537156 0.9999887783486988 9.228521137223751
0.9999933417081044 -0.0036331599134238925 -0.0003416036093106423 -0.04768939769702753 0.003634420411726267 0.9999863115822032 0.0037639913211280815 -0.17876318419735426 0.0003279237819365586 -0.0037652078622020784 0.9999928578130192 10.56413000365646
0.9999998541707618 -0.0005065930774561904 0.00018714433083524482 -0.05205660483453147 0.0005063394164674506 0.9999989562615093 0.001353179685752158 -0.19784639725232064 -0.00018782966170530148 -0.0013530847559958166 0.9999990669403623 11.886734174406435
0.9999961228261851 0.002784524426417011 -2.7408747638614462e-05 -0.07385791365975898 -0.0027845038371491658 0.9999958563184776 0.0007306772042488873 -0.22295134770482272 2.944322548595617e-05 -0.0007305980680792873 0.999999732679821 13.2379556474866
0.9999872550028884 0.0050457150842369465 -0.00017487408349448844 -0.09220846455163204 -0.005045576735175503 0.9999869632208763 0.0007845721356991305 -0.24393606205487312 0.00017883054657851362 -0.0007836798151777316 0.9999996769329367 14.57707119640638
0.9999834796295133 0.005742875139641356 0.00024462638300225856 -0.09939882143264597 -0.005743291549560572 0.9999820013583489 0.0017353883435809866 -0.26732772893239587 -0.00023465588027712946 -0.0017367646733988497 0.9999984642913337 15.918157903339083
0.999992748685073 0.0038025769898324254 0.00020731304067584375 -0.10709212298856446 -0.0038034380068872244 0.9999834222587484 0.004323086068933014 -0.2865472399193178 -0.00019087074915319574 -0.004323843311150462 0.9999906339301582 17.2781359100696
0.999999274998817 -0.0005922129352402879 0.0010484694240795397 -0.11177096300636032 0.0005851249311667958 0.999977061986564 0.006747823856729077 -0.30945537650586386 -0.0010524416062734677 -0.006747205610624186 0.9999766835198672 18.617662312481023
0.999996685727406 -0.0025745203407100403 1.9570623756768463e-05 -0.11887352148595012 0.0025743839728672464 0.9999831717329357 0.005198922304021401 -0.3342002650590383 -3.295502402687889e-05 -0.005198854791545315 0.9999864853206804 19.988386396665643
0.9999940607424523 -0.0032849266403976903 0.0010429491551081692 -0.10677037309649795 0.0032817237609878373 0.9999899388329397 0.0030581884874230428 -0.34986054261634386 -0.0010529846729338194 -0.0030547477098665557 0.9999947798557652 21.3270974794249
0.9999990259728913 -0.0010489371323718112 0.0009207535692162059 -0.11601685331752715 0.0010470069377732111 0.9999972586687322 0.0020943804558091338 -0.3883910713783538 -0.0009229479947786001 -0.0020934144201571214 0.99999738288762 22.702526422905965
0.99999747508378 0.0013966290757934877 0.0017604696315742273 -0.137019082489941 -0.0014023360669503876 0.9999937528702216 0.0032446380140380986 -0.38983516738704393 -0.0017559272237467444 -0.0032470986552974967 0.9999931865108466 24.05350750368184
0.9999967317428002 0.0010504544709726334 0.002330890484518719 -0.15325552792831257 -0.001068142427299348 0.9999705472349616 0.007600245653980423 -0.40666386830661777 -0.002322838311526826 -0.007602710686203144 0.9999684011064734 25.42606140861108
0.9999961626828751 -0.0010468739527069969 0.0025648936540403353 -0.14229756250822512 0.001023890540157153 0.9999594615064477 0.008945780431389763 -0.41489208138470934 -0.00257415499185607 -0.008943120106613503 0.9999566962264925 26.802516738345002
0.9999889888671948 -0.003829968740488061 0.002711732403298697 -0.14952340329376124 0.003805857899168338 0.999953671297315 0.008841419384557538 -0.4437584639220311 -0.002745469356714024 -0.008831001731216492 0.9999572369884417 28.169187362939223
0.9999858892641242 -0.004648328293865545 0.002571833248247484 -0.15340987044085516 0.004633300740261758 0.9999723374077919 0.00581867131618449 -0.4500381674188193 -0.002598809413771637 -0.005806673242331672 0.9999797641620071 29.553545137609557
0.9999815770695412 -0.004863135606645943 0.0036325534292278696 -0.15993042889871598 0.004847477266440164 0.9999789752675943 0.004307084819361401 -0.49392963896699316 -0.0036534232982336655 -0.004289396827916447 0.9999841266587719 30.929815425961387
0.9999919025784864 -0.0019419007606403145 0.0035247419989423573 -0.16914000048050196 0.0019322160039619684 0.9999943547125818 0.0027490145263654076 -0.4905847795428303 -0.0035300607101183975 -0.002742181753223573 0.999990009503478 32.303748738763026
0.9999908356928485 -0.0004051907833911468 0.004261966258356236 -0.1729706727184404 0.00039855670561387245 0.9999987079565635 0.001557317199644064 -0.5256575340612688 -0.0042625921212181206 -0.001555604319560395 0.9999897051464403 33.69485447405924
0.9999901482190355 0.00023390141678612635 0.004432692154999486 -0.17725224955603897 -0.0002430933069641492 0.9999978213092043 0.0020732299734216074 -0.5447201098247492 -0.004432197938992152 -0.002074287143663846 0.9999880264030659 35.0905206251423
0.9999922689166485 -0.00011075376018493573 0.0039306291392405355 -0.18326178711746063 9.6546244779094e-05 0.9999934627483141 0.003614573080839566 -0.5664945238172304 -0.003931004100547562 -0.003614165716740433 0.9999857424028317 36.48039165455488
0.9999928539446077 0.0007782077273188748 0.003699521003274211 -0.18742639573084952 -0.0007964366962711451 0.9999875379264809 0.004928456199545725 -0.5837603924780521 -0.0036956398452344112 -0.004931367509593755 0.9999810117483385 37.87871776657964
0.9999894948133798 0.0029764530883234887 0.003485826843860345 -0.19922312006116974 -0.002994626008604605 0.9999818930200242 0.005219755870346041 -0.5928494055271927 -0.0034702276567982445 -0.00523013988610348 0.9999803013828332 39.27814087275568
0.9999765768323468 0.005634257687893279 0.0038859902744101424 -0.19438121183995888 -0.0056543735734606035 0.9999705714523333 0.005185007115199082 -0.6157034746125714 -0.0038566625712214146 -0.005206858610423535 0.9999790071665402 40.67783003624317
0.9999679444601489 0.0071100792407865 0.003681958035529037 -0.19929586298463098 -0.007130664271511777 0.9999588509166865 0.005608040111076499 -0.6258513615156273 -0.003641933220417928 -0.005634115262463831 0.9999774962790537 42.09723295824643
0.9999606442481175 0.008315475474434767 0.0030923790895771098 -0.2103498252888863 -0.008333920015785522 0.9999472711009099 0.0060000676229640705 -0.6496239096375269 -0.00304232286941599 -0.006025603248437531 0.9999772179278257 43.49097861474831
0.9999671853446218 0.00753244954521218 0.002981681686486986 -0.21388344641956347 -0.007551406804313671 0.9999510172916857 0.006398381579565483 -0.6699641469265608 -0.002933340392393503 -0.006420687640185452 0.9999750848307445 44.91046498113945
0.9999741653193793 0.006881449234560329 0.002077098646891422 -0.22311025760244996 -0.00689311199751915 0.999960219536927 0.005660774107053701 -0.6887665233585912 -0.0020380618573736953 -0.005674945651828004 0.9999818204819163 46.30192550000281
0.9999784606841805 0.006408485354005644 0.001417558490116291 -0.2241156217900523 -0.00641718010131 0.9999600882701578 0.0062162430562808235 -0.7027594001131638 -0.001377665322112187 -0.006225206017276726 0.9999796742174035 47.74273289034147
0.9999784430304787 0.0065573923366540905 0.00033773825914171695 -0.23253850922797875 -0.006559524384554517 0.9999556820770797 0.006753260930444581 -0.7125953181140446 -0.00029343952955573644 -0.006755330890879036 0.9999771394382793 49.137524072712694
0.9999661343650733 0.008194798161817556 -0.0007585427882688827 -0.24919444240612468 -0.008188606563551921 0.9999357780433485 0.00783495543668841 -0.7382138997378569 0.0008227000269216309 -0.007828478853735247 0.999969018563623 50.56472659034794
0.9999756283949501 0.006830709237781729 -0.001443610372617508 -0.261647935528158 -0.006819982957161743 0.9999500306368321 0.007309177372222352 -0.7442588809801141 0.0014934652334098128 -0.0072991539880101755 0.9999722455734383 51.99425055916679
0.9999695514892725 0.007192775153697947 -0.0030265590144490234 -0.26726276697449713 -0.0071678982390536595 0.9999410831167427 0.008151781562571321 -0.7561043699336918 0.0030850148977409403 -0.008129839454187653 0.9999621934860834 53.41877137116789
0.9999719159922914 0.006692963648228292 -0.0033721572312777827 -0.2824805583248736 -0.0066596555645253444 0.9999298631301616 0.009793764274068804 -0.7794769949042014 0.003437470324966269 -0.009771032020753571 0.9999463539313158 54.861828685825884
0.9999807290236806 0.004669540205196697 -0.004091082845849502 -0.2955405118744496 -0.0046267288164536305 0.9999350862300371 0.010412334603069564 -0.7992389535473987 0.004139438451225327 -0.0103932058281124 0.9999374212086035 56.271191310113196
0.999984558085617 0.0025286600925505266 -0.004948682074520065 -0.3057202001226606 -0.002477801216775078 0.9999443300571194 0.010256572950112066 -0.8150901883813163 0.004974342396879777 -0.010244152926416592 0.999935154528423 57.695716307856706
0.9999885086916378 0.000441897735049537 -0.004773594149016951 -0.31894436199000015 -0.00039304774101601905 0.9999476002824231 0.010229477019657988 -0.8261219103865443 0.004777864808781445 -0.010227483424991704 0.9999362832718033 59.15812460250267
0.9999909807387424 -5.3014568919191804e-05 -0.004246836785530171 -0.3359349967382703 9.94992825538131e-05 0.9999400829567052 0.010946259289380565 -0.840686731777907 0.004246002384099035 -0.010946583338588483 0.9999310695187476 60.561201128646736
0.9999934665797449 -0.0001566256670804799 -0.0036114069067536467 -0.34667565533151234 0.00020061447412223626 0.9999257598860244 0.012183368388830681 -0.8583143466362828 0.0036092308821725465 -0.012184013533221214 0.9999192583793609 61.99722066604786
0.9999901741489673 -0.0030002471971803963 -0.0032634522633330026 -0.36221120556824626 0.0030387397859689778 0.9999251134321814 0.011854685971774293 -0.8736174339368353 0.003227641168804695 -0.011864486505802007 0.9999244052940705 63.42087801937976
0.9999851006450337 -0.0046454100787953635 -0.0028668195299801098 -0.3753873687734821 0.00467769283623877 0.999924547038931 0.01135867107226411 -0.885093877828617 0.0028138377821974913 -0.01137191215943972 0.9999313786154967 64.8326456947099
0.9999901977349237 -0.0038982294252518594 -0.0020995816696112715 -0.38163214520287986 0.003921705979096015 0.9999285095703377 0.011295838229084212 -0.9017712563695197 0.002055397983766183 -0.011303961667756133 0.9999339957203822 66.26995734926214
0.9999936260893262 -0.003118375454706536 -0.0017388262623435754 -0.3968617732523535 0.003137643615006418 0.9999324601990518 0.011190631100282898 -0.9155947447991621 0.0017038123862824284 -0.011196015808987958 0.9999358710738531 67.65013546874367
0.9999991808085078 -0.00019686000275909686 -0.0012647634951818676 -0.4134166200500359 0.00021305636191516417 0.999917817275431 0.012818474824026217 -0.9275591857107771 0.0012621362255260732 -0.0128187340426783 0.9999170400972047 69.08328576942161
0.9999942135219756 0.003361792501708664 -0.0005208327149562974 -0.41995785735875696 -0.0033541245658986786 0.9998951950376287 0.014083635516511156 -0.938997668714823 0.0005681244485514203 -0.01408180736464332 0.9999006850396076 70.48426222108317
0.9999757523732589 0.006946374431030763 0.0004924775129158609 -0.44450524843697947 -0.006952936076765005 0.999865053471892 0.014883935416235549 -0.953137958505878 -0.00038902168767396164 -0.014886998979212009 0.9998891068160038 71.90241703811206
0.9999424710234976 0.010665810992118378 0.0011380229365970662 -0.4634939054699181 -0.010681204343401937 0.9998377194936647 0.014506776689220126 -0.9546053934019922 -0.0009831117914117643 -0.014518097878253934 0.9998941235600254 73.29035592072167
0.9998848549469762 0.015071538184316223 0.0017679218356028781 -0.4718555105030068 -0.015095002932877796 0.999786519421304 0.014108738535478336 -0.9726501871923244 -0.0015549041479656 -0.014133801058178127 0.9998989038619718 74.70993824136268
0.9998693251391275 0.015972930550235236 0.0024895976021600194 -0.4802479940288059 -0.01600705219722902 0.9997689339201365 0.014347581135880035 -0.9823576187300702 -0.002259849603885815 -0.014385557680411503 0.9998939687851568 76.12797600756524
0.9998756695164835 0.015526673409576766 0.002750978821140306 -0.48905442421105283 -0.015565141101048879 0.9997728160915641 0.01456168332920418 -0.9870196737586047 -0.0025242595441508763 -0.01460269253924678 0.999890188714314 77.50861399629123
0.9998838943446321 0.015032206524250502 0.0024961092544357353 -0.4946426538631089 -0.015067555477626362 0.9997768793941918 0.014804061378824486 -0.9999356537024766 -0.0022730147940095984 -0.014839953110401838 0.9998872982484946 78.90393029434165
0.9998942221373165 0.014320025337308005 0.002545854965159389 -0.4995814611717482 -0.014355361917582295 0.9997925364220407 0.01445018094435007 -1.0123345004689028 -0.002338400022524815 -0.014485199399074104 0.9998923496490122 80.30704374979209
0.9999073246695392 0.01344066580547864 0.002165766434203597 -0.5062323217256465 -0.013470532133354033 0.9998052572693796 0.014421939116720104 -1.022537736588425 -0.001971504358769227 -0.014449776878583412 0.9998936529061745 81.70376893780534
0.9999159658022886 0.012843316312490582 0.0017636696456617676 -0.5080670345959383 -0.012867474567500231 0.9998128371657139 0.014447102208310459 -1.0295117945624153 -0.0015777909712399514 -0.014468582425702925 0.9998940797414894 83.06884278340016
0.9999150580310281 0.012980289730723855 0.0011784612659726142 -0.5201970833402096 -0.012996073951004345 0.999809633842436 0.014553287029927116 -1.0453010352087497 -0.0009893311172933027 -0.014567366511088416 0.9998934008490937 84.47509101696579
0.9999172436069157 0.012852508414039263 0.0005647426248257068 -0.5249611835722928 -0.01285951320434739 0.9998057036797577 0.014939472363545675 -1.0497741141887207 -0.00037262322337654045 -0.014945498646051728 0.9998882403688963 85.84669083584815
0.9999265755931941 0.012091693996794179 -0.0007964473192162382 -0.5423633334142544 -0.012077306341492722 0.9997973927336935 0.01610317285387863 -1.065472286984672 0.0009910006877123848 -0.016092371876948463 0.999870018299336 87.21566181216632
0.9999411642695641 0.010764856278977218 -0.001336353732599887 -0.5488739293094288 -0.010740460597030472 0.9997963019928401 0.017087921003238245 -1.0718536184724778 0.0015200306752688178 -0.017072562914291847 0.9998530977663165 88.58120824674182
0.9999654408869587 0.007850664564530959 -0.002735703941706166 -0.5588106825738748 -0.007800316095765696 0.9998084023133852 0.01795309833998794 -1.0755209054582984 0.0028761237971413256 -0.017931138903111918 0.9998350874936754 89.91326016262495
0.9999734088398847 0.006366702166271117 -0.0035562195049751947 -0.5718782012179873 -0.006301413524185242 0.9998167203586141 0.01807810506416715 -1.0831955988053752 0.0036706659573717054 -0.018055215500420916 0.9998302533032257 91.34842400299527
0.9999823146144243 0.004548311106346179 -0.003831880557846449 -0.581112216502792 -0.004478533712077595 0.9998274938754914 0.018025682402296773 -1.0913542423423233 0.003913206291384228 -0.018008202766495833 0.9998301813137396 92.69710134102738
0.9999835541598977 0.0038488699358961995 -0.004251775475705666 -0.5981730367368355 -0.0037742808945483933 0.9998412415792612 0.017413972539465996 -1.0961571065942894 0.004318124964625687 -0.017397639106473486 0.9998393250752519 94.06220927369627
0.9999820644331213 0.0040679543656833685 -0.004395741495761081 -0.6072025108370246 -0.003991444803594005 0.9998427876829497 0.01727623471631605 -1.1010070739105733 0.0044653297565148825 -0.01725837984460577 0.9998410919601941 95.40309451583826
0.9999833281340267 0.003728979555438742 -0.004408871750155607 -0.6278131261200145 -0.0036522140493055718 0.9998437887000629 0.017293337703360348 -1.1112167395346733 0.00447266992898917 -0.017276947594820832 0.9998407384790804 96.74262229810282
0.9999804363685288 0.004596348968795641 -0.004242692482302635 -0.6492397304784708 -0.004525596768613926 0.9998529971632945 0.016537927270883105 -1.1199353693036471 0.00431808325738227 -0.0165184033461849 0.9998542376385604 98.14835873099673
0.9999746096258686 0.005858729573216112 -0.004056522158466425 -0.6612595278397251 -0.005790151227782004 0.9998435121909383 0.016716018728439398 -1.1208788176702338 0.004153822359601801 -0.01669210676257482 0.9998520487288648 99.4649832002448
0.9999694994316617 0.006837599599923983 -0.003774575070825039 -0.680227534199108 -0.006767361476050341 0.9998093161013992 0.018317594280003072 -1.1286474999430458 0.003899104039278147 -0.0182914920379714 0.9998250938654976 100.83777336894939
0.999967705257202 0.007206927121996896 -0.003556490193716828 -0.6983237331536841 -0.0071362373933833425 0.9997843087015974 0.019504107118781953 -1.1304214818640146 0.0036962880959224434 -0.019478097672782153 0.9998034512754994 102.13675959240977
0.9999691071251865 0.007085834257994291 -0.0034023120308780555 -0.7130016297864937 -0.007020784683745516 0.9997992705190454 0.018765054141968607 -1.1373393285644702 0.003534595463404391 -0.018740587912976784 0.9998181319698168 103.51700795696159
0.9999692371966636 0.0070583442386910715 -0.0034211717277996745 -0.7286751214957794 -0.007000269593659716 0.9998360416760987 0.016699880170881903 -1.1451660489914737 0.0035384846132478507 -0.01667541764828242 0.9998546942367184 104.86525436419757
0.9999721802608134 0.006478842345502994 -0.00369638826723248 -0.7431639138438065 -0.006419499658145916 0.9998538292185187 0.01584645787156808 -1.1472334783276725 0.003798514998922091 -0.01582228838392868 0.9998676044798646 106.1774797464399
0.9999827797351565 0.004687638914194097 -0.00353075899054533 -0.7524206153503395 -0.004627466040090077 0.9998471155842904 0.016862147453358466 -1.1569904340057109 0.0036092631694060557 -0.01684551895393398 0.9998515898497838 107.50824855328361
0.9999946319881307 0.0016809917219498755 -0.0028125173529405696 -0.7707861300117764 -0.0016275594576094362 0.9998201737713028 0.018893680512772737 -1.1557039141679701 0.0028437719645379653 -0.018889001927949945 0.9998175426456007 108.82707659102894
0.9999975256632563 3.285341387465786e-05 -0.0022243165558495257 -0.769256872168847 1.1416105008236685e-05 0.9998019836579801 0.019899581219955255 -1.1667828467562755 0.00222453007803249 -0.01989955776876949 0.999799509442232 110.1852263113049
0.9999989102882052 -0.0005040584812886686 -0.0013875683643897346 -0.7844477132621367 0.0005306243787115295 0.9998152859692266 0.019212297346817724 -1.1719215885093066 0.001377628071571334 -0.019213013067968177 0.9998144639291481 111.50388385234525
0.9999995155462498 0.0006872888642685598 -0.0007046552440781099 -0.7953354365213205 -0.0006752092601921026 0.9998552296365809 0.017001877953670187 -1.1764784380102795 0.0007162385064782696 -0.01700139426350061 0.9998552093201555 112.80295460860994
0.9999905005178912 0.004317183099297454 0.0006006635659816244 -0.8035597301792087 -0.004325710183890602 0.9998780841566902 0.015003501465997498 -1.1823819346303428 -0.0005358175060581141 -0.015005957535639778 0.9998872607167744 114.1729768882855
0.9999779792700141 0.006434812135024833 0.0016230086110976929 -0.821202376589002 -0.006458831267631821 0.9998627696315474 0.015255340369929624 -1.188759162763105 -0.0015246207526214948 -0.01526548747952763 0.9998823132889452 115.44131984205369
0.9999612213720668 0.008148059510671294 0.0033413866734247986 -0.827975039274297 -0.008203810483606204 0.999821405391154 0.01702512333848532 -1.1922113034574524 -0.003202068459004501 -0.01705187557030348 0.9998494788222014 116.83440120497039
0.9999635625559297 0.007332256819767027 0.00437167702837729 -0.8300526954484397 -0.00741453132731242 0.9997898866779761 0.019110395790428135 -1.1889978301351547 -0.004230636493497062 -0.019142113772186067 0.9998078221337858 118.13630337961075
0.9999669548535152 0.00640798570778166 0.005002690536926932 -0.8418020665247914 -0.006509005091401229 0.9997697948927124 0.020444805575912117 -1.1945603110928393 -0.004870529265606137 -0.020476692917023556 0.9997784669601915 119.47458715408402
0.9999567194212485 0.007052761258540791 0.00606777013380925 -0.8382493737781478 -0.0071722495550711985 0.99977622635348 0.0199011572278059 -1.1932903132414272 -0.005926054701250643 -0.019943815849508547 0.9997835396170887 120.8146723566402
0.999938469348764 0.00813750774400437 0.007539129483257579 -0.8366468689785477 -0.008284226881240288 0.9997728237850125 0.01963854407398735 -1.192862197529105 -0.007377608575992452 -0.019699791949209882 0.9997787200637127 122.1284092443414
0.9999011096595068 0.011105968169845883 0.008627186884360273 -0.8466841718264181 -0.01127157555671424 0.9997484477832324 0.019390532630510455 -1.1915471551096832 -0.008409666753869942 -0.019485857468665286 0.9997747640677629 123.48815568808871
0.9998882276210915 0.011336876260522781 0.009747178130545119 -0.8487467185208573 -0.011520912574659429 0.9997524042744171 0.0190367733155115 -1.1968071399135725 -0.009528948017985324 -0.019146942295468553 0.9997712707179602 124.82772566926243
0.9998610009990109 0.012789558797552983 0.010696066674125426 -0.8406503558701348 -0.012983485866517364 0.9997489309452923 0.018262097117927898 -1.1981819756513974 -0.01045981792782888 -0.018398431299071392 0.9997760198848172 126.16100446554802
0.9998627024682601 0.011752443672045016 0.011681449347688359 -0.8362951602191523 -0.01196407286442061 0.9997625103101598 0.01821493777730476 -1.201526860036612 -0.011464606048487608 -0.018352194983848356 0.9997658524623446 127.49670177857124
0.9998582069289608 0.010845325441039434 0.012881961546717545 -0.8282950135952358 -0.011091005379106827 0.999754993199581 0.01915576122367779 -1.201976296302674 -0.012671055969942613 -0.019295919352579835 0.9997335204146468 128.81711218845675
0.9998548433925515 0.010376394319173044 0.013513791724183424 -0.8191035583065964 -0.010649391019810613 0.9997374492231134 0.020288496870437645 -1.203640166707039 -0.013299723332141071 -0.020429465913069055 0.9997028329893476 130.18075975500312
0.9998591677613582 0.009604812543639204 0.013761983977792137 -0.8140684859566947 -0.009894715295308332 0.9997272530352993 0.021154530440663417 -1.20194266682525 -0.01355504626809424 -0.021287722530035774 0.9996814960757596 131.51704487037094
0.9998814846855467 0.0068782512572265675 0.013773388597357217 -0.8004085872765432 -0.0071687056428905984 0.9997505930626872 0.02115091802496635 -1.197984430691064 -0.013624473224918771 -0.021247149098772882 0.9996814154472641 132.85196291002157
0.9998967246448754 0.004634717734906464 0.013603655104949661 -0.7924943471530153 -0.0049364571749323785 0.9997406596094724 0.022231619618821915 -1.1936580040540128 -0.01349709096898221 -0.02229647793327365 0.999660290105694 134.18872254565466
0.9999088772147395 0.003490926088666032 0.013040348972367407 -0.7765136464310358 -0.0037791930804994146 0.9997475839790303 0.0221469190191303 -1.1979092399219708 -0.012959745199560576 -0.022194183356348283 0.9996696770614285 135.53322469988953
0.9999275210823023 0.0027307959089835927 0.011725840579994248 -0.7699133793035495 -0.0029970874348517794 0.9997366337290522 0.0227525963153335 -1.1983003806788244 -0.011660620659421868 -0.0227860910429458 0.999672358319134 136.89625040523003
0.9999428827435308 0.0007593541449168817 0.010660892893384198 -0.7629619041529205 -0.001008285879733773 0.9997265145772604 0.023364062115644586 -1.1917363139118542 -0.0106402365776169 -0.02337347730488767 0.9996701785744387 138.23099907464012
0.9999539743525786 -0.0005057926161777769 0.009580885033830923 -0.7559574074130951 0.0002745453338528908 0.999708977858643 0.024122275981516287 -1.194105224201897 -0.009590298444263954 -0.024118535818039397 0.9996631044572879 139.5916606636287
0.9999649384103146 -0.0019154028665489282 0.008151882706597188 -0.7510167657716165 0.0017171990367367707 0.9997044065585184 0.02425181885018265 -1.1876228018286445 -0.00819592573988447 -0.024236970607293008 0.9996726444515256 140.91561420409244
0.9999720024362966 -0.0021279158600954265 0.0071740035853498155 -0.7496393863342286 0.0019554402351496473 0.9997109178710503 0.023963658432975297 -1.1829297072103584 -0.007222922948958201 -0.023948959638180254 0.9996870894054459 142.2898870713398
0.9999789659673881 -0.002364249177954726 0.006039698524789474 -0.7498864194242301 0.002220647849978342 0.9997172811033095 0.023673330333450055 -1.1785616865851467 -0.006093961135464674 -0.023659420803852197 0.9997015031761775 143.6551736385143
0.9999817526047103 -0.0037447340455728922 0.004740404527838793 -0.75037445751908 0.0036406854177764795 0.9997563567008662 0.02177091244467381 -1.1767772676281987 -0.004820776226697876 -0.02175325728254789 0.9997517471456849 144.94604582967347
0.9999584621866914 -0.008139795436855671 0.004100932246402034 -0.7446711216397557 0.008051282932204758 0.9997437551831632 0.021156578057303328 -1.1858940443978867 -0.004272091964739648 -0.021122681900125395 0.9997677638062218 146.31648321124828
0.9998611370901165 -0.016377375240202552 0.0030802808787960137 -0.7386344139675999 0.01629867409243154 0.9995780826804029 0.02404183488126173 -1.1738060352717552 -0.003472723679227713 -0.023988292325398602 0.9997062078589429 147.65449853774618
0.9996995994506835 -0.02449120377481087 0.0009443506537435383 -0.72706258143702 0.024459115339998394 0.9993745270908513 0.025540287045310178 -1.1688234743085946 -0.0015692724727125243 -0.02550951723026601 0.9996733476134075 149.03665023068072
0.9996258437295064 -0.027352521325516035 -0.00011009568486809859 -0.7223902033324305 0.02734766284740426 0.9993544438947087 0.023298085668071702 -1.1686478008720385 -0.0005272367968288385 -0.023292379840637933 0.9997285566971441 150.37985878652492
0.9996953507675352 -0.024673764777567324 0.0006410827716851705 -0.7267300152550542 0.024656375457167777 0.9995021732455511 0.01968422760661167 -1.1828047802781188 -0.0011264477027666936 -0.019662424412014066 0.9998060412852269 151.71833700832715
0.9997416885099204 -0.02267657479392393 0.0015261771419015676 -0.7403490314528116 0.022646717166178856 0.9995929710548139 0.017349882078033334 -1.1729978968918133 -0.0019189919887098723 -0.01731083782434712 0.9998483146803467 153.05897710963856
0.9997409544857018 -0.022642094184492534 0.002315059756741386 -0.7424296387871738 0.022597219661389258 0.9995851812255815 0.017855842910523872 -1.1733371204167313 -0.0027183933170556534 -0.017798903851941064 0.9998378915426617 154.41560047142926
0.9996407490614472 -0.02667379932208096 0.0026232129783371407 -0.7503794329694771 0.026612245088670668 0.9994206048216486 0.021218931664930246 -1.164727693173029 -0.003187682876728367 -0.021141499550814048 0.9997714117147751 155.74549703311837
0.999467970856562 -0.03245339848882095 0.003248406844712573 -0.7380526656608893 0.032366107304824074 0.9991867213447697 0.02404851321841939 -1.1702617089450578 -0.004026221285709819 -0.023930580867599735 0.9997055150648448 157.12049419930278
0.999375047909982 -0.0352142751504068 0.0030770800116931936 -0.7325248505849091 0.03512277654107937 0.9990459890014918 0.025951925468511064 -1.1664250011285173 -0.003988023001063164 -0.025827631643688183 0.9996584562378935 158.47637160154773
0.9992935859326816 -0.037460902090764275 0.0030016499107691054 -0.7237044310391689 0.037369024029945686 0.9989540463778395 0.026350887696420407 -1.1603309189743662 -0.003985638660859084 -0.02622010481593161 0.9996482485354882 159.8224154866926
0.9993553354052203 -0.035674034532783616 0.004034456301442806 -0.7255514689266181 0.03555273693546754 0.9990045044942661 0.026944441062768876 -1.1500193112278598 -0.004991657336695608 -0.02678363546858969 0.9996287912220826 161.19392156376185
0.9994618771371692 -0.032397778659500456 0.005132258539170367 -0.7378410881603238 0.032252258365037235 0.9991344111367755 0.02627204430244916 -1.1402878721542198 -0.00597897247130141 -0.026092380270990784 0.9996416555899111 162.53223912331313
0.9995842440376125 -0.02817387178037438 0.006129602049634313 -0.7327890494676457 0.028014967836020067 0.9993041190240445 0.024625987691819867 -1.1329540025890399 -0.006819146550289504 -0.024444029141027574 0.9996779424834662 163.86520013712789
0.9996578008720539 -0.02523119717659906 0.006904190832103084 -0.7405967608352377 0.025056686187262034 0.9993908428244074 0.024292092169738717 -1.1282647565471269 -0.00751290427565315 -0.024110783743728256 0.9996810623315302 165.23757822030632
0.9996989372546168 -0.023480467160432356 0.007120570414840409 -0.7460720584583824 0.023292645584563572 0.9994058873648012 0.025403246727006154 -1.1181771236516171 -0.007712820724256205 -0.02522974230580401 0.9996519256763903 166.58518600747973
0.9997060539441771 -0.02321030501113376 0.007006244222594087 -0.7391137988944296 0.02302432345821481 0.9994083324398253 0.02555123403327426 -1.1072834640613207 -0.00759515141017693 -0.025382409791943714 0.9996489618647496 167.92286813840167
0.9997483305386913 -0.021468872985942692 0.0065086933620372225 -0.7423853063512087 0.021310679447252817 0.9994973523067512 0.02347120906113369 -1.099206457591008 -0.007009322760449758 -0.02332659783436573 0.9997033256096253 169.31593693817044
0.9998504916697647 -0.01616018013234142 0.006151658429096093 -0.7425473807260223 0.016030059123816207 0.9996583630127506 0.0206444773013082 -1.1073735483768519 -0.0064831757971150995 -0.020542779718899975 0.9997679543961724 170.64548358104736
0.9999361785528388 -0.009621821061351473 0.005921097565392174 -0.7495425076469637 0.009503070987151259 0.9997594486495467 0.019767054865949315 -1.110640386155006 -0.006109868801973307 -0.019709525069546454 0.999787079396748 172.0305290856666
0.9999631476059917 -0.006131185840658353 0.006009326401668129 -0.7576381327605763 0.0060064869535681985 0.9997707044003298 0.020553849250101393 -1.102080734163384 -0.006133968460475963 -0.020516997245615617 0.9997706873376522 173.43025024436776
0.9999725362146415 -0.0026399667633649256 0.006925128326873385 -0.7657151775728654 0.002479148283003177 0.9997294112868879 0.023129159399954847 -1.0994426363183603 -0.006984315248850206 -0.0231113562134943 0.9997084997944623 174.81412543297205
0.9999730899415606 -0.002782224567470702 0.0067881241674095484 -0.7687351455551847 0.0026085495878463132 0.9996724071993714 0.02546122018569923 -1.090839326814046 -0.006856739817935413 -0.025442828358034245 0.999652763520214 176.19285938881447
0.9999715962774468 -0.004395729035566166 0.006122435519697329 -0.7665653790649706 0.004231753169898477 0.9996387135631917 0.026543070429269972 -1.0879400261968066 -0.0062369002176297225 -0.0265164083855307 0.9996289217369203 177.56400021246927
0.9999635407963248 -0.007175099462113548 0.004629799067890661 -0.7603277612992348 0.007047558665046524 0.99961059241566 0.02699991520923855 -1.073198256950218 -0.0048217236514284416 -0.026966302555371812 0.9996247143402709 178.98048176726726
0.9999632982517196 -0.008270334413566505 0.002236901933934766 -0.7699943687660578 0.008216107816368763 0.9996958639842428 0.023252421006212512 -1.0695231008201076 -0.0024285270950892236 -0.023233189423857284 0.9997271233570734 180.33232804350442
0.9999788527193676 -0.006438831040631572 0.0009140995621864138 -0.7727494168297799 0.0064200202796885555 0.9997936305316274 0.019273807887512498 -1.0686662203806971 -0.0010380117841770804 -0.019267532135144073 0.9998138250421152 181.73574648188097
0.9999990584612293 -0.001317921226508362 0.00038231257025741886 -0.7909815232812715 0.0013107738793703971 0.9998347964773865 0.018129026834019006 -1.067242569533443 -0.00040614205976135685 -0.01812850899547303 0.9998355825927252 183.12019729454266
0.999995786365456 0.002892211758409806 0.00024971504766462503 -0.8035660654498946 -0.002896594573852801 0.9997992289623948 0.019827039638293232 -1.0650397291674005 -0.00019232091539987304 -0.01982767981050025 0.9998033937410529 184.48037408653565
0.9999884068385859 0.0048030102458223485 0.00034245029986661635 -0.8207773575693649 -0.004809604201536362 0.9997251158378044 0.02294690537285668 -1.0550613481771836 -0.00023214194554837413 -0.022948286851870853 0.9997366264440855 185.90145749136332
0.9999961717469205 0.0026942716925330915 0.000630386886277458 -0.8287599707046167 -0.002709723374116778 0.9996595776100737 0.025949687467958837 -1.0374140072535296 -0.0005602568067584073 -0.025951296813165565 0.999663051393793 187.29365784744658
0.9999932388128345 0.0036013594358435177 0.0007433257836007706 -0.8351442954787058 -0.003620018406559071 0.99963300326317 0.02684686653131112 -1.0359353568013752 -0.0006463678026484671 -0.026849376399063016 0.9996392815473475 188.7253349893121
0.9999982010655872 0.0017242758777558011 0.00079040271074839 -0.8408805078479705 -0.0017456085520607826 0.9996110328911292 0.027834075466009477 -1.023054995125556 -0.0007421016856613159 -0.027835405677406225 0.9996122445697477 190.13098404480604
0.9999995323127564 -0.0004644721746783504 0.0008483170676955077 -0.8526179885296172 0.0004402480803376522 0.9995983617163726 0.02833586799862785 -1.0157357098974193 -0.0008611376233077987 -0.028335481833768408 0.9995980987024725 191.5217424783965
0.9999920033991081 -0.003829058459877915 0.0011538873798044478 -0.8569449680073054 0.003794529699201455 0.9995845425345845 0.028571731576250686 -0.9968345057894455 -0.001262810902705442 -0.028567125198672633 0.9995910787339954 192.9444090230047
0.9999764891990407 -0.006689161590850333 0.001508700261301808 -0.8571963796705396 0.0066410776277438886 0.9995309715908469 0.02989536568277375 -0.9863757846577061 -0.0017079676897828221 -0.029884644005734415 0.9995518950600856 194.3439571146916
0.9999372799512419 -0.011083702207680655 0.0016086396138051279 -0.8590306274379487 0.01102764168666778 0.9994444242430625 0.031452089517449246 -0.9656303673935991 -0.0019563516259909573 -0.031432377949043494 0.999503966138069 195.78934440438135
0.9999025306769606 -0.013806243240982173 0.0020776925463010746 -0.8556534750002556 0.01373254710116881 0.9993912829930892 0.0320699328577199 -0.9570727208178949 -0.002519193299482825 -0.03203827563116866 0.9994834678876922 197.17835779328794
0.9999239045452215 -0.012128560720964757 0.002254583577595653 -0.8620271660820742 0.012061145827567234 0.9995398167310032 0.027833136761267155 -0.9373337544501806 -0.0025911221409895034 -0.0278038264613708 0.9996100406336621 198.6281177154179
0.9999845820953268 -0.004812483205522515 0.002770484968033753 -0.8796778861853319 0.004747313528923073 0.9997226363839369 0.023067581063246502 -0.9293118391041998 -0.0028807291073223266 -0.02305407349706897 0.9997300691210477 200.03765413794028
0.9999864242434751 0.0035844343753249864 0.0037819514634759334 -0.89060452796995 -0.0036681856242052717 0.999742909446027 0.02237542000598835 -0.9120656224462763 -0.0037007762298080205 -0.02238898958373512 0.9997424855476419 201.45971481219175
0.9999355921799165 0.010149048851929847 0.0050801851934857735 -0.9251376111193435 -0.01027985758115091 0.9995980367199926 0.02642138375399696 -0.8946839476542705 -0.004809991616990965 -0.02647190611615061 0.9996379855622703 202.91103398202443
0.9999160229445572 0.011488882521173756 0.005996050036311027 -0.922942565473099 -0.011656369949194978 0.9995204354586766 0.02868846714733457 -0.8811065643021192 -0.005663576570826695 -0.02875595072275492 0.9995704173355745 204.3292504336189
0.9999300923169867 0.010478743972322685 0.005477808446837933 -0.9232464434750807 -0.010638642173985104 0.9994925291004919 0.0300250489978638 -0.8707163474992731 -0.005160404229891652 -0.030081227056935177 0.9995341364970631 205.7840737669202
0.9999643913123496 0.0071910119456961245 0.004416496866864175 -0.9200597532334289 -0.007321115043955572 0.9995175204965503 0.030184888403830757 -0.8635053979813788 -0.004197306435498607 -0.03021614783886122 0.9995345752125835 207.2446062656984
0.9999786311063483 0.005717397450120796 0.0031699668215902335 -0.9180492650763101 -0.005810140691807377 0.9995311112376237 0.03006326533696627 -0.8500703281553824 -0.002996597052674591 -0.030081041466293694 0.9995429712465238 208.66516801877813
0.999978792959443 0.005853287055719133 0.0028552852665101967 -0.9235872170960144 -0.005934993014034686 0.9995471668166496 0.02949978232573294 -0.8303438237413624 -0.002681321807855237 -0.029516103404813976 0.9995607085968767 210.16557647784407
0.9999747812880406 0.00669226018041239 0.0023770635203310816 -0.9312113187089013 -0.006759699379589064 0.9995390677295216 0.02959659674837633 -0.8119044461828965 -0.002177899889878795 -0.029611919182123914 0.9995590983091818 211.58001778565787
0.9999664269803155 0.007810531210411299 0.002478003438487421 -0.9370861136378585 -0.00788317795108258 0.999494377160521 0.03080333623995589 -0.7923404466936665 -0.002236160249030221 -0.030821837232659605 0.9995223929240992 213.03887007798212
0.9999748269099519 0.006756304021374488 0.0021674619601784574 -0.9440306429449715 -0.006819780909848352 0.9995037225649069 0.030753847860515385 -0.7760879690702094 -0.0019586040930291287 -0.03076785591683566 0.9995246384818779 214.53609982922322
0.9999757245607449 0.0067490389876627855 0.0017322674210679054 -0.9495479629793089 -0.00679769617832555 0.9995323075300562 0.02981539069848919 -0.757599022548562 -0.0015302321242102951 -0.0298264429362026 0.9995539213623057 215.9474364857131
0.9999783503325391 0.006402868414578841 0.0015172776046719007 -0.9566933124644763 -0.006445335754928675 0.9995330926751076 0.029867277840605815 -0.7474406323601456 -0.001325333015179822 -0.029876411180245716 0.9995527217546205 217.48364175621762
0.9999775743351285 0.00662177338955999 0.00100146484699543 -0.970088190943774 -0.006648821947912021 0.9995284577768242 0.029977579165160806 -0.7332233324146606 -0.0008024879222296379 -0.029983566054854294 0.999550069681516 218.9099904719117
0.9999723834229117 0.007395226444228642 0.0007368872655536761 -0.9740082891544428 -0.0074140893622427345 0.99951754264445 0.030161452521490707 -0.720307751371281 -0.0005134809972626507 -0.030166083513256586 0.9995447682640116 220.43118873915108
0.9999766830840279 0.006808495448177037 0.0005269389873221978 -0.9842156958848154 -0.006821260430503245 0.9995247286251245 0.030063054817088763 -0.6975759458952745 -0.00032200437995955305 -0.030065948824969768 0.9995478653150184 221.88669692332283
0.9999673869764805 0.008074950146619755 -0.0001419365124514574 -0.9929717983017967 -0.008067240237647117 0.9995315172946528 0.02952398288520756 -0.6799199423508603 0.0003802747628838838 -0.02952187557127368 0.9995640621168989 223.43982468103133
