1.0 -6.776263578034403e-21 8.673617379884035e-19 -8.673617379884035e-19 0.0 1.0 -1.828002979293187e-19 0.0 0.0 1.0683203047244863e-19 1.0000000000000002 5.551115123125783e-17
0.9999997609328668 -0.0006045316352606309 -0.00033567176852968787 0.0008173796576166348 0.0006050023138056827 0.9999988318071305 0.0014036942841376668 -0.01857989305489406 0.0003348228266244115 -0.0014038970103075637 0.9999989584824406 1.2749714875841887
0.999998955391719 -0.0014440744725798408 6.216275695703107e-05 0.015716850451889933 0.0014439615463131383 0.9999973695988601 0.0017820695663301814 -0.02799047734688543 -6.473604055066192e-05 -0.0017819779180462338 0.9999984101800357 2.593226845338064
0.9999969489379885 -0.0023846142703436513 -0.0006447702344362606 0.005662430069724805 0.00238579356967355 0.9999954719950443 0.0018341156918637166 -0.0471524756685225 0.0006403937092409658 -0.0018356483574934951 0.9999981101431771 3.9107880016506367
0.9999971484290541 -0.002385464285443869 -0.0001126645544579502 0.01623906728081732 0.0023856915645017 0.9999950323812504 0.0020600220084869376 -0.06250551615496733 0.00010774989402637797 -0.0020602848867626415 0.999997871805062 5.227965997526436
0.9999952002951198 -0.0030569026180372457 -0.0005047097932117349 0.017868131858388633 0.0030582859991441147 0.9999915071445664 0.0027627031133722153 -0.07407578396874984 0.0004962602328728088 -0.002764233359478347 0.9999960563611442 6.546571267163653
0.999990655179764 -0.004317217539299558 -0.00022623869328476567 0.02764683700792044 0.004318133180587817 0.9999817962377001 0.004214371147051844 -0.09144510793192706 0.0002080402337363797 -0.004215308631428782 0.9999910939049478 7.874029673348233
0.9999922075565074 -0.003928803613295337 -0.0003864282040319947 0.03349891466549122 0.003930774527857416 0.9999785554447052 0.005238097746264234 -0.1077613408902822 0.00036584048913226343 -0.0052395758141760744 0.9999862064058839 9.212636302914502
0.9999941138403018 -0.003361840880289399 -0.0006857909551046112 0.035142889890708726 0.0033645883063071888 0.9999861598793648 0.004044700173791408 -0.12115044923116929 0.00067218388037455 -0.0040469837110026765 0.999991585009014 10.533190599356724
0.9999982107960427 0.0001473180951457921 0.001885922194644573 0.04514882751671483 -0.00015493508006150542 0.9999918297961281 0.004039348863539155 -0.1367434815804924 -0.0018853118749329713 -0.004039633773349595 0.9999900634279077 11.829533393890307
0.999997081309196 0.0023533110035612237 -0.0005470828324791047 0.0325796433177972 -0.002352241582568037 0.9999953367377928 0.0019476817497015703 -0.13096061069586157 0.0005516638292252865 -0.0019463891662998996 0.9999979536154188 13.215172018829678
0.9999891212969577 0.00459763848467271 -0.0007867691289090315 0.025096167643633344 -0.004596884236255907 0.9999889750275452 0.000958374381347162 -0.15643638595589643 0.0007911667816458976 -0.0009547472559320624 0.9999992312559365 14.561973178210936
0.999984812977617 0.005510170506529533 0.00010877575062603461 0.022975269775240698 -0.0055103874937927665 0.9999826096801544 0.0021014213014873546 -0.172862237319728 -9.719467546878344e-05 -0.0021019887543120117 0.9999977860949828 15.899889286314673
0.9999935230420886 0.0035940474048369434 -0.00019156140999137834 0.030298587933926827 -0.003593147347380086 0.9999833747350023 0.0045099390819132125 -0.18817831466240115 0.00020776717877253516 -0.004509221498244497 0.999989811823522 17.265714140033342
0.9999994034046689 -0.000727068220088589 0.0008152069176442858 0.042217019053970434 0.0007210044617798233 0.9999722546843285 0.007414176977938871 -0.19628975626003944 -0.0008205749809121719 -0.007413584679339716 0.9999721823193586 18.628866407340535
0.999997099057386 -0.002408667766413485 -1.3993932845990029e-05 0.05376585841801319 0.002408708422094867 0.999977570816367 0.006249479462010131 -0.21745964860492933 -1.05930171450698e-06 -0.006249494948954103 0.9999804717126846 19.978024084913844
0.9999911978229999 -0.004195074114454852 7.501999249245883e-05 0.06005559395641295 0.0041948340132226475 0.9999868177292343 0.0029610368684689454 -0.22154506603768642 -8.744078149918594e-05 -0.0029606960647857138 0.9999956133057001 21.314188744890888
0.9999986705185903 -0.0016168460916651617 0.00021158825727012835 0.0552513651545572 0.0016163542566286616 0.9999960369118965 0.002305116353051498 -0.24618207236811004 -0.00021531445570340587 -0.002304771253168015 0.9999973208300862 22.682710887902783
0.9999985943641647 0.0006086436104588464 -0.0015623129652986324 0.019399343476303843 -0.0006024466913137818 0.9999919620426173 0.003963951467844598 -0.24112210678874268 0.0015647131724856227 -0.0039630046284193764 0.9999909230911811 24.08914086917646
0.9999995306270067 0.0006335407482758298 0.0007330566733126341 0.044427490815154985 -0.0006390538001910803 0.9999713324980231 0.0075449187292032155 -0.2534469430780853 -0.0007282557057159142 -0.007545383541319324 0.9999712679994261 25.455566650629972
0.9999988820332399 -0.00039500301475994977 0.0014421876641286142 0.06929632031512759 0.0003809179086271805 0.9999523583956742 0.00975376075407889 -0.25681905008373 -0.0014459718421376668 -0.009753200353259125 0.999951390938359 26.826042032823796
0.9999911274631751 -0.0037716447397395663 0.0018760836652876632 0.07422887893968932 0.0037526597262079876 0.9999427337849239 0.010022310398925148 -0.2717161918902117 -0.0019137769849966926 -0.010015181026210846 0.999948015447608 28.234582657076132
0.9999832232047207 -0.005431674724325138 0.0020125149260292255 0.08130581277814422 0.0054199041189844106 0.9999684397461803 0.005808972238615218 -0.27854445799628735 -0.0020440040313504416 -0.005797967059709822 0.9999811026316525 29.615869099341815
0.99998564981262 -0.0043016114501160906 0.0031931655650973365 0.0932756117833432 0.004284420405698994 0.9999763962216189 0.005371289182348609 -0.2958312549406135 -0.003216195664258424 -0.005357531161206835 0.9999804762797497 30.98376668350059
0.9999915528007197 -0.002386702543567188 0.0033463379942111765 0.0931505383372466 0.0023733001816461595 0.9999891699798955 0.004003420140198671 -0.30187504453837255 -0.003355857008233094 -0.0039954443996126 0.9999863872295166 32.39146021282289
0.9999965400249731 0.0016833756138605008 0.002021431371559957 0.06687979157720592 -0.0016874058644480608 0.9999965890422303 0.001993631640356704 -0.32030626927964734 -0.0020180686140633276 -0.001997035688995312 0.9999959696146765 33.780702879185085
0.9999942257794119 0.0010498008296405629 0.0032320777102624165 0.08262630271555294 -0.001056226782091029 0.9999974679388542 0.001987083907077572 -0.33593190183886046 -0.0032299837542393035 -0.0019904862116323233 0.9999928025579621 35.17258398149129
0.9999951050305853 0.0009657289204226986 0.002976118754952603 0.09170834581232468 -0.0009762684629188137 0.9999932508144104 0.0035419243816381145 -0.35749001245641426 -0.0029726783783746956 -0.00354481248375768 0.9999892986850321 36.55167995736975
0.9999919114532744 0.002768641118773485 0.0029174739161846536 0.10036530399792196 -0.002785727018352648 0.9999788993521236 0.005868609797113283 -0.3666608075446909 -0.0029011645231736254 -0.0058766895299276044 0.9999785236491093 37.94631623783517
0.9999893809025859 0.004064095739949516 0.002172833796549818 0.10390305314562884 -0.004076797898540482 0.9999744399741726 0.00587359545451488 -0.3772419725547841 -0.0021489075831065303 -0.0058823912020803315 0.9999803896401109 39.35443290632963
0.9999788395546204 0.005589653799080956 0.003328094154998426 0.08783560121907438 -0.005608200267591294 0.9999686521518727 0.005589526890519798 -0.38018204554805435 -0.0032967465802800694 -0.005608073152030989 0.9999788402624676 40.81392639228738
0.9999543135809438 0.009250176348668385 0.0024093527002508434 0.11312132049420137 -0.009265040865974565 0.9999376536105571 0.006232810201318602 -0.39726487111326103 -0.002351548085916983 -0.006254848108960206 0.9999776732963802 42.19981681656412
0.9999549879927632 0.009133426664952713 0.0025695326437422134 0.10690356291224037 -0.009149347387181277 0.9999385889409546 0.006253623142695658 -0.4019742346191876 -0.0025122580447760326 -0.00627685111219693 0.9999771445858767 43.60061595339071
0.9999541950440973 0.009258950556550852 0.0024247969683981385 0.11774982008724982 -0.009275671344917453 0.9999326368099762 0.0069773761172134754 -0.41962844666659366 -0.0023600306401805353 -0.006999548038973453 0.9999727179160742 45.00615219311201
0.9999718541990765 0.0073231778929118245 0.0016315239360577853 0.12337228246913606 -0.007333553268852943 0.9999523307929926 0.00644632830373558 -0.42641782488117874 -0.0015842386837319304 -0.00645811164223667 0.9999778912436914 46.398872808834064
0.9995835144225893 0.02312771435923329 0.017259966760449608 -0.40767615621274206 -0.02306781609092823 0.9997271971845965 -0.003661573449375055 -0.33685443423501554 -0.017339943461667166 0.0032618986661970867 0.999844331082829 48.68862811483252
