1.0 -3.469446951953614e-18 0.0 -1.7787691892340307e-19 0.0 0.9999999999999999 -3.5405977195229754e-19 0.0 2.168404344971009e-19 -2.354751593366955e-19 1.0 0.0
0.9999998184236251 -0.0001920850232811945 -0.0005711877703400902 0.0023623220759034095 0.0001924746445146272 0.9999997488292218 0.0006821250560820844 -0.022605926090915572 0.0005710566496940094 -0.0006822348851515522 0.9999996042253559 1.3271691435190551
0.9999996106291743 -0.0006537789352943687 -0.0005927180634304468 -0.007919513178060316 0.0006544457365945475 0.9999991525635218 0.001125420722648312 -0.03902273942997718 0.0005919818357649513 -0.0011258082084223669 0.9999991910569219 2.628002273801946
0.9999985244154309 -0.0013027885225958633 -0.0011197808784350139 -0.009237918093241298 0.0013039059154677044 0.9999986522689209 0.0009976409880589597 -0.0746863043332523 0.001118479749464476 -0.0009990996244713523 0.9999988754018504 3.9515879976599413
0.9999969840029218 -0.002422628686285889 -0.0004035569838560561 -0.021621903692527613 0.0024229493496583793 0.9999967481491934 0.0007956153640401588 -0.09660933814404978 0.0004016282256994693 -0.0007965907767708558 0.9999996020692468 5.265730289441853
0.9999969196014639 -0.0023375919807520455 -0.0008345378529350687 -0.02249659853998618 0.0023389462179549663 0.9999959438812642 0.0016252839416486318 -0.1121683150002196 0.0008307352889290206 -0.001627230905239804 0.99999833099864 6.577540980657726
0.9999927017995921 -0.0037527516212689984 -0.0007163845861385446 -0.02300887647820356 0.003754700673357425 0.9999892009346386 0.0027386550087601545 -0.1561174588048626 0.0007060994199882974 -0.002741324882927371 0.9999959932735432 7.933438274131631
0.9999939830363157 -0.003443942333073765 -0.00041612084280716593 -0.04756500259514214 0.0034453231642848255 0.9999884067927055 0.003363929693393199 -0.17292172993926952 0.0004045308759129853 -0.0033653431875517504 0.9999942553941567 9.238989640845592
0.9999942857518552 -0.003251324125629472 -0.0009259363816889193 -0.04530973795823809 0.003253388647138181 0.9999922062454428 0.0022367176137187755 -0.1929205345866291 0.0009186569509066485 -0.0022397173058740674 0.999997069864547 10.589014727846234
0.9999996160146342 -0.0004422210612773751 -0.0007565782293472894 -0.06774456526542956 0.0004422660858298486 0.999999900441362 5.9306490911117866e-05 -0.20793586101633882 0.0007565519914572306 -5.9641078482977625e-05 0.999999712036579 11.888526870638627
0.9999963803294576 0.002509857811902376 -0.000969502805512278 -0.06716228751663408 -0.002510581199839831 0.9999965706175374 -0.0007454795707306624 -0.2362447242425263 0.0009676285139885342 0.0007479108998888017 0.9999992521626274 13.244109985897081
0.9999797251055361 0.0063222388967213924 -0.0007606964549553166 -0.09112183005147637 -0.006322933387839167 0.9999795928054769 -0.0009135091473067397 -0.2752938928062606 0.0007549055708473988 0.000918300471661568 0.9999992934212096 14.579513471036751
0.9999810033592775 0.00615128732761424 -0.00039315608591747623 -0.11332219582154052 -0.00615103180851483 0.9999808717187395 0.0006488579816531733 -0.2876561011886564 0.00039713991108365895 -0.0006464273577158043 0.9999997122060984 15.930889371145602
0.9999847134256146 0.005529242400679866 1.956057681111868e-05 -0.1130512633821791 -0.005529275561492989 0.9999809817348219 0.0027319024264364877 -0.3264895415516502 -4.454852590049432e-06 -0.0027319688789028827 0.999996268156391 17.263204908205882
0.9999999685689195 -0.00024853829525277316 -3.303370601067963e-05 -0.12381405448936117 0.00024870351432731974 0.9999869705259289 0.005098717813011779 -0.33143368303133797 3.176605580609403e-05 -0.005098725968681849 0.9999870009083438 18.637062017161412
0.9999980820319755 -0.0018844205141308641 -0.0005337543365145552 -0.10997037424640216 0.0018859626014366918 0.9999940070324264 0.002903281059190367 -0.3757956087318158 0.0005282801824886903 -0.002904282187736705 0.9999956430237166 19.966249758604615
0.999996563383237 -0.002617049423746307 -0.00015581272098524196 -0.12323711615345241 0.002617164681461698 0.9999962991444078 0.0007430629811278835 -0.3819333677055048 0.00015386752558551242 -0.0007434682278307454 0.9999997117900226 21.323496114618475
0.9999999558836288 -0.0002818009545911323 9.39231562967931e-05 -0.13396397241707775 0.00028182899200993733 0.9999999157519174 -0.0002984428958908313 -0.4468676281773102 -9.383905504499468e-05 0.0002984693591679041 0.9999999510550448 22.69607523345628
0.9999936579244718 0.0034416718366826627 0.0009159698496586264 -0.15210626287411125 -0.0034430879330562512 0.9999928733090039 0.0015487035851511613 -0.4370883597765631 -0.0009106332682340984 -0.0015518475603731048 0.9999983812562552 24.038867216706514
0.9999957204976931 0.002442432651410002 0.0016104368747539223 -0.16078105998299758 -0.0024517330271623854 0.9999801829618453 0.005798507710558968 -0.4456917088508143 -0.0015962426264529634 -0.005802431372040665 0.999981891735472 25.419798154876233
0.999998125514605 -0.0001376527709127072 0.001931326449859524 -0.15355336970152775 0.00012472358959161704 0.999977593929479 0.006692987453143953 -0.46684247108428983 -0.0019322046425407882 -0.006692734155502605 0.9999757366525781 26.813047762038128
0.9999897998886553 -0.004178208532308729 0.001715430020454206 -0.15767391113496432 0.004168025853579154 0.9999739239818621 0.005897364640101589 -0.49381961450778644 -0.0017400258501054228 -0.005890154641128712 0.9999811390158312 28.175239098183454
0.999991885105976 -0.0036465685253020963 0.0017123865319774634 -0.1614105385948312 0.0036407064079783825 0.9999875440712548 0.0034142280903100447 -0.5133107210405033 -0.00172481556204615 -0.0034079661505656434 0.9999927053615361 29.53395421893288
0.9999888906636338 -0.003931676306057983 0.002600092219094376 -0.1687103484965155 0.003927388917477093 0.9999909230628897 0.0016520903308084004 -0.5514594402178458 -0.0026065643212993214 -0.0016418604310450202 0.9999952550455501 30.90924560190012
0.9999942498844246 -0.0019268788412986574 0.002790581037784681 -0.18217966053576407 0.0019242418478742657 0.999997699874497 0.0009473837613291843 -0.5487233948463208 -0.002792400347904989 -0.0009420085757692037 0.9999956575489035 32.30601909014495
0.9999950329217506 -0.00013574253286862195 0.0031489220369804206 -0.1870002683915603 0.00014124430077057729 0.9999984639636594 -0.0017470318588789706 -0.6039001026832919 -0.003148680321094585 0.0017474679856347435 0.9999935160608415 33.68556600541752
0.9999937959327636 0.00026174285579332827 0.003512775336567614 -0.19530416834673442 -0.00025631790538870915 0.9999987740774928 -0.0015447152573643313 -0.6076392377270501 -0.0035131756465261147 0.0015438053197173274 0.999992637101655 35.077192883546275
0.9999949456559102 -0.0012442058442299689 0.0029258537441068794 -0.19467732746660904 0.001241422223018554 0.9999987752919166 0.0009530390680758862 -0.6272075897529588 -0.0029270361840697963 -0.000949402046606926 0.9999952655344496 36.463107540091805
0.9999918121016911 0.003084228845796888 0.0026197823949832746 -0.21930085072164773 -0.0030897649831558207 0.999992996980177 0.002111716888326402 -0.6821215466291286 -0.0026132512497765627 -0.0021197941517259776 0.9999943386777753 37.86457441024258
0.9999874287807601 0.004298382992118493 0.002581894516246655 -0.2014389707493171 -0.004305656758933793 0.999986759472248 0.0028181922786072043 -0.6813452246434938 -0.002569746875990459 -0.002829273659032999 0.9999926957776777 39.250724892033695
0.9999737803437387 0.006586463031021454 0.0030095049597549887 -0.22465937001706998 -0.006595131002745759 0.99997410670448 0.0028792673727994524 -0.708910116397902 -0.0029904630964373686 -0.00289904001861096 0.999991326309463 40.66662710454958
0.9999534221511407 0.009130276275779982 0.003129147975020766 -0.23405428207551726 -0.0091407218582312 0.9999526444208868 0.0033400807112634267 -0.7447896586921567 -0.0030985041924261013 -0.003368527879645513 0.9999895260893596 42.098723876032814
0.9999379846526437 0.010802503725977308 0.002707903329189327 -0.2297416350799093 -0.01081170087916903 0.999935755052401 0.0034048371926599444 -0.7627686719628661 -0.0026709488172340567 -0.003433903155085301 0.9999905371245928 43.489214731754195
0.9999562647589219 0.009122950049790761 0.002059207208084835 -0.24238254487658661 -0.009128722488582952 0.9999543808407348 0.0028111710781375168 -0.7847701307925538 -0.0020334672655852298 -0.002829846123149552 0.999993928471351 44.90607386835919
0.9999663124174661 0.008133640859196784 0.0011035853613644891 -0.24032550531056063 -0.008136971095016293 0.999962252042985 0.003046999740829075 -0.8127332147967996 -0.0010787605908867558 -0.003055877002541861 0.9999947489313987 46.29186060772515
0.9999657995432647 0.008229278295799536 0.0008238361196904319 -0.25929344780025515 -0.008232476867320638 0.9999582840521483 0.0039568291608982585 -0.8249443310949374 -0.0007912399684288085 -0.003963476131108969 0.9999918323646209 47.732885990490836
0.9999584704842893 0.009106982966081067 -0.000346622619645829 -0.26757389995286635 -0.009105230428051952 0.999947209340041 0.0047616521239719 -0.8637940923199965 0.0003899686422280293 -0.004758298397118541 0.9999886031963184 49.12820718815814
0.9999553117070952 0.009369695572555724 -0.0012583205662835772 -0.2740164420002487 -0.009363945501450723 0.9999460282694759 0.004500787997118566 -0.8888717046443291 0.0013004237788570776 -0.004488804116087506 0.9999890797097486 50.55190103215421
0.9999398951408976 0.01069069240253153 -0.0024321127730094136 -0.2838286336208848 -0.010679386028565553 0.9999323216586277 0.004615499982717093 -0.9110760364246046 0.002481291274987837 -0.004589249198233039 0.9999863909027854 52.00018010415779
0.9999434174689171 0.009964788758185714 -0.003723548854050473 -0.3018404263947309 -0.00994264801999095 0.999933056820074 0.005918247191473569 -0.9439270833287692 0.0037822739947024663 -0.005880890513046795 0.9999755544705655 53.403529641689545
0.9999512067142141 0.008863714621173671 -0.004361046446225952 -0.311455223100866 -0.008831424394791194 0.9999338516804287 0.00736873286000249 -0.9466555205038872 0.004426072694938819 -0.0073298592182007485 0.999963340855491 54.88397457060227
0.9999698660480792 0.005736534779535816 -0.005230596784724377 -0.32738988390851775 -0.00569547039223745 0.9999531075918647 0.007832256598147708 -0.9444863648517576 0.005275281973579831 -0.007802230034646684 0.999955647326088 56.28304998858233
0.9999843850223057 0.0023218045988671644 -0.005083199865474869 -0.355666679221871 -0.0022829576969823004 0.9999682488286954 0.00763475215526941 -0.9573971593203472 0.005100765307674872 -0.007623028364701247 0.9999579349373023 57.699194996989476
0.9999825760295933 0.002073732742307278 -0.005526957122654934 -0.3486102445651532 -0.0020371930932372414 0.9999760875603544 0.006608642341457372 -1.0097777322182278 0.005540529991067092 -0.006597267849916913 0.9999628886099826 59.13894557884015
0.9999823591018348 0.0025952165560088674 -0.005342875714903647 -0.37278531927421804 -0.002550977014929676 0.999962546140103 0.00827035884027124 -1.0267007428572867 0.005364139435607298 -0.008256583559656167 0.9999515262497547 60.568740722487334
0.9999868700782695 0.002115751039081094 -0.0046672535701100994 -0.38236292303373187 -0.0020728753649896584 0.9999557850355912 0.009172304088989067 -1.0726092306956192 0.004686453922895115 -0.009162509208429058 0.999947041391007 61.999698541138095
0.9999928002983149 -0.0011533569601282923 -0.003615123014068619 -0.3852209749070787 0.0011826693550208208 0.9999663602845161 0.00811662419478089 -1.082434130964956 0.0036056403487202413 -0.008120841414820721 0.9999605248715845 63.38641809420842
0.9999898348282364 -0.0028044471209861394 -0.003530625176350205 -0.4069403181456186 0.0028335601887089345 0.9999618048691317 0.008267994497194921 -1.0736499918421958 0.0035073034735952323 -0.008277914854413017 0.9999595866618476 64.84542955075835
0.9999897215932291 -0.003231292492886128 -0.0031804804004920318 -0.4189370945275857 0.00325815118383636 0.9999587688527017 0.008476145251159889 -1.086593440500799 0.0031529606346703356 -0.00848642078322911 0.9999590189151771 66.30693927687297
0.9999968792126297 -0.0010653607250868946 -0.0022597719563913917 -0.42148506772327066 0.0010825352341032862 0.9999704384276052 0.007612514993477242 -1.140560085082722 0.0022515952760118183 -0.007614937670304386 0.9999684710274949 67.58926338174108
0.999994861858064 0.0027078834570578806 -0.0017156972044885743 -0.4426824107566777 -0.0026919078593373776 0.9999536277703602 0.009246401616346668 -1.161333944057397 0.001740655976166163 -0.009241735793874627 0.9999557792433466 69.07965664689394
0.9999679441480182 0.007945983018369972 -0.000985906508693622 -0.4597722290206745 -0.007935423490467516 0.9999155829459938 0.010288636896749737 -1.2114836085164136 0.0010675767134666052 -0.010280483709638561 0.9999465845433331 70.34800782228342
0.9998979083331648 0.014277911697874523 0.0005604577551963743 -0.44793813765101553 -0.014283691009002314 0.9998234935628918 0.012204831931052562 -1.233800568517651 -0.00038609934183091556 -0.012211591576125917 0.9999253611957637 71.62324083449408
0.9999049005353953 0.01378843433020505 0.0002625445870936055 -0.47396932067919295 -0.013790446967567871 0.9998484256798162 0.010627759354876058 -1.2060387927957927 -0.0001159646321857279 -0.010630369487845551 0.9999434893033909 73.10390672869005
0.9998309157525012 0.018315878891698466 0.00163353502220057 -0.4630143518362105 -0.018331396122347146 0.9997814387596663 0.010051600660041292 -1.2467330354730186 -0.0014490742098072558 -0.01007984628180405 0.9999481470977227 74.4407214583035
0.999777424372259 0.020961931630291298 0.0023872742793347996 -0.48584076797565096 -0.02098566921265276 0.9997257413126385 0.010394416934446718 -1.2540871169534074 -0.002168732667576472 -0.010442202159028907 0.9999431268893677 75.69273753980865
0.9998852277304706 0.015006596219746725 0.002081682032915315 -0.5399044748116864 -0.015030014015521578 0.9998182282311814 0.01173069520031478 -1.1416826474848265 -0.0019052659880636857 -0.011760636793678001 0.999929026174053 77.0142729458971
0.9999025395852813 0.013738509782202455 0.0024828710312132865 -0.5504330782274726 -0.013768674010859789 0.9998261965110993 0.012569821627343734 -1.1631183513793442 -0.002309749068032761 -0.012602782666195791 0.999917914095958 78.32668396175168
0.9998514795075198 0.016902703232522243 0.0033641504462622214 -0.4816579743773317 -0.016937782949006625 0.9997994279180418 0.010687164530749412 -1.2624680168448186 -0.003182833982454399 -0.010742558739968582 0.9999372315296653 79.76428194380404
0.9998458502691812 0.01724221809536339 0.003313845419753397 -0.46953250860836715 -0.01727802464450185 0.9997891269098339 0.011098271058774468 -1.2703865773189538 -0.00312178806469259 -0.011153817196616437 0.9999329211507989 81.07227471929343
0.9998315080282785 0.018099841703846827 0.003057979299680158 -0.4278963979515847 -0.01813045062282987 0.9997826067209504 0.010296897858524123 -1.3133711909195482 -0.002870942529587568 -0.010350605672138287 0.9999423096613994 82.37779688617793
0.9997758405323465 0.021008810839077963 0.0026264987368090293 -0.4699331200422263 -0.02103004297171196 0.9997440964715303 0.008335401792573475 -1.4926349472298555 -0.0024507099285431847 -0.00838876889408966 0.9999618105590481 83.65724006402104
0.9997523112230422 0.02225568539406702 2.456736425755085e-05 -0.5805335031484606 -0.02225445649581126 0.9996841544341554 0.011676069671843438 -1.3542316872038398 0.00023529935650978698 -0.011673724621097885 0.9999318320727247 84.72327549851825
0.9998325279756505 0.018300297080511296 0.0001227896245228025 -0.5712988963940937 -0.01830050391617513 0.999766896375197 0.011456199882313051 -1.3785678478176462 8.689087495146247e-05 -0.011456528641228585 0.9999343680490925 85.53675346929522
0.9998561570110527 0.016705966893264403 -0.002928464918528121 -0.5914039496088408 -0.016668945418903076 0.9997861292482748 0.012240999206831889 -1.382497267369848 0.003132336606575574 -0.012190424258647074 0.99992078787974 86.26061024194708
0.9998563644537407 0.01562566751331175 -0.006564215199564285 -0.528534914283049 -0.015532258243697217 0.9997806771090034 0.014048012959077615 -1.3645433174043897 0.006782285680104205 -0.01394403837173618 0.9998797749804633 86.98598087002988
0.9998666383521322 0.010681909680036008 -0.01235322870452287 -0.4932833076434171 -0.010507064662404437 0.9998449154841603 0.014133173416834859 -1.3566900790314316 0.012502283259155596 -0.01400149271506507 0.9998238100552753 87.5198321706753
0.9997722518876379 0.015999228271608275 -0.014123348369545128 -0.5198158022357843 -0.01581301949970422 0.9997878423655809 0.013199193485781528 -1.4615892613357322 0.01433153012359432 -0.012972854890814912 0.999813138703912 88.8653046395823
0.999686127775548 0.018858536626191136 -0.016492465780807625 -0.577630574107092 -0.018690444027605477 0.999772390457268 0.01028759596257044 -1.6366551902168416 0.016682722360243537 -0.00997611568802996 0.999811064123152 90.21678285266097
0.9995978404458867 0.026022270737348734 -0.011269369433862718 -0.34218943461509366 -0.025857479732977473 0.999560039735012 0.014529892824479059 -1.542060702239826 0.011642513157863184 -0.014232652307455396 0.9998309274728042 91.48453668245332
0.9997324581759562 0.022177903725881645 -0.0065690618923639425 -0.06923462016398835 -0.022096127732483907 0.999680549540689 0.01227029224602109 -1.575226557316021 0.006839093349106558 -0.012121858860472984 0.9999031389884828 92.83995843811608
0.9998435505572406 0.01768815668216988 -5.8933273210245605e-05 0.1875474304727869 -0.017686707857313216 0.9997945718667918 0.0098992159478052 -1.5943070181910253 0.0002340200760909887 -0.009896625094202012 0.9999509998244827 94.23428574246059
0.9997588137882415 0.02148738080066586 0.004539455845122059 0.20881375209467687 -0.021530610680349456 0.9997211437167823 0.009698848948518142 -1.6697140784160294 -0.004329787487897479 -0.009794247182367235 0.9999426611864001 95.77938381296109
0.9997696544346928 0.02078836194272762 0.005336855178174244 -0.02519938101635219 -0.02085045082164648 0.9997123250393066 0.011854363010440747 -1.6617796863761278 -0.0050888875313227335 -0.011962908494499314 0.999915492450627 97.47298737832385
0.9995146571158701 0.02871329451923886 0.012082914978282394 0.3729720889554058 -0.028891619278743612 0.9994722072632451 0.01485198094073636 -1.6561794879877771 -0.011650089374454697 -0.015193867928793042 0.9998166940969119 99.20655364989953
0.9992012043352204 0.03474313381639639 0.019745069514044755 0.9197665239340949 -0.035019045868155116 0.9992913083772069 0.013803896490207995 -1.7425576703663261 -0.019251487342836104 -0.014484323788959362 0.999709750180998 100.6951252211271
0.9988129050770106 0.03911609348855284 0.02902949693181175 1.4771664330330578 -0.039534988003812534 0.9991201224242964 0.013998780281357487 -1.7709110350804431 -0.028456379324855757 -0.015129843518332419 0.9994805262442914 102.29852840561938
0.9982025820791975 0.04602662280672032 0.03838169935422134 2.2297290235361773 -0.04658070894660749 0.998821008912044 0.01366857416756779 -1.8252312445589849 -0.03770733254164596 -0.015431853102635956 0.9991696627954177 104.04283683941563
0.9974958163057271 0.054262215936855276 0.04536196634153476 2.7933984542561516 -0.054571760895766624 0.998494077072212 0.005612596926210974 -2.2332353636393947 -0.044989106567933944 -0.008074024497558773 0.9989548490911112 106.01904482944099
0.9966004295272324 0.06527897810374553 0.050261698783738054 3.0884459889041214 -0.06513302958688552 0.9978662711337657 -0.004538036112576609 -2.842755261828988 -0.050450696573481064 0.0012489120406691057 0.9987257719573842 108.00116658628215
0.9955522336225748 0.08151792954366884 0.047228980640207495 2.8896473149043675 -0.08060358945735915 0.9965259533849656 -0.02095438248303792 -3.8620611777695086 -0.048773066973421215 0.017054357232425803 0.9986642764055529 109.95072371495661
0.994040770642084 0.100333321338118 0.04261654639610321 2.544812204070288 -0.09848256679875433 0.9941869781288433 -0.04351364520091274 -5.3841575136964455 -0.04673468801111523 0.03905735126252733 0.9981434728483569 111.84735583460666
0.9900645176413471 0.13434388852301865 0.04152070633613937 2.472305754989042 -0.13112317568126386 0.9887162210540695 -0.07243582173010796 -7.175250546350784 -0.050783510173211956 0.0662718112739858 0.9965084456985432 113.36469118478969
0.9836764696510205 0.17929736936106835 0.015266107161995134 0.5133963450612875 -0.17686288503447545 0.9789738060696013 -0.10163566831072163 -9.014354712387119 -0.03316812987924579 0.0972766094445375 0.9947045474091419 114.76083771175377
0.9759838138606993 0.21674937777726933 -0.021801349830793765 -2.2176246065280734 -0.21778756314945444 0.968577761345583 -0.12010703872978097 -10.082787832715368 -0.004916823814741475 0.12197059082445538 0.9925215363355689 116.12479971741416
0.9681834246628203 0.24886218039174585 -0.026238652354564993 -2.511911959002429 -0.2501716891092271 0.9600991188236716 -0.12499524872879392 -10.278990838081983 -0.005914883735001442 0.1275824982870579 0.991810324900967 117.8828997806249
0.9590483429348102 0.2812908512675912 -0.03319227621545083 -2.8223805420993893 -0.2831319802711289 0.9487964714161988 -0.14007691779716164 -10.922193458879605 -0.007909641679752675 0.14373833341271997 0.9895841194458325 119.56453528339733
0.9422137874715649 0.33064157182864007 -0.05393812904494243 -3.5930621404185823 -0.3350080880199915 0.9291107098835913 -0.156597819705048 -11.765941773515012 -0.0016632561497660835 0.16561833730543354 0.9861885217563094 121.31934591411009
0.9413908949380366 0.3294037923245399 -0.07263825746018103 -3.98690768830297 -0.33686408010214747 0.9292320810466219 -0.1518233796105179 -11.491173566300533 0.01748660348883009 0.16739437001264704 0.9857349259126185 123.16492460031245
0.9173002455394853 0.38702394993851663 -0.09366274902744025 -4.898789007116865 -0.397937592504849 0.8994611878278045 -0.18059693905388 -12.978720074813138 0.0143506678640372 0.20293354907954553 0.9790873473847247 124.35132788900391
0.9262186817204054 0.35158295463771855 -0.13604546795091052 -5.988645513877691 -0.3703499242821847 0.9160140639284596 -0.1541401224453252 -11.854619688423005 0.07042652810876306 0.19315189324231952 0.9786380594927759 125.62074602374203
0.854120264663681 0.48085360390428844 -0.19813724003342606 -8.991479757867337 -0.5082614886428517 0.852509308009867 -0.12205800333878575 -12.66415869210492 0.11022181980524565 0.20495774626471025 0.972544844539309 126.97608990929909
0.7221473141118352 0.6322290323931445 -0.280694983445839 -13.078348229844247 -0.6734191918343687 0.7353105473957374 -0.0763218259788279 -13.592501414465639 0.15814512103972253 0.24414099472701564 0.9567577012026877 127.67824018933744
0.583033407710864 0.7352634658374578 -0.34562933208816365 -16.6610570361623 -0.786246096349735 0.6177960111330408 -0.012050122960739427 -13.1442700009247 0.2046684248109204 0.2787753421348523 0.9382937438460252 128.4494216051523
0.0948513904415507 0.9597298153345634 -0.2644273615633406 -19.519140319470058 -0.9901805553074461 0.11835736624195964 0.07439129819455148 -13.451132081937583 0.10269248202337976 0.2547747177869821 0.9615321625190281 129.52231109372124
-0.39626894781760724 0.9098489399310467 -0.12306816508250752 -21.821412888959106 -0.9181343364788629 -0.3926107085925323 0.053723603601331354 -12.306274363282936 0.0005624852260359013 0.13428210581792088 0.9909429852446885 129.23897428723353
-0.9300522571024893 0.362928549264579 -0.057320668247506715 -29.258791115653132 -0.36094799832865027 -0.9316331538811273 -0.04214518916677477 -7.5233402051590845 -0.0686975316438586 -0.01850744856080216 0.9974658509417172 128.72073080104906
-0.9831203293183817 -0.1777138996352037 -0.043499258971539154 -29.662458050844187 0.18209666588192797 -0.9734948627043203 -0.13837831682008656 -2.33534305554565 -0.017754554693934988 -0.1439636092492787 0.9894236986361581 129.65398915027126
-0.9339572988761088 -0.35300680250579797 -0.05576694777015473 -29.03880918745865 0.3573476209583888 -0.9201757169398047 -0.15993541180078247 0.35696755271486746 0.005142899247414392 -0.1693010345133671 0.9855509681893276 130.180388373719
-0.9058351762705366 -0.41927565392347277 -0.06058504121660617 -28.60808851991166 0.42358905521416224 -0.8944404985719813 -0.14334754460759874 2.5459573333791736 0.005912423136497001 -0.15551241158265705 0.9878162448589342 129.92566776377336
