1.0 -6.776263578034403e-21 8.673617379884035e-19 -8.673617379884035e-19 0.0 1.0 -1.828002979293187e-19 0.0 0.0 1.0683203047244863e-19 1.0000000000000002 5.551115123125783e-17
0.9999997609328668 -0.0006045316352606309 -0.00033567176852968787 0.0008173796576166348 0.0006050023138056827 0.9999988318071305 0.0014036942841376668 -0.01857989305489406 0.0003348228266244115 -0.0014038970103075637 0.9999989584824406 1.2749714875841887
0.9999978368183133 -0.0019566735062049503 -0.0007055400733073282 -0.01174617371001907 0.001957822024744843 0.9999967540600325 0.0016305839136153862 -0.029476061921138996 0.000702347320944461 -0.0016319616842456139 0.9999984217029594 2.6381620524508076
0.9999952991993519 -0.0030237652292684093 -0.0005083521647714882 -0.0035991156713336726 0.003024381057161469 0.999994689091483 0.0012144586599936022 -0.05069223498144051 0.0005046772682766433 -0.001215990383523952 0.9999991333334084 3.9119715561680874
0.9999924664262608 -0.0038814351695044325 -3.937329998414136e-05 0.0026740271363463047 0.0038814590512916045 0.9999922777133134 0.0006154602310138485 -0.06654105868477417 3.698412865655448e-05 -0.0006156084105787906 0.9999998098289956 5.230060581207239
0.999992951961955 -0.003739645832113449 -0.0003332775974671598 0.010240031002530486 0.0037401502350827348 0.9999918431128904 0.0015247906090637652 -0.08420544517849746 0.00032757272821096976 -0.001526026347736881 0.9999987819686105 6.557484407102429
0.999988581395512 -0.004777390860082305 -0.00011667423616353815 0.02313259513067531 0.004777715215422406 0.9999842222338838 0.002954441588292201 -0.10641337722777838 0.00010255787994662736 -0.0029549652452383 0.9999956288204869 7.89571633296594
0.9999895304546894 -0.004575872715739856 -1.917912894478565e-05 0.027119032742260366 0.004575913339582143 0.9999811304132887 0.0040987607524796115 -0.11614694787044709 4.2335794744278316e-07 -0.004098805542096274 0.9999915998596053 9.247423305245112
0.9999857330838067 -0.005338615842300163 -0.00018112664848526916 0.03055514603789828 0.005339085663301147 0.9999821078687886 0.002697797511169117 -0.11603397233062648 0.00016672091526684623 -0.0026987260324841675 0.9999963445333031 10.550289116985962
0.9999965504597145 -0.0006978327183915516 0.0025322121882281655 0.050976421113312756 0.0006913050075616152 0.9999964383714269 0.0025778564419458197 -0.13929185773051386 -0.002534002294464403 -0.002576096981115692 0.999993471255853 11.8606235384147
0.9999950006102059 0.0031073512164339063 -0.0005857659975010551 -0.028387331701100416 -0.0031031392045535308 0.9999702639747213 0.007059865446064642 -0.031227179185396546 0.0006076861126327006 -0.007058012335995654 0.9999749072721518 13.305877286474676
0.9999936842720737 0.0035533233208393227 -7.285650078434503e-05 -0.007285152611043025 -0.003552684740229912 0.9999661209612186 0.0074253194041664335 -0.01846394423590119 9.923860266088796e-05 -0.007425013564843077 0.9999724292795227 14.666629103004485
0.9999904931464024 0.004312785196843821 0.0006430389154431304 -0.007670458686337145 -0.004317537755746732 0.9999619386562977 0.00758156412263927 -0.03270681138437792 -0.0006103168325701687 -0.007584268281606899 0.9999710527717945 16.003350551754764
0.9998537622518693 0.015244753699110318 -0.007749294449985018 -1.8257403865784914 -0.015210349934940368 0.9998742817320533 0.0044795102272100285 0.41178124158536383 0.007816609912313081 -0.0043609856131602755 0.9999599404069722 17.83530317046697
