1.0 -6.776263578034403e-21 8.673617379884035e-19 -8.673617379884035e-19 0.0 1.0 -1.828002979293187e-19 0.0 0.0 1.0683203047244863e-19 1.0000000000000002 5.551115123125783e-17
0.9999997609328668 -0.0006045316352606309 -0.00033567176852968787 0.0008173796576166348 0.0006050023138056827 0.9999988318071305 0.0014036942841376668 -0.01857989305489406 0.0003348228266244115 -0.0014038970103075637 0.9999989584824406 1.2749714875841887
0.999998955391719 -0.0014440744725798408 6.216275695703107e-05 0.015716850451889933 0.0014439615463131383 0.9999973695988601 0.0017820695663301814 -0.02799047734688543 -6.473604055066192e-05 -0.0017819779180462338 0.9999984101800357 2.593226845338064
0.9999969489379885 -0.0023846142703436513 -0.0006447702344362606 0.005662430069724805 0.00238579356967355 0.9999954719950443 0.0018341156918637166 -0.0471524756685225 0.0006403937092409658 -0.0018356483574934951 0.9999981101431771 3.9107880016506367
0.9999971484290541 -0.002385464285443869 -0.0001126645544579502 0.01623906728081732 0.0023856915645017 0.9999950323812504 0.0020600220084869376 -0.06250551615496733 0.00010774989402637797 -0.0020602848867626415 0.999997871805062 5.227965997526436
0.9999952002951198 -0.0030569026180372457 -0.0005047097932117349 0.017868131858388633 0.0030582859991441147 0.9999915071445664 0.0027627031133722153 -0.07407578396874984 0.0004962602328728088 -0.002764233359478347 0.9999960563611442 6.546571267163653
0.999990655179764 -0.004317217539299558 -0.00022623869328476567 0.02764683700792044 0.004318133180587817 0.9999817962377001 0.004214371147051844 -0.09144510793192706 0.0002080402337363797 -0.004215308631428782 0.9999910939049478 7.874029673348233
0.9999922075565074 -0.003928803613295337 -0.0003864282040319947 0.03349891466549122 0.003930774527857416 0.9999785554447052 0.005238097746264234 -0.1077613408902822 0.00036584048913226343 -0.0052395758141760744 0.9999862064058839 9.212636302914502
0.9999941138403018 -0.003361840880289399 -0.0006857909551046112 0.035142889890708726 0.0033645883063071888 0.9999861598793648 0.004044700173791408 -0.12115044923116929 0.00067218388037455 -0.0040469837110026765 0.999991585009014 10.533190599356724
0.9999982107960427 0.0001473180951457921 0.001885922194644573 0.04514882751671483 -0.00015493508006150542 0.9999918297961281 0.004039348863539155 -0.1367434815804924 -0.0018853118749329713 -0.004039633773349595 0.9999900634279077 11.829533393890307
0.999997081309196 0.0023533110035612237 -0.0005470828324791047 0.0325796433177972 -0.002352241582568037 0.9999953367377928 0.0019476817497015703 -0.13096061069586157 0.0005516638292252865 -0.0019463891662998996 0.9999979536154188 13.215172018829678
0.9999891806352088 0.004580655694088423 -0.0008100638855743428 0.027384665384491413 -0.004579698703183044 0.9999888170793718 0.0011798639385504181 -0.15660995752255288 0.0008154594470973853 -0.0011761413084976002 0.9999989758579874 14.568646361580411
0.9999849842542861 0.005455095471614436 0.000522682126168298 0.02811985505937052 -0.005456220713503667 0.9999827491662948 0.0021750930770025527 -0.17467572223807137 -0.0005108078098953811 -0.002177912254912204 0.9999974978827638 15.90583233051158
0.9999653596646618 0.007665968796349234 -0.003242280863983227 -0.038891814856139476 -0.00762505898215805 0.9998934548464513 0.012447387178727305 -0.09277079362261761 0.003337356978603329 -0.012422233235808565 0.9999172716584799 17.286640738144445
0.9999993998202585 -0.0010822317676419649 -0.00017068491748843673 0.02462232663793372 0.0010836324232630552 0.999963873830502 0.00843070470642869 -0.17929278106257246 0.00016155478797849794 -0.008430884483888306 0.9999644464079077 18.638455152071444
0.9999944786763059 -0.003309966265425281 0.00029451529271834996 0.05047106297217578 0.003308335755862108 0.9999800792928173 0.005375494154159319 -0.21384204396231457 -0.00031230215741373697 -0.005374490040360467 0.9999855085548949 19.97864805386529
0.9999918421847945 -0.003931589061271537 0.0009263746996115811 0.06661051895698136 0.0039282051821768705 0.9999857063354681 0.0036271659880995036 -0.22154780610323171 -0.0009406220646243921 -0.003623497355209653 0.9999929927224365 21.331965701220074
0.9999983635399443 -0.001801808924797748 0.0001624862314836481 0.05537687584367321 0.0018012651501176761 0.9999929725665975 0.0032878966084751047 -0.24168093468905194 -0.0001684092658233013 -0.0032875984992135577 0.9999945816512484 22.711967707514432
0.9999995569077661 0.0004929323342279841 0.0008019988894527545 0.05207145582134835 -0.0004963084791393671 0.9999909942587982 0.004214864468823411 -0.24401567498976806 -0.0007999140906915754 -0.004215260579145396 0.999990795813725 24.05473096737311
0.999998042354031 0.0005194905215021568 0.0019092978062925092 0.06739762675544377 -0.0005349789857098459 0.9999668845954679 0.008120561354454131 -0.2533374401728699 -0.0019050161838250644 -0.008121566773951308 0.9999652049242883 25.44074127131753
0.999996821687469 -0.0008394050339094754 0.0023773965863352247 0.07590624541274771 0.0008147777770251925 0.9999461980068545 0.010341046263616878 -0.25902330026677867 -0.0023859492040681964 -0.010339076196732423 0.9999437037855675 26.805719330892703
0.9999898311064362 -0.003900326101915704 0.002263876977988329 0.0702085453362471 0.0038760252074969506 0.9999358677074511 0.01064128335680284 -0.27127621105256894 -0.002305236460055025 -0.010632400147745068 0.999940817219833 28.22201480487294
0.9999824578864306 -0.005510542197997577 0.002172059289792883 0.08410333282377988 0.005496080327570612 0.9999630561130769 0.006609048219421151 -0.2780590880031365 -0.0022083986714977934 -0.006596994373795933 0.9999758010245753 29.601473012147384
0.9999857259652921 -0.004309796835144703 0.003158087311516778 0.09376234617462317 0.004292230094483902 0.9999753956031002 0.0055484191866030175 -0.2938443064560937 -0.0031819224361508912 -0.005534784669877065 0.999979620554078 30.971258468774
0.9999898651273689 -0.002709033397381026 0.0035959394023858038 0.09564207777410011 0.0026946524294774684 0.9999883768100455 0.003998136678808399 -0.3010442424530174 -0.0036067289949124354 -0.003988406293065964 0.9999855419543846 32.35525310325374
0.9999924167946005 -5.8970543381888035e-05 0.003893953776020069 0.10244140240380126 4.901801055278442e-05 0.9999967323753431 0.0025559416649413025 -0.31864928709465334 -0.0038940921034529836 -0.002555731371818822 0.9999891520820015 33.714851483879045
0.999990596366219 0.0003477391037039778 0.0043227603161897265 0.11712138653512572 -0.00035912165792678245 0.9999964700530586 0.0026326631105690074 -0.33118784939190266 -0.004321829938984795 -0.002634190712739291 0.9999871913295536 35.11759406981915
0.9999909486397758 0.00040153889384616966 0.004235729590583163 0.11582527261423628 -0.0004199932685594966 0.9999904207467811 0.0043568364370605624 -0.3507256507809211 -0.004233939930611231 -0.004358575916634897 0.9999815381121331 36.49850088185632
0.9999924146011331 0.001477995776119307 0.0036036465948184465 0.1371196117354879 -0.0015014296200514818 0.9999776906069957 0.006508763545055969 -0.3701942713778157 -0.0035939465750763765 -0.006514124701170416 0.9999723244779349 37.90204368649377
0.9999890379480594 0.0033964101375819344 0.003223101168848002 0.13095301875261048 -0.003417056562426516 0.9999735409836197 0.006421920543274538 -0.3712397785988899 -0.00320120467960079 -0.006432863572339957 0.9999741849414279 39.299728717157016
0.9999806163711675 0.005346799985453027 0.0031903933050134166 0.12093914525277535 -0.005367082082474596 0.9999652269038094 0.006382744011084474 -0.3789363085647687 -0.0031561553719776717 -0.006399743301433686 0.9999745406576015 40.71570770815632
0.999963032574929 0.007812657839001392 0.003591079973115276 0.13578638903893794 -0.007837307955521886 0.9999454679598081 0.006902008569868109 -0.39121919770431524 -0.0035369614062484224 -0.006929897721167221 0.9999697327497499 42.11539247251355
0.9999620904765948 0.008061652909338957 0.0032904948025990494 0.13294787113967324 -0.008083110234443934 0.9999458107787582 0.006560399886532051 -0.3933777638714949 -0.003237429094651156 -0.006586748523272966 0.9999730665328085 43.53922731479297
0.9999601013862707 0.00851422651937348 0.0027025128420029437 0.1520863015225718 -0.008534435538362278 0.999935031235394 0.0075562379318994495 -0.4130483909217006 -0.0026380019595677465 -0.007579000761996835 0.9999677993247659 44.94474254457884
0.9999751361578245 0.0068015759418220915 0.0018616193861860555 0.16435221989020027 -0.006814776270635588 0.9999510136748979 0.007178376233965564 -0.4207668169607276 -0.0018127040705707793 -0.007190884168737008 0.9999725022631882 46.33717697769061
0.9999635642378139 0.008397677861106448 0.0015327089811662921 0.15481738046475702 -0.008409964531872609 0.999931066887777 0.00819353299912144 -0.43781587157655527 -0.001463796795673971 -0.008206124372439996 0.9999652578037349 47.771695613815034
0.9999710596140328 0.007600889057645439 0.0003262121391210482 0.16066363982071163 -0.00760334475159783 0.9999363667613257 0.008333762018288 -0.44236314351430733 -0.00026284739994282547 -0.008336001020090435 0.9999652203907746 49.1707506570784
0.9999701631818824 0.007714887015869669 -0.00039148219824068804 0.16511879143753933 -0.00771109207786325 0.9999305335495241 0.008914434793137001 -0.45134968864905955 0.00046022890190575497 -0.008911149931918272 0.9999601890020018 50.620956456445775
0.9999681323225609 0.007956512183850482 -0.0006544055916598073 0.15710538349317713 -0.007950004577768496 0.9999241211319475 0.009410070133489367 -0.4589493243182072 0.000729227337690202 -0.009404567594288865 0.9999555101744139 52.02866223682228
0.9999551885777431 0.008874969139310731 -0.0032948064089689984 0.1733879532366832 -0.008839404707964854 0.999904148600816 0.010656385512991978 -0.46739603405105146 0.003389065976723675 -0.010626783705723819 0.9999377909114725 53.465942899857595
0.9999674877652072 0.007230748059967899 -0.0035692698722018324 0.1672678292715046 -0.007187859366075009 0.9999035204258875 0.011886317059915923 -0.47458686789204674 0.003654872783245897 -0.01186027502893167 0.9999229849209341 54.9156188184159
0.9999782696394947 0.0049218541051714 -0.0043858403136658765 0.17575667289505922 -0.004869816980410408 0.9999185470791793 0.011797631220235427 -0.4797537688373301 0.004443549667693803 -0.011776016444229572 0.9999207870106513 56.35427992359446
0.9999827895253017 0.0018098454470498102 -0.005580780191813633 0.18292941896900194 -0.0017470178838891136 0.9999352775029754 0.011242274846697433 -0.4793638020974608 0.00560076623940665 -0.011232331476692512 0.9999212299686744 57.77325329417047
0.9999852949554192 0.0017380965640807213 -0.005137011655474705 0.17375357602467134 -0.0016770814729824978 0.9999282837031531 0.01185811363540525 -0.492070245241134 0.005157254227094835 -0.011849323902974038 0.9999164946362258 59.253432962981684
0.9999918184338096 0.0005355021581230344 -0.004009526150150585 0.15719823005334244 -0.0004858761360981488 0.9999233977751462 0.012367801634596581 -0.4964993920952537 0.004015842332480642 -0.012365752134553218 0.9999154770161102 60.645020027316924
0.9999919935701759 -0.0009004913581257034 -0.003898962425603227 0.17261389946106337 0.0009537583596994858 0.9999059479475457 0.013681579466728131 -0.5099484262879398 0.003886275901227746 -0.013685188395759447 0.9998988011136234 62.066365164423914
0.9999893575790916 -0.002980728608830639 -0.003521360851772926 0.1714330674451956 0.0030282416897408977 0.999903400863176 0.013565349527684865 -0.5128930975025858 0.003480586356329386 -0.013575868494068437 0.9999017858286039 63.479122101065904
0.9999906279943629 -0.0032153423381473794 -0.00289922304302631 0.16094786404876626 0.0032526781354168363 0.9999106430966719 0.012966337945328173 -0.5128514834548327 0.002857273000187179 -0.01297564647559079 0.9999117303940451 64.9220617431068
0.9999889694926077 -0.003974935041242396 -0.0025021553696296227 0.17006706955317175 0.004006644975820311 0.9999100738819044 0.012798084178672656 -0.5259803188874818 0.0024510590110792844 -0.01280796807128366 0.9999149705117552 66.3584872691759
0.9999958902015025 -0.002219667873990808 -0.0018145669385299448 0.1667135900552152 0.002242443604170294 0.9999175050084468 0.012647317353238399 -0.5313351326747422 0.0017863445506172727 -0.012651334255681154 0.9999183730206623 67.75320532469729
0.9999993105660921 0.00042775035074868337 -0.0010935704980925848 0.1607175336636107 -0.0004123271358782445 0.9999009964471589 0.014065109429175139 -0.5349902978686689 0.0010994786784343132 -0.014064648619808577 0.9999004834449464 69.20387726812201
0.99999381358175 0.003507382128393474 -0.00026658490590940505 0.1529622408951296 -0.0035028420579152507 0.9998743522632062 0.015459941767707597 -0.5318199377586553 0.00032077536168388047 -0.015458912098011512 0.9998804524169504 70.58359911304998
0.9999797100170519 0.006356557513635089 0.0004168056659916682 0.15724724112840172 -0.006362342009868109 0.9998553588580875 0.01577282427927968 -0.5443790064608915 -0.00031648453830291495 -0.015775155881900437 0.9998755143913838 72.05105410370267
0.999915256025898 0.012992092966636117 0.0008284145633802292 0.14187840422815828 -0.013003707957389926 0.9997869427486065 0.016030368694571088 -0.544883928197101 -0.0006199700705522213 -0.016039782448661246 0.9998711622007617 73.45592373392157
0.9998782884143097 0.01551833159840344 0.0016092603358092037 0.13945081353182798 -0.015541609950993551 0.9997570208450909 0.015631943879350248 -0.553284321681369 -0.0013662877393039348 -0.0156550515633611 0.9998765186778007 74.85068517285414
0.9998497613155812 0.017138114433352232 0.0025961129506610206 0.14666247775773888 -0.017176095026259715 0.9997340133000615 0.01539105109907226 -0.552464350365386 -0.0023316490132752107 -0.015433329630298089 0.9998781804472286 76.24961040027428
0.9998526401445429 0.01694970101558783 0.0027213238877483057 0.15183887465311868 -0.016991446184255465 0.9997255386616298 0.016128798710856346 -0.5525224175290808 -0.002447198872524207 -0.016172660970810583 0.9998662191708423 77.64934358119432
0.9998850454201569 0.014929674904913004 0.002645889439282981 0.16282516632199695 -0.014970820408462152 0.9997553883822995 0.016279986924877442 -0.5530870338076248 -0.002402187507564128 -0.016317726367967703 0.9998639713907984 79.0361188458742
0.9998931392372082 0.014418688086219184 0.002410709495571319 0.16772364403125 -0.014454960087730872 0.9997710917121068 0.01577397670156009 -0.5563945684003269 -0.0021827177918750836 -0.01580713756574821 0.9998726769592432 80.47024339942298
0.9998924470826275 0.014486907813512901 0.002285552222600693 0.1754543561675737 -0.014520599956917622 0.9997746451803797 0.015485834382602594 -0.5663142569397239 -0.0020606954746581587 -0.01551735620348062 0.9998774750816133 81.85168361767502
0.9999003502449278 0.013677862122531277 -0.003493658115248044 0.2105136756558662 -0.013616506579024402 0.9997624168796116 0.01702059276662817 -0.5035217739502752 0.0037256337190442294 -0.016971325006849215 0.9998490354884574 87.33815616110422
