1.0 -6.776263578034403e-21 8.673617379884035e-19 -8.673617379884035e-19 0.0 1.0 -1.828002979293187e-19 0.0 0.0 1.0683203047244863e-19 1.0000000000000002 5.551115123125783e-17
0.9999997609328668 -0.0006045316352606309 -0.00033567176852968787 0.0008173796576166348 0.0006050023138056827 0.9999988318071305 0.0014036942841376668 -0.01857989305489406 0.0003348228266244115 -0.0014038970103075637 0.9999989584824406 1.2749714875841887
0.9999989704489634 -0.0014184294732932162 0.00021716059950687653 0.016993408379449175 0.0014180566017419835 0.9999975354115542 0.0017082996672778377 -0.028610459814281293 -0.0002195831857892171 -0.0017079899374621969 0.999998517275027 2.591299262894821
0.9999969584790118 -0.0023724391617405824 -0.0006742138383454329 0.002726143304941902 0.002373748987072237 0.9999952847458047 0.0019482822962800688 -0.047385652485278554 0.0006695885332671314 -0.0019498767562537154 0.9999978748130813 3.9110492574916025
0.9999964501735723 -0.002639206149946011 -0.00036637455900425785 0.014407731073068464 0.002639976106746659 0.9999942754486103 0.0021165061844836755 -0.06247894597528435 0.0003607865948079573 -0.0021174658601559224 0.9999976930823066 5.22902751939374
0.9999945386155331 -0.0032404066950606136 -0.0006500017252752573 0.016849930601119563 0.0032422521395791422 0.9999906598668664 0.002857968384921054 -0.07354920348600082 0.0006407347267862289 -0.0028600602038893843 0.9999957047471546 6.545231769219871
0.9999899633018732 -0.004465064344008721 -0.00036945069212956667 0.024490902747558982 0.0044665827805060055 0.9999811398850111 0.004215390583944735 -0.09134475351691163 0.00035062176182284674 -0.004216998395497857 0.9999910469528135 7.8741006654073455
0.9999901234094616 -0.004425251563843982 -0.0004125894244680203 0.0290782313377225 0.004427299040306782 0.9999771938721896 0.005100074966613681 -0.10677615289113468 0.000390010931259812 -0.005101851177273363 0.9999869094154059 9.211642945122982
0.9999936367297512 -0.003432873943508165 -0.0009705023887484985 0.03426075844870035 0.0034367072919448956 0.9999861908391923 0.0039758242099681915 -0.12164781968716529 0.0009568405624968178 -0.003979134185063836 0.999991625437257 10.534568471110472
0.999998828388767 -3.4956409975304934e-05 0.0015303592847272299 0.04210482400101917 2.9332305337325163e-05 0.9999932471278223 0.0036748933583214444 -0.135460091166383 -0.0015304775396716482 -0.003674844110580228 0.9999920765466299 11.830734903667798
0.999997251646122 0.00231584518941067 -0.00036545940786168914 0.030988957642559864 -0.002315213205583921 0.9999958390488892 0.0017209516325907247 -0.13846004567601483 0.0003694433765323102 -0.0017201007618961952 0.9999984523807234 13.211886542593337
0.999990220359359 0.004381295345830522 -0.0006028553535538323 0.021901566476831516 -0.0043806852418009495 0.9999898943365494 0.0010103584582119459 -0.1599984707131856 0.0006072759925393398 -0.0010077076439717297 0.9999993078701125 14.556569035638969
0.9999829165696972 0.005827778061794548 0.0004511855972649387 0.021108213035489 -0.005828821798529616 0.9999802595886562 0.0023463321462451176 -0.17290472034752857 -0.00043750282221937525 -0.002348921910393663 0.9999971455735388 15.905222053478777
0.9999922021463147 0.0038953043713777003 0.0006498070044764544 0.03663117388728991 -0.0038983488310389376 0.9999811152025466 0.004751012510837712 -0.1868668967718748 -0.0006312881446745734 -0.0047535085694224676 0.9999885027477161 17.24978402079032
0.999999374438867 -0.0006213899518918311 0.0009300519625611292 0.04211098379324496 0.0006148795485983939 0.9999754218241559 0.006984101694885524 -0.20373913510817326 -0.000934369032670794 -0.006983525354710133 0.9999751783530121 18.60315451363472
0.9999974232414699 -0.002259495445227004 0.00021952297080339838 0.05515704089842478 0.0022581496747511396 0.9999797516509258 0.005949542291062289 -0.22363817805375868 -0.00023296150985205669 -0.005949031158205212 0.9999822772191309 19.963756134504823
0.9999925501425124 -0.003854636789449996 0.00020355174966041854 0.06355483063565695 0.0038539699260047027 0.9999875091783182 0.003182515834463015 -0.23140290607004954 -0.00021581666920176493 -0.0031817075960212274 0.9999949150657897 21.321414196212327
0.9999981905221124 -0.0018874891066885577 0.00023735440103407352 0.05993380317870278 0.0018869467792973743 0.9999956534883444 0.002265488538152495 -0.2552609472398905 -0.0002416294752179849 -0.0022650365305074143 0.9999974056080988 22.67979940933821
0.9999993328623906 0.0008450760688862849 0.000787477869353707 0.05868694283814688 -0.0008480030893509476 0.9999927064813577 0.003723959960179229 -0.25633260193134844 -0.0007843251618080875 -0.00372462520567212 0.9999927559727617 24.038762854276197
0.9999956429303445 0.0011514774704700363 0.0027181280818667575 0.06761841906238084 -0.0011735543222165582 0.9999662260630237 0.008134464360849298 -0.2704666290381723 -0.002708669853965723 -0.00813761867174812 0.9999632204550112 25.398628483214775
0.9999961054065692 -0.00045234310811806557 0.002754007592477476 0.0834005730970622 0.0004247450318147724 0.9999497741704354 0.010013427824131792 -0.27148294827131547 -0.0027583990063969497 -0.010012218929766462 0.9999460718948674 26.784177651036067
0.9999880030788303 -0.00366005638528645 0.0032554085341689226 0.08191538306399425 0.0036256670750820035 0.999938218878634 0.010507757824860076 -0.28465633586393224 -0.0032936666746444755 -0.010495828583858375 0.9999394928357915 28.194943009739806
0.9999808265597443 -0.005413235045785697 0.003007224094392638 0.10737248856341251 0.005391674045034633 0.9999600290106329 0.0071323376779452 -0.2868596511911279 -0.0030457131699504368 -0.007115986850282723 0.9999700427293825 29.59084148828148
0.9999856469682099 -0.003835134309058957 0.0037413368239312744 0.10904166261608036 0.0038154156105598466 0.9999788684852143 0.005263572204420211 -0.30751465966383795 -0.0037614445865475567 -0.0052492218245092535 0.9999791483828198 30.94923909369689
0.9999906360979889 -0.0023187173647218895 0.0036539384079801018 0.1032541135501121 0.0023040287612526847 0.9999892691084308 0.004019094809326474 -0.3140296897864712 -0.0036632186505026745 -0.004010638337197294 0.9999852476941079 32.320789673223146
0.9999918720561262 -0.00023028386299359438 0.004025269087424847 0.10871525059550172 0.00022302824742488473 0.9999983499425937 0.0018028787626285807 -0.33328386803686505 -0.004025677956611638 -0.001801966334080149 0.999990273369086 33.69999827073481
0.9999892654964193 -5.404122572153371e-05 0.004633138404737006 0.12289132708342221 4.3789269266295727e-05 0.9999975507532056 0.0022128198625476487 -0.3450837535373672 -0.004633247028580359 -0.0022125931952265633 0.9999868186389611 35.1101623144269
0.9999917348415597 0.00013875573687104878 0.004063372442428164 0.11355538126869477 -0.00015462552129038285 0.9999923615022446 0.003905512915107099 -0.36821630207451306 -0.004062799832244452 -0.0039061088799628952 0.9999841178577441 36.49006681631135
0.999991778181852 0.0013587343558608244 0.003820655667435284 0.1482091799185708 -0.0013828537053271544 0.999979089451205 0.006317308070101954 -0.3885912682158268 -0.003811992550673965 -0.006322539446886519 0.9999727467298152 37.892391212096626
0.99998865569193 0.003303497245724577 0.0034315292033241405 0.13685404390169909 -0.003324844630053038 0.9999750416732717 0.006233894836187932 -0.3881061829385099 -0.0034108501881414638 -0.006245233328600223 0.999974681257622 39.281350539434705
0.9999749668541954 0.005704954437845794 0.0041855891801829154 0.13093426715650858 -0.005730232912809138 0.9999652661842043 0.0060523436779836145 -0.3981301161516501 -0.004150915799357047 -0.006076176482764133 0.9999729246196254 40.69882461332834
0.9999585863759091 0.008188119802613178 0.003972432610088878 0.1509463992921605 -0.008213799284516361 0.999945195113018 0.006491554788407989 -0.4109089891131371 -0.003919061598329611 -0.006523914620822206 0.9999710393249845 42.095991180675036
0.9999489610665272 0.009470006486105012 0.00352054408581989 0.1541135738938474 -0.009493482517918138 0.9999324076720949 0.006712219533169082 -0.42160879227619 -0.003456741647629369 -0.006745299076506645 0.9999712755233142 43.502874254107894
0.9999526114553865 0.00918020986224425 0.0032401516246926775 0.17029664262724173 -0.009204167871838803 0.9999298281304828 0.007458024079798025 -0.43956373237760665 -0.0031714582932929783 -0.007487493447702019 0.9999669390972918 44.909587387857236
0.9999741369546585 0.006756614063389174 0.002464464273113377 0.17489663126238253 -0.006773920743374278 0.9999519727746189 0.007082806802329496 -0.4422062435164683 -0.0024164903196359673 -0.007099317603521957 0.999971879733546 46.30422263341653
0.9999683418275718 0.007777053681356484 0.0016830844100495963 0.17769796767079774 -0.00779036101581937 0.9999372563533019 0.008049449951149224 -0.460039784300896 -0.0016203779357353808 -0.008062306840182444 0.9999661862166348 47.7545428997253
0.9999743432144012 0.007150728449403798 0.00042425310008663893 0.18451345564069488 -0.007154023422475238 0.9999395356037066 0.008351353034701336 -0.46285628201802054 -0.00036450921810881904 -0.008354173762828663 0.9999650368421148 49.15130812106579
0.9999678759387804 0.00800477057345753 -0.0004131973759284894 0.18850660903280222 -0.008000757950496717 0.9999280234171198 0.008940686280760337 -0.4790638608167731 0.00048473582130094655 -0.00893709304952434 0.9999599458936664 50.61593269201127
0.9999687182677165 0.007907867419685922 -0.00016766834692914876 0.17669580324663148 -0.007905967649635135 0.9999255229682766 0.009297537639809455 -0.48198174185616804 0.00024117957750226238 -0.009295921083091935 0.9999567629031889 52.01436627872194
0.9999581436734951 0.008626899020815483 -0.0030475408191592635 0.1945895762628844 -0.00859472204120592 0.9999087890133159 0.010418465492270433 -0.4915891959854083 0.0031371421655165257 -0.010391836498488204 0.9999410822974846 53.4427200456175
0.9999677002771795 0.007399121175259514 -0.0031386941167580763 0.18859985399003476 -0.007361690082001327 0.9999035801193779 0.011774378935468873 -0.499969702013522 0.0032255118135171403 -0.011750892364186563 0.9999257535406828 54.88617109696166
0.9999820442255787 0.004710416635495427 -0.0037044833337257933 0.18998904633975255 -0.004666513042116162 0.9999198155692152 0.011772259791821999 -0.5032446081479175 0.0037596388567284695 -0.01175476122266201 0.999923842448262 56.30918641459153
0.9999856692342296 0.0019273655514677676 -0.00499465552361983 0.2013028648590948 -0.0018709168327179261 0.9999346060013727 0.011281994563779636 -0.505011783938061 0.00501607385155094 -0.011272488136188169 0.9999238821072751 57.75761920266434
0.9999862599360414 0.0015059059563826687 -0.005021173377690303 0.19769611868465856 -0.0014461359512211878 0.9999283123459806 0.011886078852169635 -0.5154481979732989 0.00503871316098824 -0.011878654065609553 0.9999167510052075 59.190117439540956
0.9999921666445268 0.0008452932997596271 -0.0038667978995458336 0.18820341532929988 -0.0007956724688522972 0.9999175532495048 0.012816146864541182 -0.5242248323819467 0.003877312822692998 -0.012812969581076297 0.9999103931088068 60.58573542410272
0.9999927943611875 -0.0011351590540879682 -0.0036225180466155768 0.19944204620429695 0.001185374334462898 0.9999028260881415 0.01389004253091274 -0.5330533089818299 0.003606398926421255 -0.013894236282757665 0.9998969667293998 62.018092293330675
0.9999910730255471 -0.002952356363893302 -0.0030228229073645816 0.19219489441175575 0.00299360641613264 0.9999012062809753 0.013733754473092677 -0.5382635813951896 0.0029819775826839794 -0.013742680814663562 0.9999011183727404 63.43787232787492
0.9999913034306411 -0.003165297488321401 -0.0027155022097563397 0.1918680365938713 0.0031999273001952207 0.9999123871313743 0.012844397187426195 -0.5408946527392856 0.0026746081815031096 -0.012852974708129244 0.9999138200376454 64.86752415447428
0.9999880857039649 -0.004424121065090286 -0.002062910529196344 0.1947084401352711 0.004450249885900307 0.9999076854778453 0.012838061061836792 -0.5505453328561823 0.0020059231226113956 -0.012847088385801701 0.9999154607175386 66.3194009456804
0.9999966725300539 -0.002124448421353074 -0.0014634365507853516 0.19480295491974164 0.002142900144932437 0.9999167462456685 0.012724329780112276 -0.5587014623206915 0.0014362826513949637 -0.01272742325394331 0.9999179715250338 67.71127125555738
0.9999994278155206 0.0007763399997271633 -0.0007359785628433813 0.18976286581674257 -0.0007659505321567371 0.9999015149102743 0.01401334409928039 -0.5630130152887954 0.0007467852622864138 -0.014012772155097305 0.9999015374104435 69.1594259939914
0.9999897511901511 0.004521953746088658 -0.0002223665313681013 0.18354155359815139 -0.00451793510046672 0.9998681027263217 0.015600174023413465 -0.5651560017567591 0.0002928804933235978 -0.015599009277595699 0.999878285150753 70.55069212940573
0.9999613652188927 0.00874858122147678 0.0008546279478163464 0.1922029093843569 -0.008761383291132513 0.9998280623755769 0.016342700883811886 -0.5783359903275161 -0.0007115056155216877 -0.01634955697505909 0.9998660838985771 72.00324165419069
0.9999126028673107 0.013164020816293727 0.0012227699679732158 0.1763564391615191 -0.013182096998291941 0.9997821069866766 0.016185515141011228 -0.5746974284360352 -0.0010094371565264274 -0.016200219013619968 0.9998682582844803 73.40758586699182
0.9998674007206354 0.016198357158842575 0.0016715789424002602 0.1810018921203579 -0.016222729770665 0.999743972657967 0.015773782473106564 -0.5802123951001443 -0.0014156417229878558 -0.015798808228675843 0.999874188886665 74.79766461241711
0.9998492468637522 0.017154940846397633 0.002681701342743567 0.1838745742950128 -0.017194506704887525 0.9997319945280005 0.01550122897592745 -0.572638323454028 -0.0024150601620762545 -0.015545002426903123 0.9998762525277273 76.23469270911643
0.999841222977226 0.017558685739967706 0.003036669332286545 0.1852476804844589 -0.017605383372576833 0.9997153343764661 0.016102817594493023 -0.5808826223590767 -0.0027530608075036376 -0.01615372233422896 0.9998657299333591 77.61308525772253
0.9998738981127508 0.01559826368971802 0.002980271667199147 0.19649344053208667 -0.01564564239083816 0.9997398511198562 0.016596505561290803 -0.5824149347380402 -0.002720619905037177 -0.016641040737324992 0.9998578268804815 78.98519609094502
0.9998932143105986 0.014347728574071739 0.0027753631493220013 0.2022011777084638 -0.014390050733917605 0.9997703104238568 0.015882470530126584 -0.5844387493905785 -0.0025468485092300245 -0.015920711898256393 0.9998700137917016 80.3998460302567
0.9998878748081362 0.014740868471603484 0.0026352585229637597 0.2129527390637504 -0.014780520559810013 0.9997671880330294 0.015719604979676668 -0.5934151536079363 -0.002402924569763234 -0.01575679268335055 0.9998729666425272 81.78443785167477
0.9998837300574878 0.015069456153616765 0.0023319167467747443 0.22025137710188336 -0.015104989427812285 0.9997570212070526 0.016054216864611278 -0.5934846580699809 -0.0020894219929154237 -0.016087573589436348 0.9998684034791964 83.17692142230057
0.9998927620494201 0.014555341170919398 0.0016144423745947474 0.22279600018759738 -0.014579196814149837 0.9997671960889463 0.015905995113342272 -0.5970022917196514 -0.001382549451126396 -0.015927826432255546 0.9998721882754381 84.55524802452726
0.9998949862198734 0.014461549922518559 0.0009381289574528062 0.22824509133341025 -0.014474877770251264 0.9997634901159235 0.01623088970738933 -0.5934154191257484 -0.0007031833126020411 -0.016242764309826185 0.9998678303281545 85.925832412967
0.9999067698858735 0.013654263169868593 -0.00011231791916214116 0.22995314906576653 -0.013650245003864605 0.999755510001116 0.017395144977602427 -0.5982954668593887 0.00034980838013238136 -0.01739198980986779 0.9998486867060803 87.30950486382129
0.999921447292134 0.01242996032257517 -0.0016109983048861291 0.23344696141500865 -0.012397878104472689 0.9997502669692303 0.018592911197197824 -0.6013347680955309 0.0018417052925252574 -0.01857147744648453 0.9998258389988668 88.71150689406055
0.999949673449816 0.009802071042032864 -0.0021377465283162877 0.23698921137766876 -0.00975966281073239 0.9997714654599664 0.019020143584910627 -0.6047941680848681 0.00232369497612698 -0.018998322408146806 0.9998168153066188 90.10253251319874
0.9999607938924198 0.008140035139038524 -0.003485756312517763 0.2380228052403307 -0.008071661722583357 0.9997830889887637 0.01919956443627946 -0.5986849255574117 0.003641285650577454 -0.019170675574215302 0.9998095949831275 91.47671470360085
0.9999673766000573 0.006839684019146379 -0.004297028075379286 0.23477363573697702 -0.0067564165427341 0.999794699870683 0.019102590645834347 -0.5949170633033064 0.004426801952059245 -0.019072934667901494 0.9998082949106178 92.83666708732879
0.9999715323447567 0.0060875427378244045 -0.004458286266531098 0.23154964738107292 -0.006002002245139915 0.9998023151596077 0.01895538426943181 -0.5966602287281801 0.00457279702786561 -0.018928085736954935 0.9998103905653672 94.19507246183103
0.9999730797448687 0.005923558497145213 -0.004330269457214811 0.23159674293660215 -0.005842638373013182 0.9998124006893815 0.018466917069310515 -0.593032175249004 0.004438847338989521 -0.018441119470764905 0.9998200946831489 95.55249291215557
0.9999720489633599 0.006178078246452516 -0.004211013453760927 0.23110783417835062 -0.006099874101614999 0.9998132378908138 0.01833796324126353 -0.5931262314011623 0.004323520732043519 -0.01831176376026456 0.9998229775624058 96.90590737966242
0.999960969166704 0.007627046346123504 -0.004459629814072702 0.22146577191269745 -0.0075469815573430896 0.9998148109686188 0.01770273594423565 -0.5977973491580617 0.004593823914458158 -0.01766838799332842 0.9998333485306186 98.31009759189605
0.9999583969346126 0.008227186654708849 -0.0039392626467903815 0.22030387319326 -0.008156481591792036 0.9998111213457469 0.017640676433078404 -0.5961974611658869 0.0040836520867971165 -0.017607811750178233 0.9998366310237382 99.687957492385
0.9999459696763734 0.009773515741556988 -0.0035406364098163248 0.21787023844914738 -0.00970266250269739 0.9997626845249609 0.01950469175474393 -0.5993003023677237 0.0037304258897755613 -0.019469284029720816 0.9998034961357389 101.02753049952166
0.9999514928116413 0.009117586663384717 -0.0037258054698265305 0.20876727048372212 -0.009040003671685172 0.9997523514647232 0.020335046173347946 -0.5948774434334869 0.003910289656042479 -0.02030037819005824 0.9997862792929566 102.34320429659218
0.9999589496128785 0.008421423917792317 -0.0033434561575442223 0.21353689114395813 -0.008352068077576255 0.9997602118541556 0.02024257343744062 -0.594281697907527 0.003513126025680026 -0.02021381740739504 0.9997895076031588 103.6891533792212
0.9999482983672422 0.009535719799647437 -0.0035313777736148836 0.20508941124563884 -0.00947154043862461 0.9997973151877129 0.017765654820357 -0.5908299872486085 0.003700070636649652 -0.017731288464648436 0.9998359419784884 105.02792454638247
0.9999529340072228 0.009080552803564337 -0.003416624166423094 0.20621952956309697 -0.009020669967044908 0.9998121956467438 0.01715228771492084 -0.5872954630182143 0.0035717350661719225 -0.017120659940260498 0.999847051152219 106.35282670856998
0.9995855307930365 -0.022975773558183834 -0.01734590369881958 -0.13508026785390848 0.023295814533988254 0.9995578095264162 0.018479461885304006 -0.31106640191987106 0.01691365498188814 -0.01887588939501313 0.9996787629466576 114.25176420008006
