1.0 -3.469446951953614e-18 0.0 -1.7787691892340307e-19 0.0 0.9999999999999999 -3.5405977195229754e-19 0.0 2.168404344971009e-19 -2.354751593366955e-19 1.0 0.0
0.9999998184236251 -0.0001920850232811945 -0.0005711877703400902 0.0023623220759034095 0.0001924746445146272 0.9999997488292218 0.0006821250560820844 -0.022605926090915572 0.0005710566496940094 -0.0006822348851515522 0.9999996042253559 1.3271691435190551
0.9999996106291743 -0.0006537789352943687 -0.0005927180634304468 -0.007919513178060316 0.0006544457365945475 0.9999991525635218 0.001125420722648312 -0.03902273942997718 0.0005919818357649513 -0.0011258082084223669 0.9999991910569219 2.628002273801946
0.9999973832897621 -0.0019937085628151125 -0.001121847118712181 -0.008759940933186779 0.001994515455558829 0.9999977528437065 0.0007184793254019106 -0.07711640004962919 0.0011204122547694532 -0.0007207150003571904 0.9999991126237053 3.9557353038506045
0.9999965374194818 -0.0025985615916784017 -0.00041548747494258697 -0.019284238964245914 0.002598818529009849 0.9999964316975322 0.0006186522248931269 -0.10012492964940467 0.00041387842210571313 -0.0006197298698706034 0.9999997223201015 5.26905212350265
0.9999963399366747 -0.0025625100867950664 -0.0008681345870984613 -0.02200144400591297 0.002563819579469405 0.9999955726509323 0.00151046473237259 -0.11291489544732917 0.0008642602368938329 -0.0015126849729840811 0.9999984824188752 6.579846720216587
0.9999920948354415 -0.003927266487245921 -0.000621971840274258 -0.0237579122627168 0.003928864449981568 0.9999889311831138 0.0025887312581577542 -0.15477669527185947 0.0006117983723463298 -0.0025911544854255683 0.9999964558050382 7.923830670248277
0.9999932769501861 -0.003653782796137978 -0.00030972617900120207 -0.04904033572035027 0.0036547747987580904 0.9999879931638408 0.0032643749186072398 -0.1755242678915971 0.00029779517132322254 -0.0032654850132924425 0.9999946239489391 9.236451815051621
0.9999935813340108 -0.003484843518337258 -0.000832562299427444 -0.05074501585330303 0.003486584614209344 0.9999917194376977 0.002098756421935776 -0.1932895034977087 0.0008252416393181126 -0.0021016457890493958 0.999997451028206 10.585251470419731
0.9999997640554 -0.0003170225091839521 -0.0006094139952151686 -0.07337377635374973 0.00031693087550076736 0.9999999384538647 -0.0001504878644835351 -0.21540313618241505 0.0006094617171520308 0.00015029468957471656 0.9999998029844137 11.880970733829498
0.999996301721545 0.002530290951984507 -0.000997078125093148 -0.07054090625836895 -0.002531160506313925 0.9999964167289767 -0.0008716423226639643 -0.23923729771372626 0.0009948691268038623 0.0008741628783423245 0.9999991230377081 13.241801351209006
0.999980692807823 0.006173828564888446 -0.0007055769256908997 -0.09176302309602566 -0.006174523033801765 0.9999804515660687 -0.000985780740657087 -0.27844133702323703 0.0006994771493744969 0.0009901183231963062 0.9999992651989403 14.57861795450771
0.999981504813043 0.0060760690877245446 -0.00026721449659274023 -0.11452895063407126 -0.006076055509757514 0.9999815392024063 5.306695324495016e-05 -0.29222357529327886 0.0002675320243284004 -5.14423675321892e-05 0.9999999628903602 15.923737747525916
0.9999866078412417 0.005175111315334345 4.848666409695596e-05 -0.11048329530168267 -0.005175215021142098 0.999983599844291 0.0024529984969844034 -0.3280387268073417 -3.5791329999816397e-05 -0.0024532166272373214 0.9999969902192485 17.26205271242032
0.9999999265411558 -0.00038130306108657454 -3.906673454125197e-05 -0.12254101677958146 0.00038149409883522084 0.9999873676654596 0.0050118828774047405 -0.3343170682875541 3.7155201988788196e-05 -0.005011897511487195 0.9999874396731463 18.635446752331685
0.999997822931545 -0.0020618339778049437 -0.0003208978003829057 -0.1138899931716712 0.0020627272318034396 0.9999939295779969 0.002808195134906255 -0.38087877740810033 0.0003151058493049894 -0.0028088509999440628 0.9999960055247177 19.962550951743655
0.999995344704215 -0.0030420527903079007 -0.0002376735192334855 -0.1278694149243188 0.003042198398879925 0.9999951840870323 0.000613862529522366 -0.38288597522655954 0.00023580499303411007 -0.0006145827317867454 0.9999997833422403 21.326345458081484
0.9999997970352471 -0.0005962881013542604 0.00022443540655682883 -0.12721745741261758 0.0005963580420757699 0.9999997736555152 -0.0003115206194795513 -0.43986613821793996 -0.00022424961888251266 0.0003116544068930585 0.9999999262916274 22.67020047376011
0.9999976519519455 0.002004604311694764 0.00082319489151074 -0.14682022290564453 -0.002005444193980294 0.9999974683246551 0.001020559272064641 -0.4347640364894352 -0.0008211470586274119 -0.001022207768172099 0.9999991404035025 24.046685052396782
0.9999953325197956 0.0025309535065618635 0.001711493736290354 -0.15997270979190018 -0.0025404196860132526 0.9999813634760653 0.005551483724342011 -0.45243302691226306 -0.0016974114319024 -0.005555805835341165 0.9999831257650994 25.440775719295992
0.999998040657295 0.0003368037861203937 0.0019507042037010982 -0.1577805375623807 -0.00034913917888235776 0.9999799255048628 0.006326664844271063 -0.48568395744312964 -0.001948534359182752 -0.006327333638811813 0.9999780837907576 26.80236441983038
0.9999905102558054 -0.003961456636781768 0.0018128065473700062 -0.16200889355981773 0.00395124508862825 0.9999764996712146 0.0056024780940632365 -0.5045518031066909 -0.0018349580701029276 -0.005595262190767092 0.9999826628340757 28.173277409912465
0.9999908057086809 -0.00402334705319919 0.0014836388300641435 -0.17231862474921633 0.004018642579346081 0.9999869306551407 0.00316054182566796 -0.5159559182353886 -0.0014963355201289756 -0.00315455061042831 0.9999939048759097 29.54370250143641
0.9999883816911239 -0.0039964262104629205 0.002695379248851034 -0.16776532094416116 0.003992879842615168 0.9999911573219843 0.001319917698494028 -0.5638310754936915 -0.002700630595050622 -0.0013091400583571647 0.9999954963615498 30.91550255323447
0.9999946452951837 -0.001486755216464566 0.0029152951666585594 -0.17900278525875496 0.0014848136821890776 0.9999986745057243 0.0006680664280763322 -0.5579073946350186 -0.002916284799506774 -0.0006637341901970644 0.9999955273581184 32.300949338717835
0.9999948540541979 0.0004873423385411968 0.0031708619908256234 -0.18534295418170543 -0.0004814991329133425 0.9999981852112886 -0.0018432942510613899 -0.6053522256468552 -0.0031717548212832026 0.001841758036778487 0.9999932739246343 33.68435050083699
0.9999927795560882 0.0017638718236764658 0.003365946078246495 -0.20394419657675433 -0.001759310257071366 0.9999975307036338 -0.0013577250342124668 -0.6227095865786605 -0.0033683329055297423 0.0013517935154089547 0.9999934134700045 35.079913636221455
0.9999948457973653 -0.0008964740152137499 0.0030829723268688733 -0.18951048048915728 0.0008945865213514752 0.9999994116192725 0.0006135752361961276 -0.6361358837251172 -0.003083520827187612 -0.0006108140970587595 0.9999950593886029 36.47348184558777
0.9999921601593358 0.0027631794980384127 0.002836275303529319 -0.20740505851670146 -0.0027687180406999927 0.999994264619533 0.0019506237736199364 -0.6809455014878112 -0.0028308693506147015 -0.001958461366054038 0.9999940752846846 37.86592791874845
0.9999886313184583 0.0040141584975846014 0.002573666877262121 -0.2075405899579292 -0.004020554885511645 0.999988830191583 0.0024848818079931884 -0.6933492918913597 -0.0025636636353585473 -0.002495201177267185 0.9999936007779894 39.26099135556613
0.9999735905729 0.0066227962664390985 0.0029927773986065283 -0.22886413071740636 -0.006630529734456151 0.9999746858883061 0.00258140875441167 -0.716526376473121 -0.0029756057446237564 -0.002601184334334044 0.999992189773088 40.670645098985396
0.999952436378152 0.009266939775790123 0.0030411826342535767 -0.23384327226605778 -0.009275947448796376 0.9999525932821356 0.0029610821189417873 -0.757909201511852 -0.003013598544936886 -0.002989151193009326 0.9999909915572608 42.09447568859295
0.9999409231018395 0.010569264189113406 0.0025379006364443218 -0.23874340527468713 -0.010576673003915972 0.9999397916522051 0.0029235393896690333 -0.7695521599047476 -0.002506848383586385 -0.0029502092853814004 0.9999925059587221 43.48226401296068
0.9999596121030957 0.008721495698380058 0.0021701749259395147 -0.24237463609400187 -0.008727305440900668 0.9999583198893238 0.0026819102260097526 -0.7899913169860594 -0.0021466943840870918 -0.0027007417468982975 0.9999940488297117 44.90191483594905
0.999964549847026 0.008320470129399625 0.001291824240714443 -0.24048384729638064 -0.00832409273429603 0.9999613658144841 0.002824247872283794 -0.8224891176080183 -0.0012682753674890337 -0.0028349010782560916 0.9999951773944704 46.302418728880795
0.9999644002346199 0.008415347266565143 0.0006165844847792416 -0.26128643198617774 -0.008417360476446407 0.9999590028400771 0.003337768605575741 -0.8430317576427464 -0.000588470772211098 -0.0033428398675215535 0.9999942395451922 47.73532832446913
0.9999660821686909 0.008218726116586271 -0.0005357561225480788 -0.27155529003370193 -0.00821630024194511 0.9999566361039611 0.004383872569329918 -0.8611051710496129 0.0005717627893983917 -0.00437932203779497 0.9999902472662814 49.136291652602665
0.9999608265558113 0.008767207339723493 -0.0012171310713216378 -0.2828514556471599 -0.00876176037264528 0.9999518855703567 0.004411135642356375 -0.8849182887876565 0.0012557459596660657 -0.004400298726656347 0.9999895301833126 50.5524989566646
0.999953930864847 0.009251371126628253 -0.0025589558706250156 -0.2937865218616539 -0.009239390671697947 0.9999464815471585 0.0046548599248776934 -0.9084331964934457 0.002601882979022332 -0.0046310023869845455 0.9999858919142204 52.00718427333122
0.9999465418165984 0.009678206988001592 -0.003639476612928366 -0.30042716151041454 -0.009655558092440775 0.9999342236594244 0.0061901997236819975 -0.9390236046227723 0.0036991475726831165 -0.006154727760717629 0.9999742174885623 53.411666270665364
0.9999595610489848 0.007824356726513207 -0.004433473062127512 -0.3162791018952381 -0.007792726407570955 0.9999443771712869 0.007107460393170855 -0.9470796614088602 0.004488838149926457 -0.007072624281362998 0.9999649135486742 54.87881209737684
0.9999700215116929 0.005711228761270684 -0.005228567893804896 -0.32458112641133435 -0.0056719034106886 0.9999557475249367 0.007505498828906754 -0.9615180151686151 0.005271202588663924 -0.0074756180493317495 0.9999581639101929 56.27637799151938
0.9999815974218191 0.002511578734992418 -0.005522388472139393 -0.34718360315571895 -0.0024742915876669967 0.9999741673411617 0.006748520880752741 -0.9752347875361354 0.005539195729103505 -0.006734732830397787 0.9999619796258838 57.703006380506466
0.9999814508877667 0.0025477421690402215 -0.005532348020022858 -0.3550330833511867 -0.002509433553703029 0.9999729047546893 0.006920440903239957 -1.0099668438430591 0.005549830093253587 -0.006906429618041753 0.9999607495441524 59.146518748346345
0.9999823174829536 0.0029936872034042415 -0.005138340471330554 -0.36862237605942433 -0.0029519026019063123 0.9999626722217861 0.008120371729695706 -1.0519281897334019 0.005162458964074641 -0.008105060426717374 0.9999538274468166 60.5595432818666
0.999987319385366 0.0023022607736635304 -0.004478911827379319 -0.38444676824448776 -0.002261382330366459 0.9999559400885112 0.009110654903509353 -1.0760104538460475 0.004499689977810261 -0.009100411027529133 0.9999484663325218 62.00337272275346
0.9999902278628483 -0.001705813606093478 -0.004078525920703682 -0.39519575198730855 0.001740046329744541 0.9999631666821152 0.00840461258509943 -1.0702380933040252 0.004064039342940836 -0.008411627445922252 0.9999563631069781 63.39254281127228
0.9999897667257738 -0.0025265518962526955 -0.00375272914145834 -0.40779638990922845 0.002556475253902712 0.9999648080694613 0.007990434959244891 -1.0905323197062924 0.0037324091491560563 -0.00799994710889604 0.9999610342295748 64.82183157274851
0.9999912004073993 -0.0029605750056651906 -0.00297222178779245 -0.4179191926588063 0.002985490345164323 0.9999601489603357 0.00841352077595219 -1.1107190053563885 0.0029471947384383437 -0.008422320445980513 0.9999601884921726 66.264754563948
0.9999966531158675 -0.0009007987146885405 -0.0024253486226172402 -0.43178707050085324 0.0009197280804558155 0.9999690394205332 0.007815004602924627 -1.1357874258750245 0.002418233997077362 -0.007817209263595054 0.9999665211346592 67.61855291970919
0.9999972667318676 0.0015851904143112609 -0.001718631583805532 -0.4525863002288132 -0.0015692466940550997 0.9999560878994809 0.009239033355243509 -1.1491490935179127 0.001733201896042723 -0.009236311330225054 0.9999558423100796 69.09085177758021
0.9999853942222174 0.005347571817413193 -0.000784095712228742 -0.47283233543712266 -0.005338929236438384 0.9999291508123757 0.010639041170614339 -1.1650447023909904 0.0008409332757394083 -0.010634699762006272 0.9999430963796018 70.45474809054559
0.999956975991786 0.009273945144018178 -0.00020021451644431872 -0.4941846516207346 -0.009271015510940927 0.9998903383743495 0.01154813895520154 -1.1897765975435597 0.0003072894025005089 -0.011545786151005034 0.9999332979754447 71.94533464052053
0.9999148413476788 0.01304837560486522 0.00022341618379372388 -0.5037367341459199 -0.013050020474868012 0.9998575508077657 0.010703975273468865 -1.1970393677241666 -8.371486772808159e-05 -0.010705979544071396 0.9999426858562439 73.29296727284257
0.9998371095376043 0.0180114358345946 0.00115867251286551 -0.5227892631069633 -0.018022670993870588 0.9997818918396392 0.010552351693357304 -1.2325809666603516 -0.0009683568658733494 -0.01057151541077284 0.9999436510869552 74.66961861756961
0.999789413424456 0.020438588641870103 0.00184196658857051 -0.5383636453562084 -0.020456628893311332 0.9997369218797733 0.010373688892170867 -1.2500271748505212 -0.0016294585779918402 -0.010409184978984687 0.9999444953266453 76.14185553683232
0.9998092718983377 0.019402482107294804 0.0022278826746835447 -0.5451314880919458 -0.0194259256010803 0.9997504254634405 0.011032690154912293 -1.255121865644505 -0.002013265240911725 -0.01107386482543984 0.9999366561347943 77.51982273697493
0.9998381348244242 0.017852265780462367 0.0022362268701083383 -0.5476722782883963 -0.01787617049200126 0.9997778234817589 0.011168985994188613 -1.2741207298790427 -0.0020363384906420686 -0.011207153530008672 0.9999351244138247 78.88843717224691
0.9998563082197119 0.01681715146705054 0.0021322023745159882 -0.5528362551249759 -0.016838272210679794 0.9998050939414839 0.010307606882235488 -1.2810599619473462 -0.001958442367311795 -0.010342028582970996 0.9999446019400678 80.2804665529171
0.999861046148761 0.016563826461755783 0.0018782984562971097 -0.5584621947192449 -0.016582714166875567 0.9998070480499706 0.01052997157593966 -1.298138799902767 -0.0017035195495417267 -0.010559655901687764 0.9999427942085558 81.64395322964079
0.9998741709939573 0.015807419819870393 0.0013295178650494332 -0.5675408646755313 -0.015820855665003162 0.9998166460890222 0.010787713718693423 -1.3138166432852942 -0.0011587482632476633 -0.010807390645823053 0.99994092706118 83.10970272620406
0.9998651762292126 0.016381590112208626 0.0011281963889229357 -0.5771674476136022 -0.01639223242063259 0.9998138543166096 0.010176024432324569 -1.337419229290993 -0.0009612869927988108 -0.01019314633243405 0.9999475864750003 84.43772589729224
0.9998633403563766 0.016525473796042814 0.00045747491618775547 -0.5791981290508661 -0.01652945250456169 0.9998050629578042 0.010798764948417383 -1.3451807935465394 -0.00027893104603199815 -0.01080485122834093 0.9999415869893301 85.85819369749483
0.9998443669052303 0.017622894170980976 -0.0008218995093679554 -0.5946812362924134 -0.017612065627446258 0.9997762707208951 0.011714251658038627 -1.373352841049093 0.0010281547389284348 -0.01169795342960361 0.999931048017488 87.20006997403847
0.9999103495798607 0.013261931259453855 -0.0018476867314323002 -0.5966277305710783 -0.01323709877501679 0.9998296847459802 0.012860044494885928 -1.3782999873519561 0.0020179212483665094 -0.01283443383948785 0.9999155990933989 88.56429416076605
0.9999220912618568 0.012090119791258605 -0.0031048953665485423 -0.6061966667708848 -0.012047349289567539 0.9998370570266399 0.013443243462247791 -1.4032855054110374 0.0032669201556693697 -0.013404790633247387 0.9999048148859482 89.96332866296773
0.9999363209955324 0.010564585379537039 -0.003967802647944363 -0.6205481323271667 -0.010509021009729952 0.9998499206301472 0.013773042936900197 -1.4192225280729314 0.004112714008656988 -0.013730468443908347 0.9998972746403414 91.33415048822705
0.9999611849985284 0.007275639879244919 -0.004969259072019066 -0.6352375216908097 -0.007209495007486731 0.9998868644480443 0.013201571714433648 -1.4080098427285865 0.005064747191976981 -0.013165233716111892 0.9999005075367784 92.7551920211493
0.9999598947019575 0.007536514477642274 -0.004838379052016557 -0.6462687573662094 -0.007473870870062096 0.9998896649323774 0.01283741509371614 -1.4482868820223913 0.0049345950007292985 -0.012800739087186862 0.999905891004586 94.1074539149795
0.9999527344882883 0.008430350843030357 -0.004843340411390521 -0.670866801369959 -0.008367756736727561 0.9998830387474711 0.012801932875508876 -1.4519491850164767 0.004950699141996246 -0.012760800153240008 0.9999063218982773 95.41435343713235
0.9999607927637767 0.007602108242525015 -0.004541019786377771 -0.6742663099679858 -0.007546581082321223 0.9998980420979066 0.012122480523315096 -1.4654686768312821 0.004632713603427157 -0.012087736308179303 0.9999162087940786 96.77354390281766
0.9999603508591396 0.007835495198905397 -0.004231040053873173 -0.6792009211073121 -0.007786182305043803 0.9999029993598029 0.011548473866950376 -1.4728749879019152 0.004321118025804515 -0.011515072567158278 0.9999243626671088 98.1314832545302
0.9999475454848002 0.009254452038540388 -0.004388777442181104 -0.7248911273782026 -0.00920063634808477 0.9998841248051399 0.012127871585699522 -1.4857471300185983 0.0045005060871788375 -0.012086856127794022 0.999916823224366 99.45260073960061
0.9999560085265555 0.008299398013158663 -0.004370466563989583 -0.7334576496762232 -0.008240130951075389 0.9998761461696957 0.01340867536452682 -1.4899874919193548 0.004481209587625541 -0.013372072553896813 0.9999005482797934 100.73674588585402
0.9999302785659625 0.011118550876199746 -0.003976908332551105 -0.7440141571870804 -0.011057395482895152 0.9998251079052639 0.015082692945927262 -1.508606661899123 0.004143910853235671 -0.015037667418988553 0.999878340887441 102.16103663736227
0.9999173414570922 0.012253858395000771 -0.0038927074010529673 -0.7682520946253825 -0.012198111918149391 0.9998270882923922 0.014035654806204492 -1.540708998685844 0.004064025586828267 -0.013987011247258756 0.9998939179862303 103.48510634471027
0.9999398797854093 0.010218800138947985 -0.003976544686668325 -0.7865657186391929 -0.010171300282238614 0.9998787927290906 0.01178747300849327 -1.5385067917469817 0.0040965168864031554 -0.01174631795566824 0.9999226182940151 104.8261016139384
0.9999426745711338 0.010133854000680773 -0.0034572453160402784 -0.7822465624435114 -0.010096897495076786 0.9998934243280502 0.010544793300857669 -1.545311156725434 0.0035637365626069242 -0.010509281582283548 0.9999384255005525 106.1470880911522
0.999961762825068 0.007942310502915408 -0.003659585757053624 -0.8061718682165335 -0.007898059045218822 0.9998973813562828 0.01195187987250852 -1.571506750590526 0.0037541360827602673 -0.011922519486122421 0.999921876949794 107.51175809493722
0.9999796333652731 0.005645633696929525 -0.002976517807187869 -0.808906013285141 -0.005605496969135941 0.9998955093833625 0.013324741065373097 -1.5684570906269326 0.0030514336644337703 -0.013307785092789796 0.999906791465749 108.88352443751948
0.9999946464762662 0.0024680043426431536 -0.0021484797605459023 -0.8270589901624544 -0.0024358268786632995 0.9998867231422243 0.01485286602849962 -1.5867076760839691 0.0021848935218452695 -0.014847553484886948 0.9998873818615592 110.19996836127379
0.9999952948734921 0.002749200430655862 -0.0013609263997182654 -0.8326028587101647 -0.0027306560660379595 0.9999058739119391 0.013445699436682019 -1.5993964008323576 0.0013977633525317627 -0.013441920219213904 0.9999086763530671 111.48208743554216
0.9999948722459757 0.0030600906991190054 -0.0009440972197052707 -0.853685862201334 -0.0030489233747153016 0.9999279331317199 0.011611744505693777 -1.6055431282091186 0.0009795622649113032 -0.011608806715388378 0.9999321357323393 112.73599785146814
0.9999596870384835 0.008978084601962739 -0.00013518407981912787 -0.8726640984020243 -0.00897639569370306 0.9999145739377475 0.009501008571667097 -1.6476367871584352 0.0002204734160878557 -0.009499412286367873 0.9999548552615232 114.1745100130316
0.9999283252544788 0.011830452439667639 0.0018397616834120183 -0.8680025627761123 -0.011847344706276894 0.9998850792917908 0.009458787354716338 -1.636703797058104 -0.0017276486618262768 -0.009479905883882127 0.9999535722298143 115.47120606102285
0.9999355240664602 0.0108226612305506 0.003437687141012462 -0.8763244433516028 -0.01086146220106677 0.9998751565389671 0.011476061868653627 -1.6410806882156626 -0.0033130567097371666 -0.011512660480296151 0.9999282385770808 116.84730141366585
0.9999370744443962 0.010348448401577434 0.004330906200939521 -0.885360388766703 -0.01040749551830164 0.99985004648412 0.013840830929811424 -1.6569091575900168 -0.004187025984889243 -0.01388503415289904 0.9998948317901368 118.14226559795645
0.9999404034582017 0.009625625220284451 0.005151393494677084 -0.8841111300434574 -0.009702128976141844 0.9998398513958322 0.015037960941095281 -1.6651894210606741 -0.005005819141564316 -0.015087044515377858 0.9998736534499585 119.43006290461416
0.9999142041289123 0.01146499160702093 0.006335481656356699 -0.881981876943781 -0.011555074863179951 0.9998299782143418 0.014369931454398452 -1.6751646386445866 -0.006169653853376652 -0.014441905826850109 0.9998766757591183 120.74801308513219
0.9998734080997792 0.013871071828029307 0.0077949415019692376 -0.8765513296597818 -0.013974642029575683 0.9998126486270765 0.013393171962538414 -1.6913958302822212 -0.007607704091544412 -0.013500408283102689 0.9998799236974093 122.14024413508947
0.9998603379851397 0.014228499497007413 0.00876665825406995 -0.8849306950699964 -0.014344604773143659 0.9998083004784237 0.013326463875680627 -1.6945166047229436 -0.008575362820025877 -0.01345035719174167 0.9998727674270359 123.52900691948074
0.9998380269977114 0.015129427100740028 0.009747829109581357 -0.8949084476892502 -0.015251176087469884 0.9998050700172203 0.01253888474361489 -1.7058359620115993 -0.009556223621025142 -0.01268551989486667 0.9998738701320662 124.83223171441107
0.9998250512622785 0.01504767301589897 0.011110102276120647 -0.8764354728529702 -0.015181952666866096 0.9998115021892335 0.01210241455933481 -1.7100554317327648 -0.01092589578350925 -0.012268970548514412 0.9998650394732151 126.14386144523175
0.9997930487061907 0.016612602672204928 0.011742280554463982 -0.886057171309657 -0.01675037011059778 0.9997908569772024 0.01173317718209831 -1.7404245203172715 -0.011544907094815206 -0.01192743676954388 0.9998622161928412 127.46651982569392
0.9997973857823685 0.015426692106739266 0.012930758620493718 -0.8812175581920618 -0.015590769063344997 0.9997979822561514 0.01268552846646103 -1.7369119465831657 -0.012732451702480604 -0.012884558924903618 0.9998359229463136 128.87673307350417
0.9998012533400191 0.014298469268104849 0.013892716247467678 -0.8631423949227088 -0.014490685286399265 0.9997992870075287 0.013834947430499261 -1.745557647516994 -0.013692110374802379 -0.014033513036222587 0.9998077748375893 130.257279147541
0.9997955817541119 0.014263567054856104 0.014329875365575421 -0.8462282322127659 -0.014464965258186979 0.9997966545468077 0.014050422345461356 -1.7526791930644567 -0.01412655349248338 -0.014254831612470962 0.9997985998504721 131.52792157127845
0.9998300136618501 0.011804140325202972 0.014163545763644671 -0.8366407464552355 -0.012017956467880665 0.999813652586561 0.015107244816751932 -1.7711562111481423 -0.013982579555838297 -0.015274893966663775 0.9997855595499978 132.83160149309768
0.9998627785655593 0.00905064263542611 0.013874793402642832 -0.8325531977837128 -0.00927653051840548 0.9998240565708185 0.01630343205623277 -1.751203403799306 -0.013724796833823025 -0.01642990513992015 0.9997708178232868 134.15270177413586
0.9998594876355138 0.00983460534752737 0.013575179771452285 -0.8050375905634879 -0.010045645434098487 0.9998283723920632 0.015566334938505717 -1.7875396704406432 -0.013419762257028673 -0.015700519424722833 0.999786679083128 135.45036299576955
0.9999027732782207 0.006864852503595521 0.01213745370843834 -0.8083405370658439 -0.0070551732415201 0.999851734482772 0.015707755723724872 -1.7975067880377111 -0.012027823720530444 -0.015791860655469697 0.9998029548836795 136.75652386767277
0.9999341001492354 0.0030519115313606257 0.011067122289157932 -0.7981246985954368 -0.003241268666473825 0.9998479745160421 0.017132484681746024 -1.7736489800608357 -0.011013153894032564 -0.01716722750199646 0.9997919767343657 138.09975523687524
0.9999432665575798 0.0037629551874349045 0.009965130919040213 -0.7892806310905176 -0.003937480944223198 0.9998381933637245 0.017552302807327953 -1.8028518798338895 -0.009897470788305728 -0.017590544859394656 0.9997962856526632 139.35212780445272
0.9999562218710151 0.003149963846970069 0.008810906330528097 -0.7785819018717333 -0.003304550958451105 0.9998398975304641 0.017585768301647854 -1.8031167394673469 -0.008754101874090474 -0.017614114861027402 0.9998065356154451 140.60657133973714
0.9999677135052631 0.0017707637200430077 0.007838134129151766 -0.7750179326732579 -0.0019060887818445468 0.9998486777978224 0.017291278916265505 -1.8149985729716986 -0.007806329921913317 -0.017305661157103257 0.9998197714119704 141.94312437601783
0.9999713701654532 0.0038846907660460986 0.006493691257984846 -0.7820323881224989 -0.003991093414632122 0.9998566639415878 0.0164536544518824 -1.8166490855643727 -0.0064288436486048504 -0.016479100637432714 0.9998435423667941 143.33442926573852
0.999985180376409 5.28356154890202e-05 0.005443917863345917 -0.775942729207745 -0.00013361940581804732 0.9998898725096518 0.014839979526845206 -1.823179715744958 -0.005442534706836532 -0.014840487305115653 0.9998750615716425 144.6661719019679
0.999985767086616 -0.0025379489261864764 0.004693021252818055 -0.7754576938700366 0.002474099389876706 0.9999049796210531 0.01356136247562142 -1.8420111780112631 -0.004726993753836593 -0.013549558718172058 0.9998970271925952 146.1067469504795
0.999915733981539 -0.012631453795720064 0.0029952170567207376 -0.7895279329284453 0.01258022004001526 0.9997839249113155 0.016548158058864372 -1.8341077202081602 -0.0032035974153438486 -0.016509083434945778 0.9998585835663045 147.44615365372215
0.9997385146910156 -0.022795003447472907 0.0018138542265157972 -0.7611173968401598 0.022757371805950798 0.999567992569767 0.018599200154510075 -1.8233484584653392 -0.0022370396320015133 -0.01855305852829475 0.999825374592559 148.82245475777611
0.9997611894923732 -0.021833841724877644 0.0009205141519300114 -0.7414061401314782 0.0218166047709943 0.9996373631338664 0.015785372085216475 -1.8580584223475205 -0.0012648357477417905 -0.015761520171981038 0.9998749795237356 150.12465506204174
0.9997357785696412 -0.022960330093686768 0.0010937524933580217 -0.7567794347159698 0.022945181277879742 0.9996612577606387 0.01228366318025466 -1.8471079156870558 -0.0013754190591347489 -0.01225532144683339 0.9999239547692057 151.54546544196847
0.9997855970869801 -0.020619859051102925 0.0018924266812197076 -0.7733913547873719 0.020598839293574082 0.9997324087901706 0.010526092583019429 -1.857283514383328 -0.0021089669980761993 -0.010484854154189293 0.999942808410691 152.86579688009556
0.9998388596441861 -0.01775496058228663 0.0026487982309872154 -0.7874026902653501 0.017726809304989523 0.9997898331939383 0.010298041669048292 -1.8865384844893391 -0.0028310830950631573 -0.01024942768394692 0.9999434655021305 154.24876217899728
0.9997101933780113 -0.023855251522783442 0.0032336105051704155 -0.7822980235678301 0.02380910251200207 0.999623613731368 0.013629288360245843 -1.8753020470242105 -0.0035575238083478053 -0.013548349384117345 0.9999018883142042 155.54835522814759
0.9995029535087737 -0.031331164376135784 0.0034934306578476276 -0.7758091048779204 0.03126822855912332 0.9993696378258626 0.016811450860636963 -1.8758224992372035 -0.00401795118520375 -0.016693861701514358 0.9998525746591921 156.89267323572193
0.9994112489904231 -0.03412492179207681 0.0035559933244747695 -0.7586070670277878 0.03405371558707841 0.9992494899924758 0.018460802149631608 -1.8893609482062579 -0.004183298281464886 -0.018328838880189754 0.999823261224122 158.1693443846278
0.9993964556451055 -0.03457299219113489 0.0033812184130383107 -0.7633796316648773 0.03450508766343208 0.9992347887676541 0.018418356458589167 -1.905017776367915 -0.004015409082537905 -0.018290571256574024 0.9998246503748385 159.56579724500966
0.9994337843325761 -0.03332150031167602 0.004667798112689652 -0.7522324898230535 0.033226459046827715 0.9992645278186728 0.019141731144364703 -1.8927149340364158 -0.0053021967074301886 -0.0189757987376753 0.9998058840475473 160.95738401547618
0.9995623940616019 -0.028955297605552547 0.006050712138257954 -0.756843374434107 0.028836723428854294 0.9994065245083045 0.018842562203401608 -1.9064617397696 -0.006592713724967166 -0.018659834214079907 0.9998041541800107 162.33034730853592
0.9996645422279528 -0.025001026781198935 0.0067639987246233164 -0.77135712932147 0.024885148157840903 0.9995507271556767 0.0167054852143124 -1.9128321809021558 -0.007178614718297935 -0.01653155841992712 0.9998375743428158 163.63903228533596
0.9997375193215098 -0.02165310570246163 0.007485685400004507 -0.7768497140320474 0.021531483046542378 0.9996407198407439 0.015963284826582505 -1.9177271661865378 -0.007828651282662373 -0.01579791715290457 0.9998445569351117 164.97641226488082
0.9998172454425573 -0.017365247374257004 0.00799524326470336 -0.7654826730513375 0.017225423869256185 0.999703037282364 0.017237227283181195 -1.9306748630865582 -0.008292198377034009 -0.017096355964092858 0.9998194607326764 166.2945184412366
0.9997491583820357 -0.02105426908127517 0.007637936906121519 -0.765648350150967 0.02091665067869768 0.9996250397225535 0.01767126680274553 -1.907060223450712 -0.008007129250409424 -0.0175070743778533 0.9998146769422984 167.62702454230123
0.9998147899591749 -0.017861723494865436 0.007165516570569962 -0.7659790996612958 0.017751547450018307 0.999727556050562 0.015155732304123723 -1.9240018384784205 -0.007434272483509445 -0.015025726579354014 0.999859469692111 169.02750936113318
0.999907888969643 -0.011876129062850268 0.0065704757334888765 -0.7791450494766853 0.011793818018534004 0.9998532200292312 0.012427559657742835 -1.94146694586673 -0.0067171031784931095 -0.012348924176159225 0.9999011874153606 170.4467933216763
0.9999594093204028 -0.006398803528317447 0.006343109574595721 -0.779062805432198 0.006327662750197534 0.9999175607991595 0.01117283661451385 -1.9506797736725627 -0.0064140799726488795 -0.011132246252600888 0.9999174629282969 171.82094011379212
0.9999753676957809 0.0020743601748737074 0.006705298976419881 -0.7852475623956209 -0.0021483008319938034 0.9999367623056553 0.011038849264510948 -1.9816381034251793 -0.006681976955358371 -0.011052982565586825 0.9999165879000588 173.19330617805548
0.9999703734221688 0.0017439391183969874 0.007497396746358653 -0.7946985868959445 -0.0018514358965446807 0.999895248809326 0.014354915215723392 -1.9827299855101217 -0.007471577906855311 -0.014368371156625828 0.9998688541168791 174.5926177724401
0.999967728979604 0.002555592382716713 0.0076164262696757955 -0.7937364221636406 -0.0026786526698865457 0.9998653284875276 0.01619103782363476 -1.9895188743995667 -0.00757402348825294 -0.016210917398187658 0.9998399073480364 176.03065039919431
0.9999747817242017 -0.0026008937934500105 0.00660842472420727 -0.794082801831795 0.0024795133418024275 0.9998292864592543 0.018309831766520252 -1.9643653279286937 -0.006654919051890902 -0.018292984700000705 0.9998105214317364 177.32724817957111
0.9999684817549809 -0.006140997131979487 0.005032262312650099 -0.7881235808288143 0.006049466995721245 0.9998195695462693 0.018006451212063117 -1.9477265460528699 -0.005141932324136235 -0.01797544152095128 0.9998252067422131 178.58691914183422
0.9999849692969992 -0.0046914687631296175 0.002837483180381333 -0.791875000974926 0.004648871312564917 0.9998791143791852 0.014837271023098415 -1.9924817496646 -0.0029067489963430088 -0.014823857200542958 0.9998858955253329 179.9214806810622
0.9999989889652778 7.696024205195058e-05 0.001419911061117511 -0.7960161702587587 -9.148937962021216e-05 0.9999476147489378 0.010235203188196314 -2.0257849789809392 -0.0014190490866435794 -0.010235322947471003 0.999946610807433 181.22378173577292
0.9999989010786247 -0.0011980276980246615 0.0008732550071093006 -0.8304667576817566 0.0011897873577696519 0.9999553303156055 0.00937666116614729 -1.988446375433141 -0.0008844495659421879 -0.009375612057319132 0.9999556568414487 182.70705947021827
0.9999752745733071 0.006984399221798041 0.0008175550233694854 -0.8402566647216236 -0.006992644188957948 0.999919813409644 0.010557920670353924 -2.020433852909876 -0.0007437487882589822 -0.010563376705587529 0.9999439293844614 184.19414767354849
0.9999651661496064 0.008315065201888945 0.0007253696513397768 -0.8506379900721694 -0.00832438051289796 0.9998679704515034 0.013955155549222723 -2.025358676307274 -0.0006092358935530387 -0.013960707971445241 0.9999023589678013 185.63091077141047
0.9999709171997604 0.007535766084379318 0.0011734436188255092 -0.8635055221184121 -0.007554102565821588 0.9998354013951215 0.016495625471290378 -2.0231369267070773 -0.001048943372482397 -0.016504010375967285 0.9998632493323113 186.99542987175488
0.9999659528747802 0.008127452101291456 0.001427444597314128 -0.8717134912867056 -0.008150951736943282 0.9998169421703035 0.017310232352981902 -2.030137399069103 -0.0012864953033569694 -0.017321278367926785 0.9998491477477601 188.34706389356526
0.9999775216793966 0.006553921290725854 0.0014150053685691067 -0.8639501815285394 -0.0065783715667158205 0.9998158517602795 0.018027412484414876 -2.0366246781444666 -0.0012965946507708546 -0.018036316048993674 0.999836491708849 189.72534696077858
0.9999964650259474 0.0023094483564917315 0.0013177183553782286 -0.8677199469871132 -0.002333363230492885 0.9998271486546044 0.01844527647189781 -2.0329730482173045 -0.001274892265566708 -0.018448286348222154 0.9998290030739616 191.05412374307875
0.9999984919794975 -9.95762289608508e-06 0.0017366467680221432 -0.8802295902288125 -2.2141631536951034e-05 0.9998291842015092 0.01848247601104779 -2.0315565477535835 -0.0017365342946872764 -0.018482486954149783 0.99982767621796 192.59084562050316
0.9999954538002209 -0.0019358529617843519 0.002311894936442865 -0.8714949067978549 0.0018904109263628757 0.9998080924404082 0.019498836485446414 -2.028661992875987 -0.002349198329368252 -0.019494377789224727 0.9998072066697353 194.07523960243807
0.9999554534266776 -0.009166750822662086 0.002249856461264502 -0.8781521724766529 0.00911558110844702 0.9997210601223845 0.021787797212868127 -2.0201135842866487 -0.0024489523833812403 -0.021766318312104457 0.9997600862348469 195.54413380608398
0.9999128489787699 -0.012960459426972454 0.0025141503790366603 -0.8736418079114001 0.012902159121764118 0.9996755121078019 0.02196371461651227 -2.0194627590436647 -0.0027979946176892962 -0.021929362908132265 0.9997556072747384 196.86884825976574
0.9999254748202617 -0.011873091959846158 0.0028415676390592293 -0.8797809034620439 0.011819015966660571 0.9997618483104592 0.018345503685524178 -2.0328924640248776 -0.0030587090100947798 -0.018310552299587456 0.9998276691404242 198.24252007374182
0.9999938111239106 -0.0009994255569300697 0.003373257801942917 -0.8904070921573759 0.0009549015050807769 0.9999127493326359 0.01317504757062407 -2.0598470976639143 -0.003386131237642662 -0.013171745159024145 0.9999075153461033 199.72849935909497
0.9999381633615553 0.010039400596406985 0.004783290844073354 -0.9091494679612802 -0.010097956634293855 0.9998723883147378 0.012378948895188995 -2.048890696061208 -0.0046584035976089165 -0.012426485134933942 0.9999119369936745 201.1378403778663
0.9998284642341776 0.017460127983344606 0.006179481854000442 -0.9328332846282676 -0.017562452259463013 0.9997027465870528 0.016910907046116922 -2.0652210642115385 -0.00588237886502941 -0.01701653341975448 0.9998379044680309 202.555879656722
0.9998271125183271 0.017233134841786 0.006983129388520531 -0.9335995340225045 -0.017362086637380175 0.9996716289622946 0.018846544330517082 -2.040063234864499 -0.006656051839579626 -0.018964528077942713 0.999798001424132 204.0662651446112
0.9998691435110435 0.014807294023739672 0.006514588725134453 -0.92672400595501 -0.014930969553608996 0.999701007527264 0.019363928461255817 -2.0421305018970024 -0.006225914041335451 -0.019458664081273447 0.9997912774125209 205.48357259637618
0.9999255767979109 0.01111764413570625 0.005023826597986676 -0.9217229454966196 -0.011213215097389593 0.9997486583575277 0.01941349879624618 -2.0465644622837167 -0.004806731921331739 -0.019468387618075393 0.9997989183912582 206.89395821624743
0.9999655620948346 0.007360547139350718 0.003833661344707493 -0.9237204892562586 -0.007432674592829848 0.9997889447660235 0.01915257887798803 -2.0367293330795895 -0.0036918790677508634 -0.019180414041238308 0.9998092226776976 208.3639461301211
0.9999533276151511 0.009017682469821818 0.003467560901252559 -0.9290439719103184 -0.009081055630277644 0.9997835920316338 0.01871639771404348 -2.041452003865686 -0.0032980322260497017 -0.018747013662291142 0.9998188198205764 209.87087612840452
0.9999539831268774 0.009021021860166609 0.00326385928463982 -0.9349038463267514 -0.009080824792033374 0.9997820846048399 0.018796859701891502 -2.033743216255404 -0.0030935814040113294 -0.018825633638930812 0.9998179960761335 211.40649888505789
0.9999397762445514 0.010517817006405939 0.003133590447827776 -0.9434663978565245 -0.010578035030747446 0.9997467414813191 0.019863486251250607 -2.03260824210865 -0.0029238765575771504 -0.019895437624849552 0.9997977908128383 212.74339272328737
0.9999405809005376 0.010460529859965893 0.003067892294041711 -0.9430558912958595 -0.010520559550628387 0.9997395719946306 0.02025107473395225 -2.049489939200345 -0.002855256582633141 -0.020282147782344814 0.9997902189950915 214.13938564613792
0.9999441492649833 0.010257036315636792 0.002547849404446586 -0.952175456085979 -0.010304829065872285 0.9997565136697404 0.01951214714094321 -2.0427827586013305 -0.00234709241937546 -0.019537312916801317 0.9998063735384596 215.66983916892642
0.9999495373756984 0.009817798547687407 0.00212920512271873 -0.9637311224769718 -0.00985566343514145 0.9997790104021492 0.018568690591942487 -2.029848636053194 -0.0019464310771320965 -0.01858873866847203 0.9998253198471121 217.12743726442415
0.9999459092893719 0.01026136165329455 0.0016979196985312083 -0.9604931751029671 -0.01029174452081389 0.9997670061579513 0.01897401924571462 -2.04009708900179 -0.0015028249325402014 -0.018990467864215908 0.999818535362811 218.59640154789142
0.9999440093758858 0.010493895459122963 0.001362442323516601 -0.974662252180118 -0.01051820507098837 0.9997590726959676 0.019265615438878312 -2.049834861750336 -0.001159942802736076 -0.0192788675798752 0.9998134725066287 220.076734136784
0.9999589956011012 0.008953366651993687 0.0013580589781646067 -0.9768963944845831 -0.008977343649104503 0.9997826430682746 0.01881685229978268 -2.041975988160703 -0.0011892897026498522 -0.018828272865195422 0.99982202503181 221.54791735846996
0.9999349129111237 0.011354920452945894 0.0011116194011184881 -0.9832611763562182 -0.011373782193490082 0.9997593282021433 0.018759604700163066 -2.0457849405390793 -0.0008983381080750396 -0.018771027386991566 0.9998234051709461 222.99689630809627
