1.0 -3.469446951953614e-18 0.0 -1.7787691892340307e-19 0.0 0.9999999999999999 -3.5405977195229754e-19 0.0 2.168404344971009e-19 -2.354751593366955e-19 1.0 0.0
0.9999998184236251 -0.0001920850232811945 -0.0005711877703400902 0.0023623220759034095 0.0001924746445146272 0.9999997488292218 0.0006821250560820844 -0.022605926090915572 0.0005710566496940094 -0.0006822348851515522 0.9999996042253559 1.3271691435190551
0.9999996106291743 -0.0006537789352943687 -0.0005927180634304468 -0.007919513178060316 0.0006544457365945475 0.9999991525635218 0.001125420722648312 -0.03902273942997718 0.0005919818357649513 -0.0011258082084223669 0.9999991910569219 2.628002273801946
0.9999985244154309 -0.0013027885225958633 -0.0011197808784350139 -0.009237918093241298 0.0013039059154677044 0.9999986522689209 0.0009976409880589597 -0.0746863043332523 0.001118479749464476 -0.0009990996244713523 0.9999988754018504 3.9515879976599413
0.9999979703940859 -0.001937228998920874 -0.0005534921413556564 -0.02262172482950816 0.0019378220718998269 0.9999975470087418 0.0010727623416835195 -0.08804861158533576 0.000551412644931519 -0.0010738327538173656 0.9999992714139098 5.267169937196659
0.999997036378921 -0.002257119790703626 -0.0009124941099497561 -0.018649532155090798 0.0022585203953163664 0.9999962688856073 0.0015366511946255576 -0.10716273517368945 0.0009090223777324522 -0.0015387075564707359 0.9999984030282704 6.588547945280161
0.9999934119286554 -0.0035640749000146067 -0.0006880939448463098 -0.02745835817716638 0.003565774164919891 0.9999905575658861 0.002483954156186457 -0.14381065598129011 0.0006792345085711311 -0.002486391426161097 0.999996678244332 7.923302919618288
0.9999934488604734 -0.0035843750530780826 -0.0005044757888072321 -0.0465135028782244 0.0035858147715182205 0.9999894178086839 0.002882047455111991 -0.16242385186491953 0.0004941401556974973 -0.002883837585649996 0.9999957196446488 9.238816185896198
0.9999943853945131 -0.003178870621352933 -0.0010601716006701494 -0.045096460260239266 0.0031813286672287087 0.9999922372690773 0.002324767636819906 -0.18721029828362878 0.0010527733263801051 -0.0023281273827818905 0.9999967357413443 10.570550192816047
0.9999993687847709 -0.0006551737587281326 -0.0009127852844807026 -0.0661500682084681 0.0006551678753710898 0.9999997853539264 -6.791070508366857e-06 -0.2039312015990779 0.0009127896150635379 6.1930385071391005e-06 0.9999995833890292 11.891690629798024
0.9999955834721127 0.0027670046020153776 -0.0010847649707180751 -0.06479575199729222 -0.0027679850855640772 0.999995761197979 -0.0009032440154875857 -0.23552622286299457 0.0010822611828044866 0.000906242654407827 0.9999990037178197 13.23665257353747
0.9999822710820466 0.005903274412497982 -0.0007802946185673516 -0.09021878869896155 -0.005903927181420697 0.9999822218590847 -0.0008364338459282507 -0.25518907096463794 0.0007753431123118874 0.0008410258308938876 0.9999993457596595 14.575192194916596
0.9999803259511609 0.0062626273973115446 -0.0003566446440962741 -0.11391180338182448 -0.006262601050613845 0.9999803868340673 7.607885585109949e-05 -0.28158952514865443 0.00035711413252382043 -7.384384249125881e-05 0.9999999335085733 15.919799614464548
0.9999908713278148 0.0042704007742568 -0.00014467173020296588 -0.10659689649467784 -0.00426995944578467 0.9999866017550411 0.0029263909997325087 -0.3079418049709911 0.0001571666696246958 -0.0029257466043107936 0.9999957076439142 17.265227834414073
0.9999999978536601 6.520407954781898e-05 -6.402434657729918e-06 -0.1171100066820164 -6.517020385795637e-05 0.9999867069259233 0.005155746616854573 -0.33391369365735896 6.738530012604608e-06 -0.005155746290213808 0.999986709029682 18.628215114681225
0.9999975495566799 -0.0021468078458000226 -0.0005404618872479536 -0.1057405677455295 0.0021484835345520203 0.9999928280248946 0.0031189603195456634 -0.37281315637968604 0.0005337622503733565 -0.003120113910463113 0.9999949899817016 19.96603266232267
0.9999956682089047 -0.0029209886919131806 -0.00036248051322386086 -0.12435341136993022 0.002921302298187394 0.9999953570114728 0.0008671470751023293 -0.37092535431720586 0.0003599459347555069 -0.0008682022491274617 0.9999995583321392 21.324416284033216
0.999999838235014 -0.0005665435062734495 5.059030854093053e-05 -0.13537728508543848 0.0005665540057098704 0.9999998180746832 -0.00020704174586849922 -0.4292231125802651 -5.0473005576128415e-05 0.00020707037907443767 0.9999999772871146 22.674710582962074
0.9999976556847696 0.002025040249490316 0.000766703668496464 -0.14555679031486318 -0.0020259704847520937 0.9999972104636906 0.0012142947741350253 -0.42191013682684464 -0.000764242597687441 -0.0012158452713406716 0.9999989688257679 24.037379270378437
0.9999966398280971 0.0021005684463914773 0.0015191916084284713 -0.1577196487413528 -0.002108787637228676 0.999983039675522 0.005428938974837885 -0.44255887302487396 -0.0015077621076875405 -0.0054321244925985565 0.9999841092117958 25.435577145733664
0.9999981587098159 0.00013803096140792802 0.0019140341760176724 -0.1534091608782838 -0.00015060020290100576 0.9999784171865012 0.006568293482044452 -0.4677358896126592 -0.001913086394263531 -0.006568569769858178 0.9999765967215053 26.796001165362338
0.9999916977138591 -0.003692752887492448 0.001722813681121293 -0.15762563409878108 0.003682771150349467 0.9999766201175097 0.005761632451062381 -0.49131986783663484 -0.0017440498292718187 -0.005755239997006366 0.9999819175873983 28.171725060308134
0.9999899860685632 -0.004197192406158014 0.0015528510439524353 -0.1685298769060025 0.004191881041921473 0.9999854061848718 0.0034081584845833826 -0.5043718231804425 -0.0015671332082236875 -0.003401615051222287 0.9999929865289245 29.536486069022388
0.9999882314720804 -0.004142476812581536 0.0025252350696721272 -0.1767197292886527 0.004138496501976665 0.9999901889415762 0.0015795130311851782 -0.5487606776057006 -0.00253175360294172 -0.0015690437918333335 0.9999955641512578 30.917740269273782
0.9999955633532266 -0.0011891396928317543 0.002731158371466843 -0.1797061864956565 0.0011877836649507537 0.9999991705321571 0.0004980994375172663 -0.5453374405125213 -0.002731748646242244 -0.0004948532089457631 0.9999961463256509 32.30756990030326
0.999994826609161 0.0003494693040792061 0.0031975974691731135 -0.18651284310394572 -0.00034447111864456016 0.9999987183545376 -0.001563531151695593 -0.5925606918005104 -0.003198140048694384 0.0015624216160906805 0.9999936653473035 33.68345499792899
0.9999943802884576 0.0005239357800003721 0.003311326935704912 -0.20628386733077225 -0.0005200343489933828 0.9999991697978367 -0.0011789694269270748 -0.5896540781404311 -0.0033119421717796352 0.0011772408232089567 0.9999938225503322 35.083691928360665
0.9999953703686364 -0.00029104907501240583 0.00302894966291226 -0.19914501544355082 0.0002888563199554238 0.9999996959384543 0.0007243510561252222 -0.628477235374924 -0.0030291598190102507 -0.0007234727829651486 0.999995150375323 36.47625851736226
0.9999925692610994 0.0025060311464592186 0.00292937361093858 -0.20576523184111886 -0.0025117584154790333 0.9999949383788247 0.0019530208762095975 -0.6672381539055984 -0.0029244646981277994 -0.0019603642808175667 0.9999938022181397 37.8782723774311
0.9999889590917959 0.0039951687067303135 0.0024739274937455947 -0.20926379607196882 -0.0040017113380777175 0.9999884944153214 0.0026452505333347904 -0.6773741411813515 -0.0024633310138885626 -0.0026551213244537476 0.9999934411426389 39.2629690764688
0.999973974617199 0.006586527977299122 0.002944100495619474 -0.22599912311199663 -0.0065944098298275815 0.9999746777334372 0.0026753810803253016 -0.7023341139843519 -0.002926404717529809 -0.0026947261135314127 0.999992087270364 40.67110246688813
0.999947342511755 0.009816140094933923 0.002992587328405145 -0.23684619585920663 -0.00982591241082402 0.9999463835046715 0.0032682690784274562 -0.7491517321573766 -0.0029603453373392976 -0.0032975019506593537 0.9999901813684077 42.09566731625144
0.9999400183719882 0.010656193139613433 0.0025308466229586914 -0.23859310485326882 -0.010663926535099729 0.9999384511469659 0.003061798937844331 -0.757014193963106 -0.0024980639406889825 -0.0030886041156227596 0.9999921100681045 43.48785795414027
0.9999618065049986 0.008487208537728958 0.0020863381416290484 -0.24322135782641324 -0.008493278800688873 0.9999596744401477 0.0029178291012535275 -0.7656241921481483 -0.002061489957188716 -0.0029354375733507063 0.9999935667108907 44.90186310528759
0.999966593314153 0.008074240904425337 0.0012723497748311351 -0.2409091702790115 -0.008078086078347518 0.9999627322259095 0.003046096083105737 -0.8029690620199363 -0.0012477075470725993 -0.003056272539540202 0.9999945511965815 46.3021313942789
0.9999640912399922 0.008455615783244037 0.0005646014040924458 -0.2609399499180147 -0.008457549298532046 0.9999580606877925 0.0035137932505313794 -0.826315736770062 -0.0005348664823156082 -0.0035184422941699866 0.9999936672207431 47.735740046982286
0.9999648260706643 0.008364625834634442 -0.0006161468905630473 -0.2725995548758593 -0.008361705317705671 0.9999544601417322 0.0045999504212911905 -0.846088631740309 0.0006545957539643482 -0.004594636681726428 0.9999892303521284 49.13854751333904
0.9999593686245384 0.008918322987154115 -0.001313237712134941 -0.2833058126154005 -0.00891224693466502 0.9999498762139095 0.004562557717351797 -0.8699097908574195 0.0013538623685955182 -0.004550668533205896 0.9999887291744084 50.55947713262406
0.9999491902922216 0.009726025111930315 -0.00264976279073834 -0.29365795592480715 -0.009713424854381293 0.9999416481301621 0.0047275504338886816 -0.8979511626945886 0.0026955886773591614 -0.004701572058991889 0.9999853144060115 52.005861230937214
0.9999414524709299 0.010184216186319503 -0.0036569578857370798 -0.3008820210589408 -0.010160624025377813 0.9999278141636642 0.006413127375900308 -0.9275632985948664 0.0037220068998655067 -0.006375595065474735 0.9999727488590722 53.40971193124724
0.9999583407534716 0.007932902117218863 -0.004515063226965821 -0.31375136442950324 -0.007899684779232766 0.9999419459913103 0.007328003975376506 -0.9325962288644931 0.004572933839550725 -0.007292031273520313 0.9999629565973239 54.873359399003185
0.9999697590752283 0.005712636692312589 -0.005276996798426963 -0.32671916161741527 -0.005671985166495811 0.9999543704953298 0.007686710649258529 -0.943517896974423 0.005320667852451469 -0.007656547308066843 0.999956532950167 56.27519000673216
0.9999816685723198 0.0026333316722737714 -0.005452345186153065 -0.3503769113965867 -0.002595020730382711 0.9999719802057474 0.007021728670095027 -0.9561023151523262 0.005470683420891295 -0.007007451147577739 0.9999604828513 57.69592495776728
0.999981990334541 0.0023341304640200162 -0.005529089106482305 -0.3578521800206519 -0.0022936294918409665 0.9999705769251053 0.007320146844782344 -0.9869774981444949 0.0055460130758865364 -0.0073073334798729175 0.9999579214294835 59.148548529133976
0.99998231989177 0.002785449986290078 -0.005253680313516109 -0.3679391193018575 -0.0027420618869268675 0.9999622263751612 0.008247843469604593 -1.0323940068262973 0.005276456270840717 -0.008233291898986242 0.9999521848201935 60.55672810185252
0.9999864531964748 0.002382987084759876 -0.004627610933081628 -0.3848527152705337 -0.0023402503144882396 0.9999547678352001 0.009218758773633763 -1.057167624957448 0.004649370199529879 -0.00920780430806807 0.9999467984390479 62.005128521863064
0.9999910505250621 -0.0013606127831242276 -0.004005945236872475 -0.39857714658703275 0.0013952293680554312 0.9999616042786786 0.008651202150682661 -1.054870261076757 0.003994020834117431 -0.008656714112235618 0.9999545535215697 63.39394586712938
0.9999901542459732 -0.0022736029104399834 -0.003810792204039418 -0.412924423516074 0.0023048310797108545 0.9999636381718391 0.00821036430480492 -1.0746732651543942 0.003791986855762394 -0.008219066863227082 0.9999590330534034 64.83179374284002
0.9999919340864233 -0.00262886084303484 -0.0030365854446729856 -0.4209329322840953 0.0026539136910615803 0.9999622321992836 0.008275923564748537 -1.0987431073705327 0.0030147147697840437 -0.008283915811263271 0.9999611433658736 66.23139653530552
0.9999972104832404 -0.00035186560032028635 -0.002335639712001904 -0.43452048740812615 0.0003705980026442023 0.9999677333022008 0.008024650063147945 -1.1242981044066211 0.002332740953975827 -0.00802549342147237 0.9999650742807967 67.60751309509381
0.9999965937133816 0.0018420119045020888 -0.0018492018385621858 -0.4572008719987046 -0.0018243287757278744 0.9999530271900006 0.00951920365146981 -1.1303539489468195 0.0018666496281367114 -0.00951579786468956 0.9999529815028383 69.08298587013607
0.9999818357067319 0.005960112748567907 -0.0008973846308381421 -0.4768106384511326 -0.0059498774178121765 0.9999217227217706 0.011006697771869071 -1.1463834512146902 0.0009629156356131213 -0.011001158736609215 0.9999390217935151 70.46839347507186
0.9999541823494176 0.009569421393116628 -0.00024362722321777603 -0.49644693401943435 -0.009565895033432897 0.9998850718692504 0.0117616632430139 -1.1727183277479372 0.00035615157445513697 -0.011758794078173268 0.99993079956703 71.94984570418018
0.9999131163145613 0.0131817314668622 4.1773088529806907e-05 -0.5069500028757092 -0.013181397280768331 0.9998529356357693 0.010970774580377148 -1.1775441121646337 0.00010284687605359097 -0.010970372253128528 0.9999398183686665 73.2946389324396
0.999833912467875 0.018190382032527194 0.0011213524240074677 -0.5222088629949044 -0.018201468510061304 0.9997757021720187 0.010828293380405193 -1.2105099633348582 -0.0009241301841618147 -0.010846905423689022 0.9999407435586157 74.67753652299308
0.9997888741614289 0.02047537431403377 0.0017222344848645355 -0.5392823745758666 -0.020492443891904598 0.9997342619186018 0.010557714999252007 -1.2301073431470229 -0.0015056037749498468 -0.010590779009574459 0.9999427826424594 76.14589134383108
0.9998168640590557 0.019030978203113696 0.002014983882997536 -0.5486432834662229 -0.019052159777704827 0.9997571691532668 0.011073300534899045 -1.2334851548531431 -0.0018037589862255966 -0.011109662642556441 0.9999366589194048 77.52613820625139
0.9998436662796114 0.017564224803696904 0.002034935325584319 -0.555471111371013 -0.01758592014149022 0.9997827964524147 0.011184604371361633 -1.254283598294012 -0.0018380445722113923 -0.011218642283755121 0.9999353797415578 78.91805218623021
0.9998474536089245 0.017346156155339378 0.002044586372052698 -0.5553855336072706 -0.017366901972177638 0.9997929165163238 0.010607301425987559 -1.2627220729973763 -0.0018601672147028137 -0.010641191673043626 0.9999416507070761 80.29008185473252
0.9998598383986386 0.016646552409147305 0.0017876822301347043 -0.5608583384883002 -0.016664716094034897 0.9998041225353842 0.01067725807057599 -1.2788968176273494 -0.0016095926557890582 -0.010705552968264823 0.9999413984572084 81.63149100918156
0.999869048088722 0.016144060611450326 0.0011206870990579643 -0.5808676828387718 -0.016155361904249856 0.9998096711062051 0.010937361808905777 -1.299983024242247 -0.0009439004398402609 -0.010954034873639856 0.99993955726054 83.1237742681803
0.9998541685500015 0.017039982299655254 0.0011316322241647807 -0.5805145153098826 -0.017051315137122873 0.999795199062235 0.010900120489554292 -1.3127670550312236 -0.0009456626767356468 -0.01091782695432414 0.9999399515866602 84.44730990488289
0.9998109696798457 0.01943695618984468 0.0004791518816769269 -0.5855591436297438 -0.019441120023713718 0.9997476675367573 0.011253628695208073 -1.3395532452577568 -0.0002602947022272476 -0.011260816904042681 0.9999365611142262 85.8797508980619
0.9998421654546477 0.017746314441323366 -0.0008440687622537889 -0.599023608135999 -0.01773486367051098 0.999770105677385 0.012050329822862376 -1.3484804778221258 0.0010577237558411327 -0.012033458671739295 0.9999270358876521 87.2045625900305
0.9999005135560711 0.013994475902671402 -0.0017656715682535069 -0.5965044831256207 -0.013970025127325158 0.999815622984735 0.013174158928919714 -1.3583937233992258 0.0019497116431991344 -0.013148182073974043 0.9999116580684463 88.57690662445721
0.9999089135111814 0.01291854184881465 -0.003908441925355307 -0.6136718199273932 -0.0128636194880727 0.9998225026389121 0.013765556157231388 -1.3865076481284488 0.004085579456063547 -0.013714025874853892 0.9998976115323651 90.11553383702491
0.9999410722893078 0.009971105034834624 -0.0042928990786432345 -0.6359529536796227 -0.00991170494238076 0.9998578065676168 0.013642755136192173 -1.3855190950036795 0.004428322385608515 -0.013599401530128778 0.9998977178956302 91.57206188527437
0.9999656237844098 0.0069819779543751044 -0.004472494856913442 -0.6443483295491481 -0.0069217744214811 0.9998870887169763 0.013337873326242809 -1.3936561487146606 0.0045651149954029375 -0.013306457491459516 0.9999010440679835 92.92342403295581
0.9999518817911 0.008497668882048316 -0.00490139755286755 -0.6617592838711018 -0.008430962951558794 0.999873684464291 0.013473455097577103 -1.4256519756370258 0.005015271824475586 -0.01343148355318911 0.9998972158743971 94.20533062556578
0.9999528641393483 0.008405711077761073 -0.004859371677776598 -0.6714576835706232 -0.008342530010422405 0.999882256503446 0.012879259897756063 -1.4285486594751602 0.0049670592855635964 -0.0128381136322159 0.999905251098921 95.42530715815752
0.9999737492596134 0.005043007683481503 -0.005202772825187023 -0.6950291635812018 -0.004979301391378449 0.9999133517365263 0.012185876321520007 -1.4368503749761088 0.005263775936218654 -0.01215965050708319 0.9999122139355536 96.79337326944814
0.9999704650919213 0.005934247712355791 -0.004884017455422425 -0.7019096936304824 -0.005877342656915556 0.9999156259315396 0.011584380377003097 -1.4425905833478674 0.004952350381232212 -0.011555333425590503 0.9999209711317517 98.12658548339824
0.9999593022362403 0.007667028695177987 -0.004755051705837186 -0.734685168112044 -0.007611106014020236 0.9999029429406127 0.011669437676625528 -1.4603503076838489 0.00484406052630912 -0.01163277179306298 0.9999206037039929 99.45641608062274
0.9999589771683536 0.00785655451697725 -0.0045076053667079076 -0.7383843926669669 -0.007793671264376618 0.9998743663630114 0.013802542853527607 -1.4641239177060377 0.0046154798909253955 -0.013766846120829724 0.9998945800972355 100.7419013945469
0.999924946139829 0.01149428779039041 -0.004240683928177245 -0.75758005961471 -0.011428347154636491 0.9998182560309175 0.015259351518002005 -1.4871509013918605 0.004415308971986677 -0.015209742548837701 0.999874576531182 102.1971398763728
0.9998912694107763 0.01421562704523498 -0.0039198546269077865 -0.7762379253913767 -0.014161034749090163 0.9998069605415362 0.01362008728958284 -1.5277389821347163 0.004112716379170001 -0.013563097453443628 0.9998995589381604 103.49634166514795
0.9998426660581079 0.017252431096453823 -0.0041227049345247315 -0.8046235279670888 -0.01720076795225175 0.9997769533878805 0.01225467659801925 -1.5465465189679883 0.004333208717771534 -0.012181835087372646 0.9999164096108183 104.85046887415199
0.9999393645586601 0.0102721851279007 -0.003968549831481314 -0.8000099695387133 -0.010226937647229241 0.9998843211246153 0.011258513878441526 -1.5121419454558094 0.004083740646462303 -0.011217245334085456 0.9999287457020021 106.13268803632198
0.999963590076413 0.00738322259334636 -0.004278612156574638 -0.8305216427933046 -0.007329282815170831 0.9998951552815113 0.012488397354528892 -1.5284473119037316 0.0043703685631240954 -0.012456583749108288 0.9999128629100931 107.49948391027833
0.9999792522834057 0.0053569603193338216 -0.003577423894860525 -0.8325152587149776 -0.0053077161030266416 0.999892940366353 0.0136358336798043 -1.5399790222491578 0.003650087836236199 -0.013616563092426858 0.9999006281029262 108.88023998217226
0.9999941396332762 0.002796698368250026 -0.0019746313402745886 -0.8249239719560871 -0.002767221111853497 0.9998869963964881 0.014776228313220965 -1.5615558719203062 0.0020157330355277804 -0.014770677772477337 0.9998888757798261 110.19133602735187
0.9999948273140773 0.0028282341296023503 -0.0015318058403597894 -0.8422999840304426 -0.0028069624354614495 0.9999020005713184 0.013715327732877656 -1.5827385491930002 0.0015704460258694469 -0.013710957340023845 0.9999047671435041 111.4635829177713
0.999994426417525 0.00316650224614066 -0.0010584847149994864 -0.8636988909725385 -0.003153411075772745 0.9999212261145471 0.012148973838771632 -1.5737343234741064 0.0010968711893068008 -0.01214556853074183 0.9999256382576706 112.73075114394268
0.9999661406680909 0.008228873043776017 -5.610639202809184e-05 -0.8751524589980161 -0.008227959467806944 0.9999203287643165 0.009572712333210397 -1.612609097740026 0.00013487457505934465 -0.009571926761517914 0.9999541789653315 114.02854156258623
0.9999456247319003 0.010280376076459033 0.0017496931430693013 -0.8765487211538161 -0.010297251206595883 0.9998977236338307 0.009925165472729985 -1.6025008187140468 -0.001647479888959148 -0.009942643021524413 0.9999492135407346 115.33934128990497
0.9999439886827787 0.010237777953192287 0.002684656365619386 -0.9080445559457855 -0.01026836796159331 0.9998795365691847 0.011639286434932457 -1.6153981860499185 -0.002565172740638158 -0.011666201778270768 0.999928657267966 116.71618062155058
0.9999321561510018 0.011005277916009824 0.003816665042753572 -0.908687155306327 -0.011057238399877531 0.9998426529654366 0.013871078185200078 -1.6271436262377108 -0.003663409730444798 -0.01391233917279163 0.9998965077691913 118.10347115880073
0.9999608548312336 0.007434969758029693 0.004796876024957436 -0.9004384569455693 -0.007506286237443573 0.9998589494294264 0.015024543987077775 -1.6290999804386403 -0.004684492776879441 -0.015059962871964141 0.9998756187880522 119.3646308153187
0.9999240534649091 0.01077800360691188 0.005976781877500983 -0.8994249640758807 -0.010864553424640473 0.999833763905508 0.014642610843309246 -1.6587485374010087 -0.005817970688609488 -0.014706434147144896 0.999874928184423 120.63772259542036
0.9998759747391572 0.013760698087699433 0.00766017621541811 -0.8910520334525135 -0.013863376091497646 0.999812540597114 0.013516304871846505 -1.6781692357722557 -0.007472747074112915 -0.013620824685330771 0.9998793083090913 122.0092447508931
0.9998980352746567 0.011652536763865858 0.008254539354447662 -0.9077411986805419 -0.01176216003507076 0.9998415871404914 0.013358601657165283 -1.654899693499854 -0.008097570806512638 -0.013454331031433136 0.9998766975591947 123.46123654602513
0.9998674886392052 0.012746612909737554 0.010125660334418137 -0.8836443626606668 -0.012884556909240199 0.9998234516577109 0.013676758915503488 -1.6511916141819192 -0.009949541144577325 -0.013805411510154797 0.9998551981374991 124.85720628685337
0.9998284441161437 0.014299831296058158 0.011772728271927092 -0.8514630068912725 -0.014438959920265119 0.9998259003793485 0.011818857789149624 -1.6952434098978726 -0.01160167194353447 -0.011986816383991124 0.999860849037969 126.14147124674882
0.9997858424068516 0.01670397285499404 0.01221665152501206 -0.8700855618276333 -0.016852681873817346 0.9997838837392017 0.012172632006475009 -1.7079862123514074 -0.012010680999371163 -0.012375908733560561 0.9998512791526551 127.45247059038813
0.9998094019576432 0.01462039409256104 0.012938462106131273 -0.8819644358848819 -0.014786166933617034 0.9998086081869345 0.012810788253945599 -1.7169724017011478 -0.012748688085269083 -0.01299965706038816 0.9998342261932478 128.79373120193134
0.9998022345430158 0.014539953185502505 0.013567664942258056 -0.8850940172309443 -0.014726029955012349 0.9997974728807698 0.013717043964833702 -1.7181053557046964 -0.013365473064223246 -0.013914129322223846 0.9998138632440543 130.15717851100655
0.9997705818163248 0.015951069455126282 0.01429500192469987 -0.8565101413462691 -0.016146050705520124 0.999776742669545 0.013629743248278783 -1.7477519762627147 -0.01407440265871017 -0.013857424437136213 0.999804922461528 131.50744370494502
0.9998234224922364 0.012502417921328411 0.014029018368368432 -0.8502766455487303 -0.012717324364876841 0.9998015270071111 0.015335458239495144 -1.742372820819384 -0.013834504836573891 -0.015511162223642195 0.9997839818300158 132.829800068903
0.9998411664057181 0.010727164521239873 0.014232704645482085 -0.8215739545168099 -0.010953780268768244 0.9998129339574361 0.015940884775216276 -1.7391178601675743 -0.014059042871949475 -0.01609425506048938 0.9997716330591023 134.09537237210662
0.9998230327073427 0.012674252879293944 0.013902034230196373 -0.7988642471276777 -0.012881577596336498 0.9998056142007964 0.014926446201591507 -1.7952981533476111 -0.013710151465635484 -0.01510288513771948 0.999791945660896 135.45683530028376
0.9998905009245723 0.008900985438470736 0.011821954393770087 -0.8368042049264257 -0.009090254096209277 0.9998298065081683 0.016053825431335617 -1.7708009202712054 -0.011677048482012222 -0.016159532437455725 0.9998012382722977 136.90196579587598
0.9999256099926305 0.005034375609470501 0.011109884780020047 -0.8057918956739873 -0.0052310530450161066 0.999828853412099 0.017745421105937718 -1.7529172707139085 -0.011018647163094142 -0.017802217766298766 0.9997808112076466 138.20881283079135
0.9999494099546709 0.002193175195663561 0.009816695822408518 -0.8010625775054697 -0.0023693174763138184 0.9998357623327448 0.017967601135363734 -1.7591459472715183 -0.009775678265816516 -0.017989951370875668 0.9997903769119552 139.39120337339534
0.9999548956124737 0.0043291903452275324 0.00845368855830614 -0.8087377416513266 -0.004478990575039649 0.9998318503964402 0.01778228264569656 -1.7732965677448398 -0.008375284881275242 -0.017819344925815793 0.999806143985473 140.60991066582136
0.9999653792704852 -0.0017277106082847667 0.008139735006321196 -0.7592692625617825 0.0015862218774903517 0.9998480978188605 0.017356992179040475 -1.7569880749377995 -0.008168487098531952 -0.01734348017542639 0.999816222870533 142.04447312452044
0.9999782430708617 -0.0009738331459337047 0.006524188978987824 -0.7819507032857378 0.000859940094462594 0.9998475911448116 0.017437172227023106 -1.7425725969892176 -0.006540176069671195 -0.01743118277350858 0.9998266749621424 143.48210776068208
0.9999828738690782 0.0003909840607962071 0.005839443930397406 -0.7647753140325546 -0.0004765836869654854 0.9998923543342036 0.014664672057443914 -1.783142273083018 -0.005833082167657619 -0.014667204176705013 0.9998754163765059 144.8842744161003
0.9999877476467532 -0.0006762748661888508 0.004903796001729794 -0.777213470381654 0.0006121877129229691 0.9999145449077042 0.013058640899362942 -1.8550599491461195 -0.00491220858253757 -0.013055479109425389 0.9999027076028956 146.13588081194547
0.9999138062351681 -0.012680814555579657 0.003402507451725034 -0.7737753052017906 0.012621724871616289 0.9997781942281438 0.016859845474043383 -1.798556149110401 -0.003615549620879651 -0.01681544706633847 0.9998520733309566 147.4675410637761
0.9998372266495741 -0.017935666328055967 0.001957572495535147 -0.7663852988045601 0.01789568736162383 0.9996627009792394 0.018820962445518206 -1.8068492372752836 -0.0022944788880660573 -0.01878286714364982 0.999820953608619 148.78006061683243
0.9997216949056534 -0.023571751774035997 0.0009514499474428857 -0.7427496616688039 0.023552444694037562 0.9995812753799938 0.01680940953858116 -1.808336403014731 -0.0013472788795406312 -0.016782322733656027 0.9998582591993506 150.12883109030585
0.9997388433200558 -0.02278041022990909 0.0018160596850015011 -0.7257994497588433 0.022755502762634744 0.9996600810177282 0.012724366613448203 -1.829390343718827 -0.0021053088291354306 -0.012679718439705511 0.9999173927965315 151.58538363357638
0.9998031169928678 -0.0197406697812953 0.002008287215716966 -0.7804829100146965 0.0197175246671838 0.9997455462758185 0.010957276680771486 -1.8307221453847362 -0.0022240803578482144 -0.010915521124704114 0.9999379505078972 152.94897911442763
0.9998932153067923 -0.01433466411620579 0.002841725146154425 -0.7897997185278927 0.014307474657470167 0.999853755795985 0.009368200295723132 -1.8713055324780214 -0.0029755998077960694 -0.009326542175249575 0.9999520795597947 154.2728478599162
0.999769471039079 -0.021192913173317528 0.0034445927377565206 -0.7797234600721769 0.02114667197720837 0.9996925335054989 0.012948231832263311 -1.868264411243302 -0.003717944696056754 -0.012872405451586714 0.9999102350038873 155.68660807428867
0.9995782369923651 -0.028790385194910492 0.003802873821603396 -0.7770092877461561 0.02872359060328792 0.9994497961953686 0.016584939785821963 -1.8705050497151545 -0.004278268616820886 -0.01646871298006446 0.9998552284770403 157.054559008776
0.9994509048492991 -0.032906864942732 0.003876470507675378 -0.7558454056910149 0.032830829081394564 0.9992938926376638 0.01827163942328612 -1.8748169735959574 -0.004474996035006328 -0.01813433914262826 0.9998255448616958 158.33808873702102
0.9992517150320424 -0.03853223568183043 0.0033580931405556343 -0.7687668755522514 0.03846289728566781 0.9990847165984376 0.018717227807671887 -1.8682007632137294 -0.004076236493166599 -0.01857406032924013 0.9998191779433351 159.737496352922
0.9994203232318808 -0.033772103209441996 0.004296806017795785 -0.7860079246543271 0.03368364773316056 0.9992477476704016 0.0192184978829022 -1.880345453055832 -0.004942623229099554 -0.019062625611756565 0.9998060745887085 161.23562935615857
0.9994544621902834 -0.03246275916970806 0.00607842625563157 -0.7581596184470945 0.0323431670763963 0.9992993188857259 0.018835891924001653 -1.8589067542991884 -0.006685632787803244 -0.01862902101374059 0.9998041117603946 162.66793930963476
0.9997514949798866 -0.02104617076037025 0.0073489450981998605 -0.7568934430984168 0.020919135830843497 0.9996373888129402 0.016955253765352275 -1.9115901689305783 -0.007703124090359682 -0.01679730702765146 0.9998292415991383 163.98139031022833
0.9998364326869138 -0.01602469240136168 0.008385530495935871 -0.7490232076174081 0.0158927456901578 0.9997524348695077 0.015572077283474059 -1.9392969105734945 -0.008632992995419284 -0.015436261381939818 0.9998435844001476 165.21253660425296
0.9998205754873629 -0.017037797010569986 0.008278304232163799 -0.7614693186499358 0.016894999066671412 0.9997123312038715 0.017023919316487782 -1.9178911641195346 -0.008565973613005234 -0.016881003178495745 0.9998208118600536 166.49600011679598
0.9997424396503332 -0.0211334895846325 0.008272242279200861 -0.7419883098982435 0.02097829568823953 0.9996102599574721 0.01841844954327617 -1.8661873200118688 -0.00865826508212293 -0.01824016847272723 0.9997961445723315 167.8057764568993
0.9997241173835738 -0.022252566541176702 0.007517473966619112 -0.7523784826605503 0.02213134870074928 0.9996295694953216 0.015840681313255976 -1.862741856775683 -0.007867185730425108 -0.01566993959236964 0.9998462683741917 169.13294076067655
0.9998941408325555 -0.012702000357080212 0.007096924157112263 -0.7473996389615429 0.012610515890447066 0.9998386797076991 0.012790208537034763 -1.9042601117836238 -0.007258241114831948 -0.012699358936022996 0.9998930163855612 170.10078390324932
0.9999716002040938 -0.0024293970347042046 0.007134201112068249 -0.7472191588132833 0.0023515434186644306 0.9999378179460156 0.010900939302054827 -1.9394116726227792 -0.00716024079853091 -0.010883853540759374 0.999915132739203 171.0638064996229
0.9999726606656361 0.0019019407313587682 0.007145666241680521 -0.7763117519070732 -0.0019760231973729604 0.9999442285459637 0.010374735170369872 -1.983190850789347 -0.007125536179971124 -0.01038857173468127 0.9999206490058358 171.88347356328654
0.9999616801714858 0.0037226322366476113 0.00792339559255355 -0.7756797266503855 -0.003825363033469595 0.9999083083993485 0.012990049793282396 -1.9800434769360165 -0.007874312560778269 -0.013019862134458465 0.9998842324938481 173.01636655323472
0.9999673156272424 0.001268157194878639 0.007984952050255269 -0.7706979923365116 -0.0014045244950734361 0.9998528723147277 0.017095643574854436 -1.9235950125341832 -0.007962097938489591 -0.01710630020686216 0.999821973898691 174.11586575289718
0.9999730157043258 -0.0019844734344119878 0.007073170290825645 -0.7668520097085256 0.0018623117920747098 0.9998497132316964 0.01723608813924412 -1.9583812353793866 -0.00710631243245855 -0.01722245091924978 0.9998264286911543 175.15008696740105
0.9999628759941802 -0.006635453783335285 0.005497035596645869 -0.7578504988639356 0.006533181147194457 0.9998090159564541 0.018418717095113335 -1.9161941898351658 -0.005618202756089548 -0.01838212054188022 0.9998152496562633 176.07812403464774
0.9999745907582176 -0.0064930200730671395 0.0029425396985668503 -0.7778432257124894 0.006451980042596631 0.9998846685000546 0.013748514058497547 -1.9678094347113557 -0.0030314699534382717 -0.013729179774929984 0.9999011550219683 177.09003629732965
0.99998040621928 0.005901971320973511 0.0020866008274487927 -0.7704207052015792 -0.005921759922750558 0.9999363073072781 0.00960802252321026 -2.0216440424301862 -0.0020297618169648913 -0.009620190807356765 0.9999516648299199 178.03897450941994
0.9999725438893593 0.007265343360463731 0.0014581632641688185 -0.7970595059626455 -0.007277615758194515 0.9999365792690857 0.00859498464676071 -1.9933052762802232 -0.0013956253831907198 -0.008605360787897446 0.9999619992760372 179.01662135803537
0.9999665830612436 0.007979949511086314 0.0017757116767067233 -0.7752656228829238 -0.007996815325615435 0.9999209529757397 0.009702513004848813 -2.0039565476832286 -0.0016981458842253933 -0.009716389011152142 0.9999513528596929 179.92211679740956
0.999940965504868 0.010758894513244086 0.0015204180892391809 -0.8047897211332615 -0.010778243388349856 0.9998528110334702 0.01334862380400142 -2.0110202446245835 -0.0013765779712763188 -0.013364223481476827 0.9999097472108042 180.66679165813366
0.9999242702252943 0.012219701993559973 0.0014603664240712382 -0.8393244731322309 -0.012240785437765932 0.9998061102271737 0.015424174105635095 -1.9969719532455543 -0.00127160455864582 -0.01544088238112227 0.9998799738859065 181.45933064625012
0.9999681546254737 0.00779413374143465 0.001714992682205375 -0.8238511390379897 -0.007821085452157569 0.9998363344136514 0.016313645137399514 -2.0100974312779845 -0.0015875613863940764 -0.016326539054044777 0.9998654528368106 182.22991568191867
0.9999648408614983 0.008141923856511454 0.002006514873293593 -0.8062349320152217 -0.008175263563936715 0.9998184961007235 0.01720871668092822 -2.018886531829432 -0.0018660387664546833 -0.017224515769414923 0.9998499057165482 182.97114791235973
0.9999724092847833 0.007218683163741211 0.0017525038843767327 -0.8219198018282522 -0.007247891254652368 0.9998245059161659 0.017274994895698143 -2.0286062574510186 -0.0016274937395584549 -0.017287220568739426 0.9998492402732758 183.97374067794047
0.9999432331089202 0.010369350881702016 0.002450938875377026 -0.8151215295638212 -0.010410082176189502 0.9997972726134222 0.017234960961689236 -2.0696106649068278 -0.002271726824009849 -0.01725949740791087 0.9998484630240526 184.96302183698367
0.9999933024809513 -0.0024248735611028527 0.0027413479498915178 -0.8008623656127927 0.0023704153031157485 0.9998031801996019 0.019697258193056223 -1.998914277029993 -0.002788571978573369 -0.019690628521131653 0.9998022319545816 185.94556834183163
0.9998707714631003 -0.015840723772558983 0.002740776756865666 -0.7976338459801332 0.01577810693486152 0.9996436655045586 0.021531217733768853 -1.9325482791617514 -0.0030808704380607477 -0.021485191426087194 0.999764419648302 186.78296165423706
0.9998190117489518 -0.018765282867450925 0.003131759241117831 -0.7952647227545218 0.018692737120738795 0.9995880861190058 0.02177704407041838 -1.9335926779340884 -0.00353912189821097 -0.021714561939829704 0.9997579469169988 187.6902003197482
0.9999098779579458 -0.012952422065221608 0.003531393398725184 -0.7915961351016128 0.012887417299103693 0.9997576534717657 0.01784793493498547 -1.9761057344607726 -0.0037617118666623955 -0.017800816240140852 0.9998344765354885 188.60429801033905
0.9999926558132217 0.0004502009374136905 0.0038060008661583867 -0.8168733491387756 -0.0004938622553274418 0.9999339972853837 0.011478552592121265 -2.0477345080271947 -0.0038005823165535297 -0.011480348155183359 0.9999268759163192 189.623632303862
0.9998590532727208 0.015812982778067034 0.0056411991844842945 -0.8262174868138799 -0.015871853789964484 0.9998183931075582 0.010548227309198662 -2.0299726936639555 -0.005473376221959066 -0.010636277077034047 0.9999284533207345 190.6154205777316
0.9997931789157978 0.019251372608049246 0.006556218208430362 -0.8599178225837052 -0.019351234301239043 0.999692208678095 0.015524744370618064 -2.0439568834080672 -0.0062553281399867185 -0.015648404758920816 0.9998579890658837 191.75843544806443
0.9997819662583293 0.019490711953812346 0.007492132042253082 -0.8581525033865289 -0.01962101424873545 0.9996502604626429 0.01773055567562022 -2.0173536278369593 -0.00714393118447918 -0.017873693407182513 0.9998147305041553 192.83924899590318
0.9997986557732655 0.018768535372311088 0.007098587688783899 -0.8497330585210636 -0.018894854697144498 0.9996564070476259 0.018167343201344634 -2.0223848351720326 -0.006755174797831168 -0.01829781246413606 0.9998097607419433 194.02222017010016
0.9999145539400227 0.011925547642293638 0.005354074103005631 -0.8370864438370138 -0.012018619505556253 0.9997710820151257 0.017701309881163443 -1.9983280069682066 -0.005141751065773181 -0.0177641463085009 0.9998289841291561 195.16530045591722
0.9998605673583344 0.016053029763500766 0.004598482326157196 -0.8298513654312314 -0.016128744084136705 0.999726576925366 0.016930299409730103 -2.057613953367223 -0.004325442747451129 -0.017002106861856863 0.9998460976120922 196.30745935677984
0.9998327096979857 0.01789267834997357 0.0037953437487980284 -0.8397748821333356 -0.01795251060718086 0.9997049171484794 0.016364169218325137 -2.0709479187502877 -0.003501425275375552 -0.01642956793510303 0.9998588947054619 197.43234595732665
0.9998201626340901 0.018581132316956784 0.0037926065094042415 -0.8376126464226971 -0.018643999773220676 0.9996769406549703 0.017274710976591036 -2.071080849909404 -0.003470397862441587 -0.01734231404619691 0.999843588010683 198.434726591081
0.9998549219760237 0.016560064608679703 0.003987382664143 -0.842665587054135 -0.016630454635766713 0.9996938700528905 0.018319230134115003 -2.04153206912832 -0.0036827946697100536 -0.018382884774927978 0.9998242378414887 199.4230633484599
0.9998678695215045 0.01593437378477902 0.0032154614403558136 -0.8405875065283519 -0.01599061953172927 0.9997046929609386 0.01829827838716377 -2.0355164765929774 -0.002922940517712464 -0.018347278218843615 0.999827402007948 200.28266368945742
0.9999333839102967 0.011010154315301791 0.0034647109790893068 -0.8312833687939942 -0.011066690217139479 0.999798549314677 0.016744825283559167 -2.0176939170461883 -0.0032796501646421084 -0.01678205302840577 0.999853792608982 200.93976845446963
0.9998655510725605 0.016121195355318512 0.002997799097669768 -0.839923878985091 -0.016169272157324638 0.9997286016825111 0.016771334200321005 -2.066318379771529 -0.0027266117628613412 -0.016817551883509075 0.9998548572373718 201.6438147092387
0.9998825184316067 0.015172265178614048 0.0021798319986263822 -0.8320747960949326 -0.015206995149464175 0.9997413172786813 0.016912890226768913 -2.0532074942958647 -0.0019226614080361997 -0.0169440523125487 0.9998545906628638 202.30544927615196
0.9997967537564755 0.02001707842109923 0.0024016024119741333 -0.8406495369448004 -0.02005464536978064 0.999657775750482 0.016797101864158698 -2.0909972446132072 -0.0020645517822042592 -0.016841851546599163 0.9998560344706776 203.2106576372306
0.9998778923702754 0.015539445804068963 0.0016510404713064618 -0.8571838160990433 -0.015563846795894046 0.9997513709500265 0.015967560549878662 -2.052122299093555 -0.0014025030394607767 -0.015991307655803196 0.9998711472334143 204.0412728276485
0.9998023625507308 0.019828183624037533 0.0014418448029876818 -0.8535155678952667 -0.019847614836834233 0.999690269229723 0.015014587692738494 -2.063313215544608 -0.0011436863031633942 -0.015040237738929842 0.999886235146388 204.9846542155158
