1.0 -3.469446951953614e-18 0.0 -1.7787691892340307e-19 0.0 0.9999999999999999 -3.5405977195229754e-19 0.0 2.168404344971009e-19 -2.354751593366955e-19 1.0 0.0
0.9999998184236251 -0.0001920850232811945 -0.0005711877703400902 0.0023623220759034095 0.0001924746445146272 0.9999997488292218 0.0006821250560820844 -0.022605926090915572 0.0005710566496940094 -0.0006822348851515522 0.9999996042253559 1.3271691435190551
0.9999996106291743 -0.0006537789352943687 -0.0005927180634304468 -0.007919513178060316 0.0006544457365945475 0.9999991525635218 0.001125420722648312 -0.03902273942997718 0.0005919818357649513 -0.0011258082084223669 0.9999991910569219 2.628002273801946
0.9999985244154309 -0.0013027885225958633 -0.0011197808784350139 -0.009237918093241298 0.0013039059154677044 0.9999986522689209 0.0009976409880589597 -0.0746863043332523 0.001118479749464476 -0.0009990996244713523 0.9999988754018504 3.9515879976599413
0.9999979703940859 -0.001937228998920874 -0.0005534921413556564 -0.02262172482950816 0.0019378220718998269 0.9999975470087418 0.0010727623416835195 -0.08804861158533576 0.000551412644931519 -0.0010738327538173656 0.9999992714139098 5.267169937196659
0.999997036378921 -0.002257119790703626 -0.0009124941099497561 -0.018649532155090798 0.0022585203953163664 0.9999962688856073 0.0015366511946255576 -0.10716273517368945 0.0009090223777324522 -0.0015387075564707359 0.9999984030282704 6.588547945280161
0.9999934119286554 -0.0035640749000146067 -0.0006880939448463098 -0.02745835817716638 0.003565774164919891 0.9999905575658861 0.002483954156186457 -0.14381065598129011 0.0006792345085711311 -0.002486391426161097 0.999996678244332 7.923302919618288
0.9999934488604734 -0.0035843750530780826 -0.0005044757888072321 -0.0465135028782244 0.0035858147715182205 0.9999894178086839 0.002882047455111991 -0.16242385186491953 0.0004941401556974973 -0.002883837585649996 0.9999957196446488 9.238816185896198
0.9999943853945131 -0.003178870621352933 -0.0010601716006701494 -0.045096460260239266 0.0031813286672287087 0.9999922372690773 0.002324767636819906 -0.18721029828362878 0.0010527733263801051 -0.0023281273827818905 0.9999967357413443 10.570550192816047
0.9999993687847709 -0.0006551737587281326 -0.0009127852844807026 -0.0661500682084681 0.0006551678753710898 0.9999997853539264 -6.791070508366857e-06 -0.2039312015990779 0.0009127896150635379 6.1930385071391005e-06 0.9999995833890292 11.891690629798024
0.9999974609329536 0.0020534361254247926 -0.0009281824258260142 -0.0662545312698439 -0.0020541173362308854 0.9999976213487369 -0.0007334183965482445 -0.23049241334906068 0.0009266742677488995 0.0007353231421284433 0.9999993002877952 13.229593873260853
0.999982178392392 0.005919588148999441 -0.0007754744418438468 -0.09188676072093269 -0.005920217620459713 0.9999821461239589 -0.0008114608170601629 -0.2553285970046697 0.0007706571468591994 0.0008160373439021029 0.9999993700856754 14.574984146089323
0.9999824056270398 0.005922959209820285 -0.00032707512117016333 -0.1139515848209404 -0.005922948065858037 0.9999824585399059 3.6202231103973235e-05 -0.28038304846401946 0.0003272838354324828 -3.4264350669626863e-05 0.9999999458558787 15.921879518445204
0.9999913261022019 0.004162638726062131 -0.00014195449864063455 -0.1058573154223949 -0.0041621978120646545 0.9999869031843018 0.002978183430141018 -0.3064669951620547 0.00015434975635725484 -0.0029775668169785175 0.9999955551265312 17.264980110464275
0.9999999806868309 -0.0001962343237260685 -1.08962467064344e-05 -0.11770299883589119 0.00019628828829442065 0.999986491967 0.005193972746540115 -0.3321038409128959 9.876868854429618e-06 -0.00519397488726271 0.999986511173309 18.628091902465513
0.9999975743304655 -0.0021535267768010152 -0.0004622316356470066 -0.10552220207457105 0.0021550657147578547 0.9999920505222529 0.003354784671850288 -0.37027205160173693 0.00045500338385090033 -0.003355772738664216 0.9999942658648793 19.967962505236137
0.9999946414736165 -0.0032591297651857597 -0.00030838508745403034 -0.11774325350205116 0.0032593378411265566 0.9999944598821346 0.0006759564790563109 -0.3697276300359627 0.00030618037573304307 -0.0006769579992077282 0.9999997239909731 21.318983213049872
0.9999994267771879 -0.0010699400746748584 4.092996187672051e-05 -0.12998728648696728 0.001069948159934683 0.9999994083315856 -0.0001963307717474648 -0.42676195797250394 -4.071987902743595e-05 0.0001963744568663047 0.9999999798894379 22.669570992548632
0.9999989634966439 0.0011691346709255847 0.0008403148189361882 -0.14259793345917832 -0.0011699395690035344 0.9999988568242263 0.000957911002678468 -0.4103630875992815 -0.0008391940015609249 -0.0009588931464692373 0.9999991881378114 24.037097994013752
0.99999658142839 0.0019681825932857727 0.0017214493148798974 -0.1567809792655414 -0.0019779630105833355 0.9999818083511463 0.00569830072441317 -0.44041770832326027 -0.001710202842611993 -0.0057016863199267865 0.9999822828322359 25.42690159657526
0.9999983669953397 7.43432674487187e-05 0.0018056805089887971 -0.14974790732929533 -8.604880408610849e-05 0.9999789788061761 0.006483404953856745 -0.46445817367413256 -0.001805160701216836 -0.006483549869450741 0.9999773522311041 26.801612729322375
0.999989306700183 -0.004289626753753039 0.0017278876653206144 -0.1524315296883493 0.004279601920104922 0.9999742277172707 0.0057644515332684705 -0.48772717299804486 -0.001752570622367137 -0.00575699532964806 0.99998189258605 28.168851833879675
0.9999885888215525 -0.004516243400874909 0.001557491712014455 -0.15859270345380577 0.00451068228341296 0.999983504290073 0.003555964897997536 -0.5037761436743966 -0.0015735257528672832 -0.003548899035185484 0.9999924646370397 29.528001964952576
0.9999870894838108 -0.004465523745522304 0.0024248654742135495 -0.17232821603942783 0.0044617782169757494 0.9999888480939099 0.0015479718150216795 -0.5483712742331877 -0.00243175114118244 -0.0015371326428536307 0.9999958618947631 30.915183896790136
0.9999941939977707 -0.0018444903624474547 0.0028652805320940663 -0.17621708575466727 0.0018431375186011914 0.9999981887199173 0.00047476112401434207 -0.5462818435423922 -0.0028661512762912494 -0.00046947726700873575 0.9999957823732699 32.30915135465569
0.9999945400358938 -0.00027504466078174736 0.0032930614030775946 -0.1829361651185084 0.0002803907468790171 0.9999986434904969 -0.001623082841460965 -0.5903156827519623 -0.0032926107952945547 0.0016239973583319096 0.9999932606485138 33.68060187278504
0.9999937828768747 -0.00010392150873666378 0.0035246861468130096 -0.19491539615775577 0.00010816983372397004 0.9999992679741785 -0.0012051349936703659 -0.5883688384633392 -0.0035245586260326733 0.0012055087926203718 0.9999930620912169 35.076273848394194
0.9999955255832237 -0.00011455823306181882 0.0029892631117046453 -0.19313994584703603 0.00011281682196639942 0.9999998238547666 0.0005827199430740506 -0.6339126390230525 -0.0029893295926681687 -0.0005823801055357873 0.9999953623583758 36.469825050446126
0.9999952913410982 0.0011521075027506166 0.002844282975401044 -0.2067926770507626 -0.0011579035022887853 0.9999972550628544 0.002036940805835135 -0.6488672569889761 -0.0028419286318228107 -0.0020402246585756573 0.999993880442112 37.86821450056754
0.9999904316601631 0.0036124547972355902 0.0024671349771814557 -0.20252348071742116 -0.0036190480486074095 0.999989878405399 0.0026731225559101027 -0.6736953419309786 -0.0024574536771749217 -0.0026820257122178006 0.9999933838064853 39.2624929356805
0.9999753121422087 0.006340400254598372 0.0030289307750770945 -0.22286908464667604 -0.006348092120117212 0.9999766336770091 0.002536501306884544 -0.7050806285147788 -0.003012777819510385 -0.002555666670461534 0.9999921958366952 40.66350856888881
0.999951541359987 0.009372713766230889 0.003011171090646746 -0.23419295276118607 -0.009382606040055419 0.9999505772203929 0.0032878322295297416 -0.7393635148805879 -0.002980206609560062 -0.0033159256078230536 0.9999900614519944 42.08984163323424
0.9999487732045715 0.009792842174882748 0.002559529257694336 -0.23140302265379664 -0.009800670781283606 0.9999472782205645 0.003063927716260591 -0.7440264372188764 -0.00252938996606579 -0.0030888559309943968 0.9999920305445925 43.47663473822493
0.9999608327221543 0.008582003409420709 0.002163844558262869 -0.24277839893674813 -0.008588508449867993 0.999958573315028 0.0030148291014721533 -0.7670060133140951 -0.0021378818224835608 -0.003033295280714117 0.9999931142656665 44.898735687488866
0.9999672634402378 0.007974719512040327 0.0013696281921253117 -0.23896409095671817 -0.007978499360811847 0.9999643167990713 0.0027764533247524896 -0.7995738386071038 -0.0013474379950228115 -0.0027872900708252827 0.999995207700279 46.29933488943262
0.9999684903133644 0.007917449376878013 0.0005765064461614564 -0.25785617216511725 -0.007919318801921529 0.9999631466535247 0.0033150777882805954 -0.8263255826323684 -0.0005502382837138942 -0.003319538940599709 0.9999943389334254 47.730783060658084
0.9999675482847764 0.008039984202526844 -0.000510894587357905 -0.263083750541376 -0.008037610397929511 0.999957613492432 0.00449088563852925 -0.8436930361814314 0.0005469796312590589 -0.004486633624972426 0.999989785414765 49.128852617953754
0.99995970009685 0.008874037022579717 -0.0013600100578945323 -0.27860050757052784 -0.008867955386397942 0.9999509332838069 0.0044147945133662875 -0.8713679833636788 0.001399120497868911 -0.004402556183764402 0.9999893299251627 50.55672793240289
0.9999578193582244 0.008829930800612746 -0.002528201449769679 -0.28620533828332306 -0.008817765376149665 0.9999496813726175 0.004783487723244023 -0.8860595323469097 0.0025703123202365963 -0.004760992968145869 0.9999853631159494 52.0016905274062
0.999948513809237 0.00949844117063752 -0.0035706187393615084 -0.30153430941319165 -0.009476095450925573 0.9999357302754183 0.006224062428682998 -0.919812417108141 0.0036295084586390625 -0.0061899065836533455 0.9999742555351777 53.411812605500366
0.9999639033052301 0.007199281213009681 -0.004512473034173315 -0.3100431503982857 -0.007166892529643936 0.9999487321787736 0.0071532285347589725 -0.9246501404986086 0.004563740184298429 -0.007120630067144636 0.9999642338172596 54.871149257115235
0.9999719333220861 0.005489945000176952 -0.005098338072110807 -0.320824896621155 -0.005451391903388289 0.999956674305499 0.007545319529011955 -0.944605948279425 0.005139541012367285 -0.007517314874620937 0.9999585366941731 56.26751489320246
0.9999826054022448 0.0025364057873808648 -0.0053249904720009044 -0.34469026812741466 -0.0024985789954329145 0.9999716849395842 0.007098339565272313 -0.9561679120675987 0.005342844421221115 -0.0070849113290964135 0.999960628253708 57.69186562482798
0.9999831999778304 0.002136690705053115 -0.005388348583129638 -0.35648562887241264 -0.0020968138539544656 0.999970455162481 0.0073954158368010805 -0.9866441127912333 0.00540399156405331 -0.007383993381260255 0.9999581358885982 59.14171743209631
0.9999853039784453 0.0016019417195265095 -0.0051793432878522155 -0.36340634686252327 -0.0015596034641365128 0.9999654235263724 0.008168193742518776 -1.012537610368068 0.0051922496200519875 -0.00815999614711503 0.999953226415853 60.54804134782551
0.9999900064065845 0.0003185333502011851 -0.004459328921508457 -0.3850920017237408 -0.00027775564964610186 0.999958172513564 0.009141995006741357 -1.0336632645430992 0.004462054813752439 -0.009140665225591893 0.9999482678206584 61.99924846585915
0.999990022302976 -0.0018093518177747965 -0.004084303558889835 -0.3933264918554525 0.0018453970880494535 0.9999592339081126 0.008838836235413046 -1.0515306957056916 0.0040681448444716386 -0.008846285382358978 0.999952595597852 63.39404690379926
0.9999884133084272 -0.0030360934593766965 -0.003735690410469318 -0.40442065100389823 0.003065978300716957 0.9999631373041263 0.008020212170148928 -1.067956237180366 0.003711202909485346 -0.008031572947155459 0.9999608596431214 64.80367411728285
0.9999915118518438 -0.0028618141179133014 -0.002964159756584929 -0.4151067557043343 0.0028854753076361494 0.9999637636408937 0.008009084274772335 -1.0915080775057382 0.0029411320910254757 -0.008017569460489449 0.9999635334998932 66.26578324409023
0.9999969537632016 -0.0010367718792184018 -0.00223999244443245 -0.4306431614981038 0.0010546269745540064 0.9999675664693409 0.007984595629221533 -1.1110783540638063 0.002231641784491769 -0.007986933821148717 0.9999656137434354 67.62201370754775
0.9999972945465638 0.0016195731798857504 -0.0016696935856187192 -0.4489815974450172 -0.0016038917201658407 0.9999549938336092 0.009350820196318695 -1.1286573484665705 0.0016847629265535006 -0.00934811707725162 0.99995488612578 69.10486203013899
0.9999875709650956 0.004913483745017892 -0.0008459207405603172 -0.46777905733383573 -0.004904216594109782 0.999931478579638 0.010629525433140798 -1.1435513082834408 0.0008980908614795882 -0.010625244953777955 0.9999431471876769 70.46320477594176
0.999957516506046 0.009217644028562975 -1.4180795991642313e-05 -0.4864346592233679 -0.009216843583248386 0.9998886706849685 0.011734395862055824 -1.1680747367473279 0.00012234272044460643 -0.011733766880169237 0.9999311495055798 71.92322582558786
0.9999165699018476 0.012909723299046244 0.0004384619842839957 -0.493048017750062 -0.012913739672255623 0.9998571148757612 0.01090803317661043 -1.1754196819318206 -0.0002975796616635864 -0.010912785526987203 0.9999404095053638 73.29102086739474
0.9998558609725487 0.016925894799476073 0.001330909410238454 -0.5100348699660429 -0.016939159129307546 0.9997994672747165 0.010681299891515167 -1.1968484168205435 -0.0011498520506026892 -0.010702305008594547 0.9999420675768167 74.67448897905301
0.9998197307773456 0.01885766735979403 0.0022123018108944565 -0.5259294638712974 -0.018880361963455695 0.9997641770035023 0.01072950895563355 -1.2146758941002713 -0.0020094467506669407 -0.010769344039430733 0.9999399898762358 76.1285252253367
0.9998253422870685 0.018532896704884682 0.002411765132292241 -0.5325180856750965 -0.018558595452366745 0.9997660595326632 0.011108770842587028 -1.2231544959721115 -0.002205323398748324 -0.011151589815693936 0.9999353872097144 77.49776232806508
0.9998391219765064 0.01776803821107944 0.002454982128590519 -0.5317367194417644 -0.01779484054726725 0.9997770722876617 0.011364392763897514 -1.2492961282214416 -0.0022525120623700877 -0.01140625073496987 0.9999324095330759 78.89985017337612
0.9998600329975019 0.016586865235276638 0.002188669464092426 -0.5444637987706042 -0.016608683868095792 0.9998084109316936 0.010358237858544157 -1.2589503903368529 -0.0020164396065197867 -0.010393139182172965 0.9999439567445809 80.28430126893178
0.9998604657964861 0.016584901324919972 0.0019974842130420414 -0.5486236213815796 -0.016604933913209746 0.999807328242476 0.010468170968503164 -1.2824771915219213 -0.0018234859182961539 -0.010499878612126564 0.9999432121122108 81.65039145461684
0.9998759894812499 0.01567217157121211 0.0015455283485265097 -0.5559559580589613 -0.015688182437190386 0.9998168986312895 0.010956741326405171 -1.2906728027581424 -0.001373529538392824 -0.010979629333216617 0.9999387787050784 83.07297933975396
0.9998714485461813 0.015977356168672296 0.0013455227174410055 -0.571915583180892 -0.015990315085961267 0.9998196689869661 0.010243991855231145 -1.3068956473879065 -0.0011816082640316514 -0.010264190520975205 0.9999466236737897 84.42391548981396
0.9998747163794037 0.01581822392757749 0.0005790473953759872 -0.575151537816413 -0.015823537958844683 0.9998169992246421 0.010750988134988067 -1.3134821885196075 -0.00040887991830755306 -0.010758804014548476 0.9999420387985019 85.84411229567915
0.9998750691438554 0.015793029941879082 -0.0006528912077055169 -0.5885690153610416 -0.015784556864868442 0.9998103004991117 0.01141099548248645 -1.3374867069124805 0.0008329816265401455 -0.01139926453610947 0.9999346793241528 87.19595314742074
0.9999096016691599 0.013333008126078509 -0.0017376271184453029 -0.5966412763921676 -0.01330936176943556 0.9998272318493263 0.012975645248069535 -1.3524924544268333 0.0019103314664372754 -0.012951345830492152 0.9999143029696076 88.56710549217986
0.9999340444169106 0.011111596033760112 -0.002905033284110157 -0.5978529733981437 -0.011071624629289007 0.9998484957897036 0.0134314785298118 -1.367433604630434 0.0030538385911032025 -0.013398429485830358 0.9999055736258555 89.94308587848423
0.9999389282690359 0.010370783938526841 -0.003819233136435469 -0.6112967552875576 -0.010316882784321347 0.999850548005789 0.013872404259435632 -1.387380043985737 0.0039625303971015935 -0.013832154750894355 0.9998964795722214 91.32607844591598
0.999957732017371 0.00819099868636752 -0.004176325376922024 -0.6277958674315021 -0.008135493392720176 0.9998805867785302 0.013138719224725611 -1.3886328733558524 0.004283446272424371 -0.0131041876780968 0.9999049616671993 92.68814878493671
0.9999669196593286 0.006679243350602529 -0.004641903985626988 -0.6402328015332159 -0.006617133565292376 0.9998900635980869 0.013269297999566018 -1.411962362139811 0.0047300229518357235 -0.013238143217879817 0.9999011843484809 94.06894576947299
0.9999589271956041 0.007774623157230646 -0.004658232609976369 -0.6609938440258839 -0.007714193353185438 0.9998876359556743 0.012853275658280658 -1.4260681209832273 0.00475763897862726 -0.012816813493605871 0.9999065427216108 95.42335956570201
0.9999693336384005 0.006406719731989615 -0.004503965292423038 -0.668751423793599 -0.0063504448511754645 0.9999029536757683 0.012399801965682824 -1.4311097499354795 0.004582970651965728 -0.0123708197781301 0.9999129758191918 96.77251218378183
0.9999574679555756 0.008025383199633366 -0.004544829858094844 -0.688652735945982 -0.007972073242998576 0.9999006012899545 0.01162899827624001 -1.4483924198465568 0.004637705676055271 -0.011592272193061977 0.9999220524244301 98.10496937331943
0.9999411084741158 0.010108121399390114 -0.003950371488697232 -0.7079239488489332 -0.010060738803991654 0.999879339600694 0.011835868907117996 -1.4536803466810275 0.004069533587889155 -0.011795428462548127 0.9999221503576194 99.45791739576484
0.999943021614105 0.009930421108037006 -0.003916660826742954 -0.7177137869947445 -0.009877353198080944 0.9998621822972769 0.01334369972716775 -1.4673370697154415 0.004048629951245953 -0.01330425345547454 0.9999032980486001 100.76946266291942
0.9999393318054478 0.010309377812301495 -0.0038793564835928607 -0.7382984302913788 -0.010249850488373702 0.9998339953045525 0.015063944206111452 -1.483899063049697 0.004034012736758662 -0.015023267787147257 0.9998790067705007 102.1391091705055
0.999945925090933 0.009753079733516431 -0.0036089196571443415 -0.7535811962446067 -0.009701365696235139 0.9998538084682355 0.014079957779058376 -1.5006789097248983 0.003745715341792088 -0.01404418524458292 0.9998943596651522 103.47476901820748
0.9999456934789297 0.009796802594354899 -0.0035542542398699327 -0.7675183632872407 -0.009754737348759115 0.9998843717194537 0.011665689352012938 -1.5027836686898368 0.0036681300420487338 -0.01163038525214642 0.9999256367210219 104.80397366659717
0.9999496279280091 0.009251122263905611 -0.0038933681633874953 -0.7869620317365398 -0.009211025640022307 0.9999056177192132 0.010193756772434889 -1.5128880085822158 0.003987304733246272 -0.010157381588333774 0.9999404627332336 106.1477431822849
0.9999676854130097 0.007292686408452539 -0.003383021317903284 -0.7918806471298658 -0.007252543539559385 0.9999048949010892 0.011730378332866283 -1.5346244129477493 0.0034682458480580908 -0.011705464000249124 0.9999254739199072 107.4914502685741
0.9999846841242235 0.004730528682759818 -0.0028729081285116115 -0.799344410928369 -0.004691430693489174 0.999898311703834 0.013466875414905275 -1.5347992723217563 0.002936321686508904 -0.013453191379709548 0.9999051903392279 108.82711387742032
0.9999952049650357 0.0023166341985743043 -0.0020550536015203264 -0.8158554598937134 -0.00228607343551202 0.9998885871495253 0.014750835708505414 -1.5583674826500724 0.002088997120901574 -0.014746067268398387 0.999889088649856 110.17367719501053
0.9999969217772943 0.0020347644572411986 -0.0014199167635313694 -0.8253492931690566 -0.002015162691395127 0.9999044968501061 0.013672464892340974 -1.5707501240182362 0.0014476015358651567 -0.013669561714320069 0.9999055193068427 111.4747240612057
0.9999955511479947 0.00290724644816482 -0.0006675297514636251 -0.8388308821975295 -0.0028993548602844373 0.9999292815697063 0.011533672525145457 -1.584290766134441 0.0007010138416721522 -0.011531686037995686 0.9999332621740421 112.8150435906785
0.9999783174475962 0.00655600756450373 0.0006191824841766198 -0.8335411317021896 -0.006561565074277577 0.9999338631458635 0.00944538026255407 -1.6039088267334891 -0.0005572175888049703 -0.009449238459572568 0.9999551996981132 114.15982786291491
0.9999512902063582 0.009687105100124467 0.001891346124927561 -0.8568918585126823 -0.009703769823374907 0.9999123259138119 0.009009847711690324 -1.6009896735843405 -0.0018039011069134621 -0.009027762215205602 0.9999576218272925 115.47581107011551
0.9999410492830607 0.01031000187241538 0.0034061416068370443 -0.8712520837065495 -0.01034810380461473 0.9998818754448663 0.011364502805818615 -1.6159275111621492 -0.003288571482010296 -0.011399080197043426 0.9999296206574677 116.84894517719513
0.999937849231449 0.01029706602381945 0.0042741182776618375 -0.879610004640034 -0.010353635833746554 0.9998561924660534 0.013431181277921091 -1.6228373683406383 -0.0041352022060764555 -0.013474599453940117 0.9999006627023969 118.14135828761948
0.9999391725597655 0.009701771630464262 0.005246598091530468 -0.878248164493454 -0.00977728206303571 0.9998461458140145 0.014563291937576205 -1.6401328862797862 -0.005104501568070713 -0.014613703850525331 0.9998801846841245 119.50206388711014
0.9999281831709536 0.010264828195825998 0.006185611145443755 -0.8793828468876221 -0.010350244204354266 0.9998492817723595 0.013938658545860223 -1.6495218340103526 -0.006041601425744529 -0.01400168038042341 0.9998837192384866 120.82984278693206
0.9999014849377089 0.011784987739158698 0.007624595853105304 -0.8748016837700165 -0.011889406231251662 0.9998341199919215 0.013797628132685211 -1.6606934759945995 -0.007460726826723951 -0.013886921052597189 0.9998757377682913 122.12038398454872
0.9998670189417103 0.01381016261991672 0.008673166267472755 -0.880680293105197 -0.01392281201037602 0.9998177146974895 0.013064942120871724 -1.6637389909982128 -0.008491157009202062 -0.01318395985803709 0.9998770341663139 123.51269660992367
0.9998538786388411 0.013943919961128117 0.00988880369666232 -0.8841166439349416 -0.014069491859680669 0.9998197973204566 0.012744501379619265 -1.6758180949817618 -0.009709314211527225 -0.012881769835515353 0.9998698861458701 124.83368955342901
0.9998225991768612 0.0153144709725625 0.01096526883127272 -0.8793768238061475 -0.015445441733867832 0.9998091719418128 0.011960688380898692 -1.6791682653877078 -0.01078000563742905 -0.012127930207757782 0.9998683437257994 126.17126229050325
0.9998266455659607 0.014471768163716932 0.011715234173032826 -0.8774295274502266 -0.01460822034692001 0.9998254610160328 0.0116467779005594 -1.6973147674238902 -0.011544640905290122 -0.011815897836758179 0.999863543601022 127.49746108756216
0.9998140445713697 0.014302368202639037 0.012935165663627277 -0.8700392051788772 -0.014467477926207934 0.9998138927634554 0.012762129584356432 -1.7060660189655057 -0.01275023072724855 -0.012946895876544032 0.999834891120812 128.84230580036166
0.9998135627605117 0.013591847286806324 0.01371500559433608 -0.8642840107970853 -0.013780253278453315 0.9998106756189382 0.013737451250038018 -1.7150916154401863 -0.013525692802521451 -0.013923886602188773 0.9998115727557118 130.21502211412576
0.9998167600542465 0.012981790124659658 0.014068383437040715 -0.847926030888503 -0.013178552727334203 0.9998153581569993 0.013984826351301822 -1.7158808948981712 -0.013884238906873533 -0.014167664983272361 0.9998032332311609 131.53449661514074
0.9998397140896584 0.011043782586746159 0.014091876176870067 -0.8345303321780368 -0.011252376487942426 0.9998270096787117 0.014809954768148073 -1.7358961347469135 -0.013925881663570994 -0.01496614832932722 0.9997910202763591 132.8803220257871
0.9998685767119596 0.00835162705026704 0.013895309152551763 -0.824642153791227 -0.008569658624289395 0.9998399262772819 0.015706138431092125 -1.7333660593952405 -0.013761914218873648 -0.015823152641712992 0.9997800946003894 134.19337562634908
0.9998911463229853 0.0064897225951803545 0.013250622539782916 -0.8089674799398885 -0.006697968606469096 0.9998538023255642 0.015732488623860483 -1.7506883978812082 -0.013146586941332023 -0.015819528644475812 0.9997884325028324 135.5209304878084
0.9999070133232141 0.006320210149337447 0.012083858820573553 -0.8029662259665421 -0.006507099466111313 0.9998588527474412 0.01548974646228015 -1.7586002361724438 -0.011984255764913365 -0.015566937295413781 0.9998070054152287 136.87662022882355
0.9999285892264864 0.004570840414194824 0.011041913930112134 -0.7924192451037247 -0.00475495339570979 0.9998491439813043 0.016705678656709747 -1.7633710697965277 -0.010963890113107878 -0.016756989802260036 0.999799478099097 138.20777075798767
0.9999475069580601 0.002228047828396874 0.010000956661451487 -0.7788886337462864 -0.0023953685724461314 0.9998568433014327 0.016749779375032692 -1.7635204890025347 -0.00996220647645539 -0.016772856429625168 0.9998096947569499 139.56352410993554
0.9999607264586209 0.002038071619535812 0.008625068565061312 -0.7827823043697664 -0.002186158813795569 0.9998497663766097 0.01719492314432907 -1.7802649839097369 -0.00858872901696682 -0.01721310394229917 0.9998149542728163 140.9035878795648
0.9999715001689002 0.0004972745440318263 0.007533364049344543 -0.7781032990436803 -0.0006240928605637077 0.9998579816407622 0.016841230671249985 -1.775735179299331 -0.007523920080313978 -0.0168454525440132 0.9998297961934018 142.22242899106277
0.9999791351040624 0.00010362431197869816 0.006458995643915037 -0.7733119560956356 -0.00020982496317520534 0.9998647699412906 0.01644377683268825 -1.7694785225150322 -0.006456418750849189 -0.01644478931246346 0.9998439296022148 143.5957320693869
0.9999839650850643 -0.0008648227283129459 0.0055965758892173685 -0.7645110716150285 0.0007850116830738548 0.999898195049733 0.014247220283188991 -1.787412573233711 -0.005608327912386655 -0.014242598728254662 0.9998828406565223 144.92661478067143
0.9999792250755274 -0.004623998387107175 0.004490887170494451 -0.780628112092751 0.004563736167505295 0.9999006347908 0.01333764768827822 -1.805115871241473 -0.0045521145675549105 -0.013316875630676748 0.9999009646341871 146.23603752508905
0.9998875439281922 -0.014667493409576338 0.0031247637064479106 -0.775585902746553 0.014613662583829708 0.9997553287332328 0.01660492451491964 -1.7983967002818126 -0.003367552057590325 -0.016557393260252615 0.999857245973102 147.5731548780724
0.9997520760458276 -0.022196203514371748 0.0017649357612110294 -0.757476268500252 0.022160533515257222 0.9995894588710923 0.018161069779867582 -1.8013786697234324 -0.0021673181502173625 -0.01811745563589443 0.9998335164112316 148.9283362203732
0.9996799873670562 -0.025284098791682204 0.0007982524521616566 -0.738132832367344 0.025268438318476805 0.9995570775985928 0.015721152673620946 -1.8133279132873423 -0.001195394151978531 -0.015695951402363118 0.9998760963977645 150.20049867697736
0.9997424898793154 -0.02267154284363341 0.000977281943344126 -0.7546198334967447 0.02265788983380993 0.9996682672653808 0.012246446142759897 -1.8370588171820177 -0.0012546036697497565 -0.012221149634839812 0.9999245318892903 151.6384737008261
0.999798540543335 -0.019965024208144624 0.0020678842456459327 -0.762533728755654 0.01994391785808023 0.999753370965076 0.009769205436386782 -1.838347919589055 -0.002262416850196601 -0.009725995798614778 0.9999501419950056 152.9358600435028
0.9997974302061323 -0.019907569219084015 0.0029643298597440172 -0.7683190936329893 0.01987675365824796 0.9997515650832692 0.010085770558668604 -1.8512913102992465 -0.0031643768500288685 -0.01002480641160328 0.9999447434607801 154.31570735030942
0.9997445620970737 -0.022374568834309452 0.003192058083713702 -0.7734861599488637 0.022330497913548818 0.999663072618081 0.013232161497887595 -1.8558520940351506 -0.003487046782545412 -0.013157501495303092 0.9999073560385185 155.64440401854813
0.999545846364306 -0.029929157858781176 0.0035137616197422816 -0.7697858244719621 0.02986658770655798 0.9994146720279958 0.01668233425473462 -1.860260769306151 -0.004010993455365922 -0.016569814142821347 0.9998546660357861 156.98628937982616
0.9994452818127854 -0.03311065778654889 0.0035795237579518786 -0.7552593936874434 0.033043276046959974 0.9993010477944805 0.01748021151045866 -1.8689876554395748 -0.004155803477829534 -0.017352236040877485 0.999840801930534 158.34004144109045
0.999387977524738 -0.03481193238690761 0.003435072760999387 -0.750740386971213 0.03474490980163274 0.9992350066659248 0.01794972729955104 -1.8856054320803513 -0.004057309972037794 -0.01781939069107561 0.9998329898312602 159.65400705791285
0.9994220645152001 -0.03369157597919826 0.004518257924273209 -0.7532754720188919 0.03360489794301787 0.9992720975433713 0.018055080063541507 -1.8721107093702865 -0.005123273590819578 -0.01789281011840062 0.9998267847065974 161.0201636737654
0.9995337414057089 -0.029974173200352394 0.005817966059571186 -0.7588803826609547 0.02986556841028539 0.9993930287608094 0.017933819702075925 -1.8758311560474916 -0.006351986659506644 -0.017751701362941245 0.999822248885425 162.3822846308896
0.9996027265475022 -0.02735843369358211 0.006775336682200133 -0.7606742799439461 0.027246825878215315 0.9994998625701971 0.016051018625853355 -1.876726112630472 -0.0072110794059753805 -0.015860035849226368 0.9998482182796196 163.71876026919998
0.9996326282476995 -0.026063520793838273 0.007436493229060351 -0.7655503296464958 0.025947206122561788 0.9995457475944367 0.01533104548405756 -1.8640703992300607 -0.00783269685457613 -0.015132457340317436 0.9998548182583232 165.06822752025172
0.9996382185855078 -0.02577880026816287 0.007673682662281467 -0.7674721360802019 0.02564943521783969 0.9995347412173438 0.016504774052958453 -1.8686573660745562 -0.008095586356803564 -0.016301977601128878 0.9998343397824467 166.41717555519537
0.9997263521135722 -0.022158275222154675 0.007498782558269751 -0.7637724911548351 0.022027027753895173 0.999610188022543 0.01715465062108234 -1.8873816357074542 -0.007875977563012872 -0.016984780707070334 0.9998247277411708 167.7538042324912
0.9997511953397556 -0.02114519892016297 0.00710126688828842 -0.7598310216152737 0.021039836671790716 0.9996720585706983 0.014597964741663139 -1.8909777280005122 -0.007407615569704903 -0.01444492346701314 0.9998682270263363 169.12738499044102
0.9998538754839191 -0.015799193116043383 0.006527878109428642 -0.7711183483551134 0.015723838574662544 0.9998109478374883 0.011438071138455762 -1.9015520989236685 -0.006707356851242052 -0.011333756660054775 0.9999132749001347 170.55258804661713
0.9999181069570942 -0.011176779055844422 0.0062336991940610985 -0.7734622957758334 0.011111117860045929 0.9998834503091827 0.010470379373523735 -1.9044712414551401 -0.006349998302642378 -0.010400258747110758 0.9999257533120466 171.8705257140388
0.9999614232918421 -0.005664538740278705 0.006713042725053247 -0.7756142969940482 0.0055877430555842395 0.9999193609085649 0.011403893926007628 -1.9271166614524244 -0.006777099753451373 -0.01136594345761724 0.9999124392894168 173.25105112999964
0.9999652091393499 -0.0037984146722851962 0.007426477552244911 -0.7855141069332927 0.0036936892790192157 0.9998942623161663 0.014064879518626438 -1.9358095142906924 -0.007479117158880506 -0.014036959356514885 0.9998735052882598 174.6125508978448
0.9999695328662501 -0.0023717082527059865 0.007436958345236237 -0.7856644883683725 0.0022516790809298283 0.9998677446237008 0.01610661950446345 -1.9376348438127653 -0.0074741755883938185 -0.016089383447616998 0.9998426218360102 176.04128158704373
0.9999653180592488 -0.005166355119585743 0.00653234004954127 -0.7843037147950864 0.005050944434832796 0.9998330113308475 0.017562385900681272 -1.9415594127361768 -0.0066219832901934245 -0.017528782652575292 0.999824430146526 177.40500747034739
0.9999558521682276 -0.007872004954730295 0.005130815426291372 -0.7812020840634544 0.00778072402728933 0.9998152838237766 0.017574371937636824 -1.9384357447598142 -0.005268213655161532 -0.017533674943623345 0.999832394039327 178.82275049801476
0.9999465352532058 -0.009919694081400246 0.0029199859524185784 -0.7817430715647067 0.009877919990009813 0.9998533541493555 0.013989170013540764 -1.9451164603777404 -0.003058326282045291 -0.013959578963555805 0.999897883184717 180.1915428203438
0.999985463141633 -0.00522164752162088 0.0013445858887164606 -0.7958911602653381 0.00520816831789454 0.9999380163474982 0.009840652210348159 -1.98391017589265 -0.001395887073233763 -0.00983350651723628 0.9999506756085988 181.5941893133577
0.9999947634882783 -0.003113747076953671 0.0008818054700781789 -0.8242419970825807 0.0031056330202424015 0.999954149034092 0.00905841408974311 -1.965341216740787 -0.0009099707181881422 -0.0090556282664251 0.9999585829180603 182.9903535996624
0.9999995868648491 0.0007220424228340386 0.0005521996755166794 -0.8431549088259903 -0.0007276428687111721 0.9999476123391835 0.010209951556918626 -1.9740394344008112 -0.0005447987667282341 -0.010210349344336305 0.9999477246152354 184.30969537070177
0.9999964908157162 0.0024832492295217687 0.0009229444279253347 -0.8364326722111538 -0.0024954992142611748 0.9999055235496868 0.013517265162902813 -1.9832652342009018 -0.0008892905574977262 -0.013519521203065352 0.9999082116438781 185.76303133312797
0.999988838066233 0.004530052433005038 0.0013425204279726495 -0.8505954756247998 -0.004551014435400091 0.9998609102853518 0.016045197173956378 -2.0052219947312 -0.0012696482073254088 -0.016051128227173073 0.9998703662382787 187.13746411075422
0.999992412745833 0.0036041798075446977 0.0014779492727414766 -0.8582166136584585 -0.0036286036589932933 0.9998511102941727 0.0168698096543027 -1.999895740382883 -0.0014169275003545847 -0.0168750448851154 0.9998566023097699 188.5774051373862
0.9999958139833883 0.002567378031893012 0.0013343848877525764 -0.8558152775769894 -0.002590648397326119 0.999839277365383 0.017740010550485758 -2.010578620261925 -0.0012886252032783515 -0.017743393563210433 0.999841743195731 190.00458933647204
0.9999989552383345 -0.00028481942243565456 0.0014171812144819352 -0.8634738851029493 0.0002590359247814141 0.9998350497050893 0.018160569160909752 -2.0157246908886783 -0.001422120038353592 -0.018160183443151675 0.9998340788944995 191.34484090297303
0.9999966395838755 -0.0019180541433998586 0.0017441027941302787 -0.8710864122855406 0.00188587056107903 0.9998312931634858 0.018270979487294867 -2.01267038167141 -0.001778853415436001 -0.01826762929421781 0.9998315505159011 192.81185247188583
0.999981407282077 -0.005719430072427534 0.0021149987834695994 -0.8687745197337309 0.005677627568627707 0.9997982109147756 0.019269197697432284 -2.0067903477107896 -0.002224781000669798 -0.01925683162863068 0.9998120947417959 194.1838411471133
0.9999406258552888 -0.01064790346777209 0.002316663323186641 -0.8665001919928506 0.010597231413074682 0.9997257370636708 0.020884188225402615 -2.0044998910412883 -0.0025384009654775197 -0.02085839842814362 0.9997792174993015 195.65672837681063
0.9998989620541482 -0.013960903747795586 0.0026756051965651966 -0.8622422244724006 0.013900434675750828 0.9996738502861775 0.021423607265247353 -2.0121937358256816 -0.002973825700729629 -0.02138425100109668 0.9997669079229496 197.06137787902827
0.9998873230674287 -0.014739015808747737 0.002846505863037022 -0.8692287685771537 0.014687353223408094 0.9997409074963243 0.017389638175639505 -2.0008180966170737 -0.003102074753760959 -0.01734587145556724 0.9998447368866421 198.46760751496083
0.999979928814244 -0.005439012642193406 0.003249480136567856 -0.8870280258946442 0.005397489807262323 0.9999053752308757 0.01265336621323289 -2.020116200769931 -0.0033179947438606062 -0.01263557345143191 0.9999146629563288 199.9090379855063
0.9999843839495233 0.0030826443359812748 0.004661454779050016 -0.9008721871644851 -0.0031365051523736358 0.9999278954906415 0.011591641667922873 -2.0143898948682692 -0.004625386140305349 -0.011606081556540738 0.999921949290452 201.33676949818428
0.9999130876953485 0.011659863604551651 0.006153423007146457 -0.9218525251390068 -0.01175906648866104 0.999797354443157 0.016339352010105033 -2.028418520779872 -0.0059616619187888645 -0.01641029075715878 0.9998475688552094 202.77630474712618
0.9998929874494916 0.012811902891661314 0.007061782262692484 -0.9223251521325666 -0.01293755155041835 0.9997534895545903 0.018043832907252373 -2.021909457449633 -0.006828866187874091 -0.018133264524389046 0.9998122580297221 204.2270234282371
0.9999018745424415 0.012387360813651094 0.006541754724151916 -0.9215083867324194 -0.012507223536176539 0.9997485665819138 0.018611098775056886 -2.0236528190393286 -0.006309568031654059 -0.018691092113875315 0.9998053972797744 205.70713415987663
0.9999509596616094 0.008429448256029037 0.005198332547342176 -0.9132252637807154 -0.008526466611647288 0.9997844082606311 0.018932415978315523 -2.028891784316756 -0.005037622419899487 -0.018975811311492376 0.9998072518987656 207.11287120887562
0.999975531711963 0.005790679376886329 0.003924793349809352 -0.9097296676104691 -0.005863019336384716 0.9998083673066713 0.018677624849821994 -2.0287369232705936 -0.0038158854018342414 -0.018700179349520812 0.9998178545693142 208.54614526437217
0.9999725836966918 0.00648382402542412 0.003576572673077082 -0.9151761321583853 -0.006547698013613406 0.9998139069948916 0.01814604735589317 -2.0308790743177108 -0.003458251598124935 -0.01816896853639643 0.9998289499123246 210.03683378132214
0.9999681360538842 0.0071766176181653684 0.003496144416756649 -0.9201307488731849 -0.0072392327927313415 0.9998074490455326 0.01823892397018999 -2.0244858477561887 -0.0033645777177797338 -0.018263652572136833 0.9998275444376655 211.49347588397717
0.9999583433084899 0.008492650021331028 0.0033446268898717625 -0.9247022982513796 -0.008554304213710381 0.999785308126492 0.018872242651030994 -2.023099953530316 -0.0031836337280549062 -0.01890006782816468 0.9998163090877515 212.93927691983626
0.9999613928831357 0.0082413219752848 0.0030484982178594984 -0.9392166540631756 -0.008298442521003924 0.9997807487226619 0.01922473258900564 -2.0377777528603302 -0.002889392848765257 -0.019249288548100714 0.999810540205219 214.3805339257698
0.9999665482895453 0.0077053211440365876 0.002744141966919742 -0.9374704498748392 -0.007754699837880848 0.9997994792361556 0.01846255552787042 -2.034036997642043 -0.0026013319954188083 -0.018483218289156018 0.9998257866844932 215.8510580752395
0.9999729453554356 0.0069705149985416475 0.002349567293392101 -0.9479677570437943 -0.007011726257313544 0.9998131607304692 0.01801330981842647 -2.029281916035434 -0.0022235664295096194 -0.018029297356295604 0.9998349864827505 217.29132832624836
0.9999728875795092 0.007149913401198858 0.001761485662250174 -0.9460014747156458 -0.00718081026894156 0.9998084532497622 0.01820694318199648 -2.035496046626812 -0.001630970311940764 -0.018219098805269108 0.9998326881940037 218.7973814763445
0.9999454946858106 0.010271975806805701 0.0018692644499789018 -0.9495666341008362 -0.010304094777402429 0.9997836091610179 0.01807098498343002 -2.050340873182479 -0.0016832353660286717 -0.01808926145980289 0.9998349590532664 220.25525740598124
0.9999770713265888 0.006606514498569511 0.0014868677771054213 -0.9667272231515169 -0.006632165793198415 0.9998166363639118 0.01796407613870984 -2.0346139569300696 -0.0013679153116882637 -0.017973525758082854 0.9998375273944973 221.77034593364698
0.9999637370766206 0.008441474020839352 0.0011251805960725142 -0.9734826775678085 -0.008460243284909609 0.9998044317594593 0.017875193066524894 -2.041188465171815 -0.0009740676370243115 -0.01788406451951124 0.9998395928526637 223.24580256344126
