1.0 -3.469446951953614e-18 0.0 -1.5585406229479126e-19 0.0 0.9999999999999999 -3.5575383784680614e-19 0.0 2.168404344971009e-19 -2.388632911257127e-19 1.0 0.0
1.000001685273218 1.8264169727704588e-06 8.229033275041365e-06 -0.0025749717929334434 0.00027136740838068843 0.999997241002366 0.0010219584520660108 -0.025208570140323315 0.000276814494513981 -0.0010238382228758966 0.9999999522285087 1.3136913962756087
1.0000074277399387 2.524199200250321e-06 1.1591195146182882e-05 -0.005064761669408171 0.0009714489609367501 0.9999906489644831 0.0014393737088076166 -0.043078286748679265 0.00021848686685636766 -0.0014396922677040582 0.9999993551736869 2.6129340696603975
1.000013555704541 2.1270705539335605e-06 1.0077304764467398e-05 -0.007725430055271779 0.0018730763645809795 0.9999823618150442 0.0012515964128938146 -0.07571899560675514 0.0008454620753696431 -0.0012567053925363672 1.0000003976684064 3.940943224262779
1.0000208324492967 2.1837887282955687e-06 1.0677498152042789e-05 -0.010206233302135981 0.0026249557769452408 0.9999745194628701 0.0013259186962786792 -0.09033655905284457 0.0001683925125606498 -0.0013230913394952117 0.9999994337969114 5.249711946510155
1.0000229827153497 2.891785742524522e-06 1.3965472834521217e-05 -0.012796849666897855 0.002976967566213814 0.9999700681302741 0.001734237570594411 -0.1147825697617742 0.0005473157371426974 -0.0017350560973986324 0.9999993583957062 6.575468537176462
1.0000306435212656 4.718581086238932e-06 2.2606229487708452e-05 -0.015485824999048305 0.003888907374521038 0.9999571429167541 0.002806745023714116 -0.14975968903558518 0.00037133796880499436 -0.0028044406940080577 0.9999967098036976 7.908735724521544
1.0000317352881694 5.535635834625491e-06 2.6363237985708348e-05 -0.01800914794893827 0.003987791635234579 0.9999545330129331 0.003272960257685697 -0.16707246765100098 0.0002076588344163727 -0.0032685935257604493 0.9999950589987977 9.229033896641372
1.000028102739053 4.31031576818286e-06 2.0623630334102834e-05 -0.02061577062165019 0.0036689688175996406 0.9999604089249132 0.00256078550606767 -0.19215336425088364 0.0007976845038795432 -0.002563763972101695 0.9999978728632465 10.560824036982227
1.0000021787944455 1.4034666226056536e-08 1.4608125022759662e-07 -0.023170387432433312 0.00041746062076950495 0.9999965509781126 1.8359020801738958e-05 -0.21319404757856264 0.0006549959820494153 -2.3154003998468185e-05 1.0000009681355309 11.88182905275863
0.9999801030706374 -1.0047489253754704e-06 -5.1139805139384376e-06 -0.025743166517756176 -0.002285066520419571 1.0000155962191086 -0.0006348960275493433 -0.23160428170653757 0.0008292389505689188 0.0006260177176557706 1.0000009482981627 13.224623616496974
0.9999544417749604 -9.036250152964775e-07 -5.165563001693343e-06 -0.02838509966966243 -0.005537561749894355 1.0000290589665979 -0.0006413763107609551 -0.2596248519525509 0.0005366844335097742 0.0006300496086126125 1.0000006173123235 14.562860307083351
0.9999519361322367 8.579174171508691e-07 2.6551417174696355e-06 -0.031069498245239503 -0.005942129403661285 1.0000301314461804 0.00032977896827152153 -0.2905441816285098 0.00012020550825130841 -0.0003407721085819085 1.0000001566942958 15.911688668497298
0.9999624822409676 5.534720702722942e-06 2.3822900790541716e-05 -0.033731523793270136 -0.0046993905707690495 1.0000223801263728 0.0029575298345424863 -0.32077681437895267 -0.00017853792288830667 -0.0029655186283031433 0.9999953076535568 17.25118842000574
1.0000022829996338 9.294514394502656e-06 4.205057834171227e-05 -0.0363468829760534 0.00024262670172555366 0.9999843201175647 0.005219176746417944 -0.33874842321016546 -0.00018239835225949898 -0.005217556126506708 0.9999861183162401 18.619521422164212
1.000018087522915 6.776755856731376e-06 3.127773704723652e-05 -0.039024888940422386 0.00227354477545947 0.9999715131832254 0.0038827752272521374 -0.3721312044300745 0.00012149245717437188 -0.0038802456535441915 0.9999927401782128 19.953823426989572
1.0000239080148934 1.975935047766192e-06 9.89999330301629e-06 -0.04152901206507076 0.0029707538370934775 0.9999708922267287 0.0012293256720871755 -0.3793093461965928 7.1416453895360894e-06 -0.0012241504859693332 0.9999992813903315 21.30868404684619
1.0000073459409533 2.9072715966062257e-07 1.5892302350629765e-06 -0.044368401656261144 0.0008296990105462563 0.9999929526141271 0.00019719970254417836 -0.42850839075623814 -0.00036835193578019557 -0.00019244320191817905 0.9999992513886954 22.661832485175157
0.9999865539957598 3.009675011822477e-06 1.3014188670774527e-05 -0.0467955749786388 -0.0018904051412554634 1.0000121063350047 0.0016154477947279522 -0.42276850894112655 -0.0009834966479482694 -0.0016128755769104035 0.9999964634420125 24.03168424459871
0.9999868271087223 1.1487379872847717e-05 5.1552414721421766e-05 -0.049479636461332216 -0.002064291929099918 0.9999939385847642 0.006396590419093531 -0.44410880314288864 -0.0019102142961281473 -0.006389148483145561 0.9999744085758084 25.42304416610054
1.00000052552199 1.255264183620819e-05 5.694064665881624e-05 -0.05213941091473329 -0.00038494006756194937 0.9999779660448906 0.007064682052705141 -0.4674175512563582 -0.0020077148111890134 -0.007050358685327231 0.9999696078347903 26.79217463951482
1.000039335148026 1.0542801875486688e-05 4.964145161166127e-05 -0.054751798348777234 0.004459511969886396 0.9999350837722311 0.0061596420038882585 -0.48503617235525737 -0.0018977486561457472 -0.00612847416777458 0.9999760825850224 28.16043595100576
1.0000361762366243 7.234768059746072e-06 3.433157052655771e-05 -0.05732381276075323 0.004049889561602363 0.9999500490985568 0.004260431866613952 -0.49987010455473546 -0.0019749662484866643 -0.004229629318021648 0.999985600473939 29.5187557336553
1.0000380980440986 3.364113161850174e-06 1.6923718918779827e-05 -0.06020555148272036 0.0041511833511877 0.999955721903729 0.0020995003155845596 -0.5465094642589676 -0.002587605776335342 -0.0020606255414319474 0.9999898870939755 30.906773678743782
1.0000190723579827 2.046975444971663e-06 9.977374489211115e-06 -0.06269798157870424 0.0017258436717179255 0.9999838308858703 0.001236856012530904 -0.5456265181482043 -0.0028664482885196697 -0.001205794483420864 0.99999000693454 32.291107166090555
1.0000069968423688 -1.8520793679827757e-06 -7.963500337721278e-06 -0.06555072733130199 9.271396991387959e-05 0.9999987716560526 -0.0009918574799540458 -0.5907662664809561 -0.003461635539474081 0.0010202691881743837 0.9999872232383268 33.669755381611765
1.0000110974263468 -1.319060006832462e-06 -5.4211624591392685e-06 -0.06796638172250281 0.0005293837023553367 0.9999953782256761 -0.000676455682805597 -0.5779089921009009 -0.0037853304428241965 0.0007099310182959402 0.9999857388750791 35.06496796689993
1.0000072908150754 1.7843352033211635e-06 8.266842618239985e-06 -0.07092361874602351 0.0001805643552981115 0.9999979904826307 0.0010240760486058757 -0.6319271335203742 -0.0032326742264426967 -0.0009971895007054176 0.9999884556193406 36.46189344445022
0.9999933176185928 4.267699785748952e-06 1.8896323151056278e-05 -0.073566317009204 -0.0015210868662933275 1.0000083099592096 0.00234383451050749 -0.6463626721767852 -0.0030824343140810903 -0.0023265443442591063 0.9999870113561388 37.86113710251494
0.9999751651904064 5.302454979740079e-06 2.3035509930306557e-05 -0.07625119647255411 -0.0036662522334758732 1.0000186736024315 0.002858085782134423 -0.6669646294522897 -0.0025954646563661485 -0.0028534111107256935 0.9999879161469846 39.25624270619212
0.9999566939511545 5.693881099357728e-06 2.445285963370591e-05 -0.07902703640914435 -0.006084835764816577 1.0000258364440413 0.003033402770525817 -0.6996823962373901 -0.0031512500241123037 -0.00303825363969388 0.9999847738435628 40.64769429473743
0.9999363719013891 6.467939102470718e-06 2.7791100679844336e-05 -0.08179464073505674 -0.008594673167289523 1.0000262743306743 0.003447740212971452 -0.7223525479417492 -0.00308894290401201 -0.003465001558169063 0.9999836992995758 42.07939262229555
0.999928542969033 6.75068242061809e-06 2.90708132366143e-05 -0.08441669774936078 -0.009506084542891317 1.0000248004981362 0.0036068290033666526 -0.7366176595249196 -0.002817494190937628 -0.0036281674478757728 0.9999844147430141 43.467964455932986
0.9999351992920404 6.458155543835609e-06 2.7744195261284474e-05 -0.08717672678021075 -0.008599614076812347 1.0000262895448653 0.0034425636938594877 -0.759697281362735 -0.002461544641400394 -0.003459515228822663 0.9999865921976268 44.893641261792084
0.9999379488900492 5.56249435240512e-06 2.3696404427986676e-05 -0.08988719670971106 -0.008046586565873232 1.0000280478518215 0.0029410295411849453 -0.783927388132746 -0.0015181115959814735 -0.0029556251134764022 0.9999917818154168 46.28673983147356
0.9999401737873869 6.874294811219303e-06 2.9647705039539387e-05 -0.09270889843708154 -0.007582617933208615 1.0000254802305535 0.0036801229745863067 -0.8127979622997024 -0.0006812438993236108 -0.0036935970562748197 0.9999917702965795 47.7207480762914
0.9999391469701439 8.048413680893443e-06 3.497962686404752e-05 -0.09532767366628297 -0.007491288793253929 1.0000227680586082 0.004342139715006487 -0.8250944934472537 0.00029473130523990487 -0.004355960697487888 0.9999910647556002 49.116281337797034
0.9999286907565215 8.673525385029593e-06 3.7815770663352866e-05 -0.0981874014616762 -0.008579221994404317 1.000021189860385 0.004694223717644258 -0.8597528548635078 0.0012340521739585143 -0.004709207732884204 0.9999904466659543 50.54553879723633
0.9999247910123448 9.191438164678559e-06 4.019045417114693e-05 -0.10095024002928438 -0.008788389279222826 1.0000196270408663 0.0049888066928411925 -0.8780555675455781 0.002461075009416922 -0.005003015630300335 0.9999889725010673 51.994074522257385
0.9999167835839051 1.154084127864309e-05 5.100364666543039e-05 -0.10373606942564181 -0.009540698633021904 1.0000111812837753 0.006329716191861991 -0.9079248075885502 0.0035409056907136326 -0.006341862502588017 0.9999801063103191 53.40376179410521
0.9999262098109939 1.3181413263655198e-05 5.8504215950132363e-05 -0.1065155577647025 -0.008154150398010462 1.0000059547421385 0.0072593186644514624 -0.9264197468206843 0.004503718536909971 -0.007273777351277325 0.9999716409123691 54.86066150617845
0.9999474257988427 1.5032274472154966e-05 6.713053199032342e-05 -0.10911357179677747 -0.0054900751183689644 0.9999943285749793 0.008328662712538015 -0.9375745100203314 0.004634149483857836 -0.008350697303759891 0.9999628826577265 56.24978826160442
0.9999586829236591 1.3520320592092308e-05 6.026558293182032e-05 -0.11191038182579373 -0.003947417142860535 0.9999959291103288 0.007477143039133495 -0.9628789418823047 0.005279126689043058 -0.007506186092002497 0.9999675337822864 57.68591401814538
0.9999682820898476 1.36534606663824e-05 6.10547189069709e-05 -0.11468808936736402 -0.00277046759690562 0.9999896675506385 0.00757502662765584 -0.9825990497964308 0.005211442458618703 -0.007607847555935805 0.9999669998049593 59.13636375209716
0.9999740307466759 1.5241050771386266e-05 6.854102218588299e-05 -0.11739954949168212 -0.0021135262208074063 0.9999785057496483 0.00850326380209041 -1.0064888054108978 0.004957300457363241 -0.008536887792616212 0.9999603468007221 60.53152854204468
0.9999928503873042 1.752048515156826e-05 7.972327519266235e-05 -0.12015418700962435 7.925992596800012e-05 0.9999503090089322 0.009889535008395355 -1.0210088964463144 0.00431317252915921 -0.009925064141430746 0.9999493749614574 61.992391052292525
1.0000061034721142 1.6220510396888765e-05 7.417327241163521e-05 -0.1228208296256903 0.0016410779548262297 0.9999429631443197 0.009201945883107857 -1.0405226006569488 0.003938161845932169 -0.009237851446508929 0.9999568199430002 63.38224957144578
1.0000148727210114 1.4564718773320273e-05 6.687151858921566e-05 -0.12553070324850785 0.002623562266332995 0.9999408872918278 0.008297123311221233 -1.0600556513265595 0.0034628863795030666 -0.008330072866056921 0.9999656816842238 64.79596467448798
1.0000141872969117 1.4648708452642822e-05 6.722865115519499e-05 -0.12835453048218737 0.002385678675676602 0.9999430279728028 0.008341607913956382 -1.0847767793744991 0.0027816430721497257 -0.008367042832314106 0.9999662706566819 66.24965479107748
1.0000037481453068 1.494112879496523e-05 6.812308029936092e-05 -0.1309385540582453 0.0009274465614690867 0.9999562526626499 0.008452593175723274 -1.099560370174772 0.002060145307530458 -0.008470019302874878 0.9999658492561035 67.61485017386897
0.9999813707298049 1.7408858684750048e-05 7.883436288493224e-05 -0.13377265025990281 -0.001969189141007995 0.9999659458224192 0.009780127778266383 -1.1207959694446425 0.0015358376263234885 -0.009793508196147488 0.9999537782648287 69.08977152213868
0.9999562490706775 1.9374943278473514e-05 8.750837081853758e-05 -0.13637644277794506 -0.005271442751766012 0.9999694763416777 0.010854752839049756 -1.1379925820837555 0.0007225129681201784 -0.010866650828585017 0.9999421575296358 70.45515463591681
0.9999265287178828 2.1340625515120504e-05 9.660431196205702e-05 -0.13916600921224243 -0.009167870627386814 0.9999598391718345 0.01198116969211597 -1.1574400177541475 -0.00019364645302538002 -0.011998292680652752 0.9999278237062337 71.91338824147833
0.9998939278948777 2.0508524916709736e-05 9.309074535424067e-05 -0.14170146093311498 -0.013301571737017528 0.9999518085034296 0.01154575347018432 -1.1676959405693894 -0.0005726330913336651 -0.011573259162646498 0.9999319977299843 73.27187420613663
0.9998644663758752 1.9394905190152703e-05 8.875391454705463e-05 -0.14439094129018487 -0.017118528388386543 0.9999305537771989 0.011008050217680936 -1.1868391588095717 -0.0012777373719854736 -0.011051283833507548 0.9999359697481591 74.67603327725594
0.9998597407164622 1.9321946094623746e-05 8.860306397393144e-05 -0.1469793389924961 -0.017875218637734842 0.9999236182010807 0.010988751545175104 -1.1840380785692142 -0.0020350032996474055 -0.011041806102555998 0.9999334526020578 76.12207104750267
0.9998558226056842 2.0359612343128636e-05 9.365800926809057e-05 -0.14960507851062274 -0.018450112029386463 0.9999107216902605 0.011614563853091573 -1.2057202310909636 -0.0024287847856665438 -0.0116740150951635 0.9999246907316987 77.47960566566786
0.999862437526844 2.093189838865868e-05 9.607716489092618e-05 -0.15235097194680222 -0.01767795542456424 0.9999149265454832 0.011913996306657175 -1.230279503421527 -0.002648885739620182 -0.011972215556413975 0.9999202128614959 78.89085509364212
0.9998694565917918 1.8944462316443714e-05 8.6449014818419e-05 -0.1549684622475275 -0.01669730210753368 0.9999373995748386 0.010721787420270289 -1.2418671355301352 -0.002163012858885465 -0.010771283414560568 0.9999358994945711 80.28883809193565
0.9998738854807805 1.949822293260614e-05 8.889547263199026e-05 -0.1575822530665523 -0.016117542553704706 0.9999389428162601 0.011024997398869883 -1.259156065563569 -0.0020304174837458677 -0.011071093456101836 0.9999331467934712 81.65934692373996
0.999873323804575 2.0285210389927796e-05 9.261907451145923e-05 -0.16028925238701838 -0.016084155657234263 0.9999340079632554 0.011486647181160891 -1.276315218438561 -0.0015704505703217095 -0.01152896220189784 0.999929637863743 83.08205666884761
0.9998733410745059 1.899580830822499e-05 8.655334812424781e-05 -0.16276704836020686 -0.016032943809303167 0.9999427773620928 0.010735382158845338 -1.2871226068726669 -0.0013516331174122877 -0.010775738092376154 0.9999387425304134 84.40615154895887
0.9998653223562539 1.9598638661716405e-05 8.967859704217562e-05 -0.16545880644606217 -0.01681893423011041 0.999931950336787 0.011123134708022998 -1.3007514986191788 -0.00041575237455965665 -0.011157890598669626 0.9999370737150354 85.83616355977696
0.9998668234138288 2.1555075906778617e-05 9.884983715515664e-05 -0.16806115963606338 -0.01638003182223209 0.999922397609835 0.012259579515748164 -1.3202493454641187 0.0007102191267641807 -0.012284035669541594 0.9999257568938985 87.19048703782579
0.9998729404149854 2.3278519402309197e-05 0.00010679964016210353 -0.1706334894677606 -0.015393748597639874 0.9999175544905061 0.013244211998261243 -1.3347905850063082 0.0017207937324210934 -0.013260137798127484 0.9999138994343787 88.55028679064135
0.9998944067677558 2.445303877031922e-05 0.00011178105683026405 -0.17323835276692864 -0.012464944775785382 0.9999264043284518 0.013860868756421892 -1.3420644455181054 0.002893135736486293 -0.013871161808128533 0.9999050306222643 89.9605140189102
0.9998990894266683 2.4822192885930183e-05 0.00011344495106397029 -0.17586731746162992 -0.01171756039524957 0.9999265473530842 0.014066629162791 -1.3662090141159389 0.003632716810372691 -0.014074974587028343 0.9999011073938943 91.30885356924868
0.9999039607260473 2.4192595785113222e-05 0.00011035520892766848 -0.17847121859645557 -0.01099292267103236 0.9999342590205473 0.013683852876043833 -1.3770927447581212 0.004166382113290803 -0.013691890825047175 0.999905303223428 92.70244949551218
0.9999265146234284 2.4877634341323798e-05 0.00011339991396273918 -0.18098599460923684 -0.008152264460244193 0.9999333465384159 0.014060686955922476 -1.3974366783924392 0.00434331307697439 -0.014075358671790564 0.999899550923588 94.00449646319899
0.999923659539045 2.3200410224253135e-05 0.00010542543237656763 -0.1835392153979362 -0.008463764709637715 0.9999466795430492 0.013073224319194245 -1.397609236710916 0.004535406690019915 -0.013086993342813024 0.9999124550192611 95.41779090411
0.9999307795881158 2.284183706262148e-05 0.00010370357283120209 -0.18600610301334528 -0.0075954098343810825 0.9999494281248053 0.012860041379524872 -1.4046289292371235 0.004464549697456945 -0.012876145387138282 0.999915380277502 96.75273579542024
0.999913514695415 2.208486325925782e-05 0.00010021469667449083 -0.18861759242347284 -0.009779888924893737 0.9999535069066798 0.01242809937699674 -1.4265189903418358 0.004284649025785234 -0.012438716962363674 0.9999213733354075 98.1014510196184
0.9999033629686811 2.252804285244117e-05 0.00010245421217080098 -0.19115156256215765 -0.011114303186098063 0.9999468179233354 0.012705621373896173 -1.4351397432212694 0.003956137966690857 -0.012713995397391388 0.9999186755918438 99.46640856508279
0.99989785651948 2.4611242176805423e-05 0.0001124626962181552 -0.1936254409619252 -0.011827274909258905 0.9999278453720041 0.013944943722099234 -1.4415885057483122 0.00382626629493338 -0.01395235403418339 0.9999024517171509 100.80777129485465
0.9999019100608206 2.783650958814929e-05 0.0001278445677560685 -0.1961916197187777 -0.011323651389644964 0.9999012258358018 0.01584886685401005 -1.4594227376810613 0.0038272094936293456 -0.015857332534356283 0.9998740808372257 102.14947907782955
0.9999039811766636 2.559768406895299e-05 0.00011706278337095559 -0.19870445477512405 -0.011123252277346582 0.9999221417935636 0.014514515064669872 -1.4693693308845366 0.0035738435394308244 -0.014524115875093302 0.999894796585943 103.4968186067862
0.999903493072438 2.1654174314733945e-05 9.831421690833283e-05 -0.20112799423443817 -0.011203416170622402 0.9999529297306173 0.012193100946767304 -1.4764045307612006 0.0034866774767555635 -0.012202760141881566 0.9999259373671777 104.80768660021037
0.9999088613566322 1.9617596892146372e-05 8.863087612018478e-05 -0.20367259174758942 -0.010534884831569814 0.9999687383273455 0.010993631817018113 -1.4895009550803284 0.0034948853929267134 -0.011004332198890271 0.9999398131019352 106.1585704499276
0.999920533862458 2.1886587054027393e-05 9.921498230088888e-05 -0.20623145746281232 -0.009155967560544133 0.9999559179689744 0.012304755915696606 -1.5065532155141323 0.003179598910234196 -0.012318152317747638 0.9999249933253601 107.4997152582205
0.9999527505523289 2.5362368178103584e-05 0.00011583521242071785 -0.20870852557126335 -0.005267977314091779 0.9999251784024943 0.014362793780245523 -1.5094899631507765 0.002675570481013105 -0.0143802476817331 0.9998980590889964 108.85850659182336
0.9999606608795457 2.695917311260239e-05 0.00012360312473300768 -0.2111843010211835 -0.004468660635422738 0.999908344005144 0.0153243863480877 -1.5272669042749056 0.001859149732644039 -0.015339688683314747 0.9998841913180702 110.15040131767672
0.9999697927041534 2.5105107127295842e-05 0.00011490187962332182 -0.21369876698156592 -0.003501262727540513 0.9999203530257672 0.014247302165805139 -1.5391580530653897 0.0011157883384119629 -0.014259286455272285 0.9998999303723675 111.48997224262266
0.9999592039613232 2.167753431770586e-05 9.840644544145227e-05 -0.21612432762758946 -0.00496041530515209 0.9999529781734634 0.012204637936257009 -1.545878928829441 0.00047303462610872454 -0.012215481704089187 0.9999263078050679 112.80336138700665
0.9999397153744045 1.8311513014575287e-05 8.236570667374821e-05 -0.21876860971576914 -0.007633338510278028 0.9999799825966991 0.010217037427669431 -1.572914011719107 -0.000653549877704489 -0.010230832294852913 0.9999464186343332 114.14729383854916
0.9999186858725078 1.7579054385114673e-05 7.897187841429199e-05 -0.22108908943936045 -0.010553939363510404 0.9999811633684601 0.009795505586509568 -1.564847434449623 -0.002031253740408098 -0.009819905081523637 0.999946195512396 115.4684309402899
0.9999107493009047 2.100283119005862e-05 9.513170930513571e-05 -0.22364313225439222 -0.01186975249396313 0.9999553764061453 0.011796019937207032 -1.5793709705961219 -0.0035036432545378377 -0.011831112194059133 0.9999177172674085 116.81818164580577
0.9999142623867225 2.4880407220758544e-05 0.00011349656164450026 -0.2261219308740337 -0.011636664153296722 0.9999268075279201 0.014068983349859832 -1.5873448529010616 -0.004409843705161692 -0.014106055480075595 0.9998830222603063 118.15546800888376
0.9999211561397029 2.6696441794647405e-05 0.00012213038652997906 -0.22870032068645102 -0.010974660427117046 0.9999133565472577 0.015136437554853279 -1.6039749984251728 -0.005275604616545697 -0.015171825070276274 0.9998616774787064 119.50930839819863
0.9999236328100785 2.6284594937260597e-05 0.00012014117573741273 -0.2311783577696912 -0.010894122107511662 0.9999173150469577 0.014888501856534953 -1.6145255222648207 -0.006288107043380634 -0.014926076559765631 0.999857689407537 120.83468231586683
0.9999067364157177 2.522200514833671e-05 0.00011522328775642634 -0.23363241514450178 -0.01331355894086014 0.9999164393889494 0.014276833932649611 -1.618964539623765 -0.00771990255955238 -0.014341481799949287 0.9998536217762991 122.1740300339873
0.9998918160256309 2.466664959551064e-05 0.00011285932265241248 -0.23607015932320258 -0.015403891807581567 0.9999074280896683 0.013981715730707703 -1.6251264283340725 -0.008778421253874331 -0.014074092655270208 0.9998467728359458 123.49665968426288
0.999888084797633 2.311474347315226e-05 0.00010556335613167247 -0.23858521661031884 -0.016131863289255532 0.999914086420625 0.01307538294248052 -1.6379707248834077 -0.00995836549060752 -0.013184898951246603 0.9998456944690652 124.83230749017292
0.9998858199247345 2.24311538594181e-05 0.00010237925893358344 -0.24099811535951898 -0.01666674240030292 0.9999147451296574 0.012677931155773278 -1.6372211756609834 -0.01108932262320029 -0.01280336529567528 0.9998367012413717 126.17199881380486
0.9998874339607351 2.168881877079483e-05 9.882095610205008e-05 -0.24358150496133005 -0.016658643752385002 0.999920343293344 0.012234689395158628 -1.656800727015222 -0.011947116463798629 -0.012367268539170846 0.9998307533327593 127.515455220103
0.9998896625773189 2.318660324138362e-05 0.00010586478255882048 -0.24602774539190894 -0.01660659900255057 0.9999097653776874 0.013103748077453698 -1.664624430940812 -0.012949306624231641 -0.013243967369399211 0.9998052497872159 128.83537943559958
0.9998894576103174 2.4644274661972734e-05 0.00011281006701176254 -0.24855284117008014 -0.01682529352510981 0.9998962595042865 0.013960693996517502 -1.6737050250726722 -0.013811069323616374 -0.014111507568082637 0.9997803047313741 130.19337135810022
0.9999021337436709 2.582526819913493e-05 0.00011818348098339851 -0.2510607381018448 -0.015319594709382378 0.9998988344613458 0.014624862449476307 -1.6864476280187934 -0.014116810710653422 -0.01475410039049019 0.9997662150563966 131.52550701438375
0.9999138428032943 2.6248665265699717e-05 0.00012004546868888116 -0.25357789921688256 -0.013870746274912428 0.9999049156634533 0.014855328973711585 -1.6959284557910204 -0.014140479974605383 -0.0149614731935592 0.9997627589964172 132.87731957510437
0.9999274986964977 2.7997595368759592e-05 0.00012835804295575686 -0.2559535438728189 -0.012141992484824863 0.9998976432493526 0.015884725812709305 -1.6923399097703122 -0.013994120661338975 -0.01596252428513897 0.9997496151789907 134.20903893214305
0.9999357299471989 2.86602237735481e-05 0.00013155203071364956 -0.2585697117877106 -0.0109997335962315 0.999895269330859 0.016281887242895643 -1.7166899017006738 -0.013458909876327411 -0.016340097956086232 0.9997518358034222 135.54937507618268
0.9999378881587007 2.7788645310656418e-05 0.00012735659272881277 -0.2609886106219124 -0.010472737045668725 0.9999049510642456 0.01576655193663088 -1.7182335870988183 -0.012304032617013598 -0.015814210736297653 0.9997772506055276 136.88216264874984
0.9999582514801972 3.0119871655551883e-05 0.00013881731080128408 -0.26349362549326105 -0.007709856080150909 0.9998843790891536 0.017187930885946005 -1.7261320880402413 -0.011260735305921277 -0.017197068230545218 0.9997686199428903 138.23430466671635
0.9999609661697038 3.0274740065342615e-05 0.00013961359666368593 -0.2659218211713384 -0.007140183482555002 0.9998822715718787 0.01728937280363694 -1.7294682955992506 -0.010223738985725473 -0.017292238426513267 0.9997799946766371 139.56424730560272
0.9999738073988123 3.113492184746852e-05 0.00014406641710955153 -0.26843594497644574 -0.005253803734248595 0.9998690270128977 0.017843583450270106 -1.738691797874223 -0.008923247949292598 -0.01782770238499475 0.9997853991581822 140.91552525436592
0.9999703779212346 3.001781505499075e-05 0.0001385582463112056 -0.27083630313736606 -0.005423243625636169 0.9998813810564755 0.017164766482504038 -1.7417287973002087 -0.0077795088158878626 -0.017153915573049728 0.999808796044093 142.23138482740293
0.9999682093470735 2.945005963016223e-05 0.00013575943153088747 -0.27327822768015936 -0.0054541856851538974 0.9998873156891783 0.01682063573767532 -1.7421142416004338 -0.006716463623843765 -0.016813006706117645 0.9998242080087718 143.58209009387346
0.999991703844182 2.5852834083510412e-05 0.00011911257560113836 -0.27579309410101477 -0.00236632106290664 0.9999070697886477 0.014761988910126943 -1.748005735792914 -0.005958038990308446 -0.014732641441246917 0.9998631728552 144.94863860924377
1.0000264683960596 2.3851963421053085e-05 0.00011113973006586508 -0.27822494462645503 0.0022194430792639216 0.9998845500918536 0.013776971165274925 -1.7564135893251658 -0.004761401097598983 -0.013724916371947032 0.999886073982536 146.2579881379079
1.0000840298174607 2.7961470347136197e-05 0.00013509084912575824 -0.2808509524855168 0.009584799748485516 0.9997364370718929 0.01674279946855258 -1.7703285497736527 -0.0037947247001392237 -0.016661425096644884 0.9998473773175007 147.65030960802466
1.0001384656584367 2.9835270961810906e-05 0.00015006704401520471 -0.283246923462374 0.016656666038936098 0.9995538434060799 0.018596931973056154 -1.776636083259263 -0.002405828371596033 -0.018513488997318712 0.9998216403757891 148.94915427052615
1.0001573530998402 2.4026920606112084e-05 0.00012438542830732718 -0.2856595683343316 0.019200645412804807 0.9995418208424708 0.015420264176963301 -1.7829652106411682 -0.00152134057675786 -0.015350234448703027 0.9998784965666339 150.25713722664318
1.0001575308095223 1.8387643961708527e-05 9.754297329250686e-05 -0.2882204486118865 0.019247749804259 0.9995863308062696 0.012096950385691311 -1.786207198642643 -0.0014096977683769561 -0.012028508876690651 0.9999242904576591 151.66098546696205
1.0001242798276493 1.544555894616821e-05 7.966873458919868e-05 -0.29067289962396076 0.014879296522782573 0.999720476624906 0.00988168614092131 -1.7980668552584773 -0.002475494106175635 -0.009800847224667682 0.9999445790052852 152.96635076134908
1.0001286260653202 1.581398688003076e-05 8.188230511077576e-05 -0.29323674247195736 0.015223829967599372 0.9997097698246644 0.01015511044037221 -1.8087944377674345 -0.003346127733053844 -0.010052643230156791 0.9999379765912839 154.3384573430835
1.0001650548033045 1.9492602705473497e-05 0.00010378621087496595 -0.29555618812204665 0.019632321644003588 0.9995661137263829 0.01286791314652221 -1.8010421864698964 -0.0038617316183390885 -0.012730633327685034 0.9999047169992195 155.6576199837789
1.0002164134990916 2.3951014218571987e-05 0.0001330007644296475 -0.2981346034869599 0.025904662136729838 0.9993195265890048 0.01648385676931364 -1.8178570262104568 -0.004334134265647574 -0.016299528685589832 0.9998501704345472 157.01065087059652
1.0002414383595004 2.439964111054793e-05 0.0001396243817619828 -0.30052087167736846 0.028992872883934033 0.9991959384305947 0.01730333464722477 -1.8126844564168323 -0.004421735389410861 -0.01709914255383557 0.9998362851441084 158.35531796095356
1.0002487000802907 2.4987932377209046e-05 0.000143846994922865 -0.3031288884424602 0.02991961868602895 0.9991519533519965 0.0178258669897235 -1.8385147552738887 -0.004310657528298134 -0.017621113026033173 0.999827915361209 159.68453819692968
1.0002455694317542 2.5747666596838067e-05 0.00014694895664948428 -0.3055336557773664 0.02928899870166149 0.9991688226672979 0.01820811415381675 -1.830687662759263 -0.005389079367386159 -0.017966651034996096 0.9998145922377785 161.05128876298443
1.0002249580380007 2.6326087012319352e-05 0.00014599637392274456 -0.3079233242667192 0.02646217859845012 0.9992726460518978 0.018088303413149907 -1.8266837972174859 -0.0065801257134885495 -0.017823994424064227 0.999807863423545 162.3926271560103
1.0002085821298754 2.4066613315642735e-05 0.00013224524072801003 -0.3103941308152284 0.024230431465145322 0.9993766375376797 0.016385313607048643 -1.8288014802728911 -0.0074631720124976155 -0.016108862026986477 0.999829147339355 163.75160328139074
1.0002003864202327 2.36869555948465e-05 0.00012908076983978865 -0.3127603163413934 0.023077598053498898 0.9994195830850808 0.01599245586391737 -1.822792287968154 -0.008065224380401099 -0.015707076039951237 0.9998297717659917 165.08887884772903
1.0002000787853316 2.5399098244317797e-05 0.00013730006375865952 -0.3151298254692298 0.022994425572304703 0.9994053693847467 0.017009091843362686 -1.8133020421488482 -0.008265757706796604 -0.016718707999781507 0.9998113821247373 166.44351909855231
1.0001823612305747 2.605676060451166e-05 0.0001377303902105238 -0.3176191005551502 0.020828700315174323 0.9994693894242953 0.017062584858562473 -1.8245766164592816 -0.008111324334537784 -0.016797443663775287 0.9998116072627377 167.7718880752721
1.0001711482537117 2.3104260394243847e-05 0.00012186191778206803 -0.32017798430236427 0.01955358933117722 0.9995370313919775 0.015099872313832391 -1.831683173102875 -0.007587611197153882 -0.014860591418066102 0.9998473001923873 169.15739630259895
1.0001390939662427 1.9103059832936697e-05 9.858773137668298e-05 -0.32279428655966164 0.015713636401387378 0.9996751146792795 0.012219244018653715 -1.839114045091542 -0.006959301813445507 -0.012028794752539684 0.9998910418984533 170.57325862883042
1.000057088085558 1.78460561012974e-05 8.471686045759676e-05 -0.32557278979833526 0.005602594771306134 0.9998838897954573 0.010501329337632573 -1.8814371513448354 -0.00663231051278038 -0.010401577111973499 0.9999120824714623 171.92334969005677
1.0000425693359363 2.0087683284264468e-05 9.426191318111883e-05 -0.32796475450129964 0.003719570530067967 0.9998947042306752 0.011683107841140855 -1.8745025794248122 -0.006988767284022513 -0.011594841937758331 0.9998959032029571 173.27902945933698
1.0000005112101886 2.448571782588324e-05 0.00011291150664620702 -0.3307216260115341 -0.0016506052517619154 0.999913838914932 0.013991148971320248 -1.899325191492621 -0.007644094375011232 -0.013945296801849512 0.9998599395681131 174.69518455444242
1.000005208204635 2.8925164499024603e-05 0.00013443399059144025 -0.333087225299669 -0.0010742304165281304 0.9998691206175004 0.016654877713482712 -1.8944164411986808 -0.007675079629915466 -0.016603443176139685 0.9998190767331608 176.02722795762836
1.000027609230452 3.0471245608291314e-05 0.00014306606560235088 -0.33561514414922333 0.0018996858795348945 0.9998255350743687 0.01772460580874238 -1.8935228266808413 -0.006819210969493808 -0.017654089786922227 0.9998088416370848 177.43126394822994
1.0000413928695668 3.114736851488574e-05 0.00014720909913259572 -0.33820393285934763 0.0039122835360679824 0.9997942082751008 0.01823946113385175 -1.8983889446169957 -0.005477783977852094 -0.01816825421039375 0.9998103097720736 178.84332596565693
1.0000422578972026 2.477121528765558e-05 0.00011648449738035677 -0.34072720400321904 0.00451148191628324 0.9998490025384017 0.014440568825375345 -1.9132648398908512 -0.0032847075866629426 -0.014392556905982401 0.9998853043562059 180.17446286576933
1.000019586635979 1.756423339339258e-05 8.107963171592714e-05 -0.34336666059699156 0.002088441299720755 0.9999302773187426 0.010057182503194359 -1.922626121243661 -0.0015342488663002468 -0.010038625927872722 0.9999458102950746 181.5945401119973
0.9999880991505636 1.680523616880321e-05 7.622142453643141e-05 -0.34593156394693075 -0.0017224611265320485 0.9999675424471678 0.009455428799540054 -1.928187214481771 -0.001090302132028378 -0.009452080459057663 0.9999529023547481 182.99027429025614
0.9999415478940935 1.76220262405255e-05 7.914901416520583e-05 -0.34838788710139057 -0.0074154031285215 0.9999838669876634 0.009818426963342534 -1.9353679950175537 -0.0006965688512187136 -0.00983164747111082 0.9999503106535824 184.31864982830132
0.9999461639237556 2.4169418810495932e-05 0.0001100743868590907 -0.3509905236938003 -0.006926590236916838 0.9999384324457578 0.013648769555868034 -1.9334098533236153 -0.0010732004177260856 -0.013660442969459312 0.9999043763533809 185.76881446704485
0.9999215917804589 2.8282725251146598e-05 0.00012975821402354346 -0.3537179592009081 -0.010059847865305152 0.9999007900856829 0.016084911201050708 -1.9676806721819675 -0.0014372191735365898 -0.016106405802649187 0.9998668890569219 187.12653204644636
0.9999489830022724 2.9577510929001613e-05 0.0001360689891613774 -0.3561899968100128 -0.006701807128298671 0.9998890192647321 0.01686566083497841 -1.9478186880528638 -0.0016320727347533882 -0.01687599655091658 0.9998535560294213 188.5842095538762
0.9999642345966132 3.0927387010092414e-05 0.00014284337975538873 -0.35874096233390984 -0.004774475309330251 0.9998700566428523 0.017703864145261608 -1.9472541096450153 -0.0014838991226758618 -0.01770817055860617 0.9998396743058854 189.99954225257358
0.999989398070915 3.1657328589547104e-05 0.00014707707850729356 -0.3611692654623105 -0.0016750484828026817 0.9998456761371582 0.01822749901296511 -1.9452289353136125 -0.0015982507785773949 -0.018221164274897457 0.9998300817045241 191.35345378902275
0.9999984058083802 3.1802395240438514e-05 0.0001481212192925626 -0.36390157761314523 -0.0006620085191745189 0.9998363435803755 0.01835628737046487 -1.9577295209393197 -0.002069344978498951 -0.01834312638513929 0.9998261386211165 192.8109578207163
1.0000201900019912 3.289454614550588e-05 0.00015447774406200264 -0.3663237947303962 0.0019636978043050344 0.9997987386577456 0.01914214269182503 -1.9545478033209738 -0.0024247150232585175 -0.019115699476713977 0.9998102369333501 194.16665637957425
1.0000604840636635 3.51082863218246e-05 0.0001680212328176035 -0.3689404056931055 0.006876307085631663 0.9997039672983388 0.020816343706271643 -1.951698636197404 -0.002832930715502232 -0.020764385354235266 0.999775568596475 195.62853409746342
1.000090575638742 3.595504106849827e-05 0.00017485686829954005 -0.37151870503710777 0.010541780101245868 0.9996245478615347 0.02166101527452169 -1.958728126411033 -0.0031523236711726724 -0.021587523580707528 0.9997566128525627 197.02513905111022
1.0000450777500707 3.112942898058149e-05 0.00014736905110163297 -0.3743742372969336 0.004890883915132373 0.9997816004567197 0.01826232674603948 -1.9872659916459574 -0.003154477023025074 -0.018214543945670437 0.9998236932138052 198.4793675757371
0.9999969523766989 2.2578053561844724e-05 0.00010369470489220763 -0.37694466776472463 -0.0011546611206837455 0.9999257878793533 0.012856739564753477 -1.986712841082742 -0.003461395432854583 -0.012835477775444554 0.9999055670248053 199.90542968567124
0.9999228039428113 2.2097611908156525e-05 0.00010020016357392345 -0.3794994503154789 -0.010667453017155649 0.9999516544410255 0.012422021523994083 -1.9827225767692118 -0.004818207322547225 -0.012454038791065285 0.999902317749017 201.33815343016883
0.9998813161053586 2.7730841124276248e-05 0.00012783031484071361 -0.3819985904743446 -0.016080613420153753 0.9998744737298716 0.015840539989977656 -1.9750393754384425 -0.005981072606350026 -0.015918112141244636 0.9998448404816274 202.75652931296412
0.9998647325282806 3.2474612565941766e-05 0.0001514305665821468 -0.3847401762167102 -0.018390220599443563 0.9998027360380943 0.01875789776025142 -1.9865854358373605 -0.007096325802263844 -0.018865298862985637 0.9997843094455101 204.2234261472257
0.9998770193290819 3.25255124182279e-05 0.0001512259857913438 -0.387235386578812 -0.016736835506501076 0.9998189195966981 0.01873377526282831 -1.972374805746473 -0.0065278256908164614 -0.01882131750044436 0.999790037872431 205.66873500975908
0.9999037577868235 3.321463826192958e-05 0.00015392492300666627 -0.38992114544381823 -0.01311232971434615 0.9998374747643999 0.019070013842695112 -1.97764719045754 -0.005172839338443344 -0.01912023193879755 0.9997947460767327 207.1326907587674
0.9999217351156705 3.2709707303620744e-05 0.0001512468096954388 -0.3924913866196494 -0.010624956610328142 0.9998532063238565 0.01874053575448845 -1.9772273401990743 -0.004036737904259925 -0.01877042753077134 0.9998086536552934 208.55805357182126
0.9999184613091628 3.184436764611803e-05 0.00014704676283546349 -0.39514594925115165 -0.010916799258589573 0.9998620103641016 0.01822172121195184 -1.9740516211877832 -0.003525076978058564 -0.018251909704592846 0.9998211051632225 210.04240654288913
0.9999097120271295 3.201673446998239e-05 0.0001479811980896464 -0.397778892060531 -0.011960978694962082 0.9998563542465835 0.0183374961272121 -1.972418735365865 -0.0033359927887594183 -0.018372596325967844 0.9998198866964264 211.50790533937567
0.9999027989247302 3.346238633153073e-05 0.00015515482285837108 -0.4002773714841296 -0.012789623502409002 0.99983608974925 0.019224787465363127 -1.9658040896267686 -0.0032026608739674656 -0.019263620135956942 0.9998038058218516 212.92114999911547
0.9999023357831747 3.326814712126952e-05 0.0001542117404015114 -0.4029569704759794 -0.012754670330429863 0.9998384835574246 0.019108618501085604 -1.975940275698756 -0.0027902810398145834 -0.01914536826766452 0.9998080561312962 214.3600037934346
0.9998971427308601 3.216267255136407e-05 0.00014890918332396042 -0.40565200741301494 -0.013330564008692163 0.9998479310306576 0.018453156789236615 -1.9829444909555807 -0.002482415646100405 -0.0184909858079152 0.9998217309599474 215.82137486996263
0.999906034007975 3.173888860753295e-05 0.00014668000455796528 -0.40822426703440634 -0.012159932970427053 0.9998584760640956 0.018177747143074387 -1.9723090870870437 -0.0021862236158650458 -0.018209253094555473 0.9998281240050478 217.29341241246985
0.9998933165814151 3.1888179924376495e-05 0.00014765491444072225 -0.4110369812386594 -0.01362548248648428 0.9998491707613286 0.018298738968100827 -1.9886874198898024 -0.0016785645030110896 -0.01833343343338396 0.9998277543635599 218.7781529106861
0.9998844033295841 3.127406113601766e-05 0.00014489433745899154 -0.41372336111774577 -0.0146794444843515 0.9998489323270864 0.017957459541388658 -1.9915137903247337 -0.0014422939304002092 -0.017994376039444884 0.999834704498466 220.2533607391764
