1.0 -3.469446951953614e-18 0.0 -1.7787691892340307e-19 0.0 0.9999999999999999 -3.5405977195229754e-19 0.0 2.168404344971009e-19 -2.354751593366955e-19 1.0 0.0
0.9999997193607163 -0.0007456498033252129 -7.270436886744531e-05 -0.005862808890229328 0.0007457662465351466 0.9999984190086865 0.0016142525786313146 -0.019551121951788118 7.150059421030005e-05 -0.0016143063773775888 0.99999869445063 1.3100990122611482
0.9999989564191153 -0.00143743588792275 -0.00014470912402070194 -0.0123899075197981 0.0014377454604291 0.999996629906167 0.002161726558628284 -0.03993217071910921 0.00014160130682395978 -0.0021619323992035514 0.999997652996233 2.6086976586579995
0.999995137578951 -0.0030874883914421784 -0.000438449092768562 -0.012784804851510938 0.0030879020892271326 0.9999947853673726 0.0009455655454300512 -0.07140836056306481 0.0004355274215607401 -0.00094691485221606 0.9999994568343309 3.9399614122146662
0.9999946398596161 -0.003269238575209653 -0.00017982081377829304 -0.023035714849851983 0.003269484252293873 0.9999937000766436 0.0013821269484750813 -0.09419009108224514 0.0001753011943488828 -0.0013827074862921716 0.9999990286945256 5.251022042365797
0.9999932312048828 -0.0036519441566979696 -0.0004481658956288002 -0.018246025102504813 0.003652866394401601 0.9999911775178636 0.00207399327569812 -0.10347868986414115 0.0004405878732414029 -0.00207561636587443 0.9999977488475088 6.587116499366104
0.9999865577028523 -0.00517915325552531 -0.0002465592501713818 -0.0197725412043755 0.005179876615821359 0.99998199939912 0.003028159296619872 -0.12289687378424166 0.00023087153320967878 -0.003029395793628961 0.9999953847195546 7.915196276334245
0.9999891414035178 -0.004658473178107867 0.00012533583028326322 -0.02400996629186581 0.0046579486712634045 0.9999815298344598 0.0039042921425437413 -0.1522759329781792 -0.0001435215641702966 -0.0039036660128038097 0.9999923703678093 9.21966695288041
0.9999905732022044 -0.0043145464940741 -0.0004880577064030791 -0.03004473454436527 0.00431574024032276 0.9999876334514186 0.0024713000939338313 -0.16625606290897152 0.00047738917430987225 -0.0024733831736059417 0.9999968272331965 10.577308947246781
0.999998835552594 -0.001440187723824803 -0.000504731801383272 -0.041601553104664 0.0014401845718430163 0.9999989629094836 -6.793210246761767e-06 -0.18777280305510047 0.0005047411041765139 6.06629619454902e-06 0.9999998726001976 11.888858021378129
0.9999973071211901 0.0022842352237623246 -0.00040989646698085815 -0.045460810247390335 -0.0022846493271732353 0.999996877820323 -0.0010122900938759347 -0.20772077376919604 0.0004075829119881513 0.0010132238554784645 0.9999994036268768 13.22307460778949
0.9999909573197907 0.004251782276409081 -8.728056504858227e-05 -0.06414031681773628 -0.004251854236284224 0.9999906095058374 -0.000838238565869731 -0.22424953880507903 8.371574367488821e-05 0.0008386021033912666 0.9999996448690448 14.558436468208843
0.999984087283855 0.005627043332031472 0.0004019350778303331 -0.08140184857035009 -0.005627047013159828 0.9999841680258806 7.1209040685690204e-06 -0.2532939795835302 -0.00040188867909195106 -9.382502501914583e-06 0.9999999191984256 15.904259212835155
0.9999936250188562 0.0035504474467027407 0.00037978750534515843 -0.08239821438685163 -0.0035514404887499107 0.9999901923942525 0.0026462032891891585 -0.276070080294531 -0.00037038860421158065 -0.0026475352670158794 0.9999964266782307 17.260625821456948
0.9999994949903607 -0.00039982353582331334 0.0009220423766958077 -0.07411132332070562 0.0003946844449254326 0.9999844257439497 0.005567090060359984 -0.2957890518808425 -0.0009242539437660123 -0.005566723441801937 0.9999840785456442 18.61041780728015
0.999995129521993 -0.0030412983152462818 0.0007010294092484898 -0.07516272352180395 0.003039137880683867 0.9999906913478807 0.003062817917752458 -0.3167832447682385 -0.0007103378839161637 -0.0030606725327505177 0.9999950638394608 19.95261451879405
0.999989339390494 -0.00456757112878345 0.0006770571813568178 -0.07887496693999044 0.004566951913382959 0.9999891539471876 0.0009137461319953467 -0.3340782662253346 -0.0006812234949220947 -0.0009106443172125881 0.9999993533300969 21.292939558436846
0.9999962104231739 -0.002597830369777676 0.0009112748088923603 -0.08255795023098114 0.0025988051985727564 0.9999960506360294 -0.001070009443475331 -0.36418336903586734 -0.0009084915843780516 0.0010723736381671066 0.9999990123277019 22.67331427504155
0.9999974738979078 0.0008822345700481493 0.002067331924108954 -0.08986988502527773 -0.0008844260955748967 0.9999990477602958 0.0010593726002063525 -0.38706867161793335 -0.002066395514206264 -0.0010611983463345216 0.9999973019288639 24.021580446583595
0.9999954003180681 0.0016422132473908075 0.002549995855626836 -0.11071784796173711 -0.0016589570613737116 0.9999769886317549 0.006577998902081631 -0.4120189396250075 -0.0025391349091434356 -0.006582199107933665 0.9999751134139236 25.417902948764258
0.9999956164643422 -0.0009105217832293001 0.00281744693903363 -0.09096097302389691 0.0008902149660737213 0.9999736803451864 0.00720042573982994 -0.42255282346209294 -0.0028239291620341615 -0.0071978861819479685 0.9999701074816736 26.79208802560323
0.9999830144720472 -0.005093430682506474 0.002833326940227826 -0.08720828998193905 0.005077835018582496 0.9999720663953614 0.005484707159985652 -0.4350091998979012 -0.0028611840079267132 -0.005470226934171484 0.99998094493894 28.15212227799572
0.9999797863322302 -0.0057126831472915605 0.0027914492663012117 -0.0936563608566354 0.005703467318737051 0.999978295058462 0.0032984639924968783 -0.4509795011067612 -0.002810231992142442 -0.0032824764368159843 0.9999906639272175 29.519556059855493
0.9999794922212955 -0.0052259867235478555 0.003701919887542371 -0.09745669290508917 0.00522221263385992 0.9999858352168765 0.0010285202619599698 -0.5000175424898832 -0.003707242795991702 -0.001009166969360688 0.9999926189370174 30.888800711958584
0.9999881570855537 -0.0018088518742316543 0.004518157972126006 -0.10892129974874767 0.001807467811107015 0.9999983183457721 0.0003104238499393353 -0.5139879263059604 -0.0045187122664075005 -0.0003022537494108673 0.9999897448859022 32.26397134326599
0.9999871681862468 -0.0013072317994045693 0.004894345243331666 -0.10935438113454353 0.0013120397168909 0.99999865981637 -0.0009792422235239432 -0.541042568428152 -0.004893059001652291 0.0009856512578276606 0.9999875431522282 33.652546855523454
0.9999883529883868 -0.000500296297018428 0.004800374713474638 -0.12452955081283797 0.0005092913317789483 0.9999981166690727 -0.0018727733490578025 -0.562597159325793 -0.004799429138291847 0.001875196367324466 0.9999867244683596 35.058312037798295
0.9999886757251145 -0.0005688869306330439 0.004724912215629474 -0.11984159824358306 0.0005665762197062333 0.9999997192587335 0.0004903803311293019 -0.5970031789732737 -0.004725190258994373 -0.0004876977603569755 0.9999887172976648 36.44197830781813
0.9999907810746483 0.00022401340666196312 0.004288075133703946 -0.11626242936449686 -0.00023133608163064187 0.9999985158718012 0.0017072603501613276 -0.6095471318031304 -0.004287686681414188 -0.0017082366279052433 0.9999893487761807 37.849914910195764
0.999990193031219 0.001692598443515379 0.004092548570770241 -0.12498068633231763 -0.0016984264299361711 0.9999975481005643 0.0014209656002517682 -0.607961998085466 -0.004090133756690984 -0.0014279025836553471 0.9999906159036885 39.241452933745116
0.9999796990288475 0.0048561595535037425 0.004125438159882744 -0.1178675022649 -0.004863444656031578 0.9999866287388183 0.0017576287396819518 -0.6453824974595859 -0.004116848018756659 -0.0017776569336890868 0.9999899456962733 40.6458889445985
0.9999553408152135 0.008310704627808552 0.004499838985165974 -0.1297269427649386 -0.008320370721233152 0.999963109057923 0.0021335350700503936 -0.6793604849500142 -0.00448194217961715 -0.0021708801621603472 0.9999875996575284 42.05356924368401
0.9999552073497856 0.008393027728988622 0.004374970450220401 -0.13467261173147307 -0.008403600513467535 0.9999617999661808 0.0024037729901769944 -0.6941105978029357 -0.004354628759398498 -0.0024404308737200403 0.999987540672824 43.443275033076326
0.9999614262510698 0.007911547389430342 0.0038148939050332703 -0.12875424614949643 -0.00791929971095533 0.9999665992137269 0.002021179258585723 -0.7209874820191893 -0.0037987761489607502 -0.0020513126257220423 0.999990680662591 44.86600852386046
0.9999719576661751 0.00688031056304023 0.0029572279849229242 -0.12882317771048724 -0.0068853687062120665 0.9999748445512586 0.0017035188398273264 -0.7395153049419446 -0.0029454331038159306 -0.0017238327110560487 0.9999941763936036 46.273053500704115
0.9999742790331383 0.0068430518309958365 0.0021479996553900134 -0.13073023520411362 -0.006848514969621 0.9999733070393433 0.002546186402551244 -0.7723821516293897 -0.0021305188118048574 -0.0025608315739496863 0.999994451499022 47.69641272538762
0.9999754897974712 0.006858587125111502 0.001406973606805151 -0.1482750653614409 -0.006863395509748547 0.9999705250601958 0.0034413407853269395 -0.7947855269963306 -0.001383329515283772 -0.00345091312584563 0.9999930887745109 49.102885104196766
0.9999723656302215 0.0074192270021999265 0.000472262269093893 -0.16692281054761463 -0.007420911799009114 0.9999657275223209 0.003670676186868335 -0.8159002990059174 -0.000445012538716525 -0.003674079444424864 0.999993151528635 50.52553043946504
0.9999718574481739 0.007479281705244737 -0.0005870605574887378 -0.16330818243448414 -0.007477196535848772 0.9999659971606976 0.003477940399093865 -0.834841654251783 0.0006130531459080078 -0.003473453028496549 0.9999937796264435 51.95439422853198
0.9999691248171009 0.007666369299475246 -0.0017251594445757497 -0.17777958555981416 -0.0076581089053805885 0.9999594174495142 0.0047451909491630735 -0.8497125502741165 0.0017614679716236492 -0.004731833082186275 0.9999872534139227 53.38035511107492
0.999979831502457 0.005917587638831273 -0.0023062369730518315 -0.19180604864351083 -0.005904352118671555 0.9999662990239625 0.005704336313932051 -0.8638157873817977 0.0023399153626484383 -0.0056906045494764385 0.9999810707315571 54.817284991032864
0.9999865599113053 0.004198159750860608 -0.0030422751431204618 -0.18759236702680065 -0.004179615236861582 0.9999728023386181 0.0060766278369944245 -0.8854526701470943 0.0030677033186478197 -0.006063830752260986 0.9999769093134218 56.23315360422623
0.9999914458990817 0.002001093844490277 -0.0036199091043402675 -0.19909040468786837 -0.0019819542934923513 0.9999840796046642 0.00528321839327381 -0.9022546744124337 0.0036304240007124103 -0.005275998814173034 0.9999794917227319 57.66211447607929
0.9999919333818715 0.0012336611380864924 -0.003822465459547015 -0.2037930724411678 -0.001211152943152243 0.999981948917056 0.005885146486855924 -0.9338824640991824 0.00382965706474624 -0.005880469543297411 0.9999753766035104 59.11048277271963
0.9999946070977149 -0.00012806710591136035 -0.0032816716129568406 -0.22296148994998893 0.0001496846522613792 0.999978287986244 0.006587954813074847 -0.950305441536631 0.003280756943555964 -0.006588410633178864 0.9999729143766444 60.510735593787295
0.999995220445807 -0.0015846708111186079 -0.0026547884505608117 -0.235879649264019 0.0016045094899937405 0.9999706820565982 0.007487360817788232 -0.9685723042567655 0.002642845845008848 -0.007491584813397785 0.9999684452669546 61.956096147143704
0.9999908458979583 -0.003355465572602946 -0.002654989858012371 -0.23016827588897087 0.0033745061488625015 0.9999683869071048 0.007199853327873655 -0.9913914989087795 0.0026307472939996503 -0.007208746840936212 0.9999705561386795 63.37225795712297
0.9999845151069374 -0.0054271681569356845 -0.0012310146422978084 -0.25733249884898246 0.005434832466260725 0.9999653211044827 0.006310243731986491 -1.0064682294933895 0.0011967253048612426 -0.006316836498203614 0.9999793325008299 64.77358556106849
0.9999884019384154 -0.004720844041948825 -0.000953742568354662 -0.2669731020979917 0.004726635270449154 0.999969833893689 0.006163620191623264 -1.0327847898089706 0.0009246163914664943 -0.00616805681754805 0.999980549892199 66.230169020706
0.9999926868362354 -0.003806644191815898 -0.00036842736617721003 -0.27038218872466624 0.0038088378019359975 0.9999738476633401 0.006147905104608581 -1.05299307074818 0.000345014878091233 -0.006149263542617767 0.9999810335825052 67.61472647115174
0.9999993994319353 -0.0010959450700235018 6.472099379060308e-06 -0.2799661956663537 0.0010958690010476058 0.9999729066695741 0.007279079214757801 -1.064695005399897 -1.444939025160158e-05 -0.007279067893219057 0.9999735071309771 69.05160889002737
0.9999966225914242 0.0023284547496010078 0.0011546002501690144 -0.30616521558444654 -0.0023384028816978977 0.9999595001790731 0.00869079254425457 -1.089488756040424 -0.0011343174608575615 -0.00869346328465412 0.9999615677719998 70.45111819226844
0.9999791128518251 0.006195793894126479 0.0018401054473021086 -0.31100427926953195 -0.006212313966965495 0.9999391891957854 0.009111809661521569 -1.1022559348255963 -0.0017835387980808452 -0.009123050837679234 0.9999567935331771 71.86331566251364
0.9999423148561333 0.010361270794189463 0.0028303723290939342 -0.3342977365323302 -0.01038736637825705 0.9999021857790245 0.009365976446967655 -1.1243958194041856 -0.0027330522842243144 -0.009394836474518728 0.9999521325904766 73.25375334869781
0.9998922076163895 0.014343852332089208 0.003134807105210667 -0.3291280977678816 -0.0143699915689177 0.9998607782813371 0.008481004124664423 -1.13845415243848 -0.0030127206497668523 -0.008525137265250523 0.9999591219382877 74.6762541823114
0.9998591683791505 0.016291582532068027 0.004028362922105563 -0.3451085801976747 -0.016326612949842917 0.999827798150386 0.008821326217220694 -1.157281075481728 -0.0038839561884748113 -0.00888585360225987 0.999952977138482 76.07235610306414
0.9998531389933681 0.01657143236657114 0.004368985549752975 -0.33376741571873686 -0.016610914898898342 0.9998200616165428 0.009160891719602696 -1.1743084486905868 -0.004216390653862047 -0.009232119380210973 0.9999484936833066 77.4624838073282
0.9998828781868978 0.0145793725810047 0.004655295008678129 -0.34045981042754336 -0.01462223182244362 0.9998497550504496 0.009309011578111218 -1.191815479539648 -0.00451887640114724 -0.009375992284904358 0.9999458337942517 78.85627894040066
0.9998891558439224 0.014183560922601781 0.004527979058861065 -0.34700709695737975 -0.014220375953218026 0.9998652251072614 0.008204423354802325 -1.2089801225034629 -0.004411001229427631 -0.008267903677177757 0.9999560914531368 80.25632270112929
0.9998957884925738 0.013712680213917245 0.00451381510986648 -0.35602030999539186 -0.013750389199999689 0.9998699083140304 0.008431682919238282 -1.2282136869085964 -0.0043976072941179925 -0.008492871129705593 0.999954265047892 81.65161320200016
0.9998934977937947 0.013864353526943561 0.004557712273403 -0.36948044650057865 -0.013903986319859025 0.9998647683792897 0.008782035669805628 -1.250660661546673 -0.004435339047892699 -0.008844470914063474 0.999951050351628 83.03020863323931
0.9999015243073607 0.013522380691583229 0.0037532491181852196 -0.3626292629812221 -0.013553445333376742 0.9998730461604394 0.008378288172910997 -1.270454329107845 -0.003639478528159815 -0.00842833274544211 0.9999578578126233 84.41605760590777
0.9999100773410505 0.01299375931851264 0.0033165377494120936 -0.373516543385478 -0.013023942511757616 0.9998724244062508 0.009247262431803913 -1.2805412073232512 -0.0031959582011179665 -0.009289625480812233 0.9999517431898802 85.774837476705
0.9999132690993632 0.013008740606797225 0.0020559468624150863 -0.3804361863687604 -0.013028562724081552 0.999865706967641 0.009941056893272052 -1.303612614092513 -0.00192635028812901 -0.009966980933951809 0.9999484729056127 87.16829471678629
0.9999319448404496 0.011612509301506908 0.0011203969340594293 -0.38990120792173033 -0.011624563209700338 0.9998671130203233 0.011429166808592454 -1.3268409316605068 -0.0009875268169485753 -0.01144141335339916 0.999934057252747 88.55614434790128
0.9999609014861208 0.008836778615110919 -0.0003268376079530505 -0.3881980590768773 -0.008832230299476376 0.9998892340434743 0.01197962297863805 -1.3347828461150106 0.0004326627273150774 -0.011976268131326693 0.999928188326413 89.93367001378967
0.9999765100168314 0.006760862195373979 -0.0011270053842725046 -0.3943377960664416 -0.006747254117394923 0.9999091334316061 0.011670452068277475 -1.345057188269187 0.001205805406252314 -0.01166257397385925 0.9999312628415389 91.32019070201162
0.9999855648129934 0.0051255682501160915 -0.00161204932329822 -0.4065397523728148 -0.0051072203896763806 0.9999243786725679 0.01118719098372032 -1.3571035048676248 0.0016692682786831625 -0.011178796628966437 0.999936121987868 92.68142634143497
0.9999892343515892 0.004290883243667345 -0.0017662080194981603 -0.4144135181213978 -0.004271029341581084 0.9999293221104136 0.011095453857621682 -1.3716826232432566 0.0018136926466470527 -0.011087791104889552 0.9999368837153704 94.02573167991395
0.9999838456636203 0.0053421914763626885 -0.001941491229193235 -0.4336205269758727 -0.005320698713781108 0.9999263075156232 0.010911906797263227 -1.3953042084565002 0.0019996418288271392 -0.010901400653344816 0.9999385785655046 95.37841471879086
0.9999852995490356 0.005035946796915245 -0.002009953339622757 -0.46434996733971623 -0.005014861422533195 0.9999337449916699 0.010361312563707132 -1.406588016427641 0.0020619993712731265 -0.01035108081982598 0.9999443000945181 96.74000059683482
0.9999773226395211 0.006475182532259686 -0.001851000132842642 -0.4707524006978653 -0.006456797642445207 0.9999314086111531 0.00977178832303194 -1.4259417602711255 0.0019141474524771147 -0.0097596153902464 0.9999505417536567 98.08771014005065
0.9999697137134592 0.007573694097977558 -0.0017918689898596617 -0.475649651534361 -0.007555687198904341 0.9999229273964032 0.009851440026574782 -1.4338250412600775 0.001866342844237941 -0.009837603062664962 0.9999498679117806 99.42712457348553
0.9999729967669629 0.007172987069941262 -0.0015981163051277379 -0.48941608230924427 -0.007154200156487094 0.999908660116082 0.011466859015225426 -1.4499150673952057 0.0016802221156190038 -0.011455116361675606 0.9999329763387939 100.78544721519397
0.9999584738802777 0.008911882204343519 -0.0019049534720369772 -0.4952973709585454 -0.008886644820498914 0.9998776866113022 0.012870096156012109 -1.4630985137297399 0.002019417432106045 -0.012852633327742098 0.9999153623073546 102.10645695085861
0.9999658990676622 0.008142035712994105 -0.001381280720636953 -0.5076971905371637 -0.00812541154073555 0.9998992132144637 0.011642212569003982 -1.4791867531491827 0.0014759329499255624 -0.011630592321063813 0.9999312731137563 103.45426689338896
0.9999648255052915 0.00824511376685313 -0.0015381257317374241 -0.5258978277596196 -0.008230749584681755 0.9999245129400323 0.009122674920779467 -1.4848613142005433 0.0016132272589098322 -0.009109694294747173 0.9999572045708994 104.78322648934827
0.9999697391643649 0.007636986519572079 -0.0014822866759977738 -0.5303961961997654 -0.007625266073266981 0.9999408314226989 0.007758156020967655 -1.4958643684404827 0.001541448040205674 -0.0077466185821682305 0.9999688064351264 106.0999791314951
0.9999849349685846 0.005237104238094065 -0.0016439470885603372 -0.5379047109924661 -0.0052214296816911025 0.9999421995983248 0.00939862445900934 -1.5155462171619143 0.0016930737940881956 -0.009389899304772747 0.999954480613013 107.46512675635199
0.9999962243521913 0.0026811205605376054 -0.0006023853582898704 -0.561130170211565 -0.002674015739504266 0.9999302834292076 0.01150121391923246 -1.5310527671328034 0.0006331795657964292 -0.011499559935990113 0.9999336774057024 108.78965349012759
0.999999633737671 0.0008106523614554587 0.00027452927844452473 -0.5760414379203362 -0.000813979798992494 0.9999234628034063 0.012345281236653701 -1.5468823861359347 -0.00026450054777516657 -0.012345500420059644 0.9999237564250115 110.14185912999879
0.9999997509421347 -0.00019376261562413337 0.0006786553104017657 -0.5778978260746476 0.0001859878489565616 0.9999345717519252 0.01143755303345091 -1.56585145112192 -0.0006808271256314997 -0.011437424187921874 0.9999343587483519 111.45947415743028
0.9999987559122511 0.0010558298876731514 0.001171920255868711 -0.59164343922678 -0.0010658999578744693 0.9999622304009996 0.008625637825727827 -1.5778348500085815 -0.0011627688780371536 -0.008626876414323416 0.99996211176865 112.78750366124935
0.9999855061579934 0.004840020053321951 0.002358320073585266 -0.6012144923149774 -0.00485508984875801 0.9999675625688011 0.0064266570213569385 -1.5892038819613854 -0.002327138618638652 -0.006438013858958085 0.9999765679264481 114.13569591260769
0.9999626586911011 0.007596614421842387 0.004119789013691388 -0.6174702555862195 -0.007622700018329675 0.9999507634355439 0.006353358446193814 -1.603175542496063 -0.004071322494406793 -0.00638452524760466 0.9999713306726848 115.43716500437313
0.999947525440183 0.00894226182875765 0.004998230210984932 -0.6111865479446651 -0.008984137090611254 0.9999241983369324 0.00841919700332302 -1.6185180256531895 -0.0049225650825431965 -0.008463660164750121 0.9999520662544888 116.79680487682299
0.9999427109521968 0.008718893393090095 0.006209323529824523 -0.6108234875171743 -0.008784647603034665 0.9999047827454018 0.010642153205269577 -1.623715117459889 -0.006115945004565476 -0.010696090458024186 0.9999240915504561 118.11079144447027
0.9999428094590336 0.007990063890503439 0.0071089155056972015 -0.6039014131654017 -0.00807221613659389 0.999900094024764 0.011603504164947834 -1.6395512691310712 -0.0070154931268783275 -0.011660225486953798 0.9999074067109013 119.46660238675244
0.9999352735035277 0.007736235605901601 0.008342628631914423 -0.6120539753723208 -0.007829259592608799 0.9999068958213594 0.011175974039519017 -1.6479568874638366 -0.008255392619086378 -0.011240567483870879 0.9999027443368292 120.81100470797625
0.9999091163221105 0.009746592891238295 0.009314666276847157 -0.6105716227560057 -0.00984563262375337 0.9998948516456997 0.010646557618914764 -1.6655753666586195 -0.00920991996245927 -0.010737299014372113 0.9998999388842815 122.14601745080988
0.9998806470615367 0.011577085617577476 0.010230478956714955 -0.6150686370668345 -0.011691797978765565 0.9998686422513311 0.011224977781113263 -1.6831267295163503 -0.010099183420222093 -0.011343250964436368 0.9998846619229845 123.50314036157157
0.9998538907064055 0.01266987239982062 0.011474822353201386 -0.6249216098839001 -0.012781210402197261 0.9998714421030995 0.009681939648740994 -1.697465891312416 -0.011350679186304306 -0.009827187340357134 0.9998872878817621 124.8287797338387
0.9998260932895109 0.01363260170810929 0.012725380923580693 -0.6166651253057405 -0.013752586084335345 0.9998613443792417 0.009389271726782965 -1.7056442417058004 -0.012595617333749481 -0.009562645954695161 0.9998749452923338 126.1693068645308
0.9998301704009667 0.01276136429947833 0.01329578547002754 -0.5944302234951286 -0.012883587749299243 0.9998751572822498 0.009147843743611026 -1.726773793729832 -0.013177387728320571 -0.00931758777046784 0.9998697610229375 127.51037912362833
0.9998058175227228 0.013382122536349671 0.014465338405957907 -0.5997548003059133 -0.013525744995312249 0.9998597411335575 0.009876857448613335 -1.7507933635684398 -0.014331137401122445 -0.010070594211586325 0.9998465890483177 128.8642796333303
0.9998184043586775 0.011830955540499444 0.014939436814397451 -0.5785992502191735 -0.011997244656163166 0.9998665223125373 0.011090703495081405 -1.7614890067335816 -0.014806230355836086 -0.011267921769248188 0.9998268897570537 130.21802497134314
0.9998305563552752 0.010276701286429612 0.015272457858948074 -0.5708064886643971 -0.01045684316502521 0.9998761414038021 0.011762495571243271 -1.7737919657301997 -0.015149687851677453 -0.011920204418176459 0.9998141805780436 131.5434170897142
0.9998475822920851 0.008334881712894674 0.01534085776677535 -0.5666469784181376 -0.00852239781561338 0.9998892733378585 0.012198762773184163 -1.7851193419124436 -0.015237485158306398 -0.0123276445953935 0.9998079056625969 132.90990111317063
0.9998609914182953 0.0068168313550577946 0.015216065191507812 -0.5440005833444066 -0.0070161639661559935 0.9998897668071248 0.013085399761485792 -1.7928441476327015 -0.015125188180658933 -0.01319033943980853 0.9997986015338419 134.25197405917586
0.9998856754801417 0.0053733545842105344 0.014133754782976033 -0.5234051555102197 -0.005555244318295058 0.9999018554005787 0.012861525297460798 -1.8115069503029455 -0.014063259273714428 -0.012938571618389318 0.9998173923787335 135.58346299048586
0.9999092544029825 0.003293062421159133 0.013062874824273507 -0.5197708977885807 -0.0034678695910260494 0.9999044438858726 0.013381964683783144 -1.8218513085751633 -0.013017560031155947 -0.013426050932328239 0.9998251268530266 136.91831621565422
0.9999213862046149 0.0023959863510643973 0.012307748039947379 -0.5067941964995093 -0.0025717990934771753 0.9998946024850006 0.014288798738475647 -1.8326468316276256 -0.012272216092836252 -0.014319328771098656 0.9998221589539533 138.2583701081689
0.9999359037112231 0.0009899372087889165 0.011278674495930952 -0.5036108889349225 -0.0011530674986243291 0.9998946929151625 0.014466288787883991 -1.8444135884124848 -0.011263166994258552 -0.014478366902400444 0.9998317448252971 139.61010203031836
0.9999492769579865 3.694075611210962e-05 0.010071849550551458 -0.5079882610812617 -0.0001827372820229524 0.9998952134151474 0.014475109352718453 -1.8553469653565628 -0.010070260273679917 -0.01447621591070126 0.9998445024252163 140.9437254583336
0.9999622538345719 -0.000351897689585632 0.008681421634022555 -0.5055811105861203 0.00022665554161564912 0.9998959541628691 0.014423226739586072 -1.8632051295405454 -0.00868559459073902 -0.014420714902648 0.9998582916729861 142.31748255845085
0.9999723034981244 -0.0005728659969824138 0.007420516749195457 -0.5048956944850053 0.00047376772503872865 0.9999107789759243 0.013349517813025296 -1.8736188561278984 -0.007427502784782762 -0.013345632733293996 0.9998833563410143 143.6622989943089
0.9999752725140675 -0.0017085045778227892 0.006821684662150468 -0.499027973507042 0.0016276392573422935 0.9999285542305408 0.01184217961597223 -1.8860852469108873 -0.006841430268197123 -0.011830783773188502 0.999906609331543 145.00747380595675
0.9999562093103606 -0.007555919025970248 0.005521554473917397 -0.49704340555547344 0.00749564348311413 0.9999129683108451 0.010856846703649734 -1.8973125804952697 -0.005603107842498772 -0.010814983873851812 0.9999258179005357 146.32972256696516
0.9998561188757595 -0.016353680029744223 0.004505409044904766 -0.49182215056293366 0.0162909772460327 0.9997745336638295 0.013619320217076259 -1.8940973223326933 -0.00472711961921356 -0.013543963388324766 0.999897102403959 147.68249327844276
0.999728489157617 -0.023076143956239997 0.0032310298441103388 -0.46577990025025207 0.023024735744721726 0.99962033261886 0.015134468927386272 -1.9106685474805758 -0.0035790485996758242 -0.015055966422819894 0.9998802469737126 149.01887934107978
0.999643293315005 -0.02666856986964788 0.001439969018694958 -0.4727700707568659 0.026648991388441075 0.9995699760190153 0.012234962112141708 -1.922086951558648 -0.001765638876699469 -0.01219222431586026 0.9999241132144432 150.37008132661842
0.99966495348332 -0.025792254441996808 0.0021772436213901743 -0.46748073895350584 0.025772195769631932 0.9996292203188772 0.008787252621487615 -1.9337947244057345 -0.002403079593165089 -0.008728196284606277 0.9999590210591338 151.72433043875387
0.9997303110113717 -0.023039655482676204 0.002911962772014767 -0.4812291567451433 0.02301955369171546 0.9997121713026582 0.006758305443455494 -1.9334298173593698 -0.00306683390661528 -0.006689450831245998 0.9999729225210134 153.0606015357541
0.9997473600800315 -0.022119858653132072 0.003990974221238619 -0.4849834575265949 0.022090825779163353 0.9997301991686106 0.007178041558880181 -1.963383506712718 -0.00414867506093315 -0.007088064302232473 0.9999662733496005 154.39658357923884
0.9996675523189473 -0.02542996098283154 0.004254636238630531 -0.4754358913043485 0.02538389458209758 0.9996220814752718 0.010552351403162295 -1.9735046457165624 -0.004521374588916239 -0.01044084424329954 0.9999352708758706 155.7411031684754
0.999515750091534 -0.030701063063009026 0.005070506901050788 -0.47126938130309404 0.030629623417479858 0.9994381026958824 0.01361267993735822 -1.991945426348829 -0.005485581992377306 -0.013450780518601227 0.9998944868800168 157.0929466390125
0.9993578026261465 -0.03545485404319186 0.005189955386853915 -0.463452021960006 0.03537559535235488 0.9992668386940914 0.01464077723121788 -1.9911254655385826 -0.0057052373997893814 -0.014447777453880938 0.9998793487180353 158.428439525283
0.999318609879577 -0.0366056392458347 0.00472684903803493 -0.44529839967029927 0.03653165560041258 0.999221559316629 0.014890048940773823 -2.006895168269856 -0.00526822965666233 -0.01470722364500569 0.9998779642183059 159.78498039511646
0.9993884522526518 -0.03454453902368709 0.005421836625109321 -0.4352896235824799 0.034456834851840014 0.9992857891406964 0.015512516505225704 -2.023500614287129 -0.005953837510275981 -0.01531621080213931 0.9998649736369354 161.12863156320478
0.9994876522040647 -0.03127205963276746 0.0068184581810418615 -0.44020927149873146 0.03116701685721728 0.9994015800631658 0.015003294104071115 -2.027512183376609 -0.007283562388734627 -0.014783096459867525 0.9998641956673159 162.4859038054072
0.9995935806665885 -0.027604579419066744 0.0071176321494726465 -0.44711187135712316 0.02751315867198891 0.99954155450107 0.012637520541861595 -2.023712373054768 -0.007463223161001628 -0.012436556084425737 0.9998948106529334 163.82894895326922
0.999629397128058 -0.025839767942640614 0.00856590892896176 -0.44071221834742147 0.025735657979634854 0.9995961621001072 0.012049424057900262 -2.035332377986623 -0.008873804750134998 -0.011824509410330853 0.9998907123099562 165.19362541673536
0.9996756461993122 -0.023958535630444436 0.008636606692555546 -0.43393998747324825 0.02384103995879315 0.999625145615566 0.01346005423052374 -2.0454321264606 -0.008955853155838646 -0.013249782961045072 0.9998721097939773 166.54448881829018
0.9997440186917045 -0.02119509698453901 0.007916120653368754 -0.41031503272652853 0.021088602212113505 0.9996891074281984 0.013302606353756023 -2.059813915476578 -0.008195610302454944 -0.01313226145160421 0.9998801806611944 167.8691279635988
0.9997702537097847 -0.019976922271314194 0.007769323464628752 -0.4356541425231638 0.019889683497480184 0.9997400222182352 0.011148473218724989 -2.0646170209488877 -0.00799001646091054 -0.01099138270851123 0.999907670307611 169.25495792737152
0.9998220757664587 -0.017052376981956472 0.00806432049768132 -0.4242682791449323 0.016983679461919726 0.999819534407868 0.008511946726055134 -2.080333959895432 -0.008208014775329054 -0.008373470555357813 0.9999312543769364 170.6165812023167
0.9998794462430934 -0.013097893581838127 0.008338955655647304 -0.4357484255270049 0.013040761745060938 0.9998913703853377 0.006869203019068746 -2.0656909197554696 -0.008428022594049999 -0.006759628693276795 0.9999416362217859 171.9748277745631
0.9999426998630819 -0.007532521989984916 0.007606452415398154 -0.41912177098677994 0.007469414607609873 0.9999377297623724 0.008291226216417195 -2.1033070679328243 -0.007668433244441694 -0.008233935531516573 0.999936696712753 173.34463584684738
0.9999522026045216 -0.003456937856981066 0.009145605437003025 -0.4498381129198723 0.0033636391068645587 0.9999423488720899 0.010197296504993552 -2.1193906995077176 -0.009180330370208111 -0.010166046774925108 0.9999061821108961 174.71744738541392
0.9999489302646486 -0.003380330777057145 0.009524192254712134 -0.4389641827132655 0.003256964474949506 0.9999109853969285 0.01293883516227837 -2.128665682264445 -0.009567082803069093 -0.012907154667583815 0.9998709298119132 176.09513156249892
0.999948926795068 -0.004539521980603254 0.009029759386180239 -0.42916967183554566 0.004408597135216179 0.9998856323951372 0.014466733880852845 -2.13638756054876 -0.00909439948725128 -0.014426186720483476 0.999854577943 177.47764121338147
0.9999389217381727 -0.00787499409619521 0.007754822801484178 -0.44342303450417037 0.0077655170080932045 0.9998711712134494 0.014047694027587324 -2.1341269391003235 -0.007864449917359942 -0.013986616073735726 0.9998712542107885 178.8831752997153
0.9999459358916637 -0.009229620577371497 0.004789510689403639 -0.4175716489871012 0.009180922343107883 0.9999069258911885 0.010092086357901422 -2.1346243180515043 -0.004882211441678169 -0.010047568799546927 0.9999376032385537 180.222990660362
0.9999649197409511 -0.007586969754537843 0.0035492520913637023 -0.442821846283918 0.007565903239094129 0.9999539024401254 0.005911860360156975 -2.15177780592148 -0.0035939418836569564 -0.005884799779925081 0.9999762260725595 181.6329018703354
0.9999906182097161 -0.0031335962715848386 0.0029906646827565025 -0.4535071686844131 0.003117597211283204 0.9999808850460866 0.005339487276077895 -2.1649444023363746 -0.003007339563362932 -0.005330113594461384 0.9999812727222617 183.03400992429542
0.9999949078891279 0.0013687093304657156 0.00288285135687659 -0.46258580090260093 -0.0013870434357412644 0.9999787664875858 0.006367313812172455 -2.171750730073486 -0.0028740753797980674 -0.006371280153439731 0.9999755729405824 184.37655455747668
0.9999894413863428 0.0026822089684237294 0.0037313363000346616 -0.4763829582491499 -0.0027181557089680187 0.9999496253143152 0.009662218431561133 -2.182914278913097 -0.003705232551676998 -0.00967225895467035 0.9999463578897775 185.8193682723757
0.9999835454036411 0.0038313964988266743 0.004269580850701353 -0.482178687295874 -0.0038830780524745064 0.9999184916817954 0.012162717636570465 -2.2039793553140092 -0.004222632997826692 -0.012179096859198166 0.9999169160334204 187.18486403129495
0.9999886396715869 0.0016295288018771757 0.0044794158091152145 -0.48347934429013484 -0.0016870533034982118 0.99991577676785 0.012868302910347428 -2.19574067529124 -0.004458069634455282 -0.012875713986833397 0.9999071664930854 188.62342619648618
0.9999907324632247 0.0011511502195326222 0.004148474873157934 -0.46581631186235645 -0.0012066406357020467 0.9999095080326291 0.013398498460898646 -2.2174110122357495 -0.004132676123547388 -0.01340338026987289 0.9999016303545945 190.03500359938513
0.9999845277769152 -0.0025657720818268535 0.004935689379815102 -0.5052055502494057 0.002493385846967266 0.9998900632221841 0.014616582595481709 -2.2249549709577683 -0.004972649993839204 -0.01460405014823913 0.9998809901542488 191.4168135411033
0.9999790637479331 -0.004006861959671785 0.005081056398518359 -0.4794320293819844 0.003933506696846521 0.9998890696202317 0.014365791580449141 -2.2314770496293366 -0.005138054921147096 -0.0143455047207401 0.9998838967030985 192.8673070637066
0.9999631190477752 -0.0068947364931000645 0.005120856052037563 -0.465851023991653 0.006813091603514187 0.9998520614559538 0.015793573696836358 -2.2486602460032956 -0.005228991437658673 -0.01575810265448151 0.9998621604253605 194.24436904860283
0.9999193069072475 -0.011434468752684323 0.005534673838956655 -0.4664405243723888 0.01133869216801972 0.9997905556700198 0.017037571279554697 -2.2483947218351306 -0.005728330678893472 -0.016973440823452368 0.9998395313929438 195.68032816517177
0.9998741347399611 -0.015015634828987847 0.0051230268550251515 -0.46070823903213043 0.014924987761284137 0.9997390130799223 0.017295966252902254 -2.26232436904375 -0.005381400165073865 -0.017217328501978556 0.9998372888294096 197.08301776970782
0.9998916984267983 -0.013364632769598308 0.006162631298223218 -0.46963305696382474 0.013277031844873576 0.9998132356266877 0.014043300018281388 -2.2670980401349596 -0.006349164410174232 -0.013959957914553085 0.9998823969275511 198.5196207539093
0.9999616564779116 -0.005886974123545432 0.006482987223089617 -0.4718025419079774 0.005832461247736146 0.9999477458591727 0.008395709452864756 -2.2905711197802607 -0.006532074329291576 -0.008357575914947395 0.9999437398803014 199.94851353877527
0.9999641839393629 0.003828010282058804 0.007548322682790924 -0.4758262924262464 -0.003886117831507112 0.9999628152120773 0.007698460000909447 -2.3091506627811715 -0.007518572845344297 -0.007727518092892338 0.9999418765717759 201.38039872957864
0.9998912481904352 0.012131581629006002 0.00838549324466043 -0.49456361829227297 -0.012229570532737566 0.9998563576173034 0.011734639402945942 -2.3207710667865005 -0.008241929684326967 -0.011835914456628866 0.9998959854511752 202.81543194829288
0.9998673034734742 0.013075400459922469 0.009716445956243025 -0.4910343406496571 -0.013212509014412479 0.9998121143644142 0.014183286020780592 -2.321640328725116 -0.009529169025610164 -0.014309782862075177 0.9998522016032936 204.2649052243897
0.9999078429565869 0.010209994686072053 0.00894771400791213 -0.4839842115010116 -0.010336028411202491 0.9998463991109369 0.014154318041975046 -2.3152479034577356 -0.008801824852059324 -0.014245497729502466 0.99985978700641 205.70524850548506
0.9999340793203194 0.008328258434381628 0.007904246582762403 -0.47595979391492776 -0.008448294881587942 0.9998476180591618 0.015276353836106222 -2.343323243458105 -0.007775817340912787 -0.015342124516862593 0.9998520669977694 207.14390060862743
0.9999595710977978 0.005864289663923069 0.006816617297385626 -0.4730121669473191 -0.005963417460610328 0.9998754291464824 0.014613823832921194 -2.34328371364347 -0.006730069006788583 -0.01465388363451541 0.9998699764795245 208.58142352433435
0.9999612927167182 0.00612847501918106 0.006313070262131475 -0.467877263397525 -0.006217271673529805 0.9998806505466299 0.014143203386089605 -2.3429437554281067 -0.006225641047061955 -0.014181906293169195 0.9998800502694936 210.04799779888214
0.9999525451659997 0.007825469646588446 0.005802536529737474 -0.4665156369563159 -0.007906309954350186 0.9998701440050195 0.01404227194048129 -2.356763597187761 -0.005691896132876851 -0.014087482498142257 0.9998845659149782 211.522980637081
0.9999459979487573 0.008364464409994282 0.006167407029963431 -0.47366084057608326 -0.008456085402725619 0.9998520022222289 0.014982265636863218 -2.357234048674773 -0.006041176138652288 -0.01503360898214103 0.9998687387812494 212.9802598530265
0.9999500339376265 0.008078394065103536 0.005888052833662739 -0.4765337068503741 -0.008167261719162535 0.9998506856100302 0.015228339763662302 -2.3710128558586585 -0.005764153608379681 -0.015275668434569584 0.9998667053600485 214.42965997021096
0.999959484997653 0.007349233768004502 0.00519779919404406 -0.4738566459870116 -0.00741915122211732 0.9998805016556666 0.013562397058949374 -2.3812439290440177 -0.005097505259469063 -0.013600411106181912 0.9998945165654394 215.8758558938337
0.9999581231000255 0.007718564942660287 0.0049168883003710365 -0.48251018991815253 -0.00778478004886103 0.999877305222109 0.013593075896184375 -2.3838172211037794 -0.004811366380858621 -0.013630783824900863 0.9998955207849739 217.353034966371
0.9999633134009981 0.007224625564697601 0.00460180699937313 -0.47438656858890127 -0.0072868434232568405 0.9998802815926845 0.01365006976865339 -2.3960050794674568 -0.0045026398052759355 -0.013683101912642923 0.9998962440959012 218.84535490891267
0.9999590552389608 0.00787159167517745 0.004463841218576829 -0.47718296999385057 -0.007932241227066013 0.9998741954105596 0.013735825874194642 -2.4073284680448173 -0.004355157191686092 -0.013770672003330315 0.9998956951596737 220.32329892259582
0.9999590743583534 0.007963783510253963 0.004292755353790808 -0.4805547980160495 -0.008020060535479104 0.9998799732311442 0.013255858029405 -2.416026266670763 -0.004186673668225011 -0.013289743947338544 0.999902922522815 221.79992270476535
0.9999533319565681 0.008851266101906745 0.0038715607351565034 -0.48116575496567177 -0.008902982814919008 0.9998685425433012 0.013551182358793977 -2.418549754016273 -0.0037511069751610974 -0.013585018661800967 0.9999006833007242 223.2904155342587
