1.0 -3.469446951953614e-18 0.0 -1.5585406229479126e-19 0.0 0.9999999999999999 -3.5744790374131474e-19 0.0 2.168404344971009e-19 -2.405573570202213e-19 1.0 0.0
0.9999999540965577 -0.00021077596705338687 -0.0002176703398891625 -0.009664664242766196 0.00021089738734177653 0.9999998221457299 0.0005578802547117234 -0.020972298625010294 0.0002175527322784822 -0.0005579261462212569 0.9999998206948055 1.3128337404748365
0.9999996127235846 -0.0008717362480900846 -0.00012095361750922564 -0.025992974564690935 0.0008718702363937191 0.9999990019891971 0.0011116930139494603 -0.04090255422815775 0.00011998440480227857 -0.0011117980606194333 0.9999993747543918 2.613648239970257
0.9999985418365563 -0.0014858861755696652 -0.0008417053881337929 -0.022145023863387788 0.0014867935614690242 0.9999983133339435 0.0010783189372227263 -0.07352291853374898 0.0008401017812308735 -0.0010795688278331652 0.999999064380392 3.9402302798834716
0.9999974453781519 -0.0022554242866628885 -0.00014933709437957104 -0.035583400548017806 0.0022555845584039218 0.9999968719967788 0.001080893820471232 -0.08773431981514045 0.00014689876652648672 -0.0010812279213438644 0.9999994046834882 5.251939893866977
0.9999966082251158 -0.0025393062909855567 -0.000579193080206898 -0.03846250440595931 0.0025401794186026908 0.9999956314457541 0.0015114807208222848 -0.10777658524864386 0.000575352487493648 -0.0015129468769055595 0.9999986899803534 6.579060356560447
0.9999938052130541 -0.003499583797991382 -0.0003774295551050753 -0.04416417570809455 0.0035005805965270843 0.9999903007482386 0.0026728897365639413 -0.14212883891065062 0.00036807192622445215 -0.0026741944514866046 0.9999963565974485 7.913088456774845
0.9999933350106355 -0.003649239376668745 -0.00011397885459909466 -0.06453937824535577 0.0036495944430120046 0.9999879421099007 0.003285740326371748 -0.16204075814567126 0.00010198703881437489 -0.0032861344655997792 0.9999945954452615 9.232072331910413
0.9999947264599249 -0.003164845356623539 -0.0007285667776661807 -0.06724429947101147 0.0031667339149155527 0.9999915916109654 0.0026054747557654437 -0.18384363392437408 0.0007203147901202701 -0.002607768242375571 0.9999963403398202 10.566096644990742
0.9999996159946404 -0.000648099989547065 -0.0005898958128322345 -0.08536432722478607 0.0006481418321689636 0.9999997874582432 7.067245692105023e-05 -0.20442238179846878 0.000589849934584959 -7.105476731963073e-05 0.9999998235145929 11.884717190979515
0.9999976580389832 0.00202660891189841 -0.0007594524943556728 -0.08440089526409647 -0.0020271907795557974 0.9999976518634875 -0.0007660082990000702 -0.23208782352538004 0.000757898375100528 0.0007675460730921473 0.9999994182319282 13.227482514855986
0.9999862858385302 0.005197601509715687 -0.0006426991360583714 -0.10642509750527696 -0.005197966473621067 0.9999863297544127 -0.000566973652761177 -0.2546209954919699 0.0006397435003482892 0.0005703066124945024 0.9999996327397147 14.568919884373644
0.9999838498840845 0.0056832599744891625 -2.2708808273741313e-05 -0.12352761228795131 -0.005683254240363599 0.9999838163060787 0.0002603045782871338 -0.27823762888979 2.4187821236552453e-05 -0.0002601713239069271 0.9999999658629521 15.912471091368337
0.9999918137604682 0.004046255065110386 -1.4977578335507091e-05 -0.11796222895588682 -0.004046199123783096 0.9999880629199602 0.0027390321917084496 -0.30651412850367377 2.6060226587383464e-05 -0.0027389492241737664 0.999996248732249 17.263192607508508
0.9999997397753064 -0.0006420342497592095 0.0003290028179908698 -0.12761473249868416 0.0006403331469858019 0.999986559909878 0.005144897554063763 -0.3310933406018698 -0.0003323016204669414 -0.005144685644462397 0.9999867108046822 18.615953649849068
0.9999968051172812 -0.0025264211051914 -8.339783737756272e-05 -0.13010306500885327 0.0025266892757961016 0.9999910711246446 0.003387256695349552 -0.3607059207243238 7.483946517462727e-05 -0.0033874566587753334 0.9999942597521442 19.96320228019667
0.9999941223151031 -0.0034283864535961783 3.881299912417992e-05 -0.13582218020927328 0.0034283432499523456 0.9999935523451545 0.0010685156524850132 -0.3738618363077345 -4.247603594434543e-05 -0.0010683763262014534 0.9999994283837937 21.31594455831958
0.9999992410258803 -0.001184634227845446 0.00033851403976889916 -0.1439029153262504 0.0011845415075211335 0.9999992608365829 0.0002742003454461141 -0.42023214472853715 -0.00033883864499747096 -0.000273799157617985 0.999999905110957 22.674388215728932
0.9999989891220195 0.0009174878397574847 0.0010862647093464876 -0.15569220276549256 -0.000919032909545362 0.9999985656913801 0.0014226717857676015 -0.414556771074057 -0.0010849579578359092 -0.0014236686885158942 0.9999983980148983 24.034023470709773
0.9999969000503538 0.0013390471892303591 0.00209924816405499 -0.17312997834846833 -0.0013515750625536557 0.9999812197929011 0.00597773428195407 -0.43558795700549885 -0.002091204443412651 -0.005980553159945239 0.9999799297218604 25.419272383777884
0.9999974835321896 -0.000722744268054458 0.0021238112027232962 -0.15792124699397386 0.0007078028029198491 0.9999750557028592 0.007027587368437733 -0.45114514010727824 -0.0021288375483916556 -0.007026066580413435 0.9999730508559324 26.789644650264094
0.9999868237669635 -0.0046117697604764925 0.0022547463909996495 -0.17638771997835007 0.004597577576347463 0.9999698389444039 0.00625967045823958 -0.48823761734011545 -0.0022835467319872863 -0.006249221725696527 0.999977866075385 28.160072910972627
0.9999855754599051 -0.004983809528243269 0.002002629256449963 -0.17793577825913914 0.004976187978306736 0.9999804249238035 0.0037930614485752957 -0.4900983797689228 -0.0020214941180322086 -0.00378304134487974 0.9999908010365616 29.532312965720536
0.9999853133029627 -0.004702819868947633 0.00269382133587507 -0.18748670141443016 0.00469760298603698 0.9999870847872441 0.0019397882247735316 -0.5384897273609545 -0.0027029092457294237 -0.0019271052647232784 0.9999944902566772 30.921143407636865
0.9999924151575408 -0.0022875237749529053 0.0031522800857628173 -0.19610584245754067 0.0022846382881401162 0.9999969681943284 0.0009187091627825073 -0.5366937686097839 -0.003154372363386353 -0.0009115003883863039 0.999994609534562 32.289264720084034
0.999993484779835 -0.0005977655716063682 0.0035599269000135816 -0.20165256079579447 0.0006009814961637633 0.9999994122866281 -0.0009023562431458392 -0.5770782632532618 -0.0035593857117937246 0.0009044898354725245 0.9999932563107674 33.67708081608827
0.9999930287829331 2.3740280809885286e-05 0.003733875524933767 -0.21364169570580524 -2.1679386861281e-05 0.9999998474212912 -0.0005519850561472254 -0.5946829372497618 -0.0037338883754983107 0.0005519002739060782 0.9999928767141708 35.07275370673255
0.9999942922428523 -4.244359228469663e-05 0.0033784145002841584 -0.20854397209094117 3.885448269430776e-05 0.9999994348719569 0.0010624245229054973 -0.6318640609389667 -0.0033784579688008395 -0.0010622872104517687 0.9999937287621293 36.459205238903316
0.9999944472226252 0.0008445477568871946 0.003223703714568308 -0.22312951087490238 -0.0008524802384516058 0.9999966106460931 0.0024600761672989436 -0.642585022800549 -0.003221615406794518 -0.0024628106973206857 0.9999917778432097 37.863341279909726
0.9999904388988097 0.003182432944605692 0.0029990380981472563 -0.22629995306740638 -0.003191366213763921 0.9999904715787014 0.0029785799901786056 -0.666317519746117 -0.002989530641382684 -0.0029881225994327003 0.9999910668734084 39.251017948400936
0.9999772992217338 0.005840474693284862 0.003360043011173648 -0.23227094008645127 -0.005850836142585809 0.9999781339792679 0.0030820919653180854 -0.6928965872921178 -0.0033419689405626354 -0.003101681123407929 0.9999896053530895 40.645882981740144
0.9999622574361356 0.007984735440702063 0.0034245715486779975 -0.24802609798562675 -0.00799710048605727 0.9999614985860706 0.003612166342403705 -0.7150692514921024 -0.003395597789733775 -0.0036394167278646153 0.9999876122022908 42.07524004479273
0.9999534950175539 0.009147490472634906 0.0030547019179607065 -0.250605222430926 -0.009159358433418245 0.9999504709151206 0.0038938270607762355 -0.7358359620499269 -0.0030189321279547646 -0.003921625170033994 0.999987753375907 43.46128981145313
0.9999635409470014 0.008080777010703795 0.0027600372887114336 -0.2614768483590433 -0.008091175845175906 0.9999601316601516 0.0037772980060099453 -0.7582618444850528 -0.0027294039758089224 -0.003799492315198132 0.9999890570447834 44.895424628786834
0.999967276256398 0.007851130775727485 0.0019509351078314334 -0.26195470088273753 -0.007857625410682098 0.9999635381733701 0.003343660086861167 -0.7899052919593526 -0.0019246126209855564 -0.003358880457712642 0.9999925068651071 46.29137049905433
0.9999721917113672 0.00737916648046949 0.001078745582881812 -0.27009723395020374 -0.007383457308084602 0.9999646260038415 0.0040288104715875215 -0.8098104138950319 -0.001048978245997906 -0.004036663393579433 0.9999913024584927 47.72186155147238
0.9999686518835568 0.007915554487961277 0.00019806738176052045 -0.2821009854749468 -0.007916427864883205 0.9999567438983715 0.004882675268980936 -0.8328028186721422 -0.00015940974201588765 -0.004884090294644329 0.9999880600544261 49.11794267581463
0.9999617616286692 0.008709907404994822 -0.000782798278514114 -0.29298341450040766 -0.008705877984233437 0.9999495424214452 0.005012017309054431 -0.8588172408456851 0.0008264130604253564 -0.0050050108173667245 0.9999871333725605 50.53894528699826
0.9999572161711439 0.009032467863766006 -0.0019950759813894205 -0.3030088144217522 -0.009022192637731826 0.9999462890360018 0.005100892257398355 -0.8773213242517082 0.0020410426453590963 -0.005082674170622431 0.9999850001739452 51.992901671785354
0.99995286617182 0.009205149057668907 -0.003087173397886764 -0.3150903108811301 -0.0091854157806766 0.9999376724263835 0.006346606819195805 -0.8989181906238533 0.003145402713990275 -0.006317950842207892 0.9999750946629855 53.3958837895072
0.9999622166920331 0.00786287896589034 -0.003706790942008347 -0.3354697079424471 -0.007835706279921438 0.9999427341219679 0.0072890464664114125 -0.9191521434800191 0.003763891882973272 -0.007259725889232149 0.9999665641944889 54.84990833940779
0.9999705119641319 0.006417627813472198 -0.00421772857929732 -0.34377739547088904 -0.006384624510453376 0.9999492560766641 0.007792422748572225 -0.9373600857807175 0.004267523790687491 -0.007765264513502176 0.9999607436885191 56.25040301907845
0.9999821526301546 0.0036243698367211235 -0.004749562982270625 -0.35513347394544204 -0.003588518019869356 0.9999651695497274 0.007535398483285336 -0.9540856424923152 0.004776709033352958 -0.0075182202587361175 0.9999603289262938 57.67232306344955
0.9999845918172592 0.0029911343066753 -0.004676454765552922 -0.3766954151813993 -0.0029550326048008273 0.9999659276859288 0.007707869527443383 -0.9764214131451333 0.004699351104067231 -0.007693931844632233 0.9999593589358007 59.12947205606616
0.999988216206627 0.0023557408306204607 -0.004244752149734747 -0.3840660600657634 -0.002319469766230829 0.999960931293943 0.008529709682058443 -0.9987965239041138 0.004264680465282381 -0.00851976376864039 0.999954612038248 60.52387461387213
0.9999925824877801 0.000614195694888217 -0.0038023315216760096 -0.3986088660098177 -0.0005778743992633341 0.9999542677561707 0.009546122525234336 -1.0156727167209914 0.0038080211493825037 -0.009543854638384227 0.9999472055182548 61.984557910255525
0.9999939003354542 -0.00068904457153263 -0.003424106353592298 -0.4074700134983998 0.0007210408353893784 0.9999560094567296 0.009351964893532027 -1.0417148877337004 0.0034175121010852644 -0.009354376956813262 0.9999504068962867 63.38253604393239
0.999994510877014 -0.001667342422989205 -0.0028632468530679425 -0.42151357065248596 0.001691512435886779 0.9999627840959896 0.008459858366267739 -1.0607545408066017 0.002849035061743702 -0.008464655314600507 0.9999601155132464 64.79178244270827
0.9999958892363465 -0.0018272372389872265 -0.0022096862767423315 -0.43420263831226213 0.001845771653793878 0.9999628897602508 0.008414999942868604 -1.0803339369269147 0.002194228265872884 -0.008419044093408774 0.9999621518163583 66.24820718370347
0.9999986725698288 -0.0004949073727684838 -0.0015523928244919197 -0.4497765807772576 0.0005078564457487254 0.9999649919363488 0.008352064431122349 -1.097023316360834 0.0015482051176008895 -0.008352841902554477 0.9999639158980499 67.61483278587093
0.9999970115466253 0.002290776210236557 -0.0008539535911330209 -0.46650960583954904 -0.0022824734552444716 0.9999513114181962 0.00960026608282231 -1.1164849035194708 0.0008759041561423236 -0.009598288458116317 0.9999535517488378 69.07945793377012
0.9999826525266945 0.005890209272485227 8.281350444986138e-06 -0.48492263781654016 -0.005889943891398643 0.9999220579622409 0.011008477159509544 -1.1346127823257113 5.65615425682476e-05 -0.011008335188462236 0.9999394048446806 70.43412063463296
0.9999531943423831 0.009635212185133829 0.0008785159044493948 -0.5013158139787548 -0.009645029090296341 0.999882034967261 0.011953642988320728 -1.1527987566310536 -0.0007632364391506358 -0.011961557044171019 0.9999281667332501 71.88750514945184
0.9999037635615537 0.013801267501703254 0.0014101765752147428 -0.514663022693073 -0.013816783272745395 0.9998365732866898 0.01165861263943839 -1.1630456252883181 -0.0012490425799205394 -0.01167697499990188 0.9999310416973491 73.24949507949086
0.9998557787501073 0.016829170533627622 0.00228049917243212 -0.5340670810487861 -0.016853386053276666 0.9997968985299153 0.011051023036126149 -1.1743590329564557 -0.0020940566174701197 -0.011087863606446001 0.9999363350776764 74.6516198077648
0.9998264334207932 0.018380834675562695 0.0030410362954501374 -0.5450749850579715 -0.018413586858331776 0.9997686484151757 0.011117082026526405 -1.1886706950858283 -0.0028359917318146054 -0.011171149090548902 0.9999335790837051 76.07642493004346
0.999806227408342 0.01937906218428829 0.003458255739891186 -0.5532130285997143 -0.01941832602495499 0.9997429176790973 0.01170586247455409 -1.2102427640988815 -0.0032305183113106803 -0.011770747980896945 0.999925503846964 77.44801397383259
0.9998247654537539 0.018394856146651803 0.003473845869014785 -0.5566094879948071 -0.018434650568828627 0.9997605119029872 0.01179332630054779 -1.2323365444771983 -0.0032560776501754356 -0.011855299082198187 0.9999244220651013 78.8617752708127
0.9998386765165386 0.017646910306935132 0.0033477535080442514 -0.564591901175592 -0.017682467904847586 0.999784164668018 0.010906624261740057 -1.2422292868827833 -0.003154562983240572 -0.010964061538131962 0.9999349169254855 80.23497743480819
0.9998437366721424 0.01742611658586387 0.002971978126716776 -0.5658076149453068 -0.017457973136189613 0.9997865081974084 0.011052476843192667 -1.2666237374026672 -0.002778742110618081 -0.01110263469059675 0.9999345029028086 81.62168105460374
0.9998613291374084 0.016440983791053944 0.0026488689556656048 -0.574290780397556 -0.01647010044446571 0.9997996770401053 0.01137284581162645 -1.2735955994673933 -0.0024613577525229783 -0.011414896102628302 0.9999318186085429 83.03485957950916
0.9998615652040356 0.016491751259359165 0.0022073800392971325 -0.5822513339045093 -0.016515003097197344 0.9998034850939298 0.010965669480227406 -1.2917426136316867 -0.0020261033260833908 -0.011000606566000305 0.9999374388238353 84.39259952734182
0.9998607412173929 0.016624283239898514 0.001459909605649023 -0.5890489435342188 -0.016639750864685943 0.99979755574465 0.011312217239049127 -1.3013781755341218 -0.0012715566511828068 -0.01133493468068031 0.9999349490850379 85.7926395663914
0.9998693938786317 0.016154878500479378 0.0004637271862079021 -0.6008779684469481 -0.016159338160833238 0.999794885005879 0.012209166417495868 -1.3211309029403573 -0.00026639448236308815 -0.012215065602955908 0.999925357819512 87.13499548008213
0.999889607544376 0.014841955970094408 -0.0006993055114741546 -0.6052296737434557 -0.014831242980879948 0.9997999882474934 0.013417069899035912 -1.3356256843067746 0.0008983012886782951 -0.013405217462097224 0.9999097425299968 88.50562706249436
0.9999136170263713 0.013012902263195038 -0.0018500877438597982 -0.610783235409718 -0.012985377755526328 0.9998150865104191 0.014183538930842928 -1.352233525713438 0.00203431482608033 -0.014158289917016922 0.9998976969666389 89.90227596405859
0.9999338338424839 0.01120046605720904 -0.002622492368753393 -0.6200488686297596 -0.011161409265828726 0.9998331206372645 0.014462151978934187 -1.3662783074739469 0.0027840378174839838 -0.01443192465857656 0.9998919785132379 91.2639777385742
0.9999396990209739 0.010568906700582798 -0.002982700663180531 -0.6365753864985756 -0.010526100738444755 0.999846310602413 0.014019857214014043 -1.3788872274960131 0.003130417091747188 -0.013987615881578026 0.9998972682742057 92.61689993176007
0.9999508628442656 0.009332972660614142 -0.0033417796809133383 -0.6475991553610038 -0.009285717131575777 0.9998604427504972 0.013887782218724368 -1.3937059859009928 0.0034709279070255215 -0.013856069274843931 0.9998979758034223 93.96285734932844
0.9999548104406227 0.00887760641054318 -0.0034007580541483284 -0.6659581347874752 -0.00883060187528975 0.9998685732579227 0.013596201507963937 -1.3978686662349336 0.003521013137218627 -0.013565556638194417 0.9999017842526132 95.33754127422402
0.9999565918436261 0.008711345647149654 -0.0033055801942019243 -0.6743248323676421 -0.008667354313458588 0.9998766631824452 0.013097152591013524 -1.4105987910074496 0.003419266616641858 -0.01306793370002918 0.999908764706082 96.67563349856614
0.9999433184085729 0.010157891888149596 -0.003190168253016492 -0.6904899315737176 -0.010116842062292747 0.999869050176625 0.012630598704310011 -1.4279751706800694 0.0033180510471165726 -0.012597608612281088 0.9999151418022474 98.04586599392722
0.9999341103736177 0.01111267758281155 -0.0028780682884458134 -0.709689158830703 -0.011074763679816696 0.999855838963976 0.012870544659300358 -1.4352571826011307 0.0030206798612079067 -0.012837822961771024 0.999913029120643 99.39118352959804
0.9999260645052468 0.011858064199477417 -0.0026929172563186147 -0.7218564820926697 -0.011818545640421993 0.9998286809985251 0.014245373066216429 -1.4523366944303295 0.0028613787093406907 -0.014212493753545554 0.99989490324945 100.71793852088842
0.9999152291857996 0.012738488500551289 -0.002695425207638387 -0.7402002281285328 -0.01269502291953821 0.9997981640059105 0.015571373330508802 -1.4571956155304449 0.0028932371901764916 -0.015535835166042155 0.9998751257113665 102.0521461338749
0.9999246622699914 0.012011912356348933 -0.0025266009747092807 -0.7507519735383255 -0.011972580626037998 0.9998151289350478 0.015045440762811405 -1.4730229541801552 0.0027068586352308075 -0.015014057646902947 0.9998836187280022 103.40174248230224
0.9999236490729689 0.012137108981103609 -0.0023209000143879447 -0.7633408218919614 -0.012107165612767918 0.9998484737761507 0.012507839642467294 -1.484844513797604 0.0024723575682990603 -0.012478785393731612 0.9999190804121394 104.75341075802291
0.9999297090958947 0.011583476719633435 -0.0025298028636948438 -0.7796290008679403 -0.011553834714004304 0.9998678832665642 0.011433500713674744 -1.4939707722534292 0.0026619085571981853 -0.011403468354223205 0.9999314352300134 106.08342096011602
0.999947032757907 0.01001935692324529 -0.002354599460736567 -0.7931090987759724 -0.009988586901080936 0.9998690075801133 0.012735612670232202 -1.508693195177166 0.0024818938944201675 -0.012711419238852857 0.9999161264990702 107.4214492578891
0.9999774164750846 0.006492356797350782 -0.0017366136073269688 -0.7969026969222615 -0.006466365914696812 0.9998728632639425 0.01457543917535378 -1.5119049458002318 0.001831021937631094 -0.014563880725033035 0.9998922645696229 108.74507539386573
0.9999857049892124 0.005277483241209366 -0.0008590553509586991 -0.8057038138473814 -0.005263354280323812 0.9998629977172035 0.015693403102794587 -1.531139571879829 0.0009417594222008808 -0.015688657566794637 0.9998764819323706 110.07942261634543
0.9999888578278141 0.004716162222608529 -0.00020499921953773563 -0.8180537302341984 -0.004712632692128337 0.9998804743398895 0.014725085048501672 -1.5410606576912864 0.00027442064148072796 -0.014723955187083086 0.9998915590421068 111.41672017240204
0.9999797349910615 0.006351659435921841 0.0004312972399762168 -0.8329391040693729 -0.006356464517262892 0.9999048521920592 0.012242627571406758 -1.5471745821883764 -0.00035349522243482284 -0.012245121245975151 0.9999249632101754 112.73705296971463
0.9999590201379486 0.008928920121014768 0.0014941260409965143 -0.8340895228642944 -0.008944260522495195 0.9999038580240048 0.010595986427247179 -1.5665658180941127 -0.0013993717865959997 -0.010608916272546853 0.9999427446888022 114.08086754164114
0.999932597654569 0.011214149062204932 0.0030071558046216745 -0.8474440735718839 -0.011244684069164937 0.9998833464466 0.010336856473049915 -1.5723704727790713 -0.0028908861965047878 -0.010369974472274387 0.9999420515240844 115.38727810277216
0.9999113375522579 0.012548999133811793 0.004454169923088691 -0.8578469704475151 -0.012603037711154402 0.9998446953520906 0.012318629901265738 -1.5828270494661487 -0.004298892047907141 -0.012373674022892944 0.9999142021783257 116.7349338078232
0.9999094264421974 0.012335703078969237 0.005382315248313449 -0.8605439734546435 -0.01241335440105158 0.9998157678135738 0.014640324025495465 -1.588189713721407 -0.00520072539084718 -0.014705810880998977 0.9998783383903207 118.05059325557491
0.9999060728861598 0.01220960739870925 0.0062266258330231136 -0.8616236950901643 -0.012304211376435076 0.9998058835070842 0.015388362804999767 -1.600545695236205 -0.006037531772396806 -0.015463531450125113 0.9998622042089973 119.40512803136967
0.9998929894826857 0.012676271219895178 0.007302171386515569 -0.8629521933795288 -0.012784380878203003 0.9998064550796555 0.014953662136326687 -1.6082231027024325 -0.007111202000963438 -0.015045415977910322 0.9998615235440649 120.73376228770402
0.999864326820881 0.014023082250725492 0.008641821946627737 -0.8598896721109063 -0.014148618108220865 0.9997927120309066 0.014640683214473838 -1.6160984408850072 -0.008434723797736252 -0.014760966999729449 0.9998554741995829 122.05769016438093
0.9998319471079612 0.015532552816336162 0.009737418101163403 -0.8659760444662442 -0.01567213559135916 0.9997731113471082 0.014426019144184012 -1.6172832189222843 -0.009511136680153059 -0.014576201238186046 0.9998485248454033 123.40327858821175
0.9997997593160827 0.016750996374064298 0.010947390243645765 -0.8647091252675527 -0.016901121836928646 0.9997623728056735 0.01376771740995235 -1.6305179122782962 -0.010714166756791627 -0.013949984008166995 0.9998452903202842 124.73716084079099
0.999768251054618 0.017864183801225845 0.012013121023498913 -0.8589190831032038 -0.01802098293995508 0.9997521375912909 0.013073163365950968 -1.637766143656766 -0.01177660301471897 -0.013286622189122327 0.999842376222846 126.07793440943688
0.9997696990872117 0.017118959699472722 0.012941791400642342 -0.8503225709821766 -0.017288724496745095 0.9997644364503073 0.01312141975782206 -1.649976569483785 -0.012714118794995887 -0.013342145214628159 0.9998301547480796 127.41779023879675
0.9997591658680618 0.01697168947087521 0.013913014695987675 -0.8490299908906742 -0.01716244135097956 0.9997587491759601 0.013707446665622425 -1.6594334859599773 -0.01367702078707261 -0.01394292702001602 0.9998092487513699 128.73606885410516
0.9997744608813585 0.01533119403827999 0.014696320042406107 -0.83492754954457 -0.01555006355129333 0.9997681255969023 0.014895992690578704 -1.6648356816702876 -0.014464540198746555 -0.015121162070145924 0.9997810397963235 130.08282381971458
0.9997801137491956 0.014585217031197677 0.015066371896847735 -0.8253540983145706 -0.014817007476126538 0.9997717878207453 0.0153892364463834 -1.6742849042620502 -0.014838479456047415 -0.015609091416652898 0.9997680609996519 131.42142139066817
0.9997999329534121 0.013153429954270416 0.015069217565276514 -0.8118636300573683 -0.01339379960300134 0.9997828759761052 0.01596267718947313 -1.6828394064033292 -0.014855982963061846 -0.016161317980548665 0.9997590267530378 132.75757274409102
0.9998244566080798 0.011381349519246681 0.014883575800463083 -0.8026779180651 -0.011629049771332901 0.9997935301695741 0.01666320053718425 -1.6854860307927886 -0.014690854310307484 -0.016833357594735806 0.9997503772817123 134.09240327467418
0.9998518281303895 0.009589201927580983 0.014295767686441307 -0.7878276844314125 -0.00982762795621588 0.9998122104285708 0.016702144201669766 -1.6951216878511461 -0.014132924038357975 -0.01684016322765819 0.9997583054735342 135.42697641629232
0.999866991692883 0.009598740726973481 0.01318571512540154 -0.7789719987078978 -0.009819229353324037 0.9998113242374413 0.016760032089888827 -1.7058909765774946 -0.013022353185425533 -0.016887276756988322 0.9997725932446767 136.77445895837974
0.9999069860057942 0.006377934300750192 0.012055757297404098 -0.7649901748880875 -0.006595231570821325 0.9998149477281175 0.018071337096052357 -1.7013623095845845 -0.011938269546067177 -0.018149167072824348 0.9997640148840962 138.12111658157414
0.9999202619353348 0.006177203486910774 0.011014169162060095 -0.7557307587539479 -0.006376052410371309 0.9998156497600417 0.018111114115025653 -1.7128802282548068 -0.010900263566976381 -0.018179897243846502 0.999775312553963 139.4545079177194
0.9999397844155347 0.005168434450753977 0.009680641770888343 -0.7494613273418563 -0.00534471487200835 0.9998187480538797 0.018273069371587514 -1.7160948084308958 -0.009584444769996684 -0.018323709675387538 0.9997861671798024 140.80746735045463
0.9999507115296316 0.005083740566219743 0.008528193841414579 -0.7511215651290497 -0.005235888090406485 0.9998258207286248 0.017914063794809386 -1.7217147399038508 -0.008435638652738156 -0.017957833857541954 0.9998031587294068 142.11736698797898
0.9999595939093885 0.004939217759244167 0.0075109702173899555 -0.7480060586491821 -0.0050706566230811455 0.9998325602792856 0.01758237322128207 -1.7185455499566675 -0.007422870025975718 -0.017619748682213714 0.9998172060224466 143.47095945841187
0.9999731846965484 0.0032756966471162796 0.006549786232624255 -0.7391137544199455 -0.0033783841175918034 0.9998705865661234 0.01572884737752874 -1.7263325297809364 -0.006497416206264707 -0.015750553605152234 0.9998548412865961 144.83451966229387
0.9999846349117354 8.62869632277212e-06 0.005543453063407011 -0.7458167968800905 -9.125373113176051e-05 0.9998889116913109 0.014904896620818522 -1.7506688592672857 -0.005542709097120731 -0.014905173755812209 0.9998735490908546 146.14341656013212
0.9999553077977194 -0.008384471518696346 0.004368416039160198 -0.7362180730471832 0.00830604130818327 0.999809318397639 0.017673044606732823 -1.7472810717463132 -0.004515762568542397 -0.017635970852881717 0.999834276479704 147.51506656916902
0.9998560588349477 -0.01673216807151657 0.0028100134162887024 -0.7244819061931325 0.016674420683595773 0.9996717644981121 0.019450628303430566 -1.7451766665504218 -0.003134542500012145 -0.019400973578535638 0.9998068697871066 148.8265972315711
0.9998121109583599 -0.019300311529936102 0.001800212651406217 -0.7055471267455327 0.01926779115031634 0.9996764223098594 0.01660731427613899 -1.7554779016570607 -0.0021201566463081244 -0.016569508132471253 0.9998604684358557 150.1442243485769
0.9998288351197263 -0.01839675536840118 0.001964654101331052 -0.7213807013153851 0.01836845718412267 0.9997392849299159 0.013563256813725905 -1.7661416816178916 -0.002213661978766792 -0.013524847846450049 0.9999060846868482 151.51825112034928
0.9998866960003097 -0.014761612902045527 0.0029478737763613365 -0.7279078682307545 0.014727355776432357 0.9998274302315123 0.011323194548044962 -1.774853025106765 -0.003114513930193476 -0.011278497407390708 0.9999315453065947 152.84655728295348
0.9998951933934236 -0.013963038531271765 0.003825676204122475 -0.7342453433180607 0.013918001826687591 0.9998363551515582 0.011556475602728862 -1.7928772526330705 -0.003986413992607085 -0.011502018852111887 0.9999259032874043 154.21432008434437
0.9998569802906728 -0.016331503926961845 0.004393285547078071 -0.7353370094081673 0.01626667171690834 0.9997638590499208 0.014409077481325083 -1.800148096411603 -0.00462757039620511 -0.01433555283178634 0.9998865323214622 155.52900764150306
0.9996998613836393 -0.024008280725844225 0.004877459718438947 -0.7247040355538757 0.023918210780679926 0.9995562508271946 0.017754453400021276 -1.7997091792790987 -0.005301549683044673 -0.01763246481817615 0.9998304805105762 156.89652502710067
0.999614611346187 -0.02735121432511261 0.004747616197078355 -0.7121394683737171 0.027253695169204076 0.9994380268193923 0.019515804914364176 -1.803799838071912 -0.005278729555387643 -0.019378894016703535 0.9997982763963421 158.22481314780777
0.9995977544930499 -0.02796844656730889 0.00470055413986843 -0.7051605496844255 0.027872294542494576 0.9994230620660793 0.019408199380286952 -1.8161870848405528 -0.00524065982436939 -0.019269377643928883 0.9998005934054426 159.5648542748232
0.9996369318027348 -0.026329265280089793 0.005724890370486083 -0.7091810549570948 0.02621076488349092 0.9994588819805409 0.019873072903840338 -1.8114464277667874 -0.006245036447390325 -0.019715804230975607 0.9997861204213409 160.92357058623392
0.999678019000146 -0.02441856849160865 0.006898684542489547 -0.7137863326158569 0.024279338764356888 0.9995132066831 0.01959243130527281 -1.80483163634722 -0.007373746040321353 -0.01941862777367252 0.999784249109701 162.26898328356734
0.999767455489375 -0.020118472078119943 0.007764150878452168 -0.7174710664766801 0.019979470391232837 0.9996457549654991 0.017583666505415964 -1.813301552896307 -0.008115157640407248 -0.017424454219138477 0.999815249240021 163.61872419092157
0.9997835281938513 -0.018967832916293413 0.008550911132616027 -0.7193076652240527 0.018820262634793486 0.9996780038417649 0.01702017432683662 -1.806251715930404 -0.008870994329575494 -0.016855559856161863 0.9998185813247532 164.96443433171828
0.9998114306277843 -0.01728525487306151 0.008850037610816396 -0.7169066392534037 0.017121408417060655 0.9996865493867542 0.018266371604544963 -1.809532312637465 -0.009163003208356692 -0.018111402354163565 0.9997939870186647 166.3112527390816
0.999835146014839 -0.0159569157538401 0.008663581794855957 -0.7147676156460453 0.015796133694939526 0.9997073847469441 0.018320126215140956 -1.8114269921906672 -0.008953380150093759 -0.018180255311846295 0.999794636564158 167.63477837968523
0.9998680858229518 -0.013993226643903817 0.008246246286386268 -0.7127859996565797 0.013858504088152744 0.9997731414899576 0.01617428213671132 -1.8148254853221433 -0.008470706652846459 -0.016057868180614318 0.9998351824167925 169.01017616717917
0.9999302010765702 -0.009047127727918458 0.007598846690657332 -0.7165185648843033 0.00894444827832545 0.9998696787520762 0.013439581193376838 -1.8278856200997786 -0.0077194466480484895 -0.013370675884202047 0.9998808104810424 170.4019074095283
0.9999658069152378 -0.003542299982021501 0.007472424163078117 -0.720877085051769 0.003450142703802934 0.9999182761253492 0.012310059967562945 -1.8381574384371868 -0.007515420037761719 -0.012283858352214034 0.9998963072656026 171.75703123283202
0.9999694140649283 -0.0010818918202436002 0.007745995946884156 -0.7262864837301359 0.000979040431188332 0.9999114767646021 0.013269517982675566 -1.8336346375179813 -0.007759667074188958 -0.013261528733083205 0.9998819527428512 173.13824515062709
0.999959376496925 0.0028725310684006924 0.00854364809913206 -0.732959644890839 -0.003004935363987331 0.9998749625964816 0.01552512591569829 -1.8449946540689153 -0.008497984122809436 -0.015550168642778167 0.9998429759321077 174.5148480287543
0.9999594090876915 0.0024900737090408857 0.008659082652510043 -0.7317362005498302 -0.002642489865233938 0.9998409958172436 0.0176352013502559 -1.8436851941570342 -0.00861379358477468 -0.017657367402410428 0.9998069913427595 175.85976209982843
0.9999689397021552 0.0007583316760069589 0.007845034707107793 -0.7281764391713503 -0.0009073272683575188 0.9998189532996238 0.019006245602147972 -1.850210786838347 -0.00782920199773573 -0.019012773645351633 0.999788586670719 177.24669702753798
0.9999792393191295 -0.001617532993230409 0.006237349315049775 -0.7245850868030339 0.001497147753225462 0.9998134395814348 0.019257325068357534 -1.8484331879954803 -0.006267335545227492 -0.01924758741268715 0.9997951044525994 178.6283086599875
0.9999870346497903 -0.0031130635538968703 0.004029811021203215 -0.7212610228240458 0.0030496981982249226 0.9998730996356084 0.015635982692578692 -1.8541983309913712 -0.00407797577635776 -0.015623490561407589 0.9998696298309218 179.96706427267026
0.9999967405529482 0.0004873398825524615 0.0025062693025028676 -0.7324442711317077 -0.0005158076966798944 0.9999352200910474 0.011370556743271587 -1.8717625761341814 -0.0025005658229661073 -0.011371812657012259 0.9999322122265074 181.38896109291727
0.9999911154294758 0.003736867624884419 0.0019506096852489343 -0.7552778521991668 -0.0037573664377908563 0.9999366200295958 0.010613110974369814 -1.8705298628226341 -0.0019108264179947831 -0.01062034604743082 0.9999417768016499 182.77144239603572
0.9999744374866495 0.006934467254980085 0.0017428497230109424 -0.7670516076673797 -0.006954458364208521 0.9999069177190082 0.011738458866386864 -1.8709090966239816 -0.0016612876672848001 -0.011750279613261408 0.999929583047858 184.11535947188864
0.9999544594181828 0.009327000021304583 0.002021420842773563 -0.7737123718861424 -0.009356261338544536 0.9998439493915231 0.01498456716624134 -1.8792210980411304 -0.0018813444880070435 -0.015002798003326616 0.9998856817650827 185.54978551530823
0.9999464627543985 0.010022704715679146 0.002572352173529917 -0.7816813766637429 -0.010066360300016763 0.9997951451941995 0.01755950029601748 -1.8876553907237117 -0.002395831717320213 -0.017584454784844727 0.9998425110713788 186.93637627080764
0.9999569173634333 0.008881895284980564 0.002697283283576884 -0.7892679808577103 -0.0089300718510875 0.9997906860791178 0.018407548898836914 -1.8857180535411702 -0.002533224982646831 -0.018430843154628673 0.9998269284218991 188.36359596101065
0.9999638165998055 0.008129944955627034 0.002503891362762152 -0.7938001335571632 -0.008176083354348943 0.9997859923885728 0.019003186372096633 -1.890078652127862 -0.002348860835448464 -0.01902297117594185 0.9998162878383778 189.7615666507595
0.9999805658088381 0.005703872384482545 0.002516711422238467 -0.7946015787793417 -0.005752460193217113 0.9997885854822163 0.019740657085775267 -1.8953439422018914 -0.002403581351675365 -0.019754751116116555 0.999801966697464 191.14758145083925
0.9999881559744513 0.003831159692142979 0.0030016866719948304 -0.795962803210098 -0.00389046900688196 0.9997922424900155 0.020008400842947357 -1.8972409596346562 -0.0029244079014875395 -0.02001984222703943 0.9997953059313611 192.58602823476008
0.999994431997489 0.00010871816128462178 0.0033352898479728594 -0.7955455632630489 -0.0001788194371783458 0.9997789352169288 0.0210249544315301 -1.8904728383035645 -0.0033322670031343815 -0.021025434190958956 0.9997733878839631 193.9668517085521
0.9999835050107624 -0.0043622367689529935 0.003736389590495884 -0.7932553148179975 0.004276327201633158 0.9997331735110283 0.022700105470819014 -1.8866492254904708 -0.003834416163005101 -0.022683753449010052 0.999735337272115 195.41205526703064
0.9999657246764161 -0.007273840602679852 0.003954836078008688 -0.7883581966077273 0.0071798251465247515 0.9997030065053292 0.023288384940802705 -1.8884638584455022 -0.004123057846580996 -0.023259192141856747 0.9997209662619239 196.82560964210512
0.9999774366681465 -0.005180653816401233 0.00427632930622567 -0.7952529320313224 0.005096885056423382 0.9997993377247142 0.019372816818200363 -1.8873976928835805 -0.0043758354194766555 -0.019350584117833962 0.9998031841134811 198.24605749512307
0.9999878956651144 0.0017546308744372874 0.0045967157784032086 -0.8063970469717108 -0.0018203323294599186 0.9998956901089913 0.014328129285767809 -1.8895736647852521 -0.004571096092292082 -0.014336323683819895 0.9998867810429317 199.6876969765842
0.9999207775257796 0.011095393909633286 0.005943978995851809 -0.8246201347458784 -0.011176599845381063 0.9998422080325164 0.013807341271267396 -1.8861313689259849 -0.005789843672241999 -0.013872681171466993 0.999887006829707 201.1069818888167
0.9998158824500414 0.01773418983206418 0.007328005804578007 -0.8418672060347776 -0.017861313376517016 0.9996844579241897 0.017662335915735454 -1.8839540249367233 -0.00701246687174606 -0.017789972136334202 0.9998171543845495 202.5523740310352
0.9997890261400891 0.01885884311954833 0.008139238241586072 -0.8448254374182882 -0.019017880240060216 0.9996205734734527 0.01992559567641778 -1.8845443018767873 -0.007760376956543655 -0.020076183358538103 0.9997683348730634 203.95823988488502
0.9998043411762867 0.018198712127761647 0.00775152872915385 -0.8411801889010075 -0.018354635333730097 0.9996204798047288 0.020542730021871763 -1.8872853272934205 -0.00737473624514022 -0.020680987554138015 0.9997589259533426 205.4308265802322
0.9998743199222264 0.01446147711938674 0.006496923031191125 -0.8319918448012946 -0.01459354347842406 0.9996779328386263 0.020761963057814387 -1.884757956957811 -0.006194582439511126 -0.020854167238478653 0.9997633374264767 206.8672074214623
0.99991064285879 0.012270085290965143 0.0053057780471848 -0.8272334355954779 -0.012376940110637445 0.9997112132054639 0.020598581584331335 -1.8859129450876608 -0.005051499866656362 -0.020662410663634206 0.9997737479750722 208.30097036050577
0.9999023211241146 0.013097999093675126 0.004877561211009709 -0.833042585728013 -0.01319317077402871 0.9997125343867894 0.020019711701386785 -1.8816383988982812 -0.004613941288716886 -0.020082107098558965 0.9997876877245049 209.7608267313348
0.9998882123804655 0.014197040374298872 0.004691135934652285 -0.8364285839971859 -0.014289308520744549 0.9996926671090406 0.020258011146794083 -1.8806141313989428 -0.0044020907486489545 -0.020322780048482057 0.9997837797312874 211.21760191530018
0.9998659394704521 0.015692167504515343 0.004675353429362248 -0.8450627356204826 -0.01578806083281519 0.9996498968621598 0.021232542668845646 -1.8789389256270506 -0.0043405323079685545 -0.02130351141566322 0.9997636321587542 212.6741790636945
0.9998802064205329 0.014843266920498997 0.004387505237611909 -0.8524534378801996 -0.014932196146533917 0.9996683179893566 0.020982934811955744 -1.877681173210039 -0.004074595007166282 -0.021045936702751563 0.9997702067127373 214.12699183820766
0.9998774833941925 0.015135603644147792 0.003991449474250761 -0.8538774243020377 -0.015213715952837452 0.999677667210079 0.020324973719814884 -1.8775284347191927 -0.0036825324486197564 -0.02038320876190681 0.9997854588668819 215.60592295138883
0.9998898792298127 0.014349414825730943 0.0037846632390418967 -0.8577494215981293 -0.014422771078693344 0.9996934385604288 0.02012492483060686 -1.8773877320880266 -0.003494722392463172 -0.020177294395726728 0.999790309871317 217.05347620160032
0.9998867149962386 0.014691868762856816 0.003272022690758508 -0.8581202122589553 -0.01475453349698392 0.9996904982112348 0.020030265961941972 -1.873471636174275 -0.0029767281913727107 -0.020076274406109443 0.9997940199371046 218.5009344581813
0.9998764208259848 0.015434410994453827 0.002986971163642654 -0.8705172731976369 -0.015490779331892541 0.9996825486213492 0.01987052509195237 -1.875126766218365 -0.0026793333059100507 -0.019914340422189255 0.9997980997308953 220.0043913450201
0.9998826368640663 0.015042165384865889 0.0029061525915907646 -0.8701290364802494 -0.01509715744957391 0.9996873712264716 0.01993077207735919 -1.8764606186013588 -0.0026054422798481034 -0.019972307985744578 0.9997971387193046 221.51099242883774
0.9998667378362535 0.016140844684413992 0.0024453346699379952 -0.8791678221206103 -0.016186164567417116 0.9996727124961508 0.019811007031290333 -1.8706283279372373 -0.0021247681194763324 -0.019847947964850062 0.999800752314944 222.96556169837297
