1.0 -3.469446951953614e-18 0.0 -1.7787691892340307e-19 0.0 0.9999999999999999 -3.5405977195229754e-19 0.0 2.168404344971009e-19 -2.354751593366955e-19 1.0 0.0
0.9999998293549527 -0.0001976822171368079 -0.0005497374449464291 0.0020649833171188883 0.00019806645755653454 0.9999997361109231 0.000698961614928237 -0.022701280650611298 0.0005495991746226041 -0.0006990703942764958 0.9999996046210735 1.3262512555853532
0.9999996364222703 -0.0006556620919292572 -0.0005452180549420337 -0.009591824344639375 0.0006562861099476038 0.999999129062902 0.0011450592820720824 -0.039195030987135254 0.0005444668551150278 -0.0011454167073071885 0.999999195788402 2.627031342019774
0.9999985635979952 -0.0013006311427598612 -0.0010868122283380988 -0.01126048242112064 0.0013017366056377166 0.9999986355996513 0.0010169948283024251 -0.07433985781615585 0.0010854881029947572 -0.0010184081307100883 0.9999988922805759 3.9507285695419876
0.9999979698179245 -0.0019547287724267226 -0.0004892827607084918 -0.024840143614094222 0.0019552582865902564 0.9999975011289324 0.0010838347763405044 -0.08869652291033361 0.0004871629772170926 -0.0010847892704116992 0.9999992929524545 5.265022838190986
0.9999970041417463 -0.0022914659147126506 -0.0008607517072572507 -0.02055237063709782 0.002292815743471949 0.9999961385312447 0.001570323189584999 -0.1075963557349116 0.0008571501152988543 -0.0015722920601174935 0.9999983965952122 6.587100122853461
0.9999936022478041 -0.003507606735146631 -0.0007015427622739806 -0.02696606568515887 0.003509390903648284 0.9999905702998256 0.002558022974997765 -0.14466878452868193 0.000692563669170319 -0.0025604686455334706 0.9999964821725417 7.923488963277011
0.9999935504695439 -0.003559085178799548 -0.000481597570848314 -0.04757803277632176 0.0035604864467867533 0.9999893388855304 0.002940245910986208 -0.16229271211507745 0.0004711278932877849 -0.002941941725047935 0.9999955614995022 9.238100835442616
0.9999945058701226 -0.003149785016076493 -0.001032998902620574 -0.046295990160560005 0.0031522126882910905 0.9999922545558466 0.002356772916441424 -0.18685883556659083 0.0010255676623705022 -0.002360016245211121 0.9999966892627116 10.569689094632588
0.9999993817820135 -0.000661846524163328 -0.0008935291724476968 -0.06674777979036042 0.0006619065236785904 0.999999778707753 6.680673935146785e-05 -0.20435390647830826 0.0008934848345147425 -6.73981323874188e-05 0.999999598571813 11.890816907417673
0.999997153883512 0.0021915732747976695 -0.0009429878365584016 -0.06724240874379228 -0.0021922695148625963 0.999997324813307 -0.0007377835548373999 -0.23224234478603537 0.0009413684859732185 0.0007398487506445018 0.999999283225056 13.23067097951761
0.9999834786708113 0.005703122781453016 -0.0007188625942958053 -0.09379001418750078 -0.005703723341296686 0.9999833844829382 -0.000835649203553899 -0.2523797195332531 0.0007140848993015211 0.0008397356024789126 0.9999993924637708 14.569562023456776
0.9999827358226964 0.0058687494336585825 -0.00029295802064884923 -0.11467867933686875 -0.005868737468882583 0.999982777894163 4.2981053229636696e-05 -0.28039617718202053 0.0002932052447551796 -4.1261023030702884e-05 0.9999999561643361 15.9187100416805
0.9999908099121445 0.004286425058558156 -8.150569547524743e-05 -0.10584337091268486 -0.004286168609152648 0.9999865364614884 0.0029250063236169357 -0.30673598061283625 9.404242856369204e-05 -0.0029246301564006573 0.9999957188384252 17.261125642332566
0.999999985283002 -0.00017138144069364127 7.917481734390523e-06 -0.11825828593638177 0.0001713390000321717 0.9999870684612479 0.005082671714290995 -0.3348542092795404 -8.788451555106916e-06 -0.005082670382955049 0.9999870831094387 18.626837019979632
0.9999977916667293 -0.0020683226219364824 -0.00037243214562582044 -0.1086589941894251 0.0020695911702379027 0.9999919477560579 0.003438198897109823 -0.3678910996407968 0.00036531787596137113 -0.0034389621531954206 0.9999940200238343 19.96355311065183
0.9999954544082528 -0.003004490282488271 -0.00025338683023757376 -0.11845046920675528 0.003004710898778894 0.9999951038591112 0.000874051363281838 -0.36917490062964253 0.0002507595329017554 -0.0008748087595178275 0.9999995859148211 21.31892344517899
0.9999996274116318 -0.0008608993595045286 6.348496061005888e-05 -0.13230503695326343 0.0008609092022523364 0.9999996175129992 -0.00015429798221805983 -0.42584108825237527 -6.335210671476509e-05 0.00015435258326809142 0.9999999860808365 22.67101898467322
0.9999986861651691 0.0014034626711657118 0.0008111468677394131 -0.14135239827485133 -0.0014044378315373396 0.9999982904472328 0.0012027714699765985 -0.4139059119169119 -0.0008094575037016142 -0.0012039091192259765 0.9999989476896403 24.038294762836074
0.9999968870755117 0.0018411144653586392 0.0016840831138555414 -0.15426644530282937 -0.0018507045336716554 0.999981980990155 0.005710743343686551 -0.43806449925629404 -0.0016735387730813136 -0.005713842419493044 0.9999822754788477 25.427826483253373
0.9999983244967566 0.0002799862973077178 0.0018090365904541094 -0.14979074235872963 -0.00029192111868782226 0.9999781742791528 0.006600435297770046 -0.46458225978623413 -0.0018071492228702796 -0.006600952463550458 0.9999765805445148 26.800425402986093
0.9999902583438167 -0.004059507831854053 0.0017330959493400406 -0.1501669737710403 0.004048985491587304 0.9999736069549413 0.006032503874128037 -0.4925203902252316 -0.0017575393477403905 -0.006025427941416087 0.9999803024423262 28.168678533871763
0.999991235259755 -0.003850033511037099 0.0016451909403291513 -0.1608327793683949 0.003843844026780778 0.9999855845834189 0.003749064202682463 -0.5010283543450301 -0.0016596013839758291 -0.003742707555209274 0.9999916188958113 29.529557229826366
0.9999884021960477 -0.0041719475374800575 0.002406311700231281 -0.16576554421222858 0.004167615319003566 0.999989690604082 0.0018026819329160133 -0.5451153658850298 -0.002413807789302606 -0.0017926324744343477 0.999995479988716 30.91591732867058
0.9999944760298766 -0.0018198334529919355 0.0027813885541244808 -0.1777050942176213 0.0018177908415065794 0.9999980763928478 0.0007367796195941092 -0.5410649645462677 -0.0027827242544680338 -0.0007317195777691798 0.9999958605057737 32.30174419213768
0.9999943142067418 -0.00015010292995269216 0.0033688318065517513 -0.18058304587732715 0.00015469709015195413 0.99999905846336 -0.001363503245579939 -0.588404112979997 -0.0033686242546170095 0.001364016671200832 0.9999933958905992 33.6814385246274
0.9999935808076565 8.311378047620721e-05 0.0035820999211450513 -0.1945351148237897 -7.918977046550771e-05 0.9999993967174922 -0.0010955792466922046 -0.5872233493347389 -0.003582189121480647 0.0010952885727272825 0.9999929841051494 35.075857555283896
0.9999953390996402 0.00015473646520765445 0.0030492358471579393 -0.19149199486279994 -0.00015671693999815862 0.9999997769459766 0.0006492672469620326 -0.6337409667224494 -0.0030491349588532193 -0.0006497420981464757 0.9999951402919011 36.46799598651236
0.9999948654553048 0.0014409148982654357 0.002862311739322174 -0.2075415576126432 -0.0014465727385138336 0.9999970023115459 0.0019755498920072056 -0.6472121970179245 -0.0028594567998661367 -0.001979680328384051 0.9999939521663395 37.870690716840585
0.9999913589262954 0.0033618760404926186 0.002445375076190263 -0.2043300407647009 -0.0033679672562319475 0.9999912258582717 0.0024909855030297965 -0.6653868777356016 -0.0024369794397790306 -0.0024991999712755345 0.9999939075454084 39.262951696607544
0.9999776942852339 0.005962559327715377 0.003009785720625089 -0.22428417121683603 -0.005970730190871668 0.9999784948039601 0.0027129913536431175 -0.7003307027120359 -0.0029935448738402206 -0.0027309015128569375 0.999991790397647 40.66423867821031
0.999955636950244 0.008937725863483894 0.002973410819452535 -0.2318720326436205 -0.008947230434715858 0.999954857230273 0.003198529068646666 -0.7290143459374049 -0.002944689262273838 -0.0032249910319334936 0.999990464071954 42.0901743224874
0.9999525284097106 0.009386587785460893 0.002613977660397067 -0.23461433268378937 -0.009395006787447311 0.9999506586551622 0.003227092018003983 -0.7389977913662237 -0.0025835575169954167 -0.003251497229848166 0.9999913764595986 43.47778882994124
0.9999601773212778 0.00864472469890059 0.0022164138926058737 -0.24401773393662018 -0.008651596719610796 0.999957739098746 0.003109647729793021 -0.7623902115424326 -0.002189438359461164 -0.003128699480957783 0.9999927087718615 44.905029431659536
0.9999642098479552 0.008346996213292596 0.001380819040375313 -0.23889498379446822 -0.008350699845610578 0.999961492190013 0.002698141356066795 -0.7932170020853648 -0.001358244605493848 -0.0027095756532169767 0.9999954066744268 46.30170401052079
0.999967346352326 0.008061822297527195 0.0005596729655765057 -0.2563080398983333 -0.008063684481487907 0.9999616810851917 0.003407839559748998 -0.822634485631982 -0.000532178165287451 -0.0034122413805592333 0.9999940366797482 47.73236283691721
0.9999645875617663 0.008400133182131191 -0.0005112395733547007 -0.2614178195701377 -0.008397841007624059 0.9999553510168679 0.004332696200834251 -0.8433373755975785 0.0005476120214046795 -0.00432824955303119 0.999990483144066 49.12997048152834
0.9999580710018618 0.009048275870643212 -0.0014088717650641268 -0.27616344398783976 -0.0090419852740625 0.9999493980730735 0.004409514097296841 -0.8685941262313744 0.0014486990988634638 -0.004396590307799864 0.9999892855765841 50.5586291723316
0.9999555046985249 0.009060802391780044 -0.0026249682801223547 -0.2835369147191729 -0.009048616781686107 0.9999483984638409 0.004617679380478437 -0.8814062949492995 0.0026666729366073495 -0.00459372168306147 0.9999858931916431 52.0091897194804
0.9999407894956022 0.010278637955728287 -0.003573104332198436 -0.3028485579683853 -0.010256845701826485 0.9999290045947541 0.006064891446864318 -0.9227624576808116 0.0036351897930729893 -0.006027883691408728 0.9999752247039024 53.41741096973868
0.9999621343391942 0.007477475306812452 -0.004451654362242893 -0.3123916455871218 -0.007446154360312842 0.9999476962505719 0.007011388031687668 -0.9277523638954596 0.004503849390691412 -0.006977974982230935 0.9999655110134434 54.871663067784034
0.9999718297557678 0.005570318193307159 -0.005031026655898369 -0.3181450251066759 -0.005532203430241295 0.9999561315716452 0.00755841691442006 -0.9401114739083646 0.005072909174362681 -0.007530371485859881 0.999958778705369 56.27040802019082
0.9999778699455992 0.004015210786402085 -0.005304496519631957 -0.3436262495370186 -0.003976567654437801 0.9999656257306214 0.007275594290637999 -0.9646869060573131 0.005333527682459356 -0.007254339742451601 0.9999594632033902 57.6960094128809
0.9999815166658951 0.0029649518180858148 -0.005308047794710041 -0.360141945464088 -0.002925019858499164 0.9999674842454572 0.007514965987343745 -0.9893604967970356 0.005330157167925667 -0.007499301094922337 0.9999576740644582 59.1459596097668
0.999983091638794 0.002738930209496269 -0.005129783894752352 -0.3622370827338517 -0.0026962437217614293 0.9999618376284634 0.008309847100918439 -1.0184179622366814 0.00515234866325436 -0.008295875617199445 0.9999523147448959 60.550860801372636
0.9999893550985827 0.0009479808540520879 -0.004515640772119088 -0.3817871800237047 -0.00090681090170868 0.9999580870039102 0.009110539397775206 -1.0304771964217996 0.004524088514643639 -0.009106347768590333 0.9999483021961771 62.005491021312146
0.9999899307887845 -0.0016705063159713016 -0.004165059949576192 -0.39160205888224486 0.0017071949129412994 0.9999596396225252 0.008820691935824184 -1.0470410340540488 0.004150157182586121 -0.00882771386366064 0.9999524227051502 63.4047409845013
0.9999910303575936 -0.0020058468844524682 -0.0037303858713052585 -0.40495577562849316 0.0020359111238932286 0.999965340360643 0.00807298816573743 -1.0738496003323865 0.0037140637198736373 -0.008080510648762303 0.9999604547618971 64.81869512623261
0.9999927091880362 -0.0024047418024254388 -0.0029662747491802028 -0.4155784410085149 0.002428516004369668 0.999964750738254 0.008037386708299938 -1.0913656613263512 0.002946842606105052 -0.008044531914037954 0.999963300142853 66.27615644912196
0.9999967398609149 -0.000872671308862991 -0.0023997311386599472 -0.4272094959833256 0.0008915539483317445 0.999968563996406 0.007878841719835848 -1.1089383781272542 0.002392780270246287 -0.00788095568009707 0.9999660819980912 67.63610686551252
0.9999960771918383 0.00222632355521724 -0.0016997286758253871 -0.4500781800903114 -0.00221024417898435 0.9999533384378292 0.00940402937987329 -1.131150818721117 0.001720585928824001 -0.009400235862638238 0.9999543365352791 69.11605962319422
0.9999852602040021 0.005363868910386912 -0.0008415896297258836 -0.4647980781382193 -0.005354785379697822 0.9999310781584243 0.010448215799448953 -1.1450446316961889 0.0008975745696726881 -0.010443555473711034 0.999945061747883 70.47512447215907
0.9999552536028421 0.009459301654219517 0.00011128012896726444 -0.4875952169893216 -0.009459956500111937 0.9998889521326321 0.011514887883981709 -1.1694529690950848 -2.3449650200901406e-06 -0.01151542557362247 0.9999336952881052 71.92776405701028
0.999912194783957 0.013242268366020056 0.000494993611947881 -0.494999064028739 -0.013246896667856117 0.9998522965115895 0.01095011041194858 -1.1746669037111082 -0.00034991622048108676 -0.01095570629015927 0.9999399232262088 73.29371402981504
0.9998444761928158 0.017588708398224805 0.0012886879987147647 -0.5107109946528899 -0.017601513566542992 0.9997877335444078 0.010708623582135729 -1.2004336354283942 -0.001100063681295632 -0.01072964121957742 0.9999418306388195 74.6855968576144
0.9998224920340202 0.018715824898225424 0.0021684720484912885 -0.5284557368872003 -0.01873799811878056 0.9997671673111248 0.010700403843859589 -1.2081671257004158 -0.0019677004313543352 -0.01073913748650718 0.9999403977648178 76.1353885600429
0.9998178009457482 0.018926187754828058 0.002482796476373425 -0.532418228889652 -0.01895267193065838 0.999758585910912 0.011116032293800367 -1.2220623901578604 -0.0022718131641368787 -0.011161062822950325 0.9999351326673589 77.50249420850074
0.9998343888971574 0.01802580192410631 0.002503037464782057 -0.5347231828419279 -0.018053109176801606 0.9997725769488014 0.01135251850073861 -1.247865337668336 -0.0022978301525864897 -0.011395826242804065 0.9999324252777374 78.91236042970665
0.9998518517795275 0.017073772488903877 0.0021819125341456308 -0.5392135653448179 -0.01709537660061211 0.9998008215518454 0.010298804112216791 -1.2548937801509563 -0.002005638668039737 -0.010334579194335478 0.9999445854081844 80.27821086577377
0.9998562853610026 0.01683472294181628 0.0020001711252824244 -0.5477982085027857 -0.016854883477318155 0.9998024949446834 0.010530149443712786 -1.280672092341352 -0.001822504079446316 -0.010562348977933329 0.9999425559821091 81.66841885047471
0.9998690580012614 0.01610590340094485 0.0015705688411766945 -0.5575601477187493 -0.016122152339132508 0.9998100836071062 0.010948651079912369 -1.2897605714612714 -0.0013939327576489617 -0.0109725386192428 0.9999388283038002 83.07062094466625
0.9998661097985172 0.01630617501958694 0.0013678782032806442 -0.5750637515055752 -0.016319333537598374 0.9998144625049257 0.010233277040379928 -1.3016243201109285 -0.0012007588983107937 -0.010254229979116266 0.9999467030533798 84.43240794579778
0.9998701580816112 0.016106927399937812 0.0004835548418122475 -0.5775511404094766 -0.016111144995376102 0.9998142019904198 0.0105826529913684 -1.3096939747372414 -0.0003130109937212191 -0.010589069762364211 0.9999438852399917 85.83606574205695
0.999870378756517 0.016088578528099723 -0.0006190979826507157 -0.5890309058344513 -0.016080535146214665 0.9998064858906818 0.01133169002923058 -1.3303962629872603 0.0008012890392384365 -0.011320266010705743 0.9999356026858295 87.19778701638008
0.9998909990085545 0.014668430222769084 -0.0016814326784243014 -0.5987668271370162 -0.014645758554418385 0.9998110074482004 0.01278480247307902 -1.3490370680640664 0.0018686480504887892 -0.012758783324129124 0.9999168573489887 88.58032173288046
0.9999210650499457 0.012250525264152382 -0.0027907464140223427 -0.6005888108834847 -0.012212051043730989 0.9998355057805305 0.013409966958381094 -1.3671135298040593 0.002954566751116484 -0.013374827981051796 0.9999061878608656 89.95834644323833
0.9999296563885576 0.011237030794958336 -0.003796232353343776 -0.6124234240408566 -0.011183405885386641 0.9998413529485954 0.013863635422533792 -1.3836810574361957 0.003951416534839573 -0.01382020568132114 0.9998966887810878 91.33179654169298
0.9999377872176547 0.01036246086409614 -0.004128082790284723 -0.6301446299977713 -0.010306008588155707 0.9998561676440112 0.013469603901270168 -1.3984869164808755 0.004267067652495684 -0.013426222139079744 0.9999007594287809 92.70786576622228
0.9999523857411796 0.008704417749693074 -0.004411273590805887 -0.6410281100243943 -0.00864464659709085 0.9998729491976823 0.01339236951882585 -1.4191289098473872 0.004527286306742033 -0.013353598223386233 0.9999005876122214 94.04277773350952
0.9999543668520934 0.008333654353361945 -0.004670587917539413 -0.6620484290661696 -0.008272638413056695 0.9998821243703826 0.01293448224498227 -1.4222839238024878 0.004777829286979551 -0.012895254183253104 0.9999054379196153 95.4252575955327
0.9999589129537592 0.007890720620667315 -0.0044619398289146035 -0.6696681376073734 -0.007834999749969866 0.9998927836737865 0.012370689063113947 -1.4344960310287362 0.00455907548215285 -0.012335221743471533 0.9999135248354133 96.77861867344185
0.9999500842448589 0.009021148291179792 -0.0042950988490704795 -0.6880929650399672 -0.008970025669157408 0.9998904172100375 0.011776766379479409 -1.4485878417832356 0.004400868516887726 -0.011737651628199345 0.9999214268647871 98.09879268568594
0.9999335959574681 0.010824340469519897 -0.003954402153114146 -0.7098007448607485 -0.010776789290951699 0.9998716552535822 0.011854697530337554 -1.4547488842626926 0.004082214262458594 -0.011811294816131395 0.9999219113778656 99.46761063791931
0.9999322291932005 0.010973784616832703 -0.0038875492298743215 -0.7180252816784165 -0.010920804226321017 0.9998506157209895 0.013397100333137462 -1.4680280757898476 0.004033985735692001 -0.013353737511664352 0.999902697599377 100.80052714059468
0.999930388969952 0.011181585138514845 -0.0037668733627450775 -0.7400328523453065 -0.011124441696454395 0.9998276375590329 0.0148641175173835 -1.4757898349347227 0.003932428834381422 -0.014821178751634807 0.9998824274271592 102.14097014933323
0.9999360784833755 0.010719102756150428 -0.0035971866654560774 -0.7534358976870243 -0.010667654574611017 0.9998446785323372 0.014029254262912417 -1.4955623194131435 0.0037470092904648943 -0.013989984233911776 0.9998951146371644 103.48025542948784
0.9999365633801163 0.010707955529639032 -0.0034941197325284497 -0.7645780793186878 -0.010666394870299082 0.9998746137729078 0.01170404943629092 -1.5043124521197013 0.0036190083735181933 -0.01166603755124415 0.9999254003960597 104.80713980216811
0.9999479769720367 0.009491396185784234 -0.0037358693495286362 -0.7823664746491861 -0.009451818981789636 0.9999004868787779 0.010472796902473786 -1.51683234857797 0.003834899378010759 -0.010436941531134357 0.9999381799936296 106.13941780988092
0.9999593931850526 0.008366468738043567 -0.0033487546362507125 -0.7916488113766842 -0.008326614132846822 0.99989637293189 0.011743547518610172 -1.5341463710636765 0.003446659938029385 -0.011715187102981616 0.9999254346885312 107.49654407322939
0.9999819675034426 0.005301623344284197 -0.002820893904392753 -0.7995908850061669 -0.005263155632223843 0.9998953720462069 0.013473832350946575 -1.5303774477801897 0.002892032199102185 -0.013458742852149994 0.9999052447113104 108.81763331097213
0.9999891535310024 0.00422281606581958 -0.0019648494755974523 -0.8149055118545092 -0.004193947727450676 0.9998864837799183 0.01447170889975864 -1.54981381713902 0.0020257379807577494 -0.014463311746772043 0.9998933488170233 110.16606736126654
0.9999934915211706 0.0033451301070952216 -0.001351669883044425 -0.8242545601803066 -0.0033262963793360195 0.9999005663802929 0.013703762449561955 -1.5657177428077276 0.0013973764789107883 -0.013699177477980176 0.9999051854467442 111.47115988693042
0.9999910555012491 0.004184154207389301 -0.0006178690350726653 -0.8377831450525534 -0.0041767306304862405 0.999924413536959 0.011563828849679866 -1.5785393260906795 0.0006662072410537575 -0.011561144976114629 0.9999329458018771 112.81624260322958
0.9999712464805932 0.007572278975604801 0.00040839654250444035 -0.842261375585878 -0.007575850035039555 0.9999252665380421 0.009595199210942165 -1.5986040865287372 -0.0003357085174498589 -0.009598017460855705 0.999953881618155 114.16190551630385
0.9999428136939805 0.010520882203581612 0.0019184258528762237 -0.8577006654474444 -0.01053766899312498 0.9999043289580971 0.008960495770587041 -1.5985531211243982 -0.0018239701421205903 -0.008980199273129848 0.9999580136956749 115.46838108450909
0.9999327624390134 0.011083791252686258 0.0034088342265642035 -0.8717180835695897 -0.011121870347443642 0.9998735950110776 0.011362131025447534 -1.6144289674254197 -0.0032824681133121264 -0.011399279906267549 0.9999296384349394 116.84287639282303
0.9999208459226937 0.01180516802472079 0.004351996549452644 -0.8776087248894513 -0.011861862732609871 0.9998419869247053 0.013239993123330046 -1.6133449156084463 -0.004195008878138757 -0.013290568177153827 0.9999028766326712 118.1361785350537
0.9999254592899216 0.010980525567029723 0.005338904586745996 -0.8758690334997598 -0.011056544743695213 0.9998348382144292 0.014423908301045632 -1.6345949015610945 -0.005179641136572201 -0.014481863259751466 0.9998817164817679 119.5053234286216
0.9999175452140036 0.011226999538170527 0.006233557121244088 -0.8790705084868184 -0.011312373786992309 0.9998403158905554 0.01383376087684063 -1.6439802610621301 -0.006077250597302868 -0.013903136822904748 0.9998848782790086 120.82870699755917
0.9998852513244204 0.013058068159324553 0.00767925870826919 -0.8757365772008234 -0.013162646857906747 0.9998191115651577 0.013729126102975251 -1.6536428923801707 -0.0074985943780943275 -0.013828630350901807 0.9998762623763553 122.13296411839794
0.999852625774811 0.014768076638029495 0.00875389127039404 -0.8804071953483494 -0.014882080484452696 0.9998033816183299 0.013104267172208476 -1.6569954404915659 -0.008558645986068359 -0.01323261232058207 0.9998758160632745 123.50262364168263
0.9998291711116709 0.015578455407145354 0.009946873229676056 -0.883454307983017 -0.01570191104215165 0.9997991246631909 0.012456337697225598 -1.668402828205287 -0.009750825461601558 -0.012610394966047402 0.9998729415977617 124.83571731972599
0.9998047408396937 0.01638220012369833 0.011050053217362871 -0.8766354389180852 -0.016512720245716192 0.99979372073243 0.011825654061201351 -1.6730890284677447 -0.010854044497604546 -0.012005811671742826 0.9998690165225319 126.1727190981547
0.99980075613018 0.016053763586421882 0.011862743344256244 -0.8738219096544265 -0.016190375474185607 0.9998026639281244 0.011511080883616014 -1.689782333796004 -0.011675607204159756 -0.011700849873625631 0.9998633758200918 127.50695594476025
0.9997924387082411 0.015764645114288107 0.012905635596411256 -0.8703603553295933 -0.015925174179070252 0.9997958988838059 0.012431791496271752 -1.698175063357243 -0.012707019825310516 -0.012634735883092356 0.9998394346569385 128.83351838662216
0.9997899292234683 0.015164781722598684 0.013788646926898393 -0.863450210724622 -0.015349170909360516 0.9997928491183097 0.013366444511872244 -1.7096625695140764 -0.013583092520950857 -0.013575281178906162 0.9998155886654516 130.21129354559818
0.999806258604195 0.013700131635791436 0.0141333513123685 -0.8462640182334837 -0.013896679784762033 0.9998067696974354 0.01390343796624625 -1.7135120002247353 -0.013940142557813597 -0.014097151229236117 0.9998034520610887 131.5329248334955
0.9998208284307684 0.012611624797197777 0.014115875102382151 -0.8362434117165032 -0.012812763280879902 0.9998163616508711 0.014250477100858376 -1.7312263835411161 -0.013933562382643379 -0.014428787469405055 0.9997988127279868 132.87635222227158
0.9998431655390397 0.010890712891740394 0.01396555323117322 -0.8247128799350592 -0.01110084852669505 0.9998249914849745 0.015058472145188184 -1.7292206645724122 -0.01379911279826804 -0.015211140245749495 0.9997890806063268 134.19851697707045
0.9998672635597617 0.009343506482562223 0.013347439178564246 -0.8079915987919026 -0.009544450441994009 0.9998408669781501 0.015071303886615948 -1.7487772255311071 -0.013204497438886369 -0.015196697643082104 0.9997973302769559 135.53798358954657
0.9998839131637508 0.009112238557693731 0.012211768532149416 -0.8031980624376549 -0.009292283739221686 0.9998477564381167 0.014768798962209952 -1.7581162721964276 -0.01207533355868974 -0.014880560007659801 0.9998163607649267 136.8828160296811
0.9999102283456562 0.007373320288151637 0.011187912615175122 -0.7930987690377393 -0.0075532634139375224 0.9998414122054052 0.016127574504455042 -1.7679821930505137 -0.011067225499161837 -0.016210632272587937 0.9998073474032677 138.21803073469584
0.999928533751474 0.0063794377132538205 0.010110893031973505 -0.7772138064476934 -0.006545708563008623 0.9998424756403631 0.01649780623074926 -1.7764991498910054 -0.010004054425244477 -0.016562810476716094 0.9998127785764118 139.55643607673431
0.9999489120874594 0.00499020782218315 0.00879039465474732 -0.7786308339712882 -0.005137816493619776 0.9998448241496761 0.01685023634396697 -1.7856509465669252 -0.008704945138908725 -0.01689453926492901 0.9998193829256858 140.9146945657972
0.9999637706110299 0.0038524348759188436 0.00759053426422898 -0.7779958863230203 -0.003976786686401831 0.9998570106152738 0.016436042436991857 -1.7798674605637541 -0.007526130738284283 -0.016465633226176928 0.9998361067090954 142.23809691550326
0.9999718730284849 0.003680269623211896 0.0065351944830342725 -0.7715949891014208 -0.0037843171330554162 0.9998651385587035 0.015980727099298785 -1.7785322206434118 -0.006475500287342564 -0.016005009171292724 0.9998509426800212 143.59073222438533
0.999982775795386 0.0015173473191072108 0.005669724244882207 -0.7663238200670162 -0.0015959140559884443 0.9999024154939931 0.013878492160932402 -1.7927497270805581 -0.005648112940959628 -0.013887301777837611 0.9998876145193195 144.9473219540139
0.9999883565162031 -0.0015406648586835485 0.0045730942922293325 -0.7795183665269713 0.001481304174776734 0.9999149758564977 0.012955569788474947 -1.8144006299106656 -0.004592666037444753 -0.01294864504713667 0.9999056155506976 146.2443917624933
0.999940406969922 -0.010361596104337874 0.0034380007522796688 -0.7681840361001806 0.010305133245890599 0.9998180272833519 0.01605355197858723 -1.8140866813703505 -0.003603715842455491 -0.016017166547759518 0.9998652227228498 147.63725361509674
0.9998434322587587 -0.017595133191360024 0.0018767706716084976 -0.7589884017981159 0.01755943152959271 0.9996910476590176 0.017591917979036902 -1.8220575922085254 -0.0021857231480873597 -0.017556208956856747 0.9998434888255383 148.95213118292975
0.9998053197960005 -0.019704645298618106 0.0010244362639549069 -0.7320556753821889 0.019687543399021727 0.9996989129757802 0.014645272864485886 -1.8362348070080943 -0.0013127078242240464 -0.014622253358428603 0.9998922274471305 150.24889038928046
0.9998245784887789 -0.018700296719502407 0.0010541165162297607 -0.7534663486077517 0.018686754224351333 0.9997574503993097 0.011655281031957971 -1.8493003711976523 -0.0012718181510044787 -0.011633538642635268 0.9999315192850183 151.64899872967857
0.9998770801919359 -0.015532230478450697 0.002138769681078215 -0.761359038405748 0.015511538299576461 0.9998357474009048 0.009373920547422282 -1.857800067082626 -0.002284016461339684 -0.009339592869423258 0.9999537765685609 152.96228802143062
0.9998685024357991 -0.015931934045596976 0.00302511614686184 -0.7666452196188434 0.015902382467598106 0.999827903024413 0.009553981019019275 -1.8684228199595416 -0.0031768091885852213 -0.009504618312368365 0.9999497837957262 154.33333685701302
0.9998136343005126 -0.01900826818142816 0.003373784117734892 -0.7714943294939252 0.018964602288056177 0.9997415792554823 0.012534694086106688 -1.8705839273731748 -0.0036111753823602653 -0.012468375803344001 0.9999157459593447 155.66019489648264
0.9996116533911226 -0.027619798199217106 0.0036998854202632938 -0.7698362372910508 0.027559106521198716 0.9994991031155459 0.015557587124699911 -1.8667707461211291 -0.004127729910227747 -0.015449580132109977 0.9998721279850425 157.00001224440015
0.9995203651258604 -0.03075203850540681 0.0036540141836479897 -0.7555219727327362 0.030686133279709076 0.9993862012788797 0.016899169260635855 -1.876635825309997 -0.004171455594769771 -0.016778936567268227 0.9998505219524956 158.34101865134812
0.9994964533975595 -0.03153179419406356 0.003547617771173154 -0.7492996820579887 0.03146655770249909 0.9993577121394731 0.017146980475010558 -1.8968896866076013 -0.004086014567784634 -0.01702671516010418 0.9998466859768372 159.67879361013564
0.9995233545690457 -0.030525970942771055 0.004607468241426998 -0.7527025058732735 0.03044161271249972 0.9993853246732132 0.017386231515724344 -1.887187978778992 -0.00513536816008878 -0.017237685996349027 0.9998382320044372 161.04543006890128
0.9995754009635781 -0.028540398678053584 0.005870556323148368 -0.7558329975251867 0.02843663342786556 0.9994500259485951 0.017058824973868323 -1.879881674528402 -0.00635419385635597 -0.016884643260837336 0.9998372532786518 162.38529498796103
0.9996474207698375 -0.02566308534176076 0.00681470502365729 -0.7622448609994426 0.025554840490174684 0.9995528980351078 0.015522697949961441 -1.8875337690555731 -0.007210019072808348 -0.015343076546112583 0.9998562924875537 163.73535283085994
0.9996749668296468 -0.024362044590294764 0.007513420356792779 -0.7646211123829039 0.02424782411981149 0.9995943940964511 0.014936207992499614 -1.880381005587384 -0.007874250085918976 -0.014749169399771923 0.9998602193241194 165.08328067353062
0.9996921039584806 -0.023565779869104804 0.007768610647965112 -0.7657118606615749 0.02343705717556634 0.9995930091233419 0.016264084767692144 -1.8826943358982864 -0.00814872540957061 -0.016077004040657004 0.9998375509128793 166.43206040968232
0.9997255959608926 -0.02216829323521003 0.0075696477242045415 -0.7601543719707136 0.022042928696247147 0.9996247608737142 0.016261818207870968 -1.883176912707459 -0.007927304706027424 -0.016090498987960052 0.9998391138991607 167.76435832651248
0.9997952838176412 -0.01892275148981907 0.007163794126970489 -0.7587227105214513 0.018821051661485465 0.9997247438643823 0.01400730190389233 -1.9024747510262083 -0.0074268795566642684 -0.013869604496009177 0.9998762301054881 169.15443784097963
0.99985611700483 -0.015612153277365991 0.0066336998824511745 -0.7636662565809922 0.01553565848399215 0.9998139755364474 0.011430556591230127 -1.910066246493026 -0.006810922018805579 -0.011325853238391918 0.9999126643797951 170.5576719686515
0.9999272491660397 -0.010249462916890217 0.006359630598744285 -0.7694461680403795 0.010187302882605047 0.9999007596806909 0.00973086003765772 -1.915375197892437 -0.006458736093336171 -0.009665364803743809 0.9999324304411618 171.9262841043904
0.9999646126922745 -0.0050180880414647 0.006752197318130448 -0.7736384280432372 0.004943364871687443 0.9999268591111123 0.011038095925512017 -1.9401025669735867 -0.006807094159583405 -0.01100432694949482 0.9999162806229009 173.27553723126658
0.9999714139264747 2.224551028212965e-05 0.007561140240334933 -0.7832450305456817 -0.00012512345426287513 0.9999074270721936 0.013605940787111413 -1.9624378995539384 -0.007560138240249003 -0.01360649818471463 0.9998788464186611 174.64206802726915
0.9999712157166745 -0.0007069538917638327 0.007554333999389444 -0.7834130578236758 0.0005891381574558777 0.9998783472734145 0.015586646919725958 -1.9546653332084982 -0.007564434661389105 -0.015581748023263271 0.999849982975819 176.0470053151072
0.9999738311348089 -0.002879083082098154 0.006636861967054699 -0.7834628411086615 0.0027655947392786952 0.999850882500196 0.017045944894769977 -1.9600215625248696 -0.006684949537353814 -0.01702714427914769 0.9998326799063686 177.44612914098843
0.9999733700477708 -0.005097031520179514 0.0052229759040327796 -0.7805366281043021 0.005007600233994124 0.9998430332194171 0.016995083056879613 -1.9594428210553692 -0.005308780978937914 -0.016968476229490218 0.9998419313376695 178.85497442363098
0.9999711151607344 -0.0069822753683306555 0.0030027798655263534 -0.7787327292680213 0.00694132116416297 0.9998855903285142 0.013439654031571883 -1.9662668369232688 -0.003096275934094474 -0.013418422826501483 0.9999051750068864 180.19338603994402
0.9999888796419423 -0.004509103477628238 0.0013815159270368692 -0.7925160769189223 0.004496161823062084 0.9999472755789814 0.009232041061580317 -1.984242648017707 -0.0014230714283405357 -0.009225727056034928 0.9999564294652501 181.60849151003407
0.9999993756433201 -0.0006491041321889952 0.0009096038410988285 -0.8229585198375312 0.0006412288429132329 0.9999625406334015 0.008631694614668122 -1.991706620328634 -0.0009151727068581726 -0.008631106130067491 0.9999623325241702 183.005087823067
0.9999967303298167 0.0024835707503555685 0.0006092638701999087 -0.8396966099790346 -0.0024894570676440063 0.9999483052223298 0.009858472887136859 -1.993318842905808 -0.0005847482011292788 -0.009859957585191533 0.9999512184643468 184.329231488037
0.9999858963553626 0.005219036109228798 0.000984247742264874 -0.8344911761422898 -0.005231247301500564 0.9999038656355356 0.012841088115193449 -2.007352992187364 -0.0009171350871365186 -0.012846056108836821 0.9999170654155853 185.77896107843455
0.9999749343615393 0.006940819285119192 0.0013984505152087106 -0.8482142735653357 -0.006961487194145519 0.9998577962966277 0.015359846629344991 -2.024808652690428 -0.0012916418278544992 -0.015369197227521296 0.9998810526471801 187.1408937697643
0.9999878600682404 0.004685095683915529 0.0015262986816844228 -0.8541602320653437 -0.00470883494683616 0.9998618643707821 0.01593985734724937 -2.0159821333193184 -0.0014514081986816048 -0.015946851243753425 0.9998717874581394 188.5952049996022
0.9999903856537722 0.004162947441466676 0.0013778471141260773 -0.8526547996859237 -0.004185425053913193 0.9998512218166618 0.01673369202853573 -2.027505221243434 -0.001307980737415535 -0.016739298352907342 0.9998590326055634 190.0120437325624
0.9999982596182768 0.001099835624702783 0.0015070243074327466 -0.8597332849158346 -0.0011259059142310788 0.9998478195948293 0.017408905218225707 -2.0328385214045035 -0.001487648145458897 -0.017410572030453014 0.9998473177894518 191.36201070133524
0.9999982852725687 -0.00019030910962215125 0.00184207415876054 -0.8684582809991832 0.00015795253383812415 0.9998459824396183 0.017549542491459007 -2.036360985139015 -0.0018451304265532393 -0.01754922178273734 0.9998442980356391 192.82252249920523
0.9999923849153789 -0.0032238577544961566 0.0021992862397433866 -0.8664470161069895 0.0031827085024692045 0.9998244587194002 0.018464075915158258 -2.0353031413595377 -0.002258425904286469 -0.01845693598211642 0.9998271055701079 194.18783680217982
0.9999634321200854 -0.008187455320891102 0.002469819879571581 -0.8669210292420295 0.008136360661305202 0.9997662066114187 0.020033265677055476 -2.0315898073592717 -0.002633264125500418 -0.02001243814372154 0.9997962633690198 195.6360935789843
0.9999265536482076 -0.011805542351996481 0.002741622282763351 -0.8612230259017695 0.011746049451052142 0.9997149191785643 0.02078727189817588 -2.0396223781140375 -0.002986245952399538 -0.020753542315562062 0.9997801622476018 197.04662373861996
0.9999448700615342 -0.010083675850983619 0.0029285376109248248 -0.869425404323468 0.010032047082888688 0.9998027777385978 0.017139534412182706 -2.0434416344472957 -0.0031007897948787493 -0.01710921061048407 0.999848818581586 198.46574912576332
0.9999883392172118 -0.003574617209001322 0.003247083381115832 -0.8873925519964816 0.003534880764867368 0.9999197913742981 0.01216204861539354 -2.0521704875392612 -0.00329029787327971 -0.012150428977866667 0.9999207673690561 199.90453732758738
0.9999670353309666 0.00659534000859633 0.004736003945095723 -0.8993465108052081 -0.00664808460275673 0.9999150788560358 0.011208838343917617 -2.048432209929324 -0.004661676043526327 -0.011239954425969303 0.9999259633590826 201.35099768196312
0.9999019215615685 0.012612813939189057 0.006088033948905509 -0.9218878436260173 -0.012702648041606087 0.9998075550543236 0.014949769678385938 -2.0465138439437505 -0.005898304161265239 -0.015025637881849803 0.9998697116197237 202.78165895944758
0.9998703922228817 0.014476138149644427 0.007045576610575528 -0.9182337861524229 -0.014595121089278358 0.9997465746735188 0.017139687803996138 -2.047716695772105 -0.0067956751558081036 -0.017240297756292794 0.9998282807232178 204.21034766982157
0.999880013527364 0.014006252850883485 0.006616902637142517 -0.9174823591323831 -0.01412223130114959 0.9997414972224978 0.01781856731745024 -2.0584401140852884 -0.00636562131451584 -0.017909875118494657 0.9998193413015946 205.69313754250396
0.999928552299308 0.010733654455863124 0.0052610777799993284 -0.9100956612494842 -0.010827739099519037 0.9997758573921535 0.018193269571734113 -2.0657708749423933 -0.005064618693265032 -0.01824893564581829 0.999820646910524 207.12061633503686
0.9999556494771505 0.00849318022491256 0.00407000672334907 -0.9064689597012414 -0.008564552683082937 0.999803961096776 0.017851829662455455 -2.0643237229927935 -0.003917590354213242 -0.01788589606731934 0.9998323595541363 208.55449630095353
0.999951366059611 0.009157023924752539 0.003662569111037026 -0.9159220713092286 -0.009219131230210125 0.999807566053235 0.017315845173766102 -2.064159602957836 -0.003503302982519198 -0.017348769087358423 0.9998433612737627 210.04875285863568
0.9999439949076792 0.01000702025785908 0.003444789561460255 -0.9229127639329203 -0.010065473555846815 0.999798093831927 0.017391314685974865 -2.0698674990313313 -0.003270059061750628 -0.017425014470470495 0.9998428254423687 211.50454853609685
0.9999318725142442 0.011184312728977068 0.003340876651073818 -0.9271956812685302 -0.011242766112218949 0.9997743734270272 0.01802227693936092 -2.0611229281588788 -0.0031385563305200625 -0.01805861018368427 0.9998320039222568 212.94774986834298
0.9999402340203958 0.010530871131657658 0.0029375363631162785 -0.9412029443952665 -0.010582590443862597 0.9997786443650497 0.018184363235723873 -2.072548792716789 -0.002745389155027129 -0.018214363538516538 0.9998303355092931 214.38430585280838
0.9999314930725851 0.011385803116191752 0.002715257930699183 -0.9420728546729239 -0.011431741052688918 0.999780639637577 0.017549584630491707 -2.0778758058240574 -0.0025148463944215365 -0.01757942284108478 0.9998423072891367 215.86425827346298
0.9999410290310038 0.010589495577911745 0.00240853119492243 -0.9506511820160941 -0.010629235255555244 0.9997967233252568 0.017132758160913593 -2.075130629894598 -0.0022266145049200277 -0.017157349014718368 0.9998503225821858 217.33652360785302
0.9999436506841689 0.010462949333773485 0.0017950281357967735 -0.94785414617976 -0.010492377440158705 0.9997961016179 0.017252977164395115 -2.080569389586196 -0.0016141452296710248 -0.017270839430754616 0.9998495450048722 218.80333399555187
0.9999190824767931 0.012614844438193492 0.0016413927045174463 -0.9596858995743762 -0.01264097790375357 0.9997751344598694 0.017026045223912732 -2.0924149778827985 -0.0014262428075251616 -0.017045416671873797 0.9998536991019804 220.2786771315725
0.9999452516555714 0.010357222161151952 0.001490509599400035 -0.9687876772329147 -0.010381094753770734 0.9998013401316183 0.017015086198234875 -2.085503615501925 -0.0013139845650682164 -0.01702962811432936 0.9998541219682823 221.7813983019028
0.9999213741981184 0.012491932340294224 0.0010940837642468624 -0.9748683955212525 -0.012508600655338813 0.9997797885306479 0.016849610605472565 -2.094076117647945 -0.0008833587006329322 -0.016861971589411148 0.999857436636891 223.25548109910096
