1.0 -3.469446951953614e-18 0.0 -1.7787691892340307e-19 0.0 0.9999999999999999 -3.5405977195229754e-19 0.0 2.168404344971009e-19 -2.354751593366955e-19 1.0 0.0
0.9999998184236251 -0.0001920850232811945 -0.0005711877703400902 0.0023623220759034095 0.0001924746445146272 0.9999997488292218 0.0006821250560820844 -0.022605926090915572 0.0005710566496940094 -0.0006822348851515522 0.9999996042253559 1.3271691435190551
0.9999996106291743 -0.0006537789352943687 -0.0005927180634304468 -0.007919513178060316 0.0006544457365945475 0.9999991525635218 0.001125420722648312 -0.03902273942997718 0.0005919818357649513 -0.0011258082084223669 0.9999991910569219 2.628002273801946
0.9999985244154309 -0.0013027885225958633 -0.0011197808784350139 -0.009237918093241298 0.0013039059154677044 0.9999986522689209 0.0009976409880589597 -0.0746863043332523 0.001118479749464476 -0.0009990996244713523 0.9999988754018504 3.9515879976599413
0.9999979703940859 -0.001937228998920874 -0.0005534921413556564 -0.02262172482950816 0.0019378220718998269 0.9999975470087418 0.0010727623416835195 -0.08804861158533576 0.000551412644931519 -0.0010738327538173656 0.9999992714139098 5.267169937196659
0.999997036378921 -0.002257119790703626 -0.0009124941099497561 -0.018649532155090798 0.0022585203953163664 0.9999962688856073 0.0015366511946255576 -0.10716273517368945 0.0009090223777324522 -0.0015387075564707359 0.9999984030282704 6.588547945280161
0.9999936632595775 -0.003508593216050255 -0.0006026759439965706 -0.02948167420671842 0.0035100103391593265 0.9999910402785762 0.002366259634554262 -0.14135771548296003 0.0005943683540825869 -0.002368360083453099 0.9999970187946299 7.919808128524947
0.9999935873579455 -0.003545972592000738 -0.0005013237787811235 -0.04596817924492045 0.00354734165519352 0.9999899091701308 0.002756432409814429 -0.15774417091880533 0.0004915445302566984 -0.002758193152571753 0.9999960753702014 9.237975717330988
0.9999945325228042 -0.003162199561540355 -0.0009671718406478215 -0.04767321814152363 0.003164403641643873 0.9999923810313146 0.0022856998956418675 -0.18049763445178707 0.0009599367157884275 -0.002288747964195241 0.999996920073368 10.56724348189401
0.9999993718278438 -0.0005397995478571074 -0.00098232359230411 -0.06509394826456763 0.0005397764616904867 0.9999998540369741 -2.3802210726537233e-05 -0.20032833946651057 0.0009823363803767111 2.327196069436608e-05 0.9999995172375006 11.89743762022698
0.9999981564558521 0.0016923360910403168 -0.0009072370437938672 -0.06665721773566044 -0.0016929583283586376 0.999998332053123 -0.0006854094371043539 -0.2266983538808344 0.0009060756633413533 0.0006869440995372273 0.9999993535678254 13.22589272218465
0.9999820106708277 0.005974440726658308 -0.000533272778243969 -0.1045120570416933 -0.0059749474674867745 0.9999816957056019 -0.00095303130405321 -0.241257904113775 0.0005275692314408041 0.0009562004503369592 0.999999403675884 14.567590881504826
0.9999828135366087 0.005858846729684731 -0.00021571813315482088 -0.12027900280164446 -0.005858901670379075 0.9999828044462729 -0.00025316946641884195 -0.2689853338305618 0.00021423116017629026 0.00025442898701535325 0.9999999446855983 15.920749722136863
0.999988387032677 0.004816547553121408 0.0001632800019811464 -0.11396379076442609 -0.004816962826656087 0.9999849024736774 0.002644182797156139 -0.30402947008333386 -0.00015054171556417488 -0.0026449386597442153 0.9999964908123149 17.253771107122933
0.9999999898233153 -0.0001141961091591457 8.551569140253026e-05 -0.1139267757483135 0.00011377992992377128 0.9999882267666814 0.0048511216077012885 -0.332514355812816 -8.606866714621362e-05 -0.004851111923819669 0.9999882295838659 18.619229885018292
0.9999986137996626 -0.0016515168542976383 -0.0002118797209236967 -0.10596676907626468 0.0016523048868639246 0.9999915131136708 0.0037740675535234483 -0.36051093938915846 0.00020564500710796565 -0.0037744124851032826 0.9999928557352967 19.973659592203813
0.9999964851738605 -0.0026504692154296367 -6.823940745196181e-05 -0.11100495156634033 0.0026505395666269384 0.999995936341856 0.0010497312808759901 -0.36451727170758397 6.545685627318797e-05 -0.0010499084812200692 0.9999994467037697 21.325740435696233
0.9999996680352788 -0.0007894086359584093 0.0002019031643181713 -0.13634978980990098 0.0007894569694615414 0.9999996597771971 -0.00023916933321030317 -0.41668511913363987 -0.00020171431047671202 0.00023932865316033018 0.9999999510163972 22.66641651815744
0.9999982355282822 0.0016192245921583014 0.0009523920509171549 -0.13041218267818616 -0.0016204754167907561 0.9999978238108662 0.0013139389436514365 -0.4047147847892749 -0.000950262495425207 -0.0013154799795430747 0.9999986832553551 24.036679991603307
0.9999973169040305 0.0016576607625180774 0.0016181300679053454 -0.14039418335793333 -0.0016665204394610928 0.9999835450919028 0.005489285618178666 -0.4293927302427996 -0.00160900419996799 -0.005491967644934802 0.9999836245638969 25.427651777287345
0.9999983401153307 0.0004742489010070303 0.0017592203412678431 -0.1389516951856992 -0.00048566679981753343 0.9999787856684969 0.006495563086412301 -0.4514740960392897 -0.0017561026500963555 -0.006496406826415689 0.9999773561441732 26.804510302928932
0.9999908762035504 -0.00391187406223943 0.0017160299331188105 -0.13671194170787768 0.0039005828538666003 0.9999710410400389 0.006534717105832992 -0.493827712673943 -0.0017415433706363477 -0.006527964091722347 0.9999771760949339 28.1722167025876
0.9999913327932243 -0.00379357934236668 0.0017155470919817705 -0.14814606371088418 0.0037867219820446104 0.9999848978431515 0.003983066179608905 -0.4981121738208306 -0.0017306314038598768 -0.003976535431729948 0.9999905959954547 29.524252102810777
0.999991248152369 -0.003628118326866398 0.00208335881440989 -0.14273354248966225 0.0036234186236209134 0.9999908921770824 0.002255303731668984 -0.5486146815949754 -0.0020915225230217615 -0.002247735152289134 0.9999952865977837 30.92293706820482
0.9999940034289115 -0.002094542785897739 0.0027578983741073882 -0.16718647115758783 0.0020926531862922957 0.999997573782547 0.0006879160118098983 -0.5246383351940987 -0.002759332784853882 -0.00068214057144819 0.9999959603735108 32.30520153360654
0.9999937388188433 -0.0003221031976302566 0.0035240002135687215 -0.17249344872679384 0.0003249182323770642 0.9999996285971784 -0.0007982688898376113 -0.5889117533419558 -0.0035237420781963668 0.0007994089225222844 0.9999934720700451 33.682291917429986
0.9999928143880753 -0.00035342596952544873 0.0037744227960488383 -0.19087082770898564 0.00035518982576662056 0.9999998280377329 -0.00046665209777674223 -0.5791870506376011 -0.003774257539332364 0.0004679893937374246 0.9999927679545101 35.07391492160487
0.9999951250500528 -0.00015272531407131001 0.0031187425844382884 -0.18390008943022818 0.00015056382631894148 0.999999748339483 0.0006932900963585491 -0.6230093827568766 -0.0031188479455155236 -0.0006928171577871534 0.9999948963809888 36.47018048002764
0.9999956455324626 2.353618913478704e-05 0.0029509940537722377 -0.20072277323334092 -2.8306584414137387e-05 0.9999986930513184 0.0016165067795851896 -0.6083093488263881 -0.002950952398631714 -0.001616583302599806 0.999994339251401 37.875610786525066
0.9999961348964229 0.0011363548466566883 0.002537497051278758 -0.19371656521842412 -0.001141443894010245 0.9999973386122987 0.002004962778898552 -0.6162889159185256 -0.0025352121615341617 -0.002007851478405779 0.9999947706006966 39.26763103821676
0.9999912004577137 0.0030801057918994823 0.0028481491355089655 -0.20381744001060703 -0.0030867878543715784 0.999992487211445 0.0023446250478300905 -0.6563032113364765 -0.002840906283148337 -0.0023533960947927225 0.9999931953643783 40.66744855528016
0.9999644287837023 0.007906472928164992 0.002937488717905631 -0.22054401965948436 -0.007914027007388184 0.9999653841966893 0.002568774284217016 -0.6894956495442195 -0.0029170773349575935 -0.0025919303296060257 0.9999923862478709 42.08779221172665
0.9999654592500916 0.007820024637059568 0.00281558313287321 -0.23268395258936486 -0.007828257942194678 0.9999650808851679 0.002924962225789013 -0.7034039600899912 -0.00279261177264299 -0.002946902368220833 0.999991758507468 43.47647471874728
0.999964960650867 0.008047342040934963 0.0023060230640618235 -0.2378556879862187 -0.008053909767730853 0.9999634972149175 0.002852856795245211 -0.7332042575564901 -0.002282981164488357 -0.0028713293955783693 0.9999932717083596 44.91687864250603
0.999970373437093 0.007542320398687137 0.0015380628324936489 -0.2457600441984347 -0.007545427045246647 0.9999694848752215 0.002023824271136501 -0.7589915330370598 -0.0015227516947487238 -0.0020353696977265536 0.9999967692426238 46.31624375157301
0.9999772919148984 0.0067229946806989195 0.00046581530015528134 -0.2494306946983101 -0.0067241783828638005 0.9999740461036517 0.002586997783565926 -0.782456251520323 -0.0004484108743214384 -0.0025900713188049523 0.9999965452230631 47.73999059252165
0.9999724279751864 0.007397337098800917 -0.0006501358641326353 -0.24597981501119998 -0.007395056748500885 0.9999667279391314 0.0034432782684502812 -0.8121371420560227 0.0006755853822565908 -0.0034383756126710736 0.9999938605608094 49.13522431676911
0.9999652172665404 0.008163121849826429 -0.0017110459599350648 -0.252337900814407 -0.00815711434542925 0.999960642123 0.003489370623032671 -0.8366280021773828 0.001739462923670146 -0.0034752921318029714 0.999992448279972 50.567875620438826
0.9999651468538563 0.007888828843603111 -0.0027333926422269316 -0.26572210088504605 -0.007879088958571185 0.9999626363257412 0.0035561110399932963 -0.844670352982367 0.0027613442996967013 -0.0035344505325000464 0.9999899412707631 52.01877917454844
0.999951147671237 0.009097463167627617 -0.0038650236151203683 -0.2808933110843274 -0.009079440652869966 0.9999479443452064 0.004655359945638346 -0.8816096823750383 0.003907174717780099 -0.004620040369134445 0.9999816944429828 53.42902903018358
0.999957152753023 0.008016944046261371 -0.004628308559599919 -0.29982243480185183 -0.007993230767026217 0.9999549479586395 0.005119602603459916 -0.9022320827970769 0.004669144010652911 -0.005082388214315604 0.999976183933634 54.88858897315321
0.9999813078647529 0.0036386160609400307 -0.004913692900218409 -0.30951831383870165 -0.0036088226745332602 0.9999751339674108 0.006058700430305358 -0.9083009179786948 0.004935616422626957 -0.00604085465976818 0.9999695734254659 56.2745077984341
0.9999803443944504 0.003617359575297483 -0.005121085594767007 -0.3464816375418094 -0.0035862530906153505 0.9999751439136223 0.006070448812930717 -0.943600167022758 0.005142917740052203 -0.006051964111777796 0.9999684615722683 57.69348327199224
0.9999816660360267 0.0038277455185094338 -0.004692114644386878 -0.3766516787397067 -0.003796438134228792 0.999970593740545 0.0066632362237238184 -0.9828642686718883 0.004717482243245291 -0.006645300874970329 0.9999667921228628 59.13310786157622
0.9999831667135657 0.0025227345843855586 -0.005225139701630452 -0.34396977006207896 -0.002487289777097214 0.9999739291439133 0.006778969291125257 -0.984334015578305 0.005242105466365007 -0.006765858881778662 0.9999633710772081 60.56207884122364
0.9999889912358225 -0.0007404334888364058 -0.0046334822402238 -0.37194906273697637 0.0007742043272795391 0.9999731214794598 0.007290879442133817 -0.9803770260649769 0.004627959684841898 -0.007294386587530134 0.9999626862660689 62.02025995421143
0.9999879900742619 -0.002310986457552037 -0.0043219259651281145 -0.37640224007507833 0.0023421705338121327 0.9999711622091764 0.007224194196206798 -1.0188246244918215 0.004305106685220195 -0.007234230266133256 0.9999645653617446 63.42921171280455
0.9999905746709415 -0.0018882824218154314 -0.003909597720841883 -0.3871599500510414 0.001913999273806968 0.9999764896487281 0.0065845844200164705 -1.0589273726147896 0.003897072584623052 -0.0065920054569912345 0.9999706787193134 64.84062504284816
0.9999924312762885 -0.00224984931589502 -0.0031742031778019385 -0.40725107126743837 0.0022701004146881525 0.999977002279065 0.006390739556188259 -1.0671554322851549 0.0031597522497148534 -0.006397897073345156 0.9999745411189953 66.29304216678398
0.9999963142539507 -0.0008823817344307851 -0.0025676600018354387 -0.4154195161912393 0.0008982785932080007 0.9999803973812685 0.006196607602090209 -1.0848079522196936 0.002562142117224062 -0.00619889136056947 0.9999775043368573 67.66202996735575
0.9999971231431967 0.001716255078997803 -0.0016757589466173935 -0.4454330713075905 -0.001703771219754801 0.9999709980002189 0.007422959176063931 -1.1114670498447203 0.00168845018623455 -0.007420082860343789 0.9999710453364378 69.12293508636003
0.9999890713320662 0.004587445112137996 -0.0009014174932569291 -0.45898546804025997 -0.004579698002004083 0.9999540927175689 0.008416580648578493 -1.12422334514483 0.0009399867993403237 -0.008412360616752813 0.9999641736671014 70.48712139811639
0.9999675979209753 0.008048376102924774 0.00016350294357967516 -0.4793933833692089 -0.008049550567491126 0.9999242101362029 0.009315510365331094 -1.1489338477059339 -8.851582115404293e-05 -0.009316524838357583 0.9999565963244198 71.92482245237552
0.9999281074130503 0.011970190772138631 0.0007032144073961643 -0.49111508345374755 -0.011976232537608003 0.999884777154849 0.009327502015033446 -1.1706406136387983 -0.0005914814456596436 -0.009335253488732872 0.9999562506400438 73.30351523533514
0.999885651302136 0.015075760978940776 0.001185627868513724 -0.49957914702967754 -0.015085490152852914 0.9998485687588302 0.008675688687658627 -1.1806793692234958 -0.001054655801445177 -0.008692582593508597 0.9999616626201843 74.70967809093203
0.99987869530735 0.015444653352131448 0.002014277898188835 -0.5173717915587362 -0.015461547467828355 0.9998429631962041 0.008659649804226233 -1.185094966887281 -0.0018802164458523996 -0.008689743382978544 0.9999604757919736 76.15985862571694
0.9998663665627106 0.016170511183573398 0.0024007383594361253 -0.5227526666797346 -0.016191464962580365 0.9998285742806968 0.008981010772962468 -1.2001140156105339 -0.0022550994602514303 -0.009018682268962349 0.9999567880145227 77.52491219526235
0.9998719561870149 0.015791067058388876 0.0025910216997995245 -0.52700073315522 -0.01581513862371336 0.9998293389828008 0.009548525443864017 -1.2386758104929045 -0.0024397983071955493 -0.00958828038071117 0.9999510549338888 78.9261830421074
0.9998850574244963 0.015037114242508271 0.0019383235007422188 -0.5166003011715445 -0.015052378907453201 0.9998537629964865 0.008116560083311533 -1.240426285915354 -0.0018159905526859465 -0.00814480369534303 0.9999651815693177 80.29736209213196
0.999891092619928 0.014640659921393219 0.0018584782021844994 -0.5342042332622723 -0.01465577697828389 0.9998573246232829 0.008398728081536567 -1.276031318296633 -0.0017352502622143512 -0.008425051015974154 0.9999630030266202 81.69394407877978
0.9998838502295041 0.01512856896637314 0.0018472721344817353 -0.5622142447712849 -0.01514355610090103 0.9998501488032701 0.008387650653539329 -1.2719281397496944 -0.0017201023066409364 -0.008414650875083121 0.9999631167692287 83.06211266279868
0.9998925955955696 0.014561940106296339 0.0016574493535908678 -0.5794436149528029 -0.014574266236501552 0.9998642613439468 0.007684379343707746 -1.2882884297496435 -0.0015453250271320117 -0.007707710277488048 0.9999691011090629 84.4411641549531
0.9998953905700361 0.014442542274096217 0.000787942630603466 -0.5859308938006896 -0.014448327068390646 0.9998643387141946 0.00790885877438873 -1.2982329960305108 -0.0006736117615052204 -0.007919416052623678 0.9999684140501062 85.83641461970933
0.9999003486591136 0.014113640060988513 -0.0003128565960144663 -0.5925918463975924 -0.01411041479674639 0.9998631685479394 0.008633678739662464 -1.3233043157602706 0.00043466646437480163 -0.00862840402688615 0.9999626801597818 87.21086737440721
0.99990854817229 0.013441361357711387 -0.0014916637638439426 -0.5965220184232443 -0.013426360448469302 0.9998633101823237 0.00964851421448165 -1.3343350188777328 0.0016211491786791575 -0.009627604426233248 0.9999523394213393 88.5846270137337
0.9999204429342199 0.012246171324062048 -0.0030230870136772558 -0.5844292261423273 -0.012214345018041663 0.9998720312926361 0.010331061918756905 -1.3552248206693371 0.003149216381058272 -0.010293315196800164 0.9999420633754917 89.92067081271841
0.999936511056581 0.010705190239712493 -0.0035174886850841847 -0.6090145235081633 -0.010666112327034283 0.9998831936999462 0.010946827162816137 -1.3816361239242854 0.0036342660028237136 -0.01090861445706304 0.9999338949409664 91.29867243639387
0.9999429552258274 0.00992282482361068 -0.003952696783548761 -0.6179866149929245 -0.009880434445003188 0.9998949659439623 0.010603495352769433 -1.4056772164117588 0.00405749859349162 -0.010563836336431527 0.9999359689891755 92.68242446526446
0.9999516724018713 0.009009103809555764 -0.003935591696078013 -0.6336214414684972 -0.008967516384623309 0.9999050816431825 0.010459989011612937 -1.4256118691765018 0.0040294536114209075 -0.010424191238085242 0.9999375479257617 94.01291385567916
0.9999555826376009 0.008456060217189275 -0.004162663963292314 -0.6694121853990052 -0.008413403616864547 0.999912984963129 0.010160568706773206 -1.4278636463948677 0.004248220496427043 -0.01012509543856083 0.9999397157211339 95.38930689203451
0.9999587082387471 0.008182069887351985 -0.003954178148437703 -0.6729327534654755 -0.008143083329821077 0.9999190446467814 0.009777236868021785 -1.4435177897435127 0.004033856420170324 -0.009744634148139192 0.9999443835126551 96.75545207698866
0.9999331043437145 0.01091336126631818 -0.0038321470264180307 -0.6781112680186977 -0.01087686090623467 0.9998964733456162 0.00942000583936431 -1.4742958878541277 0.003934554563322603 -0.009377694148104288 0.9999482877345435 98.10316743351551
0.9999206215055965 0.012055683668363999 -0.003662122796761977 -0.6997026604124232 -0.012020970256725636 0.9998839572047318 0.009357800193210766 -1.4768167800719931 0.0037745128385224327 -0.009313035311766428 0.9999495089433875 99.44906246416804
0.9999194384135831 0.01224732672497835 -0.0033346116814373964 -0.7110356946447904 -0.012211893399097569 0.9998708579034971 0.010446875164945696 -1.4877401586245047 0.003462127636329704 -0.010405311843011586 0.9999398697759738 100.79413776714225
0.9999168985364092 0.012510734454504475 -0.0031108694379347055 -0.7583461326720649 -0.012472510342648593 0.9998499973299505 0.012017460244470006 -1.5025253791390476 0.0032607503376175786 -0.011977661473007625 0.999922948603178 102.12085633394358
0.9999166106201657 0.012475335944624123 -0.003337328649753721 -0.7353826123624387 -0.012437605382164787 0.9998610684229208 0.011097290239457791 -1.5235152172382105 0.003475307715093071 -0.011054856696801788 0.9999328539407059 103.47415267027424
0.9999148785603522 0.012652285286185876 -0.003186734061441536 -0.7440309557278534 -0.012623938658732518 0.9998819090726679 0.008763795407250627 -1.5346806256663654 0.003297240061664035 -0.00872282046935381 0.9999565193645809 104.79578899110884
0.9999373614375111 0.01066201907774548 -0.0034050726376703743 -0.7810352475348656 -0.010635944483275097 0.9999146594251209 0.007586209465135127 -1.5554082116536516 0.0034856666568723518 -0.007549518272144683 0.9999654268575315 106.10848346086338
0.999944505595834 0.010136734596615175 -0.0028692006170942578 -0.7807161388186528 -0.010111733749106703 0.9999119088600843 0.008598103319858824 -1.5684950675698934 0.002956104813444294 -0.008568613759578906 0.9999589193114293 107.47655140075958
0.9999766257685596 0.006445212755444751 -0.0022819140978291045 -0.7982037685051387 -0.006420422418428963 0.9999220385177232 0.01070957850882577 -1.5770870015700038 0.002350761915333524 -0.010694677545865125 0.9999400471020318 108.80214774097635
0.999981198485479 0.0058277774303494775 -0.0019077921414345316 -0.8022278882945594 -0.005805266628163851 0.9999158681769802 0.01159980407424395 -1.595080456438328 0.0019752328877066655 -0.011588510972782361 0.9999309000506368 110.13718895532124
0.9999843125659503 0.005458375463527545 -0.001257277388362542 -0.8013786824905942 -0.00544450027822911 0.9999269946645303 0.010787157402264363 -1.6058194574947184 0.0013160660752803777 -0.010780143150076669 0.9999410265059038 111.4502401135865
0.9999789690960564 0.006482331755230377 0.00020181089112693415 -0.8266663849745157 -0.006483742972275837 0.9999467836849851 0.008024393183671454 -1.6269072379966867 -0.0001497833793176115 -0.008025533076398939 0.9999677836740059 112.81146745978074
0.999955580001351 0.009365251527511519 0.0010630468447513175 -0.8192170871165133 -0.009372169557923016 0.9999336324411588 0.006700236552864427 -1.649243528171958 -0.0010002269719995357 -0.006709902122251564 0.9999769881151516 114.14297515788472
0.9999178080736518 0.012621313304309828 0.0022537790072744935 -0.8361215451182823 -0.012633996799064583 0.9999039150314389 0.005704634875493743 -1.6501713585036133 -0.002181562649438545 -0.0057326403582090586 0.9999811886317631 115.44469906646141
0.9999065749900709 0.013003565268011847 0.004212903365941252 -0.8662537808529558 -0.013037119780178007 0.9998827098370318 0.008037419144277493 -1.678581719724191 -0.0041078944707959595 -0.008091592540218432 0.9999588248176248 116.82259933321527
0.9999000520101695 0.013477330341493805 0.0042717125623077555 -0.851980747710397 -0.013519874222413894 0.9998576726339323 0.010091952552978362 -1.6824781012722196 -0.004135092344435572 -0.010148697106149891 0.9999399506754377 118.09893093409349
0.9998959175925268 0.013450688157566504 0.005218519134141546 -0.8520919443691863 -0.013506581605513325 0.9998501602038627 0.010827253735200992 -1.6980167463720646 -0.005072103599357509 -0.010896611384054978 0.9999277662029156 119.48305794882859
0.9998903910455249 0.013276864722598869 0.006552154708859526 -0.8704509052358207 -0.013343134512922898 0.999859193205794 0.010176175748027287 -1.7163601380145916 -0.006416124946896185 -0.010262486836890827 0.9999267546683598 120.80356097252576
0.9998587574992049 0.015040980289262571 0.007498928700972751 -0.8510541679320984 -0.015116588415725173 0.9998344245092387 0.010129775749197592 -1.7293274947073545 -0.007345325918173024 -0.010241703420473909 0.999920573693153 122.11443510350178
0.9998195299152549 0.016727647730256853 0.009005185340301121 -0.8681168332601574 -0.016815499104836935 0.9998108767858945 0.009769835858810593 -1.735797416279472 -0.008840056618126202 -0.009919499582863558 0.9999117245653335 123.4737718355993
0.9997805284194509 0.01815926266502077 0.01044682385295859 -0.8813490840738614 -0.018256829278973735 0.999789882126479 0.009320935053542652 -1.7517196223513032 -0.010275368342377396 -0.009509615445765035 0.999901987204546 124.82922313276111
0.9997645433580998 0.01850058066901965 0.011339590515635566 -0.8662528122775689 -0.01859806411321143 0.9997904630229464 0.008552316027728024 -1.7645600775754062 -0.011178992578278195 -0.008761196937297537 0.9998991306872622 126.15935766496696
0.9997634704987539 0.01785420368813264 0.012418954190718834 -0.8716331019398564 -0.017954986420182478 0.9998063768821509 0.008051537490258179 -1.7809789748102915 -0.012272796835267726 -0.008272615384696709 0.9998904651454462 127.49775463572715
0.9997593600762338 0.017544356756509297 0.013168805676346743 -0.8563091038338649 -0.01765994117972485 0.9998060890318732 0.008712683763050023 -1.7860277302003862 -0.013013394761806142 -0.008943147656258183 0.9998753280603306 128.7954339079253
0.999749209665856 0.017676788670748404 0.01374950438438072 -0.8369631499697532 -0.01780701032211785 0.9997971901136137 0.009406862950061382 -1.808598689119322 -0.013580433861456142 -0.009649341558927174 0.9998612213809138 130.17246552991554
0.9997628486753444 0.016767228596115142 0.013896273356148393 -0.805830752137322 -0.01689671387322856 0.9998144199629394 0.009253471633618856 -1.8113223442355944 -0.013738540565399372 -0.00948607870399382 0.9998606236929795 131.49442295903236
0.9997892412479757 0.014775535170907055 0.014253301780465947 -0.8148528557635051 -0.014914995379269408 0.9998414402283056 0.009728173020040953 -1.8343526340096306 -0.014107304002636222 -0.009938710848352076 0.9998510919125565 132.84822346032402
0.9998033695444005 0.013819471173310522 0.014221266959906621 -0.8139476325503636 -0.013968254946457991 0.9998481817745907 0.010416395124995249 -1.846485414251283 -0.014075160021973489 -0.010612993435338195 0.9998446150474086 134.1789545176201
0.9998373926139399 0.011929074944884347 0.01352351576004011 -0.7888351513455297 -0.012074706546474693 0.9998694324129965 0.010738696992798589 -1.8694932622728244 -0.013393648429787897 -0.010900243498702321 0.9998508863183745 135.51550523165673
0.9998475399179386 0.012329425615202862 0.01236455256453667 -0.777484168776017 -0.012456830853926466 0.9998695610803232 0.010280477458576649 -1.8821932842686244 -0.012236188389933471 -0.010432933441132136 0.9998707064369696 136.8539299835853
0.999875764951238 0.010319729422961658 0.011914605757137946 -0.8027340039137497 -0.010463186886539935 0.9998727535892398 0.012041526875449937 -1.9072382705513222 -0.01178882535419849 -0.012164695880555909 0.9998565115900002 138.19682111404845
0.9999010578073486 0.009720686881979388 0.010167734613153475 -0.7498903318037948 -0.009840389944010465 0.9998820772680659 0.011789754095211165 -1.9146757586373602 -0.010051931938611402 -0.011888642298113676 0.9998788020785097 139.55382447713276
0.9999224035224165 0.008400456287222172 0.009198872583075574 -0.7730315880199223 -0.008510436036974954 0.9998919893836224 0.011982573131834987 -1.9291739221793087 -0.009097220684952593 -0.012059929979822923 0.9998858928208126 140.90348734367558
0.999931599872169 0.00873817480686174 0.007774308055870681 -0.7632038533187103 -0.008828229295695194 0.9998934480089922 0.01162561874553533 -1.9339481659149436 -0.00767189363847199 -0.011693457156780808 0.9999021977699013 142.23326977428036
0.9999417652593137 0.008433861800197687 0.006733205281213102 -0.7572564054448039 -0.008509242810341235 0.9999005517938491 0.011246302660493339 -1.9459518690560178 -0.006637686465960338 -0.011302942437437156 0.9999140886136763 143.5844462435703
0.999959864872364 0.006247283289446912 0.00642184471869128 -0.7556583139996689 -0.006305265443425469 0.9999391814805012 0.009048589818695716 -1.9596415867731671 -0.006364925578569236 -0.00908871826671486 0.9999384395647 144.92795201532311
0.999981493334136 0.003534980277210437 0.0049514545959371 -0.7584368777370277 -0.0035754518947075306 0.9999600792712309 0.008188773522115786 -2.0027756139481223 -0.0049223101869251135 -0.008206325823381006 0.9999542124896447 146.23642063509192
0.9999752613699375 -0.005626299369579009 0.004221541850510167 -0.7608450209524771 0.005579241526900071 0.9999230793340187 0.011077340306927495 -2.0032871150405533 -0.004283541912141904 -0.011053513477171328 0.9999297330849369 147.6344161906348
0.9999173953587687 -0.012580984033016464 0.0026308389083879832 -0.7509585753984207 0.012546701765090956 0.9998410740479313 0.012665184825026293 -2.018960539108287 -0.0027897615125005975 -0.01263113050785967 0.9999163323868536 148.94314685758593
0.9998965148551013 -0.014330528985854333 0.0012631434687460513 -0.7211287420110698 0.01431748509928116 0.9998495395274449 0.009793258608569866 -2.0361056501773254 -0.0014032961015660204 -0.009774160294529972 0.9999512470874702 150.24464120709519
0.999913796306219 -0.013061671381610943 0.0013389209482673446 -0.7428023904428402 0.013052163355678624 0.9998911452259265 0.006880313844256862 -2.061045382178701 -0.001428643712984981 -0.006862245044947177 0.9999754339832095 151.64858717378308
0.9999523465491642 -0.009499449516605788 0.0022505782222433605 -0.7442045626605981 0.009489694438566553 0.9999456984698593 0.004306483553287804 -2.0751317186181617 -0.0022913654249942413 -0.004284921110165876 0.9999881944770292 152.96765598688086
0.9999467109784375 -0.009792899301865124 0.0032671609229522865 -0.7554062331140754 0.009777436320084125 0.9999410792154685 0.00471591196787983 -2.1005021282402487 -0.0033131511457733047 -0.004683716285797139 0.9999835427786469 154.33984943308843
0.9998946575897167 -0.013995725411776664 0.003846220023593826 -0.7626595577370523 0.013966354953455969 0.9998738854504926 0.00756003382103198 -2.093657607425332 -0.003951543443584221 -0.007505519888774996 0.9999640255893997 155.65264964218252
0.9998490605857435 -0.016878448931158495 0.004119954049810226 -0.748445049315144 0.016826887316447242 0.9997834389165028 0.012244636303501664 -2.143000578211104 -0.004325732651091253 -0.012173462326225999 0.9999165439432738 157.01065564928834
0.9998016591035839 -0.019524483898744147 0.0039289940185747805 -0.7284230282013283 0.019474463871797423 0.9997335752815569 0.01239046811949426 -2.1428160539001575 -0.004169865073712621 -0.012311495755198932 0.9999155160798279 158.3479807295309
0.9997827555971228 -0.020555026247164845 0.003454347544723983 -0.7097274788811034 0.02050787476335473 0.9997029155628342 0.01317223128251791 -2.1742964232599764 -0.0037240771741487355 -0.013098528601575222 0.9999072756002011 159.68233767538345
0.9997812379711233 -0.020347596844475978 0.004842676461223067 -0.7287286583138387 0.02028408658000009 0.9997120427124986 0.01282136795755833 -2.162428081857636 -0.005102166422797323 -0.012720334091468352 0.9999060760879421 161.0444227002594
0.9998170660811915 -0.018142339104219765 0.006057220402701086 -0.7255194759585284 0.018067251011696633 0.9997619798347206 0.012229395133579549 -2.166318613526824 -0.006277649015014429 -0.012117720860801331 0.9999068716446097 162.38325398351918
0.9998436597979713 -0.01594397078898619 0.0076449835534448275 -0.7593236319356922 0.01585912984399042 0.9998133650629162 0.011032816006330428 -2.1756965433451945 -0.007819464279353192 -0.01090984854328327 0.9999099115320451 163.736420585361
0.999858790662642 -0.014698404889636425 0.008145897442162589 -0.7642417136207343 0.014616468003453962 0.9998428801038951 0.01002865671954833 -2.1636428997376798 -0.008292023508214171 -0.009908176507546012 0.9999165317068665 165.09023554956983
0.9998569291818895 -0.014459240800970287 0.00877790062304002 -0.7788322825348273 0.014365372838020477 0.9998399419545371 0.010664263787113853 -2.1774003725391267 -0.008930693552620248 -0.010536640416324216 0.9999046064089969 166.44109437034624
0.999849266025936 -0.015289917803973235 0.008225792215290354 -0.7531263733132465 0.015200602515062406 0.999825993255968 0.010813180828057094 -2.172198892648903 -0.008389694217259262 -0.010686514108601846 0.9999077014623894 167.7604105377168
0.9998758679065941 -0.01357644218703766 0.007995562055292204 -0.7545760519077496 0.013505838193102946 0.9998698978942129 0.008819274744423077 -2.1786682012119125 -0.008114256867209988 -0.00871019337668635 0.9999291431709203 169.14319262305077
0.9999239380572026 -0.010324369297711645 0.006747259826599989 -0.7412871861143291 0.010277390987113576 0.9999229593313109 0.006960648313550923 -2.2118771206922867 -0.006818604886834744 -0.006890774768150909 0.9999530108188939 170.5834605046679
0.9999611918037297 -0.00527725748143258 0.007054463361863631 -0.7589010349973725 0.005242903160943347 0.999974350532147 0.004879573384489561 -2.20178291839865 -0.007080033777805391 -0.004842398234428616 0.9999632114710523 171.93971916558522
0.9999706672705418 -0.003170456238951975 0.006972289209649071 -0.7522673773706641 0.0031297824105816392 0.9999780674972528 0.005836863938014122 -2.2159036640334002 -0.006990642397416322 -0.0058148710852250875 0.9999586582394022 173.27962259326858
0.9999612534062543 0.0024036930054925996 0.00846840886738046 -0.7807689011703427 -0.0024721922272739364 0.9999642387310006 0.008087615639286708 -2.258989782310323 -0.008448666588761512 -0.00810823796108171 0.9999314359021894 174.66492500552388
0.9999584672407954 0.004013429560144024 0.00818267535074031 -0.7854915090595891 -0.004099763320525519 0.999935821950102 0.010561435781132765 -2.2699523222652602 -0.008139763303599211 -0.010594544373092051 0.9999107459566214 176.0443324780385
0.9999744969519345 0.0012839378862472628 0.007025450421041576 -0.7647950672159907 -0.001368693467611982 0.9999261869285634 0.012072587565030487 -2.2752574052971593 -0.00700943198107718 -0.012081895598754852 0.9999024430712402 177.46101841866664
0.9999835991031077 -0.0005013931877153391 0.005705272688627113 -0.7630993823462867 0.00043405446584647046 0.9999303067060644 0.011798021970350809 -2.2805670753795066 -0.005710790990258136 -0.011795352300569321 0.9999141245770105 178.86868324453346
0.9999871719328011 -0.00334933716481531 0.00379972626890942 -0.7697438532610648 0.003318577169631267 0.9999619061141265 0.008073001867385843 -2.2863031801793086 -0.0038266210443742583 -0.008060288774715423 0.9999601935646979 180.20696502902686
0.9999976529427578 -0.000779691247463148 0.0020214337767840186 -0.7748583441773134 0.000771277473567528 0.9999910507639743 0.00415975010142719 -2.3082985563415805 -0.0020246591749122716 -0.004158181331630784 0.9999893050834963 181.6258322142058
0.9999959799102474 0.002693391575546783 0.0008864545121168874 -0.7780430335744639 -0.002696992265944413 0.9999880158025475 0.004085888882958571 -2.338239008541543 -0.0008754390608155696 -0.004088263300209857 0.9999912598164242 183.01740123272015
0.9999820979202676 0.005915882547360655 0.0008978652884174291 -0.801922726146505 -0.005920630459161389 0.999967998301638 0.005380382713333013 -2.3473576783599763 -0.0008660069122109401 -0.00538560243184139 0.9999851225485824 184.34528927653776
0.9999653156768809 0.008151037337125355 0.0017111453371895556 -0.8258152267280385 -0.008163593134743956 0.9999388257253188 0.007463281423447993 -2.349951232436755 -0.0016502073074933013 -0.007476991811179271 0.99997068527487 185.79732268481578
0.999935378101927 0.011147564985174115 0.0022296618250230897 -0.8408936544841843 -0.01116936547692236 0.9998874548333966 0.010016135202424599 -2.3744825235769635 -0.0021177555408343944 -0.010040392053277792 0.9999473514337296 187.16623819902634
0.9999654580151102 0.007973556864241468 0.0023463063721428194 -0.8396569679991577 -0.00799765114569094 0.9999134645178417 0.010445145549450066 -2.3704735683704374 -0.002262818554664996 -0.01046354990373345 0.9999426952461332 188.62000322866322
0.9999710667641014 0.007393669013809416 0.0017886531443463644 -0.8192734155770003 -0.0074128214300261735 0.9999125818762196 0.01094891299339434 -2.3806573594074183 -0.0017075442808168473 -0.010961855392598047 0.9999384591165256 190.02121371741677
0.9999905302106715 0.0036511867297446127 0.002368189348336402 -0.8498701959535456 -0.0036788350565284105 0.9999238761768616 0.011777437180475001 -2.3909137853860765 -0.0023250076375529068 -0.011786038061823207 0.9999278392201475 191.39186757045078
0.999994174612252 0.002218931231242595 0.002593662511508216 -0.8462536885564195 -0.002249218173435784 0.9999286335254713 0.011733237964918618 -2.4018006138705057 -0.002567442370414277 -0.011739003558095363 0.9999277994115456 192.84088283329518
0.9999958738854207 0.00025615297644381897 0.0028612236988386506 -0.8402073588530239 -0.0002918184844484459 0.9999221831628454 0.012471666149522234 -2.416174282001523 -0.0028578066244919474 -0.01247244989165968 0.9999181321168272 194.19574249890147
0.9999828490336033 -0.0047372721842283035 0.003443820758809644 -0.8527865109259745 0.004688440271284122 0.9998902728212903 0.014052075764590046 -2.423271361021053 -0.003510011670676979 -0.014035688880133328 0.9998953341510787 195.6501956648576
0.9999584887538269 -0.008345346887831203 0.0036573170530669595 -0.8420634679844496 0.008290382275612448 0.9998561821092388 0.014794750572374036 -2.4343960266843623 -0.0037802586980332387 -0.014763816148893459 0.9998838629453507 197.06487771082365
0.999979252332811 -0.005080587980152993 0.003960118814498346 -0.8490736987333785 0.005031106061518081 0.9999103790439882 0.012406524120158833 -2.4684964917896783 -0.0040227966717730455 -0.012386343172920559 0.9999151942087712 198.48818585324577
0.9999913432067352 -7.206804763418284e-06 0.004160945153621709 -0.872957394735119 -1.9912176541639348e-05 0.9999787611441249 0.006517427596903246 -2.462526872369157 -0.004160904096079333 -0.006517454155418885 0.9999701043857265 199.93021487810614
0.9999198623452697 0.011390318262519454 0.0055253521356769895 -0.8686135461081512 -0.011422051487008714 0.9999182572473514 0.00574591931390537 -2.473998235008001 -0.005459453085863223 -0.005808569824750825 0.9999682269373119 201.39259552306982
0.9998381630454901 0.01677737289358041 0.006493645927596204 -0.881532386976807 -0.016835378748186424 0.9998179176800183 0.008983404205669338 -2.4737540185614604 -0.0063417461568589205 -0.009091273534417275 0.9999385636116134 202.80057643439085
0.9998011530674145 0.018491785258894 0.007463789751903451 -0.8648900932325175 -0.01857192113762119 0.9997690452979254 0.010813873396174468 -2.474838498799482 -0.007262098735869022 -0.010950340229365172 0.9999136722576916 204.2387633979628
0.9998444941046363 0.01584685061941219 0.007737241032897189 -0.9092904081235249 -0.015933528136268846 0.9998095095229945 0.01127241706979483 -2.475783717469042 -0.007557135483132805 -0.011393945920740004 0.9999065294800601 205.70081909552349
0.9998924433540719 0.013285229154160819 0.006213242545465569 -0.8895323925766776 -0.013357625594738382 0.9998416349341842 0.011759205727940827 -2.5013961881854536 -0.0060560353451698775 -0.011840935353493818 0.9999115544306536 207.1528152590397
0.9999092676426903 0.012549294480628758 0.004896086716161905 -0.8673751615547487 -0.01260531100279762 0.9998534603443738 0.011582918383548399 -2.516318822602433 -0.004750012184341983 -0.011643584369050528 0.9999209290369305 208.59408969674854
0.9999156800683427 0.01220149244116984 0.004444807228305259 -0.8894018934171153 -0.012250103091617368 0.9998635928355093 0.01107838985804592 -2.5184841987158797 -0.004309028390547514 -0.011131905300984435 0.9999287539407689 210.12034257614016
0.9999037043790074 0.013076127623347086 0.004647238797343289 -0.9050108893551689 -0.01312648779831209 0.9998535968862621 0.010976344570591795 -2.5323318787254765 -0.004503030717098866 -0.011036289743917335 0.9999289589874265 211.57296146469085
0.9998879106376294 0.014371847393848338 0.0041971575335091205 -0.899417019704555 -0.01441940562378656 0.9998295627943993 0.011529359753339793 -2.5320590742165408 -0.004030744314929603 -0.011588588187835393 0.9999247260286238 213.01355706292674
0.9998919416705384 0.014260975389657274 0.0035678468647499825 -0.908344949464565 -0.014301306144408 0.999831069553959 0.01154577971532674 -2.5546087178184553 -0.0034025903454624343 -0.011595557204647498 0.9999269800500312 214.4519746012625
0.9998839601336125 0.014833316822025936 0.0034697183565681536 -0.9190752079338351 -0.014870639796821326 0.9998290263295228 0.01099009624177456 -2.568693593223435 -0.0033061058180011227 -0.01104041811062771 0.99993358721065 215.91334170677243
0.9998948591923144 0.01413424550650801 0.0032393877297805865 -0.9205748222234355 -0.014167362870463536 0.9998451456557063 0.010438896986333069 -2.5716948893168636 -0.0030913404173298787 -0.010483693228660272 0.999940266111089 217.4036479914933
0.999885024527834 0.014958845247128507 0.002484076947135834 -0.9092581660746795 -0.01498438133491891 0.9998315352444502 0.010600447244236491 -2.5911443369216656 -0.0023250882066458978 -0.01063645102825895 0.9999407281808647 218.8634172548496
0.9998742803859924 0.0156398134356451 0.0026114402937856994 -0.9279206242483691 -0.015665372851281494 0.9998265641304978 0.010071632947299288 -2.599846861438666 -0.0024534691161926616 -0.010111276140648688 0.9999458698270601 220.33613013416718
0.9998888770769826 0.01469529761483828 0.002506330212915028 -0.9399061025839306 -0.014720680328611346 0.9998372598692641 0.010428584850904091 -2.618335647183909 -0.0023526713655803613 -0.010464321097526057 0.9999424798066189 221.7960548719343
0.9998599344173522 0.016618814573799236 0.001981541533089719 -0.9410419826950632 -0.016637944254819285 0.999810940040637 0.010062953216141791 -2.634288405605013 -0.0018139326954983597 -0.010094512730518241 0.9999474038476984 223.30206025001297
