1.0 -3.469446951953614e-18 0.0 -1.7787691892340307e-19 0.0 0.9999999999999999 -3.5405977195229754e-19 0.0 2.168404344971009e-19 -2.354751593366955e-19 1.0 0.0
0.9999998184236251 -0.0001920850232811945 -0.0005711877703400902 0.0023623220759034095 0.0001924746445146272 0.9999997488292218 0.0006821250560820844 -0.022605926090915572 0.0005710566496940094 -0.0006822348851515522 0.9999996042253559 1.3271691435190551
0.9999995990749863 -0.0006227654238465836 -0.000643438467405147 -0.007878449377712479 0.0006234318605723953 0.9999992690199224 0.0010359976767853364 -0.039982446498254665 0.0006427928687385296 -0.0010363984219421438 0.9999992563481335 2.6231509716465324
0.9999992654936589 -0.0008350967863015504 -0.0008784221100734727 -0.024215488357780993 0.0008359553244037844 0.9999991729440257 0.0009773886099560401 -0.07059727051236409 0.0008776052444990722 -0.0009781222330511028 0.9999991365433738 3.9426346576663795
0.999999101867025 -0.001256596323183399 -0.0004660815749976024 -0.03114431439766266 0.0012571241098508785 0.9999985672307276 0.0011336548612485766 -0.08024093207653232 0.0004646564009550436 -0.0011342397872323763 0.9999992487974394 5.26073309661662
0.9999987698715741 -0.0013355596917992221 -0.0008225183215920501 -0.028280996593458944 0.0013367792255204753 0.9999980056540062 0.0014838150192558455 -0.09047833388185006 0.0008205350283163981 -0.001484912748290017 0.9999985608779427 6.587326813149455
0.9999969763841486 -0.0024069401153224684 -0.0005038497695692035 -0.039723143948911945 0.00240810229798355 0.999994412708468 0.002318532124940428 -0.12290498352473286 0.0004982664305914787 -0.002319738480661911 0.999997185268614 7.921528247678498
0.9999969392965644 -0.0024320651034858854 -0.0004543783634955829 -0.054186633952376516 0.0024331899152267317 0.999993936713702 0.0024912082696549216 -0.13577558211829524 0.0004483168678500553 -0.0024923062812823643 0.9999967937061353 9.238949912905143
0.9999972258010601 -0.0021501724472372686 -0.0009618473263910267 -0.049632377449695994 0.0021522628423913306 0.9999953132571124 0.0021774353912889202 -0.16404712285264772 0.0009571610396826033 -0.0021794995410005335 0.9999971668092011 10.568382198848237
0.9999995503273478 0.00036230035758637227 -0.0008764026176671557 -0.07184534093423244 -0.0003624913332117216 0.999999910596585 -0.00021773259302341317 -0.18404271736131167 0.0008763237285719536 0.00021805018677554383 0.9999995922560252 11.895033221830532
0.9999961827319251 0.002640338166679669 -0.0008143278777209639 -0.0712457990696841 -0.002641081284030335 0.9999960959019075 -0.0009126201044195258 -0.20974964576507188 0.0008119151405045872 0.0009147673421681784 0.9999992519975728 13.223702726348495
0.9999765731322215 0.006812159749857122 -0.0006690673552794614 -0.09822271461281747 -0.006812854415477567 0.9999762505387381 -0.0010408589843662935 -0.22891335859066964 0.00066196102225917 0.0010453928736347568 0.9999992344808444 14.57581254023209
0.9999776253090289 0.0066878249773660026 -0.0001478660768595109 -0.12355724746813389 -0.006687853847297768 0.9999776175026795 -0.00019266133870103334 -0.25263464627717885 0.00014657429372882252 0.00019364593324975186 0.9999999705087145 15.920962893650678
0.9999855046584997 0.005381459608799108 0.0001742268458807864 -0.11767587839607746 -0.005381902904398984 0.9999820050202036 0.0026504277047491908 -0.2838163476195672 -0.00015996055274860276 -0.0026513270141099166 0.9999964724327477 17.2578725201799
0.9999997506744521 0.000698935194309005 0.00010069563842146113 -0.11956191311831527 -0.0006994213921333566 0.9999876930847083 0.004911668643659272 -0.3157515518747086 -9.726146536966074e-05 -0.004911737945002859 0.9999879326129675 18.624579743237174
0.9999993603193814 -0.001100549435554557 -0.0002610614387569361 -0.11366839303803847 0.001101453270804166 0.9999933125199287 0.0034873648638019377 -0.34837447571298547 0.0002572217001269167 -0.0034876502480848362 0.9999938850482316 19.970339728911565
0.999997693087531 -0.0021459866477877582 -9.254174807088737e-05 -0.12029207060912978 0.0021460679779924142 0.9999973043822838 0.0008863504233430957 -0.3479836807930259 9.063941096755469e-05 -0.0008865469953968373 0.9999996029095197 21.321866148956843
0.9999999653430818 -0.00015336614507814247 0.0002139935334229692 -0.13976887593301596 0.0001534236937404728 0.999999952079246 -0.0002688911721229875 -0.40254079578984436 -0.00021395230265490342 0.0002689240000742922 0.9999999409519663 22.667562487038353
0.9999975172124169 0.0020426823840583525 0.0008905141105155338 -0.14146821309941668 -0.0020435913056331325 0.9999973908390296 0.001020810042681922 -0.39153201234177953 -0.0008884266707130642 -0.0010226273761178692 0.9999990824646611 24.037712077655033
0.9999953489479854 0.002476873607415455 0.0017796565842558975 -0.1572920957125224 -0.002486960213296965 0.9999807309067683 0.0056879563186931666 -0.4177468977627154 -0.0017655340877489956 -0.0056923559114847215 0.9999822398285448 25.432298234683635
0.999997641015716 0.001125795653291269 0.0018575650159647615 -0.15033876408298888 -0.001137585340395879 0.9999791405838312 0.006358010465863722 -0.4419420217339635 -0.0018503685989842518 -0.00636010873085937 0.9999780623354061 26.80315583366175
0.9999933825011161 -0.003151897055883984 0.001816729455609757 -0.15084854565215108 0.003140721239575166 0.9999763276124902 0.006122097575527736 -0.4780970370743608 -0.0018359828205867258 -0.00611635133841007 0.999979609498317 28.171277957095008
0.9999935988324173 -0.0031048391904379986 0.0017782785711375798 -0.16238536414177646 0.003098008094735311 0.9999878609738708 0.0038314808544894444 -0.48186873577779177 -0.0017901532644435977 -0.003825947278704662 0.9999910786987224 29.52936068080232
0.9999913211065521 -0.003415341774816909 0.002386034389922416 -0.16510521669856418 0.0034107130834023953 0.9999922989964573 0.0019413858243715345 -0.5285004872731721 -0.0023926467115614226 -0.001933230930121266 0.9999952689173245 30.9236291228852
0.9999954105851571 -0.0009849325044265275 0.002865086703467707 -0.1810174659147352 0.0009833464718391142 0.9999993625287523 0.0005549506164953532 -0.5189952846399132 -0.002865631707610751 -0.0005521307044914445 0.9999957416424261 32.30229846904202
0.999993428636083 0.0005810568014513288 0.0035784160007067 -0.18472417159666576 -0.0005767976629990545 0.9999991242238616 -0.0011911578651751201 -0.5674612163244449 -0.003579105300664619 0.0011890860415613468 0.9999928880122643 33.68287868960759
0.9999928325886157 0.0006164796390498491 0.003735602731018298 -0.20026703364758494 -0.0006129699683672064 0.9999993697680181 -0.0009406022095595843 -0.5637787590124725 -0.0037361805553749964 0.0009383056766511747 0.9999925802388087 35.075548060544726
0.9999945777519992 0.0009308615756907831 0.0031587918180780565 -0.19515773309666112 -0.0009326102097329285 0.9999994126959183 0.0005521299738984192 -0.610871987047286 -0.0031582762728400043 -0.000555072910695326 0.9999948585773497 36.47167482748766
0.9999945116982358 0.0013466680755318044 0.0030270546827119316 -0.21107947989431616 -0.0013512363813539688 0.9999979506624885 0.0015075918315240156 -0.605239401775478 -0.003025018507964421 -0.0015116738521844127 0.9999942820344396 37.874726555642475
0.9999909836445452 0.0034984698436879257 0.002406934788367319 -0.20034252705534047 -0.0035036922912372367 0.9999915100344651 0.0021688719231186455 -0.6340984807598247 -0.002399326821780428 -0.002177285570301662 0.9999947513139953 39.27150208774674
0.9999751703558709 0.006308279304454008 0.0031407443530783816 -0.22437711510568248 -0.0063162368935611776 0.999976851626588 0.002530093842738941 -0.6709663577492638 -0.0031247113737308783 -0.0025498687593102747 0.9999918671392489 40.66526444734785
0.9999547526469009 0.009061185957848038 0.0028961269944142785 -0.22979868753922916 -0.00906907247227367 0.9999551717190942 0.002721487877415589 -0.690070087337375 -0.0028713374992796583 -0.002747629981651918 0.9999921029424463 42.0885772548616
0.999954103586764 0.009178608856756509 0.002746605653152723 -0.24106438945656916 -0.009186218234597086 0.9999539675982282 0.0027705773696586906 -0.7005820879781082 -0.00272104940258097 -0.0027956811889464626 0.9999923899979525 43.475648741067346
0.9999573830856143 0.008901137050166666 0.002449848037119489 -0.2544060192684396 -0.008908329150397467 0.9999559968720384 0.0029404099082179377 -0.7283910077127509 -0.0024235674475412503 -0.0029621087129308773 0.9999926760882534 44.90354941767564
0.9999613664103427 0.00865598994239737 0.001529545055765214 -0.2446964699038914 -0.008659636937636928 0.9999596396866935 0.0023936800642831535 -0.7628270717921235 -0.0015087637783882768 -0.002406832945532041 0.9999959653845355 46.29935729598086
0.999964499938882 0.008406179630859007 0.0005787819910064941 -0.2551860075619826 -0.008407906492998853 0.9999600081942285 0.0030478087593151814 -0.7907218521170873 -0.0005531384613632188 -0.00305256697293122 0.9999951879246674 47.73382566653407
0.9999625778389467 0.008640856227906137 -0.000422499437438578 -0.2606942689081559 -0.008639143048534206 0.999955067137195 0.0039024264312800304 -0.8113544481275501 0.00045620080022638074 -0.0038986304448014658 0.9999922962518412 49.12971785132847
0.9999551953613917 0.00935988126067321 -0.0014141673539337057 -0.27115374474105797 -0.009354213227982574 0.9999483942794941 0.003963267936680387 -0.8366809302573084 0.001451190217347192 -0.003949862027124127 0.9999911462808909 50.56376892951087
0.999952206110005 0.009421355593275036 -0.0026121885195965 -0.27648690617670857 -0.009410543411647694 0.9999472272897113 0.004121204728964289 -0.8527986687220241 0.002650878229298613 -0.004096425737207753 0.9999880960023211 52.016301512019986
0.9999422423561309 0.010115334772895576 -0.0036320688955461837 -0.2971153175566727 -0.010096223490477965 0.9999352900419938 0.005242329784435399 -0.881298479916139 0.003684862100262966 -0.0052053569338579835 0.9999796628224751 53.427067765586834
0.9999535988453329 0.008577022689282942 -0.004385750904200309 -0.3158483347330708 -0.008552086661428975 0.9999473363295691 0.005673305766189915 -0.8899601670157428 0.004434180385487903 -0.005635535317694473 0.9999742890674095 54.877706671001896
0.9999720105617182 0.005865049435013873 -0.004645349025949086 -0.3308488408945168 -0.005832345028328962 0.999958330740063 0.007022858729164064 -0.9162121731381413 0.004686345272641473 -0.006995569031181029 0.9999645494680849 56.26406050628163
0.9999744416516534 0.0050432049642047325 -0.00506775170768065 -0.3470188397908692 -0.00500765530570689 0.9999629378144085 0.007003313053433538 -0.9467450644088098 0.005102883465448767 -0.0069777566521344704 0.9999626350541382 57.69327414868199
0.999980966277839 0.0037320443562464554 -0.004913136516068853 -0.37263892016580324 -0.003695888738933538 0.9999661757200949 0.007347640911156821 -0.9695097357840313 0.004940392477760426 -0.007329342803614328 0.9999609358709809 59.143557417112795
0.9999809728664972 0.003487446674415101 -0.0050883793319672745 -0.35921779105169527 -0.003447710046259193 0.9999636569235331 0.007797315668858561 -0.9915359760662652 0.005115387565577327 -0.00777962421191599 0.9999566541953343 60.55490500181737
0.9999894827025302 0.0015185621698609849 -0.004327637049623657 -0.3861751169957013 -0.0014818953696058863 0.9999630869451722 0.008463375991589214 -1.0025785901019377 0.004340329839477962 -0.008456874045816909 0.9999548203939552 62.00754246432411
0.9999900676543236 -0.001093843748737406 -0.00432065875336414 -0.38037418672370044 0.0011298064054102962 0.9999646687865161 0.008329748611136955 -1.0225168178672956 0.004311395026980411 -0.00833454755207059 0.9999559726311701 63.413538165878045
0.999991457869262 -0.0016997132674630034 -0.0037676463376467824 -0.4024604333747588 0.0017272692863042928 0.999971697076888 0.007322675831694478 -1.0455994380539728 0.003755093576374571 -0.007329121166449033 0.9999660910571894 64.824206372372
0.9999941924851237 -0.0018040812538553993 -0.0028914156473175204 -0.41632910969798376 0.0018249352878416496 0.999972226762245 0.007226016233937273 -1.064106403267205 0.002878299272143934 -0.007231251058673119 0.9999697117455983 66.27404382465993
0.9999972313411891 -0.00018437110052880665 -0.002345914212867295 -0.42951467108941654 0.00020081780292082255 0.999975392130236 0.007012474880653079 -1.0815807448664876 0.0023445637910406714 -0.007012926706829435 0.999972660569094 67.64755224279726
0.999994241857939 0.0029678703932766804 -0.001645596592633223 -0.44892095058829434 -0.0029534312829934033 0.9999577180261751 0.008708582330221815 -1.106623077629948 0.0016713731053283633 -0.008703672203690305 0.9999607255325585 69.12009734883326
0.9999806846803647 0.006171442860565769 -0.0007372553978538447 -0.46362705770857227 -0.006163924843751761 0.9999329960269024 0.009798443568636753 -1.1256116241862073 0.0007976766083605381 -0.009793710120109853 0.9999517223139389 70.4831757913555
0.9999469252319902 0.010298566069336781 0.0002936542410887095 -0.4897539996533463 -0.010301149425641809 0.9998879276897037 0.010863627413296266 -1.150361709470149 -0.00018174155312766934 -0.010866076026915071 0.9999409459389597 71.93066346367785
0.9999086405485744 0.013499053515590585 0.0006971927530067317 -0.49238298507243905 -0.013505682802622106 0.9998527228038423 0.010589110619653449 -1.1558253260857945 -0.0005541471405671483 -0.010597559487254622 0.9999436907429707 73.30083065527873
0.999848156166105 0.01736540348232421 0.0014516636588543228 -0.5092237270643099 -0.017379199988547415 0.9997979307373974 0.010102531622406976 -1.1739383969072994 -0.001275935885117239 -0.010126226580167763 0.9999479144057535 74.68243995661783
0.9998304562200945 0.018258244450009398 0.002386477776132507 -0.5281300950691314 -0.01828143447809137 0.999782009433269 0.010085772888146279 -1.1827216975825623 -0.002201809218605755 -0.010127691356996352 0.9999462895097587 76.12902141518208
0.9998160151171791 0.01897450870248897 0.0028113847349457047 -0.5362458189266363 -0.019003179754075818 0.9997637768123951 0.010548449338418467 -1.2009831974594383 -0.0026105691900890557 -0.010599934054014356 0.9999404113879659 77.49382096450249
0.9998216734290954 0.018673796114062377 0.0028125843599378707 -0.5355388683054635 -0.01870315909572387 0.9997667227416204 0.010802406553672811 -1.231200447222979 -0.0026102065233710304 -0.010853084636403148 0.9999376967472029 78.91410336752023
0.999843598856455 0.01755077063402838 0.002179043444846226 -0.5285683860031188 -0.01757070461500545 0.9998005591648564 0.009492748719663205 -1.2332322058697416 -0.0020120039625156245 -0.009529551571254598 0.9999525686187385 80.27751048265094
0.9998466695261831 0.017380401559470827 0.0021351894653624482 -0.5441725274366704 -0.01740010452859944 0.9998026728721606 0.009583930542768312 -1.2619744547075404 -0.00196819573280158 -0.009619613755356823 0.9999517934566452 81.67581533227884
0.9998608940460881 0.01657098384756625 0.0018960510321773905 -0.5621374690073471 -0.01658970408905064 0.9998090780921789 0.010324200878313811 -1.2733810423265408 -0.0017246070068769868 -0.010354219861434233 0.9999449064137613 83.04754371289629
0.999857519079382 0.016809491321100878 0.001543534400209896 -0.5735962901060095 -0.016823092828719237 0.9998155343638492 0.009267191318703112 -1.2806480731248084 -0.0013874730098644478 -0.009291838138140066 0.9999558673579727 84.42396457522304
0.9998726128217758 0.01594272275515526 0.0007666021238794324 -0.5827035529906017 -0.015949330913204753 0.9998270477136441 0.0095652257028808 -1.2858397684635523 -0.0006139738419258863 -0.009576234207180742 0.9999539583284394 85.82485199198238
0.9998659481689774 0.01636905540412337 -0.00037372817072385284 -0.5885636972472756 -0.016364489191716507 0.999815839829338 0.010024468077915728 -1.3059780182638976 0.0005377504707988158 -0.010017008619414782 0.9999496839176145 87.18646175865922
0.999885462547482 0.015067828616843231 -0.0014220708153426806 -0.601041972131853 -0.01505087183107122 0.9998232764732804 0.01126441806070618 -1.3167071967414563 0.001591549965448623 -0.011241724691789882 0.9999355432233373 88.58353926919101
0.9999162714802468 0.012706643658026618 -0.0024476929135552367 -0.607190111507211 -0.012676210858376603 0.999846780882456 0.012071804486750652 -1.345298821946663 0.0026007102268576065 -0.01203976651009054 0.9999241372913177 89.95333097615445
0.9999206436955772 0.012118138119112725 -0.003443400128272319 -0.616206087823851 -0.012074756448484901 0.9998508038058518 0.012351939511435575 -1.3539163437636796 0.0035925692079167 -0.012309381344078883 0.9999177829145378 91.33268415411477
0.9999275354975224 0.011386164615575416 -0.003908832945699672 -0.6244346812154783 -0.011338556458088648 0.9998637902587457 0.011993251810072053 -1.3723021795632606 0.004044858014735499 -0.011948062449510945 0.9999204383046808 92.70379765283289
0.9999466455034024 0.009527855649673518 -0.003990749850897512 -0.6398835860911031 -0.009479513604449022 0.9998835142720229 0.011962304355392703 -1.3953199397807856 0.004104260450517273 -0.011923835990813363 0.9999204854355264 94.0341416439562
0.9999488429849952 0.009131556757339102 -0.0043504086747851375 -0.6615131358848387 -0.009080760170447075 0.9998919880073497 0.01155647563938088 -1.3996913290379736 0.0044554677769528435 -0.01151637966436648 0.9999237580031126 95.40615247982075
0.9999539116163859 0.008649944801521717 -0.004165701772111825 -0.6664895585479105 -0.00860347829742857 0.9999019747326918 0.01104631620058021 -1.4124661818263136 0.004260843821912955 -0.011009967796025638 0.9999303104872191 96.76531623198395
0.9999436964417407 0.009867143333736183 -0.0039042796047353058 -0.6938444368792372 -0.00982566441980069 0.9998965518536853 0.010504376626617096 -1.4308148800275773 0.004007524250569465 -0.010465423268726279 0.9999372053665776 98.10938817261352
0.9999239050115895 0.011779883442075943 -0.003663126747191309 -0.7077729287432285 -0.01174076979498059 0.9998757123511647 0.01052208150118416 -1.4399808169139536 0.003786620687176761 -0.010478273114272794 0.9999379317272485 99.4678295523001
0.9999216158078517 0.012023357154634512 -0.0034930055309998825 -0.7161519268053856 -0.011981619968151256 0.9998593693455531 0.011733811790607156 -1.4529590183834205 0.0036335944330646492 -0.011691040423022473 0.9999250554798318 100.81922116054484
0.9999228364707332 0.0119500595045684 -0.00339369228068132 -0.7430070496723347 -0.011902579118317129 0.9998355448001496 0.013682543158384469 -1.4687320937364494 0.003556641686099875 -0.013641093955099456 0.9999006304967151 102.11726112877798
0.9999259245833699 0.0116615037955656 -0.0034863506950717684 -0.7418237095794386 -0.01161667405520744 0.9998529610655503 0.012613847744814699 -1.4864836805398438 0.0036329348155827784 -0.012572413828806998 0.9999143644366294 103.49464574255823
0.9999266024817075 0.011655112422178399 -0.003308771684449645 -0.7540920962031724 -0.011620163946398164 0.999878478522381 0.010392304920888 -1.4984056487929014 0.003429493377274307 -0.01035309389783672 0.9999405242471832 104.81419840066293
0.9999340499448025 0.010906532227874657 -0.0035976775415842406 -0.7742987863897045 -0.010874546903268044 0.9999022035435603 0.008793611367491357 -1.5058293748085259 0.003693233825761044 -0.008753908499062777 0.9999548635410758 106.15493171567877
0.9999509663951043 0.009442996728577931 -0.0029823802274095857 -0.789690056448605 -0.009412243872052806 0.999904060078636 0.01016269260850886 -1.5263844689426194 0.00307806063886713 -0.010134123614512082 0.9999439109721239 107.49419468864335
0.9999788244264739 0.00598641926157909 -0.002552149398132169 -0.7959460327942716 -0.005954547512001979 0.999906398325471 0.012318196253195659 -1.531013067954312 0.0026256526314464256 -0.012302738762679436 0.9999208711575615 108.80898297641183
0.9999888305546348 0.004453544822655154 -0.001582622291977804 -0.8116069177895768 -0.004431788001390064 0.9998991184786679 0.013494892503256199 -1.5606808282765376 0.001642562892697401 -0.013487728196892212 0.9999076873308937 110.17802631600937
0.9999899889056114 0.004280098486914291 -0.0013049272790131151 -0.8068580225722217 -0.004263448837738656 0.9999127117556059 0.01250567378517335 -1.5672135283222177 0.001358339014269235 -0.012499985349754375 0.9999209495197157 111.47320937543788
0.9999852046644818 0.005436017020792194 -0.00020039963114909303 -0.8370347019195676 -0.005433727831701402 0.9999346896458553 0.010054404607905191 -1.580657527685955 0.00025504248690023695 -0.010053167135076835 0.9999494331153121 112.82944323494692
0.9999624669712113 0.008637646232217588 0.0006750544560426158 -0.8313101575252009 -0.008642876377182218 0.9999292610415633 0.008171512539263468 -1.601935776938445 -0.0006044241139025893 -0.008177040417149601 0.9999663847765218 114.17431636317589
0.9999316420091043 0.01149284465865209 0.0021507687613783236 -0.844764112558348 -0.011508717857493843 0.9999055019918749 0.0075190773836898 -1.6042995271098202 -0.0020641500987145676 -0.007543316141317417 0.9999694183650202 115.48095394528731
0.9999197557596767 0.012117376629879682 0.0036947530880487908 -0.8627817628248907 -0.012153163249804248 0.999877906480772 0.009822055822925177 -1.626831511986715 -0.003575284727868713 -0.009866170797794815 0.9999449364898565 116.84753554466255
0.9999076073361232 0.01284590246495612 0.004445172070992607 -0.863696585365454 -0.012897334128275676 0.9998478856950094 0.011741561686331337 -1.6257260591230536 -0.004293665294632987 -0.011797807960502562 0.9999211849765476 118.13766923547585
0.999906744904003 0.012520030634790624 0.005454383895648128 -0.8689321072746624 -0.012588466932101115 0.9998401249057931 0.012698628047239192 -1.644575901702782 -0.005294525101231114 -0.012766106423663442 0.9999044927040888 119.51152337269936
0.9998996694379946 0.01259173963032701 0.006488383964577758 -0.8724199511349833 -0.01266977734747789 0.9998461604411853 0.012129807056581381 -1.6569687621813696 -0.006334650948472298 -0.012210796691558206 0.9999053798433496 120.82606979702669
0.9998706834182381 0.0141014436698308 0.007730827776498918 -0.8601580937175953 -0.014194141460596197 0.9998264085785474 0.01206975925643205 -1.6678119638594155 -0.007559285370701994 -0.012177931144161446 0.999897272321215 122.13447637781395
0.9998334068776448 0.015878541024753758 0.009001688236413561 -0.8748016793948646 -0.015982842920544405 0.999804559757329 0.011635766354891582 -1.6744470371646134 -0.008815170687262942 -0.01177770072246914 0.9998917834089212 123.51136073769041
0.9998063825670979 0.0168034937766531 0.010239137470771993 -0.876630112869793 -0.016914584266530718 0.9997979448185349 0.010861234631141534 -1.6887224141160047 -0.010054562753254294 -0.011032322682472086 0.9998885906044375 124.84487521258878
0.9997840788425981 0.017474641645006887 0.011244222984166769 -0.8658745429983732 -0.017591828795836525 0.9997910707284583 0.010408770153918917 -1.6955024115757733 -0.011059985135585605 -0.01060432933929199 0.9998826055717372 126.17230155751432
0.999778762567713 0.01706857693711351 0.012291849302842318 -0.8723404221336908 -0.017191935982899025 0.9998021891233693 0.010001000190914822 -1.7129014438049048 -0.012118716017057767 -0.010210108486086682 0.9998744373189514 127.50799456593452
0.9997763232105988 0.01663899846370234 0.01305554434560751 -0.8581972274335666 -0.016780402680580828 0.9998009001015803 0.010797142374934008 -1.7221662885413276 -0.012873292432671591 -0.011013804815471337 0.9998564769222497 128.83655626010983
0.9997627993364007 0.01670337379429286 0.013976491925052563 -0.8528545304710946 -0.016866774045322927 0.9997898032631334 0.01165595408772745 -1.7391446288275847 -0.013778861509834766 -0.011888927854834055 0.9998343844702631 130.20905602855214
0.9997936726202186 0.014456510728295523 0.014269598932078097 -0.8341438767240628 -0.01463116586921948 0.9998183810112575 0.012212043651723327 -1.7423699734053202 -0.014090464943501965 -0.012418305085979691 0.9998236066907532 131.53519503489127
0.9998079113615094 0.013393269284728847 0.014309461484025525 -0.8258215169185441 -0.013571926658583235 0.9998302374589537 0.01246190589609801 -1.760827460591208 -0.014140127797580318 -0.012653719315493209 0.9998199538782848 132.8853953538622
0.9998365009587261 0.01118941382425923 0.014204518549894714 -0.8193518125079833 -0.011377030592283127 0.9998481919800635 0.013196825018009188 -1.7542958545634046 -0.01405469863141994 -0.013356272852235987 0.9998120200428016 134.2113048858106
0.9998583064249652 0.009940097111724918 0.013585342285581913 -0.7983592002430164 -0.010124242850984374 0.9998568867781464 0.013553807083698341 -1.783006483042913 -0.013448673010929186 -0.013689428167307291 0.9998158494195997 135.54416270316148
0.9998794188274069 0.009352508737609245 0.012396708061796982 -0.7916108912051627 -0.009512517026030877 0.9998713908216733 0.012911771849250247 -1.7884723381070005 -0.012274357299673907 -0.013028139083114605 0.9998397910383924 136.89274307998446
0.9999040629706037 0.007637453342752835 0.011555697793889718 -0.791117335160926 -0.007801011938653031 0.9998690890279497 0.014175649182457397 -1.7988561553870022 -0.011445920123270422 -0.01426443562691197 0.9998327444067817 138.22865995612136
0.9999229416616953 0.0070841855430616475 0.01019436343522316 -0.7580324602825325 -0.007234130855394451 0.9998650775344146 0.01474768071891365 -1.814273588656759 -0.01008851352108375 -0.01482029193553618 0.9998392775047015 139.57571424488393
0.9999418072053776 0.0058618689464813925 0.009056527505600508 -0.7718415907425102 -0.005997024685023858 0.9998699715622291 0.014969157243745996 -1.8243823018853635 -0.008967603407562667 -0.015022598658943148 0.9998469400953235 140.93079481399047
0.9999566416093836 0.0051470917638847214 0.007760305686721147 -0.7663090161438667 -0.005260239726682284 0.9998791232612876 0.014631088418019782 -1.8238241144652723 -0.007684060729438377 -0.014671275392689384 0.9998628450384202 142.2573799982735
0.9999643006561325 0.005079602590087443 0.006752410485229039 -0.7617953364861224 -0.0051754248212943985 0.999885071564287 0.014249864733310405 -1.8287189368310195 -0.00667925134469083 -0.014284302895309306 0.99987566541626 143.60895904197207
0.9999765572104806 0.0029236251800881657 0.006191724009287185 -0.7603105827399692 -0.0029983178268805366 0.9999224355655469 0.012088545974041574 -1.8425257070800207 -0.006155901884942088 -0.012106827577127813 0.9999077605440317 144.9544634249715
0.9999885208673849 -0.00029967586055386526 0.004782084661548101 -0.7641536936664376 0.00024706330469177057 0.9999394806476833 0.010998818004718965 -1.863096199392235 -0.0047850917285912915 -0.010997510482821321 0.9999280762428472 146.26739289865355
0.9999460086027089 -0.009631569123098573 0.0039003551239291602 -0.7667591923845181 0.009575451683463009 0.9998538961511295 0.014159698484321455 -1.8650724954087077 -0.004036165710738986 -0.014121586588052706 0.9998921392627974 147.65770958673275
0.9998688693528942 -0.016030941407496946 0.0022919487469401276 -0.7542596704058389 0.01599259740839159 0.9997461601710155 0.01586984673134077 -1.8850156872084496 -0.002545775743331986 -0.01583111179216745 0.9998714392005359 148.96741285681617
0.9998240520351092 -0.0187027809881318 0.0014390848495588592 -0.7283372299423332 0.018682865417614977 0.9997436224815811 0.01279217865828138 -1.891200334477298 -0.0016779653464456638 -0.012763041907792974 0.999917141165269 150.26589166023615
0.9998430974001317 -0.01766308021947839 0.0013402197209891544 -0.7441829625665193 0.017649103614983504 0.9997961276178794 0.00980878842621554 -1.90674380777645 -0.001513200022671667 -0.009783595903174288 0.99995099453821 151.6732470154061
0.9998961609717688 -0.01417826793435296 0.0025775968918950428 -0.7518896208574872 0.014158596637231579 0.9998716605143192 0.007496441128560094 -1.919843137282037 -0.0026835528550105624 -0.0074591676846974845 0.9999685791864148 152.9797774658806
0.999884683455391 -0.014777745806183242 0.0034982902147599384 -0.7600043059678023 0.014750222002848515 0.9998610404922742 0.0077672803867374135 -1.9348953912663882 -0.0036125872871922917 -0.007714784271312723 0.9999637149989399 154.3527852064926
0.9998251308103367 -0.01829721795405813 0.003862593426261472 -0.7658429476796875 0.01825538401795293 0.9997771481532024 0.01060164956723604 -1.93225797113072 -0.0040557136658412336 -0.01052928272929548 0.9999363406690375 155.67879895778324
0.9996308745128547 -0.02682613544545151 0.004298043714640739 -0.7687943487646932 0.026766228408057376 0.9995514014626449 0.013437442053036942 -1.929139573760815 -0.004656590639739958 -0.013317439769096748 0.999900476028243 157.00661121541788
0.9995869380634653 -0.02843800002738245 0.004151313782670866 -0.7472359414840071 0.0283746926535563 0.9994909273128604 0.014586399027167584 -1.9460183962821747 -0.004564008849924096 -0.014462581947838738 0.9998849951606239 158.36219964639545
0.9995586487343356 -0.029461512555792393 0.003811432095561236 -0.731026839997063 0.02940102156601758 0.9994542747208732 0.015057645081906334 -1.9712529531321783 -0.004252973445380701 -0.014938939642405056 0.9998793628736236 159.69728677899224
0.9995733817473385 -0.028751215757796163 0.005140242552768719 -0.7458808653822553 0.028670351881014022 0.9994738277577777 0.015168340414995901 -1.9613613231790685 -0.005573646584413303 -0.015014497030779676 0.9998717414464176 161.0623526569685
0.9996270258690653 -0.026608989895322805 0.0061457963328970305 -0.7378260301011368 0.026514705663248588 0.9995367049551533 0.014944759201645121 -1.9622344128762383 -0.006540614501227737 -0.014776231477798574 0.9998694331486505 162.3991778321621
0.9996839959215437 -0.024028093828202902 0.007386407362215413 -0.7570551680050117 0.02392783033968705 0.9996242071059399 0.013375481164637475 -1.9651183220972204 -0.007705019557867542 -0.013194513991265389 0.9998832619223184 163.7494567891442
0.9997085645846936 -0.022733568416916105 0.00812223943425348 -0.7593692053402836 0.022628722413687588 0.9996623072765586 0.012775457889902716 -1.9598422549608587 -0.008409929057895255 -0.012587938991361467 0.9998854018751063 165.09602758048322
0.9997191901078896 -0.022172418598981482 0.008362104677221335 -0.7584893853053356 0.02205505947574231 0.9996604693588249 0.013875170026082352 -1.9673671104148445 -0.008666912284090804 -0.013686847270834232 0.9998687688100228 166.44809259025484
0.9997475777200269 -0.021017960112202392 0.00793890471561301 -0.7451683105267715 0.020905611275135454 0.9996837184707874 0.013979214235667703 -1.9666732904867261 -0.008230209036669163 -0.013809718164011105 0.9998707693207185 167.7771776771521
0.9997913821345299 -0.018880886557518767 0.007791299427498472 -0.7544354467470866 0.01878792826661422 0.9997534225267865 0.011836717691523278 -1.981470544147234 -0.00801286665880829 -0.011687866175394078 0.9998995888335243 169.16797955158006
0.9998535847701578 -0.015565200758180972 0.0071086963558561565 -0.7544793557323697 0.015497531031496519 0.9998349898417905 0.009477320692774073 -1.9984337633071168 -0.007255040352361109 -0.00936576599309956 0.9999298209439857 170.5758744893389
0.9999303621235283 -0.009589477683352252 0.006878432776419873 -0.7541543496982546 0.009536858418773591 0.9999253181005375 0.007642417244581436 -2.0083123876718973 -0.006951206452219097 -0.007576286539670457 0.9999471389061706 171.92615981557407
0.9999498750773443 -0.006906554225813714 0.007248921046876293 -0.7587465538143984 0.0068424523172359464 0.9999375962646943 0.008830878321685436 -2.017724196785243 -0.007309460237228366 -0.00878083543980881 0.9999347322280311 173.27409731344807
0.9999659860979048 -0.0016734786325156865 0.008076269306405339 -0.7761236818647586 0.001582991527733845 0.9999360529931707 0.011197502216641956 -2.0488584896538033 -0.008094492308742221 -0.011184336892578852 0.9999046903577908 174.66942896569412
0.9999668852676752 0.000782634078391708 0.00810036156644765 -0.7710589487164864 -0.000893641717774566 0.9999056211294932 0.013709494303346798 -2.059324573399472 -0.00808886821857769 -0.013716279402494768 0.9998732089064195 176.05546253605303
0.9999707109681202 -0.0031252000267436783 0.006986439846854631 -0.7600025777086296 0.0030211334806631678 0.9998850677024078 0.014856787258017281 -2.0570781240493448 -0.007032067893277783 -0.014835245434050305 0.9998652236744912 177.46391759192971
0.9999705760780356 -0.004950423424707378 0.0058600596089932585 -0.7707769077578785 0.004862822973275022 0.9998776133044348 0.014869813472971328 -2.064367046583023 -0.005932954777651835 -0.01484087979613834 0.9998722660093019 178.85012613254503
0.9999617549463421 -0.007979850575375135 0.003579195815900305 -0.7650273216210577 0.007939704971436036 0.9999069391201969 0.011093879917313653 -2.0597087032894867 -0.003667390537236213 -0.011065038081463242 0.9999320552808907 180.18829452422418
0.9999853263913321 -0.005058027702793871 0.001939939949158164 -0.7770430322003388 0.00504391045722977 0.9999612545303526 0.0072144574901978715 -2.0847233383934176 -0.001976355871944451 -0.007204566881195195 0.9999720937270195 181.60630665202083
0.9999985162694729 -0.0013538826325983078 0.0010651123367499823 -0.7930512419341131 0.0013465511563505433 0.9999756027977842 0.006854239949083598 -2.105847952457279 -0.0010743662725580766 -0.006852795684145039 0.9999759421749683 182.99812272944752
0.9999986684405351 0.001332859502619456 0.0009415953406110686 -0.8180802595676736 -0.001340246542420486 0.9999679865649778 0.007888573025523324 -2.104886954267179 -0.0009310509097652201 -0.007889824647087124 0.9999684414081127 184.32505229903478
0.99998978474068 0.004206288171460079 0.0016545538420202305 -0.8224082143599167 -0.004223716171939916 0.9999341039770857 0.010674639549611668 -2.1161164834607042 -0.0016095443310796488 -0.010681519083660182 0.9999416555572278 185.77609912913192
0.9999766313459348 0.0065120592625299515 0.002080825718315211 -0.8307693205491218 -0.006538890499288177 0.9998920392896857 0.013158749341834005 -2.139382651554274 -0.001994910673716711 -0.013172048394072548 0.9999112547996177 187.13989797767695
0.9999889391614842 0.004147093100589068 0.00221882144854971 -0.8380641282099912 -0.0041769231550574885 0.9998986194722076 0.013612644595367724 -2.132527726523379 -0.002162143770758202 -0.013621762144685223 0.999904881842729 188.59528341497378
0.9999918486656588 0.003510763930363304 0.0019942755746101995 -0.8342530954399119 -0.003538913376882661 0.999891610688382 0.014291359894752546 -2.1411313036784696 -0.0019438859785703493 -0.014298301252528406 0.9998958845259105 190.01348941154743
0.9999970277894474 0.00010704749382673372 0.0024357660311207386 -0.8522269313718561 -0.00014375374028967151 0.9998863627456966 0.015074512388805621 -2.14737564408385 -0.002433875742096528 -0.015074818029878341 0.9998834062596836 191.36888027743993
0.999994718447289 -0.001732431807146488 0.002749866134562761 -0.8601062018825898 0.0016905182825268632 0.9998834710002186 0.01517190032192604 -2.150006011935483 -0.002775830200315536 -0.015167171787113574 0.9998811187684238 192.8229336696138
0.9999871299618841 -0.004190415941965351 0.0028601283535427055 -0.8449221044973332 0.004144703067301686 0.9998664878829838 0.015805942946902088 -2.1501470903187037 -0.0029259802012792636 -0.015793885446756594 0.9998709875906866 194.1800987043951
0.9999511105189501 -0.009278651964625092 0.0034180701294266374 -0.8532695948677226 0.00921768957032594 0.9998054355813378 0.01743918471143694 -2.1515065872740062 -0.003579217507851851 -0.017406825742431718 0.999842083342879 195.6385467528786
0.9999142038802954 -0.012631683530157792 0.00346777510014017 -0.839088600559225 0.012566142619722187 0.9997533391789166 0.018312641571376163 -2.1666911510204545 -0.0036982395257017433 -0.018267494208676148 0.9998262957555053 197.05093555711636
0.9999382816224759 -0.010598416566692633 0.0033326455417448638 -0.8377912980369904 0.010548327027602548 0.9998362384711682 0.014704727837624389 -2.1742139463068577 -0.003487946895889048 -0.01466866672880351 0.9998863257614226 198.46476941314526
0.9999817159125328 -0.004722434187392386 0.003777097667966141 -0.8636564824780756 0.004686559391169874 0.999944354170991 0.009451175242213982 -2.1794544098146145 -0.0038215203562919106 -0.00943330102275371 0.9999482030647051 199.90270789490754
0.9999728741014241 0.005430889802558035 0.004975589619588883 -0.8637202526627517 -0.005473920888255188 0.9999473805644352 0.008675961073854975 -2.181768048196624 -0.004928210028126591 -0.008702961886244727 0.9999499843479324 201.35553762308152
0.9999099050224521 0.01181094235972746 0.006378358458375451 -0.8834721622962439 -0.01188911261730444 0.9998529311121761 0.01235982083865657 -2.184782291084355 -0.006231439786085032 -0.012434540551955966 0.9999032710006482 202.7874098396616
0.9998847752518183 0.013263859472454651 0.007382833142852612 -0.8802424360288337 -0.013370177132760779 0.9998048585831972 0.01454246003193985 -2.1933796423781153 -0.007188503896575663 -0.014639494460354622 0.9998669964615621 204.20842804718637
0.999877494514281 0.014050387930774025 0.006898009401938684 -0.877024313657489 -0.014152327821538179 0.9997879534448131 0.014958602645824916 -2.205125385290452 -0.006686373086498817 -0.015054393327351983 0.9998643196236034 205.70215302084813
0.9999375099292758 0.009587662323445732 0.00574916968386126 -0.8785457204605847 -0.009675641738197882 0.9998334318597825 0.015475480839526348 -2.211488789820953 -0.005599838832080536 -0.01553014099066607 0.999863718977067 207.1259557207336
0.9999606994095623 0.007546228762502894 0.004653392001774623 -0.8721344555168857 -0.007615733176277409 0.9998569264161827 0.015103884110064004 -2.213629823899734 -0.004538749231428628 -0.01513872981081458 0.9998751015083691 208.55987866756604
0.9999621785364105 0.007607912255287098 0.004214398729056269 -0.8833827938487533 -0.007668650032813212 0.9998641786304708 0.01458821813112849 -2.216492739667423 -0.0041028407755497355 -0.014619985422961184 0.9998847047160155 210.04285395622682
0.9999546285923416 0.008567885257018959 0.004163182097777598 -0.8905537762987166 -0.008628196744638182 0.9998548474644761 0.014691434074207005 -2.2249851604685547 -0.004036703609718665 -0.014726688550920039 0.9998834080379846 211.5067274912594
0.9999441065974947 0.009866335542363552 0.003799879752347979 -0.8893355742502309 -0.00992312506926458 0.999834808059876 0.015227875636463167 -2.2212159926750674 -0.003649009008883303 -0.015264731486160877 0.9998768287684292 212.94278932819603
0.9999471825757548 0.00965245678643519 0.003530172715032782 -0.9091584770981714 -0.009705811059966147 0.9998339597132155 0.015422394456040062 -2.239404391628511 -0.0033807228419444266 -0.015455843383540837 0.9998748359774188 214.38513444299608
0.9999437308796573 0.010074891549521417 0.0033213876485740992 -0.9093300382610106 -0.010123178239432963 0.9998383877612351 0.01485663615603526 -2.2477421874594707 -0.0031711721302202355 -0.014889423483957106 0.999884117654608 215.857370179819
0.9999497693151042 0.009585764031620272 0.002927790429747197 -0.9138509839472218 -0.00962673345850121 0.9998511904208723 0.014315132984717756 -2.2482516431563235 -0.0027901334844236446 -0.014342599271631562 0.9998932468036702 217.33738822693465
0.9999549307390654 0.009200237161785627 0.0023435250076137915 -0.9136424408691881 -0.00923316557754459 0.9998529587330975 0.014450244993269424 -2.2583416558016487 -0.0022102349074214316 -0.014471232176308035 0.9998928434107388 218.7900637902633
0.9999418066686961 0.010548616334066018 0.002260519460076796 -0.9248712084028106 -0.01057932455858212 0.9998455703686383 0.01403258082322115 -2.262756739891342 -0.0021121462254117696 -0.014055679273028445 0.9998989832585007 220.27825734700517
0.9999551532767239 0.009204134800184399 0.0022305426306533094 -0.9423399963795673 -0.009234722445915663 0.9998577450269754 0.014114164000731214 -2.2700054442633637 -0.002100316823476436 -0.014134129752740516 0.9998979023121954 221.76437780561227
0.9999339077045925 0.011368445790332225 0.0017142457332159594 -0.9378111087345998 -0.01139135314355175 0.9998370497651774 0.01400396413051714 -2.2831975003947664 -0.0015547632101777277 -0.01402256643872716 0.9999004702196063 223.2519045868197
