1.0 -3.469446951953614e-18 0.0 -1.7787691892340307e-19 0.0 0.9999999999999999 -3.5405977195229754e-19 0.0 2.168404344971009e-19 -2.354751593366955e-19 1.0 0.0
0.9999998184236251 -0.0001920850232811945 -0.0005711877703400902 0.0023623220759034095 0.0001924746445146272 0.9999997488292218 0.0006821250560820844 -0.022605926090915572 0.0005710566496940094 -0.0006822348851515522 0.9999996042253559 1.3271691435190551
0.9999996106291743 -0.0006537789352943687 -0.0005927180634304468 -0.007919513178060316 0.0006544457365945475 0.9999991525635218 0.001125420722648312 -0.03902273942997718 0.0005919818357649513 -0.0011258082084223669 0.9999991910569219 2.628002273801946
0.9999985244154309 -0.0013027885225958633 -0.0011197808784350139 -0.009237918093241298 0.0013039059154677044 0.9999986522689209 0.0009976409880589597 -0.0746863043332523 0.001118479749464476 -0.0009990996244713523 0.9999988754018504 3.9515879976599413
0.9999979703940859 -0.001937228998920874 -0.0005534921413556564 -0.02262172482950816 0.0019378220718998269 0.9999975470087418 0.0010727623416835195 -0.08804861158533576 0.000551412644931519 -0.0010738327538173656 0.9999992714139098 5.267169937196659
0.999997036378921 -0.002257119790703626 -0.0009124941099497561 -0.018649532155090798 0.0022585203953163664 0.9999962688856073 0.0015366511946255576 -0.10716273517368945 0.0009090223777324522 -0.0015387075564707359 0.9999984030282704 6.588547945280161
0.9999936632595775 -0.003508593216050255 -0.0006026759439965706 -0.02948167420671842 0.0035100103391593265 0.9999910402785762 0.002366259634554262 -0.14135771548296003 0.0005943683540825869 -0.002368360083453099 0.9999970187946299 7.919808128524947
0.9999935873579455 -0.003545972592000738 -0.0005013237787811235 -0.04596817924492045 0.00354734165519352 0.9999899091701308 0.002756432409814429 -0.15774417091880533 0.0004915445302566984 -0.002758193152571753 0.9999960753702014 9.237975717330988
0.9999945325228042 -0.003162199561540355 -0.0009671718406478215 -0.04767321814152363 0.003164403641643873 0.9999923810313146 0.0022856998956418675 -0.18049763445178707 0.0009599367157884275 -0.002288747964195241 0.999996920073368 10.56724348189401
0.9999993718278438 -0.0005397995478571074 -0.00098232359230411 -0.06509394826456763 0.0005397764616904867 0.9999998540369741 -2.3802210726537233e-05 -0.20032833946651057 0.0009823363803767111 2.327196069436608e-05 0.9999995172375006 11.89743762022698
0.9999981564558521 0.0016923360910403168 -0.0009072370437938672 -0.06665721773566044 -0.0016929583283586376 0.999998332053123 -0.0006854094371043539 -0.2266983538808344 0.0009060756633413533 0.0006869440995372273 0.9999993535678254 13.22589272218465
0.9999820106708277 0.005974440726658308 -0.000533272778243969 -0.1045120570416933 -0.0059749474674867745 0.9999816957056019 -0.00095303130405321 -0.241257904113775 0.0005275692314408041 0.0009562004503369592 0.999999403675884 14.567590881504826
0.9999828135366087 0.005858846729684731 -0.00021571813315482088 -0.12027900280164446 -0.005858901670379075 0.9999828044462729 -0.00025316946641884195 -0.2689853338305618 0.00021423116017629026 0.00025442898701535325 0.9999999446855983 15.920749722136863
0.999988387032677 0.004816547553121408 0.0001632800019811464 -0.11396379076442609 -0.004816962826656087 0.9999849024736774 0.002644182797156139 -0.30402947008333386 -0.00015054171556417488 -0.0026449386597442153 0.9999964908123149 17.253771107122933
0.9999999898233153 -0.0001141961091591457 8.551569140253026e-05 -0.1139267757483135 0.00011377992992377128 0.9999882267666814 0.0048511216077012885 -0.332514355812816 -8.606866714621362e-05 -0.004851111923819669 0.9999882295838659 18.619229885018292
0.9999986137996626 -0.0016515168542976383 -0.0002118797209236967 -0.10596676907626468 0.0016523048868639246 0.9999915131136708 0.0037740675535234483 -0.36051093938915846 0.00020564500710796565 -0.0037744124851032826 0.9999928557352967 19.973659592203813
0.9999964851738605 -0.0026504692154296367 -6.823940745196181e-05 -0.11100495156634033 0.0026505395666269384 0.999995936341856 0.0010497312808759901 -0.36451727170758397 6.545685627318797e-05 -0.0010499084812200692 0.9999994467037697 21.325740435696233
0.9999996680352788 -0.0007894086359584093 0.0002019031643181713 -0.13634978980990098 0.0007894569694615414 0.9999996597771971 -0.00023916933321030317 -0.41668511913363987 -0.00020171431047671202 0.00023932865316033018 0.9999999510163972 22.66641651815744
0.9999982355282822 0.0016192245921583014 0.0009523920509171549 -0.13041218267818616 -0.0016204754167907561 0.9999978238108662 0.0013139389436514365 -0.4047147847892749 -0.000950262495425207 -0.0013154799795430747 0.9999986832553551 24.036679991603307
0.9999973169040305 0.0016576607625180774 0.0016181300679053454 -0.14039418335793333 -0.0016665204394610928 0.9999835450919028 0.005489285618178666 -0.4293927302427996 -0.00160900419996799 -0.005491967644934802 0.9999836245638969 25.427651777287345
0.9999983401153307 0.0004742489010070303 0.0017592203412678431 -0.1389516951856992 -0.00048566679981753343 0.9999787856684969 0.006495563086412301 -0.4514740960392897 -0.0017561026500963555 -0.006496406826415689 0.9999773561441732 26.804510302928932
0.9999908762035504 -0.00391187406223943 0.0017160299331188105 -0.13671194170787768 0.0039005828538666003 0.9999710410400389 0.006534717105832992 -0.493827712673943 -0.0017415433706363477 -0.006527964091722347 0.9999771760949339 28.1722167025876
0.9999913327932243 -0.00379357934236668 0.0017155470919817705 -0.14814606371088418 0.0037867219820446104 0.9999848978431515 0.003983066179608905 -0.4981121738208306 -0.0017306314038598768 -0.003976535431729948 0.9999905959954547 29.524252102810777
0.999991248152369 -0.003628118326866398 0.00208335881440989 -0.14273354248966225 0.0036234186236209134 0.9999908921770824 0.002255303731668984 -0.5486146815949754 -0.0020915225230217615 -0.002247735152289134 0.9999952865977837 30.92293706820482
0.9999940034289115 -0.002094542785897739 0.0027578983741073882 -0.16718647115758783 0.0020926531862922957 0.999997573782547 0.0006879160118098983 -0.5246383351940987 -0.002759332784853882 -0.00068214057144819 0.9999959603735108 32.30520153360654
0.9999937388188433 -0.0003221031976302566 0.0035240002135687215 -0.17249344872679384 0.0003249182323770642 0.9999996285971784 -0.0007982688898376113 -0.5889117533419558 -0.0035237420781963668 0.0007994089225222844 0.9999934720700451 33.682291917429986
0.9999928143880753 -0.00035342596952544873 0.0037744227960488383 -0.19087082770898564 0.00035518982576662056 0.9999998280377329 -0.00046665209777674223 -0.5791870506376011 -0.003774257539332364 0.0004679893937374246 0.9999927679545101 35.07391492160487
0.9999951250500528 -0.00015272531407131001 0.0031187425844382884 -0.18390008943022818 0.00015056382631894148 0.999999748339483 0.0006932900963585491 -0.6230093827568766 -0.0031188479455155236 -0.0006928171577871534 0.9999948963809888 36.47018048002764
0.9999956455324626 2.353618913478704e-05 0.0029509940537722377 -0.20072277323334092 -2.8306584414137387e-05 0.9999986930513184 0.0016165067795851896 -0.6083093488263881 -0.002950952398631714 -0.001616583302599806 0.999994339251401 37.875610786525066
0.9999961348964229 0.0011363548466566883 0.002537497051278758 -0.19371656521842412 -0.001141443894010245 0.9999973386122987 0.002004962778898552 -0.6162889159185256 -0.0025352121615341617 -0.002007851478405779 0.9999947706006966 39.26763103821676
0.9999912004577137 0.0030801057918994823 0.0028481491355089655 -0.20381744001060703 -0.0030867878543715784 0.999992487211445 0.0023446250478300905 -0.6563032113364765 -0.002840906283148337 -0.0023533960947927225 0.9999931953643783 40.66744855528016
0.9999644287837023 0.007906472928164992 0.002937488717905631 -0.22054401965948436 -0.007914027007388184 0.9999653841966893 0.002568774284217016 -0.6894956495442195 -0.0029170773349575935 -0.0025919303296060257 0.9999923862478709 42.08779221172665
0.9999654592500916 0.007820024637059568 0.00281558313287321 -0.23268395258936486 -0.007828257942194678 0.9999650808851679 0.002924962225789013 -0.7034039600899912 -0.00279261177264299 -0.002946902368220833 0.999991758507468 43.47647471874728
0.999964960650867 0.008047342040934963 0.0023060230640618235 -0.2378556879862187 -0.008053909767730853 0.9999634972149175 0.002852856795245211 -0.7332042575564901 -0.002282981164488357 -0.0028713293955783693 0.9999932717083596 44.91687864250603
0.999970373437093 0.007542320398687137 0.0015380628324936489 -0.2457600441984347 -0.007545427045246647 0.9999694848752215 0.002023824271136501 -0.7589915330370598 -0.0015227516947487238 -0.0020353696977265536 0.9999967692426238 46.31624375157301
0.9999772919148984 0.0067229946806989195 0.00046581530015528134 -0.2494306946983101 -0.0067241783828638005 0.9999740461036517 0.002586997783565926 -0.782456251520323 -0.0004484108743214384 -0.0025900713188049523 0.9999965452230631 47.73999059252165
0.9999724279751864 0.007397337098800917 -0.0006501358641326353 -0.24597981501119998 -0.007395056748500885 0.9999667279391314 0.0034432782684502812 -0.8121371420560227 0.0006755853822565908 -0.0034383756126710736 0.9999938605608094 49.13522431676911
0.9999652172665404 0.008163121849826429 -0.0017110459599350648 -0.252337900814407 -0.00815711434542925 0.999960642123 0.003489370623032671 -0.8366280021773828 0.001739462923670146 -0.0034752921318029714 0.999992448279972 50.567875620438826
0.9999651468538563 0.007888828843603111 -0.0027333926422269316 -0.26572210088504605 -0.007879088958571185 0.9999626363257412 0.0035561110399932963 -0.844670352982367 0.0027613442996967013 -0.0035344505325000464 0.9999899412707631 52.01877917454844
0.999951147671237 0.009097463167627617 -0.0038650236151203683 -0.2808933110843274 -0.009079440652869966 0.9999479443452064 0.004655359945638346 -0.8816096823750383 0.003907174717780099 -0.004620040369134445 0.9999816944429828 53.42902903018358
0.999957152753023 0.008016944046261371 -0.004628308559599919 -0.29982243480185183 -0.007993230767026217 0.9999549479586395 0.005119602603459916 -0.9022320827970769 0.004669144010652911 -0.005082388214315604 0.999976183933634 54.88858897315321
0.9999813078647529 0.0036386160609400307 -0.004913692900218409 -0.30951831383870165 -0.0036088226745332602 0.9999751339674108 0.006058700430305358 -0.9083009179786948 0.004935616422626957 -0.00604085465976818 0.9999695734254659 56.2745077984341
0.9999803443944504 0.003617359575297483 -0.005121085594767007 -0.3464816375418094 -0.0035862530906153505 0.9999751439136223 0.006070448812930717 -0.943600167022758 0.005142917740052203 -0.006051964111777796 0.9999684615722683 57.69348327199224
0.9999816660360267 0.0038277455185094338 -0.004692114644386878 -0.3766516787397067 -0.003796438134228792 0.999970593740545 0.0066632362237238184 -0.9828642686718883 0.004717482243245291 -0.006645300874970329 0.9999667921228628 59.13310786157622
0.9999831667135657 0.0025227345843855586 -0.005225139701630452 -0.34396977006207896 -0.002487289777097214 0.9999739291439133 0.006778969291125257 -0.984334015578305 0.005242105466365007 -0.006765858881778662 0.9999633710772081 60.56207884122364
0.9999889912358225 -0.0007404334888364058 -0.0046334822402238 -0.37194906273697637 0.0007742043272795391 0.9999731214794598 0.007290879442133817 -0.9803770260649769 0.004627959684841898 -0.007294386587530134 0.9999626862660689 62.02025995421143
0.9999879900742619 -0.002310986457552037 -0.0043219259651281145 -0.37640224007507833 0.0023421705338121327 0.9999711622091764 0.007224194196206798 -1.0188246244918215 0.004305106685220195 -0.007234230266133256 0.9999645653617446 63.42921171280455
0.9999905746709415 -0.0018882824218154314 -0.003909597720841883 -0.3871599500510414 0.001913999273806968 0.9999764896487281 0.0065845844200164705 -1.0589273726147896 0.003897072584623052 -0.0065920054569912345 0.9999706787193134 64.84062504284816
0.9999924312762885 -0.00224984931589502 -0.0031742031778019385 -0.40725107126743837 0.0022701004146881525 0.999977002279065 0.006390739556188259 -1.0671554322851549 0.0031597522497148534 -0.006397897073345156 0.9999745411189953 66.29304216678398
0.9999963142539507 -0.0008823817344307851 -0.0025676600018354387 -0.4154195161912393 0.0008982785932080007 0.9999803973812685 0.006196607602090209 -1.0848079522196936 0.002562142117224062 -0.00619889136056947 0.9999775043368573 67.66202996735575
0.9999971231431967 0.001716255078997803 -0.0016757589466173935 -0.4454330713075905 -0.001703771219754801 0.9999709980002189 0.007422959176063931 -1.1114670498447203 0.00168845018623455 -0.007420082860343789 0.9999710453364378 69.12293508636003
0.9999890713320662 0.004587445112137996 -0.0009014174932569291 -0.45898546804025997 -0.004579698002004083 0.9999540927175689 0.008416580648578493 -1.12422334514483 0.0009399867993403237 -0.008412360616752813 0.9999641736671014 70.48712139811639
0.9999675979209753 0.008048376102924774 0.00016350294357967516 -0.4793933833692089 -0.008049550567491126 0.9999242101362029 0.009315510365331094 -1.1489338477059339 -8.851582115404293e-05 -0.009316524838357583 0.9999565963244198 71.92482245237552
0.9999281074130503 0.011970190772138631 0.0007032144073961643 -0.49111508345374755 -0.011976232537608003 0.999884777154849 0.009327502015033446 -1.1706406136387983 -0.0005914814456596436 -0.009335253488732872 0.9999562506400438 73.30351523533514
0.999885651302136 0.015075760978940776 0.001185627868513724 -0.49957914702967754 -0.015085490152852914 0.9998485687588302 0.008675688687658627 -1.1806793692234958 -0.001054655801445177 -0.008692582593508597 0.9999616626201843 74.70967809093203
0.99987869530735 0.015444653352131448 0.002014277898188835 -0.5173717915587362 -0.015461547467828355 0.9998429631962041 0.008659649804226233 -1.185094966887281 -0.0018802164458523996 -0.008689743382978544 0.9999604757919736 76.15985862571694
0.9998663665627106 0.016170511183573398 0.0024007383594361253 -0.5227526666797346 -0.016191464962580365 0.9998285742806968 0.008981010772962468 -1.2001140156105339 -0.0022550994602514303 -0.009018682268962349 0.9999567880145227 77.52491219526235
0.9998719561870149 0.015791067058388876 0.0025910216997995245 -0.52700073315522 -0.01581513862371336 0.9998293389828008 0.009548525443864017 -1.2386758104929045 -0.0024397983071955493 -0.00958828038071117 0.9999510549338888 78.9261830421074
0.9998850574244963 0.015037114242508271 0.0019383235007422188 -0.5166003011715445 -0.015052378907453201 0.9998537629964865 0.008116560083311533 -1.240426285915354 -0.0018159905526859465 -0.00814480369534303 0.9999651815693177 80.29736209213196
0.999891092619928 0.014640659921393219 0.0018584782021844994 -0.5342042332622723 -0.01465577697828389 0.9998573246232829 0.008398728081536567 -1.276031318296633 -0.0017352502622143512 -0.008425051015974154 0.9999630030266202 81.69394407877978
0.9998838502295041 0.01512856896637314 0.0018472721344817353 -0.5622142447712849 -0.01514355610090103 0.9998501488032701 0.008387650653539329 -1.2719281397496944 -0.0017201023066409364 -0.008414650875083121 0.9999631167692287 83.06211266279868
0.9998925955955696 0.014561940106296339 0.0016574493535908678 -0.5794436149528029 -0.014574266236501552 0.9998642613439468 0.007684379343707746 -1.2882884297496435 -0.0015453250271320117 -0.007707710277488048 0.9999691011090629 84.4411641549531
0.9998953905700361 0.014442542274096217 0.000787942630603466 -0.5859308938006896 -0.014448327068390646 0.9998643387141946 0.00790885877438873 -1.2982329960305108 -0.0006736117615052204 -0.007919416052623678 0.9999684140501062 85.83641461970933
0.9999003486591136 0.014113640060988513 -0.0003128565960144663 -0.5925918463975924 -0.01411041479674639 0.9998631685479394 0.008633678739662464 -1.3233043157602706 0.00043466646437480163 -0.00862840402688615 0.9999626801597818 87.21086737440721
0.99990854817229 0.013441361357711387 -0.0014916637638439426 -0.5965220184232443 -0.013426360448469302 0.9998633101823237 0.00964851421448165 -1.3343350188777328 0.0016211491786791575 -0.009627604426233248 0.9999523394213393 88.5846270137337
0.9999204429342199 0.012246171324062048 -0.0030230870136772558 -0.5844292261423273 -0.012214345018041663 0.9998720312926361 0.010331061918756905 -1.3552248206693371 0.003149216381058272 -0.010293315196800164 0.9999420633754917 89.92067081271841
0.999936511056581 0.010705190239712493 -0.0035174886850841847 -0.6090145235081633 -0.010666112327034283 0.9998831936999462 0.010946827162816137 -1.3816361239242854 0.0036342660028237136 -0.01090861445706304 0.9999338949409664 91.29867243639387
0.9999429552258274 0.00992282482361068 -0.003952696783548761 -0.6179866149929245 -0.009880434445003188 0.9998949659439623 0.010603495352769433 -1.4056772164117588 0.00405749859349162 -0.010563836336431527 0.9999359689891755 92.68242446526446
0.9999516724018713 0.009009103809555764 -0.003935591696078013 -0.6336214414684972 -0.008967516384623309 0.9999050816431825 0.010459989011612937 -1.4256118691765018 0.0040294536114209075 -0.010424191238085242 0.9999375479257617 94.01291385567916
0.9999555826376009 0.008456060217189275 -0.004162663963292314 -0.6694121853990052 -0.008413403616864547 0.999912984963129 0.010160568706773206 -1.4278636463948677 0.004248220496427043 -0.01012509543856083 0.9999397157211339 95.38930689203451
0.9999587082387471 0.008182069887351985 -0.003954178148437703 -0.6729327534654755 -0.008143083329821077 0.9999190446467814 0.009777236868021785 -1.4435177897435127 0.004033856420170324 -0.009744634148139192 0.9999443835126551 96.75545207698866
0.9999419782862086 0.01004840351483331 -0.0038819605560689177 -0.6767293623596142 -0.010012631230919875 0.9999082161329553 0.009127241939371427 -1.467343654838158 0.0039733188072047275 -0.009087843911698288 0.9999508107107193 98.10338800024772
0.9999300695730803 0.011281191016247017 -0.0035483319648436876 -0.7063112365149833 -0.011248427717795283 0.9998951264239828 0.00912189952363099 -1.4718141178773971 0.0036508660447132826 -0.009081348660279357 0.9999520989993753 99.43752057498644
0.9999270778461457 0.01160941582356016 -0.003325721073049995 -0.7118167693631811 -0.011574423255374732 0.9998793980186124 0.010354813762831377 -1.4864115197889134 0.003445533622045599 -0.010315565579192344 0.9999408569583844 100.79783920292299
0.9999266237802039 0.0116975998576132 -0.00314852021388966 -0.7492140026054523 -0.011658807860322553 0.9998591897267097 0.012069504604021366 -1.5028372463079496 0.003289261392204457 -0.012031911245961707 0.9999222039147628 102.10647729584338
0.9999274915009876 0.011558764246312705 -0.0033773770951021635 -0.7349382489909033 -0.01152101531519819 0.9998732274434214 0.01099069020910893 -1.5232616992186923 0.00350398803765786 -0.01095098270496556 0.999933896843154 103.47753181107007
0.9999264901335316 0.011697147125506731 -0.0031923415723865266 -0.7440983262693409 -0.011668484538317338 0.9998927175251967 0.008854373697078527 -1.5371406936130008 0.003295570286831962 -0.008816473210382786 0.999955703531586 104.7999349429358
0.9999433803760526 0.010102559455390937 -0.003342799044310665 -0.7759928231589288 -0.010077258274756027 0.9999210869484911 0.007501250705946767 -1.5520616537179646 0.003418317379372645 -0.007467139896316356 0.9999662778996268 106.11859235105118
0.99995182825854 0.009374330172183353 -0.0029091356293605894 -0.7799420284909576 -0.009349154451492401 0.9999197387290281 0.0085504052111124 -1.5671823302449661 0.002989056718901371 -0.008522795542477106 0.9999592129202213 107.47366847811472
0.9999799786787852 0.005829882757020328 -0.0024606285066673546 -0.7841573567612744 -0.0058034236201878996 0.9999266942029851 0.010626688216265171 -1.5759638052240554 0.0025224006961063377 -0.010612195602010117 0.9999405076339938 108.79158538866326
0.9999852798431289 0.005071795062285382 -0.0019279467626076522 -0.797564784230051 -0.005049189779749526 0.9999204950613941 0.011554620042744098 -1.5931949486947201 0.001986396323076684 -0.011544715620876935 0.9999313845351985 110.13656187144124
0.9999887553555681 0.004582134980733823 -0.0012219617939173174 -0.8009160876384249 -0.0045690296618836794 0.9999342200359232 0.01052043602758907 -1.6090572975969608 0.0012700875867950325 -0.010514734761128297 0.9999439120451342 111.44919630047254
0.9999850895870694 0.0054574253098058426 0.00019261881680942596 -0.8295381919904176 -0.005458794523934196 0.9999529664084266 0.008016641549407448 -1.6314697809486456 -0.0001488595412007035 -0.008017573646595477 0.9999678476610037 112.80937591195442
0.999963838258003 0.008453773271703826 0.0009251360695158681 -0.8190902795689982 -0.008459699843954392 0.9999424286044326 0.006600982638059482 -1.6505602083978173 -0.00086927966619273 -0.006608570444511027 0.9999777853282636 114.14477122296667
0.9999288781654566 0.0117149920954945 0.002235519182020751 -0.8348583350924142 -0.011727407817790969 0.9999154176806428 0.005623648009359428 -1.6543976738964474 -0.0021694492841361525 -0.005649465008885237 0.9999816883490243 115.44558754251588
0.99991991485485 0.012022527266581828 0.003952554944310755 -0.8543534939408146 -0.012053983104175148 0.9998950802140559 0.008033061780936306 -1.6808906546851805 -0.0038555628588309763 -0.008080062647861066 0.9999599228070736 116.81871956408892
0.9999071279986725 0.012873244437101722 0.004473804708715218 -0.8595586580113702 -0.012917249540050538 0.9998670585845586 0.009950369346041212 -1.6793033230309975 -0.004345116777854547 -0.010007234690705809 0.9999404858351467 118.1144729305891
0.9999060206885784 0.012621432753115929 0.005352494828906412 -0.855539814809041 -0.012678507084382989 0.9998616585448782 0.01076658056654254 -1.6992139838603588 -0.005215865117188084 -0.010833430593267876 0.9999277131526347 119.48408734053763
0.9999010253116991 0.012472033085653384 0.00651060268506928 -0.8637712287152413 -0.01253810618383922 0.9998692856231738 0.01020821177717746 -1.718937564174492 -0.006382435032487832 -0.010288832257532732 0.9999266995389572 120.80645344704598
0.999870071718988 0.01415691350999462 0.007708531071322575 -0.8543099873209059 -0.014235218006828837 0.9998466502342847 0.010199736085929738 -1.7274094709577188 -0.007562952819962001 -0.01030814367992475 0.9999182686175561 122.10852607835045
0.9998347963358555 0.015754182405493602 0.009065635000878881 -0.8677376446285855 -0.015843026463402715 0.9998263360971735 0.009813062598623112 -1.7351303932255797 -0.00890946459502 -0.009955068740979603 0.999910755039275 123.47382580336458
0.9997989872616492 0.017034593360547218 0.010573914119893104 -0.8825863615233427 -0.017132221324920857 0.9998107958585118 0.009211922762438986 -1.7554386670359037 -0.010414993006809842 -0.009391225875262017 0.9999016615614238 124.83967749340728
0.9997835733812966 0.01739358613965984 0.011413567218832844 -0.8636780675638751 -0.017491162817565117 0.9998108384146559 0.008505683826467478 -1.765710015089695 -0.011263464811914852 -0.008703479708330245 0.9998986867665056 126.16145140306126
0.999773881728321 0.01714263649866339 0.01258234424414981 -0.8720855912576448 -0.01724468199911828 0.9998189175335548 0.008046932927191065 -1.7849409815062618 -0.012442121201933248 -0.008262092059766227 0.9998884595049187 127.49619187053365
0.9997653198846747 0.017238038101261198 0.013120791001963122 -0.8482356331284879 -0.017353088674450994 0.999811522586316 0.008705725813371734 -1.7923174878121153 -0.01296824948568007 -0.008931369181052804 0.9998760198878542 128.80754223567058
0.9997553225469056 0.01722314939108898 0.013880134072643584 -0.836031584525091 -0.017355756191349315 0.9998043351739293 0.009490476220615772 -1.8135037170665804 -0.013713963481000242 -0.009729054531719598 0.9998586263574569 130.17891484332867
0.999778672783368 0.015539300628243045 0.01418222645654096 -0.8169309484979705 -0.015671970173406567 0.9998340115997041 0.0092918586710979 -1.814885320899317 -0.014035484565543179 -0.00951206574785665 0.9998562525564506 131.50839221650267
0.9997887647090841 0.014606203952085377 0.014459762599774962 -0.8150423547286578 -0.014752561381959742 0.9998404935320212 0.010067246934461723 -1.8437424545427008 -0.01431041311408827 -0.010278439114070495 0.9998447708342084 132.85916468608943
0.9998105147358916 0.013319291712758032 0.014196163683558792 -0.8023227752092181 -0.013473651206553413 0.9998505351715093 0.010833654512617445 -1.8486466360782021 -0.014049746430853279 -0.011022876068694669 0.9998405376994904 134.1838985557738
0.9998473624066436 0.011131999480673747 0.013465899716228382 -0.7756711729240715 -0.011283110881860686 0.9998736368217367 0.01119829541197483 -1.8697697173680663 -0.01333953982245744 -0.01134852359207662 0.9998466220816294 135.5177976208512
0.9998636480745255 0.010904442320745576 0.012400740997907372 -0.7735353345223377 -0.011035784292741567 0.9998832072856562 0.010572761003334473 -1.8784467766484396 -0.012284003649300188 -0.010708171499142478 0.9998672103409163 136.86364337038796
0.9998935376774207 0.008235780309228467 0.012045132709962955 -0.8019481529851569 -0.008383314817103681 0.9998898268230899 0.012249663742138806 -1.8978535366417966 -0.011942921119804885 -0.012349337993992458 0.9998524193521957 138.1896376077394
0.9999157419310254 0.007904611273660014 0.010296899971422566 -0.7489397145314116 -0.008029165359720201 0.9998944155859297 0.012111572823765219 -1.9092241187278538 -0.010200076356828429 -0.012193228076663886 0.9998736338302635 139.54882469662962
0.9999355191741413 0.006651443197443886 0.009204118130799147 -0.7641144846166397 -0.00676569183606337 0.9998997586328506 0.01243776945696768 -1.9261204582433853 -0.009120467141449014 -0.012499239930241513 0.9998802858732319 140.90368948312468
0.9999454698064101 0.006867760005415225 0.00786710103663855 -0.7571005288915167 -0.006962359929262302 0.9999030230961313 0.0120610927066778 -1.9296803379940626 -0.0077835060678428936 -0.012115208839684428 0.9998963139974273 142.23270646251316
0.9999552987082383 0.006580611768689712 0.006789412864615867 -0.7483161889370911 -0.006660329586639847 0.999908356189599 0.011786400692069765 -1.9396592550224463 -0.006711229487857465 -0.011831093784874916 0.9999074880289543 143.5821659519877
0.9999706381776144 0.004157553664621774 0.006437198819751323 -0.7503861169047694 -0.004218206409133592 0.9999465691787065 0.009437453435672497 -1.9510770659111327 -0.006397618689076257 -0.00946432995267381 0.9999347463361121 144.92814910069416
0.9999865081692061 0.001100902141077588 0.005076563577707633 -0.7567676173689486 -0.0011456579704127385 0.9999604318536256 0.008821688848145529 -1.9849463002031238 -0.0050666513124521615 -0.00882738600364082 0.9999482018074173 146.23504374432582
0.9999667596794027 -0.0070349649834840645 0.004121749274046073 -0.7515697769722056 0.006986506745551053 0.9999076638975908 0.011655573345947596 -1.9952064760783632 -0.004203365583452471 -0.011626389502192452 0.999923576471786 147.62859028133738
0.9998939941436644 -0.014334755579558522 0.0025525029439047936 -0.743105196167438 0.014299699153336773 0.9998098228287582 0.013260345556075364 -2.008650259744315 -0.0027421015485547765 -0.013222440105013207 0.9999088198222759 148.9390181002339
0.9998548335941608 -0.016963024195015525 0.0016023606803710851 -0.7196332393666983 0.0169456580346138 0.9998034318947268 0.010292824351093362 -2.0191066962167947 -0.0017766432764447942 -0.010264177310518484 0.9999457436300161 150.2314741199428
0.999881101694925 -0.015344975452608179 0.00152125394061706 -0.7361986341065926 0.015333349423608101 0.999855195393537 0.007380828435311363 -2.047529670668826 -0.0016342924182180419 -0.0073566250810127585 0.9999716041745751 151.64186246145516
0.9999247273544613 -0.011997316128475441 0.002569833534997095 -0.7328875561430641 0.011985080155211068 0.9999170112021325 0.004725309627864749 -2.0557868108769903 -0.0026263115182801923 -0.004694154361607745 0.9999855335954856 152.95781809001485
0.9999137011067822 -0.012603623152068727 0.0037066207136651954 -0.749206504075417 0.012584337719429673 0.999907390088659 0.0051812815888378745 -2.0771674584003494 -0.0037715806780903565 -0.005134189171591893 0.9999797074327796 154.33077524345464
0.9998539329935342 -0.01659290494667045 0.004097340212340099 -0.7543905147089869 0.01655964668813916 0.9998306983050219 0.008022020763503248 -2.072769608568704 -0.0042297555034835396 -0.007952998645280622 0.9999594286660988 155.65040463388158
0.9997464820678922 -0.022093927804790144 0.004339349768420816 -0.7529988135525174 0.02203976461598872 0.9996831810887803 0.012156735390796956 -2.1020764952338418 -0.004606565392278568 -0.012058015409907733 0.9999166884389946 156.99705443426703
0.9997054776195652 -0.02387885791597078 0.0043310701942791225 -0.7284306414836809 0.023822760821232095 0.9996371440721902 0.012572042463831782 -2.109034901341905 -0.00462970503482959 -0.012465161890272879 0.9999115888765941 158.34251923849595
0.999679442511724 -0.025026829676973325 0.0038301462813216157 -0.7127084201620408 0.02497443532336877 0.9996013938577697 0.01316552213086565 -2.139041335414102 -0.004158111180367125 -0.013065646318572587 0.9999059950804501 159.68083000408248
0.9996798536381772 -0.02475754802833771 0.005220541336406288 -0.7284158112466528 0.024687345890898153 0.9996092737021967 0.013108580247226706 -2.129075840594873 -0.00554303829470746 -0.012975502505538836 0.9999004505750839 161.04260736107094
0.9997247594899801 -0.0225985269538946 0.006301734063135472 -0.7232977622367479 0.022517855897623874 0.9996671446948469 0.012591504090261359 -2.133142125736141 -0.006584186486727523 -0.012446137081379609 0.999900866165363 162.381333491056
0.9997671005057458 -0.02014700456036317 0.0077358236061200345 -0.7483053780253306 0.020059465568090455 0.9997356973112006 0.011231800950288149 -2.1401754622426203 -0.007960066814323454 -0.011074008778633229 0.9999069975066776 163.72746513329756
0.9997874487876536 -0.01884016155116818 0.00837290713978192 -0.754289776301519 0.018753514491198952 0.999770984716839 0.010309403553733672 -2.1306334424778717 -0.008565221158739266 -0.01015019102080208 0.999911801413049 165.0835150258915
0.9997879577775358 -0.01860161415677219 0.00883286185695201 -0.7613780647322346 0.018502712603486272 0.9997666378524006 0.011149863320097174 -2.1422164653459532 -0.009038206810248906 -0.010984067368797366 0.9998988254210814 166.42965414622336
0.9997835981469703 -0.01907826816076434 0.00829316433252929 -0.7374181996970786 0.018983090902135173 0.9997547217796805 0.011407827476073362 -2.1371562629792136 -0.008508772500196079 -0.011247929108849409 0.9999005374927301 167.75187299484384
0.9998327673682996 -0.0164102190735022 0.008071060818102795 -0.7466082013890922 0.016336600783469206 0.9998250984824545 0.009104279623706604 -2.1530070313140226 -0.008219053086550014 -0.008970903550148719 0.9999259822865175 169.1449258193176
0.9998911469139594 -0.012966896500430506 0.007039455592764951 -0.7459838458616537 0.012918134229201362 0.9998925499884085 0.006928944635388243 -2.1810634667143436 -0.0071285467070612545 -0.006837253885168986 0.9999512166982447 170.56414797943597
0.9999454221646603 -0.0077788209289185554 0.0069744284503679265 -0.7477656215933774 0.007743174166215078 0.9999568947726885 0.005123654997068486 -2.1834109061177864 -0.0070139843988446 -0.005069371233121268 0.9999625520451779 171.91121013482515
0.9999625101011015 -0.004906775740541484 0.007134560756559111 -0.739534680603191 0.004863264437626117 0.9999695485880138 0.006103322685081138 -2.1984256121811234 -0.007164291734976553 -0.006068396726543491 0.9999559227685729 173.27435231112204
0.9999658348108016 -0.0005804942736493159 0.008245741042403096 -0.758744194887518 0.000512758148171328 0.9999661295765785 0.008214424840996874 -2.2260590875687605 -0.008250230872765022 -0.008209916277364771 0.9999322631862182 174.64015534332466
0.9999631134148637 0.0021572439111143997 0.008313730295989091 -0.7616897020938177 -0.002250631357017037 0.9999342967796225 0.011239963624514935 -2.2492897278226827 -0.008288937405564042 -0.01125826037953802 0.9999022677676531 176.010606572122
0.9999738357357443 -0.0010704267904474412 0.00715416233577144 -0.748004126944705 0.0009826259674870427 0.9999242996351343 0.012264967967925412 -2.2526398300074475 -0.007166750109033172 -0.012257617433315438 0.999899189171376 177.43017388094728
0.9999778005590094 -0.002849550375461309 0.006023160473892574 -0.7569259369876293 0.002775216386973969 0.9999203295083569 0.012313927126933187 -2.260870115306755 -0.006057770263195362 -0.012296938426241865 0.9999060399473173 178.83106876552043
0.9999715955373244 -0.006516645326567646 0.003787012631250098 -0.7584888672114267 0.00648462636904526 0.9999436369179804 0.008406699579643784 -2.2581647759283054 -0.0038415829804707043 -0.008381903586980573 0.9999574920616837 180.1696634161502
0.9999924152116364 -0.0032407487524908143 0.002160341229776753 -0.7691267920959732 0.003230636357976567 0.9999838853542037 0.004668191835633296 -2.2909630565513424 -0.002175435033345545 -0.0046611772390824265 0.9999867703661245 181.58974683931868
0.999999400635987 -8.5183423427556e-06 0.0010948318105331275 -0.7740539887596234 3.858852294764958e-06 0.999990943904625 0.004255830460476468 -2.312217748097379 -0.001094858237320442 -0.004255823767873753 0.9999903445778094 182.97979288115235
0.9999962829179395 0.002573853895515469 0.0008996794536427319 -0.7957076117025618 -0.0025786877309727984 0.9999820223691718 0.005413438033692257 -2.315301467206874 -0.0008857299515935763 -0.005415738011859904 0.9999849425187619 184.3084787084184
0.999983488410437 0.005467027959648055 0.001770452877723595 -0.8087411335075418 -0.005480925405511497 0.9999534400448524 0.0079421160687016 -2.3276944870681677 -0.0017269508147640554 -0.007951688811403547 0.9999668935949008 185.75954492300826
0.9999627656429056 0.008345605622551662 0.0021950351796967086 -0.8241236976226487 -0.008368724589723747 0.9999072747770278 0.010742732939621275 -2.3556494719138223 -0.0021051772018783523 -0.010760702802518406 0.9999398859456474 187.12817188665107
0.9999790367230295 0.006009088534293823 0.0024118375876707636 -0.830753521733304 -0.006035691964236947 0.9999192991394324 0.011178803116853034 -2.3530510330778815 -0.0023444687221249563 -0.011193126104560117 0.9999346065594649 188.5831635542966
0.9999882743835372 0.004422344095931615 0.001973312534635064 -0.8142434132234015 -0.0044451212588419095 0.9999217734473009 0.011691359508623135 -2.356391475893254 -0.0019214551077042688 -0.011699994266148808 0.9999297066024457 189.98827710055522
0.9999953326816531 0.0017618842389460366 0.0024960727282900066 -0.8367825117789129 -0.0017925456026099598 0.9999223107392557 0.012335285345541356 -2.371138826617495 -0.002474145664633614 -0.012339702339576925 0.9999208020392157 191.3548619900967
0.9999962683138872 -0.0001842627918764786 0.00272569429084303 -0.8351660107062959 0.00015071269006397374 0.9999242925145242 0.012303922956777864 -2.3737345890176362 -0.0027277553111301513 -0.012303466485816148 0.9999205888791562 192.80696159353036
0.9999935139364485 -0.002091254689818422 0.002932361802471975 -0.826709525733611 0.0020529423216335482 0.9999132835107376 0.013008108182209245 -2.38571257409237 -0.0029593110250224976 -0.013002004093401395 0.9999110912321391 194.16222611594577
0.9999702196766062 -0.006795454848185507 0.003658082266294287 -0.8423791643002772 0.006741721617674598 0.9998720510712588 0.014506228393377847 -2.3931000563073765 -0.0037561909439034905 -0.014481134898070586 0.9998880876193589 195.6244422419324
0.9999400035232523 -0.010332707408004287 0.0036365541232948415 -0.8250975702878427 0.010275342782652259 0.9998277686035119 0.015454787076854087 -2.408849383826119 -0.003795617894989439 -0.015416493296772837 0.9998739545669262 197.0382192046163
0.9999643918525867 -0.007429794030935419 0.004001649764386102 -0.8299885742703572 0.0073787662716684865 0.9998931506527177 0.012619075754957267 -2.4347356069704564 -0.0040949796597965155 -0.01258909941384208 0.9999123690191165 198.44756244774612
0.9999887607116758 -0.0021016625276786324 0.004249879182157735 -0.8592095725556008 0.0020721728406671597 0.9999738297334041 0.006931518092882079 -2.4329843374632336 -0.00426433602813632 -0.006922633834697155 0.9999669457416424 199.89369466100894
0.9999501133966063 0.00847569197423749 0.005285201126650231 -0.8529583861211467 -0.00850774132173341 0.9999453781546149 0.006071166423042774 -2.44094559731177 -0.005233455540538875 -0.0061158287999626675 0.9999676032637291 201.34789661042316
0.9998665626794585 0.014910386307666196 0.006673618470601 -0.8659025555574111 -0.014973651007752727 0.9998424502861329 0.009532282880664147 -2.446777545939556 -0.006530437568774047 -0.009630939548245189 0.9999322969007504 202.77971194322686
0.9998363766111756 0.01635202432031265 0.007735067452643044 -0.8641776052598875 -0.01644056125852903 0.9997984278981658 0.01152438968719681 -2.453450152668648 -0.007545061807594208 -0.011649673113793294 0.9999036739386576 204.19758584476048
0.9998661943080722 0.014500162837398994 0.007572233956622602 -0.8815902372360347 -0.014590995337194088 0.9998205585067534 0.01208112888239871 -2.4570559605273483 -0.0073956974636368595 -0.012189999034291252 0.9998983486236477 205.664389158859
0.9999133861328824 0.011584174372554656 0.006247168565763937 -0.8722464767983245 -0.01166183523665575 0.9998533453491596 0.012541507715519555 -2.4740485303224156 -0.006100969883281209 -0.01261327515005679 0.9999018369094992 207.1143671861736
0.9999359814827801 0.01021227737885335 0.004872608015906841 -0.8579563272189623 -0.010271764380218614 0.9998710547384112 0.012343612579049873 -2.4870208267119547 -0.004745923712373344 -0.012392872888950164 0.9999119425774036 208.55415248466878
0.9999398656896984 0.009987466666958506 0.004529403550387771 -0.8733123421942995 -0.010040514333551175 0.9998794438934346 0.01184422937966438 -2.4863140701862485 -0.0044105640207525 -0.011888994914757355 0.9999195961296754 210.06043097346526
0.9999268479429063 0.011258728277240507 0.004420382236525871 -0.8825042432220593 -0.011309743939837297 0.9998677004850823 0.011690647582845454 -2.501811808769084 -0.004288175951179678 -0.011739786015657975 0.9999218914347895 211.50830199180277
0.9999144946129109 0.012384953869493738 0.0041971842339551466 -0.8818706698512586 -0.012435866509015021 0.9998466591510143 0.012329129494274907 -2.5008805990804754 -0.004043845266626079 -0.012380271160338649 0.9999151845037947 212.9550952607506
0.9999203011983568 0.012059422463912027 0.0037365166546366223 -0.8947504546111998 -0.0121047927048159 0.9998502507596779 0.012367298559528483 -2.522367732855769 -0.0035868149298746467 -0.01241154291114149 0.9999165406980021 214.39508049511358
0.9999136063256733 0.01265938479798984 0.0035383378428144713 -0.8970375434602584 -0.012700677673335627 0.9998485085021264 0.011901800670478952 -2.536756671720743 -0.0033871326176078648 -0.0119457119610152 0.9999229106778778 215.8487386395752
0.9999216964564002 0.012062904752211293 0.003329753713094477 -0.9013137556424888 -0.01210025290658874 0.9998614169320355 0.011433758572918685 -2.539977110844426 -0.003191368186155992 -0.011473154363925429 0.9999290884348254 217.33145473258685
0.9999153192660069 0.012772359384304106 0.0024942142751683072 -0.8885202592478391 -0.012799927212159622 0.9998534515742915 0.011368256923507422 -2.5579335695721848 -0.0023486494790479137 -0.011399220244887641 0.9999322685184034 218.80807944969052
0.9999027886689421 0.013705894467339472 0.0025615694034812854 -0.906606274608358 -0.01373329060447838 0.9998451644006988 0.011001999099160909 -2.5652592019185474 -0.0024103807383825454 -0.011036108583261291 0.999936195150812 220.27477824704445
0.9999304609179541 0.011455897267624061 0.0027992360875008526 -0.936895498868588 -0.01148650661086286 0.9998715834974105 0.011174824532556903 -2.5744309963299115 -0.002670859194927236 -0.011206201116812808 0.9999336415823522 221.767693785689
0.9999021949840655 0.013840701114299456 0.002008837103041324 -0.9188656216422059 -0.013861764477888243 0.9998447284367747 0.010879822320507188 -2.589200351793029 -0.0018579409678931337 -0.010906604470164616 0.9999387951447443 223.26531183273258
