1.0 -6.776263578034403e-21 8.673617379884035e-19 -8.673617379884035e-19 0.0 1.0 -1.828002979293187e-19 0.0 0.0 1.0683203047244863e-19 1.0000000000000002 5.551115123125783e-17
0.9999997609328668 -0.0006045316352606309 -0.00033567176852968787 0.0008173796576166348 0.0006050023138056827 0.9999988318071305 0.0014036942841376668 -0.01857989305489406 0.0003348228266244115 -0.0014038970103075637 0.9999989584824406 1.2749714875841887
0.99999808555016 -0.0019135812550718583 -0.0004087814388796171 0.008943818519126855 0.0019143583491854324 0.9999963460804869 0.0019086800580810877 -0.03446757297002865 0.00040512756408903495 -0.0019094589301432625 0.9999980949166869 2.6023587252218636
0.9999962006455579 -0.002681667319511153 -0.0006382427839900662 0.007174038881669197 0.00268281769024816 0.9999947667860526 0.00180800768715642 -0.05165224527728578 0.0006333910208881667 -0.0018097130801948984 0.9999981618749704 3.9063932094714144
0.99999589288467 -0.002845503376756396 -0.00034252502048841716 0.01701510426321637 0.002846150122115101 0.9999941410908479 0.0019018979122469896 -0.06447728928882777 0.0003371111839496222 -0.0019028649504495264 0.9999981327281351 5.226455070275954
0.9999941901915226 -0.0033525228314805603 -0.0006165812960171081 0.018160508933127362 0.0033542167321517955 0.9999905478105748 0.0027665001023684794 -0.07673271946380938 0.0006073007628797731 -0.0027685521360839177 0.9999959831434464 6.544385281880202
0.9999895737468896 -0.00454964914911803 -0.00039126454129826196 0.027032910398531656 0.004551225318778572 0.9999811337267693 0.004125353785928582 -0.09321345238901493 0.0003724882768219445 -0.004127091446374291 0.9999914141459583 7.873474061068169
0.999989603650963 -0.004538111547899926 -0.0004451194914780604 0.033149472890283374 0.004540269496350972 0.9999773319331878 0.004972079909754266 -0.10927007326415053 0.00042254558198931164 -0.004974049107803196 0.999987540065858 9.210569742654593
0.9999928149631756 -0.0036801416288429084 -0.0009091632795273459 0.03517954449486695 0.0036836742169241345 0.9999855534974595 0.003914504438776028 -0.12381004679872387 0.0008947442881738609 -0.003917825316792126 0.9999919250048145 10.531850897206029
0.9999985679315846 -0.00020676296182155468 0.0016796976718790003 0.0442016981360944 0.00020062822738471853 0.9999933125964158 0.0036516453238795163 -0.13843034974786328 -0.0016804416048722803 -0.0036513030467856863 0.9999919220167991 11.829649711563096
0.999997597534569 0.002181058702211917 -0.00021887774935223665 0.03431432636590348 -0.002180681480733068 0.9999961601132298 0.0017100844448971779 -0.14231691712746358 0.0002226067228707114 -0.0017096030094865186 0.9999985138502068 13.206706854489825
0.9999940951195475 0.003393221139970361 0.000543852356810804 0.0105386830761421 -0.003394040243178438 0.9999930975799866 0.001511716064025071 -0.16141585089063482 -0.0005387190599086926 -0.001513552973043544 0.9999987094681031 14.57416292418026
0.9999876719789027 0.004851606238420017 0.0010572630352979947 0.024295163244798662 -0.004853723949240591 0.9999862019796427 0.002009282947801988 -0.18020328146807976 -0.0010475002834646509 -0.002014389811997496 0.9999974224841915 15.902938992978346
0.9999928815590396 0.003763840751318945 0.0002652032239338223 0.02776134251071838 -0.003765162021282637 0.9999795475447604 0.0051699180462015 -0.1864092800407833 -0.0002457390708858181 -0.005170879703390737 0.999986600715842 17.27879502041119
0.9999993541950617 -0.00023814558948434474 0.0011112589526529586 0.04117324825606497 0.0002303508166619613 0.999975408390305 0.007009248096382099 -0.2077910768949086 -0.001112900939814785 -0.007008987488811546 0.9999748174528325 18.61729258292888
0.9999967821783436 -0.0025025157503781414 0.0004159896761112246 0.051523248409177186 0.0024999780753715414 0.9999789143178733 0.005993415945554781 -0.22727608514499523 -0.0004309795594762784 -0.0059923566074682865 0.9999819527941237 19.967873900742532
0.9999911427233555 -0.004180085300975106 0.0004912842052594759 0.06250557235449801 0.004178619728569341 0.9999869239530317 0.0029480610694548742 -0.23148082461862823 -0.0005036009716158779 -0.0029459820243094488 0.9999955337768095 21.311838141592222
0.9999987542537241 -0.0015568988786589645 0.0002599167932310848 0.04978225459605974 0.0015561714505882502 0.9999949349401055 0.0027764053894796786 -0.2535428056080202 -0.00026423808186028415 -0.0027759974151829723 0.999996111999638 22.687676364706014
0.9999990170663542 0.0001634315526943996 0.0013925361137977627 0.06123748310257955 -0.00016888226326869715 0.9999923220841688 0.003915003770029804 -0.2533435719359277 -0.0013918857033861807 -0.003915235039819342 0.9999913667554188 24.041923400814767
0.9999967918115295 0.0009223467329615405 0.002359161613621867 0.0653708791905971 -0.000941572680387995 0.9999662522670312 0.008161358637194659 -0.26986740367802287 -0.0023515545913965286 -0.008163553658089667 0.9999639126365609 25.398712868720157
0.9999962793717067 -0.0009120411884236074 0.002570880000338718 0.08291571142539848 0.0008862878151338032 0.9999495982300368 0.010000775078998103 -0.2716156533308872 -0.0025798717586086595 -0.009998459185230164 0.9999466861121071 26.789794869691367
0.999986717220754 -0.004146229785762226 0.003061724894883721 0.07986331495647937 0.004113737362350858 0.9999359517137507 0.010543701724687535 -0.2848520396777344 -0.0031052456683319336 -0.010530966389606588 0.9999397262768902 28.195770324860682
0.9999826527351643 -0.005519604546320881 0.002056256755364567 0.09879777087707346 0.005505462654980431 0.9999615806808959 0.006821074084048198 -0.289251392759344 -0.002093827564229521 -0.006809635012594621 0.9999746220535486 29.600909704957246
0.9999849588544336 -0.004634331211149831 0.002933434407673864 0.09672506208354423 0.004619313061172422 0.9999762948820623 0.005106038280105812 -0.31025497728132806 -0.0029570281921311786 -0.005092410952912067 0.9999826615149501 30.95541499253973
0.999990624667306 -0.00273857327024234 0.0033542202600486946 0.10113654290114549 0.0027251596195562748 0.999988297961041 0.003997180237486697 -0.31488691509318123 -0.0033651278625874805 -0.003988001918694708 0.9999863857831882 32.33704823526763
0.9999898851143414 0.001240635767471113 0.004323250150395301 0.10645596686353823 -0.0012525118271438946 0.999995447071411 0.0027453693374873693 -0.33481609534950363 -0.004319824824883455 -0.0027507564507387944 0.9999868861391333 33.70104781351544
0.9999888717937776 0.0012384042739735923 0.004552213016282312 0.12239093237646823 -0.001249443372612678 0.9999962841542206 0.0024229261197167185 -0.3495656394861445 -0.004549195919441655 -0.002428586854348154 0.99998670330186 35.100312088921726
0.999991569232151 0.0005816609826995264 0.004064865961269494 0.12493723001626272 -0.0005972146964162671 0.9999925017433015 0.0038261984742372457 -0.3696787171852748 -0.004062610271522228 -0.003828593758802447 0.99998441841084 36.48906205224244
0.9999910385418995 0.0019026938564118093 0.0037818767695246085 0.1418069796543186 -0.001926192008619144 0.9999788041539678 0.006219407730486172 -0.38772270742160375 -0.003769963295609873 -0.006226636526525781 0.9999735078335961 37.89621632804955
0.9999872071344892 0.003701736822853045 0.0034471308157550114 0.1344083566754682 -0.003722885321453482 0.9999741651025207 0.006148923377566208 -0.39169985878088787 -0.0034242803488440093 -0.006161677899409661 0.9999751537034564 39.285596694891105
0.9999745766504321 0.005810374429200222 0.0041334729526856535 0.12171752601109595 -0.005836186927338424 0.9999633737464757 0.0062601993657510156 -0.39792999649475047 -0.00409694779776606 -0.006284163841435578 0.9999718617532714 40.70406015673652
0.9999598521015692 0.008197676376980522 0.003618325682765509 0.14426687292284263 -0.008222001434137738 0.9999433514487254 0.00675963002186131 -0.41044706886453824 -0.003562707745936878 -0.006789108419128841 0.9999706071253024 42.10259427953997
0.9999544954490771 0.008944940697119423 0.0033158799173777283 0.14908210333240146 -0.008967040163481986 0.9999372779608808 0.006710614593861376 -0.4163944551955029 -0.0032556461584872585 -0.006740042762861565 0.9999719859004998 43.512106016118196
0.9999574417809864 0.008660816322447201 0.0031788174665031014 0.1580907136598602 -0.008684752649955383 0.9999334453002989 0.0075947386356257415 -0.4338959083786871 -0.0031128295225053785 -0.0076220225517708825 0.9999661069545771 44.9168726564173
0.999971150026702 0.007259595843521937 0.0022354815457634137 0.17256944400212873 -0.007275812663366954 0.9999466408529158 0.0073333490486133844 -0.44261309160670526 -0.002182125292247125 -0.007349402321587848 0.9999706118722868 46.30491061003154
0.9999687004233527 0.007774661919428041 0.0014672423530319514 0.17404623124046392 -0.007786239728792647 0.9999372287772325 0.00805685973795834 -0.4599503705340988 -0.001404511006678176 -0.008068031747010328 0.9999664665404866 47.749074579588864
0.9999741163686477 0.007190437242948403 0.0002533772022671639 0.1767279478771155 -0.007192327660404304 0.9999382029185387 0.00847707373087257 -0.461167146000214 -0.00019240769116893146 -0.008478676563872585 0.9999640368612396 49.153329086260406
0.9999726166729918 0.007370026877238737 -0.000669777840250691 0.1726431503980046 -0.00736361760508186 0.999931336969994 0.009115837547854002 -0.4720015624333739 0.0007369158833625666 -0.009110655807470584 0.9999582255766235 50.60544652564961
0.9999698591271172 0.00774299283964156 -0.0005717455989454915 0.16974610483870223 -0.007737236997371674 0.9999252773355086 0.009464402943697658 -0.4780686969691732 0.0006449857376017278 -0.009459693811619709 0.9999550480789672 52.00812472864509
0.9999583051043589 0.00847321195824733 -0.0034048087399729454 0.1881084273015467 -0.008435852412936507 0.9999056466180285 0.010841322422595442 -0.4856867923284983 0.0034963486033817793 -0.010812147775808672 0.9999354344155774 53.45130361310833
0.9999704082752205 0.006973835171105341 -0.0032477977079073917 0.17689585362709984 -0.006934267599159996 0.9999034840862925 0.012039039013398393 -0.49371839177334265 0.003331442798923786 -0.012016161486375087 0.999922253649525 54.88488872797914
0.9999799600619608 0.004637682964963318 -0.004309450758124656 0.18489529115575512 -0.004585834183012364 0.9999179071029802 0.011964497161338466 -0.49945125283855973 0.004364584894660563 -0.011944494794871738 0.9999191364482779 56.32441306403229
0.9999868244174599 0.0015111996549992698 -0.004905839676966811 0.1875117373786725 -0.0014542472602820788 0.9999317528617712 0.011592014239728566 -0.499560497870653 0.004923023128178894 -0.011584727036798548 0.9999207758300009 57.74958931055745
0.9999877929590365 0.0010579513060605054 -0.004826455014881536 0.18331445357041562 -0.0009991346733002845 0.9999254132239548 0.012172498911777626 -0.5098727237385073 0.004838973341891689 -0.012167527867021785 0.9999142641224753 59.184089096106966
0.999991736001449 0.0007973324222919707 -0.003986500579854004 0.17909955855950205 -0.0007449679002362298 0.9999136548219189 0.013119753634542208 -0.5183729991197726 0.003996617504665157 -0.013116675208143917 0.9999059855161475 60.58324908223078
0.9999925897195207 -0.0013874457616723439 -0.0035910301651320793 0.18551720391179827 0.001437648710262709 0.9999007454009148 0.014015438843042814 -0.5263072300243455 0.0035712283762116817 -0.014020497421273528 0.9998953305069093 62.02827591734608
0.9999922634843752 -0.0027119274319781575 -0.0028492838572404984 0.18097476478850583 0.002750953981831968 0.9999012199006856 0.01378342144313983 -0.5322032675386079 0.002811623000454631 -0.013791152855997444 0.9999009445280755 63.46307469692986
0.9999905675358481 -0.0033169917455081613 -0.0028039975524878627 0.18099301649635396 0.0033526036388541705 0.999912552805539 0.01279245103143286 -0.5365509107839967 0.002761320126341651 -0.01280173087344689 0.9999142417167489 64.87866502029792
0.9999902639564958 -0.0037423802320229005 -0.0023380717879078377 0.1848905899654098 0.0037722055207993757 0.9999098727274659 0.012884754583937943 -0.5466255298758165 0.0022896416034216844 -0.012893448637253087 0.9999142545804924 66.33354576550471
0.9999966897202601 -0.0020016524505487776 -0.0016167667589948014 0.18621047403226126 0.0020221804434694375 0.9999160756402534 0.012796580573970495 -0.5545501962213552 0.0015910168985278196 -0.012799807422065696 0.9999168133322318 67.72259037009377
0.999999215016246 0.0008336360375640003 -0.0009354236165971122 0.18046273163289245 -0.0008203734043264331 0.9999003914830292 0.014090213361800651 -0.5575567003634538 0.0009470766296704129 -0.01408943470066297 0.9999002904605842 69.16917319674101
0.9999923051763118 0.003890362781332037 -0.000504642335659969 0.17506282265551937 -0.0038820037526212836 0.9998703863776351 0.015624996258496475 -0.5552843995981244 0.0005653638797634055 -0.015622916777953315 0.9998777949432455 70.56279414503543
0.9999701457029009 0.007698169747998367 0.0006677423510445838 0.17961020362845298 -0.007708163522903044 0.9998334849728869 0.016540452341627578 -0.5636849632248567 -0.000540299994579877 -0.016545105367145856 0.9998629743861503 72.00131456774648
0.9999167951210625 0.012810462716796547 0.001514880880561358 0.16955067618208713 -0.012833792891106791 0.9997806779015026 0.016549618930778092 -0.5675221326327023 -0.0013025404619161959 -0.016567683351724167 0.9998618980841855 73.39226439868425
0.9998778533477571 0.015560368526677571 0.0014674101685302468 0.17124393562671059 -0.015581444716867484 0.9997561008969249 0.015651113009123654 -0.5721419212994656 -0.0012235152791188215 -0.01567206542448422 0.999876437046385 74.81047326310376
0.9998466618244778 0.017315162717518894 0.0026149473268765842 0.17250143091023146 -0.017353765468567685 0.9997286248891916 0.015541024590946539 -0.5702743392516579 -0.0023451425158491634 -0.015584020518819455 0.9998758115865856 76.24008991347472
0.9998495703362759 0.01712560725220723 0.0027477711422590704 0.17537899448329058 -0.017167790700739198 0.9997223111593634 0.016142105711983837 -0.5718932595575383 -0.0024705649549843283 -0.016186850389153542 0.9998659320966286 77.6332184096442
0.9998767932082411 0.015460558112778716 0.0027146866151258288 0.18615300421725822 -0.015503457967401112 0.9997425944380831 0.016564652022041968 -0.5732458763465771 -0.0024578892747829243 -0.016604697936716917 0.9998591114604212 79.00060157824525
0.9998855735482276 0.014879595255319907 0.0027271659048283175 0.1937167675967249 -0.014921575374497316 0.9997593675189417 0.016079604581809754 -0.5800313551049073 -0.0024872518550505427 -0.016118458030726666 0.9998669955915035 80.40322446609787
0.9998851378074942 0.014928292297893773 0.0026186369207164915 0.20214720269940023 -0.014967881858367138 0.9997629314699338 0.015812760928450856 -0.5888380605999651 -0.002381958801261761 -0.01585013986142289 0.9998715414108028 81.78900508827121
0.9998878033833672 0.014793593565105033 0.002351640614270006 0.21034131179222382 -0.014829438453509178 0.9997614547813188 0.016035003131027653 -0.5848709851791465 -0.0021138644942351546 -0.01606807733780348 0.9998686656015805 83.17748428022425
0.9998933168917187 0.014520400605642558 0.0015851754559819036 0.2117752046907832 -0.014544047703063615 0.9997647121656587 0.016093197963519323 -0.5897772152555221 -0.0013511229099751366 -0.016114535727984075 0.9998692395455981 84.55536874636451
0.9998932415006326 0.014585144197018647 0.0008826944472055424 0.21627620635450934 -0.014597685632309067 0.999758403149596 0.01643298337092603 -0.5864428105746616 -0.0006428038075651215 -0.01644411407096614 0.9998645797805773 85.9419018001865
0.9999096514578018 0.013439652347718026 -0.00025426059202767956 0.2188280552412526 -0.01343314494053045 0.9997565529444745 0.017503870891708972 -0.5893778317649625 0.0004894446783509391 -0.017498873672248973 0.9998467631829218 87.33850597553702
0.99992752283555 0.011928183805100802 -0.0016332459136784855 0.22144696427778449 -0.01189549935604475 0.9997536049784894 0.01874103678835152 -0.5920097662087047 0.0018563901812405567 -0.01872024994660085 0.9998230373620989 88.71455746561956
0.999947817278697 0.00997717271941495 -0.002195161278407843 0.22669193639246932 -0.009933201314478599 0.9997662207561901 0.019205087222883773 -0.5969364064988093 0.0023862607709612058 -0.019182279794380665 0.9998131554864508 90.09401857479746
0.99995660918915 0.0086211270226595 -0.003529291437896844 0.22829946786583044 -0.008550961902378166 0.9997745469571961 0.019435440143642454 -0.5919350375302425 0.003696051459201739 -0.01940441770814095 0.9998048848451693 91.46171159542601
0.9999647257107789 0.0073829290892122815 -0.004004957421843236 0.2274646522608646 -0.007304718495430661 0.9997889049360978 0.019203819376714858 -0.5911441568765646 0.004145892781606294 -0.019173886612819487 0.9998075682996251 92.82191298066239
0.999971053655705 0.006299252051545785 -0.004267466131784922 0.22469566736531277 -0.006216737108807427 0.9997986161572083 0.019080862992282396 -0.589305799133262 0.004386802267996995 -0.019053780681259264 0.9998088364242624 94.18216708217908
0.9999704742372646 0.006382366259038578 -0.004279725156377629 0.22015075408449974 -0.006301516678475092 0.9998062893039652 0.018646039204657214 -0.5862909461298194 0.004397902349876001 -0.01861851963826379 0.9998169878364674 95.53995236015759
0.9999705493698439 0.006441538726408071 -0.004172165460617366 0.2192796626562062 -0.006364166693670708 0.9998122848413822 0.018300067880503076 -0.5868879848804855 0.0042892632393421995 -0.018272976312111007 0.9998238347543319 96.89295322280988
0.9999624232580306 0.007279351811370983 -0.00470777019558021 0.2085452139811102 -0.007194867661259562 0.999817093175533 0.017720442873455387 -0.5886651558609862 0.004835902857771112 -0.017685904958677074 0.9998318972687336 98.35261985214699
0.999952019668517 0.008725717054399024 -0.0044519896493974585 0.20777629821764515 -0.008644991454591609 0.9998034684845222 0.0178406433104665 -0.5866179011259752 0.004606787487611371 -0.017801299641884375 0.9998309313210632 99.74937205727483
0.9999488351915727 0.009299334569913829 -0.0039811259929683675 0.20758801799749238 -0.009220846532952348 0.9997712286156983 0.019299389859905914 -0.5910316102455527 0.004159687060215533 -0.0192616927813422 0.9998058232370266 101.08755886241806
0.9999490837436705 0.009274733997837988 -0.003976080747602914 0.19916973539584237 -0.009191294047381218 0.9997473163382167 0.020513985894284593 -0.5843474248550387 0.004165338171472635 -0.02047639577684687 0.9997816597418938 102.3939636626909
0.9999557817979663 0.008703385265327565 -0.003561674300941481 0.20034014824162738 -0.008629452844418508 0.9997572602491942 0.020271979438108698 -0.5869918529271333 0.0037372449042040196 -0.0202403474557417 0.9997881582203324 103.72755689745361
0.9999509434994185 0.009166297980703822 -0.0037536069358154785 0.1914795227715821 -0.009097653567976443 0.9997981440259313 0.01791379154165479 -0.5804824854172654 0.0039170527303551 -0.017878763481030804 0.9998324892199103 105.06090227425355
0.9999520708101788 0.009146052932346528 -0.0034936782289665246 0.19422510521222702 -0.009084673170262538 0.9998108231234026 0.017198450608567974 -0.5781956750170447 0.003650315554399019 -0.017165887129045616 0.9998459918914565 106.38756521101713
0.9992170932424415 -0.027622750521471503 -0.028322854256235205 -1.0217622208839148 0.02821333048596733 0.9993882258141608 0.020668386155531758 0.06490365516242881 0.02773461170337076 -0.021451286467757843 0.9993851278039493 118.2808630307147
0.9991668796317925 0.03957015650649635 -0.009987451855374646 -1.8198170630795496 -0.039710074808584225 0.9991100173476716 -0.014222634852523907 2.204527995996508 0.009415772112327988 0.014607387927088374 0.9998489723312792 144.74100565148018
0.9942691276469079 -0.10417581575296073 -0.02400625124299515 1.5084098318753154 0.10338680098413655 0.9941246544814313 -0.03205217270527243 7.375900961570728 0.027204269702849622 0.029386555871644033 0.9991978573460667 188.49799170547385
0.9695518291006476 -0.18019134521701138 -0.16583221720460797 -25.487501961495223 0.18938771042058494 0.9810338175326065 0.041291010873443945 33.10009210649152 0.15524674325656682 -0.0714403579770332 0.9852891585285601 229.25586801062207
