1.0 -3.469446951953614e-18 0.0 -1.7787691892340307e-19 0.0 0.9999999999999999 -3.5405977195229754e-19 0.0 2.168404344971009e-19 -2.354751593366955e-19 1.0 0.0
0.9999998184232588 -0.00019208515163265938 -0.0005711883682158452 0.0023623361350120307 0.00019247477327348148 0.9999997488291977 0.0006821250551984528 -0.02260592672900045 0.0005710572474822689 -0.000682234884456293 0.999999604225015 1.3271691302841344
0.9999998223313855 -0.0005124454579695011 -0.0003045278198100473 0.025172886575029668 0.0005128689420720867 0.999998899558889 0.0013920651624464353 -0.0412497188688603 0.00030381415406707584 -0.0013922211252759694 0.9999989847084837 2.6154319878964705
0.9999987895466191 -0.0013219845666307736 -0.0008205259455385095 0.029175538089349005 0.001323118159171955 0.9999981691118951 0.0013824358694570114 -0.07688176476811258 0.0008186969547651429 -0.001383519875784223 0.9999987078039583 3.9352211337058534
0.9999959969825153 -0.0025998270011236887 0.0011166574709827843 0.08572644355377222 0.0025986346954749787 0.9999960532022474 0.0010680232643453043 -0.10080791981509261 -0.0011194298330384532 -0.0010651172222742881 0.9999988061996413 5.186928010965333
0.9999959489412015 -0.002624732296419588 0.001101311476317925 0.09935159732972626 0.002622948560556757 0.9999952508812527 0.0016181321646461613 -0.11488819805734346 -0.0011055535017463118 -0.0016152369550728072 0.9999980843780206 6.5006699872311415
0.9999919911136076 -0.0038148848071462398 0.0012101113775906712 0.08196900957609676 0.0038117715022020354 0.9999894457759361 0.0025649033173571084 -0.15336980861491373 -0.0012198835172472467 -0.0025602701538232275 0.9999959784417494 7.850719179751939
0.9999920188299662 -0.0038027462771612498 0.0012253179675749033 0.07091935048384823 0.003798998079397275 0.999988141312846 0.0030471037802551684 -0.1662514090399903 -0.0012368909012618035 -0.003042424536243831 0.9999946068617882 9.16305485928322
0.9999934921811886 -0.0035233503773577438 0.0007756310054144965 0.07280123875099767 0.003521405291230401 0.9999906865891571 0.002495282418204721 -0.19107999617481092 -0.0007844155999149715 -0.002492534914023824 0.9999965859747603 10.491500890843628
0.999999696238999 -0.0002900608380077864 0.0007234557002144455 0.04676641362431817 0.0002902099175438617 0.9999999366824754 -0.00020594370250355112 -0.21904756876307457 -0.0007233959794849948 0.00020615359883895113 0.9999997170988901 11.83024024313564
0.9999976697954844 0.0020217259768382364 0.0007569843002249897 0.0421373349604305 -0.0020211533985870674 0.9999976712696338 -0.0007565698223137295 -0.2393738062281281 -0.0007585121791256711 0.000755038091911014 0.9999994272876116 13.164454537593397
0.9999835030940222 0.005702702359096562 0.0006875428966949364 0.028544088426932106 -0.005702069310886147 0.9999833201036586 -0.0009197453668299166 -0.2684960905015481 -0.0006927765222872998 0.000915809790872786 0.9999993406757779 14.517487804691278
0.9999834382414856 0.005619481728792175 0.001242842876820646 0.005115297044840997 -0.0056192462510274935 0.9999841932589868 -0.0001931708092820961 -0.2931059677864791 -0.0012439088569977147 0.00018618377023610006 0.9999992090119677 15.874662833154126
0.9999913728821719 0.0038794583673006566 0.0014845736097138902 0.016578850769720314 -0.003883408285987564 0.9999889033231872 0.0026669040767227734 -0.314166286004652 -0.001474211115212159 -0.0026726463289319766 0.9999953418199556 17.203980857765103
0.999998894565513 -0.00014315210369884 0.0014799924121863632 0.003963683008821467 0.00013644656148362883 0.9999897305874988 0.004529911769660344 -0.3500497710565659 -0.001480625801370517 -0.0045297049102282 0.9999886446953216 18.57687636079182
0.9999964446798772 -0.002461374298880657 0.0010258017652144897 0.012869688515173658 0.0024582554468733676 0.9999923855510219 0.0030308111035911873 -0.38491188911359936 -0.001033253999543576 -0.003028278702271846 0.9999948809435809 19.91514873014839
0.9999950061393648 -0.0029584539901726884 0.0011114189872440472 0.0046724593292518865 0.002957984920453271 0.9999955354213036 0.00042362526443187544 -0.3851440888257178 -0.0011126673945646116 -0.00042033559341621697 0.999999292643609 21.273619076428858
0.9999981342137496 -0.0010847356596511652 0.0015984121774449312 -0.012359386862645282 0.0010861673985989827 0.9999990095289809 -0.000895086505070903 -0.44835256413090496 -0.0015974397976662308 0.0008968209980339242 0.9999983219465203 22.6237945796759
0.9999965310966733 0.0013715682352114563 0.0022486875855412 -0.015967710885931834 -0.0013723994707945083 0.9999989905069786 0.0003681127797698708 -0.43540484481787806 -0.0022481806134903295 -0.0003711976070112881 0.9999974039432812 23.99290678526422
0.999993680594625 0.0017881717930108712 0.00307265573123838 -0.029918998347976844 -0.0018032129020775665 0.9999863723796164 0.00489933467745079 -0.4637725213207948 -0.003063853261236383 -0.004904844464575337 0.9999832775107724 25.38192607477041
0.9999943852387625 0.00025598309870230457 0.00334125236311413 -0.021187310242492503 -0.00027545992878258863 0.9999829672415184 0.005830038393454451 -0.49231388739691573 -0.003339703338594486 -0.0058309261527221 0.9999774230846749 26.74065907530973
0.9999875001991725 -0.00384722553653798 0.0031934793584358287 -0.023137953132819737 0.003830525971354092 0.9999790438322498 0.0052190957671985954 -0.5302315290703878 -0.003213491740934722 -0.005206797920983217 0.9999812811865049 28.119745331155045
0.9999878978904697 -0.0037513499181337055 0.0031829947539875453 -0.02462695177938786 0.0037435292313544293 0.9999899683498078 0.002459508695333635 -0.5308023810550555 -0.0031921895685584996 -0.002447563338956158 0.9999919096452079 29.47252440923839
0.9999812568763389 -0.004571613897431864 0.004072622412253606 -0.04471278245360549 0.004569378376177744 0.9999894045808396 0.0005581228820435259 -0.5770841699698508 -0.004075131127061838 -0.0005395030721097623 0.9999915510832934 30.856910963275393
0.9999885328855324 -0.0019965940175487775 0.00435289763560424 -0.0406727015301781 0.001999671590043885 0.9999977537241191 -0.000702749838353087 -0.5837316617342827 -0.004351485119850124 0.0007114461646690124 0.9999902791609839 32.248720115366275
0.999987934600955 -0.0004217002359156452 0.004894162601685596 -0.04199271542012041 0.0004353249280985849 0.9999960323338639 -0.002783129221149876 -0.6265795915397161 -0.004892969952768426 0.0027852262517689737 0.9999841505514463 33.62860055472133
0.9999870961238121 -2.523999518780351e-05 0.005080054571273649 -0.05633663080783799 3.823723378582229e-05 0.9999967265504638 -0.0025584031005337414 -0.635618464855708 -0.005079973799269922 0.0025585643890335343 0.9999838236734996 35.02409557086878
0.9999896767556953 0.00012378012262513442 0.0045421432749475086 -0.05357800849798498 -0.0001192087149767488 0.9999994861705049 -0.0010067017031028345 -0.6836163279382079 -0.004542265935405682 0.0010061498710451954 0.9999891776800832 36.407083807064176
0.9999883166304491 0.0017766097307656782 0.004495582558890042 -0.06286458255690022 -0.001776549199645784 0.9999984217839369 -1.7483551934890277e-05 -0.7105725738570664 -0.0044956069053792925 9.49672655701724e-06 0.999989894660535 37.81077573675975
0.9999866570051499 0.0033964619282255536 0.0038922816492926553 -0.050038375124335926 -0.0033987181304046023 0.9999940601004164 0.0005731362379466941 -0.7290497847925248 -0.003890312222629346 -0.0005863573697942977 0.9999922607956773 39.21057717094621
0.9999708734685528 0.0060926588430463505 0.004596924590395334 -0.07264182870734759 -0.006095181200830614 0.9999812812034184 0.0005348094453105276 -0.7639486018004722 -0.004593580518136707 -0.0005628129685313615 0.9999892910698661 40.60286149212997
0.9999495321680569 0.008946021859786556 0.004571848122140405 -0.07650880488116739 -0.00895028879053323 0.9999595280491801 0.0009135720176395634 -0.8066501790537826 -0.004563490640736851 -0.0009544452945895062 0.9999891317320723 42.02540746933102
0.999946075442046 0.009462922786130305 0.004277766261666918 -0.08795683823334745 -0.009466974507244957 0.9999547568150008 0.0009277595539352959 -0.816972011491605 -0.004268793765438484 -0.0009682070519152032 0.9999904199391306 43.41796348581221
0.9999526288207247 0.008923557593900506 0.003887186563379823 -0.09026190343086533 -0.00892623305204135 0.9999599350519991 0.0006713224883367701 -0.8477293682740659 -0.0038810405665406873 -0.0007059886377710395 0.9999922195195297 44.84752713583546
0.9999614759405853 0.008246885844840167 0.0030059099447388485 -0.08064705442163374 -0.00824735827698659 0.999965979512286 0.0001446281199599675 -0.8764366724562873 -0.003004615204928488 -0.00016941337177026422 0.9999954717811299 46.24064546689229
0.9999652845843581 0.00804224256576661 0.0021798959359856235 -0.0914739044398704 -0.008043457296959933 0.9999675002815497 0.0005488101460464425 -0.9145492660160195 -0.0021754116095619083 -0.0005663250092980932 0.9999974734255395 47.664422197515364
0.9999673027342959 0.008014248860461499 0.001079472949200187 -0.09190587508805874 -0.008015636345779287 0.9999670464328837 0.00128671646180889 -0.9378938191763004 -0.0010691254005911561 -0.0012953270831030789 0.9999985895476508 49.069061546268266
0.9999612143529985 0.008804486215374122 0.0002253733540365226 -0.10716677796111916 -0.008804791645677702 0.9999602717360521 0.0013894649132390573 -0.9656331859391717 -0.00021313089311384673 -0.0013913954213620595 0.9999990092964628 50.493514244871825
0.999957930999042 0.00912924461062135 -0.0008905634552516382 -0.11348018274600892 -0.009127827088157342 0.9999570864976732 0.0015836526454983417 -0.9920785804698284 0.000904982867608515 -0.0015754571523634436 0.9999983494698828 51.94482723166599
0.9999448577291888 0.010348055939321903 -0.0017886342395673344 -0.1381746537709146 -0.010343026716238286 0.999942592399846 0.002798879456141689 -1.0360895078464976 0.0018174946747423553 -0.0027802252920495875 0.9999944835167996 53.33433473016565
0.9999719757461267 0.006967052354597977 -0.0027400519273219604 -0.13779203774931637 -0.006957781631115861 0.9999700864697472 0.0033786763980525824 -1.04560086943453 0.002763509613867026 -0.003359517103998269 0.999990538287743 54.80334720470486
0.999985363203155 0.004297273338303655 -0.00328737086055179 -0.14228476491697337 -0.004284060132797482 0.999982759123958 0.004016004343855026 -1.0467471684010372 0.0033045723340225717 -0.004001862352824476 0.999986532362441 56.204689428570916
0.9999862213942946 0.0037977392014610116 -0.003624111580204035 -0.1626755868327684 -0.0037844099006705675 0.9999860758711638 0.003677813453236826 -1.095458465139352 0.0036380288041034737 -0.0036640477324352 0.9999866696652037 57.63829292042404
0.9999899172632652 0.0024234498831847166 -0.0037805093772572554 -0.1679287180162564 -0.0024093486390343267 0.9999901405335488 0.0037301311416889616 -1.124108711661022 0.003789512212437799 -0.0037209850449137676 0.9999858968382014 59.0847409200615
0.9999926899630406 0.0017753574665709685 -0.0033864608517624145 -0.17893356865482818 -0.001761913574697422 0.9999905721488475 0.003968787747807763 -1.1537760478009609 0.0033934752315516567 -0.003962792166703256 0.9999863902129529 60.48280666520185
0.9999962049061649 -9.763327578516529e-05 -0.0027532955367527675 -0.19497072593333542 0.00011150469032105738 0.9999873009365248 0.005038405603675452 -1.1801562038091296 0.0027527688931632743 -0.005038693589295382 0.9999835167823483 61.93442994274182
0.9999951905327269 -0.0017425649089756329 -0.0025656143722407854 -0.19899651631117654 0.00175517104941692 0.9999863592144125 0.004919426379759256 -1.2102463507817045 0.002557007175668478 -0.004923905909804027 0.999984608316811 63.34364609141635
0.9999944709651859 -0.002620315235221103 -0.0020474343592364695 -0.20840866566745164 0.0026274373032568656 0.999990480727802 0.0034835359151790023 -1.2406536710919749 0.002038287082186662 -0.003488896228416495 0.9999918364632148 64.75341724612052
0.9999938926752717 -0.003302015854468628 -0.0011451228128538469 -0.21899336585788667 0.0033055467183205588 0.9999897466786787 0.0030951402459136338 -1.2656006343580894 0.001134890968030785 -0.0030989066593172226 0.9999945543864065 66.24801179491645
0.9999987356858232 -0.0015351114919532113 -0.0004148025532994897 -0.2383302368798778 0.001536345828793707 0.999994344601178 0.0029917226197423144 -1.286991024556743 0.0004102076168534276 -0.0029923561755743084 0.999995438757325 67.57757140315789
0.9999978948232727 0.002037447848324838 0.00024321198672740195 -0.2585568377448567 -0.002038525847392313 0.9999877203085599 0.004517039630048972 -1.3209951402969693 -0.00023400578372734064 -0.004517526005211923 0.99998976854803 69.05829783319287
0.9999856971824294 0.0052385246947318845 0.0010785549786037827 -0.2790134707805275 -0.005244413968899773 0.9999709484410133 0.005531582506444397 -1.3463774183106834 -0.001049546397883893 -0.00553715989031774 0.9999841190301657 70.39999059785475
0.999954226575765 0.009342203899029976 0.002065904526583227 -0.2921396109342931 -0.00935578043582498 0.9999340386316752 0.006662415268571782 -1.3749964264472365 -0.0020035267792873675 -0.0066814385933768915 0.9999756718329701 71.85641050606536
0.9999174096329139 0.012623163009526001 0.00241446494498529 -0.29343281299451024 -0.012637359645982263 0.9999023979956886 0.005957487133324659 -1.3984130248322635 -0.0023390271507565666 -0.005987507689915534 0.9999793391375765 73.22816360414343
0.9998703856130667 0.015810802373119232 0.0030381679073243598 -0.3098788916577017 -0.015826502488378517 0.9998611549685535 0.005214656705235135 -1.4197817489312383 -0.002955298412643674 -0.00526206449607008 0.9999817882771544 74.61933435734102
0.9998361620880362 0.01769126037884325 0.0038299142053694075 -0.3183918687498939 -0.01771099881943059 0.9998297172418518 0.005182382528572537 -1.433817947350285 -0.0037375794709897745 -0.005249365177786127 0.9999792371152543 76.05624930689636
0.9998312170592563 0.017886429647865007 0.004196782499579101 -0.3230764254182085 -0.01791046076536678 0.9998230041674887 0.0057598420994252756 -1.465547420108694 -0.004093017018317792 -0.005834036369997226 0.9999746052914994 77.42336631273231
0.9998544984354911 0.01653147606197885 0.004206211817061574 -0.32779269814525036 -0.0165546262822888 0.9998476724103458 0.005529590172392337 -1.4997694963991943 -0.004114159151535401 -0.005598417992726884 0.9999758654122217 78.82197078620827
0.9998689503104885 0.015692298293864506 0.003979188675042451 -0.33240464351523413 -0.01570989118197228 0.9998667830638064 0.004428937248461243 -1.5102708699227918 -0.003909158702966103 -0.004490869556041663 0.999982275125488 80.19623392485889
0.9998734810388858 0.01548778450289618 0.0036263494121722495 -0.331485558378189 -0.015503866663951038 0.9998699088076518 0.004449226803885261 -1.5474346933969865 -0.0035569692879997613 -0.004504886427855889 0.9999835268464985 81.58858079197815
0.9998874591488454 0.014648995489047028 0.0032366548082594735 -0.34056025740080575 -0.014663771560699115 0.9998819488273755 0.004589362640163386 -1.5691624686550272 -0.0031690434297037494 -0.004636307816138145 0.9999842307809644 82.99408292157555
0.9998820066209326 0.015083837713194027 0.002906998448709887 -0.35411294388945314 -0.015094042132102498 0.9998798805229433 0.00352057609820206 -1.5918023765470688 -0.0028535457022385836 -0.003564039130074293 0.9999895773952038 84.34952840714243
0.9998801174831421 0.01535238198869033 0.002013700983700813 -0.3538226402280339 -0.015360391206042451 0.9998739266202193 0.004023591230312159 -1.615199126599412 -0.001951675562664537 -0.004054040197027492 0.9999898778081561 85.74793599631836
0.9998885720575911 0.014904243483349046 0.0008408075869913592 -0.3633042638263826 -0.014907955674702631 0.9998783107063626 0.004595288251092795 -1.646115553216966 -0.0007722160371787588 -0.004607311031414307 0.9999890881241427 87.1186483358392
0.9999144843161348 0.013077392565099915 -7.632834239573488e-05 -0.3721956036067169 -0.013076680817206195 0.9998957427758771 0.006124053245446033 -1.6754861967502517 0.00015640705036265882 -0.006122531552291917 0.9999812448971406 88.49879394468412
0.9999409393312869 0.010788551072991528 -0.001313387891926766 -0.3747010392808197 -0.010779122171611023 0.9999174955951806 0.006986597950398305 -1.702470585905729 0.0013886549227785788 -0.006972028295515267 0.999974730912315 89.92235886904658
0.9999477800199255 0.009993668108417023 -0.0021363062917903602 -0.3857091140864469 -0.00997843739305183 0.999925535018005 0.00702532752337159 -1.7362028948774457 0.002206356194901706 -0.007003643809812329 0.9999730401223096 91.26383405172211
0.9999646892096629 0.008018133951541898 -0.0025159173591088237 -0.3990430114522431 -0.008001578825389224 0.9999467122701345 0.0065228346461383155 -1.7564133406758564 0.0025680844753037386 -0.006502473145016413 0.9999755610970471 92.62552506553384
0.9999765422639533 0.006274084866573907 -0.0027478652278223195 -0.4065025577696859 -0.006257414292281922 0.9999622169077094 0.006034031365850282 -1.7789648148002835 0.0027856196697355227 -0.0060166954156435064 0.999978019611334 93.97704055741906
0.9999783978933934 0.005828458367140767 -0.0030385526994769875 -0.42533680636909654 -0.005811156310621866 0.9999670268329218 0.005672364538243311 -1.7991121594873427 0.0030715139131027303 -0.005654584616937433 0.9999792955266695 95.33781097133352
0.9999777865476162 0.006013897796935133 -0.0028739219527778867 -0.431570355789603 -0.00600057875393923 0.9999713195475909 0.004620946643143542 -1.8153728177435344 0.0029016296767905977 -0.004603598898656618 0.9999851936046926 96.70469605852695
0.9999631582145824 0.008220695439744548 -0.002470295114366843 -0.44755626696499995 -0.00821019323514731 0.999957340158457 0.004232092510383727 -1.8516680728166526 0.002504980690152072 -0.00421165508364727 0.9999879934471714 98.01884231960602
0.9999535149318244 0.00936537520239464 -0.0022929670584165363 -0.4660959305285871 -0.00935617796567349 0.9999482707040849 0.003989720513201387 -1.8682652409142286 0.0023302138739502132 -0.003968081730181963 0.9999894121617352 99.3794480930027
0.9999606037457238 0.00860002284554187 -0.0021978491723319096 -0.47026455915020016 -0.008587795482860998 0.9999479228530508 0.005513743551514278 -1.891855899388995 0.002245153228766447 -0.00549465176818823 0.9999823838919097 100.73238274756606
0.9999553692047585 0.009193711098231722 -0.002176063107748747 -0.4942902645111762 -0.00917871198940496 0.9999347162320282 0.006805478576653099 -1.9134686934629679 0.0022384888441550916 -0.006785201528792225 0.9999744747810356 102.07597862778279
0.999957219952438 0.009053648416563025 -0.0018946482767831997 -0.4987524483922102 -0.009042556101934773 0.9999423886437603 0.00578373504300575 -1.9446922842551473 0.0019469031957694424 -0.005766355273380446 0.9999814791882705 103.43383509796021
0.9999621015688556 0.008509093429709272 -0.0018413944059634134 -0.509790766431897 -0.008503038815773247 0.9999584967140855 0.003271574243538158 -1.9721879283929402 0.0018691562730028092 -0.00325579288010635 0.9999929530108523 104.74586909771757
0.9999681416919275 0.007720988191803099 -0.002025320384781071 -0.5228299904115284 -0.007717448442376723 0.9999686887211524 0.0017500236968986406 -1.9913439400665454 0.002038769054912933 -0.0017343376802110614 0.9999964177422458 106.07869740666226
0.9999753359997805 0.006762127662803822 -0.0018976312660023667 -0.5375434350404611 -0.00675622659758518 0.9999723735066407 0.0030992965283798855 -2.0254098772691127 0.0019185368440954001 -0.0030863993280693994 0.9999933966579121 107.44393063182343
0.9999921284203904 0.0037893388191864432 -0.0011764351045934012 -0.5403826612328211 -0.003783969771760565 0.999982565706774 0.004533195485082595 -2.0360820394474097 0.001193592512200848 -0.004528708299931224 0.9999890330103733 108.80068442811856
0.9999972205246933 0.0023106559526191537 -0.00046883591359744435 -0.5569288891736293 -0.002307858525424618 0.9999800356862271 0.005882348221751852 -2.0644871413771324 0.0004824186819311709 -0.005881249983028995 0.9999825889349733 110.12541322404594
0.9999982530718803 0.0018588722002170523 0.00019607238072036326 -0.5615793658443871 -0.0018597790156388433 0.9999870831618095 0.004730193833919447 -2.0932016758496057 -0.00018727703437541356 -0.004730550316418265 0.999988793348111 111.41945805296359
0.999995121461091 0.0029456801051749018 0.0010392395676157575 -0.5726372580764807 -0.0029480409526170563 0.9999930613380831 0.002277352667232256 -2.118245102024149 -0.0010325240898380822 -0.002280405324244773 0.99999686681733 112.78044178665647
0.9999797176286294 0.00598918717567848 0.0021665546817281117 -0.5699161432954895 -0.005989887617452186 0.9999820102944539 0.00031677408086997296 -2.1545080950320186 -0.002164618669834795 -0.00032974508432517336 0.9999976028427872 114.11608267687882
0.9999616660438331 0.00807495398432407 0.00338549078234665 -0.5913896073589703 -0.008074219145164735 0.9999673763298145 -0.0002308217074790983 -2.179078898656195 -0.003387244496813752 0.00020347766526202643 0.999994242567084 115.41652156443088
0.9999424155101639 0.009536825300155942 0.004920834376481383 -0.6012148317301655 -0.009544979929304016 0.999953106978332 0.0016362223776672997 -2.1969955206972482 -0.004904999670473419 -0.0016830974584808886 0.9999865539875876 116.79141209816123
0.9999343589103757 0.00982473866642602 0.0058951136096092975 -0.6044830639035927 -0.009847545754739503 0.9999440915302076 0.0038522302468561517 -2.216470524791437 -0.005856937359780126 -0.003910029863088416 0.999975203665549 118.0941394315495
0.9999350429216114 0.009028573330871075 0.00695663622324697 -0.5975490449081797 -0.009061405663059388 0.9999478873171873 0.004702509567613175 -2.2512515728029254 -0.006913817322784304 -0.004765241104408212 0.9999647451794161 119.48145648924077
0.999923026776618 0.00957334495560656 0.00789250109529505 -0.5979698672711996 -0.009606196086425708 0.9999453103399752 0.004134893770808971 -2.2692477508815223 -0.007852485353462741 -0.004210392491766556 0.9999603047435887 120.78835922969849
0.9998884219225775 0.01168106512456144 0.009311090258238544 -0.5928953148294978 -0.01171657092540308 0.9999242599171384 0.00376781395756953 -2.297136702121711 -0.00926637373594824 -0.0038764876793439726 0.9999495523049586 122.09458811113933
0.9998594827563709 0.013134893109382689 0.01041581966886144 -0.5953907258246706 -0.01316743666618396 0.9999086173672104 0.003061953369734599 -2.314282789267884 -0.010374650288585212 -0.00319867282296374 0.9999410658220574 123.4512736191038
0.9998400598702514 0.013652379951381476 0.011552799332132574 -0.5979406344652896 -0.01368262261970584 0.9999031555328619 0.002542720500786348 -2.342674906400008 -0.011516967292984358 -0.002700386465508168 0.9999300312378573 124.80214810825495
0.9998119041084572 0.014680882141291674 0.012673912991792815 -0.5880420588286354 -0.014703798887334647 0.9998904194310173 0.0017168185558671535 -2.3652049919977136 -0.012647320834482634 -0.0019028503355515774 0.999918208870482 126.10781983618226
0.9998093131763022 0.014117481517636723 0.013491996549431291 -0.5839187658688345 -0.014135149215770932 0.9998993556672875 0.0012149602960643453 -2.3963896217194196 -0.013473487615270358 -0.0014054400311351717 0.9999082407224724 127.46341564578952
0.9997962246832576 0.014009503162353231 0.014534197573548617 -0.5783047311960381 -0.014037113044970299 0.999899855974009 0.0017993098077240235 -2.4170928741734348 -0.01450753584929514 -0.002002961365553307 0.999892754021763 128.80067196087154
0.9997890915078519 0.01357115320855792 0.015414158166034458 -0.567550182220231 -0.01361981310693287 0.9999025754579406 0.003056193225730177 -2.449122742808746 -0.015371181679416403 -0.00326548666428896 0.9998765240606594 130.1567750542374
0.9998127290160539 0.011309919694273012 0.015703266872383926 -0.5506309733405491 -0.011367785643148526 0.9999289022142944 0.0036005544234354392 -2.469832380976173 -0.015661429744662624 -0.003778391586149412 0.9998702132641117 131.481579313369
0.9998231209532163 0.01039195549467687 0.01567590659801039 -0.5344921762386992 -0.010452314005333021 0.9999382535806662 0.0037733514572104348 -2.498749840846808 -0.01563572748531018 -0.003936533601297747 0.9998700054140384 132.80514805427197
0.9998462046352348 0.00829003402138344 0.015454526778788566 -0.5267804852133198 -0.008354108495870703 0.9999567557024315 0.004086026614151081 -2.509424539089852 -0.015419986459217515 -0.004214507072519381 0.9998722228090108 134.14443397753882
0.9998677420530725 0.0066123814983460195 0.014858492625286435 -0.5075484802042496 -0.006674849398937185 0.9999690761301776 0.004158507143828996 -2.549893838528402 -0.01483053675777194 -0.004257135425675581 0.9998809589016856 135.47972645154624
0.9998823696355489 0.006913593690593734 0.01369120539036718 -0.5032060066071208 -0.006963375073345252 0.9999693052591074 0.00359165155638089 -2.5757527949815877 -0.013665955075166065 -0.00368656613426722 0.999899820430809 136.82174066362109
0.9999006073902982 0.006249985301186328 0.012637761565532148 -0.49464445009847974 -0.006315570296763862 0.9999667623154567 0.0051563405397307685 -2.6099553858665887 -0.012605115524413341 -0.005235642806864973 0.9999068452122342 138.16445881431878
0.9999303154592735 0.002531894134498577 0.011530556772704733 -0.47363813485182926 -0.002591827792261874 0.9999831946928084 0.005185823373617762 -2.6165876879043215 -0.011517234011611444 -0.005215347314755953 0.999920073539794 139.50140824917582
0.999948732515544 0.001009791426546328 0.01007534947131772 -0.47551715635217917 -0.0010613472596138016 0.9999863653647593 0.005112986129298711 -2.6464030088671606 -0.01007004989495746 -0.005123417537468638 0.9999361703039481 140.87329301540004
0.999959285928702 0.0006862195215259189 0.008997532634885204 -0.4717470740417362 -0.0007288160075943689 0.9999885393257966 0.004731811959650418 -2.6577099037991165 -0.008994183211638697 -0.004738176940725368 0.9999483258357463 142.1836258004717
0.9999682478564708 0.0002558006448378624 0.00796478821463302 -0.4626870526625337 -0.0002888550144663814 0.9999913503684162 0.004149186752369858 -2.675029417660317 -0.007963658627143457 -0.004151355751346424 0.9999596723771957 143.52561501575872
0.9999744076233333 -0.0013991370717326389 0.007016161525564563 -0.4581174811185177 0.0013848483164088845 0.9999969582378383 0.002041006547773151 -2.7029150903715697 -0.007018996423410448 -0.002031238027338885 0.9999733035211656 144.87773114906653
0.9999754157731259 -0.0035772365930143643 0.00603085722575535 -0.4653471842819531 0.0035704989721909094 0.9999929899707181 0.0011276264259219681 -2.7542311152061987 -0.0060348492446312 -0.0011060655487217864 0.9999811784266724 146.1724390230301
0.9999015452156854 -0.013163001331326411 0.004861613609103004 -0.4514818168478929 0.01314185643710878 0.9999041531158877 0.004356165735599949 -2.7684286447196853 -0.0049184882651765165 -0.004291846292653994 0.9999786940350317 147.56209597130288
0.9997603025945945 -0.02162319119415334 0.003431467280941824 -0.42977093745355455 0.021605424689662582 0.9997533976294681 0.00513318092067084 -2.785787868804855 -0.0035416171190088444 -0.0050578122828752 0.999980937558256 148.87783619599315
0.9997144156097274 -0.023782510309710878 0.0023408183700775634 -0.40994701169831466 0.023777692585278114 0.9997151368734796 0.0020655360128335135 -2.818732795089086 -0.002389275387215301 -0.002009286887857771 0.9999951270513738 150.19161693497907
0.9997434711760763 -0.022484590324872364 0.002726728096365558 -0.42083155518834536 0.022486624364768268 0.999746886730248 -0.000717073283250971 -2.8568873833165656 -0.002709915054225224 0.0007782042784737222 0.9999960253695419 151.58164074443437
0.9997785624431279 -0.02073765660460976 0.0035743094410551103 -0.43932089849630296 0.020750286635338032 0.9997784469638024 -0.0035330702589116796 -2.8734348943728936 -0.0035002502413294606 0.0036064559396836535 0.9999873707798858 152.9234564228612
0.9997994667124824 -0.019564513787092945 0.0042727243945759295 -0.4427769631434236 0.019579373235056284 0.9998023057380907 -0.0034637519582893586 -2.909655486691589 -0.00420411343524045 0.0035467147146659253 0.9999848730054901 154.30422524280593
0.9997859672607933 -0.020106541337778363 0.0048730561066621094 -0.44039844029023056 0.02010602338975013 0.9997978413802088 0.00015552616345726122 -2.9520418058789706 -0.004875198480033887 -5.7515077491817895e-05 0.9999881144925409 155.61279747650286
0.9995788380513161 -0.0285467565628192 0.005218161464041944 -0.43473040190962164 0.02852958525821532 0.9995873805329547 0.0033363827815530477 -2.9682387809163777 -0.005311251700121037 -0.0031861056783454257 0.9999808194814731 156.96799287989228
0.9994964609376004 -0.03127978784186213 0.005329112406410107 -0.4119666148949231 0.031260037303970666 0.9995042494470039 0.0037503889133240756 -2.9932206574298887 -0.005443782320168759 -0.003581912235637713 0.9999787673414174 158.29966246470448
0.9994192166809125 -0.03369171286492673 0.0051086005931971394 -0.4097151125037477 0.03367299163451589 0.9994260260018034 0.003707856893853488 -3.02365453903023 -0.005230592875549196 -0.0035336816070149295 0.9999800767952665 159.62657333518
0.9994589058532353 -0.03231461541521876 0.006136866656129114 -0.4085921847443209 0.032291737508842615 0.9994712943371936 0.003791503531385942 -3.0320194908830818 -0.006256143561634817 -0.0035912819248165397 0.9999739813396665 160.98437422407838
0.999504492880688 -0.030586825768342717 0.007430665959780799 -0.41177792584344797 0.03056147616323715 0.9995267551623636 0.0035016995268181282 -3.0427424541976906 -0.007534255940419047 -0.0032728723241541857 0.9999662610748663 162.30943737567495
0.9995638447237211 -0.028330887641820304 0.008335534029464098 -0.4182560850384784 0.028314596250924147 0.999596925882849 0.002066255143486527 -3.076398140619789 -0.008390713739129517 -0.001829336662385293 0.999963124041939 163.6629833641457
0.9996446513249749 -0.025071798193452004 0.009054060952745933 -0.41700716378573255 0.025064723197011807 0.9996854305147641 0.0008942412394704435 -3.0952496336605093 -0.009073633821663792 -0.0006669859270269429 0.9999586112895857 165.02427174001346
0.9997064117576074 -0.022369279552949005 0.009311586005444208 -0.41356331051968254 0.022347215501183848 0.9997472258998367 0.002467034769660159 -3.1318605874475494 -0.009364418855932212 -0.0022582224779128975 0.9999536029657446 166.35322020622368
0.9997005658298098 -0.022705623654269404 0.009123231035350104 -0.4110344429969633 0.02268584860352136 0.9997400763497607 0.0022653938776536773 -3.1410687435319997 -0.009172297644382673 -0.0020577473189991946 0.999955816336547 167.69978185917566
0.9997838482338129 -0.018847728255270292 0.008776101925211662 -0.40554756246867046 0.01885027979969974 0.9998222960579634 -0.00020796448792355203 -3.179181783866923 -0.008770623459231384 0.0003733515417894688 0.9999614676405244 169.0703673919893
0.9998409890485472 -0.015862817699057983 0.008146634241082794 -0.4093578577031694 0.015885182335637123 0.9998702099279952 -0.0026878004700267417 -3.2114740158497033 -0.008102941485859803 0.00281678392490802 0.9999632033532793 170.49544563460677
0.9999046808544847 -0.011328571358319698 0.007892572028289139 -0.4116865817873675 0.01136343150151015 0.9999258150431872 -0.00438598047643196 -3.224103550987569 -0.007842300290940372 0.004475249213393056 0.9999592344009137 171.8399961451273
0.9999467618383667 -0.006075038106824755 0.008340708324776349 -0.4108313178849571 0.006104896185631977 0.9999750316614004 -0.0035589730290298436 -3.272328247223329 -0.008318879879902088 0.003609702796853441 0.9999588822927625 173.2132985449511
0.9999572696307196 0.0009971189307014256 0.009190466351619297 -0.422369682429989 -0.000990217287124259 0.9999992243576186 -0.0007554837207299443 -3.3348450972759003 -0.00919121330762919 0.0007463509014025309 0.9999574813717096 174.5648992016138
0.9999577887129857 -0.0002572400661199157 0.00918447751008754 -0.42088516105227064 0.0002426430234812229 0.999998705879257 0.0015903972834591662 -3.3451927719723007 -0.009184875513054934 -0.0015881016249777037 0.9999565570505274 175.99188949837372
0.9999636465164552 -0.0017893605925890076 0.00833689653177623 -0.4192597440556145 0.0017718346345791895 0.9999962060526678 0.002109141828011114 -3.3741913374910486 -0.008340639620328629 -0.002094293584456796 0.9999630231456336 177.3695318508632
0.999964486223291 -0.004920890798999477 0.006841866623807969 -0.40907018263765654 0.0049067288106831915 0.9999857878823151 0.002085195191523201 -3.3887261305193785 -0.00685203098126953 -0.00205154998537604 0.9999744200767849 178.80285217197832
0.9999686253472673 -0.0064365121184697775 0.004617320208511722 -0.40627068628806084 0.006445690211254993 0.9999772748912344 -0.0019755432603140895 -3.420664857653334 -0.004604500061571447 0.002005243142197249 0.9999873887073218 180.0806409979713
0.99998929755055 -0.0034820951095087694 0.0030462775265805682 -0.42193588479847766 0.0034987847647440333 0.9999788058696194 -0.005490565722816935 -3.4672615156429965 -0.003027094551386575 0.005501165343269012 0.999980286742925 181.4952386838466
0.9999968943139653 0.0002648340379281565 0.002478150156082994 -0.44500857150532525 -0.0002471973625006105 0.9999746612012621 -0.007114481657683885 -3.4990286395506356 -0.0024799717350425716 0.0071138471121818215 0.9999716210554407 182.88034558886974
0.9999896090134649 0.003924597895988796 0.0023193516686337945 -0.4570566928364481 -0.003910429607469146 0.9999738578221854 -0.006082122983322472 -3.5227569430015953 -0.002343161126023752 0.006072990241227296 0.9999788139667127 184.21180901693285
0.999971242625241 0.007090676626383951 0.0026900216018527147 -0.4514971979551065 -0.007083155807978669 0.9999710072124278 -0.002795291289818248 -3.5647484465559076 -0.0027097643489585807 0.002776157113938229 0.9999924750342436 185.67039091039624
0.9999687643107463 0.007290083820849225 0.0030536976439554013 -0.4640423062733191 -0.007289276278643998 0.9999733948883975 -0.00027564841856592864 -3.605352709181355 -0.003055626158968347 0.0002533805645970469 0.9999952994605249 187.03179436562627
0.9999771334833094 0.005924198425940119 0.0032613456870477144 -0.4672558415958935 -0.005922976423495718 0.9999823851667601 -0.00038434157865988174 -3.6209437329258516 -0.003263565431243784 0.0003650159218070993 0.9999946079354184 188.48576236989626
0.9999781363948237 0.005853952960375276 0.003075379526577882 -0.46443399821958264 -0.005854868586825579 0.9999828184454023 0.00028868586253988224 -3.6611247436546805 -0.0030736369931967855 -0.0003066855018350611 0.9999952293365059 189.90075791729691
0.9999934676552936 0.0017618685944881408 0.0031560207094111408 -0.4687382497579177 -0.0017642756146935869 0.9999981548519422 0.0007600179096283214 -3.6752467471501142 -0.0031546761004900793 -0.0007655810491772994 0.9999947309363584 191.25448702507364
0.999993885866344 0.0002654597932607236 0.0034867986610159973 -0.47696293769182896 -0.00026922741715113083 0.9999993804396727 0.0010801097823800608 -3.717626162840558 -0.003486510068791324 -0.0010810419389147203 0.9999933377736663 192.7189168457439
0.9999872551536363 -0.0032151382049221966 0.0038926117021321734 -0.4682246285490507 0.003208664897643959 0.9999934608806358 0.0016681309048369954 -3.734788399620676 -0.0038979498471237266 -0.001655619585234068 0.9999910324129717 194.10089754059902
0.9999556458790846 -0.008456225144616544 0.0041471128361724886 -0.46612135367281937 0.008443165896418333 0.9999593736101617 0.003156591375961659 -3.754908605266923 -0.004173637550886342 -0.003121436658112782 0.9999864185970012 195.5401342804117
0.9999192237722808 -0.011957694060139966 0.00430807365678537 -0.4623549562557502 0.01194215618159333 0.9999221563287787 0.0036147168169786653 -3.7897918490584708 -0.004350962342263017 -0.0035629772028723354 0.9999841870328711 196.959582216498
0.9999392690938171 -0.009983867469205139 0.004666961493331944 -0.46554477263650673 0.00998250935763378 0.9999501240973513 0.00031434819543901387 -3.820323105083681 -0.004669867528848318 -0.00026774111184517515 0.999989060263505 198.37796718389922
0.9999830652703453 -0.003233382918082754 0.004838844639639297 -0.4828925568122904 0.0032571298909017613 0.9999826525388114 -0.004907720638598383 -3.862503907365331 -0.004822892569254907 0.004923398376628225 0.9999762496430216 199.81452478150223
0.9999558756225508 0.00677276287431377 0.006509722219252022 -0.49448201317507895 -0.006732246266340057 0.9999579561861145 -0.006225972561132313 -3.88243421190879 -0.006551616120667745 0.006181872912851894 0.9999594295605582 201.28104937359015
0.999888486673339 0.012769704017051867 0.007742664453851033 -0.5177827589893507 -0.012749814243546449 0.9999153039161984 -0.002612903075701828 -3.9116641154587612 -0.007775375339324177 0.0025138942147459186 0.9999666113762151 202.6951363384701
0.999843791970086 0.015367885276803599 0.008730391033299928 -0.5069610419324526 -0.01536918790919065 0.9998818837125073 8.201733502062627e-05 -3.9410210976061273 -0.008728100137293629 -0.00021618355249542948 0.9999618860365457 204.1510553110234
0.9998570458505104 0.014812744504918445 0.00815294007390248 -0.5067667977032114 -0.014816288882383202 0.9998901626958696 0.0003743875727158819 -3.976097275065569 -0.008146499558442002 -0.0004951303823101286 0.9999666941373843 205.63877129029376
0.9999092212280724 0.011616478433530922 0.006826910774842219 -0.4979224074414873 -0.011619815606741682 0.9999323867561669 0.00044925378883222094 -4.013207407088182 -0.00682123101506211 -0.0005285404642555724 0.9999765954491009 207.06046139404788
0.9999430697183768 0.009004149973383675 0.005725608398108031 -0.4905173093768754 -0.009003732586451645 0.9999594607099749 -9.877270971458901e-05 -4.0358043833346064 -0.005726266134831105 4.721523834014002e-05 0.999983603686016 208.501913676653
0.9999283136022996 0.010788256483389184 0.005194339137626503 -0.49808759376412437 -0.010783883604957543 0.9999414744181137 -0.0008692629783960416 -4.066550365296134 -0.005203413408944421 0.0008131855273988539 0.9999861315100448 209.96935176744756
0.9999245598817357 0.011085518651283089 0.005290160798385883 -0.49504343467481227 -0.011081035804916099 0.9999382196612625 -0.0008760891864004522 -4.095899799803007 -0.005299546322696842 0.0008174026448407442 0.9999856232245834 211.45417229494683
0.9999093914472725 0.012481649468766474 0.005041557025291886 -0.5022219838050405 -0.012481266423494917 0.9999221001869295 -0.00010759483320452911 -4.123118832522819 -0.005042507676886812 4.466006319358412e-05 0.9999872854772851 212.87007157346284
0.9999176644907238 0.0120168226120063 0.004501132078419784 -0.5153533810415319 -0.012015448371433625 0.9999277566598391 -0.00033240128227431044 -4.1642296357295825 -0.004504801690523681 0.00027829079369057745 0.999989814603502 214.3334184212874
0.9999070853171588 0.012906483185859808 0.00438672971615584 -0.5130864748080969 -0.012901755319258136 0.9999161588385174 -0.0011045520519193054 -4.2008776344601575 -0.004400618183675676 0.0010478529237136199 0.9999897682269743 215.81715363530043
0.9999278377029436 0.011324266652851524 0.004010031112971221 -0.5186131906698137 -0.011317714533403859 0.9999345862468136 -0.0016530553741612437 -4.2258577364926015 -0.004028488784098804 0.0016075517247702517 0.9999905934810666 217.2823106217737
0.9999235204340117 0.011859523124849976 0.0035078440694414643 -0.5123457803528012 -0.011854037028681558 0.9999284888201417 -0.0015808480571380171 -4.256728487163591 -0.0035263416234682025 0.0015391450651961198 0.9999925979439658 218.72980906083777
0.999905068976488 0.01336534065882024 0.0033497276079595675 -0.5169799264397879 -0.013357852257613038 0.9999082523325103 -0.0022482735505858745 -4.295470069713161 -0.0033794695083836125 0.002203314989124445 0.9999918622591392 220.2333642162893
0.9999400308441728 0.010499344106724937 0.0031142364068304975 -0.5260887064932553 -0.010493624914273962 0.9999432339227933 -0.0018473745177270207 -4.320454277933208 -0.003133456111548469 0.00181458413376184 0.9999934443450513 221.71928081346442
