1.0 -3.469446951953614e-18 0.0 -1.7787691892340307e-19 0.0 0.9999999999999999 -3.5405977195229754e-19 0.0 2.168404344971009e-19 -2.354751593366955e-19 1.0 0.0
0.9999998184232816 -0.0001920851292522164 -0.0005711883356860027 0.002362340360531358 0.00019247475088568847 0.9999997488291841 0.0006821250811968831 -0.02260592772998818 0.0005710572149626968 -0.0006822349104356856 0.9999996042250158 1.3271691263019685
0.9999993567967418 -0.0011053321712566812 -0.00025426013986305914 -0.025542658467249225 0.0011056864168588754 0.9999984128418246 0.0013970574197280283 -0.03901613334682887 0.00025271554636885807 -0.001397337680019567 0.9999989917909323 2.619295904261235
0.9999983353960161 -0.0016043464372243414 -0.0008690677508969108 -0.018435105461112496 0.0016054565797043834 0.9999978944997762 0.0012780854968578682 -0.07438186568063938 0.0008670155035809539 -0.0012794786445858713 0.9999988056093431 3.942836874436303
0.9999964584488894 -0.0026578068959880203 -0.00013840461087107157 -0.034172505488716004 0.0026579839456995873 0.9999956305108763 0.0012938610545822368 -0.09318532179076863 0.00013496518592071775 -0.001294224373124776 0.9999991533836853 5.25469432679961
0.999995251515937 -0.0030420980861520647 -0.0004925326268955571 -0.03464322245628942 0.0030429807747209964 0.9999937482843205 0.0018010151660800239 -0.11010219551840744 0.00048705072576606394 -0.0018025054148970436 0.999998256876928 6.578388803071128
0.9999914041712481 -0.0041359051899452215 -0.0002930478485576131 -0.03548971446719925 0.004136711977363226 0.999987503550534 0.0028071962251602464 -0.14235937275148305 0.00028143391541483225 -0.002808384401942569 0.9999960168785552 7.914800759861543
0.99999126503131 -0.004175835710238725 -0.00017961790053193523 -0.05664175907172824 0.004176370921709962 0.9999865086674843 0.0030887542289972044 -0.1592744125276889 0.00016671736392564248 -0.003089477457634128 0.9999952136561571 9.236920844682775
0.9999931715706721 -0.0036119504908567 -0.0007814278370413355 -0.048494792287826424 0.0036138324792145404 0.9999905412886738 0.002420236048971253 -0.18762311493007794 0.0007726787404720777 -0.002423043517479194 0.9999967659094484 10.566648334986645
0.9999978585743184 -0.0020002334400172697 -0.0005309567983329973 -0.0731623894652258 0.002000656191565203 0.9999976813754761 0.0007966274915082027 -0.19527978205639818 0.0005293621718166794 -0.0007976880622172931 0.9999995417350958 11.88262986233241
0.9999974551216674 0.0021669803972069494 -0.0006276474501113775 -0.07520992116860055 -0.0021673386598379087 0.999997488607551 -0.0005704608914148009 -0.2315561552208027 0.0006264097485998575 0.0005718197733460104 0.9999996403168827 13.227343366519076
0.999989086970928 0.004637846349375617 -0.0005624148469060267 -0.09099243997681664 -0.004638203180668822 0.9999890423188641 -0.000634288956647497 -0.2478447900345358 0.0005594669958774155 0.0006368906375115465 0.9999996406838358 14.565348962978952
0.9999826873259255 0.005883529579299156 -9.547850181410218e-05 -0.11231740155496703 -0.005883492138599235 0.9999826154051866 0.0003916879066773738 -0.28259797729085084 9.778135754121573e-05 -0.00039111939079152956 0.9999999187323142 15.91251965512594
0.9999900380749083 0.004462169113056732 0.00011309009653693073 -0.10075277332493036 -0.004462482320142929 0.9999857302012503 0.002936946267932508 -0.3085815541335517 -9.998333819668604e-05 -0.002937421734081224 0.9999956807693233 17.258819697327432
0.9999998547855301 -0.0003625888533834269 0.00039869715410529596 -0.12393772651420429 0.0003604710162155682 0.9999858938217543 0.0052992656386112915 -0.3286501308089931 -0.00040061301419305273 -0.005299121254152988 0.9999858793122095 18.62346591765529
0.9999956984212218 -0.002931486623715838 -9.761809069939922e-05 -0.11013421323759004 0.0029317880018431795 0.9999904432617746 0.003243146525585633 -0.3658252125090653 8.810992741297092e-05 -0.0032434188322365896 0.9999947362219966 19.95971368197002
0.9999928510235844 -0.0037805091647003016 7.521648843142369e-05 -0.1263912348890307 0.003780432379024024 0.9999923549448568 0.000999188416470854 -0.36907276753688645 -7.899335996524389e-05 -0.000998896939177805 0.9999994979823682 21.318419380474143
0.9999988490219308 -0.0014714170178954846 0.000369985921947844 -0.1337044522532657 0.0014713059596474596 0.9999988724714676 0.0003005200003198572 -0.4279782942448199 -0.0003704277259806892 -0.0002999752964204766 0.9999998863987974 22.668510112276437
0.9999991834776353 0.0006800335796072251 0.0010819421492562578 -0.1513836374727588 -0.0006809939156736354 0.9999993743464427 0.0008874429624809411 -0.4144343242515706 -0.0010813380720259356 -0.0008881790510310166 0.9999990209217828 24.033764752098143
0.9999975133348349 0.0009379330084058005 0.0020232664151506917 -0.16430483235419407 -0.0009499699455206047 0.9999818086866333 0.0059564967055955815 -0.4359062913840472 -0.0020176429801384388 -0.0059584040525828795 0.999980213072584 25.4279204106109
0.9999977020307916 -0.00019172434181781786 0.00213522319828864 -0.15153404878800714 0.00017681764516512544 0.9999756284825739 0.006979339095837752 -0.45799462144417225 -0.0021365094437334805 -0.006978945648060413 0.9999733644672898 26.78807632172803
0.9999895967035379 -0.00408693766705937 0.002025693344560462 -0.15504488449483506 0.004074137263276921 0.9999719590854731 0.0062835054848427415 -0.49364563372565784 -0.0020513170054935526 -0.0062751872818170105 0.9999782068234981 28.16793763636867
0.9999878070355893 -0.004557042175519782 0.0019024078013445366 -0.16835229445617605 0.004549857466673721 0.9999825646707796 0.003764192431027378 -0.49455181445813234 -0.0019195283747528511 -0.003755490918992347 0.9999911058089075 29.525096873670808
0.9999850180243361 -0.004783872713392628 0.0026605071903582625 -0.16963492681143588 0.0047787969575091155 0.9999867554458036 0.0019110274721778273 -0.5415014198980224 -0.0026696142890342443 -0.0018982848491240416 0.9999946348211137 30.91213446453546
0.9999931168370956 -0.002156109771051181 0.0030195158796919243 -0.1765149608293742 0.0021537276880189797 0.9999973671139394 0.0007919715357312123 -0.5409299326318573 -0.003021215761748029 -0.0007854628808793724 0.9999951276379517 32.29910831852622
0.9999937821011222 -0.0005492011535091004 0.0034834095896650145 -0.17630465483615423 0.0005535613714370627 0.9999990644597121 -0.0012508592104591297 -0.5836088076171195 -0.003482719652774039 0.0012527797416795308 0.9999931505776928 33.67973583324834
0.9999926164002997 0.00025088598351265777 0.003834606280003025 -0.1933970592418504 -0.0002472227883055884 0.9999995127139658 -0.0009557474777328361 -0.6008101091458071 -0.003834844519967994 0.0009547924405670629 0.9999921911365953 35.06638381486573
0.9999945532015527 -0.00021066273689012913 0.003293811303831892 -0.1881444898628455 0.0002082091413841726 0.9999997006327945 0.0007452401135769174 -0.6306164558923848 -0.0032939675898417146 -0.0007445502646134538 0.9999942976929426 36.465356717536224
0.9999944461204882 0.001104769002739917 0.003144394334451015 -0.20334074921761783 -0.0011119461780091152 0.9999967787617022 0.0022816755666260308 -0.6475176714449236 -0.0031418637448970147 -0.0022851593350656455 0.9999924533392467 37.86903007646951
0.9999914369861577 0.0030074260158032265 0.0028427700059833463 -0.2067975276346587 -0.0030150047405406435 0.9999919027146194 0.0026653811346452586 -0.6663916036630875 -0.002834731288281493 -0.0026739293286919263 0.9999924071698226 39.26294053073598
0.9999813674930775 0.005203133127841024 0.003192501547534166 -0.21962496218789498 -0.005211700655781248 0.9999828247683327 0.0026811106536171153 -0.688090418881171 -0.0031784968066768684 -0.0026976991147814313 0.9999913097492481 40.65391161688372
0.999961251973923 0.008172645482896108 0.003271452739601201 -0.2259134069453494 -0.008183407395793619 0.9999611040314148 0.00328972409583899 -0.7220342587561879 -0.0032444400165201927 -0.0033163683250513353 0.9999892375954256 42.081092503356864
0.9999552396673821 0.008979189089471202 0.0029820813230309303 -0.23577204300151255 -0.00898872122266484 0.9999544855283392 0.003198402995502256 -0.7352883680489541 -0.0029532267774212426 -0.0032250649996349756 0.9999904386563851 43.469490434876526
0.9999609313750638 0.008433312489503644 0.0026485749178405855 -0.24962429605619502 -0.008442219997958442 0.9999586853445535 0.003369947051965515 -0.7593654709765093 -0.0026200458955199634 -0.003392175316090795 0.9999908142094951 44.89617277388706
0.9999699025988521 0.007580135273407204 0.0016539141208051908 -0.2371372201041385 -0.007584855301043583 0.9999671269228522 0.002866192458322275 -0.7878756276717315 -0.0016321337610843375 -0.0028786509538789974 0.9999945247381818 46.29428284436799
0.9999731795829699 0.007278307757892378 0.0008162945679274021 -0.2508357758746875 -0.007281137090310326 0.9999673045945068 0.003517783278617505 -0.8138633052874109 -0.0007906644339445263 -0.0035236325572382764 0.9999934794101975 47.72846937587755
0.9999681946730586 0.00797552881973987 2.3775707285502053e-05 -0.26205265838617114 -0.007975551278877554 0.9999565763126788 0.004820382428525103 -0.8434224025709938 1.4670428763406554e-05 -0.004820418840187481 0.9999883816065642 49.12240335741509
0.9999630753464122 0.008531703086531131 -0.0010285747050723468 -0.27303822546357126 -0.008526621580414853 0.999951895865611 0.004847957982531472 -0.860134755041738 0.0010698866582541581 -0.004839008808865042 0.9999877195941682 50.55147845517406
0.999952394716102 0.009491207233591923 -0.002263904062029795 -0.2751775844835237 -0.009479423594572253 0.9999417536216048 0.0051604178529711985 -0.8909389976544819 0.0023127509920832998 -0.0051387117946663065 0.9999841222885327 52.004734975446766
0.9999453818960515 0.009968781713809506 -0.003139520282365068 -0.2986169891277029 -0.00994895489542751 0.9999308567400294 0.006268975715939049 -0.9161042437030538 0.003201797531183663 -0.006237398503866643 0.9999754213778876 53.39930301337653
0.9999679190225292 0.006852160065443187 -0.004148349815710256 -0.3021121934507291 -0.006821974933882566 0.9999504662522495 0.007247462448211486 -0.916193559100357 0.004197805465320085 -0.007218930155017615 0.9999651321354462 54.867361626901015
0.9999775088639187 0.004960248781233927 -0.00451416437908045 -0.31478272821628495 -0.004926092836309905 0.9999593920161699 0.007546385585825836 -0.9327192327557233 0.004551413408279647 -0.0075239788220272065 0.9999613364473549 56.26100242193991
0.9999832341631223 0.0029893570773437544 -0.004959346913837641 -0.33560133541372816 -0.0029520211109759975 0.9999673764078125 0.007518756189788975 -0.9534063643755167 0.004981661796034338 -0.0075039901890056274 0.999959435771723 57.6844522669889
0.9999846683064256 0.002298547410390645 -0.00503783861881466 -0.34523553437544285 -0.002259908683617964 0.9999680923902635 0.00766205037238772 -0.9769875177684229 0.005055289892732934 -0.007650548001600165 0.9999579557019014 59.14292571067666
0.9999875078657642 0.0017187374719211902 -0.004693617142966318 -0.3584590547957315 -0.001679760187159954 0.999964179306221 0.008295692289839791 -1.0078700163972534 0.004707707535982514 -0.00828770467622123 0.9999545746945576 60.54180224399123
0.9999911023058227 0.000538417546338126 -0.004183946336973729 -0.3696728851855775 -0.0004986277691135686 0.9999546988810046 0.009505343439478408 -1.0261665809815326 0.004188875004873241 -0.009503172823135573 0.9999460700675373 61.99621103944034
0.9999903546291824 -0.002136493025574577 -0.003837452568260216 -0.3837155229165483 0.002170039061445958 0.999959285285873 0.008758920889301258 -1.0421816470313348 0.003818583284038534 -0.008767164002499649 0.9999542765881292 63.39864749533373
0.9999910349064285 -0.002584523944057315 -0.003354152715399232 -0.39395092807081145 0.0026123063746745136 0.999962099328311 0.008305164421255095 -1.06438757939444 0.0033325609829984453 -0.008313852203794832 0.9999598861491393 64.81655449670896
0.9999929340890148 -0.0026148374247905847 -0.0027008140152252344 -0.4027420675177819 0.002636740253491119 0.9999634081678535 0.008138176697137116 -1.0834795186606516 0.002679435411712241 -0.008145240699254137 0.9999632371677364 66.27045123831945
0.9999968449895708 -0.001426695785553541 -0.0020674981746920664 -0.4147087187970666 0.0014433571783264536 0.9999663168999602 0.008079714166343212 -1.1031784050061526 0.0020559014211853424 -0.008082672972979382 0.9999652212316534 67.63543807529737
0.9999971177185112 0.0020413887078931364 -0.0012638358876907955 -0.44160972863970255 -0.0020292210237753423 0.9999522886564486 0.009555243231662167 -1.1219167561808387 0.001283281670067516 -0.009552651279293946 0.999953548944602 69.11749139861713
0.999987249813334 0.005014958555143577 -0.000591938111745348 -0.45361101563581735 -0.005008444512546697 0.9999319469038219 0.01053646291603777 -1.1377934790995419 0.0006447378160517377 -0.01053336409695483 0.9999443147288716 70.48667182167861
0.9999598624175579 0.008950985281658965 0.0003916595125801278 -0.4801253100108907 -0.008954979423917214 0.9998904975802635 0.01178139242580029 -1.1541390101947178 -0.00028616156993566014 -0.011784427090956218 0.9999305202830775 71.93301382854159
0.9999216718919125 0.01249227508406815 0.0007701394628111052 -0.4859878028185033 -0.012500095747344057 0.9998595907594855 0.011160035791682555 -1.163514696448755 -0.0006306171360921096 -0.011168788693405624 0.999937428284477 73.28385842966227
0.9998650363468998 0.016345495851042616 0.0016534251666673408 -0.5039474165475946 -0.01636220994661924 0.9998093300106303 0.01065747387443504 -1.1777717579391282 -0.0014789083304437957 -0.01068308941441555 0.9999418405248881 74.68857826789875
0.9998471340864767 0.01731233503266007 0.002447748029991915 -0.5201838838170194 -0.01733785764166617 0.9997911302321922 0.0108210279117113 -1.1843540799369918 -0.002259899692065889 -0.01086181267778863 0.9999384550458384 76.1276458198154
0.9998269983304017 0.01838642675607017 0.002812947310000739 -0.5246346337273834 -0.01841724571412806 0.9997659303704832 0.011352954606615532 -1.2123075716092826 -0.002603548828032095 -0.011402797505017076 0.9999315965320831 77.49750835324318
0.99984128988014 0.01757736557664477 0.002903657229367155 -0.522599294028993 -0.01761028970895795 0.9997761024102108 0.01173127401226249 -1.2367708656808958 -0.002696802434957444 -0.011780546628845721 0.9999269703225895 78.91330549289523
0.99986672261145 0.016115316717411933 0.002614104378437963 -0.5340695814681411 -0.01614187140633028 0.9998148251812929 0.010476419928327148 -1.242780987430411 -0.0024447896860028003 -0.0105172204128048 0.9999417038400291 80.28537854895993
0.9998620548356222 0.016453982992555807 0.0022666500128167887 -0.5378180511519858 -0.016477376787722008 0.9998067667249042 0.010720322089831476 -1.2678456716283937 -0.002089820192177485 -0.010756191942451877 0.9999399666916647 81.67857042539129
0.9998780928112834 0.015492242762886285 0.0019467645311466416 -0.5486574216419878 -0.015512876658841452 0.9998183571719657 0.011072639991452611 -1.2756083877681759 -0.0017748710305178768 -0.011101490304325928 0.9999368013766137 83.07911381251462
0.9998756713406249 0.015686627505891042 0.001603602004347895 -0.5599499256406639 -0.015702596004221123 0.9998217461852908 0.010483528576713618 -1.2894532912199506 -0.0014388650624967603 -0.010507406106030171 0.9999437604614559 84.4280037252088
0.9998769099251951 0.015662135795195258 0.0009286876444644376 -0.5623774999907791 -0.015671104288906577 0.9998210432307327 0.010597076997446199 -1.2978555401704341 -0.000762548647372638 -0.010610326383878415 0.9999434181473014 85.86238467040447
0.9998771096441211 0.015676741280724285 -7.315044444156115e-05 -0.57671078340834 -0.015674829968505583 0.9998094351488771 0.011635855346697806 -1.3189699900703584 0.00025554882843418147 -0.011633279033020581 0.9999322984674395 87.19021862845247
0.9999181493221747 0.012722380894103009 -0.0013548605402363303 -0.5814594071444144 -0.01270369006159322 0.9998346537027595 0.013010823943325716 -1.3299989596440929 0.001520165315193819 -0.012992547537248007 0.9999144377463224 88.56406619857239
0.9999341487691421 0.01120136453353588 -0.002495501395490199 -0.5835056256507478 -0.011165795931078009 0.9998418998457216 0.01383836458875639 -1.3490788603831874 0.002650115657055368 -0.013809589339005541 0.9999011311822917 89.96996019381054
0.9999420281012429 0.010183479305948356 -0.0034981647074003143 -0.594398529614781 -0.010133068218280653 0.9998487019599809 0.01413839221759936 -1.369050821921987 0.0036416137850036907 -0.014102125735248777 0.999893928730139 91.33095782570855
0.9999521522511825 0.00897408024866204 -0.003893464377331665 -0.6132408600134635 -0.008920568680972211 0.9998683966001666 0.013550385553870012 -1.3810677707014873 0.004014554581161163 -0.013515005558556012 0.9999006090553648 92.70802052024382
0.999975500506209 0.0057170076416556154 -0.004039083064256337 -0.6204362144068868 -0.005662491984463525 0.9998944230732396 0.013382036369639526 -1.3869394984607373 0.004115162192662116 -0.013358837512070468 0.9999022986840249 94.06037189061215
0.9999747412305915 0.00574529245013013 -0.004184315487810139 -0.6409883312819166 -0.0056909157179917 0.9999006814125075 0.012893440011221197 -1.3920227119581081 0.0042579768609291736 -0.012869302013527576 0.999908121135077 95.41533982946592
0.9999776542913378 0.005175707544724998 -0.00423118792508447 -0.6511313620462018 -0.00512300965035387 0.999910339074918 0.012372089090255434 -1.4054236142501195 0.004294843240313641 -0.01235013646145867 0.9999145105776893 96.77758040344003
0.9999626331836485 0.007687031283956288 -0.0039549668457355075 -0.6625067225159508 -0.007638684855756166 0.9998976442738896 0.012097581607580283 -1.4274443768425618 0.0040475568718311115 -0.0120669190611353 0.9999190000994593 98.10854571287389
0.9999453498747879 0.009829383390383556 -0.0035609629563853394 -0.689089215323097 -0.00978551803626096 0.9998785049268137 0.012133385326785455 -1.4333910884603707 0.003679794333267066 -0.012097876617489185 0.9999200470569546 99.46639979833544
0.9999558757571126 0.008760174595850705 -0.0033920280783873566 -0.694921320068369 -0.008713889833182836 0.999871873261975 0.01342777707282677 -1.444478429893084 0.0035092234473181735 -0.013397627096970444 0.9999040898760265 100.82948622840281
0.9999419910494549 0.010219387234389603 -0.00340273875321414 -0.7183726634572635 -0.010166814691409887 0.99983392428203 0.015124805793157415 -1.4607843747726919 0.00355674020029561 -0.01508933371282542 0.9998798235890043 102.17009911021741
0.9999506336495564 0.009422881045470155 -0.0031527051720083576 -0.7281579680190894 -0.009376899080056723 0.9998538508927625 0.014295126209601319 -1.4787243894889182 0.0032869459694689135 -0.014264858204210676 0.9998928491686332 103.4987492128468
0.9999505262645507 0.0094381587960898 -0.0031410436190104137 -0.7447813991571688 -0.009400581861709337 0.9998865355208113 0.011770520862929883 -1.4841588392642344 0.0032517795508504553 -0.011740411134896668 0.9999257915897425 104.82821965992939
0.9999567305072021 0.008720759794284171 -0.0032381224492375443 -0.7592016556634986 -0.008685126047659883 0.999903306960053 0.010860263853673197 -1.4991258977943018 0.003332519387540895 -0.010831670656814044 0.9999357825556544 106.1422355343455
0.9999706903093416 0.006978771019807951 -0.0031488501301236583 -0.7699607560294693 -0.00694123182544483 0.9999065310876956 0.01177915102558159 -1.5128160231364987 0.0032307600904313352 -0.011756949123270364 0.9999256654105615 107.50201887102533
0.9999881535104477 0.004202975994560614 -0.002455161766977207 -0.777002947455198 -0.004169175986284926 0.9998986385360251 0.013613619200316033 -1.5110773781433977 0.002512130845903296 -0.013603222198613863 0.9999043161994792 108.87061214887562
0.9999965946315938 0.00205696713016633 -0.0016061149219346572 -0.7973402402927414 -0.0020329450424838363 0.9998881441106237 0.014817773067097553 -1.5316139529278552 0.0016364150907886477 -0.01481445775864691 0.9998889208287418 110.16836652617096
0.9999960357019578 0.0025947821055136598 -0.0010934714257707138 -0.8054130346079189 -0.0025795078938784712 0.999902192695684 0.013745951417862346 -1.5421495748664042 0.0011290323313922943 -0.013743076580415856 0.9999049220498617 111.4999179890013
0.9999952761439966 0.0030630038305393464 -0.00025630301455605584 -0.8125301956116935 -0.0030598326401703214 0.9999283421693743 0.011573588551056089 -1.5542862928063705 0.0002917346283199235 -0.011572749865437864 0.9999329909329528 112.84171909650208
0.9999790645498856 0.006429217621362735 0.0007318542516866391 -0.8218596657353647 -0.006436082010132199 0.9999312811493996 0.009798460956958714 -1.5738172898719385 -0.0006688075706550094 -0.009802966293343604 0.999951726110069 114.1709804087853
0.9999579153032645 0.008849101742217196 0.0024209511433390387 -0.8298744362635491 -0.008871337282971832 0.9999170916855714 0.009333228075661299 -1.5757142512503146 -0.0023381599321193342 -0.009354312552971002 0.9999535138418323 115.49830577133116
0.9999484656609232 0.009406230631043944 0.0038195328576301635 -0.8449344905594153 -0.009449452006481111 0.9998896831966649 0.011459900109126321 -1.5939570029297505 -0.0037113173404762414 -0.011495402253927594 0.9999270382633866 116.85948057999833
0.9999447377692381 0.009387293073107891 0.00473287658089123 -0.8481196212772797 -0.009452245595791628 0.999858806502388 0.013893240374571849 -1.6022320577588585 -0.004601788788587004 -0.013937209193075022 0.9998922830686335 118.14689143057672
0.9999395256335917 0.009418348630888864 0.005678007539699647 -0.8487425367576708 -0.009500520985449148 0.9998479428622273 0.014622970631272164 -1.6140793809340659 -0.005539420379572752 -0.014676030638138679 0.9998769569035854 119.53265104438273
0.9999264470311572 0.010179400262206375 0.006593960955344498 -0.8506267897071669 -0.010271324392590122 0.9998483963873913 0.014060019712568313 -1.619416244337259 -0.006449839252990811 -0.014126714549360014 0.999879410483577 120.84120840206937
0.9998972960773409 0.011901358234078417 0.00798466954139505 -0.847213380899549 -0.012012316913237418 0.9998299021458273 0.013995393539655369 -1.6361769557920516 -0.007816747824041789 -0.014089870819278006 0.9998701785694901 122.14622359112461
0.9998664099728702 0.013564422404148221 0.009119683422555758 -0.8523623218792258 -0.013683478147590562 0.9998202770448869 0.013121587732734426 -1.6361281830437309 -0.008940058393129975 -0.013244624072458789 0.9998723194924576 123.5128521822211
0.9998440045243593 0.014336724096062441 0.010316245878153198 -0.8527432983584952 -0.014465821139300884 0.9998166020181469 0.012549995206117015 -1.6484742514059125 -0.010134428927868627 -0.01269727068433924 0.9998680276243067 124.8657248404082
0.9998183184486051 0.015259595996255216 0.011422556244235408 -0.8480295039074556 -0.015398687288240592 0.9998071291171412 0.012189546008695483 -1.6506823377867095 -0.011234346558597242 -0.012363224010922122 0.9998604603380311 126.17387770983335
0.9998042006327847 0.015499223435320402 0.012301806175215382 -0.8416285925467861 -0.015647492333211752 0.999804967329147 0.012049204297143627 -1.674736300845482 -0.012112654626158653 -0.01223933773162365 0.999851730112029 127.50868936806052
0.999808261338759 0.014328223354930841 0.013347005019627297 -0.8377148706509042 -0.014499432612179584 0.9998126861452185 0.012820261657547424 -1.6780445229202348 -0.013160814470739359 -0.01301132777430655 0.9998287344897228 128.83816352372835
0.9998171681061649 0.012872660180776844 0.014139482065539865 -0.8313486540071597 -0.013070316923625935 0.9998168925733509 0.013976700855499798 -1.6886820424483664 -0.013956976869652277 -0.014158953258109867 0.999802343885996 130.19738133021752
0.9998136459820638 0.012755208798177094 0.014490615227939088 -0.8132482306528364 -0.012955022982303402 0.999821123447258 0.013780004146202967 -1.693474475374047 -0.014312257565537277 -0.013965162713734314 0.999800046766633 131.5335239173773
0.999834868244097 0.010956186829588198 0.01449821341647245 -0.8014841687122201 -0.011166586347209842 0.9998323469575036 0.014511559071718095 -1.70706632063557 -0.014336792594928349 -0.014671058590362667 0.9997895860726053 132.87403908528174
0.9998661338320037 0.008002183401342167 0.014271631445052937 -0.7942784598882235 -0.008225155781555832 0.999843953754222 0.015633776387566956 -1.7046860456923734 -0.014144301247751633 -0.015749070250743322 0.9997759276609717 134.21352464200663
0.9998786264728587 0.007322031885526933 0.013752096621484564 -0.7721161266501841 -0.007536672447261499 0.9998495741916176 0.015621381696518203 -1.7245329725703165 -0.013635648836464382 -0.015723131026424333 0.999783402659306 135.53605544796395
0.9999011851956661 0.006146451140814609 0.012642823104999966 -0.7637083572082566 -0.006338753619741016 0.9998639706381446 0.015226963860721062 -1.7265608360300386 -0.012547512568861033 -0.015305599248145825 0.9998041300977192 136.89062380352357
0.9999245056028683 0.004129502151900651 0.011572826163304564 -0.7574390189948959 -0.004322052657897417 0.9998518242880844 0.016662812758414074 -1.7334023214492138 -0.01150230318923588 -0.01671157349666526 0.9997941889877279 138.23694238390715
0.9999441740075548 0.001698709561181162 0.010428962460327054 -0.7430035331992659 -0.0018757139874460921 0.999853965946337 0.016986125917013588 -1.734905873752704 -0.010398585847323165 -0.017004739728429898 0.9998013343860223 139.5818208164467
0.9999561130214366 0.0015030572085501879 0.009247316066057434 -0.7392811711843814 -0.0016607979461214966 0.9998528488385208 0.01707402748217097 -1.7435774428323092 -0.009220292838177421 -0.017088636408677936 0.9998114645804709 140.9389722569543
0.9999671833263083 0.0014493812214758251 0.007970669285795175 -0.7401039852421323 -0.0015828438001634724 0.999858230403363 0.016763463098479463 -1.7521757694361586 -0.007945243296603144 -0.016775529627124603 0.9998277125162383 142.27834779970473
0.9999737856194763 0.001725149110956922 0.007032207191575071 -0.7319066620791965 -0.0018406748215690563 0.99986291568985 0.016454839409797417 -1.749925310588789 -0.007002856713348719 -0.01646735238327913 0.9998398803329168 143.6207031320769
0.999981206230869 -0.0003495466713306621 0.00612086668276994 -0.7254211962145833 0.00026236134124351176 0.9998985863024762 0.014238970134809929 -1.7602690836040404 -0.0061252236337663215 -0.014237096927454524 0.9998798861393718 144.9840662294612
0.9999777391394261 -0.004538675298634748 0.004890977781333097 -0.7424816175307314 0.004473440020960286 0.9999019781898708 0.013267340924554803 -1.7849665480548496 -0.004950714918724723 -0.013245166339933166 0.9999000229973258 146.28225061791917
0.9999186965874243 -0.012162636604484345 0.0038302089463132403 -0.7277963911939513 0.012097506092845042 0.9997891572431611 0.016591907297907715 -1.7886514713800825 -0.0040312030399772564 -0.01654422265665085 0.9998550085394682 147.65390081361258
0.9997980710093947 -0.019967940743314216 0.002257998682887087 -0.7205289907681102 0.0199235917381837 0.9996357949133355 0.018202417562199865 -1.791114454442753 -0.0026206413088692535 -0.018153754862888314 0.9998317725642383 148.98635056258792
0.999723761112131 -0.0234612863294191 0.001403394483264339 -0.6941627967802876 0.02343688344759156 0.9996063585525852 0.015422075954689925 -1.796031493957849 -0.001764663923701773 -0.015384924868495546 0.9998800878366804 150.25721716217288
0.9997525788097948 -0.02219096020626304 0.0015305079667353543 -0.7065112974318193 0.02217128614375426 0.9996838810634291 0.011856306528696771 -1.8058110934029097 -0.001793127110839388 -0.011819439911672563 0.9999285402153398 151.67396143337766
0.999823148432636 -0.018645149822279924 0.002455658246815149 -0.7182205622184266 0.018620425337362596 0.9997792428172643 0.009733723915199648 -1.8160067401556343 -0.002636603096923834 -0.009686277264333899 0.999949610908737 152.97620407777654
0.9998202175499542 -0.018651793571955122 0.003412211448251326 -0.7249818875589226 0.018616344055820563 0.9997752628384027 0.010141772007689284 -1.833140901896279 -0.003600607130206212 -0.010076425974161864 0.9999427489945448 154.34973503995738
0.9997684133394553 -0.021194669945159353 0.0037290299738265724 -0.7270510728922241 0.021143400157835966 0.9996881221190812 0.013289661903621332 -1.8377207701323257 -0.004009537296148275 -0.013207740063108604 0.9999047350690223 155.69208775673872
0.9995302740472012 -0.030376283214404082 0.00406357916980543 -0.7246087595774047 0.03030624048549245 0.9994075540516159 0.01631173490875241 -1.8290743708371355 -0.004556661967705734 -0.016180921347964453 0.9998586973258008 157.0121877201454
0.9994711286089313 -0.0322481006829406 0.004186056562624085 -0.7065947708066969 0.03216781511009049 0.999320252652588 0.01800734062012475 -1.8482372016575295 -0.0047639140207353485 -0.01786316108283893 0.9998290916964355 158.3602845325808
0.9994400486376982 -0.03321966531533695 0.004005371734427273 -0.6989808551159054 0.03314161343268951 0.9992850992560223 0.018191313124063805 -1.8585970053081855 -0.004606817996914174 -0.018048382718402436 0.9998265015054645 159.6968603618317
0.999438809549983 -0.03312489248580712 0.004980707926037062 -0.7027010059854102 0.03302529188666832 0.9992757582442907 0.018902092197004183 -1.8497382485659593 -0.005603230916931483 -0.018726995529535752 0.9998089334693274 161.04705638780953
0.999502991135102 -0.030887372195715614 0.00630404200240216 -0.7061912192290385 0.03076724500735136 0.9993583463668224 0.01833772572283949 -1.8424616697615042 -0.006866401713766186 -0.018134654033991077 0.9998119757498272 162.3972148119395
0.9995952786139639 -0.027511930005868237 0.007236897291870053 -0.7082412704266914 0.02738983265414542 0.9994892706722172 0.016461921986247467 -1.8522618891496658 -0.007686101075900627 -0.016257042381730445 0.9998383031389008 163.75171814240255
0.9996364758931142 -0.025748058355755186 0.007997097016974257 -0.7111433248768586 0.02562068512732587 0.9995493624038292 0.015641374819378606 -1.8400967757722924 -0.008396228951113005 -0.015430797975572024 0.9998456849998938 165.10049032030986
0.9996945848106762 -0.02331999134875517 0.008180165847907499 -0.7162514207290405 0.023182191945175727 0.9995941869362844 0.016554377362667124 -1.8508546854994818 -0.008562894875276008 -0.016359687527178153 0.9998295041934457 166.446924596849
0.9996934521704878 -0.02343078890408905 0.00799998926216978 -0.7105307642709136 0.023291026190412668 0.9995818170670647 0.017138234380219927 -1.8477191136255193 -0.008398206849403024 -0.016946653041496056 0.999821124538398 167.77517115908546
0.9997840712023582 -0.019340975658133096 0.007598529109867268 -0.7119191514627857 0.019229210910789694 0.9997097128508214 0.014516455023984047 -1.8693861542962018 -0.007877086410399612 -0.014367207046404314 0.9998657584247883 169.156424011419
0.9998441907533959 -0.01620275451293548 0.007004639807131138 -0.720029302205057 0.01611839106056433 0.9997988291159877 0.01193728421374269 -1.8735375784420967 -0.007196648160634646 -0.011822520965596293 0.9999042135378976 170.58486636015505
0.9999190813665937 -0.010759768359645561 0.006786613319674837 -0.7183165463112031 0.010686453170914108 0.9998851301330507 0.010748313537225081 -1.8763753105674539 -0.006901483680045282 -0.010674919169499397 0.9999192045464298 171.9065327673256
0.9999476886189836 -0.007314833597718635 0.007149353121862587 -0.7247268745301105 0.007230443377757906 0.9999047143368262 0.01175937596084484 -1.8903958646467678 -0.007234690370782528 -0.01170706803796752 0.9999052974210528 173.28039724927197
0.9999639609657824 -0.0028043620580935832 0.008013259884143977 -0.7312562140630257 0.0026918036101288238 0.9998980499937115 0.014022974095196884 -1.9109611416174153 -0.008051769097678893 -0.014000898866119832 0.9998695634151792 174.67443965956184
0.9999677280771718 0.00013941576633021147 0.008032644274576643 -0.7333343797189004 -0.00027000286551724824 0.9998677893154303 0.016258258853829283 -1.9264872437260148 -0.008029316280990448 -0.01625990331957321 0.9998355592918509 176.07549410991413
0.9999626933197818 -0.005072031210895398 0.0069918868133165835 -0.7299162407991591 0.004947268690922499 0.9998302660260945 0.017747215436625073 -1.9155343700057292 -0.007080715066924389 -0.01771196294366206 0.9998180583709175 177.42804871030086
0.999963089780569 -0.006507538488208432 0.005609904910393686 -0.7284861649188112 0.006407630573013516 0.9998237476428297 0.017646980018473073 -1.9153644228468314 -0.005723755022143558 -0.01761038280380703 0.9998285418251884 178.84100818239284
0.9999637213413273 -0.007792575528844232 0.0034397355783981564 -0.7268546726679085 0.007743635661005844 0.9998717428205882 0.014019058504499658 -1.9254216270890228 -0.0035485392678776158 -0.013991914119695132 0.999895811677212 180.23584930592193
0.9999846612368091 -0.00518971456520741 0.001934984026901703 -0.7370407086382665 0.005170094863778934 0.9999365290567623 0.010010392953522488 -1.9478409391273146 -0.0019868124531974493 -0.010000235547008057 0.9999480225821046 181.65188460691704
0.999997319030284 -0.0018091920609825066 0.0014452546835652855 -0.7643945306226959 0.0017954440682209413 0.9999536610517696 0.009457913302230635 -1.9400029611665797 -0.001462299009436643 -0.009455293255687981 0.9999542285084924 183.05149466968666
0.9999979991835476 0.0016768815949771577 0.0010907317158659986 -0.7812235501233662 -0.001688147238504547 0.9999443807596876 0.010410837881195307 -1.9487717266671276 -0.0010732133901415737 -0.010412658572393759 0.9999452108773028 184.3801472695764
0.9999915155944176 0.0039030821278331273 0.0013170738829995242 -0.7795426626983797 -0.003920305571096341 0.9999033598032029 0.013338000617895222 -1.9578799251166483 -0.001264887385249807 -0.013343051049915218 0.9999101774919906 185.82132812059092
0.9999902094814399 0.003994979801199383 0.0019029116439342913 -0.7878900548884931 -0.004025092080135752 0.9998624081689177 0.016092338693367247 -1.961672137079884 -0.0018383613934226664 -0.016099840854498552 0.9998686991583212 187.19426540727764
0.9999895310159338 0.0041395053699828845 0.001949961189587859 -0.8008533107640281 -0.004171817873298369 0.9998490075008268 0.01686885103275701 -1.9705316032744256 -0.0018798382061510491 -0.016876809650242738 0.9998558093593348 188.63721064987178
0.9999947776611346 0.002714142375486289 0.0017544455404573016 -0.7959274542954968 -0.002744131804858184 0.9998461782190918 0.01732309550685712 -1.9710652232973664 -0.0017071584513954632 -0.017327819811803265 0.9998484046476416 190.04744935584776
0.9999981838439775 -0.0006502201983232658 0.0017915149854717419 -0.8022366663673728 0.0006174619944793302 0.9998337111361736 0.018225498796477137 -1.9752753554062403 -0.0018030678015511638 -0.01822435986094166 0.999832296768128 191.39564117471858
0.9999940783789684 -0.002584505997910009 0.00227234296744597 -0.808920690671047 0.002542251383815204 0.9998273717170418 0.01840553477854818 -1.9782199015766213 -0.0023195200928118505 -0.018399649279676685 0.9998280215811695 192.8560031180131
0.9999818678084831 -0.005478771705314132 0.002499424960078025 -0.8085317924168223 0.005429296048658492 0.999797256081503 0.019389931911202703 -1.9821903890977501 -0.0026051514313453756 -0.019376010586764095 0.9998088734384593 194.2348355763323
0.9999431521286615 -0.010283495487897714 0.0028181989066329355 -0.8065940602446195 0.010222258814903172 0.9997283832833275 0.020944332441432685 -1.972304927142139 -0.0030328146235726145 -0.020914333843976965 0.9997766714035683 195.67778636774437
0.9999021241934314 -0.01365480933619187 0.0030476596728961688 -0.8021318258714116 0.013586571859013888 0.999678923583468 0.021388192689309575 -1.976878167452448 -0.0033387330984343917 -0.0213446924630819 0.9997666012487769 197.06983731266854
0.9999352970692881 -0.01085904861742678 0.0033886210075695033 -0.8069344401920713 0.010794134987449692 0.9997683576070466 0.018620358711007656 -1.9905409527935394 -0.0035900357274310166 -0.018582577041674955 0.9998208836980583 198.48465757310373
0.9999821670699355 -0.004639933016888467 0.003759863619308546 -0.8199722651384762 0.004592101629724867 0.9999096689849646 0.012631961927253818 -1.9890673519057143 -0.003818135756366506 -0.012614471228473654 0.9999131447056389 199.93196607589016
0.9999727590989069 0.005313343400782393 0.00512342045620104 -0.839482051734293 -0.005373791319637319 0.9999152562719505 0.011857598728171742 -1.9878919275754567 -0.005059983202843632 -0.011884808143067468 0.9999165704718055 201.369525180803
0.9998913465351548 0.013250522320935546 0.00645900578644828 -0.8589530015404263 -0.013356337181734748 0.9997725957182781 0.016624233308152485 -2.0052937278221865 -0.0062372577208009575 -0.01670869602114153 0.9998409453981797 202.78113268329798
0.99988347104168 0.013375450046699443 0.007358100774558355 -0.8579760233502302 -0.013504955717400626 0.9997496158975777 0.01784157247711439 -1.9915810023328095 -0.00711761994954192 -0.017938864600404326 0.9998137509681713 204.2429839395068
0.9999004576613901 0.01234483747097868 0.006832256793904405 -0.8615604021185638 -0.012471573032043878 0.999744938848343 0.018828625380268603 -1.9912245154754047 -0.006598078373617441 -0.018911960501277632 0.9997993814334715 205.7025036321187
0.9999452225934241 0.008884308331878334 0.005533612234055458 -0.8489774161186834 -0.008988413770437069 0.9997775297887949 0.019081387715558437 -1.9946467732954714 -0.005362856676661445 -0.019130081262516526 0.9998026204021497 207.1462593587814
0.9999675061731039 0.006791413187765863 0.004343189596020526 -0.8449272415600869 -0.006872240197316066 0.9997982515744563 0.018874015677756623 -2.00007704516195 -0.0042141324667060226 -0.018903250205231804 0.9998124365218444 208.56613946705843
0.999964138035783 0.0074814015593227794 0.003968785960578452 -0.8511979647690745 -0.007551737564627835 0.9998092231625094 0.018013565607086113 -1.9987062280522898 -0.003833262400194261 -0.01804289119349376 0.9998298656175784 210.0688669868906
0.9999592874546079 0.008118619469623183 0.003938456348836147 -0.8511624923357466 -0.008189151612889209 0.9998001786100646 0.01823569728769601 -1.9906982306802172 -0.003789620980015883 -0.018267207845377113 0.9998259588021832 211.49660834682635
0.9999426158576916 0.010049363698115744 0.003711504082623398 -0.8612650564938319 -0.01011797393812059 0.999769154561447 0.018954266117130927 -1.9916736105829114 -0.0035201692678049168 -0.01899073172353833 0.9998134628630246 212.95475787369125
0.9999533889496802 0.009088824475820354 0.0032577878446257685 -0.8738693241266622 -0.009149863795331076 0.9997730544733247 0.01923849141059493 -2.002119145995806 -0.0030821934781563786 -0.019267403383562108 0.9998096155049344 214.38304597798032
0.9999510936817905 0.009380652727673371 0.0031326637209421774 -0.8721285853256826 -0.009437606534085001 0.9997807928448552 0.018689511841396528 -2.0048114695648223 -0.0029566574337728238 -0.018718163027491543 0.999820428154602 215.8599042119417
0.999967348064046 0.0076211529322111875 0.0026871585509109044 -0.8807966122104751 -0.007668749085519488 0.9998054882364105 0.018170745359782085 -1.9994223431892104 -0.0025481540388417948 -0.018190759556744228 0.9998312873596693 217.29702789744167
0.9999578662905206 0.00892723351647192 0.002137785920864327 -0.880762381584428 -0.00896506448221688 0.9997906279036799 0.01839369416907666 -2.0087013425303586 -0.0019731336775339822 -0.01841208493126687 0.9998285362392852 218.76284098183436
0.9999430276858313 0.010497679400806821 0.0019339307402699054 -0.8878614567713476 -0.010530293956383935 0.9997877871606854 0.01770574960277241 -2.0055353472787187 -0.0017476511865113955 -0.017725106080403442 0.9998413705862981 220.2634582631863
0.9999612153217313 0.008594516022899457 0.0019240921171809475 -0.8954992113862439 -0.008627641168769344 0.9998020953205309 0.01792579176521395 -2.0102037763258855 -0.0017696479614247808 -0.0179416972542767 0.9998374687177911 221.7615391602681
0.9999457031298876 0.010322334655857884 0.0014283478696774882 -0.9034851398502821 -0.01034569620168975 0.9997942289956224 0.01744896135266919 -2.0014570389111013 -0.0012479400306474805 -0.017462791532886907 0.9998467350369823 223.2372307247645
