1.0 -6.776263578034403e-21 8.673617379884035e-19 -8.673617379884035e-19 0.0 1.0 -1.828002979293187e-19 0.0 0.0 1.0683203047244863e-19 1.0000000000000002 5.551115123125783e-17
0.9999999011092698 -0.0004283629931872479 -0.00011952627966676285 -0.0015539238404770565 0.0004285463529723748 0.9999987255862399 0.001537912569669895 -0.0206050436577875 0.00011886735231138139 -0.0015379636177787067 0.9999988102679801 1.3138180926998047
0.9999993296675033 -0.0010157308543797246 0.0005558376242315068 0.02246941788859619 0.0010145141746583503 0.9999970982353276 0.0021850134205050843 -0.032142934825574974 -0.0005580554439689389 -0.0021844480188365893 0.9999974583763461 2.626330832873686
0.999997437859689 -0.002205430988593682 -0.0005102426064278109 0.016293165222497772 0.0022063426020468378 0.9999959593321482 0.001792588493167487 -0.05040776050850544 0.000506287156106915 -0.0017937096438976668 0.9999982631374501 3.940828708958121
0.9999964850462116 -0.0026507932642437417 -5.6476386472002586e-05 0.024598591881751466 0.0026508955780019045 0.9999946987249747 0.0018908402037744658 -0.06578193105697044 5.146386396201203e-05 -0.0018909832426593203 0.9999982107646305 5.257193804510145
0.9999949744371905 -0.0031490531876610757 -0.0003668286514644922 0.02558744695868451 0.0031499981204391536 0.9999916492542268 0.0026036391049216847 -0.07745406042484185 0.00035862661905789427 -0.002604781491395248 0.9999965432432845 6.5761199280051725
0.9999904593720762 -0.004365005695425353 -0.00016699751015225323 0.03392192528914156 0.004365679152649811 0.9999813627876286 0.004267895046346895 -0.09778370781200194 0.00014836502246485736 -0.00426858332282542 0.9999908785488884 7.902957968304762
0.9999907854055846 -0.004292599352315332 -5.189311939784221e-05 0.04103869913494228 0.00429281016475332 0.9999775135807477 0.005152098566715888 -0.11087413244243581 2.9776058496177975e-05 -0.005152273784071999 0.9999867265039977 9.236588203040942
0.9999938151689179 -0.0034647593972210646 -0.0006042059180709561 0.04542977817905862 0.003467074751743371 0.999986487633869 0.0038734928056689674 -0.12527599542264517 0.000590777081458836 -0.003875563619050465 0.9999923154636453 10.560324117663788
0.9999975280137834 7.885025460281072e-05 0.0022221047248223843 0.05328153139725732 -8.730672222775779e-05 0.9999927542269619 0.0038057685222074216 -0.13978305082016862 -0.0022217887241800923 -0.0038059530639744255 0.9999902891392287 11.857697457376972
0.9999969811526409 0.0024533995330047157 0.00013607275467936598 0.045858230575218095 -0.0024535462036640236 0.9999963997052883 0.0010865950832496508 -0.15360794673752287 -0.00013340642320145302 -0.0010869256485088548 0.9999994003970782 13.227310811188664
0.9999890344074652 0.004682624063793469 -6.398842743834347e-05 0.04281543668155837 -0.0046825814994779355 0.9999888209939822 0.0006567497231046276 -0.17037697228392457 6.706303146274128e-05 -0.0006564428818259268 0.9999997822923979 14.566815885049737
0.9999832802043637 0.00569380972266516 0.001009871122448559 0.045047595969920654 -0.005695685469563468 0.9999820425382017 0.0018638059795495737 -0.18659477526101592 -0.000999240912763026 -0.001869526699395631 0.9999977531903891 15.910041221939213
0.9999923441135776 0.0038393572063301056 0.0007556780203360697 0.05619580904574964 -0.0038425178035929562 0.999983688226183 0.004225913299957931 -0.2023550963430672 -0.0007394409637568019 -0.004228784592590145 0.9999907852597467 17.270689283823913
0.9999988540306584 -0.0006538116926509233 0.0013654552253182066 0.06422958001138951 0.0006449273770665643 0.999978687149025 0.006496870145876648 -0.21845817634257647 -0.001369673968182314 -0.006495981986998456 0.9999779628599882 18.617149998477046
0.9999970803387361 -0.002318097406137975 0.0006824500845270748 0.07585445293563824 0.002314402086961399 0.9999829192776357 0.005367001094073136 -0.23671051677151533 -0.0006948797181250323 -0.005365405882190943 0.9999853646716094 19.971681985377806
0.9999937876684263 -0.0033783900549986365 0.0010055368593005513 0.08483818543984256 0.003375596832159811 0.9999904744185166 0.002767023936902533 -0.24309251435549847 -0.0010148754533285814 -0.00276361241951275 0.9999956662265159 21.32528387709022
0.9999981034906111 -0.0015150624738425136 0.0012237650940139563 0.08682231018846039 0.001512529454924443 0.9999967172748448 0.0020682591588691377 -0.269112226329165 -0.0012268947218589416 -0.0020664042254236225 0.9999971123463449 22.670615663482018
0.9999974340837063 0.0011958091010276504 0.0019240236209792077 0.08819162093621716 -0.001202470102429875 0.9999932755222628 0.003464531527216254 -0.27070878502526163 -0.0019198679249505359 -0.0034668361684210836 0.99999214754469 24.03204858144715
0.9999948565205222 0.0014407818782516254 0.0028654982641069015 0.09123867397137762 -0.0014633450982930178 0.9999678216507888 0.007887603619067074 -0.2842407743104557 -0.002854041979248009 -0.007891756148163386 0.9999647866911638 25.396571810807597
0.9999955432687511 -0.0003103988058800094 0.0029693594630391205 0.11065822628355154 0.00028160801179641224 0.9999529968472347 0.009691480870583132 -0.2865786719340964 -0.002972228366898976 -0.00969060134243579 0.9999486277281698 26.780776518226645
0.9999871006035378 -0.0038367783467732333 0.0033283265103958505 0.10731907304599408 0.003803659153303556 0.9999437523918493 0.009900719140026815 -0.30066197283046686 -0.0033661264480788545 -0.009887931463177367 0.9999454475096464 28.163329235846387
0.999980542548953 -0.0054271497386277805 0.0030758034262318885 0.11938786832361847 0.0054080119175823945 0.9999661762209962 0.006196759550773589 -0.3047721772386517 -0.0031093303952492374 -0.006180004905480946 0.9999760695129106 29.54677813350189
0.9999808651422744 -0.004792080023023752 0.00391220095763691 0.13774848391390554 0.004774897212154583 0.999978964712878 0.004389817084790264 -0.32822088920622566 -0.00393315534922719 -0.004371052664580843 0.9999827119425453 30.91743456105847
0.9999883627257927 -0.0024411898628659205 0.0041611302089846584 0.13206305450378497 0.002427372921761053 0.999991534864226 0.0033223581542487007 -0.3329165855877742 -0.004169205841533816 -0.003312218827818946 0.9999858233627099 32.304030300928325
0.9999884695128205 -0.0003406812407259889 0.0047900707326960276 0.14248814049626085 0.0003328352958796929 0.9999986019916656 0.0016386691559211282 -0.3533555312092925 -0.004790622701306958 -0.0016370559328845828 0.9999871849083163 33.669945731490536
0.9999877767583576 0.0002824672754020695 0.004936248168727812 0.1578473129074483 -0.0002909146788293984 0.9999984945035862 0.0017106608329247512 -0.3681504039089688 -0.004935757944779614 -0.0017120759254160213 0.9999863534510826 35.07051118919375
0.9999898914639362 9.69824383795486e-06 0.004496318042682711 0.1625655272914489 -2.448724443657108e-05 0.9999945906223429 0.003289092418544807 -0.3889871794169172 -0.004496262198528476 -0.003289169225441625 0.999984482374345 36.453595034858886
0.9999903779046363 0.0012776115552220154 0.004196642330850629 0.1788084358415611 -0.0013011112164635357 0.9999834641499019 0.005601655201056999 -0.4107930929744154 -0.004189416546783373 -0.005607061518847624 0.9999755045227351 37.865513291714365
0.9999859119472911 0.0034890718681604093 0.004000285423216473 0.1780623227745536 -0.0035117823857846986 0.9999776781516958 0.005684240367930057 -0.41422136567152107 -0.003980363738387114 -0.0056982083380895 0.9999758432689666 39.256790701424904
0.9999754213508433 0.005455778146008974 0.0044035413247090795 0.17283996947868394 -0.005479708917802639 0.9999701855108183 0.00544066971061707 -0.4221683827863298 -0.004373727312799576 -0.005464666032883256 0.9999755036650172 40.66658908687489
0.9999568058047132 0.008000433600889475 0.004730706155250312 0.1870215687526416 -0.00802899995751705 0.9999494620938548 0.006050489986149499 -0.435535451354215 -0.004682060921119792 -0.006088211392991604 0.9999705055563846 42.06223962551435
0.9999517662404385 0.008959194608033962 0.0040246760045717055 0.19217215954444342 -0.008983889291267241 0.9999406702834721 0.006160004798233861 -0.44495375753691896 -0.003969248869111196 -0.006195864833693665 0.9999729277921316 43.47230671658675
0.9999550662682084 0.008642404057937822 0.0038954190484026983 0.20470658265008299 -0.008669300888119416 0.999938328617761 0.00694133965897066 -0.4643645942656339 -0.0038351892685755157 -0.006974798219142166 0.999968321251791 44.88719473092219
0.9999719557819107 0.006932239391026107 0.0028340258363259317 0.21594191955797737 -0.0069503339816913865 0.9999552030295344 0.006425325021731962 -0.4702649718034014 -0.002789357220454324 -0.006444842162588426 0.9999753414410539 46.2708546010057
0.9999671800065228 0.007807390453589184 0.002164153084441846 0.22329603047460847 -0.00782314684823165 0.9999422389805316 0.007370012757698599 -0.49043265496853383 -0.002106487687119684 -0.007386701255833527 0.9999704992386824 47.70595363741993
0.999973858335458 0.007136609853704121 0.0011625148721162298 0.2213503040399137 -0.007145427225688037 0.9999443201667607 0.007765271883614407 -0.4929982376808441 -0.001107032517794749 -0.007773375440694512 0.9999691740781307 49.11296604615145
0.9999709381590091 0.007622576651051101 0.00013840855713051405 0.22403109160947976 -0.0076234571366290095 0.9999372087407522 0.008213494358928477 -0.5079589302889878 -7.579187957643726e-05 -0.008214310693866609 0.9999662591050422 50.55725986222867
0.9999703313442777 0.007678869140991139 -0.0006094209228511751 0.2291488226134189 -0.007673368733440659 0.9999338603370107 0.008567051812709945 -0.5127277402322921 0.0006751659450426797 -0.008562121205820703 0.9999631164320592 51.9611113465464
0.9999613176608083 0.008492393315542359 -0.0022896352112133107 0.23286889301899466 -0.008468755318848416 0.9999126908136032 0.010143517585913689 -0.5243001980275234 0.002375578247952156 -0.01012373470556974 0.9999459318464503 53.39793172729084
0.9999752161712435 0.006547821281463755 -0.0025870975913082463 0.2296730152089233 -0.006518497638538587 0.9999161971482646 0.01118516352383842 -0.5300379077602275 0.002660119462021762 -0.011168022162642562 0.9999340973470456 54.84341828991719
0.9999840092041623 0.004417484994770219 -0.0035308862831250343 0.23776742193069747 -0.004377999613932539 0.9999286585639704 0.011113546393799618 -0.5363588706285196 0.003579728610420197 -0.011097910300692598 0.9999320086499743 56.27606596398307
0.9999886069077643 0.0014199731760586019 -0.0045573816096525005 0.24573412306839054 -0.001371765479401971 0.9999432614581593 0.010563717775667562 -0.5373583160644241 0.004572123609741815 -0.010557345610868983 0.9999338168767509 57.70115105959672
0.9999908194183311 0.0011573067677322958 -0.004125738350548176 0.2376017262330408 -0.0011102995694458788 0.9999346541844472 0.011377812005332099 -0.5504621166522576 0.004138636716643121 -0.011373126580399975 0.9999267591533612 59.13644381235485
0.9999934348012143 0.0007398648218397457 -0.003547245696060684 0.23887847592534123 -0.0006967799035197306 0.9999261626837416 0.012131928502539496 -0.5640004453807939 0.003555960062126936 -0.012129377028983281 0.99992011348535 60.5466322136744
0.999994108890816 -0.0012823396971460717 -0.0031839890580302524 0.24657436759235152 0.0013242477762619512 0.9999120645884731 0.013195054770035054 -0.571012557660606 0.0031667887948351476 -0.013199193235549186 0.9999078721246083 61.97061630717847
0.9999919769649512 -0.002938644986840329 -0.0027221992676491865 0.2462588779191394 0.002973274822009679 0.9999135832632442 0.012805688380941444 -0.5771612043736969 0.0026843328758449385 -0.012813679300850409 0.9999142983125535 63.40067616380186
0.9999905385008457 -0.0036180594724823743 -0.0024150676470198803 0.24435791001435206 0.003646690661949813 0.9999218524254377 0.011957871936256022 -0.5810251757010968 0.002371614820819463 -0.01196656562748537 0.999925585601739 64.82052293157112
0.9999904433787795 -0.0040532105005539765 -0.0016384850574126019 0.24565712639142226 0.004072720817066445 0.999918683281817 0.01208469203206373 -0.5930504984846018 0.001589370152188364 -0.012091249459537688 0.9999256350244686 66.26293474959826
0.9999969294029637 -0.0022744233617710084 -0.0009839624221004567 0.24873593724289939 0.0022861260512992026 0.9999246595757193 0.012060216055986478 -0.6013083391047299 0.0009564583320844956 -0.012062428310909997 0.9999267888202682 67.65754057564807
0.9999999156749657 0.00031892113055637095 -0.00025872622077822635 0.24153350879153038 -0.0003154340030901152 0.9999105936742121 0.01336806536621444 -0.6054703215014494 0.0002629664696618657 -0.013367982434360512 0.999910609945822 69.08957598598973
0.9999917803572231 0.004044407148392687 0.0002863342522839013 0.23835289305650403 -0.004048222425644724 0.9998809687377215 0.014888259359651568 -0.6092733333847838 -0.00022608600447476639 -0.014889295913362504 0.9998891227223029 70.4761100673006
0.9999687186029105 0.007810387597834639 0.0012488617163632998 0.24370700425567948 -0.007828994514233384 0.9998467069141306 0.01566108357047731 -0.6207488207126135 -0.0011263512331504228 -0.01567037077598335 0.9998765777822503 71.90646934843895
0.9999191741857689 0.012596515926777713 0.0017242003927272435 0.24236989463401093 -0.012621864706996019 0.999798988653597 0.01557789616110261 -0.6198069547620265 -0.001527626715208761 -0.015598399465553407 0.9998771705942942 73.29599936988609
0.9998724853981004 0.015780159137807642 0.0024493871502291563 0.23489282654978583 -0.0158151674691354 0.9997624222985317 0.01499931585690645 -0.6275601570508889 -0.002212113818875142 -0.01503614047834597 0.999884503839062 74.70109112018316
0.9998450694840725 0.017231453409027157 0.0035936072376033788 0.23731273416269433 -0.017282731995451047 0.9997416531531089 0.014762593553844808 -0.6254782179946234 -0.003338298170867012 -0.014822413517014707 0.9998845692422222 76.11667377390003
0.9998410556324283 0.01744708502383631 0.003669150641152622 0.24280909782789561 -0.017502467081212215 0.9997243979993969 0.015645821664344042 -0.6299492652813463 -0.003395165713117214 -0.015707553813269697 0.9998708644559158 77.50139467341886
0.999875882860058 0.01536779239580036 0.0034712834604109983 0.2552658444983778 -0.015421365432277089 0.9997534972456539 0.015972672653268617 -0.632742576215018 -0.003224963326700537 -0.01602422187244848 0.9998664030306051 78.88069036882278
0.9998789558443835 0.015159158522600526 0.0035033627010209968 0.2604559808073147 -0.015211045242905634 0.9997673755086559 0.015291141492020986 -0.6404391759592053 -0.0032707471636592117 -0.015342580177955775 0.9998769461447321 80.29093628197899
0.9998827297863225 0.014938439614920787 0.0033718949244112045 0.2734935352036042 -0.014987478186961974 0.9997748771845264 0.015019004103549432 -0.6488312740138418 -0.003146775606226267 -0.015067778807993057 0.9998815228968966 81.6759845703292
0.9998884291160397 0.014614075846003903 0.0030916155105615182 0.28016619574180374 -0.014659767122017303 0.9997752953173863 0.015311764638562358 -0.6459054363993109 -0.0028671537551872503 -0.01535537843527136 0.999877988440404 83.06864520185205
0.9998932780331916 0.014419985327815592 0.00234447162904861 0.283967884558589 -0.014454091482685472 0.9997792884306431 0.015246432344981317 -0.6520356606024946 -0.0021241010190358256 -0.01527869220462218 0.9998810177939268 84.450216124077
0.9998938766885924 0.014481358343412545 0.001589213955631102 0.28898921381636217 -0.014504395703998162 0.9997732120871058 0.015593169452033121 -0.6500665217848702 -0.0013630433755313504 -0.015614565017956087 0.9998771561831888 85.83568793385903
0.9999085730750858 0.01351219302643538 0.000515861220031005 0.2928005415526976 -0.013518891820856619 0.9997710983547599 0.01658283727761629 -0.6551219248023515 -0.00029167265992038026 -0.01658829479417018 0.9998623622213821 87.20721810503863
0.9999251637969221 0.012206320752138643 -0.000820075829681759 0.2964597880105785 -0.012189629697963791 0.9997643965836521 0.017960074710147753 -0.6595046815275588 0.001039109141035395 -0.017948733968056116 0.9998383685296959 88.58080075569532
0.9999517747587194 0.009702052546813314 -0.0015226040901848573 0.3032840153434948 -0.009672346702771702 0.999783260067863 0.01843579736754726 -0.6618776182678047 0.0017011393017933385 -0.018420180877211013 0.9998288868823192 89.97271963305171
0.9999670048810965 0.007636859999807522 -0.002769027086319085 0.3052215804526785 -0.00758413437364577 0.9997986750983135 0.018576603600998692 -0.6575999110099253 0.0029103367796173042 -0.01855498972299324 0.9998236055823984 91.33916514617417
0.9999723463502423 0.006642602930072051 -0.003344002768204228 0.3043647264916724 -0.006580371943790415 0.9998110863508023 0.01828907699286111 -0.6581405522661071 0.003464858409371898 -0.018266566187869444 0.9998271487113944 92.69257078720017
0.9999773222767846 0.005773546856088302 -0.003467143378332169 0.30376864770957546 -0.00570978106644985 0.9998193677249514 0.018128164362324957 -0.6585858239290604 0.003571181207801432 -0.018107956366079196 0.9998296597749917 94.03841630953963
0.9999772164788748 0.005691233510401959 -0.0036299281780252275 0.2979724307750413 -0.005626380269424384 0.999828693428465 0.017633141024397312 -0.6563521174620885 0.0037296609849147835 -0.01761231566910307 0.9998379348430573 95.4027829356218
0.9999769929901932 0.00581512940273314 -0.0034925283967745776 0.2995971983694628 -0.005753466753920526 0.9998318175096835 0.017413625000614705 -0.6573976276202569 0.0035932038003676104 -0.0173931299683806 0.9998422715118634 96.76139028656922
0.9999724114174017 0.006678879746290853 -0.003250994132700139 0.2944133298579262 -0.0066235294125647015 0.9998377897037555 0.01674882559306946 -0.6602997960003446 0.003362330463952387 -0.016726830220493358 0.999854443342059 98.12189362868114
0.9999691711257109 0.0072737587069912945 -0.002957908945754449 0.29626918752134285 -0.0072222930472236 0.9998285001082121 0.017053119245371052 -0.6583600112012591 0.0030814421999186417 -0.017031230386433508 0.9998502097269862 99.47469623832994
0.9999584261761312 0.008692377072074424 -0.0027547215903798135 0.29245795026360716 -0.008639745600002177 0.9997901504561032 0.01857444137766988 -0.6666578079680787 0.002915599808919864 -0.01854986880639787 0.9998236852708627 100.82088416393223
0.999955918922228 0.008984029421662062 -0.0027289958073112497 0.2862185575713897 -0.008928043918617345 0.9997625514902482 0.019877894687499627 -0.6610576817160323 0.0029069316486617855 -0.01985265356826625 0.9997986906755849 102.15327952329109
0.9999643858239337 0.008074340621483305 -0.002456033266807882 0.2899833978570586 -0.008024859594924277 0.9997770563140304 0.019530471635420946 -0.6630278945426287 0.0026131816118812896 -0.019510066470636012 0.9998062455147451 103.50201116933184
0.9999582096924222 0.008744787079461573 -0.0026660004678608967 0.2835226968249599 -0.00869811426540864 0.9998169254827393 0.017042838679334774 -0.6595969946061297 0.0028145486254067915 -0.01701893703236732 0.9998512059720229 104.84211658785247
0.9999594763208527 0.008635215178384503 -0.0025453420341369363 0.2848282719264709 -0.008592394417684888 0.9998289199534385 0.016379914704322228 -0.6581423269250419 0.0026863508930202234 -0.01635738011199321 0.9998626003710812 106.17370958355906
0.9999743031429084 0.006689838241613459 -0.002576647470114631 0.28234119560089854 -0.006644954250498133 0.9998325355431127 0.017051260163050794 -0.6621336688125861 0.00269028637322161 -0.01703370004929354 0.9998512966472176 107.51779975823392
0.9999903933100177 0.003995139009552991 -0.001803371681506202 0.2866315737796864 -0.003958485219242125 0.9997943222303675 0.019890793150627983 -0.6570806397992717 0.0018824674107307138 -0.01988346315860427 0.9998005322014714 108.84937204982981
0.9999976288544052 0.001880287353273013 -0.001098546384298552 0.29294548430591566 -0.0018577520510823268 0.9997949020116927 0.020166871085760665 -0.6610532142924429 0.0011362406830959845 -0.020164782148696936 0.9997960244461068 110.18952012145355
0.9999992001070933 0.0012633290850536261 -6.151922048047535e-05 0.2992683108872127 -0.0012618946895858907 0.9998102632974394 0.019438236710762613 -0.6551167638503195 8.606444545646193e-05 -0.01943814325020347 0.9998110577306852 111.53454059988528
0.999995435982579 0.0029202410074893183 0.000774729553937017 0.2999354340860596 -0.0029329722465116243 0.9998516157644944 0.016974809102804803 -0.653867869588646 -0.0007250441223403264 -0.016977003644450966 0.999855617397692 112.85252919738957
0.9999822132869363 0.005807063639646602 0.001360558233328659 0.30047968669532277 -0.005827147088835948 0.9998666766872405 0.015253629889547185 -0.6562265915652168 -0.0012717981441333626 -0.015261286530652117 0.9998827309481148 114.17994873275345
0.9999614545052072 0.008307880681481632 0.002840530948439105 0.3023166776749756 -0.008349300509326104 0.9998542103902428 0.01489453478914345 -0.650903827385135 -0.002716375035221259 -0.014917676903975094 0.9998850354956439 115.495119002515
0.9999402741355086 0.009975444602624258 0.0044652723427602466 0.3070840275151342 -0.01005129389538492 0.9997998382363028 0.017298987839354733 -0.653921228653044 -0.004291813826950827 -0.017342836157737806 0.9998403904379911 116.85437116288111
0.9999442235907001 0.009223351193192893 0.005145822753239038 0.3132293526852955 -0.009323399792436253 0.9997610886156172 0.019769672094019843 -0.6466163387861682 -0.004962251141173017 -0.01981654569026466 0.9997913185064123 118.15642224622155
0.9999408307937867 0.00899723611017129 0.006114298416910282 0.32720937592089405 -0.009122055439181825 0.9997440640561194 0.02070252444132826 -0.6497375502872468 -0.005926468540795663 -0.020757074159635843 0.9997669832628598 119.514089700865
0.9999300358689436 0.009571875381424923 0.0069500042091103845 0.33707296866710457 -0.009711319138000966 0.9997464608382217 0.020315126181141504 -0.6390161039159099 -0.006753788816876169 -0.02038119826654555 0.9997694699651716 120.85772916670427
0.9999066411827329 0.010398607038224315 0.008864416316058566 0.34838560183683 -0.010576377618755647 0.9997390242298313 0.02024904194740731 -0.630750064090823 -0.008651541808866518 -0.02034090464254374 0.9997556693537781 122.1720585614354
0.9998685495136374 0.01284451650185529 0.00989454742989059 0.35666222890242316 -0.013039873269186967 0.9997161590959397 0.019938981524127885 -0.6238769063476937 -0.009635633177709432 -0.020065383891723212 0.9997522367698882 123.537133573837
0.9998528061523748 0.013359723458229032 0.010764933598137794 0.37346110595474324 -0.013562481069699638 0.999727733086196 0.018987333734733654 -0.6248981617239445 -0.010508338010204739 -0.019130537849678445 0.9997617702933185 124.85059337999719
0.999813447788462 0.015126235223806997 0.012011103176725445 0.3911365310643181 -0.015343265811416814 0.9997168630467969 0.018187302574685534 -0.618835128611835 -0.011732597949842306 -0.018368198978788147 0.999762449485163 126.19739238382265
0.9998138635669975 0.01432068047204484 0.012928894037885373 0.4066977053973322 -0.014554192134065228 0.999729314393267 0.01815140414864709 -0.6145460125097139 -0.012665454968943144 -0.01833619485613931 0.9997516542617778 127.54799902390437
0.9998145038735692 0.013407624724241419 0.013827270703872605 0.4264760496988789 -0.013674116233145003 0.9997190302110238 0.019361797869210943 -0.6120731979316949 -0.013563791069796327 -0.01954728175699471 0.9997169236030548 128.87017484337062
0.9998231590828226 0.011976505279647219 0.014498753635272256 0.4475236609180266 -0.012269457680234097 0.9997188928288108 0.020287823060770694 -0.6043079575055116 -0.014251701900845796 -0.020462126893656923 0.9996890468274109 130.2286552521793
0.9998265005285069 0.010728752017348665 0.015227038331891488 0.47301519010082094 -0.011053337688895397 0.9997100028965654 0.021394715897556097 -0.599737065583682 -0.0149930851852604 -0.021559313212195154 0.9996551422372129 131.56734388637867
0.9998477592362787 0.009127089681184239 0.014871266365030212 0.4986951704733372 -0.009443239844912934 0.9997279041583882 0.02132939049396853 -0.5910797411683316 -0.014672545920868944 -0.021466575917244872 0.9996618940946472 132.91028883156403
0.9998654181515261 0.007500070788111912 0.014590904880298492 0.5227879175336085 -0.007822702266627539 0.9997233478173632 0.022181821093753745 -0.5844141223369944 -0.01442050425114133 -0.02229297580655931 0.999647474000464 134.2527282152006
0.9998861942084016 0.005535709498827418 0.01403404922947365 0.5469134668172528 -0.005846721111628399 0.9997360560785498 0.02221787692613613 -0.5788818593847642 -0.013907354477813202 -0.022297401253145045 0.9996546460535446 135.58017561104867
0.9999027165843672 0.004883877030898999 0.013065416213111426 0.5683462898654269 -0.005174326566943592 0.9997381631399622 0.022289718074558124 -0.5721986595431305 -0.012953136046422993 -0.022355154062072682 0.9996661759503627 136.94730014609442
0.999921673066464 0.0032394767199780514 0.012089396758737249 0.5917783953079339 -0.003517311552168663 0.9997285497385435 0.023031617017882495 -0.5614315116222371 -0.012011505706407266 -0.023072334863320717 0.9996616382945929 138.28218548092914
0.9999398550388012 0.001800872022897357 0.010818648669244285 0.6139573656121501 -0.002057977659058239 0.9997145956727908 0.023801091411364855 -0.5518409102057072 -0.010772699161973437 -0.023821924088264754 0.9996581740103863 139.63039632890178
0.99995411784717 0.0007463959058620229 0.009550135583181879 0.631282687253047 -0.0009738044643160146 0.9997155600252936 0.023829619668263975 -0.5405048920005363 -0.009529633610093324 -0.023837825933596585 0.9996704177460909 140.95475492102298
0.9999647607061246 0.0005209393894143297 0.00837890001393887 0.6494261579673928 -0.0007242826699453271 0.9997048429115469 0.024283790885483204 -0.5326665744761784 -0.008363777239255476 -0.024289003482250226 0.999669991305544 142.28369493227078
0.9999745359026565 -0.0002838307589048656 0.007130707178601421 0.6588494652588818 0.00011544838325003431 0.9997214031383919 0.023603025306742534 -0.516579649169164 -0.007135420448215294 -0.023601600706526973 0.9996959788834116 143.65490924085125
0.9999795123319916 -0.0015847814032324496 0.006201885447967637 0.6704911520193064 0.001451124314301511 0.9997678695190934 0.02149654246072294 -0.5115575834025491 -0.006234513644730497 -0.02148710202843247 0.9997496863039328 144.98441008894102
0.9999698516031069 -0.0057292946712456634 0.005241284567969977 0.6866849460841845 0.005618961288479703 0.9997672660179738 0.020828852520246757 -0.5083675079461583 -0.005359399827578635 -0.02079877368630547 0.9997693173056553 146.32698212835666
0.9998736432343459 -0.015364970652821122 0.004076177017988347 0.7071585955958474 0.015264334015330594 0.9996033493247385 0.023667365165752092 -0.4967252458077748 -0.004438208948001044 -0.023602154161682407 0.9997115787041974 147.6679465497286
0.9997282980350578 -0.02316980889730265 0.0025475500539458105 0.7354682449887283 0.023099631738495996 0.9994257904119581 0.02478904097022421 -0.4837016663567633 -0.003120444837901681 -0.02472345790834521 0.9996894584950545 149.030097388876
0.9996586489198749 -0.026093982732940925 0.0012998608765606556 0.7501860941748828 0.026059282643036332 0.9994203764771145 0.021904907212625013 -0.47845396814626057 -0.0018706938831560297 -0.021863556185077786 0.9997592137071513 150.3693743848725
0.9997099715062102 -0.024021839666856233 0.0017099806424211855 0.7593304920447845 0.023983644700611182 0.9995191901871096 0.019651292855517855 -0.4702319360484211 -0.002181218864398673 -0.019604581563783027 0.9998054323946911 151.70212424901658
0.9997785420543398 -0.02089233867928868 0.0025252702345476405 0.7586168929139685 0.020845527288958617 0.9996325661852464 0.017326184620170104 -0.46350469314549875 -0.0028863271311407946 -0.017269706755085882 0.999846701413366 153.0387303208654
0.9997981728703426 -0.019748480840683917 0.0036893077339280613 0.7668163025066634 0.019682124009091383 0.9996577834046232 0.017231660623418653 -0.46836817655619023 -0.004028344655665912 -0.017155569142127316 0.9998447173786561 154.38732730014917
0.9997091192113507 -0.023722740828864906 0.004348387977205969 0.7783421153256121 0.023631389517616588 0.9995211256761715 0.019976907458176218 -0.46230997820516284 -0.004820213056164369 -0.019868337817065596 0.9997909854957809 155.73763852891346
0.9995298090730875 -0.030341820625006427 0.004419796946837765 0.8046354802975719 0.030226967517922695 0.9992530876786696 0.02407482741227663 -0.45002649853265214 -0.005146970282786189 -0.02392991023549014 0.9997003891505896 157.09498177144832
0.9994124286717889 -0.03397789740616372 0.004505528911431153 0.8255964730947198 0.03385293698626852 0.99910414809869 0.025394488570728995 -0.4411603663672524 -0.005364344413437375 -0.025227041738866134 0.9996673547471613 158.4476303621699
0.9993676261166808 -0.0353023528857499 0.0042534254754858225 0.8446567514450579 0.035179042978944725 0.999036811861495 0.02622753574609551 -0.4255726758003596 -0.005175222794692406 -0.02606131831534399 0.999646950042088 159.7887896120856
0.9994187949127665 -0.03368886506364488 0.005208899500022272 0.854987376325619 0.033540728517517174 0.9990911433445205 0.026304124404750377 -0.4160998677146714 -0.0060903219767369145 -0.026114125644883506 0.9996404155456156 161.1355137740627
0.9994882446619396 -0.03135155348506892 0.006350494396793187 0.8620134309483702 0.03118050570459751 0.9991897667591539 0.025447714851243565 -0.39321347729953404 -0.0071431750177144695 -0.025236679848809153 0.9996559833338173 162.48912959479588
0.9995953160831695 -0.0274347089528586 0.007519357245325187 0.8707642565573092 0.027245447312517917 0.9993355074713486 0.024212170631275377 -0.3828606841172645 -0.008178615237673416 -0.023997503750576653 0.9996785633609725 163.83006148760802
0.9996759171780458 -0.024088763697595286 0.008233590841750989 0.8779563725599759 0.023893007077776505 0.9994476050547941 0.023099979297332235 -0.36978446241794183 -0.00878549333481206 -0.022895767410233782 0.9996992542363158 165.18537872008923
0.999692447375968 -0.02325598326103123 0.008612191700661373 0.889472002800068 0.02304081437750347 0.9994393218147427 0.02429326988232132 -0.3556035738545642 -0.00917232768679762 -0.024087366159613103 0.9996677784014812 166.5457461213979
0.9997272654912258 -0.02180368961390926 0.008366223952852704 0.9135288537692312 0.02159121508674178 0.9994617667690705 0.024698102566911465 -0.3461376645738602 -0.008900231488638076 -0.024510729241920454 0.9996599471862548 167.92203779094726
0.9997925714839132 -0.01884287637828356 0.007730457839391722 0.9267063487268419 0.01865551662718421 0.9995466397899961 0.02363232200257232 -0.334380318839362 -0.008172254770530747 -0.023483203956514872 0.9996908288873816 169.2736094931917
0.9998442924797052 -0.016004187843801358 0.007433487757641956 0.9260776772612329 0.015852097738301676 0.9996725502194903 0.02008739355822076 -0.32313773745100527 -0.007752536738449809 -0.019966429133196077 0.9997705936182342 170.65218754889125
0.999925211179668 -0.009828437896610727 0.0072783133118479665 0.9312245449080998 0.009691195512287655 0.9997789633564503 0.018657577203935072 -0.31744620793570066 -0.007460080005010856 -0.01858564599735091 0.9997994403642401 172.02290643872095
0.9999531645016593 -0.006356044972266274 0.0072985950567834995 0.9399692789937059 0.006210071557340305 0.9997836485026077 0.019851730952411526 -0.3069750460791274 -0.00742319511345779 -0.019805476101056 0.9997762946142519 173.37967104243776
0.9999678468286871 -0.0019480799301321962 0.007778836092524215 0.9518684410480278 0.001767581210943614 0.9997305865754517 0.023143680493826358 -0.30031612111328826 -0.00782182676487725 -0.023129186291235924 0.9997018854365346 174.78603873515988
0.9999642137808551 -0.0024067988812352353 0.008110392952223395 0.9591044264226063 0.002206938425000216 0.9996958719056799 0.024562026470457115 -0.28347707508286546 -0.008167042896519386 -0.024543247994632436 0.9996654082063349 176.14564343973797
0.9999645282265771 -0.0044431407158352625 0.00715547243087538 0.977186935825227 0.004252409379619411 0.9996409994198419 0.026453531413420637 -0.26750138110745714 -0.007270440985090233 -0.02642216467814106 0.9996244344123447 177.54371949587176
0.9999542835707649 -0.007826761194704473 0.005492956511971964 0.9915249796284107 0.007678951981493244 0.9996210928747494 0.026433017445003988 -0.24965502114675162 -0.005697760586787985 -0.02638962848881845 0.9996354950701102 178.92612588316416
0.9999604712658153 -0.007921909076227439 0.0040372337630452376 1.0053235689462803 0.00782257303638503 0.9996800559822359 0.024053961297611573 -0.24134036193643393 -0.004226495725380423 -0.02402142856954825 0.9997025095885663 180.27343699684835
0.999973466501653 -0.006992566881081843 0.0020421304358213994 1.0065239675187707 0.0069521643268429184 0.9997921902227296 0.0191636062533054 -0.22727988573648245 -0.002175709044282709 -0.01914890027072838 0.9998142756978011 181.68943285282435
0.9999954336572461 -0.0025156039636847114 0.0016746346308110435 1.0087326149956801 0.0024851775743457588 0.9998361600370572 0.01792977949895368 -0.21861489455795602 -0.0017194646280261775 -0.017925535600903795 0.9998378461515229 183.10102291751443
0.9999977281845059 0.0016005777111157055 0.0014077559968317596 1.0039681533667504 -0.0016268050707462364 0.999821357708666 0.018830990247952546 -0.21339590161473426 -0.0013773641636026408 -0.018833237339563005 0.9998216901129353 184.44788515410616
0.9999900161745661 0.004198566474858275 0.0015295716439061849 1.0058508673341404 -0.004231432327123091 0.9997455363480593 0.022157562078873292 -0.20333880661442585 -0.0014361525450096732 -0.022163812820359393 0.9997533209966236 185.89002602717454
0.9999924428849997 0.003498882462867387 0.0016946957300914755 1.0127729131808363 -0.0035407982175662167 0.9996711894582718 0.025396372649917866 -0.19010858893415467 -0.001605279706609404 -0.025402180935011415 0.999676023646104 187.24664874112707
0.9999944192645416 0.0029435073552241077 0.0015802543388701643 1.0171095680746352 -0.0029841395221589634 0.9996481369346244 0.026357110315950068 -0.17337585058856778 -0.0015021160824452724 -0.026361678542096093 0.9996513419799942 188.6824984519871
0.9999978387456787 0.0013126036992624243 0.0016123199865859276 1.0270481029271261 -0.0013551389694177072 0.9996433780101461 0.026669841176558427 -0.15479690494610443 -0.0015767381972597253 -0.0266719680678633 0.9996429962672975 190.10673284999496
0.9999972332440907 -0.0017942754477869168 0.0015212099988452764 1.038473629971017 0.0017514492603702193 0.9996147038904963 0.027701556321800155 -0.136968629622712 -0.0015703282371269276 -0.02769881495472274 0.9996150807625934 191.5168271073822
0.9999904206219661 -0.0039741223165425926 0.0018343977195120547 1.0463341111108178 0.003921521577856625 0.9996047272245903 0.02783901958497789 -0.12233729303001872 -0.001944308465336165 -0.027831558870392636 0.9996107362187908 192.91918581465134
0.9999741196600187 -0.006777750624204353 0.0024129033501694534 1.0571933098102377 0.0067050330419012065 0.9995578730471864 0.028967240093740135 -0.10242522435849521 -0.0026081694910855867 -0.028950311394423403 0.9995774491697905 194.33843996034736
0.9999351215806696 -0.011045845871781196 0.0027824282312198636 1.0685630483027626 0.010955651424059427 0.9994723721653963 0.030576968902574365 -0.08064056481643611 -0.0031187088955354604 -0.030544501358815465 0.9995285423917688 195.7746008888909
0.9998872245818645 -0.014761860159937329 0.002761445564394744 1.0826026109923417 0.01466810628553303 0.9994008969928035 0.031347947395733995 -0.06356198657906917 -0.0032225454650033096 -0.031303906484547096 0.9995047176489824 197.18835115109917
0.9999111375528225 -0.01297083303636707 0.0030780630305711773 1.0888085086993025 0.012881909688908847 0.999543267050811 0.027337039762189704 -0.04312243666022195 -0.00343124164824559 -0.02729495879810726 0.9996215342689966 198.6275028184014
0.9999782177191872 -0.005177097821889898 0.004094110751061852 1.0932117004650577 0.005085506291519642 0.9997433999541713 0.02207423609687844 -0.027392404618222503 -0.004207341035887803 -0.022052934323290006 0.9997479514088397 200.0364378503603
0.999980123113753 0.0032654422655958057 0.005393538989638055 1.097723389763758 -0.0033847577030152324 0.999746420950011 0.022262911694976534 -0.005957871975295834 -0.005319473492668139 -0.022280724678202166 0.9997376018169732 201.45934248160452
0.9999211072502988 0.010956321706597516 0.006143148823537401 1.088128057263327 -0.01111123851055334 0.9996059465940483 0.025777741419013192 0.009942365678393655 -0.005858299353657268 -0.025843965361710963 0.9996488232151869 202.90153590200032
0.9999017638554085 0.012213645581244909 0.006876735021998876 1.0930608659583234 -0.012406702083674339 0.9995091084140842 0.02876831570048745 0.026142833514320007 -0.006521993820528122 -0.028850806799300677 0.9995624515316573 204.34431055638638
0.9999184061046867 0.010671032548145585 0.007022121109261811 1.1156557961340223 -0.010871765171477442 0.999514552772319 0.029196978664433423 0.049118950975051784 -0.00670715088828796 -0.029270938799048747 0.9995490114229548 205.79242448035765
0.9999586936975943 0.007404134039214063 0.005271592936217958 1.125267004299169 -0.007555172693766698 0.999544088258278 0.029232431173383738 0.06849802900768635 -0.005052749136925669 -0.029271051062248574 0.9995587402762804 207.2492332753888
0.99997822589147 0.005248766105572758 0.003999774347857679 1.1405802014830717 -0.0053638649666103225 0.9995553773529257 0.029330472101164955 0.08682444735652058 -0.003844047489858711 -0.029351287281706752 0.9995617665757726 208.67724126173775
0.9999814692323413 0.004987807845057883 0.003490410108756637 1.148166643941096 -0.005086479552318928 0.9995706436858262 0.02885578005276391 0.11245702249027933 -0.0033449846714002688 -0.028872998815457664 0.9995774912351046 210.14530311569425
0.9999728909141311 0.006288684838240314 0.0038301274424815024 1.1558611900347686 -0.006397564199371861 0.9995557080898907 0.02911112560998843 0.12633888991122783 -0.0036453553566683844 -0.029134839499449568 0.9995688432910623 211.59944871050902
0.9999631091894671 0.00791108489697799 0.003345891527253944 1.1612889747940545 -0.008009879070610511 0.9994989032014804 0.030623265306119217 0.15525111715436674 -0.003101951917053502 -0.03064893533319953 0.999525397686984 213.07335580740846
0.9999744449817317 0.006436138567726928 0.003112153619401639 1.1692846427229822 -0.006527037390148295 0.9995244559496811 0.0301373485931374 0.1753612536400262 -0.002916705743662107 -0.030156891140166835 0.9995409219782883 214.5380550507123
0.9999761259138662 0.006256709920038183 0.0029327768159477215 1.1764291365004416 -0.006339693578908696 0.9995536084877905 0.029195754511064365 0.19622205690461347 -0.0027487985104048427 -0.02921364997356669 0.999569410660552 215.99702810530277
0.9999778992664418 0.00618912059210554 0.002428118955360526 1.1910889987536355 -0.0062565750306863436 0.9995646624294118 0.028832983329932685 0.21623258529889822 -0.0022486112792393653 -0.028847537391679032 0.9995812939929481 217.47379936701557
0.9999793682693104 0.006091989335855203 0.002037326297718297 1.1931619496930324 -0.006147668844577925 0.9995736926025789 0.028541886070905142 0.24203122369458224 -0.0018625810587304904 -0.02855382159744112 0.9995905211792067 218.9244878384918
0.9999761684248226 0.006680014415523038 0.0017435555226417545 1.2012373737100805 -0.006727626013518362 0.9995596063070361 0.02890211972660545 0.26058136675319615 -0.0015497212228183033 -0.02891316051560105 0.9995807258445631 220.42455217569963
0.9999789568821165 0.006148334788369779 0.002069726798223491 1.2106464282615659 -0.00620516766890345 0.999569543025675 0.02867445877047027 0.27860560604415674 -0.001892535853833836 -0.028686697957988352 0.9995866603929041 221.8949678968502
0.9999683780116813 0.007894436338363965 0.0009596070857417005 1.2121610123968507 -0.00791920031376787 0.999537949129943 0.029345775761348416 0.2989316333052827 -0.0007274953980635915 -0.02935244668671952 0.9995688593539919 223.36629550925167
