1.0 -6.776263578034403e-21 8.673617379884035e-19 -8.673617379884035e-19 0.0 1.0 -1.828002979293187e-19 0.0 0.0 1.0683203047244863e-19 1.0000000000000002 5.551115123125783e-17
0.9999998898051328 -0.00039915019441726026 -0.0002471208778065835 0.0011474732449362982 0.0003994643023655687 0.9999991110079692 0.0012721684210565418 -0.018632589752589197 0.00024661289235657774 -0.0012722669783358064 0.9999991602586396 1.2779304892133463
0.9999993885761538 -0.0010851622880763765 0.00021276769207351567 0.022721083988691455 0.0010847919062208391 0.9999979086940588 0.0017337345324052033 -0.03126268394108332 -0.00021464864880742316 -0.0017335026383714495 0.9999984744454349 2.599272511523165
0.9999979576500813 -0.0019236361954042185 -0.0006199345288214544 0.015819288426356794 0.0019247612439689033 0.9999964932225561 0.001819021290983439 -0.05075178807501951 0.0006164332705913727 -0.0018202107751249556 0.999998153419134 3.9162596145359276
0.9999966822272615 -0.0025747407174872166 -7.901915632489015e-05 0.02385006610946135 0.0025748763116259002 0.9999951303445835 0.001763321030500528 -0.06601603156804825 7.44786823910085e-05 -0.001763518618714385 0.9999984422256518 5.233548324147275
0.9999952143736235 -0.0030658487350279026 -0.0004144879844824633 0.025105617624868792 0.0030668622848111704 0.9999922554551214 0.002466452570445432 -0.07768819156041615 0.00040692303695212626 -0.0024677119081562707 0.9999968724000583 6.552504342716683
0.9999907445720447 -0.004298180463063241 -0.00019082208205379626 0.03417122848546699 0.004298930638440574 0.9999822728605554 0.0041198501205482576 -0.09811215835633325 0.00017311085298701758 -0.004120632259951705 0.9999914951734772 7.879281129549869
0.9999911926935994 -0.004195306358728325 -0.00011805937849291952 0.04031979859810057 0.004195845775526195 0.9999786392206177 0.005011585217563369 -0.11145061546701779 9.703172794863716e-05 -0.005012036364535763 0.9999874349572662 9.213717190863438
0.9999937314870556 -0.003471277496533882 -0.0006980097749546346 0.04428453788761516 0.0034738186604736407 0.9999872228003907 0.003672441134501079 -0.12549068209636421 0.0006852528502247508 -0.003674842819240308 0.9999930129537234 10.536297027885015
0.9999975519418103 0.00012934455656625637 0.0022089320540695477 0.052738877332182015 -0.00013759024966022063 0.9999930223540657 0.0037331374176522874 -0.14110800665900036 -0.0022084339648245797 -0.0037334321521819208 0.9999905921059791 11.833932252584772
0.9999966679946681 0.002579150306870529 0.00010946525574425953 0.044764522755628394 -0.0025792604950298325 0.9999961572455988 0.0010163221590640853 -0.15519064650049832 -0.00010684359551201873 -0.001016601097858985 0.9999994775527993 13.20482044618796
0.9999878639646358 0.004924899028327749 -0.00013149359581813257 0.04089751955595286 -0.004924832160209883 0.9999877440561361 0.0005077090368194175 -0.1720104606915046 0.00013399241296833866 -0.0005070552849628893 0.9999998624703196 14.545330096120212
0.9999827402804232 0.005801601862516643 0.0009276605332510417 0.04329337861484735 -0.005803190853664723 0.9999816840762564 0.0017188637269589147 -0.18806390662207761 -0.0009176714540658779 -0.0017242174271229315 0.9999980924740829 15.887235157211764
0.9999921995585916 0.003898151672130849 0.0006365801046187254 0.05501268250844328 -0.003900753897706602 0.999983828548803 0.004138449541653808 -0.20324711211117147 -0.0006204375567576709 -0.004140900343026635 0.999991233960662 17.24801614067211
0.9999990953974329 -0.00040168627325518004 0.0012836871884965807 0.06323098451577475 0.00039349345473615804 0.9999795945511943 0.006376178267362484 -0.21987646462171356 -0.0012862223254310095 -0.006375667284532895 0.9999788480229448 18.595063984083765
0.9999973278746741 -0.0022495742716289215 0.0005325962776234882 0.07396134310905762 0.0022467487019362077 0.9999837044686063 0.005248135113170777 -0.23890678025046216 -0.0005443937148049156 -0.0052469244030728295 0.9999860866109351 19.94944319218177
0.9999941895126794 -0.0032887757088298484 0.0008971590916676542 0.08475918956148501 0.0032863449025881336 0.9999909604448444 0.002697956425910164 -0.24483426636970707 -0.0009060240323584432 -0.002694992335589426 0.9999959580590552 21.303323268795854
0.999998339229331 -0.0014370060213588667 0.0011209604816638562 0.0856987934423926 0.0014348049558582598 0.9999970459057413 0.001962018397201202 -0.27115099015253463 -0.0011237766971195747 -0.0019604067504125143 0.9999974469615005 22.649457145850473
0.9999974413031768 0.0013878130310166054 0.0017864384478045716 0.08618241901542618 -0.0013937283630186383 0.9999935368067436 0.0033141920147620905 -0.27336380988799236 -0.0017818275715693836 -0.003316673296917051 0.9999929123577772 24.010525530019557
0.9999944471231064 0.001538360938589089 0.00295620851097531 0.09104554010315506 -0.0015616003771261968 0.9999677722335701 0.00787501779439807 -0.28744436339246954 -0.0029439988652130086 -0.007879590367899168 0.9999646218338735 25.37433493923048
0.9999955747523575 -0.00015279385947704083 0.002971048661708887 0.10849029996646327 0.0001242569889564544 0.9999538843251498 0.009602801229532212 -0.2894352644578271 -0.0029723791478395755 -0.009602389422099109 0.9999494782592612 26.759360097387333
0.9999873689307515 -0.0037359489946507795 0.0033622407771629445 0.10691824376180453 0.003702924029328348 0.9999453613474556 0.009775616761910008 -0.3037645628631272 -0.0033985785604272014 -0.00976304302112851 0.9999465648953542 28.144583511319397
0.9999812468765717 -0.00524535495907732 0.003161035306667738 0.11970915553017347 0.005226061429318718 0.9999678521008504 0.0060813694449877295 -0.3083792622213607 -0.0031928328966643726 -0.0060647355467663006 0.999976512121952 29.524915273328077
0.999982235661964 -0.00454394797687925 0.0038575763761222897 0.13592255616905435 0.004527272111727577 0.99998041712907 0.004320783606740018 -0.3310438864785631 -0.003877134575954265 -0.00430324248972551 0.9999832248232775 30.896635178567017
0.9999888777551569 -0.002325998674835562 0.004102937459064791 0.13075434668120467 0.0023128867420885687 0.9999922127536823 0.0031976538078045194 -0.3363810315939536 -0.004110343592063505 -0.003188128566439132 0.9999864703630699 32.282062969649516
0.9999888287992195 -0.0002430219910814117 0.004720510251721358 0.14097614277645631 0.00023606756658734425 0.9999988861776072 0.0014737424267099411 -0.3567577198440498 -0.0047208635411819175 -0.001472611582496457 0.9999877723559936 33.64787499063254
0.999988430875476 0.0003525725443670408 0.004797270862416983 0.15658946163875626 -0.000360079979478951 0.999998711875632 0.001564158129018656 -0.3718691388629095 -0.004796713605314916 -0.0015658674116644756 0.9999872697173435 35.05282784212001
0.9999903966226891 0.00011741448273132853 0.004380967510499359 0.16040997272929464 -0.00013122076954625813 0.9999950261362371 0.003151267411100448 -0.3929399856424956 -0.004380576082552384 -0.003151811976595833 0.9999854382099557 36.433616626684945
0.999990629417432 0.0013876186307880943 0.004100681877483255 0.17683538615737115 -0.0014101353296501517 0.9999839182782511 0.005493150989095251 -0.4146659452732387 -0.004092993875084195 -0.005498881952092392 0.9999765045709113 37.84456405674946
0.9999860932597813 0.003543910314915419 0.0039056351251942163 0.1756261627332572 -0.003565480076426027 0.9999783552959485 0.005529583806939362 -0.4182220336389556 -0.0038859545639558083 -0.005543432293080575 0.9999770845928841 39.23614664468439
0.9999744787631429 0.005643564792140675 0.004380867014037112 0.1705441701390671 -0.005666783666351063 0.9999698678825155 0.005305741913708288 -0.42681327091944654 -0.004350792073321676 -0.005330431854143196 0.9999763282699519 40.65041284084359
0.9999558017114497 0.00809750498336401 0.004777554832588354 0.18375805954592372 -0.008125781710908176 0.9999494076236065 0.0059290704171071264 -0.4398886602559762 -0.0047293028406485684 -0.005967629645157103 0.9999710101229495 42.039579771492384
0.9999508503710929 0.00912052635948612 0.0038875227514733055 0.19197842055785447 -0.00914376919039198 0.9999401738396836 0.006003352352906289 -0.4502525349479837 -0.0038325367602266304 -0.006038603815427894 0.99997442313333 43.45352783458811
0.9999535165137783 0.00883844706792529 0.0038531360930373986 0.20256221104605948 -0.008864518266219243 0.9999375728409298 0.0068022606638172105 -0.4697197134618566 -0.0037927744463418676 -0.0068361005690025485 0.9999694408256556 44.86562442416058
0.9999717526877349 0.0070129219553033174 0.002704209289605331 0.21357847778253997 -0.0070298351523824 0.9999554686850017 0.0062961952488093855 -0.47558764079500493 -0.0026599343619625668 -0.006315027453632501 0.9999765223103562 46.25033497345223
0.9999662437350072 0.007953843676421376 0.002061008371005847 0.22081160979539488 -0.007968567786253735 0.9999420634678294 0.007236825774731363 -0.49602878230370334 -0.002003328547324052 -0.007253004667923397 0.9999716898950819 47.68773811606299
0.9999732413568955 0.007234792694551392 0.0010836697056420307 0.21890151238639102 -0.007242825646183341 0.9999448799206418 0.0076012241491254014 -0.4984164413157533 -0.001028616776289749 -0.007608869472613841 0.9999705230886975 49.09273894148705
0.9999700594727218 0.007737251939602664 0.00012281980284002594 0.2217896431986321 -0.007737992848443514 0.9999373749474975 0.008085150733361956 -0.5136988325069356 -6.025526532469402e-05 -0.00808585892282673 0.9999673070896008 50.53386340393666
0.9999693684089581 0.007800298045853821 -0.0006462104241181195 0.2259803125047344 -0.007794575635435791 0.999934084774299 0.008430344610916397 -0.5187360045569163 0.0007119270920210603 -0.008425049319505626 0.9999642552096761 51.93950573213785
0.9999594136141108 0.008697310334238472 -0.002351150493962441 0.2304407189015174 -0.008673446617831586 0.9999126151934011 0.00997663855234792 -0.5309532789464352 0.0024377151679748563 -0.009955840915833765 0.9999474680048467 53.37604725454881
0.9999738605938178 0.006715359305379412 -0.002679938880954741 0.22653743517565542 -0.006685415680811218 0.9999168158415419 0.011030259675476065 -0.5367798059946693 0.0027537883424628914 -0.011012054687431994 0.999935573571315 54.82246093966666
0.9999843097976376 0.004526059573644144 -0.003300748257244652 0.23031410202365213 -0.00448959413103745 0.9999297188738331 0.010972732977488499 -0.5428104429211017 0.0033501798022572806 -0.010957741635263158 0.999934349938139 56.242833388413445
0.9999893602704186 0.0014910379272261999 -0.0043653348489935614 0.239002413198707 -0.0014452556355851749 0.9999441209743147 0.010472161874916485 -0.5440792862753016 0.004380705676261919 -0.010465741277875303 0.9999356367644449 57.67458096495005
0.9999904830800028 0.0012947064480305736 -0.00416623107806081 0.23427543037524462 -0.0012475390699838867 0.9999353279934411 0.011304135836300345 -0.5574889266215963 0.004180597527653778 -0.011298830556316653 0.9999274268793332 59.1110320573458
0.9999930108802133 0.0009043192824051791 -0.00362772583961041 0.2368088714928505 -0.0008606660385953761 0.9999274250706368 0.012016815565476 -0.5712975998642881 0.0036383299006985453 -0.012013609144273641 0.9999212147677923 60.5246792256823
0.9999939385229089 -0.0011396150858787395 -0.003290014071309668 0.24450664914762005 0.0011825743419716307 0.9999136864341976 0.013085152329372152 -0.5782361814934879 0.0032748183352969557 -0.013088963510463628 0.9999089731517644 61.95304042016406
0.9999923790024268 -0.0028178862369776804 -0.002702119869648912 0.24273161531202894 0.0028520025709852263 0.9999152076799569 0.012706043598364348 -0.5842846147385942 0.0026660867875062493 -0.01271365303377714 0.9999156239393259 63.377664267353474
0.9999914622760666 -0.003412908690474951 -0.0023296838305103653 0.2390654095087095 0.0034402800198865954 0.9999238955488975 0.011847683123198692 -0.5896704881783931 0.002289071660977351 -0.011855596563321 0.9999270998287163 64.8007450687578
0.9999908870260055 -0.0039525020368399106 -0.0016135644456966537 0.24147524490653352 0.003971550637633418 0.9999203780890215 0.0119776575361381 -0.6009668310343265 0.0015660943845345852 -0.011983956562629685 0.9999269633946485 66.24184911006832
0.9999970999947038 -0.00219115234451046 -0.0009994261582769127 0.24561944395264748 0.00220286107273006 0.9999271394450214 0.011868581019122667 -0.6091589389803724 0.0009733475511270098 -0.011870748024806834 0.9999290664471151 67.63665713557256
0.9999999105752124 0.0003429499457165817 -0.00024745664032218943 0.23752694035611482 -0.0003396508657565494 0.9999126710023907 0.013211170203441123 -0.6132310558912559 0.0002519658214981506 -0.01321108478190605 0.9999126980593024 69.06573145087488
0.9999910646036063 0.00422121434617016 0.00022816818500026852 0.23531155399620418 -0.004224120657280608 0.9998823300259191 0.014747302195473974 -0.6177502442492907 -0.00016588982525587038 -0.01474813401964832 0.9998912265890431 70.45749060706216
0.9999691083300399 0.007769016536082736 0.0011936339897063806 0.241040075412699 -0.007786611771740638 0.9998492376724654 0.015520007197606104 -0.6284642806731595 -0.001072878929187105 -0.015528821899737096 0.9998788449638721 71.88102091975442
0.9999185574903801 0.012637612034589926 0.0017802059326800746 0.23776094728677188 -0.012663561839779049 0.9998010795627 0.015408943407645238 -0.6284764376234323 -0.0015851196929111636 -0.015430231991490167 0.9998796904234807 73.27172140827207
0.999870871022318 0.015878237972377314 0.0024744323913474297 0.231454516493441 -0.015913249546530752 0.999763284180774 0.014837254851976506 -0.6356397627781057 -0.0022382573724093737 -0.01487471498016393 0.999886860121633 74.67689606211238
0.999844664315057 0.01726129129177783 0.003563009224084809 0.23382164497906072 -0.01731148817412501 0.9997439269815449 0.014573705210881758 -0.6344931665495401 -0.003310536133758507 -0.01463312217781598 0.9998874497021648 76.09152979951541
0.9998414832413329 0.017430378061065094 0.003631842632920036 0.2388859108669979 -0.017484462331029627 0.9997280144434216 0.015433429898717172 -0.6387476429105169 -0.0033618445815492668 -0.015494484036067164 0.9998743015752257 77.4828909369793
0.9998730711442415 0.015552542225850846 0.003458324377541705 0.25147586120343435 -0.015605266644635692 0.9997537017747005 0.01578009757471108 -0.6426549220916952 -0.0032120522279432697 -0.01583206247271998 0.9998695057371264 78.8594347618194
0.999876908296131 0.015293339243937817 0.0035045696342891116 0.25761961133133116 -0.015344735583686209 0.9997676303850638 0.015140157241744827 -0.6506679416963773 -0.0032722119864357726 -0.015192070091268557 0.9998792395186898 80.26256791008477
0.9998791491765138 0.015165732179409043 0.00341871134959288 0.2692659796826452 -0.015214982501469914 0.9997736385735095 0.014871985660070077 -0.6597181006826155 -0.0031923931956274465 -0.014922203788504791 0.9998835614437777 81.64780077342269
0.9998826952061559 0.015004671893522812 0.0030750003165720945 0.27575528560958773 -0.0150497488933455 0.9997711898864353 0.015201084425217948 -0.6582780766823542 -0.002846209674151244 -0.015245579029827594 0.9998797284652972 83.04340601695709
0.9998891636305365 0.014702217299898606 0.002346324768846871 0.2803285698147285 -0.014736063829653175 0.9997770024246492 0.015125934053245874 -0.6634420791641604 -0.0021234169473543394 -0.015158832924461392 0.999882843572294 84.42385133101608
0.9998925219923102 0.014571733221526459 0.001615250547991832 0.2856768440311135 -0.014594961020580298 0.9997741877185925 0.015445410962172307 -0.6613578156062851 -0.0013898195077132 -0.01546732521773984 0.9998794078474845 85.80893610599269
0.9999057688977134 0.013717982764292987 0.0005198611717874297 0.28876950282685016 -0.013724684909290349 0.9997702526611686 0.016464353983552258 -0.6665364341728579 -0.00029388403059823695 -0.01646993722420475 0.9998643181873172 87.17731810804142
0.9999229779790247 0.012387111809063949 -0.0007730169134163058 0.29274352828557293 -0.012371364064520518 0.9997644624553237 0.017831685139710157 -0.671235857253209 0.0009937180041208584 -0.01782074817790199 0.9998407040334116 88.554274651218
0.9999496477012696 0.00992275217669232 -0.001497010650260794 0.30072288588380686 -0.009893719593387133 0.9997837083091433 0.018293467132078804 -0.6738950799034291 0.0016782085441730508 -0.01827773474755134 0.9998315398163601 89.94174635322719
0.9999632755343394 0.008120065310774062 -0.002740823560681456 0.30179521101795415 -0.008068165997453502 0.9997973473139034 0.018443671705606856 -0.6705268572047329 0.00289003218915 -0.018420880686942084 0.9998261443132959 91.30754264802168
0.9999711681789316 0.006835751506969442 -0.0033068573277493874 0.30111303186595617 -0.006774528938458533 0.9998117087185013 0.01818386343207745 -0.6707006771278048 0.003430535336911727 -0.01816093649581897 0.9998291913109183 92.66296132488078
0.9999760377708731 0.006023333275626851 -0.0034122330566918775 0.3000602268712507 -0.005960946965985553 0.9998200811219541 0.01800756834197494 -0.6715036647599104 0.003520085014072149 -0.017986796440876692 0.9998320279627667 94.01357181653391
0.9999753878818943 0.0060595691070236685 -0.003536275815752143 0.2958477791727534 -0.005996523277098063 0.9998275701260632 0.01757474736497197 -0.6697288821605534 0.00364216175950956 -0.01755310919992583 0.9998392985878468 95.37073997810234
0.999974720138568 0.006224379886627722 -0.0034374660244858805 0.29661592580051105 -0.006163722186209041 0.9998298960607266 0.017383540850935093 -0.671116005098026 0.003545083359089293 -0.017361913561587294 0.9998429858368257 96.72777976225426
0.9999697801135341 0.0070754303079854025 -0.003221356637775334 0.2915186130668088 -0.00702069121864879 0.9998359255835344 0.01669825823600446 -0.6741184731140164 0.0033389757401110724 -0.01667513722614223 0.9998553850561436 98.08835306168707
0.999968403850327 0.007399650861702482 -0.0029045586445973744 0.2929180792304192 -0.007349445646823076 0.9998296459901533 0.01693117448429975 -0.6712646717098599 0.0030293488775670037 -0.0169092923850253 0.9998524385438693 99.43884303108057
0.9999561000284323 0.008974313231132743 -0.002694384598956559 0.2907799080829614 -0.008923108615716494 0.999789959930247 0.018450316561014327 -0.6803660032581087 0.0028593978329064526 -0.018425464041090345 0.9998261479390302 100.79318704814133
0.9999553108067387 0.009066681224391365 -0.002677997616389199 0.28299592022758746 -0.009011975874705975 0.9997637671625992 0.01977862956357163 -0.6742562177724625 0.0028566917571698257 -0.019753611338320997 0.9998007972257815 102.12214530082986
0.999963874763841 0.008156860920320105 -0.0023905604465260634 0.2872305549542569 -0.008108910207370637 0.9997784290156819 0.01942520208260252 -0.6762145156189225 0.0025484796557437538 -0.01940511522311649 0.9998084550236704 103.47291287471438
0.9999561589942572 0.00899000649384817 -0.002619134043488701 0.281078247531286 -0.008944417923914054 0.9998167214010096 0.016926931765829364 -0.673308760630152 0.002770827474007819 -0.01690276279956621 0.9998532987945475 104.81470830010079
0.9999576222073028 0.008868625671014296 -0.002470072672055559 0.28237578960024856 -0.008827260013603502 0.9998284628583646 0.016282639897348374 -0.6721407898303802 0.002614053823106746 -0.016260145667498338 0.9998643779891381 106.14188366828691
0.9999741235503378 0.0067404126381675885 -0.002513774296782039 0.2798963761366121 -0.006696944375093095 0.9998344632330805 0.016917360552705814 -0.6752217988153183 0.002627388388007165 -0.016900087941381613 0.9998537312243241 107.48850027501562
0.9999896643468138 0.004207022663817877 -0.0017239945438706356 0.28432778513842477 -0.004172062350514709 0.9997951750486672 0.01980408712053157 -0.6711940556905248 0.001806957822920171 -0.01979668953372952 0.9998023934598615 108.81644950200523
0.9999974586076853 0.001982187448492238 -0.0010741090201433238 0.290343914781621 -0.0019602247172888277 0.9997965210470132 0.020076703960339472 -0.675597345167257 0.0011136863461031696 -0.02007454715215696 0.9997978656907089 110.1544480015877
0.9999990453852704 0.0013816573725813895 -1.5851125678673084e-05 0.2967280073517971 -0.0013810933099782448 0.9998123671603418 0.019321570171973713 -0.6692748586537427 4.254394539433392e-05 -0.019321529555872522 0.9998133209086694 111.50607104116091
0.9999950872428598 0.003035917874764187 0.000780187252013842 0.2974457040078464 -0.003048614589403556 0.9998538334515907 0.01682312985963832 -0.6681468404297645 -0.000728999634067356 -0.016825425458833917 0.9998581767437255 112.8215078935767
0.9999809760638304 0.006006963898392116 0.0014013893063575403 0.2979533271923256 -0.006027487473941408 0.9998673441418504 0.01513154093786682 -0.6708444096186015 -0.001310308891308511 -0.015139699714781765 0.9998845296176152 114.14963568070932
0.9999604424061972 0.008432797585728164 0.00282869954792971 0.29913053617404184 -0.008473717235757837 0.9998548668833148 0.01477976003550119 -0.6655181658816764 -0.0027036545086078214 -0.014803144771104117 0.9998867721612194 115.4613537174453
0.9999397771129874 0.010013228034393884 0.004491926289236749 0.3038252170719056 -0.010088986988930244 0.9998016430680676 0.017172270858148462 -0.6687803621505402 -0.004319085778669652 -0.017216555432890874 0.9998424554400254 116.8214805500001
0.9999432772370503 0.009297585511856513 0.0051958833096273326 0.31064255805571905 -0.009398101487543756 0.9997624004131832 0.019667700343047434 -0.6616410245716465 -0.005011787060529299 -0.01971541589166109 0.9997930707636975 118.12632473366651
0.9999398103925633 0.009076965622760233 0.006163138674161878 0.3250875824653361 -0.00920186637146106 0.9997464977053961 0.020549112149772533 -0.6654419404480312 -0.0059750532169410625 -0.020604587388625847 0.9997698483638033 119.48549847681701
0.9999301905122957 0.00951706300029211 0.007002828260433093 0.3345075812436783 -0.009656944833036134 0.999748918551933 0.0202198738920673 -0.6541318340580096 -0.006808636733267942 -0.02028608798725229 0.9997710323272906 120.82673102738866
0.9999042466752449 0.010589231168853389 0.008908740085855375 0.34609212499815634 -0.010766893485131627 0.9997392626569723 0.020136552295834383 -0.6465263484560656 -0.008693187361644943 -0.020230543318643747 0.9997575474049116 122.1412886499161
0.999866316512944 0.012979770307459578 0.009943573035511251 0.355021677759193 -0.013174994879603847 0.999716637047769 0.01982587089279043 -0.6396685018563145 -0.009683420951242985 -0.01995422673857154 0.9997539998309591 123.50774312612067
0.9998516386209468 0.01336898768090596 0.010861440616489986 0.3718915660661548 -0.013572616778243677 0.9997293349623932 0.018895526617104585 -0.6403854623409609 -0.010605887625074653 -0.019040141148688322 0.9997624658683464 124.82175214535147
0.999812444812905 0.015134405004948002 0.01208407846984462 0.38938858799863446 -0.015351340831830321 0.9997189418116782 0.0180658173994005 -0.6348369317238955 -0.011807267726730786 -0.018247935607501854 0.9997637727303942 126.16556599575507
0.9998151281891503 0.014218958880341293 0.01294336214909983 0.4044347371574325 -0.014452453372001333 0.9997312067002594 0.01812845772066576 -0.6306085006251082 -0.01268211632213239 -0.018312169355330706 0.9997518834039205 127.51692212408783
0.9998138308808335 0.013426840974905617 0.013857254148429907 0.4243742457597526 -0.013692606615063113 0.9997206386571019 0.019265440680260957 -0.6283803823488296 -0.01359471009263173 -0.019451595700845464 0.9997183699787642 128.83648817324055
0.9998215682104752 0.01201596111000494 0.01457560954280686 0.4463216223396388 -0.012308565479035263 0.9997211172989866 0.020154078431188594 -0.6206974825023276 -0.014329375230495597 -0.020329886855265156 0.9996906344950243 130.1985349961517
0.9998251530276961 0.010789557690843325 0.015272484835316059 0.4714478240448363 -0.011113663219234739 0.9997113967310172 0.021298116579256333 -0.6162297172949502 -0.015038281144217501 -0.0214641256122835 0.999656511709401 131.53587142451045
0.9998461381486186 0.00926778897385426 0.014893223146327085 0.496957017093884 -0.009583298646090989 0.9997281583822953 0.02125487603591161 -0.6081109335162602 -0.014692190069742036 -0.0213943316185135 0.9996631543254944 132.87715315771257
0.9998639467977825 0.007604247784486336 0.014637735197836916 0.520545385630995 -0.00792719773825014 0.99972361372079 0.022132684746804944 -0.6017292314350224 -0.014465388318377174 -0.022245709424841175 0.9996478784761246 134.2167128014435
0.9998851804884183 0.00561422502954023 0.014075024077650933 0.5453550900308948 -0.005924992622689757 0.9997374175223499 0.022135728912721808 -0.5958152365271738 -0.013947054425613937 -0.022216581392318104 0.999655892380937 135.54271411048967
0.9999022372692917 0.004955946360075845 0.013074956517231076 0.5664331870035495 -0.005245629207327348 0.9997394536035022 0.022215046893747314 -0.5895865729951355 -0.012961454387302396 -0.02228146114217532 0.9996677133805256 136.90035049967466
0.9999211239496402 0.0032885296698178077 0.01212152809101038 0.5899388054124965 -0.003565908424871237 0.999730644769566 0.022932994374382964 -0.5793824459327858 -0.012042848268941288 -0.022974409437429004 0.9996635165394246 138.23991549085798
0.9999394637563922 0.0018031603378266055 0.010854373745778339 0.6122843987170065 -0.0020597150718887746 0.9997176697841973 0.023671466378847712 -0.569491845396226 -0.010808626683302546 -0.02369238997162594 0.9996608646071763 139.58792340539313
0.9999534755687375 0.0008234917893373336 0.009610856112101673 0.6303221317706045 -0.001051931020901747 0.9997164704872422 0.023788066398302863 -0.5583443056259686 -0.009588542676087056 -0.023797069285248364 0.9996708254828376 140.91460584023926
0.9999644653633278 0.0005707902509659592 0.00841083862845928 0.6481289087407529 -0.000773967107229299 0.9997074877386342 0.02417312474696976 -0.5502907927816653 -0.00839458127389839 -0.02417877512615059 0.9996724052485984 142.2464944238268
0.9999742438594057 -0.00018492717860713287 0.00717477652736496 0.6575145930037339 1.6064489553627797e-05 0.999723165784709 0.023528526519523512 -0.5347539326866194 -0.007177141968889048 -0.02352780491558563 0.9996974197254362 143.61588695953975
0.9999793079668469 -0.0015411432991369858 0.00624567965843001 0.6690985373376162 0.0014070293862241537 0.99976955629449 0.02142089160607961 -0.5297008846251461 -0.006277253570678594 -0.021411660199068008 0.9997510374458417 144.94544076789762
0.9999699109147782 -0.005685055753721605 0.0052780112439458505 0.6852788607847647 0.005574386717650354 0.9997691312968243 0.02075115280867806 -0.5266406208998392 -0.005394764630836217 -0.020721106448493107 0.9997707398406048 146.28655038884764
0.9998759946916499 -0.015206528687216876 0.004093495096767237 0.7061506913125365 0.015105875766178436 0.9996076127717869 0.023588833237308482 -0.515206518810656 -0.004450593509052251 -0.02352407192470293 0.9997133640362064 147.6260036459095
0.9997271470644817 -0.023213020133597283 0.002605199815131536 0.7347622070926568 0.023141701537102894 0.999427129265821 0.024695647728891327 -0.5020517877542469 -0.0031769682146873257 -0.024628620331055676 0.9996916214047021 148.99217331275588
0.9996608528136689 -0.026005512612351872 0.0013757178330166004 0.7502326905096062 0.025969053140283516 0.9994213487630446 0.021967612633110326 -0.4969440704828384 -0.0019462009718394816 -0.02192443596688881 0.9997577363472752 150.33486133383153
0.9997068124266033 -0.024148963157637128 0.0017654204539712514 0.7588043566425267 0.024109849002610113 0.9995178355501266 0.019565573721761327 -0.4890307972181171 -0.002237057745903365 -0.01951727303065293 0.999807017181896 151.66318522437234
0.9997734171802853 -0.021132734570301223 0.00255377872786135 0.7580238981588958 0.021085799176335705 0.9996299133680262 0.017187944417464837 -0.48216533310034865 -0.0029160621274156185 -0.01713020120688329 0.9998490149874409 152.99868304854297
0.9997947297263242 -0.01991413552263299 0.0037316992298773244 0.7664150475831419 0.019847076580816796 0.9996547265565744 0.017219793254191228 -0.48698783299206844 -0.0040733284179908695 -0.01714219496992416 0.9998447645162231 154.34758858820217
0.9997087396396691 -0.023721958328907177 0.004438978018102354 0.7787112979911924 0.023628699821727103 0.9995207515080328 0.019998798080256914 -0.48020884179629353 -0.004911261719011939 -0.01988808565127983 0.9997901497502428 155.69462686527467
0.999536604803579 -0.030107863309054003 0.004482425195965844 0.8042111803338395 0.029991930193082147 0.9992618061147605 0.024006813151414383 -0.4692564076392865 -0.005201910592286625 -0.02386125157436553 0.999701745909463 157.0513545169873
0.9994004216180014 -0.03432937444446746 0.004504575919285761 0.8251312057991971 0.03420509836865048 0.9990957805981239 0.02525138766759362 -0.4592214276014133 -0.005367367598511465 -0.025082167648874495 0.9996709839764151 158.40426793782942
0.9993620518656515 -0.035454820013048574 0.004294753226647844 0.8445603506104056 0.035331105193184324 0.9990350701673821 0.026089111386514072 -0.44406467142449035 -0.00521559428901904 -0.025920729126041424 0.9996503955632537 159.74797932430928
0.9994163292559196 -0.03375519862232949 0.005252358545713166 0.8547952306689371 0.03360667414084068 0.9990922179137823 0.026178840639096455 -0.43520336637547635 -0.0061312630396453335 -0.025987046130469368 0.9996434769553356 161.0942229132031
0.9994831884897353 -0.03150384650281508 0.0063924551907367675 0.8625142350519011 0.031332734856081075 0.9991886804191793 0.02530297952217237 -0.41231337234850174 -0.00718441066245355 -0.02508960917788778 0.9996593898569686 162.44649144115704
0.9995851229375262 -0.02779347924356845 0.007556747689895421 0.8707617795734715 0.027603391958659164 0.9993261694969711 0.02419214359550421 -0.4020140850600478 -0.008224040262279724 -0.02397351460889068 0.9996787662724779 163.78844560350205
0.9996727322197017 -0.024209895449612592 0.008264947580207615 0.8778061905643122 0.024013737669155856 0.9994456131923634 0.023060935686400722 -0.38879046105570153 -0.008818669191372419 -0.022854915966330564 0.9996998969035873 165.1426523027194
0.9996938443246922 -0.023185767874664323 0.008639313141146769 0.8898138550454218 0.022970463646858813 0.999442261308443 0.024238898250225027 -0.3760101672971763 -0.009196492908716608 -0.02403302799287004 0.9996688642053594 166.50484830820068
0.9997249979617674 -0.021900734529519163 0.00838368818298427 0.913409127295635 0.021688502204171616 0.9994615850864003 0.02462009101326746 -0.3656281831386 -0.008918373112275911 -0.02443149044025978 0.9996617252215765 167.87914495380738
0.999790370910264 -0.01894920958287236 0.007755105022648582 0.9266864401235926 0.018761909198857556 0.9995465602880881 0.023551319264030385 -0.35410325302870116 -0.008197868128033203 -0.023400881303505178 0.9996925495821966 169.23173458608397
0.999845531640267 -0.01588471525391249 0.007522543028491211 0.9259861032346273 0.01573197900999776 0.9996772867601392 0.01994560645265167 -0.34325360226709856 -0.007836946345295978 -0.019824180708283304 0.9997727662391368 170.6122052102808
0.9999244869282982 -0.009882281782885359 0.007304857060392646 0.9313904944435178 0.009745383515434696 0.9997805368415845 0.01854469413412458 -0.33770510513166135 -0.007486518436892303 -0.018472104864271578 0.9998013469520883 171.98277733788174
0.9999517525192214 -0.006560668918975972 0.007310967868709427 0.940579210032296 0.006415757973326907 0.9997859151662785 0.019671347399673824 -0.3268306595104525 -0.007438460524132338 -0.019623492620844573 0.9997797696615606 173.33970036182035
0.9999675812354036 -0.0019786717235940918 0.00780521197405791 0.9520510886846618 0.0017982754473833012 0.9997326499770397 0.023052002078343185 -0.3207746216109373 -0.007848738253150805 -0.023037218505839268 0.9997037980568526 174.74696856773468
0.9999635738734779 -0.00252624247780571 0.00815285361595135 0.9596859315285501 0.0023259680396794154 0.9996975733510328 0.02448166120750078 -0.30357048862840624 -0.008212235276868166 -0.024461805803710955 0.9996670341793198 176.1067485467555
0.9999628013277189 -0.004608834621480584 0.007290720164985196 0.9790047030473996 0.004415213212681573 0.9996429199091176 0.0263541002260711 -0.2883143069089455 -0.0074095791056845335 -0.026320929422438792 0.9996260834855598 177.4974919716656
0.9999533195099622 -0.007925133552628312 0.005527300658779056 0.9922966790762704 0.007776895322788414 0.9996226830581822 0.026344097054321725 -0.270440654982813 -0.00573399608512564 -0.026299881677879028 0.9996376530945227 178.88221046166788
0.999959529738835 -0.008015449528823769 0.004085516760304312 1.0063680166207405 0.007915352851026456 0.9996817134633001 0.023954519155901122 -0.2622521509418138 -0.0042762229956058665 -0.023921211055506555 0.9997047011758039 180.22834579175418
0.9999738586941302 -0.006921285836393563 0.002092301717681924 1.0073305606864897 0.006879923317311263 0.9997925852504546 0.019169067715732884 -0.2490487615952152 -0.0022245425291103496 -0.01915417145713835 0.9998140672679404 181.64451388771997
0.9999957588809119 -0.0023770760702913787 0.001682774317938022 1.0104941595860484 0.002346701481672929 0.9998383152897552 0.017827963669830953 -0.24061370482849342 -0.0017248808102008411 -0.017823938831725637 0.9998396531309112 183.05571821921745
0.9999978252150663 0.0014984874157476789 0.0014505518842460909 1.0056370846542046 -0.0015254528106060762 0.9998226536621359 0.018770568357874436 -0.23436901675677277 -0.0014221672922960496 -0.01877274001278221 0.9998227651207432 184.40421575174906
0.9999914844852982 0.0038410478916281222 0.0015090748590762485 1.0069472225411706 -0.0038732877694728734 0.999751002817055 0.021975669098033047 -0.22474663279035073 -0.0014242896241644246 -0.02198132672748594 0.9997573668902172 185.84479274433582
0.9999934619544638 0.003200259341523461 0.0016835640422514881 1.013762871906962 -0.0032420529244051167 0.9996711764183468 0.025436748215189778 -0.21134144251733522 -0.0016016063886233976 -0.025442039744445224 0.9996750159139911 187.2017690387572
0.999995314602861 0.0026255708607426085 0.0015738963457777129 1.0184493176174931 -0.0026661515986539305 0.9996489284927479 0.026361172746050775 -0.19444067541805776 -0.0015041307936693032 -0.026365245098411247 0.9996512448910051 188.63743917609355
0.9999978907227036 0.0012191952004157668 0.0016529106068548923 1.0284990071097289 -0.0012627830967790038 0.9996445371634849 0.02663089798555187 -0.17643540314556375 -0.0016198549308219798 -0.02663292869569488 0.999643968195358 190.06248362952604
0.9999970296605666 -0.0018843361931007285 0.0015459454083510257 1.0393120149334225 0.0018408925307042904 0.9996163117225303 0.027637664230487375 -0.1589247531658195 -0.001597431032726247 -0.027634735817293442 0.9996168113628202 191.47461886345647
0.9999891397850827 -0.004283170339803495 0.0018370526277122134 1.047599730315931 0.004230368714704248 0.9996033563878073 0.02784302267554012 -0.14382697596469884 -0.001955580546769394 -0.027834948480403746 0.9996106198496743 192.87518017872281
0.9999730811270567 -0.006925551623460245 0.002423582410943803 1.057475409486365 0.0068526337926406895 0.9995587520759147 0.028902293957361713 -0.12475822518281032 -0.002622677561236516 -0.02888490759776763 0.9995793033283024 194.293227377852
0.9999340322810146 -0.011138650060587708 0.0028038454465394097 1.0697248379713395 0.011048004393459319 0.9994737452258982 0.030498758178533866 -0.10281680716511181 -0.003142085171284747 -0.03046576890480001 0.9995308720545817 195.7291420524677
0.999886070135507 -0.01483302557048035 0.0027978706542699933 1.0839325609651014 0.014738180689436503 0.9994006717670614 0.03132225023243531 -0.08609743649850479 -0.0032607978284392987 -0.03127744571356008 0.9995054219714098 197.1425700968787
0.9999107090008863 -0.013016147767529945 0.0030255423293456046 1.089271045951011 0.012928430007818128 0.9995409553957673 0.027399529759909603 -0.06538904613904716 -0.003380790086388086 -0.027357967317505876 0.9996199837197552 198.5843359340775
0.999978406560493 -0.0051235616852073375 0.004115279575539541 1.0943571518334008 0.005031368155707388 0.9997429019219446 0.02210917041844345 -0.04972786057975248 -0.004227499599402013 -0.02208798719790776 0.9997470925417447 199.98943839893482
0.9999807795311135 0.0031781019639584547 0.005323554729980349 1.0990598948064525 -0.0032957433577762555 0.9997472909369856 0.02223718426393955 -0.02828509388884242 -0.005251537819139913 -0.022254301603285336 0.9997385495157541 201.41690898089902
0.9999235257814509 0.010740607984619819 0.006130409191080871 1.0885228541337046 -0.010894844495046742 0.999610171946717 0.025706157698131546 -0.011782202518191703 -0.005851920109210167 -0.025770981323468754 0.9996507447729964 202.86087231833838
0.999903292823206 0.012081544168981426 0.006887762787261968 1.0945056270761833 -0.012274555971100453 0.999512563148511 0.028704902562857296 0.004031041444867836 -0.00653760643285571 -0.028786670408029777 0.9995641986773043 204.29997065824332
0.9999205540640904 0.010541294045668788 0.006911343416059098 1.1169752771135755 -0.01073865115781986 0.9995168112894269 0.029168910941724042 0.02672768793397995 -0.0066005264147217385 -0.029240811674813554 0.9995506029968859 205.74921983770165
0.9999588101960023 0.007350428862091305 0.005324387415001993 1.1262743095239895 -0.007502986782220337 0.9995447582514453 0.029222961522157 0.04593359986875957 -0.005107162656857482 -0.029261706220125566 0.9995587373464138 207.20503127668673
0.9999789830519552 0.005097917689799706 0.004005582014362241 1.1420555274209485 -0.005213166210348019 0.9995568180252155 0.02930853925713373 0.06441315844359068 -0.0038543946128786533 -0.02932880462211932 0.9995623866612432 208.62863007177475
0.9999818161189835 0.0049009102055226125 0.003514044466843238 1.1493639494799917 -0.005000212474615092 0.9995718278069821 0.02882982769423827 0.08978353352625283 -0.003371247734562998 -0.02884687400822501 0.9995781572821737 210.1008818598725
0.9999737189470268 0.006162812178722898 0.0038185282300539076 1.15714890864514 -0.006271281291154122 0.9995575066390473 0.029076829079820225 0.10371314012610934 -0.003637643822762967 -0.02910001155452402 0.9995698859217224 211.55701171957787
0.9999642909016098 0.0077458439589321824 0.0033791740822213204 1.1629152941425078 -0.00784563169155422 0.9995012118405139 0.03059041735732255 0.13277365362964577 -0.0031405402509938492 -0.030615836314459823 0.9995262915690785 213.02605010811888
0.9999751903813903 0.006307360399128289 0.0031362115668448396 1.1710422816011377 -0.006398950871357706 0.9995262231987748 0.030106188804807248 0.15281529925344262 -0.0029448353639334336 -0.030125509910398997 0.9995417858009801 214.49261093369867
0.999976914897576 0.0060998705679182015 0.002993534323285696 1.177909892219893 -0.006184707762508888 0.9995544514913707 0.029200135797687318 0.1736119954407913 -0.0028140837431314732 -0.02921797542254733 0.9995691025693043 215.95050214705137
0.9999790289829696 0.006004835870067953 0.002425600412731539 1.192601204865222 -0.006072132303519482 0.9995678652687785 0.028761292867601505 0.19379499154212854 -0.002251845569950021 -0.02877541786507064 0.9995833654504247 217.4297211558804
0.9999798171124105 0.006022402086783873 0.002023867045577764 1.194825992539795 -0.006077561588317281 0.9995766444980593 0.028453383889850876 0.2192913011646277 -0.0018516526647770126 -0.028465109383925834 0.9995930716534827 218.88389612925977
0.9999772635088692 0.006523478497462945 0.0017078319141911203 1.2028151072816091 -0.006570023823431576 0.9995625287944294 0.028837230343538578 0.23770950152414794 -0.0015189658597577161 -0.028847794765930468 0.9995826616377348 220.3815163591519
0.9999797883553384 0.006012738111360573 0.0020663634997555016 1.2115893281316956 -0.006069416002199222 0.9995721015147644 0.028614263901595955 0.255753470704691 -0.0018934293873193488 -0.028626226766525716 0.9995883923062981 221.85031914909354
0.9999695442463398 0.007748543002611852 0.0009330892207497299 1.2132387207286568 -0.007772547012767567 0.9995409447535236 0.029282884307779172 0.2758156286654917 -0.0007057612493389645 -0.029289244532606007 0.9995707288742322 223.33070054512766
