1.0 -6.776263578034403e-21 8.673617379884035e-19 -8.673617379884035e-19 0.0 1.0 -1.828002979293187e-19 0.0 0.0 1.0683203047244863e-19 1.0000000000000002 5.551115123125783e-17
0.9999993762203873 -8.003377813033566e-05 0.0011140708050501212 -0.099584426838288 7.90226551488277e-05 0.9999995849954297 0.0009076150341056033 0.008188069740265674 -0.0011141430759022564 -0.0009075264179614938 0.9999989675394759 0.04220885084813497
0.9999965146421319 -0.0017519418912781992 0.0019751970371512384 -0.22118607230072662 0.0017503997458941422 0.9999981620515311 0.0007823011937464421 0.019557226068843178 -0.0019765641192347532 -0.0007788410711344235 0.9999977432973851 0.08448963217909805
0.9999870480820017 -0.004236734212698083 0.0028202393720999173 -0.35134868445339656 0.0042374177336659625 0.9999909941907498 -0.00023628359620819466 0.03188856680671061 -0.002819213140386848 0.00024823106544103764 0.9999959952011587 0.09959936811338521
0.9999744831620448 -0.004181298112809624 0.005792216207979232 -0.4492721930736334 0.004183512600896802 0.9999911805538663 -0.00037018678383987056 0.04108149177725848 -0.005790617748993492 0.0003944091424357773 0.9999831564523247 0.14093608026973353
0.9999278752867455 -0.005736146551195838 0.010551816847230505 -0.5414280843406443 0.005732642878628728 0.9999835026326709 0.00036231423731390537 0.05640596092733971 -0.010553721943506284 -0.00030179830232302863 0.9999442623846287 0.17142991403890928
0.9998229709530759 -0.007990677539530032 0.017034547336793906 -0.6325697115631037 0.007954183392897602 0.9999659248770715 0.002209085593973398 0.06388570965607425 -0.01705162040403361 -0.002073198576581146 0.9998524611688704 0.23443347876955245
0.9997225252537677 -0.007846083881539723 0.02221061523442102 -0.6344366171791268 0.007791610916841937 0.9999664239199786 0.0025380779900772044 0.0715373009681999 -0.022229785326338514 -0.002364317229703987 0.999750092112709 0.4747781427431296
0.9994955061993666 -0.006705096869544703 0.031044720807408138 -0.5344266355876873 0.006674598037558849 0.9999771349517101 0.0010859649965409958 0.07414858785581396 -0.031051295071765232 -0.0008782060874858721 0.9995174065000064 0.8519015393013016
0.9993801106304979 -0.00549860656744836 0.03477297386059527 -0.7689841451027963 0.005594750464792052 0.9999807895853529 -0.002668188289713066 0.0567143139412921 -0.03475763745261445 0.0028610803792600277 0.9993916754443172 1.5727754901120397
0.9994749939267992 -0.0032942707314034553 0.03223172691201962 -0.7064897800985065 0.003390507891984001 0.9999899550979132 -0.0029315795498886105 0.05269919100142231 -0.032221748430524576 0.0030393223337397738 0.9994761235388891 2.722221291397261
0.9995037923781123 -0.0008104126729813549 0.03148828642789992 -0.6669681329700038 0.0009059664743339162 0.9999950280984335 -0.0030204306332532503 0.025273994054014842 -0.03148568471319765 0.0030474591602474006 0.9994995571403038 4.010915176250888
0.9994683913453174 -0.00026472767623828876 0.03260160340351795 -0.6202193889009806 0.0003249301860640573 0.9999982519664892 -0.0018413264462883818 0.005029691803919961 -0.0326010616951756 0.0018509407993418123 0.9994667302477573 5.358872258277955
0.9994676834109933 -0.0017625087513341393 0.03257672947638773 -0.5663049216994926 0.0017573430203580286 0.9999984383483278 0.00018720804137091165 -0.01588200597353332 -0.03257701128761595 -0.00012985989720598457 0.99946921991031 6.718891543450368
0.9994285375427953 -0.005973694793727681 0.033270305561275644 -0.5143101151814958 0.00588077039587979 0.9999785314536339 0.0028901863213875363 -0.03937916786806274 -0.03328685917700093 -0.002692879620421751 0.9994422111774813 8.077498147835058
0.9994427580502432 -0.007459353709895645 0.03253507863046112 -0.4593515437626229 0.0073982447069222326 0.9999706360524085 0.001998253002373437 -0.05800312309696875 -0.03254903167665438 -0.001756436991987084 0.9994685965756034 9.430594101723088
0.9994211086176933 -0.008513016161201129 0.03293897569473174 -0.4039182203230718 0.008527238320317676 0.9999636000189692 -0.0002912913640126306 -0.07336360612776714 -0.03293529970989477 0.0005720012269292984 0.9994573222134552 10.779843572095032
0.9994222539495479 -0.006834049919270637 0.033293452621254466 -0.36028849013957603 0.006882850183826731 0.9999753998104998 -0.0013513515018028627 -0.10717115034555572 -0.03328340118229997 0.0015797245885762034 0.9994447057025825 12.125342094633417
0.9994197296061537 -0.004240465665185903 0.033796781510802336 -0.3195612236970945 0.004247903825726005 0.999990966624334 -0.00014827164463533193 -0.10944993393158926 -0.033795850302847825 0.00029175108087761556 0.9994287145496511 13.491940344222632
0.9993820104630307 -0.004076514614784767 0.03491388121062261 -0.27019582864177477 0.003929302044674197 0.9999831036656687 0.004284037052716488 -0.12792089275914761 -0.03493075816048936 -0.004144202317203061 0.9993811424110992 14.86004477232659
0.9993712677627379 -0.00577934933925757 0.03498096910005412 -0.20695591438256475 0.0055755442523205126 0.9999669273757201 0.005920934795919377 -0.13583141798209228 -0.035014034272590096 -0.00572217408833571 0.9993704389325254 16.234100164311645
0.9993379330706975 -0.009276138964157346 0.035180231284322946 -0.16507308519848748 0.009070125213918527 0.9999407982398946 0.0060110612112286846 -0.15558071946638297 -0.035233910945870514 -0.005687992299600687 0.9993629062301763 17.62147040466983
0.9993247004888213 -0.01098044857581676 0.03506526259014818 -0.108443028955541 0.010902373612413415 0.9999376461739273 0.002417028599696248 -0.15992967109292228 -0.03508961913771829 -0.0020331017564969734 0.9993821017078566 19.005483264654814
0.9993098303680212 -0.010154928090018216 0.035731502373607726 -0.04790730393455367 0.010133776018405791 0.9999483531517024 0.0007730610913348989 -0.1905859067477756 -0.03573751033051364 -0.00041043249847055 0.9993611269172649 20.373336713085692
0.9993205467123948 -0.0077240633666790515 0.036038641243812314 -0.0104600619346856 0.007738795052087446 0.999970018824206 -0.00026927596046801184 -0.20081123017828958 -0.036035483879091515 0.0005479886519293191 0.9993503608370795 21.750865183221812
0.999320399417685 -0.0054785798767970715 0.03645167170355592 0.04321934415034523 0.0055522984410277 0.999982739902212 -0.0019214269137455837 -0.22676844137920635 -0.03644051890715582 0.0021225116409753497 0.9993335697476802 23.126682506160925
0.9993157360023632 -0.00502831072301532 0.03664390492936817 0.10508095708515659 0.005103566390886014 0.9999850550347198 -0.001960438345164993 -0.2457988863424319 -0.036633502664173034 0.0021461114590884144 0.9993264635682435 24.525240676849176
0.9993203313763527 -0.005194695653136307 0.0364950727462789 0.15597438093854088 0.005207608553835842 0.9999864068365193 -0.00025876207623069895 -0.27187590324493843 -0.036493235530689526 0.00044863825106567314 0.9993337993793258 25.90330191686524
0.9993422340113787 -0.0037278472728002102 0.03607218290339338 0.21730447361688784 0.0036582374541749003 0.9999913174896379 0.0019955567811974534 -0.29723300231874217 -0.036079311860109965 -0.0018622835337877542 0.9993471945472119 27.30667205611705
0.9993536144122724 -0.001851439340144352 0.03590160775080356 0.2614645684890944 0.0017805024254696198 0.9999963993769051 0.002007746533930826 -0.3077816276861387 -0.035905198711224814 -0.001942525827550993 0.9993533125934566 28.70371799510558
0.9993426338663177 0.0004286972265879611 0.03625074150711342 0.3029269238993269 -0.0004959388373849325 0.9999981732918253 0.0018459304094807527 -0.3199695221465678 -0.03624988697805502 -0.0018626950812674105 0.9993410209511675 30.10731935465823
0.9993299622016684 0.0027853559191839856 0.03649477141092612 0.3591566702129466 -0.002883587766070872 0.9999923594737253 0.0026393026679072296 -0.33904525489215903 -0.036487144229087234 -0.0027427700727632007 0.9993303585969998 31.509178000695247
0.9993456731904254 0.003710547997526115 0.035978566027819306 0.4075195004781148 -0.003805394684976566 0.9999894619412688 0.00256806951970383 -0.3526011939692047 -0.03596866094934028 -0.0027033017686857613 0.9993492621108094 32.91310770681753
0.9993644806018179 0.0031603259843098904 0.03550559333994022 0.4671520904550981 -0.00328316435214948 0.9999888238562885 0.0034019109353921107 -0.37464741275679664 -0.03549444834825024 -0.003516319603252837 0.9993636874141227 34.336568587260516
0.9993926766540008 0.0015447994886618008 0.03481222998749734 0.5174752386477768 -0.0016422350988643441 0.9999948137781252 0.0027704662227214702 -0.3866754968851732 -0.03480777254327292 -0.0028259534794337123 0.9993900304902683 35.71403767514397
0.999424541700273 0.002570192298965541 0.033822765638972296 0.5776065262793887 -0.002699721077466412 0.9999891944240993 0.0037845138095061494 -0.4129717399900721 -0.03381267606707408 -0.003873647957504061 0.9994206811289887 37.157262993346706
0.9994517544250998 0.0018989896497167778 0.03305426350575442 0.6172449083648294 -0.0020380786896566036 0.9999892089576008 0.004174710439400592 -0.4211781169487979 -0.033045981850719296 -0.0042397888020740526 0.9994448395733413 38.55523618865175
0.9994879417424004 0.0022152281967119203 0.031920949268309226 0.6668963551599373 -0.0023633368980864426 0.9999866140270396 0.00460286971243192 -0.4393130978991847 -0.03191032824018532 -0.004675952665091282 0.9994797979386664 39.99412662310129
0.9995090111929329 0.002313169755498364 0.031247171386891662 0.7131536961863001 -0.002472520532046605 0.9999841312602927 0.00506200300347941 -0.44997284635223656 -0.031234968876425524 -0.00513677681569992 0.9994988695885403 41.402096048448385
0.9995591537802403 0.0030455580971136677 0.029533415101654647 0.7668078495311272 -0.003239285711954556 0.9999735372427618 0.006513973332447366 -0.4672634502072706 -0.029512797352342586 -0.006606768746540087 0.9995425681056855 42.83375909460621
0.9995760088642983 0.0011229731497294118 0.029095384075728016 0.8082889908331299 -0.0013458036583071222 0.9999699078855424 0.007640166384319334 -0.477895179104018 -0.02908593126783005 -0.007676083585011378 0.9995474407932338 44.275531396842595
0.9995862340689016 -0.0009866146209378819 0.028746951027354004 0.8563376070362079 0.0007706997722831244 0.9999714199342508 0.007520993471603826 -0.48880247540505306 -0.028753552168086227 -0.007495726163511419 0.9995584261957429 45.702456757466614
0.9996137448021978 -0.0039175145641102875 0.02751389154337345 0.9125487853636126 0.0037265217991288026 0.9999686291456249 0.006989546979577908 -0.49523522741277565 -0.027540412368993544 -0.006884316013768195 0.9995969847527529 47.13372324539625
0.9996035611809652 -0.0042921225064319725 0.027826212512294647 0.9513369391191633 0.00407562910790627 0.9999610216859568 0.007832264314065753 -0.5136689298291265 -0.02785874726598509 -0.007715749866317785 0.999582091402492 48.56565360191499
0.9995881404710492 -0.0046785838715095755 0.028313604931063555 0.9991439449496993 0.004438062698509305 0.9999535840748788 0.0085518012378898 -0.5323090117249732 -0.028352303424307775 -0.008422621420392016 0.9995625074942619 49.97456367373675
0.9995668461341087 -0.006649895605949845 0.02866877980931131 1.052718985619531 0.0063756201186880405 0.9999331326612624 0.009647885084224709 -0.5454281161039741 -0.02873102264140546 -0.009460924677988565 0.999542404949455 51.402588535107114
0.999538636022043 -0.008516082511831747 0.02915461148215546 1.0984360935596058 0.008248335588762156 0.9999228116675675 0.009291699599405885 -0.5550832783201903 -0.029231492417833304 -0.00904693559190166 0.9995317267900946 52.82749545583784
0.9995236778463235 -0.00902193133542868 0.02951308370640007 1.1397919391311815 0.008775703500294512 0.9999256884321037 0.008461953458644448 -0.5653998031764486 -0.02958723618698099 -0.00819892465039713 0.9995285754516436 54.24868900811865
0.9995002534014805 -0.0092948921983807 0.030213380413111997 1.1894076385511676 0.009037760063916751 0.9999218659743823 0.008636020764319692 -0.5832157023142794 -0.03029129314219481 -0.00835864353669978 0.9995061634107639 55.690393187595134
0.9994962363731789 -0.007666707094904654 0.03079764609099834 1.2365569062453525 0.00740722551980092 0.9999361783227088 0.008530668440405785 -0.5947380019182698 -0.030861085257057923 -0.008298245768334968 0.9994892358573875 57.08414898409027
0.9994841383495557 -0.00533363166351328 0.0316703250109191 1.2735468440872624 0.005025711273343752 0.9999394046268267 0.009794351006447023 -0.6034788792894205 -0.0317206480547816 -0.00963013242658892 0.9994503795087403 58.516346000497045
0.9994816058464179 -0.0015111880228753614 0.03215953685963437 1.316184320965633 0.0011462011815267523 0.9999347631095328 0.011364671489713742 -0.6124901581040041 -0.03217461572189989 -0.011321918647214815 0.9994181348792697 59.90386320457596
0.9994490346670428 0.0021798407807764797 0.033119108047375556 1.3686847285235082 -0.0025850181811544917 0.9999222840004574 0.012196050665612058 -0.6293805356121878 -0.03308995148451912 -0.012274944383770638 0.9993769963927693 61.32757217473192
0.9994036284284521 0.007194998140030154 0.03377305728632852 1.4086852379749215 -0.007607603345024708 0.9998977986269706 0.012104407821992923 -0.6336713784881051 -0.03368251725989686 -0.012354120943513815 0.9993562246754933 62.711248361058956
0.9993609983408224 0.010149752083688904 0.03427210867335489 1.4500563849149972 -0.010546455974814996 0.999879236641685 0.01141422008523227 -0.6460383826850729 -0.03415212121075214 -0.011768375496653315 0.9993473560424276 64.11938617809226
0.9993050208540494 0.011743637244446874 0.0353774246632292 1.4951528937270742 -0.012149244608722538 0.9998626591115534 0.011272035937331606 -0.6495583662837354 -0.035240194142219496 -0.011694010926382205 0.9993104517142148 65.53520238982311
0.9993009452069151 0.011877413736675765 0.03544781864149455 1.546005842960131 -0.012312462212221757 0.9998512282090224 0.012079931654689033 -0.6588285233013891 -0.035299069611707944 -0.012507936869432192 0.9992985176008577 66.92212898961183
0.9993290134559725 0.009708697420348645 0.03531662441019748 1.601587991044445 -0.01015308896475283 0.9998712521533396 0.012425535119205392 -0.6665181298132106 -0.035191444653711816 -0.012775770398954204 0.9992989252433269 68.29963758208453
0.9993266586254284 0.009694612552405064 0.03538705621905582 1.6530585833333413 -0.010117179857898262 0.999879408707832 0.011781796732924621 -0.6791361808938136 -0.03526857184381117 -0.012131880600495528 0.9993042306489457 69.71473257812829
0.999337434864361 0.009239537932435139 0.03520400714712469 1.709421932422155 -0.0096504811251106 0.9998870589400116 0.011521180392073614 -0.6905600936095986 -0.035093583721582645 -0.011853282296440218 0.999313734599599 71.09237096206624
0.9993506157219145 0.008956149255158453 0.034901778616641864 1.7603658970155598 -0.009373876429103981 0.9998861620561521 0.011823425408511766 -0.6940824740336398 -0.03479191601769726 -0.012142912247908557 0.9993208055169376 72.48113520408016
0.9993781739456804 0.008742253241536173 0.03415901575696304 1.8086972153578165 -0.009149214870347287 0.9998888071417033 0.011775620519523059 -0.7053029228134899 -0.03405227491027858 -0.012080826133709678 0.9993470349615864 73.86545510178163
0.9994001222203104 0.009014826818302998 0.033438428716331965 1.8584998931746095 -0.009423559208002552 0.9998825555390282 0.01208601175099646 -0.7080554906457823 -0.03332555104284804 -0.012393870456354122 0.9993676999442194 75.24716101765783
0.9994459482216518 0.0079271463911738 0.032325792371491774 1.9056945102128018 -0.008353078666069103 0.9998797910916164 0.013062521273461554 -0.7181486442496718 -0.032218360700177875 -0.013325303655653547 0.9993920219706649 76.61578906264154
0.9994972746131525 0.006594257192262473 0.03101150980392738 1.9532672233409425 -0.007044856535907833 0.999870872209865 0.014443300206971281 -0.7274810026164699 -0.03091226510628891 -0.014654510620009104 0.9994146673122893 77.99534763088354
0.9995304518937219 0.004023997261332614 0.030375699435171655 2.0041761831105336 -0.00447786966605486 0.9998791298042212 0.014888736716628383 -0.7345427717764478 -0.030312118219683118 -0.015017763945014195 0.9994276573651114 79.3828566807082
0.999574795122504 0.0018108955430900936 0.029102397722676504 2.0498756879439335 -0.002247521704069877 0.999885306626935 0.01497739136830793 -0.7346389134058273 -0.02907193981319867 -0.015036430961688023 0.9994642205226307 80.74436435125232
0.9995932041490925 0.0009169276148369051 0.028505883702157703 2.091979083268389 -0.0013400874495656395 0.9998891450363867 0.014829086890148028 -0.740231750313796 -0.028489128869656676 -0.014861254641194527 0.9994836230223249 82.09932613007184
0.9995953612482761 0.0002499826855296836 0.02844382574236195 2.135172390733497 -0.0006660859731093258 0.9998928941914191 0.014620413420294593 -0.7452834378570315 -0.028437126774553848 -0.014633443256054748 0.9994884652673123 83.44949591579201
0.9996001431444848 0.00018318804648008758 0.02827578843598355 2.1737789232932383 -0.0005857729420021158 0.9998985744616324 0.014230167701067505 -0.7483562969839269 -0.028270316119711536 -0.014241040656652859 0.9994988654472559 84.81380196501301
0.9995966914612396 0.00031827904094706755 0.02839635648594105 2.218466263350258 -0.0007133694829351932 0.9999030750672665 0.01390437297400401 -0.7544639360120463 -0.02838918107782716 -0.013919022114408377 0.9995000326487404 86.16789690168923
0.9995905962949064 0.0010575055946292619 0.028592331546195518 2.255753909708527 -0.001435901056587843 0.9999116224579211 0.013216863240049451 -0.7621456545515946 -0.028575830112086444 -0.01325250777475211 0.9995037733877576 87.52557866996457
0.9995811075109704 0.001492492061126569 0.028902974166170613 2.3015941864732152 -0.0018843882189640475 0.9999066013371135 0.013536531911174852 -0.7644446054088354 -0.028880073918632756 -0.013585325787313935 0.999490560385623 88.87590424704626
0.9995694163653476 0.003218623675555371 0.029165429326446328 2.340952931674064 -0.0036617465134936534 0.9998784852752707 0.015152765805825351 -0.7782387955196074 -0.02911311668345687 -0.015253037461855433 0.9994597397247051 90.22863703092929
0.9995717889956153 0.0033217049609906985 0.02907240718848131 2.377161754588564 -0.003800690893210602 0.9998576980856309 0.01643588588140655 -0.7761393220446192 -0.02901367739413773 -0.016539342848695 0.9994421727672178 91.55716244941945
0.9995652193682993 0.0022499766274285122 0.02939914578601646 2.4234222447368134 -0.0027223602719478996 0.9998676801905502 0.016037795385577626 -0.7828516944761521 -0.029359173489720496 -0.016110857296532794 0.9994390823130195 92.90755505498983
0.999568078339793 0.003235937937441467 0.02920933769657847 2.460044489369783 -0.003633739443949644 0.9999012367467609 0.013576181481363232 -0.7847556223360818 -0.029162523647705076 -0.0136764565597305 0.9994811162787864 94.24493133320107
0.9995634500424052 0.003130245463133443 0.029378748116242026 2.5036216648240672 -0.003510544058516992 0.9999106028234866 0.012902032956962435 -0.7878249527092703 -0.029335737664575024 -0.01299953577714565 0.9994850807361774 95.57377517069128
0.9995688739011759 0.0010730450757003877 0.029341350367549722 2.544884000704119 -0.0014714799560997525 0.9999069617004785 0.013561073048581514 -0.7960302346065973 -0.02932407131089742 -0.013598401528419249 0.9994774546561133 96.91748349966268
0.999546053708855 -0.0017158822122553046 0.03007893280788679 2.591020648732456 0.0012226791029281137 0.9998646371145072 0.01640769695835791 -0.7960123969670466 -0.03010301743365863 -0.01636347162542161 0.999412850220763 98.24441593679018
0.9995177905880529 -0.004051523875073739 0.03078589584755218 2.6392679828350136 0.003542236163641934 0.9998562765249736 0.01657947145331816 -0.8055345021286636 -0.03084864590087743 -0.016462425523482743 0.9993884878484455 99.576008653454
0.9994836895478804 -0.004558602139049809 0.03180524170278748 2.6892399182646516 0.004055882600509832 0.9998661095396365 0.015852849176771548 -0.8030283560488126 -0.03187325278732142 -0.015715665630291194 0.9993683573480079 100.9280984413704
0.9994630777474641 -0.0027443993786343446 0.03265002931395114 2.7339674059451835 0.002310411504007095 0.9999085832487339 0.013322430590118697 -0.8076654252305919 -0.03268360936263346 -0.013239842285237004 0.9993780507496006 102.2373414210459
0.9994467691476868 0.0002834288381018467 0.03325770931093158 2.7753605886840447 -0.0006756244190873628 0.9999303618802861 0.011781974880592324 -0.8137134613027749 -0.03325205673973194 -0.011797926278492047 0.999377361024031 103.57368382046288
0.9993956892929015 0.0027087286933945775 0.03465427713633386 2.8179394420928476 -0.0031048810480545394 0.9999303928467963 0.011382846124134652 -0.8134666709966675 -0.03462103480722083 -0.011483564591068909 0.9993345344628062 104.88417052373475
0.9993314312944597 0.00428227389283244 0.0363091236365098 2.865235313865668 -0.004786558455018494 0.9998931378497935 0.013813100807768887 -0.8207870898603689 -0.03624609511839078 -0.01397766134219048 0.999245137919229 106.24042129969476
0.9993104360499299 0.003482944535891212 0.03696649020191896 2.913952012903213 -0.00408590509475135 0.9998596440924564 0.01624800024398576 -0.8186486533423696 -0.03690471394225809 -0.01638783754296761 0.9991844078815734 107.545187112601
0.999273239593755 0.0032744961919367256 0.03797723264620181 2.971975270691541 -0.003929137514830338 0.9998447628593401 0.017175915672641495 -0.8272528470369866 -0.03791509787269913 -0.01731265041682801 0.9991309811920664 108.90534595770546
0.9992424181144467 0.0035561524446715257 0.038754915929210536 3.024234882559482 -0.004209729560214637 0.9998500780452381 0.016795821735785074 -0.8201068749372269 -0.03868938045264212 -0.01694624499618583 0.9991075801508086 110.24379849701546
0.9991592133636064 0.00477361389643512 0.040719514189287855 3.0776719990641115 -0.005459524958187129 0.9998447996997316 0.016750227448567512 -0.8172642739472394 -0.04063323879100023 -0.016958453040768203 0.9990302051900378 111.55690220955483
0.9991011463639914 0.007201328279117328 0.0417736767635108 3.1307462389494876 -0.007894150944656994 0.9998336255769518 0.016443952331152225 -0.8149779580891394 -0.041648311878392755 -0.016758939093657763 0.9989917698315686 112.92112299902438
0.9990579838609673 0.007729649425975489 0.04270125597239825 3.189684941273119 -0.008397351262327954 0.9998449245170347 0.015479387285373198 -0.8209207357350359 -0.042574987380079934 -0.01582338267109929 0.9989679630152272 114.22980383632942
0.9989919681094728 0.009345072150682499 0.04390577554885085 3.2499567039106623 -0.009998002984411598 0.9998423271356941 0.014675177259312543 -0.8190413829492156 -0.04376171587057778 -0.015099354071047117 0.99892788621603 115.57738980815253
0.998959977778774 0.008449317437542755 0.044805933463782865 3.3082166320915505 -0.009118108610283802 0.9998497397611129 0.014743066737423885 -0.8199886127050259 -0.04467463580085197 -0.015136278770864967 0.9988869155798987 116.92604895520768
0.9989280531235063 0.007510310465471619 0.04567646830996811 3.3699066167679432 -0.00824510136740917 0.9998392766997447 0.015919770528079084 -0.8209755158476388 -0.04554956842982623 -0.01627931225713695 0.9988294253519566 118.24515384949916
0.9989051451133819 0.006135127629224272 0.04637748493971589 3.434860810435198 -0.006923805920902037 0.999833816963036 0.01686414508801515 -0.8189086824017084 -0.04626631797824721 -0.017166789754102872 0.9987816224255799 119.6054491237704
0.9988795298964166 0.004856564839152792 0.047075453926363156 3.502495891096441 -0.005706455796349815 0.9998228480609543 0.01793624481827797 -0.8184225931226449 -0.046980009814996906 -0.01818478152705889 0.9987302901922244 120.94210449060579
0.9989028171467853 0.0033357168432555885 0.046712254534968106 3.5714518084634257 -0.004175987607958556 0.9998310218737534 0.01790220225337751 -0.8146170826300453 -0.046644648413107725 -0.01807762979930809 0.9987479543016538 122.28288069671277
0.9989199748207925 0.001818540828967177 0.046428188102564306 3.6377177500690037 -0.002693938152404022 0.9998196490200613 0.018799259291140683 -0.8132653725576884 -0.046385631396581 -0.018904030011966423 0.998744717629474 123.61947208450877
0.9989486754539597 -0.00037435511223590686 0.04584106792806904 3.7031128335090697 -0.0004883060117002423 0.9998230346215791 0.01880587716464356 -0.8116424293324019 -0.045839999561299014 -0.01880849028130666 0.9987717132924849 124.94674120425164
0.998990418992944 -0.0008913768831000238 0.04491489792832237 3.768261027032094 4.593189085666549e-05 0.9998228723452917 0.018820782238450875 -0.8102439402895438 -0.0449237224303603 -0.01879971783587168 0.9988135110746844 126.30484810013081
0.9990335256529457 -0.0026500514720557014 0.04387472739135335 3.8340873296058584 0.0017933910153156874 0.9998072131773993 0.01955301119935447 -0.8042450816176698 -0.043918089086945514 -0.019455428891761235 0.998845677701371 127.63331318963402
0.9990835884420133 -0.004152441952753441 0.04259976988643748 3.899765127442316 0.0032891636964467426 0.9997882191004717 0.020314978997798154 -0.7988411086942426 -0.04267510841511584 -0.02015624420723667 0.9988856596512445 128.97966622226173
0.9991313685877495 -0.005252859372653787 0.041339032916004936 3.9600613803749845 0.004409262220890895 0.9997807121635188 0.020471590439677015 -0.7916986811114133 -0.041437505626585866 -0.020271533242754273 0.9989354324353154 130.3095640197739
0.9991764705114674 -0.00546858457029002 0.04020541302072857 4.021589071259832 0.004635400501605725 0.9997731751299369 0.020787288809929978 -0.7885051403405889 -0.04030997385759768 -0.020583801374020598 0.998975181487608 131.64214491914387
0.999221665756633 -0.00621366780877013 0.0389544978014457 4.073516839869924 0.005430046061055371 0.9997814157967492 0.020189978962444025 -0.7774730527746787 -0.03907144006008402 -0.01996273940302485 0.9990369921578558 133.00813491298257
0.9992487586740212 -0.007601157817207268 0.038001849641597474 4.127058840277321 0.0069206739252774 0.9998139230314762 0.0180062102385257 -0.776444751845626 -0.03813164961431309 -0.017729684561326235 0.9991154266013542 134.33668749133656
0.9992441890215626 -0.01173115086267808 0.03705982584424666 4.1869262168247054 0.011090549106795189 0.9997863271841968 0.017444188862733297 -0.7784620630445234 -0.03725655070230729 -0.017019990286300104 0.9991607825799896 135.67513257813386
0.9991334733171371 -0.02115431687447627 0.03584406836037697 4.249749595244086 0.020439129288515257 0.9995869521809778 0.020203145423726906 -0.7710642354437971 -0.036256649830029505 -0.019453017025995622 0.9991531592044999 137.01641886594564
0.9989837253490113 -0.029209086051442696 0.034327039050489394 4.321384528474759 0.028489825082892016 0.9993679937008311 0.021258954226666845 -0.7628734012664773 -0.03492630170413652 -0.020259377653187555 0.9991845230659674 138.37825687653205
0.9989413168572486 -0.03191120546786022 0.033134879828203435 4.379713233777664 0.031308996261601406 0.9993378400935542 0.018537211898314827 -0.7625065164416203 -0.033704486850810615 -0.017480166776546836 0.9992789657551738 139.7146125266622
0.9989772375477762 -0.030238216492842487 0.033617390627664744 4.432845968268138 0.029716222985170716 0.9994315825253107 0.015920365712088432 -0.7593693129379161 -0.03407968824512716 -0.014905100862035175 0.999307966988947 141.04857051382928
0.9990499015036289 -0.026789151538676587 0.034374925580459445 4.473766764337563 0.02632502841627739 0.9995570122541262 0.013884243350053501 -0.7562731620559618 -0.03473164792686946 -0.012966130865698346 0.9993125597922334 142.38309050070112
0.9990363953220863 -0.025722037567362327 0.03556202254491425 4.524846770299435 0.025242385566025666 0.9995851126439086 0.013871720405722175 -0.7663469245260672 -0.035904080240714425 -0.012960683073860408 0.9992711933197435 143.73024700005973
0.9989043858189348 -0.02964362263319387 0.03621164793314824 4.581070315908786 0.029058362205385144 0.9994401483106322 0.01658317308936799 -0.7633265441539457 -0.036682963188493165 -0.015512752917716031 0.9992065426089439 145.0762091856931
0.9986827406267931 -0.03632588383562679 0.03623828791829571 4.648976618357335 0.03559379181926617 0.9991530313857813 0.020647082170909464 -0.7568944791623042 -0.03695762184208469 -0.019330026245330194 0.9991298636083098 146.4288766101721
0.9985336546687421 -0.040153787109028935 0.03630721166612845 4.713182483999356 0.03937635598266318 0.9989848623370691 0.02188030132552876 -0.751939189637191 -0.03714893493459229 -0.020418571252962394 0.9991011153340538 147.7837914859257
0.9984924094230965 -0.041372709185570136 0.03607224687948 4.775502996092541 0.04057040457328267 0.9989188533255163 0.022697289029478353 -0.7410084532355602 -0.03697229893882563 -0.02119960484551247 0.9990914001952234 149.13251454074637
0.9985254231589792 -0.03974664267024978 0.03697544381411003 4.828366841909128 0.038919770928571934 0.9989817230941943 0.02282035336237928 -0.7369004737118943 -0.03784482818757484 -0.021347626877650523 0.9990555779783017 150.47193806671243
0.9985687939065261 -0.03747441765303176 0.0381579822781304 4.878715732957461 0.036657968256137194 0.9990883945493312 0.02187632041789638 -0.7181323616271917 -0.03894300289600541 -0.020446216488354235 0.9990322291337718 151.82422372640104
0.9986717885533548 -0.03329401620778207 0.03932133019561805 4.929591481037956 0.03249635051599091 0.9992563544324149 0.02075392624606305 -0.7134765504080679 -0.03998307397961312 -0.019448560626808355 0.9990110646953255 153.16542484658368
0.9987428566294786 -0.030174329207840498 0.0400276901594408 4.980845732244333 0.029405417087333355 0.9993741807277066 0.019661343940358855 -0.7043226804962852 -0.040595911334567726 -0.018459595614900157 0.9990051128081379 154.52152978366226
0.998760811317373 -0.02904247084708122 0.04041505238103389 5.035419536578582 0.02821721773046516 0.999384502070145 0.02084240257679263 -0.6957437496641341 -0.04099549531255742 -0.01967617428430714 0.9989655737986152 155.87738590856384
0.9988064844035685 -0.02778985591190705 0.04016628468751587 5.1037757609075305 0.026953078460810662 0.9994113105002478 0.02122649521067232 -0.6899167883964867 -0.04073252388180748 -0.02011855573829431 0.9989675196502332 157.25201844639912
0.9989107618475077 -0.024861383022079964 0.0394867233736967 5.159089827146237 0.024078794579166184 0.9995065172891536 0.020172595905412698 -0.6832918375362871 -0.03996875934768804 -0.019199830160864382 0.9990164487620956 158.6034272359095
0.9989988546312768 -0.021283401957048094 0.03934850806626404 5.202512647851445 0.020644486339310195 0.9996495076404219 0.016573084078149215 -0.6774759133124476 -0.03968745165607611 -0.015744162042566685 0.9990880980395583 159.97670609853438
0.9991105198515323 -0.015728533983619793 0.039125211858452136 5.251545299898462 0.01514480011562401 0.9997702024312443 0.01517159836143984 -0.6763239924294605 -0.03935485128164421 -0.014565559799012742 0.9991191321605774 161.34654924485292
0.9991619204138532 -0.012095026881621819 0.03910456484904788 5.303731155171254 0.011458613715452284 0.9997988960449626 0.01645805783353192 -0.6703616101678544 -0.03929576471339896 -0.01599618033433455 0.9990995772140249 162.70994063875781
0.999188325546923 -0.007649325474852523 0.039549687595441266 5.360266108664906 0.006874460294612646 0.9997824750844498 0.019691224798373635 -0.6687431935980055 -0.03969171246709324 -0.0194033588949708 0.9990235621456834 164.1211786385442
0.9991665735847478 -0.008460302450694394 0.0399322099066934 5.411054917681644 0.007625843867269752 0.9997503257177189 0.021003160709961294 -0.6558458001472413 -0.04009993631395734 -0.02068113902209346 0.9989816243027241 165.472410712542
0.9991847336429603 -0.010438724361058553 0.03899873030398822 5.474326109266093 0.009546699395415107 0.9996901160882872 0.02298983164726389 -0.6456549458992246 -0.039226633029201166 -0.022598779326872508 0.998974757701232 166.8658191040496
0.9992085419972373 -0.01381823850404098 0.03730074748887297 5.532383510851406 0.012964908290089809 0.999650869571033 0.023022818239048497 -0.6325715369126942 -0.03760586261047941 -0.02252099554631614 0.9990388400544474 168.24415983183567
0.9992606153349616 -0.013842487568054852 0.03586931927587708 5.588860201802709 0.013109787273224817 0.9997022071670699 0.020582286092029296 -0.6288243722482607 -0.03614355072071666 -0.02009682842641863 0.999144514724307 169.590484003782
0.9993441933272124 -0.012699785139288197 0.0339101551354096 5.636141350875496 0.012172418817127661 0.9998024422890707 0.015713326903792655 -0.6200045960906291 -0.03410301465873591 -0.015290253164949879 0.9993013522552611 171.00440100435398
0.9994073225637031 -0.007963396283588367 0.033490115531684905 5.683036681225232 0.007483432084512415 0.9998678411416694 0.01443255049576133 -0.6173513136697296 -0.03360062445193606 -0.01417337543701111 0.999334835544943 172.41046958152407
0.9994388383180582 -0.004112228235176553 0.03324301368679089 5.721309604356888 0.0036027787489880214 0.9998753773091784 0.015370421328823866 -0.615751721185074 -0.03330208032386932 -0.015242028592711539 0.9993291009853469 173.7577371420781
0.9994416548685516 -0.0017969986420320945 0.03336389109275866 5.7679123779406005 0.0011767838723579951 0.999826317266397 0.018599744613618498 -0.6106982115650391 -0.033391522873716335 -0.018550097178988704 0.999270183762633 175.20066909622696
0.9994382961937436 -0.0026505512018792673 0.03340758294775457 5.8185090165102356 0.0019138459706625906 0.9997547117007355 0.02206476034289797 -0.6016328512171533 -0.03345787503838277 -0.021988429196231337 0.9991982183918517 176.55625100396227
0.9994388155064582 -0.0031964710060228994 0.03334421315456418 5.869231672736576 0.002432209401223518 0.9997339811658346 0.022935807907409813 -0.5900021591093662 -0.03340865940968315 -0.02284183624770384 0.9991807204154376 177.9932398637992
0.9994309258491815 -0.004755829649916779 0.03339470703290263 5.924185002885894 0.003980922261923744 0.9997221565182045 0.02323277965635362 -0.5768382636008113 -0.0334959224802818 -0.023086616414242363 0.999172173039505 179.41107857632048
0.9994139761402829 -0.007876963464820157 0.03331152436854235 5.980892962794392 0.007072410770087037 0.999682080107354 0.024201647648479877 -0.5639217744295294 -0.0334915722740638 -0.02395187177355775 0.9991519516473325 180.82136672837416
0.999382412753067 -0.01031327297568252 0.03359210306343534 6.033749891001286 0.009493895553238405 0.9996557074842942 0.024460835562121738 -0.5535897834669591 -0.0338328116650279 -0.024126808592877504 0.9991362459740044 182.22180713078185
0.9993298672561749 -0.013135480761965768 0.03416541311241351 6.08863904102478 0.012261285869996351 0.9995952217103261 0.025672040150416835 -0.5391309896764809 -0.03448880117727031 -0.025235924210804693 0.9990864180748135 183.63333465018462
0.9992545913941164 -0.017277026580559487 0.034521961331269335 6.146007724495026 0.0163430271971977 0.9994975830296496 0.027156712548063597 -0.5221325522146637 -0.03497380709148036 -0.02657227595984197 0.9990349078122841 185.0667107542445
0.999184737996639 -0.020942754573337153 0.03451463827860582 6.205786736534902 0.019981473391639346 0.9994091768780328 0.02796494169163037 -0.5098296093408284 -0.03507991208784844 -0.02725248921222717 0.9990128636103085 186.48380306649594
0.9992109601172318 -0.019047013216799788 0.0348520924022033 6.257437815477449 0.01821085169929778 0.9995423709279231 0.024153957411345885 -0.49382172455483997 -0.03529620678009843 -0.02350021234557265 0.999100554435088 187.91999779248516
0.9992928395427599 -0.011124582796602323 0.035917466358645914 6.307617290024952 0.01045765507908613 0.9997703885120429 0.018703147702485715 -0.4829222401081715 -0.036117287039467774 -0.01831430883430565 0.9991797274495312 189.32909759757524
0.9993056139935099 -0.002719567737026273 0.037160377962891865 6.356955707385101 0.002018713835044865 0.9998196287838947 0.01888477460749209 -0.4661290358932887 -0.0372050368407046 -0.01879664484263429 0.9991308580257573 190.75843828827226
0.9992700212042479 0.004770324964678946 0.037903411646759165 6.3931163753884865 -0.00561971015038418 0.999734762907313 0.022334339451698847 -0.4545531312964971 -0.03778681936162993 -0.02253104171949575 0.9990317855418995 192.1997888019371
0.9992352948017461 0.005943612794950149 0.03864581446946248 6.444358400915737 -0.0069268882711737405 0.9996544016351605 0.02535932850909119 -0.4437933665642374 -0.038481735730153246 -0.02560763096825985 0.9989311314263294 193.63541168216963
0.9992420681660501 0.004472229358017236 0.03866895731367919 6.513042223860278 -0.00547103376645876 0.9996531208480987 0.025762488216647363 -0.4257778231086586 -0.038540331328232064 -0.025954520803102468 0.9989199196092441 195.0843721893055
0.9993109644188014 0.0012444549587169915 0.03709511589475537 6.568977299208055 -0.00220432764670127 0.9996634976201301 0.025846324576894314 -0.41183958484505606 -0.0370504718153964 -0.025910284954359465 0.9989774370546098 196.53735056260288
0.9993596578772282 -0.0009764612776604349 0.03576759200024277 6.629793142902182 4.794249512984651e-05 0.9996632034344684 0.02595144367798284 -0.39816177174080086 -0.035780889174636225 -0.025933110712283793 0.9990231237582675 197.96457326202588
0.9993794693529678 -0.0012163360194184889 0.03520222538655286 6.683001913356664 0.00032040565127415457 0.9996761615882296 0.025445418448788757 -0.3773495329207924 -0.03522177868273704 -0.025418349426705098 0.9990562215819275 199.43268114286525
0.9993687838215883 0.00011904864570654936 0.03552491602336172 6.737768967955676 -0.0010334455913234449 0.9996685916821221 0.025722340923196002 -0.3683635657326658 -0.03551008353446634 -0.02574281726071052 0.9990377076921033 200.88955854688714
0.9993825009829918 0.001592011019702274 0.03510102762187765 6.790482375850609 -0.0025481449845079665 0.9996264482567497 0.02721159557126749 -0.3444936605847183 -0.035044597345905294 -0.027284234550597822 0.9990132365493624 202.354590816937
0.9993898813837359 0.00017888407563946486 0.03492610627708255 6.8445844818945165 -0.001113454423540576 0.99964177848311 0.02674088554940542 -0.3293061922439297 -0.034908814398958016 -0.026763458677475534 0.9990320775710335 203.82183269281398
0.9993979183532224 6.818265167616661e-05 0.03469576422294008 6.898713919745109 -0.0009639357904558918 0.9996666266043038 0.025801288912435643 -0.313627707599365 -0.034682441282239074 -0.025819198545109223 0.9990648113672962 205.28001188501904
0.9994167345368374 -6.869681213164102e-05 0.034149464476758186 6.959784639804642 -0.0007997075792079486 0.9996766616154467 0.025415206408246037 -0.2986153786184236 -0.03414017144671224 -0.02542769181359327 0.9990935297755937 206.75847515520783
0.9994270976427635 0.00010116960144244315 0.033844736359901505 7.009511568992793 -0.0009496695241382459 0.9996856174262891 0.02505522831482987 -0.27790199099041624 -0.033831564170186054 -0.0250730150672231 0.9991129912261905 208.2078013684769
0.9994386994975724 0.0005784058858909094 0.03349554167711031 7.064800782996116 -0.001432254831463864 0.9996744835365092 0.025473037508679082 -0.2650454888621897 -0.0334699073746257 -0.025506713262216235 0.999114194140027 209.70704171769157
0.9994281734549664 -1.2115914408352844e-05 0.03381310212088319 7.120199100121946 -0.0008419732420897373 0.9996809456078048 0.02524476375596081 -0.25152004646705395 -0.03380262259622086 -0.02525879749150932 0.9991092912740768 211.1753237529541
0.9994630684588264 0.0017355667085205174 0.03271945167395545 7.168513297270032 -0.0025850282393579966 0.9996602223663418 0.02593756882221183 -0.23664034384861266 -0.03266332068979325 -0.026008222453804512 0.999127959720177 212.64303910212715
0.9994728395628806 0.0012590628451553854 0.03244160386260909 7.2209843433444245 -0.002085075285659183 0.9996741693557675 0.02544027538940292 -0.21642383966301074 -0.032399005201099805 -0.025494507100335344 0.9991498058936892 214.13589918376306
0.9994818312014073 0.001737130351311051 0.03214111700169679 7.2722831242220565 -0.0025792026885825105 0.9996540137385069 0.02617633586392309 -0.2000579775963987 -0.032084527595449615 -0.026245670179197884 0.9991405045992541 215.61624933057894
