1.0 -6.776263578034403e-21 8.673617379884035e-19 -8.673617379884035e-19 0.0 1.0 -1.828002979293187e-19 0.0 0.0 1.0683203047244863e-19 1.0000000000000002 5.551115123125783e-17
0.9999899472535253 -0.00018467345672678768 0.004480099068092895 -0.08935383828428908 0.00018035245514037685 0.999999518242775 0.000964877151016752 0.006521146692426455 -0.004480275472254457 -0.0009640594404887032 0.9999894988050257 0.04018385222165083
0.9999656273697552 -0.0021161082756333423 0.008016617868910317 -0.18320970325559133 0.0021079091236335646 0.9999972467655852 0.0010311069606578362 0.01757938564147879 -0.0080187784035728 -0.0010141732017615035 0.9999673347900742 0.09274276784853874
0.9999118547827639 -0.003925707402521624 0.01268351198154852 -0.25800654087458824 0.003921857071220318 0.9999922555468347 0.00032845884341613034 0.027285560027652297 -0.012684704251730045 -0.0002786869654098586 0.9999195070704312 0.1428039101518077
0.9998409694804145 -0.003652556887409842 0.017455502185609553 -0.3314715746575001 0.003650371719573705 0.9999933250366626 0.000157066378723273 0.03353338939098498 -0.017455960827880028 -9.332232683037034e-05 0.9998476287621015 0.22809754115236958
0.9997371820416786 -0.004733102703854759 0.022431329573822927 -0.3949598609185884 0.0047229771498755084 0.9999887194814021 0.0005043801541957022 0.0430033331105444 -0.022433465700332195 -0.0003983049304041542 0.999748258814693 0.3367074990620934
0.999561558878365 -0.006555045872405246 0.02887423286065306 -0.42471575459383376 0.006504639957908394 0.9999771530382071 0.0018393113223238 0.05148257136962961 -0.028885632363715462 -0.001650688378735745 0.99958136013447 0.5137058264093717
0.9993215736197917 -0.0065628188390934195 0.036239782099500344 -0.3910278135771587 0.006480711167954653 0.9999761612786124 0.0023827008122983776 0.06023623128751021 -0.03625455846180828 -0.002146224732489642 0.9993402827888774 0.8157848340394855
0.9990324178129365 -0.005671194850084303 0.04361267662151837 -0.34521275024252396 0.005609129291471124 0.9999830746192201 0.0015453633593365858 0.05649896573851668 -0.04362070617227927 -0.0012992389317591382 0.999047319256059 1.1921791742275991
0.9995473008667743 -0.005423358315657268 0.0295935879822151 -0.7898970657868989 0.00551228494561365 0.9999805318253343 -0.0029241556055061234 0.05426380216017501 -0.029577155584485006 0.0030859600885397454 0.9995577365924004 1.8277551600485875
0.9998432514486859 -0.004696458124382288 0.017070904885341808 -1.0886213192442493 0.004744537064492147 0.9999848887321113 -0.0027769904208198417 0.05851328939472235 -0.017057606333356838 0.0028575486320326126 0.9998504250645025 2.488042182263166
0.9999945180900845 -0.0013307357479212226 0.0030319848911038233 -1.3062792011776931 0.0013373220097651134 0.9999967486670446 -0.0021712263516455582 0.05918243298408807 -0.003029085958751108 0.0021752691580606705 0.9999930463975365 3.203763248860476
0.9998863567993307 0.0011116696663241057 -0.01503454862027366 -1.4279257374345509 -0.001127643527169759 0.9999988087155636 -0.0010540336415930474 0.05300229636692985 0.01503336023205536 0.0010708674535003886 0.9998864192239743 4.088818848879987
0.9995139622716712 0.001549900713403299 -0.03113578228057244 -1.5402632614949412 -0.0015180930393434617 0.9999983014765499 0.001045197842362316 0.047450126771266504 0.031137351956863932 -0.0009974228084644913 0.999514617478606 5.024889969677814
0.9988874388606858 -0.0008578177244168998 -0.047150274978868804 -1.6569653434516287 0.0010448990165414433 0.9999916794070416 0.003943260818710473 0.033494275573304005 0.04714650400970035 -0.003988140918408632 0.9988800238732538 6.094873097460638
0.9986978206237298 -0.003341657354191181 -0.05090673992508571 -1.7393426083071535 0.003525111163409104 0.9999876113615843 0.0035143589108956163 0.010338171389514733 0.050894369737685734 -0.0036892344488084396 0.9986972278483648 7.4114647902621735
0.9987592798122223 -0.003866347318417813 -0.049648284163446035 -1.7943681724871086 0.0039761292252754685 0.9999898635878278 0.002112610023304365 -0.011667163476259318 0.049639616979724244 -0.0023073968253385754 0.9987645290907553 8.771051412661263
0.9987890195113411 -0.0024711575865097213 -0.049136418896738206 -1.8638363294160558 0.0025151702345131456 0.999996489252181 0.0008339084068343009 -0.03955869981426808 0.0491341897861179 -0.0009564850043840584 0.9987917284154049 10.124477301062836
0.9988178817178268 -3.383950669712755e-05 -0.04860903001370535 -1.9349979654832419 0.00011965643931094363 0.9999984395603018 0.0017625437882647745 -0.04353104103164791 0.04860889858953801 -0.0017662766113360467 0.9988163271894712 11.489715464658799
0.9988823044311308 0.0003109520425356065 -0.04726568520330509 -1.9928095079574228 -2.005262526773785e-05 0.9999810581734494 0.0061549083789560624 -0.0631505683754536 0.04726670774477269 -0.006147081175514367 0.9988633900251239 12.856440556902633
0.9988736389709709 -0.0010022585948096534 -0.04743889374418432 -2.0527786694028514 0.0013866548826226871 0.9999664694555254 0.008070759555242866 -0.06649402511254827 0.04742921807576847 -0.008127450222361974 0.9988415359933837 14.229342483776232
0.9988898589210361 -0.003914694800478649 -0.04694384629748777 -2.1196405967032113 0.004311296736910688 0.99995584287115 0.008350151921645014 -0.0843756900402097 0.046909089022753266 -0.008543270802262816 0.998862628235917 15.614564349748457
0.9988612871194589 -0.006238155716397266 -0.04729919976076404 -2.18442724138078 0.006469520251685074 0.9999678383991154 0.0047399876527487615 -0.08629006099098842 0.047268113718054755 -0.00504059322469663 0.9988695200309962 17.002816159257065
0.998903659419112 -0.005810760081825438 -0.04645120089453929 -2.2310915164016802 0.0059603574658886925 0.9999774854356149 0.003082655767142914 -0.10926693321476169 0.04643224637943462 -0.003356141839245691 0.9989158037613146 18.370303945431676
0.9989147911755029 -0.0033417270243505377 -0.04645506034401813 -2.3078241765512124 0.003435973861264782 0.9999921975892868 0.0019490630524675407 -0.11720507396615584 0.046448188534645496 -0.0021065662543557663 0.9989184793353195 19.760921784245394
0.998953296164126 -0.0015940864180132878 -0.04571401074488735 -2.3643917456423695 0.001596114805966102 0.9999987261771364 7.866708434153145e-06 -0.13857790202103265 0.0457139438010493 -8.082328262368541e-05 0.9989545680372224 21.11429208783836
0.9989569894257999 -0.0009734560379930303 -0.04565068968146254 -2.4242256996541385 0.0009832353688988536 0.9999994982371456 0.00019176521691861612 -0.15572408443084418 0.045650483923465456 -0.0002364505732582002 0.9989574453402605 22.514900731238555
0.9989406643698794 -0.0007000735969690661 -0.04601150693096251 -2.486192061749482 0.0007904792111459135 0.9999977927865883 0.0019466807846621112 -0.18189329430862533 0.046010046406942125 -0.0019809897076214023 0.9989390129047243 23.902721816903377
0.9989305462661527 0.0009561295251936758 -0.046226067924212653 -2.5402579495055773 -0.000770446979629303 0.9999915646236853 0.004034488332570541 -0.19840367346809584 0.04622953935530233 -0.003994558842282215 0.9989228565732566 25.313738616910396
0.9989183514256788 0.0026159337331651453 -0.04642503501823859 -2.6116692225260483 -0.0024257604143162236 0.9999884372958373 0.004152224083366579 -0.20877165982459345 0.04643536405212495 -0.004035116766398652 0.998913146871886 26.697991296948477
0.9989314997040789 0.00445232355975126 -0.04600038604980864 -2.68585317303341 -0.004268572485732266 0.9999825171675386 0.00409202311387345 -0.21533496972801716 0.04601780469915817 -0.0038912947486425746 0.9989330406328747 28.10742717833095
0.9989252572363394 0.007170263634104133 -0.045792112596721474 -2.744873153084363 -0.006956787900308376 0.999964186985294 0.004819528761421633 -0.2329234100233598 0.04582503377522629 -0.004495782929584945 0.9989393647291499 29.504087163063275
0.9988935124292548 0.008187735698025413 -0.04631103115295499 -2.8115577426285676 -0.007979353173337428 0.9999572000812885 0.004682727670916992 -0.24453107541331068 0.04634739386551118 -0.004308014157150328 0.9989160927177105 30.911336256235792
0.9988832806434443 0.007603056255882626 -0.04663030109747096 -2.8707578535972416 -0.007358461669263758 0.9999582654395515 0.005414834309049437 -0.2631712386325744 0.046669528203383735 -0.005065660104022123 0.9988975395011715 32.32719360038157
0.9988398485505438 0.006041391367298057 -0.04777508057976257 -2.9234289873016768 -0.005815101568586109 0.9999712132204617 0.0048741492890895695 -0.27370573820933236 0.047803155938039514 -0.004590677526817882 0.9988462264876072 33.72021857369042
0.9988018564815616 0.007035963572977272 -0.04842877744976744 -2.991373332928164 -0.006760353760995139 0.9999600221761001 0.0058524931236999325 -0.29583858244709665 0.04846802336263213 -0.00551808525110472 0.9988094921743704 35.1503488344751
0.9987634657772677 0.006493099461228983 -0.04928872955379611 -3.0656840603427593 -0.006190107750179285 0.9999610115695143 0.006297453116066646 -0.3008236331529951 0.049327701986389215 -0.005984563468001207 0.9987647185573515 36.54855825919657
0.9987046310467245 0.006794638396709378 -0.0504271016179477 -3.133141263246894 -0.00645822486341474 0.9999558117613948 0.006831241898248588 -0.31588794608270354 0.0504712933808828 -0.006496723265819614 0.9987043813656352 37.99210806430464
0.9986748775129816 0.007126646230005956 -0.05096763380203655 -3.2027575461847713 -0.006770597078512964 0.9999514809708124 0.007155049254234065 -0.32484569705836314 0.05101615668169583 -0.006800486528424469 0.9986746744423928 39.39619827910734
0.9985790310551984 0.007728761644793115 -0.05272745699215856 -3.2691137345810386 -0.00728188125869737 0.9999359685676044 0.008662158078462615 -0.33696670854126176 0.05279103295648313 -0.008265894222245693 0.9985713705484742 40.82612779271659
0.9985770388264897 0.005851442978603264 -0.05300620609087178 -3.347789722106498 -0.005344026294019309 0.9999385819029218 0.009709470430704581 -0.34451813342093274 0.05305976940875171 -0.009412387537509066 0.9985469784038562 42.264728641116335
0.9985487060337994 0.003788800613670924 -0.05372268053666747 -3.4136819252890236 -0.003270756968616986 0.9999473368553037 0.009727572883799667 -0.35351602412268857 0.05375671166871881 -0.009537741347369547 0.9985085115787818 43.69860412490989
0.9984916798635892 0.0010277295660293298 -0.05489361293764075 -3.474270017479082 -0.0005195985394279708 0.9999568964966454 0.009270122656000553 -0.3577529945802945 0.054900778607813505 -0.00922761756934599 0.9984491753955865 45.125071561417975
0.9985121745870525 0.0005302604559930109 -0.05452665178704566 -3.5552238069525366 8.660878479129821e-06 0.9999511627132325 0.009882920718555108 -0.3712268559134616 0.054529233942124056 -0.009868688764393358 0.9984634053832168 46.554560508955724
0.9985379197667362 0.00020833541353289315 -0.05405533385892775 -3.623281863619892 0.00036737480238610446 0.9999433236531615 0.010640231505492934 -0.38686683213408357 0.05405449146398095 -0.010644533047349941 0.9984812497614474 47.97029406214931
0.9985641294204463 -0.0017286722526335487 -0.053541487334315824 -3.690253661896289 0.002362978776253373 0.9999277510349419 0.0117859684586278 -0.39645588956477834 0.05351724942178697 -0.011895562559405328 0.9984960690236985 49.39174860081848
0.9985838171159437 -0.003495861762205492 -0.053086145904894556 -3.7609436640135794 0.004105072999975148 0.999926919509212 0.011371192908455521 -0.40383756903123624 0.05304251866560218 -0.01157301155615057 0.9985251909006139 50.813361069496956
0.9986010995569768 -0.0040324516590084045 -0.05272175113320955 -3.8367941047941594 0.004593019420840437 0.9999341596442299 0.01051572919012161 -0.41130768940794493 0.05267588015464515 -0.010743170602897234 0.9985538724469404 52.23550350491078
0.9986348114277122 -0.004471428162370816 -0.052043438454103044 -3.9059814876687162 0.0050348973157834575 0.9999300686238668 0.010700826262964702 -0.4252316445792602 0.05199195536138975 -0.010948250826886908 0.9985874887151903 53.676025269987235
0.9986749384219743 -0.00267867727714438 -0.05139252683211698 -3.972068366426909 0.0032289511939382304 0.9999383160116584 0.010627231823485022 -0.43524381103830256 0.05136089411195005 -0.010779093891650849 0.9986219854991892 55.06763123947713
0.998715813736637 -0.00026916696197673323 -0.05066212300057042 -4.052137458162113 0.0008765503792111275 0.9999280078833032 0.011967068173804938 -0.44077825988926667 0.05065525882972094 -0.011996107959062918 0.998644150020718 56.494984307164145
0.9987338513781853 0.0037347797925878223 -0.050167173524821806 -4.124336824854731 -0.003063433797239842 0.9999048194376772 0.01345241434947927 -0.44726118575184176 0.050212644596654664 -0.013281697587541769 0.998650232589157 57.8832481521274
0.9987588497811306 0.007294081599902423 -0.049270235737135695 -4.1902924799488535 -0.00659860181180973 0.9998764968893604 0.014263570373077395 -0.4597926095555848 0.04936819449285733 -0.013920752273035691 0.9986836307055225 59.31243061282859
0.9987419941088514 0.012313199423920798 -0.048608786153988684 -4.264590671507529 -0.011637945749467634 0.9998321496095928 0.01415029512298358 -0.4615949642316341 0.048774866645024076 -0.013566787358473928 0.9987176552311037 60.69632537562516
0.9987316624122047 0.015443110918938819 -0.04792261037983573 -4.340995942852151 -0.014808224681409658 0.999798196553855 0.013575075811921359 -0.471190939220898 0.04812258486893723 -0.012848209068499072 0.9987587999864084 62.096504875666994
0.9987524742331929 0.016915008654640244 -0.046982735802867215 -4.408851362272754 -0.01630306214107526 0.9997775978744325 0.013377779765499639 -0.47213123121206385 0.04719857596175587 -0.012595128000425304 0.9988061160062053 63.50911494787545
0.9987582937121461 0.01698367080722596 -0.04683402007456214 -4.474799181476071 -0.01634098082070191 0.9997674532236223 0.014071668687799205 -0.47747389464323714 0.04706212151013814 -0.013288881795714887 0.9988035655379213 64.90024134659954
0.998782609000836 0.015079662682132098 -0.046967047012455104 -4.53208599661256 -0.014413857518021813 0.9997912255124602 0.014482614870302748 -0.4823319493900585 0.04717563839436102 -0.0137880073452509 0.9987914447909528 66.2733968552415
0.9987863326381448 0.014835856558207695 -0.04696550724054158 -4.597002306234057 -0.014198939246843945 0.9998030410097875 0.013866122179267023 -0.49217108780361046 0.04716197671618836 -0.013182432747676439 0.9988002661251641 67.6880067277078
0.9987871492971346 0.014541450068521792 -0.047040157354987205 -4.654647555206846 -0.013911409794297577 0.9998094625107289 0.013693479579831434 -0.5027458921883471 0.04723032145156229 -0.013022476342346663 0.9987991349810336 69.06185202796924
0.9987751173843867 0.01422775005388435 -0.04739025000327027 -4.717084345680028 -0.013580719955473096 0.9998104993053077 0.013947385246471421 -0.5022353252000614 0.047579713418784496 -0.01328670743355727 0.9987790719035651 70.45457135313288
0.9987428989082457 0.014136969710754529 -0.04809124385256415 -4.783712939531565 -0.013483972514374762 0.9998128052822173 0.013875766985981235 -0.5096067480348672 0.048278406771437306 -0.013209862545694017 0.9987465620331744 71.83733404405255
0.9987075540625144 0.014215937243105376 -0.04879680674058331 -4.847924367996075 -0.013536938854121798 0.9998072921143595 0.014217241379671161 -0.5100389744494546 0.048989518730026764 -0.013538306781784769 0.9987075355236579 73.21484600264522
0.9986654483063854 0.013315826800074084 -0.049900008715983026 -4.914015768332772 -0.012569417769026283 0.9998048235125682 0.015242199568154915 -0.5165207531769115 0.050093236096817886 -0.014594643800329377 0.9986379044907853 74.58663484650944
0.9986125657947971 0.011926261051074562 -0.05129042288240297 -4.978705769245816 -0.011087749686148615 0.9998006993147183 0.016601912076052414 -0.5226796291283526 0.051478203718549845 -0.0160101824160628 0.9985457770316045 75.95607187228987
0.9986076054532868 0.00939457754002189 -0.05190945953179141 -5.041298540064288 -0.00851865485494719 0.9998180136027199 0.017069628539745862 -0.5267773017620034 0.052060379028203166 -0.016603661874441965 0.9985059016245738 77.33656619735794
0.9985575143657556 0.0074003648384462495 -0.05318011696876434 -5.1097945531288245 -0.0064937443811699785 0.9998309686391459 0.017200739946718828 -0.5246001604223576 0.05329842407831738 -0.01683058979889524 0.9984367829162867 78.7044081157046
0.9985355942722901 0.006439858255137206 -0.053714010557420755 -5.179516920362373 -0.005528264027254327 0.9998384563709452 0.017102616117197617 -0.5266145415537054 0.053815476333764926 -0.01678062547462619 0.9984098884541279 80.06208337091942
0.9985312487796598 0.005677273374182314 -0.0538805485325104 -5.2474610171536735 -0.004776374473500195 0.9998468833008458 0.016834376104739337 -0.5297390372493666 0.05396787639744906 -0.016552296679580046 0.9984054737634518 81.41543424470991
0.9985248216839754 0.005630264018128179 -0.05400444740531918 -5.319519164899466 -0.004751993952734569 0.9998545862336737 0.016377574874071064 -0.5293118634182832 0.05408880901730995 -0.01609678599176443 0.9984063774188086 82.76779748183165
0.9985333340957668 0.005570595479913328 -0.053853030542097606 -5.3873689945605525 -0.004707307670760939 0.9998585958756299 0.016144024454345467 -0.5317624390799763 0.053935351849823454 -0.015866843552179863 0.9984183598803027 84.12077294942105
0.9985382309253495 0.00624315592404556 -0.05368821209819207 -5.461775490625529 -0.005420065126521352 0.9998657516182677 0.015462912152781613 -0.5357286082489324 0.053777546419952284 -0.015149315122234967 0.9984380171053556 85.47812087566828
0.998552614395105 0.006903611586637596 -0.0533386929711616 -5.527784394495788 -0.006070503526385857 0.999857289220639 0.01576547486624711 -0.5357110846805841 0.05343992415737314 -0.01541886319965431 0.9984520185813175 86.8309177680042
0.9985497365130496 0.008573294953663041 -0.053149995847794944 -5.599584440522128 -0.007663790667925342 0.9998211052838304 0.017292303607232676 -0.545740521895474 0.05328874407923356 -0.016859894526530708 0.9984368051876505 88.18054170873016
0.9985474581317236 0.008819142612631855 -0.053152575827157884 -5.673653180568744 -0.007840473258198706 0.9997963938956432 0.018592949111208786 -0.5417131495975054 0.05330573197514786 -0.0181492004641708 0.9984132940330864 89.50934534224817
0.998570009379577 0.007804573506294417 -0.05288690517534796 -5.737633630427217 -0.006848987121478973 0.9998104393981133 0.01822571448190771 -0.5450412748293708 0.05301912827288133 -0.017837429892401085 0.9984341732786559 90.85532695775753
0.9985548632764226 0.008599045866326555 -0.053049421988812205 -5.811430321046273 -0.0077736098253915874 0.999845796880356 0.015746538404366343 -0.5444543764187361 0.05317665126468436 -0.015311396775878163 0.9984677286383075 92.19683437593764
0.9985624178025855 0.008475591848057422 -0.05292694807543813 -5.876158374253374 -0.00768446418112833 0.9998559571103123 0.015133210537625572 -0.5446275528026466 0.053047591686186606 -0.014704739856057573 0.9984837123782518 93.51967294809212
0.998576360939279 0.006267089997678842 -0.05297145171315873 -5.946550401136822 -0.005440605659012487 0.9998614379177037 0.01573228505094966 -0.5495100994670683 0.05306271197067339 -0.015421690953866871 0.998472092894113 94.86418765174216
0.9986304087019103 0.0039073488615157855 -0.05217316542909448 -6.009446041188906 -0.002938043672267342 0.9998218983812157 0.018642409607172207 -0.5466430727832581 0.05223672007762971 -0.01846358982050979 0.9984640309781372 96.19341015994061
0.998670612397799 0.0013750340384573643 -0.051527827159947 -6.072266386645229 -0.0004046331628821261 0.9998224623170472 0.018838262576752668 -0.5519430976172052 0.05154458659810088 -0.01879236908495422 0.9984938671221516 97.52885126948648
0.9987245584084244 0.0010246659991936182 -0.050479760878691896 -6.132838799234297 -0.00010899262722030095 0.9998354719443027 0.018138830730326187 -0.5481784349244002 0.050490046013403615 -0.018110193527821068 0.9985603518863165 98.87343832186836
0.9987690480419452 0.0024581845539608472 -0.04954135420685835 -6.1978078996920685 -0.001682028516190661 0.9998752943002446 0.01570244067476491 -0.5486932221177021 0.0495737797670818 -0.01559978152917219 0.9986486305934679 100.18837765574202
0.9987827534694984 0.005362546415713266 -0.04903319533181156 -6.2646870223594195 -0.004682057972543831 0.9998912785474848 0.013982468765748544 -0.5522634086851503 0.049102850123336456 -0.013735872193587377 0.9986992721201202 101.51488598398231
0.9988373099503545 0.0077542201615754085 -0.04758045929374427 -6.329115179688326 -0.007110424428336833 0.9998810734208551 0.013685061075695778 -0.5487272377609891 0.047680921684759466 -0.013330832140134296 0.9987736574512401 102.83039022081674
0.9988992694467854 0.009477312861896963 -0.04593941484060164 -6.393022123570606 -0.008748067979834816 0.9998329330096433 0.0160492180070325 -0.5530536328747516 0.046083847203664034 -0.01562967079429923 0.9988152945358755 104.18456845034531
0.9989358989336165 0.009026377536721222 -0.045228244859794035 -6.452435888453094 -0.008192883489477413 0.9997938043887222 0.01858024194908953 -0.5482045502167159 0.0453866350767537 -0.01818992069193237 0.998803874799228 105.4879841953348
0.9989794472514849 0.008853252264896676 -0.04429089865878564 -6.506738650931238 -0.007997827019993162 0.9997787662894827 0.019453875327714937 -0.5525654875792099 0.04445333381050278 -0.01907979040149507 0.9988292461052533 106.84249491652338
0.9990119459379023 0.009164534364625514 -0.043487273994345044 -6.565337608467874 -0.008342031503073005 0.999783585934052 0.0190575925269932 -0.5432870804897332 0.0436525203570047 -0.018675990117282205 0.9988721965385422 108.18400235307384
0.9990834125771824 0.010246339196966363 -0.04156136516990561 -6.618927453814609 -0.009461293951803965 0.9997739219734437 0.019041766887572458 -0.537427805445542 0.041747080960571614 -0.018631088883093536 0.9989544854006628 109.49552219359451
0.9990990433084713 0.012576417087857988 -0.04053313735828769 -6.679338686495297 -0.011825079558099843 0.999754775274014 0.018723163257879552 -0.5319313418547723 0.04075867135883929 -0.01822698666340398 0.9990027566545185 110.86094583466998
0.9991312012878033 0.012915512091706636 -0.03962362927576081 -6.72938109605961 -0.012219269178500625 0.9997675451457625 0.01776359101729857 -0.5341692772989579 0.03984384778661696 -0.017263985993096063 0.9990567665117599 112.17762611256971
0.999156480389715 0.01470997386603922 -0.038339851387967125 -6.777923121131987 -0.014069818190920501 0.9997579559574912 0.01691359664239712 -0.5297698347108009 0.038579373255957006 -0.016359894719614968 0.9991216071770136 113.51435456844467
0.9992051774452221 0.013696732834420215 -0.03743544744801371 -6.83145670925739 -0.01306851796634023 0.9997705083206488 0.01697482145570797 -0.5272416267841867 0.03765935907730956 -0.016472103431531538 0.9991548641727672 114.86358292002681
0.9992449843209238 0.013095313424917918 -0.036578325991506476 -6.878533169666052 -0.012437255682207847 0.9997577281148536 0.018160390375969317 -0.5266019773926643 0.036807283182420894 -0.017691744750256668 0.9991657651175679 116.18527284786731
0.999289950580352 0.011595067776925242 -0.0358489740064946 -6.9259204943530115 -0.010915488534331516 0.9997580927421471 0.01909471490266446 -0.5198113911050374 0.036061709416996955 -0.018689847378487043 0.9991747809184176 117.55068006642342
0.9993265594832225 0.01048398350303198 -0.03516409351978964 -6.967645107884023 -0.009778247557596903 0.9997485027195344 0.020182101337881248 -0.5174225087627314 0.035366841628798475 -0.01982466639668886 0.9991777465566715 118.8838363286377
0.9993279290383904 0.008932270504296447 -0.03555143681721088 -7.009569996052885 -0.008219175373422979 0.9997631025959208 0.020154003841375175 -0.5101713347921027 0.035723038782860206 -0.019848255141159968 0.9991646067434549 120.22582068595331
0.9993307497787886 0.007392333188681807 -0.035824653936209205 -7.054072064206259 -0.006640736920701994 0.9997562925559047 0.02105364894231752 -0.5053935522120601 0.035971561804111984 -0.02080165638144563 0.9991362959748485 121.5653042272608
0.9993246741778492 0.005309722236046704 -0.03635934957312839 -7.095534866982773 -0.004546818875833961 0.9997684436227218 0.021032964550013734 -0.5011048570183059 0.03646261258872568 -0.02085344076824739 0.9991174165210062 122.89367100359026
0.9992900972766102 0.004716279002027828 -0.03737723991233409 -7.143377766249781 -0.00392608109652602 0.9997678334784866 0.02118643556850979 -0.49577175314586763 0.03746848644908064 -0.021024648881823545 0.9990766120640011 124.2485060566921
0.9992591262438173 0.003132730780867558 -0.038358629760993766 -7.187845321476425 -0.002292655912565508 0.9997569898562341 0.021924985418772813 -0.48668138347739853 0.03841799651980573 -0.021820798318012563 0.999023478412885 125.57774070787954
0.9992139332653542 0.001648182751629752 -0.0396080662862562 -7.233027309445644 -0.0007537231897326653 0.9997445949020219 0.02258709563316203 -0.47873477490205035 0.03963518116527519 -0.022539486824774885 0.9989599712056213 126.92813693659224
0.999164592730329 0.0006792438504567141 -0.040861413412704446 -7.282906768204361 0.0002468066420638319 0.999743337247473 0.022653890160697528 -0.46879672823823254 0.04086631674783191 -0.022645049476889906 0.9989079767534907 128.2591313032774
0.9991161075463205 0.00039945516588511245 -0.042033842469620775 -7.330959772754879 0.0005703384260060803 0.9997339844939401 0.023057211153565217 -0.4627706071514842 0.04203187465773324 -0.023060804240603652 0.9988500993445424 129.59189172461595
0.9990643269388942 -0.00044773434752452346 -0.0432466183496585 -7.390755611606693 0.0014211781164960287 0.9997462601214361 0.022481006418174323 -0.4483706845545515 0.04322558305878209 -0.02252143236778608 0.9988114607888359 130.95744432154564
0.9990210494962166 -0.0019207587895126 -0.044195623857245715 -7.446201625561507 0.0028225119923337718 0.9997889266008415 0.020350324168151045 -0.444391529740678 0.044147210968919506 -0.020455144590147 0.998815604094731 132.28634938483805
0.9989626164311521 -0.00605612225126773 -0.04513329330777992 -7.4977268373848345 0.006948417137666659 0.999782979036225 0.019639611838277008 -0.4429015833497581 0.04500456231328448 -0.019932842686873363 0.9987879010683314 133.62485253253195
0.9988069637810558 -0.015441578366397112 -0.04632716848054021 -7.544891962429318 0.016497704681412 0.9996106669396979 0.02250200726404487 -0.4329284502882985 0.045961669117017816 -0.023239453159484367 0.9986728458104439 134.9664567499625
0.9985827759139821 -0.02333803662531331 -0.047830695495469214 -7.584884652732698 0.02448732755890775 0.9994218974716326 0.023584777447573507 -0.4215506753462267 0.047252625998208134 -0.024722598078620716 0.9985769788350369 136.3304871415901
0.998454315891122 -0.026111903010082944 -0.04906268758370956 -7.637572218698341 0.02715975415065206 0.9994144045978232 0.02081335462316239 -0.41764333121907793 0.04849048445355484 -0.022113713959396944 0.9985788185041851 137.66726687336657
0.998506305680856 -0.024800027613743978 -0.04868383580854749 -7.696210459641574 0.02571648823817402 0.9995019564699577 0.01828937747634188 -0.4112522030560126 0.04820601610069553 -0.0195140357409608 0.9986467756993177 139.00021503621545
0.9986200365605645 -0.021560467040904332 -0.047887039846270046 -7.763902528133126 0.022355945630757327 0.9996198086408962 0.016138461271869495 -0.40632247999009585 0.047520884817020805 -0.01718675059181207 0.9987223744871685 140.33423776086423
0.9986993349180071 -0.020517984840195826 -0.04667601623129971 -7.8232331166884235 0.021290413709585322 0.9996434953183757 0.016112126230298007 -0.41210880322438403 0.04632879152365387 -0.017084921195103037 0.9987801303214799 141.67777429200774
0.9986502927002603 -0.024064980585225833 -0.046026832910626 -7.878692548271522 0.024960339173546564 0.9995082864638395 0.018978062035215 -0.4067729866972838 0.0455474980050927 -0.020101292271379 0.9987599129148504 143.02117113779047
0.9984757049178086 -0.03050614155104769 -0.04599610560861272 -7.92178678013731 0.03159015981107222 0.9992356029560462 0.023027629287582677 -0.3968268227796479 0.045258465981919585 -0.02444555235262786 0.9986761669280507 144.37704093349853
0.9983503404022802 -0.03440017938496506 -0.04596982887783452 -7.968773827044586 0.03553765412355591 0.9990762624449033 0.02415982426682196 -0.38877337856174254 0.045096266295933905 -0.02575362828013205 0.9986506283762928 145.727437988058
0.9983061864424093 -0.03543360988357146 -0.04614344030412346 -8.017892657775377 0.03661418304696265 0.9990168240314978 0.024995740852241925 -0.37524567435095474 0.045212387625869654 -0.02664290670463691 0.9986220484682374 147.07456201651263
0.9984077226326009 -0.03378283786974353 -0.04517453877624461 -8.075326935389054 0.03494271146274433 0.9990731445510883 0.025136803691070474 -0.36756020878487744 0.044283479641426274 -0.026675299408662433 0.9986628069495417 148.4184510337888
0.9985286932714869 -0.03162789197850614 -0.044046848760605155 -8.136054934618754 0.03271633371075544 0.9991713399324115 0.024213118291958578 -0.346220953457657 0.04324454261616763 -0.025618544394065048 0.9987360010846794 149.7702039194616
0.9986926336006375 -0.02779495323175654 -0.042900628443984595 -8.195304109838137 0.028804338230775686 0.9993182966021936 0.02309225586961309 -0.3376117463187252 0.04222953829430544 -0.024297789685122455 0.9988124366725094 151.11073642185562
0.9988085470117377 -0.024499707456583288 -0.042204863784915475 -8.25580675712435 0.025442501675341275 0.9994353226688201 0.021948006670911062 -0.32586728637687534 0.041643315390883784 -0.022995653632757095 0.9988678763152528 152.4656017000611
0.9988540465619119 -0.023284670343744228 -0.04181408349703192 -8.313136894061703 0.024268588147080213 0.9994367195783035 0.023179285371141865 -0.31426684903137075 0.04125081186981958 -0.024167491406209385 0.9988564977072444 153.82422622328343
0.9988724115284667 -0.022002093131157308 -0.04206914752823233 -8.358718781010365 0.02300800572055618 0.9994572058147884 0.023578072329247118 -0.3053705833981616 0.04152754916599942 -0.0245194127945568 0.9988364536753614 155.20077041590457
0.9989057724025007 -0.019114987388090525 -0.04268342668644089 -8.413789743547039 0.020086702738533493 0.9995460696114671 0.022453934187919723 -0.2954083531080016 0.04223484824310328 -0.023286733436477077 0.9988362957867557 156.54774262036068
0.9989496875245978 -0.016026023127172568 -0.04292654402052967 -8.484038583014915 0.01684821919420977 0.9996801547480678 0.01886069350525384 -0.28617262001091054 0.04261055582149637 -0.019564119420322577 0.9989001881634338 157.9264199172085
0.9990174946695299 -0.0102894909391019 -0.043106513869972066 -8.547247146001503 0.011054296912698058 0.9997850248033582 0.01754157141732212 -0.28180700431698846 0.04291675678878966 -0.018000848670719626 0.9989164737790637 159.28965186637512
0.9990449793892904 -0.006841279679565562 -0.04315467381775495 -8.607211383952977 0.007655244140440519 0.9997953729261144 0.01872457040791766 -0.2724899095925546 0.043017746780020766 -0.019037047344431495 0.9988929194078705 160.65170888968137
0.9990863032126726 -0.0020556607522085567 -0.04268879035749166 -8.667393513832218 0.0029982503054207655 0.9997528535963488 0.022028214742813912 -0.26743914035208805 0.042632961009349275 -0.02213607899185191 0.9988455460121309 162.0695677199115
0.9991018750172725 -0.0026372065332848633 -0.04229052271948065 -8.728008702635565 0.003627636632514131 0.9997205351328295 0.02336004948896998 -0.25217400387189415 0.04221710226333688 -0.02349248355393885 0.9988322279711458 163.41900178922407
0.9990557605154206 -0.004573019515338555 -0.04320503093938615 -8.77961710821185 0.005672993387939701 0.9996620032405154 0.025371173679258407 -0.23834991618119225 0.04307440851193321 -0.02559231869895634 0.998744025613805 164.81218264114813
0.9989591799548906 -0.007836948497164504 -0.04493482869454851 -8.835494266943444 0.008983529761171305 0.9996377229862186 0.025371618226618434 -0.2225005111176644 0.04471971751563544 -0.02574888393461151 0.9986676834654568 166.19200118231382
0.998889855455327 -0.008153271754738274 -0.04639591171227508 -8.889739710034245 0.009223184373826115 0.9996953680164655 0.022893319305562012 -0.21485592124146713 0.046195126445458305 -0.023295822121358715 0.9986607607874144 167.53862450171965
0.998802837498663 -0.007369127051398629 -0.04835894489591836 -8.95944607767101 0.008249264465389096 0.999803490657137 0.01802580733062815 -0.20315137533431432 0.04821661148213602 -0.018403152968217276 0.9986673532930502 168.95260382872658
0.9988027628837524 -0.002908237217590274 -0.04883219012809278 -9.028612511592396 0.003733043219810722 0.9998517681731237 0.016807917387462516 -0.19596252861237506 0.04877607431603671 -0.016970086755292314 0.9986655651076045 170.3564764883852
0.9987941907884071 0.0011014983168328375 -0.049081064860667455 -9.101989436821544 -0.0002343742121413463 0.9998438558544654 0.017669436775700095 -0.19156379083107608 0.04909286810614136 -0.01763662721540294 0.9986384930921416 171.70306846639687
0.9987938818583044 0.0037442704613804196 -0.0489567337545691 -9.172600253059336 -0.0027176603278261163 0.9997753717749365 0.021019522753180652 -0.18310554046271962 0.04902444357520665 -0.02086112265140157 0.998579700220738 173.1426151513012
0.9988035566259511 0.0032415794644549143 -0.048794950706610274 -9.233818355265806 -0.0020528815431970515 0.9997003748232264 0.02439152070148233 -0.1718904625940178 0.0488594016561069 -0.02426216702414081 0.9985109445139322 174.49898035067105
0.9988012573369117 0.002673075795804992 -0.048876403183758806 -9.301450138635554 -0.0014371461695070226 0.9996787563875389 0.02530451868570835 -0.15613502095927956 0.048928346946023694 -0.02520394217991959 0.9984842404144242 175.93447113741786
0.9988065226040698 0.0012044786262914969 -0.04882703570796448 -9.36329752535624 4.681238883373423e-05 0.9996718099398544 0.025617772112461072 -0.13962848827848573 0.048841871309530785 -0.025589483220766217 0.9984786678474534 177.35219092194606
0.998800786464438 -0.001845662260299909 -0.04892425031768047 -9.42309600947233 0.0031518497519913303 0.9996402707739538 0.026634468653380962 -0.12381529024612287 0.04885749669194475 -0.026756729736866814 0.9984473058805599 178.76412884564562
0.9988078142636139 -0.004392124960449966 -0.048617478191850756 -9.485310037385519 0.005707128709620087 0.9996206994809897 0.02694226946763553 -0.10915357047361432 0.048480707801032516 -0.027187615089681576 0.9984540323632066 180.16477540661154
0.9988202058006533 -0.007111566482895107 -0.04803771320430825 -9.547171726223835 0.008466328708728156 0.999570451184238 0.028057698339847455 -0.09142060909289774 0.047817548475972964 -0.02843129868777851 0.9984513726219619 181.58024888569994
0.9988000772157962 -0.011161165628666514 -0.04768473460937147 -9.607580933121195 0.012581830072747609 0.9994827148465489 0.02959730265633009 -0.07056089799232898 0.04732973156625983 -0.030161748967847745 0.9984238406509989 183.0136584108454
0.9987536077261238 -0.014757883829101235 -0.04768055881782774 -9.664353046052256 0.016217080315911306 0.9994073696257084 0.030363068107922466 -0.055051755299835234 0.04720421118602662 -0.031098462813401537 0.9984010457855254 184.42775352380514
0.9987903724127468 -0.01304232118059265 -0.04740980500859786 -9.731109370964454 0.014312803537867623 0.9995448073774877 0.026557894288804722 -0.03571715361681111 0.0470418517624763 -0.027204335955930477 0.9985224025836185 185.8616683217357
0.9989093620691447 -0.005545879185491606 -0.04636086058157124 -9.797054726273169 0.0065341838526617995 0.9997540430689845 0.021193344108624456 -0.021843373098262953 0.046231925950129635 -0.02147315991859492 0.9986999111850139 187.270523144294
0.9989767511719425 0.0027943760750660336 -0.0451402469121494 -9.865188426865988 -0.0018343464605147573 0.999771549744947 0.021295152400685562 -0.0015640793035932993 0.04518944506080625 -0.021190559002825488 0.9987536605345373 188.70016511363033
0.9989605980158474 0.010477259180145615 -0.044361587649165216 -9.949419202882922 -0.009383602572367249 0.9996486369934702 0.024790131001286242 0.01363058659451509 0.04460573699496985 -0.02434809223171751 0.9987079146526023 190.14117222240276
0.9989764555645289 0.012022998952768565 -0.04360606073899157 -10.015459255648857 -0.010818742320450157 0.9995563926426563 0.027748383451862597 0.027962480512654514 0.04392033923691256 -0.02724821862168313 0.9986633759839256 191.57408822916145
0.9989999113582239 0.010548440355849276 -0.043450055536162886 -10.06467947936407 -0.009326149628503436 0.9995577144960716 0.028238242946256466 0.04924996077287759 0.04372871129344545 -0.027804780080622375 0.9986564445089774 193.02484304426287
0.9989536178324098 0.0073262406906566945 -0.045144162670094135 -10.129999382056958 -0.0060491819421196365 0.9995794581237791 0.02836043600280756 0.06726737476652797 0.04533295683816692 -0.028057674490138997 0.9985778337639717 194.4776067156795
0.9989080432186692 0.005081452424172843 -0.04644243569147589 -10.18601491935464 -0.0037658918017610425 0.9995903845650174 0.02837042786779044 0.08450579114426345 0.04656757903371484 -0.028164550992354875 0.9985180112638866 195.90287168555858
0.9988840473059934 0.004821392770653056 -0.04698312467062827 -10.252999795877175 -0.0035114869757397597 0.9996039061808791 0.027923112999591156 0.10848236608399185 0.047099147186195664 -0.027726971095838535 0.9985053257651036 197.37117518118433
0.9988918696419329 0.006180562788080268 -0.04665654511970171 -10.318165115446229 -0.004870095067341217 0.9995918702726442 0.02814915794055782 0.12124164083409715 0.046811484756842804 -0.027890742791512248 0.9985142921019544 198.82681705502668
0.9988607552151985 0.007749720991161092 -0.04708644502803988 -10.386433350430373 -0.006353697423045391 0.9995378974101365 0.029725783554599663 0.14859596494229516 0.047295056751757075 -0.02939274516250072 0.9984484184527559 200.29100133547152
0.9988591029777226 0.0063799080618157636 -0.04732640871136441 -10.453088854783104 -0.004999474046908204 0.9995602207698813 0.029229614253402324 0.16716146869403986 0.04749208177053336 -0.028959658703690636 0.9984517216727766 201.76202825463616
0.9988531271045675 0.006088059880180966 -0.04749069160555085 -10.519684085741146 -0.004746020916475689 0.9995876202231683 0.028320748861576806 0.18709722182428723 0.04764352981140036 -0.028062876341804023 0.9984701143327457 203.21595864757023
0.998828406041257 0.006023367829213465 -0.048015977649106985 -10.57943596328925 -0.004683960419144676 0.9995980989518836 0.027958918434010382 0.2056944532656656 0.048165090862592796 -0.02770125659569192 0.9984551890732336 204.69540548926167
0.9988100737297034 0.005923298844833242 -0.04840817005613161 -10.650126918606361 -0.004593438802325289 0.9996102299651073 0.027537038725695684 0.23041110401035364 0.04855241617947579 -0.02728191131969215 0.9984479758023698 206.14359023616134
0.998791069415074 0.006525292683518073 -0.04872186357252084 -10.718540712590265 -0.005163936643009715 0.999594159724012 0.028015167998173877 0.24693022109313484 0.0488849015445777 -0.02772970258822509 0.9984194159688007 207.64168261888287
0.9988094537023499 0.005919607253278157 -0.04842141288723974 -10.784956417901716 -0.004580084472661702 0.9996050073167146 0.027728184335749546 0.2641519246975227 0.048566430813519086 -0.027473398090932886 0.9984420435764778 209.10803591483622
0.998744045449226 0.007708881691374511 -0.04950661160102076 -10.85624540545684 -0.006307572182087481 0.9995767482587603 0.02839962868504182 0.28309686831743286 0.049704591383976524 -0.02805169311167262 0.9983699496197047 210.5795432571132
0.9987330723863233 0.00716538064625481 -0.04980870616251385 -10.927002487307874 -0.005778392220023416 0.9995930471168112 0.027934752076660574 0.30684817381202373 0.04998860368632596 -0.027611546129652345 0.9983680394622533 212.07471921806854
0.9987136830542899 0.007799645323765176 -0.05010134306637277 -10.996958580610361 -0.006366238063768331 0.9995676160497983 0.02870630581980714 0.326556629695996 0.05030358326878872 -0.028350422926291318 0.9983315096849058 213.55136055994268
