1.0 -6.776263578034403e-21 8.673617379884035e-19 -8.673617379884035e-19 0.0 1.0 -1.828002979293187e-19 0.0 0.0 1.0683203047244863e-19 1.0000000000000002 5.551115123125783e-17
0.9992898661741748 0.009245706989680214 -0.03652779940405233 -15.193038915256952 -0.008528950856699278 0.9997689739071943 0.019729567574560257 0.3281414312429674 0.036701777406872735 -0.019404012856247484 0.9991378603215726 3.1165536321725678
0.9982582140341862 -0.024990023054326134 -0.05344189873831979 -28.408489517822932 0.0247167822694472 0.999677854509652 -0.005767836120675187 0.09447897434004064 0.053568825506823965 0.004436877949652108 0.9985543026354915 6.153820675098447
0.9980566666845148 -0.028873183958464624 -0.05521982413237267 -28.59886510203308 0.028586583058117152 0.9995734728593185 -0.00597324881871489 0.10977167709308566 0.05536874271757507 0.0043830946579690305 0.9984563541247823 7.478246231528166
0.9980711227296234 -0.02895872245885233 -0.05491289476757651 -28.659690926403943 0.028694118233761192 0.9995725459706218 -0.005601160400868502 0.07853039600749354 0.05505162907927026 0.004014679301924114 0.9984754382375193 8.799500174490204
0.9980829819713329 -0.028941104169807382 -0.05470624494233654 -28.752570154662386 0.02871674178994868 0.9995756621506265 -0.0048830784231414185 0.053633010415850155 0.05482435727461364 0.0033027323208335638 0.9984905518250111 10.102794530260715
0.9980407078624469 -0.030047943332468133 -0.0548804718450012 -28.81040190913385 0.029880692637185766 0.9995459968943535 -0.003865796823792722 0.026039964490195633 0.05497171977746286 0.002218356060786061 0.9984854476641073 11.455142175287097
0.9980206074403307 -0.03040105879603133 -0.0550512705013411 -28.906127274226993 0.030283048741625355 0.9995369306039463 -0.002976811343901254 0.007587455943665902 0.055116280764637114 0.001303798744409649 0.9984790914086217 12.814917974655689
0.9980352081101137 -0.029548528260532857 -0.055250407135245344 -28.964219556245713 0.029374405969684006 0.9995606301666718 -0.003961183764676758 -0.021517507151189094 0.05534318354799705 0.0023304529453271132 0.9984646720357145 14.143540683905215
0.9981430829320453 -0.026293490686467767 -0.054945773281022695 -29.034889193578824 0.02597837756878638 0.999641751051947 -0.006441546001622814 -0.05006728784971114 0.05509546435030267 0.0050021824730183 0.9984685614766816 15.475823799903647
0.9982003589036634 -0.023556594215472654 -0.055146441625444687 -29.113566282970357 0.0231911220668015 0.9997047029341347 -0.0072580188050048455 -0.07832897886290825 0.0553011358700025 0.005966049034494031 0.9984518971446269 16.81733891879709
0.998250933395766 -0.021187977936950923 -0.05519187662769137 -29.195124894630183 0.02082121090199677 0.9997572028494688 -0.007211973744004366 -0.10536141598466511 0.0553312879644113 0.006050197734232128 0.9984497202970272 18.14011491032336
0.9982964721512575 -0.020519674672925117 -0.054617729082562246 -29.263019018484112 0.020220619763090517 0.9997774032168248 -0.006022506931130091 -0.13108933084002544 0.05472915581102033 0.004907843023169802 0.9984891751322551 19.493962428022403
0.9982531649378109 -0.022394390755157728 -0.054672750383194746 -29.331714627349516 0.022237911031358214 0.9997466889120897 -0.0034689145991622507 -0.15775297973038377 0.05473658997457223 0.002247047189983496 0.9984983008350822 20.852818628464775
0.9981479310904265 -0.026810356949313545 -0.05460688674267171 -29.400764125999057 0.026769486354390862 0.999640537619638 -0.0014799382321390123 -0.18469965381543343 0.054626939858890486 1.5398979587939293e-05 0.9985068339654072 22.217864045270748
0.998088778247494 -0.02858177707022189 -0.05478934571796682 -29.464284498498767 0.02845759646795881 0.9995903610370009 -0.003045554569266961 -0.215992628136277 0.05485395381281884 0.0014805607316279415 0.9984932908964895 23.556805820164143
0.9980703696034824 -0.02968537957684314 -0.05453728269124621 -29.547703519079136 0.029466272968423923 0.999554165848892 -0.004817506987734688 -0.23401420046267168 0.05465598219858352 0.0032012004800769044 0.9985001132693453 24.934653079113236
0.9981410534916967 -0.027206039631307494 -0.05453685359666035 -29.6072556100668 0.026927991143383515 0.9996203932031784 -0.005826907651072041 -0.2753135285805235 0.054674682686224524 0.004347507772690059 0.9984947563826763 26.284369929507
0.998236640002255 -0.025157653754638812 -0.0537652554208054 -29.68602327921769 0.024927895134151775 0.9996770467636784 -0.004939865972139233 -0.28716544304588415 0.05387217169816758 0.003590900513545129 0.9985413836273083 27.649374364556184
0.9982998076852495 -0.02471012873308661 -0.052791128049221245 -29.754069156158963 0.024719039448376674 0.9996943205930242 -0.0004842751854435543 -0.29867571877250515 0.052786961802752254 -0.0008214941359976526 0.9986054586593471 29.0263833599933
0.9982599918746868 -0.0265455587559196 -0.052652840492318435 -29.81220233213733 0.026636040087318763 0.9996446801390116 0.0010173046069972488 -0.31594218612576486 0.05260713136947177 -0.0024179976190011145 0.9986123588595041 30.380430975774352
0.998138938889075 -0.02978492110190806 -0.053211998690225804 -29.880192238522316 0.029848511799140217 0.9995543537150028 0.0004005003687296642 -0.36166344859472177 0.05317636053168446 -0.0019880539496274635 0.9985831575677854 31.777619196941224
0.9981103443818246 -0.03099390977661136 -0.05305768224562872 -29.972103553471957 0.030902156081697225 0.9995191639207673 -0.002549077608149662 -0.356392879791868 0.0531111805161708 0.0009046639437952008 0.9985881955765274 33.150452001946945
0.998163537115565 -0.030311342448492457 -0.052447834580004814 -30.03060802165102 0.030135880392340185 0.9995372652791666 -0.004133293801762161 -0.4068312207344075 0.05254885521999738 0.0025451414600331794 0.9986151112031958 34.53991648250251
0.9982357056157932 -0.028521915382283294 -0.05207663632129039 -30.095692203717807 0.02827485857799816 0.9995851930031007 -0.005474885963656402 -0.40937307364523357 0.05221119316494707 0.00399276707323763 0.9986280836079817 35.91881316497991
0.9983140297250467 -0.02645861852355199 -0.05166274526822943 -30.1692998679962 0.02613345304739013 0.9996342366265256 -0.006959573165193812 -0.454525077479616 0.051827993950956504 0.00559771352763028 0.9986403381072074 37.293581458921054
0.9983426257649468 -0.025844608669012652 -0.05142039942956111 -30.258576859868434 0.0255304145483462 0.9996512033463307 -0.006757931709391749 -0.47555225461503187 0.05157712457720851 0.005433947099753664 0.9986542307953735 38.70148855509459
0.9983001478980427 -0.026442317526219165 -0.05193860064407259 -30.313013654178906 0.02621291331537227 0.9996434074987105 -0.0050932390522056715 -0.5070721500228306 0.05205476112303154 0.003723119213519837 0.9986372917517731 40.08960844980176
0.998324549885515 -0.025063363333759414 -0.05215285807639191 -30.385855560541152 0.024932577878221635 0.9996841502048889 -0.003156968225011733 -0.5235840610938494 0.0522155142126478 0.0018513736643286174 0.9986341235612336 41.50570574569026
0.9983879234238662 -0.022709518330208508 -0.0520176108835072 -30.456544617498132 0.02258237514248402 0.9997403916559012 -0.0030307874625240152 -0.5577275235160406 0.05207293875414351 0.001851220375241756 0.9986415684724818 42.87857176822069
0.9984478159559724 -0.020376515007984247 -0.05183392869314291 -30.535163687152387 0.020256345857520158 0.9997907778227121 -0.00284272255187949 -0.5751032627477951 0.0518810130022418 0.0017883441141545232 0.9986516722871659 44.31277466679561
0.9984741148904551 -0.017740105485069994 -0.052294648593990266 -30.598936934118804 0.01763811777195187 0.9998415289612338 -0.0024111812069333703 -0.6033606117913859 0.05232914039189335 0.001485122832167005 0.9986287877518167 45.72505289603822
0.998497686096756 -0.01653073668003435 -0.05224083966805366 -30.68652733209373 0.01644511196155548 0.9998626303365052 -0.0020685198228064527 -0.6286341359086753 0.05226786188952015 0.0012063057846851762 0.9986323726425793 47.11314119217753
0.9984605893460047 -0.01766166556375748 -0.052578672581952104 -30.75774276385975 0.017572399382019918 0.9998432611085741 -0.00215963528308986 -0.6473212029152897 0.052608578614867806 0.0012323772690565227 0.9986144496027621 48.544567129051366
0.9984033093480398 -0.018330685898493577 -0.053430492654386784 -30.81853117179044 0.018218047848660907 0.9998306713750348 -0.002594482827333435 -0.6776519487772744 0.05346900846380163 0.0016169409487657878 0.998568200423556 49.908513375186814
0.9983405886901018 -0.018696531591743875 -0.05446566236814804 -30.88883206716058 0.018628191658472064 0.9998249272244566 -0.0017622170660789647 -0.7041298678607618 0.054489078817288435 0.0007446960180998972 0.9985140890281823 51.34275724265263
0.9982895932847455 -0.018430921317140893 -0.055481427224480254 -30.959185109379263 0.018400343934359166 0.9998301353540705 -0.0010619856166812261 -0.7284457088915636 0.055491580905645266 3.92918489445024e-05 0.9984591544896387 52.75749806657538
0.9982418966507431 -0.01784688905299876 -0.05652082803943504 -31.048298981766802 0.017838425465532617 0.9998406685336104 -0.0006543347385833141 -0.7519098000615794 0.056523505059942 -0.00035505821967765313 0.9984012057277459 54.187202101079336
0.9982080332649913 -0.01772916823155769 -0.057152415462684875 -31.14280780744752 0.017732370322422173 0.9998426673778444 -0.000451180734209976 -0.7709395129380646 0.05715142736249982 -0.0005630755514203221 0.998365362776393 55.61244736720219
0.9981188280391459 -0.017554465669423605 -0.05874219529061689 -31.20748093866262 0.017612036089748262 0.9998447891580703 0.0004623948736069972 -0.791552304576133 0.05872496568198228 -0.0014960946682987986 0.9982730790805008 57.0328011538517
0.9980608378934934 -0.018681267783185514 -0.05937654204831514 -31.28838902848154 0.018802942969497548 0.999822097209151 0.0014910747145009098 -0.8199447815772726 0.059338128592565126 -0.0026046369720229843 0.9982345429192923 58.48169363754075
0.9979696769246855 -0.02075193486951203 -0.06021528684339759 -31.368221803536233 0.020879818619050052 0.9997808747320021 0.0014952385997900788 -0.837290677353732 0.06017106809033373 -0.002749487006491931 0.9981842932096887 59.91921979135713
0.9979078533637867 -0.02334229755567103 -0.06029140037702468 -31.459561410933325 0.023469098305365314 0.9997235885247664 0.0013957173859813236 -0.8579020018503593 0.06024216092845462 -0.0028077820983477414 0.9981798428797849 61.372502206952326
0.9978553497691723 -0.024678732332576624 -0.06062722752569089 -31.531766590362416 0.024802512174592443 0.9996915383557842 0.0012898027140136705 -0.8662564076820678 0.060576700719888944 -0.002790744042510466 0.9981596442484857 62.830328097525275
0.9978645139446587 -0.025705909461461864 -0.0600467954160978 -31.621470615280426 0.025870301986258303 0.9996633828647628 0.001961759852505776 -0.8892391191013664 0.05997615882844515 -0.0035109992171326004 0.9981936353125523 64.25369259924386
0.9978672059643392 -0.025718008533202795 -0.05999685749655839 -31.6807142122224 0.02597566995594589 0.9996563835774213 0.0035184388925826593 -0.9321676307288119 0.05988575935570195 -0.00506939327796215 0.9981923649265914 65.65929611610876
0.9978160222652563 -0.028545602944638766 -0.05956789289732776 -31.78453218196506 0.02876649870724388 0.9995820847908125 0.0028538396649218953 -0.9436731076644522 0.05946153896459827 -0.00456116658557443 0.9982201768442308 67.0787256940265
0.997821836784987 -0.0295132924831802 -0.05899616261423418 -31.842809308451155 0.02970087539417359 0.9995561740695731 0.0023049877652075203 -0.9598670316548397 0.05890195573182637 -0.004052204736262335 0.9982555482229951 68.50006896995673
0.9978585421212828 -0.029764444275316722 -0.05824437638212252 -31.92834906098696 0.0299413094950899 0.9995493116467661 0.002166024440007239 -0.9799470315143073 0.05815366066598936 -0.0039052988276467864 0.9983000053565859 69.93201468242378
0.9979326373956198 -0.02778996400977267 -0.057949708735967775 -31.999896006264223 0.02796464754116435 0.9996064799075268 0.0022054235984843395 -1.0028756282084024 0.05786562055505922 -0.003821407307873316 0.9983170674209034 71.34504752067878
0.9980252015998363 -0.02505751881969997 -0.05760049792673399 -32.08807892207568 0.025293288652127516 0.9996744013482145 0.0033676258219945796 -1.0254932471403024 0.05749736374121512 -0.004817881386341521 0.9983340330155674 72.78789819875362
0.9981470202394873 -0.021494283230329987 -0.05692557806043487 -32.16036978854636 0.021801383079288687 0.9997508988286193 0.004779125198065965 -1.045815198983865 0.056808678711574495 -0.006011325819394221 0.9983669857684648 74.15066219916206
0.9982444437085665 -0.018614928641038975 -0.05622734847769194 -32.240926431578046 0.018946657159221073 0.9998060620506531 0.005372383903240717 -1.0607520048001235 0.05611644201099186 -0.006428272579272561 0.998403536916791 75.59140460121961
0.9983602254404863 -0.013512135964475574 -0.055626272048525605 -32.324108312958664 0.013845640756237778 0.999888382176804 0.005614396069515779 -1.0750600694211463 0.05554420532891383 -0.006375371010654905 0.9984358748430545 76.98811051701544
0.9984346164170199 -0.010712111236643816 -0.054895966414250735 -32.40550004596546 0.010998816499586719 0.9999273913679146 0.00492321475603855 -1.092884444879445 0.054839247057923 -0.005519298616169666 0.998479942008669 78.36530329456824
0.9984861603543809 -0.009576098810380886 -0.05416350835228319 -32.48858362803807 0.009846590818073438 0.999940337345825 0.004729314032773401 -1.1083894756193347 0.05411499296369596 -0.005255480436269076 0.9985208799639562 79.83647821661407
0.9985176990531291 -0.008504216616296273 -0.05375948946690793 -32.57247406090743 0.008817007560415797 0.9999455391393787 0.005583828886324096 -1.1273973384087586 0.053709080083382175 -0.006049549707814498 0.9985383006787872 81.21790224534445
0.9985076295979685 -0.009407922201091126 -0.05379595117629741 -32.64113695836472 0.009728441448434745 0.999936435836184 0.005699274346062381 -1.15359856923717 0.0537389178491029 -0.006214119587597561 0.9985356847323196 82.60204592906578
0.9984767133409503 -0.011069055755257937 -0.05405301696763882 -32.72068170180043 0.011340167747430534 0.9999245983111567 0.004711507621541069 -1.1563649765223107 0.05399679385645152 -0.005317300845870828 0.9985269514769437 83.98496512405619
0.9984442544827213 -0.011447012369107981 -0.05457138733159336 -32.77648601681887 0.011724078876252172 0.9999199425340883 0.0047596758688113775 -1.187912089062192 0.054512538977258995 -0.005392070194095327 0.9984985272593029 85.41709311984076
0.9984311033938752 -0.011373389968505286 -0.054826795374792785 -32.84662006590268 0.011656181963487371 0.9999203465297982 0.004840871297964947 -1.202104311727157 0.054767375695778366 -0.0054723474938538465 0.9984841452123249 86.80797574756107
0.9983998427452008 -0.011040425736952403 -0.05546046082830649 -32.91397140754948 0.011328677298341238 0.9999238926246253 0.004885698061365405 -1.2207826804714463 0.055402304327423484 -0.005506173758373276 0.9984489305918011 88.18796828244575
0.9983635047262143 -0.011125271097203696 -0.05609403245307794 -32.99724774382696 0.011428392893581277 0.9999217596768061 0.0050858998776376965 -1.2276294738386309 0.05603306631157511 -0.0057186413839673544 0.9984125364299796 89.55513503318711
0.9982824818311844 -0.011820890783501199 -0.05737902664617354 -33.07765470632996 0.012164121968330211 0.9999101296059908 0.005636210350387245 -1.2410207694957276 0.057307249738543314 -0.006324495441952719 0.9983365565664511 90.91438132504595
0.9982339821856739 -0.013335115577438975 -0.05788861012570074 -33.16578506051397 0.013762336423480098 0.9998808785632818 0.006987617907680965 -1.2719636696051952 0.05778853849370849 -0.007771960063057411 0.9982985934835253 92.31453238010106
0.9981431239422269 -0.014988801926472442 -0.05903930561454854 -33.23007360524586 0.01546296170237956 0.999851689894088 0.0075825497759105 -1.2856038286829288 0.058916901080911424 -0.008481392317291366 0.9982268605170962 93.68850130858478
0.9980128004743349 -0.01777026262482596 -0.060453845997530536 -33.300087728834306 0.018274869625824267 0.9998025417574748 0.007804272852963065 -1.298463709250914 0.06030322995297968 -0.008893550228004766 0.9981404838708807 95.0664286536895
0.9979913846424022 -0.01824387925819709 -0.06066594337468909 -33.38006231871883 0.018726568909597396 0.9997972763235751 0.007397426133829555 -1.3078602293185153 0.060518692264119295 -0.0085186323928707 0.9981307134397966 96.44437773600237
0.9979114336659367 -0.019697165902244643 -0.06152066186401659 -33.45294261695991 0.02017354825811113 0.9997710561455556 0.00713185040031018 -1.327243539785443 0.06136610497820647 -0.00835804497441034 0.9980803297211015 97.80978004617877
0.9979147233412257 -0.018968217537325312 -0.061696120502785855 -33.54280437632484 0.019433839557633944 0.9997869497583335 0.006955646324215785 -1.3412641493295134 0.06155104506473292 -0.00814013426353655 0.9980707426830858 99.20041831436026
0.997859037708936 -0.01935715244330619 -0.06247112232801073 -33.58924165585332 0.019813457249600798 0.9997812917180559 0.0066929579729921255 -1.3581162266635056 0.06232790798124329 -0.00791639739618443 0.998024329804577 100.62707454720669
0.9978573398595232 -0.01911361771334162 -0.06257314535186624 -33.67551561159377 0.019529033538593 0.9997910823656195 0.006033946765455779 -1.3841294828858037 0.06244474738932044 -0.007243011014475179 0.9980221403655085 102.06567870108529
0.9978939585794898 -0.018774122093606446 -0.06209009091216942 -33.7881051835139 0.019206247375154428 0.9997952501897392 0.006370070738423738 -1.3881437399561252 0.06195779067411425 -0.0075491726388766806 0.9980502204330841 103.4539677766569
0.9978946269889722 -0.017908136877909365 -0.06233467477941289 -33.85877489570577 0.01840370304016681 0.9998033637226325 0.007384960575356721 -1.4001540188730537 0.06219017183800294 -0.008516601196262174 0.9980279807558956 104.8368216187885
0.9979297924410002 -0.01589833796079615 -0.062316705908417196 -33.92999474031534 0.01647607458900661 0.9998258150631743 0.00876804045901105 -1.4124855858890486 0.0621664592069706 -0.009776623346059067 0.9980179103227527 106.21621416661546
0.997951135169507 -0.016339487844631823 -0.06185913498385107 -34.03317454751381 0.016871294165222348 0.9998249852187895 0.008084454228178897 -1.4272058706913056 0.061716218041944285 -0.009111533802885416 0.9980521472936904 107.56549697943002
0.997948286334101 -0.015473748225491234 -0.062127132144903285 -34.107011318730926 0.015918838169553525 0.9998510026964662 0.006675554549592328 -1.4530168091219227 0.062014584707358975 -0.0076508498725127395 0.9980459188432139 108.93055203466469
0.9979477229213013 -0.016949283210216718 -0.06175001007397643 -34.19093141380885 0.017256232592927665 0.9998412379485867 0.004440874560835039 -1.4612616009505288 0.06166494203330259 -0.005497333109966858 0.99808176748736 110.29960158035107
0.9978933137958305 -0.018833392779932037 -0.062082503309309735 -34.26772645773126 0.01923141240727398 0.9997981212272002 0.005819760166309714 -1.480784756183958 0.061960369522906074 -0.007001433877868694 0.9980540530813197 111.62901914210207
0.9978608688329077 -0.022550544094330226 -0.06136089165786138 -34.35317990437318 0.023059402540079058 0.999705229168742 0.007597288050313022 -1.4771877541954619 0.061171486392494395 -0.00899598182155842 0.9980867306467328 112.96313156075293
0.9979006296559609 -0.0228333112043608 -0.06060505631048598 -34.42524784291244 0.023397910997621993 0.9996890454355167 0.008622659581224996 -1.50181663151871 0.06038933207119203 -0.010022588989971756 0.9981245797004183 114.33386470488604
0.9978937642010633 -0.023964885343933776 -0.06028033888471706 -34.50267524527065 0.02447150585432439 0.9996710266336881 0.007680102577178484 -1.5119842282860347 0.0600764605036634 -0.009139076999668413 0.9981519405795635 115.71673687237457
0.9980236632229953 -0.022330458301292704 -0.05873770440940074 -34.59260855327971 0.02269052739824247 0.999727571428977 0.0054701870223952676 -1.5299470306124228 0.05859955569690517 -0.006792165479665169 0.9982584629568602 117.03840908340595
0.9981001284765901 -0.020235568998858762 -0.05819497346653719 -34.65634222506664 0.020505494720000753 0.9997815583596957 0.004044786100057878 -1.5471612966724857 0.058100417571419434 -0.005230418168155032 0.9982970422198496 118.40871731887565
0.9982430677528286 -0.017745579700442077 -0.056532041929892904 -34.74222438296695 0.017951920235100546 0.9998339076264751 0.003144161939575426 -1.5609112631106958 0.056466862135231714 -0.004153496504467248 0.9983958344429759 119.70768113785444
0.9983428691203866 -0.015757345062554464 -0.05534637703874194 -34.822480604026936 0.016093698750063005 0.9998545993784738 0.0056367536943694825 -1.5717714021955524 0.055249513989484994 -0.006518140677797866 0.9984513034283709 121.10217408277721
0.9983924988726939 -0.015905548733055355 -0.054400656439888645 -34.89438501055556 0.016353851571900446 0.999835799418289 0.007805496340990155 -1.583290710403232 0.05426757765704625 -0.008682609129325052 0.998488679241942 122.4149809802562
0.998400349000235 -0.0176379189273025 -0.0537182151580934 -34.948938984156094 0.018116442322215185 0.9998003104813704 0.008434080761356124 -1.5791951434358058 0.053558733039908824 -0.009393771983208206 0.9985205152705134 123.79403472538183
0.998489384120534 -0.016148487404584196 -0.05251833848093905 -35.02478162210238 0.016609720658943512 0.9998271180873551 0.0083577000961041 -1.599845045956751 0.05237429917577648 -0.009217389617103042 0.9985849852449736 125.14279016408516
0.998570149889435 -0.014998721623457055 -0.05130978305886244 -35.09874913407329 0.015428924548329887 0.9998489740858221 0.00799858342950032 -1.6050154076353012 0.0511820697066761 -0.008778801295904222 0.9986507540778138 126.4649952479147
0.9986612497335856 -0.012481789150621212 -0.050198734792927864 -35.16154139332318 0.012884960707339485 0.9998872150021724 0.007715898229527054 -1.6166495468214737 0.05009676910488296 -0.008352377171136707 0.9987094431031812 127.83682657471424
0.998727997023348 -0.013062854068450048 -0.04870061161333574 -35.23160211887199 0.013421289378671602 0.9998851456495423 0.007040207687407494 -1.6265501275198226 0.04860305699626143 -0.0076848774102335655 0.9987886091261443 129.14002283421186
0.9987863992196647 -0.009906214859035119 -0.04824515952982448 -35.29498864283893 0.010181484764048536 0.9999332430702534 0.0054632211690630135 -1.6406798712161184 0.04818782302042533 -0.005947798268636842 0.9988205832964677 130.53986867987945
0.9988446368190238 -0.010559622153038621 -0.046881613293725734 -35.37955540741653 0.010840290095031815 0.9999247874861337 0.005736505696425169 -1.652371499366567 0.04681751579415574 -0.00623808814518159 0.9988839805842583 131.86574748227008
0.9988818707464188 -0.011809893715218225 -0.04577700839963897 -35.42073503889827 0.012134631518527086 0.9999030975230434 0.006822485014579107 -1.664447999690793 0.04569200349357273 -0.007370343614785785 0.998928385340136 133.21695269525168
0.9988979974842225 -0.012662157104436248 -0.04519358577905593 -35.47244405234988 0.01303125533143205 0.9998840254112701 0.00788175964427856 -1.6715786167424442 0.04508854816412931 -0.008462002956295653 0.9989471545137283 134.59411391939648
0.99887903452725 -0.014416743835413397 -0.04508693459780617 -35.53953671245654 0.014837339527928612 0.9998493451186097 0.009007799448491081 -1.6787099663354017 0.04495028265310255 -0.009666672030770766 0.9989424546587445 135.93073622134042
0.9988663157232962 -0.015142460944037569 -0.04513079857292264 -35.599452909627615 0.015567751013297514 0.9998375233254574 0.009086919739307782 -1.6944303843038975 0.04498587130556831 -0.009779202932262096 0.9989397573184483 137.2409676702914
0.9988593582317503 -0.01631107551248093 -0.04487684343649046 -35.660922787322576 0.01677721200356326 0.9998089439701647 0.01002999257151468 -1.7013698961265 0.04470467321671915 -0.010771460100600335 0.9989421745102235 138.55611717582144
0.9987976359980425 -0.01839138980840684 -0.045442698890624564 -35.714643997898534 0.018850662055159204 0.9997752679888723 0.009698768020856716 -1.7137674407050585 0.04525411642145078 -0.010543731375040492 0.9989198640809563 139.9255125545618
0.9986885495120728 -0.019647027230371393 -0.04727763902444724 -35.77108201033164 0.020133061684227134 0.9997490212485607 0.0098262092420355 -1.7160667585618978 0.04707272147620823 -0.010765166118519898 0.9988334547289227 141.2800854459488
0.9986069409314728 -0.020805438839819314 -0.04849031842207049 -35.8294447335513 0.02134767509111218 0.9997149454490898 0.010691336121726553 -1.7243908062469382 0.04825406212996141 -0.011711597848432483 0.998766431237629 142.66452133500795
0.9985434675335859 -0.02063926281604956 -0.04984941331539944 -35.872913125548756 0.02120103504185791 0.9997172545715498 0.0107669437948556 -1.7388104331152776 0.04961310098646453 -0.011808120375536192 0.998698707678458 143.97395752517622
0.9984913813266186 -0.021006124384897573 -0.0507316851387511 -35.94922834196272 0.021592778096343943 0.9997058533165667 0.01104349737256228 -1.7419265539296087 0.050484785722732434 -0.012122274786619498 0.9986512589922256 145.34179107526114
0.9983832863219273 -0.022252827292525514 -0.05230320232408098 -35.996707713835654 0.022838690895083277 0.9996826449136994 0.010630320649105346 -1.751508703608687 0.05205005329833698 -0.011807670960104774 0.998574669764234 146.69188369349206
0.998340135133716 -0.02234032701099595 -0.05308374577507889 -36.06895656702994 0.022920214395947713 0.9996838205621766 0.010340345200991734 -1.7532976570675358 0.05283595950978806 -0.011539872288360498 0.9985365256085269 148.03999341249687
0.9982240328219866 -0.025180984323597683 -0.05398794308725593 -36.14586631663468 0.025644116979435735 0.9996398978732517 0.007902778974060444 -1.76124864966662 0.05376950665470098 -0.009273216887234818 0.9985103143472137 149.41637049405827
0.9980375817646138 -0.029825457232083803 -0.055058397406306574 -36.20585465449283 0.030263530246603006 0.9995164546051298 0.0071397343420515945 -1.772718462307375 0.05481883291080587 -0.00879198453970033 0.9984576089307287 150.74102211319004
0.9977010663765896 -0.038140190857806705 -0.05601702925472578 -36.26574119425309 0.03875491416949356 0.9991994214881784 0.009928387662927255 -1.7837370795393759 0.0555935172666082 -0.012076497937513793 0.9983804481785155 152.09096155704432
0.9972217043493253 -0.046624419077733174 -0.05809505489788787 -36.317403659060766 0.04734263955988269 0.9988176133775614 0.01104762038857186 -1.7821866782770386 0.05751127999911923 -0.013767299868929442 0.9982499258271393 153.39515381317625
0.9971026970157247 -0.04772233936853345 -0.05923503516273139 -36.378496864615194 0.0482906026238421 0.9987996823273144 0.008198324042223216 -1.8050515832686467 0.05877269600608562 -0.011035066389119165 0.9982103975697593 154.7333716153025
0.9971182435753865 -0.04817883923795183 -0.05860040309241109 -36.47528512569996 0.04859713857705589 0.9988020068358149 0.005733192784432448 -1.817296260842856 0.05825398649816033 -0.008564482895875797 0.9982650564801883 156.12727548211063
0.9974165050525292 -0.04210042406746011 -0.058205405793227055 -36.53631687626303 0.04234896604435723 0.9990982474498674 0.003042564062161381 -1.8331605926305508 0.05802483052739732 -0.005499642279305451 0.9982999916243389 157.49559297484868
0.9974260444744364 -0.043512145168538637 -0.05699103919620809 -36.62016359683959 0.043793200285573194 0.9990337983061798 0.003691292717888169 -1.8457752103449703 0.056775363032402285 -0.006177611390952872 0.9983678658475718 158.87794241185603
0.9972962861227288 -0.046065413578376194 -0.05725464919501028 -36.67257467486565 0.046496421094407 0.998899104450825 0.006217891137412184 -1.853126054851456 0.05690519282903712 -0.008863215880361437 0.9983402439645136 160.22700320414836
0.9968956367858175 -0.0546534424589482 -0.056675303287175016 -36.74900393051026 0.055293764858315525 0.9984221243710872 0.009790885710589566 -1.8499831813611014 0.056050775773252876 -0.012894281941090931 0.9983446540657457 161.61194659015206
0.9969564882895401 -0.053785862827680796 -0.05643439418251745 -36.816737990369326 0.054523059224092084 0.9984450792496843 0.011604311155646798 -1.8781945711785524 0.05572249993141677 -0.0146459688925519 0.9983388697554827 162.982092402745
0.9968775367904247 -0.05449458714047431 -0.057144693804514736 -36.861948161000775 0.05523331942443175 0.9984080808086735 0.011427375518033725 -1.8834129162442836 0.056430998665372795 -0.014547984863505095 0.9983005052593851 164.339397207122
0.9969662548979769 -0.053861371709412714 -0.05618931093510677 -36.92673768838763 0.054600711647761875 0.9984396528309922 0.011705650160771028 -1.876788305914195 0.055471158354846804 -0.014738114342138219 0.9983515106624168 165.77674473118068
0.9972056920010332 -0.050441636960183285 -0.055103979692819195 -37.00822125587031 0.05115266686373584 0.9986238332493705 0.011569122978199401 -1.8951188922536593 0.05444458646854492 -0.014355510583815494 0.9984135949476324 167.10770901807643
0.9973240699019394 -0.04935693362874722 -0.05393136559716763 -37.11302008425433 0.0499671544587235 0.9987005505676361 0.010024670828811266 -1.8985979793826022 0.05336650195375609 -0.012692642192074707 0.9984943232443535 168.5575800323443
0.9975198616625127 -0.04643575571586828 -0.0528946662252921 -37.18637558086496 0.04698081652915917 0.9988542715990937 0.009107535953854254 -1.9023918385541227 0.05241115236199545 -0.011569982437628187 0.9985585645592554 169.982610317033
0.9976169428187336 -0.04436729821686581 -0.05283916922138232 -37.26271295973297 0.04499179348495777 0.9989301818994806 0.010687863096335199 -1.9132670576990785 0.05230845367730757 -0.013039722099654939 0.9985458384866955 171.29811409383382
0.9977119171239047 -0.04182166255978051 -0.05312135674653049 -37.315991142517596 0.042443086437281764 0.9990424004019909 0.01062387871867687 -1.9304752224025539 0.05262618387818675 -0.012854204545686518 0.9985315490442349 172.66258815262591
0.99775880083511 -0.0408961216796187 -0.05296113829523877 -37.37776083520686 0.04141237336484452 0.9991043766033912 0.008686780768072637 -1.9254906537824863 0.052558453804437986 -0.01086055823016972 0.9985587901825637 174.0080040065354
0.9978696151298544 -0.0369334339531681 -0.053778734286311164 -37.48709599006957 0.03722351628751903 0.9992972693882368 0.00440197319108402 -1.9359831415333844 0.0535783668113014 -0.00639442878614417 0.9985431739020347 175.48192579690536
0.9979979288900657 -0.03288847814372934 -0.05402297257862571 -37.559659051369124 0.03316709960372445 0.9994407043551485 0.004268734398481417 -1.9326953382718715 0.0538523700856976 -0.006051973307387954 0.9985305684425161 176.79110952462966
0.9981404285160833 -0.028994783772941065 -0.05361890648544681 -37.633354056400705 0.02932371383419933 0.9995556078611562 0.005357862356918618 -1.9590594326515451 0.053439733069503156 -0.006920204393280234 0.9985470975146135 178.20579781036864
0.9982991581059365 -0.024434465495102406 -0.052931536045091265 -37.72026254628978 0.02486227988844879 0.9996632079263047 0.00743893971822663 -1.9659427348517784 0.0527319470148478 -0.008742285791044338 0.9985704353970892 179.61091518511182
0.9983075570976844 -0.023233582905032125 -0.0533124915591067 -37.78523318197065 0.023739795929889295 0.9996787185947899 0.008881539326261432 -1.971027044037846 0.053089017704351205 -0.010132135347374808 0.9985383799736395 181.06272467181324
0.9982676133565842 -0.023709116991274343 -0.05384839437581535 -37.85185541446677 0.024290513339630095 0.9996532304170668 0.010168084638957003 -1.9819273588556026 0.05358864956162968 -0.011458474556727749 0.9984973511483037 182.4060979460018
0.9980309865418873 -0.02886111764912364 -0.05568828807145969 -37.943682408507925 0.029497273419627306 0.9995082793342178 0.010635341930097736 -1.9697069830368477 0.05535396176005166 -0.012257053275526873 0.9983915583725643 183.8530405645084
0.9978227391267199 -0.03166929320277545 -0.0578518517405058 -38.00693832644172 0.03212439020018082 0.9994596916014505 0.006953310384593753 -1.9775759002935616 0.0576003922864189 -0.008796626539962667 0.9983009638694853 185.24037443032992
0.9978842257461427 -0.02626106235333648 -0.05947628287981467 -38.081314025528464 0.026506409168878732 0.9996430644915627 0.003339754252607563 -2.0172800254715124 0.059367353150414845 -0.004909190700740385 0.9982241319167227 186.75465857369738
0.9979285572343716 -0.023878634960684163 -0.05973612869598978 -38.183746120527545 0.024043832186124565 0.9997088074392158 0.002048052875072722 -2.0135768045345834 0.05966983426146376 -0.003480095850102077 0.9982121017753328 188.2714003706358
0.9979952397915204 -0.01910660370164049 -0.060336047974500165 -38.2818307346681 0.019345864114171253 0.9998071254317275 0.0033837134899029745 -2.036662205837136 0.060259764452415376 -0.004544182872132966 0.998172385669969 189.7294122156755
0.9980537585461207 -0.017484767931256744 -0.059857978497669044 -38.37834456380145 0.017872083711810857 0.9998226293011048 0.005941262272220887 -2.04543897886256 0.05974348485123332 -0.006999485839673445 0.9981892223081611 191.25250114249897
0.9980581869996322 -0.016883907041118324 -0.05995655672639671 -38.48161013760331 0.01742253874220877 0.9998123203928547 0.008472258930928326 -2.053842327855298 0.05980226427333887 -0.00950040268055517 0.9981650323725414 192.76232577473854
0.9980488732789534 -0.018191979397339735 -0.05972853655156436 -38.56121975374958 0.018786328879868065 0.9997792916548884 0.009404353672450528 -2.053022805056382 0.05954427513693307 -0.01050808436276154 0.9981703560877472 194.22134205153054
0.9980235966269769 -0.01947147237766321 -0.05974748514120222 -38.64816958654694 0.020095456331164475 0.9997494395630572 0.009860566737535674 -2.057570802673979 0.05954052001166364 -0.01104173109562652 0.998164819537066 195.65046841317474
0.9979304336199574 -0.024482143039567465 -0.059459851583542424 -38.7170625560739 0.02514976315941052 0.9996284914778281 0.01050564182302229 -2.047601854341766 0.05918056606348751 -0.011979300707025088 0.9981754140733914 197.05608659350966
0.9979287608492634 -0.025621140458275467 -0.059006313676122066 -38.81305051572175 0.02628265268171643 0.9995998040670285 0.010462024382446894 -2.059461917365925 0.058714655501138587 -0.01199119729821506 0.9982027853685622 198.5467582659315
0.9979165612655343 -0.026876291595989567 -0.05865322941989924 -38.87832246038705 0.027604042619490815 0.9995512474385165 0.011632740880724713 -2.0756139592931953 0.05831426857093645 -0.013227570826180524 0.9982106379649931 200.0453297487183
0.9977359664635256 -0.03285219291477697 -0.05868282738626367 -38.96491977915312 0.03368442157258607 0.9993446967487257 0.013249035705899768 -2.0672632893574825 0.05820911732473804 -0.015195736315472597 0.9981887539690207 201.5191459996054
0.9976851878822011 -0.03505791826452799 -0.05826841186497761 -39.04162054986213 0.03593157684291985 0.9992559904610834 0.014013830777993353 -2.0899551271099126 0.057733768699143276 -0.016075067071919656 0.9982025868814016 202.97492070815886
0.9977451409075223 -0.033295386948123215 -0.05827564318769639 -39.11594882785833 0.03394644033959588 0.9993714229240682 0.010217551228933365 -2.09921186739446 0.05789881996940097 -0.012172762553034656 0.9982482410654776 204.4254786380849
0.9979971542580344 -0.02685282739610894 -0.05727656926753145 -39.21942987286787 0.027187878165605524 0.9996174419232037 0.005078302906431057 -2.1060691710566672 0.057118295635880015 -0.006625360135383055 0.9983454338037127 205.90280702696083
0.9982864053898225 -0.018869500831548456 -0.055391284870491525 -39.33223358664182 0.019167584538901047 0.9998044971839533 0.004855013245145235 -2.1018911079319924 0.055288848665412484 -0.005908410767364873 0.9984529203563706 207.4073835838851
0.9984331836475191 -0.01001778998401512 -0.05505289629709687 -39.42667819184133 0.01049779770758739 0.9999093046974521 0.008436743487065237 -2.1174687861079864 0.05496339033298947 -0.009001458696188002 0.9984477951956943 208.90220559304643
0.9984945256664621 -0.010260534090664783 -0.053883238398461895 -39.49615364058382 0.010876921715189017 0.9998785825861396 0.011158525036038891 -2.119295771522066 0.053762208107115156 -0.011727809757497116 0.9984848940821635 210.29605934070668
0.9984339103229721 -0.01030306557517148 -0.05498702821930546 -39.579558400404196 0.010940533488044971 0.9998762473806178 0.011304630590416188 -2.122543496600524 0.05486375567112958 -0.011888513775152555 0.9984230725582638 211.8231593401764
0.9983471618992862 -0.012926681169780279 -0.05599861553081539 -39.64375933343506 0.013572400972654212 0.9998455429556645 0.011166028455381293 -2.1254769379081 0.0558456311325684 -0.011907608307602888 0.9983684062609696 213.33652073908547
0.9982741996762531 -0.013253240671214231 -0.057209907878558446 -39.713883574302415 0.013906417082827319 0.9998424169236585 0.011034170239640605 -2.143788003862147 0.05705465882479127 -0.0118107121322501 0.9983011936633092 214.81628698957542
0.9982190382827457 -0.014103977402704842 -0.05796403288688856 -39.80267528499574 0.014726829905888309 0.9998381682610274 0.01033236660429562 -2.134163742997767 0.057808929837731185 -0.011167591344022024 0.9982652016508853 216.26584167601143
0.9982220469176358 -0.01274464211021415 -0.05822644436285458 -39.888496288590304 0.013387813101573583 0.9998534556979767 0.010669283767141132 -2.147806271647109 0.05808194026554689 -0.011429838868470583 0.998246386065788 217.76699079686276
0.9982171286212295 -0.0118726565137107 -0.05849447693533014 -39.952421752664804 0.012563461807880346 0.9998554476368828 0.011456146118889286 -2.141307881124232 0.05835001141488688 -0.012170614232852919 0.9982219956572728 219.2723515889969
0.9981717307735265 -0.013365619546419112 -0.0589453625650405 -40.04434609023937 0.014053216888017887 0.9998377804335458 0.011265875117660447 -2.138669551289844 0.05878522999138826 -0.012073649852701138 0.9981976377529381 220.76500037086845
0.998175752336181 -0.0120907303089314 -0.05915218811595882 -40.130370333301016 0.012737313844007976 0.9998630508580958 0.010566001605856907 -2.1596737875429937 0.059016341536706235 -0.011300166421322904 0.9981930564650853 222.26338314851876
0.9981571221975856 -0.013318537726500584 -0.05920283460899229 -40.20392505341868 0.013967147595322672 0.9998467393599281 0.010555406564621273 -2.1666612327711907 0.05905318350477696 -0.011362848802680906 0.9981901659954319 223.7469162672835
0.9981178180544126 -0.01324769396068693 -0.059877537916141865 -40.2937310747317 0.013871906299546372 0.9998535627224023 0.01002114536887502 -2.169667381457608 0.05973601754339955 -0.010832899186579696 0.9981554271834737 225.2222445751086
0.9981123348837994 -0.012403881935785439 -0.060149067531159166 -40.37843130638862 0.013030446544572267 0.9998647359504816 0.010035800460354873 -2.179101458462036 0.06001645366233573 -0.010800625280896347 0.9981389543038821 226.69332731095398
0.9980764324824078 -0.012617154780114463 -0.06069795697798427 -40.466513517193384 0.013250585495766016 0.9998617546839806 0.010044577155146051 -2.1841350708357474 0.06056283685242057 -0.010829539042521522 0.9981056377947785 228.22770832802436
0.998051868929572 -0.011979577892518089 -0.06122872110745713 -40.53804721678679 0.012622033429104638 0.9998691598188879 0.010116696080952661 -2.189058602328796 0.06109952129429923 -0.010869818236545987 0.9980724902911382 229.65368250332185
0.9980249221686686 -0.010906136420526584 -0.061865261358144984 -40.62631516053914 0.011564318882771688 0.9998801750282742 0.010290876360865715 -2.2058958563133406 0.06174561982047718 -0.01098598052867591 0.9980314559163093 231.17438799066866
0.9980208909161108 -0.009794614845957636 -0.06211575048936725 -40.7086813826447 0.010465053258840944 0.9998903493370138 0.010477212552562317 -2.2153258987158155 0.06200632438376072 -0.011106521481053658 0.9980139584461251 232.67463070076465
0.9980023574121301 -0.010947443887870128 -0.06222095878839098 -40.81060371018045 0.011607287134008236 0.999880063548808 0.010253264121705406 -2.2138604842953837 0.06210125439053671 -0.01095499813895385 0.9980097306922286 234.19563618171603
