1.0 0.0 0.0 0.0 0.0 1.0 0.0 0.0 0.0 0.0 1.0 0.0
0.9999988185640407 0.0008786342207827264 0.0012612979144484733 0.48921995925155093 -0.0008771239458995384 0.999998898380996 -0.001197451618290769 -0.004393415372765344 -0.0012623486469482829 0.0011963438889746917 0.9999984876174528 0.012158907984631989
0.9999978738839942 0.001050322582861408 0.0017745562721893516 1.7383882280328211 -0.001047255811412454 0.9999979582242716 -0.0017282368337389472 -0.022971496930529477 -0.001776367855118435 0.0017263747449382243 0.9999969320690355 0.017659940068337817
0.9999985020261559 0.0005590632696509523 0.0016381067440112396 3.0788334791661507 -0.0005549852977870336 0.9999967488280748 -0.002488840010870546 -0.009854542829106517 -0.0016394928372786982 0.0024879271574941753 0.999995561130996 0.04097249533326296
0.99999776354528 0.0010033352829925506 0.0018617794574441193 4.395922848744472 -0.0009974418974226674 0.9999944980674422 -0.0031636915945719136 -0.003904166464446219 -0.001864943457460448 0.0031618275022842987 0.9999932623936755 0.049684568959321315
0.999996585495301 0.0009467285469879292 0.0024357140220599358 5.71287278562205 -0.0009387205859830148 0.9999941579513104 -0.0032867715027268558 0.00269058117118744 -0.002438811472909083 0.0032844738251360407 0.9999916321801356 0.06398077236681009
0.9999925360294104 0.0009027348896366289 0.0037567213348277044 7.048491811671772 -0.0008852261529115905 0.9999887517277091 -0.0046596987795919555 -0.002516576013379295 -0.0037608855508667435 0.004656338451762518 0.9999820869656095 0.08478766876353977
0.9999905576150162 0.0010531080828434555 0.00421611719179668 8.389420598636809 -0.0010333235673648112 0.9999884585155153 -0.004692022822674776 0.005489802533813375 -0.00422100973870497 0.004687621905531876 0.9999801044409117 0.08826334985637115
0.9999945160453493 0.0005858541533417241 0.0032595481494515897 9.708584111195652 -0.0005733412278384076 0.9999924687095431 -0.0038384637591317556 0.0037210230487805065 -0.0032617723807834564 0.003836573875832367 0.9999873206905331 0.10735083480429439
0.9999992895558011 0.0007072582892547576 0.0009595173815137509 11.027836179603492 -0.0007064472281452061 0.9999993931525653 -0.0008453560285989171 0.016974019213362137 -0.0009601146842916874 0.000844677579626103 0.9999991823494555 0.11867181324539072
0.9999998222561609 0.0005615035590864561 0.00020050286678838794 12.375471773545135 -0.0005619791344432972 0.9999970103918389 0.002379787141091482 0.02564316064061149 -0.00019916600841379003 -0.002379899396526511 0.9999971482018153 0.13708811447299318
0.9999998369643677 0.0005646513809044346 8.508851925849653e-05 13.718908943603786 -0.000565058076452008 0.9999880404068651 0.004857957658136625 0.03279003656295092 -8.234444913438364e-05 -0.004858004946071447 0.9999881964340057 0.1514970074887474
0.9999988740335434 0.0010671498763110063 0.0010550463434615628 15.065420980369817 -0.0010729100202507078 0.9999844408515686 0.005474204861354741 0.05008166450537575 -0.0010491881307982073 -0.005475330667377419 0.9999844598584264 0.16578695736713234
0.9999916973702281 0.0013363686403347732 0.003849585622795984 16.41378114222588 -0.0013494433876857263 0.9999933237126352 0.0033958110519127557 0.04363300709862701 -0.003845021866457852 -0.003400977655614828 0.9999868244921192 0.17731338308290034
0.9999819148376491 0.0014230010049009522 0.005843377941621859 17.78176281226256 -0.0014158261445830482 0.9999982390326628 -0.0012318148812570085 0.04909195483226674 -0.005845120525438045 0.0012235193964224664 0.9999821686241859 0.1914203183816235
0.9999903859899644 0.001372129863372965 0.004164755368569417 19.118319808912215 -0.0013607115270107164 0.9999953114977179 -0.002743254768035401 0.04175424685264177 -0.004168499943894429 0.002737561363719339 0.9999875646056793 0.21061818486556505
0.9999965082884951 0.0018190598827679883 0.0019168807893968998 20.470714451126913 -0.0018118618087553553 0.9999913266642908 -0.003750167059986596 0.038221571813690874 -0.0019236859420987981 0.003746680842390882 0.9999911308682 0.21788682709710389
0.9999979403883069 0.0015404670525502114 0.0013214311953917979 21.842173070896266 -0.001538786830741932 0.9999980075919369 -0.0012715924056526762 0.048790730625344586 -0.0013233874087668104 0.001269556385744888 0.999998318434761 0.25047062949453947
0.9999937448459951 0.0025739913434887265 0.002425868390183043 23.199907490738294 -0.002576163935258277 0.9999962830523714 0.0008928946298898186 0.0562895961119595 -0.002423561070309299 -0.0008991384793548711 0.9999966589452854 0.24332991210242433
0.9999703941641992 0.0037728858245263974 0.0067064243566206366 24.56574314596886 -0.0037780924724312667 0.9999925712339669 0.000763867887437507 0.04580346865799528 -0.006703492549838848 -0.0007891827638689362 0.999977219929634 0.2437908138156626
0.999961278391622 0.003521610333867138 0.0080647367005802 25.95160783846976 -0.003514393176795016 0.9999934114491554 -0.0009088998180354519 0.03913384482474663 -0.008067884356644043 0.0008805219683394757 0.9999670664192253 0.2515912807212792
0.999965244583328 0.003392969200759451 0.007615601447536984 27.328736398452204 -0.003355977174977295 0.9999825347603689 -0.004864934884301852 0.05424011523108436 -0.007631975013458905 0.004839208016831208 0.9999591666779019 0.2821359251729987
0.9999845889627342 0.003237452882673706 0.004510070494352064 28.709579145371794 -0.0032117388363553994 0.9999786136857252 -0.005697096174567503 0.060027832556968204 -0.004528418121000293 0.005682523207844639 0.9999736008311988 0.26485948016439176
0.9999876096780196 0.003996681217601663 0.0029676640116088355 30.093777033406226 -0.003981846157377833 0.9999796316957067 -0.0049880953176260415 0.06121836165551885 -0.00298753939219277 0.004976216731977973 0.9999831557958446 0.304695171593687
0.9999896055034659 0.004254314529626744 0.0016400283245855095 31.449070963055863 -0.0042497361575001644 0.9999870914208321 -0.002785091434065207 0.05445102011696429 -0.0016518558091043265 0.0027780927967716333 0.9999947767727582 0.2927986845578193
0.9999889808593252 0.004688907131766408 0.0002287134404079914 32.83844081860835 -0.004688828472774079 0.9999889484718637 -0.0003432516411555788 0.05316228474951219 -0.00023032038784317452 0.00034217546072596694 0.9999999149342329 0.3284630525476949
0.9999872153015039 0.005041587737955885 0.000389392634855189 34.242955230922185 -0.005041506214095158 0.999987269463876 -0.00021006016934661258 0.061215377819940464 -0.0003904467144521954 0.00020809435840233613 0.9999999021240459 0.33066447530225374
0.9999870189734966 0.004656947083946642 0.0020675416215173797 35.629344532240474 -0.004655998303743941 0.9999890533781025 -0.0004634692676473266 0.054395653447337204 -0.0020696773407754606 0.00045383678105777493 0.9999977552314211 0.3530448151042374
0.9999825971240184 0.004657142572783103 0.0036216670415859706 37.01273193502099 -0.004658507525659338 0.9999890811830595 0.0003685407629688078 0.06990575697522382 -0.0036199111503894955 -0.0003854059124682763 0.99999337383082 0.35926716391484387
0.9999817832179071 0.0044512888541480625 0.004076672647101481 38.41834986895863 -0.004463647087329568 0.9999854552878921 0.003027386223626181 0.06253415652452332 -0.004063137582517042 -0.0030455279023782643 0.9999871077532856 0.37338094847212966
0.9999808529075186 0.004671465844533115 0.004058475725554126 39.812875530632496 -0.004693419598328588 0.9999743148158793 0.005416781423202874 0.06554573872187527 -0.004033067173452073 -0.005435725837097669 0.9999770933645422 0.38564684176370856
0.9999781158888273 0.00471821397389364 0.004637477798046831 41.22523153488903 -0.004753847528565283 0.9999590309748101 0.007703071179343231 0.06631945857035977 -0.0046009430670218305 -0.007724948466846193 0.9999595774300473 0.39609239741242813
0.9999783947643457 0.004463090420583605 0.004826057233403579 42.6292470908871 -0.004506257679812284 0.9999496056555415 0.008971052951035856 0.0773837389175275 -0.004785775406924666 -0.008992606586794022 0.9999481133441522 0.407053207132746
0.9999797007744504 0.003991728136286908 0.004966300990325734 44.063857768595156 -0.004030031313519961 0.9999620280261227 0.007726665095352375 0.07805308446513945 -0.004935269663613479 -0.007746522598538238 0.9999578163607591 0.41624989341445945
0.9999842201755733 0.0032374287980089507 0.004591127816603284 45.450983810488665 -0.0032699087297524783 0.9999695567005948 0.00708472786456777 0.06676039906110122 -0.004568051745509747 -0.007099628637732876 0.9999643634532466 0.43393899380295103
0.9999830517024242 0.002206128168747673 0.0053878851518623615 46.88655315878296 -0.0022451726441225246 0.9999711874104958 0.007251451485112864 0.06052957806571624 -0.005371732281553571 -0.0072634253177078735 0.9999591927398584 0.4489581840080388
0.9999805066018633 0.0013435099636906135 0.006097655062258234 48.28003815077432 -0.0013870481586118093 0.999973536828403 0.0071415502728994 0.06941634001932596 -0.006087898955018143 -0.007149868801042573 0.9999559074591448 0.45881965758044757
0.9999792439655831 0.00043392867312125484 0.0064283235705280255 49.69773430725138 -0.00048167010739118667 0.999972303106878 0.007427046050322815 0.09431916878227238 -0.006424922717699313 -0.007429988225603939 0.9999517566578094 0.4632049810915463
0.9999778061473162 -0.0003545460980937405 0.006652932425974228 51.128326586038945 0.00030368767389534547 0.9999707383502929 0.0076439660495600005 0.10011443095280995 -0.006655447888532887 -0.00764177598693055 0.9999486528183177 0.47360068800063115
0.999967644509227 -0.0020635936319676157 0.007775057298198626 52.56128522463034 0.0019994142173002196 0.9999639422343585 0.008253276555911895 0.08501704158442093 -0.007791808355948364 -0.0082374639569961 0.9999357138886986 0.4870337143325359
0.9999594574385022 -0.0023937826549349566 0.008680626929964847 54.005771539255676 0.0023374365772932545 0.9999761730531342 0.006495361133551802 0.10348443269393459 -0.00869596857994726 -0.006474807380073658 0.9999412267727776 0.493618972690845
0.9999541719429232 -0.0031971309491339917 0.009023988455041447 55.417071490904476 0.003156007999089144 0.99998458803101 0.00456763767838068 0.11270872292144234 -0.009038452713397194 -0.004538948572672651 0.9999488508510835 0.4978784956321401
0.9999570481363602 -0.003044794140795677 0.008753919753868427 56.840431134003644 0.003023430186907302 0.9999924215370278 0.002452700229556743 0.13994029999761515 -0.008761321379899795 -0.0024261280162733243 0.9999586757214154 0.5082724642106231
0.9999545124435792 -0.003102664673619802 0.009019230324527326 58.28439743907974 0.0030919516747914765 0.9999944981053714 0.0012014964947742732 0.13956529509324983 -0.009022908542402265 -0.0011735548173274254 0.9999586040884523 0.512777628672176
0.9999511508650397 -0.0029878762943557845 0.009421702549551797 59.69161200752475 0.0029896717035089336 0.9999955153484558 -0.00017648252552129935 0.14795558298536907 -0.009421132988544535 0.000204641702013865 0.9999555992017776 0.5137557315347907
0.9999398756017712 -0.0022720854538457297 0.010727665599035102 61.13190046369554 0.002284808987584614 0.9999967007485988 -0.001173941994956277 0.15488440622141322 -0.010724962909238946 0.0011983820791767526 0.9999417678300011 0.5309173305671891
0.9999433271634387 -0.0020463467968177673 0.010447723488847057 62.52607177141591 0.0020775140290718004 0.9999934220487471 -0.0029731792235548112 0.1553372230564927 -0.010441570608450758 0.0029947160171745497 0.9999410008991556 0.5393459948409238
0.9999514410244947 -0.0016275052957470898 0.00971940427952246 63.94691999037826 0.0016675572642433846 0.9999901464867914 -0.004114144151110474 0.16164663846578106 -0.009712612717850611 0.0041301520356958514 0.9999443019480411 0.5424390512828084
0.999953916123035 -0.0005079488942046125 0.009586846099071376 65.3868281888879 0.0005505395956017047 0.999989989371181 -0.004440502626830162 0.17167765341981434 -0.009584494580314523 0.0044455759296279235 0.9999441856015234 0.5504777981488231
0.9999542231202662 -0.00012440143736957405 0.009567454636805986 66.78685338189005 0.0001513613070731509 0.9999960202282309 -0.00281720028656998 0.1725104608421484 -0.00956706609675511 0.0028185194663704655 0.9999502623602426 0.5596962207410835
0.9999419407451028 0.0004628093525137674 0.010765730185208919 68.22632615071461 -0.00046089350721284923 0.9999998775096287 -0.00018043808561294015 0.19761158322870187 -0.0107658123749442 0.0001754657543693662 0.9999420315676688 0.565164977853579
0.9999251435413419 0.001216360021421343 0.012174883248938985 69.61158810418851 -0.001261518947568554 0.9999923511302309 0.00370219542676848 0.20722412255645872 -0.012170286922333951 -0.003717277139432543 0.9999190297053541 0.5761973176780177
0.9999158430781934 0.0017309771998421776 0.012857312283657711 71.02464425668065 -0.0018150909205704641 0.9999770104108949 0.006533306562441943 0.21104403009261344 -0.01284570769463215 -0.0065560939302614345 0.9998959973048205 0.5741102880321279
0.9999159397442172 0.0021516276840653895 0.012786083988005719 72.42030521989551 -0.002296204563469328 0.9999334774032063 0.011303460219521291 0.2194126389687781 -0.01276091258656196 -0.011331869512166167 0.9998543633166369 0.5798636234943068
0.9999192062911054 0.0030008506905434018 0.012352157111163829 73.80357735396188 -0.003191558465957399 0.999875569890773 0.01544858214077532 0.22941367351616143 -0.012304261242520235 -0.015486756624127978 0.999804363625475 0.5875766034788117
0.9999147005343986 0.003916704362466463 0.012459979219125826 75.23006255702401 -0.004125414284410549 0.9998508787391134 0.016769056073750878 0.24101973914571714 -0.012392441736235547 -0.016819028258483186 0.9997817500216006 0.5911356656433855
0.9999087946050049 0.0040899952303314795 0.012871457205070692 76.62488013233292 -0.004311813528628119 0.9998418578360163 0.017253045618606255 0.24482205304662466 -0.012798856810685868 -0.01730697137107572 0.9997683021612059 0.5931520192300089
0.9999032541007562 0.004388932649503864 0.01319923137598623 78.00060074976456 -0.004607903086132566 0.9998515056319814 0.016605237565561936 0.26061113239098205 -0.013124392095160458 -0.01666445185591348 0.9997749978752591 0.6051954923213174
0.9999188048701294 0.004141807695017182 0.012051103522475739 79.388641270756 -0.00432595969166494 0.9998736635191754 0.015295197726369801 0.26122828133557374 -0.01198623126082677 -0.015346088418882325 0.9998103959403511 0.6027277248162879
0.9999188940130213 0.0036917305964264233 0.012189196896426674 80.77616300247605 -0.003876020092219088 0.99987801874441 0.015130237935942542 0.24531123861398577 -0.01213185328056528 -0.015176256355140087 0.9998112318728081 0.6103173418560828
0.9999173703371672 0.003406356239845008 0.012395532871632697 82.17004590516626 -0.003587305543771791 0.9998869045954443 0.014605110662933745 0.2513744129259034 -0.012344380783987585 -0.014648370411352444 0.9998165039182698 0.610985482917334
0.9999222438325723 0.002879405001855668 0.012133231872391166 83.56337791837349 -0.0030597670546513686 0.999884710988311 0.01487287992936561 0.25083146470354495 -0.012089007999219388 -0.014908848334373278 0.9998157740938766 0.6192801621632629
0.9999200430431672 0.0022894803152013186 0.01243647057798148 84.9381352977916 -0.0024723528233856424 0.9998887584741136 0.01470911787335966 0.2638074791585867 -0.012401410890192711 -0.014738689120203236 0.999814470814936 0.6141954889169907
0.9999142284250137 0.0010258463457653395 0.013056930438837912 86.2984577684137 -0.001204917392886218 0.9999052304145082 0.013714166536316913 0.2592295364174009 -0.013041624411325926 -0.013728722773236928 0.9998207030281627 0.6194760129895331
0.9998975296522854 0.0002782238977122864 0.014312679229257259 87.66457972657537 -0.0004519432493203634 0.9999262582459602 0.012135642444172813 0.26409241453608917 -0.014308247361443824 -0.01214086741942917 0.9998239211960012 0.6275797299701366
0.9998873858607342 -0.0007814781556676301 0.014986823828935904 89.0588208973609 0.0006384756193119428 0.9999542483340741 0.009544296072548681 0.27435091736435946 -0.014993596815670713 -0.009533652528235875 0.9998421383018421 0.6254693142340625
0.9998837794641255 -0.001990685550542451 0.01511504996931193 90.41899744975969 0.0018696857441898368 0.9999661300980565 0.00801516886502482 0.26970367301515297 -0.01513049370489636 -0.007985976944353863 0.9998536354549551 0.6250356231323978
0.9998872643620016 -0.0023425948280816258 0.01483141315398603 91.78088733332017 0.0022286750156374534 0.9999679259720099 0.007692856095860428 0.2758715458411013 -0.014848958695728736 -0.007658934436877546 0.9998604148324627 0.6260231896069687
0.99988903439624 -0.0026402484767043427 0.014661104396877168 93.11697846324462 0.0025535574566424744 0.9999791654900102 0.005928568985705581 0.2904928537814911 -0.014676451835184698 -0.00589047314601339 0.9998749442243493 0.6349308989305097
0.9998889395058052 -0.002684039270261212 0.014659624386464152 94.5060360562321 0.0025929611191948918 0.9999772419425548 0.0062283344158568016 0.3052211798132187 -0.014676007856050716 -0.006189630857902463 0.9998731435853511 0.6336983434546016
0.9999011896058871 -0.0026340227729523473 0.013808437593130997 95.8484345137754 0.002554244589302526 0.9999799643678259 0.0057919510960979135 0.3128310024605132 -0.013823417063441432 -0.005756108664118449 0.9998878838918577 0.6342709469333445
0.9999095979856373 -0.0023732160105508293 0.013234942461851138 97.19620828546357 0.0022854111625159653 0.9999753067871445 0.006645503124250092 0.3273164858453029 -0.013250386863012435 -0.006614655072143635 0.9998903307794595 0.6400160588619576
0.9999066228521424 -0.0020241463846009692 0.013514747790364214 98.53768292126772 0.0019310217629612864 0.9999743296278694 0.006900089872184467 0.3463513621987241 -0.013528367653727388 -0.006873348289368115 0.999884863547758 0.6318317508003544
0.9998891753184029 -0.0021664410730197385 0.01472900587824304 99.90314703441462 0.002044548764872913 0.9999635829050786 0.008285691521297848 0.3597361191975532 -0.014746419953067986 -0.008254659091397021 0.9998571916538145 0.6325804593757477
0.9998664677711854 -0.0018054716321503452 0.01624151775415787 101.2526231605056 0.0016580362913874826 0.9999573416508472 0.00908657219349197 0.37391851979718216 -0.016257230466151573 -0.00905842981739108 0.999826808655786 0.6372777272017472
0.9998785572216687 -0.001911040780462005 0.015466697496542302 102.585479115366 0.0017816765753828454 0.9999633543083737 0.008373509952618432 0.3781485305390846 -0.015482132827710424 -0.008344936397677279 0.9998453208369902 0.6428995191255301
0.9999086165833247 -0.0017004115970234404 0.01341145341946137 103.91995938644523 0.0015776933297020413 0.9999568425824353 0.009155536921660528 0.3766744345383289 -0.013426442796924567 -0.009133541096813635 0.9998681458376668 0.6498811926028316
0.9999285249808924 -0.0017824948159551595 0.011822336561270854 105.23919410884314 0.0016911382013839271 0.9999686702078266 0.007732958966321982 0.39034399642702095 -0.011835750129192846 -0.007712413047943722 0.9999002118730934 0.6406778931605576
0.9999122477147094 -0.0017315021693938637 0.013133878724695087 106.5705473575853 0.0016523227845148703 0.9999804114699732 0.006037094148589113 0.3976138234965802 -0.013144074692932436 -0.006014862972715191 0.9998955219041067 0.642795263199525
0.9998834095535918 -0.0006415706791859557 0.015256332670335819 107.89694789153032 0.0005873602556731521 0.9999934995027374 0.0035575216371823135 0.4158000401854064 -0.015258515898160041 -0.003548145900688644 0.9998772866473431 0.6454587877841107
0.9998671088530791 5.602166922790553e-06 0.01630228825657728 109.21282191440893 -3.301246732198365e-05 0.999998586390587 0.0016811088616818417 0.4072778052277561 -0.016302255793656687 -0.0016814236359554576 0.9998656956164635 0.6512187697706211
0.999887566729387 0.0007505139404624348 0.014976335626950193 110.55643943558317 -0.0007749420705762718 0.9999983788030506 0.0016253787428089459 0.4193805439586273 -0.014975091477955555 -0.001636801788701301 0.9998865273195411 0.6479042499875042
0.9999130678368253 0.0016499172150688769 0.01308184017375724 111.87564894709158 -0.0016888601868020774 0.9999941741402253 0.002966384479153258 0.4298261596194531 -0.013076869671972125 -0.0029882200039732442 0.9999100289630013 0.6520521934545247
0.9999340926150285 0.002528405158337065 0.011198999665803002 113.23308944739819 -0.002589058338101227 0.9999820424925335 0.005404763582491688 0.4387715137581053 -0.011185133127561324 -0.005433402232120716 0.9999226824795518 0.6595719015656099
0.9999342462790106 0.004014427239097115 0.010741857026093475 114.53524312874231 -0.00410395454294518 0.9999569216056704 0.008325412303335446 0.4466650342202734 -0.01070797252221345 -0.008368948969439636 0.999907645744151 0.647511533910756
0.9999038271712103 0.005162388981337295 0.012871913158963924 115.89753770026643 -0.005281164009864433 0.9999436354483004 0.009210604385026898 0.45596544565408276 -0.012823638916760484 -0.009277697259661547 0.9998747314631422 0.6505938052089798
0.9998594996902144 0.006383239103442808 0.015499520566212616 117.22717395324025 -0.006528810834228432 0.9999348836726745 0.009359649758714356 0.4585755872138061 -0.015438766412023684 -0.009459528162821808 0.9998360674723691 0.6530538868097964
0.9998397277176706 0.007325389056877691 0.01633577523779052 118.54867049567412 -0.00747759702220273 0.9999290188300832 0.009275928216664155 0.4556363427140403 -0.016266665922301908 -0.00939659388675162 0.9998235342314661 0.6541458038394906
0.9998419707058253 0.008302520636052434 0.015719470925564485 119.89679113857756 -0.008453866591031617 0.9999183162250512 0.009586084566677882 0.43493424595839847 -0.0156385982349053 -0.009717459994586232 0.9998304882411323 0.6500998778180513
0.9998357753312516 0.009545132124972643 0.015404960904583547 121.21219412841639 -0.00971942628615644 0.9998891497361598 0.01127922836754973 0.4394122023233473 -0.015295591535566823 -0.011427103421960554 0.9998177164798395 0.6477728412014611
0.9998313122125313 0.010359323391615351 0.015166790637298911 122.5356659576229 -0.010555079579101852 0.9998612836112615 0.012884247371084293 0.4260358042403572 -0.01503121466969832 -0.013042160638038333 0.9998019627063377 0.6396789533907211
0.9998276426570311 0.011667522092751813 0.014441395607739427 123.82820058128931 -0.01186803109943836 0.9998332701295246 0.013877383756447025 0.4235634121884626 -0.014277073114152326 -0.01404638281964735 0.9997994120387235 0.6388111409406407
0.9998276846164805 0.012566311045411676 0.013663414696096962 125.19507239843855 -0.012777039760940662 0.9997990560030949 0.015446516444417096 0.4014321685856727 -0.013466563384727945 -0.015618432764854188 0.9997873355011928 0.6355624208555303
0.9998174026462967 0.013458416108925824 0.01356585424704502 126.56279895424943 -0.013668807295246437 0.9997858543778291 0.015537345111695699 0.4008180465708328 -0.013353841123005819 -0.015719937081092986 0.9997872566228417 0.6371335215450101
0.9997910396581092 0.014644136368080499 0.014262758828154042 127.87811105644289 -0.014852533125648151 0.9997828550283993 0.014616601896964138 0.3927379646569568 -0.014045614230376268 -0.014825385704792755 0.9997914425816994 0.6343331754414351
0.999762024754335 0.01520230565804148 0.01564556684151195 129.24322248441078 -0.015409760973802663 0.9997937892414966 0.013225666745389076 0.37696172995056776 -0.015441279928911545 -0.013463613809423607 0.9997901269653285 0.6350211850916684
0.9997430863873831 0.015755993075018612 0.016294474611033845 130.57073366924968 -0.015956293619084454 0.9997978123284107 0.01223646833304956 0.36308717821491276 -0.016098382358834255 -0.012493324039026817 0.999792357912324 0.6333732498201909
0.9997400845195171 0.015530954332726938 0.016689903008214036 131.92167607809114 -0.01570473490616885 0.9998232880075125 0.01033218560487841 0.35017539103287126 -0.016526484999412405 -0.01059161061224615 0.9998073279778472 0.6338449896543286
0.9997259188203601 0.015760903133063074 0.017311301834837974 133.23662273998434 -0.01592273235996521 0.9998304333492952 0.009250467164053033 0.3314511044682821 -0.017162570698458286 -0.00952357501101919 0.9998073552870222 0.6290748974874141
0.9997371786758245 0.015389859075039192 0.016991933702589057 134.5829051585077 -0.01552041129782517 0.9998508325004308 0.00757823075276379 0.32234230667752967 -0.01687277115500263 -0.007839960831931999 0.999826907323315 0.6251562002647704
0.9997596913049296 0.014075328312023632 0.01680609338247936 135.8944514325034 -0.014188790339365289 0.9998772123747229 0.006651195566099679 0.3019311411231453 -0.016710412040922412 -0.006888055361400325 0.9998366450689636 0.6187663894155825
0.9997593954389692 0.012863955532316097 0.017767101045739187 137.27563996571624 -0.012965459201733389 0.9999002091764866 0.00560968417172397 0.2794113619275051 -0.017693165324358995 -0.005838693079867918 0.9998264157162102 0.6142938313532956
0.9997640324420278 0.011743409495036869 0.01827489449184087 138.6201979023941 -0.011842741944477753 0.9999156306676406 0.0053367602317382695 0.2632673237691769 -0.018210680890415526 -0.005551925788988332 0.9998187571862918 0.6173317634497913
0.9997715087994415 0.010827580828942671 0.018430780946040153 139.94936502798362 -0.010906585352422365 0.9999317367656888 0.004191444226473444 0.26751272623770855 -0.018384139600169748 -0.00439150340384985 0.9998213530971498 0.6063667752196482
0.9997942496791198 0.009218857851046643 0.01806850764419309 141.27472396514588 -0.00927896594983842 0.9999516820463457 0.0032456684343490907 0.25063899078841523 -0.01803771325495024 -0.0034126577042221154 0.9998314831349961 0.6043786030615459
0.9998054627548852 0.008335697737196784 0.017876039514498957 142.61832452669327 -0.008398537425411499 0.9999588039158948 0.003443114898919138 0.24441444773080398 -0.01784660232659982 -0.0035925776717127427 0.9998342823543654 0.5904545642721369
0.9998558474827399 0.0075375726770657335 0.01521411360250536 143.98399323543453 -0.007545457384305729 0.9999714264077074 0.00046091322018024467 0.2363501938842888 -0.01521020471373126 -0.0005756442242070075 0.9998841524428186 0.5864649273210961
0.9998723832204609 0.006464509747376535 0.014609154211040448 145.30863399527672 -0.006410535809014435 0.9999724645326361 -0.003738342837035783 0.23268906472026046 -0.014632918494860508 0.0036442132555528184 0.9998862922383079 0.5840205622017008
0.9998310717975829 0.005643620462601125 0.01749221015683388 146.64537222199908 -0.005446782259711838 0.99992154181163 -0.011280194327584573 0.2157820556537812 -0.017554498885243658 0.011183012524668502 0.9997833664348298 0.5852760494851936
0.9998102669459481 0.0040190423529804795 0.019059837565860268 147.966835434688 -0.003647150776153814 0.9998030765555864 -0.019506573281850494 0.19554429430926867 -0.019134481981178113 0.019433358138755946 0.9996280389178581 0.5757975230985444
0.9998659185116477 0.002848075525015592 0.0161255531583577 149.2964113584319 -0.0025071338877491957 0.9997737235713177 -0.02112382389652166 0.17893587127693988 -0.016182066571612922 0.021080562661991903 0.9996468129291094 0.5828419153607352
0.9999050662120395 0.0036075550628183045 0.013298274698838078 150.65175819232752 -0.0033107034981206826 0.9997463464964382 -0.02227738560449653 0.1991595665899183 -0.013375268440093246 0.022231244083330822 0.9996633803339315 0.5746349495780415
0.9999416378056459 0.0035047457741417373 0.010219478441731067 151.99177792973143 -0.003332716591780662 0.9998532791897762 -0.016802175263049484 0.1858774356924118 -0.010276866384323595 0.016767136025869107 0.999806605882762 0.5728509592621296
0.9999288890857492 0.004689992890128147 0.01096452180581638 153.3510819714407 -0.004505187164518756 0.9998483965044926 -0.01681925372921015 0.19285368604803715 -0.011041741726391309 0.0167686604737958 0.9997984256666753 0.5815219955389856
0.9998826806761973 0.005362375362815998 0.014348164142144376 154.67669981019583 -0.005029086619849169 0.9997190112806738 -0.023164774373217983 0.18064258849735076 -0.014468350685261528 0.02308989853724582 0.9996286927724654 0.5703845060924361
0.9998362854497387 0.00615940585662275 0.017013642101626345 155.99446415572163 -0.005705373169370864 0.99962968356902 -0.02660722542278761 0.17703390725736667 -0.0171712263705029 0.026505800255683915 0.9995011713538603 0.5722685472519655
0.9998002708994114 0.006919021114732353 0.018749545495231303 157.35662984155664 -0.0063816924775671625 0.9995714779259192 -0.028568068155119135 0.17123983807260815 -0.018939173967879995 0.028442708447116233 0.9994159894786588 0.5773145178730618
0.9998069320507383 0.006625008171432594 0.018498861857389522 158.6828585679483 -0.006085500103149255 0.9995588559689114 -0.02906991817352977 0.15301093425768836 -0.018683289640341716 0.028951730878301513 0.9994061896783336 0.5685287495140644
0.9997913705145121 0.007464895172489947 0.01901291100218992 160.04793284446953 -0.006940558856504616 0.99959781403412 -0.027496160113157066 0.14671477540277034 -0.01921052022910503 0.02735846337557558 0.9994410790007855 0.5567774260118352
0.999788310503081 0.008445642749527641 0.018761804282695776 161.37133101571504 -0.007966357467333212 0.9996437096710947 -0.025475299089797534 0.14620908241713826 -0.01897027490832684 0.025320442996901255 0.9994993766062803 0.5514389997612328
0.9998130882373443 0.009206016151411407 0.017001113373082386 162.7329534799971 -0.008819639424505893 0.9997042490619497 -0.022663370621002692 0.15284324654138476 -0.017204724633836772 0.02250919088068647 0.9995985863216147 0.5454629921357322
0.9998181642707334 0.009953006637539214 0.016265793960752457 164.08804228117518 -0.009616569861434231 0.9997408742256156 -0.020632643715772694 0.14534300346518395 -0.016466935914149466 0.020472470819980666 0.9996547993983345 0.5262377723400898
0.9997869208202897 0.010371681528283428 0.017847721954338897 165.44760908366436 -0.01004184747237121 0.9997789509027324 -0.018471887590969786 0.14549079356350772 -0.018035361266832393 0.01828872751471944 0.9996700696679215 0.5290080941484754
0.9997883093962554 0.009830876151783394 0.018074575200148945 166.76845845798894 -0.009544995228152203 0.9998290495314441 -0.015835554273328473 0.12351727429110035 -0.01822716271590547 0.01565968030124742 0.9997112307822648 0.5353219126125259
0.999829187806875 0.009387546127139169 0.01592071566091218 168.10847301726486 -0.009156332483505895 0.9998524505499998 -0.014534053275378772 0.1238734547631129 -0.01605480566360972 0.014385795315897136 0.9997676190536643 0.5238520253855917
0.9998698305677061 0.008882182481838172 0.013469549170855513 169.51177581318456 -0.008699196721134502 0.9998698988709298 -0.01358342034406468 0.13339375750631324 -0.013588447185523813 0.013464477939967615 0.9998170142265486 0.5180325941505817
0.9998932726848795 0.008394297125198439 0.011957383296330087 170.8425676969457 -0.008314157427694558 0.9999427480491578 -0.006736127237970314 0.13306505299223545 -0.01201324376631807 0.006635992742046922 0.999905818352178 0.5130790928825414
0.9998798441347295 0.008767752345507302 0.012783732315600333 172.20772890759662 -0.008718159782988082 0.9999542736216175 -0.003929930770600393 0.1353754719651443 -0.01281760442155094 0.003818007945417847 0.9999105619165254 0.5113204963820911
0.9998453219288372 0.009227947896462012 0.014972548034319147 173.54256836317882 -0.009249336316980303 0.9999562992835103 0.0013598900404512835 0.13507214804277834 -0.014959344728804171 -0.0014981658275743934 0.9998869803655 0.5087975531003279
0.9998095153727353 0.009247827607517472 0.01718751449970915 174.9564612668504 -0.009275908353038183 0.9999557691077634 0.0015547836915177455 0.11834296827885088 -0.017172375909061365 -0.0017139173384416065 0.9998510749071557 0.5004316745214107
0.9997996472551457 0.008527705907667379 0.0181092125847153 176.31721169592615 -0.008527664860286473 0.9999636356455784 -7.948903996226277e-05 0.11729479478552382 -0.018109231914046255 -7.495618169121374e-05 0.9998360116044301 0.4910954912591716
0.9998105493923986 0.006884899001719964 0.018206138783559523 177.70411737903135 -0.006831458280368316 0.9999721775560658 -0.0029958790936194593 0.11091185846196858 -0.018226258569264894 0.0028709370449583904 0.9998297661197382 0.4699095020117749
0.9998755703442928 0.005247235180534543 0.014876503340351593 179.03589830024697 -0.005158431726154771 0.9999686859331073 -0.0060014777631135 0.11521478112752188 -0.014907528661784672 0.005923991574496585 0.9998713276782284 0.4630784058068708
0.9999327070456072 0.0032550839627782987 0.011134891505492397 180.463492436151 -0.003238410078825722 0.9999936084939242 -0.0015151473399689632 0.11702221612450925 -0.011139752268573264 0.0014789860363500988 0.9999368572663471 0.4885793759719911
0.9999472650636592 0.0026353815738147535 0.009925817632247322 181.8842741393824 -0.002656088277190129 0.9999943227939164 0.0020735416563165327 0.12429702080381298 -0.00992029670786148 -0.002099796156083826 0.9999485879630667 0.4782942851240661
0.9999371180669766 0.002417825672351721 0.010950526513705485 183.2417515357606 -0.0024847655788800284 0.9999782865897642 0.006103465328598529 0.14208031184425718 -0.010935531625269201 -0.006130291022252394 0.9999214137521284 0.4754834476200684
0.9998936872814892 0.0024928845619433195 0.014366616205219208 184.6627564305557 -0.0026014353047959333 0.9999681746190091 0.0075420344391825805 0.1422017262834951 -0.014347357560965845 -0.00757860644760496 0.9998683503618515 0.47195215822977715
0.9998579435697055 0.0027776251340817745 0.01662460463211926 186.04720793345737 -0.002937156869962298 0.9999498027358497 0.009579411153949715 0.13280382379957723 -0.016597162109258237 -0.009626879408702499 0.9998159117571441 0.4793762925097847
0.9998390356879695 0.0031946686804237823 0.01765493717274066 187.4579379859916 -0.0033324253736545504 0.999964191761236 0.007778826159972469 0.14376671533325153 -0.017629454208231293 -0.007836407807175944 0.9998138792080251 0.4632019892613512
0.9998357119820261 0.00290627651940754 0.017891411408483555 188.8428774482438 -0.003019819731487873 0.9999754530458281 0.006322499077121666 0.1443856220023012 -0.017872597298215824 -0.00637548920347515 0.9998199454918031 0.4468677468218715
0.9998211156975961 0.0028527231297397417 0.01869755534712739 190.23134287805945 -0.002923368062350873 0.9999886879368194 0.0037520551128994045 0.13362285650304195 -0.018686640264795357 -0.0038060437652837832 0.9998181452176544 0.44055742312079826
0.9998164022838417 0.003169663191020501 0.018897485532488927 191.61140056185076 -0.0031867660190146975 0.9999945394451835 0.0008749869458744532 0.1279761223696778 -0.018894608927818322 -0.0009350481650092799 0.9998210437065195 0.4310929297350003
0.999794390995511 0.0038997587544190946 0.01989893503613817 193.05031746506816 -0.0038856558868715354 0.9999921715502018 -0.0007473397090649759 0.13183168361810732 -0.01990169370289715 0.0006698656352257354 0.9998017172758741 0.4255017692784106
0.9997606877517594 0.0040868581303304405 0.021491040383182662 194.4977673975657 -0.003966191600045575 0.9999761484495422 -0.005654366119278627 0.12612233623185562 -0.021513636380695013 0.005567775376366227 0.9997530511716568 0.4138109804696295
0.9997443319103905 0.004766533045724375 0.022103189266957108 195.9149938572218 -0.004583259024060275 0.9999547596975199 -0.008335004198765568 0.12646615205705936 -0.022141918384938567 0.00823156856249689 0.9997209494300074 0.4117909585563084
0.9998214021556472 0.0042889420322424435 0.018405672162665507 197.31815495595856 -0.004156108881239569 0.9999650876004699 -0.0072491612722958305 0.11017864738234207 -0.0184361208089646 0.007171370610178795 0.9998043213014679 0.40171364337941506
0.9998963773266035 0.005103476757468346 0.013460651326007713 198.75011990765492 -0.0051038678084346254 0.9999869751678241 -5.30089745918865e-06 0.1337246060925797 -0.01346050305629019 -6.340103681735109e-05 0.9999094013148291 0.3969582946984894
0.9998983130379174 0.0062739733776956946 0.012806281348726634 200.1591748627011 -0.006389437895157384 0.999939127722698 0.008995328373868829 0.14045109245480583 -0.012749065350475885 -0.009076238605599156 0.999877534113785 0.38150461339767217
0.9998352378613693 0.007258369558243574 0.016637704230300178 201.60957553118735 -0.007538620358260406 0.9998297106900854 0.016843955131567084 0.16719432411077348 -0.016512611355960848 -0.016966605221321866 0.9997196947012051 0.3739343933899285
0.9997813910881215 0.008158249027839515 0.01925131181764943 203.00954062053168 -0.008495401933949733 0.9998108247001686 0.01749694139983734 0.16012297407310072 -0.01910492553979879 -0.017656664044163446 0.9996615647482653 0.37151942883001027
0.9997745961262002 0.007511477036808599 0.019857861249858003 204.49951416223897 -0.007840254012010729 0.9998326169321914 0.016530835900003663 0.14880532403937924 -0.019730366385859757 -0.01668280046188881 0.9996661426751575 0.36013696617062874
0.999788842709089 0.006368183904093829 0.019537559422409163 205.9131285863887 -0.006634706469985217 0.9998854059089257 0.013607193700383739 0.14761054564164194 -0.019448667421642675 -0.013733946414132642 0.9997165238463431 0.34593143764741946
0.9997970970601141 0.005145914075996209 0.019475222167957596 207.36386036225542 -0.0053612878254669155 0.9999248738245786 0.011022853521338475 0.13521792442490915 -0.019417036411907538 -0.0111250292234604 0.9997495748545012 0.34274953945639103
0.9998103343687696 0.004996821489209429 0.018823577354318416 208.7996373550019 -0.005219896536665474 0.9999165119434179 0.01182039859966565 0.14204007578464237 -0.018762941388693354 -0.011916413802543312 0.9997529450381885 0.32673399780673756
0.9998112531910249 0.0044553741620841514 0.018910516483376567 210.2548834235035 -0.004695515598152047 0.9999086633081232 0.012673483129345929 0.13172878625237047 -0.018852324150081194 -0.01275988567496347 0.9997408540175309 0.3156393707680664
0.9997973263595944 0.004385174555401695 0.019648828166724856 211.724011573614 -0.004664527324376768 0.999888379031528 0.01419407138714624 0.1364616010658333 -0.019584391464811078 -0.0142828471189017 0.9997061827802862 0.2959973025160291
0.999804197068449 0.003859136357790598 0.01940810631890329 213.16623428789663 -0.00409900403978491 0.9999155244255632 0.01233459276314726 0.1343017595829142 -0.01935886593258247 -0.012411731519930509 0.9997355566500981 0.2865725869332211
0.999811829058759 0.0034527191084340056 0.01908887647131351 214.65332911266825 -0.0037158948743854815 0.9998983033088303 0.013768629757715197 0.13099106673968805 -0.01903939598467681 -0.013836971159931622 0.999722981445189 0.290367355555734
0.9998165173627547 0.0033070855833149736 0.018867824293147026 216.11511761449574 -0.0035410392106162924 0.999917098555072 0.012379703490590605 0.13771704394502043 -0.018825319384311034 -0.012444243735586889 0.9997453416485259 0.2835695894149229
0.9998219769435814 0.002660549177863778 0.018679825981538764 217.56489368937974 -0.0029122190326842617 0.9999051885015579 0.013458565598524269 0.13404794042442597 -0.018642247743608436 -0.013510569408292077 0.9997349304257253 0.267160546300037
0.9998240858358708 0.0024725577947215856 0.01859257487323892 219.03495850855802 -0.0027194843023609977 0.99990828622275 0.013267386638381744 0.13599703888627504 -0.018558065297720177 -0.01331561493265932 0.9997391122744828 0.25536430902462803
0.9998247366279341 0.002562048459340065 0.018545401979311597 220.51392439646781 -0.002794487176153428 0.999917736227041 0.012518451182639834 0.1489622065939948 -0.01851180348600793 -0.012568082044680318 0.9997496468843656 0.24788441072012174
0.9998227044784612 0.0021246761384766688 0.01870949920981635 221.9948769553427 -0.002392303450249557 0.9998949792709276 0.01429361091513299 0.1588754981694217 -0.018677165030524703 -0.014335835521443206 0.9997227852391505 0.2407415123385351
0.9998222581152949 0.0014407421374048775 0.01879830948053551 223.51340550593653 -0.001702042875011486 0.9999020579164716 0.013891638652683827 0.15791132924903042 -0.018776454065773652 -0.013921165055361662 0.9997267856450667 0.2356187008654147
