1.0 0.0 0.0 0.0 0.0 1.0 0.0 0.0 0.0 0.0 1.0 0.0
0.9999992013307875 0.0009156775278092042 0.0008711328556744772 0.4806184883050491 -0.000914178484262839 0.9999981035517772 -0.001719642564043851 -0.011507553625059407 -0.0008727058416678802 0.0017188448197046867 0.9999981419767738 0.02386047478154739
0.9999985224873251 0.001216498413929074 0.0012145594985715953 1.7207973874538975 -0.0012143562789380588 0.9999977087658485 -0.0017628958792188457 -0.034241397781128426 -0.0012167012757723851 0.0017614183665646055 0.9999977085190462 0.026608632379401923
0.999999240857778 0.0006759489938082797 0.0010302314426448582 3.057888022785265 -0.0006736817488896684 0.9999973542286026 -0.0021994746409019768 -0.014455701070781563 -0.001031715449558399 0.002198778923067869 0.9999970504628894 0.05905115617158993
0.9999986540357961 0.0012705722966706303 0.0010380619610272266 4.381068680616479 -0.0012675294099080351 0.9999949137880316 -0.0029267332065415434 -0.012713840373226018 -0.0010417753073560343 0.0029254134931985046 0.9999951783184271 0.06589712319728669
0.9999985596162246 0.000959694401352004 0.001399911472932909 5.702417244987679 -0.000955377611525302 0.9999947972323675 -0.0030810325892307827 -0.008594768058083452 -0.0014028610392450768 0.003079690707282072 0.999994273726631 0.06991362786275378
0.9999961721240733 0.000941353698436868 0.0026018436569597713 7.041399754287578 -0.0009300678952892544 0.9999901694647662 -0.004335429337287995 -0.015316365226907897 -0.0026058992518849956 0.004332992850548502 0.9999872171493225 0.10225679946794969
0.999994593619798 0.0012361041612751543 0.00304709331620189 8.369115148616215 -0.001222136888296649 0.9999887584674997 -0.0045814102692070474 0.0007976411778084225 -0.00305272216250162 0.004577661535217458 0.999984862836567 0.09172564013431149
0.9999967456908259 0.0006440452421814912 0.0024685650657196782 9.699042372435265 -0.0006346140830910216 0.9999925047586676 -0.0038193836481414975 -0.0037996677815754494 -0.002471006419095417 0.0038178046325305194 0.9999896591940661 0.1164103588338924
0.9999995293757381 0.0009697490705705972 2.889710094945282e-05 11.028506912438859 -0.0009697320982244962 0.9999993606370688 -0.0005816744030858936 0.009683209045469238 -2.9461160685484908e-05 0.0005816461068894707 0.9999998304099089 0.13180200109297216
0.9999993490256974 0.0007002326606534983 -0.0009009008837876773 12.363789793408467 -0.0006978883378349681 0.999996376764543 0.002599886469477523 0.015441156628001548 0.0009027181450315711 -0.002599256048797901 0.9999962144768066 0.16138302047103545
0.9999988778443166 0.0008964248314557876 -0.0012003052233264852 13.699714021705017 -0.0008904810243921528 0.9999873852140756 0.004943324413924579 0.025959177921945797 0.0012047214004876326 -0.004942250017720142 0.99998706132185 0.1666791679383547
0.9999991844638896 0.001194224797368979 -0.0004526573638772348 15.05132690910369 -0.0011918848203981598 0.9999861059409222 0.005134913405878041 0.03950267384197327 0.00045878331555072096 -0.005134369702729887 0.999986713794551 0.1687406309162721
0.9999950086325484 0.0014838760271656483 0.002789412469570102 16.397356709764587 -0.0014930008452744303 0.9999935324549568 0.0032720019457747724 0.036670257923993484 -0.002784539183671137 -0.0032761502091856456 0.99999075654795 0.1914373688500681
0.9999872284303973 0.0014634424248513732 0.004837490295737356 17.76668686464115 -0.0014589184519216937 0.9999984953049396 -0.0009385866009169391 0.03147833468542359 -0.004838856584240782 0.0009315171098393942 0.9999878587977112 0.2123329785320827
0.9999934624021543 0.0012735976690933274 0.0033842431840185217 19.106694901360857 -0.0012650451702885493 0.9999960041963044 -0.002528092589648364 0.035373624365587504 -0.003387449434076529 0.0025237948415006714 0.9999910777831618 0.23752987724059113
0.9999982632690323 0.0017655519738068212 0.0005968962617061598 20.45545668476835 -0.0017632340575354977 0.9999909888747345 -0.003861758017929796 0.02835284745401284 -0.0006037090174900952 0.0038606988432775997 0.9999923652407872 0.23352008688563755
0.9999987787752489 0.0015514598501786252 -0.0001882029338266126 21.833403475933114 -0.0015517785845970602 0.9999973417735982 -0.0017054116693537003 0.041131258636302535 0.0001855565558075766 0.001705701635945029 0.9999985280742637 0.26539618598166
0.9999959277754291 0.002600006960638782 0.0011766037410653775 23.188414052973815 -0.0026008810064496127 0.9999963424681869 0.0007419354681574432 0.04220915559310902 -0.001174670400218209 -0.0007449926531518543 0.9999990325672309 0.25892036593467
0.9999795073218162 0.0036760778956344015 0.00524131545730029 24.564069544013662 -0.00368145920227911 0.9999927058193864 0.001017431159332658 0.038681032682152734 -0.00523753707000354 -0.0010367059984656615 0.9999857466214771 0.27137195102130507
0.9999710051602171 0.003391535629076168 0.006818088070845158 25.954103870466614 -0.0033863373561233198 0.9999939669399213 -0.0007738236685870577 0.02232847840681718 -0.00682067138745284 0.0007507128853621251 0.9999764571588613 0.27467493435193713
0.9999747255897596 0.003544126596310126 0.006163387733569744 27.31526768710204 -0.0035157891308836868 0.999983228051038 -0.004602482309908853 0.04988132351454175 -0.006179596141508838 0.004580696813279722 0.9999704144664645 0.321559231210976
0.9999891994530321 0.003425486033050031 0.003141181739600305 28.69929405078493 -0.0034087076773369547 0.9999799787639236 -0.005331302211769524 0.032481060036620296 -0.003159381150523523 0.0053205372604779 0.9999808549137356 0.29379627145130816
0.999989578628982 0.004072515539145938 0.002063310595766754 30.081343855945704 -0.004062808691004087 0.9999807623826177 -0.004687051335223949 0.04686497730663669 -0.0020823589919824457 0.004678619653502282 0.9999868870636087 0.3326514200424129
0.9999913536253939 0.004087646858084014 0.0007640795875348925 31.447296275641474 -0.0040852760673732785 0.9999869149511456 -0.0030790332807285855 0.03495663846330864 -0.0007766555902320671 0.0030758851822008907 0.9999949678555589 0.31868730910107224
0.999987375443997 0.004957992654064313 -0.0008168607403297603 32.83197826572727 -0.004959043944110812 0.9999868717680703 -0.0012900289412209381 0.03766371158347408 0.0008104540623784032 0.0012940635034858381 0.9999988342812515 0.35787023070489693
0.9999872301308584 0.004980655394360635 -0.000855948045252528 34.2388584376708 -0.004981483903082715 0.999987123279509 -0.0009685521644439895 0.04655998713891884 0.000851112998886237 0.0009728036875688934 0.9999991646294754 0.35511701268173657
0.9999876532199099 0.004866330581197584 0.0010060986093419018 35.6260093830028 -0.004865337837285331 0.9999876772509136 -0.0009868303053514598 0.042573897472659335 -0.0010108884539345672 0.0009819231115426224 0.9999990069652753 0.3947870158367865
0.9999864367150684 0.004733947238757192 0.0021716651310179544 37.00864767581527 -0.004733846944670266 0.9999887939668467 -5.132091065167119e-05 0.07140956020955458 -0.0021718837457497682 4.1039884226220765e-05 0.999997640615578 0.39464820352838165
0.9999869950391641 0.004400194362771778 0.0025783797456289527 38.410913774506334 -0.004407388738800214 0.9999863917941436 0.002791263340241236 0.05921440970169137 -0.0025660625572918577 -0.002802590961826049 0.9999927803773649 0.4066703893717982
0.9999864336516097 0.004560165574504026 0.0025174198434065338 39.839355663956106 -0.004572550767547729 0.9999773627908137 0.004936160998944919 0.05958150097140267 -0.002494853144589331 -0.004947605063302305 0.9999846483381255 0.42510128185294077
0.9999843344200016 0.004702428475151103 0.003036129282921416 41.245798991616375 -0.00472441199271065 0.9999623798662421 0.007274529783033296 0.06106213840958633 -0.003001807107336616 -0.007288759748900683 0.9999689310850678 0.4355572893788642
0.9999852843349428 0.004452707573867265 0.0030991142001027612 42.63243637361142 -0.0044768546934363445 0.9999593330742466 0.007828791079207354 0.0644683949466523 -0.003064128851323073 -0.007842550157292254 0.9999645521324309 0.43646780871676044
0.999985831733093 0.004146556961310069 0.0033380231336480617 44.08782682664218 -0.004171637595296908 0.9999628567521546 0.0075420524954106114 0.06767611910558813 -0.003306625598350084 -0.007555870660396127 0.9999659869444139 0.46917181437830086
0.9999891192575807 0.003412919616526917 0.0031801487605574853 45.4341207575441 -0.0034359175222303997 0.9999677826340391 0.007254527189534973 0.056789641058327484 -0.0031552871863872642 -0.007265374983742948 0.9999686287524809 0.48125057888029593
0.9999905053214575 0.0021471220802856575 0.003791982820148356 46.88263184295383 -0.002174793607807471 0.9999709284133392 0.007308392499561738 0.059048669195746355 -0.0037761805702839816 -0.0073165698887224665 0.9999661035581976 0.5070453861560187
0.9999898692631545 0.0012378001865693798 0.004327727089040128 48.27787018470583 -0.0012697707942437252 0.9999718691875353 0.00739246344033855 0.05862614194496001 -0.004318454953935329 -0.007397883770699916 0.9999633104582017 0.5121143924818018
0.9999889263141197 0.00024121813392670465 0.004699900312344935 49.699306069877906 -0.00027640236393866265 0.9999719341641112 0.007486954375423111 0.07215011354342689 -0.0046979624165508415 -0.007488170530798765 0.9999609274622856 0.512545834058335
0.999987679011582 -0.0005356668588382109 0.004935066974784938 51.13722010087607 0.0004979645568738923 0.999970708068708 0.00763773761442712 0.0713392007844383 -0.004939013700058741 -0.007635186021511191 0.9999586541843056 0.5242958677143207
0.9999792192321272 -0.0019666733157329827 0.0061394869471756855 52.57627070081397 0.0019155779974428702 0.9999635765039511 0.008317224679102009 0.07157013894911393 -0.006155620589434468 -0.008305291174675008 0.9999465638091182 0.5503670669613931
0.999972310070768 -0.002411517486623362 0.007040147380797892 54.03731734726144 0.002363799745512778 0.9999742324240088 0.0067784171292102095 0.08243163550584355 -0.007056312244703986 -0.006761587936732494 0.9999522435527004 0.5565759791396521
0.9999671422842256 -0.003156931910982097 0.00746646722545903 55.42898115418621 0.003124699108223947 0.9999857663331685 0.004324741211773443 0.10015545965466557 -0.007480013863790321 -0.004301268647174933 0.9999627735474068 0.5591338894521822
0.9999686502892811 -0.0032466579592976006 0.007222025389648093 56.86319277711542 0.0032291206392239327 0.9999918128566134 0.0024386470923500707 0.13034929994817807 -0.007229883714882984 -0.0024152498502264686 0.999970947252784 0.573456913090349
0.9999723795560472 -0.0034656799657866314 0.006574890675235092 58.327093988811676 0.0034655379835386384 0.9999939944611242 3.298741843488988e-05 0.12355756123220302 -0.00657496551330873 -1.0200973935106636e-05 0.9999783846286073 0.5687644188947556
0.9999690229448106 -0.003009611445805325 0.007272921678796734 59.72064079450096 0.003010619944162899 0.9999954599171907 -0.00012772062502826426 0.13612305217264115 -0.007272504269675096 0.0001496126716779341 0.9999735437988827 0.5813741396924463
0.9999605064557112 -0.0025991440526746713 0.008498822214344497 61.13669238678304 0.0026117876184658267 0.9999954986199404 -0.0014769242678353786 0.1405349687671155 -0.008494945218988656 0.0014990630574923628 0.9999627936656823 0.5956842655895749
0.9999622352765277 -0.0021267328327700583 0.008426448138340089 62.53538992417086 0.002155839324518606 0.9999917365959968 -0.003446606523698633 0.15184198585321812 -0.008419048495939222 0.0034646424318189985 0.9999585570788635 0.6150658589020195
0.9999674448973309 -0.001815004504770173 0.00786224549038643 63.97503808914605 0.0018475303084384911 0.999989757892456 -0.0041316754406223255 0.1484009014560511 -0.007854665954885601 0.004146066670340034 0.9999605563990522 0.6212174840580718
0.999972077571216 -0.0008983506353321257 0.0074186955755167995 65.40925735007923 0.0009301375914335668 0.9999903980231901 -0.004282371478834976 0.15783039018712666 -0.007414777270235184 0.004289152312256521 0.9999633114522127 0.6275136389410285
0.9999706469257684 -0.0004705270802080137 0.007647476127915992 66.80440354738103 0.0004904531792877498 0.9999964895429359 -0.002603911957773762 0.16289419445780093 -0.0076462240706887865 0.0026075862539332367 0.9999673673432494 0.6438495729622876
0.9999649809066696 0.0001296298382332728 0.008367804755661339 68.25132894303077 -0.00012297545325744307 0.9999996758324015 -0.0007957462724505287 0.18196674855759457 -0.008367905195550737 0.0007946893715549491 0.9999646726917112 0.6577539595035746
0.999947694890495 0.00086814454934998 0.010190868865167678 69.63994094965125 -0.0009109551573975808 0.9999907776785782 0.004196989217730458 0.19004404043812445 -0.010187131288386381 -0.004206053118300921 0.9999392638922023 0.6883469385755758
0.999939334256702 0.00151509219352107 0.010910192569733733 71.08327861204702 -0.0015971216780081153 0.999970495370131 0.007513826692217574 0.19848757681509238 -0.010898486528375311 -0.007530795765400643 0.9999122512033397 0.6947483445496813
0.9999403129783517 0.0018839042481734877 0.010762034451709793 72.4593225772318 -0.002007990892924243 0.9999315009238257 0.011530890373217953 0.20283851010369625 -0.010739574168932767 -0.011551812195882994 0.9998756008532567 0.6855001613605457
0.9999433430344156 0.002843004162867391 0.010258072357265202 73.86174958125747 -0.002992662403560193 0.9998888835240588 0.014603580956373704 0.2231698810162321 -0.010215414474963172 -0.01463345250926664 0.9998407410056682 0.6883398812463948
0.9999391339564827 0.0034647066102699723 0.010474931525503169 75.30521567849036 -0.0036407733605876443 0.9998516306905095 0.016836311201256362 0.22330796066561662 -0.010415044488434217 -0.01687342329325815 0.9998033878891741 0.7000594758340493
0.9999349236570042 0.0037350184010870795 0.010779521724303647 76.67653451678845 -0.003919233687237327 0.9998457752312431 0.017119151834694934 0.24446400346202685 -0.010713918907944816 -0.01716028524757254 0.9997953473345712 0.7091909339949795
0.9999292817204389 0.004050189873816709 0.011181570553056583 78.10608929972561 -0.004241322292296211 0.9998443938782758 0.017123060923682164 0.23974201002917345 -0.011110478984266193 -0.017169274654722386 0.999790864763512 0.7289956910437129
0.9999410794138837 0.003736205838629174 0.010192078616688412 79.4681873027599 -0.003893413333664331 0.9998730846147375 0.015448494930677098 0.23317856419801047 -0.010133066328146121 -0.015487266671085135 0.9998287181001794 0.718272621051109
0.9999399948026884 0.003324693579413399 0.010438065271043212 80.84956417391788 -0.0034846153826969374 0.9998762571077129 0.015340401816957307 0.2246163986097099 -0.01038577149923023 -0.015375853955928515 0.9998278446140075 0.7278923629370665
0.9999414331414288 0.0030961309361639817 0.010370354877803351 82.26508978592076 -0.0032508857887227137 0.999883116976127 0.014939348302172617 0.24014674781348364 -0.01032288858092211 -0.01497218619076972 0.9998346221310876 0.7283944394523918
0.9999447988495732 0.002248766866915171 0.010263639766903332 83.63447328844111 -0.002408824693000687 0.9998752702718449 0.015609018623966811 0.241065191505414 -0.010227258541998688 -0.015632880297092318 0.9998254928918004 0.7344198261058488
0.9999459565442403 0.0016768634679957027 0.010260220257568411 85.00016822051069 -0.0018328831929979746 0.9998825528608454 0.015215814919999224 0.24170980733432462 -0.010233500379876933 -0.015233798390045301 0.9998315892472024 0.721297649475824
0.9999398325318523 0.0007710887861979864 0.010942428352740228 86.37570620343881 -0.0009280192240134005 0.9998966940416205 0.014343640575454343 0.24832413633653425 -0.010930237714291262 -0.01435293233878563 0.9998372483743478 0.7434024346752801
0.9999273705891689 -3.912972077834331e-05 0.012052054409756145 87.73139124646988 -0.00010843113631906515 0.9999250490926682 0.012242730075989704 0.25664369617927296 -0.012051630151952361 -0.012243147711671952 0.9998524208825974 0.7658814587425543
0.9999180544942732 -0.0015660707744566756 0.012705578251973534 89.14744855062908 0.0014528777432656135 0.999959220568107 0.008913268036298615 0.24736591788914383 -0.012719018934287094 -0.008894077982184091 0.9998795537134441 0.7584712556664475
0.9999123411251029 -0.0026528256675570337 0.01297199220217465 90.4902108374313 0.002547735504360578 0.9999638585895492 0.008111137928787763 0.24765818616749857 -0.01299304081097069 -0.008077377710467022 0.9998829615809076 0.7631273716173269
0.9999199325771618 -0.0027685078914040113 0.012347623210132018 91.8625240196694 0.002673557726302163 0.9999667832550829 0.007699641262162935 0.2595615702610403 -0.012368529579876794 -0.007666012688295379 0.9998941202574873 0.7552940746770238
0.9999182497307072 -0.0031688385636623978 0.01238758724032561 93.19333946070643 0.003089897421812122 0.9999748319176675 0.00638655346451863 0.27234845075589054 -0.012407513425417306 -0.006347754988176697 0.9999028750919802 0.7713003049002107
0.9999172365195526 -0.0033899984850156535 0.012410802607925908 94.59268439991037 0.0033137779955349166 0.9999755555234092 0.006156884849144935 0.29669626132444643 -0.0124313710626631 -0.006115248639337033 0.9999040277684562 0.765446985893779
0.9999256903767716 -0.003130978112773321 0.011781795304375262 95.91517846731332 0.0030580866720538794 0.9999761054819755 0.006199723462159175 0.305037510415057 -0.011800924982520269 -0.006163233011851404 0.9999113724367769 0.7737042937401455
0.9999344049838294 -0.002839129144370402 0.011096173905297664 97.25423555320728 0.002762204089577139 0.9999720906917814 0.0069417624617479565 0.3112214455414012 -0.011115572778878539 -0.006910657219787153 0.9999143397604556 0.7820765458161565
0.9999352994636547 -0.002259029512670028 0.011148707198244583 98.6208112209561 0.0021659333442861388 0.999962747136546 0.008355421705724361 0.3264663467691715 -0.011167167021201671 -0.00833073374879225 0.9999029419178281 0.7906150962348296
0.9999259475549367 -0.0022324783736747717 0.011963086837144003 99.96618144459393 0.0021170771356686558 0.9999511923059069 0.00965043990689865 0.3396591811524958 -0.011984047344849848 -0.009624398490612673 0.9998818698040935 0.776666391459009
0.9999061924620245 -0.001995099431902922 0.013550861756860997 101.34125638721814 0.0018562987613327405 0.9999457668410958 0.010247806178961177 0.35814758414443665 -0.013570572243107945 -0.010221690409599625 0.9998556678912035 0.7934966532898385
0.9999153771040103 -0.002270096859257038 0.012809578103685456 102.65737903163306 0.0021536922958005265 0.9999563312935211 0.009093795439579134 0.3643752930709396 -0.01282966252244524 -0.009065438006599136 0.9998766011830204 0.7978514722730361
0.9999397034147837 -0.0019024678962401502 0.010815273952067252 104.021480011337 0.001808471979968314 0.9999605695483643 0.008694180674946594 0.3854743207665756 -0.010831387900548954 -0.008674097325642645 0.9999037159005526 0.8158822890391851
0.9999528506719216 -0.0018656727299894678 0.0095297270875045 105.33091017959833 0.0017826585706747118 0.999960459477208 0.008712153037658009 0.388590769341555 -0.009545604303455246 -0.008694754015827436 0.9999166378709209 0.8067336018186666
0.9999390098747644 -0.001810980189551026 0.010894809839042226 106.65897492055585 0.0017321400165435088 0.9999722792356655 0.007241577949004225 0.3894068488686526 -0.010907622180792945 -0.007222264948163374 0.9999144276723781 0.8121829860139173
0.9999111952367532 -0.0009534484128683557 0.013292575985549313 107.9873103496028 0.000897437504988958 0.9999906971659602 0.004219026838227162 0.40823843544300537 -0.013296474951363713 -0.0042067229123203135 0.9999027488892142 0.8209968045065177
0.9999018752366093 -0.0005911982997387154 0.013996084555425425 109.33946405162958 0.0005565633332266748 0.9999967739198199 0.0024783839913900627 0.39396625948011765 -0.01399750461933625 -0.0024703510930750264 0.9998989785122838 0.8298968187749305
0.9999192681587079 0.0005843468178634766 0.012693136088078346 110.66161972411176 -0.0006137790554152371 0.9999971320662787 0.002314980451049643 0.4036835837001897 -0.012691746933545342 -0.0023225843394936723 0.9999167591163581 0.8321565706336642
0.9999424232149399 0.0014669139284703258 0.010630071427824166 111.97660946143033 -0.0015074362265522006 0.9999916246383902 0.0038050347036235384 0.4244381893098641 -0.010624400738726962 -0.003820839776719401 0.9999362596147534 0.8263393515451686
0.9999648058965899 0.002346567783612423 0.008054848715662784 113.3248952111023 -0.002402448260639399 0.9999730677242886 0.006934844513759502 0.43208575673068184 -0.008038358697536012 -0.006953951805411209 0.9999435120764261 0.8419095104737544
0.9999577174068044 0.00394729259842911 0.008305557158674148 114.61357671122809 -0.004022530940632479 0.9999508514341564 0.009061675393512257 0.4518550460574694 -0.008269379868241089 -0.00909470160302788 0.9999244490256984 0.8396753510314116
0.9999318808797136 0.005084134911866177 0.010506434816639196 116.02101394859214 -0.005186525407319345 0.9999391012166813 0.009741345501268579 0.4463962062039359 -0.010456268672790293 -0.00979517382049947 0.999897355239661 0.8399151090485486
0.9999014736026188 0.005997688611567598 0.012691367878598163 117.35882678065323 -0.00612336188343421 0.9999323766736932 0.009886683920496554 0.45405715494667526 -0.012631212394530699 -0.00996342365946427 0.9998705829568276 0.8509713431110983
0.9998884302465275 0.006863707878670299 0.01326712377613998 118.66880815327316 -0.007002468963881045 0.9999209721889382 0.010441015522391487 0.4432892985837563 -0.013194411223886506 -0.010532753243346038 0.9998574741539765 0.8468406921634537
0.9998850073006199 0.0079411612605218 0.012919370467385461 120.02017469089236 -0.008077563991888527 0.9999118235871078 0.01054030410667456 0.42113452613165636 -0.012834529028994783 -0.010643449090338267 0.9998609862656234 0.8552212890072564
0.999880519385316 0.009113398918288575 0.0124857083862633 121.34156961707367 -0.009269059628612988 0.999879328291462 0.01246649064555682 0.4371126899547627 -0.012370589612135954 -0.012580731917129285 0.999844334732701 0.8494157297303196
0.9998741778600595 0.010114663580016519 0.012219739331641036 122.67376084388138 -0.010283674729286083 0.9998512248903206 0.013848253297350205 0.4338136723544822 -0.012077850915308169 -0.013972174705049155 0.9998294373798359 0.8414287192621138
0.9998724612839658 0.011110638666809784 0.011472352607906284 123.98854523989294 -0.011280758365862247 0.9998257689320607 0.01487199617081256 0.41992054222557695 -0.011305116391951555 -0.014999516253173828 0.9998235888673237 0.8443220726062172
0.999867815466311 0.01222307542618322 0.010721381522586138 125.3210143133983 -0.012400870275536451 0.9997840325738304 0.0166765292198148 0.3944597466068227 -0.010515227578912977 -0.016807279302012455 0.9998034533604231 0.8500360686085653
0.9998556935347737 0.013216969087303031 0.010672573927690795 126.70414913263058 -0.013390588549302428 0.9997764370586987 0.01636361941983565 0.405273417844068 -0.010453910483643905 -0.016504170089986583 0.999809145849967 0.8499833762607154
0.9998312537369389 0.014303067084331616 0.011527633009514364 128.02237749114065 -0.01448419357204599 0.9997704928340864 0.015785113077060143 0.39084753340646544 -0.011299211803857708 -0.015949417866153705 0.9998089536918253 0.8606229636955062
0.9997985357432475 0.015548524660637011 0.012693750688255928 129.38942133040615 -0.01571549216530205 0.9997898773553007 0.01316147574836893 0.38947083896585344 -0.01248644191354627 -0.013358312720929104 0.999832808148237 0.8654135675582313
0.9997876882490516 0.015756144406148663 0.01327864221483377 130.70845147697906 -0.01592960643920471 0.9997878154425948 0.013060311298584409 0.37036091170946994 -0.013070044541202726 -0.013269061985553988 0.9998265379203106 0.8522991272862657
0.9997890937545468 0.01557959692779564 0.01338073873256793 132.05012341709556 -0.015749696620960478 0.9997952771006097 0.012702399130190159 0.36252610120259604 -0.013180101130474272 -0.012910462690483644 0.9998297879575844 0.8664349430718249
0.9997795945972854 0.015579392577986179 0.014072837446254411 133.35413203394296 -0.015742010187808908 0.9998097267897876 0.011519519598363915 0.3401655659633537 -0.013890692644164 -0.011738515384458074 0.9998346142809992 0.8665067306491793
0.9997903463045499 0.015320057230979935 0.013585259757091909 134.7270784950513 -0.015450905524366192 0.9998347371328407 0.00957955849612101 0.3224225714657121 -0.013436255233705254 -0.00978745467131232 0.999861826842265 0.869566601518385
0.9998133932170518 0.013516041356982164 0.013802006007876306 136.06221128905193 -0.013642013113862537 0.9998657693815544 0.009074067292759492 0.2939376131812961 -0.013677507887269102 -0.009260661157210793 0.9998635736603895 0.8635489209257352
0.9998172265574955 0.012669849905731842 0.014317415347878188 137.42448708679072 -0.012775070692698667 0.9998918810719146 0.00728173985148413 0.2836944436470577 -0.014223608813306933 -0.007463314936029927 0.9998709856188905 0.8626329679299607
0.9998227309118971 0.01174989164814355 0.014712130985446306 138.73791119377128 -0.011854271322285942 0.999905038558423 0.007027810249006801 0.2798687359756982 -0.01462815789132972 -0.00720096602792309 0.999867072707653 0.8717435348771837
0.9998373466047176 0.010447225916349256 0.014701557913723826 140.10728952359435 -0.01054229763919134 0.9999239201588289 0.006404206015302351 0.27037040546711333 -0.014633533234476078 -0.00655815254873616 0.9998714169033052 0.8725060091764253
0.9998565469532561 0.00915071504220258 0.014253067351539837 141.41655336210897 -0.009224279863933548 0.9999444285068402 0.005104170757390341 0.24209681065024236 -0.014205568475177382 -0.0052349128307141906 0.9998853921885007 0.8661931949965572
0.9998671022889396 0.008032632884104078 0.014186422003746996 142.77283385942093 -0.008107146199824779 0.9999536016409489 0.005202763283983886 0.24524000441446014 -0.014143971889602076 -0.005317083245889043 0.9998858318252851 0.8483333530223541
0.9999020739821718 0.007399945389336718 0.011877847211774453 144.13587693374382 -0.00744140434480113 0.9999663607594429 0.0034500508536863188 0.23821134860023827 -0.011851917462107082 -0.003538100867793495 0.999923504021543 0.862699069349576
0.999920559560312 0.006056716013380676 0.011053992931314396 145.4576737958387 -0.006061818092509848 0.999981535369765 0.00042811323343754635 0.23694875768014004 -0.0110511958631458 -0.0004950865182795635 0.9999388111076265 0.8674581263972807
0.9998846425849987 0.005510589602925235 0.014153972053723431 146.8222150404166 -0.005397528379498185 0.9999533220172979 -0.008013767775689719 0.2298104012960034 -0.014197471960245714 0.007936446862312097 0.9998677135507176 0.867984058061984
0.999867393212565 0.003945475905179201 0.015799658546669912 148.11338983539966 -0.0036906914229963453 0.9998632082641551 -0.016122765163919285 0.2162136550580625 -0.015861109265430665 0.01606231551154186 0.9997451811503157 0.8668141210149373
0.9999124182916002 0.0027899225811159126 0.0129372361126854 149.46089198562933 -0.0025624858741666407 0.9998424682143555 -0.01756338296485677 0.18915496005565238 -0.012984198565513704 0.017528693248981916 0.9997620494400627 0.8751174019018442
0.9999429667423166 0.0030322640079401813 0.010240538929194467 150.83405806754865 -0.0028495436063780454 0.9998373189760993 -0.017810549792784843 0.20163369152512117 -0.010292879276934458 0.017780353136877477 0.9997889355651614 0.8752933387864004
0.9999706798684624 0.003434148750429932 0.00684441566277621 152.1560034227089 -0.0033403929039323614 0.9999010795490334 -0.013662828840510649 0.19681793004082143 -0.006890658796682222 0.013639565207060368 0.9998832337239734 0.8841605938560761
0.9999613186783137 0.004336672201031491 0.007652086078232754 153.52018418508183 -0.004238797738316908 0.9999095938304948 -0.01276075074078597 0.2007754172513111 -0.007706733475443556 0.012727821492919789 0.9998892982821563 0.909744479815773
0.9999415550477371 0.004660247375038279 0.009755438642967906 154.83429691316695 -0.004516662270166805 0.9998819078848382 -0.014689113196959295 0.192854999374266 -0.009822741503801998 0.014644192670792094 0.9998445185979519 0.9051707775266135
0.9999055276571703 0.005643581207027753 0.012533385488190121 156.23089156117948 -0.005406604644506002 0.9998074840678052 -0.01886169208272085 0.1892082052370994 -0.012637420102770093 0.01879214711428823 0.9997435425247722 0.916230786233625
0.9998665111242856 0.006177281744533122 0.015126173422167788 157.54187331365574 -0.005783541688462942 0.9996468438525358 -0.025937197635864048 0.16687357991643686 -0.01528105289849651 0.025846252453938425 0.9995491286857292 0.8959928699480877
0.9998743207406041 0.005732105085945155 0.014781261610538523 158.88459689034588 -0.005363058432387154 0.9996758822913557 -0.024887104477025263 0.16082070417914954 -0.014919126240041648 0.02480470391444436 0.9995809853813499 0.9089223652867622
0.9998694712568369 0.006600835133205065 0.014746844547832576 160.2539147477545 -0.006256617361687897 0.9997097032141542 -0.023267231005374936 0.1588524305683471 -0.014896146742131645 0.023171928599326833 0.9996205112627615 0.904209376706074
0.9998714643794594 0.007300494462875776 0.014274365144304767 161.58540801113338 -0.006988368306058233 0.9997380327723113 -0.021795149390812722 0.1613168953626966 -0.014429741095886075 0.02169259341679744 0.9996605493680139 0.8873283825678132
0.9998788193958126 0.008472118256611327 0.013060234909149692 162.93564275537926 -0.008247866200406238 0.9998192536534609 -0.017129878195027766 0.171475930478611 -0.013203000673194545 0.01702008331596189 0.9997679718500395 0.909579932863539
0.9998788656203088 0.009205435745265451 0.012550459696132783 164.32381487355377 -0.009012704749834255 0.9998419066407578 -0.015327520284330562 0.15878311804109788 -0.012689572054911044 0.015212550006952775 0.9998037572860732 0.8900429498447578
0.9998518065090524 0.009879279065417433 0.014098399403195827 165.65751604165445 -0.009685824159186155 0.9998588987539404 -0.013724700102904651 0.17789195710022734 -0.014232000243878351 0.013586111574138865 0.9998064151331263 0.8983014541700343
0.9998651867137931 0.009194101294477586 0.013604297085059143 167.0069095403088 -0.00903868795895209 0.9998936907018775 -0.011441565214545866 0.14938529690222113 -0.013708045731334488 0.011317057743287213 0.9998419943602402 0.9101505630451314
0.9998904755765871 0.00883382142811533 0.011874361043976222 168.34841388530816 -0.008707174144775743 0.9999051067762986 -0.010675324870531789 0.16028044346395345 -0.01196753816117076 0.010570763532262757 0.9998725103675499 0.8976846431539377
0.9999098796469648 0.008707839567402413 0.010217931026427039 169.6926505934309 -0.008614798767458569 0.9999213516002065 -0.009114595778889982 0.15062943306116675 -0.010296495840266906 0.009025748948688177 0.9999062546205653 0.9084078653571157
0.9999336074505188 0.008199286014398842 0.00809644365421931 171.1160291521824 -0.008181320667883754 0.999964002106814 -0.0022495516560177373 0.17335787062431296 -0.008114596916737313 0.002183162700743484 0.9999646929354561 0.9110024909399119
0.9999249063891762 0.00839000153945741 0.00893249443129196 172.5076264453922 -0.00839467663092176 0.9999646459719443 0.00048601488281274554 0.16716332265780312 -0.00892810096601823 -0.0005609637884584865 0.9999599863658389 0.9111264643049749
0.9998948448539152 0.009373950773862317 0.01106473142259084 173.9153102537588 -0.00942524480597126 0.9999450339346352 0.004592806310842127 0.15440807515778504 -0.011021070497568503 -0.004696611155993812 0.9999282363493577 0.8962437354795467
0.999878651124494 0.009387443677874852 0.012432173046466398 175.25872433343332 -0.009464436860041281 0.9999363064879401 0.006148772412317658 0.14668170948230616 -0.012373659942993831 -0.006265689782531068 0.9999038122095366 0.9003757239096091
0.9998667384600353 0.008448408756578436 0.01396888366238692 176.61936884199758 -0.008488799164110885 0.9999599515950326 0.0028346948357242966 0.13556683769558225 -0.013944375570204701 -0.00295289612788199 0.9998984122371708 0.8957868546288512
0.9998826587236478 0.006264181642885285 0.013979585547307374 177.99801494749443 -0.006272955349986563 0.9999801543796704 0.0005838475723726034 0.12592075533716313 -0.013975650786515137 -0.0006714723789028426 0.9999021103637785 0.8722364296528564
0.999934966330066 0.005007087829001832 0.010246569277683833 179.36753343231177 -0.00496803458007893 0.9999803121829084 -0.003833259576959824 0.12473707841466686 -0.010265561012475277 0.0037821049755230175 0.9999401551788254 0.8471766170670473
0.9999723996852414 0.0027587763857806077 0.006898479585590742 180.7746768030683 -0.002772232268316675 0.9999942721379018 0.0019417568432840231 0.12765968526495172 -0.006893083199124808 -0.0019608274378934624 0.999974319950152 0.9079864388279933
0.9999801883038263 0.002469666024519964 0.005789969738398171 182.15300574971874 -0.0024935944287325694 0.9999883659283927 0.004129163921225142 0.15047536284519752 -0.005779704721629705 -0.004143519951766283 0.999974712808149 0.8961853892972975
0.9999743862603486 0.0020936218495807477 0.006844236318974713 183.5160394206049 -0.0021553191824682347 0.9999569999424068 0.009019582329740419 0.1616430453033026 -0.0068250584217791795 -0.009034102818334494 0.9999358997274811 0.8991082257780503
0.9999466705349855 0.0024202657554674503 0.01003984061975215 184.94097406779184 -0.0025308301738039096 0.9999361355910901 0.011014519407964012 0.1576514483199113 -0.010012541367129394 -0.011039341141117244 0.9998889348135329 0.9073225635200066
0.9999185625208963 0.002881352716436419 0.012432462856085291 186.32321886667222 -0.003065289160627975 0.99988575697661 0.014801249868629213 0.16862781109099584 -0.012388394912424796 -0.014838153585784993 0.9998131609804196 0.9471582132369734
0.9999036309683373 0.0032840654719289717 0.013488650425868174 187.72908911897758 -0.003449846568179154 0.9999185781001512 0.012285590292203599 0.17511420014006043 -0.013447205471443211 -0.012330940116144782 0.9998335464370361 0.9190300322362166
0.9999069185110315 0.0028476367498293464 0.013343360847792864 189.11080842912673 -0.0029842047763417963 0.9999432581016814 0.010226196695112138 0.1747951027249922 -0.013313483226648423 -0.010265064146671709 0.9998586798255233 0.9006095820799649
0.999901875152168 0.0031520178119009007 0.01364935349720393 190.5130589519376 -0.003246243960082696 0.9999710172305691 0.006886697249941265 0.17190520023522327 -0.013627250908741657 -0.006930330625170882 0.9998831274454509 0.8809759102281923
0.9998933827679544 0.0036034641495914918 0.014150552744670601 191.91595407625704 -0.003665856975098403 0.9999836631913861 0.004385754550166442 0.17186840020993152 -0.014134517660508201 -0.004437160855636421 0.9998902574853131 0.8883163630520294
0.9998868851353147 0.0037350499741744397 0.014569362926654639 193.39366616878303 -0.003791629619361844 0.9999853704319338 0.003857780053036689 0.15534590259583414 -0.014554740781880559 -0.00391258530877594 0.999886419148182 0.8915830528645127
0.9998486031222806 0.004428004820653972 0.016827465873749108 194.81605526434242 -0.004406528865540333 0.9999894290693688 -0.001313108097169812 0.1628732187403567 -0.016833102440758967 0.0012387585825972224 0.9998575459231144 0.8940535543637084
0.9998313837733208 0.005415105989824577 0.017546528119416302 196.2250973829515 -0.005319100707082492 0.9999706536634393 -0.005513526963929603 0.18738914225658732 -0.01757586952598407 0.005419265543690421 0.999830845879128 0.8923287561361487
0.9999016371091085 0.004206957387844644 0.013379746487192227 197.6399651791976 -0.0041754482342401325 0.9999884456629988 -0.002382052170472702 0.15421534674650728 -0.013389613085069125 0.0023259514260904326 0.9999076498414219 0.8967233075095297
0.9999442988795473 0.005129642231081008 0.009224202343379366 199.08196558024804 -0.0051716805329902115 0.999976323828725 0.004539328414341135 0.17227410674335125 -0.009200698818849861 -0.004586780196353972 0.9999471528979295 0.9013052636712598
0.9999436149881361 0.005976189317875499 0.008777927186705262 200.47008369353958 -0.006090408097611339 0.9998963820675038 0.013043468002073932 0.16955764618983443 -0.008699067401896528 -0.01309619370479404 0.9998764003299526 0.8913256072632474
0.9998973984325458 0.007421647525115602 0.012252010277492403 201.95988742454713 -0.00767444483394264 0.9997559307092909 0.020716706014470464 0.1955398431362818 -0.012095267848113376 -0.020808607824940407 0.9997103112082371 0.888224384564137
0.999871397871492 0.008048255033224464 0.013871312462364034 203.4207466138755 -0.008363772315064907 0.9997041437435868 0.02284014655302236 0.19203729849184373 -0.013683385223332435 -0.022953225760706544 0.9996428934354548 0.8899710732045653
0.9998694941051804 0.007342254163238427 0.01439048510831817 204.86052111722398 -0.007643046023294147 0.9997511041012955 0.020959811443009155 0.1743081964316303 -0.014233011112766215 -0.021067063204041944 0.9996767478753423 0.8795729823619907
0.9998751907436249 0.00602444947706028 0.014605099927701887 206.31522632072813 -0.0063099814663209 0.99978831188561 0.019583553069267488 0.15401860769374157 -0.014484028075590587 -0.019673266770429295 0.9997015432144161 0.8834131934008506
0.9998794290209879 0.005159857623532419 0.014645930833105876 207.74866649914833 -0.005396022889826788 0.9998553179505051 0.016131525131458182 0.15816906979563072 -0.014560575456887421 -0.016208609915698384 0.9997626071257942 0.8875243520447497
0.9998880758872182 0.0050441898413641625 0.014085164088538583 209.19080356907978 -0.005289831453530146 0.9998336164776418 0.017457292013169777 0.16387107920412178 -0.01399476265429398 -0.017529846265273315 0.9997483939012685 0.8812561415622119
0.9998931067262874 0.004987006169699665 0.013744267558394273 210.64216098831835 -0.005238485103642496 0.9998184120280253 0.0183221517179783 0.16658463309585736 -0.013650399081062334 -0.01839219234406483 0.9997376625223773 0.8723571370246006
0.9998872166071399 0.004347019557312113 0.014375586478291924 212.12858741349518 -0.004628757633599838 0.999796725291041 0.01962352415036572 0.1616583443057058 -0.01428736044186941 -0.019687852048381038 0.9997040861241515 0.8607591607201451
0.9998944351409411 0.004100188379792061 0.013939405633979465 213.58650054440741 -0.004353320571642662 0.9998252912079159 0.018177889344111884 0.1679334497576853 -0.013862437526600907 -0.01823665309908816 0.9997375942263873 0.8514561206474489
0.9998968463453074 0.003902138306241757 0.013822806710210543 215.0500114778224 -0.004184096452786257 0.9997825674505694 0.020428195192470074 0.16544872236936498 -0.013740087539119332 -0.020483923906000942 0.9996957631478842 0.8736492390588809
0.9999064130467638 0.0035291642679722702 0.013217796621395673 216.50010506196597 -0.0037796312781514015 0.9998128631312474 0.018972430121064636 0.17428808831978815 -0.013148366261864275 -0.019020612946672587 0.9997326326312335 0.8675318882782208
0.9999073682697835 0.003233877066634424 0.013221078583585235 217.9896036256258 -0.0034785892106976176 0.9998222842422392 0.01852833909810013 0.1714990078445948 -0.013158810618694167 -0.01857261348730608 0.9997409183040136 0.8521330576263167
0.9999077760313778 0.0028524178591446563 0.013277919428164928 219.48311133204066 -0.0031099515341365498 0.9998066632818124 0.019415567432962508 0.16776211051348075 -0.013219971007507117 -0.01945507053817655 0.9997233280247667 0.8568978498300261
0.9999062546173905 0.002608127568669777 0.01344171297148396 220.97801698001763 -0.0028804909054800936 0.9997901256678868 0.02028317995617191 0.16951430824678787 -0.013385990780127633 -0.020319997233674815 0.9997039126477687 0.864736962818787
0.9999100562207516 0.0018962098827982354 0.013277193102970491 222.44449377817713 -0.0021518240200134753 0.9998121090336811 0.019264378604285 0.18306316330474393 -0.01323816913323296 -0.019291216076305788 0.9997262624640292 0.8431419980675982
0.9999075355164914 0.0013856650799022182 0.013527762180886993 223.97718672884426 -0.0016628918003096626 0.9997883987085406 0.020503477721416405 0.17801519853208655 -0.013496488735843842 -0.020524077082745902 0.9996982580017356 0.8639404312815281
