1.0 -2.1684043449710093e-19 -2.5135375298442207e-37 0.0 2.1684043449710093e-19 1.0 2.3183291766350204e-18 -8.673617379884035e-19 -2.51353752984422e-37 -2.3183291766350204e-18 1.0 0.0
0.9999996051917989 -0.0005752605321510217 0.000677267721610383 1.3273296131564947 0.0005753941083097035 0.9999998150465057 -0.00019704967556571635 -0.005147294397329037 -0.0006771542414461252 0.00019743929362565135 0.9999997512398984 0.014190926913472833
0.9999991949433092 -0.0005967494779263065 0.0011198226618697432 2.628292109638085 0.0005974884623972986 0.9999996039058764 -0.0006596935863360372 0.0026109771196390695 -0.0011194285465113297 0.0006603621363656997 0.9999991554004325 0.02238872817330788
0.9999988872748349 -0.001117982926636402 0.0009877060635002097 3.952068913162743 0.0011192782555432775 0.999998513100449 -0.0013118738802854152 0.0010290909243763538 -0.0009862379422804482 0.0013129779384500793 0.9999986517109183 0.04942137746404745
0.9999992821443365 -0.0005474306212199864 0.0010658473279201277 5.267740877157508 0.0005495005897131223 0.9999979618565761 -0.0019427639577488751 0.012071868060146682 -0.0010647816270901312 0.0019433482468600017 0.999997544815825 0.054373423007450884
0.9999984227272785 -0.0009066756234279397 0.0015272466301206708 6.589238739993435 0.0009101348451881187 0.9999970188182309 -0.002265835213452324 0.00541542470836749 -0.001525187699566118 0.002267221639987519 0.9999962667472896 0.06502565319406606
0.9999967102503768 -0.0006760305557410519 0.002474362768808948 7.92429047642065 0.0006848693568307137 0.9999933821118684 -0.003573050017964958 0.011495240015391416 -0.002471930902763611 0.0035747328787630477 0.9999905553766284 0.09339318125345765
0.9999957501914396 -0.0004940095026026021 0.0028732479306749947 9.23996116783227 0.0005043316540459898 0.9999934183791634 -0.00359288852292595 0.028083378439690235 -0.002871454098974428 0.0035943223237189107 0.9999894177432033 0.10374599477524664
0.9999967710920995 -0.001050772799946953 0.0023138024760362193 10.571777577076865 0.0010581512604536342 0.9999943521629684 -0.003189977754666479 0.023908076781415367 -0.002310437466199872 0.003192415807528563 0.9999922351498669 0.11967969255779266
0.9999995872641368 -0.0009084353337945112 -1.4724136773324488e-05 11.892859175313017 0.0009084254017602859 0.9999993688767297 -0.0006610668889360453 0.042682065634874936 1.5324664000490253e-05 0.0006610532403101685 0.9999997813868602 0.1271993531067222
0.9999992906587156 -0.0009340600094961055 -0.0007390628960228111 13.230849534657908 0.0009355724504711779 0.9999974636847216 0.0020487382247571183 0.04035277485823076 0.0007371473770806247 -0.002049428218387199 0.9999976282260484 0.14481480017451084
0.9999993485819993 -0.0008025449514043579 -0.000811638575973024 14.576412890817995 0.000807332779915482 0.9999821747527847 0.005915943751715337 0.06368998567535952 0.0008068762975240266 -0.005916595160390913 0.9999821712672424 0.16107283998289254
0.9999999321128653 -0.00036605014340974456 4.22084976395366e-05 15.923547404730506 0.00036579382658119097 0.9999824059485084 0.005920640869781517 0.08326807608881587 -4.437500646051687e-05 -0.005920625028238307 0.9999824719614507 0.17783754688336512
0.9999955277299996 -0.00020532690949145635 0.0029836824328268734 17.266995990309606 0.00019292542781914417 0.9999913446507723 0.004156128405079293 0.07246338657066483 -0.002984509973014298 -0.00415553418954108 0.9999869120322629 0.19611931766240925
0.9999865131261955 -5.0335618248195286e-05 0.005193364231280137 18.630435667801244 5.140531830952004e-05 0.9999999774934635 -0.00020584111754101897 0.081358671897878 -0.005193353753255583 0.00020610530792924915 0.999986493207481 0.2137525283103387
0.9999942856327158 -0.00046795343661473434 0.0033480922173206996 19.970356459581378 0.0004751958023976794 0.9999975485343247 -0.0021626637026085915 0.06616254756887932 -0.0033470719836756727 0.0021642423437215935 0.9999920565505577 0.24251076232546603
0.9999997343413469 -0.0002904425995620807 0.0006685509194647458 21.321162096610617 0.0002926221401089423 0.9999946358363353 -0.003262310659363654 0.07592602462877576 -0.000667599819259711 0.003262505425503424 0.9999944551690423 0.23239995409749414
0.9999999791902758 4.9246151481349344e-05 -0.00019797541345213296 22.67204759092663 -4.945781654289274e-05 0.9999994270910203 -0.0010692855350619593 0.08555173649746356 0.00019792264183280439 0.0010692953042421008 0.9999994087169153 0.28045718244413076
0.9999991923971987 0.000823839097371421 0.0009677262484235844 24.039552670563214 -0.0008249738411130407 0.9999989720088747 0.0011727742133316869 0.09625297326535334 -0.0009667590763602575 -0.0011735716150362548 0.9999988440526083 0.25565447214084086
0.9999822837944129 0.0016514474775725571 0.005718812686130391 25.42991446098274 -0.0016627307808550844 0.9999966795257831 0.0019688229373650374 0.10802375866719074 -0.005715542289286617 -0.001978296903176288 0.9999817092915761 0.2783716585648136
0.9999773522044673 0.001752416752837896 0.0064980084385386295 26.804798061558067 -0.0017529356280382824 0.9999984608575332 7.415691997052592e-05 0.09820217072357632 -0.006497868483348996 -8.554583098297286e-05 0.9999788849706198 0.29369366452441503
0.9999818896963243 0.0017340063177360536 0.00576311560340158 28.17210469177919 -0.0017093013431202686 0.9999893417392515 -0.004288903917894462 0.09788540301468046 -0.005770491165102546 0.004278975343300621 0.9999741955679281 0.3078791281180674
0.9999924481708562 0.0015742042555494916 0.0035532354578876888 29.53116803317069 -0.0015581637591530735 0.9999886042264368 -0.004512598249596164 0.10139584250643402 -0.0035602987173890942 0.004507027648506971 0.9999835053513726 0.3144121492436354
0.9999958040653099 0.0024482314684011307 0.001548552372867195 30.918484498056046 -0.002441315100637323 0.9999871071916566 -0.004452575776083667 0.11256628053912131 -0.0015594333438086903 0.0044487765890745 0.9999888882155175 0.34943674323943874
0.9999957498254829 0.0028741938519298736 0.0004892245615311091 32.31233589450149 -0.002873295697162453 0.9999942035032643 -0.0018267817901352413 0.11429754795256664 -0.0004944722507325593 0.0018253683391662352 0.9999982117622108 0.3379561480726157
0.9999932541814004 0.0033073151574586307 -0.0015978917805918615 33.683898237905716 -0.0033077198831526033 0.9999944980514414 -0.0002507110296149539 0.11844965129031734 0.0015970538086850948 0.000255994716777617 0.999998691942063 0.3724274094205685
0.9999930597483561 0.0035347660962024214 -0.0011772356458814705 35.079581016935904 -0.0035348613932030502 0.9999937492469844 -7.887895953048081e-05 0.12801295964113682 0.0011769494686003548 8.303977692598111e-05 0.9999993039469297 0.3616497370350577
0.9999953604480246 0.002985220429397123 0.0006062519386517604 36.473523769196525 -0.0029851625840062357 0.9999955397556464 -9.629725129725022e-05 0.12317012497359672 -0.0006065367031418415 9.448704391740326e-05 0.9999998115926954 0.39871893150488774
0.9999938974303421 0.0028178538600975634 0.00206513963151499 37.87211361355403 -0.00282026736779109 0.9999953424278344 0.0011667110235052426 0.13421760786958942 -0.0020618423918169217 -0.001172528149482645 0.9999971869878884 0.40517737228210926
0.9999934232898958 0.002412243527190159 0.002708220471228699 39.266560106858506 -0.002422049475023599 0.9999905023283119 0.0036233864700039916 0.1272840753026857 -0.0026994542588810286 -0.003629922084012171 0.9999897682538398 0.421112590134351
0.9999922892429148 0.002950800145303301 0.002591183748251291 40.66777917281524 -0.00296721776009506 0.9999754036569146 0.006355131781085014 0.1452349070510589 -0.0025723672908237747 -0.006362771384645087 0.9999764487560835 0.4435019975139731
0.9999901841019033 0.0028923664289520375 0.003356473786929373 42.09438125968229 -0.002923758783065902 0.9999516773862438 0.009385868474247305 0.15392151367022222 -0.003329164222461512 -0.009395589863233477 0.9999503185442274 0.4688442206653246
0.9999921339999752 0.0024406751671795773 0.003126506501478768 43.48114762845053 -0.00247122052788571 0.9999488910605902 0.0098034859003622 0.14847086373510673 -0.0031024195844586103 -0.009811135073188888 0.9999470569091633 0.4643977134093139
0.9999931840798784 0.0020575290126512618 0.0030656758061829246 44.90337948363655 -0.0020837976583447377 0.9999609322013353 0.008590218760636006 0.1568723329659647 -0.0030478814126527276 -0.008596548458457275 0.9999584040216353 0.47821775668080696
0.999995235274621 0.001273075967088738 0.002812242101525661 46.3041271933171 -0.0012954773599975072 0.9999673339968045 0.007978262826785508 0.1499579718414413 -0.0028019933021522876 -0.007981868008527494 0.9999642186681628 0.5015759802095445
0.9999943176268747 0.00047202802788766905 0.003337948996307241 47.73578745247213 -0.0004984354935533256 0.9999685525961731 0.007914883497154019 0.16577888550641226 -0.0033341079796290777 -0.007916502274088176 0.9999631056772668 0.5193569004443117
0.9999896894201274 -0.0006352762507663584 0.004496384939276068 49.1340312381227 0.0005991638031479834 0.9999675936915282 0.008028235765839158 0.16798469795320126 -0.004501339375556308 -0.008025458918972425 0.9999576640803179 0.5280716550348865
0.9999891763055249 -0.0014921030274191922 0.004406915060840667 50.56207153849624 0.001453026993598198 0.9999597210964137 0.008856912404345113 0.18047784625661684 -0.004419952980945929 -0.00885041317328936 0.9999510659038813 0.5465625114120709
0.9999851376409796 -0.0026657842378762474 0.0047558481418268714 52.007132670570165 0.0026238375612611903 0.999957796676389 0.008804563734440635 0.18496076499288602 -0.004779118496453345 -0.008791954304863216 0.999949929529423 0.5520476253532903
0.9999739233193768 -0.0037406852849575676 0.006177374430273953 53.417575905822545 0.003682127707373596 0.9999484389778033 0.009463684346006019 0.19716824979260253 -0.006212456583308426 -0.009440691682983279 0.9999361373226529 0.5772353824948436
0.9999639270308274 -0.004667303193894199 0.007096542678135033 54.87699484876512 0.004616512197901223 0.9999637336346237 0.007156761182978021 0.20251707121099138 -0.007129688086652609 -0.007123741741515953 0.9999492086358124 0.5729791124058834
0.9999582790721079 -0.005235093723202192 0.0074855800615468236 56.27350662416113 0.005194418777510005 0.999971695863765 0.005442929809380822 0.21029436471232443 -0.007513862436349882 -0.005403819487666469 0.9999571693858854 0.5840864384527698
0.999960509044951 -0.005415712649285462 0.007046304496868707 57.69790938629463 0.005398293606836527 0.9999823321004708 0.0024887573280334583 0.2312029072263616 -0.0070596583980112385 -0.0024506210241124196 0.9999720774501154 0.5864506011620262
0.9999580338755373 -0.005476645579901252 0.007344170542818734 59.14797066774266 0.005461445798392417 0.999982906078739 0.0020880996411003078 0.24008338651200783 -0.0073554807838155725 -0.0020479022222971237 0.9999708510746336 0.6077019726193984
0.9999531504366923 -0.005267651219743438 0.008120885565069952 60.55450457885771 0.005255203888321928 0.999984984881331 0.0015533331826342995 0.24428459484826834 -0.008128946046443666 -0.0015105835002548489 0.9999658186026475 0.6247741139632886
0.9999482551846685 -0.004537034888037483 0.009105068234879948 62.00593538282417 0.004534737988196227 0.9999896807865218 0.00027289530680789506 0.26332274138815565 -0.00910621241326487 -0.00023159208708081058 0.9999585107696167 0.6369771598924342
0.9999526747339834 -0.0041269946761973925 0.008810006089381142 63.400811356854646 0.004143464145619419 0.9999897008995481 -0.0018519718427328995 0.2688646331459322 -0.00880227227630802 0.0018883881420268267 0.9999594761754093 0.6457578224943014
0.9999609793130734 -0.0037556105093869267 0.007995951534431006 64.81047102995612 0.003780300630785669 0.9999881269147274 -0.0030749563762730112 0.27730971307466473 -0.007984308259333965 0.003105063489992281 0.9999633040278744 0.6528477880024944
0.9999636316612783 -0.0029866398314576225 0.007988450244219014 66.27272160215831 0.0030098548747609557 0.9999912780002068 -0.0028956341526288794 0.2854364523814549 -0.007979732352660066 0.0029195729191345506 0.9999638993311457 0.6669837570724185
0.9999656448132644 -0.002288828347338245 0.007966834878962336 67.62907793135699 0.002297391539268218 0.9999967929521951 -0.0010658693352597107 0.29874196565143146 -0.007964369736992924 0.0010841356561653373 0.9999676962105184 0.6778539120118995
0.9999548409485933 -0.0017701720559426233 0.009337159866139833 69.11215015161274 0.0017553845205585204 0.99999719257468 0.0015916871373221268 0.314642525725025 -0.0093399512128531 -0.0015752249523458672 0.9999551409826798 0.6863915831308905
0.9999430223003546 -0.001015245108574738 0.010626449557692449 70.47069842706098 0.0009633389174920974 0.9999875866996482 0.004888601512070374 0.3313801749044576 -0.010631280777155316 -0.004878086098388042 0.9999315877324079 0.6930248512980769
0.99993094281066 -0.00027649829508835 0.01174875135822974 71.93097222926406 0.0001684555390062689 0.9999577007882703 0.00919610009556677 0.3477920802572087 -0.011750797101306361 -0.009193485896498578 0.9998886930976641 0.7085617913884813
0.9999401749584858 0.00012589549868839754 0.010937579911310155 73.2987335607967 -0.0002669135354303916 0.9999168528942548 0.012892480568684351 0.35230084801072337 -0.010935047377926149 -0.012894628663622287 0.9998570664302322 0.7067818432331786
0.9999418609188274 0.0009535519572614607 0.010740834271934037 74.68232915383209 -0.00113515906517951 0.9998562915991022 0.01691471441047121 0.36720995671981577 -0.010723161664783888 -0.01692592355990847 0.9997992433061524 0.7192643473188891
0.9999398631419412 0.0017998897281759356 0.010818063442334883 76.13648792879249 -0.002003629161217252 0.9998202771268432 0.018852026845586838 0.38077104558919 -0.010782187619416368 -0.018872568531305263 0.9997637573882996 0.727780616385887
0.9999352734235714 0.0019947915763775916 0.011201328934297273 77.50579247852437 -0.0022021236970498543 0.9998259190684199 0.01852787657051554 0.3848607040495818 -0.011162419744410427 -0.018551344036381305 0.999765596537455 0.7275453841406117
0.9999322975287824 0.00204492217082307 0.01145507102229073 78.90803679186021 -0.0022482214547928955 0.9998397002245452 0.017762864498207836 0.3812949864451653 -0.011416911101548329 -0.017787415444823894 0.9997766060439164 0.744660459723628
0.9999438567529761 0.0018247295095024795 0.010438089106762962 80.29246080638168 -0.001997669339121881 0.9998605170653031 0.016581789140992755 0.39127150632692004 -0.010406375891495805 -0.016601710036076515 0.9998080268554974 0.7450938991197908
0.9999430881473578 0.00163095453718124 0.01054326579496247 81.65868737699599 -0.0018056209705128565 0.9998609385282485 0.016578399751510473 0.3927109338259108 -0.010514761016610025 -0.016596493385883846 0.9998069794755666 0.7598145813157934
0.9999386019970129 0.0011831568136005768 0.011017820846883568 83.08134482425827 -0.0013556540366535883 0.9998764256425314 0.015661917074487 0.3971892486652093 -0.010997928822850984 -0.015675891817361877 0.9998166391780734 0.7589935707811488
0.9999464443343694 0.000995012409431574 0.010301379196830262 84.4323273434198 -0.001159429814264844 0.9998718460138867 0.015967068337308436 0.4105361508471095 -0.01028417160288586 -0.015978156936504315 0.9998194508586812 0.7663286292175316
0.9999417677851169 0.00021944665498546548 0.010789480151561524 85.85257524198538 -0.00038993838519648 0.9998750629931406 0.01580209962374697 0.41088567282768945 -0.01078466442830164 -0.015805386664953486 0.9998169236242904 0.7638825029423124
0.9999342634072472 -0.0010272302031187016 0.011419880135783853 87.20460998993174 0.0008470915825574444 0.9998753218993267 0.01576778654626443 0.4212534768971075 -0.011434653473395258 -0.015757076341364785 0.9998104636605459 0.7794282997664058
0.9999138212520394 -0.002100821815527075 0.012959036107826529 88.57596136331958 0.0019284684845649474 0.9999097174174562 0.013298045850691062 0.4261818444897432 -0.012985802957406445 -0.013271908749025046 0.9998275978185984 0.786121391859493
0.9999050811666084 -0.0032332657135517627 0.013393082170423948 89.9520397969346 0.0030851063132172826 0.9999339851323668 0.011068310455518123 0.42423467538479426 -0.013427984816580042 -0.011025940782044658 0.9998490475334947 0.7922927003738666
0.9998959513603252 -0.004140467878275331 0.013818211858965089 91.33518595399948 0.003998015173518367 0.9999387465498275 0.01032080534803561 0.43465942815883374 -0.013860098408834986 -0.010264486061595766 0.9998512579368937 0.8035098918104459
0.9999045386804146 -0.00444132517389767 0.013083889215631705 92.69720424271631 0.004335047051453079 0.9999574728444867 0.008140016555856274 0.4484115003858849 -0.013119485255485779 -0.008082520223768642 0.9998812689381993 0.7958127564331168
0.9999008192281753 -0.004879068211662439 0.013211600970726912 94.07815289232211 0.0047918531784125855 0.9999665730278575 0.006625026040621538 0.45790029179834013 -0.01324348330086554 -0.006561060913321976 0.9998907753498637 0.8103204228767267
0.9999061218405678 -0.004910446275045872 0.012791990585344337 95.43263220937777 0.004811927661744221 0.9999586147971624 0.0077210132183726 0.4761777161730209 -0.012829374806817003 -0.007658734250516317 0.9998883692351593 0.8156502455219189
0.9999126416542661 -0.004723335498035197 0.012345005539096853 96.78176613522277 0.00464514330649989 0.9999690182740216 0.006354930035122276 0.4814109295170562 -0.012374639536140465 -0.006297030559098513 0.9999036032050732 0.8118456323810449
0.9999216417137582 -0.004782380646485078 0.011568892246652801 98.11428002966252 0.004690285489316574 0.9999572020791607 0.00797466187653304 0.49887392123269747 -0.011606534990738826 -0.007919775588263093 0.9999012778770413 0.8203673470858153
0.9999216657158841 -0.004229469939745728 0.01178023836772227 99.46728593565356 0.004111022740415514 0.9999409374634687 0.010060868586113308 0.5160098945125656 -0.011822094738216028 -0.010011651647357811 0.9998799952530767 0.8170811552132481
0.9999027962698992 -0.004219468591500878 0.013288871150021137 100.77902840152447 0.0040883208565481305 0.9999428266606379 0.00988074098979685 0.5233153704607121 -0.01332980285714834 -0.009825451375833868 0.999862879029445 0.8227982212935558
0.9998784548579189 -0.004221054339634285 0.015008604572120346 102.14892739317612 0.00406734947570486 0.9999391241311709 0.010256934241242046 0.5413284297034937 -0.015050985987067446 -0.010194642320774903 0.9998347548914114 0.8311974541360383
0.9998938727791549 -0.003921353996983032 0.014030900239596546 103.48461637800659 0.003785385527436639 0.9999457490359194 0.009704114663516786 0.5541162802386361 -0.014068192318554593 -0.009649972426092909 0.9998544714092465 0.8390988955786431
0.9999251951948894 -0.003824771102075062 0.011617880205911956 104.81363793719711 0.0037115379686075327 0.9999455558368874 0.009752427798534751 0.5656643867180033 -0.011654548484165915 -0.009708578066574951 0.9998849508876286 0.8318778742014421
0.9999400515146034 -0.004128574348340396 0.010141412664041494 106.15736046518052 0.004035234045237798 0.9999494712791801 0.009207158882536643 0.5824506732818541 -0.01017891267141581 -0.009165683953658084 0.9999061855866725 0.8329206782204953
0.9999251538809695 -0.003609206579119458 0.011690178099111471 107.50131148807428 0.003524606924572143 0.9999675115029644 0.007249350632726662 0.5847904150665558 -0.011715962706792931 -0.0072076047642887 0.9999053888500726 0.8464884167335184
0.9999049842972207 -0.0030746566763917124 0.013437591447030675 108.83710103904932 0.0030119064154079294 0.9999844777599095 0.004687500291828035 0.5898183856031596 -0.013451795319577853 -0.004646582137806585 0.9998987241101555 0.8386372209905122
0.9998889953963098 -0.0022220973647055775 0.01473292804095808 110.18392444488566 0.0021887864527519456 0.9999950128607967 0.002276722951761587 0.6038002069445677 -0.014737913665866343 -0.0022442229917271966 0.9998888725073106 0.8540290753155388
0.9999054495654887 -0.0015703482886593146 0.013661110331537895 111.48495621163904 0.0015431551752596653 0.9999968076051675 0.0020008627085840794 0.6110394161159598 -0.013664208771210135 -0.001979592313037679 0.9999046807635871 0.857679898772267
0.9999331872358027 -0.000812409681958496 0.011530873989322656 112.82519141359737 0.0007792265631965691 0.9999955435355922 0.00288196372612254 0.6223128927776944 -0.011533163937627286 -0.0028727860108503293 0.9999293641203482 0.8619080891758315
0.9999551087073628 0.000438635208192804 0.009465102704164266 114.16990495188507 -0.0005005753447460071 0.99997847117021 0.00654267685382924 0.6151407226508581 -0.009462029083155287 -0.006547121141657158 0.9999338004140004 0.8720385596047718
0.9999575733645456 0.0016681749610581876 0.009059175635172735 115.48585704772486 -0.0017558858715896444 0.9999515800196147 0.009682689764840224 0.6367939535840336 -0.00904258456944477 -0.009698185839397399 0.9999120845633025 0.8606017669125237
0.9999296239296245 0.0031295482460527465 0.011443474810359157 116.85927991591954 -0.003247589313310451 0.9999415649631391 0.010311150407212057 0.6490991189881413 -0.011410536867815122 -0.010347588455466608 0.9998813564926313 0.8675183903546608
0.9999006836244285 0.003959458569898825 0.013525737511638714 118.15189491617856 -0.0040989397181791795 0.9999385507330646 0.010300167525102408 0.6553507133689103 -0.013484123278405202 -0.010354585732500157 0.9998554700424063 0.8667888586692117
0.9998802453122494 0.004923332017278371 0.014671599645697688 119.51277714319859 -0.0050660924651258505 0.9999400315983363 0.009709166506592155 0.6516707548610917 -0.014622918362994097 -0.00978233146880525 0.999845226147319 0.8756148471574984
0.9998838578559409 0.005861553394896609 0.014068155206680182 120.84054645789224 -0.0060064466544463005 0.9999291265653734 0.010279321222568229 0.650689108232836 -0.014006905357992448 -0.010362626983937362 0.9998481997604856 0.8761788929568813
0.999876009170296 0.007271492524341269 0.013967522405586881 122.13112394079917 -0.007436647515915182 0.9999026183780418 0.011808896411599809 0.64428049340156 -0.013880293923622623 -0.011911303757536846 0.9998327151495842 0.8788786643756805
0.9998774635598718 0.00829424431338827 0.013276421820162478 123.52338771003585 -0.008477962461957977 0.9998682531250188 0.013841984872732098 0.6481212958942476 -0.013159863888760075 -0.013952845731001945 0.999816051120623 0.8726752173406472
0.9998704387214221 0.009513801483176347 0.012984350286771128 124.8444213650349 -0.00969525406323198 0.9998552135905623 0.013984058939391798 0.6494918268102213 -0.012849428768635814 -0.014108133721712147 0.9998179097931833 0.8760957296909607
0.9998690792941073 0.010581503048059755 0.012241571173593245 126.18192598901362 -0.010769115213419002 0.999823989893718 0.015362792406538305 0.6427723569497492 -0.012076855098673431 -0.01549261198927365 0.9998070456566484 0.8704533508427286
0.9998643194452325 0.011354060271544765 0.011934320913736501 127.5081906568149 -0.01152702337917177 0.9998280547223606 0.014525450840382441 0.6384740234727346 -0.011767346019300488 -0.014661047215341349 0.9998232760154224 0.879869962341742
0.9998357421601254 0.012551435953780108 0.013074790805576102 128.85314920634934 -0.012738993585783107 0.9998157106011503 0.014361854947687573 0.6289771067505864 -0.012892119357685075 -0.01452605557662496 0.9998113756943617 0.8801998091769642
0.9998124271230436 0.013323507657269248 0.01405683869280017 130.22596776988976 -0.013515524297361144 0.9998154240380812 0.0136546130856682 0.6208764789934085 -0.01387231679627296 -0.01384203739550462 0.9998079599740369 0.8805911307873308
0.9998040743744848 0.013684004290955336 0.014302478482581286 131.54541003183152 -0.01387083654061032 0.9998186792906615 0.013046395484616438 0.6022028967464641 -0.014121358215244535 -0.013242226702577877 0.9998125977772605 0.8727635599391848
0.9997917234230373 0.013731802378944153 0.015097926288686288 132.89137410628743 -0.013900219194154686 0.9998416945821731 0.011107190526987713 0.586079914375904 -0.014943014459854962 -0.011314741644155009 0.9998243260395191 0.8842114309225051
0.9997806053983687 0.01357845404781658 0.015948876290912427 134.20443032514552 -0.01371387299828595 0.9998705726014483 0.00841235597433907 0.5735760072471475 -0.01583258528031283 -0.008629231212770245 0.9998374195898142 0.8733826731118303
0.9997888039685031 0.0129753739385696 0.015936973689638086 135.53203158534856 -0.013081077999344793 0.9998930093699091 0.006546389200304279 0.5550134912748033 -0.015850326734959928 -0.006753479424792202 0.9998515678129698 0.881969978354675
0.9998073209585773 0.011816371118327803 0.015674639747900815 136.88769902655883 -0.011917433930473651 0.9999086955770902 0.006369872670223559 0.5460996526735105 -0.015597939804516457 -0.00655544681284306 0.9998568549502167 0.8809434852541396
0.9997996660370045 0.010797928692160204 0.01685326461707566 138.21891731978596 -0.010877078488836053 0.9999302076666013 0.004611828203119433 0.532631454837148 -0.016802290196334876 -0.004794218579331903 0.9998473376032821 0.8773912267115563
0.9998097727850735 0.009811515627651025 0.016856820712932357 139.5746077992485 -0.009851025232458217 0.9999489181205579 0.002262399477395622 0.5161325783981283 -0.016833762067020464 -0.002428026073626107 0.9998553541108117 0.8686470536464855
0.9998150047848594 0.008435946283365064 0.017285572520336186 140.9147808788212 -0.0084728505678964 0.9999619769959983 0.0020628537293174956 0.5169971212651651 -0.017267513147692114 -0.0022089301841933815 0.9998484653271893 0.8768618205158307
0.9998298061601261 0.00738429022515395 0.01690653635950799 142.23351527974296 -0.007394064794045513 0.9999725305436485 0.0005157169312868013 0.5094968824847658 -0.01690226374265076 -0.0006406371847270661 0.9998569412992898 0.8636135293308418
0.9998439314414718 0.00632274647710354 0.016496534079858405 143.60669684379803 -0.006325518472147781 0.9999799869957942 0.00011586177053528593 0.5018899915366986 -0.016495471370050998 -0.0002201928192043297 0.9998639162103022 0.8482643056650109
0.9998828325681658 0.005498805795981897 0.014285806602339374 144.9374651298349 -0.005487159645048059 0.9999845805115334 -0.0008542939789596614 0.490189158972224 -0.014290283919192208 0.0007758053820427975 0.9998975877116206 0.8567528359652183
0.9999009432766461 0.004474597147991232 0.013344722358908106 146.24692066403125 -0.004413305183797162 0.9999795940815451 -0.004618891410586219 0.5031562229252008 -0.01336511772592454 0.004559539545974657 0.9999002871423235 0.8657882962853616
0.9998573841088023 0.003329246465257135 0.0165567980321253 147.5842064503938 -0.0030863145945019834 0.9998875296374536 -0.014676605116105117 0.49455093598659416 -0.016603797918752786 0.014623412511581956 0.9997552048882713 0.8514601770738428
0.999833970273061 0.0021653588641927317 0.01809262581818768 148.93946092063806 -0.001763156908294604 0.9997516258385476 -0.022216613398479537 0.47295929428800015 -0.018136239018176355 0.022181024642022953 0.9995894552165431 0.846027649468937
0.9998766565596725 0.0012329356397803642 0.01565731575841778 150.21143315719513 -0.0008364112724118821 0.9996793887287521 -0.025306524200132352 0.450680425046012 -0.015683497162113456 0.025290306850978727 0.9995571160749891 0.8487509753484069
0.9999248715544806 0.001303143885832048 0.012188234604246605 151.64928194526286 -0.0010263728368195989 0.9997420945187503 -0.02268680246447237 0.4646411295752331 -0.012214655359656068 0.02267258836734283 0.9996683229607557 0.8621107630412401
0.99995021427813 0.0023133876863154317 0.009706554617090067 152.94647063401135 -0.002119197738466109 0.9997983561911106 -0.019968874742922797 0.47077205589674276 -0.009750793099385736 0.019947310469485956 0.9997534830341762 0.8542069948735317
0.9999447109646438 0.00321246883436225 0.010012744769713727 154.3264104491169 -0.003012668972054722 0.9997973137546933 -0.01990616071883928 0.47426436249286236 -0.010074663244992215 0.019874895040922665 0.999751714030845 0.8583399709806473
0.9999074087877349 0.0035258486974134146 0.013143144310273552 155.65536655581465 -0.0032311403167244067 0.999744378499011 -0.02237716228389479 0.47688138204377895 -0.013218683128487726 0.02233262301184242 0.9996632034669275 0.8553642143599373
0.9998548401592384 0.004071027407850331 0.016544647049372675 156.9975202887845 -0.00357442453691755 0.9995454432729861 -0.029935435881907002 0.4702651507019279 -0.016658994548701497 0.029871952866433335 0.9994149009958636 0.85219049699962
0.9998410181817997 0.004230019581332217 0.017321815595477096 158.35133521005437 -0.0036545917894192444 0.9994447739542616 -0.033117786374811914 0.4530104437688713 -0.017452286957154842 0.03304921708386621 0.9993013394017385 0.8522770988516635
0.9998332735415092 0.004138740555006104 0.017784711015029004 159.66540734911496 -0.003517514467312723 0.9993873833598615 -0.03482075635452675 0.44581068434582577 -0.017917929881601614 0.03475239283484545 0.9992353171205522 0.8604803400796404
0.9998268311761819 0.005196724459239027 0.017869015504202043 161.03146369462306 -0.004592443397657501 0.999421659299647 -0.0336935659492975 0.4464315546822613 -0.018033777303548423 0.03360566883183692 0.99927245628934 0.838167832858487
0.9998220402325786 0.006402425038098918 0.017745332310093728 162.39358619405974 -0.005868697943945013 0.9995336408474813 -0.029967635853049557 0.4502547431610605 -0.017928922154074625 0.02985816082430011 0.9993933379718835 0.8330407227434948
0.9998477731133122 0.007259745079879091 0.01586589744469591 163.72989401759602 -0.006824086592758903 0.9996028297908218 -0.02734254041518223 0.4501456868316199 -0.016058095856139515 0.027230107887346255 0.999500204493185 0.8246395803431488
0.9998542520221687 0.007878777941505644 0.015145942405071227 165.0792039659165 -0.00748254286680345 0.999632841624923 -0.026042148473732773 0.4530049939395485 -0.015345561750413033 0.02592502271995027 0.999546100453368 0.803016909522774
0.999833794344516 0.008130364186628129 0.016318114622733245 166.42825120497176 -0.007708385196334569 0.9996384894161129 -0.025757936166103022 0.4525510631256631 -0.01652163685331438 0.025627868738248658 0.9995350158246695 0.7992460059304299
0.9998243165431024 0.007881922453524714 0.017006214968499914 167.76501790867752 -0.007504572836382729 0.9997267181594198 -0.02213979188563803 0.446493361631518 -0.017176071601551796 0.022008277911562277 0.9996102331747638 0.8094631004492774
0.9998677943083346 0.00742755693213253 0.014464622463302766 169.13837460553881 -0.007121088889576867 0.9997514835858453 -0.02112489434122752 0.4399919603578994 -0.014617934122600837 0.02101909764764443 0.9996722030426104 0.8032510402351565
0.9999129268127661 0.006717917122005674 0.011358185694460739 170.5633814794383 -0.0065383058724034215 0.9998541540498844 -0.01577723630769753 0.4488308134045726 -0.011462519315005951 0.015701599241220537 0.9998110173588914 0.8035898297372284
0.9999255122941818 0.006338210482895291 0.01043057769696648 171.88123628525136 -0.006221802061510191 0.9999184224111919 -0.011155164804726243 0.4490156836573691 -0.010500430578091826 0.011089436892274186 0.99988337587295 0.797628558112879
0.9999123118559834 0.006721746651490945 0.011409939560578444 173.261961299356 -0.006657703339497892 0.9999619225218924 -0.005641674624092208 0.44905498018379647 -0.01144742700636791 0.005565215923399342 0.999918989111948 0.8116139210350322
0.9998734220465905 0.007390026442890284 0.01408997494724787 174.62372352651983 -0.00733750412717532 0.9999659519956721 -0.0037756963030369274 0.4567939958364436 -0.014117397707239654 0.003671833133798965 0.9998936027015141 0.8124207729746005
0.9998425793115908 0.007359281439815018 0.01614489306978469 176.05259923883045 -0.0073222353152062394 0.9999704248282912 -0.002352517527145421 0.45445255082150726 -0.01616172842037429 0.0022339304860209976 0.9998668951860791 0.8056387686045035
0.9998243783408735 0.006513773341634653 0.01757222900316668 177.41642686875247 -0.006424088802402712 0.9999660759193434 -0.005155394604591675 0.4500865821709319 -0.017605213953393654 0.005041603646065265 0.9998323052764055 0.8011854079751276
0.9998323841214106 0.0051777384778176755 0.017561169845747574 178.834101691549 -0.005040150553170753 0.9999563289435471 -0.007870011953344795 0.44378366832068844 -0.01760115179461958 0.0077801818744643566 0.9998148169663735 0.7888374815247956
0.9998979461835297 0.0030101902981323958 0.013965528000341636 180.20260313659497 -0.002871704641780416 0.9999466151973222 -0.009925727573778085 0.4409208490625442 -0.013994660782229537 0.00988460974381444 0.9998532112064265 0.7854404498378749
0.9999507240220389 0.0013506500194450197 0.009834900727762287 181.60515766581165 -0.00129925100059797 0.9999854757522832 -0.005230700843786204 0.45205418417520676 -0.009841822729424217 0.0052176650912753786 0.999937955323408 0.8138329961900492
0.9999586170244525 0.0008573573735312751 0.009056996018455384 183.0011586833778 -0.0008290890054300908 0.9999947751748673 -0.00312445745490082 0.4780351851673587 -0.009059627473872206 0.0031168190997332393 0.9999541032411108 0.786153481775509
0.9999477135499686 0.0004580482298258779 0.010215691753830858 184.32065121798422 -0.00046529545319803965 0.9999996417864213 0.000707055281017579 0.49466358266422494 -0.010215364229011497 -0.0007117716265312887 0.9999475684828781 0.7867991693756508
0.9999081637894747 0.0007644995428906523 0.013530688364233512 185.77426659756742 -0.0007979205867796979 0.9999966440561053 0.0024647919311914603 0.4854870143308706 -0.01352875862369779 -0.002475361988839889 0.9999054181637012 0.7876226527608942
0.9998702690617352 0.0011111864174888182 0.016068923771018487 187.1490428378079 -0.0011837965686825802 0.999989129818763 0.00450986363396912 0.49727418319983674 -0.01606373779969002 -0.004528300901950993 0.9998607157093653 0.8015957168601366
0.9998565228225283 0.001257857758030966 0.01689235220753576 188.5889982331951 -0.0013185709543661903 0.9999927100420359 0.0035834666766877275 0.5023130417221607 -0.016887721571638332 -0.003605226295975173 0.9998508924852114 0.7872553590600951
0.9998416802597958 0.001129357304758951 0.01775778610487159 190.0162844556219 -0.0011747193972731454 0.9999960733626572 0.0025442668108597707 0.49712244726063715 -0.017754842990177447 -0.0025647244189892855 0.9998390809220495 0.7889403697859775
0.9998340858660782 0.0012780259561769507 0.018170508798572654 191.35658752388832 -0.0012726386728388658 0.99999914274914 -0.0003080451160989958 0.50213659287687 -0.018170886911542408 0.000284869514858127 0.999834855222705 0.7855932943779038
0.9998315935273246 0.0016444451366093627 0.01827786598055663 192.82357073575218 -0.0016092644403721003 0.9999968246633918 -0.0019393120157534503 0.5071136878579169 -0.018280997034392336 0.0019095715032890637 0.9998310650725463 0.7731145761049778
0.999812218030803 0.0021070362973034003 0.01926367240086418 194.1955689496573 -0.001996800938120102 0.9999815330386125 -0.005739892660998954 0.502213983101878 -0.019275410821549127 0.005700349093530409 0.9997979618692331 0.7586508728126498
0.9997794599664458 0.002439708981442296 0.020858553384351265 195.6685366290019 -0.0022174992974645738 0.9999406186682284 -0.010669668892076883 0.49699965664990875 -0.020883345662697488 0.010621061975465486 0.9997255017835873 0.7473284564071111
0.9997672026617381 0.0028922884584414413 0.021381654505580428 197.07324189694558 -0.002593659434921569 0.9998988948957758 -0.013981162932392408 0.49001872173649713 -0.0214199302673581 0.013922451424933311 0.9996736227057618 0.7460536341286341
0.9998449231517258 0.0030579455279450556 0.017342970243521195 198.4790483965406 -0.0028022043421478903 0.9998872673382406 -0.014751280137348822 0.4945689249164507 -0.0173861237354503 0.014700394008794975 0.9997407769604288 0.7242631344241125
0.9999146742498319 0.0032514131791720126 0.012651977402398054 199.9202273178746 -0.0031827845326989775 0.9999801341295692 -0.005440701133795041 0.5104406964750764 -0.012669416027224642 0.00539996838390495 0.9999051586220475 0.7327342612340869
0.9999219756927015 0.004511567304332326 0.011648531549641296 201.3478426935379 -0.004547867522053564 0.9999848790774988 0.0030916851977639227 0.5228528326012939 -0.01163440706724496 -0.0031444199494822115 0.9999273739604166 0.7174602532543728
0.9998476693205022 0.005753141210930523 0.016478456255570238 202.78787083989482 -0.005945856074090949 0.9999142259685402 0.011669940071884996 0.5422346057577961 -0.01640990401878831 -0.011766140911202972 0.9997961157046729 0.723846677401513
0.9998124012746282 0.0065988197920977525 0.018210377118915638 204.23866189061962 -0.006832949955499782 0.9998944116354501 0.012824834310930715 0.5405233519329898 -0.01812382554449647 -0.01294685898388521 0.9997519221237257 0.7084801969478643
0.9998054809121608 0.006077889153323159 0.018763251355845653 205.7187902959182 -0.006311118109493493 0.9999032497418665 0.012396005157414208 0.5368137925287721 -0.018686094461142763 -0.012512010993222996 0.9997471077501023 0.7007910399394874
0.9998072329746109 0.004829668027983195 0.019030796052487604 207.12452755297772 -0.0049908098553272644 0.9999520203340474 0.008429047801794532 0.5252107567747343 -0.018989173458575523 -0.008522402043816399 0.9997833665123479 0.6969541291812895
0.999817797707576 0.003627539652378313 0.01874066016028119 208.55773025687532 -0.0037365041787129293 0.9999762997687454 0.005782597801219768 0.5185104930152065 -0.01871923939948385 -0.005851568753644949 0.9998076561116274 0.6873849538514955
0.9998288777603908 0.003269722181586127 0.018207803636159238 210.0483631479337 -0.00338809904874317 0.9999733011858764 0.006474388021763208 0.521184117476225 -0.018186148059267406 -0.006534969952164197 0.9998132616576411 0.6797063221924053
0.9998274591861843 0.0031707943186758962 0.018302948415146778 211.50494703792575 -0.0033024332151347863 0.9999688672282819 0.00716648512496042 0.5235837494258345 -0.018279655143312902 -0.007225692878565841 0.9998068031226164 0.6639180137816183
0.9998161887988974 0.0029762035668549616 0.018940190811509057 212.9507656489629 -0.003137279398396234 0.9999591191142192 0.008480423237728605 0.5256000453357583 -0.01891417705384326 -0.008538285111382061 0.999784652609617 0.6533803784485601
0.9998104023700531 0.002680849105747834 0.019286584993321348 214.39213862687214 -0.002839948918651547 0.9999621282079948 0.008226593455204182 0.5372751609587145 -0.019263800320078257 -0.008279806628778802 0.9997801512329688 0.658928890743648
0.9998256540929037 0.0024024760488995578 0.01851727643395662 215.86253723671032 -0.0025452378221297554 0.9999671927158325 0.0076899451523357 0.5327652395402058 -0.018498194023360805 -0.007735735314215134 0.9997989674014583 0.6453701709187932
0.9998348550925721 0.002033201135680314 0.018059031955150767 217.30272389966063 -0.0021590751499402133 0.9999734940860738 0.006953381895568005 0.5405156012793145 -0.01804441566003729 -0.006991224387084893 0.9998127433900096 0.6311967284015629
0.9998325236117378 0.0014380164917560062 0.018244364520398668 218.8087913095061 -0.001568298501096338 0.9999733610496478 0.007128648601389518 0.5355963465209819 -0.018233627395425268 -0.007156067330599363 0.9998081443618895 0.6276730558717315
0.999834729758402 0.0014709795923516385 0.01812041357094321 220.26672693560928 -0.0016569366413729217 0.9999460785758494 0.010251560941999941 0.5366750739953153 -0.01810435665550184 -0.010279891041248828 0.9997832545658436 0.6330151190678842
0.9998373669553523 0.0011805125848427895 0.017995722542459666 221.7816992131184 -0.001299179427634895 0.9999774819072216 0.006583905475237602 0.5508298139164619 -0.01798754492983891 -0.006606214387157081 0.9998163862224243 0.6075658577278574
0.9998393683518119 0.0007755018193134264 0.01790631427116847 223.25716804040212 -0.000926333752123314 0.9999641504265168 0.008416636356295516 0.5548822266194304 -0.01789914522063239 -0.008431871601410916 0.9998042429104149 0.6045703069670384
0.9998412022491139 0.00042247876349155714 0.01781549316580683 224.69132791193127 -0.0005681359196105542 0.9999664505121543 0.008171601538279007 0.5601123616377449 -0.017811443137021755 -0.00818042552792666 0.999807898114212 0.5899595540132581
