1.0 -2.1684043449710093e-19 -2.5135375298442207e-37 0.0 2.1684043449710093e-19 1.0 2.3183291766350204e-18 -8.673617379884035e-19 -2.51353752984422e-37 -2.3183291766350204e-18 1.0 0.0
0.9999996144572926 -0.0005723897269502802 0.0006659243699802237 1.3271307127150507 0.0005725266515208768 0.9999998150031163 -0.00020544334102258209 -0.005205242904773986 -0.0006658066531284189 0.00020582452126511109 0.999999757168854 0.013546002618737998
0.9999992686506489 -0.0006310930990495225 0.0010317071617683797 2.620400249204164 0.0006317219644781507 0.9999996148242213 -0.0006093264874477984 0.0032616480561835828 -0.0010313222226384742 0.0006099777938922657 0.9999992821505244 0.023155165917102573
0.9999984080806568 -0.0013145955684215954 0.0012065134246878437 3.944431469168364 0.0013152995039614583 0.9999989651428909 -0.0005828381958469084 0.0014968510495183922 -0.0012057459796094815 0.0005844241945245251 0.9999991023120939 0.042724277089956374
0.9999985763318838 -0.0008800205240788166 0.0014397562580511227 5.276348118827755 0.000881273383638691 0.9999992334146602 -0.0008697857869248605 0.012604385612162781 -0.0014389897250110366 0.0008710533675077156 0.9999985852863005 0.04177979977458566
0.9999976804606435 -0.0010661139257694208 0.0018714898958289725 6.593871437961289 0.0010678287195815413 0.999999010789266 -0.000915512050872918 0.008622699057818949 -0.0018705120043844333 0.0009175083579658575 0.9999978296792721 0.0475653545826051
0.9999964669060706 -0.0007689072181618007 0.0025445936936689785 7.928204809209398 0.000774544770210245 0.9999972463512968 -0.002215258500171407 0.021740526822141736 -0.002542883358500978 0.0022172215751927894 0.999994308820161 0.06535644228112468
0.999995752999576 -0.0007298585461108992 0.0028215756792433697 9.248414057539122 0.0007362840034572197 0.9999971368226889 -0.0022768909264194647 0.032299774663892604 -0.002819905792270693 0.002278958737499906 0.9999934272175971 0.07345022516847796
0.9999962480832219 -0.0012479489429031874 0.002438532943237068 10.57521638400835 0.001253252001900566 0.9999968507196716 -0.0021743758089991985 0.02740239039442396 -0.0024358117536209243 0.002177423747214931 0.9999946628092201 0.08419108181745502
0.9999993011227202 -0.0011801988931448384 6.989022784097129e-05 11.899577807269306 0.001180160575171098 0.9999991546690146 0.0005457859222699866 0.03872557848586067 -7.05343047019532e-05 -0.0005457030591411182 0.99999984861653 0.11224702982927855
0.9999990581843141 -0.0010728312020099275 -0.0008559577657734369 13.232334207237137 0.0010749633628290753 0.9999963111903516 0.0024944056322111063 0.04162928501834012 0.0008532785321154667 -0.00249532340617909 0.9999965226323766 0.11223972816443925
0.9999994476180707 -0.0008889978396299588 -0.0005607552002459353 14.582305200898936 0.0008928643663544245 0.9999755673805373 0.006933068238222587 0.0687188029002844 0.000554578016841729 -0.0069335650868575256 0.9999758087665969 0.13105465250500864
0.9999999067020081 -0.00041904331058539786 0.00010487458685817866 15.930166491014056 0.00041834596011602144 0.9999783735735418 0.006563335422775506 0.08959688496095615 -0.00010762264059968088 -0.006563290936569759 0.9999784555826436 0.13766245416166656
0.9999950722981136 -2.5539671338105723e-05 0.003139223983057757 17.258912465452116 9.425848793324943e-06 0.999986826194627 0.0051329668175504935 0.07976676172507186 -0.0031393137218174924 -0.005132911933969631 0.9999818987983904 0.15844244626845028
0.999987575399216 -1.3937743790508551e-05 0.004984862378896209 18.625423951621354 1.1346514664123845e-05 0.9999998648149104 0.0005198474945056268 0.08112796626675679 -0.004984868950518331 -0.0005197844747939582 0.9999874403739508 0.18518403646456943
0.9999920231072267 -0.0003993110165493739 0.003974200879174385 19.969279040996135 0.0004037860435673581 0.999999285349867 -0.0011252806699120171 0.07521725936301159 -0.003973748702042992 0.0011268764205181168 0.99999146969901 0.20788727913774868
0.999999125518479 -0.0002923852114222484 0.0012897570178975687 21.340728114023285 0.00029525334018518177 0.9999974829992803 -0.002224144907392753 0.07390888203977095 -0.0012891034644992448 0.0022245237674866926 0.9999966948476707 0.1986703674755433
0.9999999957616074 8.997625637398508e-05 1.952071832358773e-05 22.669460493532306 -8.99711734591313e-05 0.9999999620926481 -0.0002602304557194548 0.09497129836205476 -1.9544132145809128e-05 0.00026022869831456166 0.9999999659495251 0.2435176301565704
0.9999980809151302 0.0008293624697083724 0.0017749151953070845 24.0423289477145 -0.0008333278769943782 0.9999971561337799 0.0022345668488747677 0.09252223530416354 -0.0017730568818052057 -0.0022360416468628877 0.9999959281852339 0.22246664338434308
0.9999808817598576 0.001417530350719369 0.006018863886344011 25.43695467566942 -0.001432494687711666 0.9999958921787285 0.002482656770173082 0.10034149329759753 -0.006015319920604769 -0.002491231296688006 0.9999788046218175 0.2351779585500808
0.9999751827272427 0.0016029419068606882 0.006860357633583297 26.80914820752673 -0.0016099410957346892 0.9999981890972298 0.0010148359124257582 0.09095409774376408 -0.006858718487130041 -0.0010258554986518587 0.9999759525114642 0.2510187532721124
0.999974317327586 0.001561997646171414 0.006994629981739585 28.185855813678312 -0.0015407916759322619 0.9999942039719888 -0.0030361132126149417 0.09355806599386625 -0.006999331842359898 0.0030252579694618 0.9999709281614034 0.29100288514178985
0.9999893705313002 0.001628583251611108 0.004313529993715891 29.5358933877093 -0.0016138817074182348 0.9999928852186437 -0.0034095304554825215 0.10193371633528198 -0.004319052008088769 0.003402532686834006 0.9999848841662891 0.2711638842388239
0.9999947123682974 0.002101806716857672 0.002481460048261441 30.932760231430986 -0.0020936266708480185 0.9999923815575403 -0.0032944732874525427 0.10000123331493199 -0.0024883654894849233 0.003289260616551461 0.9999914943647207 0.3117977258955134
0.9999956676040602 0.0027469200132372363 0.0010579241705564026 32.303499394276535 -0.002746112355814418 0.9999959374752535 -0.0007641334424595916 0.11671545081013862 -0.001060018886159156 0.0007612249532946885 0.999999148447903 0.2938724672620388
0.999993890582781 0.0034494413786091164 -0.0005658191308361152 33.68572205712579 -0.0034491641099044885 0.9999939314294601 0.0004902766516450541 0.12085181360613217 0.0005675068776919573 -0.0004883220533016591 0.9999997197387188 0.3302057760286188
0.9999934991301739 0.0035969779786955394 -0.00025188650573850613 35.083359828539876 -0.003596837635772807 0.9999933771112126 0.0005554212221672879 0.1337046597225045 0.0002538826754272275 -0.0005545116165824404 0.9999998140302098 0.320682952411846
0.9999948540595898 0.00299776333068223 0.0011424838524954528 36.47793073051684 -0.0029987363880136994 0.9999951417252483 0.0008509441673841136 0.12743412315565233 -0.0011399273727735557 -0.0008543657963773319 0.9999989853118206 0.35717326140646594
0.9999939532764237 0.0028396185058497457 0.0020074803438732245 37.882069189962905 -0.002841527760930217 0.9999955126834011 0.0009488588123096978 0.13847391160643416 -0.002004776938630482 -0.0009545573859493844 0.9999975348417731 0.33140197997865006
0.9999938039432976 0.0021321421844989878 0.002801079206071407 39.278735444796986 -0.0021417134288167533 0.9999918636316609 0.003418440297343277 0.12094246539379983 -0.002793767814696083 -0.0034244182254441835 0.9999902340629205 0.35820686383247596
0.9999912628249962 0.0028154590795812567 0.0030898970598639444 40.67121249309825 -0.0028343945153824052 0.9999771268785361 0.006141003784306149 0.1408344967694533 -0.0030725366394109164 -0.006149708116560961 0.9999763700251524 0.3836043488122469
0.9999913439836555 0.0025902075737057793 0.0032561914082778255 42.09962567983356 -0.0026204816147896836 0.9999530619822984 0.009327749371228178 0.14630432366848248 -0.003231877762040879 -0.009336201419796793 0.9999511939635756 0.3960039726886196
0.9999908216864942 0.0025833555530521426 0.0034180135834716695 43.48412921476396 -0.002615091497055839 0.9999532112439606 0.009313249666635862 0.15992649623579344 -0.0033937942236247085 -0.00932210260496962 0.9999507890710373 0.3994969962230971
0.9999919139027076 0.002219714347983395 0.003353356141720429 44.912425711071265 -0.002248822044193091 0.9999596127099956 0.008701479660905358 0.1697610847784469 -0.003333905909501448 -0.008708950401107763 0.9999565186818363 0.4086233581041524
0.9999951822213394 0.001269844253633085 0.0028324953100889714 46.30692521719048 -0.0012937328462651909 0.9999634786582862 0.008447934951308005 0.15550459208009493 -0.0028216643019068647 -0.008451558743246825 0.999960303894798 0.4326530006200218
0.999993778491426 0.00027464309256116233 0.003516752708466247 47.741635816174 -0.0003032239995216993 0.9999669121772461 0.008129120857138508 0.16274047420733662 -0.0035144037398839516 -0.008130136645564985 0.9999607741529052 0.45387745379918526
0.999990570273178 -0.0007683932869292415 0.004274217645472846 49.13688901499948 0.0007321554931815063 0.9999638325596579 0.00847334178081053 0.16448148160372056 -0.0042805739169033755 -0.00847013248758408 0.9999549657572508 0.4646661846049617
0.999988955453312 -0.001754961991425857 0.004359940343936793 50.5689108238246 0.0017141576513000373 0.999954864403761 0.009345095976102396 0.17208127069796597 -0.004376143843674089 -0.009337519138653813 0.9999468286371005 0.48479553553438726
0.9999855502544727 -0.00292093705543551 0.004513026587274035 52.024210790058646 0.0028789443712723276 0.9999527638033295 0.009283417549026191 0.1751034697254788 -0.004539929687382611 -0.00927029065351415 0.999946723955648 0.48765043202914593
0.9999769156389888 -0.003993578154164031 0.005497228634607092 53.438769114125336 0.00393884450293234 0.9999429221403466 0.009931664785244342 0.19342399535230387 -0.005536577744083435 -0.009909782790320213 0.9999355691803009 0.5025619177356824
0.9999709728313221 -0.004697248856620498 0.005999112264192814 54.888295910671594 0.0046445533631670555 0.9999507755812559 0.008767812640652756 0.20859946240265045 -0.006040001559279997 -0.008739694938833626 0.9999435664643981 0.5110334268845472
0.9999616329753563 -0.005040825173146744 0.007163983447251342 56.27626866010007 0.00500037374459896 0.9999715181735684 0.005653238369549229 0.2166293000739474 -0.007192276390201262 -0.005617198876877011 0.9999583582515347 0.5206910034423269
0.9999599859962558 -0.005370026522554667 0.007154664318826206 57.70238261365573 0.00533525309020896 0.9999739063111106 0.004870500114133068 0.23739428549989652 -0.007180632342032361 -0.004832133281006839 0.9999625438020783 0.5415040998488946
0.999956116602233 -0.005072213031416836 0.007876390337281346 59.148758189514155 0.005041911433317165 0.9999798308914172 0.0038622453924393456 0.26098688117624086 -0.007895821608919452 -0.003822363841493708 0.9999615220276146 0.5568394753696027
0.999951756498854 -0.005307040030002933 0.00826559138697535 60.561489959148986 0.005276216603079254 0.9999790625023481 0.0037464777167723574 0.24292267781937804 -0.008285301033389519 -0.0037026859230601065 0.9999588211040199 0.5721046784864481
0.9999493239791877 -0.0045467169313257476 0.008982028652372695 62.01783084556583 0.004532344744015501 0.9999884169619527 0.001619812658666429 0.268590407306765 -0.008989289442833807 -0.0015790209226532483 0.9999583488167089 0.5700705206724136
0.9999517119708181 -0.004496632019383415 0.008738079143177088 63.431033511283175 0.0045043782634782755 0.9999894793755582 -0.0008670147979227646 0.26127555946669234 -0.008734088566626459 0.000906332545243981 0.9999614463859233 0.5863109045430506
0.9999618665141378 -0.003907231726491976 0.007810189357330748 64.83868244275244 0.003917223569891712 0.9999915282312973 -0.0012644465737952381 0.28151715721099063 -0.007805182705443401 0.0012949926138755461 0.9999687005687051 0.5983487597405074
0.9999662398963077 -0.003097961543161059 0.007610630848828725 66.28899917166471 0.0031130885528491184 0.9999932008943793 -0.0019765739742544403 0.2890308194822865 -0.0076044557531862915 0.002000199812687563 0.9999690852488426 0.5962115283957925
0.999968757902544 -0.0025472071867126043 0.007482977642024878 67.6633051025065 0.002549039979501641 0.9999967234853777 -0.00023540113033079267 0.2987295110810751 -0.007482353508488275 0.000254468185080976 0.9999719744232419 0.6035246584581452
0.9999561016014783 -0.0019636994316204097 0.009161809565597432 69.1329778391219 0.0019347863683409213 0.9999931240276707 0.003163621198635503 0.3162833828353977 -0.009167958970397995 -0.0031457561764745004 0.9999530252698849 0.6262975652458752
0.9999478423181188 -0.0011354083663696884 0.01015004882648335 70.49922110457054 0.0010719592678805816 0.9999798666837276 0.006254368914779538 0.3293297688582319 -0.010156945735132351 -0.006243162262486325 0.9999289271634748 0.6361761408311155
0.9999390283237037 4.709507717343139e-05 0.011042527659062933 71.94086234926912 -0.00015306048665954472 0.9999539507011508 0.009595470267170845 0.359469146702759 -0.01104156725899396 -0.009596575389921251 0.9998929890409527 0.6415159785596806
0.9999407139363035 0.0003467989343757467 0.010883397587833759 73.30901936033327 -0.0004887700229390892 0.9999147936191015 0.013044792276396606 0.358111261495388 -0.010877946332852812 -0.013049338380499459 0.999855682111879 0.645158959048657
0.9999450275566278 0.0008658824199227824 0.010449502974280895 74.69855831897624 -0.0010455987070710005 0.9998514301326761 0.01720535919375842 0.36922400785147164 -0.010433052674956072 -0.017215339359923885 0.9997973712220913 0.6550554010143765
0.9999430394552353 0.0018805474057807558 0.01050625463618091 76.13963963303337 -0.0020715032790505398 0.9998323254011962 0.01819422867289358 0.3890495289473881 -0.010470277894618863 -0.01821495606064619 0.9997792699673855 0.653767034100792
0.999937836690169 0.002244837262634089 0.010921696802649697 77.51288091190307 -0.002450108070415428 0.9998199267326591 0.018817839375005207 0.39301828804022326 -0.010877487109990262 -0.018843428933304592 0.9997632747106725 0.6568287847485966
0.9999344662549164 0.002265582281098729 0.011221868490712644 78.93226800026179 -0.0024698114921389925 0.999830971240823 0.018218918157393002 0.38901438075351874 -0.011178695214047834 -0.018245440103216416 0.9997710441339814 0.6780419754158566
0.9999495063158381 0.001762885843001516 0.009893283186903048 80.28701994386978 -0.001934113628861674 0.9998480457220533 0.017324683843046692 0.38099281675006097 -0.009861238420318474 -0.017342943789778492 0.9998009693321577 0.6752058229734333
0.9999479713846312 0.001681964701438815 0.010061089329887406 81.68505560154773 -0.0018542197212186968 0.9998514459559554 0.01713615735836686 0.3949235676716253 -0.010030772302584881 -0.017153921258079182 0.9998025438017676 0.695942689293004
0.9999406394789113 0.0015062952673694438 0.010791134929819333 83.05879447694659 -0.0016818939455486583 0.999866025806491 0.01628194308703398 0.4133552297504157 -0.010765163782404486 -0.01629912612691206 0.9998092066670705 0.6972389282954627
0.9999514650272229 0.001214415298755182 0.00977715630400191 84.43864528542441 -0.00137421263036687 0.9998653224271049 0.01635385420590639 0.42278237975572897 -0.009755979169579808 -0.016366496363719736 0.9998184628557422 0.6944151166682329
0.9999513663017487 0.00039420781462978305 0.0098544219244302 85.84030933041777 -0.0005487706888000988 0.999876803345374 0.015686841064008514 0.42702262342596237 -0.009847024017281549 -0.015691485972820888 0.9998283919683256 0.6866501987907403
0.9999453570527798 -0.0007092989894980711 0.010429755679420274 87.20965919361856 0.0005419738792874729 0.9998712499895108 0.016037135303023517 0.43465924861843175 -0.010439787972132027 -0.016030606331539996 0.9998169984990954 0.6994114802532994
0.9999328966343064 -0.0018903948803453143 0.011429288504618591 88.5832693180395 0.0017177546029280876 0.9998845723312929 0.015096070117472504 0.43554993615533116 -0.011456506782154926 -0.015075424407421874 0.9998207239456914 0.6981692206821083
0.999919877657173 -0.0029120907687572024 0.012319009433335379 89.96373059624187 0.00275697025764283 0.9999169387921018 0.012590259394887405 0.44225525938224186 -0.012354650179691848 -0.012555287491196561 0.9998448516519705 0.7209473475009028
0.9999095619134948 -0.003989151277455687 0.012843467835777646 91.34098311666534 0.0038379195478732767 0.9999232694278932 0.011778184502580056 0.44084923910279533 -0.012889467308897347 -0.011727827109841724 0.9998481483224212 0.7246958375940405
0.9999171468032492 -0.004206206590065039 0.012165827344287587 92.71083710094946 0.004068425305023353 0.9999275603068319 0.011327932484088246 0.4546462678454229 -0.01221259367975402 -0.011277498168845317 0.9998618257492706 0.7251019307241126
0.9999172197875007 -0.004296714109906055 0.012128141666914671 94.04584705896046 0.00417640421395447 0.9999419960210199 0.009927851798882711 0.465741542617815 -0.012170095327345668 -0.009876377947236 0.999877165425017 0.739870747571121
0.9999199709291139 -0.004513799131292723 0.01181851744181449 95.42220501156382 0.0044055831606229084 0.9999482812103618 0.009166555594006712 0.4893141258426993 -0.011859282193074255 -0.009113754541654109 0.9998881421959255 0.7366621381889356
0.9999271648675273 -0.004357580438339291 0.011255063425506721 96.77794948498675 0.004258525779638731 0.99995212399014 0.008809919738090033 0.48858713296254974 -0.01129291451189323 -0.008761348088669846 0.9998978492133564 0.7431494986958229
0.9999343519251948 -0.004052041747371898 0.01071787281218985 98.12421405217849 0.003944446410109407 0.9999418078335123 0.010041030284023469 0.5097743365814947 -0.01075793578984826 -0.00999809503477821 0.9998921466404349 0.7491118308661806
0.9999335887846451 -0.003975139831612828 0.010817406508930582 99.47150303657739 0.0038468325247804215 0.9999223124968445 0.011856257861951363 0.5182429906220514 -0.010863696414509202 -0.011813857722264863 0.999871198138006 0.7501808643141831
0.9999198329176938 -0.0038020495039773994 0.012077754651448697 100.82935456787794 0.0036531657454782415 0.9999173667586001 0.012325341154849588 0.5266679818737284 -0.01212361818465716 -0.012280231028635812 0.9998510958177702 0.7539356339780157
0.9999008216582351 -0.0036250738625312044 0.01360902960086771 102.13231261471861 0.0034561001355122556 0.9999169041364762 0.012419347566533397 0.5622462915128795 -0.013652919799054435 -0.0123710816671882 0.9998302626542889 0.7561878043801631
0.9999090592140064 -0.003759639572759259 0.012951386491163872 103.4942280949229 0.003605166677728036 0.999922337094052 0.011929901659054849 0.548872290003966 -0.012995232779229423 -0.011882124837412827 0.9998449574980922 0.7708410125433097
0.9999377851417364 -0.003548584033096676 0.010575131072409621 104.82385082846685 0.003420983134879503 0.9999214248923245 0.012059888709868839 0.5546816477908393 -0.010617095658863688 -0.012022961060554225 0.9998713545687299 0.7734789244268234
0.9999522985210171 -0.0035531247868376935 0.00909813095003303 106.15581403016488 0.0034526478162503842 0.9999331441895597 0.011035686396332586 0.574193725123259 -0.009136733857989451 -0.011003747335813299 0.999897713588234 0.7693069701650866
0.9999409355945952 -0.003109549392036583 0.010414222236153473 107.49885732385671 0.0030093132748024724 0.9999491330353666 0.009626805048039973 0.587890113652787 -0.010443627522063688 -0.009594896789301864 0.9998994292426528 0.7859663078941577
0.9999199345233831 -0.002682626468415438 0.012366408451294173 108.81568967283873 0.002600588645429817 0.9999745385461051 0.006645238761805512 0.585493548634904 -0.012383920277946905 -0.0066125467661936315 0.9999014515160053 0.7735976372245255
0.9999075384730988 -0.002109640073225839 0.013433686144535209 110.16791197099096 0.002034008737381056 0.9999820199419199 0.005641152482794506 0.5989182816430949 -0.01344534540741498 -0.005613306658229245 0.9998938511038239 0.7842442565141006
0.9999225088678219 -0.0013677272572042852 0.012373584025284086 111.48545976371541 0.001307353246343295 0.9999872086394576 0.004886039802873323 0.5998798903328769 -0.012380108520127792 -0.004869484532872774 0.9999115066011662 0.7966373050207916
0.999949953173805 -0.00015318432337040682 0.010003383540999352 112.83531515656612 9.241613640699145e-05 0.9999815430930916 0.006074942997023634 0.6302691515445842 -0.010004129495513079 -0.00607371449134946 0.9999315113473095 0.7982758265906567
0.9999649845821024 0.0003729649987810022 0.008360054235795352 114.17718403273325 -0.0004496725004951929 0.9999578033083228 0.009175478049447246 0.6141774031245386 -0.008356279337004831 -0.009178916052741421 0.9999229570800636 0.8085600710695074
0.9999680993773797 0.0020688146528422525 0.007714935743287305 115.48485500994778 -0.002161841070079701 0.9999248278083132 0.012069182892932273 0.6356323011379548 -0.007689386892242028 -0.012085476343426335 0.9998974020322154 0.8037104215668865
0.9999449811805919 0.003448566019390439 0.009906664633250087 116.85002397761937 -0.0035744627344295615 0.9999127236774661 0.012718814570217908 0.6444510589333486 -0.009861938344258539 -0.012753525799610027 0.9998700364306217 0.8174268176147478
0.9999211098637252 0.004238230890793077 0.01182418909745481 118.14645802211416 -0.004397083217298967 0.9998999971916962 0.013441029544867101 0.6467579372806664 -0.011766040458718034 -0.013491961123653222 0.9998397507985776 0.8074975336799045
0.9999045645665642 0.005077861120084384 0.012848232773218225 119.51952710599703 -0.005246840015028503 0.9998997352493315 0.01315257078191326 0.6454182176735677 -0.012780157620560055 -0.013218728182456816 0.9998309521096213 0.818326201240555
0.9999040245181667 0.006084322078153043 0.012446797870244154 120.8433464329197 -0.006245657479809656 0.9998964519312209 0.012964458260980935 0.6421523194674456 -0.012366629088733625 -0.013040952427070597 0.9998384869791603 0.8260965406231591
0.9998947709588161 0.007474372827666579 0.012433051115873823 122.14575627940071 -0.007655089141933517 0.9998648156587623 0.014551632825850551 0.6390749890846351 -0.01232260603305743 -0.014645277686078855 0.9998168178331728 0.824172256992229
0.9998891286632242 0.00882067351293564 0.011996920433035074 123.51538991254532 -0.009013126236775486 0.9998300275402434 0.01608351902775234 0.6537527620572593 -0.011853013816676675 -0.01618986558481317 0.999798676892407 0.8196824694765045
0.9998847958873434 0.009990597230947883 0.011427288405159927 124.85636815470077 -0.010190787039276977 0.9997932322365478 0.0175966085799637 0.6525377165447898 -0.01124912498134101 -0.017711034440859863 0.9997798639931637 0.8258513653566083
0.999881554948059 0.01094378784261112 0.01082171808484611 126.18426432111703 -0.011138993632777 0.9997733029941066 0.01814567279279844 0.6389219341550155 -0.010620682440451825 -0.0182640665764848 0.9997767875764014 0.824801508083301
0.9998753045185322 0.012017221929059173 0.010245086191933948 127.51737480579101 -0.012195903120631594 0.9997714208962991 0.017560350397053896 0.6411289591441315 -0.010031717751441419 -0.017683108779365735 0.9997933147920386 0.8313016901520219
0.9998593247919864 0.012664395791452825 0.01099744087279477 128.84329907002157 -0.012851317436732276 0.9997712615882198 0.01709585161493151 0.618709167262546 -0.010778416704392437 -0.01723477825609739 0.9997933727284901 0.8311951214332556
0.9998352404275219 0.013500271546316273 0.01213402931490813 130.2093929563786 -0.013709889997293325 0.9997552809058674 0.017361371405861855 0.6109248986789326 -0.011896676657850422 -0.017524867160862715 0.9997756488910363 0.8439732174189665
0.9998231882550169 0.013883713456166643 0.012682063248540182 131.54099972927526 -0.014073447631058006 0.9997885043586976 0.014996153639333959 0.5943750459494922 -0.01247117874736723 -0.01517198249622305 0.9998071217228779 0.8332755953102153
0.9998239456246469 0.013905808463095758 0.012597866746029952 132.89072150285358 -0.014089855116220918 0.9997935470000336 0.014640333325969208 0.5744717563226812 -0.012391680207580252 -0.014815257948455564 0.9998134597981535 0.852787058523171
0.9998149100704358 0.013837457935860359 0.013366763210285236 134.21633541200327 -0.013989518084888684 0.9998377191992793 0.011350270927847678 0.5682418498288471 -0.013207535144723717 -0.011535164682667819 0.9998462386742997 0.8260608681086175
0.9998213504127291 0.012989428742832211 0.013731059675114296 135.54442059473243 -0.013138241468418426 0.9998553239796871 0.010803597576370613 0.5317492148389045 -0.013588740559161325 -0.010982069495751468 0.9998473584900878 0.8493782904420616
0.9998422478115516 0.01202021858260308 0.013076461156224763 136.894506869458 -0.012160539704153317 0.9998687561043398 0.010704757842379002 0.5313625573155695 -0.012946071421381941 -0.010862085968482647 0.9998571969652296 0.8469951561728152
0.9998266904218212 0.011539321364361943 0.014609352572851115 138.2257519177449 -0.011656598705115472 0.9999003122919119 0.007968010113259363 0.5492833577055334 -0.014515950770645087 -0.008136924541070982 0.9998615292290414 0.8498210097288914
0.9998433300721091 0.009972776664728088 0.014623919991259835 139.5795449965483 -0.010087946678253662 0.9999185140824179 0.007822948742379899 0.502470297715105 -0.014544711827053332 -0.007969248446663415 0.9998624617601479 0.8528039637194738
0.9998491424047681 0.008981424625345388 0.014866958133699636 140.93315187376425 -0.009076987137698018 0.9999384953586217 0.006372896079324359 0.5191563566641682 -0.014808806060989626 -0.0065068818673034556 0.9998691713176344 0.85428022380507
0.9998653066424052 0.007532243917485087 0.01458197087010693 142.26283258410606 -0.007628719278367551 0.9999493058180741 0.006571790937302267 0.5017371521687374 -0.014531731316708325 -0.00668214752300889 0.9998720806630315 0.8515540191803128
0.9998776586331769 0.006508250824164815 0.014223587362049596 143.61574107768357 -0.006597614215161255 0.9999587355440949 0.006244893571767645 0.49410971561682104 -0.014182357099720806 -0.006337971305122857 0.9998793381537752 0.847244103925244
0.9999112593830043 0.006061035578836844 0.011863271336628014 144.9581780577468 -0.00611157060599764 0.9999723852143797 0.004228180860845932 0.49157115573333177 -0.011837316580301955 -0.004300308869859481 0.9999206894948227 0.849801472694885
0.999926770805143 0.00486726146296876 0.011079837230307149 146.27250665720072 -0.004877770905119141 0.9999876788398675 0.0009216937947662329 0.49839246524396846 -0.011075214589170468 -0.0009756712075471856 0.9999381919336309 0.8640404483014905
0.999898038870725 0.004131373589896933 0.013669075123750535 147.6622558577794 -0.004011282719549761 0.9999532216424046 -0.008801371365858826 0.49510650782258997 -0.013704797460082184 0.008745643443259067 0.9998678373901931 0.8456696094843075
0.9998760427282389 0.002633237774350999 0.015523055013129401 148.97294375457517 -0.00240429237623629 0.999888337092751 -0.014748990611653192 0.4772045312694273 -0.015560159262889402 0.014709840404191777 0.9997707247359251 0.8667197386553499
0.9999206195834556 0.0017732411365831342 0.012474379652312595 150.26868315978567 -0.0015534002420352546 0.9998437065293402 -0.01761106076756866 0.4525482376263472 -0.012503658645634323 0.017590285089857997 0.9997670930726471 0.8631208409332763
0.9999519979252074 0.0017525149627887061 0.009640048583445332 151.67129276845657 -0.0015972012452661376 0.9998691838130147 -0.016095471701002746 0.4658409761587761 -0.009666995064036444 0.016079301987364427 0.9998239871367516 0.8760975057651393
0.9999709699799368 0.0027916352679246844 0.007089849780869875 152.9880598339191 -0.0027023795199712787 0.9999173708679262 -0.01256775960560633 0.4646487855369978 -0.007124348553689757 0.012548235298445334 0.9998958873045636 0.8750085140528272
0.9999652128491465 0.003767839811097947 0.007441537120718588 154.36033777390242 -0.0036690224136896096 0.9999055036867387 -0.01324847053425697 0.47511498729532126 -0.007490752037610815 0.0132207064912257 0.9998845441118609 0.8816024609089883
0.99993870444233 0.004233407719483131 0.010230621548815653 155.68255575390907 -0.004058749989526508 0.999846691114349 -0.017032933282618186 0.4770106946625589 -0.010301160454870563 0.016990365704369768 0.9998025872973698 0.8689329410159392
0.9998885879884227 0.004446386374820781 0.014249254672580827 157.02960944075278 -0.004138972156853401 0.9997596048799132 -0.021531404037930732 0.4646741698286149 -0.014341566162837681 0.021470027912549056 0.9996666231206438 0.8928166841144246
0.9998765400533981 0.004701642956425424 0.014993305317889226 158.37716549482164 -0.004336112394438978 0.999694831165976 -0.024319594349689833 0.44584225861024496 -0.015103071877864542 0.024251579196847537 0.9995917957477998 0.8892688881134166
0.9998737156758295 0.004153271340334367 0.015339590535085719 159.7154549820105 -0.0037656217690694993 0.999674979764176 -0.02521418105326358 0.42403186263833836 -0.015439326193291083 0.025153233801402223 0.9995643761339382 0.9027246527387621
0.9998684177546365 0.005496382418671891 0.015262272345471584 161.0837272446161 -0.005119126538643141 0.9996830801511898 -0.02464820080474405 0.4380446883728809 -0.01539291136598245 0.024566828035734293 0.9995796762839577 0.8845294158311254
0.9998667088673944 0.006591851935824121 0.014936933645882002 162.41347526209523 -0.00625791730423801 0.9997318760655738 -0.022293820879827113 0.43465326149583955 -0.015079886262788205 0.022197375215657112 0.9996398719358071 0.8764325472093061
0.9998774276192045 0.007935428040732172 0.01349661881408197 163.76247518994003 -0.00766460231415438 0.9997705824040806 -0.020000910748545347 0.4565022530196011 -0.013652238240234794 0.01989501297350115 0.9997088600436709 0.8695184821283621
0.9998845955091046 0.008468911773339565 0.012612422327597413 165.11819014946175 -0.008232036884203724 0.9997909500397371 -0.018716030224843725 0.4564459006224945 -0.012768290109932367 0.018610044385104104 0.999745286068233 0.8477362485236999
0.9998689273329038 0.008967862129155237 0.01347982206784768 166.46204905365877 -0.008715628506687157 0.9997879800786756 -0.01865563480386148 0.46098495389058103 -0.013644265237886288 0.018535704438571762 0.9997350957564128 0.8480825277879142
0.9998713513580525 0.00848430405868089 0.013612395750264497 167.7855946594164 -0.008228068941331185 0.9997899613529826 -0.018770510363285836 0.4378794052942909 -0.013768791338337184 0.018656091831929077 0.9997311491709359 0.8330530963871287
0.9999010527543717 0.008066619630448562 0.011524510767789955 169.17886807126953 -0.007876939737379574 0.9998343112667091 -0.016410479401872416 0.44163123172319313 -0.011654978381487257 0.016318077753315494 0.9997989206922379 0.8341597094183102
0.9999333656768717 0.007009977769006424 0.009171936425945139 170.59568356353296 -0.006894389342243269 0.999897176888973 -0.012573903334271526 0.44048905927934595 -0.009259136121750559 0.012509830579990997 0.9998788789334131 0.8475151952440044
0.999948111741877 0.006823487052446041 0.007563983626360467 171.94405963412822 -0.006769729989465533 0.9999518085659661 -0.007109943848111218 0.4371759136300704 -0.007612133716933709 0.007058368798714389 0.9999461159733444 0.8405503276471414
0.9999387437406299 0.00691798983518182 0.00864003374132605 173.30666453364552 -0.006880021779988786 0.9999665795659864 -0.004416452355544873 0.428349830538225 -0.008670297960151745 0.004356738199873724 0.9999529212745667 0.8416347660793805
0.9999054499981143 0.008173577044723731 0.011058196162237004 174.67528445547975 -0.008174110555699282 0.999966591395596 3.049015287435723e-06 0.45600050683470705 -0.011057801801974635 -9.343964497976934e-05 0.999938856274893 0.8624733202975502
0.9998768540357408 0.007864603260110674 0.013580308507213661 176.05782261960027 -0.007909493200378625 0.9999634218523101 0.003254976917282668 0.44680993177429995 -0.013554212662608164 -0.003361989437808398 0.9999024854185117 0.87216935267985
0.9998664902867687 0.006895635800793755 0.014813905917142123 177.4499408407466 -0.006890379675249595 0.999976178704867 -0.00040582107222383 0.4304613145628911 -0.014816351425031543 0.0003036934549263184 0.9998901857207797 0.8703869439667977
0.9998749083664298 0.00576203665455559 0.014729784547473727 178.84439804123673 -0.005722460336190786 0.9999799067300227 -0.002727560066387357 0.43859309923705936 -0.014745204879016134 0.0026429282636094378 0.999887790636164 0.8603008884973254
0.999933000690049 0.003815383179864756 0.010928722806684749 180.18276064383548 -0.0037504710664134594 0.9999752419918013 -0.0059539373710612185 0.4398757693035446 -0.010951168785775414 0.005912550602686542 0.9999225538248431 0.8464793148046288
0.999971996617502 0.0018276091699221686 0.007257122399993077 181.601057181125 -0.0018061133576850318 0.9999939659918713 -0.0029674794670350112 0.4426898400831819 -0.007262502003143034 0.0029542891818674587 0.9999692636476805 0.8631739844962526
0.9999766208851965 0.000923415807122316 0.0067753218573830985 182.99295710907703 -0.0009270653063979769 0.9999994268812582 0.0005355250440809651 0.44991255508400957 -0.006774823462028346 -0.0005417936898131392 0.9999769038466119 0.8737915641687662
0.9999684078254291 0.0006758428938777287 0.007920011834522993 184.31886474812276 -0.0007019414935391484 0.9999943318416932 0.003292956517318251 0.47084863319500464 -0.007917741421380048 -0.0032984118705970747 0.9999632142483622 0.8645533937907068
0.9999435417285749 0.0014502160774384114 0.010526643750145497 185.77291756432828 -0.0015177917699713255 0.9999782760191631 0.006414343137482977 0.48140187758224856 -0.010517112885994207 -0.0064299582480064985 0.9999240201002635 0.869706994022052
0.9999116071752094 0.0017752469419526603 0.013176734594909057 187.1347448152295 -0.0018937988238565246 0.9999577954381519 0.008990042741041742 0.4883374677830128 -0.013160218930714835 -0.009014202170246982 0.9998727683045127 0.8846022055466254
0.9999056216935658 0.002008736121592973 0.013590904487837018 188.59437436604145 -0.002092833722690631 0.9999787358686889 0.006176395183929408 0.49215013779695355 -0.01357820874095216 -0.006204255769446092 0.9998885635198226 0.8649296398515794
0.9998987599820345 0.0017766792822977327 0.014117832592778082 190.0021168025158 -0.0018471061991943729 0.99998590855965 0.004977035344499043 0.4830729260869211 -0.014108791056598393 -0.00500260860545266 0.9998879516836183 0.8599018469703793
0.9998883630197581 0.0021582618581278768 0.014785242758245692 191.36677988184064 -0.00218772870456278 0.9999956524372345 0.001977106407084688 0.49428231469357053 -0.014780911365126924 -0.0020092317888819274 0.9998887376337604 0.8586152171516608
0.9998874761995765 0.0025011691931202157 0.014791182911066587 192.81765224105573 -0.0025026581956296163 0.9999968649709778 8.215942858554173e-05 0.4941804791062968 -0.014790931045647186 -0.00011916745882983419 0.9998906010948997 0.8493358304849511
0.9998757499448238 0.0027062476578502592 0.015529355939339066 194.17687124235687 -0.0026795226516050912 0.9999948936836409 -0.0017414835638663328 0.48317664539829147 -0.015533989527350684 0.0016996559234331368 0.9998778957148249 0.8514761176550679
0.9998520331941976 0.0034273762586575543 0.016857188656794895 195.64136889830732 -0.0033216719424180503 0.9999746720275585 -0.006294584885751385 0.4909824676289884 -0.01687833560918068 0.006237659445542666 0.9998380935890097 0.8441946391436578
0.9998344698405351 0.0035540687194618513 0.0178438088488236 197.05035022359252 -0.0033771693840361633 0.9999449523794911 -0.009934129943222429 0.4737210034043684 -0.017878133170091935 0.009872223980169943 0.9997914340241357 0.8489344617786725
0.9998807525724823 0.0036921333299480214 0.014994958704861408 198.46609950797787 -0.003585904844279704 0.9999683296373693 -0.007104998852737148 0.47922956856023635 -0.015020716412155025 0.007050381104841906 0.9998623256252543 0.8595545392922856
0.9999495378206008 0.003996692828515063 0.009216737969649447 199.9156045523414 -0.003980056169461952 0.9999904184408757 -0.0018226846491929255 0.5000052083976734 -0.00922393436959573 0.0017859095377347526 0.9999558638069325 0.8423674854279949
0.9999521052493217 0.004833761140387455 0.008510109322877633 201.36705357099794 -0.004908630952890575 0.9999492405733004 0.008798955565758486 0.4930353162815249 -0.008467145305117493 -0.008840307128010191 0.9999250754032846 0.8382282282266535
0.9999071491839685 0.006165448449357001 0.012152376566226092 202.78188303076365 -0.006343480134717134 0.9998723224323568 0.014666256969844443 0.513384433963144 -0.012060400929052433 -0.01474198355525412 0.9998185938710518 0.8302869418041167
0.9998716583410556 0.007186919529611335 0.014318346063083322 204.21414755519154 -0.007421127707202335 0.9998384326782459 0.016371786801149785 0.5093093198742511 -0.014198369971962143 -0.016475943893561898 0.9997634468027701 0.8305505831879794
0.9998644494968512 0.007055249723734315 0.014876359893962283 205.68704624797599 -0.00728262564877722 0.9998566403410369 0.01528601091175234 0.523747353280393 -0.01476638059981913 -0.015392277845406322 0.9997724900129584 0.8264033534853896
0.9998672975653026 0.005616791030298744 0.015291792503848748 207.13427285333285 -0.0058042764760504505 0.9999081946880859 0.012243878887125026 0.5072115127337186 -0.015221617326958937 -0.012331011886093297 0.9998081058442249 0.8280972993517645
0.9998792282019945 0.004221919092502438 0.014956751296995262 208.56728366972928 -0.004380361177863036 0.9999344731564636 0.010576475275671026 0.48378453682074324 -0.01491111820539548 -0.010640713908463734 0.9998322028027418 0.8279289032196325
0.9998879310554429 0.003962238083753126 0.014436966406876247 210.05733389950868 -0.004112511704141097 0.9999375222841278 0.010394170277735934 0.5003176641873687 -0.014394880240867564 -0.010452377607363932 0.9998417550918766 0.8143664664087117
0.9998893259320989 0.003717727700027416 0.01440535969011274 211.5126126478489 -0.003886086640456023 0.9999242709388265 0.011676931021428485 0.5015748969698357 -0.014360857135837868 -0.011731619163814454 0.9998280526641165 0.8163559427648674
0.9998823692518284 0.0035842135960459445 0.0149131174557241 212.9674821386304 -0.003772874256606706 0.9999129712540971 0.01264180911289938 0.5043079378821244 -0.014866508641713357 -0.012696587364369643 0.9998088735303888 0.8002459002975442
0.9998817097922992 0.0032027753254171014 0.015043558523277045 214.3988591998528 -0.003391498527900462 0.9999156645987497 0.012536404100695375 0.520833841767381 -0.015002138533009588 -0.012585941373436563 0.9998082465749024 0.8118203171640652
0.9998897219018577 0.0029085663708674544 0.014563113564480507 215.85788812873596 -0.003094118305559266 0.9999141200651043 0.012734949012040676 0.5133141376369129 -0.014524822440804578 -0.012778604622349485 0.999812850886089 0.8108681065758727
0.9998967952998075 0.002872280908390642 0.01407653194356318 217.33703273448234 -0.0030432517643930197 0.9999216827991013 0.012139476385410615 0.5269115776307454 -0.014040561522723326 -0.012181061965063548 0.9998272272555543 0.7993499417240721
0.9998977911628497 0.0019736660603919564 0.014160221394324274 218.82040847269582 -0.002156291714316119 0.9999145512054672 0.012893436066920255 0.5089837210065481 -0.014133564083308698 -0.012922651811878448 0.9998166069017117 0.8051428133601458
0.9999042224981585 0.0020446578825623596 0.013688141016819297 220.28653263957244 -0.002236205980538356 0.9998995915388319 0.013993077691837552 0.5246606489740854 -0.013658155555039622 -0.014022346972617419 0.999808395930047 0.8015190368092894
0.999902619416452 0.0021784634373266543 0.013784265710228293 221.77825504147185 -0.002343324565488639 0.9999257874339543 0.011955268904007948 0.5449260254335357 -0.013757198628308093 -0.011986405701401604 0.9998335189241571 0.7945511345075907
0.9999078973307394 0.0014558779337385172 0.013493601263628488 223.2688120246579 -0.0016532225671934957 0.9998916755758209 0.014625456208970322 0.5307082149918335 -0.013470846698076007 -0.014646417091536062 0.999801989773784 0.8003161952511618
0.9999080926569978 0.0009929969759984321 0.013521101880040123 224.74754366423514 -0.0011727943251966467 0.9999109150735749 0.013296107332482545 0.5286032696649182 -0.013506694359300247 -0.01331074279414066 0.99982018049935 0.7876320192149138
