1.0 -2.1684043449710093e-19 -2.5135375298442207e-37 0.0 2.1684043449710093e-19 1.0 2.3183291766350204e-18 -8.673617379884035e-19 -2.51353752984422e-37 -2.3183291766350204e-18 1.0 0.0
0.9999996144572926 -0.0005723897269502802 0.0006659243699802237 1.3271307127150507 0.0005725266515208768 0.9999998150031163 -0.00020544334102258209 -0.005205242904773986 -0.0006658066531284189 0.00020582452126511109 0.999999757168854 0.013546002618737998
0.9999992686506489 -0.0006310930990495225 0.0010317071617683797 2.620400249204164 0.0006317219644781507 0.9999996148242213 -0.0006093264874477984 0.0032616480561835828 -0.0010313222226384742 0.0006099777938922657 0.9999992821505244 0.023155165917102573
0.9999984080806568 -0.0013145955684215954 0.0012065134246878437 3.944431469168364 0.0013152995039614583 0.9999989651428909 -0.0005828381958469084 0.0014968510495183922 -0.0012057459796094815 0.0005844241945245251 0.9999991023120939 0.042724277089956374
0.9999985763318838 -0.0008800205240788166 0.0014397562580511227 5.276348118827755 0.000881273383638691 0.9999992334146602 -0.0008697857869248605 0.012604385612162781 -0.0014389897250110366 0.0008710533675077156 0.9999985852863005 0.04177979977458566
0.999997786687794 -0.0012070478149658944 0.0017232687212533166 6.606972188827152 0.0012091179588218897 0.9999985481118654 -0.0012007530649974663 0.008382052461006931 -0.0017218168528964884 0.0012028340425147947 0.9999977942660631 0.04278872157354516
0.9999967192755046 -0.0008840068948593192 0.0024041568246351104 7.940246282741048 0.0008895981560858923 0.9999969001183829 -0.0023255899779677405 0.02337723712865465 -0.0024020935344584255 0.00232772108182587 0.9999944058149609 0.061433015770509955
0.9999966058758929 -0.000873483241502648 0.0024546412611861773 9.262030326792253 0.0008794477276802168 0.999996661187287 -0.0024298530763327384 0.02751113273293585 -0.0024525106296572384 0.0024320035577892556 0.9999940352573641 0.0582192092397267
0.9999966097639618 -0.001266615935281217 0.0022751142070677457 10.574476610325048 0.0012719655674189169 0.9999964263568822 -0.002351462748944188 0.032548963269163136 -0.002272127676432485 0.0023543486438637696 0.9999946472248165 0.06110004242504724
0.9999977761495011 -0.0015048190039151674 0.0014775709179427625 11.907036478980968 0.0015067971318950453 0.9999979688930183 -0.0013385709698884583 0.045867047792563814 -0.0014755536098045778 0.0013407943927280668 0.9999980125039954 0.058527150042902806
0.9999983966344067 -0.0012897492325864388 0.0012422864134696405 13.234291389901804 0.001290002884468947 0.9999991472597588 -0.00020340185210106215 0.05553420145490247 -0.0012420230167393704 0.00020500407903024326 0.9999992076757629 0.07175528061330265
0.9999985671118828 -0.0012578467318945553 0.0011329588607994646 14.570445616145157 0.0012574879408657862 0.9999991590088253 0.0003173416464943521 0.06807299998508497 -0.0011333570751439982 -0.0003159165096743254 0.99999930784901 0.06960842982263489
0.999998434531585 -0.0007257181243884133 0.0016137743285016125 15.926667048128374 0.0007254299629412514 0.999999720829748 0.00017914182970852146 0.09281272512735976 -0.0016139038844564819 -0.00017797086901632478 0.999998681819442 0.08098457561416371
0.9999948789037958 -0.0002214003118403208 0.003192670995364022 17.252266664228017 0.00022420319695774433 0.9999995897920725 -0.0008775811148452605 0.08381424210933784 -0.0031924753889725783 0.0008782924277119392 0.9999945183366268 0.08466393394050255
0.9999914563400086 -0.0002476995625738284 0.004126244286894882 18.615952265138343 0.000259419765924996 0.9999959332254512 -0.002840111607640229 0.09737903800163643 -0.004125524011986762 0.0028411577720193716 0.9999874538583676 0.0967159175787177
0.9999930332910585 -0.0003022296440383463 0.003720487412965007 19.95677526491287 0.000317675163560001 0.9999913316674583 -0.004151586736857488 0.0835387499844344 -0.00371920042996122 0.0041527397204084845 0.9999844610297584 0.11531642044301996
0.999994969400272 -0.0004275919529927754 0.0031429825438303344 21.336627084511225 0.00044203227350021046 0.9999893442865934 -0.004595206278080404 0.09215545864456878 -0.003140984179882257 0.004596572461156372 0.9999845027499132 0.10691119084965374
0.9999966453082625 -3.510775235019155e-05 0.002590007657672386 22.676151782571438 4.15236813271772e-05 0.9999969309397769 -0.002477173149135457 0.09436656465043611 -0.002589912740801458 0.0024772723856357733 0.9999935777161383 0.15575059909167369
0.9999941811185303 0.0004404502039199331 0.0033828586577000597 24.05308748296313 -0.00043012097625545314 0.9999952454856362 -0.003053522894645639 0.1155572187312107 -0.0033841874986316016 0.0030520500880894656 0.9999896160787041 0.1130208086017354
0.9999700164931888 0.0028452675123749314 0.007202122422916787 25.372728788210946 -0.0028242953124832937 0.9999917471451821 -0.002920444745947526 0.07067881053876467 -0.007210372431403379 0.0029000162601736197 0.9999697997615185 0.11808724264199437
0.9999575592401138 0.002845218398389255 0.0087626737255124 26.771515097159433 -0.002818612032004664 0.9999913850109292 -0.003047183968279757 0.07222576742304641 -0.008771268139063851 0.00302235606588137 0.9999569641834811 0.15605737302785527
0.9999537976098495 0.002731355428585236 0.009216417045851659 28.09332479048794 -0.0026895641026428306 0.9999860599861392 -0.0045437955868899 0.07281066454917594 -0.009228699289612926 0.0045187975082319224 0.9999472043955628 0.22357845961058767
0.9999679637270567 0.0028234032762063472 0.007489987550324871 29.477922817674976 -0.0027963309732797724 0.9999895290343908 -0.0036224790772972234 0.09350521707312161 -0.007500136842217646 0.0036014185423923176 0.9999653882669293 0.22078708144099382
0.999974710922512 0.0030763159736915454 0.006412004013450541 30.859568911055668 -0.003054403111202587 0.9999894717569687 -0.0034244703025208116 0.07418503723090318 -0.006422471259007047 0.0034047988558182493 0.9999735792548115 0.2596893939579247
0.9999793644620594 0.002976003023226825 0.005693334353567788 32.26990718056309 -0.0029565453628868205 0.9999897709359934 -0.0034229903442071427 0.0586298210245463 -0.005703462945699111 0.0034060871076776198 0.9999779342970734 0.21991921306599338
0.9999807337942633 0.003962369135011882 0.004778249797213945 33.63313707810452 -0.0039475841972765316 0.9999874041774248 -0.003099687968321101 0.08631951943137217 -0.004790471719161123 0.0030807657057048622 0.999983780000143 0.22567865633508874
0.999976454543174 0.004231976529392838 0.0054019194660762096 35.04149238421365 -0.0042160923092128665 0.9999867654116994 -0.0029484855582116542 0.09836278186821414 -0.0054143258955756494 0.00292564114365633 0.9999810626701863 0.22807793679598384
0.9999714080542431 0.004012577465076123 0.006409547261808391 36.43202694058119 -0.003994895009309558 0.9999881861221794 -0.002769193012089577 0.0983596024211734 -0.00642058314167691 0.002743508367105052 0.9999756243398938 0.24557626904130228
0.9999714424632895 0.0035434712050735014 0.00667518312159398 37.849126437522216 -0.0035292091119710615 0.9999914671710459 -0.0021471534977298102 0.10405705232354101 -0.006682734539990245 0.0021235340632181706 0.999975415528877 0.2337149681215788
0.9999736002133846 0.0035534714397595633 0.006338116203491733 39.231362049697395 -0.003538362769960421 0.9999908757665934 -0.002393401861275476 0.13829234802654417 -0.006346563258198046 0.0023709121215709354 0.9999770496919024 0.18392891573164896
0.9999717285346159 0.003774006689219203 0.006503768523105463 40.63402633013003 -0.0037614611143773867 0.9999910436250516 -0.0019401236983928294 0.1411300699213277 -0.00651103231273164 0.001915605175856277 0.9999769681922843 0.17570101988257034
0.9999688993142026 0.0037046086639842472 0.00696249086094675 42.06226911984596 -0.0036909087806161435 0.9999912293672903 -0.00197949005258699 0.1388027392132306 -0.00696976303149575 0.0019537305704351972 0.9999738023269125 0.15965961842743018
0.9999699277616279 0.0036085471429467327 0.00686454367908943 43.44449113997219 -0.0035935272091249977 0.999991125171341 -0.0021991227234736846 0.1476090583220355 -0.006872418395461235 0.0021743886664418997 0.9999740206121983 0.15478181541955877
0.9999713300195825 0.003404017913974879 0.006764007754912258 44.87596645065569 -0.0033849632188324564 0.9999902763406671 -0.002826525804494623 0.15164073283458254 -0.0067735635284779366 0.0028035488505928838 0.9999731291144618 0.147598028962061
0.9999760701183753 0.0020369527589296755 0.006611354934349222 46.289726489594244 -0.0020214354728391943 0.999995188817957 -0.002352900246014872 0.12782210895244842 -0.006616115872564689 0.002339479514002686 0.9999753766200268 0.1575316007572165
0.9999727980563367 0.0013872739897599965 0.0072442127424708356 47.73190194998738 -0.0013727005969912482 0.9999970250815119 -0.0020163137645556966 0.14013254845741027 -0.00724698837116918 0.002006314781745944 0.999971727530606 0.17401495613244802
0.9999727672954276 -8.809837306116499e-05 0.0073794922725852015 49.11758478648264 0.00010288773817239932 0.9999979871754938 -0.0020037612318334593 0.1291141197176837 -0.007379300890857785 0.0020044659232645863 0.9999707635899785 0.17518796635066883
0.9999723032404829 -0.0011957092441916989 0.0073459533981034275 50.54655376914116 0.001206446254230879 0.9999982102857463 -0.0014573649988097953 0.13026196750515842 -0.007344197666144687 0.0014661871324827909 0.9999719561347373 0.18124652509728917
0.9999701762042938 -0.002634630949892102 0.007259849978580496 52.01142091335963 0.002647559891392663 0.9999949254777571 -0.0017718480060261827 0.13380862218342998 -0.007255144972715118 0.001791016050414046 0.999972077176624 0.17615860772089006
0.9999593604051707 -0.00294769972699412 0.008519894623840315 53.39282993640206 0.002951261504325986 0.9999955627979649 -0.00040551191673834144 0.16587726533974712 -0.008518661491980288 0.0004306398739226006 0.9999636228161923 0.20459085208632347
0.9999485420574682 -0.004180731165601381 0.009243090612169881 54.854066780808914 0.004179394353646995 0.9999912528551199 0.00016393927001529988 0.14964972755053763 -0.009243695147532578 -0.00012530031332301438 0.9999572682869258 0.225817861990188
0.9999457419485982 -0.004496206458996845 0.009396663575203251 56.263341172384834 0.004496652781098978 0.9999898896580552 -2.637113345310406e-05 0.16321797548096498 -0.009396450001660802 6.86232360052788e-05 0.9999558500344992 0.23029863360902134
0.9999423790067584 -0.005008450499079754 0.009494950758297527 57.700874428071565 0.0050068353540123995 0.9999874469285692 0.00019386856271676864 0.17777076997247854 -0.009495802548602123 -0.0001463177366763757 0.9999549031456757 0.2502965937183937
0.9999392788774497 -0.00454835261208779 0.010037482082772657 59.13555090050573 0.004539572462647903 0.9999892934681643 0.0008973465874609108 0.21340603251794346 -0.010041456064846212 -0.0008517262223115271 0.9999492205719949 0.28358475713485126
0.9999337418619922 -0.004785969850669233 0.01046930649389394 60.554077963764726 0.004777381383199908 0.9999882310608298 0.0008452023141596231 0.1899866545535064 -0.010473228394055943 -0.0007951304426891042 0.9999448381058753 0.28887059000321086
0.9999307576694788 -0.004179430752776319 0.011000555673457847 62.00439567579247 0.0041709731059605005 0.9999909880818039 0.0007916681924695017 0.2084675607904729 -0.011003765259739607 -0.0007457303536542417 0.9999391786685569 0.3063922462333904
0.9999321800598049 -0.004128230330780217 0.01089004110103329 63.42472021468537 0.004124334441738728 0.9999914226269474 0.00038018146549369513 0.2054626720677858 -0.01089151716974526 -0.0003352415100245001 0.9999406294710057 0.32879865878496
0.9999441660183477 -0.0036582208150045888 0.009913741288732758 64.83827587368728 0.0036660892743624208 0.9999929790647419 -0.0007756356459284572 0.22066578878333643 -0.009910834238532208 0.0008119369997094605 0.9999505568391893 0.32384047415395106
0.9999513784884959 -0.002547317267987483 0.009526375685072266 66.27826942876366 0.0025648119578665874 0.9999950461257806 -0.0018246817582021659 0.25114219951065353 -0.009521680449254106 0.0018490264016892707 0.9999529582449307 0.3192156688125173
0.999953442392097 -0.0020677418249104014 0.009425364286881533 67.65819230391998 0.002074112138955193 0.9999976271523406 -0.0006661445213494754 0.2549503128159954 -0.009423964507039717 0.0006856627697355396 0.9999553583833312 0.3244609365350051
0.9999426999239778 -0.0011920976416639635 0.010638410217626936 69.11155193676811 0.0011739347588899953 0.9999978431106087 0.0017133742475862993 0.2803210427728843 -0.010640429781152634 -0.0017007872715778553 0.9999419426030338 0.3358213274664437
0.9999332303297792 -0.0005039656723393402 0.01154473476757884 70.47422320634402 0.00044377658790592707 0.999986300605602 0.005215521398934521 0.27910020055680396 -0.011547205055452451 -0.005210049877287249 0.9999197554982518 0.3471853065007522
0.9999271392997101 0.000833497545177358 0.012042482042346897 71.92438059346982 -0.0009218197880765749 0.9999727063851332 0.00733053429637524 0.31321397447241695 -0.012036043377139127 -0.007341101186757099 0.9999006160080057 0.34398761497566616
0.9999270623395402 0.0016133731659495655 0.011969420539222817 73.2988476422731 -0.0017458498027053892 0.9999372486936408 0.011065743692059152 0.33591624617318394 -0.011950816268513574 -0.011085833393089906 0.9998671323173379 0.3467635620710041
0.9999249504584597 0.0016391773383273372 0.012141109846317513 74.66736898330716 -0.0017801020423035012 0.999931068999307 0.011605536895045562 0.3213716199617225 -0.012121249414388802 -0.011626278319255522 0.9998589425339344 0.3499519652154053
0.9999261164854008 0.0024030369605162758 0.011915829127311336 76.14657785446592 -0.0025372640775226645 0.9999333590795201 0.011262312859646666 0.34016609442890616 -0.011887971291427381 -0.011291714365588705 0.999865577627943 0.3308395854018623
0.9999189631584589 0.0027740001877482492 0.012424654484970947 77.50154571165551 -0.002920850520239109 0.9999259136715076 0.011816759303595015 0.3336275623895605 -0.01239095429541062 -0.011852092269260019 0.9998529852735801 0.3279779131468771
0.9999170509784312 0.002346792945192573 0.012664269638231033 78.9132936229111 -0.002497671015560035 0.9999259415760049 0.011911045413318841 0.32422677850655135 -0.01263537898503473 -0.011941688582964592 0.9998488602142286 0.3258248583007342
0.9999293192069499 0.0017231741477505525 0.011763811507424924 80.27620781595755 -0.0018644179321946454 0.9999261842888654 0.012006245011835505 0.3056207447540584 -0.011742254302296895 -0.012027329062041917 0.9998587214299496 0.312809135836365
0.9999272382675113 0.0021915345775667928 0.011862349973886641 81.67521626178883 -0.002326680218935774 0.9999324131340233 0.01139103696455931 0.3435163332580776 -0.011836584383446612 -0.01141780802800926 0.9998647553194226 0.32456225974658515
0.9999247682338896 0.0020865399808111394 0.012087357995471441 83.02335521227974 -0.0022278630959762856 0.9999291857722499 0.011690169668188389 0.36081799983783175 -0.012062110032154311 -0.011716219174884085 0.9998586078590403 0.32271040205696905
0.9999378083081156 0.0014006189705666149 0.01106425697737713 84.40801181663022 -0.001528620142044475 0.9999319094193585 0.011568917210225975 0.3522912368786328 -0.011047299960781617 -0.011585110765763776 0.9998718629765123 0.3125630486248258
0.9999361312661914 0.0007258077118249323 0.011278589963624044 85.80705748981289 -0.0008691266146322717 0.9999188792041988 0.012707463552835196 0.3680353548076202 -0.011268451860386297 -0.012716454465941069 0.9998556464702721 0.32225016688837604
0.9999265601661336 -6.0397894331697957e-05 0.012119019201986957 87.17445336222204 -8.349348983563043e-05 0.9999295179205387 0.011872330017145988 0.37954196221980346 -0.012118882092046417 -0.011872469974408481 0.9998560782200335 0.32810492971632776
0.999914725112484 -0.001358321195141783 0.012988358893881353 88.54112167711406 0.001206720580401396 0.9999311428867322 0.011672759342766343 0.3802498685227804 -0.013003319909402906 -0.011656090629543502 0.99984751298514 0.3314629402649256
0.999911106675207 -0.003124288321303361 0.012962159158419435 89.96201694495423 0.0029841449489340795 0.9999370414904429 0.010817020581655751 0.3542605767465218 -0.012995138571272744 -0.010777378058952016 0.9998574770914542 0.33954104422555975
0.9998976779146017 -0.0036114209319511805 0.013841652352220795 91.3075801515719 0.003478403971532504 0.9999476579096853 0.009621961689057231 0.3804552310068381 -0.013875676805053565 -0.009572830291357047 0.9998579031609515 0.34467182747169334
0.999899857592907 -0.003435509089975785 0.013728512773672694 92.69214777294124 0.003309370577701424 0.9999522006204151 0.00920024677757763 0.4009003102873209 -0.01375946409071388 -0.009153892706470684 0.999863432372769 0.33350922746146494
0.9998972590124368 -0.0036618033392902117 0.013858665726548309 94.01020678039211 0.003545014621713188 0.9999580790888724 0.008442330023423648 0.41578795904666715 -0.013888998910925201 -0.008392333477461657 0.9998683235546846 0.34117756437434726
0.9998984206436055 -0.004018239951340497 0.013674872654500434 95.38585041157137 0.003910427265695364 0.9999611356722623 0.00790162664513385 0.42637551853350414 -0.013706091821633874 -0.007847349408101697 0.999875273298747 0.3278362050706678
0.9999082308480989 -0.003971148715036197 0.01295221448665551 96.74840142991614 0.00386895649316715 0.9999612665405485 0.007905478750597564 0.4438943965247583 -0.012983106634363065 -0.00785464171717821 0.9998848651447904 0.3347906155235809
0.9999144939476864 -0.0033686911934158424 0.012635533743603366 98.09913197664817 0.0032488175312729876 0.9999496382435359 0.009495586410023661 0.4611579555830353 -0.012666885094245942 -0.009453723936372128 0.9998750807604638 0.3335007176203058
0.9999105645067651 -0.0030726590867906196 0.013016211195996372 99.43100975174283 0.0029356575934057763 0.9999402327851811 0.010531513282155194 0.4878181208207023 -0.013047793003289763 -0.010492360251835394 0.9998598229122365 0.3323590899485328
0.9998856462695194 -0.004373061104691634 0.014476557628129183 100.85389406891572 0.00420911527089632 0.9999268856365158 0.011336080887803234 0.4216502905485742 -0.014525072558242848 -0.011273851064882113 0.9998309469852115 0.34775211359934444
0.9998787091552145 -0.0030695616048971586 0.01526907887384334 102.1638836957272 0.002910311824777577 0.9999412574389092 0.010440869531586404 0.5036283661511491 -0.015300230821280692 -0.010395165368900615 0.9998289071004942 0.341917966944007
0.9999005293627112 -0.004107616137725335 0.013492919248073842 103.53583698624276 0.003952068205232808 0.9999256640797732 0.011534620562721531 0.46793042043165806 -0.01353929603307096 -0.011480148269507186 0.999842434415863 0.320600651337205
0.9999212185976261 -0.003900424085464364 0.011930770729168979 104.84806806038823 0.0037602986676162375 0.9999239564891269 0.011744845382584421 0.46640778282213574 -0.0119756733492856 -0.011699056845917988 0.9998598478370592 0.3202648641203849
0.9999318442442596 -0.003994821876697241 0.010970335657913074 106.13316147739421 0.0038852695921407347 0.9999425561431738 0.009989449136575429 0.4800555292077305 -0.01100961154946915 -0.009946145586572828 0.9998899252625264 0.3251695761344651
0.9999226952722482 -0.0025954881679118454 0.012160054303045162 107.54860516196611 0.002497954949196127 0.9999646460840573 0.008029122184761449 0.5578836857081885 -0.01218046388913674 -0.007998126227828086 0.999893827501845 0.3330383672313253
0.9998964842052566 -0.0036873246480698062 0.013907714079134204 108.84831807768809 0.0036115034839111913 0.9999785018892181 0.005472915309094228 0.4875686962118707 -0.013927595505072233 -0.00542212101806641 0.9998883051056816 0.3247846564806697
0.9999007272309399 -0.0004084838175617234 0.014084346772502948 110.2431784245262 0.00033512625110959714 0.9999863695489992 0.005210413285738585 0.6160490260019308 -0.014086283166014419 -0.005205175999250566 0.9998872350267223 0.3214512362994748
0.9999069604355191 -0.0012575332150434125 0.01358267583409992 111.54471835554682 0.001166058661164714 0.9999766029110477 0.0067404701378759105 0.5360432672900399 -0.013590834404108604 -0.00672400481067174 0.9998850318809189 0.3114376406090469
0.9999276843828855 -0.0016982518606717893 0.011905542629311512 112.86918184120357 0.0015963113189335241 0.9999620307935443 0.008566724077723742 0.48528512470837415 -0.01191963904041031 -0.008547099617328196 0.9998924288608638 0.31988567232944864
0.9999359470307331 -0.0005651089851798043 0.011304091630275383 114.20310892962071 0.0004452905459023211 0.9999437269734041 0.010599273695312671 0.5247746402009161 -0.01130944525962803 -0.010593561175227438 0.9998799292462801 0.33543656239954645
0.9999275330746761 0.002517084603400722 0.011772547909944283 115.5372495431927 -0.0026514548881618823 0.9999313631553021 0.011412220001186772 0.6156283286637819 -0.011743014356146077 -0.011442607372394106 0.9998655751401547 0.34407343288655995
0.9999169506271387 0.00347066992148 0.012411538938439938 116.89986730584891 -0.0036265183281518824 0.9999145895407484 0.012556352510670362 0.6211069754533168 -0.012366899908216905 -0.012600320386909747 0.9998441337092534 0.34750589708187096
0.9998923967385385 0.004292631439868665 0.014027411014960856 118.20796278554654 -0.0044842801675602185 0.9998966469282209 0.013659673974134135 0.5929623873327612 -0.013967325292983628 -0.01372110698968062 0.9998083041499194 0.33210199284055775
0.9998754446986134 0.005293802924191342 0.014868447778762497 119.57629343411654 -0.005493657014927732 0.9998946820274012 0.013432966385891129 0.5931321087067432 -0.014795770387252554 -0.013512975391155306 0.9997992221814966 0.33422884251624335
0.9998760475145211 0.0061419481491166265 0.014497105906792082 120.89452768718547 -0.006341874554047927 0.9998848659554059 0.013785334978907361 0.5876753087686711 -0.014410767983695472 -0.013875565079431188 0.9997998792057571 0.33010821744567864
0.9998687943340204 0.007778880888055311 0.014208558306943354 122.20987778479383 -0.008004764250239547 0.999841375332123 0.0159106229691596 0.6081226830925348 -0.014082537638169055 -0.016022271564859643 0.9997724585862382 0.3309825007980076
0.9998616618525245 0.008878591044333771 0.014065126326322192 123.54007868213566 -0.009111639809688047 0.9998208131858758 0.016592755657581715 0.593444714556861 -0.013915285749363305 -0.016718616611465738 0.9997633983503859 0.3206852394319517
0.999862010358306 0.009092828212592226 0.013902543556593719 124.92878693628651 -0.009355873151395726 0.9997761996507122 0.01897414687289257 0.5709693770464185 -0.01372690350449406 -0.01910159907116138 0.9997233122384928 0.3156420489212253
0.9998562640330403 0.010629494859062491 0.013208524252640168 126.24636082355873 -0.010887480789964817 0.9997483090315578 0.019615844376147034 0.5677503101658954 -0.012996693269426901 -0.019756832427852297 0.9997203376627276 0.3083410292207498
0.9998523407044476 0.011586886072184895 0.012690187507971986 127.5776609051299 -0.0118258605576994 0.9997510385102809 0.01892115270496586 0.5568465617841636 -0.012467790899238334 -0.01906843120880674 0.9997404408751943 0.310548930474349
0.9998333088993127 0.012728198236281657 0.013089972693231651 128.88847217389105 -0.012971162203752695 0.9997419900588397 0.01864677624349264 0.5653693604936672 -0.012849255485652519 -0.01881346015088294 0.9997404414899976 0.29547343544261945
0.9998143336744425 0.013537286711478686 0.013712769509537204 130.2327965156409 -0.013790402881681447 0.999733100048064 0.018535195079857732 0.5542868753810916 -0.013458193321964976 -0.01872085833445392 0.9997341679145161 0.33962093922214837
0.9998190148330283 0.013450723790452689 0.013454204094846864 131.5778197186639 -0.013690953831148068 0.9997455835114676 0.017925569238064973 0.5089452217480612 -0.013209669242877205 -0.018106525863020747 0.999748797628517 0.3292182646408951
0.9998146845185543 0.013787636736541448 0.013434943032441374 132.9166787003686 -0.014027259440663733 0.9997412389796425 0.017907849564749428 0.5262149041371474 -0.013184559668342456 -0.01809298639447227 0.9997493742081969 0.3400201004271209
0.9998164133125254 0.013385645943058374 0.013710001953482771 134.24644230849037 -0.013652266382442763 0.9997158267580186 0.019541784774021083 0.4977131227582945 -0.013444526525699585 -0.019725369761259836 0.9997150366450838 0.3462561948625654
0.9998257393030399 0.012696682090410737 0.013685221628629953 135.58574973047632 -0.012943234333554857 0.9997527531254261 0.01808052275564943 0.46110433159786435 -0.013452275350897503 -0.018254503061598617 0.9997428716454334 0.34866781240845096
0.9998449650453342 0.01176144782891557 0.013103977200160573 136.91765725689262 -0.012009109597726835 0.9997476598977129 0.018984146431081105 0.4684618066802451 -0.012877389493387863 -0.019138570323162633 0.9997339085805887 0.3598952086847972
0.9998380548962544 0.011288994723757204 0.014015083995524258 138.26464449285942 -0.011569439643764208 0.9997311721124091 0.020093072763471283 0.47656692484802476 -0.013784485757688434 -0.020251965457106537 0.9996998778871188 0.3777074846986927
0.9998620642849438 0.009116632397779182 0.01388306225494727 139.61651664737656 -0.009397246044741302 0.9997501066306026 0.0202833936724926 0.407078389173445 -0.01369467672585127 -0.020411058419946816 0.9996978766225083 0.3728026096412217
0.9998668889036119 0.00841787081548411 0.013976549114359806 140.98212533732547 -0.008688621700963791 0.9997735545590845 0.0194254332572267 0.4359889825858001 -0.013809863400838984 -0.019544284464447628 0.9997136133001405 0.3702636422026475
0.9998854595544417 0.006826711348453652 0.01350791559670705 142.30250336377114 -0.0070893553835656205 0.9997848720816956 0.019492321483934878 0.4169703136681158 -0.013371941214662014 -0.01958585123890341 0.9997187532598352 0.3657119201828763
0.9998963263884781 0.005942265490924108 0.013115866561591683 143.6463773793852 -0.006198890000903464 0.999788433290209 0.019612812696452 0.42506527102080405 -0.012996547140791103 -0.019692083179409493 0.9997216170627063 0.3676994702375401
0.9999227624758047 0.006673630817308175 0.010484833545161774 144.98050490755895 -0.006842621831841617 0.9998459184510867 0.016165329664729403 0.393367503614635 -0.010375336583546552 -0.01623582484560765 0.999814357959697 0.3639126393547106
0.9999219019048716 0.005386624568951239 0.011277161287188682 146.29336216442553 -0.005553495470103153 0.9998747760824483 0.014818597846529412 0.3832888189450934 -0.011195926893635917 -0.01488006820638915 0.9998266023622123 0.38185090177107256
0.9998962421545983 0.004428657096163346 0.013707367414561227 147.7111563815745 -0.004546761961506423 0.9999527079633543 0.008597022299620819 0.37197542439059234 -0.013668645901426048 -0.008658454427863057 0.9998690910744976 0.404170046798132
0.9998826661130034 0.0031108514209167866 0.014999220319377926 149.0150558604973 -0.003141779804977389 0.9999929860754152 0.002038877051612402 0.36822440426481 -0.014992772472404691 -0.002085762069732656 0.9998854266215601 0.4127970470740909
0.9998791088641413 0.0024697843956743262 0.015351476218577373 150.35975874832764 -0.002478438364145645 0.999996780304987 0.0005447228055308536 0.38394826320881514 -0.01535008144362088 -0.0005827046409785566 0.9998820107667583 0.4485429036091808
0.9999044748046544 0.002861327337952146 0.013522354509977037 151.69091486285882 -0.002888430891298282 0.9999938578623385 0.0019852467310777487 0.39474876538654213 -0.013516591013069918 -0.0020241154764856573 0.9999065979999948 0.4656987697196318
0.9999370977791007 0.0036950233338399995 0.010589961646367132 153.0251959629175 -0.0037726284868660003 0.9999661094491656 0.007317597105581912 0.3785656693874217 -0.010562564054680855 -0.007357088803454227 0.999917149310346 0.46487020078586094
0.9999267133380174 0.004867761134544373 0.011084802865518127 154.39194844099796 -0.004939672976416997 0.9999668732476525 0.00646931512598758 0.3968447898772649 -0.011052944581261378 -0.006523596312640393 0.9999176341615509 0.4724334616654259
0.9999130780954866 0.006034646901699607 0.01172259742467886 155.73531582524492 -0.006060489369236975 0.9999792800736492 0.0021702285574447767 0.42625599728262553 -0.011709257970283417 -0.0022410845941174453 0.999928932883546 0.40451001845910506
0.9998882131282878 0.005298108997476266 0.013981819916247326 157.0765943500837 -0.005174385855249681 0.9999472708283365 -0.00887024768438317 0.35709921372031317 -0.01402807820553127 0.008796908775937941 0.9998629043113096 0.3823377775169504
0.9998691517257193 0.006006593930477447 0.015019995227854226 158.42718089747285 -0.005842306182494109 0.9999228919188908 -0.010957995940499995 0.35530863581725175 -0.015084657296750344 0.010868810694660882 0.9998271460949253 0.3903423864695851
0.999878690831219 0.005190508466577577 0.014685443251935396 159.7590983540251 -0.00503641586560736 0.9999320798798582 -0.010510477742203686 0.3202884564872625 -0.014739000538574075 0.010435240725497766 0.9998369205096023 0.3967138791365525
0.9998739615609861 0.006227676106402312 0.014604007759978747 161.13840902192553 -0.006089938067111509 0.9999367359197936 -0.009457103806549804 0.3230919788709315 -0.0146619796302723 0.009366974345158546 0.9998486316162755 0.38718614146221003
0.9998713191383729 0.007586438172726773 0.014134748683351012 162.46621715514587 -0.007470253079340105 0.9999380268090233 -0.008254566021765067 0.3374194833229377 -0.014196495462638261 0.008147913667219526 0.9998660265352808 0.3762613093152156
0.999864143140409 0.00938312161670054 0.013551837175156425 163.82158622457766 -0.009283566224481172 0.9999295948452991 -0.007390585272603512 0.3808166907932888 -0.013620229816395062 0.007263771833018886 0.9998808563816524 0.3825735576679033
0.9998601432971231 0.010039009097329382 0.01337580435712931 165.16082528298168 -0.009944140706761515 0.9999250625011601 -0.007140269438567925 0.38025665790059754 -0.013446483237656981 0.007006259943433187 0.999885045597815 0.3742241129738027
0.9998514754463602 0.010071671252947965 0.013985295345801117 166.52212677379396 -0.009969370654540231 0.9999231781695518 -0.007365419747382935 0.38752563393555334 -0.014058403056148906 0.007224901208687077 0.9998750732496714 0.3655093078190141
0.9998627636116229 0.009580175040056831 0.013515701577421064 167.83989452419644 -0.00948293246202173 0.9999288211648715 -0.007240621226886332 0.3533026808244846 -0.013584105964279159 0.007111459064944021 0.9998824426976998 0.35659502721837455
0.9998837161550094 0.00958757488676132 0.011858860646761163 169.20279246978393 -0.009514470209249578 0.9999354800246326 -0.006205694525577789 0.369609536440196 -0.011917593074352691 0.006092142127218266 0.9999104243779118 0.3498001285453819
0.9999117447572518 0.008161244257364213 0.010483166920360686 170.6237738856157 -0.008116673673168043 0.9999578690184588 -0.004287166493843874 0.3431065025727834 -0.010517713867176919 0.004201699683970339 0.9999358596503947 0.3500740692281997
0.999907878273003 0.008686881899223864 0.010429431933253993 171.9258285290843 -0.00864678172953679 0.9999550733892312 -0.003883860046291603 0.3589329625145306 -0.010462702007760236 0.0037933212369068163 0.999938069372644 0.3348376619093669
0.9998993369329041 0.009017494421363941 0.01095448745946041 173.30903602971898 -0.008972334038771694 0.9999510749635973 -0.004164721004210344 0.3688754183455414 -0.010991506859184687 0.004066014449910646 0.9999313247935868 0.30619522070124494
0.9998719504292398 0.008441327327391609 0.013595099770861062 174.67362314143125 -0.008490363350860123 0.999957643281174 0.0035532201916972394 0.37979746273559073 -0.013564530032338243 -0.003668192540222682 0.9999012690703466 0.3460573000266836
0.999838597650842 0.009299474843561093 0.015372001015861773 176.0777977478276 -0.009433246419602876 0.9999180680434109 0.008652806615183518 0.36536179080204706 -0.015290275000297756 -0.008796417905414026 0.9998444031560354 0.36321005490439634
0.9998432342178628 0.008116639971165865 0.015736173116173986 177.49773060355432 -0.008226037487571116 0.9999423611611568 0.006899758162692785 0.3491334190176308 -0.015679263248533047 -0.0070281228666724095 0.9998523721994933 0.3582004846054261
0.9998575311566222 0.006900016529352513 0.015404777222631678 178.90318228903166 -0.006995768084221721 0.9999564911689991 0.006170494137048631 0.34815973295637 -0.015361530467242982 -0.006277383282724488 0.9998622994396907 0.3317387278183503
0.9999243514025057 0.005540820252069137 0.010981383483543921 180.24711852357373 -0.005564160352206028 0.9999823232682556 0.002096013024018639 0.3481254892865724 -0.010969575737161816 -0.002156956642164547 0.9999375060203466 0.2910578812864579
0.9999723229007276 0.003840140785727339 0.006372342682939582 181.66529886581742 -0.003869480144282076 0.9999819414578203 0.004598247672940569 0.31880276076161146 -0.0063545696892887225 -0.004622778060267442 0.9999691242068774 0.2796835193491224
0.9999724039969515 0.002911404958929566 0.006834834725331064 183.05539447936914 -0.0029673565673512545 0.9999620551553298 0.00819042395308785 0.33343835508968467 -0.0068107297376763095 -0.008210479321832448 0.9999430993760325 0.3162128684113499
0.9999592458555228 0.002600985279734939 0.008645316861100786 184.384106574651 -0.0027032857491715227 0.9999262209535905 0.011842503773681979 0.3576594432113641 -0.008613876839876312 -0.011865391904439901 0.9998925010223557 0.3238512526421333
0.9999370377661608 0.001974675919406518 0.011046318773632924 185.81419915778156 -0.002139792936111445 0.999885864613903 0.014955902898125453 0.3511630478967761 -0.011015524936468835 -0.014978598075951758 0.9998271349638662 0.3246745288291009
0.9999160869055139 0.0021448279511616358 0.012775713703140849 187.16894189835585 -0.002385989034831177 0.9998186966443099 0.018891291559845102 0.3635040901531806 -0.012732878853204035 -0.018920189045919314 0.9997399162995225 0.35205605640149185
0.9998915145822345 0.00261155503427274 0.014496166622523194 188.63818383591118 -0.002953793871593871 0.9997162212132278 0.023637938677235664 0.3585306737672242 -0.014430321140193842 -0.02367819299371436 0.9996154805765781 0.3751428716623322
0.9998956732658518 0.0031841297932757653 0.014089141268668616 190.05583710492874 -0.003526286529083806 0.9996978278225007 0.02432731695622026 0.41098679822625517 -0.014007422587461606 -0.024374461315753698 0.9996047607669859 0.37679143041173635
0.9998933799969507 0.002418656374572414 0.014400650666389929 191.4526130842456 -0.0027385778571126077 0.9997489619839032 0.0222376528309252 0.36101332430629873 -0.014343250314841089 -0.022274719155355546 0.9996489924253192 0.3783012752926082
0.9998850407700864 0.0033743816026053025 0.0147823811682226 192.87647949955513 -0.0036578909723576215 0.9998090868083597 0.019194003466405707 0.40806155116385945 -0.014714791124476346 -0.01924586927717344 0.999706492645681 0.3658499651879929
0.9998862743564404 0.0026103745358319374 0.014853427159412833 194.24225346270862 -0.002881243139915287 0.9998294125263757 0.01824402053088228 0.35895330027588224 -0.014803269624174034 -0.01828474205301358 0.9997232274067103 0.3582224186724586
0.9998787774600203 0.0031592713915219277 0.015246291002404471 195.67974252950253 -0.003415149837599514 0.9998532685546748 0.016786247708177153 0.3598289665321028 -0.015191021579934393 -0.016836281204834092 0.9997428531870332 0.3539800162100743
0.9998665189699629 0.003642147338314634 0.01592730377856529 197.08553124002742 -0.0038638756855847957 0.9998957477542373 0.013912731136662823 0.34736794414406674 -0.015874971104699345 -0.013972415172786993 0.9997763534444412 0.36055002168434036
0.9998982439061617 0.0040753696776764286 0.013670888609165517 198.52121456030082 -0.004302429746331479 0.9998526059409978 0.016620935330892744 0.37056675739325085 -0.013601137145541104 -0.016678062087248393 0.9997683988371318 0.3736726836046303
0.9999327122996073 0.004971483941329346 0.01048118412069052 199.95741913021968 -0.005216223320535857 0.999711313479346 0.023453799599873048 0.4178044442129499 -0.010361558156040458 -0.02350689364466968 0.999669977574478 0.4039112113622419
0.9999524941789097 0.005806985924862819 0.007828684426264764 201.4228395961974 -0.006064800109096929 0.9994263089874375 0.03332073083507981 0.4125788331327667 -0.007630700165403776 -0.03336662731256466 0.9994140486288804 0.3608813909280588
0.9999129622034967 0.006899848879339972 0.011245448095602406 202.87357573839566 -0.007336727813369961 0.9992012005395042 0.03928273495323302 0.41052289196684977 -0.010965420302986133 -0.039361820662358875 0.9991648545819268 0.36659886097532046
0.999898564171403 0.007526447079627834 0.012091896556137476 204.32673238572562 -0.007973680263138515 0.999269536664667 0.03737396844118975 0.3955223116753141 -0.011801770673420283 -0.03746659429864655 0.9992281884137538 0.34859322907675117
0.9998942608839823 0.0074258280338087 0.012502964819877248 205.77154839042046 -0.007865044225481023 0.9993403517800703 0.03545422941507055 0.39485933717344085 -0.012231440250682457 -0.03554881688745108 0.9992930868805691 0.35196703006603663
0.9999012401702835 0.006188268510190631 0.012618052099073941 207.23452944451515 -0.006603978301808183 0.9994277530368728 0.03317459766533271 0.38489062711426075 -0.012405538139009045 -0.03325465068998974 0.999369916913136 0.3594921883847904
0.9999060670311966 0.005589378598256075 0.012514629882244482 208.61835577026807 -0.005981266682328455 0.999485882751892 0.03149912107577031 0.4055486253063482 -0.012332135381963545 -0.03157101560856931 0.9994254296396327 0.34746863366785585
0.9999161675980619 0.005263462032484543 0.011830204708167024 210.1427050961501 -0.005641008215462245 0.9994684129455392 0.03211028729921434 0.41300181482372517 -0.011654904646440957 -0.032174329698652505 0.9994143163403878 0.32929233947923775
0.9999198978729255 0.004255493826341512 0.011920092704851197 211.61964237624517 -0.004673223056432665 0.9993680103562634 0.0352383436447875 0.3865399761493773 -0.011762602775878457 -0.0352912262305701 0.9993078457247694 0.33400938938171004
0.9999071994604042 0.004124273579966167 0.012983945266720871 213.04698007857593 -0.004600275079146795 0.9993103315100701 0.03684696468408429 0.40558225646689466 -0.012823023685846922 -0.036903274985718645 0.9992365677650517 0.3339965836991245
0.9999121157345789 0.0033573094371378534 0.012825337443569989 214.49095287360245 -0.003825804368025718 0.9993197125285649 0.03668072208618643 0.39522594546841894 -0.012693463992769216 -0.03672656565988379 0.999244732458818 0.33927023945303064
0.9999211601486505 0.003170782863520942 0.012149881604741635 215.98779107546267 -0.0036315626995548312 0.99926762987173 0.03809219923940193 0.3937862373495324 -0.012020201301810186 -0.038133319112916106 0.9992003626571081 0.34617585030132947
0.9999263429061473 0.002918156868171926 0.011781049309399312 217.47715630324424 -0.0033615238908944267 0.9992800018790895 0.03779124239367838 0.3899447927248401 -0.011662286202486329 -0.037828061079303935 0.9992162072722358 0.3382442802901135
0.9999305582826411 0.002552191460446421 0.011504995928511555 218.86973003480472 -0.002997722947035104 0.9992395599054766 0.038875642464687235 0.3976241803986429 -0.011397028985602445 -0.0389074316636115 0.99917782175729 0.3418333489900008
0.9999390441038875 0.0019899555339407656 0.010860393803947484 220.42958151091955 -0.002421428680171307 0.9992022754493741 0.039861628415554705 0.3840894152675471 -0.010772407333123188 -0.03988549628330896 0.9991461867146787 0.34431192602467287
0.9999371282114592 0.0018812521887577548 0.011054434152055101 221.8712220138824 -0.0023240528461703487 0.9991897122649225 0.040181061239218115 0.4073906949151304 -0.010969886170240578 -0.040204226073186425 0.9991312635501244 0.3575180833060038
0.9999396518984708 0.0020348231571711973 0.010795927745409741 223.38192173509037 -0.002488710779777149 0.9991062088480338 0.04219703496649725 0.4197448700816252 -0.010700414936799836 -0.04222135639730456 0.9990509787714299 0.3680216260433894
0.9999417401395254 0.001321537197836899 0.010713069876213725 224.8858104540802 -0.0017324765651618214 0.9992593838814707 0.03844063279623277 0.3976067527921629 -0.01065433487783586 -0.03845695339283098 0.999203456701413 0.34277713320675557
