1.0 -2.1684043449710093e-19 -2.5135375298442207e-37 0.0 2.1684043449710093e-19 1.0 2.3183291766350204e-18 -8.673617379884035e-19 -2.51353752984422e-37 -2.3183291766350204e-18 1.0 0.0
0.9999994063044398 -0.00039038881404710824 0.0010173432762598145 1.3171470851580631 0.0003907175299222629 0.9999998715269266 -0.0003229333402099796 0.0007525396572463609 -0.001017217075994896 0.0003233306423378726 0.9999994303631958 0.018003060160551473
0.9999987127956479 -0.00031704944552501246 0.001572859401335783 2.61849391916996 0.00031864263212474177 0.9999994363750945 -0.0010127765629638732 0.00850271018428422 -0.0015725374145853228 0.0010132764393730774 0.9999982501969377 0.02507828175050911
0.999999647437485 -0.0005695091265268576 0.0006170771914484236 3.9466747862109792 0.0005710399826323398 0.9999967530945901 -0.002483488195142194 0.013916525026840543 -0.0006156608186643972 0.002483839695306038 0.9999967257457018 0.050472655088755404
0.9999993244797182 -0.0003326274818872968 0.0011137320439176491 5.251536203428821 0.0003357005594104767 0.9999961342598298 -0.002760212044585107 0.017766670363040485 -0.0011128096161370827 0.002760584060476065 0.999995570405391 0.06250336595951475
0.9999982233489205 -0.0004230724186877209 0.0018369291578322871 6.582656225584791 0.00042867773059768367 0.9999952503357866 -0.0030521371644799174 0.017266778134161758 -0.0018356291579832602 0.0030529191925197778 0.99999365505487 0.06627035915489386
0.9999952832233291 -0.00023635254789902303 0.0030622979226371462 7.913698022992648 0.00025006853251665056 0.9999899362777449 -0.004479375956598898 0.016527920444503606 -0.0030612083926010512 0.004480120612730528 0.9999852786528772 0.08999680624840746
0.999992315034248 -9.381635492456498e-05 0.003919320213633688 9.227722637670482 0.0001108069590755927 0.9999905972821199 -0.004335097365343273 0.023312095117750245 -0.003918876658338377 0.004335498338223005 0.9999829227841324 0.09952704181820618
0.9999966702956912 -0.00045062015583109796 0.0025409327039234604 10.573136091953781 0.0004602938041330858 0.9999926442673011 -0.0038078262703298282 0.021453245314710188 -0.0025391981302343705 0.003808983166974624 0.9999895220051505 0.11207208768288911
0.999999725592288 -0.0006475625823505743 -0.00035983058609299917 11.892490036681775 0.0006472631043271998 0.9999994446051147 -0.0008317691602193829 0.0317424828184336 0.0003603690088302433 0.0008315360269133242 0.9999995893409224 0.12095534243114979
0.9999992758541166 -0.000658397343978298 -0.0010073748954266253 13.227464214558111 0.0006609812654549008 0.9999964872490227 0.0025668255456761015 0.03157319052803887 0.0010056813656477482 -0.002567489542853116 0.9999961982939926 0.1399251132566487
0.9999995311449396 -0.00029277612941100434 -0.0009230341483256292 14.570861937801535 0.0002973339931818475 0.9999877457665968 0.004941650446621814 0.053459815405237456 0.0009215760399590725 -0.0049419225791331595 0.9999873639695775 0.14784216045909998
0.9999999891424158 0.00012191014209149112 -8.278336468964572e-05 15.913600689444996 -0.00012142579979514546 0.999983022890489 0.0058257348527902255 0.06786476432781667 8.349217543108869e-05 -0.005825724737500551 0.9999830268361256 0.1633382681396611
0.9999960720576286 0.0003224173192933681 0.0027842263532916567 17.264031642870812 -0.0003329887697710423 0.9999927348680482 0.003797279236598363 0.06336969239827894 -0.002782981816927744 -0.0037981914372125 0.9999889143155604 0.1830450805278493
0.9999873345589585 0.0005106412250285242 0.0050069918323116585 18.620778333867655 -0.0005096698813872988 0.9999998510528166 -0.0001952714941887795 0.05661209727470652 -0.005007090800209334 0.00019271710805590132 0.9999874458721143 0.19798483079714174
0.9999954989687438 0.0002714082174030259 0.0029880394630283093 19.969292894377833 -0.00026380784692036426 0.9999967299972838 -0.002543698126635525 0.049399052399496414 -0.0029887200727053104 0.0025428984091134966 0.9999923005803635 0.21686474324429814
0.9999997003220226 0.0003632733257535946 0.0006836580692602996 21.30781283183678 -0.00036067572237395804 0.9999927306513715 -0.003795860566032653 0.05126785238887548 -0.0006850320344033711 0.003795612849628849 0.9999925619994419 0.2150501814624776
0.9999996248441935 0.0007420976919576388 -0.0004467689426052345 22.66764162510586 -0.0007427846506968203 0.9999985392306605 -0.001539417911978215 0.05774787712770227 0.00044562589149942404 0.0015397491875696217 0.9999987152941769 0.2568834703940488
0.9999978871714251 0.0017240095969062097 0.0011195729522696532 24.03044521742023 -0.0017254008989470836 0.9999977390517669 0.0012429332614573004 0.06704164536760285 -0.0011174275921020983 -0.0012448623475306718 0.9999986008356773 0.2489974232630634
0.9999771880296138 0.0024212334968074655 0.006305636267713836 25.41966143644571 -0.0024328750462706363 0.9999953492246927 0.0018391976495698667 0.07806068095072001 -0.006301153814659997 -0.00185449651897413 0.9999784279189552 0.26367251285481713
0.9999721460817897 0.0025967483811862005 0.006997425128181126 26.789395584745723 -0.0025906998600266308 0.9999962627879218 -0.0008733180548874137 0.05827799893175272 -0.00699966676456471 0.0008551655012576157 0.9999751363694751 0.2644400344884317
0.9999799735998319 0.0024608727390749044 0.005830652162619277 28.16121291576243 -0.0024360517032940192 0.9999879577782704 -0.004260275876377227 0.06632941216522234 -0.005841065945378222 0.004245986788255637 0.9999739264324924 0.2869092683607447
0.999990618088112 0.0026057591713713802 0.0034603113872492862 29.519827568723333 -0.002589050653400918 0.9999850111229497 -0.00482434929793823 0.06195991352121566 -0.003472830613496348 0.004815345114860071 0.999982375794171 0.2875983191536386
0.9999943904800376 0.003158927278807953 0.0011136367923806388 30.911602626333362 -0.0031537578641873316 0.9999843845336936 -0.004613512772729917 0.06212342156229606 -0.0011281931537717351 0.004609974752346102 0.9999887375930744 0.3187700781262654
0.9999933194239302 0.003618354769156116 0.0005182820407822468 32.2889895508114 -0.0036173193913035025 0.9999914875328134 -0.0019849086458422613 0.06942014100193719 -0.0005254597325884038 0.0019830205938327753 0.9999978957584831 0.31266972919297287
0.9999905540120564 0.004206028637230405 -0.001095997154846931 33.670296666432506 -0.004206773477362492 0.9999909215207181 -0.0006781836440838611 0.06879496293925286 0.0010931347450311498 0.0006827878497316103 0.9999991694282457 0.3448085959256438
0.9999892236207262 0.004483697939773849 -0.001203783702426348 35.064442257659 -0.004484512498365525 0.9999897168293229 -0.0006748209114949208 0.0821949303388032 0.0012007456305824916 0.0006802120224276961 0.9999990477603141 0.3420186097582708
0.9999912853359004 0.004132240869939481 0.0005948425393228913 36.454482324249945 -0.004132017517706207 0.9999913924071498 -0.0003762218002803279 0.07577389232840749 -0.0005963920582597833 0.0003737606218409525 0.9999997523097245 0.37642500164470427
0.9999904556231602 0.003842681067033679 0.002079053823621518 37.85818843975488 -0.0038434606676576405 0.9999925450147561 0.00037111320008459696 0.08122371622460672 -0.00207761225463825 -0.00037910041963739764 0.9999977699026089 0.3756028113439186
0.9999928899409768 0.0030761848711802747 0.002181090124643951 39.2610634398976 -0.0030828208705183987 0.9999906098917366 0.003045709085423499 0.06712794964426809 -0.0021717004797609523 -0.0030524113404088683 0.9999929832264001 0.3906242493697554
0.999990895559392 0.003685477617921291 0.0021508261326826953 40.65711874336356 -0.0036992681072696904 0.9999723989257618 0.0064433533293892075 0.08398651735683964 -0.0021270199330911117 -0.006451251148778419 0.9999769283062583 0.41718779383047244
0.9999901166782679 0.003523866813173122 0.0027108870258935602 42.0770400521855 -0.003545579851866045 0.9999613373794973 0.008046900628265529 0.08194036547552165 -0.0026824260098244055 -0.008056432764577367 0.9999639485910538 0.425188508559105
0.9999904141904397 0.003403915164531923 0.002754067679909884 43.47034236943574 -0.00342717474250727 0.9999581256722223 0.008485362418917671 0.08922188288083913 -0.0027250689013628305 -0.008494719751041215 0.9999602060761388 0.42890843976076065
0.9999905285052862 0.003157416386903351 0.0029956003535075155 44.88558617345033 -0.003181165294585527 0.9999632859299377 0.007956568328763179 0.09221561137295087 -0.002970368173601505 -0.007966022468049339 0.9999638590463917 0.44615858067344183
0.9999944409703511 0.0023857137236728467 0.0023294631192121605 46.281819973251835 -0.0024035079387842257 0.9999677266685177 0.007666079244625138 0.08346429216262209 -0.0023110988692160725 -0.0076716355117634576 0.9999679019001517 0.46827726930373553
0.9999939890313353 0.0014746573592757902 0.0031380386980532247 47.717257577079884 -0.0014977793300592936 0.9999716550362892 0.0073787384465917845 0.09445341607147408 -0.0031270686395077673 -0.0073833941827250674 0.9999678529493167 0.48642497347861424
0.9999914668496662 0.0002755937710145323 0.004121926239786667 49.12333105854342 -0.00030686621504767995 0.9999711625304483 0.007588144742299275 0.09101226533420091 -0.004119716128439697 -0.007589344871423343 0.9999627141966062 0.5005482169883857
0.9999916760321839 -0.0004738660101225292 0.004052569228065254 50.54715594532661 0.00044063874277681475 0.9999663149096227 0.00819602852408455 0.10800172598077336 -0.004056316536240105 -0.008194174581597224 0.9999582000259232 0.5125828196066846
0.9999905369495395 -0.0015048084397821892 0.004081857779387819 51.98280907292893 0.001470900048331353 0.9999644940219397 0.008297418182425617 0.1160269745772062 -0.004094198873944375 -0.008291335658733683 0.9999572447302809 0.5230149655606278
0.9999816333350612 -0.002802415432092754 0.005373961321909832 53.40427913876812 0.002755563742865672 0.9999583057554661 0.008705953084925926 0.12039523990464798 -0.005398134955928632 -0.008690984892628425 0.9999476620906684 0.5348890250164687
0.9999738239687953 -0.0036442457853767007 0.006250667954745849 54.85066680868537 0.0036040388005439228 0.9999728218451615 0.006431677491064793 0.12463837279779133 -0.006273936686714046 -0.006408981485435868 0.9999597805285823 0.5358345066642796
0.9999701645370118 -0.003923261210659328 0.006654175929034741 56.24586720352102 0.003886717210760099 0.9999773436776952 0.005495958571919921 0.13331078187788994 -0.0066755872509608235 -0.005469931697344559 0.9999627574975386 0.5578363328718761
0.9999713150926288 -0.004175110075637474 0.006319608197900557 57.66843260995691 0.0041538468647151884 0.9999856806198194 0.003374034905114779 0.14889095111681247 -0.006333604672156077 -0.0033476874365369804 0.9999743388910958 0.56646456650814
0.999968192730953 -0.004401710991471298 0.006651200398356802 59.125418512059646 0.004390236799838673 0.9999888512264905 0.0017387477002881026 0.15443293446650713 -0.006658779710493748 -0.0017094920507202268 0.9999763688656326 0.5769689976276527
0.9999643041364147 -0.003923371673333317 0.0074831549288339365 60.52288686409318 0.003911262227264595 0.9999910189742807 0.0016321760227984371 0.1651293056958363 -0.007489491355600801 -0.001602849179651863 0.9999706687667103 0.5965981020999552
0.9999581145798525 -0.0031670781912154417 0.008587124177347395 61.96824921458236 0.0031670512645631055 0.9999949847405554 1.6733915034062725e-05 0.1872983934533766 -0.008587134108309122 1.0462648357827676e-05 0.9999631298294647 0.6062402936538557
0.9999628074844874 -0.0030473406043138597 0.008068293684740081 63.37397431624638 0.0030627111679796246 0.9999935174205683 -0.0018933877418908568 0.17766357140952985 -0.008062471584039818 0.0019180281752126881 0.9999656582702605 0.618693024420675
0.9999719956196607 -0.0024441016196166438 0.0070734958617567996 64.7908919231697 0.002468082523537727 0.999991230186853 -0.0033835067669011763 0.18219165024089673 -0.007065164194150827 0.0034008699854075138 0.9999692582965999 0.6257662003520147
0.9999743257128765 -0.0018193601424161708 0.006930933829603322 66.24357958042519 0.0018429392223000979 0.999992531479968 -0.0033971398717276393 0.19386681327855743 -0.006924701444904341 0.0034098259423849158 0.9999702103547593 0.6311492374449739
0.9999758902667165 -0.0011829910849780988 0.00684247158418374 67.62227744985232 0.0011975343925930892 0.9999970320607334 -0.0021217401120727643 0.1994454975881545 -0.006839941276506421 0.0021298830525369665 0.9999743390715166 0.6391323395198676
0.9999648721990368 -0.0004047645741345173 0.00837200893474599 69.07585997353046 0.00039550054010230773 0.9999993077640488 0.0011081745105847288 0.22537434750477292 -0.008372451689124264 -0.0011048244487956553 0.9999643400720101 0.6557163727389708
0.999955726794088 0.0002918752361547812 0.00940527833473846 70.45053754942185 -0.0003306246754363507 0.9999914635617155 0.004118675882147797 0.23060398185894565 -0.00940399590766466 -0.004121603152259193 0.9999472872348941 0.6625950176233384
0.9999490717902575 0.0009211329359380486 0.010050141288396673 71.87871755141835 -0.0009929963556569777 0.9999739608091198 0.007147843168288417 0.24209016152237603 -0.010043295477086062 -0.0071574588951055515 0.9999239486071552 0.6652365842350765
0.9999480659422195 0.0015894330712597003 0.010066733379135922 73.2729498429778 -0.0017099008971107517 0.9999268992615946 0.011969643771429624 0.25765160877717613 -0.010046972545831069 -0.011986235255694346 0.9998776867732666 0.6781064930702018
0.9999530750361691 0.002071647321209654 0.009463403356412435 74.67167008431198 -0.00221769321076737 0.9998782074680763 0.015448367785935512 0.25957538468243135 -0.009430247214816246 -0.01546862979721018 0.999835882497555 0.681551739872894
0.9999472839944199 0.0030850821298242844 0.00979344170531067 76.07543015458391 -0.003253855576875591 0.9998456642660583 0.017264416359945255 0.27320523741117464 -0.00973866808490335 -0.017295372693785716 0.9998029948081347 0.6918436352767809
0.9999446521425246 0.0032958293965724044 0.009991504398950782 77.46968876314821 -0.0034663177298075287 0.9998478730477834 0.017094309088680534 0.26745093383989815 -0.009933644495429945 -0.017127996684142985 0.9998039580020808 0.6927183206536424
0.9999398286911667 0.0032734476292321 0.010470125963854148 78.86982700670336 -0.003444826135789584 0.9998597013647232 0.01639239945037323 0.2697599709654811 -0.010414997358351994 -0.016427480861808678 0.9998108149557897 0.7126365018487759
0.9999495647046612 0.0035014191334774335 0.009413188142725279 80.26298385033247 -0.0036437758216991195 0.9998786119128944 0.015148740439543892 0.2799728352340607 -0.009359003404199966 -0.01518227595570538 0.9998409411261798 0.716011469713601
0.9999491218389345 0.0031487766674670415 0.009583263485999815 81.65777398861417 -0.0032886568804740466 0.9998877764915299 0.014615716155794531 0.2757135936740178 -0.009536166392539137 -0.014646488600434498 0.9998472592862429 0.7286381757602391
0.9999457284108021 0.0030438923659137063 0.00996368166167546 83.02766604954128 -0.003187312621468376 0.9998910874425853 0.014410214819263422 0.2892278568478565 -0.009918733348744888 -0.014441190122321047 0.9998465236008013 0.733857185009156
0.999951166254746 0.0025254369215351262 0.009554437405148273 84.39959715728247 -0.0026604067607477393 0.9998964835909493 0.014140167549288674 0.29128912788411815 -0.009517738262891927 -0.014164895721816518 0.9998543735902491 0.7383448474671229
0.9999523031910371 0.0018101051587774677 0.009597648787817627 85.79140428243403 -0.0019480183307899134 0.9998947098819269 0.014379651411639167 0.29299843223453326 -0.009570609569041905 -0.014397661943923985 0.9998505442129966 0.7391349984829048
0.999948846247628 0.0006384505190259121 0.010094417713377131 87.17180463067389 -0.0007787731294563117 0.9999030426156165 0.013903196770724059 0.2971675711851336 -0.01008456248184438 -0.013910346831311957 0.9998523910310873 0.7426091824584689
0.9999350443945217 -0.0002913279451770283 0.011393951015960338 88.55232961875114 0.00015364571825991183 0.999926988391446 0.012082809251420802 0.30454913196501926 -0.01139663918526006 -0.012080273773442335 0.9998620822897725 0.7547372320561758
0.9999228872932691 -0.0016294541868802591 0.012311147231078894 89.92632577666387 0.0015112948350530686 0.9999527675866455 0.009600967853792363 0.3011106674918764 -0.012326210083151472 -0.009581621723950013 0.9998781211078304 0.7651040167702309
0.9999178894050167 -0.002368425298791718 0.01259384807836668 91.30441552363244 0.0022652735812852586 0.999963825014476 0.008198609517490045 0.3085008029078846 -0.012612810290290892 -0.008169407813445884 0.9998870825211008 0.7694818531331197
0.9999207527795588 -0.0029117018669882005 0.012247863201317589 92.67160449630248 0.0028311020470543373 0.9999742587786098 0.006592923582850747 0.31258739616398545 -0.01226674455426446 -0.006557726161400934 0.9999032569232048 0.7766547909403837
0.9999262330433678 -0.0029578349693013452 0.011780478937407642 94.02656172670855 0.0028933776013150697 0.9999807723148356 0.005484830597301031 0.322112381073354 -0.011796475649808938 -0.005450340624149966 0.9999155649100199 0.7818266687530696
0.9999304423167502 -0.003287025723782195 0.011327223407324265 95.3795498954911 0.0032307961596527972 0.9999823864160036 0.0049788366039611835 0.3362946554164776 -0.011343389458315067 -0.004941894337737821 0.9999234496679992 0.7786927730519367
0.9999372231290821 -0.003281500803679422 0.010713615327033068 96.73517759726509 0.0032225492636366706 0.9999795990944673 0.005515122039607807 0.3569421146673753 -0.010731494636984232 -0.005480250664320414 0.9999273983022531 0.7867954388754798
0.999944835099444 -0.0033814661628372 0.009944468036823797 98.08550847253937 0.003325632311011285 0.9999786453203359 0.0056257508866008 0.36365745550371453 -0.009963278962158031 -0.005592368898393508 0.9999347271109383 0.7870615480026794
0.9999440475636202 -0.0029798397109922483 0.010149990018779174 99.4358936023628 0.0029037072203245274 0.9999676043798984 0.0075072415110764715 0.3766275354906655 -0.010172031579933205 -0.007477348863319684 0.9999203063382167 0.7924201132496281
0.9999265775743869 -0.002624067696230005 0.011830204102178617 100.78479105751293 0.002528639497577509 0.9999642056586641 0.008074241990931588 0.38751220455610996 -0.011850968005394858 -0.008043734839142455 0.9998974211823795 0.8030819879007611
0.9999045980170721 -0.0026720935179271625 0.013551929034231632 102.09747261014338 0.0025498988040695177 0.9999560132157588 0.009026053940350188 0.3993118654134524 -0.013575451388679624 -0.008990636789269042 0.9998674289973232 0.8119385294321587
0.9999202344721152 -0.0025721272843078078 0.012365631988031664 103.45344488827118 0.002471053521326038 0.9999634728483824 0.008182106299537506 0.40625327789333554 -0.01238622572557334 -0.008150897511041868 0.9998900660982885 0.8169194361652761
0.999948217264925 -0.0024825823008988316 0.009869122241489612 104.78467508006878 0.002398311310736831 0.9999606443456384 0.00854153749113456 0.41815724667131604 -0.009889938905523778 -0.008517425959462716 0.9999148176537189 0.8129038664587964
0.9999606123550345 -0.0026288156939268175 0.008477208655661402 106.1079249658211 0.0025596612781097552 0.9999634449247743 0.008158244193397677 0.425279150620231 -0.008498345291031781 -0.008136224076629494 0.9999307875973662 0.817808309014869
0.9999486033584568 -0.0022258302078503123 0.009891224461994851 107.45601339659656 0.002167378877307792 0.9999801502769718 0.005916208316723421 0.4419526110858346 -0.009904196599116172 -0.005894466212515634 0.9999335788730147 0.8249978823944937
0.9999242370144477 -0.0017020534549203397 0.012191113366358693 108.78416730329572 0.001662037800158745 0.9999932010084022 0.003291742292466529 0.4490477192108119 -0.01219663320042295 -0.0032712308090018746 0.9999202674151417 0.8311347017246961
0.9999153375848824 -0.0007665994081301691 0.012989610766229547 110.1325643762812 0.0007437893122034715 0.9999981732383987 0.0017607661186666915 0.4620202483634047 -0.012990936839571808 -0.0017509555142970232 0.9999140811663856 0.8378338526595444
0.9999284247599788 -0.0004557516959375988 0.011955653366463046 111.45344311247632 0.0004468916777871953 0.999999623573272 0.0007437345914801728 0.4618680010919706 -0.011955987824336963 -0.0007383384765062948 0.9999282520318337 0.8461604867886179
0.9999544618429708 0.0003671870582240342 0.009536215916126587 112.78232554194949 -0.00038931444669672424 0.9999972362592625 0.002318600461082526 0.47444199874615706 -0.009535338200415678 -0.0023222074629136087 0.9999518411793155 0.8478974000407262
0.9999717801799239 0.001281065571769827 0.007402547858322016 114.13317875622391 -0.0013200953092542221 0.9999852421414862 0.005269995029195605 0.4805799949717988 -0.00739568740337278 -0.00527961837958838 0.9999587138665263 0.8549950797455602
0.9999705460818132 0.002673433829508027 0.007194422867706207 115.43990574820707 -0.002732121836285141 0.9999629742351843 0.008160004227692995 0.4904637215287491 -0.007172341257345879 -0.008179419923412399 0.9999408255544948 0.8568252028966444
0.9999465170086902 0.0041927351950981654 0.009454316145182511 116.79460958715181 -0.004280393011222696 0.9999478654613414 0.009270630775562186 0.4954767854436422 -0.009414953948838487 -0.009310603143250709 0.9999123318127696 0.8629491859988633
0.9999164265935625 0.005157904949457461 0.011854781520259114 118.1054262836467 -0.005262951128332836 0.9999470142813932 0.008847031996556454 0.4932360036447895 -0.011808521236018287 -0.008908683755733827 0.9998905911048263 0.8647379920700673
0.9999016102276171 0.006200817983001756 0.012582516463734213 119.47139413188374 -0.006301211954276731 0.9999485054134428 0.007954951246191506 0.4916906053365753 -0.012532541327509776 -0.008033453663505241 0.9998891933760014 0.8662455393745431
0.9999012845669495 0.007084674263603312 0.01213377566724375 120.80246058442907 -0.007185003266739613 0.9999401957604603 0.008245036724566578 0.4864612198106045 -0.012074636616532223 -0.008331404030002825 0.9998923896387388 0.8682944507666245
0.9998926570676322 0.008401466732385867 0.01200373687545657 122.12084291247875 -0.008524666489035203 0.9999111358260939 0.010249415213630025 0.4849126286062213 -0.011916560052351624 -0.01035064286483134 0.9998754221345795 0.8788998472285463
0.9998861821036367 0.009428318965443269 0.011778354711035166 123.48040671959387 -0.009572813638239723 0.9998788689481848 0.012272272403511343 0.49146737303696364 -0.011661221087889256 -0.012383627593896602 0.9998553203790811 0.8822752064286496
0.9998849909603225 0.010687704476218288 0.010760010469550468 124.81760832756527 -0.010831932767600248 0.9998510568792152 0.013436267712224585 0.4949692562861124 -0.010614804981439846 -0.013551274129962999 0.9998518334656693 0.8845511986547813
0.9998776173458449 0.011591164511431154 0.010506913726937099 126.15392630174308 -0.011740971136550177 0.9998286697345323 0.014310163299078136 0.47289941741051894 -0.010339242117633958 -0.01443177335411439 0.9998423995761975 0.8810772084463019
0.9998699756083321 0.012500449316624423 0.010186787711327132 127.49908739690098 -0.012644473434585803 0.9998192401196777 0.014198745651359984 0.4727752400784397 -0.010007455648425099 -0.014325706034693863 0.999847300830508 0.8956853103911814
0.9998457578443006 0.013526694430739353 0.011202189899014725 128.82204752239554 -0.01367226387131722 0.9998217359477372 0.013021732875715793 0.4701291766466039 -0.011024051949680588 -0.013172883671802034 0.9998524618234332 0.8961170002934725
0.9998199483716189 0.014341274233923555 0.012425727001696913 130.19041575695965 -0.014496300445613775 0.9998170703472267 0.012477304022875295 0.45881218191626255 -0.012244513529078946 -0.012655184535839947 0.9998449470756954 0.9009010683853885
0.9998097214582027 0.014667855538896352 0.012859816933427732 131.52304960719363 -0.014807461175529604 0.9998317239694996 0.010828796688163334 0.44100238414823284 -0.012698817708999154 -0.01101715744048624 0.9998586711484404 0.9042662892884848
0.9998101909039608 0.014582698173162583 0.012920026260655124 132.8734976038336 -0.014704680006413753 0.9998477214142496 0.009397146835186368 0.41453569883089764 -0.01278102306134188 -0.009585348023077629 0.9998723751323376 0.9073753313238576
0.9997986564193886 0.014616285795557038 0.013748120290713763 134.21659075589685 -0.014710392009358848 0.9998688840189289 0.006768983503658153 0.4079585499016065 -0.013647380294999083 -0.006969860851150646 0.999882578131452 0.9004518515980199
0.9998103013716565 0.013917849787861501 0.013625517546133928 135.54620163117548 -0.01399890726504482 0.9998847699235054 0.005871751902387483 0.39749191629360886 -0.013542225315735791 -0.006061380395672196 0.9998899278426585 0.9083116754685953
0.9998279186996566 0.012883093421007595 0.013347617488467271 136.902835047501 -0.012952311829743398 0.999903045688816 0.005112420218904385 0.38277556988271116 -0.013280459592120136 -0.005284422970879978 0.9998978469158171 0.9047418923325268
0.9998146437404977 0.012150862941256411 0.01493434604676218 138.23551218505142 -0.012211540364402775 0.9999175215547823 0.003978488364944942 0.38541232055796176 -0.01488477221828407 -0.004160122296789138 0.9998805613364457 0.9231000728846233
0.9998296305700772 0.01065614102671716 0.015071711665292234 139.58957077467616 -0.010699953776906742 0.9999387511331259 0.0028293058329760847 0.34790300653334927 -0.015040639058066975 -0.002990090423911736 0.9998824123545638 0.920693399382686
0.9998410450817615 0.009421481956815764 0.015136718519825367 140.93043552911016 -0.009445391151855491 0.999954252955276 0.001508834863248899 0.3466482839044474 -0.01512181059924635 -0.0016515672537018614 0.9998842948910674 0.9208734605549705
0.9998595879169291 0.007988783460049545 0.014730369629341407 142.2624066780959 -0.008009543316173484 0.9999670106435035 0.0013508665966108521 0.33865841641557115 -0.01471909190320264 -0.0014686604522275277 0.9998905896997037 0.9185618078587441
0.999875924059988 0.00694008779671561 0.014141133849831348 143.61202496371212 -0.006962040559113229 0.9999746340149954 0.0015037678774309018 0.32606901881674194 -0.014130338864946914 -0.0016020324434323247 0.9998988783950166 0.9135756633518886
0.9999077267597111 0.006269295926206977 0.012051302619077267 144.95855509925758 -0.006258582449038679 0.9999799856738174 -0.0009264974476044099 0.338517491271074 -0.012056869907049633 0.0008509878856229891 0.9999269511857668 0.9120456367725398
0.9999293696126677 0.0050740633909100805 0.010747542357125849 146.27860864456449 -0.00501934001253554 0.9999743335497357 -0.005112579349053504 0.3388815921760718 -0.010773208057572634 0.0050582726762042705 0.9999291734246388 0.9228441373888919
0.9998919950439715 0.004218713454307204 0.01407837717127625 147.66391577894922 -0.004015052012848482 0.9998873397953846 -0.014463300945600832 0.3271838556541802 -0.014137807620716383 0.014405213420819005 0.999796285361163 0.9149141321504982
0.9998743704419225 0.002648560357617775 0.01562781051206561 148.97577032526456 -0.002327219529881558 0.9997862290202407 -0.020544593224164246 0.3030262570683046 -0.015678883334877863 0.020505642870163644 0.9996667900995073 0.9324496092628405
0.9999200248318906 0.0014310965908654705 0.012565663641005616 150.30197344317784 -0.0011247589753128672 0.9997028071129643 -0.02435225590590305 0.29681328974945387 -0.012596779645557448 0.024336174987182147 0.9996244653516412 0.9239157074621668
0.9999580329838906 0.001863835276521623 0.008969860035154986 151.67618388729866 -0.0016478881998336044 0.9997100669558063 -0.02402220830186309 0.3000570293830947 -0.009012032815581964 0.024006418834954215 0.9996711834994804 0.9187478545419089
0.9999721638357446 0.0025114312432342406 0.007025970877326386 152.99881057349012 -0.002371003022148652 0.99979867703458 -0.019924450922731037 0.3096546907904948 -0.007074595276586044 0.019907237704258788 0.9997768010854515 0.9311541917257518
0.9999685347503345 0.0034141631050740185 0.007160516710473121 154.3533128521814 -0.0032681212726627788 0.9997884114581 -0.02030890684985236 0.3110785737566467 -0.007228339547654252 0.02028486638804314 0.9997681107651929 0.9410598097422471
0.9999365259792632 0.004032318344481882 0.010520666390066897 155.70312275861312 -0.0037948342684372438 0.9997397253314124 -0.022496240289150676 0.3110479099031391 -0.010608640129508715 0.022454888176984242 0.9996915698111902 0.9459499089729781
0.9998955848656933 0.004691752698586311 0.013667729244771753 157.04400201302107 -0.004303212656105342 0.999589658122458 -0.028319564535211048 0.30097095239953175 -0.013794989196422582 0.02825779239861027 0.9995054754436454 0.952436214354785
0.9998760444211383 0.004947538493473616 0.014947162125081214 158.38682786777838 -0.0044572391665955455 0.9994566050095847 -0.03265926701147605 0.2940014810017094 -0.01510062289276943 0.03258859563667507 0.999354769149915 0.9429237455055655
0.9998714656468447 0.004587504428473019 0.015362518945456831 159.73831950978553 -0.004066002514399295 0.9994201011925101 -0.03380723230177078 0.27344297620625535 -0.015508701066939109 0.03374042287037516 0.9993102941808137 0.9538121849117035
0.9998623074113197 0.005647555540183139 0.015603568006468779 161.08593510143396 -0.005132914606271171 0.9994478449548965 -0.03282770784958999 0.276337869269552 -0.015780348721009856 0.03274309593538539 0.9993392168141955 0.9384479329752787
0.999860399425035 0.006664503606682292 0.01532207731627297 162.44218586780255 -0.00622005543011374 0.9995637079073916 -0.0288739457794204 0.26950568059887964 -0.015507822930883644 0.028774610789776382 0.9994656218209015 0.9451461125892329
0.9998839855530509 0.007724992110825759 0.013127830416108889 163.78232721442347 -0.007383145278926013 0.9996374865947375 -0.025891785576633967 0.27389600727178454 -0.013323085240915725 0.025791857076290534 0.9995785489436133 0.935211480799691
0.999890138830879 0.008281161082451888 0.012293601583429122 165.13947833509744 -0.007998305204389825 0.9997061789000543 -0.02288193573345543 0.26754127117708976 -0.012479478459576643 0.022781093919718564 0.999662585264247 0.9412875200893437
0.9998626343355301 0.008918037638947728 0.01397072168087165 166.49310866246125 -0.00862612646143343 0.9997460842697913 -0.02081722674831836 0.2641303847832459 -0.014152823106554519 0.020693853964156968 0.9996856816050858 0.9381167113798938
0.9998704422411238 0.008152252965513944 0.01387946339473598 167.81585880862656 -0.0078646099924268 0.9997557439856802 -0.020654304086701134 0.24276015808857396 -0.014044452364067721 0.02054247159484875 0.9996903321621992 0.9297527236636195
0.9998994809559265 0.007859433329081157 0.011800732681256481 169.21400147003848 -0.00764087996099543 0.9998005400183514 -0.018452564386410103 0.25197903634227714 -0.011943405606878005 0.018360541570408 0.9997600940104335 0.9309375490034005
0.9999291325282315 0.00742638148863785 0.009304771857694932 170.5863616819896 -0.007282437193298454 0.99985474650196 -0.015409477798643725 0.24603855159049845 -0.009417856967707562 0.015340624351259227 0.9998379714807041 0.9354865950416343
0.9999414270530587 0.007275199275419244 0.008013360006611644 171.93799976423497 -0.0071892577861442115 0.9999168888246008 -0.010701869734554255 0.24675609757960426 -0.008090552241781056 0.010643632783685412 0.9999106240287625 0.9255315861220441
0.9999329847840965 0.00730427372422641 0.008981844249891933 173.30749176373948 -0.00726232107103274 0.9999626089818886 -0.004694606564526105 0.2485357258239948 -0.009015799100965761 0.004629062917700879 0.9999486422527284 0.9390231824193677
0.999901075690507 0.008304906538821273 0.011351976054785573 174.67597445381816 -0.008300077078850197 0.999965442146194 -0.0004724762977753222 0.26377467722697295 -0.011355507626351496 0.00037820728213183095 0.9999354526197177 0.9504134871843287
0.9998734247226767 0.008451375188208113 0.01347994031047699 176.06029934378554 -0.008436771668350445 0.9999637601545359 -0.0011398514894445449 0.2594089765301499 -0.013489085112119405 0.0010259800339236737 0.9999084917870275 0.9454051290071065
0.9998591339676313 0.007616693851585757 0.014956543593678977 177.4411577941151 -0.00756975724356031 0.9999662534033714 -0.0031923078952190444 0.25221565509616595 -0.014980353693153248 0.003078640803264869 0.999883048648207 0.9484108011997985
0.9998742727019833 0.006179676096022042 0.014603095289299175 178.86093428876896 -0.006099879159024807 0.9999662557372052 -0.005502623116267633 0.24164951409213709 -0.014636606947151132 0.005412854169718771 0.999878227959191 0.9331293973157746
0.9999304595272576 0.004147574927295178 0.011039643645961208 180.19713608040044 -0.004080058312813135 0.9999728795010693 -0.006131344591844251 0.2395396452247988 -0.011064774456417254 0.006085875825414589 0.9999202632618593 0.9413521944313586
0.9999752495193271 0.0026290468339574065 0.006525983566041292 181.61625390972705 -0.002593596727476924 0.9999818685914839 -0.005434679778931599 0.23949843354306127 -0.006540153268433659 0.005417619498374315 0.999963937246837 0.9383273202021208
0.9999755747775386 0.0022238741841129504 0.006626026859617177 183.0113995502273 -0.0022188991964116112 0.9999972508953028 -0.00075808191715588 0.2686425923712477 -0.006627694522780619 0.0007433609151622033 0.999977760292629 0.9511378051708442
0.9999701512027613 0.0018063138238670598 0.007512252251898123 184.34186049990342 -0.0018225311502394115 0.9999960225576365 0.0021524983422416843 0.27709907608630724 -0.007508334284836328 -0.0021661254064926513 0.9999694659423309 0.9488898255827086
0.9999424539611322 0.0022517982908959087 0.010488954697494739 185.79173191885025 -0.0023010743751758957 0.9999863628001086 0.004688205470055938 0.2759408340570959 -0.010478254764458038 -0.004712071547278524 0.9999339991013529 0.9472630352747453
0.9999087298274282 0.002873799748526617 0.013201260921011591 187.16036576831235 -0.0029487903083871875 0.9999796081935881 0.005664612318158307 0.2840717180708134 -0.013184712761999074 -0.005703023058276847 0.9998968141150268 0.9644433394653428
0.9999049478962639 0.0029988447928595667 0.013457418120795313 188.61403690772985 -0.003054691798853018 0.9999868006440945 0.004131270458597181 0.2850358403925456 -0.013444851452641309 -0.004171986037416319 0.9999009103415798 0.9428081607811702
0.9998937458562517 0.002573134131345327 0.014348378943132926 190.00889329801865 -0.0025987511806006528 0.9999950620843484 0.0017670028923546996 0.2828348181197846 -0.014343761356595463 -0.0018041030076935438 0.9998954954006357 0.9392015252861853
0.9998817086087677 0.003155004208351621 0.015053728377273475 191.3840206600867 -0.003151314087479171 0.9999949984585308 -0.00026884464859840086 0.29297397675291403 -0.01505450129142445 0.00022137382028650593 0.9998866500681456 0.9456217086342518
0.9998786913507703 0.0036071812467606806 0.015152254819788557 192.83716213027802 -0.0035723976913564276 0.9999909230060805 -0.0023220422438057654 0.2878065874433619 -0.015160493310099733 0.002267630679860658 0.999882501743927 0.9424281559994785
0.9998644478153456 0.00375521382003627 0.016030731863516074 194.20660535937245 -0.003680911514578018 0.9999823582430507 -0.004661983814734919 0.2766416917396295 -0.0160479557992907 0.004602344167140479 0.9998606310595649 0.9387833601798204
0.9998367934347818 0.004333521593877568 0.017538730987410694 195.65037705335277 -0.0041611195505089175 0.9999427865534283 -0.009854374858467936 0.27094104189596113 -0.017580431682405747 0.009779785803392083 0.9997976216272471 0.9281937775675299
0.9998275232187518 0.004228600601879404 0.018084323354942113 197.04976389004094 -0.0039935721775206596 0.9999073565092848 -0.013012677659775188 0.25517930353377327 -0.018137673376683473 0.012938212224417427 0.9997517829286011 0.9347580880996386
0.9998951140680777 0.004746943809702819 0.01368310590668387 198.48649078074342 -0.00458310091393816 0.9999177257444916 -0.01198068979552004 0.26314600486528006 -0.013738851800593166 0.011916722134519329 0.9998346041644939 0.9230108319565635
0.9999462309001885 0.004860255062803762 0.009160416433293173 199.91708112486947 -0.004814758573863635 0.9999759977718122 -0.004982166209989419 0.26656805849329496 -0.009184411161433478 0.004937793129834837 0.9999456309173137 0.9331461932073875
0.9999502875135468 0.005740779659226107 0.008152665237774968 201.35156738208272 -0.005774124106044392 0.9999750373168048 0.004072374499320449 0.2835630804885527 -0.008129083120684992 -0.004119246552336266 0.9999584740455265 0.9323915647147578
0.9999004952962639 0.0071271074539890995 0.012173900181352545 202.7748214529366 -0.007267553108111771 0.9999070980518691 0.011531606016107527 0.28808637244754737 -0.01209058220711548 -0.011618933033168122 0.9998593992242428 0.9337753435453473
0.9998542176796342 0.00788543793692036 0.015144743536599338 204.23660629053276 -0.008096534485340586 0.9998702167152778 0.013928239482114363 0.2915657564648952 -0.015032947734030107 -0.014048828929359767 0.9997882980352087 0.9336058285884667
0.9998541300833755 0.007602830284672821 0.01529429720120469 205.69582876183918 -0.007783490552373267 0.9999002296181656 0.011787624203408727 0.28948802523644357 -0.01520315197705502 -0.01190494776141974 0.9998135508127305 0.922141630084438
0.9998596544233995 0.006281495142576598 0.015531074499015706 207.12054388083067 -0.006429614536659597 0.9999341505767088 0.009505501951293568 0.2781523609213297 -0.015470343022382047 -0.00960402671851015 0.9998342018342642 0.9280984005864953
0.999871412950364 0.0052711119502141905 0.015145063335982955 208.57071525458616 -0.005372889327899132 0.9999632049817981 0.006687356936815637 0.27192424412310773 -0.015109256266036845 -0.00676786977848553 0.9998629437646686 0.9210525295413794
0.9998821340287399 0.004642953837540019 0.014634241688435867 210.04108405049902 -0.0047639196641752635 0.9999546866256399 0.008241951519613672 0.2658332729023293 -0.014595311561126952 -0.008310696425742567 0.9998589446543712 0.9157292317064135
0.9998819638509652 0.004255292858874967 0.014763158477185342 211.48334839119795 -0.0043861502056094384 0.9999512825367777 0.008842750670881798 0.2708162133548292 -0.014724810759772567 -0.008906460337235885 0.9998519164918124 0.9199409656505009
0.9998650933196415 0.004505562580132932 0.015795412838581664 212.94406505772454 -0.00466133735266608 0.9999407300637718 0.009839120571262025 0.27526498956895307 -0.01575014587200273 -0.009911420956033371 0.999826833326473 0.9106131146284857
0.9998656269472144 0.004241673590538728 0.015834653599158727 214.39744134297942 -0.004384486668592791 0.9999499298310394 0.008995226931672684 0.27992043846066755 -0.015795705938860607 -0.009063445043176672 0.9998341610676454 0.9127443247308062
0.999886018781695 0.0038941349475638434 0.01458715729338617 215.85513314365252 -0.004021340960546542 0.9999540574416498 0.008701254097012839 0.2759844138922707 -0.014552603264394243 -0.008758922250591909 0.9998557411043042 0.905720868345388
0.9998896073638598 0.003581347786084119 0.014420368711708952 217.33068172548911 -0.003709527762191516 0.9999537633331114 0.008871899443154266 0.273109823610272 -0.014387928604495314 -0.008924412808864286 0.9998566609101971 0.9025049707105846
0.9998851032453441 0.002897839656483126 0.014878939255640067 218.81617863306934 -0.0030244565732125256 0.9999593483422499 0.008494370216785539 0.2647291668600407 -0.014853719079222711 -0.008538394946848934 0.9998532206485345 0.9053402847700028
0.9998884896907859 0.0027150925433732844 0.014684565242454586 220.2945832612213 -0.0028597768303429694 0.9999474887230638 0.009840806517697597 0.2780564379885853 -0.014657075436785473 -0.009881703745763925 0.9998437488281463 0.9046483680358031
0.9998940859344051 0.002880297682885477 0.01426607159166342 221.7855237013478 -0.0030006423341444742 0.9999600363094429 0.008421515873052942 0.27757616416457825 -0.01424124499413733 -0.008463431294428236 0.9998627692197272 0.8951984456800134
0.9998934097706037 0.0023514627701902223 0.014409709232184159 223.26902192981808 -0.002496052107148798 0.999946639092459 0.010024404799003798 0.2763046308102293 -0.014385368302343951 -0.010059303680489105 0.9998459239244163 0.8951861463380831
0.9998966468643637 0.0019604760055050973 0.014242616446201868 224.7584821239107 -0.0021025660260815876 0.9999481049134988 0.009968284506781224 0.27944187773004353 -0.0142223347417978 -0.00999720029478283 0.9998488791716267 0.8945488798560073
