1.0 -2.1684043449710093e-19 -2.5135375298442207e-37 0.0 2.1684043449710093e-19 1.0 2.3183291766350204e-18 -8.673617379884035e-19 -2.51353752984422e-37 -2.3183291766350204e-18 1.0 0.0
0.9999991026986411 -0.00021369547900763092 0.0013224734987388111 1.3108280526873803 0.00021489548040893325 0.9999995652986385 -0.0009073160786629824 -0.003942406356058893 -0.0013222790345137395 0.0009075994581048717 0.9999987139198623 0.010135860520850082
0.999998923460459 -0.0003029038424342008 0.0014357322818489596 2.616325228815178 0.0003045559171121959 0.9999992916761632 -0.0011506054341777043 0.008819108605443418 -0.001435382742078423 0.0011510414562672844 0.9999983073885423 0.018790744530320216
0.9999988387462103 -0.0009067093278158125 0.001224901802506262 3.942823361156031 0.0009090532943582247 0.9999977543526053 -0.0019143959503292029 0.0052628746554161145 -0.001223163251143424 0.001915507228248484 0.9999974173485247 0.047106796056600134
0.999999328918531 -0.0003307815476933969 0.0011102909777277864 5.257877637346452 0.0003337447614553649 0.999996380547706 -0.002669738923881968 0.01567087790069391 -0.0011094038587093813 0.0026701076860671568 0.9999958198652747 0.05301871860116989
0.99999876438364 -0.0006562799712872397 0.0014284704381277128 6.581096377583034 0.0006602308168756207 0.9999959536865033 -0.002767075331337247 0.010251313748035212 -0.0014266486819694995 0.0027680150324979457 0.9999951513714045 0.059180762564492485
0.999997048206563 -0.0004720880455721631 0.0023834242254153343 7.918673434092362 0.0004815422310965765 0.9999920130006829 -0.003967625476520365 0.01352567794144807 -0.0023815321204509 0.003968761484328678 0.9999892885611524 0.08888581378179868
0.9999966879337463 -0.0002939081918252744 0.002556900371967369 9.23553836005821 0.000304468474948694 0.9999914222594766 -0.004130702896233276 0.02984004179774018 -0.002555664392120235 0.004131467710628458 0.9999881997074119 0.0981827636917504
0.9999978738143722 -0.0008769214815147195 0.001866380306899161 10.569697197234383 0.0008840651117853873 0.9999922741415668 -0.003830154834430894 0.025447541302060537 -0.0018630071424572874 0.003831796692525386 0.9999909232280533 0.11162006496313799
0.999999625406769 -0.0006830513016826741 -0.0005316269752453673 11.88611204109423 0.0006823308435249262 0.9999988502848923 -0.0013541984763472449 0.046001690800549486 0.000532551351057808 0.0013538352235912027 0.999998941759063 0.12096008239359798
0.9999984537886534 -0.0008321000878581057 -0.001549202939011169 13.229205778736373 0.0008355389919598907 0.9999971856965422 0.0022204669752726577 0.03950073327955425 0.0015473509283187704 -0.0022217579614234287 0.9999963347416158 0.14650373062101982
0.9999987342017644 -0.000594460483565717 -0.0014758765539000063 14.567637574895981 0.0006016524777868243 0.9999879245155402 0.004877380177747227 0.06513965270023125 0.0014729593221966175 -0.004878261968753565 0.9999870163912127 0.15582946916968968
0.9999995234606398 -0.0001870329348547208 -0.0009581738749237464 15.915532827716488 0.0001919593869219193 0.999986751162188 0.005143991804625965 0.08123276143325199 0.000957199084349394 -0.005144173283780996 0.9999863105318689 0.17669040887136292
0.9999985821433435 -0.00016348319595042529 0.0016760025499799904 17.264470026038076 0.00015756894011162268 0.9999937630743965 0.0035283118253687743 0.06603230941262656 -0.0016765689165702956 -0.0035280427367829414 0.9999923709864569 0.19682859588160048
0.9999927816747436 0.00016646966620602764 0.0037959038790111 18.623059835650455 -0.00016298811220932135 0.9999995658344216 -0.0009174779798221601 0.0827835775624146 -0.0037960549632133495 0.0009168526699603182 0.9999923746448759 0.21730346886529664
0.9999981659820943 -0.00029472218469836357 0.0018923982883029221 19.963360834760582 0.00030011184284971297 0.9999958982527017 -0.0028484049315087197 0.06681010532292042 -0.0018915510380390363 0.0028489676386207812 0.9999941526919368 0.2449989931411923
0.9999998143712683 1.3684475983971625e-05 -0.0006091552872737295 21.312935147821335 -1.5865312736919282e-05 0.9999935907979707 -0.0035802389965647655 0.0803240017875761 0.0006091023893798609 0.003580247996408679 0.9999934053875372 0.23540490290405783
0.9999986439740446 0.00028002526865361226 -0.0016228480893721417 22.665565719820794 -0.00028265129702702437 0.9999986508372786 -0.0016181569351857395 0.08551736879402853 0.001622392775055498 0.001618613441040274 0.999997373962658 0.28396433388494013
0.9999994976691726 0.0008640454315256775 -0.0005080225338520351 24.034994815921088 -0.00086366627615711 0.9999993487208768 0.0007460820234444075 0.08992759979434538 0.0005086668517514652 -0.0007456428867343915 0.9999995926372768 0.2735677076498993
0.9999918623739794 0.0017393273293008027 0.0036400448159150376 25.429235553751642 -0.0017421385645434325 0.9999981865793555 0.0007692796776453696 0.10015874861747617 -0.0036387001858154177 -0.0007756148799855197 0.9999930791173085 0.28852249008958536
0.9999875941343843 0.0019595343377400228 0.004579498062567518 26.79734484522206 -0.001955792212986924 0.9999977500188398 -0.0008214828528638759 0.0933839571549073 -0.004581097482641206 0.0008125161150078394 0.9999891766231359 0.30386126526246793
0.9999913672178066 0.0019184336657784582 0.003685797353623034 28.16690764435564 -0.0019021901269501114 0.9999884864452422 -0.00440552490341924 0.094506692639001 -0.003694206624283522 0.004398475784146299 0.999983502988021 0.3287158516331359
0.9999976730547733 0.0018030872801868046 0.0011843822435830573 29.524968060405804 -0.0017970592613074485 0.9999855272248951 -0.005071086546312485 0.10474614734504906 -0.0011935087139335898 0.005068946341092092 0.9999864405680414 0.3304975104621293
0.9999965525462153 0.002531094336571479 -0.0006988970910689346 30.914757944533914 -0.0025345478643249756 0.9999843601309857 -0.0049855351313971286 0.10315515815372826 0.0006862673006741185 0.0049872893321247225 0.9999873279108639 0.3689174098692396
0.999993755524654 0.0029059159251213925 -0.002011110224420986 32.30049059009989 -0.0029110549664599517 0.9999924933859697 -0.0025571332960258116 0.1105277851329042 0.0020036643134251795 0.002562971780476888 0.9999947082384845 0.3609844390321815
0.9999864412893996 0.0034007167752640242 -0.003943648409365602 33.68235648721126 -0.0034035577470195493 0.9999939530493176 -0.0007139043787371978 0.11026145427707695 0.003941196775721456 0.0007273171342095478 0.9999919689566319 0.39875347623683105
0.9999855388776808 0.003673614691835946 -0.003927669870342986 35.07334771866962 -0.0036743288714449567 0.9999932343825236 -0.00017463253892571143 0.12232855150849671 0.0039270017645703995 0.0001890615643453108 0.9999922714265675 0.4078047001132612
0.9999924719143105 0.003150014264886538 -0.0022657283239475045 36.46746423323209 -0.0031512142443959603 0.9999948964433149 -0.0005262471949185063 0.11807086753919593 0.0022640590745037197 0.0005333830286528839 0.9999972947658669 0.4409561349708246
0.999994618294679 0.0030505294484298225 -0.0012073324991711935 37.86760343455185 -0.0030495483043236874 0.9999950190916382 0.0008136627395585116 0.13072445970385727 0.0012098085877067662 -0.0008099765418898141 0.9999989401500297 0.4529069084638824
0.9999965729790653 0.0025179382754195482 -0.0007169497653090209 39.264381712136334 -0.002515898553445785 0.9999928254743039 0.002831828806083906 0.12426978713146718 0.0007240749916747814 -0.0028300153284698698 0.9999957333552213 0.46957524785715127
0.999994924194621 0.003079347477400217 -0.0008180489641141131 40.660434015772466 -0.003075778151391775 0.9999858986164255 0.004329221299882912 0.13876541793631958 0.0008313686051807892 -0.0043266831884675614 0.9999902942723139 0.48313324538107705
0.9999951205499604 0.003097913358140708 -0.00040225501319366243 42.087073695618535 -0.0030946161865337946 0.9999635797630013 0.00795377257795031 0.1499144696620442 0.0004268804612875935 -0.007952488943039447 0.9999682873434951 0.5132614835588373
0.9999960823637017 0.002777218507676975 -0.00034973505572265934 43.4767275854319 -0.002773992579436058 0.9999564639251789 0.00890927715482781 0.14974419348016874 0.0003744628390355173 -0.008908272089070895 0.999960250442971 0.5299309914948358
0.9999972041795557 0.002320796819872733 -0.0004533598933285182 44.904741376619626 -0.002317052714809532 0.9999645785424714 0.00809153428555621 0.15629917927873793 0.0004721226416981215 -0.008090461204307604 0.9999671602296311 0.5491147031633082
0.9999984686192012 0.0014078843491081238 -0.001039529178000561 46.29951894597523 -0.001399966002378295 0.9999702983842835 0.007579079392583658 0.14373662991310984 0.0010501687695618567 -0.007577612480619324 0.9999707380391933 0.5748153068362418
0.9999996221799579 0.0005728691062912381 -0.0006538049622561392 47.73492645690698 -0.0005681678931053188 0.9999741465758349 0.007168219107680362 0.15574865582902703 0.0006578945104330455 -0.007167844928395609 0.9999740942513939 0.5962456126236698
0.9999998848405166 -0.0004727816925422864 8.244043115697475e-05 49.13252226291499 0.00047216433450245743 0.9999729921225383 0.007334308852171883 0.1578364468493114 -8.590573156866989e-05 -0.007334269082125351 0.9999731001968184 0.6147021570285
0.9999989678578111 -0.0014347916633473702 7.520768265907558e-05 50.55831367900498 0.0014341392878682063 0.9999665263272808 0.008055400018303863 0.1683110457065523 -8.67629859729109e-05 -0.008055283845693203 0.9999675519107356 0.6336620759410998
0.9999966830342013 -0.002554917395225117 0.0003260639488533881 52.00976472905462 0.0025521899893730655 0.999963876359659 0.008107545992643631 0.17589851354670413 -0.00034676628052576444 -0.008106686923044702 0.999967080148281 0.6465840866249345
0.9999925983430397 -0.0036375402181267774 0.0012536188805437915 53.41690143453995 0.0036268233693896265 0.9999577418395706 0.008447525516597134 0.18842481933932922 -0.0012842941187262947 -0.008442916336658831 0.999963533211261 0.6725006388276203
0.9999881975805337 -0.004442373234304198 0.0019672365598763035 54.87245878815421 0.004427862147529889 0.999963402928055 0.007320303364408649 0.19875119566986532 -0.0019996840845114246 -0.007311506314819009 0.9999712711568121 0.6931646987519946
0.9999842130414185 -0.004990696684072826 0.002581978803661459 56.26976855920467 0.004979105122372241 0.9999775843593677 0.004476526665191518 0.2004816481416793 -0.0026042619137366103 -0.004463600050563298 0.9999866469580848 0.6981493019399081
0.9999835500786434 -0.005340822215413317 0.0020916955267724128 57.70134236887622 0.00533485438011286 0.9999817128882897 0.002848371068697026 0.22069622075376477 -0.0021068699191840886 -0.0028371653221740873 0.999993755776544 0.7195918667780307
0.9999837609321365 -0.005286133157980513 0.002129476051976834 59.14776776423641 0.005282988384968785 0.9999849501319349 0.0014797105650031128 0.2358132172660401 -0.0021372659507250804 -0.0014684365386341664 0.9999966378885421 0.7344425432855306
0.9999835871545838 -0.005094657061727391 0.002621047667269051 60.551733299291215 0.005091686910658194 0.9999863890419591 0.0011386198782791421 0.23590863340947923 -0.0026268128701027274 -0.0011252556361874473 0.9999959168186131 0.7605603493116236
0.9999835587638368 -0.004539634391281786 0.0035034157055036643 62.008712033157046 0.004542816068693831 0.9999892756858374 -0.0009007416278492976 0.2508621108948124 -0.003499289096101553 0.0009166421917057485 0.999993457350054 0.7732747373057325
0.999986720414103 -0.004121144997734525 0.003094375438499373 63.4084776649054 0.004131050978174939 0.999986341520506 -0.00320174799905726 0.2606323643359871 -0.0030811383062855783 0.0032144885038517396 0.999990086776062 0.7877454555947436
0.9999911004465284 -0.003709837137050666 0.002009013727572453 64.82212258441865 0.003717757651698013 0.9999852750917911 -0.003953211054083634 0.26591073838556606 -0.0019943183758506853 0.003960644898428522 0.9999901679447675 0.8101992740860241
0.9999937232447764 -0.0029384105872956937 0.001979700550602477 66.27881442404177 0.002945780865536675 0.9999887033558822 -0.003730353296095921 0.2751214065249368 -0.0019687168770102952 0.0037361616455828407 0.9999910825852479 0.8333903049309778
0.9999956500746298 -0.002326581996426039 0.001812966638587721 67.64251185554355 0.0023298696900556108 0.9999956415689042 -0.001813436081856744 0.2872382974700887 -0.0018087396291578306 0.0018176521695654516 0.9999967122953677 0.8549860132193251
0.9999940011775689 -0.0017161460617686768 0.003008729228596624 69.11375014680753 0.0017136919924624766 0.9999981970350456 0.0008180381489849986 0.30388130857686757 -0.0030101276769110247 -0.0008128772065328671 0.999995139169194 0.8720689124130607
0.9999911383942592 -0.0008715032082482844 0.0041186909463334235 70.47070144678979 0.0008547245711392993 0.9999913368233567 0.004073784989827888 0.3181653533863095 -0.004122205582074565 -0.004070228543198675 0.9999832201895916 0.8906974834897176
0.9999878865120464 -1.5848006396869086e-05 0.004922050183761405 71.92690718289491 -2.464048907224065e-05 0.9999661674645723 0.008225771639261071 0.33723446472548446 -0.004922014020405744 -0.008225793278199176 0.9999540539959461 0.9120335040880428
0.9999904403517537 0.00040353459612199773 0.004353890781305016 73.28545484995892 -0.0004550859316801064 0.9999297324334763 0.011845804840170716 0.34207642082243284 -0.004348804651922986 -0.011847672992885893 0.9999203570998808 0.9171790819064494
0.9999920877335006 0.0010777871786829295 0.0038292094735601014 74.6880854622422 -0.0011373966794054945 0.9998776792520024 0.015599130181631508 0.35494292294492125 -0.0038119285392846877 -0.015603362087296326 0.9998709938248954 0.9331990386000056
0.99999085699943 0.0018719778026600243 0.0038446868080405424 76.13074259029264 -0.0019391869460690504 0.9998440649785735 0.017552358277743246 0.3683245115159707 -0.0038112296616404813 -0.017559653362991385 0.9998385535186358 0.9522890674552694
0.9999887601385457 0.0021894362522311543 0.004205468519885439 77.50493295623453 -0.002262749864012484 0.9998441626743758 0.017508007568804836 0.3698507009479618 -0.004166480484442825 -0.0175173267045469 0.9998378787110933 0.9672972213941267
0.99998887192098 0.002233289667720896 0.004155532633264996 78.9117412006392 -0.0023015486605177265 0.9998613088021477 0.016494424337315423 0.3726384642961032 -0.004118119470018844 -0.016503804946623835 0.9998553222913374 0.992490266465319
0.999993274685164 0.002067457430913898 0.0030292250186474906 80.29137994360194 -0.002114403024488534 0.999876432434143 0.015577200089257651 0.3751019697692446 -0.0029966455066081344 -0.01558350033022407 0.9998740793885826 1.0046956666940772
0.9999937401323816 0.0017942299756710152 0.0030496614312482745 81.66814960874295 -0.0018406420763068037 0.999881487684412 0.015284718602383628 0.3776015626223251 -0.0030218757085242044 -0.015290236257217439 0.9998785310938527 1.0318464080514769
0.9999934161264122 0.0013942890070320424 0.003350173427338224 83.0785677547033 -0.0014432113097656233 0.9998917125311221 0.01464514775260305 0.38389993468170075 -0.00332939107701966 -0.014649886338981583 0.9998871416241492 1.0413036932208284
0.9999960751023441 0.0011711007583215247 0.0025452510526465816 84.43349705252326 -0.0012079098766185534 0.9998940124437243 0.01450878468099003 0.3973512737479145 -0.002527990038965172 -0.01451180216938001 0.9998915025462312 1.059516090853807
0.9999960542310744 0.00035076349272449264 0.0027872006124974786 85.84876988856925 -0.0003923224254300088 0.9998885523663055 0.014924105665956743 0.39956709725250106 -0.002781655154155403 -0.014925140260188817 0.9998847446495106 1.07179556789328
0.9999934342615034 -0.0008484579570848032 0.0035230034032384086 87.19543448734474 0.0007996178086874527 0.9999038813619715 0.013841555137498726 0.410149803121724 -0.0035344087545443586 -0.013838647201206013 0.9998979946966572 1.0972585842471425
0.9999866744457 -0.0020056368255382986 0.004756926734123041 88.58250648417176 0.0019451046016648035 0.9999175139711602 0.01269574030229076 0.412605394942366 -0.004781997398405006 -0.012686318404433657 0.9999080906894509 1.1182190715288836
0.999982429602481 -0.0030822746810577756 0.0050636023846333065 89.95964933472256 0.003027887126605613 0.9999380227518702 0.010713662055010693 0.41412457412159953 -0.005096311005785452 -0.010698141795234822 0.9999297862231434 1.1342965800350355
0.9999776356733913 -0.004008079947177009 0.005353825566012254 91.33175290685902 0.003960639382548276 0.9999530609871644 0.008842463349181899 0.4237745496729571 -0.005389015562758795 -0.008821061021059493 0.9999465722696024 1.1505371062198873
0.9999795628809627 -0.004387299527687979 0.004650314317679897 92.71345913448661 0.0043490664628878335 0.9999569212295728 0.008200079632257065 0.4363152790900134 -0.004686090193354597 -0.008179687520212595 0.99995556564818 1.1663547249919424
0.9999788077458902 -0.004691093762275799 0.004514166414914344 94.05495520393993 0.00466074983903401 0.9999666318873673 0.006709137259900021 0.4446585891031491 -0.004545488977651138 -0.006687955677766668 0.9999673043549006 1.1861033499633824
0.9999806775209127 -0.004754719950649335 0.0040046501729080995 95.43500059067148 0.004728349113018006 0.9999672450820982 0.0065689784277587334 0.46600870445526343 -0.0040357526537063105 -0.006549916114717421 0.9999704052117784 1.1982402169213378
0.9999849360019697 -0.004543802171015451 0.0030792257090636664 96.79043007521244 0.004526085010252973 0.999973303096754 0.005736518826546531 0.4691654069976979 -0.003105209109970972 -0.005722495574313249 0.9999788051357815 1.2078341376513144
0.9999867645925649 -0.004488730798267606 0.0025143459417699588 98.11918372188701 0.0044712460348520205 0.9999660810742186 0.006916983444035711 0.4860964491257398 -0.0025453091344729215 -0.006905649635619222 0.9999729163354976 1.2279008894253935
0.9999879100887628 -0.004192293605903242 0.0025698931165713578 99.47791513658473 0.004171373540356449 0.9999585550384024 0.008092456258599976 0.5051515560645834 -0.0026037125600788117 -0.008081638437374108 0.999963953250852 1.2381547875114083
0.9999830501231426 -0.004187780378976183 0.0040449922019831054 100.7983444393519 0.004154520941603987 0.9999577812765488 0.00819607346402549 0.5077967857627181 -0.0040791447832132606 -0.008179129536777794 0.9999582303365768 1.2626086217289052
0.9999773948163864 -0.0040262474854489945 0.005385089360349866 102.139387430499 0.003980647076337509 0.9999563582697186 0.008451982300955733 0.5296290535739568 -0.0054188841182187435 -0.008430355102125827 0.9999497811429158 1.2771725807812897
0.999983250667867 -0.003809525892080461 0.004357280826762111 103.50313362662277 0.003772200074682183 0.999956395550706 0.00854268715548117 0.5413123896308848 -0.00438963441783799 -0.008526107536116571 0.9999540172427731 1.2930956035939218
0.9999917831700631 -0.0036348807112143 0.0017947798117433377 104.81931481918724 0.0036194461005551516 0.9999570739084351 0.008529358147345914 0.548945806865102 -0.001825705968269626 -0.008522791954269577 0.9999620136860308 1.3063698417820058
0.9999922121966185 -0.003926112505321004 0.0004014806454148771 106.13515480837168 0.003923086495806209 0.9999658128862576 0.007278904524196066 0.5696252500165898 -0.00043004471802787075 -0.007277272794220444 0.9999734278280693 1.321755394865674
0.9999925024502473 -0.0034621574974778592 0.0017345053343363513 107.50516261462337 0.0034516501606790227 0.9999758946596399 0.006024633666973219 0.5707604748418409 -0.0017553217541145794 -0.006018601591366598 0.9999803474471006 1.3462245487638151
0.9999894564810533 -0.0030295782823395122 0.003450881359731035 108.83518385948045 0.0030199746726187683 0.9999915623870014 0.002784763505337433 0.5762818220805906 -0.0034592889015668394 -0.0027743125698260524 0.9999901682066982 1.3538778531750544
0.9999886235667808 -0.0021792529113178944 0.0042430641950877345 110.16296763936697 0.0021721725314626924 0.9999962420494378 0.0016725888603004173 0.5905752312253 -0.004246693244005505 -0.0016633531647111427 0.9999895993722839 1.3766760718203994
0.9999935652504203 -0.0015824328721565212 0.003219528530475284 111.48879347374181 0.0015788092363897453 0.9999981177712739 0.0011277478903724903 0.5997815005219898 -0.003221307055919431 -0.001122657612216492 0.9999941813934405 1.3941063293195126
0.9999993615831615 -0.0008461366040309054 0.000748923305006696 112.8112588694985 0.0008443454157346945 0.9999967904048691 0.002388778093374145 0.6120655019528537 -0.0007509421338498138 -0.0023881442183786676 0.9999968664216423 1.4072440454843445
0.9999992383848048 0.0004662633574545789 -0.0011427284418560136 114.16329836612262 -0.00046020719153147093 0.9999858792670474 0.005294287095642356 0.6084609160337489 0.0011451808377693912 -0.0052937571715859465 0.999985332240357 1.4341202180369863
0.999997122527734 0.0017227486480272448 -0.0016694530086090577 115.4706734246885 -0.0017093346090557343 0.9999665114886866 0.008003379057661538 0.6271461779484586 0.0016831849115643278 -0.008000502374354459 0.9999665788666696 1.4452690985146448
0.9999949602428546 0.0031738994652526866 7.649232768669585e-05 116.83798968953995 -0.0031744651954879652 0.9999533518449946 0.009122330002971767 0.6372627539575043 -4.753540114244657e-05 -0.009122526850875914 0.999958387756331 1.4631983628865148
0.9999883266033491 0.004027842378991993 0.0026689216555782014 118.13203504084707 -0.004050732977625782 0.999954577398458 0.008627554822503995 0.6435787754474603 -0.002634049995272135 -0.008638265198599376 0.9999592202459964 1.4814679927937418
0.9999817825368313 0.0049346044993280385 0.003476244078961282 119.50085722044179 -0.004963280236997771 0.9999533255663983 0.008289302623849137 0.6409905193280603 -0.0034351773972138974 -0.008306405187319982 0.9999596007785082 1.5023288164280857
0.9999789820137067 0.005965139526708389 0.0025402049637372197 120.83354844584379 -0.005987857737689363 0.9999412844154293 0.009031792808450808 0.6379962049199636 -0.002486179909839114 -0.009046813364300786 0.9999559860700907 1.5166904576753797
0.9999702753356227 0.00733099756288999 0.0023884974213667608 122.13257876942693 -0.007356244048557989 0.9999152814876346 0.010738506460510238 0.6332191811728586 -0.002309571106727355 -0.010755757631950712 0.9999394879486787 1.5332766850700175
0.9999628921350676 0.008443507000824734 0.0017092519996030253 123.50347556247243 -0.008464118293993394 0.99988687406132 0.012433735616743307 0.6390276558630199 -0.0016040743051397538 -0.012447741538480321 0.999921237236321 1.5433683231640434
0.9999529135509061 0.009658463540910931 0.0009406184577400094 124.8281936642671 -0.009670081180949721 0.9998654769850235 0.013248300399116193 0.6368747340689808 -0.0008125336965252323 -0.013256772440540514 0.9999117949966646 1.560640283157021
0.9999419451951098 0.01077524202546538 1.9967794903068953e-05 126.14922281908117 -0.010774440122732024 0.9998412280866263 0.014192605760347574 0.6284455714845965 0.00013296413746169286 -0.014191996953199837 0.9998992796992198 1.5789643119063617
0.9999327166348277 0.01159880447197755 -0.0001730263392382113 127.49228619377578 -0.01159529270788005 0.9998367182090537 0.013859513265905548 0.6218344271752992 0.0003337518716356771 -0.01385657446016373 0.9999039373629439 1.59918068529248
0.9999201037739546 0.012626225512801313 0.000603736684220951 128.82459678290766 -0.012633143478805921 0.9998316393980301 0.013307762565181546 0.6198915896938652 -0.00043560822753056685 -0.01331432641733066 0.9999112655418603 1.6211471973340073
0.9999083664434278 0.013438625058858442 0.0016315860268574553 130.18931565166864 -0.013457397887371188 0.999836244641908 0.012098857072783156 0.6100193256297858 -0.0014687268420615189 -0.012119705313830014 0.9999254750152979 1.638115629686554
0.9999028274696282 0.013801157047381872 0.0019656251922561033 131.51569340039453 -0.013821506181786293 0.99984674056417 0.010745294322275882 0.5920187470263044 -0.0018170264471860144 -0.01077141807558284 0.9999403357038515 1.6510205018574018
0.9999031563289635 0.013755343087747523 0.002113882663369092 132.8561346082777 -0.013775267424246757 0.9998578796905563 0.009719178365251916 0.5761218559539896 -0.0019798916047657927 -0.009747356423330954 0.9999505333125184 1.6756068852522639
0.9999032295554908 0.013606732310495003 0.002896266619273397 134.19035757188462 -0.0136290691738365 0.999876402753363 0.007837581926176111 0.5640768907128297 -0.002789264769462676 -0.00787629689798919 0.999965091365304 1.683794230336893
0.9999121416139175 0.012989708678005175 0.002641310570426651 135.52880777416522 -0.013007324085695266 0.9998925155227536 0.006765125402357179 0.5463516896565797 -0.0025531496623939507 -0.006798887411958195 0.9999736279306374 1.7097096556335156
0.999927079707857 0.01186221406910609 0.0022634363908884507 136.87644634653026 -0.01187428132758862 0.9999149463129726 0.005394588295555622 0.5366533030626838 -0.0021992521161014783 -0.0054210716010736305 0.999982887489994 1.725528693881677
0.9999364040878351 0.010804612830107517 0.0032323554076072 138.20097979051468 -0.010811689637784741 0.9999391757171158 0.002179961777506292 0.524403041941179 -0.0032086051589171162 -0.0022147703643146314 0.9999923997937022 1.7315634372924382
0.9999467771555062 0.009693819441600523 0.0035316739586491014 139.55238687672914 -0.009699373240606296 0.9999517449097763 0.0015588491373573537 0.5065049988778108 -0.0035163923353293495 -0.0015930211948611938 0.9999925486064468 1.7511022025485907
0.9999582735333145 0.008419995760230945 0.0035432843056898444 140.9194683166406 -0.008421751635754274 0.9999644207738836 0.00048092175798026334 0.5057346870180608 -0.0035391088792131402 -0.0005107423512119365 0.99999360690486 1.7652234795849893
0.9999687902232889 0.007255124987474956 0.0031275774631641376 142.23133574645473 -0.007254952673626633 0.9999736802775597 -6.643685978148106e-05 0.5030357697291482 -0.0031279771539148866 4.374435982356483e-05 0.9999951069107066 1.7778042969897974
0.9999778727929592 0.006214172573179501 0.002374443871508371 143.58298636950835 -0.006213093217384647 0.9999805919745418 -0.00046167836961328305 0.49484716180242216 -0.002377266737303345 0.0004469155128472832 0.9999970744304125 1.7880707995440863
0.9999854288226865 0.005395277071365012 0.00018200997498324487 144.92912829967904 -0.005394900492418336 0.9999834280160901 -0.0020096621273480164 0.4849630336850769 -0.0001928496427137394 0.0020086509185011565 0.999997964063179 1.8076165603762564
0.9999902953826846 0.004328139944155337 -0.0008224020154857275 146.2355386978189 -0.0043321624607261 0.9999783447597034 -0.004954026650888622 0.49370763239888166 0.0008009424855403406 0.004957541353094918 0.9999873905579346 1.8460734492732385
0.9999928515473068 0.003214427725266392 0.0019910571777629255 147.61377015258194 -0.0031852537753206053 0.9998899941330371 -0.014486331178803628 0.4821266021217761 -0.0020374034143704504 0.014479885601558148 0.999893085234763 1.8482171734123622
0.9999920497206969 0.001705385211587902 0.0036044634385146174 148.9286904575363 -0.0016221682761130697 0.9997349452068941 -0.022965363098645553 0.47227931199894135 -0.00364267284881084 0.02295933347135225 0.9997297634566393 1.8595696568484237
0.9999993610275486 0.000851402308570111 0.0007436790997813089 150.25310727663287 -0.0008340032341369366 0.9997330192767161 -0.0230910070474851 0.4417849259721588 -0.0007631402885047954 0.023090372062193342 0.9997330905471368 1.8939394877687272
0.9999952704766136 0.0008355814695724887 -0.0029598695937248167 151.6369932253185 -0.0009052338722222268 0.999720844375321 -0.02360961399793852 0.4618303168121867 0.002939315573518976 0.023612181709930583 0.9997168725688571 1.905018581217694
0.9999844911495919 0.0019033450327965258 -0.005233998278378519 152.95972210942872 -0.0020056194968963888 0.9998057901081258 -0.019605090071202296 0.4656680739751877 0.005195666533334254 0.01961528342778698 0.9997941016555968 1.9324141112859903
0.9999824981378997 0.002686374660801021 -0.005271319480636999 154.32803233084462 -0.002789085861337784 0.9998044954843932 -0.019575285674956124 0.46792653900718695 0.0052177023624601845 0.019589645233639708 0.9997944895735708 1.955326333719663
0.9999930878434269 0.003161612033507859 -0.0019566488488760164 155.65310749031727 -0.0032081528871737474 0.9997005717845723 -0.02425849394854667 0.46978037417634283 0.0018793670266204763 0.02426460349869198 0.9997038046324673 1.969073873493429
0.9999935258008913 0.0035659730944518344 0.0004818632500522187 156.98674232195546 -0.0035491739115554284 0.9995053064659827 -0.03124973137304805 0.46826509037262465 -0.000593060576703274 0.031247818839589027 0.9995114917282946 1.9877291609331715
0.999992181357678 0.0036126059186777993 0.0016081983674932976 158.33984203039904 -0.003557809694476331 0.999453539968164 -0.03286279713115542 0.44686452033151774 -0.0017260398867825187 0.03285681852495644 0.9994585785627773 2.013483204227338
0.9999917858766536 0.0035413394853229035 0.001971571421664472 159.67322335907718 -0.003469685012113174 0.9993731265656273 -0.03523230313731405 0.44512068678794964 -0.0020951050421752983 0.03522517300301824 0.9993772049240315 2.034033508120964
0.9999875093061621 0.0045905460966400285 0.0019768961007481153 161.04178559825044 -0.004520386516090716 0.9994068073954193 -0.034140876342595716 0.44661559461956984 -0.0021324486872315 0.034131513564884426 0.9994150751536454 2.0417927739342656
0.9999816515220497 0.005822426643062076 0.001672114595383386 162.38787450029147 -0.005766861594815874 0.9994868940211172 -0.03150701489138958 0.4503408580766676 -0.001854703906334098 0.031496793932179315 0.9995021320864772 2.0486715773527955
0.9999774858518643 0.006706226229078144 -0.00023306468817318408 163.73022211936566 -0.006710119059255547 0.9995876523059763 -0.027919521121196982 0.4536013590234879 4.5733959640185124e-05 0.027920456428768732 0.9996101470179332 2.071179793304963
0.9999716518532522 0.007429801199669216 -0.0012221063830543024 165.08880075572262 -0.007457783803385176 0.9996656939095514 -0.024756451302174274 0.45174224216838593 0.0010377623138628244 0.02476486370784936 0.9996927650908111 2.0844800484672463
0.9999708779611836 0.007631646562803433 3.464506265045365e-05 166.42787223700927 -0.007628436941636797 0.9996629714092391 -0.024814321330197675 0.4451705374623386 -0.00022400751636171475 0.024813334398892925 0.9996920767199474 2.1011160645948372
0.9999714235858277 0.007559603189627272 -6.641798321280798e-05 167.75755994619166 -0.0075590431416819644 0.9996882806224857 -0.023795008990131216 0.44195039578032275 -0.00011348354641858042 0.023794831070499567 0.9997168564827799 2.1129077650311903
0.9999724342518059 0.007044482620378136 -0.0023464869760696314 169.14728958313265 -0.007090328447036987 0.9997720454278266 -0.020139126683469268 0.43793096311822205 0.0022040823557235986 0.02015520889673129 0.9997944336588889 2.1427131193117948
0.9999645807556197 0.0063770313788363425 -0.0054927866362222315 170.5330639968729 -0.00646058956404643 0.9998615952963644 -0.01533137416847818 0.4414854809407989 0.005394257754562646 0.01536631778280933 0.9998673803365499 2.1657748898303124
0.9999580616233229 0.006213116927723858 -0.006728459895773277 171.90197242553526 -0.006286445751388739 0.9999204767426683 -0.010932556449877092 0.44553531768709187 0.006659999575183511 0.010974396054331826 0.9999176001235808 2.1845184435969434
0.999963077289939 0.006578919111208826 -0.005528280036635266 173.28523426136184 -0.0066054838920330825 0.999966659336813 -0.004800812152792773 0.4442220607376561 0.0054965115652912296 0.004837151858530241 0.9999731948019958 2.2210268440329957
0.9999682064415018 0.007320130239382158 -0.0031625621645494694 174.64554504954276 -0.007326178554253539 0.9999713483644648 -0.001905139875565268 0.44868904333233034 0.003148525679957595 0.0019282487994956028 0.9999931842980782 2.247504316344362
0.999972784481843 0.0072703544282239334 -0.0012538907916830964 176.04705643390574 -0.0072731592550161804 0.9999710255709741 -0.002247036489578327 0.4490322149956682 0.0012375177092209598 0.002256095082732255 0.9999966892869682 2.263503863004027
0.9999793121803701 0.0064208823781967145 -0.00038403223761830716 177.47204731680333 -0.006422319565547556 0.9999719028975256 -0.0038661643653355115 0.44508297267204205 0.0003591972607805784 0.0038685507605779185 0.9999924526176889 2.2865928843855663
0.99998768216908 0.004947123069158559 -0.0004018500340876344 178.87482265812017 -0.004949472114660962 0.9999693188906346 -0.006071573369950801 0.44090470517912517 0.0003718008841982176 0.006073487526874603 0.9999814870853176 2.3021492214767068
0.9999880419637546 0.002781096102290169 -0.00402261531418968 180.20924298411242 -0.002810140455836603 0.9999698949385879 -0.007232726120076919 0.43658110552018126 0.00400237930668713 0.007243943744908494 0.9999657525330086 2.3251020665421134
0.9999634853773581 0.0012773706957815703 -0.00844962934520995 181.6240604586011 -0.0013184340514973158 0.9999873404266233 -0.004855998161054247 0.44603214131861535 0.00844331946675755 0.004866961125165102 0.9999525103952629 2.3557836982911233
0.9999538724614191 0.0007795836005498901 -0.00957314989028976 183.0240757845606 -0.0007845330882448285 0.9999995605291077 -0.0005132732460323019 0.4716445178643204 0.009572745543763826 0.0005207600228485026 0.999954044619928 2.3790158716512395
0.9999652804355919 0.00044200867284868635 -0.008321210951620672 184.35514034375083 -0.0004238826445379305 0.9999975341118338 0.0021799297593874363 0.48688009884825945 0.008322153980304905 -0.002176326856271819 0.9999630019928452 2.397778795703506
0.9999859859826232 0.0007044527191317796 -0.005247054862251297 185.79326210925583 -0.0006784175039968668 0.9999874590725314 0.004962000337838276 0.4813761526849909 0.005250484553947169 -0.0049583711064163346 0.9999739231439587 2.427972600479653
0.9999957464501259 0.0011026437765778794 -0.0027002330191343467 187.16620173452483 -0.0010897863412277831 0.9999880846734507 0.004758453199755509 0.4901279688476574 0.0027054477237830115 -0.004755490282375115 0.9999850328203859 2.4521683683213022
0.9999965060887462 0.0012917614934151393 -0.002306330970281837 188.6190427541544 -0.0012812463405104293 0.9999888054620801 0.004554926820157489 0.4961234907390951 0.002312189031043938 -0.004551955927531732 0.9999869666546253 2.476025693589409
0.9999979621512946 0.0011087458656804609 -0.001687120583528912 190.03048636407874 -0.0011035957011110993 0.9999947382163711 0.003050510793261097 0.4914171154412708 0.0016904939474956875 -0.003048642677758388 0.9999939239855594 2.5001907187991628
0.9999985821095255 0.0012191409539469014 -0.0011616687448525339 191.38175739135204 -0.0012192925414255121 0.9999992482396021 -0.00012979186871285749 0.49676554342081974 0.001161509636973339 0.00013120809871840903 0.9999993168396656 2.5165293231593817
0.9999982895242995 0.001619913070117073 -0.0008926534157463677 192.84308438329137 -0.0016216502818997235 0.9999967861193064 -0.001948846176917749 0.5009706571679025 0.000889493585471152 0.0019502904151270032 0.99999770258159 2.5426229299295
0.9999980119043239 0.0019850666838397944 -0.00018893824504958703 194.2144106191651 -0.0019860039509391994 0.9999850380517294 -0.005097005099849073 0.499030914680182 0.00017881752315426636 0.005097370198616425 0.9999869923360762 2.562265932968923
0.9999967098277192 0.0022288693178440662 0.0012698327844046788 195.68085203820664 -0.002215858389480046 0.9999459605574852 -0.010157063373145621 0.49281285856160617 -0.0012924029302607246 0.010154216185028698 0.9999476094217804 2.5761866620025393
0.9999954776366445 0.0024725259803422307 0.00171211025800337 197.0717367631746 -0.002447997408271773 0.9998964140438249 -0.014183387853016132 0.4859224296229603 -0.00174700170238107 0.014179132469108383 0.9998979448861145 2.597704479509741
0.999992360120132 0.002784542506217461 -0.002743360056454523 198.49033506112818 -0.002817313532601528 0.9999238480105801 -0.012015029095815852 0.4951125486785478 0.0027096947848977903 0.012022666207848797 0.9999240536417889 2.6182519577516716
0.9999667808756856 0.003015215411511018 -0.0075726891617629265 199.9225925275259 -0.0030452944393168564 0.9999875077295449 -0.003963655715494549 0.5100727182922995 0.007560643285882565 0.003986585114517588 0.9999634712389389 2.642697050659413
0.9999541464963208 0.0043849953725176305 -0.008513326047886936 201.34643055973967 -0.004344251491471459 0.9999790507061893 0.004798502654745592 0.526805140507782 0.008534189111654322 -0.004761298597205542 0.9999522476857956 2.6609817645884024
0.999974159974848 0.005848451213220235 -0.004180311113269732 202.8099296429514 -0.005798778045681177 0.999913591629359 0.011797603487680743 0.5421934419874586 0.004248947607828279 -0.011773057941002142 0.9999216677074978 2.687443095211468
0.9999744752982808 0.006760060656692938 -0.002313078434890814 204.24529330414654 -0.006729722621736566 0.9998943837793014 0.0128814642042596 0.5326762530476513 0.0023999136156561554 -0.012865569032458944 0.9999143551065304 2.706321013923441
0.9999786422952723 0.006287988734097719 -0.0017821759126703204 205.70691785695263 -0.00626581090966196 0.9999060917675459 0.01218799654563375 0.5262309385308851 0.0018586465366506064 -0.01217656946072576 0.9999241354168925 2.735601058148532
0.9999863090731954 0.004935958183206292 -0.0017372342908310778 207.14286531145123 -0.004920859634214467 0.9999509915154025 0.008590675632563459 0.5206307347567635 0.0017795523672989157 -0.008582009332155248 0.9999615904169493 2.7550010845571067
0.9999906756261981 0.0037090146994218235 -0.0022117573599338817 208.57293547604718 -0.0036934278431176486 0.9999686073569949 0.00701019908987605 0.5150352975188086 0.0022376888584948913 -0.00700196475794391 0.9999729822540712 2.7813217729267983
0.999990297058139 0.0033018571402809384 -0.0029160811031548155 210.04747900016991 -0.0032811430440912496 0.999969554474528 0.007079846349910473 0.5201572601916428 0.0029393689627558546 -0.007070209575345331 0.9999706856936664 2.7979983243078554
0.999990543452958 0.0032032451171863795 -0.0029414665350620197 211.5343544091796 -0.003177557690273565 0.9999571369431368 0.008696401762207213 0.524603342378507 0.002969197161296547 -0.008686972844665684 0.9999578592975873 2.8259235181593745
0.9999930412623079 0.003001814617184116 -0.002215070194000505 212.9730008639045 -0.002980156628678926 0.9999483486488859 0.009716928570017856 0.5281843205957418 0.0022441242008477856 -0.009710259696339124 0.9999503361483514 2.845249278777224
0.9999935903078014 0.00263334969987277 -0.0024258632836729223 214.4149370749357 -0.0026099772592361793 0.9999506280020012 0.009587991296912339 0.5398686330980624 0.0024509920479598426 -0.009581598392834923 0.9999510916090942 2.8724290020625363
0.9999922846002669 0.002367787604085417 -0.0031343774183685154 215.88295777401373 -0.00233849585225892 0.9999538686312618 0.009316224907245643 0.5387432953565552 0.0031562916671003115 -0.00930882330025421 0.9999516906489417 2.895947747634035
0.9999905146924285 0.0021298370932227536 -0.003799252443345773 217.36158238049495 -0.002097178218777974 0.9999609962310841 0.00857950231985623 0.541882094801216 0.0038173772004636407 -0.008571453231166091 0.9999559779414369 2.9182404105550415
0.999991477478742 0.0014995668976020258 -0.0038465918684457232 218.83128981921362 -0.0014625699228674014 0.9999528208529216 0.009602966078538904 0.5400434413194707 0.0038608106795723833 -0.009597258327484023 0.9999464919551906 2.9453705809717885
0.9999897329765848 0.0013582487412424008 -0.004323089378606309 220.3081217892078 -0.0013132422789895284 0.9999450917000052 0.010396585005891924 0.5458530120972749 0.004336973153615278 -0.010390801000162394 0.9999366089500072 2.972536130810082
0.9999893462887187 0.0012644729286662925 -0.004439416321266815 221.8017574378215 -0.001221138371741521 0.9999517171518951 0.0097504967080265 0.5538041840436769 0.004451531212731251 -0.00974497168743169 0.9999426080514187 2.996948811371495
0.999988413721604 0.0008130042083203479 -0.004744622925742702 223.27046186041846 -0.0007615655403041238 0.9999410289331859 0.010833220849274591 0.5572166608177459 0.004753150584407264 -0.010829481991239924 0.9999300624940343 3.0219512045584387
