1.0 8.809142651444726e-20 8.673617379884037e-19 -5.551115123125783e-17 -8.809142651444726e-20 1.0 1.7347234759768075e-18 0.0 -8.673617379884037e-19 -1.7347234759768075e-18 1.0 -5.204170427930421e-18
0.9999993011580781 -0.0003480319849955573 0.0011298482609536818 1.3160940844717768 0.0003481171165631284 0.9999999365833229 -7.515200288644408e-05 -0.058402083065748844 -0.0011298220340017183 7.554526988583102e-05 0.9999993588973364 0.018140396604628333
0.9999976844684006 0.0012037922336848642 0.001783799903291163 2.5652097675998258 -0.0012028053760217308 0.9999991230587825 -0.0005542029350592417 -0.11574037075546209 -0.001784465484192614 0.0005520560876714074 0.9999982554569841 0.031373844761168695
0.9999982355600311 0.00037421174527377347 0.0018408808745118425 3.8951212476599744 -0.0003727956804247583 0.9999996344347971 -0.0007695152062443974 -0.11478837096211972 -0.0018411681631781958 0.0007688275760428163 0.9999980094999955 0.04870291034512668
0.9999978836941334 0.0005863435946363599 0.0019720061976008065 5.228900231256643 -0.0005836855817527465 0.9999989208630121 -0.0013481780123248538 -0.10707303042927857 -0.0019727945650779345 0.0013470241275831507 0.9999971467997315 0.051055521406582614
0.9999974414853362 0.0002720365689636088 0.0022456666909532906 6.559118433340757 -0.00026826134761206814 0.9999985507263331 -0.0016812439093949873 -0.11152850695679575 -0.0022461207961923936 0.0016806371823349891 0.9999960651922738 0.05208304120909825
0.9999954756286896 0.0004774098216717991 0.002969983503839674 7.897328652191653 -0.00046908721799604296 0.9999959635144294 -0.0028023047710167568 -0.10086923123926093 -0.002971309363365117 0.0028008989110501373 0.9999916631082267 0.06960058858930732
0.9999953835099944 0.0003958219999564066 0.003012687113466926 9.232408468535969 -0.00038716101480548926 0.999995792583344 -0.0028748777292807934 -0.09385162606556097 -0.0030138123776894195 0.0028736980624363474 0.999991329359609 0.06920346416724422
0.9999955868131719 -0.00020856530503728554 0.0029635881450667963 10.546941680386704 0.00021719379733803608 0.9999957380512972 -0.0029114783351185734 -0.10383777533057915 -0.002962968281039072 0.0029121091591837083 0.9999913701823684 0.07906258436649626
0.9999975763166055 -3.9090776179381774e-05 0.002201325243119821 11.87485771584246 4.323698178976276e-05 0.9999982252997452 -0.0018834882328249152 -0.07203779410968789 -0.0022012477094104053 0.001883578846505212 0.9999958033108193 0.08900324722731391
0.9999984226465274 0.00029845998297251463 0.001750892942429412 13.200351820087695 -0.00029942326353172747 0.999999803961893 0.0005499289814272122 -0.05848881830391699 -0.0017507284673932413 -0.0005504523720737405 0.9999983159745918 0.11661054543653847
0.9999998875815687 0.000131522218143039 0.0004555642171765737 14.540132378029003 -0.0001335555995671764 0.9999900171832964 0.004466284434789053 -0.055317633789553594 -0.0004549722537267757 -0.004466344775848529 0.9999899223315161 0.1129875152913749
0.9999992248109969 0.000628094062856243 0.0010751163906755692 15.894356164806284 -0.00063332264027598 0.9999879416376887 0.004869854376860861 -0.03780724156140679 -0.0010720446999115227 -0.004870531497354448 0.9999875642442233 0.13750006649681967
0.9999927318005131 0.000846746628209152 0.0037174408259895535 17.233211094638484 -0.0008596331638748935 0.9999936229496922 0.0034662790961405223 -0.04873264173342353 -0.0037144820595453013 -0.003469449537951337 0.999987082688038 0.15279680769900966
0.9999816297578265 0.0009640016394833412 0.005984216550269612 18.59946154604042 -0.0009566510651098487 0.9999987846445895 -0.0012310678630595383 -0.048122331733796056 -0.005985396028757955 0.0012253204409080982 0.9999813366379374 0.17111870839920673
0.9999874679394355 0.0008205678944507714 0.004938687316165393 19.93991871160611 -0.0008063319689102593 0.9999955166566601 -0.0028838334444375013 -0.05305799183923883 -0.004941031555471955 0.002879815082594642 0.9999836463024072 0.1946756800695758
0.9999952035439165 0.0016628302949182026 0.002613022114600718 21.281111166993547 -0.0016527032979596558 0.9999911342603529 -0.003872979796196178 -0.08898723514118838 -0.002619439056363679 0.0038686426693522306 0.9999890860119058 0.1850280776293618
0.9999982898241302 0.0013565482410336435 0.0012570305027532315 22.639330785974572 -0.0013540510399352179 0.9999971125336394 -0.0019853136188517657 -0.046821970008163544 -0.0012597200468174937 0.001983608140156837 0.999997239198264 0.22165070857728858
0.9999925276022722 0.002552840332373202 0.0029030580180821053 23.996774159330876 -0.0025539449676512823 0.999996667663755 0.000376864017549728 -0.0434537335320392 -0.0029020862704528293 -0.00038427545188798005 0.9999957151046479 0.2006643442298606
0.9999711972414335 0.00251884212835614 0.007159617438573324 25.403924773367716 -0.0025237541106448752 0.9999965860838417 0.0006771158327719029 -0.040606993617122895 -0.0071578874483543 -0.0006951654439092941 0.9999741403617808 0.2093060614562505
0.9999640388414416 0.0023151049538177263 0.008158511688079316 26.789303201868506 -0.002308896008807788 0.9999970377560023 -0.0007703755194511289 -0.0391464618662488 -0.00816027102075842 0.0007515106607805064 0.9999664220405575 0.22627314969123005
0.9999611301876399 0.002551534769614189 0.008439655453716558 28.155013155325104 -0.002513415934236668 0.9999866072644887 -0.004524160916561577 -0.050821726845558635 -0.008451085977525195 0.004502772698778824 0.9999541510408483 0.26874200668449233
0.9999794180944631 0.0030710101025548915 0.005633141610950513 29.493210657673355 -0.003044498205620419 0.9999842782076722 -0.004708966782286054 -0.05126624699566939 -0.005647514332428948 0.00469171977325002 0.9999730463104665 0.2542618406033266
0.9999870692279087 0.0032371895426181107 0.0039219868488769094 30.895696315267976 -0.003217651895699066 0.9999824345605028 -0.004977678849411606 -0.05047453928113379 -0.003938031647372033 0.004964994895761666 0.9999799201646148 0.2803563180946238
0.9999896951794857 0.0038849178407976684 0.002348818471010229 32.277415994660146 -0.003878185188987941 0.9999883779766556 -0.0028641912047343153 -0.02262339336649271 -0.002359918320497855 0.0028550525367521382 0.9999931397067348 0.25816179805800044
0.9999881986960804 0.004747019150165632 0.0010335752302760833 33.652944830088025 -0.004745551030916053 0.999987734042344 -0.001418277219436425 -0.03427672256382686 -0.0010402951416069828 0.0014133555979163501 0.9999984601048004 0.297500586724817
0.9999871977194685 0.004945017423940827 0.0010729398126455537 35.045786459563274 -0.004943884588391533 0.9999872214376886 -0.0010559197450543513 -0.030439470630363074 -0.0010781476435548782 0.0010506017362695464 0.9999988669161833 0.2944773893763638
0.9999876518309299 0.004289595219897557 0.0025090951581097968 36.43867642731185 -0.004287102123951787 0.9999903121696607 -0.0009981594077084419 -0.034221329843375704 -0.002513352550245602 0.0009873903350857871 0.9999963540529957 0.32295319857650495
0.9999866616101387 0.003944013514369901 0.0033348701936074384 37.84817313706314 -0.003942849849821825 0.9999921637676739 -0.00035544100415494593 -0.02584155193549386 -0.0033362459249137726 0.0003422873707022195 0.9999943761354283 0.3066820513581196
0.9999874420283094 0.003525240055216314 0.0035620876227162365 39.246717254099245 -0.0035281774582675866 0.9999934408398564 0.0008186825315865757 -0.03444087570446419 -0.0035591782059602186 -0.0008312399278493618 0.9999933206230333 0.2948117202027231
0.9999826814700954 0.004142409651798016 0.0041805743809202826 40.63859722434529 -0.0041571397509717585 0.9999851604553747 0.0035209456300337775 -0.014041419497811658 -0.004165927143938888 -0.003538263884372409 0.9999850627582973 0.3339094133812247
0.9999818549948555 0.003972656109832257 0.004528541098502197 42.06957586958086 -0.004005893226063863 0.9999649337660937 0.0073541864018418675 -0.012044509885682385 -0.004499166646078662 -0.007372193812202215 0.9999627034334262 0.3545880926787063
0.9999827563128234 0.003693102270371318 0.004565968969352 43.45812992405066 -0.003725121997085821 0.9999683916243683 0.007024188086948397 -0.008619372053421321 -0.00453988360151827 -0.0070410757554921 0.9999649057387414 0.3426541380461303
0.9999841176644668 0.0033720294781766705 0.004515953500213462 44.88405577188716 -0.003402351438902592 0.9999716079068175 0.006723643724960895 -0.001457244737186379 -0.0044931529579995515 -0.0067389017986847185 0.9999671988515642 0.3585625633090127
0.9999888635269697 0.0026178805604848937 0.003926770099020301 46.288751556740465 -0.002642791622111068 0.9999763323880954 0.006352189866142607 -0.00047581037256105656 -0.003910047887382475 -0.006362496760271127 0.9999721146914519 0.37846493290201433
0.9999898813688235 0.0015260889318124077 0.004231809605647711 47.71202716172922 -0.0015481662955356282 0.9999851843574946 0.0052186441370254055 -0.0031423950553027863 -0.004223782793612861 -0.005225142876490731 0.9999774285156805 0.3819079595232291
0.9999881228629468 0.0006277918063335554 0.004833219474421902 49.10901023042331 -0.0006569826255788597 0.9999815407682019 0.006040405340910916 0.0013745948039269422 -0.004829338139923336 -0.006043508939409131 0.9999700762987008 0.40430884754612917
0.9999880993191659 -0.0005473584018146916 0.0048478468232928265 50.53975463655502 0.0005152578279750311 0.9999779522282617 0.006620390225885181 -0.003267288045545522 -0.004851363665286075 -0.006617813547709579 0.9999663338405123 0.4109809005222723
0.9999870655850606 -0.0015538287027461327 0.004842961794428108 51.988700173897165 0.0015235928930139868 0.999979365972998 0.006240696510591167 0.007837682216599006 -0.004852558837986957 -0.006233237088661859 0.9999687992273161 0.40861008751388156
0.9999790681598583 -0.002694934481459364 0.005882224943184868 53.3970849841833 0.0026533737994585142 0.9999715443612482 0.007061874769532477 0.010604861074885579 -0.005901088850536989 -0.007046119209951932 0.9999577637852797 0.42888353168602666
0.9999721050341847 -0.003605263615190625 0.00654150042165064 54.85795069698134 0.0035649580178490564 0.9999746554381319 0.006162755529822436 0.02130206383077683 -0.0065635529884694776 -0.006139263445590676 0.9999596137927337 0.44124120608684037
0.9999631192078497 -0.003925477532382299 0.0076387728235881225 56.25403345396785 0.003907391080714403 0.9999895310304048 0.002381202329396758 0.025028110706590206 -0.007648040209751791 -0.002351266835970088 0.999967989000256 0.4415676507597667
0.9999615386009333 -0.0042995269983875746 0.007644304183147422 57.679964242532634 0.004284800574268904 0.9999889349026774 0.0019417920196744779 0.0492426386496881 -0.007652568385391515 -0.0019089630166828683 0.9999688965449415 0.4605419238158453
0.999960701092989 -0.003927898318587272 0.00794782262113058 59.12057282119549 0.003919529170820968 0.9999917479644066 0.0010683137038576174 0.07302961552859788 -0.007951953263016525 -0.0010371199976886788 0.9999678448937313 0.4753817620077974
0.9999555761416206 -0.00410923817091716 0.008482918420825146 60.54339679793182 0.0041018618534900235 0.999991194150078 0.0008867647016519433 0.0522126689985733 -0.008486487648879281 -0.0008519295486657707 0.9999636262101885 0.4845871178131259
0.9999511827974665 -0.003328667314892887 0.009303332513368002 61.99218146575594 0.0033483677101827343 0.9999921833229699 -0.0021027902028025024 0.08213541313529298 -0.009296260303204296 0.0021338385286521415 0.9999545121041801 0.4759271762837716
0.9999538808649697 -0.003233325114634581 0.009043326367491313 63.40464848194587 0.003269129481547765 0.9999868660086215 -0.003947227215164082 0.0717018983594638 -0.00903044492363281 0.003976608977298375 0.9999513176377752 0.496669494212972
0.9999609954594547 -0.002787008514151893 0.008380939283776588 64.81417163758698 0.002816746390119346 0.9999897721894245 -0.0035385669863086298 0.0740434239249018 -0.00837099154879841 0.003562035946602527 0.9999586183439818 0.5188010818333008
0.9999664800401636 -0.0017947241523007047 0.00798860196168658 66.25651528554039 0.001829518216340422 0.9999888638635932 -0.004350288714124522 0.09442556553786112 -0.007980705431300715 0.004364758185433546 0.9999586277575695 0.5211658351341921
0.9999684858841559 -0.0013373027813395031 0.007825526168871687 67.63418275536458 0.0013570202195838583 0.999995916969528 -0.002514863892250759 0.09435026568825167 -0.007822131082532081 0.002525404035778768 0.9999662177292711 0.5291763531237532
0.9999598362604393 -0.0006057360105810075 0.008941976844132326 69.08009517968378 0.0006090743280950394 0.9999997458373712 -0.00037061254178675 0.12029466943241346 -0.00894175007805345 0.000376043985139325 0.9999599510462721 0.5359098924510326
0.9999487362840221 0.00023246706597562496 0.010122784352659656 70.44916579883396 -0.000260807017964386 0.9999960504882902 0.0027983901658266076 0.1324355194501843 -0.010122093839053017 -0.002800886803148465 0.9999448476038213 0.5458920584825407
0.9999394593227572 0.001278484104828166 0.010929005796755346 71.89786052177668 -0.0013459405076514538 0.9999800773959661 0.006167110774707483 0.15338431387697024 -0.010920903509402195 -0.006181447205254762 0.9999212586883964 0.5566322194532536
0.9999389695913375 0.0017251808297066625 0.010912416951294563 73.278761621953 -0.0018309722717384264 0.9999513547342467 0.00969204342152233 0.15905377843210497 -0.010895165586360464 -0.00971143224500701 0.9998934860526877 0.5599519857789736
0.9999422434091394 0.0023763457065223374 0.010481546974574586 74.65077903603012 -0.002514372430526904 0.9999100434898522 0.013175084796783493 0.17278481147638255 -0.0104492955349979 -0.013200678361543476 0.999858267112703 0.5635743752237926
0.999939644429085 0.003207659847640488 0.010508016812743312 76.09287337904371 -0.0033555315718928574 0.9998951710458803 0.014085003620867302 0.18163678617876866 -0.010461735367762433 -0.014119413494605566 0.9998455852058673 0.5583093781011587
0.9999347430946404 0.0035003848769988187 0.01087459691060938 77.47400173146174 -0.003657593102633277 0.9998886089811438 0.01447037119250203 0.18128434328110388 -0.010822733709693064 -0.014509201751512765 0.9998361623284001 0.5623746209036464
0.9999317718914389 0.003533109893156335 0.01113412306965622 78.87405109475434 -0.003698172689541108 0.9998830510718644 0.014839396819881296 0.17514996900595536 -0.011080391726184698 -0.014879560265762282 0.9998278969930234 0.5882924824189784
0.9999465868889564 0.002949335614337024 0.009905795705576986 80.2453529359874 -0.0030850948749740975 0.9999011467706065 0.013717830602490235 0.16331220751699524 -0.00986435799933441 -0.013747658210044804 0.9998568379198098 0.5779459388075324
0.9999436500976803 0.002833014167014395 0.01023086800117771 81.65722594081707 -0.0029707095210810552 0.9999048787372714 0.01346879216351526 0.17239086375879292 -0.010191737549082817 -0.013498426135372504 0.9998569502571849 0.6070405777740012
0.9999368736530638 0.0025862508561498606 0.010934350252567981 83.028782152082 -0.0027282542967265577 0.9999118783495562 0.012992003846773917 0.19345635763642224 -0.010899786118505374 -0.01302101539709017 0.9998558135154286 0.6056122680912273
0.9999505587026032 0.00238009321553309 0.0096548074365738 84.39521487692652 -0.0024993012085897885 0.999920565499578 0.012353792311389718 0.20043546481195434 -0.00962463733450196 -0.012377311795765001 0.999877076699376 0.5981390988835145
0.9999476256939165 0.0015566216221199515 0.010115473208140246 85.78326629905699 -0.0016853840504619918 0.9999175088679066 0.012733221901879139 0.20701649444233805 -0.010094817962771929 -0.012749603465425694 0.9998677623874934 0.6046498422454775
0.9999418443365572 0.0005337874035099889 0.010771398043529641 87.16954527026247 -0.0006685514345944682 0.999921503804003 0.012511565422452839 0.21749515184214113 -0.01076387401373696 -0.012518039037679578 0.9998637095698931 0.6106781291445299
0.9999291022416201 -0.0006819934335996936 0.011888034960582666 88.55104348564947 0.0005469555565616751 0.9999353383599967 0.011358694401114526 0.2161999359570248 -0.011895012815741526 -0.011351386868365076 0.9998648182060803 0.6162343141441855
0.999925398527969 -0.0021904739340599523 0.012016621930747179 89.89355970185123 0.0020744544990089326 0.9999511999959737 0.00965889564824551 0.19525616447818098 -0.012037193078697862 -0.009633247144984829 0.9998811462030024 0.619767623927995
0.9999154922841114 -0.0026585819089607857 0.012725573953910848 91.28951065061096 0.002555800262187 0.9999640396680712 0.008086238664047054 0.22266408959289144 -0.012746614265871255 -0.00805303128923954 0.9998863297954481 0.6362189781647899
0.9999140739490154 -0.0029244273315556448 0.012778593172390974 92.65159956464545 0.002832827196031639 0.999970207460144 0.0071804792454381525 0.23036114569345842 -0.012799211255403608 -0.007143662708946642 0.9998925683663923 0.6460396026225069
0.9999165346886681 -0.00323050092661849 0.012509497190876762 93.99110765524519 0.0031583029660469933 0.9999782681474277 0.005786912410417364 0.23223535369170872 -0.01252791996223217 -0.005746920621889676 0.9999050075506101 0.6533385911539699
0.9999194195778152 -0.003468539097224439 0.012211616915709302 95.34898547779201 0.003406334511213817 0.9999811370752999 0.005111005653275773 0.2539919556456122 -0.012229114291833479 -0.005068996954144741 0.9999123731775281 0.657452964307521
0.9999265700068026 -0.003395285139979703 0.01163299760375792 96.7257213442205 0.0033366079963762837 0.9999816329374147 0.005059726761417057 0.2525536785324837 -0.011649963154848274 -0.0050205404728888604 0.9999195330284586 0.6471418779354225
0.9999353662915424 -0.002681627472399097 0.011048624959612277 98.07870703989043 0.0026113675659688073 0.9999763100541135 0.006368680396676648 0.2824291356501469 -0.01106544164659952 -0.0063394167443765435 0.9999186805918303 0.6560041046454427
0.99993329962218 -0.0026221613255047183 0.011248136587121437 99.41830978821487 0.002528511473809836 0.9999620917593108 0.008331966998885658 0.29454550026373455 -0.011269557951682246 -0.008302970211119334 0.9999020240749825 0.6541278349598322
0.9999220346661437 -0.0028003932910735056 0.012168910655212892 100.79424808826279 0.002699020593109939 0.9999615881215727 0.008338918947940345 0.27735166357596663 -0.012191795477172829 -0.008305424660886435 0.9998911841016727 0.6543969375238394
0.9999037933460543 -0.002532792846374173 0.013637778872254668 102.08997904212644 0.0024103961108198116 0.9999567397385036 0.008983798869717313 0.32043433678651934 -0.013659942999884907 -0.008950062119334435 0.9998666422805094 0.6531819018964448
0.9999183296236226 -0.0026400276792103734 0.012504572625935084 103.45778250312908 0.0025286735721401377 0.9999570854239623 0.00891252603810541 0.3076211671536461 -0.012527565312934592 -0.008880178166419296 0.9998820943206568 0.659188842188314
0.999943999611736 -0.0023600446418642986 0.010316386468778332 104.76879798960307 0.0022673426224020976 0.9999570331802337 0.008988378653441183 0.29922810949649997 -0.01033715618134039 -0.008964484517996892 0.9999063862279354 0.6607117161146009
0.9999553771883563 -0.0024719701078254035 0.009117729754613679 106.06578811491124 0.002407563894688077 0.9999721226372428 0.0070680679439406105 0.32851571329577334 -0.009134947629031286 -0.007045801029917332 0.9999334524955457 0.6703144832690852
0.9999468354199396 -0.0018778037326858397 0.010139042695926082 107.4321894668443 0.001811347753674894 0.9999768445914107 0.006559672272378901 0.33921710250794523 -0.010151125699328021 -0.006540958197945526 0.9999270825979709 0.6705108036474986
0.9999341264821292 -0.001573436172306199 0.011369564417032841 108.76752636758641 0.001526405751631148 0.9999902485717223 0.004144013386391572 0.33839291042825703 -0.011375973888101548 -0.004126385837132007 0.9999267773982355 0.6530795787773171
0.9999129785806782 -0.000978229824542901 0.01315592384922606 110.10788958600921 0.0009514013597615051 0.9999974556396515 0.0020453727474617858 0.35017378088015566 -0.013157891220438943 -0.002032678192383187 0.9999113651309287 0.6855337489617542
0.9999231740833965 -0.00025675091542219983 0.012392740211632971 111.44325670622977 0.00022765195231773668 0.9999972141989549 0.0023494188468557867 0.3482410549905621 -0.01239330890336398 -0.002346417119095647 0.9999204469462203 0.6619518119414417
0.9999560380842342 0.0015488844116671799 0.009247856830678044 112.77241612402901 -0.0015802736632590229 0.9999930124874654 0.0033878771219165095 0.3746323425996245 -0.00924254478109974 -0.0034023423289389616 0.9999514985401272 0.6821077330949328
0.9999673728025554 0.002008903201804545 0.007824170133691417 114.1237303411854 -0.0020596258536279494 0.999976882451253 0.006480162375736939 0.3386539389312459 -0.007810971239112116 -0.0064960658092901675 0.9999483935970411 0.6923336501299867
0.9999686726161467 0.003359483869986867 0.007167123162648301 115.40946335323193 -0.003427404452158761 0.9999491373560037 0.00948554688489148 0.367512089702639 -0.007134892082056604 -0.00950981435735999 0.9999293258755171 0.6839529659785072
0.9999442970791976 0.00514558826340181 0.00921551193438736 116.79310553568419 -0.005235499294940418 0.9999386730251542 0.009759084784256855 0.3751383026413254 -0.009164730542791353 -0.009806788980965014 0.9999099132441687 0.7066097867837711
0.9999208878872402 0.005188552846977389 0.01145848533390431 118.0806358006724 -0.005305701298185226 0.9999337279408758 0.010217106243798676 0.3764397487357644 -0.011404713960797655 -0.010277093247448769 0.9998821499826145 0.6960790025144524
0.9999060885122433 0.006092009053548202 0.012276057259454352 119.44805131797455 -0.006217728686679035 0.9999283507919727 0.010229033797204946 0.36989261300693727 -0.012212862323172391 -0.01030440236680416 0.9998723244923515 0.7054868193857016
0.99990486725974 0.007349148140701745 0.011672465544513134 120.77658235830862 -0.007469179184828425 0.9999193333383138 0.01027317762753638 0.3776047630945283 -0.011596024861423504 -0.0103593840486782 0.9998791003764131 0.7115428716404524
0.9998966276078155 0.00853194205630276 0.011573247740612075 122.09502201429507 -0.008673201314413894 0.9998878285027206 0.012210896407463251 0.369191907988503 -0.011467766891480631 -0.012310011245406807 0.9998584669570292 0.7086599118356309
0.9998901277574237 0.009666419878182335 0.01123800427040447 123.4501496017624 -0.0098195570131178 0.9998585847602978 0.0136523544196823 0.3639153101119931 -0.011104445655190389 -0.01376120662853266 0.9998436480164374 0.7033418006590152
0.9998805388289999 0.011097563035904232 0.010758818043488976 124.7919846211249 -0.011255630526863084 0.9998279419387086 0.014744398938207375 0.37626466405456355 -0.01059334000547135 -0.014863734835847783 0.9998334113912467 0.7034427633105699
0.9998771779238377 0.012062994150851936 0.010005660356953723 126.09910337794699 -0.012221108818909792 0.9997989787680237 0.015894859346760843 0.354699580527692 -0.00981190941145344 -0.01601518737116295 0.9998236045459059 0.7110843680221975
0.999866358246266 0.013092163844217752 0.00979085763483948 127.4528054121131 -0.013242401873528254 0.9997930912026737 0.015440646878363303 0.3553131744837677 -0.00958668034146922 -0.015568237834722738 0.9998328487956134 0.7220640437127622
0.9998520386026745 0.013678578970948044 0.010430598228848618 128.76033972333332 -0.013830427588875125 0.9997973564566123 0.014627552600446042 0.32723132916163755 -0.010228400402066972 -0.014769647920836567 0.9998386056386849 0.7142293996827874
0.9998298522819316 0.014702183237942115 0.011140569730892266 130.13250991203924 -0.014877196258205024 0.9997645979431717 0.01579296460525835 0.328205540314233 -0.010905756158366534 -0.01595601791068393 0.999813217543681 0.7349434713897697
0.9998254234723655 0.015029959602988155 0.011100580734256422 131.4604496502501 -0.015179202048716535 0.9997938525745294 0.013484961228883026 0.30450549247342545 -0.010895613955598852 -0.013651105028999768 0.9998474548289943 0.7216250677275352
0.9998194078058409 0.015186912852324659 0.011424073388832072 132.80624559116544 -0.015328321494469499 0.9998056952766227 0.012394121695026924 0.294015787864643 -0.011233625191348934 -0.012566995283075776 0.9998579280550889 0.7370029935090352
0.9998144223445469 0.015127946026046937 0.011927536244888293 134.13159997821518 -0.01525050299685056 0.9998311449449883 0.01025201230671895 0.29695981513331465 -0.011770430331265092 -0.010432010689559105 0.9998763074114667 0.7269016478157264
0.9998235597104322 0.01428251425597174 0.012200788273204895 135.46633601716283 -0.014395796051740163 0.9998536072394187 0.009247980663862086 0.25145075431591785 -0.012066917750457748 -0.009421989007127358 0.999882800941767 0.7429929174591072
0.9998456589094827 0.013184781141977223 0.011611197444731018 136.80285823067518 -0.013297586864511433 0.9998646082038088 0.00969223632731868 0.23624024880335462 -0.011481835369101029 -0.009845141323616677 0.999885613782334 0.747764467354162
0.9998291487531159 0.012943073068485703 0.013196596650788112 138.1423158637195 -0.01302709060266269 0.999895292909566 0.006300645024378987 0.2684016308374046 -0.01311366516462005 -0.006471481811537011 0.9998930701375589 0.7506111655494213
0.999853176749015 0.01129651156502343 0.012884633148216171 139.48808078923486 -0.011374589656697402 0.9999172898304377 0.006002683424453595 0.21310278351751702 -0.01281575807529822 -0.006148359505896622 0.9998989719068331 0.7507091647751585
0.9998614377121084 0.010338290053674284 0.013047035488629826 140.8499619392492 -0.010401774769860041 0.9999343438837505 0.00480739049907235 0.23444762302885164 -0.012996478673570384 -0.004942436700613109 0.9999033272579644 0.7547762243854836
0.9998801114852051 0.0087952310827447 0.01274388349502557 142.18172465637224 -0.008858153568887963 0.9999488118386358 0.004889459873066671 0.2093832375592058 -0.012700227229607394 -0.0050017609600472935 0.9999068389683184 0.7472161717891506
0.9998958990211779 0.007626237211357977 0.012248739797482653 143.53380957694282 -0.0076833174376242505 0.9999598111776264 0.004619811983001751 0.19260398024137154 -0.012213015753000387 -0.004713442012127267 0.9999143091838496 0.7496821347349755
0.9999187518363514 0.00755904481751968 0.010264042453136574 144.8693182200411 -0.007586842882580917 0.9999676494188605 0.0026720648932488625 0.18773741416852302 -0.010243512147114987 -0.0027497194703152237 0.9999437531690102 0.7500650763576506
0.9999363866494374 0.00625634786606657 0.009385135366398128 146.18414340917616 -0.006257269728575557 0.9999804207248741 6.886542890415285e-05 0.17786489105634057 -0.009384520766171528 -0.0001275863715702292 0.9999559562759288 0.7819320271420079
0.9999095446834998 0.005819122000911428 0.01212601624502742 147.5850537040959 -0.005702067452366227 0.9999370303710469 -0.00966549116707173 0.1860080419394213 -0.012181497346583714 0.009595473509451448 0.9998797617766472 0.7667514544653511
0.9998984685831539 0.004329647224383838 0.013575959633699683 148.90477917093204 -0.00410420653958247 0.9998539531650107 -0.01658999183185121 0.1696658125509671 -0.013645805719850567 0.01653258888416532 0.9997702063429592 0.7724821898396611
0.9999377776081599 0.0030943472688280313 0.010717552287441104 150.19821133600288 -0.002904003256573371 0.9998385888731157 -0.017730283847202315 0.11995346445433083 -0.010770686010647084 0.017698056819788113 0.9997853625192077 0.7864604356243031
0.9999670097587231 0.003024802421254677 0.007538565149291641 151.60555509640835 -0.002886549622093356 0.9998286797857391 -0.01828329590596647 0.15797326853481092 -0.0075925769984199285 0.018260932293240384 0.9998044264386434 0.784312334116343
0.9999798520070561 0.004001862774839489 0.004927542417623108 152.91621345514082 -0.003933658654593001 0.9998973941495336 -0.013774160684461922 0.13463154101117553 -0.004982159123840444 0.013754499892892687 0.9998929901860304 0.794537279294834
0.9999715269337656 0.005202933962212532 0.005465784476008066 154.2888145982566 -0.005121803057740015 0.9998780359178366 -0.014753996832282441 0.15531120351508143 -0.005541881917818205 0.014725582069111245 0.9998762147273705 0.8030081416511707
0.999961090053436 0.005119543546767664 0.007183916272949641 155.61034454825787 -0.004995023132340455 0.9998388098719732 -0.017245405698438656 0.12609662516285478 -0.007271046902020701 0.017208850852660277 0.9998254784357515 0.7833240478019055
0.9999293179367469 0.0061565577804779635 0.0101713286667869 156.93405813161806 -0.005875929588804273 0.9996074616990808 -0.027393356256367574 0.15549986351268122 -0.010335984811307493 0.02733165402635732 0.9995729828812722 0.7808456062156969
0.999915359708281 0.006141095402698441 0.01146997675297856 158.29112420576982 -0.00580086203546211 0.9995490010937573 -0.029464290456711166 0.133672250147157 -0.011645746824675817 0.029395260837877635 0.9995000226218951 0.7954560225830377
0.9999172108801263 0.005696584087782539 0.01153777775136294 159.63225780293834 -0.0053401530891495335 0.9995146486780798 -0.03069120139257154 0.10802591283528594 -0.011707012885167144 0.03062704699551952 0.9994623203711288 0.7980987509040576
0.999913018563372 0.006634535527885406 0.011399045829142473 161.0205617721092 -0.006294882132078046 0.9995426391211684 -0.02957848944136605 0.10050715926653676 -0.011590071890584142 0.029504161011948547 0.9994974610855958 0.7911705048698482
0.9999080732812649 0.007725177574060354 0.01114300760109229 162.33896220375777 -0.007417232264721523 0.9995965584747876 -0.027417238206860862 0.09933058265429821 -0.011350315082848565 0.027332067554610862 0.999561968279461 0.7847975805304418
0.9999035433382681 0.00961915746172133 0.010018773842276693 163.67975760373557 -0.009361629371089033 0.9996324695394521 -0.025441810823418235 0.14564639780234936 -0.010259820422134103 0.02534556474381364 0.9996260993155005 0.7832847473813185
0.999907758599843 0.010135095371319954 0.009041799248611851 165.03586848401238 -0.00991309308530945 0.999656319364201 -0.024268781195199367 0.15270947017659 -0.009284658169256364 0.024176910411231652 0.9996645798094715 0.7689381752819233
0.999894767478311 0.010460596865107417 0.010051362232062142 166.3846608838942 -0.010209075255549465 0.9996413616824407 -0.024757277639151153 0.14017969512782014 -0.010306733329282758 0.024652057254947124 0.9996429599217802 0.764196975714126
0.9999011067395586 0.00994296357888789 0.009945562642436132 167.70458771172864 -0.009690846185887825 0.9996383609705568 -0.025084552543349525 0.11336963303207921 -0.01019138073114608 0.02498569093236184 0.9996358592044532 0.7596242937689213
0.9999179219631972 0.009980079329579948 0.008034136753668961 169.091721426377 -0.009793387973080464 0.9996886328501549 -0.022950531632122885 0.12353947664751774 -0.008260683313751124 0.022869966479285478 0.9997043191586332 0.7541245699550995
0.9999413511431268 0.009052340390528506 0.005945536772417546 170.50957894362088 -0.008934981924900507 0.9997703714146353 -0.019477436675389315 0.1111071391335314 -0.00612048789393985 0.019423171082398098 0.9997926185229835 0.7741423837075528
0.9999554941691938 0.00845400252691738 0.004188021265262019 171.8498382426864 -0.008396382457068296 0.9998723988125905 -0.01358995417176873 0.09750369241364339 -0.004302376375684499 0.013554185111286223 0.9998988816992901 0.7755862019340668
0.999946987998186 0.008948995971207872 0.005092805166389841 173.20343932323135 -0.008886780457097315 0.9998871728749386 -0.012110600863290832 0.09716275929465798 -0.005200608278158916 0.012064700214671422 0.999913694616824 0.7697800952758325
0.9999289789522641 0.009571627883923938 0.007100773981363218 174.60575369396514 -0.009519590991177216 0.9999278487766114 -0.0073262970413968806 0.0931850190143925 -0.0071703862408808005 0.007258180256081604 0.9999479508357056 0.7885911811003462
0.9999053345454346 0.009458573527702534 0.009992864174173215 175.98607902367678 -0.00940608002917342 0.9999417844105251 -0.005287102077680168 0.08972952272045154 -0.010042290877444978 0.005192607891615717 0.9999360925665284 0.7965572312896059
0.9999035783213839 0.00864189845953603 0.010869758557916722 177.41289449827195 -0.008551406606660062 0.9999286212563773 -0.00834420981088807 0.09223977871145297 -0.010941092502118133 0.008250453523026408 0.9999061068478003 0.7937742200287483
0.999910643086302 0.0075003042076378125 0.01106577062526616 178.79763896942086 -0.007393304408310441 0.9999258265439087 -0.00967886669022089 0.09292969853221814 -0.0111375442833764 0.009596189205820223 0.9998919282902837 0.7944764057194209
0.9999588862661882 0.005681295236582677 0.007067436714903872 180.13648599420415 -0.005593512839013867 0.9999077315912093 -0.012379051588944751 0.08291650283799859 -0.007137113660589644 0.01233901084190915 0.9998984000487444 0.7882060954068069
0.999987412785556 0.0035810754097506596 0.0035142807741524893 181.5536172064806 -0.0035459347099199407 0.9999441586302648 -0.009955198051512725 0.09988615527592015 -0.0035497348468418967 0.009942611333122547 0.9999442703783025 0.8071535484449863
0.99999495174464 0.0017201837227792493 0.0026716012417833906 182.94220861978113 -0.0017035746574079057 0.9999792866581907 -0.006206777582849493 0.05499826378821348 -0.00268222270176262 0.00620219497728109 0.9999771689687931 0.8081314796903805
0.9999903617954928 0.002032051046321658 0.003891925572829169 184.26975662371888 -0.002019065249263615 0.9999923917809139 -0.003337627271949899 0.09931262100525397 -0.0038986781911969416 0.0033297370515388636 0.9999868564933886 0.8133655536170444
0.9999735595809085 0.003459741716954278 0.006396118067957002 185.7247616986757 -0.0034570139943931096 0.9999939288178044 -0.00043747202724257853 0.11738484795683891 -0.006397592776181518 0.0004153489906281195 0.99997944893477 0.8178911200033809
0.9999547469397613 0.003041852446422544 0.009013945103694054 187.0915819941538 -0.003061125118452453 0.9999930567705093 0.002125070300493293 0.1105537897988982 -0.009007418367512208 -0.0021525669483322424 0.9999571155154033 0.8372182523672942
0.9999486773431859 0.003498940133881011 0.00950789658929324 188.54530107617543 -0.003494046954019773 0.9999937547085316 -0.0005312060018272198 0.11998186965586198 -0.009509695867706938 0.0004979577018069353 0.9999546578333595 0.8292602357982819
0.9999485194621499 0.0024292493451195684 0.009851759897263227 189.94852355287645 -0.0024164759328103276 0.9999962245455984 -0.0013082578548642607 0.06770025588767298 -0.00985490078693014 0.0012843839643586835 0.9999506144246884 0.8287473074805074
0.9999366060595976 0.003646404748827246 0.01065305563774423 191.31623207148147 -0.0035981275881612055 0.9999831870682685 -0.004547423297610351 0.12319033823934522 -0.010669458274554395 0.004508803965140454 0.9999329144232285 0.8387372146345476
0.9999348980774011 0.004129229749154836 0.010637155099753343 192.77239264035674 -0.004061198556116792 0.9999712133555497 -0.00640930000212583 0.12688988755440625 -0.010663314363991563 0.006365683145440868 0.9999228829289118 0.8316246399958348
0.9999281034575588 0.004187980776336044 0.01123604613673436 194.11909983275908 -0.004090945016679386 0.9999542609398031 -0.008645241303901817 0.10853220337908866 -0.011271738314931263 0.008598653693993243 0.9998995004849289 0.8333764054136719
0.9999175749257856 0.004554388201174095 0.012004203540798328 195.57062481590867 -0.004421647166861485 0.9999290456023727 -0.01106131986064974 0.09388945748836408 -0.012053729334429853 0.011007329777962718 0.9998667642742665 0.8359129284888678
0.99990926179862 0.004974081853875532 0.012519052641856132 196.9997874197188 -0.0047939965334742405 0.9998851957988825 -0.014374032818505075 0.07736396901641994 -0.012589113017828373 0.014312712249653109 0.999818313745794 0.8374206544919579
0.9999342401766173 0.0052803589644769364 0.010180035934001212 198.4157555666143 -0.0051649572152108235 0.999922482757002 -0.011329240664680764 0.08911131995181441 -0.01023906926318645 0.011275916205767168 0.9998840008592718 0.8613704708538328
0.9999756887366013 0.0055142071429775605 0.004267956811454105 199.85509216834174 -0.00548688572738432 0.999964549696882 -0.006386973816034665 0.11578452397425673 -0.004303024607729833 0.006363400749318042 0.9999704951197954 0.8459660476957179
0.9999660032143047 0.007003307423253307 0.004352711883938669 201.30166330996659 -0.00702059940590978 0.9999674738566643 0.003970190512231656 0.11062904912760585 -0.00432476584232199 -0.004000614184982118 0.9999826455926883 0.857934541334404
0.9999469169197124 0.007208878362888687 0.0073617535622208675 202.72553610554283 -0.007287896278176513 0.9999155104830074 0.010763756934509218 0.10691750453374012 -0.007283536956749601 -0.01081683725752263 0.9999149694454744 0.8585642583397187
0.9999197947131844 0.008119952795568645 0.009719593990545752 204.16011619490408 -0.008227575649882007 0.999904716094562 0.011084481529546844 0.0755423386400614 -0.009628662402887787 -0.011163561190369917 0.9998913259759182 0.8509298702067073
0.9999150721366592 0.008514522717171008 0.009866682159598338 205.615486096119 -0.008601762117032714 0.9999239877204364 0.008833372501057285 0.11236072035397933 -0.009790720219766172 -0.008917493154425912 0.9999123062116093 0.8435633727926941
0.9999213119712212 0.007126067751853283 0.010324196053325534 207.07164546756553 -0.007196207980959446 0.999951171866767 0.006772626741096486 0.10422390119488482 -0.010275429745090053 -0.006846388878484507 0.9999237683458065 0.8664695176109982
0.9999318754505706 0.005923826714001988 0.010057471599114479 208.51325052585582 -0.0059827570607319585 0.9999650532902788 0.005839419159647199 0.08064682608456167 -0.010022528416361802 -0.005899192761070733 0.999932371937678 0.8713203274635578
0.9999388956645872 0.005617436195474056 0.009520995099020229 210.0114548548774 -0.005668706346534626 0.9999695324783966 0.0053665522725155354 0.10030568373706761 -0.009490558752915832 -0.005420196078248606 0.9999402736008939 0.864729779815913
0.9999374890299842 0.005813922240849454 0.009550724610593826 211.47960660542174 -0.005877088109730951 0.9999609555781082 0.0065990267969613025 0.11199872532911681 -0.009511985479409943 -0.0066547447354433015 0.99993261598207 0.8782980754454699
0.9999365983990472 0.005073898544543094 0.010052598455231841 212.9149278005942 -0.005148937238908896 0.9999589709594265 0.0074528412752732365 0.08877030591595876 -0.010014371046262634 -0.007504128951738679 0.9999216971449432 0.8637385120989384
0.999941405770712 0.004327720132989194 0.009922492818984758 214.35602908478023 -0.004403787697458727 0.9999609863209794 0.007657185507077794 0.0877701249423542 -0.00988896755015382 -0.007700433391998859 0.9999214527383475 0.8783262621502781
0.999945991461417 0.0043615428228528695 0.009433509656961865 215.8070924806791 -0.0044388445375697005 0.9999566173684767 0.008189019487408515 0.10208966195426582 -0.009397383647316937 -0.008230451093244488 0.999921971383461 0.8867523600932699
0.9999497830256875 0.004421882904795173 0.00899324070938721 217.3001651397334 -0.004486508222218026 0.9999641691658938 0.007178553359537804 0.11703668243948917 -0.008961175751689575 -0.007218541122695198 0.9999337928049074 0.8845111221981784
0.9999531880963684 0.0035154621992558484 0.00901460711482324 218.7723769426345 -0.0035816232778457086 0.9999666937909828 0.007333708708860282 0.0908038106294717 -0.008988525496688115 -0.007365652330678024 0.9999324745077234 0.8938144368192497
0.9999576238341343 0.0035982472892153597 0.008473674081391512 220.25120943700497 -0.003666517498806572 0.9999608357462567 0.008055037124603563 0.0988728214785426 -0.008444358200771516 -0.008085764657312923 0.999931654276673 0.8900079175522807
0.9999546549442808 0.0037537328918247547 0.008752002321813652 221.7464019574807 -0.00381767377626569 0.9999660624804622 0.007300633825808721 0.09569552374020512 -0.008724300671240755 -0.00733371506791491 0.999935049491266 0.9025288647214369
0.9999610326825564 0.0032577449869329923 0.008204889641883524 223.23414930825274 -0.0033302134647411113 0.9999554320175963 0.00883423209912872 0.1037436732276569 -0.008175744291172004 -0.008861211886764258 0.9999273154230677 0.9039124409182036
0.9999645659117504 0.0026369572136766706 0.007994584265475061 224.73351273258635 -0.0026985886976666792 0.9999666501282823 0.00770819370944309 0.09486104102798264 -0.007973991470108837 -0.007729494671368299 0.9999383332846881 0.8936566369921917
