1.0 8.809142651444726e-20 8.673617379884037e-19 -5.551115123125783e-17 -8.809142651444726e-20 1.0 1.7347234759768075e-18 0.0 -8.673617379884037e-19 -1.7347234759768075e-18 1.0 -5.204170427930421e-18
0.9999993011580781 -0.0003480319849955573 0.0011298482609536818 1.3160940844717768 0.0003481171165631284 0.9999999365833229 -7.515200288644408e-05 -0.058402083065748844 -0.0011298220340017183 7.554526988583102e-05 0.9999993588973364 0.018140396604628333
0.9999976844684006 0.0012037922336848642 0.001783799903291163 2.5652097675998258 -0.0012028053760217308 0.9999991230587825 -0.0005542029350592417 -0.11574037075546209 -0.001784465484192614 0.0005520560876714074 0.9999982554569841 0.031373844761168695
0.999998937549621 -0.0008534051341351645 0.0011817780275218714 3.936933142044096 0.000855063298867825 0.9999986497839302 -0.0014033164545617 -0.039064343258638064 -0.0011805788343990482 0.0014043254586263434 0.9999983170503949 0.05211447542819971
0.9999993089243014 -0.00032595458274685315 0.0011295594404138996 5.255164675968452 0.00032819056055648845 0.999997986154256 -0.0019798935295907852 -0.03574913705601408 -0.001128911810286107 0.0019802628720804122 0.9999974020551664 0.06213747487270184
0.9999989410101021 -0.0005228810054385638 0.0013581509961874746 6.571270407322823 0.0005261995528173774 0.9999968744381339 -0.0024442233927247847 -0.040882160495824584 -0.001356868713217408 0.002444935462763756 0.9999960905912972 0.06832892745595179
0.9999973242535067 -0.0003914873879708443 0.0022799612830070037 7.908069405104622 0.00039950848116782815 0.9999937295840283 -0.0035186908927487687 -0.03306348847669057 -0.002278569463594681 0.003519592341493247 0.9999912102568449 0.09817484133996696
0.9999967956577792 -0.00020468273977940422 0.0025232477384941063 9.223390880505997 0.00021385913563422155 0.9999933632011219 -0.0036370067334784975 -0.01676391542793653 -0.0025224865597035413 0.0036375346988446093 0.9999902026534414 0.10649626640927279
0.9999979116306492 -0.0007723302360163791 0.0018921523054126965 10.55796158995595 0.0007785912751355298 0.999994217335088 -0.0033104519345682837 -0.018098838747411018 -0.0018895846016060058 0.003311918234398148 0.9999927303073968 0.11888262397018669
0.9999995194327548 -0.0006367791728958795 -0.000745417027189797 11.878080503459914 0.0006364854900823163 0.9999997197637825 -0.0003941555241403434 -0.003316151530554024 0.0007456678083256034 0.0003936808876002424 0.999999644497376 0.13487743888053652
0.9999987352217208 -0.0005461606721965572 -0.0014937414364785393 13.213271421881728 0.0005492869356920853 0.9999976581883896 0.0020932992138970943 -0.010379181531055512 0.00149259466071173 -0.0020941170589940765 0.9999966934119943 0.15316708901218246
0.9999984282101204 -0.00040847693525285494 -0.0017253184870870174 14.555186151984955 0.0004183142212023214 0.9999836376363453 0.005705214526615011 0.01746250826845866 0.0017229598082537198 -0.005705927284475809 0.999982236743895 0.1645951944350451
0.999999589054768 -1.0022155581364193e-05 -0.0009065262552326794 15.90547876323662 1.539337623000959e-05 0.9999824454626591 0.0059252451058205025 0.036850078463248226 0.0009064509578553732 -0.005925256625368987 0.999982034678916 0.1865671198219151
0.9999986399588742 0.00015580894577248296 0.001641890366154228 17.251051126864848 -0.00016333794888793844 0.9999894689164689 0.00458643400398819 0.025593072361022803 -0.0016411584678226168 -0.00458669594925403 0.9999881343391793 0.20976090886943358
0.9999930641191496 0.0002494177900751212 0.00371611414793031 18.614266843091446 -0.000248467511403173 0.9999999363184007 -0.00025617784916778054 0.03214707866032007 -0.003716177806595223 0.0002552527387143158 0.9999930624102095 0.22730971481172493
0.9999983588490056 -0.00014118880331221784 0.001806201820798622 19.95435165090863 0.0001451383620306424 0.9999975985900275 -0.0021867210691390586 0.02122477829939436 -0.0018058887428366276 0.0021869796295733686 0.9999959779348857 0.2539928941324354
0.9999998068198317 0.0001723499390283419 -0.0005972066624305819 21.302458434247914 -0.0001740752594532041 0.9999958083934599 -0.002890137248437989 0.03008950730363417 0.000596706044196678 0.0028902406490254984 0.9999956452159617 0.2465213395684979
0.9999984046382434 0.0003886766841714821 -0.0017434596075843129 22.657606153014484 -0.00039026162869962663 0.9999995108599281 -0.0009088320888624702 0.039634431316553656 0.0017431055129455873 0.0009095110443325402 0.9999980671845476 0.29303648301648727
0.999999153077917 0.0011533538952478713 -0.0006030076625751619 24.02323088004757 -0.0011524655569450212 0.999998253317286 0.0014714569368472843 0.04753993798143412 0.0006047037199019037 -0.0014707607450762186 0.9999987355973216 0.2826587230261342
0.9999922490721455 0.0018394288060683652 0.0034811344845322315 25.419100325170156 -0.0018452342196542263 0.9999969111012321 0.0016652022907128476 0.0528730836448045 -0.0034780607105987433 -0.0016716128923241066 0.999992554374297 0.29761834400242276
0.9999876365317975 0.002000888871571194 0.004552277152518427 26.789705188196134 -0.002001195701582 0.999997995630975 6.284740613834552e-05 0.048063127796423924 -0.004552142277399559 -7.195662659646794e-05 0.9999896363577626 0.3148753927753198
0.9999907962870919 0.0020458808050040603 0.0037711686304839273 28.156865256880657 -0.002030147637837793 0.9999892402461374 -0.004171078100629603 0.04522010342963811 -0.0037796615822599396 0.004163383682137183 0.9999841900723425 0.33757295248465674
0.999997358790722 0.0019273248557927214 0.0012521303766863106 29.515732164580307 -0.001921897269277792 0.9999888153264336 -0.004321519746833441 0.0540355719663407 -0.001260445344439656 0.004319101866843657 0.999989878267074 0.33998317156866853
0.9999963027343282 0.0026331238310942136 -0.0006790998188266216 30.905245037610083 -0.002636005102256927 0.9999873777117844 -0.004277370010877798 0.05382984539250695 0.0006678284021229311 0.00427914430689186 0.9999906214206342 0.3788957233238171
0.9999934478101626 0.0030799469338945004 -0.0019021733958325695 32.29104429586469 -0.003083797684942465 0.9999931951831262 -0.002024791169626014 0.06428304761554564 0.001895924202536282 0.0020306438207243174 0.9999961409710998 0.3715394080053626
0.9999849678092887 0.0036417762263758523 -0.0040989780888254605 33.671483120648155 -0.0036426045511203497 0.9999933467528284 -0.00019463340332369377 0.06363347661797347 0.004098242006010002 0.00020956143379855446 0.9999915802127863 0.4093075086300352
0.9999847215178704 0.003895715774925537 -0.0039217508115820645 35.061986381652005 -0.0038941190593420306 0.999992331902092 0.0004146972003366316 0.07390694262760059 0.00392333628163804 -0.0003994190998114953 0.9999922239181682 0.41521119037328225
0.9999919110302136 0.0032976354348545497 -0.002302927415321741 36.45995977387557 -0.0032973829595953027 0.9999945571858873 0.00011342054115996255 0.06817179575737707 0.0023032889005114737 -0.00010582599008816519 0.9999973418270174 0.44986769252807257
0.9999941782454517 0.003191206721584744 -0.001208170047591998 37.859292406648045 -0.003189649602481108 0.999994082850347 0.0012885649798003143 0.08081750789147196 0.001212274975893757 -0.001284703838979251 0.9999984399614976 0.4607040638074569
0.9999961454419424 0.0026586096315175476 -0.0008005598571684378 39.25629365333852 -0.002655898799861145 0.9999907999827927 0.0033684048656928804 0.07392149785016941 0.000809507765622758 -0.0033662656760168933 0.9999940064583267 0.47583382345507635
0.999994480771199 0.0032509927788683525 -0.0006851810649739339 40.652042042326045 -0.0032469069436373214 0.9999774283752679 0.00588220496795389 0.08932960763588718 0.0007042886051987036 -0.005879947783561305 0.9999824649420724 0.5028703198880735
0.9999948014579555 0.00319715126354007 -0.0004186655728730146 42.079850595162526 -0.003193539471285812 0.9999599490431512 0.008360718585370536 0.09633897402095587 0.00044537928690554173 -0.00835933809679121 0.9999649609380692 0.5208708026038524
0.9999957524189443 0.0028864546106157755 -0.0004043808232261855 43.468171987937374 -0.002882466015226138 0.9999503452738063 0.009539306917525735 0.09769266258006011 0.0004318955202413013 -0.00953810078456623 0.9999544180109827 0.541466814643645
0.9999967288769732 0.0024918793219631443 -0.0005768646271740583 44.89298301964829 -0.00248678561838851 0.9999593363051463 0.00866842739252162 0.10652613278550412 0.0005984418447002506 -0.008666964498370558 0.9999622620847961 0.5579345508516215
0.9999980776891157 0.0016122841772745356 -0.0011158663920982261 46.29382760708371 -0.0016030225717256054 0.9999646697764837 0.008251637258291124 0.0943080041060921 0.0011291309524773306 -0.008249832637065448 0.9999653320614433 0.5847204492130846
0.9999994753801702 0.0007652595209166153 -0.0006808944483423224 47.724887184758856 -0.0007599277657039812 0.9999693171621805 0.007796617471273626 0.10557708444889596 0.0006868399923192287 -0.007796095950416687 0.9999693741004055 0.6066778414319307
0.9999999595047774 -0.000272235206504111 8.293633693699497e-05 49.122582910019965 0.0002715621016705881 0.9999678776416168 0.008010614142840307 0.10826837077657014 -8.511444402165776e-05 -0.008010591296082739 0.9999679110764598 0.624948988912905
0.9999992368984874 -0.0012331915281639733 7.376379694449396e-05 50.550220761660036 0.0012325026589949137 0.99996134765694 0.00870540804970908 0.11678279630420277 -8.449638125702074e-05 -0.008705310492523158 0.9999621044967606 0.643932911933282
0.9999970850013934 -0.0024103171456532164 0.00014268837881328247 52.00172273211135 0.00240897116007383 0.9999585370652831 0.008781856763154489 0.12242796127555101 -0.0001638495224612488 -0.008781487431864821 0.9999614285720314 0.6584374398253968
0.9999930797309435 -0.003548641327953516 0.001116975804751044 53.41291996170753 0.003538054595328129 0.999950108526817 0.009341446723458735 0.13269709315331354 -0.0011500695210883772 -0.009337430156755163 0.9999557438897806 0.6849969456142599
0.9999888667299425 -0.004328494003864844 0.0018789773345641067 54.865183445129986 0.004313275636475625 0.9999584633131268 0.008029153238903464 0.1461733599327462 -0.0019136534297216248 -0.008020959301013457 0.999966000493238 0.7048042425700995
0.9999850837229993 -0.004859086412644261 0.002494315685870491 56.261879896147995 0.0048463205146653905 0.9999752575156778 0.005098777689111553 0.14713554860908373 -0.0025190293716939945 -0.0050866133810526905 0.9999838902979069 0.7089976248733268
0.9999844431548011 -0.005210482752190566 0.0019910594846651347 57.69262713248392 0.0052036004479732246 0.9999805226225763 0.0034462904487341 0.16554608482278488 -0.002008977540990247 -0.0034358761573007337 0.9999920793507674 0.7309364208598659
0.999984736623774 -0.005119297666470138 0.002078295186828456 59.13892025475025 0.005114579439959634 0.9999843456881103 0.0022692412551867723 0.18257239673939016 -0.002089879574009738 -0.0022585770130710272 0.9999952656054139 0.7475685461754668
0.9999845812453185 -0.0049396865063832665 0.0025370788012215643 60.54305193700664 0.004934893249854186 0.9999860333338366 0.0018920797741016485 0.18278061105413942 -0.002546389647618048 -0.0018795303875372776 0.9999949916201005 0.7734188036966437
0.9999848019732072 -0.0042982508556405645 0.003452660161044035 61.999830401224436 0.004298359720293564 0.9999907617185183 -2.411083460439838e-05 0.20031478273690856 -0.0034525246299821387 3.895124353138204e-05 0.9999940392604748 0.7871256092764273
0.9999875760448563 -0.003961795530579582 0.0030252160429430274 63.39802791461142 0.0039696990497800335 0.999988711950007 -0.002611027004818645 0.20682836093271156 -0.003014837539035182 0.002623003762787309 0.9999920152710589 0.7992969067544468
0.9999916893992155 -0.0035820552273787684 0.0019467955339746096 64.81445935618459 0.0035879907071949464 0.9999888997837282 -0.003053953505520261 0.2154735856990783 -0.001935834494004525 0.0030609132096165712 0.9999934416560615 0.8255293569467833
0.9999943213656441 -0.0027535815026413914 0.001942942452339411 66.27069048249861 0.002759366294290614 0.9999917498443892 -0.002980963067585066 0.222464253571165 -0.0019347180979988772 0.002986307429700509 0.9999936693968701 0.8465810060997837
0.9999961445803964 -0.002164350251351431 0.0017396586826760362 67.63095362219859 0.00216638163261777 0.999996972849274 -0.0011666545804470659 0.23471747385116212 -0.0017371283673325614 0.0011704188471212992 0.9999978062499725 0.8671458664802887
0.9999946318794825 -0.0015623732261340097 0.002880139253671951 69.10249918730767 0.001558222206158533 0.9999977449346644 0.0014429376777774744 0.24946042383767653 -0.0028823871659644984 -0.0014384420349722205 0.9999948113509077 0.8851151811071769
0.9999914795579836 -0.0007197644074874737 0.0040648186469615455 70.46191274111735 0.000700660952846656 0.9999887133428547 0.0046991766439629795 0.2642404822516744 -0.004068155068839941 -0.004696288545194531 0.9999806973078211 0.9027936141420956
0.9999882206874747 0.0001188672173756516 0.0048522527637119795 71.9163933349539 -0.00016191650837926543 0.9999606246625485 0.008872593055585137 0.280998618349663 -0.004851007044174585 -0.0088732742023639 0.9999488650604025 0.9242757115655847
0.9999907649977854 0.0005377238278359568 0.004263891676490517 73.27428866901838 -0.000590279536429736 0.9999237579012559 0.012334097238937898 0.28770436544486544 -0.00425693425046006 -0.012336500221524766 0.999914841010509 0.9285814226908806
0.9999921386660903 0.001244627279935397 0.0037647720983964997 74.67045883053238 -0.0013055097994546345 0.9998677141887423 0.016212642201162204 0.3004589763527955 -0.0037440953757018653 -0.016217429695035476 0.9998614787678862 0.9463160619569366
0.9999907021855016 0.002103204658610073 0.003764581346108024 76.12137178155426 -0.0021692766248546337 0.9998421597145608 0.017633771469751636 0.31434030490646303 -0.0037268997132097487 -0.01764177393253208 0.9998374258003353 0.9602290871557381
0.9999888316542809 0.002380730854618502 0.0040827303736815515 77.48881944873754 -0.0024539862047650274 0.9998343880325545 0.018032594357830216 0.31533633913907616 -0.004039123470895311 -0.018042411927597004 0.9998290638171216 0.9795427448021335
0.999988449881116 0.002461941304491123 0.00412782622889833 78.90867729054953 -0.002533025159720957 0.9998470523987403 0.017304785265665344 0.31581635618278203 -0.004084591522167313 -0.01731504128103102 0.9998417402056854 1.0069193893056325
0.9999933271450728 0.0021637555410753575 0.002943438004391645 80.27197731777457 -0.002211616884275666 0.9998637944615522 0.0163554662331598 0.31686700308872245 -0.002907647861144499 -0.016361866852694692 0.9998619079137929 1.0174387608026585
0.9999937025303058 0.001986383865530928 0.0029409486341934934 81.66273617749293 -0.002033266372128728 0.9998695231223211 0.016025060343160927 0.3234956804299784 -0.002908732987088476 -0.01603093915778913 0.9998672653218171 1.0453324748464345
0.9999934007177798 0.0015546594231269052 0.0032835278235605896 83.05763287662174 -0.001604791030148477 0.9998813455094774 0.015320559647305216 0.32896946950330896 -0.0032593199658163072 -0.015325727918606823 0.9998772419137887 1.0539467834117833
0.999996129090807 0.0013124568573369927 0.0024534181053559962 84.41768982529327 -0.0013498252696308708 0.9998821582902522 0.0152920732593306 0.3399190286008638 -0.0024330588039596264 -0.015295325750859222 0.9998800594246451 1.0723464694440448
0.9999958853107553 0.0005494348328637626 0.0028155786124791893 85.83154831318994 -0.0005932041281694199 0.9998786320021471 0.015568216801458826 0.34315753693173945 -0.002806683170743899 -0.0155698229559407 0.999874843739305 1.0872548155368413
0.9999939307127673 -0.0006536695285477804 0.003422170915743942 87.1874104805463 0.0006025459306603265 0.9998885282422153 0.014918714020255668 0.3505558049821321 -0.0034315413490966836 -0.01491656145913583 0.999882853497451 1.1115770116830739
0.9999879208316224 -0.0017166917356010109 0.00460555754864305 88.5746830957571 0.001654461768745291 0.9999077465597146 0.013481881401693601 0.35599488370707094 -0.004628276904497395 -0.013474098832890118 0.9998985087065271 1.1287629932900594
0.9999832039534493 -0.0028823476582069923 0.005028308161932122 89.95437203397023 0.002826117396876535 0.9999337959153098 0.011154229998463496 0.35692060964268174 -0.005060125636107894 -0.011139832062323912 0.9999251468335867 1.1480705813740042
0.9999785318971866 -0.0037872788813659236 0.005347173404911207 91.31847396589308 0.0037339467480885604 0.9999435369967368 0.00994889240759493 0.36724905910184746 -0.005384550717550064 -0.009928712763003111 0.9999362116037402 1.166491453147104
0.9999806840380139 -0.004089230953160571 0.004680784237439119 92.69433625188056 0.004047320431156364 0.9999519497140896 0.008928463491454043 0.37866188151254204 -0.004717069873691644 -0.008909346395914626 0.9999491851082255 1.18066869071921
0.9999797207072488 -0.004574779896857733 0.004430526283391855 94.0516718601318 0.004543259263494467 0.9999644840966868 0.007098544957359208 0.38584952724513893 -0.004462843210016615 -0.007078271974308735 0.9999649899353179 1.1992477599163676
0.9999820180489293 -0.004569102217703556 0.0038841837900571744 95.42273922441092 0.004542423058858193 0.9999662216496332 0.0068499600371861894 0.4056389706458123 -0.003915350756333313 -0.006832193255527166 0.999968995101235 1.2101215756425485
0.999985306693004 -0.004458547695757436 0.00308346404928355 96.77955485156771 0.004438184543570267 0.99996850523162 0.0065795944249444575 0.40983034937041884 -0.0031127023718598647 -0.006565812766459478 0.9999736002448565 1.224263134663348
0.9999879049209942 -0.004233272192616544 0.0025038806408697067 98.10004878539615 0.004213482917095961 0.9999602593581673 0.00785660652279905 0.4297130792961132 -0.0025370402889672607 -0.007845961438215688 0.9999660015798948 1.2428759744244922
0.9999890425860877 -0.003970163252434083 0.0024804256708707046 99.44722131737313 0.003946918022178044 0.9999488984567149 0.009307110901286485 0.4468028505522671 -0.002517249666977535 -0.009297218882636979 0.9999536115116352 1.2532458603150125
0.9999847130524321 -0.003924430442321466 0.00389519025829729 100.79357777343246 0.0038865653466617295 0.9999455809453934 0.009681412995306332 0.4495630894168868 -0.003932972317609387 -0.00966612608457694 0.9999455473850892 1.2744041312369832
0.9999790510435005 -0.0038349333490056816 0.00521447603783079 102.13368705374337 0.0037840930915748337 0.9999455511312363 0.009724989065415557 0.4706937778909724 -0.005251486800395012 -0.009705053274291728 0.9999391150601764 1.2900535189727578
0.9999842625198143 -0.0036169760376781462 0.004288612484928319 103.48058228133526 0.0035757119741686746 0.9999476148619972 0.00959071507660724 0.48021844255308693 -0.004323077211987742 -0.009575229299903829 0.9999448114707499 1.307837497241524
0.999992447750233 -0.0034846117915855474 0.0017210238695320721 104.8097437789233 0.0034679882642127454 0.9999481982361995 0.00956942535252363 0.4895831418112999 -0.001754280449882189 -0.009563384591251273 0.9999527309704509 1.3217205870569115
0.9999929818593312 -0.003735348705145222 0.0002887942766307667 106.13977801458685 0.003732768565686984 0.9999571556764003 0.008470729035821991 0.5073108608878392 -0.0003204230301709187 -0.008469591584856294 0.9999640810286475 1.335806027657234
0.9999933117664745 -0.0033098062691714275 0.001556150628632093 107.48943775753922 0.0032986217461162762 0.9999690995659033 0.007135755596467739 0.5109355242712831 -0.0015797205115106127 -0.007130574718564091 0.9999733293379821 1.3617078686307806
0.999990376302313 -0.0028321207954527723 0.00335058122696147 108.81451822576307 0.002819361057096809 0.9999887795610417 0.0038068300787044997 0.5154979654237979 -0.003361325034599992 -0.0037973469446927416 0.9999871407424166 1.3686304628868922
0.999989264098139 -0.0019086858768688703 0.00422239347832619 110.17111329841936 0.0018978912308924626 0.9999949246120773 0.0025590543099837646 0.5296639011125215 -0.004227256478860932 -0.0025510131926719435 0.9999878112428935 1.3946009534955564
0.9999942405732433 -0.0013709799388465413 0.003104711637145551 111.47603208423824 0.0013643552813766555 0.9999967904551279 0.0021348569294701 0.5379052405936883 -0.0031076285184568476 -0.002130608704198687 0.9999929015505764 1.4095256464153896
0.9999996213460245 -0.0006180403278630063 0.0006126450527999155 112.80947009145844 0.0006159421319312315 0.9999939651409429 0.003419107629888199 0.5498268737237979 -0.0006147545019739448 -0.003418728981329564 0.9999939671663296 1.4231009813298057
0.9999988571994658 0.0005426550962795716 -0.0014110723613893039 114.16799911187896 -0.0005334091356725309 0.9999784417619441 0.006544576842569385 0.5475046620156121 0.0014145933891320365 -0.0065438166845348126 0.9999775884432324 1.4495318633814527
0.9999963952513028 0.0019479106647393107 -0.0018480066131711904 115.46862880652289 -0.0019308339512114437 0.9999558349589588 0.009197826470661847 0.5643573903731126 0.001865841540157899 -0.009194225120898085 0.9999559914615109 1.4614666888697112
0.9999941324345791 0.003423048893374685 0.00013353908401866131 116.83672149606714 -0.00342421485003634 0.999943964437425 0.010017122232786838 0.5756850065411482 -9.924250190722263e-05 -0.010017520723181366 0.9999498184556496 1.482746202490716
0.9999882399778314 0.004220781452951519 0.0023884953350792144 118.13959355533031 -0.004244477646107631 0.9999409461640181 0.010004428725310448 0.5809095294698409 -0.0023461277780562877 -0.010014448988064431 0.99994710184885 1.4957397516193087
0.9999814954053252 0.005128059007495054 0.003272897454132692 119.50300488785906 -0.0051591605292915415 0.999940934415329 0.009566124776075767 0.5779400662870328 -0.003223648486206219 -0.009582833162175957 0.9999488873932624 1.5175402811262917
0.9999782662559088 0.006149829162106304 0.0023762611606538728 120.82769751643498 -0.006173703561695176 0.9999291866267892 0.010173844711813134 0.5766482323431942 -0.002313525482686008 -0.010188293928066791 0.9999454216439396 1.5330707084365958
0.9999693204646488 0.007528279319419874 0.002164056366450685 122.13499949286349 -0.007553750881917299 0.9998993032689286 0.012013499487033428 0.5712236127471784 -0.002073397473306634 -0.01202947766113782 0.9999254935694548 1.5505780503961408
0.9999613564028024 0.008642323445263873 0.0016111941332506517 123.50218620607718 -0.00866314031668937 0.9998727552073607 0.013394901787410976 0.5746784412755831 -0.001495226043422916 -0.013408342161075578 0.9999089861880283 1.5601889992926827
0.9999509666667981 0.009867805426364397 0.0008310705165464999 124.83063896441182 -0.00987863280895868 0.9998499991854269 0.0142264451894118 0.5738663339819566 -0.0006905620622540969 -0.014233957459855864 0.9998984536337023 1.5786647556311681
0.9999398372686975 0.010968948558550306 -6.332906660602356e-05 126.15247161360301 -0.010966737010898328 0.9998255303661895 0.015120830245121035 0.5643792414706396 0.0002291776267282675 -0.015119226021455313 0.9998856717055843 1.5955562056219639
0.9999303644491051 0.011797558628622746 -0.00028959123601726054 127.4945388823707 -0.011792034898844036 0.9998226419600986 0.014684431785834066 0.5582466760025628 0.00046278031960465674 -0.014679994357375567 0.9998921359826984 1.6181268718913766
0.9999179971445098 0.012798460529610846 0.0004454150693174365 128.82101375168497 -0.012803522152692611 0.999815768308572 0.01430032384337944 0.5528522643255522 -0.000262310879475684 -0.014304854057696997 0.9998976459335178 1.637408235052023
0.9999058775436165 0.013650615000465152 0.0013772304961019713 130.18861125976085 -0.013668079477628376 0.9998142611820944 0.013587742281033733 0.5445061736339246 -0.0011914936523337084 -0.013605287465233271 0.9999067338986495 1.6581727275344125
0.9999005278473894 0.013996475979459211 0.001741571321737882 131.5172101752588 -0.014016128586040138 0.9998317102667373 0.011836354360631086 0.5248960334702096 -0.0015756109836717485 -0.01185958706057101 0.9999284312613482 1.6701558366625828
0.9999007050106997 0.01395766422414872 0.0019400331212377905 132.86010381523369 -0.01397760469515102 0.9998453137683329 0.010675912255633756 0.5101845859254904 -0.0017907222262743467 -0.010701969207104724 0.9999411288515931 1.6939892083337176
0.9999007847559152 0.013816360596002157 0.0027438703296979875 134.191095745938 -0.013838326568253472 0.9998709925505422 0.00815469029356999 0.5004371379633396 -0.002630848208340428 -0.00819185179766538 0.9999629854158751 1.6995752481769224
0.9999095930005641 0.01318903073112516 0.0026182616025585003 135.5276514078384 -0.013206808749419135 0.9998890272833656 0.006892990713834148 0.479995206728326 -0.0025270591806014864 -0.006926946419467509 0.9999728153230963 1.724060027624525
0.9999251423267287 0.012057190196306775 0.00208180389121158 136.87476540821663 -0.012070219235220066 0.9999069021917955 0.006363706217370338 0.47045979324546955 -0.0020048816636159426 -0.006388357674501181 0.9999775844166395 1.7436834036936495
0.9999345805934349 0.011040872252853278 0.0029889251124520628 138.20131570545354 -0.011054351371253693 0.9999286314622722 0.004531368198301678 0.4602288315089141 -0.002938681539829318 -0.004564112387298626 0.9999852664059224 1.7574625975745188
0.9999447760246278 0.009943164611747391 0.0034027016561521822 139.55246858051262 -0.009954965370768088 0.9999444312528759 0.003468871693999762 0.4401346949719384 -0.003368021010013842 -0.003502553906268813 0.9999881942056165 1.7773955089022804
0.999957406388806 0.008627238014056387 0.0032796604124603087 140.91437956461667 -0.008634127445692317 0.9999605362176192 0.0020923313846680056 0.44040058005045 -0.003261479943795697 -0.002120559270698292 0.9999924329598479 1.7896252427706991
0.9999678723376884 0.007469451044242865 0.0029088818357494253 142.22755942330704 -0.007473713920566589 0.9999710094212646 0.001457366546547392 0.4353760146682558 -0.00289791177750858 -0.001479059875436244 0.9999947072306007 1.8026327877170587
0.9999770492666847 0.006405231590951458 0.0022077020090391407 143.5884132729343 -0.006407188201696862 0.9999790862556848 0.0008803355006701185 0.4278422276042409 -0.0022020170849642714 -0.0008944604585899928 0.999997175526634 1.8105450360983246
0.9999843638780674 0.005592115992208793 -1.5430696024963582e-05 144.9348352323416 -0.005592121430955209 0.9999842923849661 -0.00037836654167055264 0.4177720459719205 1.3314584056938089e-05 0.0003784469158111076 0.9999999283003242 1.8315795205058327
0.999989122009602 0.004550514098174221 -0.0010240526879011238 146.23795722249056 -0.004554168662953045 0.9999831670804862 -0.003595149992667114 0.42662794359820694 0.0010076756693779677 0.0035997745933204666 0.9999930130819028 1.8672276756566417
0.9999926492442576 0.0034563873460025543 0.0016597722631570746 147.62127677631105 -0.003434390866343951 0.9999085870522508 -0.013077557055832328 0.41637222722126493 -0.0017048216412063122 0.013071760619203907 0.9999131075535943 1.8708411961033553
0.9999928304387025 0.0019493709088836987 0.0032463863374722264 148.9459794800057 -0.0018830267355785344 0.9997918460286592 -0.020315482394440684 0.4051040273384252 -0.003285312999643237 0.02030922370907689 0.9997883486772734 1.8916951083407447
0.999999463277258 0.0010247703541900362 0.0001526136202601567 150.24649005373738 -0.0010210883804810899 0.9997477605550156 -0.022435967635703432 0.37643839853867456 -0.0001755668395859212 0.022435799761815013 0.9997482703487576 1.9147154798387302
0.99999417574432 0.0010587874869089475 -0.003244602671443146 151.64111763399887 -0.0011293314512617547 0.9997613256233066 -0.02181780003580228 0.3923566229441912 0.003220727854253132 0.021821337195200203 0.9997566984797362 1.9334921083434498
0.9999820309434806 0.0022129434209253052 -0.005571415580218498 152.96479853361248 -0.0023129993771793048 0.999835007465105 -0.018016877674402906 0.39652860389271505 0.005530626007323779 0.018029440608876724 0.9998221599101001 1.9598965381003275
0.9999801187746306 0.0029538833320612427 -0.005571052749368572 154.3291204816219 -0.003055228947452496 0.9998283932573979 -0.018271551997811015 0.400170775976019 0.005516124686256165 0.018288209578595553 0.9998175402336443 1.9807602626311571
0.9999912154354652 0.003406491980665684 -0.0024423071646730416 155.6631207041381 -0.0034586014180829454 0.9997594283773663 -0.021659257761815317 0.40277338185207046 0.002367937527002671 0.02166751446169087 0.9997624276241435 2.0003420061990242
0.9999926242694065 0.003815783496268621 0.0004372677615967968 157.001024191426 -0.0038010001259826055 0.9995454799046442 -0.029906286968413198 0.4009301668177984 -0.000551184930860844 0.02990440433288055 0.9995526113200183 2.015182997281768
0.9999914943059595 0.0038456458896593336 0.001490745929203887 158.35510380506497 -0.0037964403873286755 0.9994898112371233 -0.0317128408308826 0.3822222047805385 -0.0016119417233732075 0.03170691156310846 0.9994959096479633 2.0418938369278306
0.999991591471056 0.0037265974106637264 0.001711566219452473 159.68086186744068 -0.0036677434193919944 0.9994423350175594 -0.033189857379298256 0.37309805858895745 -0.0018342969754767474 0.03318330071568358 0.9994475993808871 2.064268181159853
0.9999869265330338 0.004803452216770229 0.0017531713602055097 161.0470353209156 -0.004744702663063077 0.9994733112372499 -0.03210277123686594 0.3744633164672774 -0.0019064521122131054 0.032094033265525075 0.9994830356084566 2.073774283834514
0.999980880864751 0.006041003981227271 0.001320672501281797 162.38969765381373 -0.005998866959235007 0.9995358117687562 -0.029869291705346874 0.3765605804800237 -0.0015004999707578137 0.029860798091687055 0.9995529406875682 2.0807927795840824
0.9999757268476102 0.00695376515939683 -0.0004368817936626099 163.73887417534837 -0.006962936983591367 0.9996207513854569 -0.026643402713191947 0.3785115268145408 0.00025144414133287105 0.026645797974216255 0.99964490606723 2.098456935299211
0.9999701712302896 0.007627724628716839 -0.0012142761851117274 165.08651183220323 -0.007655819165666718 0.9996552713408592 -0.0251142770816918 0.3782124085344955 0.0010222927994821675 0.02512282423259468 0.9996838493343835 2.105948217916175
0.9999689647444583 0.007878014537071126 -8.021751590115801e-05 166.43117595786416 -0.007877684716802414 0.9996840541097712 -0.023869102248609806 0.37408869509788106 -0.00010784896299470052 0.023868993393221006 0.9997150891744084 2.126646915428011
0.9999700773011965 0.007731360902878369 -0.00026563288302030295 167.7679514200241 -0.007735413178664281 0.9997086963098568 -0.02286232502179031 0.3669917453906006 8.879861735888828e-05 0.022863695699428734 0.999738587598663 2.1384216967782828
0.9999706710966675 0.007235603276567382 -0.002510575970676878 169.15108821101614 -0.007283397325961547 0.9997817439861436 -0.01958102437099183 0.36374568276916197 0.0023683474982757404 0.019598735603332352 0.9998051212575769 2.1670413181509565
0.9999624197079675 0.006530771369844577 -0.005701596013536433 170.56588129362547 -0.006616042552763459 0.9998645951983489 -0.015067157986229998 0.3704239770345997 0.005602423826057729 0.015104313759877 0.9998702278561535 2.193606721109779
0.9999558760724528 0.00637036814421925 -0.006903934956287173 171.9208738575439 -0.0064420837207703596 0.9999250039195107 -0.010415665792500842 0.37014627374350095 0.006837065562660118 0.010459681939409214 0.9999219217460023 2.2096527014189475
0.9999597619826219 0.006730679717434875 -0.00593062949434793 173.2705506431123 -0.006768349661042871 0.999956902361168 -0.006354751224332591 0.36981907620002064 0.005887602103044978 0.006394636095870235 0.9999622216717378 2.238704624038861
0.9999654886957899 0.0074631553709422855 -0.0036500314107012974 174.63518844581205 -0.007473749308282925 0.9999678734187419 -0.002897447441447274 0.3762444086284525 0.0036282900472359267 0.0029246268664881296 0.9999891409755532 2.2673698883455655
0.9999708046706194 0.007491678694431549 -0.0015048444216906184 176.06119893353898 -0.007493511483949961 0.9999711838962777 -0.0012160027617183213 0.3749733899032981 0.0014956911559553423 0.0012272438290726617 0.9999981283885235 2.293045457164822
0.9999781544625385 0.006580708954002579 -0.0006203767872672119 177.49102877487343 -0.006582513954150847 0.9999739723882503 -0.0029538205948302955 0.370658337011219 0.0006009224067041373 0.0029578397058908543 0.9999954450278938 2.3164013087082362
0.9999865639124671 0.005149865457178379 -0.0005923515089777289 178.88642061643498 -0.005153111744709349 0.9999709526280735 -0.005615989623372062 0.36757205455944375 0.0005634127117538604 0.005618966619961809 0.9999840547629947 2.3305874035898
0.9999857515205338 0.0030209601805582698 -0.004401199325261387 180.22595574346354 -0.003053770532976211 0.9999674562956509 -0.007467317800750174 0.36163406326858705 0.004378497624200124 0.007480651655635061 0.9999624335990637 2.34989547347588
0.9999617636369704 0.0014600465133121536 -0.008622037358921055 181.64311153305766 -0.0014946916143479085 0.9999908303091607 -0.0040131277793534585 0.3722603108702197 0.008616098944282348 0.004025861618881777 0.9999547766160267 2.3850209958139246
0.9999539110901876 0.0009547187344388226 -0.009553230216805111 183.03667630057114 -0.000962002520018894 0.99999925008728 -0.0007578759983899137 0.39508241238100184 0.009552499494302213 0.0007670313002542621 0.9999540796538589 2.40525271275098
0.9999627189042317 0.0006618926931477862 -0.00860945408949072 184.36796635128198 -0.0006386135583403257 0.9999961338546381 0.0027063718332343686 0.412617096565259 0.00861121213183108 -0.002700772822615412 0.9999592755966521 2.4272437743715605
0.9999843547202596 0.0009044803304202985 -0.005520165761811052 185.80394041136194 -0.0008751430049287667 0.9999854940623022 0.005314676819362344 0.40639336757703026 0.005524892707276084 -0.00530976273530428 0.9999706405591455 2.4584550248834494
0.9999947337921239 0.001332340291101199 -0.0029592663563795924 187.18047265756397 -0.0013167165257208138 0.9999852186461116 0.005275295904448293 0.41503899213178197 0.002966251103697306 -0.005271371608727997 0.9999817068305562 2.4826379928793783
0.9999957094796326 0.001464822001655689 -0.0025367930206925946 188.62508704800425 -0.0014536898271860059 0.9999893310452768 0.004384584530607417 0.4208987312266987 0.002543188591651268 -0.004380878008250329 0.9999871699675271 2.5035655361436895
0.9999970689160873 0.0012871956500393608 -0.0020506795441423285 190.03913606759158 -0.0012791797201497986 0.999991555576071 0.003905441817952296 0.41646394094747496 0.002055689295054465 -0.0039028071830892186 0.999990271071481 2.5320795148085455
0.9999981300895502 0.0014262498384564675 -0.0013059972440393225 191.39283202525007 -0.0014255861160493296 0.9999988543103765 0.0005090011398621326 0.4192558465017789 0.0013067217105653338 -0.0005071383765368811 0.9999990176440366 2.5522252883506513
0.9999976536236824 0.0017953624692905413 -0.0012121966562571962 192.85085351780432 -0.0017963825253586164 0.9999980329212304 -0.0008409301352182167 0.4257129671226413 0.001210684497366823 0.0008431057309702612 0.9999989117072948 2.577814747319099
0.9999974076442432 0.0022161438495658815 -0.0005228873983672481 194.22700057750268 -0.002218117094115897 0.9999903053379824 -0.0038038384042375765 0.4230213154112739 0.0005144524760663541 0.003804988368811807 0.9999926286739133 2.5976685075814654
0.999996545582517 0.0024827366493069937 0.0008630421560951025 195.6900594930755 -0.00247505913842104 0.999958339873267 -0.008785931946089523 0.41791861114183054 -0.0008848193568903772 0.008783765515437318 0.9999610305197275 2.6110237518763673
0.9999955120997294 0.0027206185345515495 0.0012545976205467003 197.11198734462957 -0.0027045688981752213 0.9999166859923572 -0.012621663168416423 0.4122311765747763 -0.0012888318257438137 0.012618213377946618 0.9999195565662639 2.630778386690129
0.9999909430521253 0.002976465645723682 -0.0030421153792791187 198.50430997889558 -0.0030105706781819812 0.9999319757778572 -0.01126855275456458 0.41646007044765554 0.0030083679815957882 0.011277609199230165 0.9999318803062721 2.6509247329170624
0.9999647969346233 0.0031679832664960094 -0.0077697344562663645 199.94279368540268 -0.0031999131878424933 0.9999864729610237 -0.0041005427155568755 0.4314140194066526 0.007756638904059102 0.004125260839636221 0.9999614076432736 2.674667223393082
0.9999505209885536 0.004675174085631469 -0.008780565015370166 201.38557529621193 -0.004626128599472168 0.9999736319086872 0.00559771574220965 0.44679121057551796 0.008806503784206771 -0.0055568187498312395 0.9999457821584531 2.6954413710926173
0.9999695285614518 0.006011024847127305 -0.004980916469379503 202.83318573644925 -0.005951513827982362 0.9999117458707178 0.011877708235531676 0.4634450423348301 0.00505187408226418 -0.011847702311431547 0.999917051818898 2.7169280419966197
0.9999727275946391 0.006883069733140435 -0.0026772033890813873 204.26983797560067 -0.006846753169105283 0.9998875017750806 0.013345627187581225 0.45329901167937797 0.0027687610910169832 -0.013326933069438236 0.9999073591173252 2.740250219263041
0.9999771355076814 0.006425139299480108 -0.0021085651126703663 205.73544806582638 -0.006397723198289387 0.9998981060054415 0.012761141979034121 0.44899185593005936 0.002190342377383987 -0.012747360186064932 0.9999163501056259 2.7722076667962314
0.9999845156255538 0.00515364029544971 -0.002099643024840193 207.1689342744135 -0.00513310805418735 0.9999400724359303 0.009669681407911055 0.4426558844347155 0.0021493512580962695 -0.009658753984421634 0.999951043181934 2.793970050821738
0.9999887740146912 0.003954469046426302 -0.00261036762846074 208.59677307528275 -0.003933483955305806 0.9999602958522782 0.007995900386919604 0.43501500473573756 0.0026418835266171932 -0.00798554278587533 0.9999646251532335 2.8197028524878363
0.9999884349679127 0.0035482235607453894 -0.003246542774663995 210.0788606120588 -0.003521056267745577 0.9999590569291045 0.008335863975342334 0.4410577695604529 0.0032759873601894847 -0.008324336311022749 0.9999599858653331 2.838954985775615
0.9999886803630139 0.0034548010195287796 -0.0032716197446380937 211.54746742809564 -0.003423766503963096 0.999949537994517 0.009444537441212215 0.44466911802482983 0.003304083649725479 -0.009433229270381482 0.999950047360751 2.866087284563678
0.9999913050441888 0.0032643159227457347 -0.0025950101303979095 212.98466359151922 -0.003236420131919104 0.9999377054738985 0.010682263632998217 0.4483573779105775 0.0026297187587397716 -0.01067377220815941 0.9999395757575046 2.8847598401754033
0.9999925029568997 0.0028330400715215046 -0.0026396806526696754 214.4179912033299 -0.0028064018784716835 0.9999456488980374 0.010041083526169184 0.45853430251863453 0.0026679839751085053 -0.010033600242990997 0.9999461029113882 2.9145125282433986
0.9999900322395209 0.00260811316943619 -0.003623971205390171 215.90235194823362 -0.002570516593145731 0.9999432303207634 0.010340627646375264 0.45721552570963647 0.0036507350008520264 -0.010331209095359142 0.9999399673243297 2.936422200521827
0.9999888136729983 0.0023126580103893855 -0.0041260322098246 217.37554147487032 -0.002273144781491618 0.999951759616759 0.00955569213347596 0.46066593446258103 0.004147932216406832 -0.009546206171792998 0.9999458308358777 2.9612106516452994
0.999990060206029 0.0016988864065244933 -0.004122289912209053 218.85173704812814 -0.0016591455937585784 0.9999523039570278 0.0096248141244807 0.4574564068701953 0.004138444761173661 -0.009617878976667256 0.9999451833370413 2.9861321929637943
0.9999883108605614 0.0015721859900324766 -0.004572348789648841 220.3361268790059 -0.0015197539864516343 0.9999333129089305 0.011448147570305356 0.4646403386772469 0.004590042490230562 -0.011441064906011576 0.9999240138849324 3.018715741505538
0.9999882542830031 0.0014579981320350839 -0.004622287039885644 221.82359618953643 -0.001412814560058788 0.9999513388431998 0.009763395962031525 0.4705484669017211 0.00463629712712618 -0.009756750849514903 0.9999416535787524 3.0385264059387085
0.9999868575473524 0.0010235991125315577 -0.005023641849085306 223.29933493580398 -0.000966848234637359 0.999935841197615 0.011286216944084292 0.47416479297991015 0.005034872099888462 -0.011281211516259295 0.9999236892531664 3.0658073991428076
