1.0 8.809142651444726e-20 8.673617379884037e-19 -5.551115123125783e-17 -8.809142651444726e-20 1.0 1.7347234759768075e-18 0.0 -8.673617379884037e-19 -1.7347234759768075e-18 1.0 -5.204170427930421e-18
0.9999993011580781 -0.0003480319849955573 0.0011298482609536818 1.3160940844717768 0.0003481171165631284 0.9999999365833229 -7.515200288644408e-05 -0.058402083065748844 -0.0011298220340017183 7.554526988583102e-05 0.9999993588973364 0.018140396604628333
0.9999976844684006 0.0012037922336848642 0.001783799903291163 2.5652097675998258 -0.0012028053760217308 0.9999991230587825 -0.0005542029350592417 -0.11574037075546209 -0.001784465484192614 0.0005520560876714074 0.9999982554569841 0.031373844761168695
0.9999989205062947 -0.0008143810617264833 0.0012230166522036784 3.936050711915015 0.0008160670801577065 0.9999987165987572 -0.0013787078586180548 -0.03743346294163689 -0.0012218922890128746 0.001379704433939948 0.9999983016960124 0.052805713118380226
0.9999993366279759 -0.0002381571831355338 0.0011269537542896392 5.251007226956332 0.00024060863758084645 0.9999976043081015 -0.0021756574963037686 -0.02952766410463019 -0.0011264329059948726 0.0021759272078408875 0.999996998240342 0.060309217186419226
0.9999988248872896 -0.0005530277966087346 0.0014298196725683928 6.574200857588134 0.0005564372729074613 0.999997000469041 -0.002385252708186297 -0.03953570113014488 -0.001428496272730456 0.002386045510204876 0.9999961330851346 0.06604930502435703
0.9999971299234813 -0.0004059484109470152 0.002361218051674439 7.911187047938847 0.0004140211524698675 0.9999940681096771 -0.003419405203254878 -0.03134544937923979 -0.002359815943079282 0.0034203729835192835 0.9999913661214123 0.09589219972492467
0.9999966978367072 -0.00022413969433779125 0.002560093177726145 9.228355298211282 0.00023333640013733045 0.9999935193727523 -0.003592598867289376 -0.014863709940997847 -0.002559271342704548 0.0035931843668673778 0.999990269530809 0.10399553323067501
0.9999977417625042 -0.0008560987351370493 0.0019451387733331075 10.564441214228783 0.000862631269853478 0.9999939829919235 -0.0033600367915931455 -0.020811777476996814 -0.0019422505461701017 0.0033617071413621575 0.9999924632655546 0.11631360482218048
0.9999996421411314 -0.0006123637622253822 -0.0005837193091235816 11.87863905127543 0.0006118611475033 0.9999994422852996 -0.0008608455295104117 0.002618772381913382 0.000584246134181888 0.0008604880662829043 0.9999994591082249 0.12756794260173682
0.9999986682300985 -0.0007485105744145539 -0.0014502654754216025 13.22374922666057 0.0007521080775202854 0.999996637924684 0.0024816270405326646 -0.004914196907306682 0.0014484030754382542 -0.002482714491955079 0.9999958691201092 0.1529598869858246
0.999998647444167 -0.0005715093890673581 -0.0015422343709045642 14.563926836233122 0.0005799107365975554 0.9999849664289993 0.005452579163174702 0.01761311984693548 0.0015390949854282622 -0.005453466146526987 0.9999839453179308 0.16038967283856467
0.999999585934301 -0.00012181752959020386 -0.000901826876902143 15.909800925191679 0.00012698604612715602 0.9999835562910583 0.0057333255648221795 0.03449468724255004 0.0009011136279668202 -0.005733437710278111 0.9999831577012944 0.1825521965945837
0.999998541268728 -6.377045211238358e-05 0.0017068666455148601 17.260174782759307 5.6476408034050144e-05 0.9999908688411953 0.004273060337359075 0.020439347219031206 -0.0017071235548340785 -0.004272957706415202 0.9999894137247692 0.20505228345460402
0.999992658383972 0.00021917841549845522 0.003825590017116115 18.617292814944697 -0.00021795266516190195 0.9999999247848923 -0.00032082213993497286 0.0321835832198898 -0.0038256600466622377 0.00031998598704196087 0.9999926309399363 0.22264688663736826
0.9999981562654812 -0.0002651987269689211 0.0019018767765789607 19.960117166535582 0.00026976212824957356 0.9999970846537144 -0.0023995650576465297 0.020776654150393804 -0.0019012348703509978 0.0024000736878125213 0.9999953124651438 0.25211660631354055
0.9999998421206462 7.260326525911948e-05 -0.0005572140061892968 21.307480309881946 -7.428620364077803e-05 0.9999954344727823 -0.0030208467606474905 0.030679892297372648 0.000556992138874915 0.003020887677031291 0.9999952819875702 0.24215297986654077
0.9999986886896953 0.0003293685766556167 -0.0015856024818371114 22.66058473062336 -0.00033110736181708115 0.9999993440594953 -0.001096470927028908 0.03859484989408626 0.0015852402987076397 0.0010969944938699345 0.9999981418064114 0.29005767143832134
0.9999993944156572 0.0009656370992200342 -0.0005279330556768492 24.028620624806777 -0.0009649595540315532 0.9999987124789 0.0012821441420643497 0.042263762545231294 0.0005291704619020258 -0.001281633931571968 0.9999990386960818 0.2793148072306742
0.9999917777077458 0.0017711143806929724 0.003647968030678156 25.42452839596284 -0.001775872372375121 0.9999975762372876 0.0013014595143284414 0.05241599132703483 -0.00364565415520755 -0.0013079271389889466 0.9999924992380591 0.29352386755476556
0.9999876362967518 0.0019427896219718346 0.004577425271907503 26.794218806988972 -0.0019414319640010857 0.9999980701115735 -0.000301023350545662 0.0440891369715326 -0.00457800126302886 0.0002921328690465775 0.9999894782260574 0.3104095692219046
0.9999908250159333 0.0019549140688052305 0.0038115869315134467 28.161313397132172 -0.0019385296381275081 0.9999888865156533 -0.0042975513988495456 0.046255801840055503 -0.0038199459151927726 0.004290123094648898 0.9999835012924152 0.3321283949135641
0.9999975400146667 0.0018567077598795592 0.001213507688323758 29.51956657080661 -0.0018510649962419075 0.9999875466669467 -0.004634659577679032 0.056758385575441134 -0.001222097784510629 0.00463240189487992 0.9999885235989908 0.336708888477615
0.9999964903901108 0.0025548273571180126 -0.0007014731899616933 30.910535833824106 -0.0025579905060007595 0.999986394979884 -0.004546046601912087 0.05611346627341833 0.0006898492821795346 0.0045478250088221124 0.999989420641867 0.37508731169663234
0.9999936111397528 0.0029746889424523567 -0.0019821466576559065 32.29597309188856 -0.0029787577419211684 0.9999934561919662 -0.0020529431460433647 0.06392746777729352 0.001976026819592666 0.0020588343647786247 0.9999959282512437 0.3669945133814197
0.999986191181074 0.00347576234501525 -0.003941639670162643 33.67686345224357 -0.0034765329164497334 0.9999939390447118 -0.0001886603351250483 0.06246611304411295 0.0039409600415720135 0.0002023609700067465 0.9999922139116826 0.40502578004029716
0.9999853696423561 0.0037450281887286166 -0.0039032377721896824 35.068612969628894 -0.003743973602985189 0.9999929528155964 0.00027745414837973824 0.0744770706732195 0.003904249338960093 -0.00026283646994106476 0.9999923438477363 0.41306673150100925
0.9999923477114239 0.0032319600117400593 -0.0022043033088103257 36.462330336481344 -0.003232049829840915 0.9999947762219166 -3.7185701447409865e-05 0.07138200283083285 0.0022041716113189256 4.430983502584966e-05 0.9999975698291202 0.4472226887223646
0.9999944586778227 0.003107426278779168 -0.0011943682724119059 37.86264013562686 -0.00310593360634531 0.9999943958367714 0.0012495885255985352 0.08248214778092433 0.0011982445831992582 -0.001245871972670289 0.9999985060053571 0.45803992835562873
0.9999964653336042 0.002562946706121949 -0.0007075482168548355 39.259870019882975 -0.002560621515512011 0.999991382181636 0.003267840252427148 0.07648981938759794 0.0007159174197439099 -0.0032660169385146805 0.9999944102821803 0.4745127637583569
0.9999949114117923 0.0030943979246997066 -0.000775791212296264 40.65711443506017 -0.0030905793835824653 0.9999833366666478 0.004875931512174998 0.08968730217751346 0.000790866357380934 -0.004873509056240716 0.9999878116456637 0.48956587222199555
0.9999950134247639 0.0031351113621151143 -0.00037973984964171975 42.082816097836655 -0.0031318782771386283 0.9999611900948305 0.008234661048707334 0.10087195682953796 0.0004055416913911353 -0.008233430686964414 0.9999660225002945 0.516554714788955
0.9999959768082537 0.0028176047311998962 -0.00032782752380947777 43.47199726625368 -0.0028144016911114344 0.9999519342550198 0.009391928596701312 0.10116889922433916 0.00035427450898447806 -0.009390968172834298 0.9999558411281716 0.5355997267271876
0.9999970844576236 0.0023764942635764964 -0.00042819536146366746 44.89890235033086 -0.0023727283123725737 0.9999602844810749 0.008590670572399931 0.10870801148223397 0.00044859403479826943 -0.008589629534678464 0.999963007829714 0.5547962680398213
0.9999983769999465 0.001490903110670946 -0.0010115361523167562 46.294826091377004 -0.0014826936330480458 0.9999663488289774 0.008068632426530371 0.09622309824192354 0.0010235316621242734 -0.008067119532926874 0.9999669364360894 0.5805032326619635
0.9999995756542004 0.0006829275338570021 -0.0006183052665338412 47.729721072354835 -0.0006782056006523687 0.9999708503225944 0.007605165499218068 0.11006076062158231 0.0006234810200537391 -0.007604742933903356 0.9999708891544427 0.601579207784075
0.9999999204735319 -0.0003807970688537111 0.00011851802497722346 49.127078194598575 0.000379860190020134 0.9999694523428794 0.007807053689953756 0.11137293129018068 -0.0001214873076907518 -0.007807008048806861 0.9999695174684877 0.6199282503943899
0.99999898959665 -0.0014178788225079157 0.0001021044738293613 50.55386772966296 0.0014169439630111087 0.9999616885745909 0.00863791947510872 0.11800420105814302 -0.00011434808515571361 -0.008637766071008158 0.9999626872647889 0.6400316936738746
0.9999967890679077 -0.0025092403323099884 0.00035435410152009266 52.00477785440793 0.0025060886786712486 0.9999596135455947 0.008630805135066795 0.12691841985942418 -0.00037599655475954605 -0.008629889379335544 0.9999626911219694 0.6521404123049841
0.9999925845108876 -0.003652261693095641 0.001221436760792119 53.41409138060499 0.003641177856034924 0.9999532579846568 0.008956766698485578 0.1372913543947431 -0.0012540921242831789 -0.008952252811193698 0.9999591413765606 0.6775677097274819
0.999988306276998 -0.004418508718097036 0.0019657288646246734 54.86767036204731 0.004403179222386317 0.9999603860253927 0.007735527951163391 0.14905118927071365 -0.001999830491982644 -0.007726782037548694 0.9999681482514069 0.6976871526762781
0.999984096966505 -0.005012318950665835 0.0025850479338943313 56.26831961105845 0.00499946617977485 0.9999752278843348 0.0049546902617808725 0.1485836608226735 -0.002609818384681716 -0.00494168760745708 0.9999843841638676 0.7027559898858435
0.9999835835022659 -0.005321338247698895 0.0021251082843811225 57.69718408133977 0.005314221954983049 0.999980300203959 0.003340396535346236 0.17065136617039187 -0.0021428418000273737 -0.003329048400632508 0.9999921628021724 0.7248863175237855
0.9999837835559614 -0.0052761708268369584 0.002143512656920191 59.14416649978663 0.005272096840865237 0.9999842938814214 0.0019018373683494085 0.18524940300951104 -0.0021535134094965 -0.0018905057210032504 0.9999958941756282 0.7390220406915379
0.9999837662794313 -0.005047091154563812 0.0026446263405450633 60.54726901872273 0.005043051409015665 0.9999861102410298 0.0015319782964355966 0.18699749642752306 -0.002652321641431551 -0.0015186164401350094 0.9999953294861021 0.7645266886416869
0.9999838517026701 -0.0044354053175272795 0.0035529584238224747 62.003893396771126 0.004436642529258734 0.9999901001116135 -0.0003404142075599355 0.20406913048929315 -0.003551413374944264 0.00035617191689791536 0.9999936302820163 0.7789874768024385
0.999986784199761 -0.004081524444561288 0.003126113246388091 63.40473437156952 0.004090296480010792 0.9999877011613165 -0.0028048174291705483 0.21078405096234556 -0.0031146268679258767 0.0028175670912715138 0.9999911801686852 0.7921607115135606
0.9999910156282527 -0.003725415017902643 0.0020223614217412043 64.81949208494355 0.003732466363263988 0.9999869295989464 -0.003494184614287917 0.2174920374543544 -0.0020093177008289544 0.0035017016172154006 0.999991850330872 0.8151360485586241
0.9999937618193961 -0.002913896852670051 0.001996378577498556 66.27537119986711 0.002920427159674573 0.9999903693932407 -0.003276007627461104 0.22667917615676644 -0.0019868134028465513 0.003281817469352584 0.9999926410962233 0.8381090124156981
0.999995735787241 -0.002281914352434732 0.0018224363425879012 67.6380844864174 0.0022844255069515273 0.9999964426019667 -0.0013770197945389136 0.239296566713635 -0.0018192876182236953 0.0013811771426993395 0.9999973912677286 0.8592109922875498
0.9999939837812022 -0.0017056587549609291 0.003020451888768209 69.11031007717979 0.0017017749047310736 0.9999977225653729 0.0012879542853115775 0.25444728151827295 -0.0030226418203892196 -0.0012828064074715422 0.9999946090075419 0.8765984621489329
0.999990975660537 -0.0008372763853234632 0.004165040905189078 70.4664055456588 0.0008185133472616479 0.9999895194620095 0.004504553478400769 0.26908362886099607 -0.00416876880957353 -0.004501103686208262 0.9999811805390231 0.8949588500927858
0.9999876771715858 3.1949948893073635e-05 0.004964321119489514 71.92222584894499 -7.517979341221969e-05 0.9999620803823582 0.008708165443121595 0.288391157882397 -0.0049638546488899515 -0.008708431350529231 0.9999497604232114 0.9164419948201993
0.9999902991838091 0.00042875181172529375 0.0043838008805190875 73.28345978361283 -0.00048265540676715785 0.9999242057397206 0.012302431448598708 0.2925669424419526 -0.004378193923801923 -0.012304427970169694 0.9999147125981758 0.9215047462948497
0.9999919683400456 0.00109362722152826 0.0038558053506002363 74.68538368824406 -0.0011554935290646147 0.9998700499740543 0.01607942783766583 0.3045226917159964 -0.0038377193886050126 -0.016083754051301125 0.9998632830369918 0.9379388439685207
0.999990679567909 0.0019026790403039247 0.0038756405639938825 76.12570646918728 -0.0019725572624986346 0.9998341125572238 0.018106804929506354 0.318507874767215 -0.0038405462056653574 -0.01811428108920196 0.9998285468146344 0.9572595435265998
0.9999885801808278 0.0022106536762712325 0.004237041214765296 77.5010534420958 -0.002286461368048648 0.9998358920445861 0.017971117767663067 0.3196486935262521 -0.00419661796503475 -0.017980600371800225 0.999829528673726 0.9718892100928641
0.9999887118556887 0.0022676430634569287 0.004175398919514859 78.90891674386006 -0.002338212975794364 0.999853184162402 0.016974771880216805 0.32294384025097767 -0.004136293181117247 -0.0169843432384749 0.9998471999078046 0.9970532797894024
0.9999931193759226 0.0020968035588502503 0.003060165950977742 80.28817730617442 -0.002145722250591221 0.999868552774772 0.01607087577284344 0.3253515051076092 -0.0030260662311404106 -0.016077331461360166 0.9998661722131849 1.009204134533166
0.9999936037628819 0.0018370867804671238 0.003068801962543567 81.6646067986679 -0.0018852773841224744 0.9998737893099116 0.015775017598189486 0.32837562801105835 -0.00303943457063886 -0.015780702240372722 0.999870857298227 1.0361587823103062
0.9999932959262652 0.00140906916681324 0.003379737653764881 83.07542355395013 -0.0014600056539294973 0.9998846759643091 0.015116320823503308 0.33343564750599036 -0.003358047947191017 -0.015121153918657204 0.9998800299126654 1.0455948633134722
0.9999959691509631 0.001196283450158762 0.002574992763654741 84.42951246707882 -0.001234741650009035 0.9998869433767476 0.014985855923587303 0.3473965905148403 -0.0025567743122401317 -0.014988974968678143 0.999884390084426 1.0638359833074569
0.9999959346643438 0.00036054899466407054 0.002828543654942061 85.84353798079246 -0.0004044215923558123 0.9998793910070595 0.015525459172831414 0.3481599048234499 -0.0028226048184438884 -0.015526539980757639 0.999875471975518 1.0772005172393133
0.9999934278987532 -0.0008218855369601763 0.00353109946972883 87.19226738552042 0.0007711286124589478 0.9998967124247562 0.014351649481059551 0.3599687246451535 -0.003542530164166663 -0.014348832228731559 0.9998907747817797 1.1013963228360832
0.9999866199804565 -0.001979589409137875 0.004779234858565652 88.5797570130004 0.001916378647315369 0.9999111101079713 0.013194672240138858 0.36237004978561244 -0.0048049300663187185 -0.013185336871532954 0.9999015249206504 1.1224820715840613
0.9999823381092956 -0.0030613751152367284 0.005094256753461509 89.95609366254335 0.003004140643008747 0.9999327084582887 0.011205074487388406 0.36372329590573244 -0.00512821688927076 -0.01118957272082848 0.9999242445574874 1.1387224173704424
0.9999776241360483 -0.003972599691816327 0.005382348828579028 91.32724479516219 0.003922315639173694 0.9999488662205662 0.00932096476931163 0.37391228220659073 -0.00541910207051119 -0.00929964493368623 0.9999420732906765 1.1546054656109377
0.9999795907572606 -0.004353945088876728 0.004675599544931983 92.70921482227608 0.004313378695398184 0.9999532720166198 0.008651505504028769 0.3864790608698764 -0.00471304924349481 -0.008631161301887551 0.9999516439415504 1.1702077529740442
0.9999788783224234 -0.004657174598250142 0.004533611561337286 94.05031397839265 0.004625135872442898 0.9999644384305585 0.007051949547389565 0.39461390935007556 -0.004566292499295172 -0.007030832028920877 0.9999648575694007 1.189324843999937
0.9999807632450554 -0.004731714944308006 0.004010487940664007 95.4302621085687 0.004703898319534915 0.9999650118655881 0.0069172527244365485 0.415519619068805 -0.004043078089262653 -0.006898254731456395 0.9999680332896768 1.2018104029941123
0.9999850646968728 -0.004515163356312777 0.0030795589062130144 96.78659686079196 0.004495986264860111 0.9999706355806516 0.006205971634966196 0.41929690808783426 -0.0031074894524704 -0.006192033292354468 0.9999760008285244 1.2113554244749243
0.9999867352449618 -0.004478038884145941 0.0025448972228341994 98.1142030148721 0.004459000088538245 0.9999623942829469 0.007438234879785813 0.43609425328027335 -0.002578110225170399 -0.007426788516480277 0.9999690976025201 1.2319841805954308
0.9999880266012591 -0.004156375730161749 0.002582865639041819 99.47387861746421 0.004134082890705425 0.9999546689065385 0.008577265920319488 0.4549070760320959 -0.0026183988948204964 -0.008566485440647163 0.9999598788523582 1.242059859284262
0.9999831368737903 -0.004152348833623236 0.004060045223691836 100.79581869465653 0.004117129178025062 0.9999541563408446 0.008644909716199089 0.45758092623707614 -0.004095755777139283 -0.008628048205340908 0.9999543897442424 1.266324586042675
0.9999773716080018 -0.003998949725973048 0.005409683266285319 102.13516868551706 0.00395050863834773 0.9999522717199265 0.008935757587163137 0.4791764426775331 -0.005445158716761824 -0.008914184384863468 0.9999454422933793 1.281036780285577
0.9999832511216437 -0.0037825186811026356 0.004380642488790924 103.49986455461814 0.0037428952354677286 0.9999523296260292 0.009018270939231412 0.4911203305530765 -0.004414545440224139 -0.009001723607408883 0.9999497391172478 1.296997360179645
0.9999918631869051 -0.0036050947926381384 0.0018102075898395902 104.81541924792607 0.003588651387234667 0.9999530034346025 0.00900624801674262 0.49881773724832384 -0.0018425908941265773 -0.00899967853060736 0.9999578044323384 1.3100526210480294
0.9999922959013561 -0.003906878853921166 0.0003800467804564446 106.13029387878552 0.003903807197632631 0.9999621728949004 0.007772584426861501 0.5189860916471083 -0.00041039895012455973 -0.007771040916747377 0.9999697207894707 1.324816487130903
0.9999925571261831 -0.0034389897188736186 0.001749011706904259 107.50084383747995 0.003427551093804647 0.9999729906398978 0.006501529373800365 0.5203960546501082 -0.0017713231598906983 -0.006495486156748542 0.9999773352800806 1.3497717560470306
0.9999894713700139 -0.0030076251945091617 0.0034657379891617573 108.83058407333165 0.0029963302587102756 0.9999901983794635 0.0032596242087404516 0.5257528167987787 -0.003475507747207948 -0.0032492053937575767 0.9999886816910522 1.3574330329264177
0.9999886021679486 -0.0021522266958863903 0.004261860443732223 110.15888108907909 0.002143140662347881 0.9999954235799663 0.002135361146294066 0.5401976112798291 -0.004266436720933121 -0.002126203041392137 0.9999886383246227 1.3804244617055328
0.9999934791619055 -0.0015540536198666484 0.003259839108643071 111.48338847929747 0.0015489062916273072 0.9999975507501402 0.0015809437119819042 0.549371411153965 -0.0032622879957810024 -0.001575884217598852 0.9999934370114463 1.397872394653832
0.9999993670299616 -0.0008240921693512935 0.0007660364041675061 112.80692026690582 0.0008218947377668666 0.999995559624609 0.0028644755375128073 0.5616351759713563 -0.0007683935945380711 -0.002863844123096093 0.9999956039743987 1.4105921361952596
0.9999992354854431 0.0005080995115646722 -0.0011273257806434518 114.15683431672076 -0.000501582510296721 0.9999832062045193 0.005773709718663173 0.55748716441879 0.0011302404676528204 -0.005773139857683069 0.99998269655663 1.4373548227342612
0.9999971685629959 0.0017360912149263082 -0.0016275298106595375 115.4645627036716 -0.0017222464019349215 0.9999626475313513 0.008469793942094534 0.5771420806452922 0.0016421733532584163 -0.008466966953046098 0.9999628061769567 1.4482874146203606
0.999994865270933 0.0032014761200710312 0.00014135919191268016 116.83266568711318 -0.003202689572838546 0.9999484502171136 0.009635335380375054 0.5866376577321358 -0.00011050460874788185 -0.009635738635148371 0.9999535690869283 1.4669323943485264
0.9999881536894547 0.004057563545650225 0.002688616526830599 118.1259938146398 -0.0040818605022450985 0.9999503178550343 0.0090939670362237 0.5928004140312192 -0.0026515836014630303 -0.009104833863872655 0.9999550345414115 1.4849799775759185
0.9999816487486594 0.004968275887107084 0.0034667564988485585 119.4976257435115 -0.00499897732159586 0.9999478612531971 0.008904212536496169 0.5898087009990312 -0.003422337162070487 -0.00892137937017116 0.9999543472571548 1.5063231712122909
0.9999787841523782 0.005997614937088474 0.0025416255030951407 120.82633936495239 -0.0060216565276043224 0.9999361759228684 0.009559483951230815 0.5872895271480711 -0.0024841291824562323 -0.009574585934477402 0.9999510770064645 1.520077140626711
0.9999700295292664 0.0073582464092058104 0.0024075408656159185 122.12783269876171 -0.0073848127924901474 0.9999098019529916 0.011218399990595098 0.5828348282301944 -0.002324775958683916 -0.011235843008449342 0.9999341734577488 1.5364533452948796
0.9999625816853874 0.008476322965829423 0.0017283454729644665 123.49847978293879 -0.008497932718302018 0.9998806206046063 0.012904637881888155 0.5881146709174194 -0.0016187552656829116 -0.012918842375631161 0.9999152379792317 1.5466049506914112
0.9999526267826405 0.009686116498226033 0.0009609046154308034 124.82290483346074 -0.009698417773360227 0.9998584180445419 0.013750802091490879 0.5859655903786513 -0.0008275766976741113 -0.01375946992615533 0.9999049915387765 1.5640686608458423
0.9999416341234553 0.010803991470473135 4.598717007228532e-05 126.14552692445189 -0.01080350417452154 0.9998341178573442 0.014663596624879075 0.5775278773213834 0.00011244583123967312 -0.014663237593792617 0.9998924826296091 1.582065412572576
0.9999323859619476 0.011627508924740787 -0.00015665456203688938 127.48790901210474 -0.011624070305659265 0.9998297451600634 0.014330446004636042 0.5709405938757077 0.000323255279653926 -0.014327656101671757 0.999897301614849 1.602466488890766
0.9999197489970385 0.012653343050341742 0.0006232779074661677 128.82037970321804 -0.012660734948198296 0.9998248081056508 0.01378618464514859 0.5688947520163168 -0.0004487273905584338 -0.013792969446389301 0.9999047717845834 1.6243161632137533
0.9999080246579882 0.013462834758626559 0.0016414337701513518 130.1836637141877 -0.013482437800914585 0.9998299449256237 0.01258193550168198 0.5588923596083766 -0.0014717661174066434 -0.01260290880257143 0.9999194970567429 1.6413104156543161
0.9999023724073338 0.013829639215172362 0.001996680586300205 131.51116683741358 -0.013851165134424494 0.9998413093011148 0.011202742496871063 0.5409315036639929 -0.0018414338447103086 -0.011229305152611379 0.9999352538175584 1.6542253402226514
0.9999027829093827 0.013777468494168858 0.00214618078548822 132.85206692719458 -0.013798625447659274 0.9998530072543709 0.010176532815564826 0.5255306402407637 -0.002005658452235625 -0.010205157827453841 0.9999459145813286 1.6785436641985232
0.999902798668551 0.013633976494488763 0.002916830428174069 134.18579881617782 -0.013657818731129865 0.9998721415117858 0.008316526687452955 0.513128244328751 -0.002803070157272623 -0.00835555585124335 0.9999611629878983 1.6868758413257283
0.9999115997316278 0.013017313789575794 0.0027096612040848167 135.5252655782676 -0.013036276375342918 0.9998898007457363 0.007102243512983914 0.49525010049875023 -0.002616910469022328 -0.007136939565091314 0.999971107519233 1.712003885413928
0.9999266748963722 0.011886702046907002 0.002313254230030251 136.87220896891495 -0.011899977116060235 0.9999123009482129 0.0058121387705162685 0.48568736186315176 -0.0022439641980073317 -0.005839240267239611 0.9999804337574708 1.7282380161579234
0.9999360188466295 0.01082867796617837 0.003270771569192946 138.1969013655367 -0.010837265858365286 0.9999378441802232 0.002619435993237855 0.47340645895985056 -0.003242203242880971 -0.0026547146197591536 0.9999912202656679 1.7341495532581859
0.9999463515084519 0.009718900283840206 0.003582887412195081 139.5484147972812 -0.009726076000176026 0.9999507188252912 0.0019908205399690824 0.45521674665243855 -0.0035633622569835777 -0.002025561170721253 0.9999915997404024 1.754044586364372
0.9999579162223062 0.008448114330870272 0.0035770306953926217 140.9155340933741 -0.00845145570013679 0.9999638625631561 0.0009200349569167502 0.4545243463263895 -0.0035691288701673487 -0.0009502273548302932 0.9999931791702793 1.7679433822049015
0.9999684576899901 0.007282565863170526 0.0031698358870833614 142.2270555607311 -0.007283852389469333 0.9999733945741176 0.0003945101827107261 0.45178602286324304 -0.003166878505860327 -0.00041758635564859874 0.9999948982380683 1.7802462218325454
0.9999776466023828 0.006244131401578379 0.002391049685822959 143.57890247769734 -0.006244115348011426 0.9999805052212145 -1.417904442356153e-05 0.44341870179826764 -0.002391091608654798 -7.512625673613385e-07 0.9999971413360913 1.790790150255747
0.9999852818189423 0.005421294884828619 0.00021379256847205684 144.92462990637353 -0.005420957375531451 0.99998410699689 -0.0015488624100854936 0.4335156913045995 -0.000222186010527201 0.0015476806532472161 0.9999987776582391 1.8101850309399685
0.9999902098368582 0.004353526127032981 -0.0007918590136436393 146.23117940402878 -0.004357048242996973 0.9999803741427378 -0.0045019395773867954 0.4424142235050656 0.0007722441611591885 0.004505345670587976 0.9999895526950989 1.8485401377642863
0.9999926977185658 0.003242169918622635 0.0020230777948026385 147.6095469258451 -0.0032134698030265585 0.9998963842181763 -0.014031907897443865 0.43074928295459164 -0.0020683620017012154 0.014025304333100569 0.9998995013085035 1.8506900140219626
0.9999919077860561 0.0017335642453693287 0.003630305415684667 148.9242669811111 -0.0016514520126969863 0.9997454636522994 -0.022500680276351145 0.4209144093859436 -0.0036683877458266903 0.022494502920847027 0.9997402363962803 1.8619970041152272
0.9999993182796343 0.0008827065223721888 0.0007643752102895355 150.24881428912 -0.0008651429577696456 0.9997423799645878 -0.022680944213245548 0.3906252692367041 -0.0007841989093113842 0.022680267457353687 0.9997424620871785 1.8956625703887413
0.9999953335008355 0.0008665952694213956 -0.002929503232960056 151.63245663100224 -0.0009342673087188956 0.9997309108402004 -0.02317828844455999 0.41073399944360717 0.002908628740277128 0.023180917222197672 0.9997270552283702 1.9070614335386828
0.9999846592866862 0.0019361137820223865 -0.0051896680734962635 152.95326570159855 -0.002035044850077992 0.9998150086933462 -0.019126081250024334 0.4143699388767471 0.005151677760513995 0.019136349049581648 0.9998036108963122 1.9348280775938465
0.9999826004555571 0.0027149276790813704 -0.005237170403857936 154.3228118647006 -0.0028145720994544703 0.9998133531694426 -0.019113791041345557 0.416381066724796 0.005184300342250641 0.01912819886378765 0.9998035982322672 1.9575237851076883
0.99999306182071 0.003189429911984597 -0.0019245381986573251 155.64886849099096 -0.0032343828614488025 0.9997109069845876 -0.023825222424118116 0.4184831487702336 0.0018479929510470305 0.023831281813819258 0.999714286648522 1.9710092387241338
0.9999934066667682 0.003594467525476933 0.0005161648961067992 156.9810032615034 -0.0035769068258529025 0.9995212265224576 -0.030733100536739347 0.4168259222122155 -0.000626386901881032 0.030731051629426107 0.9995274934213659 1.9903853592403393
0.9999920529492374 0.0036335993054841006 0.001640425084169512 158.33522708569274 -0.003578526671767097 0.9994682012025021 -0.032411555530310075 0.39614762442231966 -0.001757323313746959 0.03240542764911624 0.9994732613100007 2.0156602796606897
0.9999916386479364 0.0035684710931927805 0.0019971600517087787 159.66833202613046 -0.0034968576807153035 0.9993888645135852 -0.03478030294013474 0.3939336169457909 -0.0021200520219834883 0.03477302834531054 0.9993929867069912 2.0359533924540743
0.9999873346786242 0.0046170150156882835 0.0020034107631935827 161.03596355060142 -0.004546941834146364 0.9994225000431519 -0.03367479365123122 0.3952892010809353 -0.0021577308215022283 0.033665257756937225 0.9994308353347224 2.043927689239294
0.9999814524117173 0.005847590888389399 0.0017030893560077793 162.38257600005647 -0.005791916009994691 0.9995013192492516 -0.031041368010109077 0.3990516596540244 -0.0018837572788681894 0.031030928117087977 0.9995166496655804 2.050673432193604
0.9999773154689516 0.00673263413429741 -0.00020046227246936225 163.72520487741895 -0.0067355998807562475 0.9996003914816574 -0.0274533976761294 0.40206865690752647 1.5548483740927192e-05 0.027454125142335972 0.9996230643452129 2.073308364416853
0.9999714647698752 0.0074579101256523235 -0.0012038365951728774 165.08336054677798 -0.007484923182678116 0.9996777010378037 -0.02425840004453898 0.40014669376452483 0.0010225316325633074 0.024266718449950615 0.9997049968889479 2.0864850290165013
0.9999706627634385 0.007659612580039509 6.282971691737334e-05 166.42281833280148 -0.007655817629716292 0.9996747666474209 -0.024325899466313007 0.39360913669838427 -0.00024913624817084613 0.02432470479879134 0.9997040795493342 2.1031132852751298
0.9999711913348994 0.007590365283693396 -5.343334309168031e-05 167.7528836421037 -0.0075895484559007215 0.9996994916202467 -0.023309337366294584 0.3901078531755032 -0.00012350909920669662 0.023309071390347234 0.9997282990575099 2.115383022838283
0.9999723200177344 0.007070279797856098 -0.002317399820848729 169.1422411798253 -0.0071145302256072325 0.999781058631103 -0.019677862235006192 0.38614617851033073 0.0021777644543345114 0.01969380476319875 0.999803686428456 2.1447192162059117
0.9999645843257646 0.006400123016232748 -0.0054652099298906735 170.52826352877898 -0.006480728734048187 0.9998685698173998 -0.014860795617433383 0.3898852159323782 0.005369380716280974 0.014895687855367167 0.9998746362589858 2.1677283309176474
0.999958081959656 0.006238362117477241 -0.006702026682812596 171.89709521160333 -0.006308273747573862 0.9999253794123758 -0.010461419088347221 0.3938675233146506 0.006636264453107453 0.010503258785138546 0.9999228177959542 2.186375678346768
0.9999630526782909 0.006607730786580377 -0.005498288112277164 173.28104146279045 -0.00663153815259347 0.9999686664654994 -0.004323053196692238 0.3924385150942092 0.005469550259777096 0.004359355578845532 0.9999755397202937 2.2228557550335166
0.999968151935804 0.00734810479328704 -0.0031145577598613826 174.6411990171854 -0.007352737965178757 0.9999718748685335 -0.0014787549916983162 0.3967357680497895 0.0031036041158723307 0.0015016084233000857 0.9999940563891542 2.2487388908346357
0.9999726139687425 0.007299742473209796 -0.0012186354439240757 176.0414726209962 -0.007301930311738664 0.9999717193766592 -0.001800627837817056 0.3973200368036438 0.0012054568606479393 0.0018094769168537548 0.9999976363307288 2.2650744316014175
0.9999791445919283 0.006448501759735382 -0.000356659852287171 177.4671549720435 -0.006449684592140102 0.9999733483127905 -0.003421144949905276 0.3933735024489873 0.0003345890874705738 0.003423373944085205 0.9999940842629927 2.2881315216130216
0.9999875590426562 0.004973600728510542 -0.0003808617903381905 178.8695254001519 -0.004975672740536555 0.9999716725929557 -0.005647715682097342 0.38906712440791646 0.00035276151868032817 0.005649540462735551 0.9999839789975993 2.3033227644055323
0.9999881034977608 0.0028055432624695775 -0.003990211768052159 180.20418152720308 -0.00283264693159161 0.999972846018219 -0.006803185840774162 0.3846296534744181 0.003971016785715595 0.0068144077677797475 0.9999688969525311 2.3263646598952956
0.9999638850064673 0.001305504403237634 -0.008397877173762072 181.61780660116213 -0.0013405041921427658 0.9999904344580106 -0.004163416984869487 0.3942590268913374 0.008392361484309083 0.004174524012648533 0.9999560698440629 2.3583007290389633
0.9999541475706442 0.0008104802289872436 -0.009541796375146058 183.0182762525951 -0.0008102543575034636 0.999999671364727 2.753750465276429e-05 0.4195368028331128 0.009541815557978279 -1.980495989990472e-05 0.999954475645577 2.3808117733410405
0.9999655702819723 0.00046495220042083756 -0.008285051001723134 184.3496312147515 -0.000442678727794614 0.9999962838962799 0.0026900240100829046 0.43471262249290743 0.008286270946196958 -0.0026862637774775935 0.9999620601306451 2.39939112336756
0.999986238212118 0.0007336575086451243 -0.005194721651579486 185.7866389535273 -0.0007051668989209 0.9999847128106323 0.0054842396630781325 0.42871384293394094 0.0051986657924939115 -0.005480501044377394 0.9999714685841196 2.4296599543986277
0.9999958236810202 0.0011226083879674043 -0.0026631505637232404 187.16070121520107 -0.0011086786657068342 0.9999857283901673 0.005226265167658258 0.43837308353750765 0.0026689796053924243 -0.005223290762894279 0.9999827967427601 2.453340523003044
0.9999965574760065 0.0013136244014517473 -0.0022714372251921486 188.61307240741084 -0.001302195772923829 0.9999865235620398 0.005025632345791973 0.4441907801430374 0.00227800840759146 -0.005022657188978932 0.999984791680582 2.477276870986955
0.9999979984067743 0.001139345913632822 -0.0016447107144459097 190.0250699070002 -0.0011334857340140562 0.999993022234815 0.0035595915174998286 0.4390844067921667 0.0016487548440904127 -0.0035577201365141566 0.9999923120878952 2.5015192747875408
0.9999985959545228 0.0012431394529471447 -0.0011236962595430704 191.37594868068558 -0.0012427493708365516 0.9999991673134315 0.00034777355391431004 0.4446815500287113 0.0011241276548818505 -0.00034637659280486603 0.9999993081798964 2.5175715323899333
0.9999982716946744 0.0016473829738312775 -0.00086182190850929 192.83725239377014 -0.0016486197240349546 0.9999976095379932 -0.0014363047395473544 0.4487828534801302 0.0008594537043835975 0.0014377230737711974 0.9999985971448626 2.543768898320155
0.9999979753677462 0.002006634614947925 -0.0001505919343437489 194.20898464189165 -0.0020073060904264315 0.999987406533916 -0.004599727799748374 0.4466419856755684 0.0001413600648470179 0.004600020771098089 0.9999894098570432 2.563406533344402
0.9999966084915087 0.002255578359385734 0.0013020644165327496 195.67536432088554 -0.0022428941575636983 0.9999508041754759 -0.009662228242861058 0.44057379170436034 -0.0013237942733282377 0.009659275080659314 0.9999524718573568 2.5771001118874115
0.9999953532706816 0.002499509059712985 0.0017452482646189275 197.0660914479812 -0.002475391909445077 0.999903267256987 -0.013686802537375458 0.43372865937939403 -0.0017792897289077246 0.013682418765074622 0.9999048082416635 2.598672467262954
0.9999923922628086 0.0028140709142092557 -0.002701188885440159 198.48420707350223 -0.002845057152768509 0.9999294006451339 -0.011536870254133693 0.44287467691468957 0.002668532612224312 0.011544467521416288 0.9999297996376267 2.6192877811606294
0.9999670257341543 0.0030344698648252792 -0.007532558464995562 199.91601317028324 -0.003060827609879397 0.9999892251498049 -0.003490117281025634 0.4581028489414642 0.007521886647092538 0.0035130580598932656 0.9999655392283956 2.643387405330711
0.9999543938467435 0.004410600353831796 -0.00847094039115025 201.34051444896488 -0.0043660449844919146 0.9999765763027897 0.005271100164512235 0.4744694217009234 0.008493990686658123 -0.005233875263101591 0.9999502280973515 2.661640262750719
0.9999741669326462 0.00587614679116044 -0.004139609431937831 202.80417558328153 -0.005824681168037414 0.9999069348084844 0.01233672611320591 0.48971337295968703 0.004211716591956787 -0.012312295512628064 0.999915330826845 2.6886067995720073
0.9999744028677126 0.006781928646742656 -0.002280143239400256 204.23937227936887 -0.006750836124803413 0.9998877207849106 0.013378043024769103 0.4802440942589931 0.0023706161599340823 -0.01336230771188178 0.9999079102155535 2.707012156986693
0.9999785387460787 0.00631510215946177 -0.0017439988453923877 205.70055906509097 -0.006292565489957689 0.9999003256892308 0.012638920291105488 0.47379397210246915 0.0018236410863331162 -0.012627674817078788 0.9999186047683594 2.7358859676995664
0.9999862451483938 0.0049618864129081985 -0.0016997638782408927 207.1378548367694 -0.004946248530202772 0.9999465072226279 0.009083904377774855 0.46833415746458407 0.001744746254858407 -0.009075371975433694 0.9999572958301838 2.755634650784515
0.999990633514591 0.0037407830290623503 -0.0021770221442109884 208.5668906141466 -0.003724447619104467 0.9999652389503491 0.007459851265520306 0.46272317319290157 0.0022048521536495304 -0.007451673187990531 0.9999698051409752 2.781428268018958
0.9999903023192893 0.003329418103620975 -0.0028827491163238906 210.04172989753235 -0.0033075870966648778 0.9999660664687732 0.007544917399622066 0.4676908042633469 0.002907771479047359 -0.007535309287642061 0.9999673814574979 2.7982612536075155
0.9999905783304438 0.0032354886568548 -0.002893935641271803 211.5289306219878 -0.0032088512371227116 0.9999528764086499 0.009162326986361059 0.4720821486365021 0.0029234438736660167 -0.009152954452981178 0.999953837384856 2.826135471674964
0.9999930398220598 0.003030777799132772 -0.002175935056174859 212.96779161555867 -0.0030084604774882574 0.9999435807480119 0.010187467123841429 0.4755577367086999 0.002206688240734949 -0.010180850002639406 0.9999457389379847 2.8454057358229323
0.999993615531995 0.0026613923668238927 -0.0023845095760967336 214.40943378903665 -0.0026372702054017717 0.9999458903383484 0.01006286248099498 0.4870569765744424 0.0024111617764856846 -0.010056509638911897 0.9999465250265986 2.872639489854013
0.9999923345799171 0.0023955399466565213 -0.0030971228214213024 215.8775332413275 -0.002365089255530977 0.9999491967074031 0.009798487486994993 0.4860081193876782 0.003120438145576307 -0.009791087405564225 0.9999471973425378 2.8961199116644467
0.9999905643681487 0.0021594023546820124 -0.0037693707886163525 217.3558707567101 -0.0021252743003169518 0.9999569278628118 0.009034690272266123 0.48922204837722655 0.0037887179652083863 -0.00902659407738941 0.9999520819597018 2.918114589167083
0.9999915634625786 0.0015201618560613727 -0.003816033490301668 218.82574248445817 -0.0014817304740294105 0.9999483621227901 0.01005373377167599 0.4871039643739186 0.003831119741023565 -0.010047994619862301 0.9999421784911612 2.9450375196111116
0.9999898505886546 0.0013855836248942502 -0.00428705932993246 220.30249286397932 -0.0013389024079104202 0.9999399946918482 0.0108726425494726 0.4931356296650533 0.004301867039092181 -0.010866792244491254 0.9999317010507732 2.9724605043857752
0.9999895054483191 0.0012951697317760411 -0.00439448843347854 221.7962815868664 -0.0012502356434994824 0.9999470696113261 0.010212486795944734 0.5010829040583379 0.004407482735282004 -0.010206885474399782 0.999938194882489 2.9968121430234853
0.9999885848812793 0.0008417101496414539 -0.004703363813312213 223.26507067644232 -0.0007884123451510224 0.9999355906262404 0.01132223497927222 0.5044786650143681 0.004712590912693113 -0.011318397544521595 0.9999248398574333 3.0220120165275937
