1.0 -2.1684043449710093e-19 -2.5135375298442207e-37 0.0 2.1684043449710093e-19 1.0 2.3183291766350204e-18 -8.673617379884035e-19 -2.51353752984422e-37 -2.3183291766350204e-18 1.0 0.0
0.9999995295397155 -0.00043795438269228005 0.0008655150527340376 1.3229969388795335 0.0004380674950230034 0.9999998955329614 -0.00013050262823914883 -9.86459097629952e-05 -0.000865457808118253 0.00013088172085390113 0.9999996169263053 0.01638626271902344
0.9999990495359397 -0.00026099816715041615 0.0013538120896250617 2.6134956849595343 0.0002618066171013296 0.9999997875105625 -0.0005970227173187244 -0.026064644463150242 -0.0013536559801193252 0.000597376586833464 0.9999989053777514 0.02535114277805909
0.9999986764362512 -0.0006895528813339845 0.0014736494052446007 3.9346180349715714 0.0006915095355957266 0.9999988795604958 -0.001327664232831962 -0.026957918445486742 -0.0014727322594123985 0.0013286815181995644 0.9999980328306227 0.05003486497306771
0.9999984358940404 0.0014266173731658483 0.0010454531761784113 5.172045182778112 -0.0014237033279896774 0.9999951144942284 -0.0027828144941464063 -0.09429128940652831 -0.001049418080114532 0.002781321726363489 0.9999955814758121 0.06605555051872501
0.9999981873828033 0.0011180545086580623 0.0015411635940140481 6.503758882897249 -0.001113827518709763 0.9999956235240404 -0.0027408613653617632 -0.11202670383408903 -0.0015442212815557786 0.002739139806807472 0.9999950562346558 0.07421399052154601
0.9999960676780968 0.0011942313086082273 0.002537408111620408 7.851073630058007 -0.001184889073793278 0.9999925263456814 -0.0036801210122508273 -0.1006561527016694 -0.0025417840636416124 0.0036770999936831506 0.999990009084796 0.10503834583368339
0.9999947538977066 0.0012735651155704646 0.002978289603364644 9.164817426410139 -0.0012621449895895104 0.9999918567550321 -0.0038331988793375224 -0.08679196675740629 -0.0029831471787965867 0.003829419736683658 0.9999882181192886 0.10813892206023168
0.9999966394946846 0.0007574832641616941 0.002479358473931487 10.493297153898412 -0.0007484770124578693 0.9999931263082655 -0.0036314072180433444 -0.09381821555662749 -0.002482092161778661 0.0036295392718567053 0.9999903327848597 0.12506820092038426
0.9999997108362756 0.0007410408250762078 -0.00017083869859710403 11.831402926214453 -0.0007411088423862054 0.999999646010056 -0.00039841868243976875 -0.06893858508144798 0.0001705433936127617 0.0003985451773016906 0.9999999060383419 0.1380979768132341
0.9999995538442645 0.0005366534075886406 -0.0007773766087760848 13.17549075404606 -0.0005351699235348513 0.9999980379483637 0.0019072735974883343 -0.0741282978014729 0.0007783986283983336 -0.0019068567179670033 0.9999978789942668 0.14905207421753577
0.9999992704568403 0.0007047417693512821 -0.0009810325302737617 14.515822320825787 -0.0006993520103093897 0.9999847208971655 0.005483509732241785 -0.055040083086506195 0.000984881999327803 -0.005482819644712543 0.9999844842277258 0.1708628728406361
0.9999992342967678 0.001224136486867241 -0.00018137182671031524 15.87365923591426 -0.001223068029073437 0.99998255686533 0.005778414114040322 -0.034636438653188 0.000188442230570342 -0.005778187859407335 0.9999832883776545 0.19117643146316105
0.9999961389721058 0.0014988842684602324 0.0023399544505028577 17.204242193123527 -0.0015101033922011802 0.9999873387092939 0.004800209250514099 -0.04515237299585432 -0.002332729865528408 -0.004803724289925585 0.9999857412005038 0.2214341763924963
0.9999890229633366 0.0013810540187952538 0.004477347722559137 18.581123395253446 -0.001381040466887795 0.9999990463444417 -6.1184860220083105e-06 -0.04301566007732815 -0.004477351902671305 -6.497953001915468e-08 0.9999899766097335 0.23348627255175822
0.9999944263365216 0.0010577619648077467 0.0031667705184907796 19.915253406455378 -0.0010498256430381474 0.9999963070562503 -0.0025067389135576064 -0.04932646177187602 -0.003169410356863851 0.002503400384942545 0.9999918438789901 0.2550963637215975
0.999999280725049 0.0010996074187297957 0.00047897067700355847 21.27716981318283 -0.0010981257141474778 0.9999946449909727 -0.0030828735450377327 -0.048351192951780295 -0.0004823580627323885 0.0030823453575872743 0.9999951332270552 0.24965993652426136
0.9999982654114759 0.0015698908399857628 -0.0010023057368335816 22.624134806721013 -0.0015711058424932591 0.9999980306445346 -0.0012125730840143272 -0.03481498834704959 0.0010004001555598933 0.0012141457090980748 0.9999987625240973 0.30135375149241217
0.9999975430500617 0.0021859003547342877 0.00036842024769456847 23.996764432269497 -0.0021864457092941243 0.999996505019328 0.0014864065020961023 -0.034446996951977255 -0.0003651698235727124 -0.001487208380939528 0.9999988274304283 0.28158765714269224
0.9999812021253125 0.0030223069214827245 0.005334890522528376 25.387408408403118 -0.0030332092026260364 0.9999933257774447 0.002036674372222183 -0.0166536601615018 -0.005328699461229746 -0.0020528179261004894 0.9999836953173857 0.3031541864012517
0.9999778550688969 0.0032618594542811958 0.005800831380812537 26.742821821431647 -0.0032641524229062133 0.9999945981962316 0.00038585919366636957 -0.0355044319237456 -0.005799541427400842 -0.00040478544664766 0.999983100591192 0.321069879566054
0.9999822160498965 0.003131389252861132 0.005075626590399309 28.125314534536464 -0.0031129429616473816 0.9999885367564976 -0.003638123378397794 -0.0331803499005442 -0.005086960787703473 0.003622258542122628 0.9999805008463906 0.35079881164919424
0.9999924133145556 0.0031330515466173542 0.002314584484847664 29.47842511233912 -0.003124589434912902 0.9999884549264626 -0.0036506101749370218 -0.0351528233162267 -0.0023259953126542614 0.0036433503526783757 0.9999906578283685 0.34271249613118415
0.9999914459375182 0.004099842977812472 0.0005471191358974282 30.856473156496566 -0.004097389021181469 0.9999818664420911 -0.00441341026883541 -0.01419550862865165 -0.0005652035037797846 0.004411130756307508 0.9999901111863307 0.37843476232826595
0.9999903556800966 0.004337258238855961 -0.000690461992632243 32.252116213951076 -0.004338449323059083 0.9999890872152989 -0.0017330054196871166 -0.02164937598091585 0.000682937965734653 0.0017359842403929882 0.9999982599757122 0.3745049528303755
0.9999841858708225 0.00484477954672414 -0.0028558920518535194 33.63335904396651 -0.004846647202092206 0.9999880453654173 -0.0006474080247704032 -0.022044664051507346 0.0028527213615508395 0.0006612392877988623 0.9999957123625269 0.4099056709286202
0.9999840973154774 0.005092210188170773 -0.0024237391668884695 35.02739352058087 -0.00509242230325045 0.999987030224338 -8.135228443394767e-05 -0.010028858614304099 0.002423293468603586 9.369369410495763e-05 0.9999970594308049 0.4073836197304083
0.9999894335366182 0.0044914891549480435 -0.0009794591796601247 36.41281369167047 -0.00449141261521077 0.9999899103289653 8.033049034693099e-05 -0.016283116208074384 0.000979810100765415 -7.593048622213683e-05 0.9999995171032472 0.4449031042863704
0.9999902597163628 0.00440764157117513 0.0002305822659974106 37.81249778963863 -0.004408104341670378 0.9999881901455994 0.002046505666086017 -0.010154464213276612 -0.00022155927940493565 -0.0020475021632282197 0.99999787932094 0.472289959173384
0.9999925474386013 0.0038146464398006795 0.0005945921256999737 39.211819709824326 -0.0038166993768788916 0.9999866239670254 0.003490657946213679 -0.02653646953088257 -0.0005812685465090079 -0.0034929013112666696 0.9999937308640022 0.4756664988078157
0.9999896171021393 0.004522901668897923 0.0005559212268192401 40.606415451433804 -0.004526402464007101 0.9999688495966944 0.006466182567593882 -0.008206425291144853 -0.0005266580017224495 -0.006468631753091602 0.9999789394955236 0.5023014852849401
0.9999894165510484 0.004505390995135266 0.0009317928282339058 42.030144226577164 -0.004513681027378028 0.9999484540547473 0.009094829141006901 -0.0025891208073917497 -0.0008907690367776083 -0.00909893870195721 0.9999582070491853 0.537723203069032
0.9999907391737352 0.004188159631089778 0.0009903967242794445 43.422882045287245 -0.004197681261967822 0.9999430142771626 0.009815684913710165 0.003916647309536647 -0.0009492306304991178 -0.00981975138212893 0.999951334537838 0.539245968007772
0.9999926290256863 0.003774656099794337 0.0007027557359727192 44.85344411943371 -0.0037807634216048486 0.9999532281306891 0.008902099694112387 0.002283759208325923 -0.0006691205018619201 -0.008904691030145092 0.9999601285828409 0.5566175801443087
0.9999958196283678 0.002890660349134867 6.934359886341866e-05 46.24253403256192 -0.002891131876467104 0.9999621836314965 0.008201991429057255 -0.01014865916888507 -4.563180513241083e-05 -0.00820215762317406 0.9999663606982301 0.574860848109669
0.9999978990573626 0.0019992152299555615 0.0004527905974867437 47.67073256601213 -0.0020025913687591055 0.9999692449655571 0.007582793075355299 -0.008027970369935347 -0.0004376170364944706 -0.007583683898884398 0.999971147698698 0.6004246000477725
0.9999987677346919 0.0009515761802121098 0.0012486119777606647 49.0767433993242 -0.0009616199522017959 0.9999669895100088 0.008068158238253924 -0.006962465917722908 -0.0012408932932697655 -0.008069348986332797 0.9999666723400192 0.6204485915672816
0.9999988039045669 0.00016246558349951749 0.0015381139000586847 50.497627696102164 -0.0001764028530282087 0.9999588921538128 0.009065477624075531 0.009955679611877237 -0.0015365778433971658 -0.0090657381085794 0.9999577247669412 0.6477363204843775
0.9999983804907381 -0.0009551646501796721 0.001525344679787508 51.94616667023297 0.000941284742822657 0.9999583832038678 0.00907446104954025 0.012246627075187018 -0.001533948804242891 -0.009073010569691902 0.9999576628439167 0.6587407367715122
0.9999946578461028 -0.001934240353631869 0.002634956073724778 53.33902100282909 0.001908342067780128 0.9999501966242653 0.009796045204341849 0.03231386221482366 -0.0026537727499576337 -0.009790964474838541 0.9999485459286613 0.6864750743677459
0.9999906958033223 -0.0028589429960977283 0.003230286633168925 54.80643394367737 0.0028352314020893884 0.9999691796250185 0.007321288340453268 0.0301462636954021 -0.003251118220546944 -0.007312061611646503 0.9999679814800589 0.6978658546394922
0.999986793763563 -0.0032378531039256564 0.003991065740721611 56.20966900362484 0.003219382588347144 0.9999841189513421 0.0046257346289983285 0.03689970584089267 -0.0040059798076388245 -0.004612824772898496 0.9999813368125404 0.6891194310448258
0.9999863036952026 -0.003869509553049061 0.003524105251694185 57.64804912923665 0.0038532264616558264 0.9999819241971053 0.004615617498230927 0.042003568430690946 -0.0035419017266649 -0.004601975105717354 0.999983138236483 0.736740496912902
0.9999850462283665 -0.003841057033436512 0.003892762581729585 59.09072637011017 0.0038309232723404505 0.9999892628113001 0.0026073528710136165 0.05066812643519229 -0.0039027357754870392 -0.0025924010064861717 0.9999890239950079 0.7482319503789123
0.999985821136034 -0.0034997920258035145 0.004013599714467607 60.48639651892262 0.0034919156216379112 0.9999919671899758 0.001967760354687913 0.05710419686579183 -0.004020454225981618 -0.001953717302539575 0.9999900094183534 0.770902271266221
0.9999835219026506 -0.002839676624756199 0.004989204329117843 61.940164494533974 0.002839861874351443 0.9999959671327513 -3.0046096288619737e-05 0.07084250593614459 -0.004989098887121812 4.421425234373106e-05 0.9999875533912381 0.7795169094203526
0.999984498965123 -0.002539668952212375 0.0049549885050394525 63.35136846179866 0.002544932541961165 0.9999962038039254 -0.0010562651632151432 0.07486090109248081 -0.004952287131091219 0.001068858901503527 0.9999871661140556 0.8088995041859364
0.9999927734211552 -0.0020655732808793547 0.0031916316340461176 64.76554470282856 0.0020755375816205973 0.9999929730527731 -0.0031218566307635504 0.08165372839308378 -0.0031851607829758164 0.0031284584218236183 0.9999900336996812 0.8162751201249205
0.9999946984100109 -0.0012476002730479434 0.003007764191271475 66.25810923642422 0.0012576302174591338 0.9999936477083573 -0.0033351025726411697 0.0840839296920314 -0.003003584210195869 0.0033388675464286924 0.999989915171848 0.8362256649282239
0.9999952825977915 -0.00037865621313949607 0.003048180053000071 67.58797283193489 0.000383127998306394 0.9999988511711503 -0.0014665842343579618 0.10632559466123159 -0.0030476212199304553 0.001467745159012439 0.9999942788481583 0.8531548682760982
0.9999894943509298 0.00021487235645273027 0.004578757215889139 69.06515341401253 -0.00022541978931773002 0.9999973223015036 0.0023031664597961666 0.12597200043967308 -0.004578250068553307 -0.002304174406024533 0.9999868651170456 0.882046294071542
0.9999842028528735 0.0009841782159354735 0.005534025473612406 70.41229285898612 -0.001014995784789658 0.9999839795796586 0.005568695321713629 0.14255457035718155 -0.005528456227571326 -0.005574224364742964 0.9999691816223495 0.9004206101543929
0.9999792863215701 0.0019268105402645882 0.006141199308385954 71.87267109899204 -0.0019802743416753 0.9999600924660776 0.008711600815289914 0.14997933053756807 -0.0061241686239927534 -0.008723581625409527 0.9999431952277538 0.9117852782204052
0.9999799645459294 0.002161206046474957 0.005949764293338137 73.23830156374281 -0.0022366122090620036 0.9999168952533503 0.01269646221303099 0.15312932755540493 -0.0059218301687802705 -0.012709515149104985 0.999901695244151 0.9285160046043641
0.9999825388071284 0.002788103866694275 0.005210427782672706 74.63176941535899 -0.002872043511159996 0.9998650917355228 0.01617249809969554 0.16612568889822102 -0.005164634248417494 -0.016187180283890597 0.9998556404539293 0.9441979914164398
0.9999785895001747 0.003538741730778227 0.005504348117987954 76.06361172069478 -0.0036397943188349376 0.9998230055741695 0.018458315793991494 0.1680644486370959 -0.005438054666673159 -0.01847795528723315 0.9998144791559308 0.9497756342639307
0.9999763241945426 0.003907801547522724 0.005663933036007092 77.41860945760081 -0.004007380918986825 0.9998357025866649 0.01767791648358565 0.17442091019915867 -0.005593920677068438 -0.017700195481849004 0.9998276907204376 0.9646976956598966
0.9999767138837086 0.003915486969217135 0.005589333782622997 78.84978576186441 -0.00400786283780356 0.9998539657326039 0.016612773526969035 0.17516564174899318 -0.005523470450091416 -0.016634787963148216 0.9998463757515992 0.9936290481503549
0.9999814983136197 0.0038832935158141426 0.004682206949525777 80.22497494587175 -0.003956365496422064 0.9998689296643363 0.015699384190257615 0.18273532401245257 -0.004620627934260953 -0.015717618247197175 0.9998657941314566 0.9994088995585753
0.9999834039647979 0.0034255151772076076 0.004632239279948296 81.59036956953493 -0.0034971301798961073 0.9998731089363488 0.015541431930977446 0.17333731781890557 -0.004578414079223874 -0.015557373548612436 0.9998684944795431 1.023208924445943
0.9999853570205833 0.002989932333925553 0.004510659492250668 83.01068720142891 -0.003056226338302758 0.9998863561766269 0.01476259504276383 0.17815603676276262 -0.004466007723409026 -0.014776164470731814 0.9998808527712431 1.0313586643340609
0.9999899061848113 0.0027238354804956107 0.0035732686391384454 84.35109895643068 -0.002778099049104993 0.9998795482086933 0.015269945633589715 0.18871033524253278 -0.00353124541282803 -0.015279718395789135 0.999877022694081 1.0502598998205548
0.9999907268274325 0.0018244484329206054 0.003900980268964056 85.76188409028744 -0.001882961673337604 0.9998849853169289 0.015048939932819931 0.18783662021817743 -0.0038730755840772047 -0.015056145777737883 0.9998791485773866 1.0640505544689913
0.9999876723305229 0.0006313047602544239 0.004925103174807529 87.12462283638287 -0.0007019300859544128 0.9998967677999211 0.014351342704607759 0.19462579354123408 -0.004915534674605716 -0.014354622864093171 0.999884884534861 1.089781465409571
0.9999802963496632 -0.00029479156907487 0.00627056698954557 88.5047855505455 0.00020827449077828625 0.9999048433195692 0.013793510351040867 0.19813370619526557 -0.006274036513765859 -0.013791932569389355 0.9998852029417303 1.113798941393213
0.9999755940613657 -0.001414097957244038 0.006841900948284899 89.89742993283494 0.0013380799330802425 0.9999374699778798 0.011102507659516026 0.19928619892680668 -0.0068571731574688655 -0.011093081682032378 0.9999149577414492 1.1205710799418938
0.9999749153429512 -0.002254381135099317 0.006714644484663329 91.2689619605176 0.002185482508799724 0.9999450721833875 0.010250672288378164 0.20763251816506137 -0.006737384586131463 -0.01023574041570525 0.999924915814723 1.1450548435099372
0.9999782140254748 -0.0027096091192260223 0.0060190940217419294 92.64025404096769 0.0026595572319187645 0.9999619510871737 0.00830801620502317 0.21698729605956987 -0.006041376478230011 -0.00829182708175865 0.9999473723021098 1.1439015555030185
0.9999783067575037 -0.002852618983183375 0.0059370514005558424 93.96497165144064 0.002815700264960427 0.9999767072664913 0.006217455788636114 0.2220315157083317 -0.005954649142809509 -0.006200603954658352 0.9999630466493167 1.1767855829006297
0.9999824208556023 -0.0031334445960269283 0.005033835985881481 95.35830593976519 0.0030996047703132114 0.999972641727066 0.0067162673904935894 0.23561896726073378 -0.005054743320582889 -0.006700546422224505 0.9999647755034207 1.1744998808578182
0.9999853577141984 -0.0029662206931247337 0.0045261343336881615 96.70964620898292 0.0029396341065024262 0.9999784540806453 0.005869405915656401 0.24222551352389407 -0.004543446767246188 -0.005856014795279576 0.999972531713842 1.191554625704899
0.9999882865470832 -0.0026449524308752312 0.004053516407625462 98.03048654818357 0.0026135973617357556 0.999966775925583 0.0077211497735265025 0.2511243645195348 -0.004073803807157326 -0.007710465072413445 0.9999619757025302 1.2139283597700778
0.9999894455683024 -0.002414104966290198 0.0039090726791704234 99.41675719272189 0.002375872153343457 0.9999495883816599 0.009755815027978685 0.2730996748075526 -0.003932427177999709 -0.00974642460397148 0.9999447700867928 1.2279765547567434
0.9999833608304044 -0.0023244417752106743 0.005279681123230723 100.75904346818842 0.002275008131343873 0.999953701862045 0.009349784510611922 0.2728591052159841 -0.005301169713531405 -0.009337617620475514 0.9999423515867514 1.2461777937518044
0.9999742418994032 -0.00238271345843293 0.006770392476739366 102.09652694827774 0.002319750786609917 0.9999541340546374 0.009292391690434663 0.29231266362673575 -0.006792223053029772 -0.009276446712801142 0.9999339044368796 1.2570233404409057
0.999980679995961 -0.002096476123026252 0.005851873433444385 103.4387384354332 0.0020436688578333627 0.9999572717839664 0.009015432544604749 0.2977448581702489 -0.005870524032400637 -0.009003299074915662 0.9999422371084005 1.2767551812885156
0.9999923483222434 -0.0019504019820392013 0.003391051322748645 104.76597045736244 0.0019218885768927316 0.9999629442699574 0.008391449889988146 0.30725054611290137 -0.003407292365363884 -0.00838486845851683 0.9999590413310289 1.3042069085134325
0.9999963235942809 -0.002187311935379459 0.0016026429482355283 106.10620481011338 0.0021747444251983684 0.999967199395552 0.007801962554480678 0.31873298802900446 -0.001619655706392911 -0.007798448532483664 0.9999682799548588 1.3074196666563618
0.9999933402741932 -0.0019095155646641612 0.0031101700226489944 107.45823672221229 0.0018888488498424447 0.9999762087387878 0.006634320343678496 0.3269077921512285 -0.003122764365738794 -0.006628401519853998 0.9999731559577025 1.3387173671028658
0.999989045523577 -0.0012828781678885536 0.004501450483082033 108.80655441836367 0.0012673965079234813 0.9999932785545662 0.003440429011234997 0.32739097456643884 -0.004505833878094923 -0.0034346862005136605 0.9999839500670834 1.337490592173228
0.9999816785835013 -0.0005405479775390886 0.006029121429111035 110.13793461043731 0.0005273846309026451 0.9999974745368642 0.0021846705346375635 0.34219010654490056 -0.006030287122026211 -0.002181450842399227 0.9999794382433311 1.3618317226757721
0.9999890497303578 0.00013645491070234735 0.004677798566968896 111.43044072830635 -0.00014369777895889853 0.9999987914474711 0.0015480486250916763 0.3450384332546087 -0.004677581674766708 -0.001548703862806303 0.9999878607993306 1.378297292334446
0.9999969763613394 0.0009905815757031802 0.002250781268917213 112.78451399123819 -0.0009971967176776071 0.9999951815063053 0.0029398236133977604 0.3504326401770159 -0.0022478582884346114 -0.002942059196127002 0.99999314568691 1.3911701645201455
0.9999976547445415 0.0021287004662338244 0.0003989232279090902 114.12848081076909 -0.0021309531436464317 0.9999812887496594 0.005734212175183168 0.3481683536665081 -0.00038670934342590994 -0.00573504881369735 0.9999834796990339 1.4234685309426494
0.9999945100574014 0.0033121759010219494 -9.667398156072697e-05 115.43559658517236 -0.003311351967368606 0.9999660366119254 0.007547222720029495 0.36778562946140936 0.00012166842739770153 -0.007546861164630948 0.9999715146359699 1.439249352104387
0.9999873622901356 0.0047761830922865645 0.0015695015406100576 116.80815080258597 -0.004791067453899291 0.9999422424129081 0.009620681415421379 0.375673041465557 -0.0015234607540755242 -0.009628079419791016 0.9999524884483347 1.4425728129186464
0.999975626910381 0.005695589762835816 0.0040380493364919005 118.1092838494249 -0.005734065328528476 0.9999376549475929 0.009581581952734232 0.37667941087015394 -0.003983224824012629 -0.009604502858673872 0.9999459422613 1.4630479977437427
0.9999653550247559 0.006813997623477542 0.004781023593426078 119.4925504399399 -0.006857100131710826 0.9999354678209099 0.00905761401041339 0.3664688005157209 -0.00471899650321398 -0.009090084167112423 0.9999475493453831 1.48299717719108
0.9999612827151165 0.007709072236790749 0.004243026748285974 120.78788168863741 -0.007749063810973496 0.9999249343833246 0.009490922429210272 0.36487093073669247 -0.004169542036265985 -0.009523434451486908 0.9999459580974643 1.4966158082032064
0.9999506879813354 0.009174895493160308 0.003800381341864146 122.11793382141133 -0.009219619479701641 0.99988641537122 0.011922876026416562 0.35874436160726497 -0.0036905585354399307 -0.011957326155181157 0.9999216979988559 1.5104709593615384
0.999942213138723 0.010232742795919758 0.00329565746172764 123.4796377042138 -0.010275929832473345 0.9998578765680743 0.013365325692235135 0.3585656340639764 -0.0031584251313863877 -0.013398419296842018 0.9999052488666291 1.5209625552335437
0.9999311678411104 0.011418272261451305 0.0026986364105990347 124.80569650525217 -0.011455096236384821 0.999835698028698 0.014048406232792096 0.3586113624554073 -0.002537784492111456 -0.014078352390452556 0.9998976745866758 1.5417887143705586
0.9999200435257439 0.012506067402754369 0.0018721200795137564 126.12830317693677 -0.01253116089910376 0.9998227288068263 0.014052792170677276 0.34733988285696316 -0.0016960430404701075 -0.014075128396900683 0.9998995020493887 1.548430964445855
0.9999096509181851 0.01336210198398005 0.0014643193787410946 127.47651522919891 -0.013381528744788936 0.9998099835534725 0.014175029991401588 0.33788838466937343 -0.0012746329376050814 -0.014193344122315342 0.9998984569912586 1.5736673168422206
0.9998934375366537 0.01440326942114164 0.0023789495824676917 128.8180533639483 -0.01443396061125634 0.9998056084223493 0.013431535589367383 0.33349606404272514 -0.002185029108871894 -0.013464441956417961 0.9999069628973466 1.590162370239697
0.9998792263507416 0.015242412122341288 0.0030334114351736638 130.1708819155542 -0.015283360529405786 0.9997856372040911 0.013967767586050218 0.31792002580151996 -0.00281985871464162 -0.01401244136838464 0.9998978447240133 1.6138358240880626
0.9998723659528758 0.015475184476920723 0.003971205006503566 131.49249803340336 -0.015518634037728409 0.9998173623813646 0.011154096932260927 0.29908897293498554 -0.003797868007377871 -0.01121430096691217 0.9999299053695824 1.6242503897724785
0.9998684464526345 0.015580398812596466 0.0045100954796579214 132.83480743406824 -0.015619638793919454 0.9998392797301692 0.008800090488399836 0.2792847387803215 -0.004372261696499262 -0.008869378867597295 0.9999511075278432 1.6443290049986896
0.9998723385446877 0.015332204128460977 0.004497791651526261 134.16436803294778 -0.01536958685900214 0.999846613060535 0.008397984946434001 0.2698286848830581 -0.004368342129564013 -0.008466042046915876 0.9999546208299149 1.6476154043450615
0.9998819695247457 0.014746861520828889 0.004310115381412005 135.51148518617086 -0.014775513115604214 0.9998684350127043 0.006693046945614215 0.24646504759695817 -0.004210846884677227 -0.006755941128450145 0.999968312511943 1.6728045891580943
0.9999009096527226 0.013581328047189482 0.0037038364073821587 136.84708712183945 -0.013607434655708687 0.9998820871159959 0.00711685229934194 0.2411854843312758 -0.0036067433716087272 -0.0071665467998649635 0.999967815486687 1.6956934466562457
0.9999085034742133 0.012479091953483571 0.005220818324329173 138.17245561230587 -0.01249193109020206 0.9999190106648964 0.0024338793258070826 0.22641548505111456 -0.005190022889813959 -0.002498874737046571 0.9999834095061035 1.6949987242016658
0.9999211677318022 0.011437799239322928 0.00518025775711278 139.50929709746373 -0.011451619203365048 0.9999309270182675 0.002646055556768352 0.20577290102470028 -0.005149634889028942 -0.0027051693014167677 0.9999830815166626 1.7128965752274437
0.999936393078315 0.010017929469457435 0.005181784120814848 140.88577151205845 -0.010020531310890155 0.999949679734411 0.0004763940558669736 0.20440863087252206 -0.005176750890010319 -0.0005282879839364695 0.9999864609893621 1.7350853131925803
0.9999488170142454 0.008916288248121504 0.004781543232829083 142.20435818512732 -0.008920081304336714 0.9999599168690056 0.0007725314591642081 0.19760550117948256 -0.004774463460434677 -0.0008151436730945751 0.9999882699509315 1.742118637286825
0.999958873200359 0.007942028243343726 0.004379051866584066 143.5346317915991 -0.007948268104300394 0.999967418814592 0.0014093769632321676 0.18662402838895606 -0.004367715880235782 -0.0014441248783464294 0.999989418724681 1.7544764657911163
0.9999733325622113 0.0069916209915303505 0.002109834196268513 144.89905844960666 -0.006990184287269968 0.9999753319857194 -0.0006875635825299954 0.1760327020039028 -0.002114589334825059 0.0006727971171234315 0.9999975379249612 1.7729468944402196
0.9999812198281165 0.006017313584920181 0.0011627245128612356 146.20063710766192 -0.00601314470621724 0.9999755972041257 -0.003556274313667787 0.18068524132698102 -0.0011840953568716265 0.0035492158954756113 0.9999930004678598 1.8057421080337503
0.9999791297449926 0.005014025326728147 0.0040742636721499675 147.592914355155 -0.004962309609374475 0.9999082310614209 -0.012605750233955987 0.1605986936654383 -0.004137095332232748 0.012585269390962609 0.999912243867715 1.8224301703471055
0.9999798248194814 0.003607536181183013 0.005228349328485513 148.8935399833819 -0.0034922772578544143 0.9997543089019938 -0.021888943132343484 0.14080742435038554 -0.005306029923916025 0.02187024267350844 0.9997467371948999 1.8269746899979342
0.9999942410879297 0.002458626717924152 0.0023394327597676466 150.2080475926863 -0.0024048332458447815 0.9997388456341942 -0.022725697064524722 0.11876101855364603 -0.002394695812675215 0.022719940243556485 0.9997390008133593 1.8573129440699807
0.999995662957716 0.0028657694591404915 -0.0006792872477430339 151.6085439197276 -0.0028800182878237755 0.9997539114764458 -0.021995953769016488 0.1229103357926972 0.000616084750411254 0.021997814731331104 0.9997578289699093 1.8777378495960162
0.9999867085435352 0.003608347531407303 -0.0036827387036454575 152.9358080427835 -0.0036824201439547882 0.9997869716221313 -0.02030889353290895 0.1373159870030531 0.0036086726299482197 0.020322184989321937 0.9997869704487601 1.881326316160767
0.9999838000571738 0.004344849354616476 -0.003677214611648189 154.31685655501943 -0.004416905492920654 0.999793818701563 -0.019819460941526347 0.1411444177410297 0.003590343866684291 0.019835381776809085 0.9997968128878424 1.905675978588145
0.9999875883057409 0.004971439553127871 -0.0003286688879337975 155.64441611436703 -0.00497720573024526 0.9997707851660781 -0.020823173425836557 0.1358722672730581 0.00022507240415838944 0.020824550827646865 0.9997831201941948 1.9378234686973304
0.9999783880677078 0.005512937295050027 0.003582027343522962 156.9845285785461 -0.0054146800011684185 0.9996238832680546 -0.026884442352031183 0.12458839883113541 -0.003728892328003912 0.02686446579546274 0.9996321302556909 1.9694345979560186
0.9999806587297102 0.005497362211402567 0.0029088099304281395 158.29833677320642 -0.005399285661018207 0.9994501745117804 -0.032713856127371585 0.10416954697504636 -0.003087050509051877 0.032697517904090014 0.9994605257047755 1.9485082291171147
0.9999790407535798 0.005419509679258822 0.003542170011011177 159.6418836279696 -0.00529711842132169 0.9994181662552661 -0.033693760481605585 0.0951312153791688 -0.003722712718029876 0.03367429099176004 0.9994259269881992 1.9913236860138341
0.9999732612900522 0.00640593923608045 0.003527130199013005 161.0026419321482 -0.006288608704523007 0.9994575420322965 -0.0323276209350706 0.09432930477446032 -0.0037323056544905273 0.03230457579451961 0.9994711022722156 1.9935760284558535
0.9999650945659874 0.007657715246732142 0.0033420123931550676 162.33163500242716 -0.007552284096615001 0.9995063858713293 -0.03049504234063708 0.09805695748099859 -0.003573885079301253 0.030468738070901433 0.9995293309082064 1.997082930392575
0.999961743802088 0.008551854432361028 0.0018375848429077709 163.68539913474575 -0.008494968221563797 0.9995430947931345 -0.029007536370358508 0.09856874110594055 -0.0020848134693057132 0.028990816427461253 0.9995775038063168 2.0064285217981004
0.9999574094449483 0.009210460952923171 0.000588816765146915 165.03935188255443 -0.009192631860186547 0.9996380675254537 -0.025282987826984356 0.09450665697156943 -0.0008214716253917225 0.02527649823474434 0.9996801607621097 2.0207503758280345
0.9999526387752354 0.009450465370247397 0.002325706501134559 166.36951287567246 -0.009395165347145563 0.9996972886862938 -0.022738994291145495 0.09090730246159927 -0.0025398965615670292 0.02271606694739886 0.9997387304830687 2.050684887302053
0.9999542074975571 0.009308930021201912 0.002219623795357939 167.716896452133 -0.009256251409440903 0.9997002229715402 -0.0226668480494809 0.0835229281398806 -0.002429962505426102 0.02264526468190201 0.9997406099932666 2.0579207303936506
0.999960824486062 0.008843383193490798 -0.00037956138911662997 169.10079486333566 -0.008849074682425797 0.9997733905888495 -0.01936133641411618 0.07576000079251437 0.00020825565988563042 0.019363936690890485 0.9998124797107762 2.079196869244023
0.9999623692203629 0.008231901235661468 -0.0027378723938221218 170.5017015348157 -0.008273635643348487 0.9998441066590502 -0.01559837595414964 0.07643108902643199 0.002609041287456278 0.015620441133725878 0.9998745894972769 2.1145361148214254
0.9999589028474529 0.007937736730391422 -0.004380062980966646 171.8482462145455 -0.007987538559471286 0.9999022885961854 -0.011472248597018708 0.07528040634704126 0.004288571309795243 0.011506763042221443 0.9999245984375077 2.110953080323454
0.9999568072438646 0.008434459449924563 -0.0039042976889634845 173.21740797657733 -0.008453141744280452 0.9999527820319268 -0.0047935478782460605 0.07546097011298951 0.00386368235075952 0.004826344413478207 0.9999808889965323 2.1561264473501547
0.9999574229828169 0.00921096537420674 -0.0005570802806261337 174.62028028819097 -0.009210373807534996 0.9999570267454179 0.0010553088595726234 0.08209162616384531 0.0005667767544380288 -0.0010501330100438026 0.9999992879921324 2.1997150613708674
0.9999576436780652 0.009076811557389474 0.0015239231486675528 175.9610194758565 -0.00907460984579085 0.9999577800774969 -0.0014455167349366196 0.07985768578232201 -0.0015369794917563882 0.0014316265001553053 0.9999977940673699 2.2074320906459204
0.9999628614138443 0.008368635467555166 0.0020595469036038066 177.37891389234537 -0.008364150752531328 0.999962651023098 -0.0021765893151346285 0.07531375725220268 -0.0020776850641750126 0.0021592821189011712 0.9999955103526741 2.2236887999845663
0.9999733363226377 0.006884792865712828 0.0024343933471917783 178.7969915056478 -0.006874351716429523 0.9999672474809401 -0.004271680450484043 0.06073184472652557 -0.002463723249767373 0.004254831675689985 0.9999879131645343 2.2408609333124483
0.9999870578141663 0.004679456938487863 -0.0019967190408301384 180.09699721211936 -0.004690855794223403 0.9999725075747842 -0.005742818690854669 0.053536478721323714 0.0019697908734118337 0.005752110687310077 0.9999815164024562 2.2605909916381175
0.9999763950959654 0.003073125354026398 -0.006145335746421082 181.514032991389 -0.003092262885731998 0.9999903919277333 -0.0031070826290553397 0.06323627526572334 0.0061357282471867225 0.003126012280317073 0.9999762901619718 2.291423758408009
0.999969291548143 0.0025762157159679878 -0.007401288623607188 182.90176284794597 -0.002573881665516792 0.999996634792235 0.0003248651678852021 0.08736903241975177 0.007402100639484317 -0.00030580515068933344 0.9999725573181161 2.310181851149322
0.9999772833886506 0.002312665060280163 -0.006331215284083646 184.23024231670996 -0.0022835655052865977 0.9999868145056168 0.0045995807952836235 0.0975924732807372 0.006341769093677266 -0.00458501856356505 0.999969379315954 2.3330148939921864
0.9999923707956362 0.002737109145895162 -0.002786859172300484 185.68617857088668 -0.002716899562751089 0.9999701731642429 0.007229885105567632 0.08841283540544496 0.0028065650337558944 -0.007222258330829964 0.999969980638076 2.361576334380867
0.9999950973765348 0.002999212804260568 -0.0008999696937267455 187.0530261886935 -0.0029905063563326387 0.9999501702257262 0.00952438645131995 0.10234669434293474 0.0009284905102375783 -0.009521648391749843 0.9999542370115126 2.4007447534923543
0.9999948433218885 0.0032107791423389882 -6.501485155732187e-05 188.5142718717494 -0.0032103691869022387 0.9999794666539604 0.0055461518321096165 0.09631403984461041 8.282098520765984e-05 -0.005545914510713729 0.9999846178681572 2.399614221239746
0.999995321055681 0.0030148892510402925 0.0005179860513086244 189.9250472544755 -0.0030174280691659294 0.9999830844207602 0.004972524528861781 0.0923143843338842 -0.0005029856785219287 -0.004974064248347041 0.9999875027670398 2.433449990289539
0.9999946431214107 0.0030960380844319933 0.0010622036820852254 191.2779254285396 -0.0030977329283834957 0.9999939257246638 0.001597674710322602 0.09393140373459168 -0.0010572507682179047 -0.0016009565750957993 0.9999981595777353 2.4371393897690465
0.9999935818737588 0.003480335492523065 0.0008505740118749203 192.73182801660252 -0.0034802536625762504 0.999993939129459 -9.766674052209602e-05 0.09832144627073264 -0.0008509087696794267 9.47059003645059e-05 0.9999996334924619 2.458498020054139
0.9999914141367651 0.0038698253476067493 0.001481925953554776 194.10758360324903 -0.00386591718817583 0.9999890660386 -0.0026310620559999685 0.08916299056533225 -0.001492091500869037 0.002625310463045542 0.9999954406935692 2.4807427521003866
0.9999861251983033 0.004223976358210493 0.0031476077596561906 195.5652904413316 -0.004196398190082891 0.9999531981959873 -0.008717319533376741 0.08373078824908026 -0.003184282197550664 0.008703989966791177 0.9999570495304009 2.4860895686699958
0.999983704425413 0.00442301525768275 0.0036094071062619457 196.98300804112125 -0.0043796958157688885 0.9999193300643306 -0.011922735770851206 0.07807792745128922 -0.003661850377850674 0.011906733377820469 0.9999224072657237 2.5183656987244016
0.9999887781318445 0.004737252077653104 4.531151387115836e-05 198.39819376540285 -0.004736688845773862 0.9999519630144755 -0.008581109617944584 0.08019459828514244 -8.596021660879947e-05 0.008580798695321485 0.9999631805744607 2.5469824757800423
0.999974943523312 0.004917391203232845 -0.005092306874422203 199.83219398453616 -0.004932397255734336 0.9999835183361343 -0.002938454253160836 0.09189131606829253 0.005077773415636401 0.0029634979063031005 0.9999827167992948 2.568825244756696
0.9999591663394679 0.00651450572877915 -0.006263135699158555 201.29931910684658 -0.006471847824317843 0.9999558872172831 0.006807261213961393 0.10357605199419577 0.006307205356989979 -0.006766449187419822 0.9999572162477647 2.5773735334785832
0.9999668529826895 0.007698782222721814 -0.00264984682259477 202.72088646471528 -0.007666437087415701 0.9998985180049527 0.01200747408425829 0.12087199969142112 0.0027420208388723236 -0.011986761188350252 0.9999243965810278 2.588245102755342
0.9999623741819147 0.00866113315667655 0.0004847606737227721 204.17928251118605 -0.008667872783362568 0.9998301444510731 0.016265000103225763 0.11207417757311734 -0.00034380500274504256 -0.016268589963140925 0.9998675986243035 2.6296678032088083
0.9999672839636738 0.008071550398085018 0.0005301664686115609 205.65041469429076 -0.00807839726162361 0.9998619847169131 0.01451726612137455 0.1059180672286352 -0.00041291645239522544 -0.014521074069317004 0.999894478386533 2.64688647980823
0.9999774502164838 0.006705135240489373 0.0003744595393353863 207.08989087175377 -0.006708997722566831 0.9999113960829875 0.011497361998707892 0.09160408111992024 -0.0002973349936432389 -0.011499614983880406 0.9999338330345283 2.6658175590777904
0.9999836982418799 0.005708410485223765 -0.0001315303192862785 208.53179644849254 -0.00570706962393326 0.9999467966916293 0.00859262139611232 0.08535806120947179 0.00018057353151126705 -0.008591730668586879 0.9999630740968979 2.6770410191648772
0.9999864549342056 0.005138688239101055 -0.0008269409298383096 210.00574902489058 -0.005129995228906149 0.9999349034459589 0.010191762333976305 0.08928887674509797 0.0008792593880746986 -0.010187382082860272 0.9999477207080509 2.7008415046497065
0.9999860578885638 0.005218231239201581 -0.0008087590644843353 211.4786624675706 -0.005208831568467591 0.999923503039983 0.011218562382964677 0.08312807858574942 0.000867238249560234 -0.011214193282771408 0.9999367428826862 2.7268587351017257
0.9999881049988819 0.004876413743713993 0.0001022239957204846 212.8882369348817 -0.004877316897446842 0.9999080299420722 0.012654779225483252 0.08775473119193886 -4.050465483486374e-05 -0.012655127275691867 0.9999199198500893 2.748486943322389
0.9999902496753635 0.004401216103819149 -0.00036034845858024824 214.3573577873821 -0.00439644074762874 0.9999143764288716 0.012325222903199711 0.09588957308283293 0.0004145635737830971 -0.012323518477628541 0.9999239766249107 2.7765275259157285
0.9999901149021638 0.004326019467682266 -0.0010274500096907407 215.82632547795063 -0.00431272946747407 0.9999112799761811 0.012602878279797745 0.0937770358280638 0.0010818791510886433 -0.012598322585179783 0.9999200527069863 2.80232845349078
0.9999902578359308 0.004025330165962803 -0.0018113393618192806 217.3213688261266 -0.0040044735596387274 0.9999272907059686 0.011374422751571685 0.09169937188156245 0.0018569934676353466 -0.011367058479497108 0.9999336685784636 2.816507464343838
0.999992983962072 0.00344523059200932 -0.0014705144674558692 218.7660571600623 -0.0034262691217720005 0.9999133817592252 0.01270785814900297 0.08586681999292455 0.0015141685957335243 -0.01270273061187525 0.9999181706162089 2.8385669649671574
0.9999925700916541 0.003292991810519379 -0.002003987630802225 220.24932135139372 -0.003265597037948998 0.9999032245871551 0.013523214713786006 0.0865455815994218 0.0020483255293763107 -0.013516570021468905 0.9999065489821439 2.871636492484624
0.9999937100114892 0.0030791288258041833 -0.0017603701689319414 221.74933499224784 -0.0030601335482846556 0.9999381431878035 0.010693239957765173 0.08915471054466165 0.0017931871414402015 -0.010687785729597346 0.9999412761337907 2.8820367016162987
0.9999928509646524 0.002640044011434842 -0.0027070624677287027 223.2394176935472 -0.002601836046197173 0.9998983036089716 0.01402187181120358 0.0945994503599589 0.0027438055279497206 -0.014014728235638518 0.9998980242623274 2.9116780488688274
