1.0 -2.1684043449710093e-19 -2.5135375298442207e-37 0.0 2.1684043449710093e-19 1.0 2.3183291766350204e-18 -8.673617379884035e-19 -2.51353752984422e-37 -2.3183291766350204e-18 1.0 0.0
0.999999548889349 -0.00037153128374134474 0.0008741771009163898 1.3199130358423903 0.00037167870679537474 0.9999999167337541 -0.00016848567832242014 0.0021863091719882357 -0.000874114430426585 0.0001688105153311148 0.9999996037134077 0.016667228709687613
0.9999991208561693 -0.00043773776452480593 0.0012516679024753429 2.6208137808382435 0.00043874160283160905 0.9999995822803717 -0.0008018384425302173 0.009965670209069247 -0.0012513163846617488 0.0008023868963806421 0.9999988951906766 0.025562183318501182
0.9999988115500281 -0.0009775229095232445 0.0011922027901464611 3.94659094123284 0.0009791888308726367 0.999998543999576 -0.001397565011586347 0.007536047114568248 -0.0011908349024823193 0.0013987307423064949 0.9999983127308493 0.04938037102185424
0.9999992143033233 -0.00033374397013251475 0.0012083077829709058 5.257757494538281 0.0003363396700387449 0.9999976350965643 -0.002148645365129916 0.0194868667988012 -0.0012075878280051132 0.0021490500787874228 0.9999969616530825 0.05607539311505577
0.9999984297183638 -0.0007703835284709799 0.0015959542680229117 6.584559022775521 0.0007744321372701487 0.9999964800790753 -0.0025377321223148826 0.009132500211755495 -0.0015939936233633854 0.0025389640956355037 0.9999955064127287 0.07054540445987902
0.9999961062995781 -0.0005608869082555444 0.0027336407150787 7.918325722435562 0.0005705524709036768 0.9999935845497969 -0.0035362874778835044 0.014411825049310665 -0.0027316397201926465 0.003537833394104011 0.9999900108897661 0.09836008533207412
0.99999546455853 -0.000380704605637804 0.002987628888086571 9.23699765198117 0.0003917130973966339 0.9999931337470602 -0.003684972127904501 0.03157201213127064 -0.002986205488410195 0.003686125708294721 0.999988747463712 0.10621684773909855
0.9999965285393939 -0.0008997728816218986 0.002476553638132388 10.566627327136803 0.0009082390136169035 0.999993740992081 -0.00341951437442956 0.027951637759024754 -0.002473461351061127 0.0034217518063535844 0.9999910867620374 0.12267970490824964
0.9999997074409458 -0.0007644123506925258 2.8138600411231337e-05 11.88853882694797 0.0007644193932648479 0.9999996762989395 -0.0002511274723239254 0.04712994073329208 -2.7946626361293937e-05 0.0002511489085461633 0.9999999680716054 0.13512849815952252
0.9999993878308195 -0.0009043864798042509 -0.0006375132008207684 13.230001787371428 0.0009057218264924214 0.9999973901808318 0.002097450714167744 0.040114980198425444 0.0006356146309586478 -0.0020980268397937196 0.9999975971358233 0.14307745799802787
0.9999995725974479 -0.0005837292465036959 -0.000716983325060299 14.565445556137533 0.0005876495802355506 0.9999848129428787 0.005479831344758233 0.07082790586176543 0.000713773698371743 -0.005480250337614338 0.999984728575064 0.16027800476812065
0.9999999654514314 -0.0002133744450602365 0.00015352029825073981 15.915167714566529 0.00021247237310272963 0.9999828535700677 0.005852129642715328 0.08755504367057436 -0.00015476636084063762 -0.0058520968217105375 0.9999828643582663 0.18239080595890003
0.9999952025534052 2.921633338349153e-05 0.0030974209562359785 17.258671233892013 -4.227172106869536e-05 0.9999911162061879 0.004214940308477275 0.07943769857396565 -0.0030972702942856103 -0.004215051020840939 0.9999863200372372 0.20219019256193826
0.9999873002146094 4.6888167026943196e-05 0.005039564564171129 18.624318489800032 -4.6089511316261364e-05 0.9999999863619855 -0.00015859314588506608 0.08132969376090597 -0.005039571931583387 0.00015835886071813952 0.9999872887378207 0.21854749698692202
0.9999934235362933 -0.00020470470673624136 0.0036209087459325856 19.95852504425463 0.00021222908484641904 0.9999978189053059 -0.002077773675490887 0.07549537139147083 -0.0036204755183368263 0.0020785284732371813 0.9999912859002358 0.24300396089788182
0.9999994630230292 -0.00017699556452701 0.0010210907028461598 21.31945657211004 0.0001799805363378223 0.9999957090052702 -0.0029239661512160875 0.0754622171452263 -0.0010205687923117428 0.0029241483575659483 0.9999952038863602 0.2343276939343503
0.9999999563173135 0.00026901471385231725 -0.00012246001264380478 22.664608066839754 -0.0002691181353654705 0.9999996065204848 -0.0008453013101542746 0.09187079458446577 0.0001222325659682282 0.0008453342294395021 0.9999996352345537 0.2832188826236564
0.9999987341804826 0.0008466642149053596 0.0013471440679371696 24.039084574437407 -0.0008488563086495691 0.9999983153798955 0.0016274766783050305 0.09336950167058386 -0.0013457638722470752 -0.0016286181499540152 0.9999977682587705 0.26275307417002
0.9999797407869809 0.0017542878147111818 0.006118863445583736 25.42804793315588 -0.0017668732704606204 0.9999963336588905 0.0020520301223702054 0.11120729652772329 -0.006115241160304047 -0.002062799806122435 0.9999791741243971 0.2810746249895098
0.9999756742044122 0.001860162582736037 0.006722409880165677 26.798196334728402 -0.0018630119570276606 0.9999981773863064 0.0004176248475503488 0.09550849783125984 -0.0067216207776943405 -0.0004301386184804645 0.9999773171401888 0.2939117249150804
0.999978183458061 0.0018058673309466532 0.006353853248187877 28.169986951140046 -0.0017821398439776984 0.9999914255245493 -0.0037380282176457213 0.09906549125911733 -0.0063605491502695885 0.00372662321175996 0.9999728274777994 0.3212439020415202
0.9999905892979782 0.0017137595189571251 0.003985516753617836 29.531551283856334 -0.0016989321804738754 0.9999916349020417 -0.0037207197405559793 0.10485508156102631 -0.003991859833252527 0.0037139136033026558 0.9999851358399379 0.31392743554563124
0.9999950685657264 0.002457853938654213 0.001954942005425388 30.914616485237396 -0.0024503678028105335 0.9999896918121552 -0.003822560275758483 0.10523703452134574 -0.001964317148345486 0.0038177510981072696 0.999990783074871 0.3466778925803459
0.999995504395446 0.0028858604897854813 0.000814246971700041 32.29836980918222 -0.0028847659585743367 0.9999949382825025 -0.0013422126278299737 0.11460435016622815 -0.0008181162886034427 0.001339857681826939 0.9999987677328062 0.33515376894568155
0.9999933402938886 0.0034372196729593398 -0.001226739088430045 33.679430450544025 -0.00343736646680445 0.9999940853266291 -0.0001175735147545665 0.11934572341039922 0.0012263277066710922 0.00012178948355559943 0.9999992406435505 0.3752547764460895
0.9999929884086889 0.0036529315816915685 -0.0008241506653849073 35.07529374750273 -0.003653056619927226 0.9999933162767853 -0.00015026339772253642 0.1312101045834167 0.0008235962550788598 0.00015327301318100432 0.9999996490982345 0.35731727381249523
0.9999946892581372 0.003127634997184052 0.000916163111154641 36.47031515812612 -0.0031278118376642534 0.9999950900189177 0.00019165376281364538 0.1246185924529429 -0.0009155591897951791 -0.0001945183308142848 0.9999995619568984 0.40152690301085825
0.999993445160225 0.0028912325046208053 0.0021795438027940052 37.86878726980714 -0.0028946086969402944 0.9999946132638972 0.0015474765524142052 0.1343283244602973 -0.002175057947658237 -0.0015537753354002784 0.9999964274461842 0.4054054554720486
0.9999933750487763 0.0025169377009234698 0.00262961654376371 39.26355116821419 -0.0025257417987235493 0.9999911986407944 0.00335011482094424 0.13037625091745245 -0.002621161369268678 -0.0033567343590161563 0.9999909308826352 0.4112308801343655
0.999991259767811 0.003010797696731269 0.0029009455727120824 40.66216077133338 -0.0030291204797160518 0.999975361081208 0.006332587119597849 0.14541114346308032 -0.0028818079578356603 -0.00634131908496091 0.9999757411333321 0.44125526796523007
0.9999896111114712 0.0029978410277656056 0.003433746976844219 42.08716606011868 -0.0030283718096669274 0.9999556216288662 0.008920971752569267 0.15392118356969783 -0.0034068509376191107 -0.008931277736134365 0.9999543117786377 0.4583752244152905
0.9999904776530959 0.0026698605380973827 0.003452020834260213 43.477413882997105 -0.0027028102996199737 0.9999504972985502 0.009575895199229474 0.15531323088290572 -0.0034262836451940766 -0.00958513417169881 0.9999481915495888 0.4594234369674978
0.9999922934184002 0.0022289280260431262 0.0032318699947505537 44.90498017028945 -0.0022571599259807898 0.9999590979070893 0.008758295605237406 0.16019344147308978 -0.0032122161939688696 -0.008765522956155779 0.9999564226877231 0.4752623971768365
0.9999953568425305 0.001355354354865067 0.002729342036652733 46.299981458235045 -0.0013774644042834963 0.9999661212530233 0.008115351994764186 0.1480404789903527 -0.002718250392297094 -0.008119073885409556 0.9999633452052371 0.48856949072755734
0.999993918846071 0.0004663755405273824 0.0034561198956029027 47.73223142940057 -0.0004931773498877487 0.9999697839218883 0.0077580937938126196 0.15833716334976786 -0.0034523972800276225 -0.0077597510957010726 0.999963932957561 0.5106526383765561
0.9999904849853971 -0.0005667351065459544 0.004325361255363605 49.131279709513606 0.0005312891391779168 0.9999663065784852 0.008191668916252098 0.16331261699403177 -0.004329858025499666 -0.00818929295494474 0.9999570929846826 0.5236858104044156
0.9999887715580951 -0.0013873185818432546 0.004531236573448349 50.55718911457111 0.0013457580632409752 0.9999571205006389 0.009162210175813586 0.17935030730027288 -0.004543753180720253 -0.009156009350313738 0.9999477595353717 0.5432317469862628
0.999985691117466 -0.0025759173230327837 0.004688518984568019 52.003454537576005 0.002532713496466137 0.999954494261138 0.009197541481108035 0.18473315299981985 -0.004711997736477956 -0.009185535199256727 0.9999467100903101 0.5497636767973927
0.9999753279774161 -0.00364017380197889 0.006007709309749014 53.41336900934329 0.0035805974202022285 0.999944604954486 0.009897794932778 0.198891922494997 -0.006043406206230024 -0.009876039545702077 0.9999329682955345 0.571259065057531
0.9999661396120652 -0.004614019394279432 0.0068139896076483885 54.86993280092679 0.004555376615375839 0.9999526704894179 0.008596820631701602 0.2014337936149857 -0.006853333001978961 -0.008565489251103911 0.9999398303001301 0.5834758239033841
0.9999579553105371 -0.004946602659076137 0.007721316811469629 56.266621451473895 0.004901809133310274 0.9999711107763833 0.005809464679869867 0.21135409390712723 -0.007749830862054901 -0.005771372001463813 0.999953314603652 0.5811829585881766
0.9999580420361275 -0.00556926322033379 0.007273064997432091 57.7015644026631 0.00553492383000661 0.9999734809769096 0.004733071002870659 0.21830122957953427 -0.007299231841109002 -0.0046926165520770405 0.9999623495734351 0.6067945191562603
0.9999576389321378 -0.005418808096202252 0.007440219088213626 59.14976824701991 0.005395078856794834 0.9999803081274888 0.0032056951479535194 0.23775428638304297 -0.007457443623189572 -0.0031654187825910685 0.9999671827907842 0.6139905526856007
0.9999512371447568 -0.005190030330669165 0.00840160209942241 60.54978196520289 0.0051647457466528985 0.9999820769372465 0.003028399848633484 0.2397626470811437 -0.008417169004048554 -0.002984860036501985 0.9999601201430584 0.63399237064375
0.9999474402790574 -0.0044840422133990195 0.009220089196399007 62.00681547229667 0.0044741833488847 0.9999893971390708 0.0010896296611226507 0.25986563495382226 -0.009224877382472949 -0.001048320020933971 0.9999569004024184 0.6361828845476295
0.9999530580673106 -0.004100553904055588 0.008778788043548716 63.40364984086011 0.0041144835175757075 0.9999903041720203 -0.0015692633093227705 0.2661734044557203 -0.008772268077140441 0.0016053098237796043 0.999960234355923 0.6377925241257277
0.9999614640861805 -0.003698440078781735 0.007961902009316313 64.82240236680373 0.003716845786553074 0.9999904516947071 -0.002298168143239807 0.2768491991462258 -0.007953326349476477 0.0023276727431665724 0.9999656626802639 0.6534401374833365
0.9999631421895618 -0.0030031462565726346 0.008043343517441197 66.2732417414228 0.003020517836565587 0.9999931302510172 -0.0021484698673600857 0.2790160384021805 -0.00803683609245073 0.0021726857420250384 0.9999653437506169 0.6693808341642389
0.9999663728448422 -0.002354661749170819 0.007855491555394617 67.63954615942353 0.002359712323678034 0.9999970150682138 -0.0006337289734670201 0.2939092440481321 -0.007853975889915014 0.0006522443631963148 0.9999689443377786 0.6769109250489701
0.9999533844808677 -0.0017853560397516563 0.00948901307141523 69.113774836761 0.0017610407217639216 0.9999951463695185 0.0025702087428003525 0.3130334000427856 -0.00949355575295453 -0.002553378392757416 0.9999516751613294 0.6936229799065591
0.9999435879920551 -0.0009552341244768596 0.010578674838684165 70.4745313745334 0.0008930722164509588 0.9999823178623578 0.005879318382503303 0.3269083753810264 -0.010584103910647225 -0.005869539197762701 0.9999267599449544 0.7017442650316723
0.9999328429955407 -6.814885261113645e-05 0.011588997134747514 71.93132448062646 -4.445915975309886e-05 0.9999527949592055 0.009716268659111299 0.34577763557953645 -0.011589112228225782 -0.009716131380688624 0.9998856380950547 0.7121967455677769
0.999936043647951 0.0003284992325189405 0.01130489725460968 73.29561277829475 -0.0004839484843807376 0.9999053385802891 0.013750624440438385 0.3508038183077034 -0.011299310047410532 -0.013755215988553227 0.9998415472591449 0.7124351932181034
0.9999414445817602 0.0009466235100757919 0.010780135048916029 74.69439885829163 -0.0011387041850195957 0.9998404585633327 0.017825845636145504 0.3653398219685663 -0.0107615408061167 -0.017837077221194077 0.999782990411261 0.7254016616594464
0.9999410019310138 0.0016830187975948388 0.010731267629100948 76.14237385907973 -0.0018814638570252952 0.9998269229834853 0.018509029448638484 0.3729979435359985 -0.010698259248828985 -0.01852812794382642 0.999771101664747 0.7150664848024838
0.9999347667924391 0.002061309010538246 0.011234463267703894 77.50935656109911 -0.002274966608996635 0.9998161617452852 0.019038572421629395 0.38184619885322457 -0.011193153562703612 -0.019062888503286978 0.9997556299392532 0.7243312240201275
0.9999312474855266 0.0022339037306033094 0.011511297761803358 78.92292600743417 -0.002441591566521484 0.9998339285569829 0.018059732471223493 0.3839452354871722 -0.011469042360231893 -0.018086596706740315 0.999770641740848 0.7422471824769201
0.9999434914094636 0.001959103255976215 0.010448727304518339 80.29481396869379 -0.0021378034602617378 0.9998511750527436 0.01711892350626587 0.38703129239813905 -0.010413634534448412 -0.017140293465413965 0.9997988630498148 0.7458721738959878
0.9999420512816527 0.0016907098589807655 0.010631819167642437 81.67668387974769 -0.0018721014235444468 0.9998524682379505 0.017074454449213024 0.38724579049271973 -0.01060138268815284 -0.017093368850259825 0.9997976932492135 0.7601458672159166
0.9999377096928078 0.0012598464228569138 0.011090064079745658 83.08776272424001 -0.0014427703921663256 0.9998627936964581 0.01650188459266178 0.3952564465764994 -0.01106775261277277 -0.016516857101302733 0.9998023296050063 0.7613091341265503
0.9999458285344909 0.0010880013646880132 0.010351630282276175 84.43064050325225 -0.0012602904536106966 0.9998605560882009 0.01665172804744692 0.4083820347769017 -0.01033206970761608 -0.016663872059759388 0.9998077633743063 0.7638416982919213
0.9999435567000978 0.0001716842083684961 0.010623273435754404 85.8448901693123 -0.0003459631278481 0.9998653571753158 0.01640572553081569 0.4085921862995698 -0.010619026484211152 -0.016408474798435258 0.9998089808715046 0.7649033073108727
0.9999344137604419 -0.001042021579968347 0.011405365780560006 87.20635150187788 0.0008574830597379226 0.9998688420589416 0.016172921891661887 0.41537881443506064 -0.011420722409889462 -0.016162081262585403 0.9998041579373922 0.7733802691312256
0.9999162103444945 -0.002077258276863334 0.012777217551398828 88.58044097863898 0.0018863363842160517 0.9998866677141288 0.014936313553910504 0.42002419873585883 -0.012806796061082343 -0.014910959914987053 0.9998068059625637 0.7846997385942155
0.9999032736004574 -0.003162895809920385 0.013543985129366427 89.96662799982653 0.0029892246587380736 0.9999133029069739 0.012823852993763287 0.42119614047448034 -0.013583371416128734 -0.012782126574308652 0.9998260394994771 0.7916025121288797
0.9998968933089655 -0.004023894083634694 0.013784448755132182 91.33314065966326 0.003862026326150882 0.9999235159397158 0.011749341403370873 0.43121949079936495 -0.013830672569882239 -0.011694894063673139 0.9998359575195844 0.8021681945815464
0.9999034524296945 -0.00444637448837055 0.013164937261033518 92.71667826565822 0.004301887143718496 0.9999304289525011 0.010983215461326724 0.4454309768566223 -0.013212856851585528 -0.01092552098420869 0.9998530159003588 0.8008475982056992
0.9998987285888283 -0.004592914923060343 0.013469881178168967 94.02938825019127 0.004463813151139806 0.9999439658718735 0.009598931637484702 0.45458236640211763 -0.013513213481484421 -0.009537832507384632 0.9998632020493927 0.8228321277413317
0.999907894433394 -0.004886814130004982 0.012661820462934915 95.43221144078878 0.004771874602915011 0.9999472808819622 0.009092011303595096 0.47147146292666575 -0.012705583912235923 -0.009030753259248639 0.9998784994353163 0.8085941021371003
0.9999128244795825 -0.004733666741042733 0.012326225717893517 96.7696207812108 0.004631353676776442 0.9999546980360043 0.00831579454075974 0.478294048986681 -0.01236503151570278 -0.008257982496243623 0.9998894497496749 0.8092623279219907
0.9999211936750787 -0.004561949337210305 0.011695941930882671 98.1134104353541 0.0044512084421740455 0.9999451857717581 0.009476929634044772 0.48916368583754405 -0.011738534099714986 -0.009424121716586851 0.9998866899539471 0.8167166272878761
0.9999215420419731 -0.004214048212068613 0.01179625186528029 99.49088640538758 0.004072023079050104 0.999919248266221 0.012038088501054868 0.5123147341788552 -0.011846028382814669 -0.011989109407370819 0.999857956345386 0.820649236578662
0.9999041206205492 -0.004133085194687157 0.01321617088341357 100.8323940001168 0.003973857829426618 0.9999194808381954 0.012051568123078713 0.52030973196263 -0.013264916886194035 -0.011997893442065569 0.9998400334718325 0.8230630312193832
0.9998797030934508 -0.004093336807146758 0.014960746489936443 102.16560890913749 0.003913470903321303 0.9999199535925406 0.012032088471263629 0.5379251278667606 -0.015008800326533282 -0.011972092602160877 0.9998156854698187 0.8262769984644489
0.9998928219782034 -0.0038969012332325777 0.014112360441946845 103.50068832516808 0.003733753541903904 0.9999261108252036 0.011568577028795187 0.5465896970224324 -0.014156399293369617 -0.011514645055809495 0.9998334907914844 0.833182414463484
0.999926036352829 -0.003691271638464274 0.011588629660662927 104.82069399635402 0.0035574554438742964 0.9999270069990843 0.011546652528674733 0.5589828063067381 -0.011630405602805795 -0.011504572462467728 0.999866180285127 0.8328716076009771
0.9999360036792306 -0.003882353962272755 0.010626188108697244 106.15436084074591 0.003777170733031276 0.9999438527324672 0.009900725418047623 0.5687102930522301 -0.010664029597826783 -0.009859954881320064 0.9998945243186779 0.8420429907621999
0.9999253945445187 -0.0034551833194103074 0.011716102304863685 107.51034432562955 0.0033484770741392567 0.999952850444255 0.009115074859450052 0.577513657871837 -0.011747044150454496 -0.00907516372517231 0.9998898181085196 0.8469465303706575
0.9999008763062579 -0.0029045826743115586 0.013776826973783013 108.86485588946896 0.0028319597534531534 0.9999820085537181 0.005287964904050445 0.5831189641879111 -0.013791938439983251 -0.005248425321916736 0.9998911123045889 0.8426325837324902
0.9998854817736006 -0.002109028031702851 0.014985837952410902 110.18983721387275 0.0020456908355318193 0.9999889164108305 0.004240542948537911 0.5959987774126485 -0.014994615279487785 -0.004209400937718463 0.9998787138730205 0.8557885064185854
0.9999042401256186 -0.0014338542621275486 0.013764252277699075 111.49086960049311 0.0013819763963307133 0.9999919091486349 0.003777800750243457 0.6041938881308547 -0.013769557728886947 -0.0037584171167572553 0.9998981316017784 0.8528356586081296
0.999931528631329 -0.000668147208488168 0.01168296316529385 112.8342485173165 0.0006129095156313718 0.9999886209427334 0.004730996404152817 0.6121202613709641 -0.01168599122622775 -0.004723511867059067 0.9999205598669838 0.8562118181366665
0.9999517205550152 0.0003796764311212946 0.009818981865359091 114.17993911717899 -0.0004577803479272958 0.999968266774832 0.007953356555028336 0.6146658555325731 -0.00981565057536439 -0.007957467508322708 0.9999201626703186 0.8693254222594804
0.9999569466421576 0.0018116390906003671 0.009100704692414294 115.49336326811822 -0.0019106717885256615 0.9999389313079452 0.01088498911533436 0.6298409010207227 -0.009080429252499852 -0.010901908939714365 0.9998993420270165 0.857875114940588
0.9999298356277541 0.0032355936773661447 0.011395383056645517 116.85883517237426 -0.003368026150143537 0.9999267942808523 0.01162163839868894 0.6409910197763007 -0.011356945949710458 -0.011659202921851911 0.9998675326091564 0.8668788179055482
0.9998985379062928 0.004063898758249427 0.0136527879841663 118.16501330578788 -0.004223528743167172 0.9999228234883402 0.011683701128555452 0.6465228375488106 -0.013604252931107156 -0.011740178618252193 0.9998385332183383 0.8648981226237912
0.9998799374575345 0.005021409057478659 0.014659335625958595 119.53915946924114 -0.005186531275564566 0.9999232909454049 0.011247760587727074 0.6430837037467769 -0.01460173151529017 -0.011322441255696898 0.9998292813079475 0.872765275518487
0.9998832960126848 0.005961216812328351 0.014066209472567474 120.84138979335428 -0.006126344328819081 0.9999124856976448 0.011725564000171659 0.6423934534224022 -0.013995079848806843 -0.011810370022729564 0.9998323123904087 0.8726903179535416
0.9998761274074792 0.007367956301224053 0.013908380946950969 122.15995860161404 -0.007558502888022707 0.9998776143250668 0.013697642341102845 0.6389272907262308 -0.013805755130162505 -0.01380107211618988 0.9998094476117585 0.875025382879038
0.9998746458274238 0.008420518645741872 0.01340848601522412 123.52754768371008 -0.008626117133345988 0.9998449690961837 0.015350175121253702 0.6386380719813664 -0.013277150849694453 -0.015463914083700632 0.99979227073754 0.8680455545542155
0.9998717150373712 0.009645536641577255 0.012787380150841481 124.85570830003384 -0.009858695153939726 0.9998117306539898 0.016712551466958873 0.6401648867670886 -0.012623771151594498 -0.016836474380643188 0.9997785622488322 0.8744116062126257
0.9998668227227078 0.010749892785049595 0.012279113302968646 126.18970181927617 -0.010953563076964047 0.9998015171086306 0.016641689914181388 0.6318143505530135 -0.012097779726717328 -0.016773973661322328 0.999786115893441 0.8658441262795552
0.9998641507191467 0.011574817306235696 0.01173472245120762 127.52872411442095 -0.01176753592219238 0.9997947960165939 0.01648911630310995 0.6243349428667252 -0.011541455930666696 -0.016624965036499805 0.999795181690998 0.8750760028266933
0.9998392001834356 0.012604407338057238 0.01275549654870698 128.85502865060525 -0.01281188571747323 0.9997847830596673 0.016316958867891383 0.6214979906568578 -0.012547085753678114 -0.0164777570679502 0.9997855040762991 0.8768790370746442
0.9998159773789828 0.01346977161641347 0.01365930563064096 130.2262460415535 -0.013691924662612967 0.9997733475376247 0.016302906257640973 0.6099333175673555 -0.013436613291411213 -0.016486928337739584 0.999773793723982 0.8804606469968995
0.9998025251589631 0.013787197459933015 0.01431166908371622 131.55620915855943 -0.013998376856335502 0.9997930434378616 0.014761969334954727 0.5903939354462614 -0.014105181003765696 -0.014959394354683941 0.9997886078513758 0.8782265303753678
0.9997980195195231 0.013827761005973743 0.01458469027443511 132.90813872540608 -0.01401999276723186 0.9998150898230449 0.013161533533124648 0.5772061906816527 -0.01439999887660747 -0.013363352412417711 0.999807011800105 0.8855665788083034
0.9997869008232332 0.01367255048609114 0.015466554415244665 134.2388813286451 -0.013840051990264534 0.9998461619416145 0.01077522211046276 0.5639380521899637 -0.01531685030223936 -0.010986983836718782 0.9998223243571782 0.8682129399053895
0.9997911175446973 0.013138924388065689 0.015655348755296082 135.56775188962928 -0.013289142656716999 0.9998662775818133 0.009530248797260278 0.544234455843344 -0.015528038065856311 -0.009736304258441648 0.9998320280993265 0.8834140914077322
0.9998166540349696 0.011973667433288449 0.014942877986349365 136.9192992749836 -0.01211145878988427 0.9998846507439829 0.009165029872518429 0.5369349112014234 -0.014831415316781197 -0.009344329552205858 0.9998463445074552 0.879510409047781
0.9998047356531635 0.010963107217932377 0.01644082861767272 138.2450806786966 -0.011068257819551355 0.9999187824351495 0.006318401874525957 0.5221359553557302 -0.016370224016411857 -0.006499139445818338 0.9998448764443993 0.8752299566148246
0.9998128933184893 0.009927647933000272 0.016601811968261864 139.57933196458907 -0.010026989376766559 0.9999322558645476 0.005911274454401038 0.5054675825694339 -0.016542002241244497 -0.006076634607695213 0.9998447062787778 0.8740605560847855
0.9998188655705544 0.008618855095134888 0.016969130386038207 140.94295100925916 -0.00869213416948203 0.9999531937506382 0.004249366008986301 0.50274529862833 -0.01693171145481226 -0.004396094260553637 0.9998469840442903 0.8742512342383536
0.9998359548002641 0.007450159298212723 0.016509349323196542 142.27258620160947 -0.007515087097028717 0.9999642562028233 0.0038742460761400457 0.5005452544144976 -0.016479895465935094 -0.003997679722747754 0.9998562054626986 0.8660048979113516
0.9998500320125339 0.006421501088483982 0.016083463815535323 143.61801700894597 -0.006491365766434621 0.9999697051798114 0.004295450277621486 0.49140604310303054 -0.016055393331257745 -0.0043992097440059465 0.9998614260479334 0.8602498717700579
0.9998843674265661 0.005679895080078122 0.014106401662194354 144.9787947274318 -0.005711055113771091 0.99998133810728 0.002169628231117981 0.4763646831346824 -0.014093815149324344 -0.0022499397887720063 0.9998981458856115 0.8660835730801855
0.9999031199063311 0.004566354691004565 0.01314911428276744 146.28734722282215 -0.004531493446843487 0.9999861420278496 -0.0026797983876915435 0.4911365808878837 -0.013161168972646487 0.002619953643368573 0.9999099556831006 0.867400563429047
0.9998669319456903 0.0036094060726474466 0.015908821116443612 147.6777485644592 -0.0034417684281909697 0.9999384005998708 -0.010552214737155247 0.47535322534096464 -0.015945928370558242 0.010496056096223203 0.9998177634823388 0.8672313159452596
0.9998377651087444 0.002247654354562158 0.01787152797758849 148.9765998184997 -0.0019286368051016874 0.9998388544296496 -0.017847843928056835 0.46599757470191716 -0.01790876384414395 0.017810480698417036 0.9996809805907413 0.8666694088566688
0.9998907159292038 0.0013742774384230905 0.01471963179249026 150.28182579209013 -0.0010826432047152292 0.9998033294566415 -0.019802279947156186 0.43497538924686513 -0.01474395070106831 0.019784179764056463 0.9996955547309331 0.8671166519146516
0.9999293716273422 0.0013657810686191782 0.011806201718641308 151.67991201275623 -0.0011487927966978614 0.9998306623741796 -0.018366459961559292 0.45460365043802503 -0.011829287047785367 0.018351599888889986 0.9997616149610161 0.8765563919269286
0.9999530886097223 0.0023491454847166943 0.009396919461633655 152.99706996131886 -0.0022072066630659045 0.9998837518580143 -0.015086782595610942 0.4566146414764601 -0.009431268134419234 0.015065333910416553 0.999842030970665 0.8732754476588628
0.9999485468089109 0.00324178607545075 0.009612208788229644 154.36350549017305 -0.003090988300028128 0.9998725700505825 -0.015661719310862687 0.46251735254727083 -0.00966175584852954 0.015631202240524354 0.9998311437390013 0.874492351736735
0.9999165301033581 0.0037211178876195338 0.012372797085810266 155.69367111074857 -0.0034815508173701142 0.9998071372181037 -0.01932788585557475 0.46280856226026035 -0.012442332175531506 0.01928319603713282 0.9997366386807214 0.8627705383432976
0.9998715709004674 0.004271251630973713 0.01544662146025604 157.02917070331603 -0.003841766795556431 0.9996081217408986 -0.027728032341320756 0.45811067483110207 -0.015559001668490757 0.02766512893766581 0.9994961521226293 0.85788912706286
0.9998516342978218 0.0043336169765713015 0.016671207391050682 158.3667090700615 -0.0037954882731143238 0.9994750042620942 -0.032176235392840646 0.44217489398908016 -0.016801894558165203 0.032108186170931745 0.999343164643692 0.8421456351020304
0.9998453662745382 0.0042491295015438975 0.017064244425514807 159.70571262445574 -0.003694873182427885 0.999468743599131 -0.032381761541653085 0.43155210769334795 -0.017192773234716355 0.03231370401012265 0.9993298920184696 0.8623801143175837
0.9998395471900876 0.005239502179497714 0.01712972538109185 161.07699903916566 -0.004708750463679171 0.9995120352761421 -0.03087910308307169 0.4344151056682391 -0.01728315780728119 0.030793488841883522 0.9993763322698579 0.8493892198301242
0.9998338742406628 0.006476614951420847 0.017037528567177128 162.42037524274053 -0.005979962701758466 0.9995603145407759 -0.029041653555382147 0.4383663379017438 -0.017218129021235797 0.028934945203270987 0.9994329917403626 0.8298163059250389
0.9998517447706201 0.0073402528772422435 0.015575916244153207 163.76773352087827 -0.0069235432775746905 0.9996210945147385 -0.02664079483874088 0.43903743858304234 -0.01576556461501741 0.026529004671386927 0.9995237160185421 0.8283573825793971
0.9998557489966386 0.007977391901134112 0.014994746307500235 165.11301357909977 -0.007593105791222698 0.9996456635933897 -0.025512585195836643 0.4401289371048433 -0.015192957013493866 0.025395048284798407 0.999562036884054 0.8098961583713195
0.9998324180725273 0.008198206869369099 0.01636842006333885 166.4581923974101 -0.007785215961538194 0.9996536954558278 -0.025137214920098645 0.43929189881731395 -0.016568831693124758 0.025005570692028772 0.9995499963737136 0.7980789121958299
0.9998338721913917 0.008025009583160813 0.016365428193540355 167.79176455207426 -0.007632325327478357 0.9996847969824694 -0.023917656495041795 0.42975148677630015 -0.016552209183770025 0.023788776835084638 0.9995799710217423 0.7946921217655746
0.9998687616496242 0.007512503367808226 0.014353458482041566 169.18854597434247 -0.007193306492982498 0.9997285141544223 -0.022162001901659796 0.42702030645834377 -0.014516053835152195 0.02205584457099357 0.9996513511726552 0.7909303571859698
0.9999111848844485 0.0068981000766337635 0.011403445019427512 170.58623227116186 -0.006699265245883658 0.9998264504877471 -0.017383577026550915 0.42900896957498585 -0.011521379611125405 0.01730563839924661 0.9997838629881216 0.7972720205208985
0.999930760962705 0.0065520444340793245 0.009774660826838795 171.933894560622 -0.006459373035740185 0.9999341780059763 -0.009482412957550925 0.4318462617909086 -0.009836146630212431 0.009418618223828121 0.9999072656252792 0.8188441136837781
0.9999141051238991 0.00681215083735803 0.011197186041190887 173.2905216559855 -0.006755588039766198 0.9999642690281393 -0.0050816038074477255 0.43543187078477796 -0.011231402606483558 0.005005523747619384 0.9999243973058679 0.8251351268598127
0.9998773571968266 0.007470791280563537 0.013764368591832894 174.69857530506596 -0.007481718204985706 0.9999717358691276 0.0007425332214290284 0.44427109264814263 -0.013758432243201458 -0.0008454232821469526 0.999904990887476 0.8405279673457742
0.9998469432262693 0.007461152832830744 0.015824705984324765 176.03838914121314 -0.007451309107670426 0.9999720067794043 -0.0006809186095421828 0.4423672697213976 -0.0158293434376518 0.0005628996145094272 0.9998745496462828 0.8258830997800104
0.9998298366999603 0.0066489229778788446 0.017207250441750536 177.48102351065782 -0.006586758373657765 0.9999715839904086 -0.0036668550339861747 0.43576606452369154 -0.017231142117048962 0.003552891068897997 0.9998452203748311 0.8142313477593516
0.9998318689705404 0.005275175492783202 0.01756150091525369 178.87966073781453 -0.005178617472279861 0.9999712490607321 -0.005539221334744721 0.4304453849484646 -0.017590216370241565 0.005447345724280114 0.9998304409811737 0.8102679383861507
0.9998979502923385 0.00313702899846815 0.01393728991743686 180.2161061003975 -0.0030464788220323892 0.99997414657544 -0.006513458951070334 0.4244840749940221 -0.013957362500373247 0.006470334595918516 0.999881656398521 0.8117991261637106
0.999955577536155 0.0014012602994286426 0.009320913255036766 181.63063151049096 -0.0013611254099256708 0.9999897819134071 -0.004310847526286243 0.43500701516686135 -0.009326858632633475 0.004297969095942722 0.9999472671944742 0.8111881022937506
0.9999629674814812 0.0009119981071049607 0.008557565371219393 183.02735836998983 -0.0009137981579488468 0.9999995611779435 0.00020643848161600988 0.4636867113125284 -0.008557373344466492 -0.00021425072415186359 0.9999633620578658 0.8090502131164152
0.9999577010768035 0.00046355238838398377 0.009185922728677588 184.35575733452055 -0.000518952333413975 0.9999816877667199 0.006029495807934425 0.4789289629307397 -0.00918295952673517 -0.00603400782278894 0.9999396301797048 0.8121630557820296
0.9999122679379914 0.0008958070592723098 0.013215670880250937 185.8064483952614 -0.000960009392118458 0.9999877657285309 0.0048525019554784285 0.469805730464298 -0.013211162290638892 -0.004864763403644161 0.9999008947230505 0.8042399821844677
0.9998804874770288 0.0011761209924047139 0.015415171167086189 187.16729935422364 -0.0013001871906410405 0.9999668272263199 0.00804076863220253 0.4835857478174556 -0.015405202886318421 -0.008059850267749653 0.9998488478453595 0.8262742413961448
0.9998658097375607 0.0013636328253133854 0.016324920317414882 188.6274207165851 -0.0014423259567465443 0.9999873935129806 0.004809626903370084 0.4837697519784215 -0.016318155952395864 -0.0048325273545893116 0.9998551717452285 0.8019001650794245
0.9998550913252088 0.001221893198886866 0.01697949728551795 190.04450824193643 -0.001288176977048915 0.9999915911181513 0.003893365262075998 0.4803522418591904 -0.01697459723039691 -0.003914673677160461 0.9998482576765673 0.8020508966771834
0.9998432850500578 0.0013907958448552459 0.017648541787541716 191.3985243196865 -0.0014044002610047188 0.9999987261818427 0.0007584817723195997 0.4819408849242902 -0.017647464413211394 -0.0007831485235793949 0.9998439646655745 0.7941375661717629
0.999842999117409 0.0018070930133509 0.01762701139575419 192.84803733581245 -0.0018059839286662961 0.9999983661019979 -7.883770643164103e-05 0.4866187410728714 -0.01762712506208397 4.699122955100007e-05 0.9998446290568701 0.7911427316987238
0.9998291152428176 0.002218318411683478 0.018352639488343637 194.21122367193936 -0.00216097782356562 0.9999927238874277 -0.0031436200547977564 0.4859739892590022 -0.018359479502719617 0.003103423211109813 0.9998266341105152 0.7759904320281982
0.9997953396582006 0.002629160053754199 0.020059070645352405 195.66986921398305 -0.002464685989588223 0.9999631793737287 -0.008219806552278601 0.4808243855552712 -0.020079943244845657 0.008168684973476325 0.9997650066216 0.7641613448124202
0.9997788480242651 0.002983017344735149 0.02081722005443176 197.08233480062418 -0.0027379077161960755 0.9999267123713429 -0.011792953301667583 0.47388137514194706 -0.020850872993983263 0.011733349639328388 0.9997137438295175 0.7668909426050199
0.9998460394541694 0.003103821869953275 0.017270312029928733 198.50956192677432 -0.002950632244222943 0.999956142891056 -0.008888535526241904 0.48109120498010743 -0.017297143034930747 0.008836208702917351 0.9998113473343797 0.7713985198630984
0.9999207342837805 0.0033218862892892952 0.012144555194247527 199.93299806279262 -0.003289174150439046 0.9999909116719259 -0.0027125462131570204 0.49798441270166677 -0.012153455590620161 0.0026723856442251574 0.9999225729386128 0.7619259709075338
0.9999224430631278 0.004640121796063069 0.011557557197932162 201.3779293831633 -0.004728707315672079 0.9999595634910834 0.007649229362796493 0.50664422999711 -0.011521596494778075 -0.007703288417270842 0.9999039514682256 0.7522567853769893
0.9998675770748499 0.005799600666692644 0.015205030305005826 202.81953918394794 -0.005999866109791593 0.9998954204985093 0.013158634913004934 0.5274565580222349 -0.015127125342702151 -0.013248120554104131 0.9997978082495731 0.7391766070090621
0.9998222412311396 0.0067279917699688855 0.017613065215465552 204.25926889326124 -0.006985105981943782 0.9998693462363817 0.014577336905337704 0.5192662526794524 -0.01751268779947912 -0.01469777478307306 0.9997386064279322 0.7339020681770186
0.9998173502686177 0.00625343927151948 0.018059916918903997 205.72759261022694 -0.006505796261353587 0.9998815494408144 0.01394853765962811 0.514731443418598 -0.017970551378465118 -0.014063484102942765 0.9997396049462282 0.7274131417139647
0.9998192857377918 0.0049152220561442216 0.018363998990164103 207.1695779317692 -0.005114035283590636 0.9999286545535592 0.010795019491743767 0.5028753887625815 -0.018309628884555385 -0.010886982816544315 0.9997730898035124 0.7247794470863521
0.999830325175789 0.0038296413737924613 0.01801817709492917 208.59673252683655 -0.003989387084574306 0.9999529840995617 0.008838234047101387 0.49788591695765066 -0.017983482687330746 -0.008908615904283193 0.9997985951746003 0.7168699282471871
0.9998411402945862 0.0033443485101162843 0.017507412928943485 210.09497766566014 -0.003498313101514763 0.999955414467266 0.008771025199036395 0.5062990118327456 -0.017477298986554663 -0.008830878248580051 0.9998082614229056 0.7018708427589918
0.9998384077167646 0.003212093197406352 0.017687309340201598 211.54819200065523 -0.003392871868759591 0.9999422193974722 0.010200308178672169 0.5071051702137025 -0.017653523016298665 -0.010258670661878291 0.9997915346717855 0.7013358564607801
0.9998256241506881 0.003018597504688096 0.018428493177460512 212.98161065181569 -0.0032272411738866304 0.9999309159535662 0.011302576461478472 0.5115239069110957 -0.018393102133478972 -0.011360078757063578 0.9997662938929981 0.6872170111066181
0.999827711279226 0.0026028575808190006 0.018378598710420278 214.42858209204311 -0.002803061394665578 0.9999369260949224 0.010875967941086395 0.5199156303816153 -0.018349130904825556 -0.010925610475015874 0.9997719442106714 0.6868977535651245
0.9998389909213424 0.002339449670030384 0.017790986724550283 215.88686823848323 -0.002542573579459976 0.9999317488312358 0.011403201256647393 0.5230863522812809 -0.017763095253495707 -0.011446600130517678 0.9997766989645575 0.6812168365317545
0.9998472442483174 0.002104486683454672 0.017351060625928304 217.37162522384378 -0.002282679839125164 0.9999447955698032 0.010256470426833742 0.5239543954610273 -0.01732851816508062 -0.010294510608262324 0.9997968521202389 0.6661986068892769
0.9998446053268617 0.001521468449578448 0.017562754127101777 218.8292528639952 -0.001725264346974156 0.9999312925063254 0.011594556031281858 0.5212286741754684 -0.017543906683095214 -0.011623054692567357 0.9997785334452368 0.6682079058060787
0.9998514821404397 0.001306183611534514 0.017184514713512164 220.31162784498542 -0.0015297150574004488 0.9999143130851277 0.013001017627115759 0.5277984220005734 -0.017166060509304974 -0.013025374154717053 0.9997678060403429 0.6651902820045261
0.9998515752889935 0.001269115465437309 0.017181872367513205 221.81349523960466 -0.0014544499360003402 0.999940853230681 0.01077843289544143 0.5311057245340158 -0.017167177039391027 -0.010801823282819116 0.9997942831634241 0.6505306890112853
0.99985531134231 0.0007992162621932597 0.016991693086290147 223.29820949567662 -0.0010124130867701176 0.9999208306901145 0.012542223556179023 0.5369394988520476 -0.016980323916644557 -0.012557611451135174 0.9997769626243287 0.648343173656044
0.999854666843242 0.00044147482164639266 0.017042602259383734 224.79427552031274 -0.0006415728834680027 0.999930908882533 0.01173736961958295 0.5423610145070679 -0.017036243013789684 -0.01174659786207745 0.9997858690052794 0.6328466798822989
