1.0 -2.1684043449710093e-19 -2.5135375298442207e-37 0.0 2.1684043449710093e-19 1.0 2.3183291766350204e-18 -8.673617379884035e-19 -2.51353752984422e-37 -2.3183291766350204e-18 1.0 0.0
0.9999996144572926 -0.0005723897269502802 0.0006659243699802237 1.3271307127150507 0.0005725266515208768 0.9999998150031163 -0.00020544334102258209 -0.005205242904773986 -0.0006658066531284189 0.00020582452126511109 0.999999757168854 0.013546002618737998
0.9999992686506489 -0.0006310930990495225 0.0010317071617683797 2.620400249204164 0.0006317219644781507 0.9999996148242213 -0.0006093264874477984 0.0032616480561835828 -0.0010313222226384742 0.0006099777938922657 0.9999992821505244 0.023155165917102573
0.9999984080806568 -0.0013145955684215954 0.0012065134246878437 3.944431469168364 0.0013152995039614583 0.9999989651428909 -0.0005828381958469084 0.0014968510495183922 -0.0012057459796094815 0.0005844241945245251 0.9999991023120939 0.042724277089956374
0.9999985763318838 -0.0008800205240788166 0.0014397562580511227 5.276348118827755 0.000881273383638691 0.9999992334146602 -0.0008697857869248605 0.012604385612162781 -0.0014389897250110366 0.0008710533675077156 0.9999985852863005 0.04177979977458566
0.999997786687794 -0.0012070478149658944 0.0017232687212533166 6.606972188827152 0.0012091179588218897 0.9999985481118654 -0.0012007530649974663 0.008382052461006931 -0.0017218168528964884 0.0012028340425147947 0.9999977942660631 0.04278872157354516
0.9999967192755046 -0.0008840068948593192 0.0024041568246351104 7.940246282741048 0.0008895981560858923 0.9999969001183829 -0.0023255899779677405 0.02337723712865465 -0.0024020935344584255 0.00232772108182587 0.9999944058149609 0.061433015770509955
0.9999966058758929 -0.000873483241502648 0.0024546412611861773 9.262030326792253 0.0008794477276802168 0.999996661187287 -0.0024298530763327384 0.02751113273293585 -0.0024525106296572384 0.0024320035577892556 0.9999940352573641 0.0582192092397267
0.9999966097639618 -0.001266615935281217 0.0022751142070677457 10.574476610325048 0.0012719655674189169 0.9999964263568822 -0.002351462748944188 0.032548963269163136 -0.002272127676432485 0.0023543486438637696 0.9999946472248165 0.06110004242504724
0.999997806805724 -0.0012989856361764252 0.0016428694588934696 11.907043636708606 0.0013014713963886105 0.9999980086551906 -0.0015128971735503909 0.05167867038926468 -0.0016409009556764462 0.00151503200308172 0.9999975060579318 0.06758946893793702
0.9999991451798917 -0.0009577345750956518 0.0008901595191110357 13.236156610683853 0.0009575489971894848 0.9999995197344279 0.00020887994496383635 0.0725787209300108 -0.0008903591431434011 -0.00020802739505419574 0.9999995819925122 0.08023895090459714
0.9999991438000674 -0.0010495732809091816 0.000781533786806556 14.575054881114413 0.0010490553282608785 0.9999992300535031 0.0006628539199185936 0.07415105408309632 -0.0007822288988308473 -0.0006620334801998468 0.9999994749146726 0.07912984059682421
0.9999989496825459 -0.0006439758295796952 0.0012984332621091249 15.934384137696522 0.0006433258305944602 0.9999996675863909 0.0005009580655668693 0.09578146954967139 -0.001298755435378096 -0.0005001222237450514 0.9999990315555713 0.09075796933643786
0.9999929207313023 -0.0004012983609982963 0.0037413161995305836 17.26200724745015 0.00040304749444114744 0.9999998098364405 -0.0004667759634654563 0.08730930298139451 -0.0037411281716394854 0.0004682805871531221 0.9999928923113879 0.10385516771554835
0.9999846251498516 -0.0003324129454550589 0.005535247559452846 18.615863765370797 0.0003635519647617267 0.9999841104842583 -0.0056255318837981644 0.08191080395815646 -0.005533289607426372 0.0056274577422141285 0.9999688567277882 0.13173929432629877
0.9999875466130048 -0.00014150925095317187 0.0049886465133619174 19.95732880098007 0.00017616332653247702 0.9999758549414326 -0.006946833856749426 0.08122131461305546 -0.004987543020944116 0.006947626161703705 0.9999634267838655 0.1478140737676095
0.9999952683175395 -0.0006109749619556687 0.003014971331222077 21.353260677579804 0.0006335299770071095 0.999971780851764 -0.007485729084074669 0.070225494373929 -0.0030103126582568004 0.007487603738699804 0.999967436373781 0.132949884449949
0.9999985372122482 7.726895030661646e-05 0.0017086845446004347 22.6737730757206 -6.791503980228263e-05 0.9999850168039218 -0.00547371493664215 0.09684382965448174 -0.001709081891252299 0.0054735908843801286 0.9999835592858112 0.17791387247647666
0.9999962607218872 0.0008001547174369952 0.0026150133215340414 24.0454235936454 -0.0007907048151479014 0.9999931613915544 -0.003612749094506493 0.10405609535504044 -0.002617886196712741 0.003610667881807864 0.9999900548252009 0.1514029602039719
0.9999727456572348 0.001563700617160335 0.007215454463239967 25.414631319827198 -0.0015379931539030245 0.9999924554874798 -0.003567007874852111 0.11094078654296546 -0.007220977758568752 0.0035558133388300817 0.9999676063111793 0.15783035849945018
0.9999616277492366 0.0015241943361230777 0.008626694658028898 26.799797928290126 -0.0014878962569271931 0.9999900204490222 -0.0042125012869519435 0.09762486946672339 -0.008633029238092274 0.004199504017104885 0.9999539164242444 0.18255690179154205
0.999967128390268 0.0016734509083193509 0.007933580590042056 28.16934297666263 -0.001598781943208085 0.9999544583482393 -0.009408779186353288 0.09365561615394322 -0.007948964411753186 0.009395785839243474 0.9999242637186297 0.2040915493384067
0.999982682804506 0.001633570399653242 0.005653807465075059 29.524340813027965 -0.0015831242142153598 0.9999590027774056 -0.008915519173842824 0.10653349661607928 -0.005668139802891836 0.008906414102553889 0.9999442724367238 0.20017336551836595
0.9999906531997705 0.001979778065151025 0.003843695085340246 30.9289077359417 -0.0019455830555071836 0.9999586807336566 -0.008879838510862341 0.10273045577504854 -0.003861116376185161 0.008872277284757136 0.9999531861422873 0.23604934828598748
0.9999933428777932 0.00274849568690758 0.0023999940740248335 32.307257539195966 -0.002730953651411108 0.999969755717357 -0.007282138609185405 0.12462765712432271 -0.002419936414484526 0.007275535858518934 0.9999706048108221 0.20622207966480702
0.9999934907497168 0.0034542117607717516 0.0010425350391673079 33.680283678241324 -0.0034476214299894153 0.9999744728732219 -0.006258395033687418 0.12408350668376796 -0.0010641262479721108 0.006254760030085225 0.9999798726035912 0.24982155973883644
0.9999915458606881 0.00372981094815559 0.0017311029554411695 35.07638904133392 -0.0037193461370024225 0.9999750257276415 -0.00600952454988048 0.1338031607103545 -0.0017534741128638343 0.0060030351734326635 0.9999804442574074 0.25125087244175354
0.9999921140564022 0.0030286292154777304 0.0025688966664388635 36.469689824783025 -0.0030134948826274727 0.9999782018074962 -0.005874926249639567 0.12724007281097482 -0.0025866336424132416 0.005867138563344208 0.9999794427944398 0.27391770130412113
0.999989669382657 0.0028333957311765883 0.0035542926996340583 37.87701985695214 -0.0028142759861430624 0.9999816059686712 -0.005372855385251738 0.14330936424413956 -0.0035694507473755916 0.005362797119746411 0.9999792494989156 0.2562542088742121
0.9999909550711428 0.0023670729188478112 0.003533658401774848 39.27276521386912 -0.002350356713024943 0.9999860643798861 -0.0047272475445724466 0.13305240440830693 -0.003544798897697196 0.0047188994292085675 0.9999825830428009 0.23296613246369413
0.9999878331522019 0.002657772729769735 0.004155693886836503 40.666685724851284 -0.002648218060961763 0.9999938415700609 -0.0023029900246555185 0.13910807179787765 -0.004161789118371313 0.0022919568209194587 0.9999887131589362 0.26888351951228195
0.9999869620895994 0.0027249158625412707 0.004318620654378404 42.08932720678702 -0.0027344173909645596 0.9999938507915879 0.0021957551192365405 0.15509896308483778 -0.004312610850325283 -0.0022075354026003455 0.9999882640186833 0.28856086578306345
0.9999862522404233 0.0025354637217344313 0.004589853360211688 43.481638223192675 -0.002544193644786443 0.9999949639067638 0.0018971662573475285 0.16528814147018867 -0.0045850200490626224 -0.0019088176513114977 0.9999876669271096 0.28554956278467886
0.9999869644987919 0.002328251707965232 0.004544235521675022 44.907101741461844 -0.002335877653271772 0.9999958714065309 0.0016735726700541703 0.18142552903971582 -0.004540320261946468 -0.0016841656324018922 0.9999882744702768 0.29545948822921414
0.9999924737006343 0.001213855181319726 0.003684982725201448 46.31706077370721 -0.0012198073363139572 0.9999979544566506 0.0016134288260789224 0.16843046820920118 -0.003683016718469315 -0.0016179116518929629 0.9999919088421357 0.31867533704918116
0.9999905816288066 0.00013171371265633828 0.004338122310281044 47.740066129118404 -0.00013681030986659214 0.9999993008413428 0.0011745636485811324 0.16604239011790115 -0.0043379645711063685 -0.0011751460859622084 0.9999899004965283 0.338011404650316
0.9999886961071605 -0.0010803348866303803 0.0046303924708228986 49.14829545055504 0.001073787594854636 0.9999984206281807 0.0014162349188530043 0.1574782359787648 -0.004631915165702018 -0.001411246851890768 0.9999882768033937 0.34541651778436516
0.9999863124821076 -0.0018876333204111693 0.004879722213850523 50.565967742617296 0.001876614295920223 0.9999956814643798 0.0022617186772723973 0.17258635098514097 -0.004883970436132941 -0.002252530363490903 0.9999855363652719 0.3605549729328954
0.99998363112215 -0.0030019578492492364 0.004870907187695221 52.022046593088156 0.0029917294740058674 0.9999933075151097 0.002105820444711764 0.17877949684566774 -0.004877196173435579 -0.0020912135381955556 0.9999859197925856 0.35979689411760307
0.9999749213936046 -0.0037167246046967595 0.006028477591172448 53.42485226898974 0.003696862217350395 0.9999877130652965 0.0033025638803795164 0.20309299602090297 -0.006040678240094714 -0.0032801946056449155 0.9999763749858037 0.3880627969925028
0.999966657311578 -0.00487355540963965 0.00655230667615113 54.88827199704785 0.0048609590200816575 0.9999863094819288 0.0019369889306036553 0.2064309645159179 -0.006561656994559327 -0.0019050738519454872 0.9999766574031138 0.39084247009679024
0.9999580397561734 -0.005330034962925383 0.0074504667159380755 56.28813528376608 0.005345782082105869 0.9999835161128418 -0.002095260491850897 0.20328780208252673 -0.007439176091607451 0.0021350011456831666 0.9999700497660847 0.3842370668238809
0.9999533394319705 -0.005831287234876051 0.007701626324009042 57.71911134302458 0.005845170803336545 0.9999813301168379 -0.001781402829058395 0.22534719743611265 -0.0076910946639681555 0.001826337029117808 0.9999687552898471 0.4157217335902746
0.9999493027882557 -0.005103287016122189 0.008680340714089818 59.14432109284062 0.005114256484019404 0.9999861508292229 -0.0012419864613424053 0.2688904355484701 -0.008673882285186498 0.0012863169848723224 0.999961553838305 0.45485293097775403
0.9999502320800712 -0.005165522791602371 0.008535264336922685 60.55870169580688 0.005186632500139625 0.9999835407973502 -0.002452952853743094 0.25638199604033257 -0.008522453069404558 0.002497100054789046 0.9999605653649529 0.43334970743719076
0.9999394723879101 -0.004637450157683302 0.009977254964323452 62.021872013033786 0.004691757364579784 0.9999742693932195 -0.0054265978595087454 0.27123062038626494 -0.009951832666399952 0.0054730802599556915 0.9999355011294719 0.45060068843517936
0.999947401903381 -0.004416666130753731 0.009256699572077224 63.43488953244669 0.004481461483136768 0.9999655218796006 -0.006990819339192579 0.2712813286564968 -0.009225504303473245 0.0070319351779947635 0.999932718715614 0.4592152825266028
0.9999581479598088 -0.003876015000987001 0.008287269544388569 64.84114292484227 0.003937252913378082 0.9999649726891506 -0.007385894277765984 0.2858116551297233 -0.008258351426605819 0.007418214239179417 0.9999383829662788 0.4677095614347647
0.9999629630785496 -0.003124163374165429 0.00801948092949776 66.29347424851917 0.0031905101870605248 0.9999606817678292 -0.00827378771570342 0.29656060533922746 -0.007993316953137665 0.008299067515678197 0.9999336139776764 0.4655633319042343
0.9999661369676277 -0.0025931712503185203 0.007810274060879642 67.66581402847949 0.0026457857372008866 0.999973827588111 -0.006733792142299876 0.299383347534464 -0.007792607770980922 0.006754228427392478 0.9999468264175242 0.47445751833085165
0.999958085287248 -0.0017452789761660307 0.00898786236855442 69.12518206996194 0.0017837466336299683 0.999989276725074 -0.004273720020106251 0.33446335695026747 -0.008980307155534136 0.004289572957602664 0.9999504755972836 0.48588594028153054
0.9999497071081692 -0.0011428630948387315 0.009963790354738085 70.49473679319249 0.0011545180973274827 0.9999986560223606 -0.001164062470653484 0.3381044907971811 -0.009962446599588845 0.0011755073028680853 0.999949682654248 0.4917665583971838
0.9999407147847446 5.864975062026569e-05 0.010888685686569895 71.92571330549366 -8.193377615007303e-05 0.9999977112577634 0.0021379350063456875 0.3646897193107569 -0.010888535375820099 -0.002138700409544246 0.999938430983592 0.5044025617490062
0.9999401776019938 0.00040301328665403804 0.010930635735572986 73.31461084275338 -0.0004684845160968954 0.999981963217483 0.0059878010961132416 0.3648393617592761 -0.010928025418673876 -0.005992563725086099 0.9999223307039651 0.5145627750648892
0.999946074490919 0.0009614770712958453 0.010340390323532324 74.70489141279688 -0.0010568097428550248 0.9999569554668231 0.009217937225306604 0.37780654600930175 -0.010331082390971202 -0.009228367968587885 0.9999040483772768 0.5151083280047829
0.9999437882078956 0.0018036440746242019 0.01044831529459149 76.15349942605876 -0.001904742401474005 0.9999513898707354 0.00967418482191639 0.3919720655704731 -0.010430358614503555 -0.00969354236781598 0.9998986162884396 0.5090701422025866
0.999938617985957 0.002210431836952988 0.010856990901193474 77.52432772744712 -0.0023241505367084868 0.9999424576035895 0.01047281270606184 0.39933110788500453 -0.010833216725291289 -0.010497403144955295 0.999886216497955 0.5161933304610429
0.9999338048844904 0.0022757943010306733 0.011278590759730795 78.93665541675671 -0.0023905228668671136 0.9999454346634743 0.010169222984004795 0.3938317901902813 -0.011254832279917547 -0.010195511560231896 0.9998846834982403 0.5383120767185768
0.9999509685360591 0.0014608570147452353 0.00979420341730564 80.31546218574181 -0.0015519023798989317 0.9999555991334657 0.009294695295444228 0.3777963700720054 -0.009780190325364627 -0.00930943921051954 0.9999088369540422 0.5264022661927114
0.9999472586115579 0.0016165638305974126 0.010142323038237467 81.70615973365813 -0.0017058463372373771 0.9999598198560485 0.00880049781165331 0.40158945624905595 -0.010127688951784215 -0.008817334905785595 0.9999098381962521 0.5535212506777147
0.9999483949473651 0.0015093309222705916 0.010046360652267468 83.0784306089151 -0.0016092907920231072 0.9999492102843699 0.009949222824512365 0.4251112809181189 -0.010030833730805225 -0.009964876910035867 0.9999000368050962 0.5398703197456963
0.9999563201934233 0.001681126099799441 0.009194102471944396 84.46875784187353 -0.001767496083393905 0.9999543131266166 0.009394020282701228 0.45051193049315386 -0.00917788988946959 -0.009409860493821785 0.9999136066994306 0.5464144177954936
0.9999563493483739 0.0005409169111450324 0.00932774392702127 85.84449577598753 -0.0006285512199154825 0.9999556717946672 0.009394645764467267 0.44065062917561887 -0.009322248722104963 -0.00940009864688224 0.9999123630719804 0.54073834917675
0.9999482694777599 -0.0005452808503211502 0.010156822201231933 87.22245442018534 0.00045005454541139186 0.9999559474975406 0.00937552746260332 0.45005273955432346 -0.010161487063383951 -0.009370471337672803 0.9999044646602847 0.5552071010372631
0.9999364736676606 -0.0021665304526570337 0.011061409262921778 88.60992695667788 0.002073456381004989 0.9999624111591155 0.0084188507222941 0.4332630663731121 -0.011079233173835258 -0.008395380553966086 0.9999033794210488 0.5592175702024089
0.9999287025227791 -0.002977554439600669 0.011563911132083356 89.92968561831755 0.0028900706677831424 0.999967135942302 0.007574597473445596 0.44286028839085556 -0.011586084871375945 -0.007540636903387091 0.9999044461509533 0.5680693912305573
0.9999178224374738 -0.0038999395621947958 0.012212241535104296 91.31843637701235 0.0038242903962021455 0.9999733939842345 0.006211773226419242 0.45326481656794093 -0.012236142156170577 -0.006164559600017729 0.9999061331095394 0.5784024886742358
0.9999233465031664 -0.004126548226148306 0.011673590606412026 92.7023264096615 0.004058788639137016 0.9999748133975823 0.005822268050631048 0.46240908714232276 -0.011697322458223124 -0.005774441116494222 0.9999149106184488 0.5824049011818571
0.9999258993022829 -0.004148816556211103 0.01144479033025668 94.0926642095365 0.004089064022825668 0.999977913845573 0.0052394061183330095 0.487344222064732 -0.011466274893698516 -0.005192219394295782 0.9999207795609728 0.5935210038402385
0.999926914439532 -0.004513322185576869 0.011215868325111143 95.44404302609166 0.004463694850093252 0.9999801547534896 0.004445843842558448 0.5018849192419379 -0.011235711269087631 -0.004395454701887339 0.999927216736419 0.5856187320089494
0.9999341551257266 -0.003987828601346975 0.010760234014457084 96.80635518674873 0.0039420818188558296 0.9999831162521075 0.004269332694662467 0.5156606174562108 -0.010777077708407159 -0.00422663385811293 0.9999329928361682 0.5986872135130947
0.9999401648669689 -0.004161164840522992 0.010116886526453999 98.13946731207162 0.004106605661294154 0.9999769460836688 0.005407688149487306 0.5067001027905573 -0.010139155574394643 -0.0053658185162632835 0.9999342005931635 0.6041616783476654
0.9999408314849326 -0.0037536073965205494 0.01020999317992698 99.48180666417998 0.0036786311914849337 0.9999662050511609 0.007352307674245155 0.5396645908361023 -0.010237245810197358 -0.007314313849741225 0.9999208466729399 0.6012643997303073
0.9999302618148966 -0.0035141116785899792 0.011274862566906602 100.86625846835592 0.003429691670204287 0.9999660074852273 0.0074980723590569774 0.5434148032935769 -0.01130082836961811 -0.007458880154870466 0.9999083239902524 0.6015857667461149
0.9999094968667024 -0.0038008523079130713 0.012905487108650757 102.13711625578114 0.0037037133602385738 0.9999646957887376 0.007542525007082562 0.5642255102656877 -0.012933699514188093 -0.00749404415991175 0.999888273118055 0.6144910564066083
0.999922731074287 -0.003946893933283482 0.011787871275956943 103.52226169676209 0.003854336104864276 0.9999616470915011 0.00786437786749266 0.5474778966976555 -0.011818459042102757 -0.007818335777605025 0.9998995937850653 0.6157757103218024
0.9999499658187424 -0.003399491762576602 0.009407938926894847 104.83415733179069 0.0033243954304340954 0.9999625822891142 0.007986389466381548 0.5561267713400307 -0.009434736568559742 -0.00795471416474502 0.9999238512349023 0.6144113555721061
0.9999613407743564 -0.003575549859960804 0.008033206081648956 106.13316674412127 0.0035238087804313973 0.9999730165426067 0.006445848148867837 0.5715079029005695 -0.008056036769420934 -0.006417291475244257 0.9999469579141143 0.6181966754385172
0.9999524586839398 -0.002592211058907186 0.009400043285519211 107.5265104591697 0.0025399382821996073 0.9999812695908639 0.005568588776943521 0.6078742906828695 -0.009414302176272675 -0.005544448509109244 0.9999403132213761 0.6270514066514115
0.9999298073007148 -0.003179093712121769 0.011413756381002374 108.83545229893856 0.0031573723620366683 0.9999931711236413 0.0019206003881802618 0.5630277274789743 -0.011419784206488825 -0.0018844280971103708 0.9999330164863165 0.62871198404887
0.9999208071830143 -0.002235267040656504 0.012384786785649048 110.17839771185984 0.002223551474344758 0.999997067437966 0.0009596532231967639 0.598398594855203 -0.012386895547713795 -0.0009320390146380142 0.9999228450845421 0.6370026917374954
0.999929633378082 -0.0013218415573145689 0.011789021472186743 111.51929198843212 0.001311474146602572 0.9999987465440241 0.0008870997369798673 0.6099055845779936 -0.011790179300465152 -0.0008715763178935563 0.9999301135713361 0.6257784583591592
0.9999600153175777 0.0003638572745768621 0.008935064294867935 112.8646129151555 -0.0003808207505261162 0.9999981283698419 0.0018969007272245184 0.6211054788965841 -0.008934357370603387 -0.0019002275381421246 0.9999582823266567 0.6470359568581822
0.9999718258184536 0.0010825357385158526 0.007428033769648466 114.19198287028307 -0.001119223446907393 0.9999871880372087 0.004936709461983754 0.6148209355337989 -0.007422594437532931 -0.004944884003794541 0.9999602258160096 0.6571869081930617
0.9999760315483399 0.002282313935015856 0.006536617774927482 115.4919174155288 -0.0023350617713564876 0.999964683544735 0.00807336050240651 0.630790340328915 -0.006517960981581201 -0.008088430402735776 0.9999460452835757 0.6501916097092535
0.9999510902025518 0.004311887478559882 0.008900833056545435 116.86936147042853 -0.004386254267822542 0.9999554973238559 0.008352493358160568 0.6591840432185175 -0.008864421934128699 -0.008391126156383683 0.9999255027378797 0.6700825293767589
0.9999304973665728 0.004020415921372776 0.011083171570330163 118.14912145314993 -0.004117161788823129 0.9999535031111708 0.008720125830646847 0.644570481862524 -0.011047597704607877 -0.008765150969426134 0.9999005564122065 0.6667834269167756
0.9999191991858296 0.004911063603816533 0.0117250396096731 119.54248374381815 -0.005014984465541995 0.9999482600032015 0.008850268209509887 0.6423996079900988 -0.011680968726073495 -0.008908353992133309 0.9998920922773473 0.667403927818903
0.9999147040164154 0.00627042710489466 0.011457156527109224 120.85807672305933 -0.0063641866081245385 0.9999464099432018 0.008165437558329854 0.6557132965210494 -0.011405341756451116 -0.008237656561438933 0.999901024698842 0.6795101974684508
0.9999090596997036 0.0073084776921976255 0.011333952720800719 122.17128597153602 -0.007424331140871438 0.9999202772394234 0.010213641492887485 0.6417112514067668 -0.011258402975794701 -0.010296859679397205 0.9998836047476614 0.6809128316913002
0.9999038863913265 0.00863898550309303 0.010843703656895893 123.5327000272996 -0.008767905637889073 0.9998907718357187 0.011898244765327989 0.6494957050700642 -0.010739730455011521 -0.011992177752515609 0.9998704145350565 0.6778754356815463
0.9998942606546017 0.009933996219166314 0.010619944872973606 124.87545087239994 -0.010076850403165322 0.999858313386997 0.0134837026391722 0.658242652973911 -0.010484493117916379 -0.013589292477056408 0.9998526924172547 0.6805151320144354
0.9998889426315375 0.011201475436066916 0.00983002295222276 126.21323177261665 -0.011335806425751077 0.9998416488284532 0.013717753485100249 0.6542849509658636 -0.00967480727787057 -0.013827661264844063 0.9998575868032812 0.6850945505478648
0.9998831700134395 0.012090817735164659 0.009351922282091089 127.54747627561716 -0.012211354512702928 0.9998416928077692 0.012941102899652251 0.6465140708695751 -0.009193973289080944 -0.013053790629136268 0.9998725265779486 0.6921261039749782
0.9998680418171476 0.012855924241499792 0.009930969974765332 128.8557981608224 -0.012982194387004228 0.9998343506276138 0.012756721128716501 0.6264758833267872 -0.009765325475421107 -0.012883963557641109 0.9998693124110793 0.6875463572236574
0.9998514920393766 0.013527863125401626 0.01067664675320558 130.22613080226654 -0.01366688223010726 0.9998213480333047 0.013057118632143818 0.6123139117307034 -0.010498104435597634 -0.01320109601987266 0.9998577503160805 0.7027892735101438
0.9998534560965006 0.013530918379363011 0.010487162614084803 131.54605570130045 -0.01365337725202754 0.9998383960444778 0.011694746034861937 0.5689771718882012 -0.010327227193059065 -0.011836217428601012 0.9998766185562525 0.6958542585946982
0.9998409677604315 0.014031654942732421 0.011006899992813476 132.90865697393824 -0.014147859652370698 0.9998442388437975 0.010551593155729946 0.5811062921158728 -0.01085712923108709 -0.01070563918854538 0.9998837492600947 0.7126515366453227
0.9998350728669676 0.013999338128188337 0.011569165790073636 134.24334461664762 -0.01410538362136059 0.999858775633842 0.009136024348076408 0.5802170674377783 -0.011439633647971873 -0.009297705091421476 0.9998913378272827 0.7038569500204437
0.9998444043072825 0.013203740796705454 0.011697367412742165 135.5710763481969 -0.013293871098883126 0.9998822823942993 0.007661223477549897 0.5422601701852974 -0.011594833617674131 -0.007815534718757115 0.9999022338461088 0.7188145617124589
0.9998638036147618 0.012144882505078348 0.01117479529830573 136.90728528342814 -0.012241256070826175 0.9998881188860986 0.0085965900348653 0.5324891387566122 -0.01106914047384237 -0.0087322127411628 0.9999006063553584 0.7239703991870073
0.9998521625405921 0.011700096388180013 0.012600032039989013 138.25517267746983 -0.011787603371585988 0.9999067633868666 0.00689325321998586 0.5575759608022722 -0.012518205528574265 -0.007040758319099427 0.9998968558069559 0.7399202571331477
0.9998700246087823 0.010060034458024657 0.012598793415900407 139.61011610250907 -0.010141304335900995 0.9999280725000389 0.006403418830893272 0.5022382842829793 -0.01253346860209952 -0.006530354742321387 0.9999001283286945 0.7403400465477646
0.999876520593135 0.00908326914480663 0.01282332984092161 140.96550157441482 -0.009146072516860011 0.999946424277342 0.00484746660372252 0.5257026513962113 -0.012778611977926428 -0.004964151146054178 0.9999060277242641 0.7441806335297046
0.9998944347382368 0.00763956053998829 0.012359469821071532 142.29606170613442 -0.0077053973212435865 0.9999563309599949 0.005288007672748617 0.5092151627514313 -0.012318532040137586 -0.005382684068485712 0.9999096361574855 0.7422709492330322
0.999907578742897 0.006515032341954716 0.011932657964614847 143.64403181948234 -0.00657624984623815 0.9999653799657072 0.005098216158471932 0.49190444605098027 -0.01189902981242819 -0.005176217115030595 0.9999158063886684 0.7433165594902267
0.9999296736550664 0.00652903443406608 0.009900477434517252 144.9804959755311 -0.006558449438468495 0.9999741667709237 0.0029415186146099473 0.4923191893459726 -0.009881016396892484 -0.003006243529028207 0.9999466625849642 0.7466641296942593
0.9999476507654554 0.004882724216178181 0.008991925982547952 146.29920568075667 -0.004880615517594827 0.9999880568443011 -0.00025643893630067274 0.4921367054106947 -0.008993070711180159 0.00021253937843516234 0.9999595389345494 0.7759151646819401
0.9999189892024135 0.004500432647583338 0.011906348659773072 147.70864483835106 -0.004382726644970922 0.9999414517253663 -0.009893676188477385 0.49862887703342956 -0.011950177386925095 0.009840692422362794 0.9998801698369006 0.7631103841454776
0.9999074252386767 0.002907243430542175 0.013292437255668338 149.01616452575797 -0.002691861417882186 0.9998652672413267 -0.016192629389237687 0.4749655396755208 -0.013337722244342456 0.01615534896143863 0.9997805308492794 0.7753588055918487
0.9999309663344264 0.002207643500141031 0.01154074848857499 150.2783459034847 -0.001983469303174203 0.9998098335274508 -0.019400067817781225 0.46933615779382004 -0.011581382258764561 0.019375837839624644 0.9997451917828807 0.7897572811795864
0.9999707468798233 0.0016674370439739193 0.007464920516158634 151.72731491566662 -0.0015347342045314827 0.9998413240735512 -0.01774742983559421 0.4723360552307595 -0.007493328734923064 0.01773545399904615 0.9998146346678058 0.794207625728238
0.9999817564037292 0.003012853957155306 0.005235415049982753 153.03319388513353 -0.0029332088211345138 0.9998808627463682 -0.01515442508278612 0.480147719510045 -0.005280449386591162 0.015138792045966283 0.9998714586533933 0.791181752645832
0.9999761169277155 0.003908069471877457 0.005700225185993133 154.41209047621396 -0.0038218646666897593 0.9998793426632745 -0.015056343039652496 0.48464895126642143 -0.005758378646594836 0.015034197958692817 0.9998703985852873 0.811868311281936
0.9999668170647144 0.00368556316631934 0.00726508042702544 155.72945737834422 -0.0035654895150070308 0.999857974436744 -0.01647174064176632 0.45416669274827987 -0.007324756240480152 0.016445290492974322 0.9998379370511099 0.7822777018724033
0.9999367097142662 0.004453581002468026 0.0103316108164114 157.058357491205 -0.004178454477928848 0.999640079567728 -0.026500034717000957 0.4630782877232203 -0.01044591230976067 0.02645518735675171 0.9995954211469438 0.7879661095011942
0.9999252005597746 0.004429311067493497 0.011400635463077237 158.41260152876143 -0.004102937289016731 0.9995855548924316 -0.028493584470752162 0.44398246265156427 -0.011522117474535258 0.028444677074223785 0.9995289596380117 0.7983331574010296
0.9999256203194018 0.003922258417298715 0.011548580768544016 159.75301976234726 -0.0035800426312147873 0.9995582002333648 -0.029505722173762898 0.42189164082595115 -0.011659207675410024 0.02946218313609038 0.9994978952660366 0.8077545521973655
0.999921518475258 0.005116717824826049 0.011435737354248339 161.12313729876888 -0.004789872585706564 0.9995843682251432 -0.028427942601496173 0.4291821923379078 -0.011576442059067205 0.02837093580836508 0.9995304277462547 0.8010554713136149
0.9999215401555442 0.006304071308162431 0.010824611674601312 162.45781074365712 -0.00600849677227645 0.9996140041421312 -0.02712454035505169 0.4359457518913518 -0.010991428455931252 0.027057372523526507 0.9995734525749577 0.7949358467711926
0.9999163532367092 0.007991994340714365 0.010169294776848338 163.795678184386 -0.007722558253106315 0.9996252109717945 -0.026264037839273145 0.4674300803170511 -0.010375385478517168 0.026183307966209723 0.9996033142002475 0.7894635136720671
0.9999215689163485 0.008564738732099293 0.009137902730875662 165.15013338201297 -0.008334279603318498 0.9996535359573405 -0.024966934763402497 0.47361893214944367 -0.009348572049344002 0.0248888187433065 0.999646512974562 0.7762769567141925
0.9999072996074044 0.008950736471547788 0.010260434125577303 166.50496103527428 -0.00868680883236762 0.9996374595037594 -0.025485072281237774 0.4711807754218142 -0.010484824468645477 0.025393579375245983 0.9996225460554473 0.7785184934614451
0.9999110122012902 0.008484979871299878 0.010294308873102176 167.825048265387 -0.008211298932769171 0.999619243214259 -0.026342801020180398 0.4444828081299424 -0.010513907381554118 0.026255927184842463 0.9995999620044191 0.7721447883579443
0.999933370188459 0.00783996587066363 0.008472904973926892 169.19880695964298 -0.007629297927823519 0.999667858505631 -0.02461638649140691 0.4337069355939551 -0.0086630824005589 0.024550103989853935 0.9996610642599864 0.7686587343014618
0.9999559538383599 0.007025414591572625 0.006223659135301965 170.6374640586567 -0.006894145723612658 0.9997584683243054 -0.020868056176380892 0.42724728133986456 -0.006368762670841366 0.020824230205592566 0.9997628670331715 0.7871282850571168
0.9999607415839136 0.007601805988220643 0.004552783397754972 171.98102869583246 -0.007529185413357402 0.9998474394715036 -0.01576100089744721 0.4550353268643531 -0.004671900893716245 0.015726103395167487 0.9998654224514636 0.7815078109072244
0.9999568472084776 0.007422442397649655 0.005586686829869247 173.30907366342248 -0.007341553964300545 0.9998698995966839 -0.014362641327639437 0.446698806718288 -0.005692565877591986 0.01432100657672938 0.9998812446807663 0.7808860261201285
0.9999352353196312 0.00838581159181184 0.0076943700340180304 174.71616274521344 -0.008320448968175182 0.9999293602581776 -0.008487910381232878 0.4562612557302861 -0.007765004522970543 0.008423340051219735 0.9999343738701755 0.8114204778275281
0.999911590728838 0.00823331371129487 0.010441420950057664 176.07976183224994 -0.008150460888456515 0.9999351586104498 -0.007952896453526785 0.448487758165796 -0.010506222605229713 0.007867090950674347 0.999913860373254 0.8045899709474599
0.9999047407731766 0.007297111326999227 0.011715867258037182 177.49224467989748 -0.007182978192753982 0.9999266249794392 -0.009754459570385277 0.4378135601211097 -0.01178618698345605 0.009669375549084841 0.9998837877337955 0.8192142735695807
0.9999158588966833 0.006111079150238938 0.011442457713603716 178.88984855961863 -0.005983556609338454 0.9999199792914482 -0.011145943840378486 0.4402842649439859 -0.011509655825042568 0.01107653941488694 0.9998724109092016 0.8113006767067383
0.9999635103130166 0.004173710126152012 0.007453736395419912 180.23034265884456 -0.004061832797612239 0.9998798105965919 -0.0149621480960347 0.4287382583842734 -0.007515288204306791 0.014931326300978402 0.9998602782079603 0.7933558650451096
0.9999890093285165 0.0021888036724663374 0.0041461259816335996 181.64913288981137 -0.0021363199039530338 0.9999180709104889 -0.012620919297519883 0.4519392236460622 -0.004173411007815239 0.012611923133683204 0.9999117571243125 0.818801116651496
0.9999934914146097 0.0009229226235155492 0.0034878850683828302 183.03914044288553 -0.0008918319341623507 0.9999599522169836 -0.008904976025178878 0.44493960737160626 -0.0034959639901539267 0.008901807459095346 0.999954266984116 0.8266121532931742
0.9999872457803797 0.0009378229301243516 0.0049627376237492285 184.366652605416 -0.0009124159046095448 0.9999864797929904 -0.00511934843903595 0.4617646284561418 -0.004967471568862646 0.005114755065003333 0.999974581430367 0.8348247373746371
0.999973786139664 0.002065662083594575 0.00693974593639473 185.8233208768618 -0.0020458223441224585 0.9999938039179831 -0.0028647402287980714 0.4873795964254499 -0.006945620522429709 0.002850467645598606 0.9999718161977165 0.8324368242616026
0.9999559954364019 0.0019458895425286974 0.00917718391898703 187.18284303909755 -0.0019468080874206393 0.999998100812458 9.115781793279723e-05 0.4894948932151406 -0.009176989106749026 -0.00010902002244603113 0.9999578846059315 0.8421792765495754
0.9999503202801424 0.0020749804211833934 0.009749432183067685 188.63583218341805 -0.0020446521823688406 0.99999304338548 -0.0031197080150038026 0.4823869037116611 -0.009755837693077139 0.003099618830993613 0.9999476066244716 0.8314110228222755
0.9999466788362114 0.0019943428404902374 0.010132229817041713 190.05494740477815 -0.0019666691093376083 0.9999943109539394 -0.002740487615405564 0.4838261954569533 -0.010137637646174825 0.0027204147460266766 0.9999449123059553 0.8469312344282912
0.9999359386343919 0.0023020534309327067 0.011082381393856673 191.41311523699935 -0.002221800259793285 0.9999712618601053 -0.007248383096539051 0.4919316085275397 -0.011098749072005913 0.007223295917359437 0.9999123170384127 0.8441971398855775
0.9999337728205929 0.002848814620540076 0.011150525908344614 192.86420573907412 -0.002746700864820103 0.9999542521840825 -0.009162378148247293 0.5005976388454016 -0.01117611771296562 0.009131144190630226 0.9998958528760062 0.8415600108461997
0.9999280424435121 0.0027429749630500672 0.011678442680342441 194.2196623700062 -0.002618671033647278 0.9999399018980738 -0.010645898463155428 0.4780189933119523 -0.01170694226104751 0.010614550410750278 0.9998751316151803 0.84735684699039
0.9999175957768667 0.003241749785336791 0.012421461835871039 195.67095742135822 -0.0030784259456617573 0.9999088599219252 -0.013145156649235469 0.47422416705216053 -0.012462943051615391 0.013105834882415231 0.9998364426957678 0.8436164949909525
0.9999098840801192 0.0036733886294637733 0.012912394621430534 197.09108898200034 -0.00346370134913582 0.9998623788223437 -0.016224246937462168 0.4657715578458508 -0.01297021556669806 0.016178060195854202 0.9997849988254738 0.8439086128298567
0.9999342800606564 0.003904935945754323 0.010779008991376229 198.50887725213158 -0.0037641861200787023 0.9999077949531913 -0.013047317528908541 0.47627440542085386 -0.010828964051561933 0.013005885863958405 0.9998567799792447 0.876034092976846
0.9999798766831346 0.004084419222038843 0.004854250549942104 199.95454252357354 -0.004042892587978304 0.9999554124614981 -0.00853393862628566 0.4989578730660274 -0.004888890293823712 0.008514141681566023 0.9999518029100809 0.8564886864284775
0.9999715554586442 0.0057875690893478635 0.004836560519150466 201.40084496673026 -0.005797457639031266 0.9999811279613092 0.002033028812247627 0.504844667361079 -0.004824702948681699 -0.0020610107384038856 0.9999862371433884 0.8663097027220823
0.9999479289918506 0.005951353450345041 0.00828979475126331 202.83272921823317 -0.006017581026407252 0.9999499958333922 0.007987149140324461 0.5061173161322131 -0.00824184587939073 -0.008036617753024498 0.9999337401806142 0.8721692803162067
0.9999234702475998 0.006944222727109312 0.010238721537086687 204.2677028295844 -0.007040689434114019 0.9999308813761968 0.009416005656043995 0.4742807759517488 -0.010172627010269247 -0.00948737271000754 0.9999032490290105 0.8617107191574158
0.9999196965502825 0.00693622466246168 0.010606094390628937 205.72268321986027 -0.007011129045458371 0.9999506287900924 0.007041594407993328 0.5003574658901322 -0.010556728674120702 -0.007115389640111866 0.9999189600712503 0.8556649046947087
0.9999182943870658 0.0060444652652154205 0.011263613528479493 207.1801606523881 -0.006094675992865261 0.9999716199212122 0.00442880081836384 0.5114181062996447 -0.011236524133526962 -0.004497087035443348 0.9999267556844312 0.8776370954015538
0.9999316360399703 0.004681230382001778 0.010714911504023665 208.60381996530612 -0.0047179678173798 0.999983070095342 0.0034059216620760573 0.4883500945459035 -0.01069878619763026 -0.003456241427425743 0.9999367931869957 0.8761037073943438
0.9999391183871337 0.004337388282536882 0.010146259510197533 210.1201645187429 -0.004370894160218705 0.9999850602978767 0.0032824480638546064 0.5093404942854319 -0.010131870676332588 -0.003326596449563515 0.9999431378596784 0.867570043742095
0.9999389987704352 0.004481087503617714 0.010095473875179582 211.57950040092277 -0.004530058485525452 0.9999780593647924 0.004833152091684522 0.5157567970151635 -0.010073594596628908 -0.004878590350557914 0.9999373590621036 0.8798310310364907
0.9999364651207903 0.003944875461381695 0.010559530260991868 213.02791929416017 -0.004003554353109431 0.9999766308264015 0.005541602080648539 0.5068998517818862 -0.01053742256343139 -0.005583525648972901 0.9999288909552754 0.8635703858079045
0.9999384707523972 0.0032900086137444503 0.010593892234623764 214.4647988187544 -0.0033482122279744047 0.9999793736689704 0.005481031973096372 0.5090419864230686 -0.010575641079091945 -0.00551616532884479 0.9999288613375609 0.8821917621924995
0.9999446916705192 0.003195216765128031 0.010020189108707387 215.92133792337162 -0.0032586009413996687 0.999974746325196 0.006315713084421274 0.5202029308027787 -0.009999755989779079 -0.0063480155705437314 0.9999298513288126 0.8894924948830549
0.9999507332293452 0.0030088703215127507 0.009459271297684358 217.40872714314017 -0.003061491826669854 0.999979893272718 0.005553405989027799 0.5212958344463504 -0.009442371624232391 -0.0055820918724126985 0.9999398391245534 0.8855187834377498
0.9999525840074067 0.0022990567245753063 0.009462773118241277 218.8980264345216 -0.0023603888331640357 0.999976248903881 0.006475352706959464 0.5089467826466572 -0.009447661163822462 -0.006497381495682533 0.9999342607052891 0.897992887671445
0.9999566331625894 0.002408179178515669 0.008996247394472499 220.35468602572266 -0.0024720609650772216 0.9999717633421319 0.0070965789654013 0.5231946524211618 -0.008978903536809553 -0.00711851048123119 0.9999343508950002 0.8925532001449556
0.9999543063048585 0.0022847398007757535 0.009282524786501004 221.84935320442514 -0.00233564713120518 0.9999822730301793 0.005477077493925663 0.5288846229702019 -0.00926984653852195 -0.005498507928404322 0.9999419164910098 0.8976982379781145
0.9999595631348676 0.0017387757156138374 0.008823194100529032 223.3383245309621 -0.0018048581980423346 0.999970341679354 0.007487205657722534 0.530399194477027 -0.008809913848033823 -0.007502827512802393 0.9999330442571159 0.9083034543021227
0.9999604674504782 0.0010774431335892974 0.008826247929619306 224.83092270214604 -0.0011383583429241016 0.9999755503363 0.006899483306508206 0.5140554878068851 -0.008818598329911784 -0.006909257985310114 0.9999372452697158 0.9059084566429357
