1.0 -2.1684043449710093e-19 -2.5135375298442207e-37 0.0 2.1684043449710093e-19 1.0 2.3183291766350204e-18 -8.673617379884035e-19 -2.51353752984422e-37 -2.3183291766350204e-18 1.0 0.0
0.9999994130135079 -0.0002475870968018674 0.0010548332896971526 1.3105506210103668 0.0002479500512506014 0.9999999101026507 -0.00034397014805163977 0.0020201308046280397 -0.0010547480323000933 0.00034423149211405043 0.9999993845054447 0.01646657685593863
0.9999984132864222 -3.762469117373267e-05 0.001781013481294634 2.607177541029644 4.0330141682237775e-05 0.9999988454454629 -0.0015190395717347327 0.007031827422031686 -0.001780954271622672 0.001519108989980058 0.9999972602511263 0.023263983243136176
0.9999989234413115 -0.0007862315503241464 0.0012389334798299568 3.9423555212557257 0.0007895104386579075 0.9999961816406996 -0.002648278174258001 0.0049647234536130645 -0.001236846589282145 0.0026492534741462516 0.9999957258241379 0.047362691528215324
0.9999993606556721 -0.00010042317513032417 0.0011263229700622418 5.253029291671865 0.00010428871021189492 0.9999941036476473 -0.0034324617701677073 0.004025215876030057 -0.0011259716301556732 0.0034325770384125735 0.9999934747800925 0.05797567179523944
0.9999981468568834 -0.0005836389842231651 0.0018345703406909728 6.582667040577142 0.0005903781268834137 0.9999930727990194 -0.0036750248491922953 0.003088805131577015 -0.0018324127444835328 0.003676101129046666 0.9999915642364303 0.0663869340645934
0.9999950769212785 -0.0003863753154293378 0.003113976127340909 7.913589375288784 0.0004020681727300864 0.9999872160591131 -0.005040442394167742 -0.0035448545691476136 -0.0031119888159342247 0.00504166961036449 0.9999824483925452 0.08589970519278035
0.9999927168360034 -0.00012022948529122085 0.003814684760148896 9.231559420624079 0.00014003519099208052 0.999986511040154 -0.005192121713230291 -0.0012419081897102387 -0.003814009057898191 0.005192618088265325 0.9999792448107588 0.09164441462366153
0.9999966087358078 -0.0010335250370882545 0.0023904691760319534 10.5755571114653 0.0010436691628355368 0.9999904401239816 -0.004246223654507683 -0.0019328472678426473 -0.0023860577449829946 0.004248704113405184 0.9999881275504197 0.1019649741865533
0.9999998281347936 -0.000579393454161536 -8.9630398829989e-05 11.889784598089758 0.0005792517120769017 0.9999985943903803 -0.0015734308747631803 -0.003780166330363442 9.054190839405163e-05 0.0015733786857831818 0.9999987581400659 0.10994362882745051
0.9999990120967609 -0.0008953045633674985 -0.0010836213550604985 13.241010455278069 0.0008971739293333583 0.9999981082499348 0.0017258550032827594 0.0005440461510232149 0.0010820741392595795 -0.0017268254951340403 0.9999979235924775 0.1215372894359486
0.9999991048573549 -0.0007819964015129524 -0.0010857099598812264 14.585534007829317 0.0007864550568859576 0.9999912350468495 0.004112337281917337 0.001623909164697742 0.001082484610728026 -0.0041131874628771254 0.9999909549170747 0.12718866892881844
0.9999998893961998 -6.851250452510149e-05 -0.0004653102458565639 15.923634709934097 7.079882196976387e-05 0.9999879173551159 0.00491529564773638 -0.0009626286002250411 0.00046496786446279453 -0.004915328047503259 0.9999878116032567 0.13421181243975377
0.999997622967089 -0.00036707874432135895 0.0021492587947855024 17.28645649365286 0.0003608941576269703 0.9999957956568933 0.002877225042276718 -0.0065841690797087855 -0.002150305926719753 -0.0028764425480758337 0.9999935511105504 0.14198187827660344
0.999990163746894 0.0004830210115937254 0.004408979492194323 18.62721296298382 -0.00047682729192017275 0.9999988982651448 -0.0014057397448485154 -0.018581236730430172 -0.004409653636501535 0.0014036235958851894 0.9999892923404766 0.15471093058789032
0.9999971434424493 -6.609101667712534e-05 0.0023892967415248727 19.982795989904265 7.488321463690404e-05 0.9999932262509647 -0.0036799245496461626 -0.021114820947913764 -0.0023890373470735935 0.003680092955950631 0.9999903746618714 0.16827130533271165
0.9999999597044876 0.00028247565720337817 2.8258204081031174e-05 21.32711765489373 -0.0002823482612550489 0.9999902314728648 -0.004411035967368101 -0.025633139797755736 -2.9503938323827863e-05 0.004411027810968358 0.9999902709342569 0.1677329064847643
0.999999297055583 0.00023301468471853808 -0.0011625801033236694 22.700268418204185 -0.00023616918685527956 0.9999962893043581 -0.002713964190927456 -0.025575934968692367 0.0011619433958324603 0.002714236848759136 0.9999956413934381 0.19337240277739054
0.9999992932083094 0.0011883064147963688 3.886832134490632e-05 24.063522890719753 -0.001188306940674469 0.9999992938718056 1.3509440938617937e-05 -0.019967585290990766 -3.8852240543561076e-05 -1.3555618886283853e-05 0.9999999991533743 0.18856824662598218
0.9999856011870701 0.0021747676442448504 0.004905894844727359 25.44700785432601 -0.0021772445425651127 0.9999975050009715 0.0004995978723810772 -0.024957576543507252 -0.004904796095236499 -0.0005102720115418535 0.9999878412249512 0.2018690118919754
0.9999805736933882 0.0023549123713086217 0.005771189094597631 26.810724401240474 -0.0023450453462550832 0.9999957782588302 -0.0017158749489276234 -0.032839438209946975 -0.0057752054652758815 0.0017023079156861136 0.9999818744105284 0.20758923979502497
0.9999856449573673 0.0023821743946988313 0.004799492093065979 28.186013091908887 -0.002356595432046291 0.9999830285504513 -0.005328139359751169 -0.036670371126874116 -0.004812103195882249 0.005316752412940845 0.9999742875727413 0.23483241938874497
0.9999958980745041 0.002011841655062208 0.002038707267137617 29.565086058420427 -0.002000763840066717 0.9999833031209034 -0.0054212935230959465 -0.03464080809715693 -0.002049580011222948 0.005417192313573253 0.9999832264839322 0.2338080958307164
0.9999961605352609 0.0027710405428944982 -1.5781207219844105e-05 30.94322758156566 -0.0027710854471095507 0.9999790563906044 -0.005848749062954559 -0.04626567174326229 -4.262440742589903e-07 0.005848770337962429 0.9999828957963992 0.26526166980342997
0.9999942310819758 0.003230217173368282 -0.0010504759782603945 32.3237258022058 -0.003232886289696803 0.9999915250530168 -0.002549170135482379 -0.04231150359384943 0.0010422327023826988 0.0025525514989166113 0.9999961991086963 0.2739995603851834
0.999988816767138 0.0035952543774884663 -0.0030725374888651 33.71377259724705 -0.0036004982960467185 0.9999920682703641 -0.0017028823739478152 -0.04919966263152343 0.0030663908230191585 0.001713925996210889 0.9999938298334645 0.29609395026104257
0.9999879939195848 0.003803444669381777 -0.003089631908713849 35.115355866037596 -0.0038075744446283088 0.9999918642090736 -0.0013318755611589435 -0.05265325296916239 0.00308454105711123 0.0013436235740527803 0.999994340125062 0.30699505608895783
0.9999932248448214 0.003445825838977618 -0.0012948161035370694 36.49944813284894 -0.00344749535914092 0.9999932261200459 -0.0012893757293268534 -0.06370697215728002 0.0012903643684039564 0.0012938308661140886 0.9999983304793496 0.3416764348722066
0.9999951599206275 0.00310585078248217 0.00018391910077838588 37.91071103073012 -0.003105838989559607 0.9999951747986251 -6.437109726212884e-05 -0.06528628655430743 -0.00018411814035448876 6.379956258678654e-05 0.9999999810150629 0.3517055190932168
0.9999954283972337 0.0030114536505879514 0.00027263811829699163 39.29745551291861 -0.0030120769980160706 0.9999927827446946 0.0023155670320882116 -0.06805835260867471 -0.00026566292780612273 -0.002316377653240467 0.9999972819051942 0.37044803036877016
0.9999945546801294 0.003292072996998397 0.0002299249272356042 40.69630318770313 -0.0032932230054463245 0.9999810857993052 0.005194489953669453 -0.07020696219237794 -0.0002128199382797311 -0.005195218862069989 0.9999864821129579 0.39095716453561113
0.9999947454766125 0.0032021338947928538 0.0005053292835414924 42.119369815665834 -0.003205604279728143 0.9999701998191881 0.007023074453169878 -0.07421710283284842 -0.0004828253998853242 -0.007024657435974905 0.9999752102265038 0.4021529232089099
0.9999956021050276 0.0028841228238874724 0.000691090544182202 43.51120245733121 -0.0028898069660683945 0.9999607943297597 0.008370114640484736 -0.07869319639846925 -0.0006669230108410439 -0.0083720749478684 0.9999647311654372 0.41689407655633987
0.9999967387014056 0.0024965202468920683 0.0005384916058793777 44.938224168754374 -0.002500415634346251 0.9999697977923068 0.007358765172809931 -0.08404038134333436 -0.0005201040359980116 -0.007360087626509722 0.9999727789304677 0.4347732421920925
0.9999984833380763 0.0017386041703750567 -0.00010284496042932893 46.334792574358765 -0.0017378303997486221 0.9999732994301604 0.007097913232792661 -0.09398597216120633 0.00011518267595777398 -0.007097723740559229 0.999974804207913 0.4538097312138783
0.9999995930793734 0.0008279760779642388 0.000358185290220345 47.76981531799255 -0.0008302927180150807 0.9999784217046023 0.0065166509170865965 -0.09968768869910931 -0.000352781930124554 -0.006516945663965092 0.9999787022552644 0.46859789699668597
0.9999994331895078 -0.00018400608145743765 0.0010486955827432563 49.16626954887025 0.00017718127651460515 0.9999788312471608 0.006504280464247678 -0.1041898811668199 -0.0010498702103265878 -0.00650409096833124 0.9999782970510996 0.4787488351930464
0.9999985832679495 -0.0012501810501953715 0.001127168769808971 50.59614714383306 0.0012423166240005383 0.999975069392045 0.006951060622717389 -0.10587746888205796 -0.0011358307530755522 -0.006949650474426233 0.9999752058160161 0.4936624752241632
0.999996342389507 -0.0024642081180431905 0.0011148479532844154 52.04519259240771 0.0024562282359268063 0.9999717536074882 0.00710344494017275 -0.10646668846052282 -0.0011323208295391824 -0.007100680637516378 0.9999741487578682 0.5035742210850814
0.9999909881310044 -0.0035696944000905436 0.002298029300836622 53.446232891108046 0.003552435350623254 0.9999657805112363 0.007471145135364996 -0.1051609384120365 -0.0023246203684007594 -0.007462914205858729 0.9999694500592 0.5183465968228973
0.9999850767273991 -0.004299903199444811 0.0033700378295977965 54.90196108239643 0.004280484155196232 0.9999743160749818 0.005748447248570573 -0.10104660175381318 -0.003394669040514841 -0.005733936069393247 0.9999777988531833 0.5283372388713159
0.9999823252666581 -0.004789154178052551 0.003523230981173542 56.304554820339874 0.004774284054715759 0.9999797115019032 0.004216965299272878 -0.10097780600134135 -0.0035433551970902016 -0.004200069860041204 0.9999849019095829 0.5377497077349395
0.9999810153546823 -0.005419637158996282 0.002931972592530009 57.7326540629995 0.005413754967350855 0.999983324527702 0.0020104536000875133 -0.10253641918820128 -0.002942819629539736 -0.001994542451152042 0.999993680786553 0.5512666075836
0.9999793055160121 -0.005559803035138482 0.003236839496249729 59.190215406295366 0.005556886211804852 0.9999841468504396 0.0009094302762713549 -0.10149614163581493 -0.0032418444353593525 -0.000891424707314529 0.9999943478873509 0.5611029921943704
0.9999790431861443 -0.00509336074475443 0.003996356446458183 60.591733194940744 0.005094052346442122 0.9999870119630868 -0.00016289821665912215 -0.1001979502206191 -0.003995474842251017 0.0001832524517648176 0.9999920012676721 0.572967353398269
0.9999779099810457 -0.004690304719447287 0.004709627541341116 62.04604610117323 0.0046997118190477485 0.9999869795165619 -0.0019883425663747628 -0.09527154692886838 -0.004700240287190768 0.002010432536069138 0.9999869328657554 0.5792264555991935
0.9999813017751894 -0.004303368052676971 0.004344781168352033 63.445225273844294 0.004319985529813205 0.9999833626439403 -0.0038225855569307015 -0.0970927440072653 -0.0043282588901164135 0.003841283473144086 0.9999832552179356 0.5901639453500929
0.9999872324995799 -0.0039148443267098786 0.003195126246162877 64.86890482036264 0.003929421235002496 0.9999818427939886 -0.0045687778559058015 -0.09913000328757143 -0.0031771821775282024 0.004581274520952792 0.9999844585978197 0.6038217970115924
0.9999902715926877 -0.0032163199039883616 0.0030186099877150545 66.31496548150646 0.003230322385386367 0.9999839926802573 -0.004645363337514906 -0.09724744071613328 -0.0030036206932960957 0.004655069228944312 0.9999846541788552 0.6187708075552071
0.9999926330057701 -0.0025522793241308656 0.0028670201322655055 67.69734943441041 0.002561223628384253 0.9999918516038826 -0.003120394103951396 -0.09499447053092294 -0.002859032653295136 0.003127714195731849 0.9999910216277931 0.6295688541792321
0.9999901980097553 -0.002092433770698641 0.003902000169874002 69.14458762044892 0.002094784076231958 0.9999976269293139 -0.0005983438933464568 -0.09283305561168365 -0.003900738915182852 0.0006065118762067577 0.9999922081592734 0.6404893144867472
0.9999855987742873 -0.001434212668157855 0.005171583708348968 70.52409961176507 0.0014193016522372447 0.999994828922555 0.002885777359686933 -0.08416671170071607 -0.005175695784135846 -0.002878395763653877 0.9999824633517219 0.6513214552671562
0.9999832479630368 -0.0006376957835170027 0.005753011157932088 71.95850701030139 0.0006015961926476058 0.9999801344606941 0.006274453441765181 -0.08163630323116058 -0.005756898063766492 -0.00627088734228033 0.9999637663918747 0.6617874289724255
0.9999846627732106 4.50967284683334e-05 0.005538247433367693 73.33561871305162 -0.00010645221854975038 0.9999386235666952 0.011078707842895394 -0.07370031278334581 -0.0055374079020141026 -0.011079127484966835 0.999923292081897 0.6716823678631424
0.9999863656216642 0.0008429898401417817 0.005153439521798193 74.7375746478454 -0.0009169684909864288 0.9998963296206123 0.014369731382823511 -0.06702478192222294 -0.00514079172520653 -0.014374261002130946 0.9998834696508792 0.6833742539102136
0.999985470992639 0.001554788119867531 0.005161437545117595 76.15513025201541 -0.0016393103099151113 0.9998639690657999 0.016412069512800716 -0.06569775637752931 -0.005135218139245575 -0.01642029225950365 0.999851990815028 0.6938754652193625
0.9999840989689577 0.001770994302563875 0.005354006763354027 77.537382818107 -0.0018599842014329717 0.9998594467979094 0.01666214595268753 -0.07124926971332562 -0.005323745675008727 -0.016671839375381706 0.9998468420232317 0.7053080049437356
0.9999844452260426 0.0018425740676323971 0.005264430336625848 78.95146532065785 -0.0019232252891005553 0.9998802360140919 0.015356263637064597 -0.0756804784218628 -0.005235504794311818 -0.015366149459411 0.9998682267880802 0.7193025438945424
0.9999890467306108 0.0018229476691476879 0.004310832935728288 80.3268430787715 -0.001884723896515095 0.9998949686727218 0.014370088336913955 -0.07852245016609435 -0.004284184244184149 -0.014378055667313107 0.9998874523068032 0.7286892992202648
0.999989616774418 0.001479152141030086 0.004310272879562906 81.7157784339755 -0.0015388126926457442 0.9999026062650461 0.013871194608445594 -0.08740252202250326 -0.004289335478784767 -0.013877683283318721 0.9998945001888141 0.7433758094440928
0.9999894283999273 0.0011803792095397296 0.004444073953976831 83.11276153473034 -0.0012410544030020782 0.9999057206424109 0.013675145723156699 -0.09021492642531342 -0.004427513111840332 -0.013680516492533028 0.9998966149538372 0.753494290963621
0.9999919517182222 0.0007934852488070445 0.003932795435888045 84.48489913295819 -0.0008459740473478494 0.9999103560624722 0.013362790387164288 -0.09015737705064067 -0.003921839707564565 -0.013366009882534204 0.9999029797701016 0.7651147085478063
0.999991513198298 5.067473575330645e-05 0.004119582921783503 85.87403583012066 -0.0001061991933413266 0.9999091475250911 0.013479073312995462 -0.08975570813999643 -0.00411852559900113 -0.013479396415156324 0.999900666876052 0.7740783546623669
0.9999873406294243 -0.0009532576315058065 0.004940635665554715 87.24383874358287 0.0008900532166370107 0.9999179463199108 0.012779218780640538 -0.08719389460941691 -0.004952412156043705 -0.012774659575107967 0.9999061364381042 0.7899195007786816
0.9999798807195651 -0.0021674758379316116 0.005961560582283514 88.62810155562093 0.002101133387938239 0.9999360499688608 0.011112210003329535 -0.08569256343393242 -0.005985264786986877 -0.011099460399676575 0.9999204861309051 0.8015102636564074
0.9999732077821596 -0.003266477687267066 0.00655086569671803 90.00460456533597 0.0032101732046232664 0.9999579769951924 0.008587143394533397 -0.07951391980565042 -0.006578640121952971 -0.008565883912390255 0.9999416718623868 0.8120929407474959
0.99997029432867 -0.0039405525614182165 0.006624387197601163 91.37871682471634 0.0038952348798342437 0.9999690197718027 0.006840076158274394 -0.07226513997451152 -0.006651135652199897 -0.006814069425150541 0.9999546643985442 0.8229160277575486
0.999971411212655 -0.004457612147570928 0.006107900728830498 92.74256977440511 0.004424552239697745 0.9999755474926711 0.005415510521712087 -0.06105466968499335 -0.006131891620830044 -0.005388330972983818 0.9999666823422048 0.830948302486188
0.9999714991255282 -0.00470329280992531 0.005905926971100514 94.1067764929033 0.004676323157255944 0.9999786138330146 0.004572075932427821 -0.044433995436503275 -0.005927304477819525 -0.004544327601205576 0.9999721076851494 0.8434666761778555
0.9999745996033834 -0.004786855459637898 0.005280735068296547 95.47244807402697 0.004762709620962033 0.9999781901059538 0.004575577503192147 -0.027924389008126493 -0.005302522524176371 -0.004550310673993288 0.9999755886658688 0.8480770606026277
0.9999782174332711 -0.004757722196361453 0.00457479381831124 96.81524406673667 0.004737183292194545 0.9999786993436566 0.004489983677598348 -0.013039438922126228 -0.0045960584672044835 -0.00446821423738794 0.999979455443008 0.8610185885272801
0.9999814656064835 -0.004529204567065248 0.004068752818608576 98.1777936795487 0.004506215385349274 0.9999739323471696 0.005641688491854335 0.005957481592106511 -0.004094199117055913 -0.005623249250029332 0.9999758080081047 0.8755099592213732
0.9999825445984752 -0.004185419165669526 0.004170463375482021 99.52260941670795 0.0041563031774934055 0.9999671004684461 0.006965854192084432 0.02733748252517229 -0.004199481188831415 -0.0069483988901234105 0.9999670415121732 0.8847039634508772
0.999977218789726 -0.003924148154862515 0.005492081829601635 100.87547934753614 0.0038833686723138377 0.9999649590081424 0.007416212213717938 0.045083997193673425 -0.0055209916970814935 -0.0073947154849052016 0.9999574175101548 0.8981062004377152
0.9999694773034024 -0.003882116393825029 0.0067803859672708 102.2096787696313 0.0038269096095307955 0.9999595775799592 0.008136213428250978 0.0618241770573346 -0.006811697615194664 -0.008110017164862577 0.9999439126256956 0.9065663189576463
0.9999771401490918 -0.00360570699644114 0.0057199699561754445 103.55557585941423 0.0035603930012166277 0.9999623567214377 0.007912568595915496 0.07611824208530742 -0.005748285041699129 -0.007892022374777954 0.9999523354650037 0.9189640768811652
0.9999892588609784 -0.003433196227369295 0.003113731898464646 104.89298920927492 0.0034079281739082656 0.9999615138382062 0.008084359465327475 0.09253309057147618 -0.003141367255292078 -0.008073661255435783 0.9999624731987196 0.9277695942247158
0.9999918158631357 -0.0035460322953397945 0.0019477837942378172 106.21791417719757 0.003531114152446559 0.9999648104165131 0.007609806929849091 0.1056868100752112 -0.0019746998736719207 -0.007602866803225926 0.9999691480124682 0.9392851767907234
0.9999896014151934 -0.0033921533731869416 0.0030480086901561805 107.56163636833034 0.003375481444149595 0.9999794059277536 0.005458373878492902 0.12062672423442258 -0.0030664615606090526 -0.005448028622353993 0.9999804577078631 0.9540824687276191
0.9999831106362959 -0.002820349207453167 0.005081739122140326 108.90030814134806 0.002805716158954883 0.9999919041582817 0.002884367301404379 0.12869996958958208 -0.005089832904217258 -0.0028700606687053873 0.9999829280306565 0.9626139822618223
0.9999812492788579 -0.0019246338247464 0.005813508005942049 110.24340937538193 0.0019169020746480736 0.9999972713035293 0.001335242274565603 0.14179801772456826 -0.005816061995089132 -0.001324073312252482 0.9999822099681239 0.977932802243304
0.9999890778570265 -0.0011511062264450268 0.0045298036501864695 111.57578953936981 0.0011482632256970785 0.9999991421871254 0.0006301718638978697 0.15443556083649043 -0.004530525159218842 -0.0006249635741195369 0.9999895418264697 0.991790450756464
0.9999974756771475 -0.0005689445913142586 0.0021736930291329382 112.89341028098994 0.0005640663018999292 0.9999973227064111 0.00224419455861469 0.1683702692304953 -0.002174964031874508 -0.002242962786554671 0.9999951193127886 1.0041960942921826
0.9999998743564734 0.00048269109260719274 0.00013526398751328075 114.24298576064369 -0.0004833347555893889 0.9999883648543426 0.004799639929432462 0.18428161627052816 -0.00013294567025542498 -0.004799704704175119 0.9999884725136593 1.0227860056724272
0.9999980146439434 0.0019879516565104857 -0.0001369539437902889 115.55984154019879 -0.0019868312949313516 0.9999680307131087 0.0077453245995633664 0.2019934898081517 0.0001523468963382824 -0.007745037117954777 0.9999699951450867 1.0361018743347996
0.9999920919069647 0.0035425126999525753 0.0018074090027553882 116.912284809293 -0.00355856823934793 0.9999535382915314 0.008958674585703885 0.21462243586992477 -0.0017755888089506205 -0.008965035527944505 0.9999582368391012 1.0511699717182428
0.9999812856924196 0.004492998936196266 0.004152255470801498 118.2281338828008 -0.004527017385191797 0.999955967836917 0.008220006139233313 0.21483141550475127 -0.004115140159172343 -0.008238649640214186 0.9999575942376638 1.0598994820458723
0.999973807914943 0.005399844685318053 0.004819249055934714 119.58498634446559 -0.00543950830992432 0.9999511284847746 0.008255446164315566 0.21174997390863715 -0.004774435404835794 -0.008281444282254798 0.9999543101798027 1.0733966766494754
0.9999707788288211 0.006355605094356688 0.0042482669837872085 120.91312001073939 -0.006391885551598537 0.9999427470627904 0.008581747818232795 0.209167795095923 -0.0041934815578722915 -0.008608651485863787 0.9999541518649837 1.0799053621633268
0.9999634442533819 0.007635354982556301 0.0038485726190412217 122.23690295947726 -0.007674806222863353 0.9999170613517606 0.010342522279447819 0.20814118783465796 -0.003769284594611966 -0.01037168124990974 0.9999391085069606 1.0893365704676221
0.9999559699785778 0.008692711086791774 0.003534809494578623 123.60199500477181 -0.00873596115634881 0.9998848323606498 0.012409875011050684 0.21106405554334456 -0.0034265269408193196 -0.012440208562427833 0.999916746596459 1.099535418739113
0.999947335555836 0.009922714383438608 0.002620277475553766 124.9442406083937 -0.009956413663008857 0.999863604163498 0.013177363019625606 0.210708477002016 -0.002489164871044989 -0.01320275760758511 0.9999097415516064 1.117201484347986
0.9999397655306459 0.01081854023709732 0.0018505398280261654 126.30905348541974 -0.010843802735852765 0.9998398821974587 0.01423453229290113 0.21175754144431586 -0.001696246663288375 -0.014253741772251917 0.9998969714889365 1.1366857047272918
0.9999289819583422 0.011815799426173777 0.0015549674188974284 127.67243715736475 -0.01183603951159103 0.9998357695632607 0.013723777560220609 0.20931278287193056 -0.0013925546428981163 -0.01374120758022344 0.999904615453796 1.162617371155921
0.9999158651298319 0.012727325922980013 0.0025055611168452326 129.00823156527818 -0.012759356081971427 0.9998313056234448 0.01321208264019593 0.20955870558276246 -0.0023369839608915854 -0.013242940389813317 0.9999095774297786 1.185555184207893
0.9999033162462128 0.01342234849620109 0.0036330043590456504 130.3769396363042 -0.01346393719313748 0.9998411851853541 0.011675906920045642 0.20562429698402246 -0.003475709292441703 -0.011723692592048324 0.9999252344435166 1.206244054068173
0.9998978976744295 0.013723472798302442 0.003982526912669397 131.72304061331806 -0.01376542443910998 0.9998479467213311 0.010704976746778488 0.19955360589878068 -0.0038350118992040642 -0.010758704917050537 0.9999347693486014 1.2281858280687017
0.9998955580643901 0.013799657767653276 0.00429446255046754 133.09716005631466 -0.013837865983991006 0.9998637624748052 0.008998330663809104 0.1925319773398267 -0.004169703599876878 -0.009056817057983956 0.99995029258292 1.252581159252012
0.9998969124739091 0.01348237281782067 0.004938628184529234 134.44918452575956 -0.013515501256000288 0.9998859640312298 0.00673722191540771 0.18845451543108518 -0.0048472312656598964 -0.00680327542729865 0.999965109287578 1.2683260415883344
0.9999067825396445 0.012860599832649844 0.004585978975157963 135.78320127655616 -0.01288559436588035 0.9999020539711957 0.00546295909028557 0.18180890960924587 -0.004515272865966867 -0.005521542911957489 0.9999745621138656 1.2946020597522943
0.9999223128403513 0.011642778588094106 0.004451290908419413 137.14965766408983 -0.011663979347236913 0.9999206109000978 0.004766915455796262 0.18076420214339345 -0.00439543738324079 -0.004818464892898562 0.9999787310369586 1.319834398694109
0.999929186003723 0.01055974566845046 0.005487690711901319 138.49142898975867 -0.010572770960140539 0.9999413453311465 0.002349981183171211 0.1761930483743957 -0.005462553629599909 -0.0024078348686094784 0.9999821812607909 1.3369501533642634
0.9999381651947509 0.009557936761321722 0.0056843321350579885 139.8529666847443 -0.009568082576628955 0.9999526753351294 0.0017603652814143767 0.17495975528509342 -0.005667237665908099 -0.0018146445888312535 0.9999822945843864 1.3613156832188653
0.9999502712307347 0.008249223187639664 0.005604050533385912 141.19689287745973 -0.008251743342645437 0.9999658627343306 0.0004267291799612067 0.1750832651584318 -0.005600339042177851 -0.0004729511459249934 0.99998420613519 1.3796569030650556
0.9999627013226288 0.007005550867069844 0.005051556255232983 142.546990205207 -0.007008438603827507 0.9999752870324079 0.0005541775796215087 0.1786962223649643 -0.00504754909706353 -0.0005895604313993413 0.9999870872499357 1.4021745318972352
0.9999717836840841 0.006011402225748474 0.004504983790389174 143.90659569926723 -0.006012878484294402 0.9999818731141243 0.0003142220560637109 0.18123048319384363 -0.004503013213894932 -0.0003413011099802354 0.999989803140786 1.4186957545550536
0.9999849046354266 0.005013387896421889 0.002248653614281054 145.25628788589674 -0.005010789454785147 0.9999867734509233 -0.0011597035189180149 0.18185017739622905 -0.0022544379159388497 0.0011484184829526954 0.9999967993172134 1.4450357379133962
0.999990921072078 0.004043256458469437 0.001345306889994161 146.59530183339788 -0.004034873759481735 0.9999727849238922 -0.006176504294521268 0.18732477667201033 -0.0013702434682443486 0.006171020075015079 0.999980020272441 1.468791366277257
0.9999872546791635 0.0029527439135969905 0.0040953366907231625 147.94776149016508 -0.0028924665833141945 0.9998885408388454 -0.014647168198300713 0.18021261599736957 -0.004138129564679932 0.014635135890917342 0.9998843376516907 1.4843466083471242
0.999984511545666 0.0014705962562619928 0.005367868797464849 149.29863034064385 -0.0013502366214047416 0.999749130170984 -0.022357405561183097 0.17041628369290335 -0.005399400878055455 0.022349811386498806 0.9997356312551564 1.5019744655151046
0.9999965356810412 0.00024066125315029934 0.002621203555089522 150.64447623179475 -0.00017602078609692736 0.9996965466836939 -0.02463297719277599 0.17107739621661164 -0.0026263363453380532 0.0246324304699758 0.9996931257773771 1.5343480176994373
0.9999992323209085 0.0005690326322343513 -0.0011007086159200235 152.00059486189616 -0.0005951650264239391 0.9997144487015829 -0.023888634031304614 0.17958153873558083 0.0010868008948422523 0.023889270795772223 0.9997140199100247 1.5544089234890948
0.9999937875489954 0.0013116530527896154 -0.003271762473630989 153.33614121469924 -0.0013789065303531967 0.9997860445251174 -0.020638890222117134 0.19892043072577759 0.0032439913987712104 0.020643273458663493 0.9997816420502607 1.5769916897660334
0.999992227747204 0.0021885931566409966 -0.0032794062235154222 154.69172354362001 -0.002256231023367895 0.999781832342979 -0.020765286862563924 0.20921341365394824 0.0032332439984201233 0.020772524567564767 0.9997789997576146 1.6053668635601122
0.999996083990144 0.002786801354899901 -0.00025640316934404903 156.04646565298654 -0.0027920373732321477 0.9997223827776434 -0.023395766726002926 0.2128860274361327 0.0001911326329974253 0.023396390995181263 0.9997262487084738 1.628985411081688
0.9999900319965299 0.003341833671186603 0.0029610902203953465 157.38565696139395 -0.0032521286901241245 0.9995506389716842 -0.02979838569924469 0.20385087134543325 -0.0030593408705257147 0.02978845882237284 0.9995515435206059 1.6499895263286803
0.9999860490477385 0.0033195657466867663 0.004108794610021691 158.73204817555757 -0.0031792495027605124 0.9994270017044508 -0.03369808060781804 0.1922467699343537 -0.004218303271828189 0.03368454760428331 0.9994236124738106 1.6638103875430674
0.9999854277840116 0.003346314377171744 0.004236319123542331 160.0910777577906 -0.0031961421738339207 0.9993831643673055 -0.03497249568441113 0.18404000072632473 -0.004350734976069786 0.034958446179437795 0.9993792964364868 1.6825762009526424
0.9999799423509598 0.00428187620496118 0.0046669510321689115 161.44403513712408 -0.004122448699121109 0.999425134494343 -0.033651240061662376 0.18300061704657763 -0.004808358607091396 0.033631325830688015 0.9994227401907442 1.691725404086648
0.9999766233650579 0.005412710245778874 0.004177952993066344 162.79702187838203 -0.0052851927922864216 0.9995373731593441 -0.029951734421674786 0.18420108019150777 -0.004338140219655799 0.029928952963867862 0.9995426145562385 1.706169287447496
0.9999787344626625 0.006237621885665695 0.001903338031771059 164.13733025285688 -0.006185314378021326 0.9996336312956913 -0.026350428243863366 0.18078566431174453 -0.002067004716193083 0.026338095143753543 0.9996509552017152 1.7200631162678428
0.9999751601452102 0.007000561213711428 0.0008192894813427563 165.50118334374193 -0.006979474907524252 0.9997017983626448 -0.023400882045538696 0.17523559005905762 -0.0009828644750925861 0.0233945825606497 0.99972582615647 1.7379650272732599
0.9999703662881924 0.0073735127250922385 0.0022131099275154906 166.850744977453 -0.007322922916175586 0.9997298894636317 -0.022057264404235288 0.16333105929902664 -0.0023751516629712806 0.02204040433221445 0.9997542594215092 1.7510437779725716
0.9999718951389772 0.007128696788836757 0.002321769638697185 168.18931428872756 -0.007078029083486616 0.9997513612070483 -0.021145147645440048 0.14925740208990215 -0.0024719297028162348 0.02112811981097631 0.9997737204571829 1.7669500259215003
0.9999776010470792 0.006692941280832305 -4.4058367430525815e-05 169.56531201169213 -0.006692622306927848 0.9998091069657243 -0.01835642762243603 0.14377863590864046 -7.880853520773072e-05 0.018356311323690592 0.9998315056167227 1.7892462611954163
0.9999766842508732 0.0061863787846077566 -0.0028913097659701817 170.92941961010675 -0.0062274918197786485 0.9998764359259031 -0.014433683720658914 0.1335625886450621 0.0028016602692027995 0.014451352796426334 0.9998916486810404 1.8075994546777112
0.9999727761055436 0.005919811183540796 -0.004404870409419571 172.3003875338385 -0.005959062407863176 0.9999421761961951 -0.008951750624137696 0.12162948544047662 0.004351623029600192 0.008977755820291785 0.9999502304002131 1.8292515961255083
0.9999755822964952 0.006135627741158088 -0.003344978775318652 173.67319833703976 -0.006152025781321149 0.999969000943291 -0.004914237607473963 0.11432011940843645 0.003314723151540845 0.004934696008740844 0.99998233053676 1.8458750016469139
0.9999766273907302 0.0067466998777334555 -0.001107570774428344 175.0606394928496 -0.006748867350951797 0.9999752954196046 -0.001965029250063591 0.10253246006239454 0.0010942859497559568 0.0019724581704411337 0.999997455970277 1.8609704294678409
0.9999742049155547 0.007114930965207623 0.0009834942117180586 176.4165934623443 -0.007112866557336555 0.9999725257109118 -0.0020868523372355153 0.0745670871214422 -0.000998315001227782 0.002079803043615388 0.9999973388896883 1.8755080923531016
0.9999770784155892 0.006415751418423853 0.0021635103788934912 177.81161835933503 -0.006407270417780868 0.9999718507740297 -0.003904426379772267 0.04735605442074314 -0.002188499306835102 0.003890474688084181 0.999990037289115 1.8855870268270905
0.9999869664937321 0.004542548872787535 0.002330684964126362 179.19102418471968 -0.004525895815064089 0.9999645430067146 -0.007101337651716108 0.029665230463122673 -0.002362860498390325 0.007090696659061942 0.9999720690655086 1.891089526824135
0.999996077859495 0.002300042904670171 -0.0015981452573502121 180.51462559549887 -0.002312782134073331 0.9999651994506052 -0.008015667564928355 0.010285214009546816 0.0015796532617083356 0.008019332288152776 0.9999665969447304 1.899916080345715
0.9999811998779284 0.0008622786206462075 -0.006070944430559451 181.96190332352208 -0.0008990202144188013 0.9999812828767579 -0.006051913648408077 0.004183590783044037 0.006065612364191328 0.006057257773456406 0.9999632583124809 1.9114746001563911
0.9999736273428024 0.0004887453097726269 -0.007246084936059009 183.33894921355585 -0.0005008139796308063 0.999998490438723 -0.0016638225966373742 -0.0014203809958554872 0.007245260812159379 0.0016674076578479659 0.9999723625918201 1.922925894645724
0.9999816337742664 9.703227551260672e-05 -0.006059925650222493 184.68371407222295 -8.217398202441708e-05 0.999996990235344 0.0024520945515617044 -0.002180441875237333 0.006060145343586564 -0.0024515515476182005 0.9999786320384171 1.9378479671252467
0.9999961061138706 0.00020507639911856803 -0.0027831099092761984 186.12688893680806 -0.00019342139704542398 0.9999912141577469 0.004187385279432786 -0.005158563018670437 0.0027839441912063906 -0.004186830661224545 0.9999873599719922 1.9488339122637548
0.9999996095265421 0.0007523919709694844 -0.0004635224754192803 187.49753983233984 -0.000750506676459184 0.9999915002433947 0.004054155977900934 -0.011630660183965233 0.00046656884999788886 -0.004053806518148139 0.9999916744484533 1.9629467890813117
0.9999993905060585 0.0010488649624311654 0.0003447750023671225 188.93991730378994 -0.0010501429602147768 0.9999925006357099 0.0037277167412365785 -0.020493811878976642 -0.00034086254529403046 -0.003728076532257402 0.9999929926044956 1.9739644252479613
0.9999993591448354 0.0008708979250351467 0.000723357949314052 190.33532550583502 -0.0008730791964379977 0.9999950566665635 0.0030206580662359146 -0.029318723955083205 -0.000720723688672389 -0.0030212876792087163 0.9999951761774274 1.990527497222192
0.9999986575435699 0.0007966733659381013 0.0014318598415947838 191.72032609095962 -0.0007965834326977624 0.9999996807189879 -6.337789047189328e-05 -0.04054838117429711 -0.0014319098759064527 6.223720956207705e-05 0.999998972879791 2.0087137952974246
0.9999985135735987 0.0011468698717250192 0.0012874548886863848 193.15794048834786 -0.0011445720966820128 0.9999977535353668 -0.0017840624807654829 -0.0499568214096138 -0.0012894980839729755 0.0017825862439465826 0.9999975797875584 2.0285684275984073
0.9999961845073055 0.0015215965115837518 0.0023055834157449874 194.54653906085733 -0.0015094415273655467 0.9999850027898042 -0.005264578022082238 -0.06145563716781825 -0.0023135594019792387 0.005261077791770725 0.999983484115294 2.0447284614064714
0.9999904339952868 0.001985323818642836 0.003897487299954194 195.98963925624568 -0.0019466400596621885 0.9999490580437633 -0.009904135998083227 -0.06892699249376333 -0.0039169516714268 0.009896454250161472 0.9999433572372378 2.059041907781085
0.9999884105619334 0.0022166088054444235 0.004273802431307848 197.39631662943066 -0.0021615131877117935 0.9999150569086875 -0.012853280827694697 -0.08023518405521012 -0.004301930096779192 0.012843893985075643 0.9999082596842286 2.087399038966811
0.9999974639141709 0.0022515035196387875 -5.38249726388112e-05 198.82606029972857 -0.0022519531436557515 0.9999392799687505 -0.010787264834779342 -0.07571098947827497 2.953413964200915e-05 0.0107873586886662 0.9999418143173415 2.1063697583065992
0.9999808833325079 0.0027473667605437476 -0.00553939937361392 200.24533215454989 -0.0027679228042407082 0.999989299675353 -0.0037066343421876392 -0.0667761275496298 0.005529156616257057 0.003721896113539427 0.9999777877115236 2.1354436561724204
0.9999731887836407 0.003932717524256033 -0.006177009531450907 201.67116924582595 -0.0038972611765448204 0.9999759221897708 0.005741637052203386 -0.05429275036144395 0.0061994410392407434 -0.0057174096924960515 0.9999644384462925 2.1703392338163425
0.9999839589047987 0.0052979512574853165 -0.0020034084853793174 203.1205740006805 -0.0052714559526970545 0.999901511662768 0.013006872285473172 -0.03907442636697063 0.002072120948389569 -0.012996102761410631 0.9999134000641207 2.206148504889713
0.9999816289121481 0.006045087147985282 0.0004458246067624982 204.54993517287016 -0.006051093806557697 0.9998692291503589 0.014996961759340403 -0.03673458547415616 -0.0003551083651096656 -0.014999383975355204 0.9998874398543113 2.2405342925668545
0.9999842848961215 0.005579225903977904 0.0005497263910756894 205.9970501336902 -0.0055858658306026186 0.9999008657913789 0.012925041298711063 -0.04380596671825785 -0.0004775601691611989 -0.012927908878208508 0.999916317052743 2.262598751220459
0.9999906092141854 0.004306833089457615 0.00048236104936782916 207.4391988089452 -0.00431119462197901 0.9999461594945442 0.009438840662012879 -0.05001298256708174 -0.00044168356751584395 -0.009440831576243772 0.9999553368099874 2.286353618005685
0.9999948268794532 0.0032134974109117287 0.0001401739010526214 208.88389397076986 -0.0032144592831739793 0.9999666484081422 0.007507950646077826 -0.06096403316630321 -0.00011604244606746023 -0.0075083623898415715 0.999971805116711 2.3090795394371764
0.9999960677029811 0.0027432765985774634 -0.0005822474376479868 210.34992586559648 -0.0027385601781855944 0.9999646305973022 0.007952222491303207 -0.05835609260266587 0.0006040419897709685 -0.007950596701155816 0.999968211067417 2.3202488781810366
0.9999966447604485 0.0025622846128824255 -0.0003810057845323228 211.79750912001117 -0.0025588700562584068 0.999958814823339 0.008707516358769296 -0.056591488314133714 0.00040330122792427457 -0.008706512198672713 0.9999620162753453 2.3377911287475195
0.9999966913113507 0.0025197224446119834 0.0005180397216768223 213.2659449069341 -0.002524730985412857 0.9999477440976324 0.00990630140400788 -0.05215262980352528 -0.000493051521052934 -0.009907576538077861 0.9999507972032122 2.355134277470505
0.9999973653809254 0.0022711462617477462 0.00033335546448760796 214.73366377093805 -0.0022741664198917323 0.9999536285401668 0.00935782754965257 -0.05199874678616317 -0.0003120870112506027 -0.009358561001144837 0.9999561590078263 2.3786557712199237
0.9999980626114067 0.0018435750771028838 -0.0006899306981237621 216.18667809442806 -0.0018368233527336758 0.9999516346441898 0.00966201078366397 -0.050928878758648946 0.0007077099716555252 -0.009660724783776407 0.9999530836710532 2.3998774849242857
0.9999979144514689 0.0016782436172231214 -0.0011638690106900071 217.66518064706102 -0.0016677491338616287 0.9999584676911749 0.008959994729022543 -0.052154748510269675 0.0011788577264871581 -0.00895803500098419 0.9999591811186005 2.423137914769909
0.9999988366036944 0.0011006581307838102 -0.0010560979769813706 219.13296696047854 -0.001091061467099509 0.9999584992150734 0.00904485668282531 -0.05430245097548648 0.0010660094431360926 -0.009043693892264294 0.9999585367527246 2.443660052834671
0.9999985713241921 0.0009191348924216592 -0.0014186404139452987 220.6197556237314 -0.0009057451824749906 0.9999553112969549 0.009410368466457427 -0.04842657059320081 0.0014272264147531775 -0.00940907009537106 0.9999547151869936 2.46796089338891
0.9999985600249319 0.0007021790169843554 -0.0015449571808633252 222.10884660058878 -0.0006883303706329518 0.9999597457617376 0.008946119685207 -0.04957610509021275 0.0015511767673152444 -0.008945043362068781 0.9999587891757776 2.4903630195994855
