1.0 -2.1684043449710093e-19 -2.5135375298442207e-37 0.0 2.1684043449710093e-19 1.0 2.3183291766350204e-18 -8.673617379884035e-19 -2.51353752984422e-37 -2.3183291766350204e-18 1.0 0.0
0.9999996051917989 -0.0005752605321510217 0.000677267721610383 1.3273296131564947 0.0005753941083097035 0.9999998150465057 -0.00019704967556571635 -0.005147294397329037 -0.0006771542414461252 0.00019743929362565135 0.9999997512398984 0.014190926913472833
0.9999991949433092 -0.0005967494779263065 0.0011198226618697432 2.628292109638085 0.0005974884623972986 0.9999996039058764 -0.0006596935863360372 0.0026109771196390695 -0.0011194285465113297 0.0006603621363656997 0.9999991554004325 0.02238872817330788
0.9999988872748349 -0.001117982926636402 0.0009877060635002097 3.952068913162743 0.0011192782555432775 0.999998513100449 -0.0013118738802854152 0.0010290909243763538 -0.0009862379422804482 0.0013129779384500793 0.9999986517109183 0.04942137746404745
0.9999992821443365 -0.0005474306212199864 0.0010658473279201277 5.267740877157508 0.0005495005897131223 0.9999979618565761 -0.0019427639577488751 0.012071868060146682 -0.0010647816270901312 0.0019433482468600017 0.999997544815825 0.054373423007450884
0.9999984227272785 -0.0009066756234279397 0.0015272466301206708 6.589238739993435 0.0009101348451881187 0.9999970188182309 -0.002265835213452324 0.00541542470836749 -0.001525187699566118 0.002267221639987519 0.9999962667472896 0.06502565319406606
0.9999970475948089 -0.0005905823859052088 0.002357119876222218 7.920775061315334 0.0005988699117136926 0.9999936367211789 -0.003516798541244278 0.013577481692179802 -0.0023550279179379947 0.0035181997664021805 0.9999910380167961 0.090940119791897
0.9999961046970504 -0.0004906541744459825 0.0027476988930758054 9.239079783195322 0.0005004189332612517 0.9999935584732235 -0.003554235916655746 0.027581497891148728 -0.0027459372930103386 0.003555597072379092 0.999989908728004 0.09902563036548327
0.9999969530961345 -0.0009577345507185819 0.0022752017444456827 10.568429688630458 0.0009649506006874181 0.9999945016259676 -0.0031726311117361086 0.026577161345867902 -0.002272150696103098 0.0031748169023240974 0.999992378905385 0.11299674330914768
0.9999995206632363 -0.0009785905501926793 -3.215326974313432e-05 11.89857908952736 0.000978572845402004 0.999999372076703 -0.000546114810451095 0.04162990845179047 3.2687672346174877e-05 0.0005460830843615277 0.9999998503623794 0.12354452192215967
0.9999993457237145 -0.0009115041556731173 -0.0006911673583012701 13.22712833457208 0.0009126695527938156 0.9999981593630386 0.0016876921586107406 0.04077303361299697 0.0006896277476970133 -0.0016883218617975905 0.9999983369900476 0.14106585802134874
0.9999993929209029 -0.0005586990309994293 -0.0009497437645551531 14.568942767309869 0.0005643617853567348 0.9999820044456004 0.0059726276239621704 0.07652681142694977 0.0009463897721235442 -0.005973159997191381 0.9999817126858107 0.14710560006268358
0.9999999385046454 -0.0002502656378689801 -0.0002456782776006114 15.922334310062453 0.0002517004829862259 0.9999828113330751 0.005857788427949599 0.08972239366042582 0.00024420805156110466 -0.0058578499050639535 0.9999828128307593 0.166402736176265
0.9999964715272032 9.79620499821787e-05 0.002654682011168005 17.255762777657402 -0.00011073725833391443 0.9999884131876653 0.004812611315582773 0.0807603256340887 -0.002654179798595491 -0.004812888306622329 0.999984895603801 0.1937064428720347
0.9999882305829333 4.782223904029494e-05 0.004851433669312194 18.621543553033817 -4.722821847586579e-05 0.9999999913746678 -0.0001225567617894074 0.07763446192371373 -0.004851439488405725 0.00012232619479850807 0.9999882242162617 0.21407592897911398
0.9999928695252215 -0.0002252357538606767 0.0037696375911500848 19.97602447256407 0.00023149396117946888 0.9999985957237286 -0.0016598075541411122 0.06679469417065309 -0.003769258449531743 0.0016606683672633967 0.9999915173996801 0.2328550819908362
0.9999994528643229 -5.668148145857209e-05 0.0010445373447276348 21.32790250815252 5.945226037932049e-05 0.9999964795595362 -0.002652797384471764 0.06934154304372701 -0.001044383303010339 0.0026528580331378654 0.9999959357956273 0.22721464925955084
0.9999999496205048 0.0002087556861978017 -0.00023912350712569573 22.668837360524208 -0.0002089439700359709 0.9999996679848024 -0.0007876374180094122 0.09207533310480828 0.00023895900394338564 0.0007876873417435444 0.9999996612235658 0.2704375113516973
0.9999986892348423 0.0009291075483171445 0.0013260044347811852 24.03910318128215 -0.0009312591422082183 0.9999982494413131 0.001622920429132805 0.08418333599196251 -0.0013244942459115778 -0.001624153155617751 0.9999978039183484 0.25002828027796953
0.9999836249310281 0.0015539624129289767 0.005507728263116188 25.430545855935488 -0.0015631158978373042 0.9999974038159546 0.0016580199156277918 0.09166822915565014 -0.005505137463411171 -0.001666601983046361 0.9999834578128476 0.2671421031214633
0.9999773558158057 0.0017006619046486232 0.0065111907294720115 26.80759210366485 -0.001703782371620912 0.9999984363516043 0.00047372985615914135 0.08751944664394337 -0.006510374893939608 -0.000484812780916156 0.9999786897605907 0.2806068976962059
0.9999771793761386 0.001714330507124295 0.006534661265456778 28.175539610264565 -0.0016887857639479465 0.9999909196210355 -0.003912630588142308 0.08213275785920404 -0.006541309470236443 0.0039015056565540216 0.9999709943413491 0.31408611697649597
0.9999905813705776 0.001723168742975372 0.003983448206930317 29.527395990356545 -0.0017080738308162418 0.9999913602549324 -0.003789709656236215 0.09110657820643818 -0.003989944100177898 0.0037828699387266753 0.9999848850063205 0.308828771200165
0.9999952524548344 0.0020968702895205757 0.002257920012061983 30.9262362031661 -0.002088691154219169 0.9999912711308501 -0.0036187057588260144 0.08290209697446638 -0.002265488259565846 0.0036139724813008555 0.9999909033415505 0.34962345214780316
0.9999959256455853 0.002767291537028263 0.0007005639002893165 32.30824450658763 -0.0027658305340314006 0.9999940162049945 -0.002077916182705865 0.10539382141648569 -0.0007063099081256047 0.002075970075512432 0.9999975957343894 0.3163386537785398
0.9999934644973605 0.00353209179106933 -0.0007715504816991171 33.68562320629566 -0.0035323224658166 0.9999937169815492 -0.00029781776800709555 0.10808688525964388 0.0007704937143395922 0.000300541186718304 0.9999996580071572 0.37120456538223756
0.9999927593004698 0.003780125465699154 -0.0004381758734193255 35.07721225270427 -0.0037802694077047065 0.9999928009172986 -0.00032814140440031163 0.1241097197695684 0.00043693230327585106 0.00032979545127648035 0.9999998501625501 0.3526992698245003
0.9999948936918239 0.003114089267643747 0.0007176616965797277 36.47380055028912 -0.0031139939960267635 0.9999951425533954 -0.00013383201040801886 0.11405786004548808 -0.0007180749754036352 0.00013159653280620223 0.9999997335253056 0.3877770315206714
0.9999943398014556 0.002937615723566347 0.0016403593848787954 37.87920390269822 -0.002937684688944131 0.9999956842095548 3.963499319397907e-05 0.12841510121204833 -0.0016402358730522254 -4.445362750137254e-05 0.9999986538241717 0.36438969586679476
0.9999947851311213 0.0025115209421187204 0.0020302642980149195 39.27125843670101 -0.0025138573055978695 0.9999961801109936 0.0011490364956117096 0.11877404897428029 -0.0020273707134086604 -0.0011541342982749074 0.9999972788673037 0.36339334586776906
0.999993238641488 0.0028017771029656244 0.002381746496405927 40.671350667044145 -0.0028091410271064246 0.9999912675522545 0.00309411472399441 0.12627044003693777 -0.0023730566781414676 -0.003100784465374705 0.9999923768397946 0.3944987955721906
0.9999924970908906 0.002844620578516144 0.002629428776299871 42.09192736245059 -0.0028653675924378403 0.9999645269483561 0.007920512200022817 0.14054811302017328 -0.002606804650440522 -0.007927987053141914 0.9999651751890161 0.41864984857907206
0.9999918567252012 0.0027178679743439754 0.0029832326356975347 43.48071729255437 -0.0027411632617139847 0.9999655673960448 0.007832627035605024 0.15002027801272547 -0.002961841869054632 -0.007840740780072797 0.9999648745214816 0.423752659351054
0.9999933472035226 0.002207402778319944 0.002903949322798492 44.92128223685339 -0.002230736978803654 0.9999650553998075 0.008056785450236767 0.1521979076145095 -0.002886063274863248 -0.008063209797221844 0.9999633269708142 0.44420933183970707
0.9999968143545676 0.001457241686809212 0.002061001548486322 46.32072884169692 -0.0014727604340369269 0.9999704262918465 0.007548345408544581 0.15707657437536648 -0.002049940833432257 -0.007551356723727606 0.9999693869085245 0.4606922820942331
0.9999965317853534 0.00038384661298498414 0.0026055861226150466 47.74463827249883 -0.0004013516476646417 0.9999773327674105 0.006721076419026193 0.15756773813257266 -0.002602947198769317 -0.00672209886517396 0.9999740186888494 0.4751250673465984
0.9999937803202075 -0.0007512717944804352 0.003445999360320242 49.14008518149022 0.0007258013484470031 0.9999724551946556 0.007386613863940803 0.15103322033630429 -0.003451453795591342 -0.0073840668105853505 0.9999667809602645 0.49599216401867524
0.9999923028831161 -0.00182035021097048 0.003475701315096732 50.57287202082118 0.0017919896215633482 0.9999652197934438 0.008145426731978446 0.15430893528850922 -0.0034904079587570664 -0.008139135614992512 0.9999607849929527 0.5112349570946904
0.9999897478386491 -0.0028408421523266735 0.0035261641284360713 52.02381929869813 0.0028130407818658283 0.9999651185053113 0.007864386448931261 0.16464650850152437 -0.0035483826110870647 -0.007854386578475616 0.9999628581064005 0.5099799798821342
0.9999813859120357 -0.004003147417877376 0.004604632471226166 53.43438337002576 0.003961290550597831 0.9999510780473393 0.00906364656954289 0.17668114876763674 -0.004640690316975807 -0.009045237570931123 0.9999483225000516 0.5382355213983829
0.9999758661993063 -0.004761716325397258 0.00505896002983242 54.89411144627782 0.004721268650131254 0.9999570349338828 0.007977337185486945 0.19247277177403288 -0.0050967284879895845 -0.007953259952630128 0.9999553835121074 0.5496852733527999
0.9999694176627093 -0.005007343157829064 0.006007516442089525 56.280128723323756 0.004985800944052433 0.9999811068690858 0.0035955102314194575 0.19919785888994343 -0.006025406894851117 -0.003565447991164447 0.9999754907258347 0.5471608115423842
0.9999683019014696 -0.005214575890447154 0.006016925342250469 57.699369433851984 0.005193139142842477 0.9999801327147384 0.0035728814222142865 0.23324283463576972 -0.006035436863602002 -0.003541521438152526 0.9999755152641332 0.5735408669107007
0.999966629336662 -0.0047952932472135595 0.00661402870782103 59.13931947574449 0.004770329506239469 0.999981458739254 0.0037849879940801646 0.260653461411436 -0.006632056202758975 -0.0037533105902200427 0.9999709638235186 0.603890958257148
0.9999632555213323 -0.0053123445674445775 0.006728045955229063 60.568213990661256 0.0052957876288891766 0.9999829111077299 0.0024763129648358246 0.22510663872434258 -0.006741086008102583 -0.0024405916714706133 0.9999743003056251 0.5958578894633625
0.9999627201877663 -0.004681281788401251 0.00725560717656386 62.02643130811317 0.004687091145362615 0.9999887082952233 -0.0007838741261853564 0.25044068208935194 -0.007251855712718336 0.0008178525956566194 0.9999733704983617 0.5828393255081251
0.9999646623832483 -0.004347781793705691 0.007195191326884021 63.43560483880568 0.00436480749599675 0.9999877076068692 -0.0023522522571967357 0.2520291720973361 -0.007184875801225537 0.0023835747592466823 0.9999713476550656 0.6121528540327216
0.9999707507040889 -0.003937393912453814 0.0065570317582803045 64.84721764584512 0.0039500983989403755 0.9999903441274942 -0.0019257140012005323 0.26008582328383834 -0.006549386149832176 0.0019515585960720554 0.9999766482074002 0.6429575126232623
0.9999746147603867 -0.003196242539260826 0.006368191929142193 66.29968034454048 0.003210832318402638 0.9999922411788867 -0.002282134494351765 0.2777072478119442 -0.0063608482641290395 0.002302523758276677 0.9999771187350756 0.6418503087256889
0.9999775297642717 -0.002605974151852446 0.006176476767962354 67.66875393028236 0.0026116458894440923 0.9999961752379543 -0.0009103928882347374 0.28356505612060556 -0.006174080684073664 0.0009265032016542291 0.9999805109698509 0.6506057055449467
0.9999710033534945 -0.0017590368973905135 0.007409334747391632 69.12995374667717 0.0017465473810687495 0.999997043722928 0.0016917794330647403 0.31121041419549633 -0.007412288745790207 -0.001678789622936036 0.999971119403431 0.6684140934269565
0.9999640744191546 -0.0010372755141705833 0.008412724323981387 70.49429845813661 0.0009988862934375924 0.9999890761828446 0.004566151678799464 0.3226631105247435 -0.008417368782249501 -0.00455758428213048 0.9999541871147372 0.6727367488746201
0.9999564622577468 -3.8662662138199966e-05 0.0093312429059464 71.93224159588553 -3.6291469360079627e-05 0.9999677399323493 0.008032295905809207 0.34088265475108526 -0.00933125242936179 -0.008032284842296372 0.9999242021915019 0.6885562651469367
0.9999560901399529 0.000438546408924755 0.009360847668106737 73.31107010256278 -0.0005504713661818846 0.9999283551874414 0.011957486082495446 0.35040785848752537 -0.009354933099348919 -0.011962113909559532 0.9998846898805489 0.7013859082823769
0.9999615236770361 0.0008865779513363765 0.008727264464680891 74.71723417977948 -0.00101801196189758 0.9998859641962201 0.015067257714674796 0.3566426907978345 -0.00871291094558593 -0.015075562441620475 0.9998483948078943 0.7021256658334393
0.9999604163696633 0.0017096638163983425 0.00873170907924543 76.16744801904078 -0.0018443608340542104 0.9998790717662202 0.015441508250035688 0.3720846759525345 -0.008704253381162893 -0.015457001441321392 0.9998426461596444 0.6972582615735455
0.9999567556716362 0.0020771249525940697 0.009064895950135151 77.53260601176656 -0.002223517094395752 0.9998667966157636 0.016169260869377297 0.3750611864754735 -0.009030102900100057 -0.016188717591654907 0.9998281765705301 0.7035561739370592
0.999951025994661 0.0022596997985953647 0.009635318834622982 78.93414867735802 -0.0024116716839051922 0.9998724211061574 0.01579003961362722 0.3765026950673632 -0.009598408821969514 -0.015812503537741742 0.9998289030028864 0.7332385141021044
0.9999651322261955 0.001652483417043341 0.0081855745310614 80.30517134237438 -0.001775421659116506 0.9998853998436037 0.015034462329234392 0.36334358311706466 -0.008159792263256724 -0.015048470957317383 0.9998534699205015 0.7255235550322982
0.9999629398435151 0.0015720856508851546 0.008464483813018215 81.70200642896751 -0.0016958724647217 0.9998914352513035 0.014636998588229885 0.3780821186877005 -0.008440554253007625 -0.014650810823798318 0.9998570451750127 0.7522915522522307
0.9999630503229432 0.001553840128298828 0.00845479566226455 83.07016844260691 -0.0016815997825726293 0.9998841989700421 0.015124842882115519 0.4036860222750458 -0.008430315000414329 -0.01513850160660285 0.9998498665090177 0.739519595606261
0.9999690392139924 0.0013884588575752781 0.007745501626478668 84.44927018086592 -0.0015011176971709912 0.9998928960322043 0.014558266036534361 0.418190186334647 -0.0077244584990925425 -0.014569442210739936 0.9998640228023826 0.746827329118745
0.9999682653881382 0.00051591470280148 0.007949971613628684 85.84457690829672 -0.0006306217244298186 0.9998956419496394 0.014432862722241402 0.42177822737711423 -0.007941695844008745 -0.014437418125753011 0.9998642359965594 0.7478327902037318
0.9999624153282203 -0.0005957896681549626 0.008649448862389187 87.21922272326292 0.00047382936000350747 0.9999005403347991 0.014095563979995443 0.4253616590575622 -0.008656986582487262 -0.014090935840030856 0.9998632417038156 0.7642677391194362
0.9999519596402537 -0.001785764809946253 0.00963791759977029 88.5931023639525 0.0016563995232320892 0.9999086580836837 0.013413867075019834 0.4262766409064554 -0.009660991265695295 -0.013397258425902753 0.9998635800520158 0.766743422520192
0.9999415817795003 -0.00331118898512327 0.01028926896410306 89.92927404440668 0.0031855046234987344 0.999920410793033 0.012207564858961724 0.4110027143970941 -0.010328871603642108 -0.012174075200888456 0.9998725450298146 0.7790849556206626
0.9999334286806827 -0.0037910581497764472 0.010897985364224047 91.30750757019531 0.003674863994905155 0.9999364032396554 0.010662309822932522 0.4326065772957203 -0.010937713724210272 -0.01062155140486865 0.9998837677771556 0.7969520800691395
0.9999355160639435 -0.004206384642828844 0.010548461602128944 92.6913714744472 0.004102213617103133 0.9999427994270997 0.009877738472674365 0.4386845938333117 -0.010589407791499424 -0.009833829474394568 0.999895574667922 0.811963397532475
0.9999371407231173 -0.004171275170919717 0.010407452422420443 94.02197778884562 0.004078032682837619 0.999951503439823 0.008964397239935263 0.4516952166698713 -0.010444340664406953 -0.008921391813283365 0.9999056578078752 0.8233363168788359
0.9999393263103502 -0.004384023118114479 0.01010564393311338 95.39839600859288 0.004299095703296257 0.99995539032979 0.008410417738221364 0.48486591733908446 -0.010142064589467625 -0.0083664623167338 0.9999135666817236 0.8168368506350631
0.9999440236360009 -0.0041648584842047765 0.009726435547081936 96.76458891176486 0.004085756206058625 0.9999585351043644 0.008138468416018738 0.4858443167634035 -0.009759927810677957 -0.008098273009748967 0.9999195776578185 0.8235180022596199
0.9999478214630038 -0.004080424130330065 0.009365067554976523 98.11245451375326 0.003978549286054876 0.9999329924164994 0.010871146331621584 0.48858365790593283 -0.00940879891224624 -0.01083331970827582 0.9998970515443714 0.8454491346184851
0.9999490075816733 -0.0039273281252069836 0.009303672942655945 99.45837104592793 0.003815430107311979 0.9999205419963217 0.012014665491734862 0.5078647313304561 -0.009350119225077691 -0.011978555321032057 0.999884538075721 0.8393742706837688
0.9999393609577039 -0.0036249658836228775 0.010398751359720673 100.80359500538673 0.0034979534544411404 0.9999193796634858 0.012206493969217237 0.5168012259222784 -0.010442161133083784 -0.012169379430872542 0.9998714254718645 0.8420125954129309
0.9999224095918048 -0.0034379070887321757 0.011973119516994238 102.13059262086114 0.0032885887037599286 0.9999168564861862 0.012468572457223173 0.5616851951084002 -0.012014989823403344 -0.012428230350004251 0.9998505783915469 0.8490804960143126
0.9999323199704353 -0.003644825916856388 0.011048562014071195 103.4838773517833 0.003507388728824453 0.9999165517869024 0.01243332967856196 0.5360343973203952 -0.011092957353559066 -0.012393736588563858 0.9998616612264546 0.8607867992384002
0.9999560455658593 -0.0034492757328518937 0.00871833890187638 104.80538892269597 0.0033391434356398516 0.9999148472483103 0.012615402233171934 0.5422761541174486 -0.008761110512111765 -0.012585735946191435 0.9998824141834316 0.8626584911891039
0.9999650374117449 -0.0036153206626324623 0.007540120067595395 106.11816374734295 0.003535097278774427 0.9999372950970559 0.01062586284556664 0.5765265718583625 -0.007578063166602247 -0.010598836279966528 0.999915115211363 0.874772402084073
0.9999585650114678 -0.003090550136888783 0.00856252066026273 107.48636671121895 0.0030040022271774565 0.9999444587117825 0.010102250354231764 0.5737695969931645 -0.008593266598050025 -0.010076109936470505 0.9999123100440974 0.8793096160558951
0.9999398222904627 -0.002478260607887955 0.010686908911248572 108.81219078770489 0.002409835374511923 0.9999765465979686 0.006410846080548469 0.5887133676853463 -0.010702546014182059 -0.006384706599376631 0.9999223424998834 0.8801522653250282
0.9999307013816899 -0.0021059165599693085 0.01158264001702858 110.14739822735469 0.002038905113562483 0.999981134439158 0.0057942757711887975 0.5902591432423187 -0.011594623765328202 -0.005770258331924474 0.9999161308922481 0.8898044031915413
0.999940871556834 -0.0014379551504531084 0.010778945919925226 111.46042658285903 0.0013794786867079513 0.9999843030330485 0.005430536443234555 0.5871451912874461 -0.01078658559101562 -0.005415346017907396 0.9999271591465021 0.8917392069521106
0.999967693548611 4.3152637432279516e-05 0.008038034394118885 112.82159759447593 -9.515159259773607e-05 0.9999790722878414 0.0064688432136063975 0.6103747460197834 -0.008037587028802962 -0.00646939906001153 0.9999467706185949 0.9032659864322451
0.9999769320812736 0.0008853052322347153 0.006734355200739345 114.15310833372946 -0.0009483190894122149 0.9999557479112297 0.009359642631951456 0.6008446829460131 -0.006725771050861279 -0.009365813042067656 0.9999335205651585 0.9164390564852896
0.9999812323706386 0.002053169119470595 0.005772296169278994 115.45477147460922 -0.002125916561738968 0.9999180402955762 0.012625100800667343 0.6160301461608201 -0.00574590160649698 -0.012637135277480397 0.9999036390706393 0.9087017468161216
0.9999589770770035 0.003957833999287212 0.008147374616806568 116.83307654608065 -0.0040636768949618 0.9999070341592065 0.013015743122571014 0.6441204841993623 -0.008095103038618557 -0.01304831747672807 0.9998820984085176 0.9291816017757807
0.9999400605501585 0.003965378756504075 0.010205443560313417 118.10953971318784 -0.004102863403434685 0.9999006394281118 0.013486207144553135 0.6275607050284783 -0.010150951622288067 -0.01352727032961587 0.9998569753412692 0.9253531504925342
0.9999279396941422 0.004896427849928931 0.010960858239136066 119.49380173073982 -0.00504386590883897 0.9998966301183241 0.013464341599682616 0.6253598580925576 -0.010893798039327178 -0.013518656454312763 0.999849274186839 0.9321474911015113
0.9999270576162343 0.006246528480824382 0.010337326969682281 120.8143873273755 -0.006383803126945648 0.9998911695704055 0.013300228297409173 0.641620734448796 -0.010253121699086076 -0.01336524960728585 0.9998581117330392 0.9418469872626942
0.9999210090443408 0.007164279740483241 0.010327089016145702 122.12528526701882 -0.007319485995163084 0.999859643840411 0.015070426141715604 0.620199117026926 -0.01021767079690412 -0.01514482469777696 0.9998331028168449 0.9461197489277945
0.999912382215431 0.008650428680975509 0.010019879036054922 123.48465146462712 -0.008817655089443828 0.9998205373075065 0.016767293665128736 0.6353824900428552 -0.009873036563561482 -0.01685417638938246 0.9998092117435456 0.9437710397285725
0.9999028852909073 0.010079541885478719 0.009624075139849286 124.84017978535358 -0.010253579802683974 0.9997816272871809 0.018208839617788856 0.6466264310539627 -0.009438436742839156 -0.01830575249409993 0.9997878851723879 0.950839980107462
0.9999001799704785 0.010986893502261164 0.008883595340550447 126.17028849879696 -0.011150286058220183 0.9997656233632137 0.01855719434571734 0.629350994028013 -0.008677627315374798 -0.018654396595302523 0.9997883337346164 0.9546621796769935
0.9998916213272355 0.012088757706026331 0.008402829090095315 127.50874321008574 -0.012237804680016378 0.9997645522493674 0.017918599337999275 0.6324968063689289 -0.008184237057058664 -0.018019489525149368 0.9998041389497481 0.9622686499441048
0.9998765283694262 0.012825861499944564 0.009078837628699241 128.8064568488078 -0.012984293515871386 0.9997605780587294 0.017612344578990486 0.615015472427694 -0.008850770463510264 -0.017728052246641056 0.9998036707402822 0.958987597423454
0.9998624742421955 0.013386244313050804 0.009789845017479959 130.18362857934414 -0.013558512536134193 0.9997505704058343 0.017747216993562347 0.5932038183425368 -0.00954983455785775 -0.0178775120304927 0.9997945765123539 0.972688069035718
0.9998618344427986 0.01355159424688165 0.009626334611321188 131.50550437220426 -0.013712390039756528 0.9997641830589565 0.016838902335204162 0.5596464521781567 -0.009395870586530134 -0.016968575833724006 0.9998118748295082 0.966527890155278
0.9998521829642342 0.013929637659576489 0.010078562215347746 132.85947928758554 -0.014078456067737544 0.9997906343603657 0.014848721158613045 0.566010282184048 -0.00986961480527537 -0.014988416860041197 0.999838956064238 0.9810044633260973
0.999845616063845 0.013898262291704794 0.010750922899045421 134.19030985507368 -0.014047062563856383 0.9998048371743822 0.013891277696248134 0.5625219605404164 -0.01055576009756508 -0.014040151992701254 0.9998457131281728 0.9847185094218059
0.9998516910837066 0.013226829608712541 0.01102936152068771 135.52694840442015 -0.013358986628726468 0.9998388041156137 0.011995968527505084 0.5344393385094537 -0.01086891500129838 -0.012141530511491139 0.9998672161459906 0.9989558890154636
0.9998714544343631 0.012070689143189397 0.010553344063363628 136.86535579390525 -0.01220118572572772 0.9998488012052485 0.012389745570975462 0.5202135954962169 -0.010402195643110198 -0.01251691623506755 0.9998675517956199 1.0027118635858099
0.9998570752519778 0.011622456285165525 0.012277930544698891 138.2085585687806 -0.011750081068836979 0.9998771486322261 0.01037416203677493 0.5425336385985638 -0.012155848939370398 -0.010516945991537642 0.9998708062462742 1.0198295155754022
0.9998792266551146 0.009891927160518203 0.011986737697184651 139.5654433723837 -0.010009212772650159 0.9999022308160512 0.009764449229533673 0.48655522192737455 -0.011888976543080663 -0.009883247752400324 0.9998804796827583 1.0179411422637579
0.9998862044178822 0.008944555845136462 0.01214796837065076 140.9152177803586 -0.00904740229379457 0.9999234715937113 0.008437740675952017 0.5067211601452999 -0.012071566863308878 -0.008546688055241608 0.9998906097152582 1.0239249726855648
0.9999024458493159 0.0075201743709881206 0.011770546375843339 142.24494184421738 -0.007623602441003211 0.9999325082743207 0.008766959680928017 0.49400443864643234 -0.011703822895852246 -0.008855838393705082 0.999892291527426 1.0198574099737283
0.999914276890179 0.0064912313541832765 0.011371138320195096 143.59611523142672 -0.006587584878741547 0.9999425427117753 0.008456654218718102 0.4851520313973852 -0.011315590866407158 -0.008530837626871988 0.9998995860648848 1.0229077704147287
0.9999385933205376 0.006250592285226749 0.009150938980696952 144.9394991076753 -0.006308127507088514 0.9999604336568613 0.006272052944312822 0.480759804154805 -0.009111372865758945 -0.006329393088267922 0.9999384589401666 1.0271346007741116
0.9999542719649464 0.004832892377520922 0.008252098540461016 146.24814270454294 -0.004862337928456457 0.9999818705900926 0.0035519235645982378 0.48014082747380743 -0.008234782870463097 -0.003591885633835611 0.9999596425399726 1.0615109676734784
0.999929693144463 0.004230772514305842 0.011077424427748518 147.6463330587415 -0.004168718848152367 0.9999755244390226 -0.005618923924295436 0.4790961732877033 -0.011100925690470345 0.005572350207421878 0.9999228562054078 1.0539571846100624
0.9999164033285827 0.0027695705968571412 0.012629957764791757 148.95523190734292 -0.0026105930518563925 0.9999173790038957 -0.012586499509282992 0.4656743921453092 -0.01266377346405874 0.012552475639833213 0.9998410194610753 1.0615970135758204
0.9999513790466714 0.001417549949252907 0.009758590820471888 150.2565171672719 -0.0012775289345256246 0.9998963636883506 -0.014339797858938946 0.43278044241915786 -0.009777906855839593 0.014326633762163156 0.9998495587349946 1.0690933099047686
0.9999754796827063 0.00145807450943635 0.006849383334738657 151.66040535779018 -0.0013684932487939858 0.9999137093344729 -0.013065263533632588 0.451844423900167 -0.00686784242460971 0.013055569834373228 0.9998911864981761 1.0841121761764874
0.9999881284684197 0.0023183751297814826 0.004285797356972915 152.97934419499 -0.002277608535859648 0.99995235082128 -0.009492554258639088 0.4513249096063107 -0.004307600443960025 0.009482680198838222 0.9999457602063533 1.0887732301727289
0.9999834174480522 0.0033387675108567235 0.00469227667801506 154.35172882845438 -0.0032927531234923446 0.9999467517281532 -0.009780157727924418 0.4601611763267752 -0.004724680495263977 0.009764545039263012 0.9999411637963476 1.1054584003425436
0.9999638635474419 0.003981592831428906 0.007511226118125936 155.6646909125952 -0.003876274741208415 0.9998947019909532 -0.013984256310340185 0.4649756838902805 -0.007566114815648314 0.013954635392848271 0.999874003091214 1.0911069973748417
0.9999164584712067 0.004336820428032982 0.012176537561005918 157.02332951554183 -0.0041310508923685305 0.9998490991353594 -0.016873451832243862 0.44777882625719095 -0.01224787724155714 0.01682174030192442 0.9997834858389542 1.1330794634694017
0.9999154430619044 0.004196966945754231 0.012308216555282503 158.36059537196823 -0.003956201399851311 0.9998016217601988 -0.019520901520168638 0.4250857617664744 -0.012387703451378646 0.019470557108941543 0.9997336856428656 1.1241020102422767
0.9999072894027441 0.003751569563378213 0.013089626620656257 159.69515088169436 -0.0034820083586986506 0.9997826424033697 -0.02055586453364937 0.4034916952445685 -0.013163898246606569 0.020508380597865975 0.9997030149540443 1.147023655730662
0.9999058939628396 0.005131171502702466 0.012722983037974136 161.05714263731488 -0.004871737125929195 0.9997812752719292 -0.020338824769656337 0.42060838378757 -0.012824562205025427 0.0202749277346381 0.9997121875367954 1.1263467403719654
0.9999065500382459 0.006297098172340309 0.012134156139624265 162.3959235590819 -0.006076586935667948 0.9998172677716118 -0.018124738809772233 0.41552001877752026 -0.012246072097866422 0.018049310798950263 0.9997620997506641 1.1213141114045893
0.9999094333696783 0.00783423952755409 0.010943022861796103 163.74909931663655 -0.007659563085804781 0.9998440243377477 -0.01591408462438229 0.447499468645322 -0.011065990767367369 0.015828824565403875 0.9998134786855067 1.1217725503590548
0.999916018017432 0.008306768962846897 0.00994758772570321 165.10273930119547 -0.00816041756426192 0.9998591839545912 -0.014663555054481553 0.4503317078951416 -0.010067993709749885 0.014581147110457717 0.9998430005013805 1.10062784601009
0.9999040590763701 0.008938739328114485 0.010581662526414595 166.45373857751386 -0.008785704619062832 0.999857406294354 -0.014421458756788826 0.4625988166701262 -0.010709063308501146 0.014327107787379924 0.9998400121746995 1.1059387936759435
0.9999071802687434 0.008401970545678334 0.010725564691911348 167.7729504953296 -0.008237843852721805 0.9998496860666488 -0.015255923475232044 0.434307781445647 -0.010852132309781114 0.015166151897350768 0.9998260944089015 1.092011057840584
0.9999286531592707 0.008131436036141745 0.008750333655181842 169.15558797322888 -0.008012517772334032 0.9998762202730698 -0.013540446498835505 0.43326330041983263 -0.008859353815877534 0.013469368226829754 0.999870035539387 1.0888394248910414
0.9999526885581174 0.006829551541002437 0.006926606033377247 170.59586151924137 -0.006758056578248119 0.9999241865043045 -0.010293197510504422 0.4169343313299311 -0.006996378826080258 0.010245900129019818 0.9999230331449858 1.111950689045543
0.999963018079888 0.007074777982568674 0.004889784152600943 171.95190038473172 -0.007049140752629731 0.9999614225573462 -0.0052405163617652165 0.4326592238199731 -0.004926671007006714 0.0052058537806661176 0.9999743131696949 1.0924775553888597
0.9999585501616186 0.0069638710334364255 0.005865360935466132 173.29192719190854 -0.006945562614789869 0.9999709617390122 -0.0031360546422011847 0.42361741304384126 -0.005887029695666599 0.0030951864216074883 0.9999778811065662 1.0981503580371959
0.9999315335466097 0.008367019525148853 0.008180538086901874 174.67772098664756 -0.008387263185333909 0.9999618409693887 0.002443444570876671 0.45017229975130624 -0.008159781577065456 -0.002511889602825341 0.9999635535234461 1.1331941176668814
0.9999108810079055 0.008027603744354898 0.01066712801637718 176.0573700681563 -0.008071164431182385 0.9999592386946463 0.004046882003249414 0.4523316700389005 -0.01063420644519261 -0.004132617493432812 0.9999349154449674 1.136048425209675
0.9999024738697332 0.006903161609522043 0.012140391632084089 177.47412844364953 -0.006919537548084055 0.9999752050540796 0.0013073932737519053 0.42844430608776696 -0.012131065464674205 -0.0013912716644918306 0.9999254480279255 1.1324953882564848
0.9999141176353366 0.005618600277877416 0.011840130255352532 178.881759742509 -0.005613240250887668 0.9999841275995585 -0.0004858835619470253 0.4235931994048767 -0.011842672309580011 0.0004193803373926765 0.9999297851512877 1.1285594962563656
0.9999601609249007 0.0037832206382498066 0.008084788472737851 180.21975259351754 -0.0037563241327347877 0.9999873691278195 -0.0033394032149346446 0.42694001123885655 -0.008097320053970224 0.003308901090150977 0.9999617415589055 1.1244221466855238
0.9999893009088867 0.001996145181118359 0.004172945263466823 181.6384255926641 -0.0019929310674301343 0.9999977143841273 -0.0007742430379983564 0.42892123888044154 -0.004174481227226207 0.0007659183620433006 0.9999909934972145 1.1359219473666893
0.9999912545788023 0.0008250115151179528 0.004100014867384192 183.03015111776136 -0.0008360509270971696 0.999996028292619 0.00269154562190192 0.4292283311217194 -0.004097778027193347 -0.0026949499044327725 0.9999879726577977 1.156804081330625
0.9999850964085225 0.0007841942801530602 0.005402962166159019 184.35821272177424 -0.0008161330480161434 0.9999821928405922 0.005911677305859109 0.45087291156450565 -0.005398230051221087 -0.005915998736616578 0.9999679295213734 1.1579047692045414
0.9999706594233101 0.001536963818318725 0.007504534278132011 185.81044152087787 -0.0015981066816651592 0.9999655252933972 0.008148268511433696 0.47255177729326475 -0.00749175196763056 -0.008160022482909214 0.9999386419603625 1.151942799422953
0.9999472979414618 0.00196434065615589 0.01007684004814962 187.17971712613792 -0.002076615175130399 0.9999357529602815 0.011143501297588282 0.4853463695752869 -0.010054303008356032 -0.011163839731091925 0.9998871334673102 1.1685375798167905
0.9999426579953943 0.0021266607718372385 0.01049561980386539 188.6334547475526 -0.002210360330063399 0.999965799570285 0.007969566924993171 0.4813220568619704 -0.010478312283810057 -0.007992309035703747 0.9999131602134061 1.155233530470304
0.9999383911184149 0.0015712270903564976 0.010988412667289919 190.0346974716807 -0.0016524355658809387 0.9999713637021203 0.00738520361415824 0.45809706421371305 -0.010976494167845189 -0.007402906263927299 0.9999123529363114 1.1563192580500876
0.9999278144627778 0.002206342552971302 0.011810923597743399 191.4055121687627 -0.002249536654271769 0.9999908263857391 0.003645096597891078 0.4860520215289968 -0.011802772917152628 -0.0036714025801888595 0.9999236047591639 1.158211402493514
0.9999277879698523 0.0024584361714009577 0.011763287691349234 192.85455589790124 -0.002484650755866182 0.9999944614271608 0.002214413155677304 0.47970203871933803 -0.011757778546123183 -0.002243480910061529 0.9999283581522561 1.159647677078879
0.9999181308569989 0.002755624687202653 0.012495523839722087 194.20952662940311 -0.0027589903134238535 0.9999961621975394 0.00025211632839933337 0.4710371354960963 -0.012494781146391363 -0.00028657071708654074 0.9999218961105552 1.1654252122255793
0.9998953504059697 0.003427598029574867 0.014054885565910015 195.6641447188867 -0.0033612693304222153 0.9999831161735069 -0.004740172614046761 0.48075614728437016 -0.01407089567197249 0.00469243430111178 0.999889989426496 1.1637217350518034
0.9998838892701282 0.0037153527387801975 0.014778502362160285 197.07890662709508 -0.003592244619997273 0.9999587020085664 -0.008348057015434807 0.46719388094139136 -0.014808908016192123 0.008293999720839646 0.9998559425297219 1.1658303622964628
0.9999151792691406 0.003955798816543191 0.012409106449926878 198.50222804596382 -0.003893043791895924 0.9999795326066028 -0.0050772608673009395 0.47170709623690954 -0.01242893709039361 0.005028521015495547 0.9999101137098273 1.1899339691591948
0.9999701045933078 0.004108191525843767 0.006550777208550078 199.94376956127826 -0.00410833049339603 0.999991560744579 7.757464087798847e-06 0.49349059520368155 -0.006550690055719781 -3.466998993658505e-05 0.9999785433987 1.1728094448832957
0.999968507928759 0.0053381732048336464 0.005872568225792734 201.40613836154165 -0.0054049535933974584 0.9999202377910462 0.011415101074920319 0.48770839595932675 -0.005811164030090207 -0.011446482548478515 0.9999176008101281 1.174439374776245
0.9999389744522666 0.006158767352456271 0.009171529646009974 202.81437274469147 -0.006312263821664903 0.9998389049186639 0.0168023669907772 0.49879597659989033 -0.009066570288428886 -0.016859234731902206 0.9998167649661911 1.1662046210315853
0.9999141746353374 0.007052821847101923 0.011040881637130892 204.25265691313473 -0.007256522858633373 0.9998021627049739 0.01851967403760636 0.4799933589475278 -0.01090808137731946 -0.018598202989807952 0.9997675332827205 1.158414576828165
0.9999069772346411 0.007361507276958125 0.01148238163860012 205.7148051776843 -0.007543363398090456 0.9998455168717068 0.01587576959375968 0.5216408152958051 -0.011363738210972559 -0.015960908563145387 0.9998080390013432 1.1503865856607878
0.9999117882295382 0.005873705697564231 0.011912822544881456 207.1669213709556 -0.006032094806733904 0.9998933080493565 0.01330362170077403 0.49835743759835355 -0.011833409984024398 -0.013374307439756771 0.999840536440015 1.166577871107327
0.9999210473219109 0.004574239923290599 0.011703651215624592 208.6081934184968 -0.004721193739238854 0.9999099796999709 0.012559571094602158 0.47298519677009365 -0.01164514715791039 -0.012613834687674031 0.9998526300021131 1.171900527820141
0.9999288451881493 0.004139698289828675 0.011187826364551722 210.1344228283749 -0.004276256936395317 0.999916314050069 0.012209771625124198 0.49206325372626264 -0.011136345329959017 -0.012256744861216074 0.9998628676064029 1.1641608326542763
0.9999290757574552 0.004328743701444325 0.01109528876634682 211.5871212260567 -0.004473838449437654 0.9999043679275721 0.013085861411880896 0.5050695234504375 -0.011037582360723254 -0.01313457183656271 0.9998528165676689 1.1686588535698732
0.9999247960644359 0.0038436226259869317 0.011645977013779707 213.02771258128303 -0.004010938125221213 0.9998885912104359 0.014377675144656585 0.49682018162493763 -0.01158941719208222 -0.014423305180111461 0.9998288121857808 1.1591587321103336
0.9999269910414338 0.0032162167467279057 0.011647683746668814 214.46625649385157 -0.003382245941410963 0.9998925616558306 0.014262733178906056 0.502750795986464 -0.011600560297509556 -0.014301087202689366 0.9998304385772644 1.1724391238091956
0.9999336044068832 0.0031204754683288906 0.011092763889599651 215.92765694250235 -0.00328489901287365 0.9998845533740431 0.01483540907644889 0.5107395165841615 -0.011045189737350377 -0.014870862679815114 0.9998284158928591 1.1769280757476444
0.9999402768712122 0.0029147735300441052 0.010533128025049993 217.41790602190886 -0.0030635463224710302 0.9998953907126814 0.014135852130813422 0.5093974805245721 -0.010490823354418545 -0.014167276619121346 0.9998446033752163 1.1700796502749706
0.9999406610924827 0.002142008232710625 0.01068110924293785 218.8777544322858 -0.002301638598041073 0.9998855144229544 0.014955283578315194 0.49509673354406936 -0.010647852069435412 -0.014978980201429485 0.9998311124377119 1.180001572406766
0.9999458277374129 0.002270151783335479 0.010158149507705676 220.3504842185861 -0.0024288521205713797 0.9998747691108557 0.01563799133167493 0.5111234315028456 -0.010121376779701378 -0.01566181682927505 0.999826117495282 1.1791074012100917
0.9999424210616178 0.0021726905708822596 0.010508757163119041 221.8105449799375 -0.0023269808259151503 0.99988935622479 0.014692190735578706 0.5202183090237846 -0.010475672850276955 -0.01471579845125642 0.9998368394664581 1.1883311012040687
0.999947290762726 0.0016244377375914383 0.010137894175863112 223.31658928945058 -0.0017927255518942243 0.9998603886251937 0.016612928500784795 0.5184734152926306 -0.010109492142530995 -0.0166302273079261 0.9998105989177684 1.194375534738739
0.9999481490297215 0.0011086234141038293 0.010122756845818313 224.81932357753502 -0.0012665672458604049 0.9998773575885653 0.01560979145025191 0.5074640760479292 -0.010104209986217345 -0.015621803219678092 0.999826917123519 1.1888156711277205
