1.0 -2.1684043449710093e-19 -2.5135375298442207e-37 0.0 2.1684043449710093e-19 1.0 2.3183291766350204e-18 -8.673617379884035e-19 -2.51353752984422e-37 -2.3183291766350204e-18 1.0 0.0
0.9999996075041013 -0.00037322483246366193 0.0008035514096523617 1.3209256553886937 0.0003734407926374447 0.9999998941915896 -0.0002686238709019088 0.0008085758442154238 -0.0008034510675306512 0.0002689238443434867 0.9999996410731096 0.015664017604561032
0.9999992007875796 -0.0004371582152355661 0.0011863038804731322 2.624384450133704 0.0004381104418595339 0.9999995819923455 -0.0008025424444887376 0.00789519493424394 -0.0011859525465663459 0.0008030615352041018 0.999998974303838 0.022580632299895792
0.9999992421231242 -0.000918473448317855 0.0008198534637226926 3.944307349430553 0.0009198226232547937 0.9999982210325163 -0.001646772037665563 0.00639441625197151 -0.0008183394888380114 0.001647524909378802 0.9999983079896455 0.048418142402345814
0.9999994380199028 -0.0004273361266319453 0.0009702286913203072 5.2619082076902925 0.00042956678265450684 0.9999972625939592 -0.002300060209554275 0.016838748525906427 -0.0009692431365894553 0.0023004756949835843 0.9999968841848053 0.05640205930597966
0.9999986448807341 -0.0007103250766650804 0.001485151501048322 6.582479854390507 0.0007143508614165974 0.9999960675923919 -0.00271191861961217 0.013978367705515513 -0.0014832193170258745 0.002712975863893109 0.9999952198997851 0.06661977604664725
0.9999970278743392 -0.00047601238680433595 0.0023911617878691507 7.916066969986296 0.0004851593740540612 0.9999925623433418 -0.0038262094008917604 0.017579515957280318 -0.0023893226801594263 0.003827358123472881 0.9999898211816582 0.09112482442128025
0.9999955585501374 -0.00037686643275242814 0.0029564931405875066 9.234050285775071 0.0003882809286620747 0.9999924701607529 -0.0038611992587803323 0.030618588650212497 -0.0029550157222786202 0.003862330059359626 0.9999881750743824 0.10308047934763491
0.9999975524691167 -0.0009603384470583605 0.001993189866334329 10.565453035123099 0.0009671429356506465 0.9999936987355647 -0.003415717158499198 0.023227337865472493 -0.0019898970622063278 0.0034176364979245995 0.9999921800046487 0.11782591965403881
0.9999996948063709 -0.0007736764819729515 -0.00010868241072826966 11.888186729732743 0.0007735724747507612 0.9999992459373521 -0.0009537873732294097 0.04359082299633317 0.00010942025163439361 0.000953703008418151 0.999999539238784 0.12466047990762308
0.9999991247512465 -0.0008124431340908188 -0.0010442379492905146 13.225717052759663 0.0008150755283099772 0.9999964852388319 0.0025229272415233477 0.03932154098625431 0.0010421845441283338 -0.0025237761661326234 0.9999962721956713 0.14426268650885515
0.9999992945273475 -0.0007253452926272311 -0.0009406481881940095 14.570629467277554 0.0007300866007212041 0.9999869823561947 0.005049959574809483 0.05939203820773488 0.0009369729787654035 -0.005050642766839299 0.9999868064576046 0.15525026950547885
0.999999920968273 -0.00022951860453477557 -0.00032463003275755347 15.916309626801864 0.00023132979598216905 0.9999843476278576 0.005590258116898445 0.08047381492520575 0.0003233418832854924 -0.0055903327716899385 0.9999843216918595 0.17566899308427944
0.999996702591013 -5.497367332455112e-05 0.0025674471749851263 17.26108192802779 4.45971263955203e-05 0.9999918322571215 0.004041463861170778 0.07154684446239597 -0.0025676483788508045 -0.004041336034045345 0.9999885373267348 0.19474405254982463
0.9999886811586216 0.00016032141287601197 0.00475519207658727 18.621395299634138 -0.00015891238310127058 0.9999999433608564 -0.0002966903072701513 0.07787632994297514 -0.004755239373066511 0.00029593129017463 0.9999886499971768 0.21285229613059412
0.9999958299396977 -0.0002757601395123592 0.002874727736780037 19.9631256545594 0.00028312683640492375 0.9999966767619128 -0.0025624801120934107 0.06629281415528311 -0.0028740115535021236 0.00256328333896646 0.9999925847905646 0.23713718813751253
0.9999998557998553 -8.60110165778108e-06 0.0005369602310390332 21.312092876286652 1.0456556242253751e-05 0.9999940294405744 -0.003455571423667385 0.07068713189500864 -0.000536927303364964 0.0034555765401283415 0.9999938853312286 0.22993632610436807
0.9999998071539528 0.0003381378955338268 -0.0005209172879851434 22.66368116647196 -0.0003388465370998512 0.9999990165864446 -0.001360885435269697 0.0833902607544077 0.0005204566087708765 0.0013610616838474693 0.999998938317442 0.2730439114672019
0.9999992193401435 0.0010171451525949505 0.0007257650047658037 24.034055794634302 -0.0010179992525346628 0.9999987886675845 0.0011774297793981303 0.08917113481774304 -0.0007245665086304916 -0.0011781676884583352 0.9999990434616788 0.2589084492317003
0.9999818512587252 0.0019447853873023966 0.005702189313780213 25.42199142462526 -0.0019547275642690064 0.999996578292764 0.0017385174469844288 0.10100006662877836 -0.00569878875923131 -0.0017496321217094083 0.9999822311391919 0.2727188662660073
0.9999782318491628 0.001938870171622171 0.0063068700858474845 26.798015574228355 -0.0019373203675320547 0.9999980916832267 -0.00025183267960301184 0.08546279120899065 -0.006307346321212235 0.00023960876979856554 0.9999800797866034 0.28429422645893987
0.9999827315970977 0.0019778238796044497 0.005533960634845222 28.162423518131416 -0.001953913387227545 0.9999887479247959 -0.0043227591043655915 0.08854672636928722 -0.005542448022486373 0.0043118715774509144 0.999975344212755 0.3063721188676014
0.9999924576263649 0.0019310950796029489 0.0033698015039848755 29.524004053189884 -0.0019170155290436006 0.9999894413355263 -0.0041763942490610495 0.09518303060952814 -0.0033778309377662952 0.004169902787322242 0.9999856009807842 0.31050288812009114
0.9999958093611415 0.0025525904839818307 0.0013658484457406397 30.912888456003742 -0.00254644275787289 0.9999867046139354 -0.004483996503463866 0.09641642983120242 -0.001377276093063197 0.004480499657770868 0.9999890140563447 0.3431297475599901
0.9999954475854388 0.0030009389532446814 0.0003149187146955537 32.30103726406645 -0.0030003214842508393 0.9999936109737243 -0.0019432145333859966 0.10278072047601387 -0.00032074817085936007 0.0019422608296823655 0.999998062369863 0.3330136933138792
0.9999921214447482 0.0035644490249692015 -0.0017469263236252195 33.680298771546234 -0.0035653662587769763 0.9999935077021452 -0.0005222231327863835 0.10319357565136908 0.0017450535443227194 0.0005284474505934008 0.9999983377643282 0.36849522802670914
0.9999916727402013 0.003837567696556559 -0.0013883531353705463 35.073136780722486 -0.003838010298921628 0.9999925847966771 -0.00031627299261843497 0.11798968850599768 0.0013871291214299978 0.0003215988725631504 0.9999989862229689 0.364485878117274
0.9999947809381617 0.0032245405216638134 0.00020108421695116754 36.46877973602898 -0.003224494927408169 0.9999947756162119 -0.00022665556518353575 0.11001106093826318 -0.00020181402646443937 0.00022600598721658413 0.9999999540961952 0.3956520092165417
0.9999940616352262 0.00309121991355261 0.001523500485526544 37.8699459533973 -0.003092646149487018 0.9999947809315594 0.0009346921614257101 0.12140616320106731 -0.0015206031952508 -0.0009393982587930097 0.9999984026471412 0.40191773534692654
0.9999949385305164 0.0024962861531204294 0.0019726806104336816 39.26562028846538 -0.0025019702969961513 0.9999927106369035 0.002884236067148363 0.11313730504182899 -0.001965466352291686 -0.0028891570569682906 0.9999938948381226 0.41150274398355075
0.9999922426378761 0.0032244162291493977 0.002262256407309819 40.6596079783239 -0.003237003990378465 0.9999791766886422 0.005582830310125177 0.13600265911338205 -0.0022442079309837235 -0.0055901099351065055 0.9999818569362525 0.43851619349914644
0.999991612724737 0.0030411201459938164 0.002743368082675301 42.08527504326818 -0.0030644540952467253 0.9999588220017517 0.008541862909651752 0.1376191545877082 -0.002717278284890339 -0.008550198192251994 0.9999597544449454 0.45734991662827196
0.9999922105429775 0.002779684294653285 0.0028021792575327782 43.47102816254021 -0.0028042977437312804 0.9999571853326198 0.008818356753342391 0.14232083155047406 -0.0027775470353880115 -0.00882614620810088 0.9999571912714961 0.45775586842832144
0.9999933658984019 0.002410142010435524 0.0027311855803494158 44.90293561895498 -0.00243270136749351 0.9999627037922358 0.008286916711175311 0.1495415431261617 -0.002711111071381984 -0.00829350589382411 0.9999619330938292 0.4745806506645066
0.999996268972204 0.0015846897139797991 0.002225039366361388 46.29980899748489 -0.0016025362227950375 0.9999663783360995 0.008042019338407922 0.14059391338424929 -0.0022122204515104453 -0.008045555039591973 0.9999651869564155 0.49815707632500705
0.9999955433494944 0.0006286431069930611 0.0029185765354922673 47.73116190305584 -0.0006514341585047125 0.9999692534412792 0.007814589280810552 0.14938798809549367 -0.002913574211622075 -0.007816455714366713 0.9999652064473937 0.5202729056948849
0.999993160499662 -0.00034436697018221823 0.0036824401267331096 49.12866371719708 0.0003156690304113175 0.9999696004258409 0.007790929164555111 0.15428683037511245 -0.0036850111207926933 -0.007789713446188105 0.9999628698394085 0.5268943896200826
0.9999916966986465 -0.0013793414569985456 0.003834573106262015 50.559606548707265 0.0013458763131317744 0.9999611080091286 0.008716139403744615 0.15989682712764097 -0.003846446504504334 -0.008710906169897815 0.9999546614537017 0.5474991508850224
0.9999884708487151 -0.0025984096131635845 0.004038122971214867 52.010740198499654 0.0025628793932542643 0.9999581786227993 0.008779103290742609 0.1646779159283592 -0.004060765797736526 -0.008768652852982272 0.9999533093641323 0.5530944048385993
0.9999803855988686 -0.0035776864156610248 0.005140873218553339 53.421141476570625 0.003529149813674056 0.9999494071150223 0.009419570685966027 0.18119819626088346 -0.005174313397030447 -0.00940124301496673 0.9999424198975874 0.5742930120373391
0.999972521545393 -0.004478964583833871 0.005907201571411082 54.87146511188262 0.004432227077446507 0.9999589603510897 0.007901454087805604 0.18770977389488017 -0.00594234947495262 -0.00787505490930138 0.9999513348122963 0.5829914797763688
0.9999637366503468 -0.005001085557851281 0.006893078232472332 56.27028405708198 0.004965691277240094 0.9999744487852582 0.005142342536057344 0.1891234208609228 -0.006918619400940782 -0.005107927159039602 0.999963020209109 0.5860306361313758
0.9999645625280975 -0.005259845944911105 0.00657325707896874 57.69659445111151 0.005236154182035333 0.9999797523544407 0.003616292373858458 0.2111678412037376 -0.006592145126767489 -0.003581745634055433 0.9999718569644049 0.6007954430213861
0.9999631505069281 -0.005064596085296048 0.006931630021264028 59.142414029688425 0.005045814571716252 0.9999835587031911 0.0027243492084133673 0.2339685885927976 -0.006945313784613389 -0.0026892730977590464 0.9999722648286996 0.6220983979591435
0.9999576048212682 -0.004973097050128143 0.007749636497437685 60.546282425281866 0.004952356398475805 0.999984110201537 0.0026932342160864648 0.22783602452759272 -0.007762907072410904 -0.0026547410740465596 0.9999663442454525 0.6453442596947828
0.9999549869472938 -0.0043615873074512035 0.008426187476969297 62.005359279258506 0.004356778175924445 0.9999903357300504 0.0005890080025916565 0.2451491678894139 -0.008428675053846962 -0.0005522704598374837 0.9999643255807559 0.6438262231172901
0.9999569041347995 -0.004121603823087484 0.008318789279270516 63.40822916759659 0.004137007436707659 0.9999897583551806 -0.001835307662599041 0.24344895339355116 -0.008311139670106679 0.0018696434615401581 0.9999637140370198 0.6562379502900385
0.9999661355480625 -0.003631896178448245 0.007384922966613907 64.81758144628947 0.003649775415043442 0.999990437854707 -0.002409011949135626 0.2583894920804834 -0.007376103069615622 0.002435883679551795 0.9999698293319684 0.6696716926654083
0.9999692256605257 -0.002683371347093286 0.007372058742451251 66.26848607341168 0.0027027659524639517 0.9999929097346968 -0.002622124432781714 0.2733399471291458 -0.0073649703390274955 0.0026419686880029374 0.9999693881381354 0.6802762693944376
0.9999718879733106 -0.0023091011172779595 0.007133814906697188 67.64430232813328 0.002316538005433726 0.9999967818320921 -0.00103439698802879 0.277111100473755 -0.007131403421642227 0.001050893662388149 0.9999740190163683 0.6902808441576705
0.9999613345174114 -0.001640549763205795 0.00863933253393329 69.11566778956978 0.0016250415955977638 0.9999970564110432 0.0018017794152783426 0.29588587644847814 -0.008642263012082534 -0.0017876704738818904 0.9999610570038749 0.7020244325435646
0.9999524192094229 -0.0008459937081040541 0.009718210322297308 70.47350336215463 0.0007979065256271486 0.9999874255711826 0.0049509640167126005 0.3077635369654263 -0.009722276605760569 -0.004942974222496989 0.9999405204028071 0.7086452284765052
0.9999400586629233 0.0001501517866016296 0.010947900969155254 71.92667981648589 -0.0002528022424360996 0.9999560171971034 0.009375487311737807 0.3338933032800072 -0.010946011703614677 -0.009377692986407567 0.999896116455123 0.7295144142467501
0.9999445601794639 0.00039744747102102166 0.010522290768001728 73.29709430730436 -0.0005331623820874174 0.9999166727871605 0.012898186699263839 0.33486037278530784 -0.010516287623154963 -0.012903081715718873 0.9998614494903104 0.7258769454673875
0.9999475269880699 0.0011517860076167004 0.010179226858460429 74.68443239603106 -0.0013216023664044455 0.9998598106334448 0.016691687968482794 0.3505911384741409 -0.010158574586449516 -0.0167042649956452 0.9998088671807861 0.7363665928902301
0.9999465570483856 0.001941241598632639 0.01015453731764065 76.1361900098196 -0.002121622351255981 0.9998396179553227 0.017783056136469813 0.3621575456271221 -0.01011838750385996 -0.017803649850800924 0.9997903021565632 0.735408251461086
0.9999419541032253 0.0021581646463461534 0.010556076429370386 77.50665641868065 -0.002352322553601354 0.9998276568093784 0.01841529955422135 0.3613285869310166 -0.010514513913028309 -0.018439061918306694 0.9997746976157906 0.7433662320412816
0.999937807051713 0.002359150478224288 0.010900295300236142 78.90556410183206 -0.0025514526564924616 0.9998407622481927 0.0176618299248469 0.36618462912863464 -0.010856892647204982 -0.01768854307097207 0.9997845984641258 0.7652136516037272
0.9999515785999997 0.0019199381719095772 0.009651647153961228 80.2812287966991 -0.0020819922042285745 0.9998565614441709 0.016808386165853235 0.3626429497519454 -0.009617991673424075 -0.016827666934395854 0.9998121442859729 0.7607083426495935
0.9999491084455637 0.0018329101707940268 0.009920733804915429 81.67263226571646 -0.001997201764010556 0.999860615078188 0.016575934380338102 0.3713727537463099 -0.009888968805493578 -0.01659490451232671 0.9998133913086934 0.7804035806813692
0.9999449045232098 0.001464564210259319 0.010394372022529174 83.05893870308049 -0.0016276144370233013 0.9998754962993591 0.015695310489267165 0.38132658414833137 -0.010370091094735044 -0.01571136377862005 0.9998227914280123 0.7804525546278736
0.9999537671215855 0.001221055154850492 0.009537958044507707 84.42831838118884 -0.0013746828131310004 0.9998691667275368 0.01611706160391817 0.3920430214729506 -0.009517030341091621 -0.016129428132764786 0.9998246184614563 0.7837087674098672
0.9999523826770176 0.00042410673595102337 0.009749487783051744 85.83276530371124 -0.0005746477995562077 0.9998805798710592 0.01544330847392216 0.39557767423220314 -0.009741773886814426 -0.01544817562661597 0.9998332119465462 0.7782650188662048
0.999946226857821 -0.0008114358647302525 0.010338518493708352 87.18910446254125 0.0006486550981227607 0.9998759283901694 0.015738712541387766 0.39944161605277323 -0.010350006732896336 -0.015731160088632585 0.9998226882617212 0.7910751132164225
0.999931250997167 -0.0018933019192621937 0.011571892113364476 88.57711493913038 0.0017261739218757664 0.9998943120950207 0.014435545144428796 0.40423004818191727 -0.01159799994965791 -0.014414577616701915 0.9998288385265248 0.7967870972775594
0.9999202941334844 -0.0029592284270201176 0.012273888834543665 89.95774346098254 0.002813706671728647 0.9999257495692966 0.011856576362744623 0.40633766324769455 -0.012308063810831067 -0.01182109620114991 0.9998543760217443 0.8124600219480487
0.9999118174975269 -0.003868584654934614 0.012703986837211275 91.33166883459525 0.0037307263349668444 0.9999340970273113 0.010857406835400088 0.41557935445978444 -0.012745152404189513 -0.010809054303842318 0.9998603529669784 0.8176141519497556
0.9999181669304349 -0.004210374215310599 0.012080239709799037 92.70550565715673 0.004089577413526665 0.9999415672042745 0.010006874319091376 0.4258930826543798 -0.012121666513228716 -0.00995665235038191 0.9998769575677379 0.8206894617718201
0.9999157091398945 -0.00439978048137674 0.01221542250508164 94.03230150681945 0.004298903339108566 0.9999565442012741 0.008272190709004685 0.43690812922240185 -0.012251287497359615 -0.008218980518339148 0.9998911712350981 0.8374206217572846
0.999919782176417 -0.004737937353894988 0.011746538294212917 95.41073986283797 0.004646894120561283 0.9999590480598934 0.007765859783956356 0.4529867996109247 -0.01178285140783575 -0.0077106519038499105 0.9999008502146193 0.8326728902771949
0.9999271127381351 -0.00451983993900307 0.011195546351237554 96.76224989511151 0.004435755605558913 0.9999618560554 0.00752399537794797 0.45863731704310595 -0.011229126563747888 -0.00747378626704179 0.9999090204790883 0.8336278573784873
0.9999345926832808 -0.004341434738821563 0.010581223924002065 98.10029267945829 0.004249760149249242 0.9999533752798787 0.008671032525135201 0.47517428553915136 -0.010618375299224141 -0.008625497712402041 0.9999064210691009 0.8432006814416083
0.9999339399303772 -0.004005228319359143 0.010773760783620774 99.46705404791106 0.0038949211121198325 0.9999399834187038 0.010240075689803507 0.4951727570546449 -0.010814128020476018 -0.010197436281357443 0.9998895273621204 0.8448753830498138
0.9999193921607098 -0.003994309142331681 0.012052164761245713 100.80563913154872 0.0038669256715217534 0.9999366145867085 0.010574199483813862 0.49955066536279696 -0.012093637451472298 -0.010526742295128576 0.9998714575533418 0.8461799778047461
0.9998989744369553 -0.0038665151837579356 0.013678120494383267 102.143082093304 0.0037152974759061983 0.9999318939677857 0.011063633700668032 0.5213217252136629 -0.013719966639559414 -0.011011697704296178 0.999845240539294 0.8480342621511731
0.999909976522451 -0.003671844726832067 0.012905673449051747 103.48372497326305 0.0035386864108292878 0.9999404286094838 0.01032554748028991 0.529329172559857 -0.012942818447205994 -0.010278948807341377 0.9998634040017961 0.8652440329745756
0.9999371918534038 -0.00364752744907389 0.010597541782762438 104.80615255774498 0.003538222416596152 0.9999405422795995 0.01031469280739712 0.5368649097741637 -0.010634534802229935 -0.010276548500762595 0.9998906436308181 0.8651246416348666
0.9999501912062276 -0.003774305732680411 0.009239573738278805 106.15172018732005 0.003689198512602037 0.9999507729703122 0.009210941885049981 0.5538950652899582 -0.00927388381226822 -0.009176396477452844 0.9999148907915738 0.8676148246017242
0.9999393233090208 -0.0034450911551490485 0.01046331913067963 107.49134753148485 0.003361776368831683 0.9999625901868543 0.007969735657048458 0.558398311547489 -0.010490384165687042 -0.007934076740867746 0.9999134973918126 0.8779110672749092
0.9999185856294669 -0.0028756072981456003 0.01243193450085024 108.82494383398428 0.0028152397132011515 0.9999841755973796 0.0048706242091119106 0.5641171500425065 -0.012445743775435593 -0.004835228794589113 0.9999108580390454 0.8724244083943107
0.9999080213407324 -0.0021118967253262494 0.013397341179614539 110.16366681885174 0.0020614659373342416 0.9999907425281763 0.003776932106320831 0.5784498531585982 -0.013405193644653174 -0.0037489665466769262 0.9999031183235609 0.8812910491376483
0.9999201193753964 -0.0014326118095230667 0.01255796526895342 111.48154738604445 0.001394411366198141 0.9999943760620491 0.003050157572149408 0.5839663369600779 -0.012562264335494724 -0.0030324029541500554 0.9999164935368797 0.8893473230532675
0.9999477134317682 -0.0006209650902578912 0.010207095812961605 112.81759324757616 0.0005773526811153727 0.9999906948545313 0.004275145404921637 0.5967889885518195 -0.010209655550502485 -0.004269028778105708 0.9999387672886935 0.8929977697847423
0.9999654673056472 0.0003421561292000387 0.008303440574960222 114.1749227272506 -0.0004029384449795426 0.9999731304241998 0.007319567626300575 0.5962400019847943 -0.008300713030107858 -0.007322660637342196 0.9999387365255845 0.9049894614029967
0.9999677102656918 0.001818195077288222 0.00782768117966641 115.47813531969366 -0.0018980199554357975 0.9999461523547984 0.010202446328343542 0.6116125284943138 -0.007808709639777006 -0.010216973989146103 0.999917315329756 0.899963493479892
0.999942610956015 0.0032752566105634716 0.010200367081764911 116.84888036036422 -0.003386329952346787 0.9999349575035082 0.010890983973501531 0.6217255881613687 -0.01016403285717003 -0.010924900758917147 0.9998886632918118 0.9094658895992205
0.9999194326513503 0.004105226984369716 0.012011466089051534 118.14360565863457 -0.004241786657867479 0.9999264101101925 0.011365808818213648 0.6260190633073249 -0.011963922941525897 -0.011415843181729873 0.999863262187535 0.9032832200095307
0.9999008222961258 0.005120487196819356 0.013119686825481047 119.51295807424123 -0.005264163887745497 0.9999262975871632 0.010940199824089973 0.6232988061309664 -0.013062700719776445 -0.01100817898179672 0.9998540822767141 0.9127647967856526
0.9999007490860122 0.006013215270112712 0.012741005429194752 120.83708469798972 -0.006153518411908396 0.9999205474537073 0.01100149949018085 0.621506623593608 -0.012673838739142582 -0.01107880959279599 0.9998583068563368 0.9175989007757968
0.9998936670159947 0.007392151301258589 0.012570233110259876 122.1431963130299 -0.0075521404754235475 0.9998904737337744 0.012728146396377663 0.6169240475466895 -0.012474767955615132 -0.012821725140847982 0.9998399789610665 0.9192345872968535
0.9998910723575739 0.008453799487440378 0.012098623634408497 123.51208708501976 -0.008629780450478707 0.9998566396982137 0.01456801087222028 0.6190545794866387 -0.011973734129228466 -0.014670832478859048 0.9998206821052362 0.9185926370792592
0.9998869612563785 0.009675929250967306 0.011508305809960194 124.84596937615268 -0.009851628676287704 0.9998342645241244 0.015309764724766344 0.6218118078104856 -0.011358262275094465 -0.015421409683729608 0.9998165681771115 0.9217664489437583
0.9998819991448422 0.010759585173040483 0.01096444768412525 126.18436550632366 -0.010935198294750965 0.9998108366423026 0.016084538254898348 0.6098505043215857 -0.010789310653063417 -0.016202538675247784 0.9998105163060194 0.9196294279382261
0.9998769368019161 0.011605156037043146 0.010556116945776019 127.51716806913421 -0.011771763837305764 0.9998049193686898 0.015860289478023138 0.6076078890212033 -0.010369996517632919 -0.015982601775802092 0.9998184933340153 0.928966538885539
0.9998562321651605 0.012555260641158897 0.011396509585004514 128.8523415631738 -0.012730481871080565 0.9997998290293613 0.01543491834089426 0.5987155140464094 -0.011200438911874059 -0.015577782354768963 0.9998159244906478 0.931804779736625
0.9998323551390587 0.013472860581567108 0.01239934049992744 130.222350372679 -0.013658769425330324 0.9997937032239628 0.015032930901876934 0.5892185282031901 -0.012194245973783994 -0.015199770441181015 0.9998101156437988 0.9363917383199738
0.9998201482729973 0.01382732923815276 0.012979833338742341 131.5461676670384 -0.014000668420673693 0.9998127282730377 0.013360002507458047 0.5712292272727388 -0.012792669429644143 -0.013539326030665658 0.9998265020789854 0.9318679937776405
0.9998149074961056 0.013836089397930816 0.013368372328980306 132.89175217574834 -0.014006193414934486 0.99982105342957 0.012715646464446152 0.5588868798387532 -0.01319004528336524 -0.012900532902085968 0.999829784991558 0.9461434857341658
0.9998095692344221 0.013701430798147902 0.013895900883454566 134.21408666223226 -0.013840775624347549 0.9998543890691886 0.009981662646891083 0.5441049876268451 -0.013757114428385623 -0.010172091877457563 0.9998536244618212 0.9292846385214759
0.9998127753426498 0.013138722218125195 0.014205218762951026 135.5546175158522 -0.013265227800658612 0.9998728623317596 0.008848327745437918 0.5247802388146054 -0.01408715702421842 -0.009035106583156389 0.9998599496209487 0.9472202817678516
0.9998336726206891 0.011998801282806743 0.01373520518959478 136.89795740008802 -0.012116033660567167 0.9998906055854246 0.008484019704651983 0.5178633022324328 -0.013631904568348452 -0.008649024788300413 0.999869674281629 0.9484653588488701
0.9998255105177991 0.010991052729741104 0.015104478730314003 138.2363629058506 -0.01110449273662293 0.9999106113273812 0.007447119977901221 0.5038578181671711 -0.015021276872647878 -0.007613548108143636 0.9998581875077687 0.9549770579620889
0.9998306510369056 0.00993331577695686 0.015491884481648443 139.57867257019353 -0.010033863113937768 0.9999290105323596 0.006426156455244271 0.4848151342156954 -0.015426951679714269 -0.00658051164057769 0.9998593431220314 0.9573978305777556
0.9998399945391938 0.008634734980644352 0.015666099440475596 140.93863708935908 -0.008714555750272392 0.9999493562237979 0.005034034732453359 0.48442774170810027 -0.015621838494243478 -0.005169752356369614 0.9998646067456501 0.9577689114897066
0.9998556988722432 0.007433564750439284 0.015274932006367073 142.26241263094113 -0.007493443514263544 0.9999644483046233 0.00386657873693462 0.48087387940764936 -0.015245646493233808 -0.0039804826254362475 0.9998758553045833 0.9456168604040748
0.9998688321421741 0.006425489091758325 0.014867131551733047 143.61524609988118 -0.00648661090200915 0.9999706927249179 0.004066641151336215 0.47165768212017717 -0.014840565678260973 -0.004162545036332923 0.9998812083588579 0.9388567969338222
0.9999044913197535 0.005639795128919337 0.012617485862449403 144.9690953696037 -0.005665097590973008 0.9999820117236164 0.0019705071615580393 0.4656094818305967 -0.012606145638935189 -0.0020417982497831205 0.9999184547512048 0.9431657911731266
0.999922802594841 0.004572498459151129 0.011553402473715836 146.273886995867 -0.0045597963484848075 0.9999889706606322 -0.0011255284756847485 0.4726668567758731 -0.0115584215245399 0.0010727604253947685 0.9999326237686871 0.9564677787045773
0.9998859804772716 0.0037232334324813973 0.014634328744859431 147.67187245176922 -0.0035660441907922904 0.9999358305203716 -0.010752589007483344 0.4611730537247551 -0.014673424066477559 0.010699176339409864 0.9998350955291695 0.9465260076645173
0.9998649828798242 0.0022134235460545583 0.016282406668995664 148.98065306022627 -0.00193431942240251 0.9998512750286924 -0.017137276092477966 0.44609092185457866 -0.01631791711894933 0.017103466891349006 0.9997205594570893 0.9570525613362925
0.9999105166142317 0.001391554167806907 0.013304974305063501 150.27703772795724 -0.0011306514349452097 0.9998073236888841 -0.019596865193284897 0.41861360285588184 -0.013329680851130574 0.019580068311147024 0.999719430907161 0.9577042681654363
0.9999468491693897 0.001284071514209813 0.01022985809071035 151.68340370229234 -0.0010916390784128324 0.9998227758461125 -0.018794286990909514 0.4375915037551352 -0.010252178321320747 0.018782120746086785 0.9997710361777576 0.9619083661438991
0.9999656870554918 0.002391289769129916 0.007931358324923466 152.9926473464136 -0.0022670179709823944 0.9998751088596106 -0.015640566246171692 0.4423738484034736 -0.0079677688945853 0.015622049040433107 0.9998462212973657 0.9608466915846579
0.9999606036601637 0.003261847150513404 0.008255391012390718 154.36633242952504 -0.0031314811009140555 0.9998709693109592 -0.015755588065106955 0.4457165174991206 -0.008305718133634921 0.015729115751669267 0.9998417924671658 0.9704568619026722
0.9999303385171717 0.0036928420037958373 0.011210755142681649 155.6881558008601 -0.003474425532655091 0.9998049861669815 -0.019440113241943856 0.446701877603242 -0.011280358157088643 0.019399808080920997 0.9997481687736522 0.9655507638949662
0.9998772720976619 0.004133464916818665 0.0151114264819563 157.0449860448628 -0.0037485865296385244 0.9996700965913593 -0.025409566703354123 0.442272061905817 -0.015211470723370358 0.025349801750779413 0.9995629038282824 0.9757469685421264
0.9998646354488957 0.004310793622360887 0.015878533842656178 158.3842672011963 -0.003866096573223528 0.9996023720063215 -0.02793118645210554 0.4230715766000826 -0.015992625673524472 0.02786601761431273 0.9994837272244033 0.9729943263782975
0.9998609583632666 0.004117820932545534 0.01615882086222728 159.71606425886176 -0.0036485217565449964 0.9995737479746608 -0.02896568053544403 0.4160869688892651 -0.01627120861774194 0.028902697290337336 0.9994497895639686 0.9867028587182358
0.9998559335145353 0.005243272214990796 0.016143739103966066 161.08580830812895 -0.004783334342617061 0.9995852463846459 -0.028398149987520372 0.418782843690242 -0.016285942660594067 0.02831683786418372 0.9994663199753303 0.9641731261392841
0.9998537245307532 0.0064658819740918356 0.015834200714839923 162.4252958873939 -0.006050120407749084 0.9996393087017201 -0.026165789523707145 0.4211295784599791 -0.015997674363246082 0.026066163289681105 0.9995322053572477 0.9532511808167569
0.999871101701482 0.0073676568380543405 0.014265259022576268 163.7737950709114 -0.007033098835819568 0.9997023214799359 -0.02336244739732299 0.4244647318249696 -0.014433139056702666 0.023259107040979915 0.999625279010403 0.9519232860338332
0.9998785890929744 0.00790196767786852 0.013430040218128606 165.12318283588354 -0.007606333580784425 0.9997307217453271 -0.021923222573902813 0.4221216207097635 -0.013599660396512184 0.02181840748966276 0.9996694485337213 0.9304218441814457
0.9998612338391352 0.008187111399163569 0.014508076117106491 166.46445719741268 -0.007873570384778936 0.999737017841376 -0.021538385432244445 0.4223085479572693 -0.014680597912823643 0.02142116627473102 0.9996627499713852 0.9299829101507283
0.9998576627986611 0.008011879613881357 0.014848027742826883 167.79692881728477 -0.007701160706529119 0.9997526008204917 -0.020866942191777132 0.4151508625175285 -0.01501153778169633 0.02074962500180254 0.9996719996057274 0.9184282784255038
0.9998926949893159 0.007525054050503982 0.012568693987042126 169.18273171754845 -0.007297713930413518 0.9998106912307786 -0.018036769999717376 0.41089171376484235 -0.0127020422921971 0.01794311183072351 0.9997583222256454 0.9273902102270878
0.9999326068273181 0.0067085406566622565 0.00947508763980642 170.60450213560694 -0.0065796033893773635 0.9998862175682428 -0.013574267431838071 0.41877511762610514 -0.009565073066244543 0.01351101030013949 0.9998629716005624 0.9288822819302262
0.9999426463495811 0.0064654123888412875 0.00853829339147365 171.95516884305627 -0.006387044601218694 0.9999375199074961 -0.009173981824043605 0.417953506142298 -0.0085970734938529 0.009118921201987486 0.9999214647178313 0.9232091081222022
0.9999297508884196 0.006825760417469945 0.009690319032225479 173.30154592321506 -0.006774644561223909 0.9999630169978196 -0.005298002235489141 0.41974006810019404 -0.009726123549086252 0.005231981588410756 0.9999390125849508 0.933543151374183
0.9999002799039948 0.007503177076342189 0.01196380297705631 174.70350280381973 -0.007497246262076897 0.9999717491785293 -0.0005405028383262093 0.4253317993498249 -0.011967520478300521 0.0004507533621813205 0.9999282850659881 0.9517203992188625
0.9998669059793628 0.007595782314333175 0.014438643228829151 176.0925281065901 -0.007613823102823096 0.9999703004908134 0.0011949201108399782 0.4244249097244583 -0.014429138055166974 -0.0013046943495071657 0.9998950433658721 0.9479487369986094
0.9998555004328245 0.006672964026198249 0.01563489064020171 177.46258725098062 -0.00664294217686114 0.9999759922979128 -0.001971331286117551 0.4179979967905224 -0.015647669905161032 0.00186718475513554 0.9998758243140141 0.9406687948620572
0.9998634714878278 0.005269272202827539 0.01566119902058105 178.88066423453387 -0.0052066735916660575 0.9999783038578868 -0.004035141089690859 0.41231351746823197 -0.01568212148975983 0.003953047426527193 0.9998692136882824 0.936223297102129
0.9999238703639585 0.0031272768479548496 0.011936231225884601 180.2176217115071 -0.0030480435627754533 0.9999732399270738 -0.006650478192631842 0.4079588282680487 -0.011956709697946176 0.006613589741395679 0.9999066444043322 0.9287726510014144
0.9999671456570216 0.0015248697055274545 0.007961305102185363 181.63582004022348 -0.0014932090299863531 0.9999909599452041 -0.003981250389250375 0.4149641191921846 -0.00796730401965968 0.003969231695215545 0.9999603828484446 0.9393822785245836
0.9999726250710258 0.0008491245527995504 0.007350380674192823 183.0293472002321 -0.0008472853466582275 0.9999996089657689 -0.000253329529894912 0.4371101736548289 -0.00735059290826615 0.0002470947251794207 0.9999729534982902 0.9428834612342607
0.9999644311546224 0.0004891422541010715 0.008420045455207335 184.35685419810943 -0.0005129957726175524 0.9999958610789477 0.002831017539887072 0.45466617857532454 -0.008418625835003078 -0.0028352362915857036 0.9999605433086953 0.9355491007871711
0.9999313315612307 0.0008855664408703069 0.011685372662554885 185.80249092714604 -0.000954877833671449 0.9999819779692507 0.005927220683227488 0.4526204231130029 -0.011679913120684747 -0.005937971773570595 0.9999141563757908 0.9468568472438779
0.9998962816018038 0.00125492294947374 0.0143475157179682 187.16654359307867 -0.0013510424934660287 0.9999766979318693 0.006691657302650779 0.46256073407746234 -0.014338783876860321 -0.006710347358084717 0.9998746774047569 0.9535956696174281
0.9998911828024509 0.0014122991134837748 0.01468427611868199 188.62171715015896 -0.0014837009963301776 0.9999871248089442 0.004852715496968691 0.46556987774427583 -0.014677233570027088 -0.004873974513175483 0.9998804044420391 0.9358096521868627
0.9998816294199097 0.0012858492719801042 0.015332114669427828 190.04021295106293 -0.0013576077238804272 0.9999881702792993 0.004670781811139108 0.46184127072432535 -0.015325927373402106 -0.004691043925285282 0.9998715467784031 0.9405763083484239
0.9998688784845946 0.0014641546971131093 0.016127060766977567 191.3864694670674 -0.001489404609458709 0.9999976837078874 0.0015537865906379048 0.46699179720137063 -0.01612474842805892 -0.001577602574428881 0.9998687432149527 0.9416682078361281
0.9998696931161198 0.0017647220890228273 0.016046262612356907 192.84896056797513 -0.0017680812183365065 0.999998417900174 0.0001951562305710628 0.46748345872978975 -0.01604589282905672 -0.00022350189592019085 0.9998712313944336 0.9316312911674549
0.9998538471697579 0.0022465871563571763 0.016948072043252018 194.21482861202827 -0.002202966130891757 0.9999942141305286 -0.002592035048483559 0.46644208926919023 -0.016953797216568138 0.002554320186529939 0.9998530113013233 0.9260094450941415
0.9998239384083676 0.0026453234576333698 0.01857671793900124 195.65941326895924 -0.0025020027979469083 0.9999669614709829 -0.00773407709355822 0.4644378394240141 -0.018596563327125303 0.00768623641937527 0.999797524302859 0.9169650102532532
0.9998092082672446 0.0028997214686048004 0.01931679785653452 197.07457077243185 -0.00268215404747119 0.9999327869528313 -0.011279522437115167 0.45165189661452965 -0.019348206989055556 0.011225559769929649 0.9997497855434431 0.9175133345723113
0.9998680981558905 0.003123336059169698 0.01593835192182576 198.4919695236297 -0.00297536006795416 0.9999523316289723 -0.009299553873591469 0.4589051604540384 -0.015966637798500362 0.009250904909428946 0.999829729121798 0.918175079966766
0.999936436668539 0.0032811968169248105 0.010786860992586746 199.93165727296736 -0.003246614901975177 0.9999895394400141 -0.00322187867967615 0.4754914284945907 -0.010797319774048547 0.0031866531026896404 0.9999366295559434 0.9105135068232998
0.9999400984917299 0.004606098565352359 0.009928911539328929 201.37556664050925 -0.00467787720446802 0.9999630068775248 0.007218195156648188 0.48787632256019137 -0.009895296519532836 -0.007264209004826321 0.9999246543486788 0.9027084839076509
0.9998894378307205 0.00579718238817857 0.013693238876328263 202.8127033768335 -0.005981393967207866 0.9998916500956123 0.013450315806060723 0.5062361068499315 -0.013613781281298918 -0.013530733366374115 0.9998157751374966 0.8943412444490775
0.9998524976006319 0.006657192154425365 0.015832398251607642 204.23493614654097 -0.0068999869996693095 0.999858673630951 0.015330458060987987 0.49960004923133805 -0.01572810291112205 -0.01543744012375026 0.9997571266168813 0.8889613990936632
0.999845943575644 0.006218816077484401 0.016413879551294377 205.7135042066896 -0.006454424662253557 0.9998763375555666 0.01434050203953623 0.4975190699824717 -0.016322668826183762 -0.014444234942047683 0.9997624390620651 0.8874284235086503
0.9998459423599132 0.0049311276263107415 0.0168456382114238 207.14444327065814 -0.0051153521278222884 0.9999273943583328 0.010910507979171279 0.4866019750927727 -0.016790614015738992 -0.01099499850332919 0.9997985723578956 0.8868725424621849
0.9998571776963173 0.003820355224298231 0.016462961310625187 208.57941336260646 -0.003966547713700645 0.9999529124560336 0.008856600359666988 0.4808541585427485 -0.016428350750757083 -0.008920636561148226 0.9998252504987829 0.8805481651040653
0.9998669847621607 0.0033155860077770014 0.015969335366569637 210.07115523373866 -0.0034606441568061867 0.9999529283623365 0.009064491249261425 0.4844733700790006 -0.015938529563447868 -0.00911854972092641 0.9998313934490864 0.8693939523041834
0.9998678560722867 0.0031260562341162965 0.015952998646968763 211.52886326727617 -0.003288035150202362 0.9999432093448847 0.010137401536045995 0.48992681972762325 -0.01592040257845505 -0.010188515960292579 0.9998213515044909 0.8675029876188233
0.999857310188876 0.0029348156017410076 0.01663568812070969 212.9647416361181 -0.0031245009901850578 0.9999302751200032 0.011387817701253368 0.49055714782664245 -0.016601107054292387 -0.011438170999702027 0.9997967650921629 0.8545628680997034
0.9998575930748372 0.002562017158402192 0.016680216985201626 214.41075308255876 -0.002746441596141324 0.9999352527915507 0.01104297438448847 0.5010747380752338 -0.01665084469786265 -0.011087213030222543 0.9997998915173326 0.8588693789881986
0.9998665468841834 0.002314061879675483 0.016171998624658547 215.8827867499033 -0.0025009727313579436 0.9999302031452577 0.011547033094291493 0.5006529725825534 -0.0161441493209128 -0.011585937834318452 0.9998025467497086 0.8585822173620407
0.9998734961317252 0.002051462314556356 0.01577286390269479 217.3572255752324 -0.0022206497276457135 0.999940111247671 0.010716465498590715 0.5074012199734285 -0.015749934860439397 -0.010750135830180623 0.9998181705347852 0.8467460896164727
0.9998733415700976 0.001417202104696782 0.01585220349483034 218.81410401536704 -0.0015860451321329208 0.999942097653312 0.010643580296743302 0.5010378307805526 -0.01583620151064976 -0.01066737450776093 0.9998176943037291 0.8472025122426917
0.9998777331023899 0.0012033843142178408 0.015590725198598148 220.29913297373372 -0.001407649620695426 0.9999132348519169 0.013097377238239392 0.5094191629589802 -0.015573611288691678 -0.01311772214096982 0.9997926725062858 0.8503957406553608
0.9998797975358432 0.0011522338930628033 0.015461656985492695 221.79759417762168 -0.0013193146288227276 0.9999408048355782 0.010800288592741196 0.5172212756098304 -0.015448297271593787 -0.010819389161685542 0.9998221296458568 0.8334639869258167
0.9998829328923693 0.0006323232130284387 0.015287925886388635 223.27710898494632 -0.0008278580405852777 0.9999178976614149 0.012787204050948558 0.5175418036184664 -0.015278585065970103 -0.012798363322324549 0.9998013636391239 0.8343124850281247
0.9998821135295511 0.0002896212072802906 0.015351715318953659 224.75955471895327 -0.00047087057531859807 0.9999302176356736 0.011804157741058162 0.5234936495463541 -0.015347225305546344 -0.01180999486158981 0.9998124757657257 0.8215860706176171
