1.0 -2.1684043449710093e-19 -2.5135375298442207e-37 0.0 2.1684043449710093e-19 1.0 2.3183291766350204e-18 -8.673617379884035e-19 -2.51353752984422e-37 -2.3183291766350204e-18 1.0 0.0
0.9999995143627741 -0.00037225909652733365 0.0009125225372576573 1.319952510875006 0.00037243003319044625 0.9999999131334133 -0.00018716045591025786 0.006244847736237923 -0.0009124527858077164 0.00018750021581701113 0.9999995661366973 0.017301936975066722
0.9999990846432909 -0.0003937389505839258 0.0012944814479201939 2.619896816655918 0.00039487258886728815 0.9999995386929219 -0.0008756081212866422 0.016523655823604926 -0.0012941360897439412 0.0008761184750334549 0.9999987788133539 0.025508889013804655
0.9999988902054211 -0.0008894267231523395 0.0011952020876457097 3.9447468456457537 0.0008912196422430987 0.9999984772585498 -0.0015004026561752574 0.01200206996268844 -0.0011938657694440587 0.0015014661786134833 0.999998160140227 0.04928634797938006
0.999999204087918 -0.0003098738894752148 0.0012230297230141406 5.259662251608118 0.0003126187971540875 0.9999974315722786 -0.0022447980607671943 0.020454820535258367 -0.0012223309774445196 0.0022451786161861885 0.9999967325346434 0.05749355577486856
0.9999984737384339 -0.0006959018823227027 0.0016025733595711796 6.584741019837491 0.0007000026997389939 0.9999964788122759 -0.00255975765835588 0.015021684862754967 -0.0016007863764367994 0.0025608755571743776 0.9999954396892806 0.07091307649540197
0.9999961205029086 -0.0004541597513867843 0.002748220888588235 7.9167951656826405 0.00046418827408029804 0.9999932325998437 -0.0036495593927238406 0.020053628410124594 -0.0027465448072912933 0.003650820926179857 0.9999895639446377 0.09565471975757216
0.9999952091387854 -0.00025590014468097856 0.0030848362343736803 9.235281527207576 0.00026779237214733827 0.999992532588809 -0.0038552631382356532 0.03851170451543242 -0.003083826636238204 0.003856070763817901 0.9999878102914764 0.10707637042710685
0.9999964748595037 -0.0008293488067056792 0.002522389565987495 10.566122985719947 0.0008381903509477299 0.9999935020110705 -0.003506190606684976 0.032307128086930245 -0.0025194653205322833 0.003508292489466023 0.9999906720456481 0.12335566723708323
0.9999997387294042 -0.0007226112691906408 -1.93410701567064e-05 11.88995770114934 0.0007226039748548913 0.9999996687857056 -0.0003745290038375048 0.05001564307102473 1.961170262947922e-05 0.0003745149300499157 0.9999999296769717 0.13159256295604946
0.9999995132481797 -0.0007975755855695855 -0.0005808412767497504 13.228153665494613 0.0007988126120499887 0.9999974069408389 0.0021326063886517 0.04724450039090331 0.0005791388558047384 -0.002133069333939125 0.9999975573037176 0.14604379907239345
0.9999995994945784 -0.0006503913035958847 -0.0006148185383461264 14.568850977638196 0.0006534809501369525 0.999987093024161 0.005038526345641399 0.07035801485731821 0.0006115335891799628 -0.005038926099886881 0.9999871175422358 0.1573777945582324
0.9999999519213563 -0.0001809421008061657 0.0002518278009999476 15.91504318589962 0.0001795219222230152 0.9999841458604974 0.005628125756509475 0.09001962331995975 -0.000252842173384844 -0.005628080277305917 0.9999841302656896 0.18033363623480514
0.9999954032245418 -4.189793362471318e-05 0.0030317939159963917 17.263780857205568 2.9502769570606533e-05 0.999991642341835 0.004088321913210627 0.07934666569181087 -0.003031939869539372 -0.004088213673795502 0.9999870468409002 0.199138416867493
0.9999868992179279 8.636832872326566e-05 0.005118000881729084 18.626618112835526 -8.478998371822449e-05 0.9999999487861577 -0.0003086070974556346 0.08414381406005704 -0.0051180272734958334 0.0003081690992498733 0.9999868553279257 0.21373188269916224
0.9999938695787469 -0.00020673767999595283 0.0034954348020933505 19.962978842757675 0.00021549354073884162 0.9999968398880789 -0.0025047507639594647 0.07623201300595701 -0.003494905929766255 0.0025054886524040723 0.9999907540368334 0.24178775353908177
0.9999993391484573 -0.00015446439890912667 0.00113922930004185 21.322452702447404 0.0001580280756290881 0.9999950930550744 -0.0031287206491540744 0.07863466868417324 -0.0011387404339519907 0.003128898611748193 0.9999944566164862 0.23315918883591952
0.9999999757275674 0.00021387388034628944 5.294173992400305e-05 22.667197337881078 -0.0002138099253759936 0.9999992510120981 -0.0012050977381088245 0.08907156310649207 -5.3199439200726227e-05 0.0012050863893887087 0.9999992724680422 0.2801563619370253
0.9999986554823734 0.0009454925068666686 0.0013398049727913455 24.03346618678009 -0.000947584150747841 0.999998332084489 0.00156138160529309 0.09699588949745395 -0.0013383264635016857 -0.00156264908394531 0.999997883502819 0.2640076709842526
0.9999794573015364 0.0017739530932700683 0.006159388390707573 25.427308963459467 -0.0017843207008369335 0.9999970000296743 0.0016781332748846388 0.11200819276468277 -0.006156392983011275 -0.001689089125708825 0.9999796226940647 0.2767665060619218
0.999975022852536 0.0018644076833865312 0.006817452241121804 26.798957274009858 -0.0018643873397883545 0.9999982619848018 -9.339311014039468e-06 0.09762251053927756 -0.006817457804569409 -3.3712939032681764e-06 0.9999767608588297 0.28711702846729925
0.9999773211190502 0.0018203861929097587 0.006484091430308822 28.170999530023643 -0.0017951727755022445 0.9999908140084146 -0.0038922041948630977 0.10251620549431324 -0.006491117182275818 0.003880475859617972 0.9999714032435272 0.3212924430991936
0.9999905022115686 0.0017515258730417527 0.003990945222748909 29.5329183810937 -0.0017353702184060302 0.9999903012459511 -0.004047950621864671 0.10647537912954809 -0.003997996605799762 0.0040409864078032355 0.9999838430954733 0.31050384157487604
0.9999947821719078 0.002533915790761022 0.002003721468597379 30.9152708302276 -0.002525304095390828 0.9999876145948071 -0.004288763949346195 0.10870722485227755 -0.0020145640183891925 0.0042836815652825076 0.9999887957392638 0.34358608326373224
0.9999952805230916 0.002939773467691569 0.0008925600831294017 32.301211722474704 -0.0029381040975071477 0.9999939429575841 -0.0018659025848857939 0.11734906730315872 -0.0008980400077674638 0.0018632713443641174 0.999997860869733 0.330583302613942
0.9999933383297674 0.0034780563190392297 -0.0011074386343049806 33.68320444062509 -0.0034785984357368345 0.9999938305982555 -0.0004879737187561577 0.12011258998105157 0.0011057346019950935 0.0004918228023371292 0.9999992677303924 0.3675254771568356
0.9999928463390139 0.003735341975033393 -0.0005953915744195195 35.07546034357667 -0.003735554297474879 0.9999929594607446 -0.0003558975023462706 0.13347448284201843 0.0005940579836624439 0.00035811907393069615 0.9999997594228915 0.3595739286038509
0.9999945008532704 0.003164572750780198 0.0009918379522670547 36.469740323900254 -0.003164347646233508 0.9999949673459626 -0.0002284441307686417 0.1263020628577542 -0.000992555888761086 0.0002253043544311458 0.9999994820352437 0.3943323847207996
0.9999928796095113 0.0029115030132066304 0.002400808297519719 37.86952522837936 -0.002913877100510418 0.9999952685846419 0.0009859658072298406 0.13663374556558558 -0.0023979262958797997 -0.0009929544470891427 0.999996631989801 0.39675812383995473
0.9999931176857499 0.002504224535190187 0.0027374149504723064 39.264914674382375 -0.0025125986330768618 0.9999921616552405 0.003059979769276372 0.12956477795568705 -0.0027297306172547674 -0.0030668367345967223 0.9999915715060805 0.40745950436564143
0.9999908800853236 0.003013783074417431 0.0030260300329629807 40.662201924087796 -0.003031098706699943 0.9999789663871678 0.0057340407987586505 0.14630443255899128 -0.003008685229511531 -0.005743160700515164 0.9999789817382951 0.43303980129012226
0.9999891218869892 0.003035995493143474 0.0035410223176499025 42.088361010494054 -0.0030661000620099987 0.9999589400122536 0.008527445102728017 0.15749210512229567 -0.003514987638417019 -0.00853820946896422 0.9999573710118677 0.4520292034186332
0.9999901889125762 0.002642727869594577 0.003555006047487871 43.478391179054405 -0.0026760637274778013 0.9999521882111017 0.009405316302819187 0.15400923283035267 -0.0035299803847733836 -0.009414737449173337 0.9999494497009568 0.455321843788309
0.9999914424105492 0.002322901373464197 0.0034233368047306193 44.905170069524495 -0.0023515590659565905 0.9999620285666585 0.008391161708162238 0.1641555845180731 -0.003403714974668483 -0.00839914007874431 0.9999589337419357 0.46731813866791405
0.9999949419876568 0.0014042983701865112 0.002853759834031863 46.30479777848942 -0.0014268221615138384 0.9999677289639404 0.007906023603496298 0.15099518169290987 -0.002842565324184307 -0.007910055422506161 0.9999646747988604 0.48468105204214
0.9999935595200165 0.00045154364193801847 0.0035604812633767066 47.73515107729117 -0.00047759866670145926 0.9999730915581396 0.007320386545133907 0.15771360265305565 -0.003557079982372652 -0.007322039879435095 0.9999668669081007 0.5002116019921629
0.9999896174363253 -0.0005019684509643392 0.004529133164969243 49.132287540933795 0.00046638754111922085 0.9999690508706274 0.00785364778674435 0.16732470817398448 -0.004532935275654906 -0.007851453914465914 0.9999589027401155 0.5156639091560575
0.9999882399678132 -0.001351785516552951 0.00465753174896191 50.55969513905368 0.0013111858569911743 0.9999612159154382 0.008709044526624087 0.18139681694206802 -0.004669123871110815 -0.008702835218222411 0.9999512287814045 0.5337252664147998
0.9999851167705043 -0.0025173534055325628 0.0048403687165934906 52.00506293572954 0.00247455414961789 0.9999579715099387 0.008827898701789154 0.18723351192205084 -0.004862388224065638 -0.008815789559653483 0.9999493182332785 0.542417505756227
0.9999745600946315 -0.0036194412876028015 0.006146446803949905 53.41416051809589 0.0035619999398783307 0.999950122660842 0.009330827776520337 0.1989163898882797 -0.006179912618839898 -0.009308696757998558 0.9999375764739972 0.55873869467441
0.9999633307677668 -0.0046002318602847165 0.007223225502868829 54.87155986539807 0.004547052556785454 0.9999625655548453 0.007361508134704206 0.19905714321761375 -0.007256819749690915 -0.007328393807861772 0.9999468151913466 0.5691494182072339
0.9999584114643553 -0.004797921925916808 0.007755983939904991 56.26720970571213 0.0047547033711754175 0.9999731214012559 0.005581153185613854 0.21674353225526047 -0.007782553407165961 -0.005544043670639806 0.9999543466790085 0.5707684280303272
0.9999582439206633 -0.005437058824637712 0.0073449851218835875 57.699260715721294 0.005406510948691106 0.9999766797340761 0.004172484556540609 0.22211016702121245 -0.007367499878856143 -0.004132599587464998 0.9999643201465664 0.5957778946052035
0.9999559952738402 -0.0054166179118106846 0.0076594886449027205 59.15212036071517 0.005397215902307622 0.9999821798611883 0.002551474195447206 0.23789656024042669 -0.007673172512580423 -0.0025100220046061178 0.9999674105755291 0.5993289388919856
0.9999510416107344 -0.005019104261092302 0.008527776616646207 60.54642776627086 0.005000555681077782 0.9999850880758813 0.0021950099663346026 0.24559783284046655 -0.008538666434963569 -0.0021522588803748965 0.9999612287270063 0.615977497892415
0.9999459339470409 -0.004425436826746504 0.009409818896911854 62.006654435735435 0.0044193228769717425 0.9999900100009906 0.0006704353270844331 0.2610976130606007 -0.009412691862016825 -0.0006288140513732497 0.9999555019223604 0.625372549762455
0.9999506852860957 -0.004056125064465033 0.009065034215536762 63.40371775605795 0.004073305463144428 0.9999899413880422 -0.0018775796504706356 0.2668411039111291 -0.0090573273359944 0.0019144117115610772 0.9999571490065599 0.6281757401435053
0.9999607902158979 -0.003586547202498622 0.008096586315322259 64.82406974662102 0.003610184553210609 0.9999892587834535 -0.0029066966149309337 0.27655300903462826 -0.008086074343522565 0.0029358128148335248 0.9999629975178218 0.6378717007373659
0.999962471977818 -0.0029404152785327594 0.008149146826590176 66.28045304349092 0.002963111437013674 0.9999917612385947 -0.002774423461768837 0.27835769819846856 -0.008140921730577712 0.0027984661733073944 0.9999629463037385 0.6517504710148838
0.9999650946818516 -0.0022920825775524126 0.008034660874831292 67.64345794754396 0.002302574147881086 0.9999965082485909 -0.001296781754745721 0.2929115363984393 -0.008031660488925918 0.0013152368925833807 0.9999668807424109 0.661473120240278
0.999950462624226 -0.0016891506155190718 0.009809131857330053 69.12245053112488 0.0016666846794442063 0.9999959705988187 0.002298031397936365 0.3140609090776693 -0.009812974053552864 -0.0022815688297062047 0.9999492487041028 0.6787393965105349
0.9999411484288474 -0.000903786165683062 0.010811237180104539 70.48019952873206 0.0008464008863377711 0.9999855365991521 0.005311327333688783 0.3260815484049943 -0.010815881117013142 -0.00530186411299864 0.999927450844605 0.6845484424803463
0.9999307215723853 7.309100715462369e-05 0.011770586792238077 71.92988293614631 -0.0001756766781175202 0.9999620114828136 0.008714627298402118 0.3478001312032586 -0.01176950268421321 -0.00871609138031279 0.999892748527369 0.692546285483049
0.9999328326075931 0.00042534005250494865 0.011582286440717375 73.29501275330449 -0.0005744810624437362 0.9999169311384886 0.012876365717692928 0.3502205205296116 -0.011575847479298611 -0.012882154650003986 0.9998500136754059 0.6912255070767346
0.9999394792350315 0.0010317804767680054 0.01095323222714309 74.698403936581 -0.0012165532624389729 0.9998568498935324 0.01687601016656375 0.3646605110899721 -0.01093425193296801 -0.016888314007919035 0.999797593008023 0.7024498334716015
0.9999364148451237 0.0018273366101794243 0.011127762919551112 76.14209330852322 -0.002037162933797042 0.9998197936370188 0.018874062064390143 0.37575212668857816 -0.011091268361274203 -0.018895531020386422 0.9997599425230017 0.7112806827174691
0.9999299089538468 0.002174667053146981 0.011638213039792697 77.50159173762832 -0.0023967468893910824 0.9998146645645275 0.01910214977612422 0.3816860846560311 -0.01159451525074843 -0.019128704737363826 0.999749798635224 0.7138954648680537
0.9999272134557033 0.0023327012764705855 0.011837495320679327 78.92337814128857 -0.0025423485770984075 0.9998396425351667 0.01772641190039883 0.3849158300290417 -0.011794246666272424 -0.017755216695518758 0.9997727982025068 0.7270473968354401
0.9999413482696441 0.0020444393934240545 0.010635802191325112 80.28659655987698 -0.0022212859273781278 0.9998590395813506 0.01664232124098621 0.38596373860904837 -0.01060027874705246 -0.016664970297782248 0.999804937403021 0.726801475374078
0.9999383683927029 0.0017901353089946098 0.01095695357819414 81.6714352188269 -0.0019735050426275117 0.999857801503122 0.01674759837081532 0.38681198559083146 -0.010925415048680501 -0.01676818979254776 0.999799711500806 0.742172183401642
0.9999356282786104 0.0013639461436108938 0.011264055662948887 83.0823069060429 -0.0015420831864015343 0.9998736488973596 0.01582113207472721 0.3930253658387031 -0.011241053265014787 -0.015837483752069746 0.9998113886278231 0.7417041714988046
0.9999442213350958 0.0011802768181036105 0.010495768918067734 84.43800454807524 -0.00135014468399497 0.9998679880562171 0.01619208355167424 0.4063805311929087 -0.010475272210358528 -0.016205351185480884 0.9998138102992347 0.7442722002036635
0.9999421221497784 0.0002811140665199171 0.010755153438198486 85.85372295133628 -0.0004513335000562261 0.9998746334072921 0.015827626692119828 0.4057187356677692 -0.010749355732755105 -0.015831564784157686 0.999816889689215 0.7451001553413882
0.9999312196737238 -0.0008940256770569942 0.011694299462040203 87.20665357749876 0.0007098379628255296 0.9998757895284703 0.015744892660301473 0.41585642422524866 -0.011706923245910631 -0.015735508663740308 0.9998076523587963 0.7573528597621728
0.9999139958864495 -0.0019605391312384366 0.012967540889017498 88.57253323057215 0.0017977630591785286 0.9999196000969507 0.012552345993369239 0.41867557201820443 -0.012991107665496078 -0.012527953874000436 0.9998371274829487 0.7566345673456767
0.9999024416029093 -0.0029716582623575813 0.013648315782990587 89.95986559797129 0.002812410328832174 0.9999279205336014 0.01167236417739687 0.4197551124158898 -0.01368201829712072 -0.01163284077597822 0.9998387266908588 0.7669043527930612
0.9998944317583687 -0.0039127303090353074 0.013993422745623407 91.32753692558839 0.0037679115418072415 0.9999392296651957 0.01036049319231941 0.4280024281887761 -0.014033110176368241 -0.010306673474198043 0.9998484106606732 0.776869600318297
0.999899955967653 -0.004331532382192066 0.01346535863271602 92.71046450970314 0.004207737958256541 0.9999487495385314 0.009208324364507886 0.44280207554796713 -0.013504554682042848 -0.009150744425966884 0.9998669365867092 0.7759218808229053
0.9998967633568211 -0.004492781582387706 0.013648353095012177 94.03752386972182 0.004380267688488336 0.9999562711477891 0.008262508528676245 0.4510996177516841 -0.01368487791433872 -0.008201872094968348 0.999872718605027 0.7961979836744064
0.9999034726828221 -0.0047777984252321305 0.013046760480691613 95.42353735705905 0.0046699418985684795 0.9999547749375272 0.008284909311717622 0.46927719722529304 -0.013085754066796521 -0.008223181978239331 0.9998805640268522 0.7861322447793437
0.9999107340933284 -0.004632635550623547 0.012532459167939802 96.75895956085574 0.004537189842832756 0.9999605700821338 0.007633622295081808 0.4771702219116017 -0.01256732880412838 -0.0075760787264239566 0.9998923268421754 0.7850910021574725
0.9999165075971107 -0.004471888501922457 0.012123532819424184 98.11607462532356 0.004368269510145843 0.9999538214120869 0.008559980423518965 0.486756346481739 -0.01216125224983068 -0.008506306871414376 0.9998898672789546 0.7982705518513673
0.9999181228793448 -0.004036219379385064 0.012143165590941623 99.47904427312795 0.003910365292968335 0.9999385827039255 0.010370142879457837 0.5102504048193898 -0.012184275962202302 -0.010321809588744497 0.9998724937041176 0.7955160502360231
0.9998987131254834 -0.003957842977137361 0.013671099771798007 100.8208076475819 0.00381110844810814 0.9999350336830996 0.01074261912082903 0.5137147908881553 -0.013712729210441291 -0.01068942899067893 0.9998488371576246 0.7993228198040316
0.9998759149911559 -0.003984111905388728 0.015240783212290596 102.16528666721547 0.0038179005869236836 0.9999330941533762 0.010919288070370266 0.5334424736418797 -0.015283267180386098 -0.010859745355242102 0.9998242283897266 0.7992556387017663
0.9998900764839806 -0.0037667323420032916 0.01434038619852764 103.5008441961945 0.00361614909626662 0.999938207395835 0.010512128981202502 0.5443702657166484 -0.01437909644493651 -0.01045911647643212 0.9998419117380305 0.8071368276808081
0.9999206575848791 -0.0035996135636316338 0.01207150848964225 104.82534576171324 0.0034744371881258404 0.9999401465978478 0.010374560622040424 0.5568443423318421 -0.01210813037792185 -0.010331795781331664 0.9998733155628687 0.8089572077285114
0.9999321122466146 -0.0037567935180017544 0.011029841362726537 106.15753218892412 0.0036571492333562763 0.999952447298796 0.009040376133426974 0.5685273820591362 -0.011063279690434242 -0.008999424626717779 0.9998983019281907 0.8166252884238192
0.9999228497467019 -0.003441918155775535 0.011935147835008464 107.49288498284116 0.003343377607318811 0.9999602427846419 0.008266479072445012 0.5754661209062197 -0.011963125871169442 -0.008225937605479083 0.9998946032307112 0.8175887991810149
0.9998961226035432 -0.0028359295180617936 0.01413157833254598 108.84093171546098 0.0027728748641842726 0.9999861222308358 0.004479565907942753 0.5808218618734741 -0.01414408595095039 -0.00443991548394941 0.9998901099536427 0.8146753332574987
0.9998812542527079 -0.002060839856361822 0.01527188047092482 110.17932242684756 0.0020093964860010112 0.9999922585110613 0.003383081983751665 0.5954622044088494 -0.015278734234020534 -0.0033519929942004496 0.9998776547274036 0.8257839646595646
0.99990090249344 -0.0013892836634411712 0.014009107170215623 111.50095728473885 0.0013487631735542697 0.9999948811348892 0.0029014723711362194 0.6029191388659783 -0.014013066427650841 -0.0028822898746133255 0.9998976579502389 0.8254684423274116
0.9999304307514102 -0.0006328022938438287 0.011778506635238306 112.83933274248174 0.0005823648786657166 0.9999906493648707 0.004285094394799414 0.6114506087757179 -0.011781108116282758 -0.0042779368954147376 0.9999214492886286 0.8265202710840449
0.9999486809251648 0.0004101810688062966 0.01012261169430126 114.17058076779313 -0.0004834071857020231 0.9999737280739865 0.007232529246784776 0.6151119348339562 -0.010119379107219146 -0.007237051423306209 0.9999226086318784 0.8418651035523654
0.9999539991036476 0.0018408110023754466 0.00941334645467686 115.49065453963236 -0.0019355987752229936 0.9999474195528246 0.010070332021773348 0.6284347444156777 -0.009394313918727602 -0.010088089239342202 0.9999049841467416 0.8281557904339979
0.9999254457982685 0.0033120141222146493 0.01175301695687105 116.84948199799847 -0.003438561463328253 0.9999361607238905 0.010763399640861706 0.6390319192768587 -0.011716618121162843 -0.010803010655379303 0.9998729998457717 0.8368135892090416
0.9998927824927706 0.004117986657379538 0.014052249099501174 118.15462927627551 -0.004272061238410729 0.9999308985303278 0.010952061774229251 0.6444085449412145 -0.014006177624179127 -0.011010919590157268 0.999841280723165 0.8320715719039139
0.9998752833938992 0.005084575535238036 0.0149520817813495 119.51931828616407 -0.0052447920726099734 0.9999290444021647 0.010695714893778817 0.6416064060245847 -0.014896637677167032 -0.010772801520513282 0.999831004186865 0.8421504854734339
0.9998773902922989 0.006023754220091367 0.014454022532073658 120.83688362771879 -0.006183120847536356 0.9999203095426719 0.011006524459250218 0.6374274024293937 -0.014386570086247897 -0.01109454592055229 0.9998349552060932 0.8412956116878055
0.9998709173932647 0.007434248912782785 0.014243612401844265 122.1568800513822 -0.007618690277341647 0.9998872644467812 0.012938854492982434 0.6354220487853939 -0.014145815975373201 -0.013045701983236464 0.9998148356321562 0.8447513122983116
0.9998680543025641 0.00847941962341305 0.013855447594896663 123.52641772197059 -0.008679027272445973 0.9998584976203203 0.014410385908784963 0.636044298991473 -0.013731295307034552 -0.014528736327913962 0.9998001637076807 0.8356892133637017
0.9998673417925664 0.009719376735395486 0.013070291983830497 124.84318531079423 -0.009918132625854666 0.9998348428915066 0.015228840577407409 0.6388891693486795 -0.012920118493384185 -0.015356453236069396 0.9997986046610213 0.8405192906804461
0.9998631356011924 0.010823093793327437 0.012512821683869245 126.18776636116864 -0.011024662039159965 0.9998087377637618 0.016153783400668285 0.6285218249777925 -0.01233559454074981 -0.01628952215303562 0.9997912204932348 0.8310734032689407
0.9998586209083828 0.011649422220141493 0.012125558012876772 127.53129819808343 -0.011837823564846101 0.9998084918282676 0.015583504141643601 0.6201372554568754 -0.011941697050015162 -0.015724841176365585 0.9998050436167762 0.8398918931814651
0.9998341229201666 0.012671886659858035 0.013082428403810478 128.85438156671853 -0.012877698743643813 0.99979272335472 0.015769438861927262 0.6179033312661252 -0.01287988817999092 -0.015935294645277796 0.9997900653962506 0.8425647023039
0.9998097873567684 0.013524094252742562 0.01405304167276564 130.22624766752776 -0.013732074053487928 0.999796025362859 0.014810057758798923 0.6064178129242463 -0.01384988259167115 -0.015000218107493376 0.9997915653819673 0.8435205183814911
0.9997965126210087 0.013843862815562888 0.014672450825041249 131.55037601191773 -0.014042574714388785 0.9998098839458662 0.013527825381202443 0.5870450301443135 -0.014482383997815665 -0.013731111626426007 0.9998008387310158 0.8414719666755582
0.9997893907920115 0.013879166397128814 0.015117632085058777 132.90393308766454 -0.014056808682258878 0.9998326447703063 0.011708483304203135 0.573065821891962 -0.014952598082231717 -0.011918523051756141 0.9998171675955839 0.847767821768666
0.9997793510415044 0.013719073543834696 0.01590711325562638 134.23871125586254 -0.013876263265691994 0.9998555586998032 0.009813819586961299 0.5593978183581865 -0.015770179098845916 -0.01003238546922282 0.9998253110883857 0.834704801443813
0.9997844295339686 0.01318665223182646 0.016037663930687875 135.5750743106029 -0.01331763759285816 0.9998786036840585 0.008088165661191507 0.5399166384294879 -0.015929061189602845 -0.00830000588761554 0.999838674442974 0.8432048698401214
0.9998058905949331 0.012032208139915094 0.01560150950871438 136.91325984176828 -0.012161540547675244 0.9998922458931913 0.00822152870074191 0.53214775205373 -0.015500905237436788 -0.008409671215192238 0.9998444875913816 0.8435302124594418
0.9997963964510271 0.011075169541021052 0.016867313454671563 138.25252837450466 -0.011173890197841522 0.9999209235387112 0.005769822123562974 0.5185518428786339 -0.016802077888972124 -0.005957120875776749 0.9998410888183603 0.8375964084225751
0.9998045566004183 0.01001255212438009 0.017046917639195466 139.58394910044612 -0.010099167785524348 0.9999364887236725 0.0050025322600227105 0.5013874788241741 -0.016995746852691382 -0.005173714229575544 0.9998421761808161 0.8355175220974159
0.9998091538553351 0.008713727285262172 0.017485045721326104 140.94291665096375 -0.008772172425933046 0.9999561814366389 0.0032686690847196767 0.4989268828165833 -0.017455797260752276 -0.0034214271077694677 0.9998417819727968 0.8349207221306189
0.9998297698884127 0.0075055492499747556 0.016855206179101734 142.2694995027255 -0.00755521683173519 0.9999672972639493 0.002884978554129453 0.49567000576436554 -0.016833001619119842 -0.0030118321813349734 0.9998537787713773 0.8258015340270194
0.9998397507208495 0.006491498397057946 0.016683324819423577 143.61723225066962 -0.006552270273177535 0.9999720872987413 0.003590595725694235 0.4859778281126372 -0.01665955079636407 -0.003699333988589546 0.9998543765445567 0.8214463414442585
0.9998777320924426 0.005802556828910887 0.014520716233050877 144.97164853849137 -0.005831549064202993 0.9999810851946971 0.001955067351173004 0.46844555717267683 -0.014509097187120942 -0.0020395065783392475 0.999892657494659 0.8288887110502982
0.9998957219904756 0.004699709576188016 0.01365495789246652 146.28661750331224 -0.004649532347592814 0.9999823306707142 -0.0037040782004522993 0.4887792614146021 -0.013672124710308748 0.003640202778124392 0.999899905955411 0.8258481556759374
0.9998576864105841 0.0037268393304237756 0.01645349793445514 147.67226950915023 -0.0035372980427091777 0.9999272253562791 -0.011533928812426583 0.4715797835948482 -0.016495285636537457 0.011474086451577954 0.999798105065153 0.8237709530450094
0.999828929262865 0.002334561535203233 0.01834835228327567 148.9716391703712 -0.0019910000121018206 0.9998227756796251 -0.018720393992694106 0.4596274084806223 -0.018388804420751463 0.018680659911476268 0.9996563833724302 0.8235967022859855
0.9998824790254075 0.0014889765711188936 0.01525814820927718 150.2858083933893 -0.00117390682435443 0.9997863355771085 -0.020637469226266796 0.4284380680413333 -0.01528561679401075 0.02061713224646032 0.9996705876323253 0.8256015703434871
0.9999242009771511 0.0014861911513854285 0.012222255768362831 151.67446597951349 -0.0012453225036401611 0.9998053293810378 -0.019691432480558924 0.44725119638598354 -0.012249141686978 0.019674719239064813 0.9997313959013172 0.8278275485526733
0.9999481083308831 0.0024434059486625106 0.009889914704307848 152.99165976769254 -0.0022819299382165494 0.9998644472547432 -0.01630582447236901 0.4487099237063016 -0.009928415847732958 0.016282410243470644 0.9998181383008701 0.8242965094146294
0.9999421140916471 0.003353822759829186 0.010223518906079787 154.3588752866917 -0.003183150286831058 0.9998560638484533 -0.01666490743236807 0.454864836705371 -0.010277938517950301 0.016631399771925418 0.9998088619938551 0.8284627724130118
0.9999101794219419 0.00382054796551668 0.012846653323851256 155.68710206515078 -0.0035574294329550884 0.9997847047591075 -0.02044232925998779 0.45548847398209974 -0.012921988399993903 0.02039479205550757 0.9997084948487749 0.8133623684908399
0.9998581978533485 0.004387284932738158 0.01625841063490229 157.01715098566177 -0.003940929873389022 0.9996171957831868 -0.02738486746893802 0.44984506400076785 -0.01637233206318407 0.027316910979780246 0.9994927379012494 0.8222322456601848
0.9998380150287761 0.004483856312901218 0.017430970594950898 158.36212152768928 -0.003923679292938375 0.9994789082294145 -0.03203930001332401 0.43736198826674916 -0.01756554707724623 0.03196571658985409 0.9993346008813936 0.8070646208204951
0.9998343614656398 0.004373092678922577 0.017667079357324166 159.70730447185244 -0.0037984941709924727 0.9994668776011313 -0.03242733446150497 0.4259210194499815 -0.017799468380526765 0.0323548549473943 0.999317938539434 0.8188669290529367
0.999826013310001 0.005380944997885678 0.017860250265865667 161.07595479277424 -0.004822821282428873 0.9995031854758282 -0.031146791464767253 0.42928500144217846 -0.018018976205860772 0.031055235542524488 0.9993552365609993 0.8001896533716136
0.9998223318554434 0.006592082344026789 0.01765925178236249 162.4162057564196 -0.006074331552476998 0.9995547275955675 -0.029213850097876685 0.43294842646406323 -0.017843968710292143 0.029101391577039705 0.9994171810555119 0.7831641357894182
0.9998440289237984 0.0074528381483508176 0.016011652911586124 163.76020338461302 -0.007029921677637399 0.9996291421958243 -0.026308901042171644 0.4328639415339357 -0.01620179084647439 0.02619223694866445 0.9995256218311726 0.7820603062948568
0.9998459130568331 0.008087647805392447 0.015580118629961802 165.10857555091064 -0.007692167682512352 0.9996508537195481 -0.025278473334495285 0.43368966447496415 -0.015779122278880554 0.025154733366796144 0.9995590321183404 0.7646789019738651
0.9998258652533913 0.008316120440307722 0.01670572689617353 166.454858098538 -0.007906548488140146 0.999670152378994 -0.024435075886184442 0.43266365915264865 -0.016903421585937217 0.024298736250702415 0.9995618268798118 0.7544798663764138
0.9998237965143746 0.008139580875850693 0.016915175043373972 167.78812341065785 -0.00775153794720618 0.9997081480776203 -0.022880828802028585 0.42355714921153353 -0.017096478673560782 0.022745678499007323 0.9995950902873545 0.7520868414221883
0.9998634978318419 0.007610931325838985 0.014664904630705126 169.18311714371762 -0.007304647408364173 0.9997564078875852 -0.02082707406123051 0.4199091503997356 -0.014819845806005956 0.020717109162860178 0.999675534140063 0.7506461319156856
0.9999047631320654 0.006980905250984357 0.01190510931007651 170.59159921592934 -0.006779382373556712 0.9998344615581032 -0.016884592250070156 0.4224788684325585 -0.012021008295529953 0.016802274926175906 0.9997865666815412 0.752694289550374
0.9999230153040507 0.006648798492961852 0.010476494826761024 171.93585887958113 -0.006545327902026915 0.9999297698955756 -0.009879977694114517 0.42641035243063496 -0.010541449042238464 0.00981064499313071 0.9998963091725606 0.7572510161126578
0.9999065087388563 0.006957628639593162 0.01177137143177923 173.29411753098705 -0.006896374446810498 0.9999625100349261 -0.00523627196962912 0.4280592359392272 -0.011807362159295969 0.00515460263881295 0.999917004691127 0.7721121387150529
0.9998674062604662 0.007613442014021272 0.01439463089720702 174.68754557112024 -0.007617120967758614 0.9999709691585884 0.00020076901117434368 0.4375835368262125 -0.014392684465735479 -0.00031038803529063124 0.9998963717771644 0.7816843850212983
0.9998341299266089 0.007612981059867362 0.01654554783871056 176.04930283226895 -0.0076008966868228245 0.9999707982283419 -0.0007931331092325016 0.43498820509815755 -0.016551102786739155 0.0006672405524365408 0.9998627984811655 0.7653083989803448
0.9998185961396493 0.006796286850718119 0.0177928440217917 177.4618235161005 -0.006739801118462211 0.9999720620560104 -0.003232675104945281 0.43002024046315185 -0.017814317113620384 0.003112168455163289 0.9998364688854283 0.7601256410615266
0.9998238518387306 0.005338658233626219 0.017993443879056666 178.841568141485 -0.005230738351039213 0.9999680815793195 -0.006039470082586013 0.4232499981980599 -0.018025112223428577 0.00594428724407047 0.9998198641647869 0.7482295228185107
0.9998921378815017 0.003220833548503181 0.014329648774933883 180.17892920784507 -0.0031291984691082003 0.9999745428796919 -0.00641262110936473 0.41735108494106077 -0.014349937968543927 0.006367089115457366 0.9998767621344616 0.7547394808742283
0.9999507007803203 0.0015254154643554757 0.009811682659324323 181.5932930363346 -0.0014802709768337468 0.9999882934279315 -0.004606713028654541 0.4249998191472516 -0.009818594949447914 0.004591961972222439 0.9999412528136162 0.7505566398746238
0.9999579891811464 0.001041790341951789 0.009106840598235503 182.9897754391794 -0.00104186896097142 0.9999994572468254 3.888800520428428e-06 0.4533752401245578 -0.009106831604154035 -1.3376771700550176e-05 0.9999585318597944 0.7507094307765939
0.9999455668802937 0.0006620274031895775 0.010412732406316365 184.32521131675406 -0.0006948627424789483 0.9999947970612557 0.0031500819334086463 0.4681779282009352 -0.010410592788945284 -0.0031571458844182328 0.9999408242429386 0.7484620874415022
0.9999083663646166 0.0008917388275063251 0.01350791160421506 185.7676690252105 -0.0009621096232193948 0.9999859962858328 0.005203996282028811 0.4627059247428257 -0.013503081837739074 -0.0052165155126749786 0.9998952218841679 0.7440266358732449
0.999869499341601 0.0013237101675795193 0.016100685630385487 187.13053294197024 -0.001445913118912247 0.9999702210900359 0.007580650921739554 0.47154920576351755 -0.016090171584815762 -0.00760294183437963 0.9998416382877011 0.7605276014743345
0.9998569009163056 0.0014994185446626927 0.016850205757467603 188.59030926400885 -0.0015763826047656652 0.9999883825602913 0.004555190702475722 0.4731127625300905 -0.016843179863804368 -0.004581101230102939 0.999847648796353 0.7361471588943894
0.9998445862297749 0.0013309838323491106 0.017579302291279485 190.00619219628473 -0.00141030781675518 0.9999888771907656 0.004500725120905369 0.47131518825887275 -0.017573116367683852 -0.004524817873680076 0.9998353422460811 0.7435566124962572
0.9998335970220802 0.001511214412661012 0.018179507608499124 191.36130620595168 -0.0015317623541868225 0.9999982036658769 0.001116409024474178 0.4721080176068164 -0.01817778781862105 -0.0011440699360602807 0.9998341158082188 0.7306403740553523
0.9998326117866871 0.0019420547255027494 0.01819276865281958 192.8080920525884 -0.0019375908135766424 0.9999980882870356 -0.0002629907096952586 0.4781029962069831 -0.018193244615818414 0.0002276965467350165 0.9998344633011164 0.7262409325117049
0.9998169290051261 0.002298108957935904 0.01899545129698239 194.17717523015722 -0.002238750897035459 0.9999925467864609 -0.0031455311076042896 0.47824002621396844 -0.019002538493043453 0.0031024291684643014 0.9998146220495453 0.7118624350241876
0.9997830017328051 0.0027307999473668745 0.020651687044631526 195.63328786147537 -0.0025609197126247236 0.9999627058002086 -0.008247951197171921 0.47353519001210875 -0.020673440361183976 0.008193274093602671 0.9997527089852067 0.7011649121114233
0.9997650176918412 0.0030688076422556677 0.02145907312274382 197.04764435097047 -0.0028213639960117548 0.9999292961008807 -0.011551740319071238 0.46621840908660606 -0.021493005951575078 0.01148848200817152 0.9997029886302798 0.6995286875096004
0.9998371209505701 0.0031944635248284665 0.017763078901574973 198.4678564246479 -0.003038652337299018 0.9999567352409655 -0.008791714178852343 0.4736214343951296 -0.017790395196511648 0.008736306371582136 0.9998035701025146 0.7027764234572926
0.9999140402091727 0.003464193764536265 0.012645614027418654 199.89829823975523 -0.00343207954493044 0.9999908326192155 -0.0025603725364427786 0.48450865284915406 -0.012654367726835246 0.0025167516941185172 0.9999167630049733 0.6929541753837245
0.9999146807974766 0.004761470115705546 0.012163861558639993 201.34908366318967 -0.004856833326189329 0.9999576096648698 0.007822406494254591 0.4954704298460163 -0.012126099773716753 -0.007880816940963846 0.9998954197457957 0.6865275253709342
0.9998576702661333 0.005869252897332787 0.01581742963972825 202.7899222451287 -0.006079116576486317 0.9998937005912943 0.013252617081038259 0.5177148333474685 -0.015737965295110175 -0.013346886838296353 0.9997870658595738 0.6669884255422088
0.999807466239386 0.006827713697483583 0.018395998957493463 204.21845373733112 -0.007112981793921941 0.9998547759228943 0.015486528151210186 0.5091674227897526 -0.01828758983513794 -0.015614396877372037 0.9997108355260423 0.6693261850747807
0.9998019746595064 0.006313931898251673 0.018871823731051052 205.6737286572682 -0.006577604977821333 0.9998811634947112 0.013942524922632902 0.5047000080535813 -0.018781548916619248 -0.014063895351101686 0.9997246922367407 0.6567756245782983
0.9998068961813945 0.005035648810494363 0.018995067496153942 207.1190103119118 -0.005245541654907018 0.9999255602905966 0.011016268437315015 0.4942693880192377 -0.01893817944979698 -0.011113780571601832 0.9997588855521783 0.6514805696775414
0.9998159438503607 0.003939396381205295 0.018776569941396842 208.55870787328456 -0.004107545844868998 0.9999517337739723 0.008925143671619395 0.4872570203543349 -0.018740503988546313 -0.009000626565883896 0.9997838677592656 0.645849190645824
0.9998284258122807 0.0034503769177187875 0.018199281218289842 210.0338355062313 -0.0036097174605382613 0.9999553797116716 0.0087297494546944 0.49368904592399077 -0.018168348235098566 -0.008793945918205625 0.9997962680654473 0.6290413549626268
0.9998267705626063 0.003277086003575019 0.018321833250919697 211.49053737978713 -0.003467797238190343 0.9999400415766642 0.010386897225533634 0.49415897188527586 -0.018286695947166986 -0.010448634311917112 0.999778186795627 0.6256982351891318
0.9998135471232378 0.0031120991457798106 0.01905743497315601 212.9480332982914 -0.0033277318240147627 0.9999306874805821 0.011293645802748912 0.5007563547416362 -0.019020967108868903 -0.011354958102844117 0.9997546037587054 0.6091917514247763
0.9998144420050257 0.0026896782203324763 0.01907477887814739 214.38734598205647 -0.002910130751905365 0.9999291893354963 0.011538953759495008 0.5083444546706771 -0.019042392107767432 -0.011592322714970385 0.9997514717953087 0.6131736002616323
0.999828194171447 0.002509372159405671 0.018365325786080883 215.86403101816302 -0.002721241619116763 0.9999299339944147 0.011520501116518072 0.5082782866904546 -0.01833512977629759 -0.011568498316156124 0.9997649688115678 0.6020625491826451
0.9998363081108133 0.0022320780897209114 0.017954799100527618 217.33374852601972 -0.0024267036273483973 0.9999384603540568 0.010825276636811612 0.5123498177631951 -0.01792953130575179 -0.010867075602933526 0.9997801951304078 0.5913737258841641
0.9998342203282998 0.0016246473668476364 0.01813539030277861 218.7964759640116 -0.0018362269732931944 0.9999303791314392 0.011656121162672504 0.5084001085805518 -0.018115190614599447 -0.011687489507578022 0.9997675942227809 0.58752333903749
0.9998388792755125 0.0014227676421115108 0.017893887820254698 220.27660513374366 -0.0016502573631534592 0.9999179273281418 0.012704930477126005 0.5160178355253856 -0.017874343057093223 -0.012732412969653785 0.9997591677600399 0.5843036913816233
0.9998398967189182 0.001378663454864364 0.01784040964163066 221.76748169948627 -0.0015732631963603846 0.9999393733154492 0.010898373108930822 0.5188297156744173 -0.017824302848020303 -0.010924695903534799 0.9997814487413723 0.5703225605193982
0.9998448493119084 0.000912208352566177 0.01759105398685901 223.26162232126399 -0.0011277967947363448 0.9999243354438576 0.01224954944271757 0.5241663581616115 -0.017578548826250196 -0.012267488050995133 0.9997702252808301 0.560496950687054
0.999842892079128 0.0005766040163863553 0.017716057311194248 224.75634394355873 -0.0007868522391122842 0.999929322705701 0.011862986844458407 0.5323222069913195 -0.017707964942336996 -0.011875062994623497 0.9997726795909532 0.5492508694904575
