1.0 -2.1684043449710093e-19 -2.5135375298442207e-37 0.0 2.1684043449710093e-19 1.0 2.3183291766350204e-18 -8.673617379884035e-19 -2.51353752984422e-37 -2.3183291766350204e-18 1.0 0.0
0.9999995143627741 -0.00037225909652733365 0.0009125225372576573 1.319952510875006 0.00037243003319044625 0.9999999131334133 -0.00018716045591025786 0.006244847736237923 -0.0009124527858077164 0.00018750021581701113 0.9999995661366973 0.017301936975066722
0.9999987479510688 -0.00026166583768403944 0.0015606496352525096 2.6137876835698224 0.0002637328520721204 0.9999990882057619 -0.0013243989684552655 0.011448793462726306 -0.0015603016622956556 0.0013248089048223432 0.99999790516785 0.02177716897191691
0.999998325771797 -0.0008486935062932559 0.0016211640680040907 3.9410626966276294 0.0008521688921730471 0.9999973379470886 -0.0021442730505970343 0.002761560046300959 -0.0016193399217658022 0.0021456509661824798 0.9999963869535475 0.04489645632464459
0.9999992424757588 -0.0002209095731139786 0.0012108868109864434 5.258519803377615 0.0002253146265210149 0.9999933536328172 -0.0036389453844099056 0.005161662028812863 -0.0012100748851166254 0.0036392154583301415 0.9999926458877687 0.05891797124995034
0.9999982297855422 -0.0006654719702364827 0.0017599922837529623 6.582202224602515 0.0006715491333208786 0.9999938073100595 -0.0034546147821862103 -0.00017949174099341088 -0.0017576824353609415 0.0034557905880699827 0.9999924840036888 0.06937494499020698
0.9999960129660426 -0.000372082545759817 0.0027992153539179716 7.916176333994377 0.000385715925083341 0.9999880599468368 -0.0048714666155728024 -0.004924582677170501 -0.0027973693434379244 0.0048725268948097275 0.9999842164786481 0.08976151081943333
0.9999934507696606 -0.00012791419766776887 0.00361691246013865 9.23396603847845 0.00014578582589430813 0.999987781093683 -0.004941296370910249 0.01566024629228675 -0.00361623620346342 0.00494179130379233 0.999981250591445 0.10622534355076593
0.9999963385954204 -0.0010474762219450518 0.0024951130871859336 10.574873624788712 0.0010589131883889658 0.9999889197189488 -0.004586844469706113 -0.008737681255813557 -0.002490280830115896 0.004589469783567309 0.9999863675413244 0.10620286427800887
0.999999487465827 -0.0009975075463414067 -0.0001733400652372362 11.902572787595568 0.000997273975803217 0.9999986017396516 -0.001342372287758644 0.008332315773767066 0.000174678849349735 0.0013421987322109487 0.999999083994512 0.11981018970070184
0.9999993121092898 -0.000801312432354253 -0.000856550834979162 13.224875604632041 0.0008020854411215504 0.9999992710718771 0.0009025046591189861 -0.005381034103983413 0.0008558270224115599 -0.0009031910652487325 0.9999992259027041 0.12797519258126522
0.9999995580559627 -0.0006262087627592624 -0.0007012492171794603 14.572770687599196 0.0006292826210850067 0.999990158018169 0.004391795780813842 0.016257213855626576 0.000698492134495211 -0.004392235123831304 0.9999901101407729 0.1440459718807249
0.9999999508983374 -0.00028425698982308974 0.00013191393612987568 15.920981578216816 0.0002835866144992266 0.99998718618792 0.005054407838539225 0.043875275043127125 -0.00013334899656700875 -0.0050543701813328444 0.999987217698364 0.16135717849786277
0.9999975787597422 5.033206080103326e-05 0.0021999866674818997 17.26317017796 -5.9027517692310206e-05 0.999992186632227 0.003952618151240748 0.008424271817624049 -0.002199770534759859 -0.0039527384407544944 0.9999897683818637 0.16875993978818493
0.9999906238382974 0.00017433944687097902 0.004326874304841234 18.630271191920457 -0.00016809569216244037 0.9999989442575236 -0.0014433390718983797 -0.0012052941691654603 -0.004327121367711684 0.0014425982099866778 0.9999895974114298 0.17042479625093845
0.9999966576806607 -0.0002242340143268349 0.002575722542181208 19.97305145071613 0.00023325860652157694 0.9999938339540033 -0.003503946973882496 -0.018395735432601226 -0.0025749209560615963 0.0035045360720237367 0.9999905439597866 0.18062801649352325
0.9999999838183474 -0.00015102007516865575 -9.775603130732204e-05 21.33766651197582 0.00015062036617840156 0.9999916816670806 -0.004076016455958976 -0.032393540213952916 9.837077845167635e-05 0.004076001665953064 0.9999916882322618 0.16330557587110897
0.9999991484446177 0.000208477172391605 -0.0012882729944655037 22.686782608940074 -0.00021120438459302514 0.9999977364708045 -0.0021171787773814174 -0.01738029587772716 0.001287828694977013 0.002117449063391418 0.9999969289486426 0.21069685796328275
0.9999994367925047 0.0009623492588948169 0.0004475472906828741 24.055720811055235 -0.0009626777098156178 0.9999992670599455 0.0007342555404948852 -0.013912127053445189 -0.0004468403523823039 -0.0007346859707574901 0.9999996302850437 0.20354573166472828
0.9999872344017623 0.001822732105069319 0.004712608745496591 25.454921642339652 -0.00182603402180241 0.9999980902781006 0.0006964480620111846 -0.011557108627830034 -0.004711330307482325 -0.0007050445553357518 0.999988653075078 0.20735030621669784
0.9999826529064564 0.002188736312571401 0.005468392772976005 26.80981421888641 -0.0021816714646670445 0.9999967783009927 -0.001297573603124444 -0.02016512527612651 -0.005471215201923829 0.0012856208575233777 0.999984206366893 0.22007298319975319
0.9999860046803638 0.0022269365958663143 0.004799082912533713 28.193655864481908 -0.002207251910097251 0.9999891459989644 -0.004103160156186653 -0.030592234035893832 -0.004808168300793322 0.004092509946223343 0.9999800662412883 0.25469724475061367
0.9999952716201771 0.0021657132923905667 0.002183213966457664 29.552401790245025 -0.002153503945872815 0.9999821167728984 -0.005579297012045182 -0.02560530131077276 -0.0021952580812476716 0.005574569071118313 0.999982052349755 0.23793291311014453
0.9999961588141291 0.0027654616883533234 0.00018595332019780923 30.947177557437342 -0.002764344146665536 0.9999795723160664 -0.005763102637943304 -0.03141480619379717 -0.00020188716115343805 0.005762566461822637 0.9999833758964932 0.2762498994151636
0.9999946115196371 0.0031133413430866202 -0.0010411711538276104 32.32862350887774 -0.0031167938656533932 0.9999895950244373 -0.0033309816662480014 -0.02962640421459618 0.0010307898375326047 0.003334208833184049 0.9999939102433413 0.27154391830340857
0.9999877507014998 0.0038831704967450566 -0.0030691096181883403 33.712767252643644 -0.0038884774775504267 0.9999909518656759 -0.0017250883125575003 -0.04294411626410092 0.003062383036432656 0.0017370013450622793 0.999993802299027 0.3062245038831813
0.9999871888494138 0.004292091088908157 -0.0026832985542342364 35.10326454031906 -0.004294879550026848 0.9999902420747616 -0.0010342944021673158 -0.02417681217199123 0.002678833085020702 0.0010458055957531765 0.9999958650634304 0.31308378783165974
0.9999924083570056 0.0036342815795281642 -0.0014054272504704299 36.50662840854061 -0.0036368379596663416 0.9999917292385554 -0.001820676835367586 -0.042761091301093734 0.0013987987742318637 0.001825774324613104 0.9999973549515542 0.3396465031127233
0.9999937553204339 0.003525481173495603 -0.0002455659412338422 37.90561830966721 -0.003525345021015691 0.9999936332193755 0.00055268724978 -0.04968775366265025 0.00024751286626329593 -0.0005518180937569651 0.9999998171170695 0.36242470718183545
0.999995448429591 0.0029497921963041627 0.0006339133219712192 39.29517861109351 -0.0029515551157952564 0.9999917288689992 0.002798305914021553 -0.047469510597514246 -0.0006256536578430374 -0.0028001642074435944 0.9999958838104843 0.375922994200216
0.9999941314997086 0.0033884634760521213 0.0005052538123078017 40.70348400353544 -0.0033909794472678795 0.9999814243090949 0.005064809487276559 -0.0351477190971776 -0.00048808250490835664 -0.005066493069733796 0.99998704612782 0.39385967835560165
0.9999939450702746 0.0034016537793779087 0.0007338762524330689 42.124852129295924 -0.003406719713948414 0.9999695855853348 0.00701585098791123 -0.026510653760140467 -0.0007099884359878338 -0.0070183086181232965 0.9999751193207567 0.40952017041512323
0.9999939917030548 0.0032976809013679684 0.0010685777760307067 43.49109643152599 -0.0033068583978342666 0.9999566543072522 0.008703688538953832 -0.05551952982110587 -0.0010398294703203865 -0.008707169880000979 0.9999615512345229 0.4262789233119029
0.9999953868691099 0.0028565986899789318 0.001032513643289138 44.92950332731568 -0.0028637005879566433 0.99997179308386 0.006943504561281266 -0.04479268883327115 -0.0010126497132297695 -0.006946429339913248 0.9999753605264401 0.44228450429556654
0.9999975895756155 0.0020659569015988944 0.0007434144466448846 46.329160403524796 -0.002071107554948641 0.9999733855488566 0.006995620591026304 -0.04525281408637131 -0.0007289420104364169 -0.006997143419888751 0.9999752540075714 0.4729118918968627
0.9999994013201061 0.0010210479472744516 0.0003934723863509566 47.77104274327982 -0.001023624518631861 0.999977664871322 0.006604691616052297 -0.07443678410767748 -0.00038671989127762516 -0.006605090429938294 0.9999781113745131 0.4769294595698647
0.9999984935839089 5.1227963042923026e-05 0.0017349944117027478 49.16896540490356 -6.338584372492504e-05 0.9999754408396958 0.00700811670071632 -0.06266033440465267 -0.001734592790153519 -0.007008216117661197 0.9999739377077287 0.49264031382817225
0.9999984012855563 -0.0010232618079436457 0.0014664111306356012 50.60024634582266 0.0010121095362301924 0.9999707150931647 0.00758581507496609 -0.08718560863140523 -0.0014741304617705941 -0.007584318778724611 0.999970152078573 0.5098424036859328
0.9999965828907326 -0.002024865988524776 0.0016535188498269084 52.04122707453416 0.002011258593407129 0.9999644390233524 0.008189965053806926 -0.07138287924958808 -0.0016700436307663636 -0.008186611413805367 0.9999650945647207 0.5253175419088689
0.9999914157440213 -0.003387552480101018 0.002385985428045882 53.43642558270068 0.003367581478504682 0.9999596761352049 0.00832499240611496 -0.08973715437830705 -0.002414090564564235 -0.008316885941913654 0.9999625000843658 0.5377141916129746
0.9999864725740845 -0.003923311603414635 0.0034150102345898072 54.89146052644533 0.0039040224047316675 0.9999764921854618 0.005636815193200773 -0.06827227452670348 -0.0034370449376163554 -0.005623406665132621 0.999978281773947 0.5482288234397292
0.9999822037767873 -0.00428150031352475 0.004154622098932891 56.296597598799025 0.004264566150140031 0.9999825984111732 0.004076315786257483 -0.05719568955290134 -0.0041720025492242825 -0.004058525582462133 0.9999830612389521 0.554175952709724
0.9999813069109921 -0.005375606465750562 0.0029135345732682477 57.73448231971902 0.005364469308581454 0.99997832630109 0.0038169879628033162 -0.08384204382755872 -0.0029339900513696802 -0.003801287044709797 0.999988470893131 0.5883617783617933
0.999979540130971 -0.005208057837778442 0.0037142230695382454 59.174635919764825 0.005208939216723687 0.9999864074682582 -0.00022766414583412817 -0.0676616627607104 -0.003712986895804183 0.0002470066500620994 0.9999930763340447 0.5659549938732292
0.9999782209484859 -0.004914653427259226 0.004404975640241095 60.58588936503764 0.00491479192616797 0.9999879221246907 -2.061713410103268e-05 -0.05971136332330359 -0.0044048211114258015 4.226622379103053e-05 0.9999902978352053 0.6031550671408575
0.9999767231047828 -0.004162789022595267 0.005405963020013291 62.04016992355452 0.004176873982636099 0.9999879051617886 -0.002596777593662828 -0.06512938135775483 -0.005395087798504165 0.0026192971750322643 0.9999820159932654 0.5939867902335295
0.999980741805493 -0.003930883649489104 0.004802517243098672 63.43164429975779 0.0039459547498003735 0.9999873076343911 -0.0031327322314661306 -0.07554932816612481 -0.004790141881887082 0.0031516224164258822 0.9999835607733238 0.6177820385685809
0.9999891779925214 -0.003605734512968558 0.002939825923992331 64.85106826607324 0.0036214942675539376 0.9999790065541235 -0.00537319553881067 -0.07302622207495664 -0.0029203898903166913 0.005383783952779709 0.9999812429207051 0.6165721067326769
0.9999910332568248 -0.0030761132063369745 0.002910486813157311 66.32415012264207 0.0030914354663364838 0.9999813099495366 -0.005274730169982642 -0.08854574235170172 -0.002894206748876153 0.005283680454990388 0.9999818529794149 0.6223560643323817
0.9999927049701542 -0.002297541128780023 0.0030514441229764675 67.69368525122412 0.0023063342567972616 0.9999931896088796 -0.002881242467296993 -0.07081849463096605 -0.003044803568377905 0.0028882590986607243 0.9999911935265274 0.6454674334945261
0.9999911795100365 -0.001884842607418105 0.0037534344900694936 69.16474700122174 0.0018877685092912563 0.9999979169690267 -0.000776136368757734 -0.08720694250453084 -0.003751963776652193 0.0007832151382867238 0.9999926546439557 0.6483206859276043
0.9999822439158799 -0.00113635535667946 0.005849833285218735 70.5189265178646 0.0011129270089170668 0.9999913540033237 0.00400665846710014 -0.047513529050567625 -0.00585433569539107 -0.004000076887074577 0.999974862753291 0.6802027878384311
0.999981900037484 -0.00037303826488108247 0.0060050345441328085 71.97994900265748 0.0003339448879153115 0.9999787553508267 0.006509787079718504 -0.07530246969180576 -0.006007335368957608 -0.0065076639022286055 0.9999607803470596 0.6767916306240354
0.9999818423018622 0.00018660551495241015 0.006023308472549509 73.34017382083385 -0.00025190159733586606 0.9999411960737957 0.010841629955501971 -0.055135645699082796 -0.006020931170421813 -0.0108429503774834 0.9999230864496291 0.683619895996823
0.9999853927794333 0.00103308593558222 0.005305370977812327 74.73715000703237 -0.001111139559401037 0.9998908847169958 0.014730377752894907 -0.05702013643207386 -0.005289574334674312 -0.014736057590588787 0.9998774269929515 0.6939314656117717
0.9999858046406166 0.0014651572342507077 0.005122873367306064 76.18825736865723 -0.001547589735595966 0.9998687972930491 0.016124303574473017 -0.07094439112662977 -0.0050985765924235135 -0.01613200279042897 0.999856871258432 0.6960431845255507
0.9999823232248767 0.0019884113654495784 0.00560352192998947 77.53788833049347 -0.002084160316785005 0.9998510375133176 0.017133565283273845 -0.05985656223237141 -0.005568618639488666 -0.01714494105513399 0.999837507539432 0.7194445654420486
0.9999834335427482 0.001919468334945807 0.005426627070953793 78.96667871098086 -0.0020033542485645628 0.9998779342113373 0.015495265374404175 -0.0717100382376052 -0.005396221994212849 -0.015505880129150718 0.9998652151513271 0.7307759822710489
0.999987593366361 0.0019808700561346564 0.0045704777840269 80.3227987852097 -0.0020474762610367208 0.9998911021327985 0.01461477733727729 -0.06022116509558505 -0.004541030093939639 -0.014623953961853542 0.9998827526346314 0.7444837056706815
0.9999892353276545 0.0014813354668393682 0.0043971438511240385 81.72200250189658 -0.0015431860921704887 0.9998994530046633 0.014096185925985051 -0.08042117084102852 -0.004375820551362421 -0.014102819796398562 0.9998909753909635 0.7535991930792454
0.9999868353492924 0.0012505247887205349 0.004976476249301877 83.14327813447446 -0.0013170977879832862 0.9999093910956471 0.013396822464640462 -0.07613102379659718 -0.004959272277659269 -0.013403200606012033 0.9998978747012073 0.7653282570161197
0.9999926228889846 0.0009880216030763809 0.003711870272636114 84.45873327860892 -0.001039780338128446 0.999901899901227 0.01396815774413069 -0.07841024618479737 -0.003697705296189357 -0.0139719142292075 0.9998955508393434 0.7737855702088231
0.9999918502851867 0.00036138763812523577 0.004021039938104894 85.88257949302307 -0.0004145104991877512 0.9999125492811528 0.013218243873983095 -0.07966362691092026 -0.004015911385338012 -0.013219802912337186 0.9999045500780082 0.7825145512225511
0.9999844156479913 -0.000885406758029027 0.005512215164362118 87.23062780484692 0.0008164743788225243 0.9999215998320602 0.012495101395424976 -0.06569108047467581 -0.005522846252985279 -0.012490406084914186 0.9999067396138002 0.8083045253605512
0.9999796488298635 -0.0019174310290882921 0.006084848753373621 88.60286772954278 0.001846094665863154 0.9999297590205906 0.011707645344321893 -0.06935425204235618 -0.006106869950098389 -0.011696173873213407 0.9999129490391352 0.8122457657231852
0.9999717271108304 -0.003027092161398129 0.006883436062707168 89.99820990028137 0.0029620519679520057 0.9999510603952019 0.00943944186117819 -0.07255573394420411 -0.006911673250532551 -0.009418785885548812 0.99993175529399 0.8192555930887296
0.9999688901128257 -0.004042058012005888 0.006773520026607339 91.36413646969662 0.003987527996783339 0.9999596901665313 0.008044728866121117 -0.0686854250746307 -0.00680576424791079 -0.008017468994770877 0.9999446993528791 0.830544488346326
0.9999751177119383 -0.00422221801489443 0.005651268178898624 92.74538284605143 0.0041883694629012745 0.9999733000962467 0.005988042740631845 -0.05754807470714277 -0.005676400112515619 -0.005964224145360281 0.9999661026815391 0.8388634699576865
0.9999714034848621 -0.00443006296544676 0.006129172426800054 94.08269247701108 0.004403776414659682 0.9999810769816273 0.004295629401446381 -0.04748616713488559 -0.006148086353082244 -0.004268515056440651 0.9999719900144244 0.8581617719115219
0.9999743414817253 -0.0048328719642116245 0.00528769578998261 95.49235587835463 0.004805468014305169 0.9999750212852418 0.005183076571270049 -0.024514706865039287 -0.005312612855587397 -0.005157533728216988 0.9999725876195252 0.8587126065259583
0.9999794146205259 -0.004655542983082586 0.004415456343695979 96.82094126469805 0.004633537327824614 0.9999768598077312 0.0049809819213431005 -0.017065362590666013 -0.0044385433446200015 -0.0049604202041522005 0.9999778465368001 0.8725434381586962
0.999980867509283 -0.004483939785827231 0.004261326011804076 98.17618860852798 0.004456071640403112 0.9999687708254146 0.006526928791171318 2.091546211086029e-06 -0.004290459289796082 -0.006507815140775098 0.9999696196891064 0.8910202060673277
0.9999814221906697 -0.004192924349491306 0.0044243258158643125 99.52639619898792 0.0041600395305876605 0.9999638483203656 0.007415937124112375 0.019410235495912562 -0.004455260332396807 -0.007397393981956283 0.9999627139136971 0.8974234100601445
0.999977685881976 -0.004002869104471959 0.005348343394047861 100.86801242180996 0.003961579953681375 0.9999624424612925 0.007708407819845811 0.03499253852874867 -0.005378998270940548 -0.007687047923548677 0.9999559868673333 0.9093713729776398
0.9999709050161992 -0.003814967614367419 0.006605690212603567 102.21914286812014 0.003764941180005292 0.9999642657367582 0.007569178783525441 0.055212514743316 -0.006634330335057123 -0.00754408852328756 0.999949534921317 0.908802780935203
0.9999746342113068 -0.003716598048383109 0.0060760046831609925 103.55720337081313 0.003669163711766117 0.9999628524106561 0.007799425389131479 0.06539742080180289 -0.006104766303413927 -0.007776933694659155 0.9999511243709311 0.9283489968822435
0.9999886205555852 -0.0034128087885304183 0.0033333909927869875 104.87399251748363 0.0033874110956520244 0.9999654175789635 0.007595333580432209 0.08711311984315791 -0.0033591971372513153 -0.007583955584120805 0.9999655991144352 0.9366456226471022
0.9999921305167975 -0.00355579962925479 0.0017593161946444075 106.20052155440928 0.0035442319302611013 0.9999723649935962 0.006535110491680416 0.10376158275665852 -0.0017825051193935586 -0.006528823639105691 0.9999770983064505 0.940585904142564
0.9999905479183515 -0.0033162259157761094 0.002811888979084229 107.55727186940865 0.003299238937882897 0.999976410555282 0.006024396683909889 0.11818406694200317 -0.002831800908594701 -0.006015062647211751 0.9999778997182709 0.9544206452782689
0.9999851860903398 -0.0026928459565990566 0.004730346765545987 108.90125536544284 0.0026825192716028717 0.9999940082211185 0.002188061292290466 0.12481242256826763 -0.0047362105343578716 -0.00217533963218821 0.9999864180113941 0.9597894514794022
0.9999834508409817 -0.0018136355637461458 0.00545974085502243 110.2531308667052 0.0018053687361382186 0.9999972171072343 0.0015186907234454223 0.14120738544177971 -0.005462480012655474 -0.0015088087449440664 0.999983942275216 0.9781650360271308
0.9999887587539165 -0.0011257136556133622 0.004605988989028036 111.58123643039832 0.0011220300402152105 0.9999990487208092 0.0008022506251694863 0.15565806799578416 -0.004606887711930535 -0.0007970735488621981 0.9999890705699576 0.9910362946496428
0.9999978293953126 -0.00030157484609366245 0.002061615210345615 112.89436939753588 0.00029619638590699563 0.9999965535609784 0.0026086651503270937 0.1650169715923724 -0.0020623948129057258 -0.0026080488449718555 0.9999944722891512 1.0048492780308864
0.9999997964360271 0.0005559439163410614 0.00031313617831145365 114.25521582490616 -0.0005576250132459589 0.999985295044367 0.0053943256645315124 0.18292532612252793 -0.00031013263112188573 -0.005394499179006727 0.9999854014916212 1.0300328737132476
0.9999978252109626 0.0020315825175278115 -0.0004714295488526501 115.55939888028828 -0.0020280782460054946 0.9999711637171085 0.007318376382764182 0.20650612367981697 0.00048628384009272814 -0.007317404370826902 0.9999731091990928 1.0345518639824536
0.9999927391332416 0.0034469827329816644 0.0016248048605707814 116.90231923397508 -0.0034620548820335933 0.9999501393443404 0.00936658962633116 0.2145036744657508 -0.0015924373740262257 -0.009372146780371795 0.9999548124830127 1.0527210518512533
0.9999815878656118 0.00450310779126455 0.004067671322771453 118.22691114826 -0.0045377665958385785 0.9999531358037295 0.008551892808610781 0.21520214349867456 -0.004028970599487703 -0.008570193493062438 0.9999551585843237 1.06090520949131
0.9999744872354831 0.005469349170646002 0.004594681466894941 119.58052963456025 -0.0055077721071444055 0.9999496192157055 0.008391869683291732 0.2137739540084209 -0.0045485519177465746 -0.008416962041921223 0.999954231665348 1.0769798169632285
0.9999712414584662 0.00639937987223652 0.004069913176566506 120.89740252537699 -0.006435100474714038 0.9999403520763797 0.008825064942878864 0.21010176762110058 -0.00401319547172957 -0.008851001447096734 0.9999527759026869 1.0910426327609364
0.9999620632688364 0.007766824903116096 0.003943152806587364 122.22735637372645 -0.007805720564110151 0.9999200662429742 0.009946449171490913 0.2133594381357071 -0.0038655852864462924 -0.00997685098467247 0.9999427582091002 1.1027973816201375
0.9999535423094473 0.00887913353088909 0.0037515610789367886 123.60500493577638 -0.008923756123470787 0.9998875759346881 0.01204998207891279 0.21458815838607262 -0.003644145913265541 -0.01208290028072494 0.9999203586893153 1.1105161214991957
0.9999455109605999 0.010069087592479832 0.002754738608256458 124.92803352099138 -0.010105956000107037 0.9998548852506525 0.013714156690384184 0.21650847281875016 -0.002616249810081331 -0.013741248686326778 0.9999021618745865 1.1288673459194514
0.9999363176617698 0.011110379391182416 0.001979921918708764 126.25856582583111 -0.011137431695687046 0.999836852791659 0.014220598260769123 0.21262980929224423 -0.00182160265812826 -0.014241743904953258 0.999896921934607 1.1376432999840596
0.9999268056614038 0.01193684646871298 0.001973579530605847 127.60433832377213 -0.011961314677459553 0.9998453825746162 0.012889448995451271 0.20319102075233736 -0.0018194150070950257 -0.012912112166563749 0.9999149799300089 1.153429774502953
0.9999149722291075 0.0127895263446647 0.0025448630497995313 128.99280207696538 -0.012820919605298513 0.9998368009626414 0.012727743761792972 0.2051077184783466 -0.0023816659164500016 -0.012759289034680392 0.9999157605572541 1.1789051776930661
0.999900288181653 0.013684915182820825 0.0034837897017813927 130.3409587017153 -0.013727560506795657 0.99982730499342 0.012526542704475199 0.1879538977467962 -0.003311763394251194 -0.012573117594048689 0.9999154708960086 1.196652150222061
0.9998943410205489 0.013984468123792724 0.003967549165022721 131.66154742300543 -0.01402691028464617 0.999842432451898 0.010879156977363916 0.1783332455829264 -0.003814784784065132 -0.010933659952928098 0.9999329490006242 1.2112266489502233
0.9998984077998426 0.013720495150561908 0.0038629123939129756 133.08810893233164 -0.013758857881717967 0.9998544717835421 0.010086083692132717 0.1734364083834271 -0.003723964168775888 -0.010138208287336836 0.9999416727107598 1.2482650281169727
0.9998964207629057 0.01355743671869341 0.004831527206661933 134.4170099752672 -0.013588168037613407 0.9998872868554605 0.006385551989249059 0.16427821155123418 -0.004744410913029372 -0.006450542182208011 0.9999679400214008 1.2474054381565938
0.9999063318067225 0.012883450195311721 0.004619991762909395 135.78610022180195 -0.012907289161573509 0.9999033431441575 0.005167809558854964 0.16089154757647967 -0.004552965991961211 -0.005226957069078344 0.9999759744216228 1.2841421044043648
0.9999212709269756 0.011813540787796978 0.0042299174740235475 137.13295630233432 -0.011838855396764079 0.9999118538888128 0.006010487129351971 0.15627418039973964 -0.004158539488390441 -0.006060091310587062 0.9999729905565604 1.311167128567384
0.999926506237774 0.010560488610670618 0.0059546791200428715 138.4907131294986 -0.010582440100491166 0.9999372803921173 0.003667048341067789 0.1424931059912232 -0.00591557982266277 -0.0037297938709944384 0.9999755469775456 1.31871972271248
0.9999411209430145 0.009479842661161869 0.005280836140930661 139.82289293593678 -0.009492213188128481 0.9999522510011873 0.0023224139272765205 0.154617357031254 -0.005258567867667365 -0.00237240400819584 0.9999833594431475 1.3480512588754092
0.9999514449947525 0.00815568910952354 0.005531038605473293 141.19583985536613 -0.008162697813163367 0.9999659086295447 0.001245770083146606 0.1454241912538061 -0.005520689931287102 -0.0012908577915031008 0.999983927705263 1.3491609347548659
0.9999606995233148 0.007007629227935145 0.005430703586704393 142.51499072974102 -0.0070140445266865335 0.9999747248027872 0.0011631573272006081 0.13854863372928797 -0.005422415349317457 -0.0012012028113315702 0.9999845771428605 1.3746508016284769
0.999973045613537 0.005849084649003778 0.004438046321980919 143.90237699884807 -0.005850971276364561 0.9999827979492497 0.00041223866045034854 0.15718226674706606 -0.00443555875966229 -0.00043819443036326546 0.9999900668527317 1.4003085772207842
0.9999848234901044 0.005038927087819954 0.002227555446716982 145.25774274225765 -0.005036236411816525 0.9999865837583635 -0.00121186883843857 0.14425809344243745 -0.002233632080011744 0.0012006319506490549 0.999996784680156 1.4209076095291826
0.9999899574066675 0.004032755332396676 0.001954985994926046 146.5799460906896 -0.00402157780056848 0.9999757361739913 -0.005688055491825841 0.14746829145046314 -0.0019778770956016445 0.005680136240720068 0.9999819118636504 1.4339952309263966
0.9999866031225134 0.002995541912429891 0.004221410208390216 147.96389531655365 -0.0029390838845598697 0.9999069980945854 -0.013317542843716773 0.13409683910287853 -0.004260910866956234 0.013304957351513281 0.9999024066119945 1.4491153582628573
0.9999823753202607 0.0011429808483216688 0.005826031550716709 149.29113309814926 -0.0010220260683076142 0.9997847548275675 -0.020721956401276005 0.1578518758973583 -0.005848462324857393 0.020715636827311243 0.9997683020976779 1.4945354631301664
0.9999953272930059 0.0002847980587760016 0.003043728341987483 150.57846852705964 -0.00021209875177507752 0.9997153196116588 -0.023858640947849893 0.1281463456370017 -0.0030496567468480617 0.023857883892429387 0.9997107086402055 1.4980705824252036
0.9999995799391564 0.0004814394530658826 -0.0007799599758195792 152.00876949324243 -0.0004990903664694478 0.999740134283835 -0.02279067377121124 0.1666459802683746 0.0007687849614464678 0.022791053468251752 0.9997399546139438 1.5380554170808702
0.9999950551640183 0.0010413337908082379 -0.002967367764207518 153.31979826770288 -0.0010987780196217464 0.9998107474771436 -0.019423231349572863 0.18038646223816326 0.002946580115240902 0.019426395783355054 0.9998069477716651 1.557827228767839
0.9999950517082588 0.0021991357750285826 -0.0022495245808352386 154.67462339767917 -0.0022397143303324457 0.9998318915387088 -0.01819814116458814 0.17677141696979556 0.002209126233445251 0.01820308940731664 0.9998318695147269 1.5890211284726148
0.9999963732210488 0.002668340919103574 0.0003653785546332978 156.01368194439274 -0.0026589483858113707 0.9997164763420531 -0.023662141148061 0.19014356536885318 -0.00042841362062792844 0.02366108380798749 0.9997199455721592 1.5946725299306548
0.9999889039025511 0.0031362167071301715 0.003515141041289323 157.37082329982326 -0.00302857274426615 0.9995386563263776 -0.03022089105887339 0.18988455241169275 -0.0036082986166512333 0.030209909864571307 0.9995370636084825 1.6369479625768517
0.9999873593405226 0.0031553177907822235 0.003914732277891792 158.69644429590483 -0.00302446679009576 0.9994510211899658 -0.03299255738753864 0.18606334515919404 -0.0040166851761125775 0.032980300362088814 0.9994479306238131 1.660155678012688
0.999984971546818 0.003154846052453775 0.004483706825276558 160.06960499940587 -0.0029962470945305046 0.9993845946159063 -0.03494931398109858 0.18299816951163833 -0.00459120723320482 0.03493535445342171 0.9993790281096335 1.6857996658812662
0.9999785857388477 0.004249062799018528 0.00497730138367953 161.4131242261209 -0.0040814002055182775 0.9994395778468552 -0.03322457532704092 0.18129805551587178 -0.005115685300756556 0.03320354948841791 0.9994355177125104 1.6857839152396248
0.9999756241516363 0.005424844606827687 0.004395698299144398 162.7804245072172 -0.005281453606730932 0.9994738904715641 -0.03200075801345537 0.18789765061945315 -0.00456698481990878 0.031976762291194394 0.9994781785126813 1.6941876220111267
0.9999779038450352 0.006387263768012309 0.001842466620472026 164.14060393225594 -0.006335099644089313 0.9996140082181854 -0.02704997387195287 0.1877401251548607 -0.00201453076153626 0.027037703961906797 0.999632384544578 1.7172232451130882
0.9999745344777767 0.007075084225573218 0.0009346545643998116 165.48851012202033 -0.0070488228625021935 0.9996469755222188 -0.02561715100344413 0.18462386912904435 -0.0011155681094289036 0.025609910434853875 0.9996713900053917 1.7226613925287888
0.999969710427733 0.007343372797407494 0.0025793609740144513 166.84160203697368 -0.00728313765083578 0.9997173018656901 -0.02263343227050926 0.19114745238299974 -0.0027448375243266077 0.022613960872501906 0.9997405036511334 1.7468294844915133
0.9999697806801363 0.00715370608111125 0.0030433888718372263 168.18225439480008 -0.007091356752420317 0.9997742966765669 -0.02002669129651459 0.18411706873191683 -0.0031859670321667676 0.020004504347297943 0.9997948136592272 1.7735339223493785
0.9999766934229009 0.006813154978072687 0.0004399207274703331 169.55583445978502 -0.006804095791817973 0.9998136288612144 -0.01806687089192826 0.1803314247023227 -0.0005629311302989166 0.018063456552238365 0.999836683986904 1.7862035486121468
0.9999774619034572 0.006209282902059101 -0.002553525202975661 170.96510755163212 -0.0062496218031691895 0.9998507737666226 -0.016105043483439052 0.16875543463947001 0.00245314337888915 0.016120639073197652 0.9998670447031617 1.7991410457746464
0.9999743175916492 0.0058920014160684 -0.004080254456362742 172.2898696637921 -0.00593894837506333 0.9999151854054064 -0.011590983041580898 0.16830492095704996 0.004011614302740567 0.011614917777794697 0.9999244974675344 1.809748753188999
0.9999751468484108 0.006394908887506477 -0.0029683035255287787 173.6719849002883 -0.006405851573960308 0.9999726676073691 -0.00369176161396972 0.17954948627132178 0.0029446139155356412 0.0037106843738696975 0.9999887799722385 1.8575577961742706
0.9999731219326238 0.007258654749819907 -0.001033123199220852 175.0543160421895 -0.007261046925370744 0.9999709216844788 -0.0023308760245113616 0.1623139588772067 0.001016174133411932 0.002338314931097761 0.999996749831425 1.8721134380372144
0.9999727660819923 0.007148588857842909 0.00183433139612576 176.41414039838514 -0.0071437237661635955 0.9999709845701154 -0.002645227518920859 0.17285957625118942 -0.0018531878161799679 0.002632051522221973 0.9999948189864297 1.8812849119791442
0.9999711463468148 0.007145293968170181 0.0025790013465577344 177.83802157057906 -0.007135594716661665 0.9999675073721337 -0.0037506650078905747 0.09709481414700837 -0.002605717152084221 0.0037321540791204625 0.9999896405783677 1.8989843497377796
0.9999806712129675 0.005513730703132379 0.0028733211091216656 179.2064233342801 -0.005494089303654367 0.9999617907033903 -0.006799420268836794 0.09798896235625103 -0.0029107014938429387 0.006783502561518885 0.9999727555837766 1.9117305736458652
0.9999949561221766 0.0028924518074093185 -0.0013120414428918704 180.51368169262827 -0.0029020900615277733 0.9999683746738288 -0.007404561125129039 0.04240658119155728 0.0012905826129438367 0.007408331439859117 0.9999717251111635 1.9274623514170326
0.9999833918709854 0.0015091645151710177 -0.005562230188115122 181.92727612659544 -0.0015418820851473463 0.9999815091741102 -0.005882508776413996 0.07778673028582353 0.005553249664379608 0.005890987382029827 0.999967228305923 1.9462493028262726
0.9999783537498709 0.0008197058425330617 -0.0065284082309498455 183.3214278629954 -0.0008275288083492854 0.9999989427662137 -0.0011956849610528857 0.11232030356674944 0.006527421218947689 0.0012010615248409188 0.9999779748691688 1.963441010029439
0.9999826815035837 0.0004191289825283769 -0.005870351250002465 184.67068158372103 -0.0004010452414495575 0.9999951721812524 0.0030813595865544145 0.03995050487545361 0.005871614396118961 -0.003078951945605006 0.9999780218581306 1.961666835875782
0.999997235869854 0.0008917741531875257 -0.002175543957585109 186.11204406326345 -0.0008815047742189582 0.9999884874304 0.004716773896801585 0.07301827187937661 0.0021797252085314772 -0.0047148431066395295 0.9999865094352498 1.9894237562187786
0.9999991175736238 0.0011534562952660694 0.0006590831120111732 187.47565373632094 -0.0011566886534258045 0.9999872022838279 0.004925174100632831 0.060079354276599585 -0.0006533937041809156 -0.004925932108486625 0.9999876540585538 2.0064250534969417
0.999998684997524 0.0015242177223119193 0.000553862399534482 188.9608420792595 -0.0015262645366136798 0.999991937988684 0.003714091302045385 0.02061167490071724 -0.0005481968505046875 -0.0037149317585447005 0.9999929493562654 2.0061733030977855
0.9999985982040004 0.0010552270590985233 0.0013000330332981198 190.3542743631599 -0.0010603370591407346 0.9999916906948334 0.003936270647396763 0.030948796054062578 -0.001295868571627851 -0.003937643602751631 0.9999914078068385 2.0359472818291353
0.9999977930879141 0.0010169189121895785 0.0018383947419835164 191.70804218396538 -0.0010140774960344118 0.9999982909675272 -0.0015458683179976045 0.01814777069922466 -0.0018399636228355314 0.001544000631665457 0.9999971152937973 2.0325628630456194
0.9999973759213221 0.0016728427983458362 0.0015651669054007537 193.17670673857617 -0.0016690913048593074 0.9999957387850357 -0.002395108762990382 -0.01112682371809537 -0.0015691668763335384 0.0023924900715640886 0.9999959068449088 2.0404050474135915
0.99999391370151 0.0021112516621341775 0.0027776206285091663 194.56079973311282 -0.0020931358152464228 0.9999766262669003 -0.006508894093990386 -0.008936007466275101 -0.0027912976186205357 0.006503040541699392 0.9999749592471391 2.055781297902457
0.999989366406585 0.0022348141335478463 0.004033940944702857 196.00070263726352 -0.0021876177108713217 0.9999295502882855 -0.011666567147980984 -0.04326673410305889 -0.004059729363878523 0.011657618369794141 0.9999238063629831 2.0561740933559296
0.9999855674627687 0.00257072976609066 0.0047176492699377405 197.38472489897907 -0.002504157413469196 0.9998979697441805 -0.01406340275731547 -0.044672854656399724 -0.004753321135056615 0.014051386050338115 0.9998899761915064 2.0864493268054836
0.9999964443920348 0.0026435847316973165 0.00035023285738378703 198.82369729387776 -0.0026401379054110485 0.9999513761695207 -0.009501314041862345 -0.060306321490846845 -0.00037533335645283 0.00950035559587196 0.9999548001626991 2.1155063909829352
0.999980922009623 0.003008892395277622 -0.00539464394914888 200.26280530990692 -0.0030222406803543348 0.9999923876954662 -0.002467916609291417 -0.037409376535261295 0.005387177187958411 0.0024841734388012385 0.9999824034473165 2.1271528930958876
0.9999717346592961 0.004191659146298445 -0.00624178468706293 201.682391811535 -0.00415563615288933 0.9999747007185632 0.005773093710052977 -0.04289609553063125 0.006265825615447644 -0.005746991945488236 0.9999638551032409 2.1678359779051397
0.999983502072373 0.005472607204862473 -0.0017453233092063986 203.1085383230024 -0.005450978402159084 0.9999111417567698 0.012165337033231924 -0.021747725979868238 0.0018117443339409193 -0.012155622610718723 0.9999244763587969 2.1767926177103205
0.9999802595700992 0.006275261568849593 0.00031868849933402353 204.54595976829248 -0.0062790530502356305 0.9998855998656834 0.01376083842048794 -0.01904434842243646 -0.00023229918083165766 -0.013762567837615543 0.9999052643943853 2.197780555848775
0.9999836545623151 0.005611377371312228 0.0010968373596376136 205.99642306821963 -0.005625537530987626 0.9998948731355943 0.013363981616313423 -0.013293964143644506 -0.0010217317085328183 -0.01336993347591672 0.9999100964302567 2.2216412929560705
0.9999903820675716 0.004363965909617745 0.00043769154865247706 207.44681406607106 -0.004368048739325878 0.9999423729350524 0.0098066793170479 -0.04874229757817156 -0.0003948703115470254 -0.009808496855086188 0.9999518175726673 2.261021796413427
0.9999945106770529 0.0032964551439790043 0.00033466288278811583 208.87868270796946 -0.0032987331269902233 0.9999696993240323 0.007051155477024876 -0.04753938980540931 -0.0003114089245333117 -0.00705222073449314 0.9999750842932005 2.274606037324822
0.9999958679353438 0.002859977919511384 -0.0002909270326551161 210.35160370408735 -0.002857593204245731 0.9999647800883734 0.007891308122872968 -0.043988684991971665 0.00031348575321821367 -0.007890444164366135 0.9999688208227152 2.2981770884006663
0.9999963627611379 0.002644906014717815 -0.0005281445521851221 211.81306864466208 -0.002640250822551298 0.999959287870238 0.00862853855763581 -0.05471456548910975 0.0005509447238248959 -0.008627112739491714 0.9999626339947366 2.3271851609922334
0.9999966177074092 0.00256245323739588 0.00044542917261010027 213.25203871157686 -0.0025669581508924438 0.9999423553395431 0.010425772098901729 -0.04408676200293799 -0.0004186879425295053 -0.010426880233935284 0.9999455509521475 2.340104255054193
0.9999972901826117 0.002265539889484582 0.0005356831547813298 214.70074587551053 -0.002270890214261989 0.9999453223696105 0.010207611315610512 -0.03484898255807204 -0.0005125281142839169 -0.010208800132482015 0.9999477574927538 2.3740782094389656
0.9999977095873116 0.0020791806827552255 -0.0005077674855566445 216.18152239737014 -0.002073934896530781 0.999946621902038 0.010121864489702289 -0.04263324142380525 0.0005287855670145135 -0.01012078822974781 0.9999486436969814 2.4027450108185047
0.9999977991039188 0.0018894672094608744 -0.0009119764157296871 217.64204432981973 -0.0018814461990220022 0.9999602332349911 0.00871734528525857 -0.036178973825471764 0.0009284112874479135 -0.00871561026472652 0.9999615873573319 2.4157269768292458
0.9999990988648473 0.0012336024145573822 -0.0005296173866053675 219.12790564907243 -0.0012282027312283833 0.9999484664475058 0.010077498069080674 -0.03723078597831002 0.0005420217194906883 -0.010076838510372176 0.9999490804726465 2.4387903338853647
0.9999986909162939 0.0011785387382020865 -0.0011086983994751806 220.6236793448791 -0.0011663047437830236 0.9999391340390102 0.010971232864133894 -0.03932889926432683 0.0011215609404178662 -0.010969925421668983 0.9999391995703039 2.4774509337067565
0.9999985541985086 0.0009376108696389378 -0.0014186214257629376 222.10190905121897 -0.0009252914781322779 0.9999620739609885 0.00865993506437592 -0.03219377133830716 0.0014266872723181275 -0.008658609905512935 0.999961495777678 2.48445181625712
0.999998542521189 0.0005111367368795518 -0.0016290164928122047 223.57402890860877 -0.0004932527833549915 0.9999398164821687 0.010959932267045898 -0.02673060348495059 0.0016345204768844614 -0.010959112776257638 0.9999386112106922 2.506663622883262
