1.0 -2.1684043449710093e-19 -2.5135375298442207e-37 0.0 2.1684043449710093e-19 1.0 2.3183291766350204e-18 -8.673617379884035e-19 -2.51353752984422e-37 -2.3183291766350204e-18 1.0 0.0
0.999999605191816 -0.0005752605669382756 0.0006772676666057745 1.3273296181958805 0.0005753941431156976 0.999999815046477 -0.00019704971926772806 -0.0051472914502177945 -0.0006771541864095126 0.00019743933731957285 0.9999997512399269 0.014190925790177144
0.9999991949427005 -0.0005967506105383338 0.001119822601905854 2.628292136493784 0.0005974895951637137 0.9999996039050855 -0.0006596937592120932 0.002610928857959863 -0.001119428485696238 0.0006603623104738848 0.9999991554003855 0.02238872222501785
0.9999988872738748 -0.0011179839288187879 0.000987705901274616 3.9520689250911336 0.0011192792573348144 0.9999985130995639 -0.0013118737003340345 0.0010290636455376027 -0.000986237778940667 0.0013129777593055387 0.9999986517113146 0.049421367772926404
0.999999283578366 -0.0006022303147432876 0.0010344860573632555 5.268334488720797 0.0006041133894489055 0.9999981595873063 -0.001820952776138392 0.01132786711335349 -0.0010333875205184775 0.0018215764184468801 0.9999978069823875 0.05274627191131755
0.9999985638391408 -0.0008653682755105817 0.0014572087714674591 6.590166250488575 0.0008680477800539786 0.9999979319802929 -0.001839165079345398 0.007628662780466982 -0.00145561420281791 0.0018404273648476449 0.9999972470034142 0.0601316136534219
0.9999971187492299 -0.0005529092987768501 0.0023359761441198498 7.92271793974479 0.0005596760944398043 0.9999956467360217 -0.0028971143703437263 0.017671277366356816 -0.0023343641335240644 0.0028984134130357617 0.9999930749479115 0.08150416620196113
0.9999968205152764 -0.0005605649067352292 0.0024586025143505585 9.24301833503874 0.0005677450214170691 0.9999955736376228 -0.0029206798442274417 0.02952914915354207 -0.0024569544010604057 0.0029220664173076603 0.9999927124249076 0.08394227825145179
0.9999972541723224 -0.001012424835959597 0.0021134435802708435 10.57042029831003 0.0010180078912892315 0.9999959909886608 -0.002642284341142652 0.02387562663555769 -0.0021107599931609257 0.002644428588127686 0.9999942758284638 0.10218543420319824
0.9999994218831677 -0.0009663617782644889 0.0004715699778437706 11.896612280919191 0.0009667123775799876 0.9999992561053157 -0.00074381180030778 0.0521015684421948 -0.0004708508357513313 0.000744267242832135 0.9999996121828058 0.11708576939656015
0.9999988581757324 -0.0009792555544626224 -0.0011509586398013175 13.228960292372609 0.0009819627831852335 0.9999967473420713 0.0023539444280003116 0.0459131897736332 0.0011486497829705563 -0.002355071938758709 0.9999965671140273 0.12886303503983584
0.9999993577828725 -0.0010343404436188918 -0.000463220993982554 14.578308534985052 0.0010370327590169218 0.9999823500851386 0.005850135148883547 0.05874693406730011 0.00045716178678632146 -0.00585061176717198 0.99998278052427 0.1486171966891913
0.9999998737003959 -0.0004943379923055781 9.071461685314139e-05 15.925708052819772 0.0004938218170851755 0.9999841725247292 0.005604537451522099 0.08352043362237349 -9.348371686137331e-05 -0.005604491946814306 0.9999842903420096 0.15679737697187685
0.9999955938493669 -8.092982030638545e-05 0.002967445402426046 17.255535391259677 6.72306552360356e-05 0.9999893426005856 0.004616293457707802 0.07477638559308779 -0.002967787372975166 -0.004616073614324678 0.9999849419378753 0.18278714205520608
0.9999862108953238 -0.0001549506117728938 0.005249191320661572 18.62602162842997 0.00015508403480097893 0.999999987661701 -2.5010799169368495e-05 0.07468837821170457 -0.005249187380456848 2.5824520062291184e-05 0.9999862225875609 0.21380070737392437
0.9999918947613088 -6.104546315391197e-05 0.0040257527418874174 19.96642810898346 6.813864489645453e-05 0.9999984456407022 -0.0017618380471671722 0.06942722257054651 -0.004025638932201621 0.0017620980763857852 0.9999903445741647 0.22824646346287933
0.9999979662755003 -2.9788779735050483e-05 0.0020165707257666057 21.33029953008435 3.484610600147756e-05 0.9999968546174517 -0.0025078957219479255 0.06025606032904341 -0.0020164896757269776 0.002507960891216223 0.9999948219373719 0.2132883202865896
0.9999998967443803 -1.5659732734653176e-05 0.00045416516983023535 22.676229302809613 1.5943049062913965e-05 0.9999998052966247 -0.0006238209133476762 0.08915259043907216 -0.00045415531253396657 0.0006238280897122465 0.999999702290689 0.2589862045147294
0.9999985308009378 0.0009466300792723595 0.0014290862321237206 24.042180629040995 -0.0009482420362872274 0.9999989145557412 0.0011277075774128794 0.08758973499348278 -0.0014280171590168721 -0.0011290610402247435 0.9999983429927077 0.2360922762593036
0.9999741071306729 0.0015873472878896327 0.007018931314752817 25.42345473863455 -0.0015996141599189022 0.9999972026076817 0.0017424153782865355 0.10705003329877863 -0.007016145861723174 -0.0017535978440714089 0.9999738489539856 0.26161881661535374
0.9999692207222466 0.001271517360453895 0.0077421477475657875 26.81573635878936 -0.0012766868568369547 0.999998965381091 0.0006628026985414278 0.08104926926438162 -0.00774129697225558 -0.0006726665962260808 0.9999698094646847 0.266891198298894
0.9999692015940111 0.0014894996068883246 0.007705663784326744 28.186877669712327 -0.0014610177330763852 0.9999920857007331 -0.003700535512799323 0.08356312796468769 -0.0077111147455890955 0.003689163430770198 0.999963463723831 0.32195348047561706
0.9999831452073354 0.0017206136908213768 0.005545159129556275 29.54183456962119 -0.0017008153497651086 0.9999921699790089 -0.0035731229784595605 0.09853098812356009 -0.0055512636751596164 0.003563631462448154 0.999978241764494 0.29390920040138646
0.9999909296963416 0.0019890424304352694 0.0037661963910981303 30.917064381094626 -0.001976059575735367 0.9999921039184408 -0.003447794849396929 0.09626405792171823 -0.0037730244631511444 0.0034403213484079636 0.9999869641527434 0.3405626172966586
0.9999933408495615 0.002706506576299927 0.002448076527599521 32.31249587756343 -0.002700867398506313 0.9999936986741327 -0.0023038939479419927 0.11888049544574887 -0.0024542966055927755 0.0022972666758831572 0.9999943494810316 0.31154506709446406
0.9999946763181841 0.003165993949738208 0.0007898212460005165 33.688573365596426 -0.00316740737200264 0.9999933731594177 0.0017947612067531588 0.09539718207660469 -0.0007841338088592255 -0.0017972533376527048 0.9999980775054571 0.36219219936339814
0.999993388912989 0.003547621458928114 0.0007978172094001202 35.0775573495596 -0.0035492691864519306 0.9999915517103666 0.002073450297265959 0.11247232812077423 -0.0007904546524406591 -0.0020762682575433756 0.9999975321427373 0.36632764249745864
0.9999927753809006 0.0030944444672122593 0.0022076230300821995 36.470120506836395 -0.0030992471146879287 0.9999928311479794 0.0021753896135354622 0.12126462863962405 -0.002200875581605744 -0.0021822158664804125 0.9999951970287588 0.3934666313570993
0.9999914221306564 0.0028360071603681985 0.0030187296158636513 37.883493043374266 -0.002843311589080072 0.9999930339975582 0.002418167811718602 0.13588147473219278 -0.0030118506461567704 -0.0024267302578921466 0.9999925198399938 0.3698881490865445
0.9999926937867716 0.0020959872124235736 0.003196750018601209 39.281999599549025 -0.0021064477565407025 0.9999924271279572 0.0032723943200930793 0.1146204366679128 -0.003189866913373443 -0.003279104198187313 0.9999895360576191 0.3571790174205284
0.9999917693258161 0.0024806676193183733 0.003210540263909327 40.68155227141805 -0.0024926159176315967 0.9999899632048255 0.0037229498383479476 0.12094335146294218 -0.0032012726392619626 -0.003730921839726843 0.9999879159648456 0.3656110535627315
0.9999882704230599 0.0027478372601114093 0.003988534403655146 42.09395162338734 -0.002765590864246124 0.9999862633239327 0.004452490382918884 0.14240823889281393 -0.003976244895475587 -0.004463468811398843 0.999982133301741 0.37012186103335765
0.9999899693438751 0.00236699477954107 0.00380243965757585 43.48779664389819 -0.0023837618142583572 0.9999874299337559 0.004411083097664782 0.1455847465397191 -0.003791950849993171 -0.004420102962063841 0.999983041755487 0.3704741325095896
0.9999902510386037 0.002278958864958999 0.003782085964410691 44.906023414315314 -0.0022948830324136483 0.999988498601043 0.004211434138079165 0.15839279526542593 -0.0037724447799679585 -0.004220072525877187 0.9999839796958042 0.376809608743444
0.9999943943179025 0.0014389142174262835 0.003023385295678531 46.31245215969514 -0.0014511689100988642 0.9999907253971367 0.004055025092715007 0.16159210755048947 -0.003017522421722683 -0.004059389804277778 0.9999872078746064 0.3922049941688477
0.9999933172068495 0.0006272671563507425 0.0036016770476767356 47.75152104977259 -0.0006430769732607539 0.9999901567235154 0.0043900920361164275 0.17392662295335035 -0.0035988878348261343 -0.0043923788536139215 0.9999838773772098 0.4149924503619177
0.9999917009473366 -0.0007124957644468894 0.004011282368292021 49.14192729402124 0.000694249327780369 0.9999894152764681 0.004548335178741698 0.1615930888308784 -0.004014480579527283 -0.004545512601780795 0.9999816109613534 0.4215629563210202
0.9999887234115338 -0.0018572088925697487 0.004370792250852059 50.57630910891508 0.0018306912092057256 0.9999799427627585 0.006063220422079417 0.1618894081332054 -0.004381965251720447 -0.0060551504786870375 0.9999720663764629 0.448791768607854
0.9999866766417981 -0.002850774316442335 0.004303443352589601 52.0202811045066 0.0028270195153082853 0.9999807907808254 0.005515979515508219 0.1741239319276406 -0.004319085499535868 -0.005503740105796504 0.9999755268731809 0.4453018750263828
0.999978595284148 -0.003730564842147442 0.00537511483603654 53.43012087986683 0.0036941176618027496 0.9999702275284343 0.006774773164610565 0.19089092912894487 -0.005400228536164342 -0.006754771845865994 0.9999626045953255 0.47178160433071614
0.9999700284752094 -0.004921411914161257 0.005976776393663891 54.89317144090587 0.00488254203352266 0.999966949931353 0.0065007559773832685 0.18862712913994692 -0.006008571758711943 -0.006471379277847306 0.9999610083976587 0.48820441862551067
0.9999687545775522 -0.004322937444446212 0.006618314020256845 56.252868093328395 0.00428996506591564 0.9999783572587408 0.004988107240561548 0.24718528082984542 -0.006639734057366069 -0.00495955904910144 0.9999656577631484 0.4957768354284149
0.999965004940971 -0.005416995725400791 0.006375347105460034 57.71193119072445 0.005388428695721752 0.9999754041403839 0.0044895378901650615 0.2349926310222709 -0.006399510105877672 -0.004455027675233334 0.9999695990372997 0.5292246370877163
0.9999636522800979 -0.004940177600576471 0.006949011722693187 59.15436358170711 0.0049090032345945256 0.9999778432136731 0.004496083737342432 0.26405383592697473 -0.006971069207094801 -0.004461807593926154 0.9999657476469404 0.5535555689198257
0.9999590385630932 -0.00502860952089333 0.007525575211276521 60.562472711400304 0.004997545777246903 0.9999789385824871 0.004140884886931553 0.2503963080688292 -0.007546239605162319 -0.00410310586371805 0.9999631087145628 0.5621014333499181
0.9999566914097685 -0.0045397800293996 0.008124389337889297 62.02379609745499 0.00453893695127817 0.9999896915053053 0.00012220669668799595 0.26317686258201206 -0.008124860379185993 -8.532531311592944e-05 0.9999669891368462 0.5410127892362415
0.9999579916480165 -0.004321167583749322 0.008083467695141774 63.439134875027946 0.004329830954449833 0.9999900701988303 -0.0010545461792093483 0.2592368055418854 -0.008078830557149636 0.0010895019281079894 0.999966772189145 0.5715909792640288
0.9999679693898722 -0.0037730986052727927 0.00705860618044402 64.84601930179947 0.0037869601609092822 0.9999909253523112 -0.0019514470959871395 0.2658788885838708 -0.007051179123763624 0.0019781152503429125 0.9999731836069511 0.5778423965868872
0.9999732858038017 -0.002907234261312238 0.0067063900645677275 66.29548801266006 0.0029253824176993302 0.9999920817626012 -0.002697878761015852 0.2831341535541642 -0.0066984935962122166 0.0027174254449344308 0.9999738725499245 0.5780593972672763
0.9999752675644823 -0.002407922658183244 0.006608038121427659 67.66570354075776 0.0024154842821335447 0.9999964368218116 -0.001136564720198904 0.2863301249337542 -0.006605277815868099 0.0011524982224032979 0.9999775207737535 0.5940051762729274
0.9999690096304754 -0.001714684309867269 0.007683725422193274 69.13206783911356 0.0017051362897730657 0.9999977662424245 0.0012490077640107582 0.31426208834728914 -0.007685849912629256 -0.0012358672577405787 0.9999696997125672 0.603192875690856
0.999961725045933 -0.0009449062244792225 0.008698022498757311 70.49874503621547 0.0009084633260476678 0.9999907975644097 0.004192789152956468 0.3244253605561395 -0.00870190424833406 -0.004184726839694968 0.9999533813752169 0.6109006479189796
0.9999533873340577 0.00013238824707378775 0.009654306422329234 71.92769660274122 -0.0002068953383686802 0.9999702028205354 0.007716907760006921 0.3450952745390257 -0.009652997123336981 -0.00771854548535736 0.9999236189340301 0.6279042502261934
0.9999541282970589 0.0005295214024190445 0.009563519684377663 73.29758740401357 -0.0006395106788429082 0.9999336507569325 0.011501526420643594 0.3634496046946442 -0.009556794847685323 -0.011507114799005742 0.9998881207321356 0.6377413416419339
0.9999579354513106 0.001016764803585203 0.009115564562149988 74.69826107680554 -0.0011541721200947726 0.9998856037398398 0.015081356720575485 0.36439092479789603 -0.009099187582951035 -0.015091243260587969 0.9998447175247663 0.6425204761683977
0.9999568912267314 0.0018417657944890132 0.009100746503957676 76.15575085341675 -0.00198014589243219 0.9998822111938431 0.015219814728031323 0.3773488642056832 -0.00907164320372729 -0.015237179426296899 0.9998427544632781 0.6346662515687728
0.9999522666378021 0.0021927096862316225 0.009521369132306758 77.52474424148919 -0.0023466394135557333 0.9998662476054533 0.016185801890949116 0.37824199067361725 -0.00948460486180024 -0.01620737250828188 0.9998236661266792 0.6454122329807123
0.999944687996903 0.002413005859680103 0.010237106500259304 78.92968941281474 -0.002572987259325377 0.9998743252353167 0.01564332035673909 0.38372834288969404 -0.01019807253062318 -0.01566879503795259 0.9998252288168763 0.6758689172058644
0.9999591505555675 0.0015957733867699494 0.008896669460313587 80.3211696038709 -0.0017305274667164467 0.9998835904859207 0.015159510271463698 0.36274889270938027 -0.00887144266029712 -0.01517428694475461 0.9998455073264286 0.6597377864289283
0.9999597315167557 0.0016026793848775177 0.00882987903241473 81.72417787121329 -0.0017338967230363326 0.9998878867655162 0.014873046148792028 0.3816288052052451 -0.008805052361663302 -0.014887757332101506 0.9998504016774353 0.6867550018596126
0.999958042961692 0.0013202458541952352 0.009064726532409197 83.09139649420595 -0.001459388592289801 0.9998809556241429 0.01536049364725589 0.39936972682717187 -0.00904336779964065 -0.015373078124929128 0.9998409303323231 0.6795344457500443
0.9999661418818847 0.0014131706487016571 0.008106666304721233 84.46723372726134 -0.0015353974423255644 0.9998849460811293 0.015090962693982976 0.41725147513266025 -0.00808440749545411 -0.015102898697095668 0.9998532616371228 0.6856089375318134
0.9999664963636309 0.0005128801410687727 0.008169645292506637 85.8491236791499 -0.0006356067257245104 0.9998868898426704 0.015026760290948462 0.4202299546893367 -0.008161014295704446 -0.015031449521330568 0.9998537159859701 0.6797590300713018
0.9999597016089941 -0.000581581866005585 0.008958622694617554 87.21576490910626 0.00044872708489174365 0.9998900074068862 0.014824700059709681 0.428763545315429 -0.008966259089200344 -0.014820082671503731 0.9998499744199402 0.691620213046165
0.9999499505010122 -0.0016810484302098771 0.009862584306290603 88.60041310101298 0.001545097785516401 0.9999039133467731 0.013775948121355765 0.4375130528063748 -0.009884794679536499 -0.01376001998488309 0.9998564660410808 0.6938325536967799
0.9999428199674173 -0.003244770793933165 0.010189615208828794 89.94175525794942 0.003113621756392333 0.9999124533000366 0.012860446923022618 0.4174038811476357 -0.010230452344216118 -0.012827984954645056 0.9998653812623157 0.7040129639166361
0.9999330685973622 -0.003873752260809975 0.010901943353585259 91.32374653833872 0.0037477083464868507 0.9999261765674671 0.011558377797781997 0.43560253947262484 -0.010945912826831073 -0.011516746875244614 0.9998737677996152 0.7177039279817556
0.9999348627046573 -0.004065741491797643 0.010664900090491041 92.71016157572403 0.003951875459692559 0.9999351992409414 0.010676141593747843 0.451410120520143 -0.0107076154287199 -0.010633299821812046 0.9998861334705718 0.7360170985562857
0.9999351142230591 -0.0042502494065026096 0.010568950927138767 94.05981185605847 0.0041416158954852775 0.9999385897969829 0.010279282688749045 0.46371126248126576 -0.010611991400863784 -0.010234843174346949 0.9998913109051926 0.7455990026528926
0.9999372257228007 -0.004547972158911978 0.01024014467818764 95.43058262217697 0.004450578786825237 0.999944839204852 0.009513721461389308 0.4867915687015332 -0.010282847963998804 -0.009467549673722332 0.9999023094987454 0.7373327246602707
0.9999423592938332 -0.004277656200815058 0.009847829573565375 96.79567706185836 0.004185404659432845 0.999947347638026 0.009369329725949426 0.49412256426083906 -0.009887389833477698 -0.009327572519385213 0.999907613688973 0.7475481693644592
0.999951360197805 -0.003996077007899945 0.009017128539991402 98.13956866483433 0.0038972341102966454 0.9999324220641814 0.010952756326578944 0.5014381759511782 -0.009060287238787431 -0.010917081725754743 0.9998993591965862 0.7556304361164717
0.9999513250106604 -0.0037087906271894085 0.009142892403844055 99.47741067209495 0.0035931357069273685 0.9999137339638816 0.012633843682717362 0.5299896521103772 -0.009188959963793557 -0.01260037707734994 0.9998783893615725 0.7548281210597705
0.9999417948095548 -0.003629823374642549 0.010160284214291753 100.8500514108209 0.003499658179338744 0.9999119552572543 0.012799770554298363 0.523586548805878 -0.010205850561029935 -0.012763468019460641 0.9998664583325326 0.7560411277564901
0.9999258218780687 -0.0035408070561141185 0.011653901786969798 102.14197141197512 0.0033899455371639705 0.9999105342079049 0.012939545947110866 0.560233528263713 -0.01169867559700787 -0.01289908002354058 0.9998483658654558 0.766678969570375
0.9999367200826386 -0.003969561718682371 0.010526082373643256 103.52003673759134 0.0038272098040537305 0.9999014172311664 0.013509562695381555 0.5339107793785549 -0.010578671726209618 -0.013468422285711917 0.999853335897642 0.7685723538654878
0.9999594798357122 -0.003372847937581693 0.008346411413402536 104.83531310156191 0.003260647621365949 0.9999046282493089 0.013420230352000042 0.5433198813588537 -0.008390879797798664 -0.013392471855539346 0.9998751096181049 0.7742992234066673
0.9999695703328271 -0.0035923117396272916 0.006924861352168355 106.13711800778262 0.0035094129161985037 0.9999224808091829 0.011946396669830482 0.5633428332146488 -0.0069672397235230905 -0.011921730947083719 0.999904660406111 0.7767638313340218
0.9999628109750597 -0.002673223103267576 0.008199423461268025 107.52684646843106 0.0025818912890568065 0.9999347347808948 0.011129241485065052 0.5896216633915237 -0.00822863926955901 -0.011107657579415961 0.9999044501545484 0.7871550234697978
0.9999441771576667 -0.002874312779174965 0.010167639574865729 108.84538882910206 0.0027953989972653716 0.999965929267623 0.007766984510429271 0.561810693433138 -0.010189617898772851 -0.007738128325805406 0.9999181431782755 0.7856053748435309
0.9999322300647334 -0.0021998556713279664 0.011432231313024423 110.18413593154679 0.0021264370078330173 0.9999770646929095 0.006430268563949671 0.5859399434960461 -0.011446114774057095 -0.006405522865319222 0.9999139741664785 0.8039839845733449
0.9999453548498953 -0.001289569019648508 0.010374214469563357 111.5109993334922 0.0012249538357034396 0.9999798282230866 0.006232385981840439 0.5892680959096018 -0.010382042295104097 -0.006219337478366048 0.9999267638377887 0.8067105823156254
0.9999691410192054 -0.0006408162216644203 0.00782983804957183 112.83397935204516 0.000579345058107747 0.9999690154791836 0.007850633152558833 0.6052947306729386 -0.007834626258866289 -0.00784585471204135 0.999938528708251 0.8110885671971982
0.9999785361018336 0.0003090832343139463 0.006544601071722375 114.18518477215618 -0.0003791650201629712 0.999942576515082 0.010709804212350817 0.6080260337029217 -0.006540915036996616 -0.010712055822001139 0.9999212310429982 0.828165276001922
0.9999825270747764 0.001942442242561837 0.005583230541391217 115.49035419374088 -0.0020187207848678195 0.9999042624810333 0.013689070043426106 0.6359163319064106 -0.005556105788837626 -0.013700101838869471 0.9998907124771527 0.8237389478350379
0.9999627514490557 0.0035944353965786315 0.007847021639709335 116.86217311291774 -0.0037033534156512104 0.9998963924352189 0.013910052786149329 0.6507625667148639 -0.007796209842803648 -0.01393859495123159 0.9998724592081094 0.8432474200097537
0.9999451082661247 0.003569580356481604 0.009850814724011062 118.15559264468435 -0.0037130441440772956 0.9998867538125138 0.014583993056004574 0.6449838235267992 -0.009797640421668157 -0.014619769025264283 0.9998451223043574 0.8396224115761539
0.9999336055342368 0.0046401289664003455 0.01054768820531557 119.52703587429491 -0.004795302753523883 0.9998799459929701 0.014734268648202533 0.6456155569074218 -0.010478053006328368 -0.014783869732601485 0.9998358103213377 0.8463151942667471
0.9999342265310492 0.00582184993729851 0.009881734415576417 120.85231293064386 -0.005963686062905471 0.9998787442220843 0.01438510693080933 0.6502154276555355 -0.009796788264299534 -0.014443092334236768 0.999847698413878 0.8623068392267293
0.9999251715081742 0.007012949257162839 0.010023468813986422 122.17428401154343 -0.0071747725036145705 0.9998430175481867 0.016200706764142772 0.6457562362873628 -0.009908280570809221 -0.016271410598126524 0.9998185171186206 0.8517711154573466
0.9999205342881472 0.008278589504413042 0.009507368969576232 123.5308072823225 -0.008447737930054528 0.9998042523229695 0.01789113637455575 0.6445145580614974 -0.009357394550373346 -0.017970030404127202 0.9997947375209091 0.8562621491156336
0.9999112806468712 0.009273260066810578 0.009562294853614045 124.88704825764918 -0.009466595810012855 0.9997475792153718 0.020375510221185764 0.6367461627504576 -0.009370933726369237 -0.020464224899494596 0.9997466684617454 0.8600455670728484
0.9999095467500377 0.010703642218565557 0.008144345362954832 126.21053037251437 -0.010862200039348454 0.9997473253037933 0.01967989223081372 0.6405717167998669 -0.007931640967625888 -0.01976657762912449 0.9997731600120061 0.8649679258891783
0.9998952637947282 0.011947005461478595 0.008168873935514822 127.54847510363176 -0.012104298364289879 0.9997368802138582 0.019484771011484325 0.6558332599477606 -0.007933939877462026 -0.019581608737923736 0.99977678168542 0.8717419042530178
0.9998847578512529 0.012435652526651879 0.008707787490386509 128.8392096686924 -0.012596694921407416 0.9997459687011531 0.018690140257639078 0.6251232223005238 -0.008473151349901856 -0.018797675708172246 0.9997874039485455 0.8656405439530412
0.9998685547494128 0.013181332123537033 0.009440641226593452 130.2226385120543 -0.013361138468212247 0.9997255529400604 0.019243148846370597 0.6135936726404874 -0.0091843999343182 -0.01936675714050563 0.999770261367934 0.8848929508253058
0.9998685314552623 0.013387420078301628 0.009148594927321925 131.55244236327803 -0.013548372613445159 0.9997504156290519 0.017763672172871007 0.5826222965776112 -0.00890850183950047 -0.01788528538170607 0.9998003576523617 0.8771441281929947
0.9998616818808868 0.013575919242539425 0.009607888584102331 132.90722196956355 -0.013732733331526376 0.9997704096811385 0.016448099016413354 0.5910305008815678 -0.009382384641958601 -0.016577766518098908 0.9998185577972144 0.8977399195253717
0.9998565843543454 0.013446640003884626 0.010295561950069915 134.23585131271759 -0.013610166247114096 0.9997796552494576 0.01598137428388194 0.5810931053354864 -0.010078397590277633 -0.016119206614518482 0.9998192822106057 0.9024684069113978
0.9998628948751354 0.013026127061147886 0.010223084940511854 135.56956165886757 -0.013171724272944415 0.9998108998172215 0.014306302329934554 0.5589995411206938 -0.010034796041356119 -0.01443899651862257 0.9998453971729547 0.91377705476359
0.9998838438916424 0.011792445116668444 0.009655928885608657 136.90642050845193 -0.011933880133198835 0.9998203877163195 0.014723274491590242 0.5398244029480058 -0.009480571155790736 -0.014836796991218568 0.9998449820975256 0.9148880595432853
0.9998701927536271 0.011521504177648606 0.011262885256849547 138.2519429034322 -0.011666352688403388 0.9998489801870574 0.012880723343477543 0.5753699142906984 -0.01111277903021185 -0.013010448123944461 0.9998536064753879 0.9384496235521363
0.9998880324309781 0.009808335874537798 0.011301289690978492 139.5997190537587 -0.009950822891103382 0.9998708304658043 0.012621549326951097 0.517012849194768 -0.011176033513597515 -0.01273259325491165 0.9998564783727252 0.9398838281898027
0.9998955390780373 0.008847795606074038 0.01142923640294349 140.95706157508997 -0.008975493379911225 0.9998973265818181 0.011170354207479907 0.5339928454754413 -0.011329229913299557 -0.011271770377652804 0.9998722897161043 0.9423491225098826
0.9999127779654271 0.007338378844895086 0.01098110456152704 142.28831250188273 -0.0074654833954800725 0.9999050925202418 0.011578968423752134 0.5209184265160004 -0.010895091515641577 -0.01165993773633607 0.9998726633091088 0.9422770500196787
0.9999255782134517 0.006170838381614567 0.010524200119826632 143.63719454717298 -0.006291221186776383 0.9999147220066816 0.01144417975565706 0.5017134524205656 -0.010452682453476825 -0.011509538130121793 0.9998791286758405 0.9464245282696044
0.9999454916939636 0.005953931669096939 0.0085769655821342 144.98133801688144 -0.006035603155635187 0.9999363924623983 0.00952798634718455 0.5057398081512766 -0.008519691042818201 -0.009579234153322132 0.9999178231922715 0.9505591092463728
0.9999622661452464 0.004515928467387124 0.007421096666988381 146.2902692826377 -0.004567333682113099 0.999965593984384 0.006924616270552842 0.5031084205361028 -0.007389570264878647 -0.006958249602853617 0.9999484871800971 0.9855111724643625
0.9999379107957304 0.004167063180734009 0.010334899027940417 147.71413538346286 -0.0041399354617561 0.9999879327219371 -0.002644871429556395 0.515377776501313 -0.010345795660191977 0.002601921396614499 0.9999430956395485 0.9783341874137772
0.9999263714712627 0.0026209218620973818 0.011848308103148943 149.02349272018643 -0.0025148148242867025 0.9999566826319582 -0.008961504677710922 0.4974635903988264 -0.011871282269153268 0.008931048554445715 0.9998896484257671 0.9929721566373758
0.9999334601616012 0.001495485100674342 0.011438477764158395 150.29464780873818 -0.0013803690949611162 0.9999483917370275 -0.010065209570292763 0.4946894287400628 -0.011452939815137474 0.010048750511675461 0.9998839196540491 1.0310960673223732
0.9999781034425478 0.0014386234860437972 0.0064593341692971585 151.71811861249947 -0.0013803709098300203 0.9999584223508493 -0.009013775332896549 0.4854823784495016 -0.006472033034259147 0.00900466168526294 0.9999385125378147 1.0292251871834317
0.9999914592682098 0.0014675708556061318 0.0038636286597005646 153.0385403901785 -0.0014518631271421268 0.9999906830442246 -0.0040652082609896195 0.46698226668474163 -0.003869558643609007 0.004059564081148203 0.9999842731040198 1.0347339846534616
0.9999868283495208 0.0026917802735956517 0.00437006251954623 154.4141032140618 -0.0026691205979773643 0.9999830071268717 -0.005182784264506125 0.4907498270431907 -0.004383939176073771 0.005171051774797913 0.9999770203863901 1.044122207293491
0.9999806195050858 0.0031673404936562377 0.0053599037698477524 155.7443941513331 -0.0031273137882089582 0.9999672852704381 -0.00745977863884334 0.48734643157184476 -0.0053833560810019635 0.00744287196367845 0.9999578106771492 1.003673000474241
0.9999602113727704 0.003388126145600326 0.00825204656711507 157.0708072603509 -0.003240395605006461 0.9998354190265211 -0.017850341632142976 0.4752800292439862 -0.00831116764644962 0.017822891496125464 0.9998066158168137 1.011254662170715
0.9999520370906493 0.0034086050880417383 0.009181771594548017 158.41222217646668 -0.0032302127244057816 0.9998070839350648 -0.01937422615273563 0.4596977209326301 -0.009246039369143949 0.019343637833045633 0.9997701407980578 1.0201530177937668
0.999950253852286 0.0030379315095935217 0.009500568029957768 159.7592891523112 -0.0028410849034926173 0.9997824242939481 -0.020664760087815218 0.44328142339780857 -0.009561279062969722 0.020636740175202894 0.999741319991137 1.0375916192147536
0.9999484150631156 0.004261589968399214 0.009219873301971033 161.11454239477936 -0.004074922284231306 0.9997882374445641 -0.020171149592160115 0.45079683709345547 -0.009303882046792843 0.020132538797505522 0.9997540290793662 1.0275960865069864
0.999947371249893 0.005233875044121697 0.008823904036826934 162.45086345217436 -0.005076059902605149 0.9998284421823158 -0.017813472967075892 0.44446601458965673 -0.008915623718718436 0.017767744800792795 0.999802389924329 1.0340045608854962
0.9999476704126856 0.0066301601933542054 0.0077908543853443795 163.80124522874422 -0.006506283056908096 0.9998536948230964 -0.01581952051693909 0.4682351835897831 -0.007894600498224661 0.01576800318407272 0.999844510590802 1.0421063575620297
0.9999476481032076 0.007435217199740726 0.007029836275211771 165.15946762382504 -0.007330894082878595 0.9998643217124631 -0.01475114091932441 0.4821545860870559 -0.007138560415743445 0.014698833683963875 0.9998664837084609 1.037638085794747
0.9999373705524399 0.007819249771697817 0.008007140917968218 166.51116923816596 -0.007698525126201552 0.9998578779882932 -0.014998551117647588 0.4924414876465738 -0.0081232803443954 0.014935968591130873 0.9998554541325916 1.0379598776849968
0.9999396242291184 0.007559882722615452 0.007974714399261893 167.83237441059066 -0.007432847701567523 0.9998468982068951 -0.015840862384859107 0.46948527255256123 -0.008093248518042493 0.015780631142987982 0.9998427231365712 1.0315838369501755
0.9999538267737875 0.007294699957021213 0.006255531391898861 169.2106346649141 -0.007203399383655951 0.9998689862122786 -0.014495566499797262 0.4740974699248517 -0.006360452639360067 0.014449836101753344 0.9998753656725696 1.0263299081525257
0.9999650536548605 0.006747551036824659 0.004935790112775445 170.61572897703104 -0.0066894842795343305 0.9999093186565434 -0.011687825455622181 0.4647235598713217 -0.005014206727468307 0.011654399118473387 0.9999195131169717 1.057277390151659
0.9999663070180036 0.006719723810605621 0.004714885012914816 171.9481923048344 -0.006667642091692424 0.999917527852252 -0.01097634013585895 0.47743717899453836 -0.004788254140385653 0.010944533144458765 0.9999286423623123 1.0388716824408148
0.9999615021806357 0.006820792472751854 0.005520049518806281 173.31267134214403 -0.006766349147243781 0.9999288686130623 -0.009822129780173603 0.4721171781264915 -0.005586651578899044 0.009784401067241235 0.999936525395433 1.0225482248754847
0.9999413663773694 0.007385560731059978 0.00791942548719566 174.73107100554284 -0.0073683510376631785 0.9999704330915314 -0.0022000785714819658 0.47934719408650084 -0.007935440148169942 0.002141596465898974 0.9999662206065923 1.065502348151485
0.999906901522224 0.008066049352417594 0.01100577739507636 176.0980407194937 -0.008054056419209778 0.9999669230362712 -0.0011335821842154699 0.484280892022386 -0.011014556887219557 0.0010448354973624768 0.9999387920544746 1.0770409135278036
0.9999061522560028 0.0066038603903559884 0.012003154107986698 177.52985921503932 -0.006548380983969678 0.9999677219481726 -0.004655509453416792 0.46201225399459167 -0.012033511004032656 0.004576471318249034 0.9999171218271987 1.0612984959072627
0.999919592094524 0.005340544204817536 0.011501649147714807 178.92987306523116 -0.005274022946666119 0.999969235808536 -0.005806213779249326 0.47203619430819455 -0.011532303650128977 0.00574508695223104 0.9999169965294282 1.0489193796121918
0.9999651711547451 0.0034937701004446745 0.00757958098752567 180.27127127536033 -0.003422525314773483 0.9999500346065954 -0.009392263344819273 0.4716006497238871 -0.007612016679629417 0.00936599491532746 0.9999271650181903 1.0339863222375085
0.999989948145387 0.0018724677312330603 0.004073999605005243 181.6917628825577 -0.0018421500675515298 0.9999706794540618 -0.007432813418256114 0.48521179375732754 -0.004087797856390633 0.0074252337860487025 0.9999640772607323 1.0542210236290905
0.9999923206126009 0.0008920120510707157 0.0038161538656111345 183.08272366937166 -0.0008787507274243333 0.9999935749671804 -0.003475316031267522 0.49742958141600446 -0.0038192293704784734 0.0034719358949840146 0.9999866794853604 1.0782478594096172
0.9999874316360259 0.00048436317591752656 0.004990186599561332 184.40786061837164 -0.00048247883811370485 0.9999998118602251 -0.000378805603312759 0.5041272702067314 -0.004990369140193824 0.0003763931829135342 0.9999874771935979 1.0732851762762288
0.999973234872434 0.00034757424091298944 0.007308127729250959 185.85714927053274 -0.0003628240221011878 0.9999977595935032 0.0020854655842355296 0.5143081460587505 -0.007307386501956725 -0.0020880613307798887 0.999971120634186 1.0784695984333779
0.9999570572336455 0.0013120600397375304 0.009173995153689047 187.2349238628888 -0.0013668769348357983 0.9999812360430249 0.005971533246071645 0.5285924265399091 -0.00916598800309056 -0.005983816534290554 0.9999400875070521 1.0975878225888551
0.9999533141125043 0.001528321516738299 0.009541164958261352 188.68928060716036 -0.00155946761170016 0.9999934773611683 0.0032578053788648084 0.5322220982173137 -0.009536123750630432 -0.0032725324230597048 0.9999491751460934 1.0840152980491642
0.9999468198396911 -9.632454840069365e-05 0.010312527045770636 190.08220649525217 8.122278514302785e-05 0.9999989238544247 0.0014648183681961007 0.450785223745429 -0.010312657045958091 -0.0014639028567519363 0.9999457515750935 1.085013270823062
0.9999403073404818 0.0010412936491282579 0.01087646373409375 191.4501305898723 -0.0010283134341836752 0.9999987525485393 -0.0011989465568783386 0.50882542302545 -0.0108776986216685 0.0011876905747955583 0.9999401307397331 1.0921154642330972
0.9999327394176521 0.002281201164218197 0.011371576933659765 192.90842438342867 -0.0022332992407530497 0.9999885877967906 -0.004223345910735793 0.5663346029231439 -0.011381081460521454 0.004197665711898274 0.9999264225868623 1.0949392467880896
0.9999305963896464 0.0018616170360759112 0.011633433966674545 194.26249331581045 -0.0017951483788543473 0.9999820212284272 -0.005721421345012837 0.527236018507525 -0.011643875907269096 0.005700140517589354 0.9999159607446697 1.0892430986037644
0.9999229368042806 0.002152632465959339 0.012226472351793173 195.71380455265967 -0.0020598129005050276 0.9999690040792403 -0.007599213879548987 0.5097062044968321 -0.012242451695537875 0.007573444014364583 0.9998963772922891 1.0857617857623487
0.9999122043808374 0.0027077901280598564 0.012971175847883352 197.130500947252 -0.002557685245315708 0.9999297382858908 -0.011574832080665887 0.5065276478757312 -0.01300160668687625 0.011540639676036137 0.999848874510257 1.086285349392422
0.9999352024230689 0.0033341540611217307 0.010884593324185456 198.55342465377896 -0.0032438187385447144 0.9999602390046467 -0.008306506471514126 0.5356225893393433 -0.010911855714206603 0.008270660582235577 0.9999062593955524 1.116715846403097
0.9999648222206172 0.004422750134790438 0.0071269630653429195 199.98001053702146 -0.00441110626899833 0.9999889119554601 -0.00164866843802348 0.5600297069371806 -0.007134175689815511 0.001617172650072438 0.9999732437869758 1.1347960195661686
0.9999715635204599 0.005466450049733391 0.0051951972340519926 201.44752116710316 -0.005506421243733806 0.9999551091340512 0.007710968927070042 0.5674225069659407 -0.005152812390674507 -0.007739356598674883 0.9999567745077309 1.1138775015497708
0.9999471829464442 0.005453723715845584 0.00871138422420088 202.8702930429522 -0.00557146668641917 0.999892680557652 0.013549395787092336 0.5458170776341674 -0.008636554662164416 -0.013597215334927132 0.9998702544123927 1.1182477209134354
0.9999285755519355 0.00659599270377911 0.009966778563252902 204.30462695112487 -0.006745505514395282 0.9998640981837024 0.015042716465016662 0.5368830649250383 -0.009866202411895252 -0.015108873007054937 0.9998371767475064 1.10006409340689
0.9999225963288801 0.006556544949082308 0.010574169907944894 205.7564754528117 -0.006691132555209681 0.9998964143259135 0.012743208517070939 0.5570301143672204 -0.010489523155989371 -0.012812975318465241 0.9998628893840636 1.0996925008023668
0.9999285871293804 0.005196973470591322 0.010761603420829975 207.21246830434484 -0.00531036665421941 0.9999304023538654 0.01053520073062688 0.5533762825929703 -0.010706103279858827 -0.010591596441652062 0.9998865922880346 1.1133192276152506
0.9999390519436837 0.004054305143872819 0.010269128870902627 208.63896969745713 -0.004148119425719968 0.9999497095399474 0.009130799319048881 0.5448958783279105 -0.01023159338504048 -0.009172840387532384 0.9999055822906621 1.1127811057915862
0.9999450099573773 0.0036918308806217818 0.009815673491390292 210.17339677915123 -0.0037832815313142833 0.9999494611161206 0.009314611877851833 0.5595906080239539 -0.009780789446435852 -0.009351235123185043 0.9999084410882205 1.1063608963285787
0.9999448549083774 0.0038879728483336884 0.009755552746749354 211.6325211132311 -0.003993260741820352 0.9999337431259007 0.01079644510351221 0.5721097850593995 -0.009712930088898264 -0.01083480619835613 0.99989412737736 1.1209062100374936
0.9999413672833439 0.0033261002611993276 0.010305292454320976 213.07211932743203 -0.0034432664795553355 0.9999294001443226 0.011372714845895455 0.562278518337144 -0.010266738112341507 -0.011407531900798263 0.9998822242166648 1.1089619471140324
0.9999429349607164 0.002548285717001288 0.010374635514231154 214.49995098934255 -0.002667394670660174 0.9999305083589161 0.011483181560472745 0.5652512110945497 -0.010344652136227336 -0.011510199519746597 0.9998802445689164 1.1276776517757983
0.9999503666516965 0.0026234322892121245 0.009611547022283081 215.97286505064662 -0.002741621777409103 0.9999205426123715 0.012304144497293857 0.5790062353134823 -0.009578504223900289 -0.012329885028035328 0.9998781056668998 1.1345474293516047
0.9999551633550078 0.0023890968335850368 0.009163159715919474 217.46195232795858 -0.002495607261028822 0.9999292550173553 0.011630000207883193 0.5820707857858632 -0.009134726271673155 -0.011652346405613629 0.999890383791736 1.1267913258910256
0.9999568687464432 0.0014930623887436092 0.009166864868204786 218.94242881414513 -0.001608769494461493 0.9999189701020507 0.012627948794947736 0.5578004857536539 -0.009147267762687285 -0.012642151508246177 0.9998782443366393 1.1435421482774966
0.99996130403119 0.0016763768308662782 0.008635982918167945 220.40336050795904 -0.0017908920397939788 0.9999103509537023 0.013269617980395458 0.5777435325937746 -0.008612963830398708 -0.013284570612735913 0.9998746606638712 1.138221566539774
0.9999597126978228 0.0016948713262279961 0.008814782610776986 221.87742132425615 -0.001810598508987029 0.9999120614229429 0.013137395250215442 0.5948834010134838 -0.00879174125682621 -0.013152826012255292 0.9998748463950697 1.154279178597767
0.9999647686186756 0.0010960029994919736 0.008322277261881887 223.37612094785732 -0.0012210573584792678 0.9998862032308701 0.015036276383548548 0.5981756861200863 -0.008304850409600122 -0.015045908612651506 0.9998523141412905 1.1645057639102487
0.9999667726877675 0.000622397997720911 0.008128108091259372 224.872933559291 -0.0007337513192906772 0.999905826627907 0.013703995204442444 0.5891606541278619 -0.00811881330073566 -0.01370950386755025 0.9998730591301545 1.1517401706813966
