1.0 0.0 0.0 0.0 0.0 1.0 0.0 0.0 0.0 0.0 1.0 0.0
0.9999993011580781 -0.0003480319849955573 0.0011298482609536818 1.3160940844717768 0.0003481171165631284 0.9999999365833229 -7.515200288644408e-05 -0.058402083065748844 -0.0011298220340017183 7.554526988583102e-05 0.9999993588973364 0.018140396604628333
0.9999976844684006 0.0012037922336848642 0.001783799903291163 2.5652097675998258 -0.0012028053760217308 0.9999991230587825 -0.0005542029350592417 -0.11574037075546209 -0.001784465484192614 0.0005520560876714074 0.9999982554569841 0.031373844761168695
0.9999989335833858 -0.0008402045886707754 0.0011945243155092055 3.9362098509221175 0.0008419217974029625 0.9999986119604135 -0.0014377916863853315 -0.039361517047346486 -0.001193314618289715 0.0014387958491591446 0.999998252931837 0.05141029937745978
0.999999331543554 -0.00024979335633630736 0.0011289445178471785 5.250800065833251 0.0002523006060824674 0.9999975011199331 -0.002221283028695347 -0.029630553614635638 -0.0011283868350071156 0.0022215663772504743 0.9999968956881726 0.059724717958613935
0.9999988308990583 -0.0005318897371700772 0.001433629597942253 6.573092052265039 0.0005353569098665677 0.9999969305241335 -0.0024191600382085956 -0.03847360963861401 -0.0014323384710539055 0.0024199247134777642 0.9999960461776264 0.06560087500093346
0.9999971214806923 -0.00039179990604722994 0.0023671762002564793 7.909920496215636 0.000400045503762257 0.9999938514040043 -0.003483836646701837 -0.03054463324876209 -0.0023657966785755116 0.00348477359660631 0.9999911296401863 0.0962211625650796
0.9999966242672221 -0.0001626774705742221 0.0025932586066251587 9.225275421447272 0.00017198249800276397 0.9999935470940399 -0.003588341162825902 -0.012363448642329463 -0.0025926581303073134 0.003588775044638155 0.999990199360723 0.10420262547869216
0.9999977825230513 -0.0007549509875437206 0.0019659598130899267 10.559483076686433 0.0007615028486727464 0.9999941521304276 -0.003334039345707327 -0.016872105847564916 -0.0019634312801168037 0.0033355290365499756 0.9999925095637738 0.11734897518246323
0.9999996471311855 -0.0006251068887027975 -0.0005612297944801205 11.875421144870902 0.0006246973489980564 0.9999995387203308 -0.0007295973875272872 -0.00011767840921646618 0.0005616856119491494 0.0007292465313103316 0.9999995763542953 0.13067876142183782
0.9999986631037958 -0.0007080540504626944 -0.0014739233639713043 13.222017238297873 0.0007118429427689998 0.9999964398606592 0.0025716814794526587 -0.0043442874541032685 0.0014720972271107247 -0.0025727272433262753 0.9999956069924935 0.15314852545606286
0.9999985160320504 -0.0006085537381742428 -0.0016117059424037672 14.562376984636062 0.0006170846729914848 0.9999857755690632 0.005297911479590399 0.012855045487738566 0.001608458952968478 -0.00529889817669399 0.9999846671514067 0.1587118356985919
0.9999995712973957 -0.0001471641214641895 -0.0009141924011969614 15.909684443855912 0.00015234085490235666 0.9999839413402145 0.005665143771731362 0.032523074139367836 0.0009133440145860769 -0.005665280611921416 0.9999835350636026 0.18249650967071543
0.9999984305845634 -7.332522741925333e-05 0.001770155874835355 17.26030760233517 6.620994254045027e-05 0.9999919203691616 0.004019304994596607 0.01994761331717826 -0.0017704362890821564 -0.004019181484718543 0.9999903558212645 0.20156046510523898
0.9999926726665334 0.0003564284022223455 0.0038115052194126354 18.612225545646737 -0.00035446559965338477 0.9999998042394085 -0.0005156309564964688 0.04238244451814378 -0.0038116882587880796 0.0005142761308133237 0.9999926032489836 0.2208766509794288
0.999998222457801 -0.0001810648366573845 0.0018767782935700627 19.95576220415526 0.00018553879609444667 0.9999971411726887 -0.002383950881386135 0.024492334348617112 -0.0018763412785080824 0.0023842948589979686 0.9999953972301232 0.2491985696904653
0.9999998551381483 0.0001804874655597723 -0.0005070975815658521 21.3034833752341 -0.0001820744456427626 0.9999950810971997 -0.003131234628936119 0.03611959484454069 0.0005065299385998884 0.003131326504850723 0.9999949690982157 0.24131853272895482
0.999998574556393 0.0003764784983911925 -0.0016459493073926268 22.659363278891348 -0.0003783530279514557 0.9999992800923876 -0.0011387114175856249 0.044258761022624944 0.0016455194220965977 0.001139332544321021 0.9999979970915867 0.2891302199423715
0.9999994423791535 0.000957925120288879 -0.00044454566246623656 24.0288087130506 -0.0009574128746029248 0.9999988791915165 0.0011510761479293914 0.039125407095696806 0.0004456478089731536 -0.0011506498923247413 0.999999238701138 0.27827934444243996
0.9999915810078922 0.0017806785363806807 0.003696903743165164 25.423343675671667 -0.0017853540238223489 0.9999976101970613 0.0012617888793170196 0.05146734934073995 -0.0036946480679188906 -0.0012683785382999468 0.9999923703666633 0.29388701026384956
0.9999874064062692 0.0020086919492084913 0.004599150521168303 26.791706421263246 -0.0020066381598735274 0.9999978849405822 -0.0004511293136286826 0.04291379630561285 -0.004600046973512016 0.0004418948013506081 0.9999893220914041 0.307600338854042
0.9999910261127571 0.0019738312551572917 0.0037485576067639147 28.161752042983846 -0.001958906560153582 0.9999901572853095 -0.003980956868711619 0.04773357502765847 -0.003756378447873787 0.003973578069966557 0.9999850500373885 0.33408829258581113
0.9999973551776483 0.0019490469459357786 0.0012210052051237897 29.51786212831337 -0.0019431924442322895 0.9999866982396733 -0.004777797279224027 0.060471432249012115 -0.0012303011148005654 0.0047754119947100255 0.9999878408258012 0.33499691739655907
0.999996444726415 0.0025751619920710528 -0.0006921526165197991 30.909796894294505 -0.0025783166487484597 0.9999861136656728 -0.004596167869300159 0.054795408324402134 0.0006803071282509609 0.004597936117280588 0.999989198024495 0.3729851149442008
0.9999935853536087 0.002986094171610092 -0.00197800233397311 32.292294137819276 -0.002990148704199917 0.999993428159985 -0.0020500359917421584 0.06051354289790305 0.00197186773433169 0.0020559373626020164 0.9999959424213677 0.3671418971626141
0.9999860309295336 0.0035510488587126464 -0.003915098696183526 33.673632930366175 -0.0035522827436766935 0.9999936431138421 -0.0003082518687449843 0.06483937150530796 0.003913979190900116 0.0003221551002911523 0.9999922884617584 0.4025935270545928
0.99998566037127 0.0037760426243323036 -0.0037974404451241936 35.06790070984533 -0.003775550059340251 0.9999928632186909 0.00013687013535629758 0.07707299582618117 0.003797930171087306 -0.00012253074619144263 0.9999927803302541 0.4101818213731778
0.9999922382428755 0.00327031512720198 -0.002197383210298593 36.46026720877544 -0.003270630274352565 0.9999946416966713 -0.00013984117642451714 0.07196091415343255 0.0021969141113381556 0.00014702691906322635 0.9999975759727984 0.44538103094652653
0.9999943978874845 0.0031508458258130497 -0.001129762908414874 37.860066134297284 -0.00314952095797188 0.9999943527907811 0.0011725631249569625 0.08349559210831091 0.0011334510940351355 -0.0011689983441688131 0.9999986743648657 0.4567589606588809
0.9999963611528155 0.002612765011792329 -0.0006716696517714974 39.25845747687422 -0.0026105769335162342 0.9999913495550211 0.003238163553922105 0.07776606260158675 0.0006801244019662794 -0.0032363983254399156 0.9999945315633866 0.4732124425051618
0.9999948594079763 0.0031082658230360163 -0.0007872999397224194 40.65514231342936 -0.0031044432047495954 0.9999836086594401 0.004810908940341831 0.08917402957214587 0.0008022406186579874 -0.004808440081473734 0.9999881175863904 0.48661947257755456
0.9999948087190019 0.003200631198248724 -0.00037214913638730917 42.07813996249289 -0.0031975071488925485 0.9999619828875435 0.008112257863580231 0.10226629257324789 0.0003980993339581539 -0.008111025801046078 0.9999670258450402 0.5142842525655289
0.9999957325886698 0.0029030484780119023 -0.0003272827276545353 43.469376809622766 -0.0028998913201329596 0.9999528623287866 0.0092662695189554 0.103299705600793 0.0003541677299327769 -0.009265280891630713 0.9999570136436957 0.5328215049191267
0.9999969666767449 0.00241957335464583 -0.0004607625099378988 44.896749550314986 -0.002415618717845101 0.9999618167589984 0.008398202799010199 0.10822335900669562 0.0004810649842513345 -0.008397064298002861 0.9999646283182501 0.5516015466475657
0.9999983086042479 0.001545445950718179 -0.0009971887769108989 46.290973372834095 -0.0015374053992523093 0.9999667037445547 0.008014224035328602 0.09685647396388114 0.0010095411243422024 -0.008012677396694416 0.9999673883820687 0.5788815075858298
0.9999994817874327 0.0008605282121179415 -0.0005439816745232703 47.72406863140781 -0.00085642692151388 0.999971543909323 0.007495192094465924 0.11653878444726332 0.0005504160191839448 -0.007494722329812314 0.9999717626910296 0.5993087494278029
0.9999999565837177 -0.0002716940119240536 0.00011408298127378289 49.12405754009069 0.00027080716524076 0.9999702943545663 0.007703056011836127 0.1142616679973733 -0.00011617246655712259 -0.007703024782909312 0.9999703245162588 0.6164590153017216
0.999999317738017 -0.0011582185279636681 0.0001518332708164219 50.54746753134099 0.001156888502994427 0.9999633304195336 0.008485247507670877 0.129559008945209 -0.00016165547403182217 -0.008485066064343707 0.9999639881122677 0.637181067380318
0.9999973431157992 -0.0022682738810652792 0.00041072489953258027 51.99473406436807 0.0022647533281632774 0.9999623374995876 0.008378214292033049 0.136092628355948 -0.0004297135152544687 -0.00837726184150469 0.9999648177962731 0.64835322258573
0.9999928496492452 -0.0035550941782784805 0.001289168633506288 53.40690811228694 0.003543487321893949 0.9999541463158329 0.008896570315203238 0.14031139844053334 -0.0013207376657091534 -0.008891938548896356 0.9999595937240969 0.6757164119016111
0.9999891278500825 -0.004163424927798385 0.002100017738438164 54.85570132157227 0.004149327873312617 0.9999691259421057 0.006673098289458228 0.1576165296644791 -0.0021277358461329076 -0.006664312076396659 0.9999755295429571 0.6863293412766907
0.9999844908381036 -0.004904909054657655 0.0026381717958136553 56.264039804114596 0.004891990555104817 0.9999761212370697 0.004881125287699409 0.1511534405399528 -0.0026620502751553286 -0.0048681436740292214 0.9999846072142818 0.7006827899182012
0.9999840294481531 -0.005242264396307732 0.0021117558179254356 57.69198104596368 0.005235619584088549 0.9999813644346259 0.0031399157686945135 0.17175536221349144 -0.002128176732803469 -0.0031288092723897906 0.9999928406825376 0.7214042285208696
0.9999844007007005 -0.005152645848768874 0.0021560603001534173 59.13704081090777 0.005148914707470613 0.999985243410834 0.001732523567024442 0.18808095684352788 -0.0021649555644228735 -0.0017213951702811233 0.9999961748757201 0.7350270064446016
0.9999845410978894 -0.004842806398982278 0.002732177048746296 60.537293827987114 0.004838839290279564 0.9999872316868494 0.0014567421166312446 0.1936065967616367 -0.002739196883498243 -0.0014434990313459894 0.9999952065440014 0.7611685335632353
0.9999843098641977 -0.004321338610924849 0.0035645557975728685 61.997923988730975 0.004323017003440406 0.9999905484005565 -0.00046328559492129524 0.20609537636318997 -0.0035625200928900568 0.00047868796123001523 0.9999935396333436 0.7756167507935428
0.9999872852684163 -0.003932950090861599 0.0031561376848349377 63.39392079637356 0.003942252176448278 0.9999878882858196 -0.0029465114023671693 0.2143982941905452 -0.0031445109763097207 0.0029589162289227916 0.9999906783892888 0.7887625564502024
0.9999917279690254 -0.00352383323399684 0.002031401698740181 64.8141782256686 0.0035314188174467077 0.999986760369697 -0.0037427485159673445 0.22156857473402397 -0.002018185982125635 0.0037498912860204144 0.9999909325792331 0.8099348228004674
0.9999943906148925 -0.0026900739709098368 0.001995555256317639 66.2680637085509 0.0026969789341402435 0.9999903579552142 -0.003465588150840973 0.2317465593674805 -0.0019862133266060145 0.0034709506815106127 0.9999920036970235 0.8333384706024285
0.9999961593885286 -0.0020760587524209393 0.0018360795867772867 67.63465143821834 0.0020792037906615865 0.999996371842387 -0.0017126627395300876 0.24453529307913383 -0.001832517336720809 0.0017164737454947072 0.9999968477940776 0.8535813309646407
0.9999941935885729 -0.0014925327962130813 0.0030635167686649772 69.10956813008546 0.0014893613972409038 0.9999983529711404 0.001037235573549214 0.2601332714121201 -0.0030650598310753684 -0.0010326668673176775 0.9999947694900074 0.8728620186940117
0.9999910927997452 -0.000698281095788694 0.0041625382499862786 70.46431191697832 0.000680065733359047 0.9999901947491102 0.004375833204666541 0.27105898432061476 -0.004165552996859542 -0.004372963428616292 0.9999817625132381 0.8912469760818649
0.999987952265377 0.0002298230923987529 0.004903315760198921 71.91965263839981 -0.00027074536639094387 0.9999651281534242 0.00834680621870121 0.291812000331488 -0.0049012264837071835 -0.008348033208616963 0.9999531430624653 0.911509228898894
0.9999900385622421 0.0006274347788318112 0.004419174344128223 73.28284061039861 -0.0006810708040410376 0.9999260016355702 0.012146085610662152 0.29625051041472455 -0.004411226455915829 -0.012148974388810092 0.9999164682624517 0.9182862000158829
0.9999914159002581 0.0013329204034665842 0.003923193723878669 74.68151393306073 -0.0013953347503379632 0.9998718240583208 0.01594956097267193 0.30744868734967423 -0.003901431369581912 -0.015954898228584938 0.9998651009290124 0.9346146817218702
0.9999900069325249 0.002085924990706055 0.003954105717076503 76.11839403513969 -0.002157497629517209 0.9998323325510918 0.01818383868773529 0.31993685136890726 -0.003915512618712492 -0.01819218794911978 0.9998268415373517 0.9557365144517246
0.9999879627291377 0.002439128864200631 0.004257352136298391 77.48910518934623 -0.0025150360179172376 0.9998363265700954 0.01791632397134374 0.32244714955626025 -0.004212955097933057 -0.017926815701662987 0.9998304257663604 0.9675716941964906
0.9999881250368637 0.0024484390315594787 0.004213660115209879 78.90855113397984 -0.0025192756089522476 0.9998542002945752 0.016888795211663567 0.3232059640354291 -0.00417169457941407 -0.016899210028995675 0.9998484953555374 0.9935815072141114
0.9999925199779658 0.0023135956518855515 0.0030995585616797002 80.2763445569595 -0.002362564204587139 0.9998709679810817 0.01588916860487217 0.3270458965516965 -0.003062397507984422 -0.015896372659648744 0.9998689549424807 1.0051093827250757
0.999993080454342 0.002028451418717466 0.0031184015581662895 81.65251970514308 -0.002076783133163642 0.9998765523091433 0.015574566260375776 0.32920522649754036 -0.0030864243476680015 -0.015580934735211863 0.99987384627138 1.0317176214379085
0.9999929218957425 0.0015825479223522422 0.003413458728182121 83.07599292242324 -0.0016335703285620205 0.9998862073849032 0.014996790637203208 0.33276046179492363 -0.003389337161922058 -0.01500226061325168 0.999881715289411 1.0426632418503161
0.9999956167803443 0.0013948283848656013 0.002611680278192988 84.42302192870486 -0.0014334132563748677 0.999888989498567 0.014830846434741437 0.3478527815978003 -0.0025907038686769635 -0.014834525045016011 0.999886606130992 1.060246120443242
0.999995683689586 0.0005850996251625536 0.0028792812690174425 85.83988771280482 -0.0006286059323120307 0.9998852996698476 0.015132493473342327 0.3511609146837799 -0.0028700969982462577 -0.015134238090089657 0.9998813516516113 1.0729319996187119
0.9999931928906575 -0.0006892483610966537 0.003624790896704631 87.18295434142877 0.0006380995303284492 0.9999004835646421 0.014093111657267784 0.35784644388904907 -0.0036341438245481974 -0.014090702746547031 0.9998941169417744 1.0984135366479608
0.9999867653789262 -0.001862003902988172 0.004796040914928703 88.57109851554503 0.001800103816826896 0.9999154465900599 0.012878637227969534 0.3596928264633995 -0.004819615466098782 -0.012869833412529254 0.9999055648883513 1.1174237783016585
0.9999826709811014 -0.0028825896622906256 0.005133070654204396 89.95414571606018 0.002825875087920325 0.9999352623894527 0.011022044280617422 0.36277868579810274 -0.005164510382376089 -0.01100734786291753 0.9999260803307087 1.1345025950590593
0.999977762175282 -0.003860732303790029 0.005437821346240538 91.32641818784292 0.0038112400431623387 0.9999514889526988 0.009082631260489669 0.37029710113040204 -0.005472623159742781 -0.009061704440065366 0.9999439663843132 1.1509386873191083
0.9999802638468398 -0.004185513161125883 0.004685445163764158 92.70221336937576 0.0041465121737302045 0.9999569335961522 0.008302854314841403 0.3841449529276429 -0.004719995084500208 -0.008283262193026084 0.999954553574233 1.1650178551094612
0.9999800135190615 -0.004422325047096356 0.004518362933117162 94.02550596934358 0.004389778987570945 0.9999645322844603 0.007187768329683261 0.393099875856903 -0.004549989325023028 -0.007167790056826533 0.9999639595419645 1.1865677589361259
0.99998168607271 -0.004538600296993873 0.004003576716433977 95.42128070878347 0.004511067427702621 0.9999662982123403 0.006859497807526328 0.41360706874472725 -0.004034574307528069 -0.00684131177866242 0.9999684588342295 1.1973442284856362
0.9999858407711203 -0.004331602212814582 0.0030911938705859413 96.76584975858749 0.004313073130585097 0.9999728429252553 0.005975852420591666 0.41572162200958895 -0.003116994938371436 -0.005962435261904838 0.9999773665980155 1.2077199680400694
0.9999879301478427 -0.004237278188479801 0.002486972494176096 98.10091046809472 0.004219234240251903 0.9999650606769389 0.00721633478934531 0.4322264832370763 -0.0025174632190443384 -0.007205754569749293 0.9999708693157123 1.2281405191009909
0.9999889488235857 -0.00391211882061076 0.0026072125025809875 99.48823832494955 0.0038905756739948446 0.9999586682165923 0.008217376675309343 0.45034724161239537 -0.0026392520957860587 -0.008207142306090565 0.9999628378912601 1.2379837540163137
0.9999839864143694 -0.003946469863865724 0.004056142310127105 100.80946012027007 0.003912991330180894 0.9999584864500951 0.00822884410381552 0.4553009616385115 -0.004088448810531049 -0.008212840680822314 0.9999579160316073 1.2621058803111942
0.9999780378020148 -0.003824145914052288 0.005412930967623491 102.14243455986106 0.003777137440881918 0.9999552966004122 0.008668219744244376 0.47563966008438974 -0.005445837528324562 -0.008647583986863454 0.9999477797089232 1.2767317395254187
0.9999839196381188 -0.0036132343588196176 0.004370926978635717 103.50044016798446 0.00357466129304645 0.9999548830909095 0.008800771516498513 0.48601283532937434 -0.004402529025948114 -0.008785005413422434 0.9999517195435297 1.291959682422075
0.9999927158746807 -0.0033758861939815945 0.0017808958378818728 104.82329755489177 0.0033602160939751992 0.9999562487514234 0.00872980703013762 0.49427967050025773 -0.0018102887564945453 -0.008723759246273053 0.999960308651914 1.3056600610457185
0.9999931908880647 -0.0036694503973068305 0.0003915498542913786 106.13729176151094 0.0036663868628231807 0.9999647220066813 0.007557271298065736 0.5138208661283808 -0.00041926707336547783 -0.0075557842665176286 0.9999713667596883 1.3206466770151568
0.9999932903564169 -0.0032339160189780156 0.0017207641701254238 107.50518229151687 0.0032232233147839497 0.9999757037618315 0.006180834692244868 0.5155749493743162 -0.0017407106623512204 -0.006175246813854643 0.9999794179147778 1.346474918874326
0.9999901142874501 -0.0027090142009980334 0.003525984888125992 108.84181500146059 0.0026989482640407594 0.9999922782369625 0.0028564216631192085 0.521088028528591 -0.0035336957481556398 -0.002846876974562884 0.9999897040899227 1.3548750468784778
0.9999888504704252 -0.0019243089587017963 0.004312304473145231 110.17333762435372 0.0019163347759584466 0.9999964478732432 0.001852539317438821 0.5351413986055298 -0.0043158540132980224 -0.0018442548434705033 0.9999889860034501 1.3760805506203717
0.9999938371321077 -0.0013302602473719163 0.003249016078438403 111.49510653017308 0.0013260072382205096 0.9999982617289574 0.0013108180147941035 0.5438974573108436 -0.0032507541598644557 -0.0013065017175587434 0.9999938628064946 1.393599182223837
0.9999995060536631 -0.00058191602700181 0.0008057705425487942 112.81461987471792 0.0005798129656725982 0.9999964316472667 0.002607778682762528 0.5542552360289354 -0.0008072851754856495 -0.0026073101984518733 0.9999962751051498 1.4069968759051794
0.9999991017232466 0.0006620946568742073 -0.0011654112430010903 114.17234463009869 -0.000655686044333247 0.999984710298504 0.005490832817390066 0.5529396853255907 0.001169028875281248 -0.005490063741214644 0.9999842461617113 1.4320577440450692
0.999996603744974 0.002008931369468084 -0.0016603292655536963 115.47820864183774 -0.0019952574746497386 0.9999644160697334 0.008196678713165735 0.5693429115620227 0.0016767367495052214 -0.008193338090776983 0.9999650282708906 1.4447428729366187
0.9999941852433694 0.0034063561716714407 0.00016191689768046649 116.84469123409303 -0.0034077199840423056 0.999950570848439 0.009340412431550373 0.5793862043475202 -0.00013009212273342247 -0.009340909886773233 0.9999563642872257 1.4630475098986306
0.9999872226367859 0.004267016088750908 0.0027105602494180746 118.13715768192735 -0.004290911425691798 0.9999514378621343 0.008871865451367452 0.5851273609550741 -0.0026725722261993308 -0.008883382866264448 0.999956970507505 1.4810709075123476
0.9999804964437622 0.005173644016787492 0.003498591098465678 119.5115138141639 -0.005203642954336236 0.9999493029294411 0.008620537740102296 0.5821331839050624 -0.003453814136645332 -0.008638575027879318 0.9999567221582127 1.5022700409716268
0.9999773759762457 0.006195918813280562 0.002618802344886124 120.83082510904083 -0.006219870945321706 0.9999379729551594 0.00923923415390133 0.5790856290682849 -0.002561394363601187 -0.009255313737864857 0.9999538881501127 1.5171972057914196
0.9999682941705869 0.007567930745656118 0.0024773126156364673 122.1362517073525 -0.007594570194436868 0.9999114615741046 0.010926642498952715 0.5752104541822808 -0.0023944012045624104 -0.010945110185242598 0.99993723373315 1.532115084991066
0.9999606152190335 0.008685037120538608 0.0018270580141205512 123.50915152558647 -0.008707309362404912 0.999883238448728 0.012557556806618322 0.5795424240668905 -0.0017177818369838063 -0.012572970989346028 0.9999194815714222 1.5433150080978586
0.9999506920102625 0.009885659029450017 0.0009419627118834105 124.83186716815935 -0.009897396590403796 0.9998612466791945 0.013398840616231287 0.5774247574062911 -0.0008093756417070534 -0.01340750292486857 0.9999097878190764 1.5612612064230864
0.9999392935837619 0.011018244935682642 8.6172760392594e-05 126.15591507579059 -0.011018346041730676 0.9998361383483191 0.014362886312497538 0.568154819563505 7.20951593927154e-05 -0.014362963874436047 0.9998968447150084 1.5774376773083405
0.9999297161540942 0.011855230356034002 -0.0001275350840924051 127.50204958789134 -0.011852268279186227 0.9998310345246236 0.014050841186883453 0.5614149032200022 0.0002940894940328478 -0.01404834205969496 0.9999012739249526 1.5971703468469067
0.9999169487221674 0.012869138698801873 0.0006934892224484483 128.82918926908695 -0.012877293714291149 0.9998268965844468 0.013429526161035479 0.5590611614162959 -0.0005205427422698393 -0.01343734108613228 0.9999095793619484 1.6198190443757083
0.9999049306166292 0.013680839987622517 0.0017217275588926324 130.19888494220183 -0.013700996659410027 0.9998305134412784 0.01229744210348632 0.5487258783422879 -0.001553196411538771 -0.012319862376781307 0.9999229013138585 1.6364779580123514
0.9998992176733887 0.014042103213903917 0.0020913711949993095 131.5237642532776 -0.014064261675031562 0.9998407305254373 0.01098681600355693 0.5313280902150779 -0.0019367600990938486 -0.011015122318424136 0.9999374560644424 1.6494134892341452
0.9998994989095767 0.014012711432134587 0.0021531369433775505 132.86524424392476 -0.014033368060896854 0.9998525319009833 0.009898435839093864 0.5151284274448916 -0.0020141154993228664 -0.009927656798710483 0.9999486911683232 1.6744200512273424
0.9998997454098121 0.0138402797113231 0.002990950836297507 134.20229757667948 -0.013863916946843314 0.9998716293170821 0.00803222843888861 0.5021639220096361 -0.0028793985975966154 -0.008072889465104694 0.9999632680850833 1.6817347691803222
0.9999088016575849 0.013219936957092693 0.0027607307987108274 135.547521062772 -0.013237710472483552 0.9998911065449161 0.0065221218809362325 0.4840975717866089 -0.002674208133103148 -0.006558072829237464 0.9999749198313062 1.7057661923529706
0.9999240081312875 0.012103147792138835 0.0023434539002522145 136.88999358972086 -0.012115752767805752 0.9999117955938438 0.005441467372362269 0.47442991254922745 -0.0022773883134787863 -0.00546944657316631 0.9999824491743107 1.7232189833209242
0.9999336173112602 0.01103622091288848 0.0033110117456979153 138.2167908933157 -0.011043560885708804 0.9999365828766871 0.0022068048980823747 0.461547167363941 -0.0032864469844908657 -0.0022432237642466277 0.999992083575346 1.728950843620911
0.9999440707818296 0.009939329405788707 0.0036145593405934743 139.56788888835817 -0.009945360696841989 0.999949174954141 0.0016544815327220097 0.4434219433332505 -0.003597931193499711 -0.0016903370952657485 0.999992098794601 1.7485114085782967
0.9999559560620305 0.008664299651537819 0.0036077482754589005 140.93428958468917 -0.008666267550319233 0.9999623066427433 0.0005301890894537175 0.4416998146638659 -0.003603018570171258 -0.000561431449647679 0.9999933515038539 1.7624598288620321
0.9999668547230259 0.007482710803899891 0.0032091267292077394 142.2531620123481 -0.00748354036435047 0.9999719675204389 0.00024657030927638905 0.4389632610346383 -0.0032071917551111506 -0.00027057776604753664 0.9999948203409449 1.7768765881863315
0.999976028626271 0.006481634197165899 0.002435280469525193 143.60101403952672 -0.006481080123706612 0.9999789698860985 -0.00023534223463672846 0.4295486946450157 -0.002436754657575596 0.00021955334531337717 0.9999970070070547 1.7867189170290398
0.9999842976107087 0.005598150339892097 0.00025543059578696757 144.95062484239727 -0.0055976810773851315 0.9999827087076667 -0.0018022908293326176 0.42224410493686726 -0.0002655156740806778 0.0018008327100477773 0.9999983432501162 1.805088762794818
0.9999894085043004 0.004541662143746548 -0.0007457775750887216 146.2622440704427 -0.0045450545659787905 0.9999790359406657 -0.004611958170773386 0.43146370935350997 0.0007248159847306432 0.004615298923011115 0.9999890867692705 1.8443716463261406
0.9999920328103138 0.0034254734323789205 0.0020494993682421982 147.65602705513137 -0.0033959073766230492 0.9998925597827732 -0.0142596179522046 0.4188100342220342 -0.002098125112036018 0.014252544433100523 0.9998962260395811 1.8449795215700608
0.9999912936781133 0.0019128688623666016 0.003708571246287934 148.9578431025311 -0.0018285948923598473 0.9997430089973954 -0.022595844785124206 0.4080757720356251 -0.0037508410647534526 0.022588866583987288 0.9997378027751865 1.8593703831661141
0.9999990326266696 0.001094747324031053 0.0008580641125954673 150.27589489764065 -0.0010750182420721668 0.9997425316758086 -0.022665275074964845 0.3760839935322027 -0.0008826559375030942 0.022664330714608306 0.9997427414248902 1.8919156220263027
0.9999954421336793 0.001075125213567386 -0.00282131487826369 151.65695329812547 -0.0011414582882811662 0.9997204496283499 -0.023616089173825173 0.39806511220373647 0.002795135925724294 0.02361920194809935 0.9997171202467684 1.9002183157559156
0.9999843277321654 0.0021035212807240175 -0.005188399393916358 152.99355678619375 -0.0022045325888426473 0.9998066373267259 -0.019540419480900885 0.3996856879267801 0.005146292462927186 0.019551551233760997 0.9997956053705376 1.9280018160727341
0.9999822506724213 0.0029293366135868036 -0.005188191122458987 154.35710690964183 -0.0030297611186334565 0.9998061340855413 -0.01945545662504102 0.4025631375771358 0.005130193727616862 0.019470830283507053 0.9997972633891273 1.951454827990982
0.9999924895809604 0.0033884587139388672 -0.0018812573499420377 155.6755890552747 -0.003432430950086345 0.9997088298108353 -0.023884597882802706 0.4048325219425991 0.001799777610058679 0.023890875785417032 0.9997129522291687 1.9672281002036893
0.999992522070076 0.0038190724395150617 0.0006086785935842662 157.00977319603913 -0.003798349795120474 0.9995113589816511 -0.031026050433257207 0.40193769843566296 -0.0007268719023731069 0.031023506448415013 0.9995183908787686 1.9854103356333541
0.9999910893488738 0.003849497776114252 0.0017327982353612303 158.36405944387883 -0.0037910254476502185 0.99946228687573 -0.03256939113940088 0.38063843697561434 -0.0018572422857688834 0.03256253184271314 0.9994679745600077 2.0107622623360575
0.999990709238623 0.0037779963238363016 0.0020756156226100692 159.69760829840897 -0.0037030018248590847 0.9993797902733664 -0.03501888876945285 0.3782332280008036 -0.002206629538647999 0.03501087740887537 0.9993844952014914 2.029807171803099
0.9999861297397956 0.004822157591960512 0.0021182833103560767 161.06009117445745 -0.0047478166645143595 0.9994173523631736 -0.03379961586030609 0.37943306056318554 -0.002280036171817293 0.03378908983003823 0.9994263849046175 2.0376603707176653
0.9999800842647996 0.006053788937396559 0.001784016049737502 162.40901466197954 -0.005994827244374592 0.9994894134227261 -0.0313843034366713 0.3824607931104074 -0.0019730991040416822 0.031372983527175234 0.9995057992750863 2.0445331511311258
0.999975924456476 0.006937382859032767 -0.0001524023736776774 163.75640375141714 -0.006938940906046713 0.999591174273797 -0.027736896240096957 0.3851946788355776 -4.008140087223548e-05 0.027737285970309198 0.999615246662676 2.066057710183624
0.9999701984496131 0.007651532186257753 -0.0010277489207250082 165.1125133931151 -0.007674561976138221 0.9996661708172309 -0.024670792895430282 0.38290515091282007 0.0008386364622428268 0.02467794519034074 0.9996951013734471 2.080439410975548
0.9999690393907946 0.00786753658116207 0.00014875481664177424 166.44744792150405 -0.007861468240447844 0.9996644307305032 -0.024682448204411938 0.3759791219520218 -0.0003428949632574686 0.024680514589512207 0.9996953308996902 2.097494572482081
0.9999696025343882 0.007797027275446146 -1.931020056365122e-05 167.78014453116526 -0.007795328792856799 0.9996935865845844 -0.02349395221458467 0.37249306582999164 -0.00016387870256600093 0.02349338858734259 0.9997239788243828 2.109334821426032
0.9999711173916755 0.007260849126287869 -0.002245985843472065 169.17144054403173 -0.007304226474215223 0.9997743187124474 -0.01994893277032839 0.3685301994397904 0.002100632775419271 0.019964761782375294 0.9997984775088007 2.1377218690376694
0.9999637253961563 0.006614865266486501 -0.005365766426775041 170.55841187923133 -0.006694907237132006 0.9998644950037578 -0.015038944376728003 0.3706588191897499 0.005265558747813305 0.015074322153461887 0.9998725112246495 2.16258845104507
0.999957746970218 0.006432465925066207 -0.006567165017600775 171.9062539592987 -0.006501946116587823 0.9999225310247524 -0.010613983500555575 0.37507254238487614 0.006498382178860041 0.010656234380677799 0.9999221048151108 2.1823093150826414
0.9999622537347135 0.006809578865861609 -0.005396363725894078 173.30526597089613 -0.0068343838719765815 0.9999661037058295 -0.00459158322071406 0.3736916825364518 0.005364914061101155 0.004628290726811295 0.9999748979959773 2.2161339914131464
0.9999665976773895 0.007531311956140996 -0.0031753534803380767 174.69420183698415 -0.007535395147109045 0.9999707945177349 -0.0012759042075792867 0.3782785632185643 0.0031656515099948894 0.0012997891326214206 0.999994144582221 2.2460182958781556
0.9999714510965801 0.007476426771569761 -0.0010954608752112977 176.0424610424008 -0.007478560189557142 0.9999701211202572 -0.0019565286170638027 0.3782744731482277 0.0010808003011355861 0.0019646652304078486 0.9999974859774605 2.2580516044054684
0.9999777599274668 0.00666359495433082 -0.0002759578414678234 177.45603059144347 -0.006664572498701131 0.9999709185770916 -0.003707488839788201 0.3732858264129659 0.0002512446122950803 0.0037092455260085357 0.9999930891630066 2.282876166709055
0.9999865636972725 0.005181048987267452 -0.00017075219579281694 178.8606914471709 -0.005181960290802338 0.9999694204059153 -0.005857093187094592 0.37037212151891585 0.000140401087534653 0.005857899320515593 0.9999828325041812 2.2967689747647477
0.9999875995051931 0.003016868664005391 -0.003962239178266833 180.19629684784957 -0.00304405008482085 0.9999717536277236 -0.0068720961705027684 0.36410024204592273 0.003941395047791133 0.0068840722076165765 0.9999685369824981 2.3193070044565296
0.9999646780326719 0.0013971726880303618 -0.008287978975281586 181.6108603744784 -0.0014313151146157755 0.999990508962893 -0.004115011686111007 0.3767877878803518 0.008282150931826831 0.004126729045379613 0.9999571871251931 2.351493935147466
0.9999548499755013 0.0009786593837864078 -0.009451996417854696 183.01195068571295 -0.0009786346855571628 0.9999995211107661 7.238147033283977e-06 0.40043615778434566 0.009451998975075888 2.01223131150656e-06 0.9999553288579076 2.374216178955145
0.9999661348863768 0.0006372389112221174 -0.008205059839548204 184.34324352928198 -0.0006169797939592357 0.9999967557660393 0.0024713950169932227 0.4147503301583905 0.008206608089484254 -0.0024662489667909367 0.9999632839258146 2.3928814391522786
0.9999866668788656 0.000948748404933236 -0.0050760162490828 185.78945663783617 -0.0009216283218335508 0.9999853042374955 0.0053424629413678605 0.40892499658881465 0.005081010306347573 -0.005337713509325065 0.9999728457057018 2.422049888505073
0.9999956934180843 0.0013326057966254173 -0.002614824482774869 187.14527432015998 -0.0013175009923087372 0.9999824863699707 0.005769847872052929 0.4184036183144843 0.0026224676204262306 -0.005766377989879657 0.9999799355729382 2.4508363093574386
0.9999965819666937 0.0015025572963223116 -0.0021397141166498166 188.60447475887793 -0.0014925765237048735 0.9999880351417968 0.004658517851124375 0.42448879256290584 0.00214668820526107 -0.004655308241097251 0.9999868598311329 2.468254471767516
0.999997966847583 0.0013140282872364942 -0.001529585028899904 190.01505333775808 -0.0013092104476862569 0.999994192672063 0.003146520324471816 0.41980598887165127 0.0015337107628107544 -0.0031445113784159535 0.9999938798710155 2.4907774206037407
0.9999984681113995 0.0014545904632848165 -0.0009736228420120753 191.37712776605662 -0.0014542897176194702 0.9999988946156505 0.0003095301184909469 0.42251215018672716 0.0009740720053430799 -0.00030811371463730923 0.9999994781246975 2.5119976423872834
0.9999979900574737 0.0018400673450412654 -0.0007962620035959137 192.82998747910483 -0.00184127873711908 0.9999971446219492 -0.0015232992354396685 0.4287418578503925 0.000793456756787007 0.001524762313992152 0.9999985227620394 2.5355992334054713
0.9999976681478066 0.0021592737680452495 -3.515315122040471e-05 194.19443049635697 -0.002159414510334568 0.9999867411939043 -0.004674865278040152 0.42532503567396757 2.5058371167571365e-05 0.004674930287170128 0.999989072139735 2.5557688690095004
0.9999960351934777 0.002429286210796651 0.0014241368722418758 195.65667944602245 -0.0024152132386249517 0.9999490467507761 -0.009801563509265797 0.41875050513475737 -0.0014478751109182025 0.009798085053735413 0.9999509493904903 2.569376323073289
0.9999947134851511 0.0026862968640314466 0.0018321601755552962 197.05516784250364 -0.002660713951444109 0.999900881752588 -0.013825602036285797 0.41169418633698374 -0.0018691182464431384 0.013820654092894957 0.9999027432292731 2.5898175162469914
0.9999921159591619 0.0029930323761678 -0.0026095548879667384 198.47982009350642 -0.003023134382627972 0.9999280468259426 -0.011608696281673435 0.4201720231380022 0.0025746219183935245 0.01161649379334304 0.999929211691471 2.610918434201976
0.9999657032388187 0.0032240060013766585 -0.007628769979340331 199.91769618458 -0.003251870600752512 0.9999880769201153 -0.003642987126736491 0.43558246277622564 0.007616934008546908 0.0036676699568927392 0.9999642646181897 2.632097713252803
0.9999545625584156 0.0046000378284597986 -0.00834939941458927 201.34097370257953 -0.004558074347134873 0.999976920900544 0.00503801791512869 0.45101679751959733 0.008372381790959832 -0.004999731817198348 0.9999524518220367 2.65248454027306
0.9999736609377704 0.006035117643725584 -0.0040317224283740105 202.80392885762055 -0.0059856348688570775 0.9999079701657831 0.012174702220599966 0.4653631073704027 0.004104827149805966 -0.012150249132011721 0.9999177575381388 2.6787538877303874
0.9999730961783893 0.0069898423018846835 -0.0022246401957967993 204.2405336616861 -0.006959995194203491 0.9998892741181477 0.013152869283180752 0.4569012137594447 0.002316330352656052 -0.013137031935660308 0.9999110225443155 2.697379286621046
0.9999775121710025 0.006503510849929095 -0.0016369175047264337 205.69756141845465 -0.006482664969856382 0.9999016891517175 0.01243330553113745 0.4496017620903265 0.0017176167154002114 -0.012422414345322359 0.9999213636154856 2.7262683772923006
0.9999855524615793 0.005128853240871094 -0.0016092645971268209 207.1414831351716 -0.005114285938749204 0.9999470542522102 0.00892932089601572 0.4443584029880038 0.0016549765698256427 -0.008920961650008191 0.9999588379007369 2.7461560778578615
0.99999022114064 0.003915411849210429 -0.002056009033299265 208.57381744003393 -0.0039001975002795715 0.9999653637626631 0.007352532520418869 0.43712964661418185 0.0020847260138345735 -0.007344441779745184 0.9999708561215127 2.7725316738000028
0.9999899408000615 0.0035017340582262175 -0.0028028837426632577 210.05535865531678 -0.0034804925573809183 0.9999654579842545 0.0075477817866040605 0.44352424552729725 0.0028292172499550967 -0.007537950445952434 0.9999675868911087 2.7892815003875056
0.9999902639677363 0.003408878460703611 -0.0028020559197221464 211.53472488781858 -0.003383162399065138 0.9999525825766817 0.009131637881898198 0.4478442814420863 0.0028330516971369875 -0.009122069165749478 0.9999543797955068 2.817193287103062
0.9999928364348005 0.0032029929738650897 -0.002016907308641064 212.96382559264458 -0.003182519628989715 0.999944196087969 0.010073543507448478 0.4507379627729351 0.0020490602463993195 -0.010067052497863169 0.9999472265105354 2.8363252586506125
0.9999933330688616 0.002828481208415388 -0.002309439733476609 214.40748607652915 -0.0028053166126601995 0.9999463355949175 0.009972769374613314 0.46141186627232667 0.0023375235895391924 -0.009966224177196373 0.9999476038068785 2.8625283126451384
0.9999920557949483 0.002590560654483586 -0.00302941289499483 215.88365177013645 -0.0025612536025240865 0.999950269768597 0.00963835928431461 0.4594047864870656 0.0030542309959262688 -0.009630523620521254 0.9999489610414214 2.8846244307529054
0.9999905928612217 0.002313710847429718 -0.003668914168637532 217.3504100129845 -0.002280577860331787 0.9999568143808789 0.009009347249793982 0.46302149612190496 0.003689600748767767 -0.00900089525318965 0.9999526842460876 2.908547954719628
0.9999915829772403 0.001728009047157549 -0.0037212846445914155 218.82783238111426 -0.001691191931302801 0.9999498189527195 0.009874180790075725 0.4613088185863117 0.003738160580369241 -0.009867804272306267 0.9999443247472926 2.934429629492566
0.9999899977398513 0.0015842717877055995 -0.004182643082400157 220.30303996962826 -0.0015391970531377125 0.9999409471821525 0.01075792828062957 0.46768995229743615 0.004199439567809253 -0.01075138276512549 0.9999333840191326 2.9624490417094074
0.9999896114326494 0.001498864956613596 -0.004304698667798773 221.79885737105513 -0.0014552001194200483 0.9999476434196192 0.010128810994501442 0.47392607461984343 0.004319655008348779 -0.010122441572650798 0.9999394365446425 2.985925714909939
0.999988587227537 0.0010170389343188329 -0.0046680880969146655 223.2689061920151 -0.0009653296740402176 0.9999383028830804 0.011066099851593774 0.4767037420630624 0.00467905474373769 -0.011061467312753129 0.9999278725926155 3.0094745167767285
