1.0 -2.1684043449710093e-19 -2.5135375298442207e-37 0.0 2.1684043449710093e-19 1.0 2.3183291766350204e-18 -8.673617379884035e-19 -2.51353752984422e-37 -2.3183291766350204e-18 1.0 0.0
0.9999995346459611 -0.00038981647846688734 0.0008824686817920155 1.3232664746076273 0.0003898957604434933 0.9999999199702124 -8.967086946183796e-05 0.0019374528033721747 -0.0008824336559856796 9.001489853089155e-05 0.999999606604003 0.014706718183163364
0.999998704076616 -0.00022313279771638187 0.0015943829035880849 2.611378170886653 0.000224900692810419 0.9999993600641651 -0.001108733935032312 0.010411620212484537 -0.0015941344883804833 0.0011090910760177008 0.9999981143243312 0.023112717326440362
0.9999979325697947 -0.001085267165582465 0.0017196078958397157 3.9492221214164673 0.0010887985106765583 0.9999972978545715 -0.0020539720929522954 -0.0049443461267679395 -0.0017173741407375972 0.002055840153024288 0.9999964120672263 0.0430785450162687
0.9999992829825028 -0.00019842584466196086 0.0011809579434611214 5.258667405907677 0.00020280198547292035 0.9999931098952725 -0.003706620203941203 0.0069881313487072435 -0.001180214317292404 0.003706857046845356 0.999992433123871 0.05789478160504384
0.9999986557969052 -0.000656472396391253 0.0015024807404949978 6.5811107317934665 0.0006617910674310176 0.9999935075077709 -0.0035421709288216705 -0.0029709395822163243 -0.0015001456482123944 0.003543160495757592 0.9999925977609712 0.06715720079170862
0.9999962309959262 -0.0003411475287980669 0.002724263626380667 7.912663282828818 0.0003542634362310721 0.9999883429125151 -0.004815447694644727 -0.00028269551675432576 -0.002722589091320158 0.004816394652196229 0.9999846948084726 0.09097339263969757
0.999995858484532 -0.0002849736310572995 0.0028638791548394964 9.2308202278022 0.00029920061480335033 0.9999876120082927 -0.00496853187014186 0.006567660815533528 -0.002862427776560217 0.004969368167294116 0.9999835558084152 0.0955558655681038
0.9999966811261157 -0.000863726332950238 0.002427285227419675 10.565898304685135 0.0008751280720278551 0.9999885711087372 -0.004700191779431565 -0.0032895861438140142 -0.002423197806830936 0.004702300365529151 0.9999860081439447 0.10657475504767117
0.9999997041923024 -0.000766366397312508 6.555800983346465e-05 11.891264778833891 0.000766488085356847 0.9999979451481615 -0.0018767513073743376 0.015326288315955595 -6.411959598338359e-05 0.0018768010016502914 0.9999982367517843 0.11297053958678495
0.999999427227026 -0.0007786963150773781 -0.0007342871841726997 13.225809986071708 0.0007793495781936672 0.9999993004436607 0.000889790101121132 -0.0031952644251435395 0.0007335937942245099 -0.0008903618578806675 0.9999993345477322 0.1274361537789744
0.9999995677997234 -0.0006238233178824684 -0.0006893800362580587 14.57203015355061 0.0006264761550031443 0.9999923745460616 0.0038546565808732407 0.012805700319410732 0.0006869701547647683 -0.0038550867950440507 0.9999923331595143 0.1377817269315322
0.9999999913351244 -7.556014489583702e-05 -0.0001077980321806902 15.920761689422962 7.606984542929303e-05 0.9999887814898998 0.004736149039466287 0.03201521547425304 0.00010743895873970705 -0.00473615719860779 0.99998877857297 0.15107308762961008
0.9999966711340399 0.00011386051801255849 0.0025777425436334218 17.259209188000323 -0.0001237721665534623 0.9999925993172061 0.0038452556831206687 0.022582139588730236 -0.002577285643774561 -0.00384556193555936 0.9999892845686449 0.18142032367119695
0.9999881915476195 0.00032670819591337443 0.00484871396104507 18.623676492057236 -0.0003213316940611102 0.9999993327791897 -0.0011095887154797598 0.01694597119017555 -0.004849073237609654 0.0011080175674831308 0.9999876293163863 0.1839301042133969
0.9999945815500757 -1.2934954581352857e-05 0.003291914819058713 19.960573513104062 2.613586983577629e-05 0.9999919592116346 -0.004010090895829574 0.0025774447987777734 -0.0032918364791247315 0.004010155204410084 0.9999865411433453 0.20545766961499315
0.999999727272907 0.0001974537448155905 0.0007116643382805019 21.314817687253782 -0.00019412242291132214 0.999989038961853 -0.004678062914782531 0.0011311618267437 -0.0007125802387415489 0.004677923488942385 0.9999888045679486 0.18153726684244162
0.9999995837177451 0.00034045232442348904 -0.0008465556988822089 22.676146115789496 -0.0003423897148301042 0.9999973205548254 -0.002289465538711289 -0.005017032214963971 0.0008457739767182848 0.0022897544376117404 0.9999970208410601 0.23152174279179444
0.9999991726053727 0.0011735614742395765 0.000526822585079735 24.04523288938878 -0.001173524675157255 0.9999993089588399 -7.015468223411442e-05 -0.002314061403464557 -0.0005269045518559521 6.953638488548606e-05 0.9999998587681322 0.20172469465528808
0.9999841396356458 0.0021467180330653267 0.005206926045544664 25.440700169641183 -0.0021505402026591285 0.999997422180074 0.0007285671165612519 0.012013406843264126 -0.005205348594859532 -0.0007397532650145435 0.9999861784600389 0.22866584773137377
0.9999791862083127 0.0022654258263060294 0.006041108837473455 26.80098048842447 -0.0022590043466095473 0.9999968764489341 -0.001069575493995035 -0.0027656780142171836 -0.006043513011708786 0.0010559063409513153 0.9999811803290483 0.22920071346004092
0.9999831469777846 0.002116465409241328 0.0054061386014382295 28.1860907161189 -0.002091440344292436 0.9999870922029829 -0.004630475646133173 -0.004522258446785176 -0.00541586906163189 0.004619090992246356 0.9999746658594469 0.2742865255848633
0.999992921055628 0.0023904027855566265 0.002905824006230039 29.537567342272105 -0.0023764662185067555 0.9999857035267664 -0.004790109642824018 -0.011134223986530608 -0.002917232754628241 0.004783170141316589 0.999984305395067 0.2533147661082909
0.9999952976483232 0.0029435091289310386 0.0008604854730816092 30.921811448688757 -0.0029387179853914104 0.9999804621441841 -0.005517179216423921 -0.01136466676003439 -0.000876708528429997 0.005514624548571069 0.9999844100275986 0.2931404070623607
0.9999939108401348 0.003461448948994511 -0.00044345667890624405 32.30534969168369 -0.00346264401953922 0.999990297400413 -0.0027230867462403083 -0.008543056777078343 0.00043402655046786 0.0027246056975469227 0.9999961940651306 0.29062044952409727
0.9999887609675017 0.004015348472553153 -0.0025208957385907307 33.69754339280204 -0.0040199694503129805 0.9999902441683567 -0.0018306866823457643 -0.019163568625888174 0.0025135203001826344 0.0018408000310552062 0.9999951468236965 0.3136388185144945
0.9999874570450149 0.004401160733468676 -0.0023907188966448187 35.09157405949375 -0.0044045737953638305 0.9999892855693272 -0.0014242458453180404 -0.01666546585028416 0.0023844249465637224 0.0014347580788707578 0.9999961279859685 0.31082532828060505
0.999992936227774 0.0036556823878589285 -0.000873773903318112 36.49207833422707 -0.0036567095528837468 0.999992621713397 -0.0011768576858642644 -0.028079065242277684 0.0008694652384485967 0.001180044510188953 0.9999989257619994 0.3507074399277112
0.9999932909597935 0.003642846956612211 0.00038431946660085034 37.88441676242186 -0.003643075417185296 0.9999931867036932 0.0005954390793026218 -0.023472871770310537 -0.0003821477546805624 -0.0005968351892790177 0.9999997488753937 0.364794473814331
0.9999948155161381 0.0031555327239999446 0.0006415248029105647 39.28104906009935 -0.0031569092920302345 0.9999926923193687 0.0021562076853540984 -0.03241836077833474 -0.0006347161309413128 -0.0021582217421415267 0.9999974696039711 0.3724808410929182
0.999992969210983 0.0037068721643757118 0.0005662396657186058 40.67343478644907 -0.0037094262487772215 0.9999826399936356 0.004578194869580786 -0.029112520467262266 -0.0005492590526692685 -0.004580263105537694 0.9999893596955806 0.3907898176036953
0.9999913074370934 0.0039600661780225446 0.0013049621137409863 42.09193651524297 -0.003970441103879571 0.9999597473729065 0.008046069310773568 -0.019047715467069348 -0.001273046618644031 -0.008051180645025335 0.9999667783694255 0.42892695720115864
0.9999924633274815 0.003591974695005708 0.0014734334141946158 43.48196064989099 -0.0036051353005244944 0.9999527416884499 0.00902869809093469 -0.02442611404036008 -0.0014409329271477954 -0.009033941971408395 0.9999581549268733 0.43317562986357544
0.9999941192164982 0.003229970934705653 0.0011527446296282315 44.913580160109106 -0.0032386614156909212 0.9999657346657342 0.007618435971569112 -0.022317706364894933 -0.00112809780369209 -0.007622124518750662 0.9999703148659794 0.44762307083537833
0.9999966596004592 0.002505768653262544 0.0006339648094450681 46.3055050680733 -0.0025102800575179138 0.9999707963427219 0.007218376253395426 -0.033591388593649865 -0.0006158587144108336 -0.007219943570353022 0.999973746221812 0.4666241107342905
0.9999987237677258 0.0014304829944307813 0.0007114642101726143 47.740903923121834 -0.0014349900772044708 0.999978647972702 0.0063752962413749035 -0.04611352027386513 -0.0007023292661116319 -0.006376309049097966 0.9999794244965805 0.48376726848418
0.9999978495171269 0.0004300946993821219 0.002028787734437567 49.14621337678381 -0.0004452672919872509 0.999971894328289 0.007484135924194325 -0.04823486572322366 -0.0020255118268050804 -0.007485023182508729 0.9999699354129588 0.5079331512434907
0.9999979149932907 -0.00013180996373372502 0.002037801561680684 50.565968659802785 0.00011688374378975853 0.9999731792583558 0.0073230527873702055 -0.02786362602596596 -0.0020387121576537996 -0.007322799332880381 0.9999711097140099 0.5208592413488576
0.999996717513079 -0.001004447407496144 0.0023571271651881124 52.00187406392613 0.0009857360972074971 0.9999681031932903 0.007925964948181149 -0.018916948062636402 -0.00236501319530264 -0.007923615425972436 0.9999658109311375 0.536335017071549
0.9999910259651164 -0.00286991054836581 0.0031163444415770016 53.42843477862026 0.0028440518358230217 0.9999617524007192 0.008270737865390025 -0.045654306326740175 -0.0031399615267262305 -0.008261800598369784 0.9999609408834345 0.5477982407484931
0.9999860579080019 -0.003436501913691709 0.0040092947274648055 54.87956012046909 0.0034123433816198034 0.9999760755787868 0.006016991166232419 -0.03652192829448019 -0.0040298762090664 -0.006003226186459799 0.9999738603449062 0.5566793510700957
0.9999808156398783 -0.003674833901707443 0.0049863762391732375 56.27503327876544 0.0036534370623261076 0.9999841094090772 0.004293405054996199 -0.0335899560264075 -0.005002074553158096 -0.004275105277008577 0.9999783511281808 0.567672725711051
0.9999797025390627 -0.004304163556601378 0.004697732002325429 57.69981459914466 0.004284631331191351 0.9999821681179245 0.004159973621410044 -0.030603596967588426 -0.004715553439780037 -0.004139761134785259 0.9999803127729583 0.6115093058752994
0.9999805000246487 -0.004210717523217009 0.004611879052319681 59.15340573342237 0.0042061570405330225 0.9999906559671247 0.0009981089068932369 -0.01892600204134904 -0.004616038713434534 -0.0009786911562481534 0.9999888671131377 0.5955310956508041
0.9999808449835764 -0.0038920885852944905 0.00481262011557188 60.551436714693025 0.0038913206459639973 0.9999924145158349 0.00016892134544614976 -0.024815054724812893 -0.0048132410663586245 -0.00015019066173809696 0.9999884050093792 0.6059020981963444
0.9999766052302606 -0.0030568514641681806 0.006119203484905795 62.00824443953218 0.0030642177076134793 0.9999945915230622 -0.001194777997868168 -0.005008582783397547 -0.006115518130462731 0.0012135006179869567 0.999980563738239 0.6213605750894812
0.999979446016595 -0.002529224024047964 0.005891567718345857 63.404350560394604 0.0025455624729262567 0.999992930928763 -0.002767346056890436 0.0018692305811778061 -0.0058845268323040175 0.002782286530596032 0.9999788153884169 0.6435745958732174
0.9999866325770747 -0.002212742588796254 0.0046731613922767505 64.8247180806689 0.002236499981708048 0.9999845718152994 -0.005084702469572612 0.004012593261574917 -0.004661838156173874 0.005095086025572597 0.9999761533973686 0.6408334922579936
0.9999885977481424 -0.0020218641088411695 0.00432625001926262 66.28233113186819 0.002042650281952354 0.9999863665567255 -0.004805650892870222 -0.023711865848864155 -0.004316474664518476 0.004814433113450044 0.9999790944216117 0.6528575055444847
0.9999931769947861 -0.0017958670565665265 0.003228130324139041 67.6543553567043 0.0018057833458760152 0.9999936523393168 -0.003071551331390629 -0.048877079205130486 -0.003222593735214505 0.003077359678157528 0.9999900723242351 0.6558644441292076
0.999985075147214 -0.0009853711161280576 0.005373874448118507 69.11469901498506 0.0009764191041450551 0.9999981318410014 0.001668208692075087 -0.015535352198133123 -0.005375508213527444 -0.0016629366406315216 0.99998416915128 0.6936899760771598
0.9999761483967677 -0.0005705858908048632 0.006883100268545276 70.47278289652657 0.0005381784300513943 0.9999887668421147 0.004709198824050064 -0.017118377731704514 -0.006885709951999216 -0.004705382166011758 0.99996522258383 0.7107796194096982
0.999970061357937 0.0008372010129939385 0.0076925601894151105 71.91026626689938 -0.000903403266842935 0.9999625547081007 0.008606569826955849 0.007718135566306949 -0.007685066710275834 -0.00861326164194791 0.9999333735172289 0.7231086256275872
0.9999788941733606 0.0011441558607296555 0.006395476150333014 73.29477820862559 -0.0012106451265040165 0.9999451637048823 0.01040211140075541 -0.011038894739837959 -0.006383223809392279 -0.010409634507628576 0.999925444202325 0.703112026159452
0.9999795740211255 0.002363149411618477 0.0059386080344519185 74.69224433940815 -0.0024344716404173508 0.9999246549516349 0.012031532225191216 0.022605587699892293 -0.005909728281443513 -0.012045743842211585 0.9999099835319815 0.7028352973441425
0.9999779194793709 0.0024808695033294984 0.006164887688869662 76.15137442139708 -0.0025765331609405376 0.9998756423807089 0.015558317731530163 -0.008634820149964846 -0.006125522882130213 -0.015573858233338386 0.9998599566485041 0.7229084431748584
0.9999783811604086 0.0025703082426493224 0.006052332388957843 77.52392638161282 -0.0026697418697762734 0.9998606541080617 0.016478617810599026 -0.03258523806980512 -0.006009133894116747 -0.016494419727192493 0.9998459003405002 0.7311538028465913
0.9999698505624895 0.003380656368437601 0.00699064578927419 78.91102079821628 -0.00348506303387678 0.9998817597271332 0.014977346247629336 0.0027978247818350385 -0.006939185952434207 -0.015001257530287694 0.9998633956550402 0.7635706232495042
0.9999790271088321 0.003062838036948144 0.0057065195726548916 80.2984000593308 -0.003143459585929047 0.9998946170857448 0.01417298080092518 0.004190721775710694 -0.005662508658298062 -0.01419062176619427 0.9998832743123486 0.764834530929748
0.999983941269878 0.0022388022104033933 0.00520624308151627 81.69585502796103 -0.002310433772321665 0.9999021928865556 0.013793714381602703 -0.02856564663750287 -0.00517485247566137 -0.01380552155190852 0.999891308331328 0.7697432046543073
0.999981880086819 0.002333835575740208 0.005549117906156921 83.09492919330093 -0.0024053207027564185 0.9999137608424243 0.01291066653105095 -0.014186281914477633 -0.005518507982046721 -0.012923779999076013 0.9999012561149164 0.7853196735738205
0.9999863858504712 0.0015260732583562402 0.004989911233950096 84.4601241738536 -0.0015945695483607447 0.9999041665124467 0.013751914012411744 -0.031121941650838744 -0.004968446605128409 -0.01375968355230075 0.9998929870975557 0.7988697209705895
0.9999889633858973 0.000525643261452177 0.004668704912543147 85.8596986915354 -0.0005872189697783858 0.9999127371623957 0.013197470753413766 -0.05721503381087109 -0.004661360346534797 -0.013200066650110871 0.9999020101790737 0.7924873298795382
0.9999818038042412 -0.0006047528190752348 0.0060021941357988615 87.21096131720365 0.0005335883864009271 0.999929632885754 0.011850930781808756 -0.049241451593116985 -0.006008938662517346 -0.01184751243886854 0.99991176065949 0.817378992462686
0.9999774259846574 -0.00171877090111356 0.006495640668039001 88.61294335303624 0.0016709865460407534 0.9999715580285399 0.007354654168430259 -0.04583974999123927 -0.006508096884784959 -0.007343634016190013 0.9999518566982984 0.8055407766977718
0.9999712229311526 -0.0024067475245039996 0.007194503174540963 89.99923829579913 0.002344342240638207 0.9999596675681648 0.008669907521078681 -0.03667326811291839 -0.007215079281196123 -0.008652791648860564 0.9999365338998508 0.8276059408993359
0.999968240041723 -0.0032545322378396166 0.007275089537028994 91.36882502253133 0.0032011077417527715 0.9999679153481683 0.007343104484079473 -0.03128105712673795 -0.007298754488583416 -0.007319582921948508 0.999946574517241 0.8439119318424316
0.9999658151988545 -0.00403813603669766 0.007215392646241328 92.71745773653144 0.004004158782438021 0.9999808569345887 0.004717253100122262 -0.028968959194115417 -0.0072343034312457605 -0.004688200263929896 0.9999628421257212 0.8548710688504897
0.9999700183290231 -0.0039216217492136695 0.006677074652069363 94.06890546678194 0.0038995408270259624 0.9999868961597441 0.003316789130990771 -0.007062953858415472 -0.006689994349143394 -0.003290652162899501 0.9999722074057615 0.8610906317977943
0.9999714351767804 -0.004498756915636923 0.0060737152307193025 95.45736911318264 0.004470437272693399 0.9999791112934298 0.004668208156580545 0.0020137736440857287 -0.006094589492392107 -0.004640922647088667 0.999970658477489 0.8749085987164169
0.9999796784027778 -0.004124669873681149 0.004861057488886607 96.8254222831655 0.004104630785146749 0.999983067370412 0.004125164067008687 0.013785824645283306 -0.004877990118351923 -0.0041051273908687905 0.9999796763642299 0.86829798807089
0.9999812362237619 -0.004118717144908154 0.004534685157460098 98.17012998871478 0.004095113009386512 0.9999780829223153 0.005202280697125028 0.019381484858342155 -0.004556012493113099 -0.0051836130345123115 0.9999761861694862 0.8892028440964902
0.9999833869591105 -0.003717330844413431 0.004405366860896118 99.52381203797276 0.0036829197305511675 0.9999628463427079 0.00779371775523848 0.04826900352977974 -0.004434175012809723 -0.00777736366535442 0.9999599245501655 0.8964343859062769
0.9999759661643877 -0.0036182978878600424 0.005913967703164742 100.87055757641444 0.00357165653705674 0.999962587383054 0.007878267815289159 0.047640060486022436 -0.005942252365952489 -0.007856955808888625 0.9999514777639146 0.9154698884893215
0.9999645657923125 -0.003613459145747749 0.007603293549094671 102.21009293367645 0.00356135197409253 0.999970157960664 0.006855651700697017 0.07145568444301288 -0.007627839268647442 -0.006828330771620148 0.9999475936102677 0.9260750462711862
0.9999721696110387 -0.0034923890584776835 0.006592664260854375 103.54760440726747 0.0034484315262275577 0.999971827476682 0.00666727627700019 0.07817901160557925 -0.006615763251586401 -0.006644356372829125 0.9999560411363041 0.9393467452467078
0.999986671193338 -0.0033730966426925475 0.0039089198899417985 104.87663973383722 0.0033443344870232035 0.9999674590629384 0.007341405999499621 0.08964785440923424 -0.003933555961955237 -0.007328235411723483 0.9999654114534384 0.9468377718883356
0.9999890042588048 -0.0036641079328035083 0.0029267173660573547 106.19500925518199 0.0036474949756186313 0.9999773206567864 0.005661621011454807 0.10168680180797099 -0.0029473957804903193 -0.00565088357084767 0.9999796899802424 0.9655109613906392
0.9999870816962306 -0.003394516688538397 0.003783344698448942 107.54912558922351 0.0033758575454707306 0.9999821618047661 0.004927439304472805 0.11399234950541935 -0.0038000034853583674 -0.00491460361756769 0.9999807031362122 0.9766133980611732
0.9999763989193858 -0.002736265407198554 0.006301940640700929 108.89727130302181 0.002735507344988122 0.9999962501842778 0.00012890674398161078 0.11938237262605302 -0.0063022697326491454 -0.00011166469673283781 0.9999801342662825 0.9889480140193253
0.9999740378601647 -0.0019697321148074384 0.006931360691370448 110.25916365046807 0.001970663016735522 0.9999980501167094 -0.00012747569869109158 0.1351643232213528 -0.006931096083048485 0.00014113176531931466 0.9999759697057288 1.0039815633242597
0.999983617379863 -0.0013908866486640687 0.005552513504191173 111.56942233679983 0.0013920749016166818 0.999999008983064 -0.0002101436600994562 0.1395977122763102 -0.0055522157155451215 0.00021786973208577084 0.9999845625975572 1.0107120319836205
0.9999941911106583 -0.0005535864318697852 0.0033632256841580788 112.89102618686252 0.0005500105739531694 0.9999992826378358 0.0010640545955843941 0.15117624611704691 -0.0033638123176941074 -0.0010621986049201171 0.9999937782310523 1.0247884384296124
0.9999993345893498 0.000372324620005477 0.001091876932249014 114.24655989981483 -0.0003770745609286146 0.9999904533445915 0.0043532785867777075 0.15626387122435362 -0.0010902456756805932 -0.004353687409074589 0.9999899283344362 1.042451755059888
0.9999983538863926 0.0017013002481118672 0.0006307154436235424 115.5376228311761 -0.0017049397555702124 0.9999816362397363 0.005815527811772019 0.17393927747985152 -0.0006208099024072719 -0.00581659357058684 0.999982890770787 1.0532635523767293
0.9999927452193886 0.00316033302372863 0.0021264533312730736 116.9031135000529 -0.003178302203783232 0.9999588176783967 0.008500667169371381 0.18137055132753171 -0.0020995008198090204 -0.008507364010205045 0.999961607689968 1.0542724367194778
0.9999798633790834 0.004194498292895318 0.0047622495126229195 118.21517980306231 -0.004235581029678833 0.9999536202749826 0.008649690878687673 0.18087621862739756 -0.004725747527175333 -0.008669687596835667 0.9999512507253954 1.067692416239671
0.9999719292289997 0.005093274098499797 0.0054953901581058255 119.57659128628056 -0.005139546066578949 0.9999511818387972 0.008439135348025574 0.18393179253708364 -0.005452139053781382 -0.00846714226586119 0.9999492895550193 1.0924769222980144
0.9999695183306984 0.00602773579525622 0.004962742251385512 120.89005984728199 -0.0060679523730862925 0.9999485489585517 0.00812892303352579 0.1814394226611147 -0.004913487912782172 -0.008158788934003413 0.9999546448712868 1.0999255408396709
0.999963836504705 0.007438735792142155 0.0041220010439385136 122.22145285007112 -0.007482788978837158 0.99991392825446 0.01077701033834984 0.17954074796024244 -0.0040414789235773746 -0.010807464667969512 0.9999334303620221 1.102825703172867
0.9999544100502045 0.008543095585933917 0.004265365043834337 123.60298362454576 -0.008595887071123062 0.9998847262765495 0.012515785406052728 0.18211481223431128 -0.004157949808266913 -0.01255187940825833 0.9999125770669717 1.1133745487380895
0.9999478261258415 0.009600454052944282 0.0034894567171877946 124.93453864120998 -0.00964668566087662 0.9998625680861383 0.013482818546313429 0.18711225425120398 -0.0033595359745147465 -0.013515776787513237 0.9999030139447855 1.1355378606647102
0.9999398305199122 0.010623225888987835 0.0027353997003589903 126.26243858619362 -0.010661967920000343 0.9998371338567894 0.014561188176563525 0.17994405455930929 -0.0025802674051479606 -0.014589476781295088 0.9998902386699081 1.1442949065445118
0.9999333494391894 0.011349380072244222 0.002118549338498481 127.63741907705878 -0.011375691357506887 0.9998527168246825 0.012850614944044268 0.17797155497126468 -0.00197239079866282 -0.012873858406751894 0.9999151831251789 1.1578546916306836
0.9999173625481688 0.0124983099062942 0.003010037242342315 128.9823202016917 -0.012535763127459213 0.9998399659585749 0.012763115402116828 0.18413075245968763 -0.002850038162252131 -0.012799793804657403 0.999914017584028 1.180009058178843
0.9999048006521221 0.013217050449567861 0.003962222892965972 130.35317123419813 -0.013266550820067138 0.9998308493536635 0.012738575668832084 0.16626984832722208 -0.003793186283132105 -0.012789927996105482 0.9999110107802973 1.2023579408146223
0.9998988629992778 0.013495792685239405 0.004486351808381475 131.68438144829724 -0.013544862054646332 0.9998467270037682 0.011093205658088311 0.15304154950644724 -0.00433595256802137 -0.011152850740912799 0.9999284041548568 1.2234111261501284
0.9998988328722924 0.013387743540938605 0.004805449355611192 133.08643352920183 -0.013437059290816131 0.9998558272853973 0.010381236971041978 0.1442327961139415 -0.0046657752027266875 -0.010444757839025928 0.999934566646959 1.2416484569994115
0.9999006147359875 0.013171678212084377 0.005026683168010432 134.41719763159628 -0.013208176705453345 0.9998861338872373 0.007298172932404094 0.13955373338892266 -0.004929981613736229 -0.007363840921085807 0.9999607337931711 1.2450229179425636
0.999911771736946 0.0123712439727137 0.004837464671620937 135.75760069936558 -0.01240026753971341 0.9999050130178366 0.006016502866593865 0.12371266588187725 -0.004762573550625294 -0.006075957897138298 0.9999701998703797 1.2730634483768657
0.999927639837341 0.011219490118963591 0.004340291556482866 137.14126759228697 -0.011248600870136325 0.9999140044712947 0.006741857358629146 0.1306128784799003 -0.004264278108797129 -0.006790191724112951 0.9999678540976008 1.31504503940574
0.9999311412840798 0.010203390542396436 0.005796853608380659 138.513444109148 -0.010232608173981143 0.999934978421972 0.005033155889507366 0.12340721767536454 -0.005745121432610039 -0.005092126244472276 0.9999705314808206 1.3245998040398625
0.9999417798884542 0.008981461851478042 0.005980817378972862 139.8306929594645 -0.00899477686947158 0.999957119200775 0.002203122501214205 0.10305153844255058 -0.005960773656044845 -0.0022567903529973543 0.9999796878310698 1.328037146985498
0.9999577108038672 0.007426218457915404 0.005424747303316119 141.22607773873497 -0.007427311617570091 0.9999724006880971 0.00018139520265407825 0.12186812360279849 -0.005423250503621172 -0.00022167882026507746 0.999985269497744 1.3604687960327069
0.9999694108942121 0.006145138855248179 0.0048388577507619355 142.5660280914376 -0.006153786958670064 0.9999794910589678 0.0017743639747780072 0.12470356453240324 -0.004827854797908902 -0.0018040869982921747 0.9999867184558767 1.3877679193661767
0.9999768242143222 0.005118257084648721 0.004489373971295671 143.90254930987592 -0.0051237566008315175 0.9999861361247475 0.0012143626284062683 0.11658114303997345 -0.0044830963110487985 -0.0012373369441172845 0.9999891853638981 1.3939619681126014
0.9999881301314603 0.004227733387031943 0.0024219551180367405 145.26884958964249 -0.004227587233181173 0.9999910615705238 -6.546176581173219e-05 0.10541677506947138 -0.0024222102244546195 5.52219622528277e-05 0.9999970649197742 1.421334567474754
0.9999944013355151 0.003025702549982758 0.0014291332001558849 146.58816926571689 -0.003018536136281629 0.9999829923535842 -0.004990334975273791 0.11429496172800994 -0.0014442081632236895 0.004985993145854367 0.9999865269768042 1.436541289503033
0.999991807583943 0.0018926050902266318 0.003578101587539488 147.97181835995812 -0.001848627707238996 0.9999232042220441 -0.012254314910279774 0.12164577407652817 -0.003601019383220904 0.012247599940099493 0.9999185111573388 1.4591086493617953
0.999983898393604 0.00039569970927458775 0.005660951798964667 149.2894758088166 -0.0002830695186356397 0.9998022742324686 -0.019882965353066086 0.11947327796147898 -0.005667700166534983 0.019881042762483234 0.9997862878203014 1.4906351089894825
0.9999969551318454 -0.0006751793390671989 0.0023735753406756922 150.6431323840848 0.0007241911140592827 0.9997852818854815 -0.02070907222446797 0.09584179042540925 -0.0023590833533566643 0.020710728090243713 0.9997827266299932 1.5273425423006273
0.9999998074456476 -0.0004065943684291606 -0.0004688173281720387 151.98472485194037 0.0003975742993143545 0.9998178386332338 -0.019082229572180857 0.11489385835312979 0.0004764906548478963 0.019082039508093746 0.9998178077654286 1.5562908139739282
0.9999912588372811 0.00014805413545125075 -0.004178555851354487 153.33024339425094 -0.00022593146217133082 0.9998261774401958 -0.01864306467028983 0.1297889283681967 0.004175069341258198 0.01864384577546123 0.9998174712469754 1.548521921048402
0.9999928225095631 0.0010070783803863281 -0.0036524953789438533 154.71078638025364 -0.0010778199639342532 0.9998108710550498 -0.01941804378066428 0.15004649970847433 0.003632249094265496 0.019421841140278343 0.9998047803712677 1.5787385932036229
0.9999987752487838 0.0015197107790015359 -0.00037413911953187583 156.0373885080296 -0.0015269234515766672 0.9997968438131895 -0.020098248828142255 0.14657924416707246 0.00034351958547183234 0.020098795494583325 0.9997979397928171 1.61532446797275
0.9999953520776645 0.0019961404640065437 0.002304614135998555 157.38503806434088 -0.0019386095158385119 0.999692994857601 -0.02470137295345279 0.13261598037132777 -0.002353214017676462 0.02469679039649534 0.9996922180991 1.6327631858043423
0.999993877107894 0.0018289117211934447 0.002983425654864476 158.71450454161243 -0.0017321922844717526 0.9994829835369066 -0.03210553114423305 0.12724003846470852 -0.003040601356909325 0.03210016669862919 0.999480031837209 1.627153523682806
0.9999912203624268 0.0018573575656826273 0.003756250915146678 160.08046343620026 -0.0017307861885764585 0.9994397889218057 -0.033423235916138286 0.11828571265746346 -0.0038162255218699703 0.03341644120503565 0.9994342288915047 1.6770027751049417
0.9999863422250216 0.003146773459490525 0.004172910281432695 161.45442420101716 -0.0030041991738675006 0.9994260067880878 -0.033743617810496986 0.1328052154283866 -0.0042766985802104975 0.03373062069413786 0.9994218103868068 1.6748904824345192
0.9999836614686779 0.004240366112480088 0.003833548086134496 162.7893150374851 -0.00411595091245867 0.9994826046146147 -0.03189956145266135 0.12901742689071147 -0.003966830445431918 0.03188326156493432 0.999483727675543 1.68110134255314
0.9999852936088451 0.005088030195346679 0.0018773691067412 164.12833270344396 -0.00503441321004193 0.9996081080676623 -0.027536974579997126 0.13130144161845309 -0.002016742339085767 0.027527118158646627 0.999619022686252 1.7013111524458233
0.9999829205348798 0.005768844820487562 0.0009375862462809392 165.4849818238585 -0.005741918132341353 0.9996309200169275 -0.026552855256496945 0.13202903357128798 -0.0010904195034806311 0.026547018204463597 0.9996469710901735 1.6991669078143223
0.9999799496324269 0.0059625116498590695 0.0021327887739187104 166.83270446012855 -0.005908890205193544 0.9996867322015306 -0.024321235099563913 0.1284534410004067 -0.0022771362874950156 0.024308145035164378 0.9997019199417781 1.7235584441051544
0.9999784578382208 0.006044284864380087 0.0025593905469384606 168.17046017794812 -0.005983984638708554 0.999718782617839 -0.022946625219179916 0.11350634108329805 -0.002697366741329815 0.022930815545549824 0.9997334154218707 1.7423180728046972
0.9999849582444164 0.005484453726669698 6.365715106247753e-05 169.5745182319083 -0.005482298402323118 0.9998094393051187 -0.01873578075800424 0.11670782485925195 -0.00016640054311183966 0.018735149951471842 0.9998244678278058 1.782315380152059
0.9999839648408109 0.004861456071643829 -0.00290453199594712 170.98362078940474 -0.004905179793060264 0.9998718160127719 -0.01524108770788908 0.12953855542590165 0.0028300658030788743 0.015255090566276283 0.9998796292251207 1.7978800835777682
0.9999792466798951 0.004913394038518072 -0.004167105534041085 172.30402300320344 -0.004956707506332763 0.9999331298270764 -0.010448297704599072 0.12733345273521762 0.004115490275318993 0.01046873599101252 0.9999367321518619 1.808393397732362
0.9999779564848829 0.0056114964050565375 -0.0035493171756781168 173.667191621271 -0.00563351355289147 0.9999647624912936 -0.006223929689511472 0.11403376720965479 0.0035142665475052194 0.006243787618635967 0.999974332193985 1.834078082191251
0.9999809355724336 0.00610459257997844 -0.0009286770766619105 175.0784914398324 -0.006106890249500535 0.9999782483020092 -0.0024917492501833707 0.13568846922400793 0.0009134457623747717 0.0024973730753946786 0.9999964643660304 1.8604294748942967
0.999979817487171 0.0061604433400238735 0.0015535624153922305 176.4057768562461 -0.0061592831877661375 0.9999807498416262 -0.0007504510589280369 0.11806255866952317 -0.0015581556202976777 0.0007408670820736417 0.9999985116324072 1.8839788578605343
0.9999751522848431 0.006650714959955776 0.002337264089974007 177.85389100338207 -0.006640468499763776 0.9999684262574412 -0.004364706899650233 0.113751103002598 -0.0023662187152726647 0.004349077918091346 0.9999877431900123 1.8887469168169093
0.9999857054205802 0.004666532615230843 0.002610062806816702 179.20369949880646 -0.004650826768809919 0.9999712356687653 -0.005991464382708872 0.05861407509956681 -0.0026379470940604876 0.005979239787275194 0.9999786447353239 1.9021912051034349
0.9999972137933915 0.0020300646475337938 -0.0012046754670582073 180.5117520156058 -0.00203878129857503 0.9999714285119127 -0.007279116063196946 0.08078316373361097 0.0011898639715022595 0.007281551851888757 0.9999727812427485 1.9113665200404126
0.999985381341687 0.0010948745577960758 -0.005295125364288089 181.96876177212417 -0.0011250971635683284 0.9999830761819868 -0.005708021196789188 0.07871167662530977 0.005288786183366342 0.005713895283705768 0.9999696896113369 1.9371964870822063
0.999980431181857 0.0007862173678555003 -0.006206377010596213 183.34959737432376 -0.0007949000578153425 0.9999987087474754 -0.0013966521684923498 0.08009378808523222 0.006205270924404508 0.0014015582871046025 0.999979764918832 1.9522681511508364
0.9999843313357151 0.0004885792481266423 -0.005576591555875715 184.6701368815902 -0.0004800478841258097 0.999998712659765 0.0015310887764855919 0.08655959380828339 0.005577332435108262 -0.0015283877553925308 0.9999832785570855 1.9593193133885045
0.9999976785899328 0.0012786189168096844 -0.0017343437984082975 186.1238326030981 -0.001271129519607096 0.9999898930679044 0.004312538902464433 0.07448250955642581 0.0017398403633334656 -0.004310324315693906 0.9999891969715491 1.9863382631147894
0.9999984958523525 0.0015923489931527787 0.0006875447016144192 187.48790400188548 -0.0015960787489287236 0.9999838273752268 0.005458710527200462 0.07327720475146422 -0.0006788414100000451 -0.005459799691981049 0.9999848647662941 2.013249232913616
0.9999975226596212 0.0020785598171750275 0.0007964067471014088 188.96978322129016 -0.0020809094095782673 0.9999934515414816 0.0029608597034841613 0.06277893812162001 -0.0007902472078609067 -0.002962509618720757 0.9999952995120074 2.008351658240218
0.9999975327253989 0.0017942401089290785 0.0013096738319440205 190.3668629221152 -0.0017974907262851725 0.9999952967348349 0.002485062433484336 0.0541168747725935 -0.0013052088735093588 -0.0024874104287202895 0.9999960546017947 2.0222328420684046
0.9999957842688649 0.002095573494437926 0.002009979160893941 191.70914813328864 -0.0020950508142833207 0.9999977710269878 -0.0002621128412864501 0.04072200007037007 -0.002010523957427388 0.0002579007278114608 0.9999979456382054 2.0387554086487873
0.9999953781446842 0.002454101966419588 0.001794734745972955 193.16567258964918 -0.0024492503270411763 0.9999933542609205 -0.0027004827028548144 0.04131844616441163 -0.0018013500785454748 0.0026960744669509524 0.9999947431463643 2.0415719325757045
0.9999917422085274 0.002875962669435002 0.0028712982217199666 194.52542384531228 -0.0028587609016312034 0.9999780501997835 -0.005977173641994464 0.030490994730718562 -0.002888425325560745 0.005968915928647758 0.9999780142792016 2.069639371517861
0.9999854993488743 0.0031330760623682727 0.004380060087478662 195.99355979319137 -0.0030796439155076575 0.9999214079402046 -0.012152931178629154 0.015366560272471897 -0.0044177919072977325 0.012139265927816017 0.9999165571873473 2.0646671792600264
0.9999805042730923 0.003620432006983743 0.005087587425789061 197.3922496618668 -0.0035513870584229367 0.999902356320752 -0.013515379172230712 0.003709879107811989 -0.005136022166375978 0.01349704768794677 0.9998957200528541 2.1038318782882963
0.9999930131892075 0.003602797692868475 0.000996705349519997 198.82005557735212 -0.0035915883869572555 0.9999327352569792 -0.011028393099376168 0.015907049082655375 -0.0010363713756052731 0.011024736290721681 0.999938688682507 2.121829121969654
0.9999825252587599 0.0043367494925953196 -0.004017683530618543 200.26087998170968 -0.004356846121605419 0.9999779743361297 -0.005006868730404543 0.032485223159569296 0.003995881503045487 0.005024285665577269 0.9999793945299894 2.1471585756568987
0.9999668944949863 0.006015542050409888 -0.005479340096459578 201.67724413969054 -0.005986366062785543 0.9999678998999251 0.005325654053319642 0.05302216587204723 0.005511200904997818 -0.005292676409252774 0.9999708066943813 2.1615602702051193
0.9999716040455017 0.007304174310250349 -0.0018547615243231686 203.1400324936184 -0.007285319428111228 0.999923691936458 0.00997669409142642 0.07616279312335633 0.0019274915037467383 -0.00996289826350729 0.9999485113918086 2.170719454213225
0.9999669175640072 0.008045231502222933 0.0011991778906882062 204.576799271611 -0.008061534688968267 0.999865616438906 0.014274477983622582 0.06139728983083893 -0.0010841752609412423 -0.014283672963282385 0.9998973953614849 2.224553909944593
0.9999685155958488 0.007767752554682127 0.00162167730572849 206.00809978388878 -0.007787169358579941 0.9998936407224768 0.012331554489656152 0.07582022453784647 -0.0015257163614116485 -0.01234379451383546 0.9999226484716628 2.252264719077693
0.9999793273442076 0.006338274414400665 0.0010822022333627371 207.46789552528332 -0.006347528109349407 0.999941370577478 0.008772929643849075 0.039141418601180214 -0.0010265335489697972 -0.008779617593190528 0.9999609315087216 2.2575473837518727
0.9999894687884693 0.004570768910437099 0.00041277563212777665 208.87849817500512 -0.004573353622820835 0.9999684528858188 0.006494433753816039 -0.0009281986147671071 -0.000383078054354943 -0.006496253128493009 0.999978825749073 2.2797679168099787
0.999992968175888 0.0037392322121137227 -0.0002859042521702991 210.37354113174624 -0.003736865571144106 0.9999620252090763 0.0078729902493115 -0.005821063778145737 0.00031533233376198163 -0.007871866502072253 0.9999689666601124 2.3022118593265817
0.9999922460673523 0.003925577500895051 -0.00031248432987175456 211.82047553506462 -0.003922551749302489 0.9999503812484386 0.00915688969445472 -0.004273496712690933 0.000348414904952153 -0.009155592956594 0.9999580259814245 2.3274721830095513
0.9999939651044504 0.0034471234578213844 0.0004325442702572349 213.26904563598725 -0.0034513079210636197 0.9999432584444865 0.010078113169489592 -0.008271135602340982 -0.0003977792267053858 -0.010079545192595426 0.9999491209758611 2.344248801075546
0.9999954607275826 0.0030117335905507393 8.935888075870441e-05 214.7102503654246 -0.00301246983385325 0.9999465929530613 0.009886165437863107 0.00041917292701442436 -5.9579611833811256e-05 -0.009886389752797695 0.9999511266796621 2.3725977862116947
0.9999960705618403 0.0027633017380165217 -0.00047225457497912076 216.20277095472682 -0.002758441457944301 0.9999461962257942 0.009999782712070353 -0.004134536058298506 0.0004998615828486525 -0.009998440731944249 0.9999498894051281 2.4021586810544413
0.9999963037925997 0.002518820293368835 -0.00102369207691515 217.65326849954732 -0.002510089744486207 0.9999612142688494 0.008442121027491381 0.0002523369822537148 0.0010449165580325946 -0.008439520264677388 0.9999638406697958 2.4135694384074156
0.9999977278265897 0.001942667566914755 -0.0008777154334972481 219.13451637728906 -0.0019338947233297618 0.9999492448632474 0.00988775751220269 -0.015291408064503754 0.0008968795107588652 -0.009886037636257559 0.9999507297197185 2.437119861390151
0.9999967988836131 0.0020435611994530515 -0.0014920054124342782 220.6355130815 -0.0020257065127060286 0.9999274744482377 0.011871914617846866 -0.010351932415090467 0.0015161581879947603 -0.01186885424938548 0.9999284132192443 2.47098255096179
0.9999972742991851 0.0017629843484430483 -0.0015307777066961186 222.09474878192603 -0.0017503364813936057 0.999964644054025 0.008224777450418668 0.0037629165996618166 0.0015452237385167366 -0.008222075656071135 0.9999650042654011 2.4725306382373238
0.9999975370861919 0.0012251159130659624 -0.0018506519256806459 223.59164122019047 -0.0012089935585960763 0.9999615289911523 0.008687857748166742 -0.0024032990797833173 0.0018612243620117711 -0.008685598924464579 0.9999605473293423 2.4828029420679374
