1.0 8.809142651444726e-20 8.673617379884037e-19 -5.551115123125783e-17 -8.809142651444726e-20 1.0 1.7347234759768075e-18 0.0 -8.673617379884037e-19 -1.7347234759768075e-18 1.0 -5.204170427930421e-18
0.9999993011580781 -0.0003480319849955573 0.0011298482609536818 1.3160940844717768 0.0003481171165631284 0.9999999365833229 -7.515200288644408e-05 -0.058402083065748844 -0.0011298220340017183 7.554526988583102e-05 0.9999993588973364 0.018140396604628333
0.9999976844684006 0.0012037922336848642 0.001783799903291163 2.5652097675998258 -0.0012028053760217308 0.9999991230587825 -0.0005542029350592417 -0.11574037075546209 -0.001784465484192614 0.0005520560876714074 0.9999982554569841 0.031373844761168695
0.9999984999230153 0.00036264766077394095 0.0016937055214721656 3.8959055887675125 -0.0003619785882977749 0.9999998563449899 -0.00039532455156666545 -0.11472803292230804 -0.001693848641686754 0.0003947108734157495 0.999998487538909 0.048953457436285264
0.9999983561916861 0.0006374458674623241 0.0016974323821266658 5.225106456904251 -0.0006359953641295317 0.999999432301609 -0.0008549306149375598 -0.10636531689400038 -0.0016979763904844927 0.0008538496504695512 0.9999981939068449 0.05054890940148583
0.9999976515357416 0.0003670235485097085 0.002135934623572332 6.551636908126479 -0.0003645055041380981 0.9999992383516983 -0.00117916570530798 -0.10921661889143779 -0.002136365778322797 0.0011783843761526951 0.9999970236713323 0.0602917923876215
0.9999955700504212 0.0005571329491456904 0.0029239497961002668 7.892505890392677 -0.0005497581455737424 0.9999966676167009 -0.002522403907931367 -0.09931943240866038 -0.0029253453667069614 0.0025207852685915828 0.9999925439702614 0.08204991931290954
0.9999950996009628 0.0005062057249847537 0.003089422247697084 9.222751258774228 -0.0004977253986518409 0.9999961083202477 -0.0027451072451259743 -0.09717081566524073 -0.0030907998136582553 0.002743556109085234 0.9999914598917274 0.08224747705833572
0.9999963022889691 -0.00017417588930095603 0.0027138664573247515 10.547591568404853 0.00018196104616840595 0.9999958687855454 -0.002868676004680142 -0.11376745974128957 -0.002713355591566184 0.0028691592151249717 0.9999922027830176 0.09056870811307445
0.9999995393954398 0.0002857237113666834 0.0009162809988100864 11.865681882298304 -0.00028470250872967233 0.9999993384782148 -0.0011144449804713474 -0.06864228735595218 -0.0009165988160261785 0.001114183599653845 0.9999989592202168 0.10331113189348579
0.9999998094412433 0.00037630288121160663 0.000489401285836538 13.197195120652694 -0.0003763940518985423 0.9999999118263958 0.00018621148814240167 -0.06918827141279824 -0.00048933117076476 -0.0001863956603911524 0.9999998629058222 0.11086878805274357
0.999999956877201 0.00028808779401847214 -5.701770899605416e-05 14.531568540698737 -0.0002879769761134197 0.9999980881078141 0.0019341277046235846 -0.06126738448916511 5.757479856811689e-05 -0.0019341112014311626 0.9999981279477492 0.10040641368508163
0.9999995611943738 0.0007719618517080349 0.000530740952961325 15.888792167940984 -0.0007730275333537589 0.9999976798578403 0.002010648494669252 -0.04478739457262736 -0.0005291875776317854 -0.002011057889755098 0.9999978378009983 0.1186452281009618
0.9999942155358343 0.001266773643371536 0.0031566088461587164 17.217400375821093 -0.0012703579274825343 0.9999985504117133 0.0011337394798469974 -0.05232573594456733 -0.0031551680790839875 -0.0011377429448432824 0.999994375211873 0.14001518299692034
0.9999840969579701 0.0012497588225470352 0.005499448521313072 18.583906828826077 -0.0012300118893051899 0.9999927900144292 -0.0035926299433426383 -0.05808461721388281 -0.005503898791336425 0.003585808422531815 0.9999784243052705 0.16064171177541278
0.9999896931547623 0.0011902942863318566 0.004381413442751208 19.915518877393712 -0.00116760081600036 0.9999859103151895 -0.005178405105461501 -0.0606671158717538 -0.004387515536026117 0.005173235990530509 0.999976993403752 0.17948657691941736
0.9999969299690397 0.0018806861680384633 0.0016134038654389696 21.26500323948284 -0.0018706162852454382 0.9999789037458172 -0.006220358351977976 -0.09616150822077402 -0.0016250683705737324 0.006217321195739882 0.9999793518217963 0.17826455383330628
0.9999979151995934 0.0019695289603585994 0.000539028887150391 22.617742515877232 -0.0019673520230877248 0.9999900254972056 -0.004009792028920934 -0.06509852619360004 -0.0005469209121312247 0.004008723209733243 0.9999918154743785 0.21781017224880803
0.9999939772392102 0.0029247955400017503 0.0018684368747846384 23.980020749813704 -0.002921316479301643 0.9999939993403402 -0.0018620401014320925 -0.062285758296911076 -0.0018738717495148302 0.0018565705913771375 0.9999965208691006 0.19951675124323798
0.9999707773983145 0.003910148372840203 0.006569253314718159 25.352089016517198 -0.0038988644362946737 0.9999909035962994 -0.0017296186758990145 -0.0472585963251331 -0.006575956623789198 0.0017039555038196154 0.9999769263988659 0.2124430165670479
0.9999642638402035 0.0035166223212429668 0.007687939253774425 26.74292669241865 -0.0034970550673173047 0.9999906157473392 -0.002557151366972388 -0.06770995286552357 -0.007696859643785918 0.0025301748372778743 0.9999671777448081 0.2274860888829397
0.9999697566690023 0.00382381393725016 0.006772310854475149 28.090951197635775 -0.003770250825671621 0.9999616527415636 -0.00790431876079141 -0.06993768493433616 -0.006802275799162583 0.007878546397272026 0.9999458273079688 0.2372623243166584
0.9999809318355762 0.003822251842686944 0.004850397520165685 29.46384623891542 -0.0037884130625351377 0.9999685566329717 -0.006966611216284329 -0.05863638084728969 -0.004876873149894952 0.006948103066472297 0.9999639693369243 0.24862664138171506
0.9999880528318459 0.004152301245326676 0.00257926112320009 30.863027514254192 -0.004133678233457186 0.9999656498494522 -0.007184137068896676 -0.06110023406445515 -0.002609003226489984 0.0071733894032396965 0.9999708673689618 0.2794595604352167
0.999987347558591 0.004826077214988041 0.0014190494877945356 32.24281280709608 -0.004818267442710989 0.9999735057623201 -0.005456379043413572 -0.04253739614286962 -0.0014453447977378832 0.005449472646950784 0.999984106986849 0.25871836282655425
0.9999843565378627 0.005560890387003558 -0.0006026422324918668 33.62120586928604 -0.005563508440172822 0.9999746960010784 -0.004433365695161485 -0.05743766963070002 0.0005779735225571708 0.004436649147119965 0.9999899909953862 0.2901400888886907
0.9999834293028874 0.005751549092765762 -0.0002465819752319737 35.014733543632516 -0.005752503057502668 0.9999752106662793 -0.004060389329070943 -0.05340033089324294 0.00022322233406720643 0.00406174050915566 0.9999917261836848 0.2928401511773621
0.9999859956427313 0.005132067365155403 0.001292440704617608 36.40766611146017 -0.005127044896086515 0.9999794073913518 -0.003859819150476762 -0.0597521458540202 -0.0013122229417895405 0.003853138694672282 0.9999917156622601 0.3263098894160759
0.9999852034378026 0.004878566310354989 0.0024067605223932753 37.81815973147325 -0.004871666041873875 0.999984030296922 -0.0028646153496104778 -0.044424248544146096 -0.002420697303079088 0.0028528480296434195 0.9999930007168484 0.32245720072219863
0.999985142806216 0.004606477887028222 0.002914537408953387 39.20614165020971 -0.004601698797009124 0.9999880602041289 -0.0016443288494027576 -0.052727651975702526 -0.0029220771744554418 0.0016308925960017784 0.9999944008114879 0.32108609924245135
0.9999835031993823 0.004903289190786169 0.0029918362592679954 40.60356312403949 -0.00490374680730836 0.9999879659559177 0.00014563858090563302 -0.04153369917116175 -0.0029910861472990484 -0.0001603073858393764 0.9999955138425379 0.34115990236534904
0.9999824490345667 0.004726902093185782 0.003571836982778154 42.02851697104683 -0.004741957524924349 0.9999798593006263 0.004218392102617818 -0.04495695525818879 -0.0035518251170235295 -0.00423525556502213 0.9999847234576321 0.3637456014031411
0.999982640579493 0.004528978604410298 0.003769203160529691 43.41910283710728 -0.004545816803110706 0.9999796735531532 0.004470797481629833 -0.03665672014021466 -0.003748878399883041 -0.004487853978237821 0.9999829023925423 0.3749550157378456
0.9999838065637254 0.004223750319709399 0.003813993125129467 44.85047183808872 -0.00424103993709033 0.9999807164388774 0.004536554930953546 -0.031199864156643088 -0.0037947583024199225 -0.004552656765703827 0.99998243640866 0.38914924234807896
0.9999881430217734 0.0034293690865159353 0.003457346313831383 46.252348894203436 -0.0034445491484494726 0.9999844124082581 0.0043943169747726 -0.035702755586193256 -0.003442222687338895 -0.004406173870753111 0.9999843682452199 0.41549302816195177
0.9999896913765342 0.0024107073683159656 0.0038478085514193705 47.68526661792656 -0.0024252505451938145 0.9999899170228717 0.0037794195828848996 -0.036078885969816704 -0.0038386586794173336 -0.003788712522058631 0.9999854550727066 0.42436874943658787
0.999988576546422 0.0012641994763130597 0.0046096178089624 49.08307746922915 -0.0012849054063694442 0.9999890867375486 0.004491706123562417 -0.043484856216669365 -0.00460388909046429 -0.004497577735610062 0.9999792877853795 0.4428121760893879
0.9999882493248147 0.0004413118767315934 0.004827676057862829 50.5016889385862 -0.00046717780894449797 0.9999855365336466 0.005358028406974226 -0.033408682250070154 -0.004825241671360736 -0.0053602208296457884 0.9999739921995323 0.4564308056865774
0.9999879004737471 -0.000718437226614316 0.004866492993801386 51.95973710999524 0.000693162222306931 0.9999862740894669 0.005193376435348182 -0.026890073291808633 -0.004870157311716918 -0.005189940328855237 0.9999746727228356 0.4514324300637764
0.999979406195963 -0.0020554899432720527 0.006079650077299722 53.37395839593723 0.002016038331317382 0.9999769194763058 0.006488151055920348 -0.023147664168017248 -0.006092846085037935 -0.0064757606326121065 0.9999604700940998 0.4805786777345763
0.9999735562821942 -0.0028200852038540152 0.006703272020762923 54.83288019638445 0.002783546528236739 0.9999812528886786 0.005453965521863951 -0.012006015654366469 -0.006718527001246671 -0.005435162429177547 0.9999626595049947 0.48202603456153353
0.9999668429715489 -0.003113045296757344 0.0075247529191366505 56.220475997175825 0.0031078208998040965 0.9999949215727137 0.000705888119137712 -0.010654843035365508 -0.0075269121669154235 -0.0006824791295973075 0.9999714394998835 0.4782486888425078
0.9999671937838875 -0.0033247461430444365 0.007386299415913063 57.643788075544975 0.00332299607554762 0.9999944477842614 0.0002491941651301644 0.014619489447984203 -0.0073870869129245825 -0.00022464134604063037 0.9999726898686816 0.49975744959063045
0.9999662266335154 -0.003051051312037135 0.007631295972528491 59.08413477628561 0.003050155894986217 0.9999953399469389 0.0001289706265268075 0.03515510169474527 -0.007631653906283612 -0.0001056896283575797 0.9999708729199852 0.5158523105827975
0.9999613465218677 -0.002945087156431685 0.008284438654132713 60.49813803534158 0.0029428380545508436 0.9999956296104363 0.000283662143829736 0.02806032500504989 -0.008285237857645036 -0.00025927141796928884 0.9999656432157927 0.5312807359753636
0.9999487070820372 -0.002261886551631989 0.009872541425063736 61.94831999465491 0.0022918293006927025 0.9999928054563099 -0.0030226733325490803 0.0464831027909923 -0.009865633452472251 0.0030451444705240694 0.9999466967652502 0.5450692866639263
0.9999558192017256 -0.0020753583795396677 0.009168016808589172 63.36987916377266 0.002115707703584957 0.9999881099939083 -0.0043935921208245405 0.041471179978365524 -0.009158789522589236 0.004412794852205877 0.999948320572655 0.5506656182566851
0.999966095554558 -0.0013935425005909875 0.008115773571976872 64.77237445630342 0.0014338451747343622 0.9999866598989426 -0.0049622688531774164 0.05303924717385549 -0.008108750174191002 0.004973737372979231 0.9999547540299796 0.5572659578566558
0.9999677274758435 -0.0008228190133156781 0.00799168165459614 66.22960215168617 0.0008683321547665115 0.9999834162273987 -0.00569326527135058 0.050377420001991344 -0.00798686459545176 0.005700020969460925 0.9999518587186493 0.5562436926638205
0.999969754482932 -0.0006095072334012012 0.007753619817681544 67.61592392221989 0.0006377223580366369 0.999993182711568 -0.003637009840910006 0.03745112865216759 -0.0077513501752128665 0.0036418444943802377 0.9999633260970824 0.5664817092779652
0.9999588591484421 0.00038277098510702595 0.00906275327475997 69.07762680367813 -0.0003714809959403227 0.9999991529876212 -0.0012474076758699608 0.0754840779967202 -0.009063223069960684 0.0012439897158434663 0.9999581543630567 0.5743568629927943
0.9999463778252662 0.0011143454931445173 0.010295615972429166 70.43597061175905 -0.0011385340235640974 0.9999966050745155 0.0023438386720875197 0.08357991218178792 -0.010292969173519222 -0.0023554348994388576 0.9999442518020829 0.5883831985297192
0.9999355322876008 0.0021987839338391654 0.011139866153800021 71.87672891177462 -0.0022619773985281264 0.9999814050104872 0.0056633110015643934 0.10377136283916145 -0.011127206610863144 -0.005688144026322042 0.9999219120964271 0.5966648927195354
0.9999356211946533 0.0026296448351506886 0.011038044849691129 73.25211488346231 -0.0027306837784416282 0.9999544219197805 0.009148631000314806 0.11006487400764739 -0.011013484106538825 -0.009178183432397211 0.9998972267771905 0.599515779890254
0.9999380231769203 0.003417829878269158 0.010595671000748161 74.6256127372373 -0.003547925657450971 0.9999182567010019 0.01228381616431033 0.1262212110303955 -0.010552820881739916 -0.012320647505410634 0.99986841115043 0.6028439375932398
0.9999331515409083 0.004133315130092498 0.010798525617052012 76.0849768584355 -0.0042758068197188805 0.999903656410529 0.013205884025497999 0.131160634746578 -0.010742901168084235 -0.013251173641976251 0.9998544876488793 0.6031803025181353
0.9999269645404278 0.00442499837617544 0.01124655388716129 77.45099596764553 -0.004580350365568126 0.9998939353366686 0.013825283631036932 0.12828528941171713 -0.011184184167592107 -0.013875787052301665 0.9998411756665078 0.610532069521162
0.9999228952682824 0.004601547390993779 0.01153383196965292 78.8702778770351 -0.004755911412614748 0.9998990116266059 0.013392081793800005 0.12365961349089388 -0.011471042887685069 -0.013445903084021806 0.9998437992333222 0.6318085992152663
0.9999420504382509 0.0038546435231820403 0.010051740578412427 80.2299234957167 -0.0039836687573067625 0.9999095276457758 0.012847836644100595 0.10218398662202635 -0.010001307343471164 -0.01288713492249642 0.9998669389498339 0.6201989049083595
0.9999383033330907 0.003811388550923542 0.010433735891503773 81.63268418493173 -0.003941943694671179 0.9999138396808962 0.0125209542174332 0.11546795828106053 -0.010385114695938953 -0.01256131091570084 0.9998671726088578 0.6432042336169482
0.9999373420525111 0.003516035231040299 0.010627768590516819 83.01080459390069 -0.0036528793467318125 0.9999103226115024 0.012884223198912255 0.12958606591355057 -0.010581514137292103 -0.012922237856317765 0.9998605139354925 0.6406550595012297
0.9999470638795671 0.0032892974059219367 0.009749356963845462 84.37751620481122 -0.0034077819183942195 0.9999202397029374 0.012161465981413691 0.13771078283132737 -0.009708576673732984 -0.01219404588296322 0.9998785170129292 0.6362969104733294
0.9999439891301354 0.0024779895056442833 0.01028971187749278 85.76231055007244 -0.002602513196506908 0.9999233321384583 0.012106063364460951 0.14330077271931135 -0.010258924289315454 -0.0121321644042707 0.9998737745632165 0.6421733597409309
0.9999352682561361 0.0014099769819688917 0.011290317198353678 87.13527314401169 -0.0015431166823306685 0.9999292769707545 0.011792363955079101 0.14609601989689255 -0.011272891751180606 -0.011809022891613594 0.9998667255639181 0.659436067217143
0.9999247337440219 0.00025236490885033173 0.012266342523323181 88.5321869063885 -0.0003858902668681871 0.9999406891448598 0.010884359476098386 0.15141016395441437 -0.0122628681656716 -0.010888273713301724 0.9998655247381497 0.6607347863583939
0.9999160371441908 -0.0006507148640865682 0.012941994901209826 89.90347122266708 0.0005322181955117524 0.9999579292389824 0.009157319251749068 0.14816372093368985 -0.012947409225387547 -0.009149662411900489 0.9998743162378452 0.6699922694934518
0.9999097594664565 -0.0018215457921271555 0.013309954720441568 91.27810862594693 0.001712421310888592 0.9999648679615684 0.008205513747300856 0.14461850926040798 -0.013324433833639444 -0.008181981027252056 0.999877749852192 0.6772933764560416
0.9999120530469986 -0.0018270708360640013 0.01313575211003795 92.65130226690195 0.001731685762052946 0.9999720796364635 0.007269196100500898 0.16606946699054764 -0.013148666691260571 -0.007245809801950279 0.9998872990515262 0.6925685455724354
0.9999164897383154 -0.001879271964763038 0.012786003530734205 93.97734011595296 0.001793686360532262 0.9999759335062014 0.006701872696582752 0.17551912359560587 -0.012798290457929623 -0.006678378941301288 0.9998957960788069 0.6974737487991994
0.9999179565317311 -0.002408620384261204 0.012580888412653887 95.33013476139928 0.002339181682704095 0.9999819669657107 0.005531181830632775 0.184795661353834 -0.01259398405836807 -0.005501299049564739 0.9999055591776179 0.6949802319991362
0.9999246684014075 -0.0021938474435164606 0.012076611930914905 96.71203341457392 0.0021279900086697136 0.9999828110095088 0.0054634553209531615 0.19193204145158402 -0.012088390333635898 -0.005437344840602427 0.9999121491912307 0.6928539946814787
0.9999320010077203 -0.0019316423460562161 0.011500526881125472 98.04635459252535 0.001853304162463956 0.9999750365605328 0.006818468995504264 0.19767862349377183 -0.01151341063186582 -0.00679669137214436 0.999910619186542 0.7052156045948602
0.9999323832908177 -0.0018173594929738449 0.011485906617180694 99.3869094580552 0.0017140577476305787 0.9999580549934526 0.008997236228361717 0.21095615792439446 -0.011501776053422575 -0.00897694035763048 0.9998935561795728 0.7000528061746003
0.9999177090044619 -0.0015538739826085684 0.012734233189112092 100.74664135709239 0.0014391417124329205 0.9999583377650471 0.00901396723401271 0.21590252722728323 -0.012747709221662037 -0.008994899099516975 0.9998782864427997 0.7024153610745699
0.9998947486123683 -0.0013222748907995019 0.014447950945443436 102.05315203389578 0.0011899520655960292 0.9999573076123915 0.009163349096169416 0.2488418572654043 -0.014459450594347025 -0.00914519227189053 0.9998536341619305 0.7117855534396325
0.9999082820939525 -0.0015274885579500358 0.013457123712954893 103.43413108709935 0.0014069905800343787 0.9999588762798329 0.008959136491953758 0.2279667991866871 -0.01347025528444564 -0.008939380732416239 0.9998693113075793 0.7191202912919412
0.9999360224943086 -0.0012864002933803186 0.011238153431361388 104.73775660815306 0.0011837240683083825 0.999957544458037 0.009138275481897891 0.21831738100659748 -0.0112494317897277 -0.009124387965126194 0.999895092411534 0.7184813281102478
0.9999500266288078 -0.0013355084773699218 0.009907606277679743 106.04964906277985 0.0012635234073471108 0.9999727869874038 0.0072683418496625836 0.2617501160941411 -0.009917043594021955 -0.007255460133674751 0.9999245024223593 0.7220881302551078
0.9999380766078052 -0.0009559873315967861 0.011087336835546998 107.41626521091867 0.0008810272900918761 0.9999767372334248 0.006763784658616376 0.24472941510472557 -0.011093545005865537 -0.006753597575799682 0.9999156575326675 0.7259622434376394
0.9999103089498041 -0.001142203590012139 0.013344265692278444 108.72661161041263 0.0011068591259776792 0.9999958609231966 0.002655748359687559 0.2273371141393121 -0.013347243864648464 -0.002640739940567154 0.9999074345027064 0.7293022008189883
0.9998964997388369 0.0003902711387197621 0.014381846142295472 110.09678864068009 -0.0004077904852459526 0.9999991784434145 0.001215244591088512 0.25550507958507723 -0.014381360051904676 -0.0012209835929730564 0.9998958374161396 0.7476893576313124
0.9999147601073823 0.0006377402117701578 0.013040928142513404 111.39583741299006 -0.0006626966472686572 0.9999979573782741 0.0019094691495371591 0.24618719438691133 -0.013039683759570462 -0.001917948565949211 0.9999131402880695 0.7320937357741226
0.9999395675781768 0.002692807553637779 0.010658798199029602 112.75941961164544 -0.002723206173336212 0.9999922635339406 0.002838489105765501 0.2663628602510618 -0.010651072232694177 -0.002867343674050463 0.9999391646498045 0.7416886593633361
0.9999528798057453 0.0032209815873786092 0.009157698718047214 114.07881782509482 -0.003275472372949742 0.9999769845930552 0.0059415120057849805 0.25234226199708626 -0.009138350449112717 -0.005971227829735861 0.9999404157194941 0.7516230364428823
0.9999507993751114 0.004570394309585405 0.0088039948279452 115.37729323493264 -0.004644832247014893 0.9999534833135372 0.008453209007269702 0.25634044496491115 -0.008764950796933605 -0.008493686183183623 0.9999255136921694 0.7492067927744344
0.9999243542814444 0.006261863747306145 0.010586537547596152 116.75928625504717 -0.006360309591700313 0.9999366079978353 0.009291202703704262 0.2742473503137325 -0.010527686200405818 -0.009357833520306365 0.9999007944666671 0.7581924749303269
0.9998982780091847 0.006137001632765918 0.012875202725641348 118.0459897224371 -0.006260495624422458 0.9999345765585341 0.009573337831780823 0.2829284730589105 -0.01281560879566481 -0.009652969163125255 0.9998712818945907 0.7499201101499638
0.9998812509206173 0.007011877944874803 0.013722886908649132 119.41697978765625 -0.007145419157467927 0.9999273601887303 0.00970656123770718 0.26583285597229045 -0.013653828858070757 -0.009803464371509057 0.9998587225422555 0.7553894171762929
0.9998808359731098 0.008338771628792794 0.012991487268128078 120.74065540179048 -0.008466376478555361 0.9999161528844179 0.009798350378950035 0.277647925370082 -0.012908691763244565 -0.00990717359029033 0.9998675980290658 0.7550900245514429
0.9998703613804174 0.009456397196091556 0.01303215197361466 122.06181876253028 -0.009607895416807836 0.999886420796084 0.011611798019941423 0.2667760113435921 -0.012920866017930832 -0.01173550423569368 0.9998476529760325 0.7554475466587449
0.9998621924064554 0.010692985934009603 0.012698671110449027 123.41607725188042 -0.010855926925442547 0.9998587280351281 0.012832490894800146 0.2657413078618825 -0.01255965949959359 -0.012968578325736014 0.9998370221838475 0.7504792354590542
0.9998545907125872 0.012027001924156566 0.012089195824422312 124.75490236985975 -0.012199457352219827 0.999823408961221 0.014294199294624587 0.2697465588206838 -0.011915144618352948 -0.014439602414173691 0.999824748248834 0.7550791271609256
0.9998452498234437 0.013261934877089696 0.011558437991847312 126.10022115728627 -0.013433204284119373 0.999799222480904 0.014868212711721333 0.2649991335016023 -0.011358936048621118 -0.01502117871192893 0.9998226536551109 0.7532593968473587
0.9998327251601704 0.014492787647124744 0.011157096620644968 127.43722786979696 -0.014656239763507694 0.9997843759583428 0.014710412148592372 0.27014435985373514 -0.010941496002907234 -0.014871472549893183 0.9998295469575882 0.7583673031897071
0.9998183299680345 0.014827098274478735 0.011977654891064296 128.72708509420582 -0.014997630056116712 0.9997856190507568 0.014275399538889856 0.22870938681914346 -0.011763424358168474 -0.014452442563595326 0.9998263593001115 0.7533830386444575
0.999795328383379 0.015667233541280648 0.01279996624739046 130.1022408391423 -0.015851592300621452 0.9997702122427901 0.014430860457418222 0.21769349647883582 -0.012570933310866105 -0.01463080671629452 0.9998139382557758 0.7681827158957969
0.99977974849652 0.016126957271872 0.013430403768554868 131.42484078372314 -0.016290065017113112 0.9997937862008534 0.012125133232277914 0.20255420101048183 -0.01323209272841698 -0.01234124480404945 0.9998362892987597 0.7572465400495821
0.9997798872070872 0.0160133370715502 0.013555448056669082 132.7743052229602 -0.01616906553103364 0.9998036220596983 0.01145768895375363 0.17517921229458597 -0.013369310230422414 -0.011674345897768498 0.9998424731885628 0.7679803246057509
0.9997684749811362 0.01608434742091777 0.01429301234646805 134.10683424822463 -0.01621583565229558 0.9998268144088076 0.009131695528955937 0.17451379208040893 -0.014143659639245137 -0.009361354452162894 0.9998561506210931 0.7546639847397424
0.9997784384969006 0.015203132240775923 0.014558114121295339 135.44335883595784 -0.015328346364192186 0.9998461424657721 0.00852837581574374 0.1327854092467398 -0.014426216220427838 -0.008749638071639658 0.9998576539283863 0.7699085744818899
0.9997985771138671 0.014282372690163943 0.014100320259700623 136.7872285417014 -0.014412678600165759 0.999853959401634 0.009183385238781096 0.12566642225773003 -0.013967100509955123 -0.009384758878884302 0.999858413178651 0.7693023581766549
0.9997844163495114 0.014178510990626291 0.01516873926057774 138.11722909402172 -0.014268713082671384 0.9998810545229849 0.005854966521503472 0.16633596973050804 -0.015083920300475789 -0.006070142674782316 0.9998678056204614 0.7659760862706173
0.9998022663768416 0.012416602274001133 0.01553242208094148 139.46543499165819 -0.012506478576886129 0.9999055292827076 0.005702675115613561 0.10264260466017791 -0.015460146873077788 -0.005895803409003703 0.9998631023099238 0.7701509397988213
0.999811053053984 0.011423527084964033 0.015727721386861272 140.82632783826747 -0.01149322869471179 0.9999244951225887 0.004348534006668993 0.11778963133300688 -0.015676858271180927 -0.004528474663194693 0.9998668556522764 0.7719531043262583
0.9998362587857622 0.009853948975824051 0.015177460488237815 142.16056016337214 -0.00991931643895838 0.9999418231141962 0.0042376347696856526 0.09312852053267388 -0.01513482007405354 -0.004387490927545587 0.999875835863977 0.7591245377681767
0.9998516393298145 0.008590132031210021 0.014930136006386433 143.51128180693078 -0.008654218091801034 0.9999535916069612 0.004233100702599478 0.06170116892437235 -0.014893080228829788 -0.004361681330081797 0.9998795786979913 0.7583101380918358
0.9998832400640705 0.008536088067638416 0.01267444040096623 144.84804686938256 -0.008562400190049533 0.9999612952594644 0.0020231870896183536 0.060634846650417705 -0.012656679736864787 -0.002131474493321401 0.9999176292447907 0.7585867354139174
0.9999017637975945 0.007232006365211848 0.012006699729435258 146.1600291895295 -0.007226522639643679 0.9999737633186825 -0.0005000448081394694 0.05809653938601579 -0.012010001040716138 0.0004132289982143176 0.9999277919513972 0.7846442924372818
0.9998678637413217 0.006832605002501724 0.014750273429508381 147.57114256992253 -0.006685368235851505 0.999927567213785 -0.010008305424631847 0.06188316390322726 -0.014817587823817353 0.009908371955141567 0.9998411190065559 0.7700746518666941
0.9998509236098908 0.0054921127003561415 0.016369705389371932 148.89283408677827 -0.005217479410739988 0.9998457157414762 -0.0167726748616217 0.04930362905264234 -0.016459297222140137 0.016684765850971926 0.999725317336443 0.7782492336749014
0.9999015921147647 0.004250562659971378 0.013369323222673955 150.1844468021595 -0.004006799136793881 0.9998262050382294 -0.018207286440594616 -0.002052421781333436 -0.013444390913539366 0.018151926507291992 0.9997448454065856 0.7841791379301273
0.9999400639928492 0.00403399845428297 0.010178176577730002 151.5910471788182 -0.003849710789879309 0.9998294711325018 -0.018061239761885874 0.026703422947967067 -0.010249299918086884 0.018020974207097765 0.9997850750735461 0.7835025517279827
0.9999567040864414 0.005117625556500566 0.007771734764170146 152.91032483735685 -0.005007775656504963 0.9998882073616799 -0.014088824011268626 0.014137304041860302 -0.00784296726725764 0.014049294918601267 0.9998705442089666 0.7846967496850806
0.9999478535812402 0.0060926909275315425 0.008195683957554633 154.27527420534958 -0.005976197235534787 0.999881823255456 -0.014164200999241408 0.014620490858250281 -0.00828101351722903 0.014114483363074252 0.9998660941218683 0.7984731265252671
0.9999145968153824 0.006123522914657175 0.011545628724530991 155.61575066805338 -0.005952831715301636 0.9998733317100029 -0.014760905450134545 0.014698836952790917 -0.0116345550022485 0.014690915636956781 0.9998243916446765 0.8070578335278755
0.9998735232050041 0.007081445156054831 0.014240460951594133 156.94037718284238 -0.006707940137958477 0.9996366396217279 -0.026107322055034392 0.028867263035978277 -0.01442016410162018 0.02600849592501472 0.9995577106935851 0.7798291705708716
0.9998600410925221 0.007009870216541938 0.015190784904252462 158.29669839506371 -0.006592918228214867 0.9996048312382015 -0.027326082677225076 -0.004716739127111198 -0.015376334273684946 0.027222106545851787 0.9995111431392399 0.7905988498349064
0.9998593270317873 0.006351686954090274 0.015523602042652266 159.6335430597564 -0.005910011807006078 0.9995810409070403 -0.028333979947031743 -0.03891758812146567 -0.015697066859208027 0.028238249450611975 0.9994779654199398 0.7997646419421534
0.9998474646792603 0.007705592720572645 0.015673902362839772 160.99641091561864 -0.007268397777352853 0.999588151621238 -0.02776143966344191 -0.028280472182730998 -0.015881365438946 0.027643280906242147 0.9994916864349264 0.7837695558907166
0.9998426238782367 0.009196819787224322 0.015170563011442107 162.33581736888078 -0.008793965732088875 0.9996124800088824 -0.02641128503489476 -0.007148517445407603 -0.015407583943813606 0.02627371911802607 0.9995360413915655 0.7637532506778602
0.9998455441937634 0.010508833253455233 0.014087305616345056 163.680737495267 -0.010167774677760016 0.9996586353657116 -0.024067178830631825 0.0042523700035573125 -0.014335414677627419 0.02392022496579796 0.999611083733872 0.7704439740691844
0.9998483253126844 0.011113216314114745 0.013409802108014145 165.0368118374922 -0.010802396167294974 0.9996763527413206 -0.0230325423445991 0.005858479010574253 -0.013661427687661987 0.0228841908960451 0.9996447765084197 0.756689384076433
0.9998307909675489 0.011598793912961307 0.014277864440113247 166.38481763258736 -0.011259725242827931 0.999657989143209 -0.023603460119473885 0.004050906612755005 -0.01454675292502152 0.02343870137017455 0.9996194372146923 0.7382227274030451
0.9998402152044082 0.01102706023535421 0.01406939950987515 167.70747414125003 -0.01069402544411251 0.9996659215174076 -0.023530473360152397 -0.031491914687092545 -0.014324171173344703 0.023376255031934377 0.9996241137652085 0.7256640575997844
0.9998610842394606 0.011196834808466984 0.012346785563946954 169.0882630826701 -0.01092260281008984 0.9996970045398165 -0.022058917969182065 -0.015877417182546965 -0.012590034604527674 0.02192099460311936 0.9996804294494651 0.7203162946457083
0.9999041245109709 0.00954023975583051 0.010036214991232055 170.52334094234902 -0.00936207878512883 0.9998003684695621 -0.017651478378562336 -0.03688008887544884 -0.010202610782049894 0.017555826198988298 0.9997938285965267 0.7415907497522722
0.9999251056910118 0.009271426442796184 0.007988971181250356 171.87585068484321 -0.009178601180735038 0.9998908394020745 -0.011578538775685113 -0.0373588727718153 -0.008095448670953229 0.011504344028707331 0.9999010519942886 0.7330680889004266
0.9999153301875215 0.009340490989434964 0.009060225386600552 173.233024301615 -0.00925099393413103 0.9999084955959233 -0.00987013405826074 -0.06281768010653269 -0.009151588234311451 0.009785482265767588 0.9999102423565908 0.7313253620851106
0.9998683953201402 0.011195194694179428 0.011741365154325696 174.61205145950433 -0.011136833038432947 0.9999253610752771 -0.005024263961110582 -0.02869045589836886 -0.011796736404695378 0.004892841121093449 0.9999184452323909 0.7499522536913678
0.9998392072593358 0.010357703766517146 0.014638223926011927 175.98472358185387 -0.010315227634579342 0.999942373271553 -0.002974258714548693 -0.057631439913662146 -0.014668186863747074 0.0028227838633757773 0.9998884318689715 0.7538400287367281
0.9998420104652855 0.009422490228073814 0.015072185861300295 177.41482768529212 -0.009327536907806985 0.9999362854005708 -0.006357845117771877 -0.06727747155252513 -0.015131132276509434 0.00621625427487733 0.9998661945574622 0.7398085611188042
0.9998502361027491 0.008306355986342662 0.015182549703683993 178.8099609188286 -0.008182339384635777 0.9999328013637617 -0.008212312647138018 -0.061894910639981815 -0.01524974384936756 0.008086853964790896 0.9998510129541704 0.7234337752414255
0.9999134143107635 0.006297767911269278 0.011554306587895786 180.14521682663613 -0.006183958975638531 0.999932273725565 -0.009859341428789565 -0.08582374920284143 -0.011615615901833385 0.009787036392985038 0.999884639038856 0.7324915744141042
0.9999561236718345 0.004859775691240545 0.008008327630015294 181.56633140584975 -0.004806575613244136 0.9999663432169502 -0.006649004752213819 -0.04183192438116692 -0.008040370767135409 0.006610220386010036 0.999945827244844 0.7534198934078775
0.9999710036224871 0.003283585075844114 0.006870952138190754 182.9555763777128 -0.0032620488221903436 0.9999897394423107 -0.0031432542978639144 -0.07800262567091365 -0.006881202781292009 0.0031207497735459633 0.9999714545771462 0.7490147571253589
0.9999593601348833 0.0033731569417685334 0.008360615460651918 184.28423250272596 -0.0033723679270219967 0.9999943076683373 -0.00010846883227911405 -0.03973898393599924 -0.008360933751650378 8.02693526907341e-05 0.9999650435608394 0.7502020408812322
0.9999339162845641 0.0036991319341017526 0.01088482828291027 185.73384574805948 -0.003727084748879815 0.9999898059488854 0.00254888948075436 -0.06991739104566341 -0.010875288643939628 -0.002589289718154647 0.999937509885326 0.7453149576675469
0.9999013712808786 0.004029689727349645 0.013453970095099806 187.10191389230042 -0.004101661022557431 0.9999774040177594 0.005326145957353888 -0.04390600858689131 -0.013432203373779754 -0.005380804271137985 0.9998953059485385 0.7576361239266413
0.9998935840797599 0.0043235826685681465 0.01393295191408371 188.55065656297842 -0.004360901168606484 0.9999869821432339 0.0026491668624786966 -0.0472590315162327 -0.013921316644978607 -0.002709645175233422 0.9998994223250129 0.742366631907223
0.9998827463533534 0.004388768855571654 0.014670795915967733 189.96473573397196 -0.004413503417773305 0.9999888925386493 0.001654021434887549 -0.04269002904763972 -0.014663373842909229 -0.001718577102759255 0.9998910100407369 0.743474828810902
0.9998732634850966 0.004673271676389843 0.015218984838061712 191.3253959574343 -0.004645533633879971 0.9999874843933637 -0.0018574374521874932 -0.03411461865457466 -0.015227474673070047 0.0017865017410994269 0.9998824593053975 0.731287959069446
0.999866238300835 0.00516416675453011 0.01551892031905618 192.78054080105244 -0.00511247638054442 0.999981257296727 -0.0033686259091082107 -0.030190375765197612 -0.015536025598465786 0.003288835202400031 0.9998738997851755 0.7349993563031547
0.9998560918727031 0.0052508142853635465 0.01613147526996498 194.12596292055832 -0.005165854223076417 0.9999725909812395 -0.0053038888009398644 -0.05150674741494563 -0.016158882857140625 0.005219792678587328 0.9998558117394737 0.7286371309637449
0.9998389438154531 0.0056981574650903045 0.017018150061105124 195.57322883269308 -0.005554249106534674 0.9999485210729888 -0.00849149697080083 -0.06151680888020896 -0.01706565987185422 0.008395606317925856 0.9998191221654508 0.7137839986562123
0.9998253541692431 0.005938772108367057 0.017719823537280407 197.0070799013086 -0.005733253240766244 0.9999159725669883 -0.011626590759610726 -0.08546750145857429 -0.017787382258913718 0.011522967988287726 0.9997753898957086 0.7144001227160308
0.9998638445198981 0.00612740709943159 0.015321465469297716 198.42677360693818 -0.005999371819142248 0.9999468177141692 -0.008388640001928889 -0.07128881293969919 -0.015372051251044174 0.008295578674457559 0.9998474300686037 0.7396053587920947
0.9999321502919519 0.0064487543242797395 0.009700947385608295 199.85217657343767 -0.006415945155371288 0.9999736055179809 -0.0034093863278864345 -0.05698097766718777 -0.009722677628952054 0.0033469142556382587 0.9999471324548557 0.7230584319236381
0.9999266813024612 0.007904876692131099 0.009173055321343616 201.31475406286614 -0.007967541859647164 0.9999450346833462 0.006815122070545211 -0.05279511607514638 -0.009118678421843714 -0.006887709096925096 0.9999347024517327 0.717747245011568
0.9998816090038032 0.00840884258795771 0.012886401448675111 202.7431712236807 -0.008575461874875874 0.9998796360699328 0.012929610446234007 -0.05184284764057776 -0.01277612733178633 -0.0130385865411003 0.9998333690327665 0.717836117996661
0.9998457375717009 0.009288404202822079 0.014907266921416404 204.17581636311732 -0.009492106947550226 0.9998617439313 0.013652579549503654 -0.07949364326529386 -0.014778395224029817 -0.013791974841343565 0.9997956693567832 0.7006972589866194
0.9998338183021539 0.009957048683234215 0.015270656857362635 205.63279261001352 -0.010133223876336457 0.9998824902778743 0.011503191278447322 -0.032393790801544614 -0.015154324571146594 -0.01165602064326439 0.9998172251114482 0.6895473850375055
0.9998417707854607 0.008432035058230383 0.015663147109410556 207.08379117562205 -0.0085732676890557 0.9999230007077197 0.008971718720587135 -0.05981219099402767 -0.015586291211383678 -0.009104583485602946 0.9998370737704357 0.6939200897433864
0.9998603348502725 0.0070168002740160365 0.015168233483687081 208.51501197566145 -0.007139634428651711 0.9999420358351466 0.008059192893061135 -0.09139724519377353 -0.015110804522800518 -0.008166362946681004 0.9998524761698082 0.6906715305180186
0.9998691089235504 0.006684908753456031 0.014733533703201672 209.98631698483342 -0.006799163712445579 0.9999470977787767 0.007718355823171609 -0.07848185776399154 -0.014681157762137695 -0.007817521266980395 0.9998616654157733 0.681068096800322
0.9998686418101639 0.00669722605600146 0.014759616792211654 211.47368742154933 -0.006833232013401649 0.9999344816144297 0.009183649532330118 -0.07640356976852464 -0.014697144789010687 -0.009283299070721545 0.999848895730457 0.6815228566184649
0.9998657534328479 0.0059867720083056145 0.015252333365228687 212.91028501385063 -0.006139117706280345 0.9999315406187379 0.009961190171146543 -0.10067461612798845 -0.01519165382543767 -0.010053488785385884 0.9998340567400624 0.6636433805714999
0.9998683175069627 0.005526015132661485 0.015258138895329603 214.36275045234754 -0.005677918054783767 0.999934573776775 0.009930227209005079 -0.09122146963190472 -0.015202266027100512 -0.010015554034245961 0.9998342761603186 0.6672455055049774
0.999876817670953 0.005369673013452817 0.014748426897000885 215.8130697688885 -0.0055224450936775145 0.999931317864403 0.010337415254575356 -0.07970595751867864 -0.014691905403823554 -0.010417589245444775 0.9998377977201693 0.6713111535401873
0.999883982257469 0.00526474646454207 0.014293511451344549 217.30841296566348 -0.0054011646117722925 0.9999400748810378 0.009522293197611494 -0.07654945736132085 -0.014242522451523978 -0.009598390050879953 0.9998524998531779 0.660501926717681
0.9998874964508254 0.00435311364481056 0.014354262185707166 218.7801888133379 -0.00449391358754463 0.9999419658379284 0.009791307208287756 -0.1037749750443608 -0.014310806475120131 -0.00985471246535129 0.9998490313343595 0.6625151985808615
0.9998942300414592 0.004394953160253116 0.013864094507634959 220.27328621935868 -0.004541966514627889 0.9999336059693106 0.010590287691631813 -0.09597196088290155 -0.01381663019616041 -0.010652137810351047 0.9998478047633509 0.6461564269596959
0.9998894837588328 0.004454556283815463 0.01418369475168831 221.76112938969777 -0.0045962517222611875 0.9999397035873967 0.009973146928358585 -0.0885548076302097 -0.014138413581458191 -0.010037236565077929 0.999849668271954 0.6577598396360289
0.9998973555054157 0.003999816002298515 0.013757904099977918 223.25472737449047 -0.004162475965549431 0.9999215393692988 0.011814774613503953 -0.08664887544994246 -0.013709567721582465 -0.011870828837087614 0.9998355520662426 0.6506060444618355
