1.0 -2.1684043449710093e-19 -2.5135375298442207e-37 0.0 2.1684043449710093e-19 1.0 2.3183291766350204e-18 -8.673617379884035e-19 -2.51353752984422e-37 -2.3183291766350204e-18 1.0 0.0
0.9999986439389678 -0.00018291147577407835 0.0016366623407190837 1.309660457036962 0.0001844534061951465 0.9999995392898828 -0.0009420174960962292 0.003266235174018016 -0.001636489280881769 0.0009423181066065481 0.9999982169681202 0.006330211504420039
0.9999977366097174 -0.00021979936627786038 0.002116238096460368 2.609158019860139 0.0002232391880040037 0.9999986542116959 -0.0016253427522659332 0.007898436077540762 -0.002115877999144956 0.0016258115007552186 0.9999964398922911 0.020532705934112896
0.9999994236645617 -0.0003430026638325526 0.001017359187730244 3.9475385141017756 0.0003462607841697186 0.9999948069683461 -0.003204081742032911 0.004260060302235691 -0.0010162548959791243 0.0032044321669971814 0.9999943494042721 0.042665389068812114
0.9999990859836746 -0.0002772702482570071 0.0013233113862197523 5.2574621167387106 0.00028172601745032856 0.9999942881219686 -0.0033681380447533158 0.01061793420467369 -0.001322369943154684 0.003368507777466843 0.9999934522251066 0.05683241697514853
0.9999977573017257 2.519409484487941e-05 0.0021177244335366737 6.5711941178228255 -1.70118859190896e-05 0.9999925360904623 -0.003863608929613128 0.013127507270130526 -0.0021178059671628927 0.0038635642382175775 0.9999902938375265 0.055143851156340414
0.9999951929265626 0.0002130623709919376 0.003093336094419163 7.906940400496993 -0.00019635539929752985 0.9999853992368997 -0.005400255325040659 0.006913137819126224 -0.0030944415205551735 0.0053996219723727494 0.9999806340695961 0.0637294270793651
0.9999921972699694 0.0003348543119662163 0.003936149357980119 9.218623074056355 -0.0003156593217923246 0.9999880614401554 -0.0048762010164085864 0.004619558596332168 -0.003937735182961811 0.004874920486491667 0.9999803645031632 0.08722501564543204
0.9999961629601823 -0.00030353322841829945 0.0027535309135338897 10.578331677202174 0.0003160492009896452 0.9999896163499719 -0.0045461307876610985 0.0088087919386715 -0.0027521224200777517 0.004546983595221372 0.9999858752814309 0.09421695938716038
0.9999999798641477 -0.00019764570069446296 3.4754585025512334e-05 11.881257379057116 0.0001977093699643378 0.9999982846945615 -0.0018416077051844875 0.017494530874268163 -3.4390539565488115e-05 0.0018416145394092554 0.9999983036351506 0.09892811196532042
0.9999997849102071 -3.6018751674044934e-05 -0.000654890974922988 13.216081653085384 3.7207568681981095e-05 0.9999983515252269 0.0018153683994671399 0.018454413284377746 0.0006548245080481593 -0.0018153923759008555 0.9999981377759587 0.12218630971277605
0.9999997608780274 0.00016275360293228634 -0.0006721273337000683 14.557087534293133 -0.000160031607563485 0.9999917944506943 0.0040478909527216595 0.035501658228733385 0.0006727806273629243 -0.004047782423164291 0.9999915813764045 0.12129640764922171
0.9999997418660972 0.0006929407416621057 0.00019000228285748934 15.891147474242967 -0.0006939621591276915 0.9999850193133821 0.005429508756453531 0.05413210439598191 -0.0001862371086682754 -0.005429639209307696 0.9999852420579997 0.1469503906058233
0.9999953944265757 0.0006377902849998917 0.002967212360078745 17.260644865169944 -0.0006472634573174414 0.9999946936756556 0.0031927528166661584 0.052990741658902836 -0.002965160308358688 -0.003194658680339415 0.999990500945015 0.15833971306457606
0.9999845328983492 0.0008944934800513654 0.0054894303424495895 18.617008819154112 -0.0008901545409364421 0.9999992895388585 -0.0007928093538558442 0.04123706791702587 -0.00549013560522059 0.0007879106500464925 0.9999846186856295 0.16596871417032713
0.999993419941439 0.0011671037696829383 0.0034348133305552794 19.9452056112852 -0.0011551201647391832 0.9999932470164838 -0.0034887847217096946 0.034285544585013615 -0.003438861909117797 0.00348479414316168 0.9999880151474566 0.17928473929335248
0.9999991452347594 0.0008198775875894791 0.001018494227668175 21.29755230371686 -0.0008147426617341608 0.9999870079581434 -0.005031909112360794 0.03435785093167915 -0.0010226065448525506 0.005031075000561779 0.9999868211932561 0.18487680362560338
0.9999987884836958 0.0010786164913530085 -0.0011223268708595864 22.67750215748636 -0.0010819352576299749 0.9999950319793225 -0.002960647356904949 0.037871910631026545 0.0011191278920522467 0.002961858055044574 0.9999949874622487 0.20179361093098674
0.9999975896614289 0.002054146042874066 0.0007753420966085893 24.02740174823005 -0.002054553472786114 0.9999977515617062 0.0005250538632828099 0.042824062572181514 -0.0007742618159841706 -0.0005266455795224158 0.9999995615814408 0.22073133185226484
0.99997752809249 0.0022689915868874116 0.006308326815572716 25.42924400714152 -0.0022757513408454967 0.9999968437981441 0.001064588927656229 0.06436384294376668 -0.006305891361899567 -0.0010789211875213416 0.9999795356222061 0.22706062885154923
0.9999688585306276 0.0033645468887521755 0.007138752915398849 26.777636857046637 -0.0033568663107192602 0.9999937742586849 -0.0010876085887491938 0.03493250040864749 -0.007142367781463341 0.0010636108798573868 0.9999739273172928 0.24308363627674623
0.9999820607515766 0.0029662287627481767 0.005203812252306177 28.155133396705068 -0.0029377514226354524 0.9999807157759054 -0.005471534783467007 0.026521269580822633 -0.005219941724675654 0.005456149121397929 0.9999714909161941 0.24003437526931248
0.9999908919276495 0.0028166465279761484 0.003206643740791391 29.52306289269513 -0.002796817474364062 0.9999770448041745 -0.006171521427100822 0.03896432359373824 -0.0032239531260563523 0.006162496819188846 0.9999758145871301 0.2424867623435036
0.9999929218405126 0.0036786914680316768 0.0007896188686307305 30.898515128964796 -0.0036738884715512197 0.9999752491649035 -0.006000300083150425 0.02709382314891813 -0.000811672577625839 0.005997356640411082 0.9999816862827812 0.2746304480848253
0.9999879700518939 0.0048715054444034905 0.0005728753770577925 32.26133209130869 -0.004870338246803547 0.9999860966119165 -0.002021481690337451 0.04729749268206231 -0.0005827150712093427 0.0020186672751580825 0.9999977927103529 0.29392226702172164
0.9999888931709093 0.004591491166534313 -0.0010638344265998395 33.66972126766408 -0.004593341287421803 0.9999879310939008 -0.0017432390419327315 0.04277805959154947 0.0010558175206198477 0.0017481062346693104 0.9999979146848035 0.3028650175008985
0.9999877533492566 0.004547750172281543 -0.0019522089736196085 35.069722033817904 -0.0045493033703071645 0.9999893383029893 -0.0007919085771189085 0.05343357592071029 0.0019485867573910064 0.0008007800697543753 0.9999977808780022 0.3216340748209606
0.9999922867231614 0.003910988101741157 -0.0003614778699397741 36.46582723478615 -0.003911364356677715 0.9999918034175515 -0.0010461006560443962 0.03922882437796036 0.0003573836198375966 0.0010475064588366452 0.9999993875033959 0.3345997787386874
0.9999921904431754 0.003632747229341848 0.0015563419379221173 37.866104661287245 -0.0036322774763804743 0.9999933568822156 -0.00030455175656032943 0.03299415696263671 -0.0015574379585091467 0.0002988963123794197 0.9999987425232093 0.34855829784021386
0.9999932318427749 0.003474785602998674 0.001209187187859856 39.259706332846406 -0.00347526233662317 0.9999938842753123 0.00039238203932666203 0.03805042857195543 -0.0012078163493427917 -0.00039658162631522426 0.9999991919510135 0.31881289862501716
0.9999919951142024 0.0037855302339430776 0.001295943040703569 40.655712657141024 -0.0037886368411060344 0.9999899354372563 0.0024031760397293196 0.039609637806257626 -0.0012868327020476408 -0.002408066660127555 0.9999962726313321 0.3287046897668567
0.9999900158944088 0.0039069463259649075 0.002168843448900297 42.069761738461395 -0.003923007897668168 0.9999645426472484 0.007451406398387618 0.04100848672993545 -0.0021396543026016147 -0.007459840392738176 0.9999698858769599 0.38537592521250935
0.9999885604021114 0.003863510304301816 0.0028199916739845305 43.461763629706184 -0.00388597557002301 0.9999604095487457 0.008004906556247407 0.048270913609063756 -0.0027889529902765885 -0.008015773402088039 0.9999639839104129 0.3944064642260562
0.9999914524624932 0.0035109827149630225 0.0021835755833688477 44.87543345115101 -0.003526975320006824 0.9999666666317978 0.007363835303905688 0.04675951989932627 -0.0021576484989720823 -0.007371473778439146 0.9999705025285939 0.41464690973124635
0.9999947937019676 0.0027050092243311504 0.0017594016185754342 46.280238451602216 -0.002715450257214818 0.9999785559691663 0.005959356653336734 0.04024878090540282 -0.0017432437751945212 -0.005964103194727621 0.9999806951007719 0.4136073794430573
0.9999950323033534 0.0020517057573558313 0.0023928794579841403 47.705799297174366 -0.0020644360844230825 0.9999836654982461 0.005329806783110439 0.052479003998898904 -0.0023819051762279347 -0.005334720252945892 0.9999829334981445 0.4299708408188449
0.9999930453194535 0.0013671122376987877 0.0034699159723293096 49.10996514689122 -0.0013866709610906756 0.9999831306781435 0.0056405232722519655 0.0663838613809659 -0.0034621462088074368 -0.005645295675930745 0.9999780718497583 0.4501643290102736
0.9999932792656964 0.00018923685757782038 0.003661367620280834 50.54151060879823 -0.0002119644069143842 0.9999807077082827 0.0062080014765137775 0.07326598478924462 -0.003660122201417365 -0.006208735833801425 0.9999740272151156 0.47025094816041496
0.9999934771721021 -0.0007783208161065116 0.0035270143118103147 51.96010313691606 0.0007564742519300347 0.9999805483671018 0.006191173890029208 0.06051477254692644 -0.0035317644251374393 -0.006188465410554363 0.9999746144457407 0.46848883473204816
0.9999870138658298 -0.0019368709745940615 0.004713876380263627 53.38953536453024 0.001905920153948531 0.9999766564616263 0.0065615547085512435 0.07337746148688606 -0.004726475226572659 -0.006552485227325067 0.9999673621520245 0.48088422829542565
0.9999820173450821 -0.0023259616986938737 0.005527647658462342 54.82527591610233 0.0023004901424395333 0.9999867280685196 0.004609927539685329 0.09667388113129799 -0.005538296810792433 -0.004597128342000015 0.9999740965042259 0.4772807871421488
0.9999778038473326 -0.0030100131099497903 0.0059440418692708686 56.23206512604084 0.0029928025039019737 0.9999913101074731 0.0029022134160678016 0.08381628790872851 -0.005952725916616084 -0.0028843596547060927 0.99997812252246 0.4948120382605836
0.9999816104867899 -0.0035782595444413274 0.004896401421305024 57.66715230406529 0.00357475359377969 0.9999933480305196 0.0007245905434456389 0.08509363187507041 -0.004898961623620102 -0.0007070737900008702 0.9999877500358021 0.49855278247305224
0.9999768747205389 -0.003677440793912346 0.005720703920929476 59.12020733432154 0.003679742475940858 0.9999931529435525 -0.0003918690131658799 0.09780928993615313 -0.005719223675851924 0.0004129106682955638 0.9999835598575235 0.5149859418384198
0.9999728078298806 -0.0033664844403397108 0.006561279093094028 60.51140735630978 0.0033772242011137444 0.999992974487433 -0.001626447807867272 0.10217976775164642 -0.006555757585507093 0.001648562491765249 0.9999771518810772 0.5298697658832128
0.999969832065497 -0.0026086277597154764 0.007316421264036845 61.9594919320487 0.002632335895475853 0.999991310369698 -0.003232644865677092 0.11848921048799489 -0.007307924919907021 0.00325180662177826 0.9999680094818332 0.5369164086957885
0.9999729055490844 -0.0029235731316236665 0.006755804013299336 63.39376133604951 0.0029571737576045637 0.9999832820967415 -0.004968968745744033 0.10059700811478911 -0.006741163926904473 0.0049888122006038985 0.9999648336125315 0.5472111869045545
0.9999832987765753 -0.0016923043286643199 0.005526144585293854 64.79685290631586 0.0017294465950649968 0.9999759025497141 -0.006723342499035317 0.10687208302326551 -0.005514633477685228 0.006732787382926954 0.9999621284787055 0.5473204127906637
0.9999834085254113 -0.0009337386384999484 0.005684259499283213 66.239739310131 0.0009726576033429025 0.9999760799098653 -0.006847886191041864 0.13346981493548346 -0.0056777293953550155 0.006853301412733491 0.9999603970401324 0.5619860510453548
0.9999848604238333 -0.0002875146667763189 0.005495112232085285 67.62360567605946 0.0003189913012003915 0.9999835434385752 -0.005728097116917495 0.13029133764723888 -0.005493374889499469 0.005729763288956058 0.9999684958262315 0.5715591962616196
0.9999754313657284 2.0733554394963205e-05 0.0070097243201864825 69.05674967839657 -1.4604207448318985e-07 0.9999956870622669 -0.0029369809061845593 0.14429441923686823 -0.00700975498173534 0.0029369077248601314 0.9999711185369863 0.580270983037633
0.9999642048037722 0.0011722373376887015 0.00837943737870735 70.4665021393863 -0.0011788903502882287 0.9999989937896271 0.0007890736819966055 0.1603160050708577 -0.008378503965598314 -0.0007989238748159228 0.9999645805687024 0.5963553054181489
0.9999613906371135 0.0013252063356542622 0.008686832751817884 71.86933942203493 -0.0013700016597103684 0.999985785918735 0.00515277167573555 0.15810604807979484 -0.00867988079080035 -0.0051644737057916675 0.9999489926395244 0.6043384711387306
0.9999573172761914 0.002378721129539069 0.008927783128523166 73.26092806763272 -0.002456947490499739 0.9999585996918292 0.008761410353644639 0.18316045701017156 -0.008906572563617588 -0.008782971487139692 0.9999217631280085 0.6162875967265283
0.9999611515889933 0.0027306664223069495 0.008380857575716823 74.68331275496195 -0.002824859876481399 0.9999327497884174 0.011247936133019188 0.17793646004623456 -0.008349579599752924 -0.011271173916869461 0.999901617739987 0.6180532455769709
0.9999498860720799 0.003548301538351206 0.009361351431668724 76.06863179396626 -0.003696417241769471 0.9998675090081728 0.01585247391943217 0.18899621248378803 -0.009303861779337706 -0.015886282950535104 0.999830517722882 0.6443484143400418
0.999943257739591 0.004119559583846793 0.00982397729888443 77.4522906881439 -0.0042778096087114454 0.9998605532578102 0.016142316560430785 0.1854002664709061 -0.009756108142362744 -0.016183425713385838 0.9998214416014961 0.6595449739463779
0.9999490792800467 0.004269723373482036 0.009143757941940663 78.87857780339176 -0.004391123458323899 0.99990193361242 0.013298165020689258 0.17577973512912773 -0.009086081760617133 -0.01333763923854844 0.9998697667685436 0.6469315335713042
0.999962222891705 0.004444166046133655 0.007470085517211773 80.23648166835204 -0.004533462304051147 0.9999179635730434 0.01197972635227732 0.17910673054745058 -0.007416232804990118 -0.012013139143957883 0.9999003370230906 0.6472876052997771
0.999956397255786 0.00444804385173327 0.008210876513614863 81.63880085018044 -0.004544311603537966 0.9999207196932508 0.011743234655804933 0.19497773045186567 -0.00815799113009597 -0.011780035399964027 0.9998973337031641 0.6647742227534178
0.9999502267827152 0.004295139523454982 0.009005316966692493 83.03132026231155 -0.004406385576030118 0.999913777933635 0.012370144083265103 0.19858153731819622 -0.008951409014892487 -0.012409209280185414 0.9998829350487429 0.6820191310784729
0.9999602347467846 0.0033237750493084577 0.008275351628593195 84.41052011742599 -0.0034223577111569016 0.9999230107228455 0.011927283624407925 0.1985108261417346 -0.008235070907536278 -0.011955130546413081 0.9998946236782984 0.6907895246123092
0.9999533890651779 0.00315157584540231 0.009126185772582934 85.77796559447867 -0.0032528004615872135 0.9999331229542882 0.011098148856530514 0.21025272208149434 -0.009090598782374924 -0.011127317222731104 0.9998967665840321 0.6909994726517714
0.999946588404478 0.001890623882817992 0.010160997961771171 87.18897342649254 -0.00199572779243663 0.9999445110237917 0.010343691022485793 0.21579198713228415 -0.010140878109113417 -0.010363417135475892 0.9998948755626524 0.7044724626578488
0.999933427040377 0.0007689220675190641 0.011513046779241656 88.55874791834555 -0.0008824400312922965 0.999951018284948 0.009858109884075674 0.21081731844892085 -0.011504902732231044 -0.009867613173884548 0.9998851271137962 0.7244267907729385
0.9999288902028521 -0.000528722815023051 0.011913647211384958 89.93932529148071 0.0004473190587508024 0.9999765448601601 0.006834444761332537 0.20763541602103802 -0.011916981301996943 -0.006828629563895054 0.9999056732386944 0.720582716748012
0.9999299492826536 -0.0013060999405297956 0.011763954714951409 91.3345826508271 0.001247338875373593 0.9999867171729356 0.005000962249946981 0.21361703846301514 -0.011770330212872583 -0.004985938290909856 0.9999182965352915 0.7254829217764104
0.9999388698726485 -0.0016440347122997987 0.010934059981328887 92.69269070551071 0.0016118766997175425 0.9999943518771474 0.002949248600723021 0.2248991329454743 -0.010938846891489626 -0.0029314439562632497 0.9999358720763126 0.7255692042915841
0.9999371398779244 -0.002064477408005426 0.011020627286500934 94.0457736541061 0.002038291577352168 0.9999950743173717 0.0023867778363532892 0.23235192448985514 -0.011025500451309634 -0.002364164551431917 0.9999364225118375 0.732754451880593
0.9999360366659793 -0.0021392746957599024 0.011106128061099358 95.38568695168469 0.0021139233904818823 0.9999951347123524 0.0022938787072356256 0.24881447685088148 -0.01111098126326522 -0.0022702544792196264 0.9999356939523497 0.7398003009035168
0.9999428979495705 -0.002156428845599153 0.010466644870669782 96.74921987654548 0.0021215779088464655 0.9999921727045774 0.00333967614528988 0.2669012268382303 -0.010473764719122957 -0.003317279640396859 0.9999396461329033 0.7527810752137427
0.9999492167112497 -0.002103620241524841 0.009855900792815581 98.09840438689194 0.0020623432337085958 0.9999890686611573 0.004196343477064773 0.27323402589134255 -0.00986462056770316 -0.004175804122630115 0.9999426243145076 0.757204308859513
0.9999489270482448 -0.0020545732950562295 0.009895555751915686 99.43844939913008 0.0020025739912014505 0.9999841511433157 0.005261858948330124 0.2714211705358842 -0.009906209793548353 -0.005241773627084643 0.999937193436052 0.7612169335815944
0.9999323835826075 -0.0012173905477114422 0.011564870213685505 100.78970044506133 0.0011541426343959714 0.9999843511373434 0.005474069346076404 0.2992487379545107 -0.01157135331689932 -0.005460351699343794 0.9999181408204048 0.7725349537217144
0.9999169295749556 -0.002325060019428763 0.012677856494663648 102.11578946258359 0.002239959860419203 0.999974894456631 0.006722576609694913 0.28101981949302685 -0.012693168604290345 -0.00669362027273435 0.9998970341582314 0.7698234652169725
0.9999290351852138 -0.0011991565746304299 0.011852705053152788 103.46693561036433 0.0011288601809097498 0.9999817461468632 0.005935743235897228 0.30758821290145333 -0.011859606581142117 -0.005921941960207302 0.999912136307566 0.7795696552554923
0.9999533252868075 -0.0020900495107473325 0.009432864935894077 104.79920814514062 0.002033584873339165 0.999979982580904 0.0059915749229942855 0.3197211704890025 -0.009445198802519789 -0.005972112736507298 0.9999375590950883 0.7821237889716764
0.999968432487215 -0.0016305701377686 0.007776584731616389 106.12734736618701 0.0015896402117827313 0.999984868362334 0.005266506466592691 0.32305391131667655 -0.007785054467328741 -0.005253978244282762 0.9999558933470762 0.7754198135907577
0.9999531294186879 -0.001633160051310055 0.009543152205624284 107.47800954553784 0.0016064563457992944 0.999994775056744 0.0028052018146758153 0.33838593058650873 -0.009547683686735116 -0.00278973967581641 0.9999505283206561 0.7929082133251806
0.9999326767781374 -0.0008774717353683771 0.01157030486472198 108.82494301335602 0.0008737316181508814 0.9999995644052425 0.0003283022761627395 0.35092532334881243 -0.01157058790072583 -0.0003181708326038108 0.9999330078875047 0.7945381936520384
0.9999232303041145 0.0001364025857648037 0.012390112691967322 110.16346027794205 -0.00012087323583206547 0.9999992063029376 -0.00125410651688713 0.3626754618123151 -0.012390273921343002 0.0012525126064978182 0.9999224531554058 0.8019778811830064
0.9999326251682414 0.000723271660101028 0.011585421971366812 111.47233664506723 -0.000690074003617157 0.9999956457083761 -0.002869209326185006 0.3610421882785595 -0.01158744674285349 0.002861021215165999 0.9999287702809574 0.81523132163029
0.9999616544346218 0.0012429850226508665 0.008668601306294151 112.79832654904001 -0.0012352682319823514 0.9999988360976116 -0.0008954975248880403 0.3781880987334197 -0.008669704306899645 0.0008847551387197679 0.9999620259967752 0.8195344526691652
0.9999772438816078 0.0019636787138108676 0.006454121539941843 114.14689295189675 -0.0019785523441420913 0.99999540009191 0.002298940112858701 0.37843244711627294 -0.00644957747181201 -0.0023116576152075463 0.9999765293193161 0.8213519714041196
0.9999716639720407 0.003573002982061167 0.0066260774730085665 115.45136530508323 -0.0036055950419690676 0.9999814291600263 0.004913351144052531 0.39176737561313896 -0.0066083990028945475 -0.004937102871281521 0.9999659764601279 0.8272250539542766
0.9999511404251231 0.00472515885922815 0.008682720555845805 116.81964170544323 -0.004780527766366089 0.9999683017950712 0.006367256815630905 0.38551730511692806 -0.008652359029238929 -0.00640845370087458 0.9999420325220822 0.8307854897314804
0.9999249758914696 0.00601637491058681 0.010669855733757092 118.12752886182247 -0.00608905259598422 0.9999583942571604 0.006792142013005366 0.380735759237334 -0.010628547733687108 -0.006856601751360239 0.9999200072933315 0.8290080982171105
0.999904643719693 0.006874811729099646 0.011976661950775971 119.48673391372459 -0.006942790287864328 0.9999599728209662 0.005643617537639876 0.3737609566686608 -0.011937383750741522 -0.005726230835536895 0.9999123507336058 0.834526628454545
0.9999034394379157 0.008126008118669726 0.01127296732371895 120.82303380591361 -0.008186790641977668 0.9999521423475173 0.005356255557261987 0.3791145687971359 -0.011228902849822343 -0.005448027777607853 0.9999221123338176 0.8320683478228005
0.9998995127741012 0.009108815493291662 0.010862496693871418 122.17306623122617 -0.00919483800258931 0.9999265533463395 0.007895749933747757 0.3777616142584699 -0.010789777950511175 -0.007994835409144333 0.9999098275837472 0.8410664558884877
0.9998823027683434 0.0100768099443302 0.011568859581677797 123.52060589922306 -0.01018138517762995 0.9999075181790609 0.009016345426823528 0.38312458882468986 -0.011476933673218963 -0.009133071243394107 0.9998924277156636 0.8558971614445953
0.9998888593606893 0.011132372445547456 0.009916612834701638 124.85917057351456 -0.011235569989545943 0.9998826658148302 0.010412327791542662 0.3810678869900841 -0.009799535366014456 -0.010522589356338716 0.9998966167658775 0.8647028363233562
0.9998784932179468 0.012446354365837636 0.009385470857034086 126.19545412439322 -0.012559899962011765 0.9998474507651381 0.01213771442237088 0.3717950078034897 -0.00923296881574386 -0.012254120182810663 0.9998822874845782 0.8568207115483601
0.9998728791531694 0.012846094904455393 0.00944475408135855 127.53805031114939 -0.012946606550068638 0.999859374857439 0.010659075406844593 0.35638802856233803 -0.009306498417199336 -0.010779997931205949 0.9998985852234284 0.8749761700993536
0.9998538119515039 0.013904545918726289 0.009950795387342634 128.9143663333935 -0.014008584242849658 0.9998471300187098 0.010463085628068974 0.35372420547950023 -0.009803789754870897 -0.010600952605466708 0.999895747320839 0.87683861490516
0.9998286364427075 0.01452425925314247 0.01147796333256422 130.25578712075912 -0.014630569642938731 0.9998503371073417 0.009233082814431588 0.3249167518808275 -0.011342141818867505 -0.00939942974241191 0.9998914973833302 0.8860078188551254
0.9998167989889503 0.014993476633895872 0.011898072025240371 131.56583859350678 -0.015087371230607457 0.9998554309754493 0.007841452559853586 0.3222370832176744 -0.011778781296841682 -0.00801952662738983 0.999898468597604 0.8885711323826957
0.9998058988829118 0.015021534027766029 0.012748257699992242 132.94651573362003 -0.015099026233487585 0.9998679750273056 0.0060043252406625945 0.32236050252521 -0.012656380435701112 -0.006195646071869464 0.9999007100727646 0.8950466441247021
0.9997943585652527 0.014906320959507127 0.01374926094548242 134.2742560633646 -0.014982884717679553 0.9998727197335735 0.005482471898997658 0.3035607579292833 -0.013665787450108177 -0.0056873480673098435 0.999890444161424 0.9044692960931054
0.9998131529253491 0.013834682569711917 0.01350039983362264 135.60568419028996 -0.013883422176408079 0.9998974135181806 0.003523212784395613 0.269397446438573 -0.01345027234460289 -0.0037099862328339684 0.9999026583503057 0.911783929699697
0.9998298888141641 0.01274378338081247 0.01333376987197919 136.94605343158162 -0.012775191502004317 0.9999158104064769 0.0022730114926185177 0.2607309015131662 -0.013303680541229513 -0.0024429662914962798 0.9999085178153827 0.908381650647865
0.9998189741285636 0.012205943524754147 0.014595681387901934 138.2793704666671 -0.012205342361038719 0.9999255035492173 -0.00013026777790876485 0.24943760400034523 -0.014596184102582031 -4.7901092261235037e-05 0.999893468883125 0.9072592772636431
0.999836223108903 0.01087982266604658 0.0144622411153825 139.63471445327028 -0.010861585317643033 0.9999401147523342 -0.0013389822538460807 0.22705651860925458 -0.014475942929966333 0.00118168009373626 0.999894519791185 0.9055221907599882
0.9998381075104161 0.010072658484408279 0.014909739134070277 140.96890982769088 -0.010030302611771978 0.9999454525950343 -0.0029128789930822742 0.23151017468598795 -0.014938266281795523 0.0027628582244729237 0.9998846007489692 0.911757552727084
0.9998594965200239 0.008616953928180952 0.014378293491368922 142.33868562773853 -0.00858001217448302 0.999959735104468 -0.002628984763710263 0.2360621202362934 -0.014400368391470344 0.0025052494489979224 0.9998931708514607 0.9109497801037945
0.9998778608243322 0.007389556994526334 0.013771633192259164 143.68717283100835 -0.00734740885138655 0.9999681756147208 -0.003108591471592068 0.22996905648871638 -0.013794166032350562 0.0030070259711773854 0.9999003344225266 0.9115512996693155
0.9999022867229811 0.006424902608842475 0.012415217783842247 145.01697346350102 -0.006372248304362226 0.9999705546000123 -0.004276024379204864 0.22379553853114215 -0.012442325252978094 0.0041964937043787835 0.9999137852749547 0.9174974814311809
0.9999278345060937 0.005536804724383889 0.010661593379899935 146.35228817875776 -0.005435239050420523 0.9999397992991949 -0.009531838959540547 0.22021299728816127 -0.010713727475490016 0.00947320278099606 0.9998977320069543 0.9124942846857532
0.9998957320161037 0.004733117337105226 0.013642679218292007 147.70494227388946 -0.004485191901405532 0.9998252795340213 -0.018146444784689755 0.2075253940255816 -0.013726184815439026 0.01808336265713381 0.9997422587074246 0.9152661699256031
0.9998803065111286 0.0031374883828815424 0.015150208508757708 149.04985835409772 -0.0027538478972662156 0.9996766860418563 -0.025277256697087806 0.1829718044858135 -0.015224617334116267 0.02523250980419964 0.9995656714173464 0.9129472545898418
0.9999149964695735 0.0018388633292910116 0.01290807564700972 150.3968720696367 -0.001480257662010827 0.9996141793273348 -0.027736281744187737 0.1794352850357727 -0.012954098675971049 0.02771481678444028 0.9995319305845602 0.9303286325488171
0.9999603523688796 0.00244270064652869 0.008563112977043423 151.74294348114293 -0.0021947214965626293 0.9995813503951115 -0.028849733791452902 0.18076693859446336 -0.008629999296563532 0.028829796319721403 0.9995470804100749 0.91123045120349
0.9999721358201704 0.0032478936095705828 0.006721515479971202 153.0857973121154 -0.0030746236013381766 0.9996667658291359 -0.02563013824436517 0.18524417726979003 -0.0068025196035495705 0.025608757951452597 0.99964889698495 0.9121847297954739
0.9999715357331211 0.004030323451149041 0.00637841801879049 154.41707924552324 -0.003867921333490025 0.9996731313630332 -0.025271913567946547 0.18800421596173647 -0.0064781870998949906 0.025246523002325414 0.999660265374288 0.9199481090254891
0.9999370021092123 0.0045144191377334015 0.010276761780347499 155.76642686707797 -0.004223711178645677 0.9995951821577332 -0.02813595690442026 0.1799641894981463 -0.010399619066125847 0.028090778324868056 0.999551277372193 0.929440081763264
0.9998914951326985 0.004944566251919455 0.013876210789593193 157.1115226025586 -0.004476924075627887 0.9994276156760913 -0.033532046982317924 0.16188845213982872 -0.014034069691928521 0.033466285849847344 0.9993413093629715 0.9472785762365384
0.9998779959004783 0.0056691414506522065 0.014555210381703362 158.45250654862522 -0.0051069398169810674 0.9992503097328537 -0.03837626433750129 0.16250208038881592 -0.014761858953020847 0.03829724969248493 0.9991573490628204 0.9283073763636085
0.999873934611742 0.005352014052709075 0.014948940752222525 159.80950600609802 -0.004750409003722643 0.9991886447890092 -0.03999357122089216 0.14084801936903582 -0.015150858006436653 0.0399175158330629 0.9990881059403048 0.9365514118735588
0.9998633915460956 0.0059191307894747944 0.015432502604445229 161.15246490092034 -0.005325446653919637 0.9992547366315255 -0.03823102061673067 0.12799544481066283 -0.015647295736815784 0.038143612966756585 0.9991497520021546 0.93576703919132
0.9998693956891361 0.0071338507634555095 0.014501714985696808 162.51562075341138 -0.006633329608290419 0.9993904430658895 -0.03427449849192148 0.12631505445835836 -0.014737384522004432 0.03417382743928014 0.9993072395492795 0.9327939620670163
0.9998925420489257 0.007623679276437628 0.01252133655914385 163.8577502795284 -0.007243726286266811 0.9995202080018911 -0.030114485307667756 0.13141879574765977 -0.012744912099617799 0.030020548132006275 0.9994680254542547 0.9264936320795812
0.9998889179219602 0.008669708852932848 0.01212385933838027 165.21849985919343 -0.008325265469911303 0.9995682543657026 -0.028177913676449208 0.12357004287330431 -0.01236291922269798 0.028073849267731325 0.9995293978746126 0.9294368772311022
0.9998609405335936 0.009352332837137168 0.013807007850398643 166.57234960931507 -0.008995470403849666 0.9996295826334369 -0.02568616429742538 0.11970410443556173 -0.014042119052729491 0.02555839186264017 0.9995747033103153 0.9409944321983053
0.9998718901708037 0.008775439918731066 0.013386369952191012 167.90002075014883 -0.008466042393005677 0.9996996863210206 -0.02299702797869278 0.10668519186032037 -0.013584158879518889 0.0228807522578627 0.9996459082113277 0.9402033907705252
0.999906971811382 0.0075576017234993695 0.011354751392308463 169.2844775640084 -0.0073084238149478745 0.9997350205066349 -0.021828323663061252 0.1164454545485148 -0.011516712392574298 0.02174330767816195 0.9996972511249991 0.9419373573581148
0.999929188704939 0.008104095077600862 0.008714425905116615 170.63547503734276 -0.007938790120175558 0.9997910069384657 -0.018839268998466628 0.09884731638090993 -0.008865279877723262 0.018768752967152302 0.999784547152409 0.9436540238033075
0.9999396238979755 0.008669774816799293 0.006751560071656499 172.0059100581537 -0.008565063608484405 0.9998449332123331 -0.01538665704458957 0.11592045018849505 -0.006883911980684356 0.015327900516743789 0.999858823645414 0.9087958034935351
0.9999386299419237 0.007356654133934199 0.008283476916260342 173.3788379847829 -0.007270860812329644 0.9999201055168421 -0.010340075736426148 0.08304703180285583 -0.008358883473064939 0.010279213157677415 0.9999122295701472 0.9284437954210474
0.9999106599552886 0.008975443606362847 0.009905226895333382 174.73688668528558 -0.00890091341742447 0.9999319366080931 -0.007542936531877455 0.114659855175606 -0.009972253913461519 0.007454097078615137 0.9999224922905914 0.9315647704639414
0.9998703637795626 0.009961796672530478 0.01264983171351628 176.1324591552368 -0.009864708472782412 0.9999215847026218 -0.007714400336047496 0.11082234672760176 -0.012725689060798883 0.007588613368261394 0.9998902288676867 0.9286280926297759
0.9998559713133182 0.009042423660344297 0.01436214480667981 177.52332262933717 -0.008923150743201862 0.9999253483902718 -0.008347156845765627 0.08070012357866158 -0.014436551178009596 0.008217799032621907 0.9998620173649684 0.9359663698294685
0.9998715027845902 0.008078159878276753 0.013846344364714052 178.91331997935907 -0.007921760535193183 0.9999046237819056 -0.011313224544258245 0.09764969106006528 -0.013936413789361477 0.011202083402061915 0.999840132070195 0.9211330283491442
0.9999374481901758 0.005241963960748501 0.009880360355447934 180.2574072319886 -0.005110868085271788 0.9998991902533249 -0.013247201899279507 0.073937498537573 -0.009948805673760224 0.013195876044413959 0.999863435735644 0.9165607694434661
0.9999778011486442 0.0038914228979298545 0.005408700190611483 181.66227291949824 -0.003832488688673529 0.9999336387025901 -0.010864171457084962 0.08928665585486754 -0.00545061834782467 0.01084320150265674 0.9999263551586182 0.925607415773992
0.9999795152602775 0.003548957123681612 0.005326721614165158 183.06871192984522 -0.0035111696877119735 0.9999687253733948 -0.007086604443068443 0.10009346359077696 -0.005351705078256585 0.007067756252354372 0.9999607022650003 0.9249529523467376
0.999976571316149 0.0032333256711441155 0.006033442127250324 184.4034275633924 -0.003219573542488801 0.999992200495386 -0.002287639525892858 0.1035570144532892 -0.006040791752996007 0.002268160818866609 0.9999791819240522 0.9238635908182813
0.9999446024596109 0.0035628477915984544 0.009904449883984983 185.84839012088446 -0.003544916587294628 0.9999920470825349 -0.0018273855833715012 0.09466099321053448 -0.009910881811402634 0.0017921739020230734 0.9999492799809524 0.9302469073966564
0.9999196453094856 0.004336359590132141 0.01191213287608747 187.21939522450586 -0.004340171904211988 0.9999905381313129 0.0002942034823806498 0.11938157008470404 -0.011910744392958144 -0.0003458805461789096 0.9999290047471637 0.9406636781882327
0.9999061274256491 0.004489921996748995 0.012945151103969394 188.6594943520963 -0.0044667757564653635 0.9999883742664131 -0.0018163827673489776 0.11279936293606124 -0.012953156024033054 0.0017583891717076086 0.9999145582581233 0.9279149106116574
0.9999007083202365 0.0046357323806929 0.01330727192117667 190.07200851283935 -0.004602961064153643 0.9999863006638026 -0.0024922347732311 0.10123017099367947 -0.013318642953823307 0.0024307344605308196 0.9999083484399213 0.9385448255780607
0.9998835415452595 0.005196910266665673 0.014349058177790565 191.45574800806193 -0.005115819415014541 0.9999707698693334 -0.0056822353563928465 0.1272173359381997 -0.014378168820206335 0.005608166421630655 0.9998809012731291 0.9430315015432389
0.9998833810731362 0.005596187448853806 0.014209396179664303 192.91050169902525 -0.0054865614035287 0.9999549759253105 -0.007742335963855317 0.10671084476281029 -0.014252083978095152 0.007663472336297 0.9998690660751698 0.933842812640103
0.9998684126520401 0.005564664321743054 0.01523784406259645 194.2788573243045 -0.005407982169676588 0.9999322841623455 -0.010304407732954496 0.08426604103052175 -0.015294152789289963 0.010220645814273784 0.9998307993303652 0.9445044522473579
0.9998427304340041 0.006086143685749407 0.01665752842745973 195.72043608898187 -0.0058327175554796894 0.9998671499969948 -0.015220438982013198 0.08250188006931482 -0.016747949253362794 0.015120886611690485 0.9997454000813822 0.933356430919345
0.9998353125918095 0.0058690008853541755 0.017172726139035078 197.1160996588703 -0.005551685430303885 0.9998140466789487 -0.01846756216580715 0.06591938299446781 -0.017277918952279477 0.018369183217353785 0.9996819727416343 0.944891334932778
0.9998828279894744 0.006539558298730585 0.013840681667768825 198.55896030186483 -0.006307413306790786 0.9998398080861353 -0.016750364284322177 0.07880228776658582 -0.013948004486245573 0.01666110271073561 0.9997639025426522 0.9449315229391432
0.9999462146086828 0.006641450128781639 0.007966117621076874 199.9841912828934 -0.006568270021350436 0.9999363120667765 -0.009177670686010385 0.07563816583149367 -0.008026563317669292 0.009124853449844088 0.999926152938719 0.9557871746284828
0.9999474303439586 0.007074841095133274 0.007421803823378411 201.4166646569353 -0.007078702043334335 0.99997482361575 0.0004940769487589698 0.1007098888375659 -0.007418121453292288 -0.0005465877131934909 0.9999723359753389 0.9613849880250361
0.9998924256913545 0.009256315541060463 0.01137794654863472 202.85397177872397 -0.009352745769098593 0.9999205468516336 0.00845139813929188 0.0839611200889758 -0.011298813727019068 -0.008556904027423732 0.9998995530561194 0.9733130939842579
0.9998488986270754 0.009446569253984436 0.014592540681931354 204.2904324632214 -0.009595535059065593 0.9999022203077279 0.010172292298507479 0.09662458048643958 -0.014495020564124383 -0.010310778486889698 0.9998417785959136 0.9666949653090371
0.9998592168517635 0.008876393905639521 0.014239245338497448 205.72604352756582 -0.008974602008511329 0.9999362787285692 0.006847992497793155 0.08325601469252512 -0.01417755251680699 -0.006974819975664781 0.9998751666537878 0.9481516505894965
0.9998599417666546 0.007860147347703723 0.01477548422403013 207.1559078443775 -0.007934378086769283 0.9999561613566392 0.004972022653910299 0.07663892374146627 -0.014735755656170895 -0.005088560559449788 0.9998784746441312 0.962088103615979
0.9998729254771409 0.006675293270198549 0.01447664869852848 208.60147918114114 -0.006703550856252013 0.9999757177361815 0.0019042961760893764 0.05779748901560136 -0.014463585437276862 -0.0020010991393400977 0.9998933944668967 0.9534135353394121
0.9998872622821976 0.006107161088334113 0.01371733608442322 210.08205897957063 -0.006148602163823116 0.9999766540894813 0.0029809339873288526 0.05715651292332552 -0.013698810796668131 -0.003064940365964775 0.9999014695075261 0.9413969154036369
0.9998898454439161 0.005908509658820996 0.01361567081539351 211.541475631823 -0.005963099412138873 0.9999743310936052 0.003972228505221107 0.05566620460172795 -0.013591851365523705 -0.0040529825447886 0.9998994123955415 0.9396649092003936
0.9998746204565615 0.006277221549346022 0.014537532681561712 213.0063004438384 -0.006344071504298193 0.9999694932589526 0.004556896771055651 0.05764270882895782 -0.01450848453820731 -0.004648552576246899 0.9998839406827927 0.9380037613995793
0.9998759272887336 0.005821690600543678 0.014636869441459938 214.47259697136602 -0.005886029012594101 0.9999731878164593 0.0043564102941658946 0.04825692181213982 -0.014611115322168355 -0.0044420228207152955 0.9998833850716305 0.9504924512508948
0.9999025555705797 0.005099563996698948 0.012995145650100027 215.9005361992104 -0.00515178475046936 0.999978776544497 0.003988179340958371 0.04328082804839755 -0.01297453187242504 -0.004054738908288379 0.9999076060392166 0.94604141205767
0.999900205319426 0.004985793979558533 0.013218216996369537 217.38174837216323 -0.005038978707880047 0.9999793307258883 0.003993346289281564 0.05915057689374828 -0.013198033783531777 -0.0040595540885650485 0.9999046614177027 0.9442698812208377
0.9998985770506181 0.00449106726296419 0.01351539592422975 218.8841531613469 -0.004538187782942649 0.9999837241532286 0.003457785459876559 0.04061887084005793 -0.013499646802635426 -0.0035187701657418604 0.9999026841611762 0.9433144043351205
0.9999047924657212 0.0044950873763954045 0.01304607962422027 220.37158246898048 -0.004539708193110969 0.9999839403562562 0.003392650747880237 0.04167480493507078 -0.013030619847279934 -0.003451553136525913 0.9999091407359678 0.9375624178876977
0.9999113709891183 0.0042169588682157205 0.012628041200661447 221.82111100218776 -0.004253999915565921 0.9999867239610172 0.002907814717439664 0.0344088812250171 -0.012615611415234354 -0.0029612766868988066 0.999916035069447 0.9340239540854015
0.9999040240502812 0.003753642791524456 0.013336148388801634 223.30790738257835 -0.0038108903945898017 0.9999836226229076 0.004269847815410713 0.040163382339068375 -0.013319902494197287 -0.004320260612507183 0.9999019529662821 0.9362303545031154
0.9999070237792288 0.0032338584381337884 0.013247111253660427 224.808673494996 -0.0033026759631050832 0.9999811487929463 0.0051763298023080944 0.03338205793029671 -0.013230122011813563 -0.005219599442643654 0.9998988547114208 0.9415221552745269
