1.0 -2.1684043449710093e-19 -2.5135375298442207e-37 0.0 2.1684043449710093e-19 1.0 2.3183291766350204e-18 -8.673617379884035e-19 -2.51353752984422e-37 -2.3183291766350204e-18 1.0 0.0
0.9999995143627741 -0.00037225909652733365 0.0009125225372576573 1.319952510875006 0.00037243003319044625 0.9999999131334133 -0.00018716045591025786 0.006244847736237923 -0.0009124527858077164 0.00018750021581701113 0.9999995661366973 0.017301936975066722
0.9999990212581866 -0.0002716082646939646 0.0013724837410028327 2.614177353425135 0.0002725430451355864 0.99999973101666 -0.0006809455897546029 -0.02371839793718574 -0.0013722984213775876 0.0006813189841828535 0.9999988263000533 0.02574654665172305
0.9999987128727114 -0.0006427191786778193 0.0014700901257895822 3.9321501604787428 0.0006447131282547129 0.999998872432788 -0.0013562736210030017 -0.027243103626554306 -0.0014692167650964042 0.0013572196617100273 0.9999979996764429 0.0508760533505213
0.9999983967150843 0.0014189702703380524 0.00109228688207513 5.172278524576717 -0.0014159984442320404 0.9999953071799978 -0.002716719784507228 -0.09463908448031814 -0.0010961367007764568 0.002715168752305704 0.9999957131623013 0.06471647067863372
0.9999982462952488 0.0010718041225932001 0.0015357872085036677 6.5060153416439075 -0.0010676313460964266 0.9999957437093945 -0.0027152764875433785 -0.11379377642072416 -0.0015386909162803295 0.0027136320711853685 0.9999951343037857 0.07519226941519261
0.9999959522746985 0.0011749649854248985 0.0025913107691166305 7.851561206178595 -0.0011653555726225712 0.9999924510629132 -0.0037067187074919274 -0.10289375464777503 -0.002595646472166785 0.0037036839052676422 0.999989772620161 0.10219429584688637
0.9999944151284399 0.0013018671100319663 0.0030781250717460454 9.163132127707215 -0.0012898744129707655 0.999991583012154 -0.0038948849592011065 -0.085434221274004 -0.0030831697858304695 0.0038908928119988986 0.9999876774326758 0.10882913201294318
0.9999966273368099 0.000725371274310843 0.002493822672063695 10.494690420540879 -0.0007163685548459511 0.9999932309165431 -0.0036090077842649837 -0.09465626252937775 -0.0024964236617453714 0.003607209116153649 0.9999903779093544 0.12481617903338893
0.9999997234208295 0.0007165509881509281 -0.00019928107200729137 11.832081887844094 -0.0007166190819757303 0.9999996848025132 -0.00034183616775816 -0.07035678416096443 0.00019903606615060546 0.00034197888183227327 0.9999999217175413 0.13630835877261685
0.9999994807059476 0.0006572389366343019 -0.0007788612298726954 13.169256179742561 -0.0006555430829995132 0.9999974184913619 0.002175608852295361 -0.07052548261714835 0.0007802891140843174 -0.0021750971454227636 0.9999973300470889 0.15335973748268614
0.9999993526662191 0.0006681313192731699 -0.0009210144857314926 14.517223944260802 -0.0006633937107368693 0.9999865975695571 0.005134646048667136 -0.05765308756738958 0.0009244327597374075 -0.005134031729619964 0.9999863934785673 0.1663271349121778
0.999999217563368 0.0012470920056755978 -9.815386529680129e-05 15.872039169533668 -0.0012465073768847558 0.9999827116666664 0.005746528268433309 -0.03530130303819024 0.00010531861784401207 -0.005746401422621923 0.9999834837529462 0.18996554029287932
0.9999963912583892 0.0014744519537529784 0.0022457652669928005 17.205162687221456 -0.0014852485407877123 0.9999873121675635 0.00481347490529252 -0.04628636864718396 -0.002238639535620952 -0.0048167930542910905 0.9999858933993527 0.2174568160530962
0.9999887453765395 0.0014157654927649678 0.004528214694995659 18.580901236727573 -0.0014155674076736485 0.9999989969818334 -4.69493487581019e-05 -0.04306021093500341 -0.004528276622381938 4.053882722367519e-05 0.99998974648115 0.23021852636039075
0.9999943508246727 0.0010686435959576823 0.0031868981167239197 19.915892342915413 -0.001060716601255641 0.999996342302446 -0.002488023717927472 -0.05022848755141243 -0.003189545270627227 0.0024846292669063515 0.9999918266757848 0.25498044061046693
0.9999992741205247 0.0011129109583476527 0.00046172245191910616 21.278693128920814 -0.0011114939038412328 0.9999947064436194 -0.0030580493849892347 -0.04807173995382382 -0.0004651233444369976 0.003057533963523377 0.9999952175617323 0.2503421864874806
0.9999982959263146 0.001597311048035444 -0.0009256035234710622 22.622549403787286 -0.0015984330555593401 0.999997987157771 -0.001212720979182318 -0.03822003139568081 0.0009236645677589705 0.001214198427884668 0.9999988362822948 0.3002445702473025
0.9999975768968412 0.002169141996693498 0.000375530883002079 23.993765176495963 -0.002169740534426602 0.9999963647589635 0.0016008419258527703 -0.03423759844596274 -0.00037205706440536767 -0.0016016528514264216 0.9999986481399284 0.28181740368525676
0.999981751943368 0.003053041146852483 0.0052129377540876265 25.3845693260696 -0.003062502449754818 0.9999936761797685 0.001807948897946838 -0.01643000893815853 -0.005207385046029554 -0.0018238805410352732 0.9999847781845252 0.29984536018264485
0.9999779608655874 0.003249314670133437 0.005789623241287905 26.74210766744295 -0.0032507373123485898 0.99999468841358 0.00023632933219297687 -0.035726525206924785 -0.005788824580837642 -0.0002551446679939542 0.9999832120646679 0.3146583592600715
0.9999816893044474 0.0031826664622734042 0.005147007869992512 28.12387019204704 -0.003163355900024859 0.9999879442416835 -0.003755602580361326 -0.029494882354004978 -0.005158898649287721 0.003739251994952845 0.9999797016736113 0.3502106754475402
0.9999922830846134 0.003140074893372141 0.002360868671998806 29.477802928386517 -0.0031311067562482323 0.9999879053161417 -0.003792807919766776 -0.03378589355330885 -0.0023727498189628294 0.0037853865191394714 0.9999900204038026 0.3395800615566408
0.9999915795524147 0.0040734534918466445 0.0004977960590736807 30.85639547717903 -0.0040711862768609336 0.9999817056931394 -0.004473669784262944 -0.01703210277268923 -0.0005160102380438968 0.0044716054934766354 0.9999898691875558 0.37603077930463075
0.9999902209961972 0.0043675633709745814 -0.000694479788911897 32.25042589063135 -0.004368895260627934 0.9999885976937988 -0.001928013638800426 -0.021961376882178616 0.0006860511484931292 0.0019310288942060996 0.9999979002284112 0.3718095664298056
0.9999842942883843 0.0048643547961231505 -0.002783743698573248 33.63415330616828 -0.004866115440227148 0.9999879644183309 -0.000626050321555881 -0.022086552349755827 0.002780664863714344 0.000639586507183336 0.9999959294077229 0.40937270945830495
0.9999841879720104 0.005102534412033101 -0.0023638842046631433 35.02646105709094 -0.005102456399829597 0.9999869816228805 3.903138296273372e-05 -0.01039288202883345 0.002364052589701816 -2.6969149708874287e-05 0.9999972052601037 0.4102665099507928
0.9999893982825094 0.004537582421384959 -0.0007833698702463494 36.411241132145655 -0.00453749116556488 0.9999896985448106 0.00011822935891162402 -0.014382922503006284 0.0007838982758574233 -0.00011467357161174926 0.9999996861766832 0.445557875555648
0.9999903696632695 0.004379317694246963 0.00028663086107789834 37.81199123049603 -0.004379882363480969 0.9999884083075502 0.0019999702533856343 -0.012144991597464449 -0.0002778690334224908 -0.0020012064024519075 0.9999979589787846 0.46749238992402037
0.9999927644546877 0.003757865459044228 0.0005911729554757199 39.208534749309095 -0.0037600864110770354 0.9999857042797866 0.0038017083318636234 -0.027768495203911902 -0.0005768781958068796 -0.003803903685827204 0.9999925987367587 0.477902708408103
0.9999896867075708 0.004500149551674148 0.0006124806177180333 40.607118531576994 -0.0045039350112832085 0.9999698461028077 0.006326251223383485 -0.008929415021711202 -0.0005839930724337671 -0.00632894455180251 0.9999798015024862 0.4999851022088211
0.9999894345101532 0.004504972594979669 0.0009143795614806694 42.0317751046134 -0.004512973185767168 0.9999498098494625 0.008944878705066377 -0.0027428711572241894 -0.000874037235201089 -0.00894891076848381 0.9999595757104229 0.5325318478310466
0.9999908174494224 0.004176440750982994 0.0009603954859145986 43.422050732224115 -0.004185873395100625 0.9999408483942905 0.010038833419607424 0.002545081381692934 -0.0009184120839935122 -0.010042761331425074 0.9999491484391013 0.5386837565678584
0.999992395194292 0.0038335605420770145 0.0007164964431341194 44.85209998062972 -0.0038397125286959515 0.999953980455647 0.008791676666284304 0.004462544779747707 -0.0006827600455277091 -0.008794360947660878 0.9999610957703516 0.554745852987065
0.9999958555217167 0.002878903639518829 2.9210004670677216e-05 46.244484456964926 -0.0028790466707276 0.9999617890599233 0.00825418138554045 -0.011364399729496957 -5.445895696858132e-06 -0.008254231273231648 0.999965933237943 0.5750737193117247
0.9999980346013476 0.0019276008026420188 0.0004638411234882909 47.67198138718309 -0.0019310241587814588 0.9999700341349453 0.007496797840046238 -0.012014646331095665 -0.00044937639055405955 -0.007497678794265158 0.9999717910389061 0.594784179447496
0.9999986758151294 0.0010100278196865852 0.0012760140247057175 49.07640899571742 -0.0010203067997237288 0.9999668297939956 0.008080735472749104 -0.0033198923134233676 -0.0012678099314266489 -0.008082026698147398 0.9999665361913008 0.6187560892589887
0.9999988535884247 0.00014762556570672674 0.0015069932079004793 50.497368811912004 -0.0001610833567101227 0.999960077917587 0.008934014954406318 0.008456798131707854 -0.001505614156581761 -0.008934247463872627 0.9999589553318005 0.6430445017687085
0.9999985581855644 -0.0009018201085559957 0.0014388701415257226 51.94399572255225 0.000888998137556342 0.9999601143883787 0.008887030701631316 0.014246279056132303 -0.0014468272543021702 -0.00888573873530616 0.9999594743478478 0.65524388509434
0.9999948323859569 -0.001968103322828183 0.002542001316390918 53.33941823789636 0.0019440068649405476 0.9999534839462653 0.009447263150511247 0.030976381809924607 -0.0025604762625192454 -0.00944227266269177 0.9999521425789698 0.6805957121169867
0.9999902906879173 -0.0029091349377477656 0.0033099038971804253 54.80767590442028 0.0028841179206595667 0.9999674291979125 0.007538063885215829 0.026386451386804267 -0.0033317253359671176 -0.007528444542655549 0.9999661104902775 0.6973019669881398
0.9999872011436962 -0.0031356121167310305 0.003970577470627071 56.20834177041436 0.003116589770197141 0.9999836809012671 0.004787984895252966 0.04031726686948409 -0.003985525937833581 -0.004775548953395574 0.9999806546704754 0.6890032938027377
0.9999866339799863 -0.0038165773616294797 0.0034879218195855454 57.641678825220616 0.003801903925856405 0.999983936163855 0.004203919692617261 0.043423175422619434 -0.0035039103749099 -0.00419060275928355 0.9999850806190053 0.7323458761347718
0.9999853982188099 -0.003814489146675193 0.0038279265559910763 59.09209011081547 0.0038047114181323036 0.9999894894423594 0.0025583541259787796 0.05163508376837169 -0.0038376451363952638 -0.0025437526135762742 0.999989400845053 0.7448299710347424
0.9999862506141457 -0.003392974725442689 0.003998287780484941 60.480601434846456 0.003386606888125578 0.9999929880823155 0.001598336631411005 0.06091614191097786 -0.004003682860613272 -0.0015847740263258362 0.9999907294644472 0.763265267129567
0.9999838807469067 -0.0027914947065119937 0.004944269780237595 61.93851563441757 0.002791483072675603 0.9999961037607191 9.253970606484224e-06 0.07285767922005687 -0.004944276348589426 4.5480239588848735e-06 0.999987776980651 0.7781936477012577
0.9999844681575734 -0.0025458084368889617 0.004958054358099382 63.349502438139496 0.0025514660279419305 0.9999961007766591 -0.0011351002538224904 0.07395715979231422 -0.004955145277735207 0.0011477329308835892 0.9999870645385349 0.8072804151924478
0.9999929891202987 -0.002037196827235058 0.003141900593167576 64.76746722990045 0.0020474533902440635 0.9999925748355672 -0.003264691156468199 0.08156751945290648 -0.0031352264455731813 0.0032711011631325303 0.9999897350734734 0.8116828410064725
0.9999948230490076 -0.0011942798527607298 0.002987904084322415 66.25345533874832 0.0012042292488072058 0.9999937294097152 -0.003330311271544634 0.0864854785125733 -0.0029839080247450645 0.0033338921521773634 0.9999899906779155 0.830542140399283
0.9999953558909829 -0.00035017725983697964 0.003027469628782244 67.58552372871529 0.00035469891328725206 0.9999988223687147 -0.0014931342420653154 0.10966243611095329 -0.0030269432018818383 0.001494201147974457 0.9999943024726601 0.852980214479624
0.999989419969961 0.00022370738977556343 0.004594551462840864 69.06494382594437 -0.00023362948309131617 0.999997641824547 0.0021591115324987825 0.1292100284320976 -0.004594057618877216 -0.0021601621117172108 0.9999871140840993 0.877210745465033
0.9999842336246856 0.0009281711026537908 0.0055381405231757575 70.41029284737033 -0.0009574604908266193 0.9999855581392141 0.0052883629237412254 0.14047588372176606 -0.005533152036475145 -0.005293582096170158 0.9999706806787548 0.8944178211817394
0.9999777555593171 0.0019751283296922622 0.0063708127136062 71.86447650170297 -0.002032084108673847 0.9999579184085783 0.008946063165350954 0.1504505429509849 -0.00635287499687146 -0.008958810192454184 0.9999396885308682 0.9128272400031587
0.9999801184198989 0.002223674245679983 0.005900681127985112 73.2348207200852 -0.0022959836077331795 0.9999220103173775 0.01227606378801216 0.15386077835517267 -0.005872922968852956 -0.012289367587610945 0.9999072358074516 0.9205926289218108
0.999982652091913 0.0028064320747505094 0.005178750257901582 74.6329489878224 -0.0028890465705332102 0.9998675830494534 0.01601467379490824 0.16592168519603093 -0.005133120409380093 -0.016029357624491442 0.9998583453514847 0.9379013015806795
0.9999782312051047 0.0035783941749877326 0.005543664044544341 76.06886397937019 -0.00368043269061191 0.9998219604993578 0.018506801950380083 0.17111678444878745 -0.0054764524210692295 -0.018526802161979567 0.9998133656190693 0.9526890349118353
0.9999759045149362 0.0038883454559314043 0.0057507529203216 77.42026261371268 -0.003990792169073561 0.9998316095069477 0.017911622165776284 0.1756482211038894 -0.00568013797354527 -0.01793414063627262 0.9998230356579307 0.964322656024775
0.9999762204106378 0.003971104316239694 0.005638168476119861 78.85100692578646 -0.004063766961422816 0.9998552826333125 0.01651967276740596 0.17690781048484044 -0.005571751191395543 -0.016542192139147347 0.9998476441277905 0.9908671613601715
0.9999814003826399 0.0039088224789955665 0.004681879494620182 80.21944864524787 -0.003982094713024025 0.9998681187386953 0.015744460982806883 0.1846301242893435 -0.004619719739437889 -0.015762811829439605 0.9998650868756038 0.9970934257804365
0.9999823562466278 0.003434947523355024 0.004846476137770747 81.5862448666077 -0.003510332316020789 0.9998716390427205 0.01563275423765518 0.17392455775132504 -0.004792156349002418 -0.015649491159000124 0.9998660553614125 1.020282450752977
0.9999856479696678 0.0030182424995809564 0.004426518597862112 83.01183874237911 -0.003083732597272683 0.9998847766654982 0.014863511895074148 0.17752889725653223 -0.004381146876334293 -0.01487694877319325 0.9998797337416374 1.0303121402197413
0.9999898888146141 0.0027235438993501995 0.0035783483849461386 84.35692815379147 -0.0027782863342441667 0.9998778087202101 0.015383392145938347 0.1876080702394102 -0.003536013798147066 -0.015393178278025556 0.9998752655551193 1.0500227271077403
0.9999909368476043 0.0018225527200849522 0.003847664776616452 85.77216802190608 -0.001880990811010308 0.99988210508224 0.0152393507039331 0.1863686938819685 -0.003819436636416262 -0.015246450009463921 0.9998764712032628 1.0622472955858087
0.9999873123918553 0.0006536227163422423 0.004994780541587262 87.1372152122278 -0.0007251462122422706 0.9998970390030026 0.014331278937998548 0.1953935163960399 -0.004984899024534804 -0.014334719054537886 0.9998848266732238 1.0935026567588795
0.9999803523564331 -0.00029349973152285435 0.006261689788823088 88.50074441490185 0.0002078811707605833 0.9999065441242873 0.01366966725432041 0.19817163897360965 -0.0062651166407895805 -0.013668096990166278 0.9998869593299758 1.1131687361929616
0.9999764714614008 -0.001322330256280473 0.006731119245677777 89.89577631451601 0.0012479398606514353 0.9999382350985073 0.01104394106224355 0.2024072837192014 -0.006745307236175817 -0.011035281182436501 0.9999163582017818 1.1174001700063565
0.9999749418195231 -0.002286800059859956 0.006699722272427231 91.2687691549819 0.0022194028726157367 0.9999470352635801 0.010049921316386627 0.205656021858447 -0.006722349584070886 -0.010034800100787349 0.999927053740925 1.143661955596492
0.9999779712785528 -0.0027297657195080767 0.006050234437328342 92.6440996310884 0.002679837991703434 0.9999624185295714 0.008244998291611507 0.2163052059946748 -0.0060725139743155925 -0.008228603016736943 0.9999477059658793 1.1462467982920412
0.9999781625942764 -0.002836967976905028 0.005968747546440775 93.97070896130249 0.002798455773064764 0.9999752776266112 0.00645079691730677 0.22229301450300917 -0.005986900689115184 -0.006433952772607942 0.9999613798901729 1.1759334651932412
0.999982226161841 -0.0030945093282806276 0.005096211575864277 95.36665839528277 0.003058621312029991 0.999970577087848 0.007034898312405106 0.23699005053194383 -0.005117831188930015 -0.007019185893924483 0.9999622687048287 1.1799984667615184
0.999985912933631 -0.0029156553298517757 0.004435412978510019 96.69879556042802 0.002888834289309859 0.9999775774620069 0.006041457577840322 0.24419309380868698 -0.004452928333280897 -0.006028559298326888 0.9999719135565984 1.1900155264944952
0.999987798780059 -0.0026309977059322267 0.0041809259839957254 98.03765705495165 0.0025948204945285287 0.9999593517785619 0.008634911533976084 0.2500882570020957 -0.00420347446922733 -0.008623957425091908 0.9999539780213471 1.2237374198806645
0.9999896225816413 -0.0023943152109743384 0.003875820390235237 99.42200680604215 0.0023570075326831484 0.9999511231397373 0.0096018668533247 0.27389416707489217 -0.003898620848164285 -0.009592631872880225 0.999946389647582 1.2258266763669303
0.9999828741569963 -0.002292562599921303 0.005384751567026532 100.76222170208668 0.0022447366750264763 0.999958131967062 0.008871046736635258 0.2727634385241721 -0.005404863548041125 -0.008858807463153156 0.9999461530404313 1.2457178292927293
0.9999740393787327 -0.0023966437602410103 0.006795341585767899 102.10022819298962 0.0023327645786914084 0.9999531653701232 0.009392831079685159 0.292335066941043 -0.006817534598457968 -0.009376735303803483 0.9999327967703836 1.256157807522493
0.999980874698112 -0.0020709991848434565 0.005827623904745211 103.44976106462909 0.002017298996124026 0.9999555926863958 0.009205604812241246 0.2983846042227072 -0.005846429915685048 -0.00919367269241732 0.9999406460583876 1.2780688188138711
0.9999930652331986 -0.0019221292040818387 0.0031898126645068412 104.76791861422718 0.0018944282828621518 0.9999606671370943 0.008664601561437588 0.30825381284791764 -0.0032063416837455855 -0.008658498603117659 0.9999573739789847 1.295369690888172
0.9999958863520639 -0.0020730573642123006 0.001982350149404433 106.08991741360825 0.0020579275175574905 0.9999689708242163 0.007604099097861481 0.318859952988559 -0.0019980523723462044 -0.0075999882843530275 0.9999691235057186 1.311884178919989
0.9999931410556369 -0.0019873176827147894 0.0031254455857024506 107.45198232448463 0.001966290690265352 0.9999755113862651 0.006716422313929103 0.3278806628721492 -0.0031387167127018044 -0.006710230711804035 0.9999725602541261 1.334511010652086
0.9999886655077935 -0.0012611490672694025 0.004591117399087482 108.81136230668542 0.001245156034468156 0.9999931533207449 0.0034846661365353555 0.3276001797398222 -0.004595480648627065 -0.0034789099820797635 0.9999833892335135 1.3409304057261473
0.999980760130097 -0.0005434941019835985 0.006179319039737612 110.15280471869312 0.000531717269755036 0.9999980396836994 0.001907329416642465 0.34286489748959087 -0.006180343548606256 -0.0019040070692238717 0.9999790888367125 1.367153513061539
0.9999889740210058 0.00012792017144981787 0.004694195654818683 111.44348619431335 -0.00013531605264062297 0.9999987501318893 0.0015752537017930807 0.34756170377668844 -0.004693988280969619 -0.0015758715331051873 0.999987741476329 1.3789457813191923
0.9999971332868935 0.0010107154242404868 0.0021706847597020066 112.78971454245936 -0.0010175833820758528 0.9999944730369598 0.0031651887137609798 0.35165309236500963 -0.0021674736573539374 -0.003167388492812208 0.9999926348269172 1.3883308187507577
0.9999975284101221 0.0021793943065220736 0.0004397887034262709 114.11210948902983 -0.0021819891776790243 0.9999796871932468 0.005988666306010321 0.348559580330034 -0.0004267281048323465 -0.005989611118674639 0.9999819710683646 1.4224009801661786
0.9999943195130269 0.003362780837674961 -0.00022944872236316352 115.43915479447752 -0.003360845724103919 0.9999626005099215 0.007968832879040355 0.3654934544057881 0.00025623757960221906 -0.007968016470431539 0.9999682220229951 1.4322263419886683
0.9999871388831643 0.00481908372765391 0.001580664508675426 116.80516793822864 -0.0048342865687854494 0.9999406891866295 0.009759497033102364 0.37585409605915776 -0.0015335389248354405 -0.009767012900274808 0.9999511256643356 1.4399576177755655
0.9999749006961302 0.00574112127919327 0.004151807344058185 118.10381389501677 -0.005780717454874754 0.9999373169037509 0.009588825216611944 0.37687807724332006 -0.004096496487425274 -0.009612584968957153 0.9999454069731722 1.4593994439283924
0.9999659259657929 0.006804653991221403 0.004673712810394313 119.48387631394839 -0.006848511640329432 0.999932056923124 0.00943289063874892 0.36686079758486745 -0.004609207707031822 -0.009464577198696165 0.999944586956079 1.4804029988467022
0.9999613221084848 0.007724787180137261 0.004204991090687669 120.79261700155193 -0.0077646597095171075 0.9999242516289127 0.00954992481405529 0.3651918957480922 -0.004130901432687224 -0.009582205768000092 0.999945557010967 1.4962276888573192
0.9999507137602368 0.009161154768445279 0.0038266556810839284 122.11868401804023 -0.009205805711801653 0.999887781987658 0.011818484378220945 0.3585174955120426 -0.003717955296872145 -0.011853129338292263 0.9999228370895927 1.5114340986939208
0.9999420978661421 0.010225766695607921 0.003351807056762022 123.48579000789324 -0.010269695838897442 0.999857985601016 0.013361960082830571 0.3590020585167182 -0.0032146947654942944 -0.013395608435812865 0.9999051072037781 1.5218176923023756
0.9999314368039303 0.011414335576138931 0.0026143134056433198 124.8048660980377 -0.011449805881230988 0.99983671214286 0.01398037898764185 0.35990261885663727 -0.002454309782762874 -0.014009353829183507 0.9998988520689376 1.5391033509164875
0.9999202048248058 0.012507023945962998 0.001777170541522449 126.13552582357977 -0.01253166032019465 0.9998148358294625 0.014603134763612977 0.3467615004794415 -0.001594199717038592 -0.014624240401473544 0.999891789205183 1.546105150400347
0.999909572182529 0.013367415924543836 0.001469574513974924 127.48183046069383 -0.013386680556361621 0.9998125112870786 0.013990677521384757 0.33787511844583823 -0.0012822797798462404 -0.014009085099523911 0.9999010457506486 1.573086863197364
0.9998931244407185 0.014419201753436155 0.0024137764957382598 128.81878178440104 -0.014451094492681352 0.9998008592024269 0.013762550855583462 0.33312617012491347 -0.002214850816933152 -0.01379596168748776 0.9999023781734776 1.5878980497338557
0.9998786299740705 0.015254375318415156 0.003166915663630747 130.17034611963734 -0.015296055074855736 0.9997907485499131 0.013582702718947296 0.31813679586728427 -0.0029590573368225496 -0.013629495502374425 0.9999027356858406 1.6128313828714795
0.999872049911035 0.015485518893669378 0.004010300649401988 131.4934602624237 -0.015530618797722044 0.9998135988866004 0.011470281652329875 0.29933748610513167 -0.0038319298616530098 -0.011531096479422126 0.999926172338497 1.6237883054826414
0.9998690234195408 0.01557389867887083 0.004403372116252279 132.8434873499589 -0.015615036581138286 0.9998332531942445 0.009467652274106524 0.2807114813419781 -0.004255189610773625 -0.009535171050062328 0.9999454854512932 1.6435131400004164
0.9998710959573928 0.015347858949995668 0.004715367919177102 134.17034128119383 -0.015385517694580542 0.9998491763330853 0.008056701019672338 0.2694149032352669 -0.004591003619244464 -0.008128210854897781 0.9999564264877077 1.6470700405371406
0.999881834416321 0.014745124572795788 0.0043472411464697495 135.51364867718684 -0.014773541535658902 0.9998692224705304 0.0065787861092369655 0.24629993104238432 -0.004249667604294128 -0.006642232870779364 0.9999689100505792 1.6733479853921225
0.999900779131411 0.013553720010089013 0.0038377814275320243 136.84118923113573 -0.013579871011959612 0.9998841742377548 0.0068720602574424035 0.24188578851539544 -0.0037441949329510152 -0.006923494982412641 0.9999690226309675 1.694171914816191
0.9999085872343599 0.012553087976693031 0.005023659745208673 138.17680092638108 -0.01256842169357703 0.9999164159924029 0.0030324585801413703 0.2271266242173436 -0.004985173128252173 -0.0030953208488387015 0.9999827833706558 1.6941396862596705
0.9999210650702449 0.011438533458128255 0.005198421021258608 139.51163112590115 -0.011451028493089014 0.9999316018473956 0.002380246489746229 0.20658473101548355 -0.00517083892975274 -0.002439585872390267 0.9999836552891921 1.711445818928097
0.9999354465542806 0.01002815205306067 0.005342180331299837 140.8843628512842 -0.01003023345635654 0.9999496300673638 0.00036296687644761207 0.20425472136565076 -0.005338271359009177 -0.00041652676157394883 0.9999856645794252 1.7324339965268787
0.9999490639430455 0.008911276742273605 0.004739057527573697 142.19305816924617 -0.008915449257298204 0.999959886729065 0.0008600565889061013 0.19731788887132748 -0.004731203226197359 -0.0009022636079292051 0.9999884007509359 1.7441489771955705
0.9999588292098553 0.00793125515408352 0.004408523214860976 143.53636262848835 -0.00793851850299061 0.999967156862317 0.0016325197309857813 0.1867220023967463 -0.004395430494595528 -0.0016674496619705674 0.999988949840143 1.7564360301001498
0.9999731686292004 0.007015394485186539 0.002108616108761646 144.88954696800698 -0.007015404261985673 0.999975391744929 -2.759865576536333e-06 0.17472076275988951 -0.00210858358094434 -1.2033002910738407e-05 0.9999977768627734 1.777289522029735
0.9999810955016591 0.006026110847690925 0.0012225495299056793 146.20591023956334 -0.006021605899253707 0.9999751877867792 -0.0036556905216336903 0.18231693197710866 -0.0012445487920542877 0.0036482597011768796 0.9999925706221306 1.8049158976197326
0.9999784380358483 0.005037656423908392 0.004212538562402663 147.5913901323587 -0.004982120455927482 0.9999018885879205 -0.01309166429726521 0.16088515603401796 -0.004278076571042637 0.013070394640725815 0.9999054269503631 1.8179372713855242
0.9999797731186689 0.0035941162811391945 0.005247445253925138 148.88810837822365 -0.0034790502449485038 0.9997568458779683 -0.021774878404467516 0.14042073032921565 -0.005324430760974833 0.02175618184089001 0.9997491280260151 1.8261933431195574
0.9999942563941797 0.002464776300685761 0.0023263826940018296 150.21427233508928 -0.002410764903953792 0.9997339153585237 -0.022940939267910933 0.1174198792597591 -0.0023823079627197778 0.02293519914244677 0.9997341152771906 1.852857976133739
0.9999956017878547 0.0028733525879045124 -0.0007350169058834232 151.6032592979242 -0.0028891205771336866 0.9997441162531769 -0.022435574417542115 0.1229647190452081 0.0006703635111897985 0.022437599293593555 0.9997480206285496 1.8702652753432996
0.9999869857528774 0.0035891878851465435 -0.003625748915717207 152.93100465472745 -0.0036626754730605233 0.9997837760277702 -0.020469147516015522 0.1366809316788264 0.0035514973256005828 0.020482161067096435 0.999783910625075 1.8762693182823682
0.9999838988988099 0.004362510561799035 -0.0036291107358202546 154.31658408108797 -0.0044336015113512865 0.9997937876871426 -0.019817297490714272 0.14041841756343984 0.003541909198892251 0.019833068441245254 0.9997970315396179 1.9037814162773388
0.9999876480225947 0.004921892423072529 -0.0006919372913398459 155.6368573803152 -0.004936360345682655 0.9997290289209885 -0.02274865005302828 0.1357255321178569 0.0005797833880142748 0.022751784714023487 0.9997409765251947 1.9198712400144415
0.9999786222893293 0.005560068002000346 0.00344101847539676 156.98088923824398 -0.005464022428049882 0.9996118408949065 -0.027318711565555865 0.12134922555961722 -0.003591576706776263 0.02729932575191922 0.9996208518184533 1.9617398561003436
0.9999786583787245 0.0056122070001699996 0.0033445357934483505 158.30256670082443 -0.005499588302799076 0.9994474490961257 -0.03278034508279007 0.10521207863721926 -0.0035266578493142638 0.03276125192715209 0.9994569840951533 1.9551214811760933
0.9999788466599633 0.005416605934633311 0.003600918321548598 159.64537023968347 -0.005291686138807693 0.9994132676460645 -0.033839599743852984 0.0965925713908078 -0.003782101323063636 0.03381982899372378 0.9994207896959205 1.99013494331077
0.9999726568906453 0.006432938271251943 0.0036472971173242283 160.99863042128516 -0.006310081234746811 0.9994436413043553 -0.03275043100635749 0.09671624807689232 -0.0038559494128781982 0.032726520766643494 0.9994569057706468 1.9872836095796924
0.9999649629170313 0.007665184185565667 0.0033642071490138864 162.33313213635466 -0.007559022015182586 0.9995058994717972 -0.030509311812090892 0.09895233416050067 -0.0035964043868991066 0.030482812738898583 0.999528820996679 1.9940938450099248
0.9999616656572848 0.008564763225017383 0.0018199029666156202 163.67625961326635 -0.008509546168074485 0.9995591342685096 -0.028445117760363327 0.0986010688680925 -0.0020627263322882503 0.028428540787154694 0.9995936990741744 2.014118273293672
0.999957432557499 0.009204395253987462 0.0006420132578133719 165.04094227109164 -0.009185277232868064 0.9996396876157404 -0.02522153099358336 0.09506095790586976 -0.0008739308726613592 0.025214560307752813 0.9996816804329848 2.021316352496289
0.9999526878353685 0.009452355584081482 0.0022967509081677304 166.36907773784435 -0.009397016541001042 0.9996909303361258 -0.023016078810676723 0.0915046096696061 -0.0025135972132063005 0.022993407263892252 0.9997324567360242 2.0450206099957393
0.9999537886510662 0.009330202986573288 0.00231686741274663 167.71762250706317 -0.009274926888108171 0.9996965413865045 -0.02282106200598671 0.08382967577005804 -0.0025290894802589368 0.022798518638064647 0.9997368810113543 2.0551460535583224
0.9999608706013257 0.008837603533920222 -0.0003924665797656768 169.10597635455386 -0.008843546241912236 0.9997734185326335 -0.019362419410781626 0.07636450311192618 0.00022126026790217197 0.019365132567299763 0.9998124537554756 2.079499932797991
0.9999619797241848 0.008244111002978395 -0.0028414327125156906 170.50432633705972 -0.008286715899147677 0.9998482477441635 -0.015323570815341218 0.07563494148555815 0.002714672299928085 0.015346534354587505 0.9998785498437335 2.113933011203749
0.9999585669206792 0.00794995104531437 -0.004434266604378405 171.85510847976957 -0.007998445902028615 0.9999071994242402 -0.011028028052423186 0.07633007118594458 0.004346182818741329 0.011063038368812431 0.9999293574432927 2.114744727127877
0.9999568053379081 0.008474435664136344 -0.003817250133202706 173.22051265084687 -0.008489863861664258 0.9999557839791605 -0.004043797501470439 0.07699386699656174 0.00378281244782626 0.004076030764960606 0.9999845380320576 2.1611078745096504
0.999957090471286 0.009247027745246708 -0.0005565016432915813 174.61718962029562 -0.009246994144816384 0.999957243656081 6.292073530414675e-05 0.08263481737972847 0.0005570596791010379 -5.777206796795057e-05 0.9999998431734387 2.1898159116981697
0.9999573153446039 0.00911381922305446 0.0015184821309441564 175.96313732459228 -0.009112311038094395 0.9999579848127216 -0.0009971944774681033 0.08058263498081683 -0.0015275065818309184 0.000983315031082518 0.9999983499062346 2.2035760343687674
0.9999627214326678 0.008401204175864452 0.0019938689445696623 177.3730791078639 -0.008397684075080828 0.9999631770693431 -0.0017673164856929669 0.07659256665094144 -0.0020086431111114556 0.0017505067211827472 0.9999964505332364 2.2242408683661483
0.9999739588858234 0.006836846554953861 0.0023106448013072473 178.76786612956158 -0.006826629777001028 0.9999670138432719 -0.004400948904201178 0.061448557770661896 -0.002340657194369904 0.0043850603819836015 0.9999876462083644 2.237056442265309
0.9999870504942541 0.00470541061112436 -0.001938544501133705 180.0981558443314 -0.004716939892200694 0.9999709564543516 -0.00598637835612687 0.054069849283910565 0.00191031983068887 0.005995444833376153 0.999980202463726 2.2579314850005225
0.9999764138452231 0.0030732616281885423 -0.006142215904039145 181.5126333677504 -0.0030918672958698346 0.9999906540458869 -0.003021949288798294 0.06346533001744767 0.006132871258379558 0.003040868929112511 0.999976570228665 2.287684199470266
0.9999692571213079 0.0025829719095233007 -0.007403584832646981 182.90177293774946 -0.0025813055140243564 0.9999966409005269 0.0002346263115658155 0.08694475148879932 0.007404165996441079 -0.00021550818412552228 0.9999725655647358 2.3093141777006068
0.9999772519803938 0.002320405204089418 -0.006333343621551707 184.23239529020913 -0.002291044711797778 0.9999866144513855 0.0046391844309560904 0.0976073161477561 0.006344023633969091 -0.004624568925285544 0.9999691828883462 2.3329608930586767
0.9999921494547601 0.00273934459276482 -0.002863043843702733 185.6867591017423 -0.0027193149543542367 0.9999719660880638 0.006976558188066419 0.08798881887696547 0.0028820747783323375 -0.0069687179003415905 0.9999715649036214 2.3588912241360496
0.9999953410696457 0.002982898351822397 -0.0006481947435859086 187.05239106361333 -0.0029775116267980266 0.9999622883295676 0.008158207107384224 0.10120198512258562 0.0006725054016138047 -0.008156239091480038 0.9999665111894335 2.3911729684120706
0.9999947832491304 0.0032171532795648443 -0.0002887893701935682 188.51670470321315 -0.003215607384750871 0.9999812955315511 0.005202735452396327 0.09674591113234435 0.00030552196596529024 -0.0052017796777902 0.9999864239801018 2.3959172094409515
0.9999952921179965 0.0030255440649716698 0.0005116883364640917 189.92080659064547 -0.0030282689364864728 0.9999807747678309 0.005411070317130125 0.09309960513602553 -0.0004953070674538876 -0.0054125943723440356 0.9999852291374455 2.4306873140461813
0.99999469276399 0.003102110204160613 0.0009956686871510502 191.2801613937321 -0.003103554752275546 0.9999941289609192 0.0014525810104280353 0.09222030770250388 -0.0009911567751664577 -0.0014556634135234887 0.9999984493249344 2.435623304625999
0.9999935266667359 0.003491048551776783 0.0008713234951425597 192.72928492974503 -0.0034908983096024835 0.9999938916767692 -0.00017389117856339136 0.09797485489505345 -0.0008719252353641032 0.00017084835119153075 0.9999996052785345 2.4578941476085516
0.9999912951108708 0.003885157912393571 0.0015215947157305012 194.1083437410198 -0.003881087579658949 0.9999889069434991 -0.0026689228435682532 0.0914488565338306 -0.001531947023297605 0.0026629941685383093 0.9999952807890526 2.4794015587558844
0.9999861074456181 0.004219644045787943 0.0031590378103620144 195.56237549891438 -0.004192662960920708 0.9999550901434437 -0.008499369006770847 0.08506823650455757 -0.003194760250249471 0.008486006148005057 0.9999588897582737 2.487524958991736
0.9999835525394198 0.004436725747281043 0.0036345722285770015 196.97938631926226 -0.004394128887538946 0.9999225370584528 -0.01164523567416039 0.07771454663194415 -0.0036859574008696137 0.011629073360782255 0.9999255864167136 2.5191142840567293
0.9999888514653807 0.004721964090172245 -2.823481599762738e-07 198.3992329972097 -0.004721795675341836 0.9999526769958361 -0.008505787115920722 0.0797983248712031 -3.988168652161427e-05 0.008505693622048918 0.9999638251384191 2.5456043666156
0.999974362333354 0.004961210508402786 -0.0051634355126657285 199.83287159367035 -0.004977074052886775 0.9999829202241859 -0.00306398331943767 0.09007066646496067 0.005148146256102775 0.0030896035669685596 0.9999819753075175 2.5618393561606734
0.9999592937670904 0.006550710858563736 -0.006204755923434156 201.29414895468136 -0.006507915771822532 0.999955069900522 0.006892402523735655 0.10445661787665327 0.0062496272791871055 -0.00685174193105879 0.9999569969710604 2.577586576096259
0.9999666838795499 0.0077076611590112445 -0.0026875807697957534 202.7429816658418 -0.007674105604174297 0.9998951512035591 0.012279849461124535 0.12207380797776363 0.0027819478989167166 -0.012258815565533617 0.9999209879819595 2.5832023572659266
0.99996201763063 0.008705198757544023 0.0004275636457203262 204.1711871038887 -0.00871100706140564 0.9998294845452876 0.016282511780446318 0.11250836994066109 -0.0002857482381900206 -0.016285617842006675 0.9998673397003467 2.6288603250012197
0.9999674062418409 0.008056612215222619 0.0005267386248843283 205.64175131263937 -0.008063402716724358 0.9998623946138834 0.014497357470216176 0.10597343719067163 -0.0004098665555294759 -0.014501132252511739 0.9998947690496245 2.6430685860886913
0.9999773352091154 0.0067198790259358305 0.0004150830678381098 207.08640920623273 -0.0067240901320746475 0.9999152224205246 0.011150541852685622 0.09261274818407753 -0.0003401175857766555 -0.011153080183946722 0.999937744623353 2.6615454446763214
0.999983949574836 0.005665735025725511 -6.271373264355075e-06 208.5266852689109 -0.005665460614635808 0.9999452544718144 0.008797193604920215 0.08494506746120006 5.61135978701982e-05 -0.008797016876004376 0.9999613039239805 2.681388089090715
0.9999865556908639 0.005128789783988503 -0.000764168093073613 209.9986534725814 -0.005120492032517032 0.9999318546414043 0.010491264687651762 0.08924647444758825 0.0008179235097160308 -0.010487210723213986 0.9999446731756609 2.7063140856983665
0.9999865984275219 0.0051474489412905895 -0.0005538363934766657 211.4492023137193 -0.0051409451351226 0.9999244493133264 0.01116540857106378 0.08356647484572376 0.0006112679212850327 -0.01116241169451887 0.9999375115059392 2.7301348710901396
0.9999881927091144 0.004857653313781314 0.00013284066462038646 212.9011655396055 -0.004858937506832207 0.9999095131795003 0.01254416914106065 0.08676451341656174 -7.18934194943053e-05 -0.012544666492894442 0.9999213099909005 2.745831843453424
0.9999901917605808 0.004415531960401461 -0.00034563006755019307 214.3539644893151 -0.004410799058606215 0.9999100149545841 0.012669129614463997 0.09622433489358827 0.0004015399127360018 -0.012667480847830927 0.9999196836219738 2.7766816883368515
0.9999898859659221 0.004360912690565595 -0.0011001846969440243 215.8334368019817 -0.004346872462463731 0.999912964253979 0.012456669563568263 0.09210805396765327 0.001154411389930112 -0.012451761213825031 0.9999218074314694 2.7988041325096362
0.999990520634971 0.003999698692150419 -0.0017207703424920607 217.31251639704186 -0.003980069635064263 0.9999286470434288 0.011263208583616657 0.09325619187835606 0.0017656970010818528 -0.011256253029762023 0.9999350874340945 2.814247886383766
0.9999929412363701 0.0034553962505343636 -0.0014757080285463036 218.76703715968785 -0.003436436164631683 0.9999139159829245 0.012662998467163547 0.08532787048135083 0.001519336671095135 -0.012657837905612786 0.9999187320755798 2.840083140642357
0.9999929104950929 0.003319218506522729 -0.001778130495547945 220.25647468054086 -0.003293781285423109 0.9998948482428711 0.014122445333919252 0.08872903550252381 0.0018248190039116341 -0.014116488439824482 0.9998986922632369 2.879720285233472
0.999993439365096 0.0030826850655865184 -0.0019021775817094511 221.74925383987053 -0.003060911945544241 0.9999309575541305 0.011345084527732571 0.08833073851526395 0.0019370195733581894 -0.011339187698692629 0.9999338331997304 2.8838401969092415
0.9999926815767426 0.0026411059584343795 -0.0027679147876474293 223.2432886276202 -0.0026045723296074103 0.9999105305011233 0.013120487641155835 0.0932026774398807 0.002802319741785067 -0.013113182385607316 0.9999100916841406 2.900491176780854
