1.0 -2.1684043449710093e-19 -2.5135375298442207e-37 0.0 2.1684043449710093e-19 1.0 2.3183291766350204e-18 -8.673617379884035e-19 -2.51353752984422e-37 -2.3183291766350204e-18 1.0 0.0
0.9999996051917989 -0.0005752605321510217 0.000677267721610383 1.3273296131564947 0.0005753941083097035 0.9999998150465057 -0.00019704967556571635 -0.005147294397329037 -0.0006771542414461252 0.00019743929362565135 0.9999997512398984 0.014190926913472833
0.9999992601539638 -0.0006470405596256914 0.0010300631238006621 2.623440015128795 0.0006476885246415298 0.9999995925270339 -0.00062884444906315 0.0025565359774911375 -0.0010296558162135466 0.0006295111438800191 0.9999992717620447 0.02334949003255532
0.9999983865324534 -0.0013303332004357654 0.0012071230532606607 3.9461945310002564 0.0013310064323033728 0.9999989590390047 -0.000557084180507161 0.0020274243918167096 -0.0012063806891118795 0.0005586899702183868 0.9999991162551846 0.04234461964541795
0.9999985941994876 -0.0008635833129860243 0.0014372970848619692 5.279320172421826 0.0008648361681006644 0.9999992464633675 -0.000871281297626511 0.013000389035556727 -0.0014365435778164169 0.0008725230992821107 0.9999985875219977 0.04301812525486972
0.9999977931357295 -0.001191163591171408 0.001730564350120825 6.609836906458676 0.0011932121504741368 0.9999985881374855 -0.0011832023493067736 0.008000341498876518 -0.0017291525192424078 0.0011852646685495255 0.9999978025872011 0.044665623117091435
0.9999967474933951 -0.0008686532023628613 0.0023980083913875756 7.943066977960599 0.0008741740284179276 0.9999969679180314 -0.002302167350958461 0.022704755649917287 -0.002396001335387786 0.0023042561397996256 0.9999944747753575 0.06369782393350688
0.9999967051155134 -0.0008573013915610714 0.0024196678368933995 9.264881023014711 0.0008631309300304756 0.9999967253368087 -0.0024092157762811454 0.027271826302346622 -0.0024175944892586222 0.002411296328343882 0.9999941704264592 0.059628969725748084
0.9999966503591559 -0.0012337765086073843 0.0022753166801738546 10.576212668436414 0.0012391285319670689 0.9999964656102039 -0.0023523026125911247 0.03293103962350993 -0.0022724064226132476 0.00235511414303988 0.9999946447888727 0.06278623838941524
0.9999974436091644 -0.0012969608425499068 0.0018522061734394068 11.906138899547644 0.001300445561504994 0.9999973845375801 -0.0018814248166792785 0.058794464358796796 -0.0018497611947483313 0.0018838287003193606 0.9999965147804017 0.050493624849423144
0.9999990528936403 -0.0009413976023858525 0.0010039832550532864 13.234938176937849 0.0009408455649115318 0.9999994060567635 0.0005501779194221943 0.0732466476535179 -0.0010045005949184524 -0.0005492328051524255 0.9999993446607255 0.0727841818417369
0.9999991718523419 -0.0010905826181847654 0.0006833185079296816 14.568346014140502 0.0010891013858073313 0.999997064742247 0.0021643394053409426 0.07707743687644875 -0.0006856768931490508 -0.0021635934098143987 0.9999974243520606 0.0610091925324919
0.9999992207469857 -0.0004287482832129637 0.0011724676246861762 15.91673941678179 0.00042625149662281584 0.9999976429684612 0.002128935692662606 0.10642223908426668 -0.0011733776386663069 -0.0021284342676032857 0.999997046471881 0.0861248583126352
0.9999928592454225 -0.00039116427088758173 0.0037587828718856145 17.26519127596223 0.0003869836018381779 0.9999993058450195 0.0011129030375741727 0.09400372852827488 -0.0037592155906130244 -0.0011114405032724229 0.9999923164695572 0.09572077034484842
0.9999826079320654 -0.0005021992158651557 0.005876361913021566 18.62249742482647 0.0005237642861918636 0.9999931326320882 -0.0036688362780493743 0.08807050419368807 -0.0058744790711803534 0.0036718502979023646 0.9999760037176052 0.12238740381297135
0.9999876379159827 -0.0005307582625781986 0.004943916552713426 19.97237328848826 0.0005561084381542522 0.9999866992109178 -0.005127586631010028 0.07740218747922531 -0.004941129285750624 0.005130272597065784 0.9999746324504744 0.13839362363892518
0.999995234258585 -0.0006577893224214052 0.0030164172995574144 21.352249645480125 0.0006755349538145342 0.999982450494079 -0.0058857757673104125 0.07553649448555438 -0.003012492762470252 0.005887785412546221 0.99997812919598 0.12602460845560937
0.9999989246570283 -0.00038170210950060426 0.0014159760896675921 22.689271746188602 0.00038714890582047546 0.999992519958267 -0.0038483948913319572 0.10373162059989918 -0.0014144965576591358 0.0038489389465813416 0.999991592398893 0.1731995481401666
0.9999950509257538 0.0006662880884947183 0.0030747657117752426 24.04637987754752 -0.000661566857685054 0.999998601149578 -0.001536238321410467 0.11043263480024594 -0.0030757849879325737 0.0015341965553628976 0.9999940928763718 0.15357858358516785
0.9999738795535461 0.001297758743470504 0.007110276568027292 25.436102661153694 -0.0012854547359620358 0.9999976691198642 -0.0017347509793720578 0.11519098356635335 -0.0071125112830761035 0.0017255657282136197 0.9999732169444169 0.15887849811581992
0.9999659158587444 0.0013230068928526209 0.00814964867610432 26.817109073738802 -0.0013011901068957412 0.999995557571089 -0.002681742417227809 0.10716900755189854 -0.008153160435572276 0.0026710467701084265 0.9999631950647302 0.17186048561850606
0.9999694918279035 0.0012470748955171306 0.0077110451723144255 28.19211813975927 -0.001200864315916906 0.9999813117339651 -0.005994506461197736 0.09462233885450469 -0.0077183766647696125 0.005985063660777129 0.9999523016997547 0.2027656041949742
0.9999841554796712 0.001313404234271102 0.005473916233021599 29.540944247052206 -0.001278170847975551 0.99997847744966 -0.006435131447260376 0.11158166278319899 -0.005482250349274838 0.006428032885536032 0.9999643120253494 0.19945339448404925
0.9999912865033155 0.0017612346617507438 0.0037848341984984364 30.933564122887542 -0.0017363113526159873 0.9999768555006231 -0.006578273783648655 0.10421017170296898 -0.0037963324842079363 0.0065716448132952295 0.999971200257346 0.22865983157574077
0.9999947870053422 0.002333243446388686 0.0022320253493689325 32.31983709815827 -0.002323003343667372 0.9999868160541665 -0.004579451202474619 0.12740531826068213 -0.0022426808969738584 0.004574242327470231 0.999987023260564 0.20601911104995413
0.9999950740748891 0.0030695275913480533 0.0006556114115448359 33.697013989498586 -0.0030674085462109187 0.9999901463592237 -0.003209079193301382 0.1252297332690728 -0.0006654553085121574 0.0032070523575708347 0.9999946359778177 0.24340453274582968
0.9999939202277018 0.00330037113911038 0.00112563669834685 35.09224549405426 -0.0032970247148979294 0.9999901782593376 -0.002961927225237879 0.14057379572504114 -0.001135401101765439 0.0029581979653803404 0.9999949799519674 0.23771434433855929
0.9999935953880901 0.002757636433019568 0.002281364526783037 36.486588213313155 -0.0027512592813126444 0.9999923127229086 -0.0027937550815228277 0.13868118494945075 -0.0022890511500995147 0.00278746056327739 0.9999934951330635 0.2668282236480728
0.9999910246564951 0.0026128828083721014 0.003335183635503329 37.891148451277544 -0.002605510724587272 0.9999941573259117 -0.0022128325521106208 0.1520442460916827 -0.0033409460212455383 0.002204122834447575 0.9999919899290263 0.2499856858575221
0.9999905715918862 0.00195603951145414 0.0038769365177151343 39.28667188768743 -0.001954787173639449 0.9999980360072377 -0.00032678551549836633 0.1356325801686354 -0.003877568108819959 0.0003192038486533166 0.9999924312585893 0.25870940164389705
0.9999880048463836 0.002510302132658051 0.004205775380589405 40.68325268487501 -0.0025210614144734363 0.9999935584221962 0.0025548705364848824 0.1544543992691491 -0.004199334791803662 -0.002565442908450273 0.9999878919716928 0.2860131529761458
0.9999867456647352 0.002464269237275113 0.004520605266820882 42.104623277247846 -0.0024917160491176884 0.9999784369241265 0.006075939261675051 0.1664018052482549 -0.004505535038456421 -0.006087122793834093 0.9999713231338737 0.30453872884931926
0.999986566005804 0.0023126643326561815 0.0046388998269150895 43.49380080065045 -0.0023395086957624495 0.9999805026133421 0.005789740255846925 0.17449726572603072 -0.004625419654706455 -0.005800515222993769 0.9999724793793906 0.30238813732938064
0.9999869160687765 0.002048669720154856 0.004687285316185612 44.925967399683714 -0.0020743637775182803 0.9999828146819661 0.00548337082924354 0.18921253701738452 -0.004675971147914486 -0.005493022220071526 0.9999739806618538 0.3137398252119689
0.9999912527236016 0.0010594921957226716 0.004046226954717012 46.315999153377696 -0.0010796519597127824 0.9999869997981315 0.004983431185173789 0.1743314408151545 -0.004040894446501183 -0.004987756110584903 0.9999793965182749 0.33221820182061634
0.999988971649406 -2.068837250024324e-05 0.004696397721090029 47.74757784069294 -1.04379906391214e-06 0.9999892936964891 0.004627363321293466 0.17540262840010543 -0.004696443172646704 -0.004627317191203978 0.9999782654423736 0.3516247448645885
0.9999844470972865 -0.0010360769934598057 0.00548015583700995 49.14881270013785 0.0010087394180006747 0.9999870466732222 0.00498888069143234 0.17963629507424617 -0.005485253715268109 -0.004983275050646718 0.999972539103674 0.3604204519550612
0.9999821867464069 -0.002076263909599627 0.005596009118282586 50.58395517950444 0.0020434281264813735 0.9999807008266061 0.005867058532338954 0.18392510245152618 -0.0056080826818185004 -0.005855518978509127 0.9999671306128648 0.378600819292101
0.9999789091282507 -0.0030977575370732197 0.005708344498640976 52.02907551285072 0.0030668808718999864 0.9999806635426065 0.005409878243174392 0.19826384219187573 -0.005724992610583232 -0.0053922573315730886 0.9999690735320163 0.37488261821183333
0.9999689565909899 -0.003998432784626095 0.006789579485769272 53.44039030053251 0.0039556326581785175 0.9999722960120331 0.006305567277923388 0.22021172772564257 -0.006814603774270612 -0.006278514449270131 0.9999570697943536 0.3952924098476921
0.9999596140863343 -0.005106823468537944 0.007395305968703802 54.901012627497835 0.005066440020912866 0.9999722093312218 0.005469163624330892 0.21956068386779765 -0.007423030501355119 -0.0054314748730342 0.9999576979547083 0.4052536031221224
0.9999504490979209 -0.005254677096896679 0.00845504095044455 56.284527031979856 0.0052370489279887945 0.9999840695012863 0.0021057212950376376 0.23569507368289497 -0.008465971142887049 -0.0020613374915023144 0.999962038389635 0.40865877663034195
0.9999506547623871 -0.005771331708444742 0.008085775818343893 57.71935167136851 0.005766959761814586 0.999983211950827 0.0005639074507912264 0.24638092742043366 -0.008088894570893231 -0.0005172492808566328 0.999967150579359 0.41520064727355943
0.9999462872619906 -0.005374876650653504 0.008861901147650128 59.15767645702746 0.005375001262657908 0.9999855545287933 9.755401564708688e-06 0.27788200648249445 -0.008861825567392354 3.787785228278873e-05 0.9999607325354738 0.4388212464354878
0.9999410185276453 -0.00559654072610293 0.009307964213321838 60.57113865593218 0.005596142478338431 0.9999843391032466 6.883026472897082e-05 0.2608091344431164 -0.009308203653635052 -1.6737511097590258e-05 0.9999566775938837 0.4565591809396561
0.9999378931283324 -0.004872896234889249 0.010023211479154503 62.028547516697806 0.004895393222037943 0.9999855506372561 -0.0022211802955273328 0.28393836232922887 -0.010012243069036898 0.0022701099065058736 0.9999472994061932 0.4490109222206802
0.9999400882713103 -0.004811907194485303 0.009831857256685526 63.438397032721305 0.004858287875179284 0.999977158135901 -0.004698962158719789 0.27698080814063036 -0.009809021708920071 0.004746446628674462 0.9999406254060863 0.46141225154447324
0.9999506858533814 -0.004202422252872922 0.008998083604893759 64.84388385261411 0.004249148952530397 0.9999775551050827 -0.005180156295006954 0.29797150825866076 -0.008976112439765292 0.00521813503754443 0.9999460987834287 0.47594671274313666
0.9999546267028013 -0.0033491492476175884 0.008917832414803848 66.29607955902786 0.00339439160495769 0.9999814221358292 -0.005062952580927545 0.30834010992305244 -0.008900710156697411 0.0050929934735586165 0.9999474180056593 0.4836281114775246
0.9999577840313663 -0.0028521610416615824 0.00873471994239082 67.66822538892804 0.002883162608870997 0.9999895824291873 -0.003538701240639111 0.3174706490109125 -0.008724536002010659 0.0035637354688753922 0.999955590144411 0.49170973872198487
0.9999458009511943 -0.0021811938473876116 0.01018025311447189 69.1353153640255 0.00219056967826952 0.9999971867188933 -0.0009099224052962025 0.3385520605513496 -0.010178239757406109 0.0009321736421570193 0.9999477658796692 0.5012238935371255
0.9999350632814469 -0.001339282637612765 0.011317046538095066 70.5031977900199 0.0013113974966909088 0.9999960870512287 0.002471056218910447 0.3520370508934915 -0.011320311697762273 -0.0024560546101282388 0.999932906918668 0.5081553285137703
0.9999225131472781 -0.0003846248921063571 0.012442659077692217 71.95110651344132 0.0003020312180593564 0.9999779150400658 0.00663914220862039 0.3767615882484933 -0.012444937861420681 -0.006634869690908738 0.9999005460673627 0.5226108986738304
0.999926397469451 1.4708957761655895e-06 0.012132585940437672 73.31766690314724 -0.00012057045767371168 0.9999518168311489 0.00981577703746109 0.3783539858201871 -0.01213198691601572 -0.009816517402871431 0.9998782180243496 0.5183025280652498
0.9999323198375808 0.0005776368332211298 0.011619900168376893 74.70781380552005 -0.0007348442351970257 0.999908202972546 0.01352943576665017 0.39359473883108226 -0.011611018395650605 -0.01353705890889234 0.9998409534960614 0.5240269137781634
0.9999303383606412 0.0014689739166979343 0.011711555900297805 76.14968566925234 -0.0016395650755875125 0.9998925108294419 0.014569784265992843 0.4075149776172963 -0.011688894401809476 -0.014587971168970688 0.9998252651562856 0.5219641618389868
0.9999248408523198 0.0017724984125090121 0.012131401231535987 77.52799889344467 -0.001959479863684661 0.9998792075058793 0.015418522499860294 0.41383981415573334 -0.012102606542669812 -0.01544113489328219 0.9998075306118077 0.5267779614021199
0.999921140180377 0.0018903102263967994 0.012415319070518018 78.93639428162709 -0.002076191093233923 0.9998856962179107 0.014976111957664743 0.41143736152385957 -0.012385590455007174 -0.015000707519050974 0.9998107700575187 0.546893217439448
0.9999372665436026 0.0013154183440562811 0.01112351796368787 80.29916341293435 -0.0014699570553932618 0.9999023622846104 0.013896226966741716 0.4049550894334717 -0.011104152536941577 -0.013911706302104724 0.9998415685618398 0.5390092672238171
0.9999341858079296 0.0012081223993962778 0.011408965461466074 81.70264535123421 -0.001364737542472769 0.9999048135116775 0.013729581480061637 0.4158891814052974 -0.011391292467188006 -0.0137442481222351 0.9998406543542232 0.5592739746144578
0.9999273800552155 0.0009563871677305458 0.012013323416020832 83.07747462965773 -0.0011116038317315214 0.9999159108916179 0.012920351493184733 0.4310823355647049 -0.011999956367995421 -0.012932767274313781 0.99984436017702 0.5580002132710046
0.9999386450091443 0.0007230166873990023 0.011053662928915778 84.4502596446644 -0.0008687080251679198 0.9999127461553691 0.013181252686884337 0.44209551139533404 -0.011043168188674535 -0.013190046356940118 0.999852024608371 0.5561698521386341
0.9999355422230881 -8.834377419176059e-05 0.011353571878326222 85.84872856453171 -5.575245746062558e-05 0.999919467432866 0.012690765951555013 0.447719892023297 -0.011353778696198264 -0.012690580922527641 0.9998550099215219 0.5515637400803558
0.9999291067395667 -0.0012358898019210946 0.011842891176134893 87.20219098655193 0.001083774006113169 0.9999169469092587 0.012842301879747858 0.45467410016389026 -0.011857779257345774 -0.012828556429482212 0.9998473989619714 0.5609096134938754
0.999913384743961 -0.002320496366015344 0.012955242432723942 88.59473908285563 0.00216955493841671 0.9999297488451079 0.011652914053090239 0.4596251812177295 -0.01298137285669482 -0.011623797622757627 0.9998481741182411 0.5599476644496029
0.9998999194016184 -0.0033804064077282018 0.013737686601305914 89.97630773872078 0.0032575025997811802 0.9999545612796049 0.008959020757043303 0.4630414962225225 -0.013767347509579643 -0.008913373583066292 0.9998654969114191 0.575714606261219
0.9998911649481426 -0.004334542915603523 0.014102127369977902 91.35278299753396 0.004218232123998623 0.9999569301545423 0.00826706439140191 0.4711988058397593 -0.014137353938922044 -0.008206678598331402 0.9998663838983634 0.5773965462600605
0.9998929829849039 -0.004683290591917111 0.013859630831384846 92.72383884479835 0.0045849119867237284 0.9999641308067079 0.0071214943697986855 0.48434541674152215 -0.013892485725190067 -0.007057187061197824 0.999878590105398 0.5890338374385167
0.9998947396619118 -0.004800348209096456 0.013691831634560803 94.05214754574277 0.004721299089710452 0.9999720346077576 0.005799942872755175 0.49354411467757286 -0.013719290482500715 -0.005734689136574775 0.9998894410929459 0.595708363623798
0.9998988175755245 -0.005243368552561349 0.01322352817102877 95.43167178330646 0.005174067369968777 0.9999727301910238 0.005269525705500434 0.5069320445689194 -0.013250797633312689 -0.005200573096488133 0.9998986800679103 0.5891786257220193
0.9999068853478146 -0.005087044205317805 0.012662646456633458 96.78043877078122 0.005025156999935525 0.9999752978713521 0.00491441189021816 0.5135310996117677 -0.012687333492840342 -0.004850322499985046 0.999907748715094 0.5882196196858158
0.9999139282535017 -0.004748800023695383 0.012230493979648831 98.119910158705 0.004674656944816166 0.999970568146434 0.006083619263754688 0.5338512874713398 -0.012259023904844853 -0.006025922272399128 0.999906697944197 0.598676644239501
0.999914183510858 -0.004472472811264785 0.012313512933630151 99.48763908790791 0.004376398406934997 0.999959860040567 0.007818276321131565 0.5545688413096804 -0.012347985697997733 -0.00776371654572003 0.9998936203189817 0.5957677180309576
0.9998983970768038 -0.004496156961621688 0.01352701355860245 100.83626699046212 0.004389014348220838 0.9999588461999568 0.007939928179913383 0.5557235805909292 -0.013562156033952173 -0.007879751203403052 0.9998769811555235 0.5963733182916291
0.9998727085687296 -0.0042999707029754254 0.015364794544216678 102.14961781570295 0.0041743942257343155 0.9999577011930213 0.008195746312365084 0.5821136060047152 -0.015399386100770171 -0.00813056435446168 0.9998483649188997 0.599762978407664
0.9998863547296192 -0.004156456369776625 0.01449142836162676 103.50078450851856 0.004046163074398575 0.9999626901561041 0.007631963059569154 0.5882761574775166 -0.014522609610169606 -0.007572461040731606 0.9998658668260944 0.6113059020746032
0.9999173093529042 -0.004115911802404834 0.012183338068169994 104.82678035919109 0.0040232328753523425 0.9999628603282715 0.007621782031294644 0.5948872886920196 -0.012214256165611547 -0.00757213537495906 0.9998967320239547 0.6098346756461924
0.99993009347108 -0.0042462401681706815 0.011035289545431646 106.16223269656427 0.004177066787818571 0.9999715320389351 0.006283886118895817 0.6090830586427597 -0.01106165828288879 -0.006237351692774932 0.999919364328891 0.6139951920220785
0.9999198739039318 -0.0038858541820253434 0.012047651606065758 107.50290891524052 0.0038226882317030576 0.9999788510244578 0.005261611776672432 0.6176713304423762 -0.012067842666703178 -0.005215135768247575 0.9999135810320262 0.6180864322119014
0.9998959456271779 -0.0032857110257222266 0.014046423793515637 108.8236318648233 0.0032575552504849723 0.9999926399983687 0.0020268899533282558 0.6274559136223392 -0.014052980186481179 -0.001980922044986279 0.9998992897765905 0.6082913799706756
0.9998811123196112 -0.0023738344775440907 0.015235686278284625 110.18834120014647 0.0023644775053147378 0.999997004822955 0.000632132300760397 0.6396906811710884 -0.015237141222156735 -0.0005960327105344243 0.9998837303768794 0.626518849371788
0.999897231074319 -0.001964440859123329 0.014200995106711887 111.48786238087465 0.0019606131576533196 0.9999980378228506 0.00028345457249187453 0.6377650342176647 -0.014201524071587698 -0.0002555827843119904 0.9998991206074163 0.6241874474691198
0.9999276383887538 -0.001074211938728473 0.011981821856477873 112.82898372491684 0.0010581381156460979 0.99999853192041 0.0013477762251982558 0.6560411980921562 -0.011983252063521596 -0.0013350002755377803 0.9999273070799929 0.6277392575490507
0.9999494463617783 -5.5927946109505825e-05 0.010054928783333531 114.18338345525997 8.905709950352318e-06 0.9999890649812513 0.004676519925232512 0.6552391387368349 -0.010055080380653126 -0.0046761939638567595 0.9999385123939126 0.6365671367072993
0.9999545122606238 0.0013862858629810541 0.009436716649552214 115.48662626785722 -0.001457232704250898 0.9999706968083489 0.007515450583341796 0.6704565251362496 -0.009426021560738056 -0.007528860214606843 0.9999272305430057 0.6294295112574438
0.9999268147890918 0.002836471848738624 0.011760930796181414 116.8597911424165 -0.002931857848422875 0.9999628873515081 0.008101119008614151 0.6830190671438916 -0.011737515720879622 -0.008135007503770457 0.9998980209889485 0.6393710963391638
0.9998986533554132 0.0035872087577470077 0.013777334697240634 118.15451534582441 -0.0037071254847002404 0.9999553846836886 0.008688260052335913 0.6864308460215613 -0.013745553414545865 -0.008738453834899696 0.9998673407937191 0.6297543505519576
0.9998812125511016 0.004557731135306869 0.014723718084676672 119.52526933586576 -0.0046820440541776006 0.999953593068769 0.00841963017794319 0.6866723086212837 -0.014684660391494273 -0.008487567128267431 0.9998561506303942 0.6344437662553017
0.9998824303905989 0.005569595544711545 0.01428653217745792 120.84378146277605 -0.005690514835372805 0.999948214297894 0.00843722486137641 0.6880646307236555 -0.014238800409360798 -0.008517530623446883 0.999862344642992 0.6384145125278387
0.999875289626578 0.006911897842290394 0.014199678249328712 122.15193431571689 -0.007054518936238594 0.9999249283750404 0.010018551629270199 0.6809824859979134 -0.014129365051019407 -0.010117474111053749 0.9998489874780426 0.6379721447469147
0.9998732105688419 0.008090104478315286 0.013715429132415614 123.52161717530846 -0.008253031073064493 0.999895556447295 0.011864386838834161 0.6892795657987488 -0.013618012515172832 -0.011976076422786064 0.9998355481421193 0.6318637202097961
0.9998687579250657 0.009390158149556897 0.013201964070270283 124.86128317735874 -0.009555409870499697 0.9998760849271181 0.012510353033602997 0.6935624907793269 -0.013082853954438008 -0.012634861326699748 0.9998345859249228 0.633341265618729
0.9998670757691057 0.010324536930558056 0.01261882443442911 126.19004268581442 -0.01049251572569684 0.9998562473040539 0.013318852833502008 0.680804750943301 -0.012479499456444833 -0.013449485649050774 0.9998316725474806 0.6289488196197598
0.9998606063458577 0.01136027844478488 0.01223568352609215 127.52760939666727 -0.011518817084952919 0.9998495951515586 0.01296548989540412 0.6842997386907654 -0.012086551644580995 -0.013104623188836284 0.9998410794323374 0.6353994230781193
0.99984117096106 0.012124077872152002 0.013062908824857916 128.85272832261683 -0.01229031163837315 0.9998435447795083 0.012721407256235853 0.666886041874229 -0.012906629732359499 -0.012879933947708538 0.9998337492855772 0.6345366024110692
0.9998168931639748 0.012977410504461077 0.014062964144709969 130.22474271383606 -0.013153945116133353 0.999834919848472 0.012534224327069627 0.6579264275504435 -0.013897980854010642 -0.012716912683440733 0.9998225473852763 0.6397518083463573
0.99980242244402 0.013358318380886563 0.014719762399721403 131.55213449542424 -0.013512931115167208 0.9998540379040194 0.010454835230855814 0.6396464757733492 -0.014577954854715724 -0.010651676725401791 0.9998369992229691 0.63297868926018
0.9997991169855067 0.01340290353561454 0.014902612248055537 132.90129656985746 -0.013548703485907813 0.9998609093290094 0.00972597705207373 0.6296336980923393 -0.014770183101499896 -0.009925934342998979 0.9998416462213237 0.6417086237353893
0.9997895183505583 0.013285937324936175 0.01563338945195818 134.2250464877803 -0.013397051426350668 0.9998855822070111 0.007024351046623073 0.6178249011557675 -0.015538275626286365 -0.007232313872084575 0.9998531170260047 0.6234644684103985
0.999793367723985 0.012739234814302199 0.015840888594990013 135.561392010253 -0.01283475575010339 0.9998999696057081 0.005943048656984778 0.5983128569459923 -0.015763594132303767 -0.0061451345672956115 0.9998568629664858 0.6398981882298256
0.9998137327224891 0.011572676261087092 0.015445809259438904 136.90310107204866 -0.011664920375186318 0.9999145830688098 0.0058954388275120825 0.5903758911228394 -0.015376263920844372 -0.006074514835313621 0.9998633260487916 0.6384284175677933
0.9998064952222174 0.010574885579024782 0.01658746232720748 138.24618056466875 -0.010647850566611562 0.9999339926415353 0.0043166698123992715 0.5780718699144786 -0.016540719143287072 -0.004492455336305866 0.9998531004378964 0.6379426331032174
0.9998114755424686 0.00935473715708348 0.017014766125741508 139.5902080293525 -0.009413849420236028 0.999949917288757 0.003397403906107973 0.5503076829131969 -0.016982132159564674 -0.0035569378586078225 0.9998494663600043 0.6404977923085979
0.9998169883292538 0.00823471255401323 0.01726787066703886 140.9426825377197 -0.008268781709339963 0.999964003204662 0.001902509907967533 0.5594626064027898 -0.01725158245680926 -0.0020449459795815234 0.9998490891622979 0.6375640466142879
0.999833549966283 0.006983865578880453 0.01685520641808571 142.2682974429153 -0.007004181537432268 0.9999748130687652 0.0011465901966114436 0.5530236582096998 -0.016846774255353508 -0.0012644562722377239 0.9998572834897613 0.625506329539955
0.9998466150045825 0.006001701607228982 0.01645375463826135 143.62036782435746 -0.006022574747104742 0.9999811207268959 0.0012193371957091948 0.5475999420924796 -0.016446125905326705 -0.0013182441348584687 0.9998638843238149 0.617235436973744
0.9998834987711339 0.005465542094389982 0.014251902848750452 144.96853279074335 -0.005450605100900723 0.9999845548714859 -0.0010867025860260612 0.5441571879004079 -0.014257622145007387 0.0010088944894744364 0.9998978459536151 0.6195132913254673
0.999904489437943 0.004157509516748594 0.013180558275915142 146.27939208222455 -0.004104638838391421 0.9999834320726737 -0.004035779994337408 0.5481681911906554 -0.013197118695117468 0.003981293103310808 0.9999049881680623 0.6306102658292518
0.9998621980858703 0.003399529026244239 0.01624893969746077 147.67450592155498 -0.0031750210285733304 0.9998994215694427 -0.013822662064962543 0.5442958271686353 -0.016294295945517585 0.013769166550440165 0.9997724270913587 0.616165382122821
0.9998379797341514 0.0019303607753918396 0.0178965915304368 148.98354918960553 -0.0015685580652524912 0.9997945603549768 -0.020208332692096116 0.5267073560049375 -0.017931924233790555 0.02017698668967539 0.9996356012574773 0.624881642566964
0.9998885407027331 0.0011031270234693792 0.01488923376568138 150.27995535971087 -0.0007660114111984083 0.9997436535325461 -0.022628310761398256 0.49804592057695085 -0.014910378864298812 0.02261438330281394 0.9996330678153642 0.623526584082107
0.9999288571421255 0.0009661932553144501 0.011888949702822603 151.68288752576066 -0.0007097193305293626 0.9997673516562029 -0.02155780278261789 0.5133961269482462 -0.011907012762012718 0.021547831281494654 0.9996969110756266 0.6275247807380936
0.9999520697437837 0.0020721439734153095 0.009568930686148598 152.9929779364704 -0.0018933456543803165 0.9998241558860602 -0.018656702521084617 0.5223836616178616 -0.009605907419703609 0.018637691007220947 0.9997801573428847 0.6216895307308001
0.9999468417948016 0.002957677483948039 0.009877536560431532 154.36732544078393 -0.0027716088453828462 0.999819452704085 -0.018798408946298684 0.5259355026373804 -0.009931352828789758 0.01877003298891703 0.9997745016215333 0.6292155221103481
0.9999147622694498 0.0033173253963722036 0.012627887703189988 155.69144220582763 -0.0030397884675076622 0.9997547952241316 -0.021934199607634673 0.5246510136588873 -0.01269755416222354 0.021893943878829543 0.9996796623617629 0.6194846628467084
0.9998722147723097 0.003962353064281496 0.015487216809687543 157.0253814877179 -0.003488507868333481 0.9995285552777695 -0.030504057061110586 0.5251333923303675 -0.015600783287029685 0.030446131815534374 0.9994146529935922 0.6056787355361752
0.9998517122869144 0.00405363896487681 0.016736829092385646 158.3814881504913 -0.0035088705540923314 0.9994671644380677 -0.032451117662773504 0.5076028529973443 -0.016859456229662863 0.03238757819397707 0.9993331794323498 0.6116813835816793
0.9998468665429062 0.0037559226104043487 0.017092001336201038 159.71382551396366 -0.0031810794495272104 0.9994324452227595 -0.03353607266201258 0.49243019844447994 -0.01720825958276549 0.033476566153066614 0.9992913465655207 0.6224872310383986
0.9998372743432956 0.00494162233229999 0.0173495015056485 161.07861137837614 -0.004373550526817138 0.9994579482615937 -0.03262946080637425 0.5005564959211515 -0.01750133965040857 0.03254827223448657 0.9993169232455692 0.6046705490105497
0.9998362112066286 0.006026526105324941 0.01706551326728504 162.41679422489915 -0.005501218154665451 0.9995146333923859 -0.030663239119495023 0.49785437620501916 -0.01724202304803076 0.03056433571315411 0.9993840773314456 0.5895484708772082
0.9998559825145626 0.007071100279453175 0.01542769492427938 163.7672388077616 -0.006637879816408854 0.9995871862261165 -0.027953455673637547 0.5108195744414854 -0.015618987847540905 0.027847022702490558 0.9994901653069055 0.580398917863467
0.9998593655920139 0.007642782510535152 0.014927722982159703 165.11589309070447 -0.007243442453905606 0.9996192518021432 -0.026624874984505675 0.5078364622529167 -0.015125527407412903 0.02651300250858541 0.9995340309957572 0.5679439032743558
0.999837489125684 0.007979062347728475 0.016165701435410462 166.46490314521864 -0.0075599747015260635 0.9996379750305742 -0.025821805887378254 0.5100256376460797 -0.016365882846948895 0.02569539726924295 0.9995358444987432 0.5601936136255575
0.9998404232116165 0.007580780522101977 0.01617590426193837 167.79328616326202 -0.007181863080971096 0.9996721078280828 -0.024578398508528915 0.4960441205337946 -0.016356923754235118 0.024458303237011175 0.9995670274914357 0.5527678931920503
0.9998752443779686 0.007271313946133956 0.014022256366020166 169.1823549727036 -0.006967186151091183 0.9997420451458285 -0.02161715718525865 0.4994680042789307 -0.014175824393441056 0.021516764653007066 0.9996679823029412 0.5605683643535063
0.9999138986085416 0.00642105138966888 0.011444014528062171 170.59314993184125 -0.00620839944495005 0.9998091851650013 -0.01852158297847108 0.4948730347711633 -0.011560758876441053 0.0184489392309606 0.9997629646548492 0.5545400033594806
0.9999327166183184 0.006148148054379771 0.009836793777001142 171.94744963851574 -0.0060170405461308805 0.999893409523488 -0.013302812280126957 0.5005351832937753 -0.009917532927902945 0.013242728834930731 0.999863126969701 0.5522671240829288
0.9999164431672124 0.006641590088271883 0.011090354589919369 173.28800985900625 -0.00652674677761477 0.9999250381059025 -0.010359524381470192 0.5100911538946874 -0.01115832695038428 0.01028627483634133 0.9998848355134003 0.5523865191239871
0.9998841722253009 0.007240557075434746 0.013387175451233062 174.68033457403882 -0.007172227674079074 0.9999610428980309 -0.00514507885979424 0.5180118308199377 -0.013423907162815886 0.005048467046510173 0.9998971505594785 0.5720034617344981
0.9998445610173686 0.007278706057453618 0.016058463255076524 176.06493922996347 -0.007233858706129088 0.9999697765694258 -0.0028490763261950353 0.5160903209415305 -0.01607871550234083 0.002732468814444663 0.9998669954158766 0.5713077262048654
0.9998312297589516 0.006320873478532 0.017249885714723582 177.4744883293167 -0.0062092409849479205 0.999959483619511 -0.00651739562952575 0.506833334138492 -0.017290382444974342 0.006409186989728817 0.9998299680430855 0.5583450065716442
0.9998390305208881 0.005023334264979269 0.017224376909285233 178.86443498967938 -0.004876839400312927 0.9999516705308894 -0.008536570736957622 0.5063929430189281 -0.01726642651258183 0.008451196089655649 0.9998152068258113 0.5506113159080813
0.9999053418718682 0.002897756388295276 0.013450290108999457 180.2033658632711 -0.0027415883690044334 0.9999287886009106 -0.011614707070355607 0.5028070252234527 -0.013482988886633941 0.01157673248500296 0.999842081668727 0.534675354106661
0.9999538338432914 0.0011487195677769785 0.009539948923227404 181.619877772031 -0.0010669715393173426 0.9999627102558556 -0.008569694831079864 0.5124990204112193 -0.009549437357115248 0.008559120347217723 0.9999177714717568 0.5478474174932801
0.999961248671235 0.00042111408779837674 0.008793396317104582 183.01314006224766 -0.00037993250823374565 0.9999889560343765 -0.004684384758654911 0.5290447987253021 -0.00879527186355248 0.004680862335402415 0.9999503651285114 0.5486356676129233
0.9999503180996497 3.5927448024104866e-05 0.009967950723578797 184.33904078750538 -1.3684863376864712e-05 0.9999975101758544 -0.002231469205763208 0.5472679347334312 -0.009968006076128313 0.002231221932088693 0.9999478288908656 0.5409145544538112
0.9999175161946363 0.0006223945588860467 0.012828617702703372 185.79049988424094 -0.0006374889354643536 0.9999991093528225 0.0011725619039859587 0.5534678472367535 -0.012827876480782228 -0.001180643288460869 0.9999170223905677 0.5465409922381835
0.9998804225416957 0.0009626229539604747 0.015434182028486714 187.1550585406065 -0.0010124108709830442 0.9999943086629435 0.0032183327904172225 0.5591481251154473 -0.015430996146337063 -0.0032335736840325385 0.9998757064551382 0.5556843641507918
0.999870640809536 0.0012546881382183362 0.016035192696181037 188.60864394021232 -0.0012729752442824478 0.9999985509998448 0.0011302797168539175 0.5688001117454342 -0.016033751312630726 -0.0011505459081242845 0.9998707891837616 0.540260857214162
0.9998602552743758 0.0010564844886302466 0.016683937280670212 190.02961391153767 -0.001061620653416946 0.9999993917809294 0.00029899725645480364 0.5628658960147315 -0.016683611247217796 -0.0003166674855627105 0.9998607687260539 0.5357963181819427
0.9998461751019904 0.0014853818083437303 0.017476263181917195 191.38196171009847 -0.0014316731179485217 0.9999942154582097 -0.0030853463667912294 0.5757713431831192 -0.017480745007108153 0.0030598514675012887 0.9998425180312114 0.5324281334993771
0.9998401951984799 0.0016777429816799444 0.017798012359620946 192.83600226927175 -0.0016032052741931893 0.9999898888459593 -0.004201421032795474 0.5768600446670741 -0.017804881305827212 0.004172215758256125 0.999832775426647 0.5336759131364431
0.9998259104922875 0.001980878611074899 0.01855329696297799 194.19582098345987 -0.0018484477027942072 0.9999727135865967 -0.007152294970722066 0.5663949408152977 -0.018566958538174666 0.007116755032061124 0.9998022903796807 0.5204404746349139
0.9997942418230104 0.0025121886322988013 0.020128659315205126 195.64668413785267 -0.002268994876120268 0.999924269895636 -0.012095707334895399 0.5704363837855205 -0.02015752166820082 0.0120475467193554 0.9997242274438691 0.5084459811500884
0.9997789879301962 0.0028279503273882702 0.02083213839764259 197.0595319396005 -0.002501007773625866 0.9998735643292666 -0.015703512842811393 0.5587732577372383 -0.020873913226536447 0.01564794083686106 0.9996596529290243 0.5066526458143966
0.9998450848526819 0.0029194973738783715 0.01735750071344583 198.47618164870056 -0.002681337936828647 0.9999021671456435 -0.013728312507874874 0.5612771014103031 -0.01739588235192107 0.013679644459168794 0.9997550953131816 0.5039409020563778
0.9999199277338696 0.0030406771277511186 0.01228382689952746 199.9178788532382 -0.0029475892520257965 0.9999668581325644 -0.00758909441825954 0.5789822889792723 -0.0123064957763827 0.0075522790661288015 0.9998957511873992 0.4982340783624458
0.9999268363374195 0.004177461302056074 0.011352127083023822 201.363783462839 -0.004207818869082734 0.9999876315446246 0.0026516067086171146 0.5842497876570377 -0.01134090969033306 -0.002699180401902762 0.9999320467874573 0.48349313720765336
0.999872227443602 0.005311304128238353 0.015077096385816382 202.7936166715106 -0.005443645553047084 0.9999468987750745 0.008750220180297067 0.6013629759702597 -0.015029820692963368 -0.008831176510989098 0.9998480458606543 0.4707369982531602
0.9998313029655216 0.006222190061758381 0.017281491865661486 204.2140144229201 -0.0064082753303129555 0.9999218602383455 0.010733472167827947 0.5975996074204071 -0.01721335579015525 -0.010842406020897298 0.9997930498928864 0.4660525716373696
0.9998277281593864 0.005730136307969692 0.017654448208099475 205.70686483975507 -0.005922772644434448 0.9999232855237751 0.010878595108807508 0.5940545065423096 -0.017590758023539467 -0.01098128431610434 0.9997849651934791 0.461808365161139
0.9998257876501417 0.004561464233539409 0.018099375509107483 207.13709095564033 -0.004682269926923969 0.9999670072724575 0.006637824560528003 0.587637227929952 -0.018068500162021266 -0.006721414331155765 0.9998141586771433 0.4577213594556615
0.9998347906084852 0.0035655382006010263 0.017823535738640383 208.568751769387 -0.003644720251155166 0.9999836247893515 0.0044120479870798915 0.5820559972832215 -0.017807512548847344 -0.0044762808769704225 0.9998314134924613 0.448899160652724
0.9998460858456903 0.002978170566628163 0.017289740285167738 210.05693547464446 -0.0030647997335237036 0.9999828727335878 0.004986104900089111 0.5838489975208414 -0.01727459468832411 -0.00503832705938879 0.9998380887117657 0.4403744635848589
0.9998454890214935 0.002819622814291835 0.017350729395490497 211.51850578276998 -0.0029217905263034367 0.9999785272304605 0.005865851866476756 0.5909509761210425 -0.01733381733752887 -0.005915640724737292 0.9998322579169593 0.4361037535108272
0.9998344180966179 0.0026119078010814006 0.01800872918993039 212.9534435407921 -0.0027420257666955243 0.9999702887362054 0.0072043694744869475 0.5933939435652448 -0.017989376978994533 -0.007252556960740925 0.9998118736709616 0.4202341137372073
0.9998341421997575 0.0022327953119873826 0.018074919550856376 214.39874698075064 -0.0023575808871975027 0.9999735159472217 0.006885435099669084 0.6053176620028331 -0.018059067086521493 -0.0069269061814204716 0.9998129265351186 0.42190479847749035
0.9998440619903648 0.001992671240177514 0.01754653709243289 215.87160929160072 -0.0021231928806000507 0.9999701942703031 0.007423114104218098 0.605064828639163 -0.01753122227910316 -0.007459211241213229 0.9998184917339045 0.41998078608389605
0.9998510053989158 0.0016120577967191152 0.017186281518619177 217.33643430014465 -0.0017334420891999766 0.9999736438498121 0.007050303841142672 0.6102117632710686 -0.01717446305712595 -0.007079044807675552 0.999827447584487 0.40960024332196204
0.9998515621241507 0.0010382243530196555 0.017198133854821475 218.8015467533305 -0.0011515850030546762 0.9999776696584942 0.00658285928365018 0.6056919335824231 -0.017190915329798443 -0.006601687251028839 0.999830430700908 0.40551908242440987
0.9998570336819834 0.0008687895655804088 0.016886604198472936 220.28822399302973 -0.001014757807936663 0.9999621822492889 0.008637380264362228 0.6152744311165456 -0.016878461519237373 -0.008653281223368458 0.9998201029489319 0.4022965014975256
0.9998580984902331 0.0008660595089945906 0.01682357941765994 221.78285541330985 -0.0009767975641235235 0.999977905990762 0.006575210783652943 0.6258829342599243 -0.016817513193518045 -0.006590710982710715 0.9998368535809871 0.3866042871189172
0.9998610905702053 0.0002913619462505216 0.016664773385075934 223.2637665367265 -0.0004348347501769903 0.9999628699606131 0.008606370830595797 0.6249135355797877 -0.01666164705242842 -0.008612421747102774 0.9998240923828302 0.3860463124905493
0.9998598673083576 -7.523465895812491e-07 0.016740541972926667 224.7463253992723 -0.00012748647272159275 0.9999706589595739 0.00765930591860973 0.6334237596704118 -0.016740056550460573 -0.007660366792102819 0.9998305302836565 0.3723151605173868
